#Insight Transform File V1.0
#Transform 0
Transform: MatrixOffsetTransformBase_double_3_3
Parameters: 0.9999998285434765 -0.0009822104655532508 -0.00045475850820473566 0.0009800449445289158 0.9999890887465309 -0.004600498630775135 0.000459220676445035 0.004600503687054974 0.9999894103493764 0.0774682232941899 -0.9443709457095508 -0.2235845875794098
FixedParameters: 0 0 0
#Transform 1
Transform: MatrixOffsetTransformBase_double_3_3
Parameters: 0.9999985217464457 -0.0018171905782572231 0.00041957811703429224 0.0018185684605391374 0.9999922418951039 -0.0035146748509738146 -0.0004136244045997492 0.003515325314320833 0.9999935693029173 0.1345732921835605 -0.8454649531886389 -0.4730601139123678
FixedParameters: 0 0 0
#Transform 2
Transform: MatrixOffsetTransformBase_double_3_3
Parameters: 0.999999459583229 -0.0010701727964765257 -0.0006291637749501421 0.0010674924356339393 0.9999920822872287 -0.003740720760834315 0.0006325945006249899 0.0037402739457264855 0.9999923945269096 0.08481334133377061 -0.9370383810168192 -0.14426236706003692
FixedParameters: 0 0 0
#Transform 3
Transform: MatrixOffsetTransformBase_double_3_3
Parameters: 0.9999981306005342 -0.0019121812026801901 -0.00046049613812400395 0.0019117314800557283 0.9999959901345359 -0.0018771482562504882 0.0004643031943792937 0.0018758498065959417 0.9999980979523815 0.10870473439810269 -0.749929869765495 -0.26733612706408394
FixedParameters: 0 0 0
#Transform 4
Transform: MatrixOffsetTransformBase_double_3_3
Parameters: 0.9999983398980657 -0.0016493204301260278 -0.0009699327621206218 0.001644797382230976 0.9999893180221793 -0.004146647825225197 0.0009766299684078892 0.004144343496947173 0.9999906513930782 0.08083317613613872 -1.0517107149120903 -0.30463107026866965
FixedParameters: 0 0 0
#Transform 5
Transform: MatrixOffsetTransformBase_double_3_3
Parameters: 0.999997743060509 -0.0016962466623142078 -0.0011747086008921973 0.0016949137243515511 0.9999980978344162 -0.001209092274096324 0.001176411744518949 0.0012069094095547295 0.9999987266919815 0.05953806738838807 -0.7237712177091993 -0.15940203673557107
FixedParameters: 0 0 0
#Transform 6
Transform: MatrixOffsetTransformBase_double_3_3
Parameters: 0.9999978273394445 -0.0019244293768561809 0.000685956739248271 0.0019251867798772014 0.9999968605695421 -0.001752281837377162 -0.0006819141546300773 0.0017527166236687153 0.9999978242495833 0.21861196038177866 -0.8486340987420249 -0.3953036530935492
FixedParameters: 0 0 0
#Transform 7
Transform: MatrixOffsetTransformBase_double_3_3
Parameters: 0.9999978685779578 -0.002261563822842999 0.00012953544221367552 0.0022619184286995888 0.9999931203344383 -0.002807194129030799 -0.00012290814976441349 0.0028078027291252305 0.9999959840885665 0.19824735691784667 -0.9811023234797602 -0.382092426734971
FixedParameters: 0 0 0
#Transform 8
Transform: MatrixOffsetTransformBase_double_3_3
Parameters: 0.9999953208497007 -0.002473762443924739 -0.0015999170358609387 0.0024724921635115226 0.99999626037354 -0.0008689888547609437 0.001601814543782088 0.0008660117882165752 0.9999985553600592 0.08758961735081527 -0.7395526180287391 -0.25519429279978567
FixedParameters: 0 0 0
#Transform 9
Transform: MatrixOffsetTransformBase_double_3_3
Parameters: 0.9999964180698326 -0.0026044772954380633 0.0008930005151593877 0.00260605924187044 0.9999958833547442 -0.0013834935320006791 -0.0008896870794757671 0.0013855077318606912 0.9999987010237972 0.24409323827534024 -0.8868748050404918 -0.3700136008198456
FixedParameters: 0 0 0
#Transform 10
Transform: MatrixOffsetTransformBase_double_3_3
Parameters: 0.9999932940716858 -0.0031918660127606135 -0.0015857516312585578 0.0031918683705446814 0.9999947631883652 -0.0005465757225313894 0.0015878061725387047 0.0005414250174207713 0.9999989390089928 0.1172900422109251 -0.8116860571719684 -0.2505728506311016
FixedParameters: 0 0 0
#Transform 11
Transform: MatrixOffsetTransformBase_double_3_3
Parameters: 0.9999959779640261 -0.0029993405980446117 -0.0001585142226269169 0.0029992990679827184 0.9999930332102641 -0.00205144556189224 0.00016452350302379186 0.00205055196815207 0.9999975315291058 0.22012893035760328 -0.8477602855558928 -0.6681064825785086
FixedParameters: 0 0 0
#Transform 12
Transform: MatrixOffsetTransformBase_double_3_3
Parameters: 0.9999939837998232 -0.0033832472372093583 -0.0012524492975612975 0.003381860948215384 0.9999928931577496 -0.0013669705920132669 0.0012571184863682148 0.0013630286281076098 0.9999983641792932 0.1564297761239004 -0.9807645992488006 -0.30598860320327503
FixedParameters: 0 0 0
#Transform 13
Transform: MatrixOffsetTransformBase_double_3_3
Parameters: 0.9999951798646298 -0.0031311213160683956 0.00012414496744240795 0.0031315552593947325 0.9999941588526998 -0.0014167476123630174 -0.00011939597732140134 0.0014162516107998624 0.9999990080570467 0.24614729615205988 -0.9278558868350189 -0.4163580240049498
FixedParameters: 0 0 0
#Transform 14
Transform: MatrixOffsetTransformBase_double_3_3
Parameters: 0.9999947145334913 -0.003299849751834132 -0.0006287164277946136 0.003299051735639118 0.9999931904060204 -0.001896146833078871 0.0006347058805064244 0.0018938571909425383 0.9999983420433252 0.2103933484903706 -1.0104749870402685 -0.4962458995886152
FixedParameters: 0 0 0
#Transform 15
Transform: MatrixOffsetTransformBase_double_3_3
Parameters: 0.9999915239307902 -0.003798804029819969 -0.001429283397587266 0.003799350071625353 0.999992919117217 0.00011057893429480825 0.001429396179207716 -0.00011642275375031708 0.9999995790491928 0.13554042332472704 -0.8029624944402229 -0.2855707142941526
FixedParameters: 0 0 0
#Transform 16
Transform: MatrixOffsetTransformBase_double_3_3
Parameters: 0.9999908086153719 -0.003978253363670241 -0.0015370173944931117 0.003978645586136623 0.9999919659205936 0.00005279534431007482 0.0015375509596480272 -0.000058207174144370155 0.9999988365343633 0.11388772134102965 -0.7135855909036053 -0.3355698156574931
FixedParameters: 0 0 0
#Transform 17
Transform: MatrixOffsetTransformBase_double_3_3
Parameters: 0.9999925735054708 -0.0037765149902967312 -0.000406939828839737 0.003775954806166421 0.9999921865179271 -0.0004158159776516124 0.0004090989959934946 0.00041418130734049985 1.000000042537774 0.21737099949667993 -0.8193091295309074 -0.456575173862916
FixedParameters: 0 0 0
#Transform 18
Transform: MatrixOffsetTransformBase_double_3_3
Parameters: 0.9999937718538343 -0.0034542757256089953 0.0005439216904355019 0.003454221318526387 0.999993925403656 0.0002545349974309441 -0.0005446978160170667 -0.0002524653013812883 0.9999997179252288 0.25286053049138957 -0.7665192292988365 -0.36376147979353846
FixedParameters: 0 0 0
#Transform 19
Transform: MatrixOffsetTransformBase_double_3_3
Parameters: 0.9999941205328902 -0.0034170249380142946 0.0004513216491149335 0.0034170842154256204 0.9999941482151518 -0.0003108049730564666 -0.0004501679333168517 0.00031219473552507315 0.999999778252762 0.23647494081266984 -0.7148202270784338 -0.5112176168744327
FixedParameters: 0 0 0
#Transform 20
Transform: MatrixOffsetTransformBase_double_3_3
Parameters: 0.99999120186318 -0.004029327581492207 -0.0012489614728267869 0.004030803750341502 0.9999917287595648 0.0007134988545052512 0.0012463374225176037 -0.0007185008824793782 0.9999984477873789 0.1686083758954311 -0.7494243646217313 -0.2850836732593507
FixedParameters: 0 0 0
#Transform 21
Transform: MatrixOffsetTransformBase_double_3_3
Parameters: 0.9999902386798746 -0.00433004014469314 0.0001169957081843052 0.004329549337586873 0.9999899313808838 0.0007596381062369706 -0.00012042566141503209 -0.0007593612981803 1.000000153613616 0.25140182862313054 -0.6871186035803021 -0.4122029738595927
FixedParameters: 0 0 0
#Transform 22
Transform: MatrixOffsetTransformBase_double_3_3
Parameters: 0.9999918339508103 -0.0040153634601617595 0.00021187547995530373 0.004015018675841509 0.999991604357794 -0.0007598152699165583 -0.0002086937572993653 0.0007611848367448104 1.0000000728678735 0.28133606915336884 -0.9329590946502577 -0.4290620095846407
FixedParameters: 0 0 0
#Transform 23
Transform: MatrixOffsetTransformBase_double_3_3
Parameters: 0.9999937547618828 -0.0034838554156406652 0.00032717548514572483 0.0034839583815968007 0.9999935150428643 0.0005187975010013945 -0.00032883797583562954 -0.0005182026839553322 0.9999997020329668 0.2790906675625564 -0.7868403632228222 -0.3707899332191289
FixedParameters: 0 0 0
#Transform 24
Transform: MatrixOffsetTransformBase_double_3_3
Parameters: 0.9999922895174714 -0.00381169109445037 -0.0004301852992750294 0.003810946058607726 0.9999929716378287 0.0002668701121626704 0.00042836401226450417 -0.00026912751557775505 1.000000174231979 0.23152352294316358 -0.7206450522887309 -0.5692260475526609
FixedParameters: 0 0 0
#Transform 25
Transform: MatrixOffsetTransformBase_double_3_3
Parameters: 0.999991271430806 -0.0040913710932047685 -0.0009945724337181937 0.004090997868940158 0.9999914938624896 -0.00018949429294395914 0.000996106662448416 0.00018550242059872657 0.9999997072561677 0.2043593434869564 -0.8976327073255561 -0.2833666210773913
FixedParameters: 0 0 0
#Transform 26
Transform: MatrixOffsetTransformBase_double_3_3
Parameters: 0.9999909250508358 -0.004131995309792238 -0.001001716928229401 0.0041324214591195434 0.9999916258760699 0.0008541794768739119 0.000998011135419436 -0.0008578206494238572 0.9999988336962566 0.211761916839194 -0.6979563068758949 -0.325822772037867
FixedParameters: 0 0 0
#Transform 27
Transform: MatrixOffsetTransformBase_double_3_3
Parameters: 0.9999904642762096 -0.004301220261189244 -0.00018341276540966098 0.004301769739038018 0.9999898586155115 0.0011512472292979914 0.0001786037077554781 -0.0011517519613213067 0.9999989537441141 0.28359406586397995 -0.7215598543672854 -0.4611798829117788
FixedParameters: 0 0 0
#Transform 28
Transform: MatrixOffsetTransformBase_double_3_3
Parameters: 0.9999898489977671 -0.004373352123881895 -0.0014220887518047003 0.004374047184145514 0.999990541903006 0.0001632595458551378 0.0014216074856585837 -0.00016974101468461567 0.9999992516498195 0.18979917783782696 -0.8239345956277475 -0.33683413299897325
FixedParameters: 0 0 0
#Transform 29
Transform: MatrixOffsetTransformBase_double_3_3
Parameters: 0.9999903572050199 -0.004141489001556828 -0.001221473499852872 0.004142570951339761 0.9999913835745465 0.0009684768216789708 0.0012167982195234737 -0.0009735220250577381 0.9999990879405358 0.169284968097827 -0.6203351902363323 -0.3441095179824174
FixedParameters: 0 0 0
#Transform 30
Transform: MatrixOffsetTransformBase_double_3_3
Parameters: 0.9999918683436892 -0.0040160778692738455 0.000022989223206617746 0.004016628911675784 0.9999921605728045 -0.0004238356551981015 -0.000021755147511926 0.0004241660076385323 0.9999993482171535 0.28477158203416764 -0.8373513947752542 -0.49639907730653476
FixedParameters: 0 0 0
#Transform 31
Transform: MatrixOffsetTransformBase_double_3_3
Parameters: 0.9999892849274412 -0.004378506829565993 -0.0012431607923512875 0.004378574432616325 0.9999903689252069 0.00032782195644662226 0.0012414632974156944 -0.0003331770647415633 0.9999986975410229 0.21040132128126743 -0.8027796227344624 -0.3255944637306243
FixedParameters: 0 0 0
#Transform 32
Transform: MatrixOffsetTransformBase_double_3_3
Parameters: 0.9999914285330271 -0.0041875312082095715 -0.00019153384073159255 0.004187550395338463 0.9999911790206489 0.000869281303730457 0.00018739452590203344 -0.0008707174419859687 0.999999735706817 0.26552089081506836 -0.7044971590577944 -0.4373537500637781
FixedParameters: 0 0 0
#Transform 33
Transform: MatrixOffsetTransformBase_double_3_3
Parameters: 0.999992172906269 -0.003976717385477597 0.00010225785184171622 0.003977503119749928 0.9999905590515366 -0.001969484866667426 -0.00009386104770513086 0.001969513650173671 0.9999978559591973 0.2915241342823123 -1.032785201517754 -0.484470604680439
FixedParameters: 0 0 0
#Transform 34
Transform: MatrixOffsetTransformBase_double_3_3
Parameters: 0.9999897544856827 -0.004376454611664662 -0.0010450127981969804 0.004376268559830706 0.9999902732776558 -0.00009126309730356219 0.0010457918272417505 0.00008673507751849607 0.9999994653661167 0.22800404989970957 -0.8660732699795801 -0.31834144644315643
FixedParameters: 0 0 0
#Transform 35
Transform: MatrixOffsetTransformBase_double_3_3
Parameters: 0.9999914419843907 -0.004188432792142485 0.00010816010064801471 0.004189266380312186 0.9999917367678083 -0.000372690913594681 -0.0001062318672770188 0.0003733075302643496 0.9999994269584808 0.2944987943623687 -0.89338627167038 -0.5805638698988105
FixedParameters: 0 0 0
#Transform 36
Transform: MatrixOffsetTransformBase_double_3_3
Parameters: 0.99999182131049 -0.004014257397027049 -0.00026038692555365025 0.00401322184543594 0.999992124493659 -0.0007088087356998118 0.00026314900721259636 0.0007081919487351152 0.9999996928679311 0.30172467965164174 -0.9990335047803143 -0.46965677526483773
FixedParameters: 0 0 0
#Transform 37
Transform: MatrixOffsetTransformBase_double_3_3
Parameters: 0.9999903747720377 -0.0042932675863254 0.00044285396578794105 0.004293105425691752 0.9999898005079648 -0.0013251535866087294 -0.0004373192266061441 0.001326847232209577 0.9999990576930003 0.35670224998658284 -0.9748935767421472 -0.5989557697421617
FixedParameters: 0 0 0
#Transform 38
Transform: MatrixOffsetTransformBase_double_3_3
Parameters: 0.9999902316195708 -0.004328593473994285 -0.00017317794474286114 0.0043286971819219665 0.9999897996530333 -0.001466737849633054 0.00017957997846699509 0.0014662633448079831 0.9999991306977939 0.3348630882367303 -1.0578629800227901 -0.4246269807299825
FixedParameters: 0 0 0
#Transform 39
Transform: MatrixOffsetTransformBase_double_3_3
Parameters: 0.9999882047432436 -0.004877836400290947 -0.00005640787157750447 0.0048776100834268 0.9999881450112592 0.0007761125992132301 0.00005197977072537454 -0.0007768850664761628 0.9999998538222019 0.31965928257339726 -0.7235958369942068 -0.4157421086204067
FixedParameters: 0 0 0
#Transform 40
Transform: MatrixOffsetTransformBase_double_3_3
Parameters: 0.9999872727207587 -0.004972468527474446 -0.000053216108664519684 0.004972236840085533 0.9999878067250882 -0.00009588773949473217 0.00005319073790986391 0.00009511485573709955 1.0000004477550428 0.355266883855748 -0.8858339447014743 -0.5007650232718959
FixedParameters: 0 0 0
#Transform 41
Transform: MatrixOffsetTransformBase_double_3_3
Parameters: 0.999983448417584 -0.005534682626602352 -0.0013841482562028857 0.005537077782805997 0.9999838068608402 0.0013615593183553265 0.0013765203765132344 -0.0013694392141190836 0.9999979123461588 0.27321798729953173 -0.7241529166473697 -0.35242081035781325
FixedParameters: 0 0 0
#Transform 42
Transform: MatrixOffsetTransformBase_double_3_3
Parameters: 0.9999887104607298 -0.004823586575374775 0.00015022342712072703 0.004823385479074457 0.9999878678024483 0.0010911646697728816 -0.00015565099312650556 -0.0010908348883656993 0.9999994620821656 0.34843036309112563 -0.6830163206865052 -0.4264855374339902
FixedParameters: 0 0 0
#Transform 43
Transform: MatrixOffsetTransformBase_double_3_3
Parameters: 0.9999862732394306 -0.00516557086168987 -0.00021588377563129513 0.005164774688518217 0.999986216913312 -0.0010140642524902044 0.00022028126735292554 0.0010129391561267131 0.9999990019439946 0.3859951303578697 -0.9427885558911271 -0.5011116965663973
FixedParameters: 0 0 0
#Transform 44
Transform: MatrixOffsetTransformBase_double_3_3
Parameters: 0.9999867625484224 -0.005210707988960926 0.00030020935323903856 0.005210101363723098 0.9999863719979574 -0.0008394527761597381 -0.00029633150134493203 0.0008405512143907501 0.9999999793374443 0.3715051271461789 -0.8608990945653687 -0.7188823624691452
FixedParameters: 0 0 0
#Transform 45
Transform: MatrixOffsetTransformBase_double_3_3
Parameters: 0.9999856163226329 -0.004878647179198957 -0.002139363133363192 0.0048784320518221866 0.999987821826809 -0.00045899442105337696 0.002142374663207381 0.000449002951366545 0.9999973822622165 0.18671705664340266 -0.9996972254937475 -0.27177343793533737
FixedParameters: 0 0 0
#Transform 46
Transform: MatrixOffsetTransformBase_double_3_3
Parameters: 0.9999786104658815 -0.005635236329555644 -0.0032609152297581262 0.005636334431082151 0.9999848117254513 0.0002751145045907233 0.003258910814170854 -0.0002928830693594009 0.9999946374280886 0.1691015440455459 -0.8532794423540366 -0.2642686530240326
FixedParameters: 0 0 0
#Transform 47
Transform: MatrixOffsetTransformBase_double_3_3
Parameters: 0.999980414167586 -0.005507333932376836 -0.0030424938967069616 0.005509530480647611 0.9999841450945798 0.0008488398785203299 0.0030378391765243885 -0.0008651608245348608 0.999994800159789 0.22192255208648248 -0.7857183867779156 -0.41825691538571164
FixedParameters: 0 0 0
#Transform 48
Transform: MatrixOffsetTransformBase_double_3_3
Parameters: 0.9999793992519078 -0.005725405974719854 -0.002796607524372648 0.00572529005317889 0.9999833315663272 0.00010614487670174144 0.0027964988583553028 -0.00012185938240907856 0.9999960416928605 0.22982438424601526 -0.8706464644510561 -0.3434346623156159
FixedParameters: 0 0 0
#Transform 49
Transform: MatrixOffsetTransformBase_double_3_3
Parameters: 0.9999633986350411 -0.008267556106234466 -0.0022902591323790563 0.008270271741514035 0.999965216883889 0.0010502552219129324 0.0022814244397209127 -0.001068743660325444 0.9999969366299547 0.38453796072832347 -0.7391196729309684 -0.3006251037885761
FixedParameters: 0 0 0
#Transform 50
Transform: MatrixOffsetTransformBase_double_3_3
Parameters: 0.9999691683760258 -0.007670287798552242 -0.001412184490455059 0.007672055985438049 0.999969798962415 0.0010315797633307366 0.0014047401254718467 -0.0010424227027067134 0.9999982186397154 0.4319630202235487 -0.7408682948725698 -0.49646073972931504
FixedParameters: 0 0 0
#Transform 51
Transform: MatrixOffsetTransformBase_double_3_3
Parameters: 0.9999671113832994 -0.007576053172872718 -0.002736167672975118 0.0075767891480929515 0.9999713821705444 0.00008377418388375024 0.0027357184886563166 -0.00010422641352991757 0.9999957115405536 0.35318078015113485 -0.8885729941723355 -0.38501886668868224
FixedParameters: 0 0 0
#Transform 52
Transform: MatrixOffsetTransformBase_double_3_3
Parameters: 0.9999687500788648 -0.007761206486739895 -0.0017370831955726281 0.0077624267026493166 0.9999688956549695 0.001023048804393828 0.001728805910503243 -0.001036948568480578 0.9999977325927055 0.4317159467245659 -0.7415688516799861 -0.32337378000104877
FixedParameters: 0 0 0
#Transform 53
Transform: MatrixOffsetTransformBase_double_3_3
Parameters: 0.9999586098394571 -0.008933151941763364 -0.0016058866852184247 0.008933784910198597 0.9999600219453008 -0.00011403999873435544 0.001607568058170854 0.00009895472844789754 0.9999985652100035 0.5387938407691735 -0.9209842423234136 -0.4981513746708117
FixedParameters: 0 0 0
#Transform 54
Transform: MatrixOffsetTransformBase_double_3_3
Parameters: 0.9999594509960513 -0.008567068574930599 -0.0026734659519639216 0.008565695111316024 0.9999627889910776 -0.0006489646022578566 0.0026798231059420494 0.0006260277453511431 0.9999958491810588 0.47725607491447875 -0.9923164268857647 -0.37533950320431586
FixedParameters: 0 0 0
#Transform 55
Transform: MatrixOffsetTransformBase_double_3_3
Parameters: 0.9999570885873171 -0.008869565731813248 -0.0024986787024386756 0.008869898556973305 0.9999608698044188 0.00031311440475007 0.002496299584900409 -0.0003348914578688855 0.9999970088244987 0.5378846778326221 -0.9182273580152724 -0.42108493617740805
FixedParameters: 0 0 0
#Transform 56
Transform: MatrixOffsetTransformBase_double_3_3
Parameters: 0.9999622870279509 -0.00853090672393006 -0.0013907358976771322 0.008529002965134895 0.9999623546341389 -0.0014810254805542045 0.0014030902970817122 0.0014689751096208514 0.9999975810593382 0.5719017913699673 -1.1304842503584922 -0.5315341713568955
FixedParameters: 0 0 0
#Transform 57
Transform: MatrixOffsetTransformBase_double_3_3
Parameters: 0.9999656045835111 -0.007780770172855131 -0.002802335528262434 0.0077845007508664165 0.9999689475722573 0.0012106808068465535 0.0027922312321324695 -0.0012323144221217663 0.9999956728405232 0.40935700636246963 -0.8805695597532832 -0.3106883534741769
FixedParameters: 0 0 0
#Transform 58
Transform: MatrixOffsetTransformBase_double_3_3
Parameters: 0.9999575993302612 -0.009175910737800008 -0.0010958676028459031 0.009174472356593247 0.9999572942685259 -0.0013215658601390678 0.001108413634672784 0.0013114313640658348 0.9999988386454511 0.5826656581000691 -1.109238036722715 -0.5392092408232259
FixedParameters: 0 0 0
#Transform 59
Transform: MatrixOffsetTransformBase_double_3_3
Parameters: 0.9999557288793928 -0.009009455293925028 -0.0028463144030029435 0.009012352860841856 0.9999588164051668 0.0010427767102395014 0.0028361919754694583 -0.001069218641170766 0.9999956821570336 0.5090927795170188 -0.9836352414829719 -0.3837255624046918
FixedParameters: 0 0 0
#Transform 60
Transform: MatrixOffsetTransformBase_double_3_3
Parameters: 0.9999532617407235 -0.009234483686725014 -0.002907952988775207 0.009236760130985398 0.99995698587475 0.0006531889241369604 0.002902157222104884 -0.000679812993846507 0.9999953873993295 0.488004913498159 -0.8705075385509531 -0.35184709765948696
FixedParameters: 0 0 0
#Transform 61
Transform: MatrixOffsetTransformBase_double_3_3
Parameters: 0.999955243396438 -0.009099877755543561 -0.002634102856779461 0.009100668563103261 0.9999582135431624 -0.00004702439554424287 0.0026345184221681322 0.00002297698615699728 0.9999960274035545 0.5131521674594239 -0.9547663361677223 -0.4203750163997597
FixedParameters: 0 0 0
#Transform 62
Transform: MatrixOffsetTransformBase_double_3_3
Parameters: 0.999947266606596 -0.009763526484190394 -0.003067222735468423 0.00976353349754534 0.9999523173718909 0.00010918375529594959 0.0030659980880529277 -0.00013881715827299135 0.9999949184818377 0.5630745031657796 -0.983343679714082 -0.4063668134200782
FixedParameters: 0 0 0
#Transform 63
Transform: MatrixOffsetTransformBase_double_3_3
Parameters: 0.9999527407255457 -0.009313067266030338 -0.0027429115549344792 0.009316028370469886 0.9999555622584181 0.0010543479824990654 0.002732917997900298 -0.0010796508268328397 0.9999959014363804 0.5197533565371231 -0.8053576472621984 -0.33329171960036774
FixedParameters: 0 0 0
#Transform 64
Transform: MatrixOffsetTransformBase_double_3_3
Parameters: 0.9999552075019338 -0.009384871977159464 -0.0013108670621727356 0.009383278384984548 0.9999558280008801 -0.0009661617544650114 0.001319444002890736 0.0009538422141153469 0.9999985362555526 0.6291210645471068 -1.027927203925401 -0.5344170712824337
FixedParameters: 0 0 0
#Transform 65
Transform: MatrixOffsetTransformBase_double_3_3
Parameters: 0.9999532449318805 -0.009221646475211188 -0.002952735840490566 0.00921927314080301 0.9999572590415522 -0.0006852354034331543 0.0029586037478527274 0.0006577659926889634 0.999995084043763 0.5238598216888732 -1.0601570635036524 -0.374325502479536
FixedParameters: 0 0 0
#Transform 66
Transform: MatrixOffsetTransformBase_double_3_3
Parameters: 0.999956037311965 -0.009247837679397472 -0.0015598641860555646 0.009248212152726821 0.9999575840721314 -0.00012886659140071144 0.0015609148948650166 0.00011413496476236906 0.9999984237147894 0.5596078351589853 -0.9613059818343999 -0.6174337854471048
FixedParameters: 0 0 0
#Transform 67
Transform: MatrixOffsetTransformBase_double_3_3
Parameters: 0.9999493761383593 -0.00912615478451745 -0.004162801291289108 0.009125533977398199 0.9999583290902558 -0.0003651709332707087 0.0041655265448237375 0.00032683682101933287 0.9999918076076377 0.4062237739959613 -1.0764594244877372 -0.3700935265904093
FixedParameters: 0 0 0
#Transform 68
Transform: MatrixOffsetTransformBase_double_3_3
Parameters: 0.9999551711804238 -0.009020425192905966 -0.0027310982931685462 0.0090225324798854 0.9999590242573317 0.0008045600683144194 0.0027240691615775547 -0.000829443209893449 0.9999958119124313 0.4744738396041015 -0.9359407211742905 -0.40714439535864244
FixedParameters: 0 0 0
#Transform 69
Transform: MatrixOffsetTransformBase_double_3_3
Parameters: 0.9999562435615819 -0.009153527671509934 -0.0019914396199898696 0.009152255358264322 0.9999576768739962 -0.0007279758744936915 0.001998086300705269 0.0007100232800466566 0.9999975327434869 0.5755445090692319 -1.0881235448888305 -0.5597411116039268
FixedParameters: 0 0 0
#Transform 70
Transform: MatrixOffsetTransformBase_double_3_3
Parameters: 0.9999515636334497 -0.009324295820828318 -0.003239551291772714 0.009324954133060745 0.9999564768794232 0.0002031047069266656 0.0032366824629477286 -0.00023288775333088485 0.9999949917054263 0.49900308063924115 -1.0458468978782491 -0.44294005405143366
FixedParameters: 0 0 0
#Transform 71
Transform: MatrixOffsetTransformBase_double_3_3
Parameters: 0.999954580338738 -0.008977431665148503 -0.003135499691763682 0.008979968289758727 0.9999591409433529 0.0010425568049755307 0.0031256578261039517 -0.0010704417259022603 0.9999942069614436 0.4700849004946406 -0.8524165878009882 -0.35561332081471164
FixedParameters: 0 0 0
#Transform 72
Transform: MatrixOffsetTransformBase_double_3_3
Parameters: 0.9999597883755381 -0.008699871480316321 -0.0023500759788593994 0.00870427842612998 0.9999608901871103 0.0018869846076096375 0.002333459313235506 -0.0019070175494647623 0.9999957008140028 0.513107888649742 -0.8007201610601271 -0.5276907217131281
FixedParameters: 0 0 0
#Transform 73
Transform: MatrixOffsetTransformBase_double_3_3
Parameters: 0.9999559827176462 -0.00878857803541894 -0.003283659840787367 0.00879253511250301 0.9999604604394046 0.001407338081256454 0.0032711580248707857 -0.0014366641248235446 0.9999934780162333 0.49446753587371006 -0.9106505113058319 -0.3910215088685618
FixedParameters: 0 0 0
#Transform 74
Transform: MatrixOffsetTransformBase_double_3_3
Parameters: 0.9999567764157216 -0.008652452643304909 -0.0033698403178873014 0.008659160896761987 0.9999610644129554 0.0019392676807547526 0.003352855463176998 -0.001968731507120791 0.9999920756008339 0.43050682571679033 -0.7541137405700908 -0.374345883997961
FixedParameters: 0 0 0
#Transform 75
Transform: MatrixOffsetTransformBase_double_3_3
Parameters: 0.999952203564129 -0.009225077180064952 -0.003269009904021816 0.009228962687232235 0.9999570447746055 0.0010212318801746945 0.0032597659831042985 -0.0010517694918898146 0.9999940100716792 0.4960215753680757 -0.9030019978450525 -0.5350219213680987
FixedParameters: 0 0 0
#Transform 76
Transform: MatrixOffsetTransformBase_double_3_3
Parameters: 0.9999471077017049 -0.009479748490104179 -0.004125648574647271 0.009484380922606324 0.9999540630771857 0.0011019689401876864 0.004115682112914625 -0.0011410357693428796 0.999990529026663 0.43877192200976367 -0.9232552906890135 -0.3525945611851
FixedParameters: 0 0 0
#Transform 77
Transform: MatrixOffsetTransformBase_double_3_3
Parameters: 0.9999525937441096 -0.009342450740671752 -0.0028496196639532616 0.009348476768033673 0.9999540320655065 0.0020622613052021788 0.002830593915599406 -0.002088741746016809 0.9999939460569481 0.52314505884911 -0.7927571882555924 -0.4786053070076548
FixedParameters: 0 0 0
#Transform 78
Transform: MatrixOffsetTransformBase_double_3_3
Parameters: 0.999954843318767 -0.008647480932983294 -0.00404671973822754 0.008657070931439602 0.9999594138985927 0.0023675383973543185 0.004026101820249394 -0.0024024606379496327 0.9999890526969509 0.4700317189404899 -0.9583849967427511 -0.3975099423065842
FixedParameters: 0 0 0
#Transform 79
Transform: MatrixOffsetTransformBase_double_3_3
Parameters: 0.9999564303249971 -0.008555253115751935 -0.0037922956836418846 0.0085604677725925 0.9999619174292134 0.001509948095061664 0.003778897153677059 -0.0015420507861635402 0.9999918554409375 0.43659828383725596 -0.8323988119903589 -0.4152370769343463
FixedParameters: 0 0 0
#Transform 80
Transform: MatrixOffsetTransformBase_double_3_3
Parameters: 0.9999569436350442 -0.008676439135022857 -0.0034316152921571533 0.008677593230125128 0.999962563529824 0.0004507724791325274 0.003428102099516905 -0.00048023384085041365 0.9999939467122498 0.5094669934484983 -1.032539574295086 -0.5558927114341827
FixedParameters: 0 0 0
#Transform 81
Transform: MatrixOffsetTransformBase_double_3_3
Parameters: 0.9999536636191917 -0.008626012941665213 -0.004234745565235835 0.008631431486771682 0.9999617679379389 0.0013981431861766758 0.0042220453176408 -0.0014348546144491714 0.9999898826452451 0.41500261645379055 -0.875044839910899 -0.3269200077837695
FixedParameters: 0 0 0
#Transform 82
Transform: MatrixOffsetTransformBase_double_3_3
Parameters: 0.9999532028256485 -0.008626362538005689 -0.0042874239104496005 0.008635995900620698 0.9999605266045727 0.002262710520621186 0.004267718141759883 -0.002300291711782948 0.9999882654766153 0.47003805388946773 -0.819941199200386 -0.4605075821164064
FixedParameters: 0 0 0
#Transform 83
Transform: MatrixOffsetTransformBase_double_3_3
Parameters: 0.9999575452767375 -0.008331341890681432 -0.0038777232285365447 0.008330565287279885 0.9999648073537664 -0.00040749356223837574 0.003880656495008168 0.00037551175456462804 0.9999924313700816 0.515144349672056 -1.066064409471366 -0.5127554384479822
FixedParameters: 0 0 0
#Transform 84
Transform: MatrixOffsetTransformBase_double_3_3
Parameters: 0.9999575212802294 -0.008241064338015412 -0.004190851507896885 0.008249095997165891 0.9999640957782859 0.001880719147230897 0.004174666546913415 -0.0019152747526184621 0.9999892205450652 0.3965140689449953 -0.8220026708895887 -0.37510026277746533
FixedParameters: 0 0 0
#Transform 85
Transform: MatrixOffsetTransformBase_double_3_3
Parameters: 0.9999501768736755 -0.008798064326547752 -0.0046276422854316405 0.008806377398267895 0.9999594105738576 0.001810419719351336 0.004611727245556904 -0.0018505835548879301 0.9999880646622968 0.44718172396187583 -0.8359322673127139 -0.479645841452367
FixedParameters: 0 0 0
#Transform 86
Transform: MatrixOffsetTransformBase_double_3_3
Parameters: 0.9999588547662637 -0.008280618963694017 -0.003684656659508642 0.008280524986708976 0.9999653084253559 0.0000742014084225695 0.003684371143927173 -0.00010480391127137834 0.9999935303198679 0.482721531588183 -1.0016570007579304 -0.551713177872216
FixedParameters: 0 0 0
#Transform 87
Transform: MatrixOffsetTransformBase_double_3_3
Parameters: 0.9999586245482376 -0.008071665208857413 -0.004149482116325938 0.008077116218693513 0.9999667781401824 0.0012240101746537058 0.0041397763674257074 -0.001256991730000434 0.9999907686607451 0.39725006137230423 -0.8564058090639008 -0.38199078646269413
FixedParameters: 0 0 0
#Transform 88
Transform: MatrixOffsetTransformBase_double_3_3
Parameters: 0.9999521023912394 -0.008342429254585405 -0.005128322386357326 0.00834475163643875 0.9999655040162913 0.00042565417375831083 0.005124453190643611 -0.00046834526517863795 0.9999871987479616 0.3951347486621728 -0.9204726648032704 -0.45797537881838934
FixedParameters: 0 0 0
#Transform 89
Transform: MatrixOffsetTransformBase_double_3_3
Parameters: 0.9999490245069752 -0.008733187455693547 -0.0051680560776916455 0.008740918326423739 0.9999603401215554 0.0015297033402619231 0.005154099312222574 -0.0015742918540870565 0.9999848668582745 0.40011160979338456 -0.8534770500533142 -0.5230693451679258
FixedParameters: 0 0 0
#Transform 90
Transform: MatrixOffsetTransformBase_double_3_3
Parameters: 0.9999546464895213 -0.008055518283850092 -0.005143269039359454 0.00805596110854023 0.9999668740952888 5.733105857552712e-7 0.005143897817984687 -0.000042431412189569695 0.9999867714700531 0.41780934927597 -1.0666398195253208 -0.5299899887596098
FixedParameters: 0 0 0
#Transform 91
Transform: MatrixOffsetTransformBase_double_3_3
Parameters: 0.9999541946305697 -0.008268519506058683 -0.004737154313081096 0.00827488354529175 0.9999651609888193 0.0014497450435948245 0.004724818516479174 -0.0014882574940578985 0.9999877176159494 0.41157933494524457 -0.8782755077256326 -0.4320260117178236
FixedParameters: 0 0 0
#Transform 92
Transform: MatrixOffsetTransformBase_double_3_3
Parameters: 0.999958040191866 -0.008175454988384356 -0.0041370490488661215 0.008173186886892059 0.9999664531675648 -0.0006546299783432297 0.004142692958320248 0.0006213675694757559 0.9999907729210722 0.4781395854794681 -1.1093221701204925 -0.6008535493539569
FixedParameters: 0 0 0
#Transform 93
Transform: MatrixOffsetTransformBase_double_3_3
Parameters: 0.9999489498761429 -0.008637147748961873 -0.005142079436917433 0.008639882059829492 0.9999628761441695 0.0003684894539949246 0.005138692564467625 -0.0004135069952518611 0.9999867679636102 0.43753347911595597 -1.0227710077068082 -0.45355026863205694
FixedParameters: 0 0 0
#Transform 94
Transform: MatrixOffsetTransformBase_double_3_3
Parameters: 0.9999477694462587 -0.009302772062416823 -0.00420526603953768 0.009302263896150595 0.9999565533500179 -0.00016960610791716402 0.004206860232780954 0.0001303925180126675 0.9999911710952923 0.5671763417338127 -0.9726168334381811 -0.7681508726192021
FixedParameters: 0 0 0
#Transform 95
Transform: MatrixOffsetTransformBase_double_3_3
Parameters: 0.9999481712976069 -0.009272054807080292 -0.004342299626467987 0.009287068015150923 0.9999516355395903 0.003390541964403665 0.0043099835498834746 -0.0034304572316851134 0.9999852720630733 0.5690532708203904 -0.979549093635228 -0.39734425457174893
FixedParameters: 0 0 0
#Transform 96
Transform: MatrixOffsetTransformBase_double_3_3
Parameters: 0.999944260030499 -0.009651820483585866 -0.004192773528302567 0.00965913385276391 0.9999522925366556 0.0017383244725190372 0.004175878582605254 -0.0017786784241793363 0.999989782668319 0.6390515764568931 -0.9315926334910642 -0.5605928506643352
FixedParameters: 0 0 0
#Transform 97
Transform: MatrixOffsetTransformBase_double_3_3
Parameters: 0.9999466873011684 -0.009267142240875973 -0.004628399404141934 0.009280186745885974 0.9999537217900414 0.002659212817956891 0.00460390155693064 -0.0027017882826419204 0.999985594936361 0.5721569452579587 -0.944787166497008 -0.4005102700540988
FixedParameters: 0 0 0
#Transform 98
Transform: MatrixOffsetTransformBase_double_3_3
Parameters: 0.9999423992635073 -0.009112423818452455 -0.005706290336835951 0.009121799545584359 0.9999567947558933 0.0015901927616747413 0.005691183420666688 -0.0016418015562982002 0.9999823814505792 0.507823713345033 -0.8941594233946546 -0.44049302204535934
FixedParameters: 0 0 0
#Transform 99
Transform: MatrixOffsetTransformBase_double_3_3
Parameters: 0.9999390862322094 -0.009282946436226258 -0.0058944209698284815 0.009292770540020107 0.9999558507754357 0.0017223353574801759 0.0058777004291382775 -0.0017766647453513196 0.9999811137664757 0.5229063685507924 -0.8409015381090654 -0.5119363500188285
FixedParameters: 0 0 0
#Transform 100
Transform: MatrixOffsetTransformBase_double_3_3
Parameters: 0.9999363960782056 -0.009982856882669805 -0.005286039885434277 0.009991952718395047 0.9999485575979613 0.0016500336852852127 0.005268861806358413 -0.001702958620419609 0.9999842170055768 0.6209703543465821 -0.9223736564438383 -0.6097883260897561
FixedParameters: 0 0 0
#Transform 101
Transform: MatrixOffsetTransformBase_double_3_3
Parameters: 0.9999406439020603 -0.009407141354783289 -0.005554683928440064 0.009425406328569417 0.9999505927480886 0.0032150269531456555 0.005524316795969533 -0.0032669715731809545 0.9999790423147765 0.6132184406692716 -0.9611537558188417 -0.4832266689208211
FixedParameters: 0 0 0
#Transform 102
Transform: MatrixOffsetTransformBase_double_3_3
Parameters: 0.9999339093944304 -0.010418572527932119 -0.004953840444068638 0.010436363833293223 0.999939340415203 0.003604893719229313 0.004916064107986944 -0.0036561097430860834 0.9999812069420665 0.6157880589005629 -0.8372918138383909 -0.5654604909552177
FixedParameters: 0 0 0
#Transform 103
Transform: MatrixOffsetTransformBase_double_3_3
Parameters: 0.9999387551086406 -0.00961188472888637 -0.005555139913090454 0.009628183158907526 0.9999495106421101 0.00298857575973252 0.0055256284810694615 -0.0030414233540434488 0.9999800634177739 0.6049936670314366 -1.0648710273777766 -0.6230488148482607
FixedParameters: 0 0 0
#Transform 104
Transform: MatrixOffsetTransformBase_double_3_3
Parameters: 0.9999367274108414 -0.009933673452288959 -0.0053472404929080595 0.009949259145744417 0.9999466094135725 0.0029269504582448425 0.005317767128723265 -0.002980053104432695 0.9999816710691546 0.6054669640576975 -0.9809124310353923 -0.4637604752382174
FixedParameters: 0 0 0
#Transform 105
Transform: MatrixOffsetTransformBase_double_3_3
Parameters: 0.9999351855124796 -0.01044007774859921 -0.004451977347874998 0.010440827124757935 0.9999451260310999 0.00023021738799403058 0.004449077346625487 -0.0002767814146680536 0.9999899309530135 0.6648458495754284 -1.102834054880418 -0.6535049335252836
FixedParameters: 0 0 0
#Transform 106
Transform: MatrixOffsetTransformBase_double_3_3
Parameters: 0.9999291950744812 -0.010229669297018561 -0.006095813056079811 0.01025186924156381 0.999940806847259 0.00363741399397563 0.006057549815647999 -0.0036995768219661163 0.9999744714317224 0.5874899270340279 -1.0122067301638253 -0.5152663876470172
FixedParameters: 0 0 0
#Transform 107
Transform: MatrixOffsetTransformBase_double_3_3
Parameters: 0.999921611842357 -0.011066941543618782 -0.005908136358088276 0.011081312549704094 0.9999357114244909 0.0024085155171872374 0.005880929755990766 -0.0024734843626522673 0.9999799829695575 0.6068136295624669 -0.9327399598960824 -0.5202809942763054
FixedParameters: 0 0 0
#Transform 108
Transform: MatrixOffsetTransformBase_double_3_3
Parameters: 0.999936255619925 -0.01037387835890321 -0.004372370897824511 0.01037686726336634 0.9999460265668036 0.0005273961999022192 0.004366498114303321 -0.00057259987471725 0.9999906240360378 0.7117332981420361 -1.1155022216457269 -0.6375575179175428
FixedParameters: 0 0 0
#Transform 109
Transform: MatrixOffsetTransformBase_double_3_3
Parameters: 0.9999099671176196 -0.01124354883954954 -0.0073214098196790235 0.011255667221646611 0.9999352990955072 0.0016119687749208134 0.007303364117575502 -0.0016940380286281365 0.9999722029432746 0.6232579356946104 -1.0622297590731336 -0.5467734324136302
FixedParameters: 0 0 0
#Transform 110
Transform: MatrixOffsetTransformBase_double_3_3
Parameters: 0.999900030670942 -0.01211812033676906 -0.007287313079961716 0.01212646039139203 0.9999262459010753 0.0010307450063312407 0.007274191088905874 -0.0011192498679329088 0.9999724734094749 0.6184142519967537 -0.9953070326615716 -0.5926093034395308
FixedParameters: 0 0 0
#Transform 111
Transform: MatrixOffsetTransformBase_double_3_3
Parameters: 0.9999088730703108 -0.011413048811811898 -0.007201446534411058 0.011421401709997805 0.9999339632898777 0.0011153838566400343 0.007188201038464113 -0.001197614520947854 0.9999732346751924 0.6636317511106995 -1.1964748493098654 -0.7779433295284548
FixedParameters: 0 0 0
#Transform 112
Transform: MatrixOffsetTransformBase_double_3_3
Parameters: 0.9999159495038046 -0.010942510268340392 -0.006877916647759148 0.010959355464255964 0.9999370762954074 0.0023967500308891 0.006850921667794285 -0.002472248067245525 0.9999740191199764 0.6631461276352155 -1.0704558310799257 -0.5115905211322911
FixedParameters: 0 0 0
#Transform 113
Transform: MatrixOffsetTransformBase_double_3_3
Parameters: 0.9999026742330556 -0.011754719806852085 -0.007492161477164026 0.011758376282206892 0.999930596700065 0.00038639663234540933 0.007487800585195646 -0.00047460806954396917 0.9999717068524876 0.6374130773291711 -1.1537116641110714 -0.7245750757210772
FixedParameters: 0 0 0
#Transform 114
Transform: MatrixOffsetTransformBase_double_3_3
Parameters: 0.9999039245199103 -0.011144903258261828 -0.008237462599156493 0.011163057691777308 0.9999359155336885 0.0021513972523807545 0.008213037115750842 -0.0022436036521772396 0.9999633504968413 0.5880649936903097 -1.2134255284839952 -0.7343670013876533
FixedParameters: 0 0 0
#Transform 115
Transform: MatrixOffsetTransformBase_double_3_3
