#Insight Transform File V1.0
#Transform 0
Transform: MatrixOffsetTransformBase_double_3_3
Parameters: 0.9999996087410156 -0.0005989041707412868 -0.00018133865305845737 0.0005976877298190748 0.9999962109740286 -0.0027261099471330708 0.00018362542758787754 0.0027258915644078896 0.9999965355818528 0.007088140077684102 -0.5567912314457288 0.002911959551624932
FixedParameters: 0 0 0
#Transform 1
Transform: MatrixOffsetTransformBase_double_3_3
Parameters: 0.9999997611564891 -0.0004882816332748117 0.000022607736386822853 0.0004881402367372614 0.999998507246166 -0.0018039903174575933 -0.000021821414161535725 0.0018040119918469044 0.9999987450686617 0.029933969895225232 -0.5472951788673868 0.046610589750883946
FixedParameters: 0 0 0
#Transform 2
Transform: MatrixOffsetTransformBase_double_3_3
Parameters: 0.9999999528451178 -0.0009916522733823456 -0.0002544553463043176 0.0009899590073971253 0.9999928870136161 -0.003483251458759634 0.0002572351775691582 0.0034827444389437523 0.9999938031879781 0.01568810294449463 -0.6101780096666971 -0.05552354887100819
FixedParameters: 0 0 0
#Transform 3
Transform: MatrixOffsetTransformBase_double_3_3
Parameters: 0.9999986848706572 -0.0009155405512732268 -0.001214957547294616 0.0009093259099670107 0.999984374592716 -0.005482943023182085 0.001220264630271774 0.00548205489595141 0.9999841941903461 0.017761695014044676 -0.9468589361028563 -0.28221700021515517
FixedParameters: 0 0 0
#Transform 4
Transform: MatrixOffsetTransformBase_double_3_3
Parameters: 0.9999989004554162 -0.0017588798372729717 0.00007580591882778813 0.0017591897165638666 0.9999938948755935 -0.003029137302846735 -0.00007024517285503923 0.0030298639331023114 0.9999956497792731 0.08200672205519766 -0.7216624324994854 0.026734104299833916
FixedParameters: 0 0 0
#Transform 5
Transform: MatrixOffsetTransformBase_double_3_3
Parameters: 0.999997909248967 -0.0021531321249741112 0.0006743513684162516 0.0021567478249322927 0.9999818215881655 -0.005586944151734191 -0.0006627250713578941 0.005588059438648096 0.9999846467615523 0.1809238651481735 -0.9265841999336999 -0.37832213071263254
FixedParameters: 0 0 0
#Transform 6
Transform: MatrixOffsetTransformBase_double_3_3
Parameters: 0.9999960779600966 -0.0025585168337490427 -0.0006131410160205035 0.002556315161013769 0.9999907280021315 -0.0035051597685072933 0.0006223786689463588 0.0035038413092849663 0.9999937867956173 0.05357723865479613 -0.7405772367875869 -0.11229904914549138
FixedParameters: 0 0 0
#Transform 7
Transform: MatrixOffsetTransformBase_double_3_3
Parameters: 0.9999956403005982 -0.0028366177202300167 -0.0005581989922704461 0.0028345792778280204 0.9999850185616685 -0.004631394141383194 0.0005714286052750009 0.0046296001469688375 0.9999887383855707 0.1291246817286691 -0.9681670036966921 -0.02144273319956369
FixedParameters: 0 0 0
#Transform 8
Transform: MatrixOffsetTransformBase_double_3_3
Parameters: 0.9999923017884055 -0.0038167440563688882 0.00036128557805949397 0.003818112167532782 0.9999855309079438 -0.003870262077841885 -0.00034680111942554475 0.0038717441985373913 0.9999928013518786 0.2649747980626671 -0.8584099969821466 0.01188419789050954
FixedParameters: 0 0 0
#Transform 9
Transform: MatrixOffsetTransformBase_double_3_3
Parameters: 0.9999938877470697 -0.0034761190063668512 -0.00017351454393648585 0.0034751357294244686 0.999988187831546 -0.003483854384712548 0.000185362987624259 0.003483152087674468 0.9999944302017103 0.2023196215444898 -0.7766093891148529 -0.0013666894287780451
FixedParameters: 0 0 0
#Transform 10
Transform: MatrixOffsetTransformBase_double_3_3
Parameters: 0.9999948300213156 -0.0033417633224688353 -0.00006456350691507384 0.0033410836690316295 0.9999903302907056 -0.002984461374487185 0.00007431400187244852 0.0029845423652888614 0.9999956851495626 0.1595527747735872 -0.71695910785904 0.020392992015246136
FixedParameters: 0 0 0
#Transform 11
Transform: MatrixOffsetTransformBase_double_3_3
Parameters: 0.9999948620118442 -0.003316052023748417 0.00037656460769553877 0.0033171706292721673 0.9999906473182067 -0.0028761126935194226 -0.00036648191594507824 0.0028768863905986874 0.9999956661114768 0.1922885151162177 -0.6856569511353996 0.018197994700585696
FixedParameters: 0 0 0
#Transform 12
Transform: MatrixOffsetTransformBase_double_3_3
Parameters: 0.9999945287101949 -0.003195956556920363 -0.0005059258674212442 0.0031949452042895365 0.9999910640832178 -0.0028606444987056 0.0005145382322931295 0.0028583607679414924 0.9999961110555095 0.12624016043793063 -0.6127447190387159 -0.05959153745862977
FixedParameters: 0 0 0
#Transform 13
Transform: MatrixOffsetTransformBase_double_3_3
Parameters: 0.9999938831704154 -0.0035948422605007542 0.0004400569321055729 0.0035961627463702676 0.9999897604171979 -0.0026887810316666982 -0.00042971448472804854 0.0026902176051281923 0.9999966558627553 0.1819507932395794 -0.6794873548102345 0.017625105585892697
FixedParameters: 0 0 0
#Transform 14
Transform: MatrixOffsetTransformBase_double_3_3
Parameters: 0.9999935675989112 -0.0035049034797084875 -0.00038831834138364826 0.0035028300168555198 0.9999887725672413 -0.00325165768843938 0.00039970935902994563 0.003250343395991284 0.9999946569045862 0.14599441497713883 -0.6601326175768207 -0.10189747340081112
FixedParameters: 0 0 0
#Transform 15
Transform: MatrixOffsetTransformBase_double_3_3
Parameters: 0.9999921945777719 -0.0038470398804993076 0.00006452695166167522 0.0038476913832431463 0.9999815949474635 -0.0046804444897219355 -0.0000459751237122713 0.004680550493592922 0.9999887850910648 0.1958570447003325 -0.9411759876105066 -0.22432854295541915
FixedParameters: 0 0 0
#Transform 16
Transform: MatrixOffsetTransformBase_double_3_3
Parameters: 0.9999936305279257 -0.003656291123010847 -0.00001643740513371456 0.0036564072706369707 0.9999877654709902 -0.0033495263379033358 0.000028565032405381044 0.00334947474640368 0.9999944266147762 0.1603993722565633 -0.7820101902634775 -0.02765814386970078
FixedParameters: 0 0 0
#Transform 17
Transform: MatrixOffsetTransformBase_double_3_3
Parameters: 0.9999906669041508 -0.004268778327258822 0.0003286091638686878 0.004270682428145874 0.9999832043452485 -0.003943676433008442 -0.00031119623465049377 0.003944323109472514 0.9999923520254081 0.23848067269108242 -0.8910274697182246 -0.1930623569811587
FixedParameters: 0 0 0
#Transform 18
Transform: MatrixOffsetTransformBase_double_3_3
Parameters: 0.9999898971509422 -0.0045935806361047625 0.000010240696642497714 0.00459394946292968 0.9999830571829028 -0.0036353489482946477 0.00000666771357998885 0.003634651796966787 0.9999934132887084 0.23363284794625372 -0.9443742015429564 -0.08881232252778659
FixedParameters: 0 0 0
#Transform 19
Transform: MatrixOffsetTransformBase_double_3_3
Parameters: 0.9999909457181814 -0.004237111559299544 0.00031473557232010734 0.0042383480479625864 0.9999883648554838 -0.0024247797958299455 -0.0003043727735554791 0.002426220132924678 0.9999968146920845 0.21453484769089926 -0.7296226471451206 0.011812388025475684
FixedParameters: 0 0 0
#Transform 20
Transform: MatrixOffsetTransformBase_double_3_3
Parameters: 0.9999899179168446 -0.004479459479561231 -0.00011628740059690598 0.004479732056109136 0.9999853450918367 -0.0030377404443843736 0.00012993804748556652 0.0030372578140464845 0.999995119882658 0.1820955741780068 -0.7454336934829229 -0.09500820161613888
FixedParameters: 0 0 0
#Transform 21
Transform: MatrixOffsetTransformBase_double_3_3
Parameters: 0.9999910875378986 -0.004347926896667978 -0.00006647023825687951 0.0043484356211625505 0.9999825405472184 -0.004003253673210444 0.00008359684042895801 0.004002751762198775 0.9999924986709907 0.21104491808095815 -0.8607037698802458 -0.12858560794089158
FixedParameters: 0 0 0
#Transform 22
Transform: MatrixOffsetTransformBase_double_3_3
Parameters: 0.9999910622045071 -0.004322035178772144 0.0005107798234380865 0.004323306122847539 0.9999836325641407 -0.0038230862057663517 -0.0004935436717889056 0.0038249103644900917 0.9999921834561031 0.21382457668876498 -0.7639442547003483 -0.15874076123597547
FixedParameters: 0 0 0
#Transform 23
Transform: MatrixOffsetTransformBase_double_3_3
Parameters: 0.999988716676237 -0.004701189035416828 0.00043046076087522537 0.00470234026854892 0.9999793663048752 -0.004321332426024005 -0.00040975961526065996 0.004323667583581159 0.9999909819763688 0.24456461456948375 -0.905311548790479 -0.1693322936981474
FixedParameters: 0 0 0
#Transform 24
Transform: MatrixOffsetTransformBase_double_3_3
Parameters: 0.9999890823334568 -0.00452803944489846 0.0006455492822325089 0.004530143302242757 0.999981259828339 -0.004019373696708878 -0.0006269001788452513 0.004022619565464652 0.9999914853504618 0.2493352362263721 -0.8594493326244503 -0.053837453171865945
FixedParameters: 0 0 0
#Transform 25
Transform: MatrixOffsetTransformBase_double_3_3
Parameters: 0.999990693501368 -0.004352110075487351 0.0006018155261803123 0.004354938667405985 0.9999846084649449 -0.0033474053789859792 -0.0005867548968150946 0.0033495929199229835 0.9999946599667721 0.2220692618075617 -0.7454553768716465 -0.08244126182776768
FixedParameters: 0 0 0
#Transform 26
Transform: MatrixOffsetTransformBase_double_3_3
Parameters: 0.9999889845989992 -0.004505706656670084 0.000844395208574334 0.004509602816919633 0.9999799974492888 -0.004403448282438188 -0.0008244023357982432 0.004407551666268716 0.9999901698970179 0.24891060841882506 -0.9227355526728189 -0.23160499866594364
FixedParameters: 0 0 0
#Transform 27
Transform: MatrixOffsetTransformBase_double_3_3
Parameters: 0.9999884360116866 -0.004738093643126531 0.00033531623768690596 0.00474010598063101 0.999976120893212 -0.004956774888491944 -0.0003116420738567329 0.004958225524450965 0.9999881609249373 0.24029694841502192 -0.9928828873713229 -0.14699209898671484
FixedParameters: 0 0 0
#Transform 28
Transform: MatrixOffsetTransformBase_double_3_3
Parameters: 0.9999873126959782 -0.004945870869930123 0.0004722134338983555 0.004948287102974028 0.9999795491322564 -0.004003451031171251 -0.00045178430988389605 0.004005542606267926 0.9999916912221488 0.2562094953696459 -0.8527856825890154 -0.12055988479232838
FixedParameters: 0 0 0
#Transform 29
Transform: MatrixOffsetTransformBase_double_3_3
Parameters: 0.9999847768442598 -0.005271840307297614 0.0015597274603027446 0.005278791096971425 0.9999745534413679 -0.004733977900695546 -0.0015346486423943942 0.004742016932378662 0.9999873255483094 0.35841888081921525 -0.9729827050178415 -0.23844165503410863
FixedParameters: 0 0 0
#Transform 30
Transform: MatrixOffsetTransformBase_double_3_3
Parameters: 0.9999862665413523 -0.00517954501206861 0.0009491675227581519 0.005184882506069917 0.9999749820319433 -0.004761215747519365 -0.0009246177410764908 0.0047657788224948205 0.9999879020988589 0.28894144849247994 -0.9837896855541715 -0.0922645237484403
FixedParameters: 0 0 0
#Transform 31
Transform: MatrixOffsetTransformBase_double_3_3
Parameters: 0.9999855685751481 -0.004997220753817707 0.0021113068774604666 0.00500902587338911 0.9999722814221068 -0.00555528739870334 -0.0020838129920014554 0.0055657179931353495 0.9999824478695413 0.348182955842276 -0.9213706577880885 -0.4678410146896965
FixedParameters: 0 0 0
#Transform 32
Transform: MatrixOffsetTransformBase_double_3_3
Parameters: 0.9999868894133511 -0.004898664291539277 0.0010538394374615245 0.004904991428490979 0.9999722976319576 -0.005657712855166919 -0.0010268507698230891 0.005662295020597785 0.9999835196213787 0.2536601121380926 -1.0781290606288252 -0.03443317365707799
FixedParameters: 0 0 0
#Transform 33
Transform: MatrixOffsetTransformBase_double_3_3
Parameters: 0.9999858986541688 -0.005254072175337576 0.001225070694926698 0.005259956016153879 0.9999704664541935 -0.005667880962875432 -0.0011954527675228127 0.005674124521555246 0.9999831107016992 0.2925737349636961 -1.0091217925650113 -0.234876659590185
FixedParameters: 0 0 0
#Transform 34
Transform: MatrixOffsetTransformBase_double_3_3
Parameters: 0.9999860924897789 -0.005006890360957967 0.0013554612120124426 0.005015627610325333 0.9999677004108665 -0.00626804668116035 -0.001323587100771987 0.006274953318809978 0.9999797273516295 0.2900772305605983 -1.0931748472696654 -0.23889339256498943
FixedParameters: 0 0 0
#Transform 35
Transform: MatrixOffsetTransformBase_double_3_3
Parameters: 0.9999834830881201 -0.005408770354514394 0.0020639878447849805 0.00542043679539237 0.9999707964097532 -0.005469332764498597 -0.002034045803733 0.005479667661404036 0.9999827454246074 0.3877668181873304 -1.015212168772834 -0.13688889523132275
FixedParameters: 0 0 0
#Transform 36
Transform: MatrixOffsetTransformBase_double_3_3
Parameters: 0.9999840210663445 -0.005405079254795084 0.0016626416706261252 0.005412489132378404 0.9999745905169326 -0.0045762167510835505 -0.0016379964501499632 0.0045857844414358695 0.9999884588665803 0.34585809842413084 -0.865516278843657 -0.15266664963169774
FixedParameters: 0 0 0
#Transform 37
Transform: MatrixOffsetTransformBase_double_3_3
Parameters: 0.9999818283793914 -0.00587071608741852 0.0008408302234592006 0.005873996598812654 0.9999739738155349 -0.004276172669666373 -0.0008163767048219388 0.004280832421768049 0.9999902429279799 0.33488280537602577 -0.8624143606943449 -0.026441530453922724
FixedParameters: 0 0 0
#Transform 38
Transform: MatrixOffsetTransformBase_double_3_3
Parameters: 0.9999822132396402 -0.005719040247396594 0.0017538684164977074 0.005729852438390004 0.999966082221228 -0.0059006320951883184 -0.0017199371211920633 0.005911368903610409 0.9999813681084199 0.3658899801379647 -0.9343918800966122 -0.29016789890641803
FixedParameters: 0 0 0
#Transform 39
Transform: MatrixOffsetTransformBase_double_3_3
Parameters: 0.9999783380058276 -0.006531140658692238 0.0010025249476856785 0.00653724909647923 0.9999606728085321 -0.006013477567343911 -0.0009625928312797471 0.006019517838246946 0.9999812672350744 0.3688441173066934 -1.0554314892994654 -0.20863085902257694
FixedParameters: 0 0 0
#Transform 40
Transform: MatrixOffsetTransformBase_double_3_3
Parameters: 0.9999782223099715 -0.006464787945527092 0.0014092972648876558 0.006471184544444924 0.9999678892291921 -0.0048337914219031 -0.0013779102180012063 0.004843215242349541 0.999987510097903 0.3582426763465776 -0.8973488928348559 -0.20063654817045062
FixedParameters: 0 0 0
#Transform 41
Transform: MatrixOffsetTransformBase_double_3_3
Parameters: 0.9999511955370819 -0.009745384387039075 0.0013505372768529021 0.009754130811304699 0.9999327452980398 -0.006207673748205272 -0.0012901764399174142 0.006220327527456548 0.999980220024687 0.5145845033369341 -1.139277045676991 -0.2952221145077658
FixedParameters: 0 0 0
#Transform 42
Transform: MatrixOffsetTransformBase_double_3_3
Parameters: 0.9999653738281863 -0.008294246881708463 0.0009093335402439502 0.008298890134278928 0.9999548987992135 -0.004721360127053292 -0.000870067645892648 0.004728647088397875 0.9999888227187519 0.3772494668278341 -1.0146643133633972 -0.09588455926461847
FixedParameters: 0 0 0
#Transform 43
Transform: MatrixOffsetTransformBase_double_3_3
Parameters: 0.999977999820312 -0.006452331789552145 0.0015379261945072382 0.006461181895603264 0.9999635577997541 -0.005603893404424021 -0.0015015798347564066 0.005613111343860444 0.999983530263022 0.38626405281380016 -1.0133628170736557 -0.2670551863200785
FixedParameters: 0 0 0
#Transform 44
Transform: MatrixOffsetTransformBase_double_3_3
Parameters: 0.9999587678071803 -0.008954276222530595 0.0014332288508479714 0.008963687988856099 0.9999358249835735 -0.006935588291434952 -0.0013711588096239843 0.006948408992701244 0.999974556971828 0.4799392905771924 -1.2199269161295092 -0.278191174361865
FixedParameters: 0 0 0
#Transform 45
Transform: MatrixOffsetTransformBase_double_3_3
Parameters: 0.9999552226147328 -0.00939879637866784 0.0011975852523625572 0.009406026774070863 0.9999386776091226 -0.005884949747628793 -0.0011427495379290045 0.00589605989488276 0.9999821468087768 0.4439747123743416 -1.050771918365129 -0.17718543108128415
FixedParameters: 0 0 0
#Transform 46
Transform: MatrixOffsetTransformBase_double_3_3
Parameters: 0.9999557076574386 -0.009236270006450472 0.0017287169991758874 0.009247477073406103 0.9999324419742501 -0.006965968988777077 -0.0016636439029673654 0.006981015466716062 0.9999740030582179 0.4689860411586153 -1.1194991558625134 -0.3616473067701236
FixedParameters: 0 0 0
#Transform 47
Transform: MatrixOffsetTransformBase_double_3_3
Parameters: 0.9999512436521993 -0.009834182055431556 0.0010203276967015301 0.009841522395915188 0.9999248036055512 -0.007254051877386508 -0.0009487258502906096 0.007263937778505591 0.9999730499959392 0.46474005764954995 -1.2165138868038383 -0.3136302347795379
FixedParameters: 0 0 0
#Transform 48
Transform: MatrixOffsetTransformBase_double_3_3
Parameters: 0.9999566838501838 -0.009183368490322983 0.001406221766099381 0.009192906078610369 0.9999349401857935 -0.006762949128834572 -0.001344370702942278 0.00677505401766601 0.9999761018938929 0.44548570203627946 -1.069600954645395 -0.2194608172818846
FixedParameters: 0 0 0
#Transform 49
Transform: MatrixOffsetTransformBase_double_3_3
Parameters: 0.9999247860306613 -0.012071791994374827 0.002114679664309025 0.012086069821836333 0.999905722493211 -0.006576534833131947 -0.002035590490452457 0.006601476260029715 0.9999762294190601 0.6185729208741009 -1.1216160014471228 -0.36800689403386855
FixedParameters: 0 0 0
#Transform 50
Transform: MatrixOffsetTransformBase_double_3_3
Parameters: 0.9999374909982115 -0.01114414422554872 0.0005573112759222321 0.011147962557127881 0.9999139087096847 -0.0069609995499001764 -0.00048026150996125785 0.006966010212523688 0.9999755973617175 0.4881971136425136 -1.2017842129571648 -0.3147034165230025
FixedParameters: 0 0 0
#Transform 51
Transform: MatrixOffsetTransformBase_double_3_3
Parameters: 0.9999499974588135 -0.00990653196705459 0.0016918499983680354 0.009918262222364017 0.9999250428111709 -0.007170678307111045 -0.0016206192525419383 0.007187320702767647 0.9999728746415053 0.47953973747141276 -1.1415933431310066 -0.3877682302326093
FixedParameters: 0 0 0
#Transform 52
Transform: MatrixOffsetTransformBase_double_3_3
Parameters: 0.9999441052252125 -0.01057704055489044 0.0001401003949263891 0.01057764021755165 0.9999147418061581 -0.007670095975991165 -0.00005862951670998311 0.0076709037844228944 0.9999706852575263 0.4153338746686046 -1.3070878025252455 -0.28187441600707075
FixedParameters: 0 0 0
#Transform 53
Transform: MatrixOffsetTransformBase_double_3_3
Parameters: 0.9999509486189619 -0.009872091249180504 0.0007685806570007121 0.009877600750048891 0.9999231141093226 -0.007485615629575143 -0.0006942923620112427 0.007492379370028446 0.999971659982589 0.3938225367798225 -1.2103408679328282 -0.29010942750852564
FixedParameters: 0 0 0
#Transform 54
Transform: MatrixOffsetTransformBase_double_3_3
Parameters: 0.9999804861233248 -0.006219385392405159 0.0009125705848085302 0.006226323406575452 0.999949828956033 -0.007817725233491696 -0.0008639049154886673 0.007823276054639644 0.9999693336380551 0.3366509520691352 -1.2551361291649954 -0.3398049011324815
FixedParameters: 0 0 0
#Transform 55
Transform: MatrixOffsetTransformBase_double_3_3
Parameters: 0.9999583870568707 -0.009073384475126834 0.0011352862905612852 0.009081635116511205 0.9999278679015343 -0.007897276294788758 -0.0010635815700465669 0.0079067362916867 0.9999686312880842 0.4297419439747472 -1.318409649137891 -0.3788809426797002
FixedParameters: 0 0 0
#Transform 56
Transform: MatrixOffsetTransformBase_double_3_3
Parameters: 0.9999741307985223 -0.007202157327589981 0.000018171879037028917 0.007201714458761779 0.9999497051714412 -0.006991609709951163 0.000031348098626592846 0.006992398779976566 0.9999756469770709 0.27007451180018904 -1.1558280746935026 -0.3062693353092527
FixedParameters: 0 0 0
#Transform 57
Transform: MatrixOffsetTransformBase_double_3_3
Parameters: 0.9999749667052935 -0.007015729062966521 0.0009034786953809573 0.007022059643496249 0.999944010739751 -0.007910286925983417 -0.0008481035367667119 0.00791672046381961 0.9999687054151281 0.33806127959874743 -1.273566796820262 -0.3760624092068099
FixedParameters: 0 0 0
#Transform 58
Transform: MatrixOffsetTransformBase_double_3_3
Parameters: 0.9999729669000865 -0.0073464019792064015 0.0002551018412917192 0.0073477707809370164 0.9999456338987038 -0.007369214135005658 -0.00020070118998735068 0.007370779154089041 0.9999726963081709 0.26929229328631266 -1.1552788187992746 -0.24879448701884144
FixedParameters: 0 0 0
#Transform 59
Transform: MatrixOffsetTransformBase_double_3_3
Parameters: 0.9999664780543027 -0.008011696680058945 0.0018262538881744226 0.008025432465835432 0.9999375792584477 -0.007767949611251046 -0.0017639707200902911 0.007782047973080103 0.9999679936964587 0.41603358775552124 -1.2002344553126534 -0.43571033441602935
FixedParameters: 0 0 0
#Transform 60
Transform: MatrixOffsetTransformBase_double_3_3
Parameters: 0.9999302082070535 -0.011754767181918691 0.001270630658048853 0.01176504971011795 0.9998940757424035 -0.008580130104095668 -0.0011698037384462482 0.008593878271591832 0.9999626513819774 0.5665781191706856 -1.3656654461560152 -0.37240501204530574
FixedParameters: 0 0 0
#Transform 61
Transform: MatrixOffsetTransformBase_double_3_3
Parameters: 0.9999447714637405 -0.010498688836694565 0.00004153168473056785 0.010498802777214489 0.9999119301632808 -0.008158996392771928 0.000044647700466915904 0.008159003302936563 0.9999666968560252 0.382213121643332 -1.2142401761783503 -0.28914052704206483
FixedParameters: 0 0 0
#Transform 62
Transform: MatrixOffsetTransformBase_double_3_3
Parameters: 0.9999571425765887 -0.009209528154632699 0.00017806874478100226 0.009211622014127757 0.9999213189834779 -0.008463762224013544 -0.00010001434530811765 0.008465235492281453 0.9999645224851494 0.34756162675174096 -1.3589331958676638 -0.19936666016113236
FixedParameters: 0 0 0
#Transform 63
Transform: MatrixOffsetTransformBase_double_3_3
Parameters: 0.9999465702861194 -0.010309210037581491 0.00038315576706982003 0.010312152769460112 0.9999094838870961 -0.008650243356909504 -0.00029432131774824195 0.0086527593257118 0.9999623826871327 0.4152575298402468 -1.3066493744683925 -0.23742301256348242
FixedParameters: 0 0 0
#Transform 64
Transform: MatrixOffsetTransformBase_double_3_3
Parameters: 0.9999398695655718 -0.010959167269768299 -0.0001492000840053443 0.010957667098133051 0.9999051794741812 -0.008317957155899225 0.00023982878012358477 0.00831604452214496 0.999965338551786 0.34079406986317906 -1.251458741362896 -0.2629984293600103
FixedParameters: 0 0 0
#Transform 65
Transform: MatrixOffsetTransformBase_double_3_3
Parameters: 0.9999461185197247 -0.010255221756249832 0.0013059766292631354 0.010267289532651254 0.9999043195839106 -0.00927786444382761 -0.0012102806813876642 0.009291137311622233 0.9999563867163013 0.4622202403498221 -1.414058355602549 -0.4159130711861394
FixedParameters: 0 0 0
#Transform 66
Transform: MatrixOffsetTransformBase_double_3_3
Parameters: 0.9999269612839171 -0.012023218393063964 0.0006884445811076189 0.012028689013224687 0.9998931894497267 -0.008304193862132353 -0.0005879414120786883 0.008311806526692417 0.9999657187147818 0.5250878986519041 -1.3335820629256006 -0.22406982636840667
FixedParameters: 0 0 0
#Transform 67
Transform: MatrixOffsetTransformBase_double_3_3
Parameters: 0.9999065454931358 -0.01352246126234974 0.0018956615950099561 0.013543528394673748 0.9998391988094013 -0.011727912873177315 -0.0017360178044672704 0.01175307565542838 0.9999296457853684 0.764796659405377 -1.5816064045089746 -0.741626430116213
FixedParameters: 0 0 0
#Transform 68
Transform: MatrixOffsetTransformBase_double_3_3
Parameters: 0.9999376623535388 -0.011159741901272606 0.0008933072877128408 0.011167159995101431 0.999894321593943 -0.00926844512168104 -0.0007900225484544502 0.009277545601697107 0.9999563547012853 0.5859154740810482 -1.504896353869512 -0.49115988305243263
FixedParameters: 0 0 0
#Transform 69
Transform: MatrixOffsetTransformBase_double_3_3
Parameters: 0.9999342865837823 -0.011459729641846318 -0.0006189881660994263 0.01145375012869998 0.9998931160301625 -0.009030281712935406 0.0007218879947695685 0.009022718177634365 0.9999592064645783 0.43331752873068297 -1.5655414931844405 -0.2303495401434077
FixedParameters: 0 0 0
#Transform 70
Transform: MatrixOffsetTransformBase_double_3_3
Parameters: 0.9999353190615821 -0.011386868960918275 -0.00016258478282808134 0.01138409214308181 0.9998967411151594 -0.008748251024050607 0.00026209900367648925 0.008746743399914575 0.9999615325935219 0.427552139771322 -1.335374871684337 -0.24086927392727375
FixedParameters: 0 0 0
#Transform 71
Transform: MatrixOffsetTransformBase_double_3_3
Parameters: 0.9999280781805218 -0.011994875175498014 -0.0002056358339267996 0.011992525886880297 0.9998938550903524 -0.008337566255869289 0.00030569893391281527 0.008334441861574698 0.9999652378154108 0.4500168266733908 -1.2951900881804619 -0.3170535657241942
FixedParameters: 0 0 0
#Transform 72
Transform: MatrixOffsetTransformBase_double_3_3
Parameters: 0.9999210146314956 -0.012559146836973319 0.0004952149180612181 0.012562654574023011 0.9998925782963695 -0.0075647849950479795 -0.00040074725261008944 0.007570218412349089 0.9999708960331425 0.5433470551911626 -1.2396233970797397 -0.2845233389620887
FixedParameters: 0 0 0
#Transform 73
Transform: MatrixOffsetTransformBase_double_3_3
Parameters: 0.9999173873789204 -0.012847573336248516 0.0007380025693304636 0.012853502953241993 0.9998805437130784 -0.008613619412020546 -0.0006279860143403659 0.008621388693032805 0.999962312076745 0.5593429988184226 -1.3087998999615138 -0.32639011341046853
FixedParameters: 0 0 0
#Transform 74
Transform: MatrixOffsetTransformBase_double_3_3
Parameters: 0.9999214157147256 -0.012495938803520413 0.0006590808067639276 0.012500704777088914 0.9998864168529216 -0.008455736703553485 -0.0005530129231809908 0.008463261742262085 0.9999638644304008 0.5656297317960508 -1.2763214987892582 -0.2712884728516656
FixedParameters: 0 0 0
#Transform 75
Transform: MatrixOffsetTransformBase_double_3_3
Parameters: 0.9999155798139265 -0.012981639348854474 0.0009442990288907245 0.0129883777569398 0.9998872277848649 -0.007596158022547789 -0.0008447763980179389 0.0076078391255853806 0.9999707646770836 0.5813117477580505 -1.1697504220493755 -0.29653970578362987
FixedParameters: 0 0 0
#Transform 76
Transform: MatrixOffsetTransformBase_double_3_3
Parameters: 0.9999110324360344 -0.01296787872337069 0.003129289283421353 0.01299718752165892 0.9998702805127898 -0.009538312759226203 -0.003005695838560313 0.009577706312212164 0.9999500287101009 0.7545248550364789 -1.461244650061218 -0.46141523907959936
FixedParameters: 0 0 0
#Transform 77
Transform: MatrixOffsetTransformBase_double_3_3
Parameters: 0.9999131688008497 -0.013043140839339851 0.0016447660116820596 0.013056302166848463 0.9998791056003925 -0.008492508879977934 -0.0015335073053260716 0.008513492638216796 0.9999624523072266 0.6067454832131887 -1.3818377556515742 -0.3563944325197781
FixedParameters: 0 0 0
#Transform 78
Transform: MatrixOffsetTransformBase_double_3_3
Parameters: 0.9999150277778391 -0.01283384722073104 0.002502042737506056 0.01285608341924392 0.9998754294152652 -0.009132270792201885 -0.0023839451992716323 0.00916371873591787 0.9999552159936114 0.6990824632230925 -1.5507917485995506 -0.43013080230358014
FixedParameters: 0 0 0
#Transform 79
Transform: MatrixOffsetTransformBase_double_3_3
Parameters: 0.9999156591631068 -0.012898712478673384 0.001398267572634594 0.01291177372392752 0.9998703241282877 -0.009604445886931934 -0.0012734017240953715 0.009621532230209034 0.9999525036583496 0.6119942433180938 -1.5532593067368765 -0.25161551810117544
FixedParameters: 0 0 0
#Transform 80
Transform: MatrixOffsetTransformBase_double_3_3
Parameters: 0.9999027991066338 -0.013772253280200299 0.0021226975990145847 0.013791458241332075 0.999865298417047 -0.008889061074099203 -0.0019994260915052716 0.008917922765831698 0.9999579453687748 0.7505750062480416 -1.476976420871452 -0.32156272702468414
FixedParameters: 0 0 0
#Transform 81
Transform: MatrixOffsetTransformBase_double_3_3
Parameters: 0.9999061020761767 -0.013360662488173245 0.0028954121752147823 0.013389670486991093 0.9998576431953444 -0.01025342902162607 -0.002757563083982722 0.01029156553294186 0.9999433949938094 0.7846193792608744 -1.6320107250428464 -0.44964193970596966
FixedParameters: 0 0 0
#Transform 82
Transform: MatrixOffsetTransformBase_double_3_3
Parameters: 0.9999095004411606 -0.01339692407308907 0.0010043606238004865 0.013406198455998018 0.999864672693159 -0.009508340007557597 -0.0008775864395636691 0.009521654691588832 0.9999537450787688 0.5993248813013281 -1.5082207578692106 -0.31590456174760106
FixedParameters: 0 0 0
#Transform 83
Transform: MatrixOffsetTransformBase_double_3_3
Parameters: 0.9998968987270241 -0.014061587313582896 0.003059957422247909 0.014091888950131729 0.9998500020402217 -0.010096541486521254 -0.0029169323170591516 0.010138451551703481 0.9999441533040154 0.7803330284411061 -1.5756844599096809 -0.4719285704066749
FixedParameters: 0 0 0
#Transform 84
Transform: MatrixOffsetTransformBase_double_3_3
Parameters: 0.9998912335879695 -0.01459609645389878 0.0019251622664977353 0.014614365310019804 0.9998462851018227 -0.009716064890305576 -0.0017825097210562464 0.00974292575179353 0.9999506074948131 0.6997925404858165 -1.5522387516501084 -0.32189569263380235
FixedParameters: 0 0 0
#Transform 85
Transform: MatrixOffsetTransformBase_double_3_3
Parameters: 0.9998786139209372 -0.01515152074995955 0.0035768917556471907 0.015183488889032794 0.9998446674739688 -0.008978876951166587 -0.0034411834865030484 0.009032147959755488 0.9999537350438351 0.8422436493617909 -1.4337458257178923 -0.3473909883343822
FixedParameters: 0 0 0
#Transform 86
Transform: MatrixOffsetTransformBase_double_3_3
Parameters: 0.9998811150530752 -0.01511616630912871 0.0030601191981041585 0.015146904702439271 0.9998341541496109 -0.010102898227339063 -0.0029068953563191786 0.010148090598055992 0.9999438920639059 0.8143790944051119 -1.5822180303673576 -0.47071297126720424
FixedParameters: 0 0 0
#Transform 87
Transform: MatrixOffsetTransformBase_double_3_3
Parameters: 0.9998900608131601 -0.014582757626500523 0.002505198170968997 0.01460616134168706 0.999846207677499 -0.009740664647810954 -0.002362529421631946 0.009776338486144481 0.9999493815001137 0.6995445118828201 -1.5221884812858235 -0.41097028902888155
FixedParameters: 0 0 0
#Transform 88
Transform: MatrixOffsetTransformBase_double_3_3
Parameters: 0.9998778633706208 -0.015304641624128168 0.0029807994533272548 0.015334366138884156 0.9998314793557674 -0.010117110444357535 -0.0028255109456299 0.010161902040708659 0.9999447471823957 0.7956486676052066 -1.656709864883723 -0.49227369262268894
FixedParameters: 0 0 0
#Transform 89
Transform: MatrixOffsetTransformBase_double_3_3
Parameters: 0.9998908499712692 -0.014547897116610947 0.00254946701396147 0.01457273336189262 0.9998430833537184 -0.010088083206057002 -0.002402219897274611 0.010123911630049526 0.9999454878408311 0.7140860617757312 -1.600535838916997 -0.33704286216303103
FixedParameters: 0 0 0
#Transform 90
Transform: MatrixOffsetTransformBase_double_3_3
Parameters: 0.999881751793683 -0.015051378451412977 0.003112944373715179 0.015083346811467332 0.9998313369914875 -0.010518084384519177 -0.002954126803528309 0.010563931858362852 0.999940169968916 0.7952600012312274 -1.6408659119563396 -0.5159474772200667
FixedParameters: 0 0 0
#Transform 91
Transform: MatrixOffsetTransformBase_double_3_3
Parameters: 0.9998812570233487 -0.015176183835332941 0.0027241690154385253 0.015204354965052276 0.9998260803046544 -0.01083816969281065 -0.0025588900352901778 0.010877831494002538 0.9999373634113687 0.771985876945152 -1.7436123234985956 -0.4366365243013206
FixedParameters: 0 0 0
#Transform 92
Transform: MatrixOffsetTransformBase_double_3_3
Parameters: 0.9998729988464536 -0.015631072503151846 0.0031074485878411114 0.015660906114490183 0.9998280626543599 -0.009906416707474941 -0.002952848175138591 0.00995358405146865 0.9999457089984733 0.8262279644037136 -1.6181583242003228 -0.34451209183717424
FixedParameters: 0 0 0
#Transform 93
Transform: MatrixOffsetTransformBase_double_3_3
Parameters: 0.9998842112987533 -0.014954075696863545 0.002854836847833069 0.014985386452929959 0.9998235870584656 -0.011274807001522308 -0.002685901640910624 0.011316184347609726 0.999932424768862 0.7568068499404035 -1.6843403473266534 -0.5775922944967817
FixedParameters: 0 0 0
#Transform 94
Transform: MatrixOffsetTransformBase_double_3_3
Parameters: 0.999916218408335 -0.012917516692296554 0.0009536152576796193 0.012926961785582454 0.9998623840285867 -0.010391055089410545 -0.0008192518681528895 0.010401944906817395 0.9999456450450623 0.5585312891091405 -1.6275044685731928 -0.3454262354360651
FixedParameters: 0 0 0
#Transform 95
Transform: MatrixOffsetTransformBase_double_3_3
Parameters: 0.9999176451639419 -0.012794307746614048 0.0008038837450406251 0.012802402560554371 0.9998662053551867 -0.010145500491203469 -0.0006737399916818019 0.010155491781048548 0.9999483608108707 0.5261382705007946 -1.5400964561908665 -0.2538982104105969
FixedParameters: 0 0 0
#Transform 96
Transform: MatrixOffsetTransformBase_double_3_3
Parameters: 0.9999099765122884 -0.013204248245584015 0.002581169253976403 0.01323051139614684 0.9998583111189366 -0.010368522883835413 -0.002443277902415747 0.010401460865644196 0.9999429535333878 0.6583302521834327 -1.5461579714713878 -0.4735365111995975
FixedParameters: 0 0 0
#Transform 97
Transform: MatrixOffsetTransformBase_double_3_3
Parameters: 0.9998937900814239 -0.014445233790765318 0.0021297501901163043 0.014467370617893358 0.9998358824646923 -0.010876864016809401 -0.0019727511973032185 0.010906137909297398 0.9999386383671244 0.7177267309606066 -1.6534865904069846 -0.36763155089869315
FixedParameters: 0 0 0
#Transform 98
Transform: MatrixOffsetTransformBase_double_3_3
Parameters: 0.9998953378820745 -0.014311128449489572 0.002201143804345291 0.014334305410569056 0.9998371629635469 -0.010985855154559104 -0.002043696554399495 0.01101615009003723 0.9999371108465844 0.6612543014135497 -1.5515796387289242 -0.6541454954522692
FixedParameters: 0 0 0
#Transform 99
Transform: MatrixOffsetTransformBase_double_3_3
Parameters: 0.9999793139226953 -0.005890917455371148 0.0024466430577433605 0.005916665582932494 0.9999233878449368 -0.010913727680639834 -0.0023823198396633826 0.010927283336874843 0.9999374017793845 0.41061142977279985 -1.3645803805331553 0.028321972836238274
FixedParameters: 0 0 0
#Transform 100
Transform: MatrixOffsetTransformBase_double_3_3
Parameters: 0.9999595822350178 -0.008643842504182852 0.0023874568883762316 0.008669757227055354 0.9999009209425924 -0.011049185312039828 -0.002291629576668459 0.011068802416436124 0.9999360460690717 0.4604756144696296 -1.3886731083808854 -0.1974837768388511
FixedParameters: 0 0 0
#Transform 101
Transform: MatrixOffsetTransformBase_double_3_3
Parameters: 0.9999240493805458 -0.012053176304288564 0.0023803414112831714 0.01208054562792235 0.9998567413595998 -0.011861593897912498 -0.0022371997690666568 0.01188941982093969 0.9999272322667527 0.5891710561154611 -1.60419648932438 -0.4145368509438754
FixedParameters: 0 0 0
#Transform 102
Transform: MatrixOffsetTransformBase_double_3_3
Parameters: 0.9999250920087481 -0.01210548331661455 0.001534453902543228 0.012124012515077378 0.9998494418475284 -0.012379610101087263 -0.0013840810184837307 0.012397387349214972 0.9999226771217721 0.536876228240132 -1.6755538363869107 -0.3643946097539015
FixedParameters: 0 0 0
#Transform 103
Transform: MatrixOffsetTransformBase_double_3_3
Parameters: 0.9999127076315592 -0.013034183641534207 0.002321783053300922 0.013059130790940144 0.9998545363897506 -0.0109808843955011 -0.0021789968174119314 0.011010133771228198 0.9999373510946231 0.6617544449707395 -1.5502936111243457 -0.32715031449606613
FixedParameters: 0 0 0
#Transform 104
Transform: MatrixOffsetTransformBase_double_3_3
Parameters: 0.9999054102300182 -0.013435479654397932 0.0028401467415544532 0.013471314118981335 0.9998252378526749 -0.012942460452232046 -0.0026658392919994465 0.012979532471310395 0.9999121674728451 0.6538171706708482 -1.708598496500798 -0.6008552765085255
FixedParameters: 0 0 0
#Transform 105
Transform: MatrixOffsetTransformBase_double_3_3
Parameters: 0.9999036349012003 -0.013699608148892015 0.0023825461537581205 0.013725901483379125 0.9998407418602412 -0.01137967144010879 -0.002226060991425308 0.011411313076124613 0.9999321573881665 0.5588305462519827 -1.6077325784041392 -0.5331079436760433
FixedParameters: 0 0 0
#Transform 106
Transform: MatrixOffsetTransformBase_double_3_3
Parameters: 0.9999282686139037 -0.011915774291859716 0.001319247048529872 0.011929793238815206 0.9998662338481998 -0.011210028044771864 -0.0011859560437795479 0.011224984088971102 0.9999363530555253 0.47067999964795604 -1.5811965134282246 -0.18257545476888026
FixedParameters: 0 0 0
#Transform 107
Transform: MatrixOffsetTransformBase_double_3_3
Parameters: 0.9999101956636502 -0.013232238002219657 0.0021686571486293315 0.013255402693499943 0.9998511472189073 -0.011061069665128709 -0.002022796902273963 0.011088950966287064 0.9999367184151294 0.5843578139415371 -1.537351447961143 -0.3367901146638417
FixedParameters: 0 0 0
#Transform 108
Transform: MatrixOffsetTransformBase_double_3_3
Parameters: 0.9999107623908209 -0.013238138855438106 0.0019983440134750344 0.013258824413360865 0.9998493602180138 -0.01121046642050133 -0.001849642100183639 0.01123652201666872 0.9999344491737028 0.6078902470985525 -1.6273011719694352 -0.43665919161639977
FixedParameters: 0 0 0
#Transform 109
Transform: MatrixOffsetTransformBase_double_3_3
Parameters: 0.9999019001464445 -0.013881357405930937 0.0018403728057252418 0.013901686163393592 0.9998413269262346 -0.011126177986990199 -0.0016865545032062677 0.01115083084569421 0.999936420894239 0.6348194392325013 -1.6323479338682034 -0.3292461139652403
FixedParameters: 0 0 0
#Transform 110
Transform: MatrixOffsetTransformBase_double_3_3
Parameters: 0.9999061438503102 -0.013590119825369324 0.0017774286478507038 0.013607744972906165 0.9998521235784606 -0.0105006033662296 -0.0016350128387095076 0.01052439525755669 0.9999429784856391 0.5671758453206053 -1.491260781326119 -0.3821974649787876
FixedParameters: 0 0 0
#Transform 111
Transform: MatrixOffsetTransformBase_double_3_3
Parameters: 0.9998984530455307 -0.014063777598763752 0.0021786844386477403 0.014087234147975369 0.9998380929294769 -0.011169775931078846 -0.002021510803707722 0.011199219467904226 0.9999351535919695 0.6470460879576336 -1.6248412107972996 -0.44294105298300224
FixedParameters: 0 0 0
#Transform 112
Transform: MatrixOffsetTransformBase_double_3_3
Parameters: 0.9999029239570946 -0.013817621596395548 0.0020349049168927737 0.013838161587558127 0.9998494081832769 -0.010479391995703191 -0.001889720918175501 0.010506614401233155 0.9999432928062296 0.6190965826175159 -1.5206093857255922 -0.35467284703679525
FixedParameters: 0 0 0
#Transform 113
Transform: MatrixOffsetTransformBase_double_3_3
Parameters: 0.9998867210124786 -0.014784360700554198 0.0029477321764316503 0.014819246206491632 0.9998158966262392 -0.012191510167774283 -0.0027669059419158887 0.012234493978094646 0.9999214815198965 0.7589522537810325 -1.7312052902576909 -0.6034705584411881
FixedParameters: 0 0 0
#Transform 114
Transform: MatrixOffsetTransformBase_double_3_3
Parameters: 0.9998744190497959 -0.015566103601717847 0.0028748987279285415 0.01559703588688175 0.9998164176092408 -0.011159111327560756 -0.002700820073048948 0.011201907165421243 0.9999339705959766 0.7896765527128053 -1.7090314463437863 -0.3740995031691057
FixedParameters: 0 0 0
#Transform 115
Transform: MatrixOffsetTransformBase_double_3_3
Parameters: 0.999881419980699 -0.015068638845658044 0.003241429814682847 0.015106542102134229 0.9998126414579356 -0.012138432997652354 -0.0030583813975644464 0.012186581973435695 0.9999208970114164 0.8022375236652124 -1.7003225640573447 -0.526986006337296
FixedParameters: 0 0 0
#Transform 116
