#Insight Transform File V1.0
#Transform 0
Transform: MatrixOffsetTransformBase_double_3_3
Parameters: 0.9999968952560816 -0.002439205532242992 0.0010742446603936653 0.002440522517677959 0.9999967462425329 -0.0008191470158603054 -0.0010721935491300526 0.0008208520235989669 0.9999988042120224 0.13445385101788077 -0.5023569948824615 0.089411259543283
FixedParameters: 0 0 0
#Transform 1
Transform: MatrixOffsetTransformBase_double_3_3
Parameters: 0.999995385527997 -0.00258050676135329 0.0013986965762534042 0.0025833794805611952 0.9999938965942468 -0.0022019457266857223 -0.0013927230974626077 0.0022060531002205397 0.9999967736717943 0.2002154628938797 -0.681407118255791 -0.16829504315975896
FixedParameters: 0 0 0
#Transform 2
Transform: MatrixOffsetTransformBase_double_3_3
Parameters: 0.9999950376300055 -0.0028869601305862402 0.0007916165623681398 0.0028898825034167205 0.9999904883328026 -0.003122540672583357 -0.0007823488178200752 0.003124456768831746 0.9999950367094788 0.18671168255873738 -0.8198067853560786 -0.02030925324501709
FixedParameters: 0 0 0
#Transform 3
Transform: MatrixOffsetTransformBase_double_3_3
Parameters: 0.9999959162890859 -0.0029056985420728397 0.0007998000446571383 0.002907940451448984 0.9999924664528402 -0.002380499632090194 -0.0007927808288779659 0.0023824987954915167 0.9999971067137783 0.13687236916091194 -0.710415459248992 0.025300409883556085
FixedParameters: 0 0 0
#Transform 4
Transform: MatrixOffsetTransformBase_double_3_3
Parameters: 0.9999947168645462 -0.003271244401137767 0.000762840482772503 0.0032736062617048896 0.999989925340888 -0.0030186007382157765 -0.0007528263914162207 0.003021400214081732 0.9999955506278436 0.21685267984777568 -0.854191117346403 -0.1902983205229134
FixedParameters: 0 0 0
#Transform 5
Transform: MatrixOffsetTransformBase_double_3_3
Parameters: 0.9999947664696878 -0.003175008362908998 0.0010738320502971898 0.0031782760008225177 0.9999908865359796 -0.002915850255641922 -0.0010638510198679896 0.0029191465690417695 0.9999948562464308 0.23697744914605323 -0.8977120614518412 0.03879400774735586
FixedParameters: 0 0 0
#Transform 6
Transform: MatrixOffsetTransformBase_double_3_3
Parameters: 0.9999942930002559 -0.003152293196546692 0.0008787506605475922 0.00315379564899764 0.999992295297669 -0.002301272854804387 -0.0008708352913697792 0.0023037271148565464 0.9999973946478331 0.21706938485256444 -0.72336712467947 0.03309635525062049
FixedParameters: 0 0 0
#Transform 7
Transform: MatrixOffsetTransformBase_double_3_3
Parameters: 0.9999948109803887 -0.0031110823368561314 0.001228994192334454 0.003113374096829566 0.9999933387953497 -0.001872215093030677 -0.0012229557208033534 0.001876783872179516 0.9999974446607727 0.24062927537367784 -0.7197832902621428 -0.09958477344312655
FixedParameters: 0 0 0
#Transform 8
Transform: MatrixOffsetTransformBase_double_3_3
Parameters: 0.9999944105058495 -0.003103904730699731 0.0009782142645804789 0.0031053513527202112 0.9999931999370555 -0.0019220036263932483 -0.000971900029540135 0.0019249957493750192 0.9999978108390094 0.2380985394083126 -0.736102674581204 -0.1078318754690315
FixedParameters: 0 0 0
#Transform 9
Transform: MatrixOffsetTransformBase_double_3_3
Parameters: 0.9999959781722992 -0.0027132565384805642 0.0008118531155813443 0.00271476320022256 0.9999948328081605 -0.0016126656634934677 -0.0008079679861854939 0.001615333531054336 0.9999979353599286 0.18440445548179696 -0.6717522647262228 0.060247535890312065
FixedParameters: 0 0 0
#Transform 10
Transform: MatrixOffsetTransformBase_double_3_3
Parameters: 0.9999945988737076 -0.0030970251122535855 0.0009007913077179248 0.0030979944152037136 0.9999933730668757 -0.0019442997120295569 -0.0008953402164519577 0.0019477028219950232 0.9999976519431953 0.1912642095412025 -0.6109089007865265 -0.027640543254790373
FixedParameters: 0 0 0
#Transform 11
Transform: MatrixOffsetTransformBase_double_3_3
Parameters: 0.9999950546998908 -0.002784423285535278 0.0010922429871014238 0.0027861825462571804 0.9999945054771309 -0.0017617314416034924 -0.0010870761425062763 0.0017642694987769492 0.9999983328645047 0.22204627466327054 -0.7096569815090703 -0.11764544714841918
FixedParameters: 0 0 0
#Transform 12
Transform: MatrixOffsetTransformBase_double_3_3
Parameters: 0.9999933368777669 -0.00342299883643825 0.0009739462901842522 0.0034236373182755845 0.9999924765913321 -0.0015129213715132372 -0.0009692063270032573 0.001516079066131798 0.9999982728483021 0.20215967290705805 -0.6966965785858008 0.06617929201311767
FixedParameters: 0 0 0
#Transform 13
Transform: MatrixOffsetTransformBase_double_3_3
Parameters: 0.9999931496155747 -0.00339797894594574 0.0015176900728501328 0.0034007838515618762 0.9999926572479685 -0.0016839997296049236 -0.001511853219676127 0.0016890003161736666 0.9999978037794518 0.22060787041984042 -0.6712886868430132 -0.101205222400921
FixedParameters: 0 0 0
#Transform 14
Transform: MatrixOffsetTransformBase_double_3_3
Parameters: 0.9999930617435284 -0.0035928323886755395 0.001016047407011197 0.0035942258943223904 0.9999921907665639 -0.0018248253086982358 -0.0010085494985769207 0.0018281743329505995 0.9999981987445881 0.2165879089705811 -0.8071800227994999 -0.05621946870351735
FixedParameters: 0 0 0
#Transform 15
Transform: MatrixOffsetTransformBase_double_3_3
Parameters: 0.9999962150235517 -0.0025703865231304704 0.0010853136796935708 0.0025727146576173684 0.999994397277765 -0.00213803021152853 -0.0010799393018922035 0.0021409680925145724 0.9999966628008348 0.21786595481371762 -0.8468397169594368 0.08185024188603052
FixedParameters: 0 0 0
#Transform 16
Transform: MatrixOffsetTransformBase_double_3_3
Parameters: 0.9999952483845203 -0.002902574854066257 0.0005719949867993801 0.0029034476531017163 0.9999936358099482 -0.0019332116567407631 -0.0005666169664859258 0.001934788710208163 0.9999981318384668 0.20168981213772952 -0.7261956028858236 0.061170018276584415
FixedParameters: 0 0 0
#Transform 17
Transform: MatrixOffsetTransformBase_double_3_3
Parameters: 0.999995592780174 -0.002966989788654074 0.0007789344833668876 0.002967563012960727 0.9999940223140563 -0.0017097756472379821 -0.0007734346034565129 0.0017122215242082461 0.9999977154111067 0.24252897330944734 -0.7803729196070179 -0.09452842699951702
FixedParameters: 0 0 0
#Transform 18
Transform: MatrixOffsetTransformBase_double_3_3
Parameters: 0.9999942999956204 -0.003225835921225228 0.0005402173484037782 0.0032274936563727375 0.9999930529666229 -0.0018713960391482098 -0.0005342058546560832 0.0018736042472907166 0.9999982344910633 0.21257447889483672 -0.8274149944042506 0.07517315334754926
FixedParameters: 0 0 0
#Transform 19
Transform: MatrixOffsetTransformBase_double_3_3
Parameters: 0.9999950935543599 -0.0031093666620105233 0.0004908990992876691 0.0031081532441299855 0.9999948266464428 0.0006933996296916156 -0.0004930328629243356 -0.0006915994007444526 0.9999993077937528 0.19077360288144973 -0.46509403066950483 0.053338070975200935
FixedParameters: 0 0 0
#Transform 20
Transform: MatrixOffsetTransformBase_double_3_3
Parameters: 0.9999952098615721 -0.0031015179959443255 0.00041316233612975084 0.0031014539286612765 0.9999953453809985 0.0000781524961947222 -0.0004136430352059107 -0.0000768467604514711 0.9999998524681194 0.1908696747780141 -0.6219245702621805 -0.09753196453445412
FixedParameters: 0 0 0
#Transform 21
Transform: MatrixOffsetTransformBase_double_3_3
Parameters: 0.9999957269890741 -0.002975840518408625 0.0006461318579676664 0.00297655499007373 0.9999944033315458 -0.0012409464619341504 -0.0006426395288513575 0.0012430537561119448 0.9999992385210057 0.2207972093881665 -0.8023589735996239 0.017734517755997103
FixedParameters: 0 0 0
#Transform 22
Transform: MatrixOffsetTransformBase_double_3_3
Parameters: 0.999996454746751 -0.0027148909512050294 0.0004183259030109137 0.002714889964352517 0.9999961531858379 -0.0005287304322839081 -0.00041740381293474367 0.0005292710007308854 0.9999997418771862 0.1571963518570243 -0.6220330675241001 -0.08248835734804061
FixedParameters: 0 0 0
#Transform 23
Transform: MatrixOffsetTransformBase_double_3_3
Parameters: 0.9999958627166226 -0.002768207458206072 0.0006886049439464796 0.002768344014388138 0.9999959630596451 -0.00041995948285966644 -0.0006882243171434835 0.0004220425882656975 0.99999954517341 0.20491457233305255 -0.7784019369420321 -0.023208522642988783
FixedParameters: 0 0 0
#Transform 24
Transform: MatrixOffsetTransformBase_double_3_3
Parameters: 0.9999961794864235 -0.002640234272592383 0.0009212616322662401 0.0026411776041595477 0.9999959003660824 -0.0008721695296638743 -0.0009195737254529306 0.0008748325468825313 0.9999997531111368 0.201094968268265 -0.6654604725165569 0.09715685438763444
FixedParameters: 0 0 0
#Transform 25
Transform: MatrixOffsetTransformBase_double_3_3
Parameters: 0.9999953337766764 -0.002940658355259289 0.00013872791974963415 0.0029406058303002567 0.9999952101891377 -0.0006145566230147947 -0.00013608605925571047 0.000615440070269091 0.9999993671381313 0.17105816451250178 -0.5991537824637305 0.05697334497958195
FixedParameters: 0 0 0
#Transform 26
Transform: MatrixOffsetTransformBase_double_3_3
Parameters: 0.9999952334810448 -0.0030535553029222206 0.0006651174802426334 0.003054198567733178 0.9999947223139246 -0.000983886807159079 -0.0006620236882488588 0.0009871132297092633 0.9999995687421676 0.19554363954496523 -0.725821466071551 -0.03201055461633473
FixedParameters: 0 0 0
#Transform 27
Transform: MatrixOffsetTransformBase_double_3_3
Parameters: 0.9999976711471704 -0.0022602465560242957 0.00046932313189713607 0.0022607601907740477 0.9999962068762833 -0.00125837410337451 -0.0004665565993248975 0.001259625483298138 0.9999992941040708 0.1666218564351425 -0.6673949563656407 0.08526290140042647
FixedParameters: 0 0 0
#Transform 28
Transform: MatrixOffsetTransformBase_double_3_3
Parameters: 0.9999967077750711 -0.002622105202576272 0.0006455107507599557 0.0026228767214600034 0.9999960369527012 -0.0009421740112366406 -0.0006425149974367409 0.0009438235024683272 0.9999988923231661 0.17230828918614804 -0.6404774486896372 -0.0717163072879714
FixedParameters: 0 0 0
#Transform 29
Transform: MatrixOffsetTransformBase_double_3_3
Parameters: 0.9999977840934106 -0.0022454723460641835 0.00041695183918944855 0.0022456554943489377 0.9999975739961336 -0.0004857131435848927 -0.00041574427505713214 0.00048628675494943874 0.9999997377046425 0.12074025401280153 -0.6467205957648048 0.12941796986967802
FixedParameters: 0 0 0
#Transform 30
Transform: MatrixOffsetTransformBase_double_3_3
Parameters: 0.9999955405322297 -0.002895137913932472 -0.0002769270493716105 0.0028951572522088955 0.9999952716623899 -0.0009206009545864313 0.00028008520627302705 0.0009203975525717556 0.9999995742269144 0.1155836282340772 -0.5893906176229109 0.056116015713200795
FixedParameters: 0 0 0
#Transform 31
Transform: MatrixOffsetTransformBase_double_3_3
Parameters: 0.9999950813755155 -0.0031191477448928146 0.0004356428965152477 0.0031194174757599876 0.9999949208894642 -0.0005647729915705113 -0.0004330901010502142 0.0005662242217319147 0.9999995209055459 0.15246067348653014 -0.5608401374027352 0.10016067084760039
FixedParameters: 0 0 0
#Transform 32
Transform: MatrixOffsetTransformBase_double_3_3
Parameters: 0.9999952197566334 -0.003107975955744145 -0.00034910526106409325 0.003107112669144982 0.999993957560919 -0.001356101783860142 0.0003534077172343158 0.0013548958277099232 0.9999985874280474 0.1575648110835175 -0.7044837630846956 -0.2956056397848954
FixedParameters: 0 0 0
#Transform 33
Transform: MatrixOffsetTransformBase_double_3_3
Parameters: 0.999995488141844 -0.0023478719753923416 -0.0017316640470187057 0.0023442061637895775 0.999994538490507 -0.002209048802620933 0.0017370111749449 0.002204950521034449 0.9999962079222687 0.11642407539842736 -0.8372431319110802 -0.2876591577567069
FixedParameters: 0 0 0
#Transform 34
Transform: MatrixOffsetTransformBase_double_3_3
Parameters: 0.9999971918703537 -0.0020947581293430557 -0.0011914335217357776 0.0020922844020073886 0.9999949821905821 -0.0022996463275053447 0.0011962706882902552 0.0022973530820319943 0.9999966434473769 0.07565561141630894 -1.0680174799322515 0.05433199706860137
FixedParameters: 0 0 0
#Transform 35
Transform: MatrixOffsetTransformBase_double_3_3
Parameters: 0.9999971063333568 -0.0024165443311184006 -0.00023229376668620438 0.0024162259409997804 0.9999966395821758 -0.001344311869541731 0.00023564204659539575 0.0013436885498273876 0.9999988540719219 0.09939704533255167 -0.7913922614011994 0.08528267856209482
FixedParameters: 0 0 0
#Transform 36
Transform: MatrixOffsetTransformBase_double_3_3
Parameters: 0.9999976603294903 -0.002310148344850768 0.00004976663778260518 0.0023103951874556663 0.9999960303462537 -0.0016435860176707284 -0.00004629488549498593 0.0016434135063094213 0.99999822778877 0.10467591075726546 -0.7304316873465666 0.054582610908909146
FixedParameters: 0 0 0
#Transform 37
Transform: MatrixOffsetTransformBase_double_3_3
Parameters: 0.9999965533640691 -0.0024883280126794705 -0.0005043817155406977 0.0024876993403528183 0.9999955658313063 -0.001671839454967461 0.0005083554922493036 0.001671161057834103 0.9999983996946246 0.05711243959686385 -0.6560549147238248 0.027684095490570826
FixedParameters: 0 0 0
#Transform 38
Transform: MatrixOffsetTransformBase_double_3_3
Parameters: 0.9999974529330692 -0.002226609899132359 -0.0007669695844762869 0.002225735786731346 0.999996054068301 -0.0018950768366995663 0.0007708393479708699 0.0018939268002085285 0.999998220581292 0.034703281276748044 -0.6845487000804695 0.011209846172477
FixedParameters: 0 0 0
#Transform 39
Transform: MatrixOffsetTransformBase_double_3_3
Parameters: 0.9999973679186821 -0.00235439912134714 -0.00029985795513537135 0.0023534093402461037 0.9999956032559243 -0.001786240969407854 0.0003041439935630364 0.0017857586807988324 0.9999983850573061 0.078400572845851 -0.6729862795948947 0.052071393202822946
FixedParameters: 0 0 0
#Transform 40
Transform: MatrixOffsetTransformBase_double_3_3
Parameters: 0.9999962152683919 -0.002572897488333044 -0.00040610586669360754 0.0025720618186577545 0.9999945014424992 -0.002053582565109735 0.0004113496805904404 0.0020524191456885443 0.9999982841812844 0.08702630723830396 -0.6780930973103239 -0.08693574205886989
FixedParameters: 0 0 0
#Transform 41
Transform: MatrixOffsetTransformBase_double_3_3
Parameters: 0.9999976887216867 -0.002071164286101642 -0.00015035036444635644 0.0020703369810375046 0.9999956428578309 -0.0022777988629871238 0.00015468538147574127 0.002277204847250136 0.9999976718185074 0.1047008035508128 -0.832758819988868 -0.057481173645868466
FixedParameters: 0 0 0
#Transform 42
Transform: MatrixOffsetTransformBase_double_3_3
Parameters: 0.9999970912760524 -0.002425357252199423 0.00016084755074146913 0.002425822356930375 0.9999956452597971 -0.0018813135427858396 -0.00015681730538581756 0.0018816896274506112 0.9999983659092131 0.16181151135819505 -0.7972876280193759 0.07022468187048503
FixedParameters: 0 0 0
#Transform 43
Transform: MatrixOffsetTransformBase_double_3_3
Parameters: 0.9999969044062316 -0.002375382798729556 -0.0006718467514918904 0.002374565839437151 0.9999952117179964 -0.002118133058725047 0.0006773371976480391 0.002115868246992947 0.9999977292840997 0.07666084588120725 -0.7543336175688751 -0.20615407104014594
FixedParameters: 0 0 0
#Transform 44
Transform: MatrixOffsetTransformBase_double_3_3
Parameters: 0.9999964530427257 -0.002522938066664181 -0.00042764001207806714 0.0025213591815084813 0.999993673451803 -0.002552666478015303 0.0004342216531720661 0.0025523340312448572 0.9999967490348027 0.09309084665054002 -0.9740092382642018 0.0633422273566282
FixedParameters: 0 0 0
#Transform 45
Transform: MatrixOffsetTransformBase_double_3_3
Parameters: 0.999996092696185 -0.002711314093287838 -0.0007460752041363511 0.0027088042239887884 0.9999927170745573 -0.0027376126706571413 0.0007543918986908857 0.0027353875992884857 0.9999963986989578 0.08117780134526242 -0.8814490847892102 -0.1322195803094246
FixedParameters: 0 0 0
#Transform 46
Transform: MatrixOffsetTransformBase_double_3_3
Parameters: 0.9999955561425974 -0.0026725315106577796 -0.0011408859534256105 0.0026686754270032905 0.9999918056093949 -0.003136686175470804 0.0011496969453664203 0.0031333120342831866 0.999994093999218 0.08419924519456856 -1.0447280850596314 -0.04387521977724873
FixedParameters: 0 0 0
#Transform 47
Transform: MatrixOffsetTransformBase_double_3_3
Parameters: 0.9999985605046855 -0.0018511217520825486 0.00011058633922959621 0.0018516541731409344 0.9999965429123653 -0.002036280183693645 -0.00010716775158259073 0.002036720975115869 0.9999977229098258 0.10254387292798128 -0.7118228215273916 0.09617373239652238
FixedParameters: 0 0 0
#Transform 48
Transform: MatrixOffsetTransformBase_double_3_3
Parameters: 0.9999981830932319 -0.00179551915209948 -0.000769709517984077 0.0017937891350213384 0.9999945831658134 -0.0029297020119736783 0.0007744607058927645 0.0029283023074016257 0.9999954417798197 0.09468479933848073 -0.8078708565263497 -0.17944026049232775
FixedParameters: 0 0 0
#Transform 49
Transform: MatrixOffsetTransformBase_double_3_3
Parameters: 0.9999975719150632 -0.00229435249468046 -0.0004026172440326898 0.002294253270286135 0.9999944768625355 -0.0023654596630016955 0.0004079289518405283 0.002364539494116996 0.9999969085736711 0.061090906369926756 -0.7518464803127216 0.03425991261087802
FixedParameters: 0 0 0
#Transform 50
Transform: MatrixOffsetTransformBase_double_3_3
Parameters: 0.9999972032234847 -0.0019565895416966588 -0.0009842511068147272 0.0019538540814058713 0.9999937635809012 -0.0028020273010680996 0.0009894423700269246 0.0027999719181795724 0.9999957483932125 0.05536169975623295 -0.8309167784691027 -0.12923227462275122
FixedParameters: 0 0 0
#Transform 51
Transform: MatrixOffsetTransformBase_double_3_3
Parameters: 0.9999965250750177 -0.0024370810722090987 -0.0007309111977657445 0.002435456175835156 0.9999925040227116 -0.0028571515257583557 0.0007380925831880229 0.0028558460120507445 0.9999957018153974 0.06027101591385531 -0.8447871145031343 -0.004550199873307292
FixedParameters: 0 0 0
#Transform 52
Transform: MatrixOffsetTransformBase_double_3_3
Parameters: 0.9999974837855768 -0.0021181575296608866 -0.00017336249434239025 0.0021173932400655915 0.999992054151991 -0.0032926884013881053 0.0001800410950696355 0.0032933115199299534 0.9999947418531053 0.11260673124895959 -0.8234252303799536 -0.010240908383622127
FixedParameters: 0 0 0
#Transform 53
Transform: MatrixOffsetTransformBase_double_3_3
Parameters: 0.999997786227019 -0.0022234997744283564 -0.0005183259021829829 0.002222808791576408 0.9999945930362507 -0.0024086877063174694 0.0005234922653332825 0.0024073110506689643 0.9999965962338407 0.0889760232841752 -0.723604100714212 -0.06698337220294093
FixedParameters: 0 0 0
#Transform 54
Transform: MatrixOffsetTransformBase_double_3_3
Parameters: 0.9999978256802146 -0.0019601073000070834 -0.000576140847417834 0.0019587313222953094 0.9999939315931149 -0.0027594465587102712 0.000581412576998446 0.0027585499738062846 0.9999956698900722 0.09260172306220227 -0.8492629755371013 -0.06535140621895152
FixedParameters: 0 0 0
#Transform 55
Transform: MatrixOffsetTransformBase_double_3_3
Parameters: 0.9999972823906714 -0.0023908700158520326 0.000060892443080603944 0.0023899963733946773 0.99999557466113 -0.0019986067762965687 -0.00005621119399660835 0.001999394094632928 0.9999977157068479 0.11356999326696382 -0.7323194840501799 0.05863593579533699
FixedParameters: 0 0 0
#Transform 56
Transform: MatrixOffsetTransformBase_double_3_3
Parameters: 0.9999967498796034 -0.0024968435739950562 0.00012822050315417947 0.0024969633313164353 0.999993069658668 -0.00278638607815751 -0.00012135278011713928 0.002786614789719477 0.9999961509996014 0.14843011165390863 -0.8405823883102528 -0.12755036895924832
FixedParameters: 0 0 0
#Transform 57
Transform: MatrixOffsetTransformBase_double_3_3
Parameters: 0.9999974388991515 -0.002133554585527662 0.00009799664825711323 0.0021335974825628535 0.9999928139062185 -0.003271495657189788 -0.00009108418149848064 0.003271504621403132 0.9999942194861542 0.1606218330134226 -0.9901126687081927 -0.007531711052990886
FixedParameters: 0 0 0
#Transform 58
Transform: MatrixOffsetTransformBase_double_3_3
Parameters: 0.9999986490048652 -0.001830495467534029 -0.000025871230850249625 0.0018301941370306876 0.9999941270491879 -0.0029395325279527873 0.000031534578729626504 0.002939465088955401 0.9999952405904765 0.15955416011489376 -0.8930403737919477 0.026957829571159664
FixedParameters: 0 0 0
#Transform 59
Transform: MatrixOffsetTransformBase_double_3_3
Parameters: 0.9999973714762779 -0.0023510276564730932 0.0003204186952265695 0.002351245961102214 0.9999935519413886 -0.0027879037552123176 -0.00031413473431184347 0.0027880993950315514 0.9999962735862237 0.15933899294265075 -0.8190521596862226 0.017273132547444447
FixedParameters: 0 0 0
#Transform 60
Transform: MatrixOffsetTransformBase_double_3_3
Parameters: 0.9999974633517567 -0.0022927067250802977 0.0005292486779347044 0.0022943510569382927 0.9999924060113891 -0.003038226216557721 -0.0005221345778549539 0.0030397734049511793 0.9999955862315444 0.1693947573228627 -0.8894040146459901 -0.15980592922861092
FixedParameters: 0 0 0
#Transform 61
Transform: MatrixOffsetTransformBase_double_3_3
Parameters: 0.9999956182801429 -0.0028276187854626507 0.0006217328218473962 0.00282979332910078 0.9999888143988285 -0.0037391198149921145 -0.0006113005936774461 0.0037408793468615698 0.9999928285280013 0.19865198342466783 -1.0585288043399004 -0.1060847309788926
FixedParameters: 0 0 0
#Transform 62
Transform: MatrixOffsetTransformBase_double_3_3
Parameters: 0.9999963508063118 -0.00257416775304682 0.00015391546877617773 0.002574289257422138 0.9999920693173274 -0.0030613121072354532 -0.00014617611851464344 0.003061690160927444 0.9999955358424083 0.14363719370464878 -0.8390687333112652 0.03184477806954078
FixedParameters: 0 0 0
#Transform 63
Transform: MatrixOffsetTransformBase_double_3_3
Parameters: 0.9999977366401849 -0.0022182464455418067 0.0005848067126044531 0.0022210024894420456 0.9999883529386648 -0.0042843115308865976 -0.0005755381146241323 0.004284688944822701 0.99999066960246 0.194383622252019 -1.0054077865698048 -0.24942106217761761
FixedParameters: 0 0 0
#Transform 64
Transform: MatrixOffsetTransformBase_double_3_3
Parameters: 0.9999984731368354 -0.001531817343011778 0.00042431017036410716 0.001533573568785083 0.9999930621325291 -0.0033965703075536646 -0.0004187727272317872 0.003397430386532424 0.9999943317027765 0.1678290757488412 -0.9746156989850192 0.03302707378861669
FixedParameters: 0 0 0
#Transform 65
Transform: MatrixOffsetTransformBase_double_3_3
Parameters: 0.999996958984304 -0.00242661672177364 0.0003886578302790531 0.0024282696163600986 0.9999931794397939 -0.002603710151735661 -0.00038208808808949923 0.0026042848210308667 0.9999962178825289 0.16395266325987734 -0.8389645847427403 -0.10198901221966139
FixedParameters: 0 0 0
#Transform 66
Transform: MatrixOffsetTransformBase_double_3_3
Parameters: 0.9999966783269326 -0.00251438634214089 -0.000021215463142931442 0.002513927286011505 0.9999894404346128 -0.0037827607492444126 0.00003004058769926291 0.0037822374209569853 0.999992623139356 0.14615284687658914 -1.0369124888394055 -0.0970105319044876
FixedParameters: 0 0 0
#Transform 67
Transform: MatrixOffsetTransformBase_double_3_3
Parameters: 0.9999973030971815 -0.002127812481537759 0.0004121797923351151 0.0021288788605556886 0.9999913102130981 -0.003472561350591985 -0.0004051974129870976 0.0034734368155769912 0.9999938693314165 0.1681050542750171 -0.9226227464686332 0.015400114942565324
FixedParameters: 0 0 0
#Transform 68
Transform: MatrixOffsetTransformBase_double_3_3
Parameters: 0.9999966222525288 -0.0024414375256002112 0.000645260425705185 0.002443678095763407 0.9999919475372333 -0.003299297637959109 -0.000637915796447624 0.0033007035105794558 0.9999938946178064 0.19606711637514707 -0.8810530300097668 -0.0070468063104272005
FixedParameters: 0 0 0
#Transform 69
Transform: MatrixOffsetTransformBase_double_3_3
Parameters: 0.9999980245741229 -0.0019297080956677936 0.0005012989680780305 0.0019315368025353244 0.9999931256118134 -0.003169470006544828 -0.0004949096540074414 0.0031705291169862315 0.9999948010946302 0.16434064154431383 -0.8860687245510377 -0.09141007891554409
FixedParameters: 0 0 0
#Transform 70
Transform: MatrixOffsetTransformBase_double_3_3
Parameters: 0.999998690881126 -0.0017771839649812343 0.0003884117292098798 0.0017786073171131742 0.9999908181140513 -0.003862745431996134 -0.00038150167702802443 0.003863250056936385 0.9999920271105723 0.1965607048963136 -0.9688474780380716 -0.23667059984725825
FixedParameters: 0 0 0
#Transform 71
Transform: MatrixOffsetTransformBase_double_3_3
Parameters: 0.999996501963643 -0.002737356923493643 0.00005368782032708628 0.0027382015190884536 0.9999939493832612 -0.0021996084484493528 -0.000047935520889394376 0.0022003940640870356 0.9999978725452419 0.11226596325822413 -0.8160522473360174 0.03711464036675238
FixedParameters: 0 0 0
#Transform 72
Transform: MatrixOffsetTransformBase_double_3_3
Parameters: 0.9999973635867603 -0.002372510363839044 -0.00009840789376204561 0.002371366458992986 0.9999936110793942 -0.002798939454195931 0.00010463610434767717 0.002798063390155925 0.9999960892424518 0.09952519182324693 -0.9201594460571982 0.06781154072433537
FixedParameters: 0 0 0
#Transform 73
Transform: MatrixOffsetTransformBase_double_3_3
Parameters: 0.9999964722069622 -0.002518573810332047 0.00043093634430207224 0.0025195579213299645 0.999992025029823 -0.0032297899379662987 -0.00042246427717682435 0.003230211343640793 0.9999945812848522 0.16898614452833272 -0.9466595756287859 -0.10926182088704195
FixedParameters: 0 0 0
#Transform 74
Transform: MatrixOffsetTransformBase_double_3_3
Parameters: 0.9999968084128563 -0.0026720872880347762 0.00022773292318440047 0.0026726503224461713 0.9999916764762675 -0.0030410999778438252 -0.0002194995546781961 0.0030419007003165133 0.9999956304139266 0.1422853057014919 -0.9269283781488582 0.02019525219432694
FixedParameters: 0 0 0
#Transform 75
Transform: MatrixOffsetTransformBase_double_3_3
Parameters: 0.9999974002345654 -0.00212834617682108 0.00026680790615632975 0.002128414003387995 0.999994375791683 -0.0026448721653644647 -0.0002613996129218428 0.0026451321967582153 0.9999970323410763 0.15330160782008306 -0.9505407609074439 -0.08064484902891422
FixedParameters: 0 0 0
#Transform 76
Transform: MatrixOffsetTransformBase_double_3_3
Parameters: 0.9999977521260152 -0.002286178653062915 0.0001391413588114555 0.002287439805398144 0.9999927300480426 -0.003179388140299333 -0.00013186860719076467 0.0031796134396752107 0.9999948035548636 0.13213145190657372 -0.9764820305321393 0.02507273584825498
FixedParameters: 0 0 0
#Transform 77
Transform: MatrixOffsetTransformBase_double_3_3
Parameters: 0.9999968787416676 -0.0024728941269705276 -0.00007501049757179152 0.0024728347650297953 0.9999926491934419 -0.0029189390352868105 0.00008217801007693065 0.0029190577105801807 0.9999951883736932 0.09891798824060061 -0.857777537468337 0.021284245843162353
FixedParameters: 0 0 0
#Transform 78
Transform: MatrixOffsetTransformBase_double_3_3
Parameters: 0.9999958690847213 -0.003006524993005689 0.00030281404442718604 0.0030071661856440617 0.9999922161573254 -0.0024000128243278074 -0.0002964008402845278 0.0024009880447160015 0.9999971280818614 0.14280088454265183 -0.8760953343582258 -0.10461637204329577
FixedParameters: 0 0 0
#Transform 79
Transform: MatrixOffsetTransformBase_double_3_3
Parameters: 0.9999969628560723 -0.0024507544245896628 0.00017852322654345325 0.0024510418547343932 0.9999899430196355 -0.0037572704866070394 -0.00016910250316211025 0.0037577280258709322 0.9999927820872563 0.14588350584297416 -0.9891952686541146 -0.02036791148915995
FixedParameters: 0 0 0
#Transform 80
Transform: MatrixOffsetTransformBase_double_3_3
Parameters: 0.9999971671195628 -0.0023828665638658624 0.000391732217524281 0.0023845707370075213 0.999992550518389 -0.0029357210149980884 -0.0003847825435879193 0.002936275731924509 0.9999953763566388 0.15828594803011242 -0.852316072256329 0.033226288174716956
FixedParameters: 0 0 0
#Transform 81
Transform: MatrixOffsetTransformBase_double_3_3
Parameters: 0.9999966560756955 -0.002694134023096772 0.00029620323709534535 0.0026940964912367 0.9999930766212122 -0.002585123836978148 -0.0002890979417427858 0.0025858741742947056 0.9999962097922945 0.1443106715244511 -0.7979493907879487 -0.11067800637195546
FixedParameters: 0 0 0
#Transform 82
Transform: MatrixOffsetTransformBase_double_3_3
Parameters: 0.9999964435018671 -0.0024678592856028415 0.0006821713943780113 0.002470270176949877 0.9999931809572955 -0.0029191891769710654 -0.0006745780213298775 0.002920810724688694 0.9999952096808111 0.1970603973360454 -0.9270336795724177 -0.03870124256755503
FixedParameters: 0 0 0
#Transform 83
Transform: MatrixOffsetTransformBase_double_3_3
Parameters: 0.9999960401039731 -0.0027224120849261586 0.0007399649304581099 0.002724741772218568 0.999992223865717 -0.0026348069315643985 -0.0007324349231754507 0.0026361869430301943 0.9999959244827903 0.17873330408869492 -0.7942719471681983 0.020025087016051657
FixedParameters: 0 0 0
#Transform 84
Transform: MatrixOffsetTransformBase_double_3_3
Parameters: 0.9999962575964962 -0.0026060930929024577 0.0009757720859871259 0.0026095493408692526 0.9999884530710541 -0.00404028359292416 -0.0009649764591576033 0.004042714533938868 0.9999911368919234 0.23192972525532696 -0.9955614368718528 -0.20216388152368836
FixedParameters: 0 0 0
#Transform 85
Transform: MatrixOffsetTransformBase_double_3_3
Parameters: 0.9999967910648573 -0.0026814826345238118 -0.00013179810217233323 0.0026814188562760493 0.9999898668186805 -0.003637113438102746 0.00014186210782515224 0.003636887005789735 0.9999934685712628 0.11890814336702249 -0.9448617914515438 -0.08527870439084495
FixedParameters: 0 0 0
#Transform 86
Transform: MatrixOffsetTransformBase_double_3_3
Parameters: 0.9999970718029606 -0.0026154301462178657 0.0002962414237303876 0.0026165131326599585 0.9999902113606959 -0.003606936486771961 -0.0002863649603737783 0.0036080661193530206 0.9999938321905425 0.17133280383464466 -1.037944177633932 0.0021615426348660094
FixedParameters: 0 0 0
#Transform 87
Transform: MatrixOffsetTransformBase_double_3_3
Parameters: 0.9999968727599832 -0.0024616009895403437 0.00025955611849043484 0.0024626341066532075 0.9999920810842552 -0.0031500677191624027 -0.0002510898217574241 0.0031509305432936563 0.999994940301067 0.15959784563149526 -0.9372191918403416 0.040883729980322414
FixedParameters: 0 0 0
#Transform 88
Transform: MatrixOffsetTransformBase_double_3_3
Parameters: 0.9999962499411414 -0.0027648853139637013 0.00032747218883129894 0.0027651408397491805 0.999993379236229 -0.002448017563753596 -0.00031978274353550656 0.0024489807038127753 0.9999968803634829 0.1536234692481031 -0.7794611985000586 -0.08990744354099434
FixedParameters: 0 0 0
#Transform 89
Transform: MatrixOffsetTransformBase_double_3_3
Parameters: 0.9999969269954415 -0.0024508127181035477 0.0002577495346100488 0.002451749334302792 0.9999913533024372 -0.0034210765573562396 -0.0002489980611596479 0.0034219242889904633 0.9999941602616085 0.1677989967217286 -0.9699240023291082 0.0154924451246643
FixedParameters: 0 0 0
#Transform 90
Transform: MatrixOffsetTransformBase_double_3_3
Parameters: 0.9999971616651454 -0.0023717158066706105 0.00046251060071993843 0.0023728193956415395 0.9999924093739436 -0.003132560664022732 -0.00045544708445124444 0.003133442025590627 0.9999951208279971 0.1675983109794572 -0.8136877842652126 0.03461099545882007
FixedParameters: 0 0 0
#Transform 91
Transform: MatrixOffsetTransformBase_double_3_3
Parameters: 0.9999983720809633 -0.001824456040947588 0.0005479890723681304 0.001826034922494567 0.9999913573698394 -0.00376943819195405 -0.0005408311377996828 0.003770561357780533 0.9999925887860506 0.1963728439360466 -0.8598488851009449 -0.022366312564884083
FixedParameters: 0 0 0
#Transform 92
Transform: MatrixOffsetTransformBase_double_3_3
Parameters: 0.9999988103888898 -0.001452156268905952 0.0002847543451067969 0.001452940121296779 0.999993618499754 -0.0033498082814421293 -0.0002798979689382947 0.0033501963521270495 0.9999947467985847 0.19793307687868378 -0.907463281612479 -0.049299392713521684
FixedParameters: 0 0 0
#Transform 93
Transform: MatrixOffsetTransformBase_double_3_3
Parameters: 0.9999970718839764 -0.0023892417726104607 0.00046680483170558523 0.002391596206212975 0.9999908452662445 -0.003645545250004434 -0.0004583716793095428 0.003646460530793344 0.9999936398371887 0.19388915871581958 -0.9557452408272411 -0.006438613878998467
FixedParameters: 0 0 0
#Transform 94
Transform: MatrixOffsetTransformBase_double_3_3
Parameters: 0.9999968295216125 -0.0023637307583037545 0.0007643285936222449 0.002365908110219751 0.9999926936956695 -0.0030918504272045844 -0.000756304230927067 0.0030941501796510895 0.9999950024509888 0.18528352737261855 -0.8266058814298418 0.02478928336697095
FixedParameters: 0 0 0
#Transform 95
Transform: MatrixOffsetTransformBase_double_3_3
Parameters: 0.9999981405916711 -0.0019644219250113614 0.00001999462596818691 0.0019645244011572078 0.9999868571610706 -0.0048374544812952724 -0.000010207637207748135 0.004837551430702497 0.9999884802707937 0.19079197619706179 -1.0715105424496443 -0.17726548475221193
FixedParameters: 0 0 0
#Transform 96
Transform: MatrixOffsetTransformBase_double_3_3
Parameters: 0.9999984156907683 -0.0018385841502170962 0.0004513119995225407 0.0018404822387844673 0.9999894959531059 -0.0040995572835191285 -0.0004440307710369582 0.004099438262479466 0.9999913077846863 0.1835296263017483 -1.0488701609725695 0.005670257524599265
FixedParameters: 0 0 0
#Transform 97
Transform: MatrixOffsetTransformBase_double_3_3
Parameters: 0.9999966882430884 -0.0024681318857200786 0.00046735145944750366 0.002470406933220971 0.9999903227605843 -0.0035555510391112044 -0.00045878533320148075 0.003557443479779654 0.9999930679981834 0.2014940425340086 -0.9411609539058219 -0.008895206338735306
FixedParameters: 0 0 0
#Transform 98
Transform: MatrixOffsetTransformBase_double_3_3
Parameters: 0.999996391772289 -0.0025661146306770956 0.0010104775714466331 0.002571213913906137 0.9999871147931867 -0.004343230525711422 -0.000999638525735418 0.004345763662240126 0.9999895273941876 0.2433683845759873 -1.1136642518995075 -0.14472347865066126
FixedParameters: 0 0 0
#Transform 99
Transform: MatrixOffsetTransformBase_double_3_3
Parameters: 0.9999978966034611 -0.001962064503295232 0.0005033156056662717 0.0019640264921191677 0.9999917000596626 -0.003513449379423189 -0.0004963452905300071 0.0035145475654197456 0.9999935000610433 0.21528342533241585 -0.9863830544462502 0.039609130568493356
FixedParameters: 0 0 0
#Transform 100
Transform: MatrixOffsetTransformBase_double_3_3
Parameters: 0.9999966282409581 -0.0024526709246898274 0.0005965595743829164 0.002454817502014826 0.999991839901 -0.0033074098522267448 -0.0005881267033280466 0.0033085884098982277 0.9999939025232805 0.20059219694945796 -0.8853733934149659 -0.053381510042697755
FixedParameters: 0 0 0
#Transform 101
Transform: MatrixOffsetTransformBase_double_3_3
Parameters: 0.9999977116518203 -0.0022530215075077555 0.0004612752774119227 0.0022546430944919414 0.9999881735854046 -0.004200401970998607 -0.00045208994337956156 0.004201596343569647 0.999991241069225 0.20987010949039586 -1.0511917360552587 -0.11048282705795032
FixedParameters: 0 0 0
#Transform 102
Transform: MatrixOffsetTransformBase_double_3_3
Parameters: 0.9999963577507177 -0.002574770174474897 -0.00011541780841256533 0.0025741764291609876 0.9999912498077276 -0.0032260517816359024 0.0001237841114699941 0.003225943337817838 0.9999942937182338 0.1542882848772109 -0.839822030132396 -0.14775068485798215
FixedParameters: 0 0 0
#Transform 103
Transform: MatrixOffsetTransformBase_double_3_3
Parameters: 0.9999985452423997 -0.0018577699233850858 0.000048740544071524295 0.0018585146637097947 0.9999911376108341 -0.0038113962136824553 -0.00004184499201098559 0.0038116021638314457 0.9999923524427251 0.19278010377311716 -1.0277195460515571 0.007922713339127085
FixedParameters: 0 0 0
#Transform 104
Transform: MatrixOffsetTransformBase_double_3_3
Parameters: 0.9999980598201837 -0.0019199401311673894 0.0005035572572102211 0.001921761671986196 0.9999928619717519 -0.003368473310434994 -0.0004974405391120453 0.003369531882917831 0.9999944974223989 0.2108470784340568 -0.8659039350266227 0.04573187724844274
FixedParameters: 0 0 0
#Transform 105
Transform: MatrixOffsetTransformBase_double_3_3
Parameters: 0.9999975943753532 -0.002004692024495001 0.0006211925628988126 0.0020072707871525313 0.9999928732828461 -0.003162191507728729 -0.0006143535510410976 0.0031638058031350502 0.9999947118909795 0.25036930575829786 -0.8544130922621775 0.013511414855287285
FixedParameters: 0 0 0
#Transform 106
Transform: MatrixOffsetTransformBase_double_3_3
Parameters: 0.9999980122807755 -0.0022269591637514657 0.00016974823784020717 0.00222738363015872 0.9999903253909578 -0.003690062804701716 -0.000161334358950767 0.003689935978623743 0.9999934545677424 0.23949542394042567 -0.9397227672843513 -0.005010505774663443
FixedParameters: 0 0 0
#Transform 107
Transform: MatrixOffsetTransformBase_double_3_3
Parameters: 0.9999968728457608 -0.002263716345232247 -0.0000400326430259894 0.002264082392259642 0.9999933615613794 -0.0029297949471761564 0.00004700290454204271 0.002929203455872914 0.9999953472897141 0.2066907253961432 -0.894795454602459 0.033513018777341586
FixedParameters: 0 0 0
#Transform 108
Transform: MatrixOffsetTransformBase_double_3_3
Parameters: 0.9999978859326271 -0.0020259616852150238 -0.00009433781761615485 0.002025967581343364 0.999993294263358 -0.0031517279007778343 0.00010081556780514486 0.003152271993014877 0.999994721392278 0.19487091082524444 -0.9351869627506915 0.04125049489391586
FixedParameters: 0 0 0
#Transform 109
Transform: MatrixOffsetTransformBase_double_3_3
Parameters: 0.9999953576911128 -0.002937348580397864 0.0001208053641031608 0.0029374862263927565 0.9999932433843217 -0.0020886150783628876 -0.00011460521135236277 0.002089381884503555 0.9999973864429897 0.1963947268431241 -0.7696483157654797 -0.14340851997798154
FixedParameters: 0 0 0
#Transform 110
Transform: MatrixOffsetTransformBase_double_3_3
Parameters: 0.9999978136306025 -0.002275622973699952 0.00009687879851491159 0.0022752938631092996 0.9999901723048247 -0.0037102690403860994 -0.00008899041836973031 0.0037107296051519245 0.9999931055798151 0.21458074092677748 -1.0194811773388182 0.001788392973764985
FixedParameters: 0 0 0
#Transform 111
Transform: MatrixOffsetTransformBase_double_3_3
Parameters: 0.999997709985735 -0.002273478123872245 0.00035018903597425286 0.0022740609879280415 0.9999911717680242 -0.0033996440450377585 -0.0003425285104135813 0.0034003549265070876 0.9999944181239715 0.22942609882437637 -0.8934927876285315 0.014570141243865464
FixedParameters: 0 0 0
#Transform 112
Transform: MatrixOffsetTransformBase_double_3_3
Parameters: 0.9999959922679793 -0.0027940773423629603 0.0004473241235388878 0.0027961148463732494 0.9999883014763324 -0.003960630492069184 -0.0004361294013501668 0.0039613714645007625 0.9999923115561846 0.2953647858214623 -1.0815508817828174 -0.16913399650428573
FixedParameters: 0 0 0
#Transform 113
Transform: MatrixOffsetTransformBase_double_3_3
Parameters: 0.9999952282488912 -0.00309003756621586 0.0004717770549879541 0.0030919267540871595 0.9999889933894953 -0.0033544213996830052 -0.0004610094626948221 0.003355576268476379 0.9999947226994744 0.3351361094466654 -0.9966847944678108 0.059471329139057616
FixedParameters: 0 0 0
#Transform 114
Transform: MatrixOffsetTransformBase_double_3_3
Parameters: 0.9999965249425671 -0.002320359428479418 0.0010444929212116605 0.0023240867289245643 0.9999898532821105 -0.0037921814627576156 -0.0010361824951250977 0.00379481515759858 0.999991890238812 0.346444705671729 -0.9663721283034477 -0.14463965923758337
