#Insight Transform File V1.0
#Transform 0
Transform: MatrixOffsetTransformBase_double_3_3
Parameters: 0.9999979984042119 0.0003753533804266988 0.0016918609295114642 -0.000383530527755971 0.9999870984786748 0.005079573247125768 -0.0016890245424734352 -0.005080423978752718 0.9999852867678312 0.09934050692149299 0.3859927777437946 -0.6023761732405433
FixedParameters: 0 0 0
#Transform 1
Transform: MatrixOffsetTransformBase_double_3_3
Parameters: 0.9999979611668434 0.00024043747335723208 0.001995243927589059 -0.0002515750745759961 0.9999860321134617 0.005291940710929949 -0.001993880506703535 -0.005292057848953535 0.9999839180843755 0.10714202518764182 0.4157901103234707 -0.47485226161930427
FixedParameters: 0 0 0
#Transform 2
Transform: MatrixOffsetTransformBase_double_3_3
Parameters: 0.9999990389451674 0.0000789337699730623 0.001718669147633228 -0.00008778176242532877 0.9999868741539164 0.0051911249145475125 -0.0017188224233427114 -0.00519188115642813 0.9999852610122171 0.12445756800970287 0.41994915023052215 -0.589336994504464
FixedParameters: 0 0 0
#Transform 3
Transform: MatrixOffsetTransformBase_double_3_3
Parameters: 0.9999971484450891 0.0009499768554325934 0.001987352613586269 -0.0009645733139604992 0.9999751089355393 0.006951700634858865 -0.0019800686354727926 -0.00695330045369294 0.9999743637041313 0.121119121384055 0.4992401892589555 -0.5399562654356771
FixedParameters: 0 0 0
#Transform 4
Transform: MatrixOffsetTransformBase_double_3_3
Parameters: 0.9999951393930725 0.003292718259381319 0.00012902914001646198 -0.003294245317611022 0.9999633914719601 0.00794739389867552 -0.00010238633608889728 -0.007947610941309552 0.9999684200321525 -0.09823054019571487 0.6846069203770639 -0.411664988476673
FixedParameters: 0 0 0
#Transform 5
Transform: MatrixOffsetTransformBase_double_3_3
Parameters: 0.9999914143633174 0.004112676156138938 0.0008195563750576789 -0.004118433057872158 0.9999662115633431 0.007129099203147249 -0.000789846971931367 -0.007132904361797171 0.9999744987126069 -0.0584409308706455 0.6377657517277981 -0.44676382930666136
FixedParameters: 0 0 0
#Transform 6
Transform: MatrixOffsetTransformBase_double_3_3
Parameters: 0.9999951795329319 0.0030299023108019537 0.0008003405507820173 -0.0030349963416292755 0.9999722900052109 0.006727974334538006 -0.0007802726363090632 -0.006730024305587223 0.9999773294077483 -0.010498804571327014 0.5673532372682075 -0.5253029647874996
FixedParameters: 0 0 0
#Transform 7
Transform: MatrixOffsetTransformBase_double_3_3
Parameters: 0.9999952429940561 0.0029500546767601784 0.0002276989714738542 -0.002952259390327124 0.9999742029455538 0.006581396243612536 -0.00020848503593951483 -0.006582608136334572 0.9999783934436004 -0.10418736294903397 0.5774174892167991 -0.4089192066738292
FixedParameters: 0 0 0
#Transform 8
Transform: MatrixOffsetTransformBase_double_3_3
Parameters: 0.9999941479138049 0.0034117070532115375 -0.00046117258925913 -0.003408532686166285 0.9999736054440821 0.006457267374365527 0.0004833116420545478 -0.0064557371500404415 0.9999791685401535 -0.12371981047721192 0.574305229792202 -0.5521611682761147
FixedParameters: 0 0 0
#Transform 9
Transform: MatrixOffsetTransformBase_double_3_3
Parameters: 0.9999579134742879 0.009100785188965949 0.0011220641005745913 -0.009108997651442486 0.999930699440347 0.00745585619739525 -0.0010546856452106786 -0.007465153130938984 0.9999718919548876 -0.15567916923653513 0.6737624606511616 -0.35183023742123964
FixedParameters: 0 0 0
#Transform 10
Transform: MatrixOffsetTransformBase_double_3_3
Parameters: 0.9999853067709882 0.005356678983220047 -0.0000022537100929683872 -0.005356349766782733 0.9999626836215582 0.006803009171445135 0.000039233169179985195 -0.006802992997975182 0.9999770597816436 -0.14374635513389933 0.6170311858341506 -0.3580334746604308
FixedParameters: 0 0 0
#Transform 11
Transform: MatrixOffsetTransformBase_double_3_3
Parameters: 0.9999904923116884 0.004414956495332425 -0.0001253816410261416 -0.004413966138013439 0.9999650587800945 0.007117535422342114 0.0001566636408345478 -0.007117473538901575 0.9999751140783024 -0.15250358225449645 0.6929881459769831 -0.4110848236227014
FixedParameters: 0 0 0
#Transform 12
Transform: MatrixOffsetTransformBase_double_3_3
Parameters: 0.9999914603649552 0.004183116894523359 -0.0002009331742963957 -0.004181958955296727 0.9999735137103665 0.006016801639548847 0.0002269725041835571 -0.006016195107496541 0.9999815491572556 -0.1142359806973019 0.6122966969801809 -0.6071015863607272
FixedParameters: 0 0 0
#Transform 13
Transform: MatrixOffsetTransformBase_double_3_3
Parameters: 0.9999663618758189 0.008195439281693683 0.0006834698142155909 -0.008201495112067015 0.9999305201848663 0.008425914943298224 -0.0006140543429534188 -0.00843108445571189 0.9999647575457962 -0.1941761136095863 0.7874236318580046 -0.3573779034711606
FixedParameters: 0 0 0
#Transform 14
Transform: MatrixOffsetTransformBase_double_3_3
Parameters: 0.9999864559732287 0.005122684920007545 0.000548656969397103 -0.005127078912183633 0.9999552414985218 0.00797852414567679 -0.0005077730061285296 -0.007981476565610351 0.9999678507961876 -0.1109020763920654 0.6625396330731803 -0.35497081785842965
FixedParameters: 0 0 0
#Transform 15
Transform: MatrixOffsetTransformBase_double_3_3
Parameters: 0.9999860050399426 0.005276494759480312 -0.0003895976501054083 -0.005273398988212246 0.9999526166627604 0.00823095102373722 0.00043316458587243893 -0.008229052699087136 0.9999659193046592 -0.1859836667751864 0.7116404548070818 -0.3127297095008146
FixedParameters: 0 0 0
#Transform 16
Transform: MatrixOffsetTransformBase_double_3_3
Parameters: 0.9999886681488422 0.00472405351332973 -0.00010659253366924386 -0.004723938481008508 0.9999624987937349 0.007265179281313872 0.00014074434997594782 -0.007263822474551235 0.9999736214403103 -0.13185573713847987 0.665326716179834 -0.4353653265469575
FixedParameters: 0 0 0
#Transform 17
Transform: MatrixOffsetTransformBase_double_3_3
Parameters: 0.9999894356859809 0.0044935559643500935 -0.0006101489264700684 -0.004488793725769154 0.9999602923920752 0.007648553105436412 0.0006440433828438142 -0.007645437315354081 0.9999701878383133 -0.15221415762171375 0.6212779863111848 -0.4349852035250876
FixedParameters: 0 0 0
#Transform 18
Transform: MatrixOffsetTransformBase_double_3_3
Parameters: 0.9999897143048186 0.004592611412686377 -0.00044394179007433397 -0.004588515367149783 0.9999623170141005 0.007333804437158864 0.00047700077263340327 -0.0073311919907254885 0.9999728641868486 -0.11326982053459744 0.588323995019806 -0.3954804951074493
FixedParameters: 0 0 0
#Transform 19
Transform: MatrixOffsetTransformBase_double_3_3
Parameters: 0.9999922603370174 0.003936618444840903 -0.0004893965052482489 -0.003933713522222705 0.9999659262688648 0.007324159990306195 0.0005183094778698301 -0.0073218473957040175 0.9999730794963557 -0.1160061673616184 0.6040116689069492 -0.4816632957385423
FixedParameters: 0 0 0
#Transform 20
Transform: MatrixOffsetTransformBase_double_3_3
Parameters: 0.9999936927522917 0.003610878903514583 -0.0005181116720262576 -0.003607095874150177 0.9999667577908674 0.0073553583553466195 0.0005444249800726301 -0.0073536463157201915 0.9999727557638408 -0.12808636087240188 0.5528154636421903 -0.4381085615636664
FixedParameters: 0 0 0
#Transform 21
Transform: MatrixOffsetTransformBase_double_3_3
Parameters: 0.9999894121616195 0.004535443211748558 -0.00013243831722455112 -0.004534423798018488 0.9999661803223726 0.006885365792319326 0.00016333099185450797 -0.006885639782819641 0.9999764099688214 -0.11681847873137485 0.5283218557821812 -0.4017702179519915
FixedParameters: 0 0 0
#Transform 22
Transform: MatrixOffsetTransformBase_double_3_3
Parameters: 0.9999926074282486 0.0037576065418158658 -0.0005222108110662178 -0.0037540487336330352 0.9999703589579552 0.006681392576465911 0.0005475675364228694 -0.006678595480988564 0.9999770024339866 -0.1440278072615655 0.5431742180963539 -0.5487792604256185
FixedParameters: 0 0 0
#Transform 23
Transform: MatrixOffsetTransformBase_double_3_3
Parameters: 0.9999933709144818 0.0036883637679743578 -0.00016033085644252625 -0.0036869061192918162 0.9999660980125379 0.007375029428198648 0.0001872875675640565 -0.007374968386604175 0.9999724898184185 -0.12516864060128796 0.48118265548497163 -0.4375631944939755
FixedParameters: 0 0 0
#Transform 24
Transform: MatrixOffsetTransformBase_double_3_3
Parameters: 0.9999952640406661 0.0029433003744941794 -0.0002709607315581803 -0.0029410464529731014 0.9999677777332223 0.007455916601964679 0.00029271423141561054 -0.007455084586627775 0.9999723155503165 -0.07415074084927653 0.564969036784376 -0.36646059866711767
FixedParameters: 0 0 0
#Transform 25
Transform: MatrixOffsetTransformBase_double_3_3
Parameters: 0.9999978400201411 0.0022520233451862335 -0.00029596257114247846 -0.0022502556758637856 0.9999748973090737 0.006774038975908614 0.0003116125909256901 -0.00677396742253264 0.9999771673446717 0.022540041993678983 0.5222977512296296 -0.526242578530173
FixedParameters: 0 0 0
#Transform 26
Transform: MatrixOffsetTransformBase_double_3_3
Parameters: 0.9999977649210173 0.0020442296997024204 0.00023891043910952034 -0.0020453112987920165 0.9999760521474537 0.006624044227236281 -0.00022560365518522387 -0.006624956340100963 0.9999779437135488 -0.07841884409106115 0.4886746561750357 -0.38571345033463444
FixedParameters: 0 0 0
#Transform 27
Transform: MatrixOffsetTransformBase_double_3_3
Parameters: 0.9999995522661472 0.0008783586977479465 0.0008223822314876745 -0.0008843789232706516 0.9999774748956319 0.006705230594460598 -0.0008157919376232096 -0.006705772556303113 0.9999771488455074 0.0075261646328925735 0.47051645988783264 -0.4784668337839264
FixedParameters: 0 0 0
#Transform 28
Transform: MatrixOffsetTransformBase_double_3_3
Parameters: 0.999998766847166 0.0015991024917826305 0.0008226221158029294 -0.0016044840126762004 0.9999749705795978 0.006847589541305654 -0.0008112324224612109 -0.006848402943218451 0.9999760049357325 0.014385190115760338 0.4754783306420194 -0.42394346243196424
FixedParameters: 0 0 0
#Transform 29
Transform: MatrixOffsetTransformBase_double_3_3
Parameters: 0.9999957425150444 0.002999922699709027 0.0005057979393161248 -0.0030039422331059637 0.9999729083051032 0.006692664309198848 -0.000485692245838217 -0.006693329605602399 0.999977240542231 -0.03439875865727515 0.5215728769679799 -0.3771008083424192
FixedParameters: 0 0 0
#Transform 30
Transform: MatrixOffsetTransformBase_double_3_3
Parameters: 0.9999954566499193 0.0029223017420395157 0.000049793834088632705 -0.0029229020272076287 0.9999755992854578 0.006331916875135651 -0.00003122046281940324 -0.006332078274564307 0.9999796679721246 -0.03346347965332086 0.5250048513963179 -0.49946265807957957
FixedParameters: 0 0 0
#Transform 31
Transform: MatrixOffsetTransformBase_double_3_3
Parameters: 0.9999981505631819 0.0019601776168527286 0.0000868618305642995 -0.001960554484958875 0.9999708169213678 0.007379359946980996 -0.00007246667730520828 -0.007379634564473714 0.9999724180542999 -0.05996504225367971 0.5354062159079973 -0.3078620935249887
FixedParameters: 0 0 0
#Transform 32
Transform: MatrixOffsetTransformBase_double_3_3
Parameters: 0.9999977028447014 0.0017550200001173542 -0.001102860570348302 -0.0017475959610257239 0.9999748335958575 0.0068447752519674165 0.0011152618245109354 -0.006842224440671202 0.9999762010693691 -0.026109070802604606 0.5885365809579213 -0.5294081099123105
FixedParameters: 0 0 0
#Transform 33
Transform: MatrixOffsetTransformBase_double_3_3
Parameters: 1.0000000572942247 0.0009657335915574366 -0.0001012391938336719 -0.0009647351608874291 0.9999717833343548 0.007498887390599285 0.00010866838318470308 -0.007499116794977945 0.9999718023186571 0.07241149238357991 0.5346431762276183 -0.2575680976800925
FixedParameters: 0 0 0
#Transform 34
Transform: MatrixOffsetTransformBase_double_3_3
Parameters: 0.9999990819786458 0.001358921337267542 -0.00026906755891967335 -0.0013563348261327358 0.9999741910580568 0.006994149517893511 0.0002780852298641573 -0.00699383869792819 0.9999750576880616 0.06802551118377664 0.5332945995139369 -0.35238395449809445
FixedParameters: 0 0 0
#Transform 35
Transform: MatrixOffsetTransformBase_double_3_3
Parameters: 0.9999990614687141 0.0017031996784138412 0.0001921291678718285 -0.0017049466786212195 0.9999766826923311 0.0066014167054607165 -0.0001800461708385658 -0.006601581123322847 0.9999782181723006 0.08307647937471074 0.4772600066802255 -0.34221571511511684
FixedParameters: 0 0 0
#Transform 36
Transform: MatrixOffsetTransformBase_double_3_3
Parameters: 0.999998515332636 0.001564184795901899 0.00019272800538261658 -0.0015658757994281402 0.99997796603919 0.006387656818390597 -0.00018315068256614985 -0.00638734319737197 0.9999799480982402 0.058409861408932784 0.47415318085570846 -0.30328772067684895
FixedParameters: 0 0 0
#Transform 37
Transform: MatrixOffsetTransformBase_double_3_3
Parameters: 0.9999986335541104 0.0015292223994166413 0.00016535736610339373 -0.0015307198510586034 0.9999752499416806 0.006897491610161843 -0.00015466729856018635 -0.0068975114373453494 0.9999762313909096 0.0706284963630992 0.5091739239428534 -0.41485062195570777
FixedParameters: 0 0 0
#Transform 38
Transform: MatrixOffsetTransformBase_double_3_3
Parameters: 0.9999982230395509 0.00159143974882826 0.000494618994264094 -0.0015945133379623633 0.9999756170824192 0.006855959856381905 -0.00048385502880481785 -0.006857048751981731 0.9999765815433523 0.08935555602833745 0.4944684933658152 -0.4134075796622767
FixedParameters: 0 0 0
#Transform 39
Transform: MatrixOffsetTransformBase_double_3_3
Parameters: 0.9999980495439275 0.0017172975520624019 0.000018859444722486136 -0.0017179569202039168 0.9999768280911122 0.006493756960407965 -0.000007720401868600587 -0.006494234645662761 0.9999788764841037 0.04426389562021882 0.47323543154247716 -0.352245567847433
FixedParameters: 0 0 0
#Transform 40
Transform: MatrixOffsetTransformBase_double_3_3
Parameters: 0.9999983439986051 0.0015399683970151812 0.0005326537795929251 -0.0015436338083347472 0.9999794046044687 0.006199138428523626 -0.0005234208892164779 -0.00619986481507967 0.999981070984008 0.11355171082844606 0.4663558140555324 -0.4740060641096022
FixedParameters: 0 0 0
#Transform 41
Transform: MatrixOffsetTransformBase_double_3_3
Parameters: 0.9999995419521058 0.00080948478047356 0.0008959571792647403 -0.0008156627322170398 0.9999765393111905 0.006783220036537696 -0.0008903843049738623 -0.006783769694608255 0.9999759698741186 0.06284360508759335 0.6133003471829994 -0.3428565118439906
FixedParameters: 0 0 0
#Transform 42
Transform: MatrixOffsetTransformBase_double_3_3
Parameters: 0.9999994013856613 0.001184052860813332 0.0004439430352592722 -0.0011867397652633451 0.9999760998197523 0.006834432912574656 -0.0004356734500284891 -0.0068345737227887005 0.9999768796119328 0.08619133510333654 0.47677361426030984 -0.3548292229263268
FixedParameters: 0 0 0
#Transform 43
Transform: MatrixOffsetTransformBase_double_3_3
Parameters: 0.9999993496865587 0.0011092322838877583 0.0006475955676622551 -0.0011142373722734394 0.9999768567438528 0.00664222855171534 -0.0006397846442679151 -0.006642757904968016 0.9999772464107639 0.18753265613527503 0.4583968503318374 -0.3502232420206326
FixedParameters: 0 0 0
#Transform 44
Transform: MatrixOffsetTransformBase_double_3_3
Parameters: 0.9999992413017247 0.0008484384451830012 -0.0001972102262753174 -0.0008471707788250233 0.999978043728743 0.006499165557196623 0.00020237919855716676 -0.006498826720977929 0.9999787227132615 0.07147209167655433 0.4402710506919618 -0.38695208887813237
FixedParameters: 0 0 0
#Transform 45
Transform: MatrixOffsetTransformBase_double_3_3
Parameters: 1.0000000074624644 0.0009150729418773088 0.00039330052040064106 -0.0009183394484334463 0.9999788613050469 0.0065163772044757595 -0.0003868933550582934 -0.006516622617380452 0.9999782156915993 0.1394910758113781 0.42405205954828773 -0.371888330551684
FixedParameters: 0 0 0
#Transform 46
Transform: MatrixOffsetTransformBase_double_3_3
Parameters: 0.9999989838780573 0.0009820376240493257 -0.00022752160714749396 -0.000980763472628542 0.9999839970919535 0.005656012836778995 0.00023277239363631643 -0.005655993135091991 0.9999840055523627 0.13061641409088054 0.38899019446314753 -0.5062156598439458
FixedParameters: 0 0 0
#Transform 47
Transform: MatrixOffsetTransformBase_double_3_3
Parameters: 0.9999994193701461 0.0007451651606927203 0.00015958307313626458 -0.000745791326931596 0.9999856974643797 0.005356666585241199 -0.00015593966614013487 -0.005357333839163592 0.9999853265856529 0.15855592667206508 0.3413732103183946 -0.43953893763503515
FixedParameters: 0 0 0
#Transform 48
Transform: MatrixOffsetTransformBase_double_3_3
Parameters: 0.9999997509244529 0.00048508843848795797 -0.00011743213162606367 -0.00048434480119084576 0.9999826590295193 0.005925062201775355 0.00012025062184507387 -0.005924946938194203 0.9999828799704807 0.12119331896596464 0.3324437744489188 -0.4302748493712443
FixedParameters: 0 0 0
#Transform 49
Transform: MatrixOffsetTransformBase_double_3_3
Parameters: 0.9999998045834421 0.0004089095682279538 0.00016752974699829065 -0.00041017749339625957 0.9999857961586653 0.005408886269211571 -0.00016527153171490383 -0.005408120685040041 0.9999855042125783 0.104136703160151 0.3324500004954558 -0.4531830178277687
FixedParameters: 0 0 0
#Transform 50
Transform: MatrixOffsetTransformBase_double_3_3
Parameters: 0.999999942929737 0.00016012597617288103 0.00017761671991313024 -0.00016119429057606874 0.9999835769940365 0.005778974879384946 -0.00017598133149441001 -0.005779031636972076 0.9999835716575693 0.09080217010641434 0.33925472901348996 -0.522976968619929
FixedParameters: 0 0 0
#Transform 51
Transform: MatrixOffsetTransformBase_double_3_3
Parameters: 0.999999871037017 0.0003483467268512614 -0.00008738150719626991 -0.0003478227988054412 0.9999849029348825 0.00547503055032722 0.00008924276111732712 -0.005474969019971854 0.9999850164032774 0.0725903977272111 0.31225064717582995 -0.44989983610616946
FixedParameters: 0 0 0
#Transform 52
Transform: MatrixOffsetTransformBase_double_3_3
Parameters: 0.9999996850937076 0.0005315863240974882 -0.00018027941312916717 -0.0005303160745221423 0.9999853515740065 0.005326093677417737 0.00018300969053953973 -0.0053259007385454415 0.9999856005907717 0.0864312540453227 0.2948747529979414 -0.5203324724284641
FixedParameters: 0 0 0
#Transform 53
Transform: MatrixOffsetTransformBase_double_3_3
Parameters: 0.9999991829354733 0.0008599656458113442 -0.00027933515763433426 -0.0008580883037683228 0.9999835123122733 0.005699075698463285 0.0002832763682244261 -0.005699926263176502 0.9999837014710696 0.0060074075472016375 0.3119420986032253 -0.43966242541500833
FixedParameters: 0 0 0
#Transform 54
Transform: MatrixOffsetTransformBase_double_3_3
Parameters: 0.999999248599629 0.0005830011997729114 -0.0006413841139785193 -0.0005800741743184212 0.9999859721981265 0.005241423917459576 0.0006442444549881499 -0.005241578056721652 0.9999863293590231 -0.01465882875803004 0.31599882608955454 -0.5639272712845411
FixedParameters: 0 0 0
#Transform 55
Transform: MatrixOffsetTransformBase_double_3_3
Parameters: 0.9999994359053994 0.00012465722200574644 -0.0007405406160267775 -0.000120076754295264 0.9999867989794864 0.005214093189643304 0.0007415061642958985 -0.005213911786452141 0.9999862649308622 -0.027072956504426315 0.27523905051997133 -0.5249896599884494
FixedParameters: 0 0 0
#Transform 56
Transform: MatrixOffsetTransformBase_double_3_3
Parameters: 0.9999989842108283 0.0008137220316318594 -0.0005948192532373116 -0.0008100064834949817 0.9999841312160422 0.005671270551324381 0.0005995948378271128 -0.005670732874050566 0.9999835319599574 -0.02548112647872358 0.32831059987503863 -0.44432661978848387
FixedParameters: 0 0 0
#Transform 57
Transform: MatrixOffsetTransformBase_double_3_3
Parameters: 0.9999992440471803 0.0007084989804929306 -0.0011198157622564105 -0.000702553268451118 0.9999860100938975 0.005317845005106986 0.0011235510735547781 -0.00531716402476165 0.9999856818685235 -0.05726185969237463 0.34631985171927226 -0.5355487167166757
FixedParameters: 0 0 0
#Transform 58
Transform: MatrixOffsetTransformBase_double_3_3
Parameters: 0.9999983440721278 0.001473010712587072 -0.0006972820594576513 -0.0014695585221106728 0.9999847284672465 0.00527686387447307 0.0007044753758456305 -0.00527613534646737 0.99998593227996 -0.017469623724551298 0.31107515213764714 -0.5129871697026545
FixedParameters: 0 0 0
#Transform 59
Transform: MatrixOffsetTransformBase_double_3_3
Parameters: 0.9999996225367144 0.0011589534394757315 -0.00018717954686483046 -0.001157281934508457 0.9999852857264776 0.005322004198929975 0.00019343418488391274 -0.005321995435828036 0.9999856890235082 -0.02911662734284448 0.37049526183561454 -0.44893657686930055
FixedParameters: 0 0 0
#Transform 60
Transform: MatrixOffsetTransformBase_double_3_3
Parameters: 0.9999994231970085 0.00039942937742784427 -0.0006459818080188676 -0.00039677613566778955 0.9999883301732054 0.004826308817111852 0.0006475639040962122 -0.004826695640000378 0.9999885025199945 0.0066219564757830085 0.33243888526001797 -0.6332642467708922
FixedParameters: 0 0 0
#Transform 61
Transform: MatrixOffsetTransformBase_double_3_3
Parameters: 0.9999991858500672 0.0007456224771445156 -0.0005077865298345562 -0.0007435690437383483 0.9999882133284345 0.00479743139972047 0.0005114734633091335 -0.004797574248560199 0.9999889402080991 0.0032417544683056576 0.27883776228233614 -0.501439196530697
FixedParameters: 0 0 0
#Transform 62
Transform: MatrixOffsetTransformBase_double_3_3
Parameters: 0.9999997594915652 0.00014981272637239852 -0.0004668931897505173 -0.00014860320503303038 0.9999938804875943 0.0036190726654483085 0.00046744110508256887 -0.003618933222149512 0.9999936845736189 0.032196022914547484 0.23999504460432775 -0.6761756293774965
FixedParameters: 0 0 0
#Transform 63
Transform: MatrixOffsetTransformBase_double_3_3
Parameters: 0.9999993095137979 0.00040154749538118804 -0.0007275904143351727 -0.00039745909500076714 0.999990055552991 0.0044482901649848805 0.0007296372083630418 -0.004447707952830504 0.9999896843585778 0.001493022903474639 0.25410070330055134 -0.5404862859988384
FixedParameters: 0 0 0
#Transform 64
Transform: MatrixOffsetTransformBase_double_3_3
Parameters: 0.9999993276039071 0.0006037156626226228 -0.0005547312670023947 -0.0006019414383185565 0.9999920497897886 0.003948335565300665 0.0005570088618370525 -0.003947665338341622 0.9999921042757833 0.025353190543413007 0.2068649090268906 -0.5988798973412486
FixedParameters: 0 0 0
#Transform 65
Transform: MatrixOffsetTransformBase_double_3_3
Parameters: 0.9999995147798046 0.0006939891257309787 -0.00005919040692808816 -0.0006940318099063723 0.9999982773253712 0.0014970407260400942 0.000060293119652633464 -0.0014969577896316033 0.9999987554356882 0.12728928369200787 0.021324714478026863 -0.7586283414709101
FixedParameters: 0 0 0
#Transform 66
Transform: MatrixOffsetTransformBase_double_3_3
Parameters: 0.9999995590257681 0.0009558156017831527 -0.000726429287917482 -0.0009530303411604993 0.9999919357092117 0.004013479879261012 0.0007296568519129657 -0.004012522201843505 0.9999914148291532 0.04184008381567139 0.24334368254775995 -0.5563466906712904
FixedParameters: 0 0 0
#Transform 67
Transform: MatrixOffsetTransformBase_double_3_3
Parameters: 0.9999995277254812 0.0009477468204989062 -0.000757640480332507 -0.000946163842907146 0.9999981416823029 0.0019785029693163148 0.0007596578776232856 -0.0019774982215561843 0.9999975610625963 0.07556050783482249 0.09814075643106435 -0.7448294635410662
FixedParameters: 0 0 0
#Transform 68
Transform: MatrixOffsetTransformBase_double_3_3
Parameters: 0.9999989798690058 0.0007526229340907208 -0.0012057100359597005 -0.0007477532565969062 0.9999912741459979 0.0040001707342537385 0.0012086964038473802 -0.003998829177148638 0.9999917135792559 0.02342009665433409 0.2286978156432582 -0.5904629352424422
FixedParameters: 0 0 0
#Transform 69
Transform: MatrixOffsetTransformBase_double_3_3
Parameters: 0.9999992886537074 0.0007679367697534528 -0.000348983904958144 -0.0007674618900638904 0.9999993675352046 0.0009970517996492068 0.0003495395398384869 -0.0009969476198680716 0.9999989331004053 0.04460157720511404 0.03588348438726996 -0.7084047056621614
FixedParameters: 0 0 0
#Transform 70
Transform: MatrixOffsetTransformBase_double_3_3
Parameters: 0.9999996176517777 0.0009120554104729936 -0.0007419527447494339 -0.0009112894247049414 0.9999989559123972 0.0014714613275443322 0.0007429061242953131 -0.0014705396945603744 0.9999983340522752 0.05390643260346906 0.006607542443617831 -0.7258940797830178
FixedParameters: 0 0 0
#Transform 71
Transform: MatrixOffsetTransformBase_double_3_3
Parameters: 0.9999999308256524 0.0010318369384883655 -0.00006575992823567745 -0.001031865408843947 0.9999987952675348 0.0014458531334125557 0.00006776888459048928 -0.0014461474246011408 0.9999989537219955 0.07213920508124261 0.02490558197212067 -0.6658381276695309
FixedParameters: 0 0 0
#Transform 72
Transform: MatrixOffsetTransformBase_double_3_3
Parameters: 0.9999993173817735 0.0008015044776916012 -0.00020056676230513192 -0.0008012443375126439 0.9999989225820556 0.0011981613851483608 0.0002015116991478452 -0.0011978391585540926 0.9999995243895136 0.10522522507405085 0.0231331269164059 -0.6696736279998561
FixedParameters: 0 0 0
#Transform 73
Transform: MatrixOffsetTransformBase_double_3_3
Parameters: 0.9999997989584055 0.0010951852308948625 -0.000034572190145703836 -0.0010955012232517557 0.9999978210881715 0.0017879902372665013 0.00003653773670453886 -0.0017870104983253865 0.9999985875497132 0.12246939893834963 0.023880044104913623 -0.6829865479247985
FixedParameters: 0 0 0
#Transform 74
Transform: MatrixOffsetTransformBase_double_3_3
Parameters: 0.9999993326179288 0.00045139838031792607 -0.0012096852926239223 -0.00044532711842791453 0.9999885955063382 0.004794592666082453 0.0012121669565167217 -0.004794408579457177 0.9999877623618175 -0.06020604195985868 0.27359269703657674 -0.5193819499221206
FixedParameters: 0 0 0
#Transform 75
Transform: MatrixOffsetTransformBase_double_3_3
Parameters: 0.999998368729588 0.0016095800209543572 -0.0010193758496366478 -0.001604563832107165 0.999984720560603 0.005328261294340636 0.001028609171581147 -0.005326735965156981 0.9999848832169463 -0.03758512098472977 0.29172933335608775 -0.45661743550385836
FixedParameters: 0 0 0
#Transform 76
Transform: MatrixOffsetTransformBase_double_3_3
Parameters: 0.9999998937152182 0.0010399837004492407 0.0001597618217464582 -0.0010397304348721606 0.9999942027949669 0.003265618950885757 -0.00015633801197222744 -0.0032663797054137966 0.9999943573499211 0.11215042795113561 0.19869958796931542 -0.6771915480240978
FixedParameters: 0 0 0
#Transform 77
Transform: MatrixOffsetTransformBase_double_3_3
Parameters: 0.9999995411361583 0.0012014431316614942 0.00012252305976827 -0.001202327570085748 0.99999097391738 0.00406563856368064 -0.00011687143726681744 -0.004066358340135856 0.9999915023707923 0.12857943739469135 0.21917052318769947 -0.5347070813262462
FixedParameters: 0 0 0
#Transform 78
Transform: MatrixOffsetTransformBase_double_3_3
Parameters: 0.9999991484993442 0.0011121284096579174 -0.0007843993653268446 -0.0011085454054026898 0.9999895195550002 0.004362922871190472 0.0007886792883580362 -0.004362078008591175 0.9999905659295573 0.05572149743524335 0.27415321913977664 -0.5480171862753025
FixedParameters: 0 0 0
#Transform 79
Transform: MatrixOffsetTransformBase_double_3_3
Parameters: 0.9999998981373867 0.00031953696300899783 -0.0000010450593274759706 -0.00031877721575915144 0.9999967427459004 0.0024809999589161524 0.0000014320172096316107 -0.0024809991456966884 0.99999684465247 0.152152734191489 0.08910496890605657 -0.7078263674027312
FixedParameters: 0 0 0
#Transform 80
Transform: MatrixOffsetTransformBase_double_3_3
Parameters: 0.9999996839214963 0.00008514369663969535 -0.0005558260629286263 -0.00008270703980489506 0.9999918118060933 0.004145049383853183 0.0005559897502008954 -0.004144956036488928 0.9999915098928308 0.105677338847741 0.23187372002355744 -0.51397388772304
FixedParameters: 0 0 0
#Transform 81
Transform: MatrixOffsetTransformBase_double_3_3
Parameters: 0.9999999775350918 0.00014432873511488828 0.00004042568815576454 -0.0001445694034261697 0.9999959249961732 0.0030089970155216805 -0.00003955639049592328 -0.0030090085416799306 0.9999959443195436 0.17838522918864896 0.143283233878023 -0.6254609239904596
FixedParameters: 0 0 0
#Transform 82
Transform: MatrixOffsetTransformBase_double_3_3
Parameters: 0.9999995267554295 0.0006365637652163896 -0.0002597436585232222 -0.0006364204851283957 0.9999969562674778 0.002566950328683537 0.0002622578090237035 -0.0025670501411747537 0.9999963914857389 0.16682873922255226 0.08794858597045163 -0.6625677971349546
FixedParameters: 0 0 0
#Transform 83
Transform: MatrixOffsetTransformBase_double_3_3
Parameters: 0.9999995174186322 0.0005889646268197008 -0.00036811233422519264 -0.000587542074131773 0.9999928284446974 0.0038440011156366527 0.00037090608875275336 -0.003843998434368695 0.9999921361912107 0.10904001521399209 0.21259430971655036 -0.5471561528170241
FixedParameters: 0 0 0
#Transform 84
Transform: MatrixOffsetTransformBase_double_3_3
Parameters: 0.9999997836151535 0.00034207113415729476 0.00031523346392079316 -0.00034251338910834447 0.9999993900256312 0.0007018916855288937 -0.00031475288739631074 -0.0007021073187696292 0.999999407982221 0.19371767254816064 -0.015814344818778636 -0.6821610489134571
FixedParameters: 0 0 0
#Transform 85
Transform: MatrixOffsetTransformBase_double_3_3
Parameters: 0.999998659382483 0.0014627346803172442 0.0004489881950283842 -0.0014632604805332517 0.9999979831090088 0.0014290792598832813 -0.0004460021906449049 -0.0014299188710060196 0.9999985893312437 0.2024280991156786 0.008434257755865815 -0.7169683719116051
FixedParameters: 0 0 0
#Transform 86
Transform: MatrixOffsetTransformBase_double_3_3
Parameters: 0.9999993062019077 0.0012567153083943782 0.0003373379106433201 -0.0012577941319818868 0.9999973199525495 0.0020653120964468363 -0.0003352911926452182 -0.0020656879984041476 0.9999974536561124 0.14865929610128603 0.06135666936327766 -0.6232712435786709
FixedParameters: 0 0 0
#Transform 87
Transform: MatrixOffsetTransformBase_double_3_3
Parameters: 0.9999992142139107 0.001327982768013261 -0.00014915571689462438 -0.001328035787852669 0.9999991556248099 -0.00017801813197135252 0.00014868293233859467 0.00017798157700152362 0.9999999952211428 0.1571543144408878 -0.07563839433380792 -0.7956975353679354
FixedParameters: 0 0 0
#Transform 88
Transform: MatrixOffsetTransformBase_double_3_3
Parameters: 0.9999986528611113 0.0018271522165833024 0.00009300762831473448 -0.0018270990088126344 0.9999977476303272 -0.00028443532353872314 -0.00009404727946730244 0.00028456329486514775 0.9999997433508161 0.17572149096594103 -0.11565083550382838 -0.7515452883748139
FixedParameters: 0 0 0
#Transform 89
Transform: MatrixOffsetTransformBase_double_3_3
Parameters: 0.9999986500140864 0.0018106638880141508 -0.0002658456380106014 -0.0018121270471345577 0.9999905687159211 -0.0038857416934508227 0.00025881498229630035 0.0038862599459406066 0.9999928791606479 0.13063589609242854 -0.22800552509644945 -0.7406540468952016
FixedParameters: 0 0 0
#Transform 90
Transform: MatrixOffsetTransformBase_double_3_3
Parameters: 0.9999992470792997 0.0008663446581251348 -0.00005168837103610975 -0.0008663875590635813 0.9999611049772831 -0.008725953996283842 0.000044591008884521076 0.008726037330569675 0.9999618530981055 0.19808447155105569 -0.5612911371095066 -1.0129577063919442
FixedParameters: 0 0 0
#Transform 91
Transform: MatrixOffsetTransformBase_double_3_3
Parameters: 0.9999998469168009 0.000613967744277175 -0.0008809340090676695 -0.0006240060287265006 0.9999356729290391 -0.011301404333437098 0.0008739465495852203 0.011301588681482816 0.9999357180313047 0.1676985588373725 -0.6841416903355366 -1.257910683997892
FixedParameters: 0 0 0
#Transform 92
Transform: MatrixOffsetTransformBase_double_3_3
Parameters: 0.9999959720125937 0.002673215283432501 0.0013715486056994678 -0.002671992963272599 0.9999956842293132 -0.000996081146857064 -0.001374468377215789 0.000991917347278326 0.999998311707841 0.1507055478430459 -0.14861105599744917 -0.5834713374255784
FixedParameters: 0 0 0
#Transform 93
Transform: MatrixOffsetTransformBase_double_3_3
Parameters: 0.9999979531437934 0.0019988263976808696 0.00022899220079134684 -0.0019975433408725004 0.9999913075326955 -0.003616778582948371 -0.00023617800706041714 0.003617220629499318 0.9999934801243324 0.10308275976771597 -0.20739385702337643 -0.6086670078487941
FixedParameters: 0 0 0
#Transform 94
Transform: MatrixOffsetTransformBase_double_3_3
Parameters: 0.9999988305629335 0.0017792603771499792 -0.00007055185829398506 -0.001778657798218922 0.9999964935443721 -0.0020603102262731765 0.00006712311510798623 0.002059690951974613 0.9999978498005474 0.06975164171917925 -0.12578333679748255 -0.6950366738174409
FixedParameters: 0 0 0
#Transform 95
Transform: MatrixOffsetTransformBase_double_3_3
Parameters: 0.999998727733972 0.001807638038378238 0.0000707239200792357 -0.0018071719829837241 0.9999891324886265 -0.004326614543085305 -0.00007811919673749237 0.004326383143068324 0.9999901578451531 0.0646458136013024 -0.17716842114899123 -0.6829084707248967
FixedParameters: 0 0 0
#Transform 96
Transform: MatrixOffsetTransformBase_double_3_3
Parameters: 0.9999985968524727 0.001549142569164808 -0.00006151961856287253 -0.0015490844175643107 0.99998874858179 -0.0044501260924894315 0.00005478000989923436 0.004449874127252951 0.9999902430499004 0.0829042181287889 -0.148003452047206 -0.6619050387242282
FixedParameters: 0 0 0
#Transform 97
Transform: MatrixOffsetTransformBase_double_3_3
Parameters: 0.9999986227681232 0.0015379400629869015 -0.00010894775064621578 -0.0015383559773524435 0.999992495058135 -0.003618055369507045 0.00010389009723341867 0.003617950627743005 0.9999939477393558 0.06909195141935243 -0.10494708760001004 -0.642328240242108
FixedParameters: 0 0 0
#Transform 98
Transform: MatrixOffsetTransformBase_double_3_3
Parameters: 0.9999985467189588 0.001566325191228311 0.000010518545612753379 -0.0015661112285871865 0.9999826729124561 -0.005725455593387718 -0.000019232471453685497 0.005724544771334605 0.9999833219775889 0.11153728391623474 -0.2431123662622383 -0.825315786987602
FixedParameters: 0 0 0
#Transform 99
Transform: MatrixOffsetTransformBase_double_3_3
Parameters: 0.9999971199664764 0.0022071871964593967 -0.00009403355481143506 -0.0022074290477929336 0.999983031144009 -0.005385240701706928 0.00008240550386118642 0.005384765936680136 0.9999860918458918 0.1513643221602763 -0.2400652368919225 -0.7522437572008016
FixedParameters: 0 0 0
#Transform 100
Transform: MatrixOffsetTransformBase_double_3_3
Parameters: 0.999999407740688 0.0012607993348305946 -0.00004558150345173811 -0.0012615204992980184 0.9999773919654781 -0.006555158777137804 0.000037291797430214024 0.006554831151474316 0.999978078834203 0.17656771203459698 -0.3604177661844119 -0.886105726313474
FixedParameters: 0 0 0
#Transform 101
Transform: MatrixOffsetTransformBase_double_3_3
Parameters: 0.9999984560002239 0.0015946351311028916 -0.000031020439882704465 -0.0015948954469615106 0.9999824107027726 -0.005740388676932967 0.000021931799905895096 0.005739608900184379 0.9999831495270967 0.20365387280924097 -0.457669041261866 -0.9627471854794578
FixedParameters: 0 0 0
#Transform 102
Transform: MatrixOffsetTransformBase_double_3_3
Parameters: 0.9999986854433784 0.0015049541670934825 -0.00022191359671777056 -0.001506511013225267 0.9999816251250105 -0.005920893249579007 0.0002130804179145676 0.005921116101703705 0.9999829431261831 0.13232061348342938 -0.46454303290239807 -0.8540839670910145
FixedParameters: 0 0 0
#Transform 103
Transform: MatrixOffsetTransformBase_double_3_3
Parameters: 0.9999985619759186 0.0015604811070729359 -0.00005574162040066226 -0.0015608402074455499 0.9999466579853394 -0.010201187621909441 0.00004016565036171782 0.010201806958336501 0.9999477572990212 0.23398949543772574 -0.8933203687992233 -1.237997375402415
FixedParameters: 0 0 0
#Transform 104
Transform: MatrixOffsetTransformBase_double_3_3
Parameters: 0.9999965550904185 0.002400228060126978 0.00129795184886285 -0.0024072958763546645 0.9999820117055084 0.005568485228549497 -0.0012841158280097386 -0.005571516667429138 0.9999834929777005 0.1209621837232362 0.30116887808779325 -0.5952366492724082
FixedParameters: 0 0 0
#Transform 105
Transform: MatrixOffsetTransformBase_double_3_3
Parameters: 0.9999975871409396 0.0019528495661343172 0.001264575115659462 -0.001954142544142667 0.9999973882559774 0.0011064337458062956 -0.0012626395692187447 -0.0011095669827887455 0.9999987435522455 0.15028050361807743 0.03348703716989121 -0.77260874222236
FixedParameters: 0 0 0
#Transform 106
Transform: MatrixOffsetTransformBase_double_3_3
Parameters: 0.9999974647156431 0.0021517223706022668 0.0009517617716356691 -0.002151796529105788 0.999997563697596 0.0004336390133661272 -0.0009510864514144849 -0.0004363619083169179 0.9999995225672843 0.18646958053528806 -0.02205678179537074 -0.7117762169065429
FixedParameters: 0 0 0
#Transform 107
Transform: MatrixOffsetTransformBase_double_3_3
Parameters: 0.99999554403503 0.0029071732887189705 0.0000714725906083804 -0.0029066899459042456 0.9999912707334174 -0.002918180271660409 -0.000079218099727216 0.0029178175161587716 0.9999952437880822 0.11998494184048525 -0.12495400529395795 -0.6985800977253405
FixedParameters: 0 0 0
#Transform 108
Transform: MatrixOffsetTransformBase_double_3_3
Parameters: 0.9999967899187105 0.002429449201524378 -0.0005548395553594977 -0.002429364843610226 0.9999969449431684 0.00007670000936102483 0.0005552087997222662 -0.00007529950186238588 0.999999833423562 0.045636434235362344 -0.012396661804771725 -0.7800725873306931
FixedParameters: 0 0 0
#Transform 109
Transform: MatrixOffsetTransformBase_double_3_3
Parameters: 0.999994997754371 0.0027296327003703477 -0.0012453240892807637 -0.0027286355490186687 0.9999958249495844 0.0011485883358181848 0.0012479029341692235 -0.0011444141269999764 0.9999985438707724 -0.06446248678925315 0.05025979510433842 -0.6141482515362497
FixedParameters: 0 0 0
#Transform 110
Transform: MatrixOffsetTransformBase_double_3_3
Parameters: 0.9999951998515967 0.0029563108061419112 -0.0010297345669835424 -0.002956429209743971 0.9999957950900701 -0.000055987073921986985 0.0010293945518149265 0.00005901237363292733 0.9999993981490649 0.010850320453002382 0.05033026656715833 -0.7037252021776794
FixedParameters: 0 0 0
#Transform 111
Transform: MatrixOffsetTransformBase_double_3_3
Parameters: 0.9999977436769633 0.0020069350240864213 -0.00047795298560709184 -0.0020083338927912907 0.9999948631047688 -0.002637693634583188 0.0004722364037380022 0.0026383049920299384 0.9999959624491616 0.05078899056378816 -0.07662333759782314 -0.6835838650989388
FixedParameters: 0 0 0
#Transform 112
Transform: MatrixOffsetTransformBase_double_3_3
Parameters: 0.9999959899466164 0.0027133727129455146 -0.0008055131937695908 -0.002715705777147902 0.9999903085123523 -0.0033094248949958605 0.0007960949041281085 0.0033115744227783794 0.9999947625126694 0.08498162000630316 -0.17475103892292054 -0.7913786624394277
FixedParameters: 0 0 0
#Transform 113
Transform: MatrixOffsetTransformBase_double_3_3
Parameters: 0.9999969064250964 0.0026235132560136327 -0.00045907235945607334 -0.0026236614073230353 0.99999711041155 -0.00016070944526472286 0.00045822491392102336 0.0001622895470539676 0.9999997438493201 0.02973984619320902 -0.051935132163904996 -0.6924769599517617
FixedParameters: 0 0 0
#Transform 114
Transform: MatrixOffsetTransformBase_double_3_3
Parameters: 0.9999972425894056 0.0020566036623634472 -0.0007251203801017932 -0.0020598054049138243 0.9999917975686473 -0.003443945835807871 0.0007187404639162378 0.003446053410571165 0.9999937088747797 0.009965352301989583 -0.14356855396707147 -0.8043060095454848
