#Insight Transform File V1.0
#Transform 0
Transform: MatrixOffsetTransformBase_double_3_3
Parameters: 0.9999995559639926 0.00009024355457769272 0.000660051739407264 -0.00009475816516739513 0.9999793866689539 0.0063761557339395425 -0.0006597583547546307 -0.006375845674511854 0.9999798616989312 -0.029732773781233846 0.7582461517692707 -0.4756863457909333
FixedParameters: 0 0 0
#Transform 1
Transform: MatrixOffsetTransformBase_double_3_3
Parameters: 0.999999974350147 -0.0001546346156730311 0.000041858804331179803 0.00015431668145801357 0.9999599563308954 0.009001015324170164 -0.00004268940869995277 -0.009001002181783208 0.9999599785770117 -0.06547415709083282 0.8821727523183966 -0.5106747972932055
FixedParameters: 0 0 0
#Transform 2
Transform: MatrixOffsetTransformBase_double_3_3
Parameters: 0.9999993148913106 -0.00032858794592634894 0.000759540951291431 0.0003223805574155468 0.9999633501421936 0.008504291195934016 -0.0007625059063140798 -0.00850469753922739 0.9999633091643282 -0.05859481417130041 0.82703766394296 -0.5093976903543478
FixedParameters: 0 0 0
#Transform 3
Transform: MatrixOffsetTransformBase_double_3_3
Parameters: 0.9999987198146312 0.00017254322450438014 -0.00180297142738916 -0.00015226882718548493 0.9999410045925288 0.01085355271472499 0.0018046338397710168 -0.01085343644921502 0.9999391112833764 -0.17034169087477835 1.0544448581437962 -0.3438207425160442
FixedParameters: 0 0 0
#Transform 4
Transform: MatrixOffsetTransformBase_double_3_3
Parameters: 0.9999998730356912 0.000149613376100734 -0.0003232594939268722 -0.00014722939605610582 0.9999601397598843 0.008879040191526077 0.00032460955763077 -0.008878943951773743 0.9999600570222731 -0.08292083847317144 0.9440317690037432 -0.4120193983041247
FixedParameters: 0 0 0
#Transform 5
Transform: MatrixOffsetTransformBase_double_3_3
Parameters: 0.9999980049380615 -0.000313142309327173 -0.001702185921693909 0.0003332476376632532 0.9999279392884669 0.011999660783869881 0.0016981063061890726 -0.0120003275894425 0.9999260552047166 -0.12288029861289829 1.1303222484964266 -0.2861735009979327
FixedParameters: 0 0 0
#Transform 6
Transform: MatrixOffsetTransformBase_double_3_3
Parameters: 0.999999056112136 -0.0002036348295328013 -0.0009504338217506955 0.0002121979804956465 0.9999573553315304 0.009251802049900809 0.0009476051987965983 -0.00925219661194357 0.999956498080683 0.0024996460135042753 0.989111211233805 -0.4290084155622651
FixedParameters: 0 0 0
#Transform 7
Transform: MatrixOffsetTransformBase_double_3_3
Parameters: 0.999999059744285 0.00023095420695397692 -0.0013741855453257114 -0.00021702367680287993 0.9999516326024389 0.009805571734850055 0.0013753859287185869 -0.00980542551057037 0.999951126792755 -0.05545973736820997 0.9878002292146562 -0.3899521538743329
FixedParameters: 0 0 0
#Transform 8
Transform: MatrixOffsetTransformBase_double_3_3
Parameters: 0.9999981249089416 0.00027651338492981956 -0.0016727039036189177 -0.0002610310232644059 0.9999530463742801 0.009680714244520106 0.0016756016122417459 -0.009680283948551083 0.9999516498655672 -0.10392613755352897 1.0015668454987718 -0.33179740158047366
FixedParameters: 0 0 0
#Transform 9
Transform: MatrixOffsetTransformBase_double_3_3
Parameters: 0.999998291378858 -0.00038712226774408916 -0.0015992281927976536 0.0004005092330230282 0.9999645328096275 0.00839080495797262 0.001596695907061444 -0.008391199333362465 0.9999639381971798 -0.0597688972371202 0.94300120117191 -0.5280498835635115
FixedParameters: 0 0 0
#Transform 10
Transform: MatrixOffsetTransformBase_double_3_3
Parameters: 0.9999989813113668 -0.0007476862840959104 -0.0012077090200688703 0.0007594719168084913 0.9999561751264966 0.009289305310467844 0.001201241561424378 -0.009290688514955792 0.9999561942310272 -0.06298922573529353 0.9004205330095942 -0.4133021717571239
FixedParameters: 0 0 0
#Transform 11
Transform: MatrixOffsetTransformBase_double_3_3
Parameters: 0.9999980248387962 -0.0016148274836644807 0.0006063670114473086 0.0016097196483335224 0.9999624184997037 0.008468820027804302 -0.0006194904280176958 -0.008468177416040445 0.9999641726979526 -0.03775544706417122 0.9542698923759048 -0.4037356200881277
FixedParameters: 0 0 0
#Transform 12
Transform: MatrixOffsetTransformBase_double_3_3
Parameters: 0.9999992487799577 -0.0010403089420964848 -0.0008182438829387956 0.0010462627343778093 0.9999699359331015 0.0076313166904150576 0.0008099432529086932 -0.007631681392496231 0.9999708315303449 -0.04137808088862016 0.8540673090653854 -0.5384805653526143
FixedParameters: 0 0 0
#Transform 13
Transform: MatrixOffsetTransformBase_double_3_3
Parameters: 0.9999991875166269 -0.0013355933294626936 0.00016850810167869681 0.001333940971593245 0.9999475496450208 0.010130012636946378 -0.00018265271281388027 -0.010129975901023075 0.9999483988294848 -0.10138381063102031 1.0011470738288324 -0.3451061270821185
FixedParameters: 0 0 0
#Transform 14
Transform: MatrixOffsetTransformBase_double_3_3
Parameters: 0.9999991063175927 -0.0009450631247561324 0.0000315592191427839 0.0009443098134101235 0.9999661285203579 0.008180814369528305 -0.00003877212380715368 -0.008181179937285399 0.9999661180521547 -0.03476315835206378 0.9419952431696856 -0.4239758989885445
FixedParameters: 0 0 0
#Transform 15
Transform: MatrixOffsetTransformBase_double_3_3
Parameters: 0.9999996522272875 -0.0001716145443810058 -0.0005643593412699435 0.00017668651257270768 0.9999687831969085 0.007962855996066859 0.0005624721291870102 -0.007962150333954365 0.9999680641470646 -0.01403105926368653 0.9221266972963065 -0.44799557035818793
FixedParameters: 0 0 0
#Transform 16
Transform: MatrixOffsetTransformBase_double_3_3
Parameters: 0.9999995617481471 -0.000022238592923557013 -0.001199248272831144 0.000035422438994927074 0.9999386765267846 0.011062180563927465 0.0011985650642938996 -0.011061817512333039 0.9999381419792562 -0.0941356029609608 1.103353080031269 -0.3310836722586714
FixedParameters: 0 0 0
#Transform 17
Transform: MatrixOffsetTransformBase_double_3_3
Parameters: 0.9999993762344589 -0.0012066614568817195 -0.0004089178190977198 0.001209797485810091 0.9999715281587939 0.007431461979545417 0.0004008437716607608 -0.007431538470029281 0.9999723921179945 0.04107266288886535 0.9279174264217289 -0.5497957337996127
FixedParameters: 0 0 0
#Transform 18
Transform: MatrixOffsetTransformBase_double_3_3
Parameters: 0.9999986515470296 -0.0008072708712503048 -0.0013025417859412274 0.0008205169680731749 0.9999497593799428 0.009930151031075252 0.0012943532355508876 -0.009931832509268157 0.9999496378296397 -0.07160968833647985 1.0205207156333387 -0.3485596150407275
FixedParameters: 0 0 0
#Transform 19
Transform: MatrixOffsetTransformBase_double_3_3
Parameters: 0.9999983417131528 -0.0014761388001640027 -0.001216352043482367 0.0014865771168438263 0.99996163834356 0.00863610576745652 0.0012033942003269332 -0.008637886605493694 0.9999615049786815 0.020461892332164666 0.9327694537945632 -0.49959027051042426
FixedParameters: 0 0 0
#Transform 20
Transform: MatrixOffsetTransformBase_double_3_3
Parameters: 0.99999951191088 0.00001725746266646974 -0.0006985468653739755 -0.000010951259751272262 0.9999523516817674 0.0097170525798555 0.0006984215125476551 -0.009717934620919494 0.999952296259828 0.024202173094892032 0.9892450452018835 -0.37588503199071965
FixedParameters: 0 0 0
#Transform 21
Transform: MatrixOffsetTransformBase_double_3_3
Parameters: 0.9999904177035538 0.0031263637480800407 -0.002967664207217356 -0.0030882379944638947 0.9999152631853868 0.01265981802704888 0.0030076600335376463 -0.012650192932962184 0.9999158420165697 -0.18020589409081822 1.2557292902369568 -0.35826554669711186
FixedParameters: 0 0 0
#Transform 22
Transform: MatrixOffsetTransformBase_double_3_3
Parameters: 0.9999962083732883 0.002102563907278373 -0.0018357490710100661 -0.002083018957552323 0.9999429247381256 0.010487581597766832 0.001858361246037799 -0.010483419933517396 0.9999433857259249 -0.12209445178929457 1.078790725882584 -0.40471756064710007
FixedParameters: 0 0 0
#Transform 23
Transform: MatrixOffsetTransformBase_double_3_3
Parameters: 0.9999979122062365 0.0009554647319373047 -0.001782053493906029 -0.0009333707743677447 0.9999267439705668 0.012080786523499476 0.0017932569313081116 -0.01207921336529566 0.9999253044907339 -0.12102181682027435 1.174959095242997 -0.299908642368365
FixedParameters: 0 0 0
#Transform 24
Transform: MatrixOffsetTransformBase_double_3_3
Parameters: 0.9999972901817133 0.0011810671713898867 -0.0018205727765193834 -0.0011604509996344865 0.9999363688923617 0.01120828675190838 0.0018340049827087455 -0.01120671337415366 0.9999356969905111 -0.11298218372168378 1.1541442589283406 -0.3938090541917063
FixedParameters: 0 0 0
#Transform 25
Transform: MatrixOffsetTransformBase_double_3_3
Parameters: 0.999998682937186 0.0016699765218012438 -0.0007279134945731703 -0.001661553364764565 0.9999411069893775 0.010714839330123044 0.0007447717944509913 -0.01071415201735229 0.9999419682398163 -0.0010119690696939188 1.0475168542700288 -0.3639822336503187
FixedParameters: 0 0 0
#Transform 26
Transform: MatrixOffsetTransformBase_double_3_3
Parameters: 0.9999987823604496 0.0005039585675564268 -0.0017220418929387547 -0.00048238864086060925 0.9999274179364159 0.012049117902933698 0.0017271874996451716 -0.012047886414862846 0.9999260208964789 -0.07174448576711256 1.1900572564615146 -0.3273474371126497
FixedParameters: 0 0 0
#Transform 27
Transform: MatrixOffsetTransformBase_double_3_3
Parameters: 0.9999995954425013 -0.0006266013357907797 -0.00010904954749150727 0.0006276237450141097 0.9999615166912189 0.00877993958819312 0.0001033560763044358 -0.00878007271377726 0.9999618988564773 0.05760008853579279 0.996219026970266 -0.5459581562963081
FixedParameters: 0 0 0
#Transform 28
Transform: MatrixOffsetTransformBase_double_3_3
Parameters: 0.9999977215877619 0.002066552930880783 -0.00008300307623800046 -0.002066117099157574 0.9999546069481178 0.00928670670192705 0.00010218947976805399 -0.00928628628171646 0.9999566326371438 -0.09044149293666237 1.0281838928756173 -0.3934052174811882
FixedParameters: 0 0 0
#Transform 29
Transform: MatrixOffsetTransformBase_double_3_3
Parameters: 0.9999986353084643 0.0018320334493763526 -0.00009250674844361948 -0.0018308846627734746 0.9999502888976963 0.009773918716545843 0.00011106498780468936 -0.009773076035989342 0.9999522991346603 -0.04540661743415342 0.9457742703027634 -0.36528637585311685
FixedParameters: 0 0 0
#Transform 30
Transform: MatrixOffsetTransformBase_double_3_3
Parameters: 0.9999984018750804 0.001500739120203312 -0.0005874625906766563 -0.0014947728547519746 0.9999445051596848 0.010439732234069632 0.0006037973995359929 -0.010439281792010424 0.9999459241682627 -0.08098193762593553 1.0387171519567175 -0.3325754399024845
FixedParameters: 0 0 0
#Transform 31
Transform: MatrixOffsetTransformBase_double_3_3
Parameters: 1.0000000821682071 0.0009480392370993294 -0.00013922834431413935 -0.0009462665669530983 0.9999530002230976 0.009697924927552531 0.000148601859595397 -0.009698084298278703 0.9999529749814232 -0.06180143520589354 1.0163996916797657 -0.34074521279848113
FixedParameters: 0 0 0
#Transform 32
Transform: MatrixOffsetTransformBase_double_3_3
Parameters: 0.99999815849497 0.0019595164517544794 0.000028797705240285172 -0.0019602033074536344 0.9999477783483328 0.010074487630675588 -0.00000872148144724687 -0.01007452341758669 0.9999493835891408 -0.031173332064753367 1.0192355477570203 -0.4103693237764787
FixedParameters: 0 0 0
#Transform 33
Transform: MatrixOffsetTransformBase_double_3_3
Parameters: 0.9999971510147466 0.002197822623616994 -0.00013206859980376796 -0.0021968514961848984 0.9999456236097268 0.010181832778854844 0.00015469625863155463 -0.010181164893589889 0.9999481959194886 -0.06592028783130388 1.0178171201244623 -0.34810835988278654
FixedParameters: 0 0 0
#Transform 34
Transform: MatrixOffsetTransformBase_double_3_3
Parameters: 0.9999984121182189 0.001766488790827131 -0.0006839400005578618 -0.0017589477970196767 0.999938942648939 0.010905009911664626 0.0007025689988367684 -0.01090299780055276 0.9999406676715739 -0.09939356841060487 1.1081629817907839 -0.34145508736187935
FixedParameters: 0 0 0
#Transform 35
Transform: MatrixOffsetTransformBase_double_3_3
Parameters: 0.999999012067771 0.0009544465676815447 0.0002768315913212815 -0.0009575650392875841 0.9999530383942983 0.009645744146798585 -0.0002670752568693066 -0.009646264053165238 0.9999538785874741 -0.022941756998875462 0.9650951663817295 -0.4565386391967081
FixedParameters: 0 0 0
#Transform 36
Transform: MatrixOffsetTransformBase_double_3_3
Parameters: 0.9999988691003225 0.0010828403571407944 -0.0013991679261351076 -0.0010667787943975963 0.9999343341499285 0.011405612737927118 0.0014119380533317899 -0.011404394793435718 0.9999343781506929 -0.09930306681161483 1.0760041347814706 -0.32567377644647877
FixedParameters: 0 0 0
#Transform 37
Transform: MatrixOffsetTransformBase_double_3_3
Parameters: 0.9999944596664643 0.003394012484507097 0.00014671676116177843 -0.003395155657265346 0.9999437028134806 0.01005833303084308 -0.00011259989486556037 -0.010058668164207224 0.9999494042942955 -0.10658355429764299 1.0217981934282392 -0.4492237877439038
FixedParameters: 0 0 0
#Transform 38
Transform: MatrixOffsetTransformBase_double_3_3
Parameters: 0.999994430239361 0.003400198025825893 -0.0000911917506592018 -0.0033991968228286196 0.9999502358715717 0.009398968762743876 0.0001235419035567158 -0.009399027481720779 0.9999555075879327 -0.07178551619011841 0.9179990105800897 -0.38677527582962057
FixedParameters: 0 0 0
#Transform 39
Transform: MatrixOffsetTransformBase_double_3_3
Parameters: 0.9999948880764179 0.003179563937417856 0.000028002361846965864 -0.0031801543199048493 0.9999520285970621 0.009275778558321707 0.000002358328093296286 -0.009276216793474734 0.9999567670335817 -0.054472153147813174 0.9273229025030219 -0.3756314690218403
FixedParameters: 0 0 0
#Transform 40
Transform: MatrixOffsetTransformBase_double_3_3
Parameters: 0.9999996629069222 0.0011559563588082423 -0.000030309595545388758 -0.0011555536343972523 0.9999565343695851 0.009289776473329348 0.000041588252621245065 -0.009289223543396757 0.9999565351356718 -0.03709041062133167 0.8712506817969512 -0.47152858079812177
FixedParameters: 0 0 0
#Transform 41
Transform: MatrixOffsetTransformBase_double_3_3
Parameters: 0.9999991350941599 0.0013291001974184888 -0.0003118452415974399 -0.0013267168209215665 0.9999513409764158 0.009790209025188068 0.00032539094420984925 -0.009789794814440506 0.9999521011975326 -0.07330051606408006 0.9198626096660973 -0.36437949569821626
FixedParameters: 0 0 0
#Transform 42
Transform: MatrixOffsetTransformBase_double_3_3
Parameters: 0.9999984087782829 0.0018906182919928207 0.00012941997146746905 -0.0018917720998979592 0.9999543575715046 0.009390291097371412 -0.00011158592263663782 -0.009390709151334553 0.9999556841775135 -0.02341509281247056 0.8974764254517282 -0.4565158256888253
FixedParameters: 0 0 0
#Transform 43
Transform: MatrixOffsetTransformBase_double_3_3
Parameters: 0.9999982399862685 0.0016608487981315259 0.000019513041983499767 -0.0016616900740684098 0.9999496814241667 0.009885715092306513 -0.000002934296767682107 -0.009885282553414948 0.9999511074548351 -0.04436347956254849 0.9332695537799935 -0.36368376041392025
FixedParameters: 0 0 0
#Transform 44
Transform: MatrixOffsetTransformBase_double_3_3
Parameters: 0.9999951147433235 0.002954525970662789 0.0003940730419383275 -0.0029585291265741723 0.9999455184147201 0.009950127422623828 -0.00036475032283922503 -0.009951863474412154 0.9999505462746457 -0.07680192568921029 1.02122587046442 -0.32993007270673047
FixedParameters: 0 0 0
#Transform 45
Transform: MatrixOffsetTransformBase_double_3_3
Parameters: 0.9999990984627062 0.001378210424833196 0.000040847191792278725 -0.0013788019844877132 0.999957367312877 0.009107904215972962 -0.000029078797766456616 -0.009107098696896826 0.9999588344922242 -0.07770217091332654 0.9503873836855092 -0.4725403634031693
FixedParameters: 0 0 0
#Transform 46
Transform: MatrixOffsetTransformBase_double_3_3
Parameters: 0.9999970992654489 0.0024238478628955803 0.00016594262658990852 -0.002424449673991573 0.9999573471968712 0.008934928699459582 -0.00014464874779788206 -0.008936075972697605 0.9999600622834923 -0.16299745215646055 1.0302926384035374 -0.4684305694420061
FixedParameters: 0 0 0
#Transform 47
Transform: MatrixOffsetTransformBase_double_3_3
Parameters: 0.9999937438891868 0.0034529815881623855 -0.0005769150904703359 -0.00344657888992453 0.999933948825535 0.010991544213676901 0.0006142766880851424 -0.010990459237828681 0.9999391828269529 -0.18073446149541894 0.975329043644706 -0.27848650181667267
FixedParameters: 0 0 0
#Transform 48
Transform: MatrixOffsetTransformBase_double_3_3
Parameters: 0.9999951317240898 0.0031415490389877974 0.00003533217281527989 -0.003141007222014229 0.9999425754815053 0.010282764741004646 -0.000002728816793360831 -0.010283240965244717 0.9999470698935775 -0.1271012288332969 0.9964575205437569 -0.36646680027868683
FixedParameters: 0 0 0
#Transform 49
Transform: MatrixOffsetTransformBase_double_3_3
Parameters: 0.999998404733106 0.001611324245840746 -0.000010970473419531887 -0.0016103810129944962 0.9999511666558326 0.009704809535647979 0.000026724439078375763 -0.009705180805275049 0.9999528595631721 -0.06933180494067415 0.9472257351735323 -0.434428917455449
FixedParameters: 0 0 0
#Transform 50
Transform: MatrixOffsetTransformBase_double_3_3
Parameters: 0.9999992834082828 0.0012933847819897332 0.00021089833163363022 -0.001294719757846533 0.9999566940135735 0.009208463718302723 -0.0001988996575730783 -0.009208524196343715 0.9999569928936938 -0.02906787922020726 0.8655069137781055 -0.39487890751831856
FixedParameters: 0 0 0
#Transform 51
Transform: MatrixOffsetTransformBase_double_3_3
Parameters: 0.9999969432513681 0.002424202764622322 -0.0004234757187772704 -0.0024197993851875735 0.9999362332940896 0.011034412475547262 0.0004494003496959162 -0.011033594466641788 0.9999392037881183 -0.1278001601065739 1.0268779856580892 -0.337393446938961
FixedParameters: 0 0 0
#Transform 52
Transform: MatrixOffsetTransformBase_double_3_3
Parameters: 0.9999939183220514 0.0034668572656373032 -0.0002499259729882424 -0.0034643444562269315 0.9999469954961485 0.00970252839035865 0.00028291139072450256 -0.009701470502167159 0.9999526602297344 -0.10675501460785597 0.9414304765955563 -0.38564363052216777
FixedParameters: 0 0 0
#Transform 53
Transform: MatrixOffsetTransformBase_double_3_3
Parameters: 0.9999921407850553 0.0041033221089296695 0.0001461887035999423 -0.00410466922140984 0.999944137885872 0.009722773613896674 -0.00010662655764769699 -0.009723228378491933 0.9999529241557825 -0.09507644221335454 0.9521025221380341 -0.3558653795606119
FixedParameters: 0 0 0
#Transform 54
Transform: MatrixOffsetTransformBase_double_3_3
Parameters: 0.9999966158761169 0.0024424599751432063 -0.0006472184795613432 -0.002434987977154376 0.9999357744701125 0.011087022269365587 0.0006742114136061943 -0.011085997553082816 0.9999390122760472 -0.14768500088503345 1.0409088071845076 -0.3380505715551294
FixedParameters: 0 0 0
#Transform 55
Transform: MatrixOffsetTransformBase_double_3_3
Parameters: 0.9999992803124594 0.0011030168600746253 0.0007098647044153439 -0.0011060838978939741 0.9999870807118865 0.004991171183477722 -0.0007038462459762546 -0.004991830830033739 0.99998736911423 -0.06049142753974479 0.885713243629823 -0.6087703600631187
FixedParameters: 0 0 0
#Transform 56
Transform: MatrixOffsetTransformBase_double_3_3
Parameters: 0.999998290727814 0.0016407878969645867 0.00013630798488002574 -0.0016410003055797844 0.9999624302040072 0.00854652794716701 -0.00012204433215717085 -0.008546482053011784 0.999963772347261 -0.09458919500293916 0.9218977156074999 -0.4428148211894154
FixedParameters: 0 0 0
#Transform 57
Transform: MatrixOffsetTransformBase_double_3_3
Parameters: 0.9999991788863078 0.0010483158170271317 -0.0008501477138042532 -0.0010382855779134082 0.9999395319650042 0.01095972549362531 0.0008616688543791065 -0.01095927331504401 0.9999394183308994 -0.1437096667695954 0.9374869805161126 -0.2743880963902825
FixedParameters: 0 0 0
#Transform 58
Transform: MatrixOffsetTransformBase_double_3_3
Parameters: 0.9999953689554608 0.0029251891093780924 -0.000274503062346771 -0.0029218781817293878 0.9999448328764243 0.010081932817975175 0.00030428636906630775 -0.010081067073124506 0.9999492571916399 -0.11495810838096077 0.983866588533644 -0.34948427574553875
FixedParameters: 0 0 0
#Transform 59
Transform: MatrixOffsetTransformBase_double_3_3
Parameters: 0.999996166286875 0.0026141452676899874 0.000022600993815041336 -0.0026140228906880655 0.9999473512035144 0.00989327458144948 0.0000034172099618052375 -0.0098937190643206 0.9999510473366431 -0.07071781718656212 0.9580097576388198 -0.35797084771664345
FixedParameters: 0 0 0
#Transform 60
Transform: MatrixOffsetTransformBase_double_3_3
Parameters: 0.9999980738639429 0.001980877020490013 -0.00005771612113591296 -0.0019796775152315896 0.9999530773779303 0.009545660636143483 0.00007708361720697149 -0.009545355935470512 0.9999547588576101 -0.0805163907007369 0.9731802562556311 -0.33570240440849375
FixedParameters: 0 0 0
#Transform 61
Transform: MatrixOffsetTransformBase_double_3_3
Parameters: 0.9999982247180176 0.00190612200266371 -0.0003781219797103619 -0.001901394492880396 0.9999369744869241 0.011104316873708914 0.00039872710479178466 -0.011103701962674045 0.999938644555713 -0.09562742442814454 1.1139473743528896 -0.32573452861910823
FixedParameters: 0 0 0
#Transform 62
Transform: MatrixOffsetTransformBase_double_3_3
Parameters: 0.9999986605667838 0.0017571005761528916 0.000500965025106996 -0.0017625264794539086 0.9999503893117698 0.009831874759677228 -0.00048373222062646665 -0.009833137855264962 0.9999519101836707 0.010197118534023275 1.0055195734266107 -0.4496742163092051
FixedParameters: 0 0 0
#Transform 63
Transform: MatrixOffsetTransformBase_double_3_3
Parameters: 0.9999966847537259 0.0025033591246717943 -0.00022208525246653467 -0.0025003462359371904 0.9999331413305313 0.011254884376417196 0.0002502109166431831 -0.011254097038290584 0.9999362076698541 -0.06441605457283117 1.0754445540494544 -0.3394344995952565
FixedParameters: 0 0 0
#Transform 64
Transform: MatrixOffsetTransformBase_double_3_3
Parameters: 0.9999959929950045 0.0029986486377471325 0.00012606084503865276 -0.0029995095124111175 0.9999443493124535 0.01009370105465876 -0.00009556551534374027 -0.010094290331543437 0.999948860447544 -0.018110351515943535 1.0196342302377133 -0.3559676523870223
FixedParameters: 0 0 0
#Transform 65
Transform: MatrixOffsetTransformBase_double_3_3
Parameters: 0.9999986880708006 0.0016942564893757974 0.0006646761218662991 -0.0017001240453205402 0.9999583577760236 0.008954788016814763 -0.0006489496834037666 -0.008955213789302363 0.9999599428804852 0.04905285951468841 0.94830492338086 -0.4554205020244808
FixedParameters: 0 0 0
#Transform 66
Transform: MatrixOffsetTransformBase_double_3_3
Parameters: 0.9999980955212634 0.001648188916170105 0.00043400700845836094 -0.0016523467196684458 0.999947448570458 0.010148038138172472 -0.00041691024810922695 -0.010148972578016807 0.9999486572839883 0.04813271493304683 0.9516907777185253 -0.3758687970753556
FixedParameters: 0 0 0
#Transform 67
Transform: MatrixOffsetTransformBase_double_3_3
Parameters: 0.9999987965004816 0.00144210802321608 -0.00106049146941831 -0.0014313756395542105 0.9999488778588551 0.009990363109559919 0.0010741701149896705 -0.009988629904181312 0.9999493333517262 -0.028876977349625577 0.9670830454077333 -0.37783296754960816
FixedParameters: 0 0 0
#Transform 68
Transform: MatrixOffsetTransformBase_double_3_3
Parameters: 0.9999997180823978 0.0011135764325146819 -0.00020638984101918904 -0.001110907904782079 0.9999565126617416 0.009233236245510562 0.00021695590853512743 -0.00923276528456718 0.9999577051401769 0.045486254816495375 0.8637131825608009 -0.4493463461288911
FixedParameters: 0 0 0
#Transform 69
Transform: MatrixOffsetTransformBase_double_3_3
Parameters: 0.9999980843115497 0.0018799391213899614 -0.0006178204884219635 -0.0018731307681658343 0.9999413144832101 0.01068074588029691 0.0006378693949969476 -0.01067925353792018 0.9999426383058081 0.0009566832101199907 0.973975741768669 -0.3480542692057327
FixedParameters: 0 0 0
#Transform 70
Transform: MatrixOffsetTransformBase_double_3_3
Parameters: 0.9999969705910248 0.0022117909441838096 -0.00037016844201180003 -0.002208185240980502 0.9999490223380378 0.009846189539743339 0.0003920137857226239 -0.009845801252245462 0.9999510559685817 0.03624136525274935 0.9570241158787525 -0.4600053935365338
FixedParameters: 0 0 0
#Transform 71
Transform: MatrixOffsetTransformBase_double_3_3
Parameters: 0.9999979798588738 0.002168196066767192 -0.0005664729638725434 -0.0021617517568353886 0.999949966105854 0.009808603959633122 0.0005874888342545319 -0.009807401761630807 0.9999516151002267 0.029493672014766048 0.9292806054040454 -0.41201406074816305
FixedParameters: 0 0 0
#Transform 72
Transform: MatrixOffsetTransformBase_double_3_3
Parameters: 0.9999971637019139 0.001669780345561436 -0.001431334221142876 -0.0016521323312742912 0.9999269759998086 0.01195027341730312 0.001451259360849153 -0.011947721013233575 0.9999276200276744 -0.020012685863790125 1.11136125079841 -0.34065809323791996
FixedParameters: 0 0 0
#Transform 73
Transform: MatrixOffsetTransformBase_double_3_3
Parameters: 0.999999765278029 0.0008206649237195362 -0.0007492634175970379 -0.0008131939755697394 0.9999544444564565 0.009519445969732337 0.00075714867829443 -0.009519549140047018 0.9999540749456479 0.041118516099899693 0.9702940082361806 -0.4821661397792809
FixedParameters: 0 0 0
#Transform 74
Transform: MatrixOffsetTransformBase_double_3_3
Parameters: 0.9999982150028741 0.0013715510899768384 -0.0009510024131976747 -0.0013606519537716782 0.9999345747523225 0.011327135076547645 0.0009659478265804433 -0.011325850058304637 0.9999350528062153 -0.004157535699789605 1.0282556351810683 -0.3637110359348412
FixedParameters: 0 0 0
#Transform 75
Transform: MatrixOffsetTransformBase_double_3_3
Parameters: 0.9999968436107373 0.002203681192843787 -0.0005490413864323828 -0.002197798586613421 0.9999515972593966 0.009613583477742632 0.0005699005288972831 -0.009612417081950958 0.9999534222994773 0.031356050817066716 0.9458135653516422 -0.4521322921907256
FixedParameters: 0 0 0
#Transform 76
Transform: MatrixOffsetTransformBase_double_3_3
Parameters: 0.9999973124168011 0.0020941949476227777 -0.0005491507041718116 -0.0020889477041254574 0.9999490689108061 0.009920524768141453 0.0005694167693426565 -0.009919481315691397 0.9999504255729789 0.04716417268132034 0.9169523397541042 -0.3957613701723801
FixedParameters: 0 0 0
#Transform 77
Transform: MatrixOffsetTransformBase_double_3_3
Parameters: 0.9999982562933271 0.0017863395107587392 -0.0007426359443569828 -0.0017789858743204909 0.9999458366603406 0.010279962124333436 0.0007616450803678164 -0.010279046339034315 0.9999470775246817 0.0278610235891108 0.9739876066149975 -0.3625846340137855
FixedParameters: 0 0 0
#Transform 78
Transform: MatrixOffsetTransformBase_double_3_3
Parameters: 0.9999996509497252 0.0007258161860114909 -0.0009067971347686381 -0.0007166335665876508 0.9999443006385064 0.010544658545166313 0.0009140276161474076 -0.010543345191799502 0.9999439921445609 0.00845078706277036 1.0125472983837653 -0.3986412469886318
FixedParameters: 0 0 0
#Transform 79
Transform: MatrixOffsetTransformBase_double_3_3
Parameters: 0.999996626956546 0.002676700618141746 0.0004569562963140124 -0.002681807974065348 0.9999276310038024 0.011776029947851874 -0.00042478742001385305 -0.01177698310042996 0.9999306137659347 0.009781669180881636 1.0458808668206245 -0.35278006527448724
FixedParameters: 0 0 0
#Transform 80
Transform: MatrixOffsetTransformBase_double_3_3
Parameters: 0.999997256906805 0.0018804241920679886 -0.0010987385254448028 -0.0018684135091225908 0.9999408606399596 0.010692688000746131 0.0011189179552212344 -0.010690296961112622 0.9999417732786424 -0.02492021598663996 0.9880913419281541 -0.33745371653967027
FixedParameters: 0 0 0
#Transform 81
Transform: MatrixOffsetTransformBase_double_3_3
Parameters: 0.9999979155333063 0.0017531580376138048 -0.00010687007720193897 -0.0017517066700165852 0.9999497865195546 0.009912723327135359 0.0001243707384338035 -0.009912280328733841 0.9999506086859472 0.05928414198930909 0.9361851783577038 -0.44181605445285754
FixedParameters: 0 0 0
#Transform 82
Transform: MatrixOffsetTransformBase_double_3_3
Parameters: 0.9999982192256939 0.0011310640926382378 -0.0015816961555749046 -0.001110646605545178 0.9999197969641099 0.01259087363429301 0.0015959125130423806 -0.01258911539671928 0.999919393336709 -0.09980293678998464 1.1066183479927787 -0.284555108318159
FixedParameters: 0 0 0
#Transform 83
Transform: MatrixOffsetTransformBase_double_3_3
Parameters: 0.9999976727625072 0.002071375337573971 0.0001877907310622746 -0.0020739281511454742 0.9999411509508314 0.010614143521455871 -0.00016559656245723433 -0.010614838242959862 0.9999431801939861 0.02416485041774763 1.0027685487624893 -0.39107160115133865
FixedParameters: 0 0 0
#Transform 84
Transform: MatrixOffsetTransformBase_double_3_3
Parameters: 0.9999965536050307 0.0024035783130920622 -0.0008183708614063756 -0.002394160599619785 0.9999335601435951 0.011284401824935647 0.0008448932280750572 -0.011282609728423099 0.9999363500708912 -0.007009164800450662 1.0031941121235946 -0.3231287084375083
FixedParameters: 0 0 0
#Transform 85
Transform: MatrixOffsetTransformBase_double_3_3
Parameters: 0.9999977447887677 0.0019392728642381764 -0.0007027726329601416 -0.0019319753641746048 0.9999440914485288 0.010430781706195963 0.0007233393298559024 -0.010430219208262398 0.9999450565207088 0.011723006017007265 1.0072264071327766 -0.38168288195464584
FixedParameters: 0 0 0
#Transform 86
Transform: MatrixOffsetTransformBase_double_3_3
Parameters: 0.9999988247780888 0.001158671451728588 -0.0009126932999908208 -0.0011485002306445623 0.9999381540133847 0.011056889612848841 0.0009251268981240165 -0.011056103282789664 0.9999381708533794 0.009988437169340614 0.986321376857461 -0.4475578788206178
FixedParameters: 0 0 0
#Transform 87
Transform: MatrixOffsetTransformBase_double_3_3
Parameters: 0.9999981456131016 0.0014837361843403835 -0.0008079233102577777 -0.0014754246057355404 0.9999445177662949 0.01039403522391652 0.0008232103864040599 -0.010392955587803981 0.9999455722685989 0.004721003669303059 0.9800755669183161 -0.3905185382069192
FixedParameters: 0 0 0
#Transform 88
Transform: MatrixOffsetTransformBase_double_3_3
Parameters: 0.9999982996179433 0.001448772508088317 -0.0007763166424910415 -0.001439646123526943 0.9999418817202074 0.010710748397573133 0.0007915625804322536 -0.01071024988754768 0.9999419815608652 0.005955425957495208 0.9308559705804953 -0.38864138112543856
FixedParameters: 0 0 0
#Transform 89
Transform: MatrixOffsetTransformBase_double_3_3
Parameters: 0.9999991259870061 0.0011191301673983893 -0.000788273423611788 -0.0011101403299941168 0.9999360578837888 0.011288725859267629 0.0008011165596464016 -0.011288288027899357 0.9999361992430856 0.02884039629127244 0.9791234133046487 -0.3744407650720234
FixedParameters: 0 0 0
#Transform 90
Transform: MatrixOffsetTransformBase_double_3_3
Parameters: 0.9999992298463215 0.0010172576529804246 -0.0008573492950756218 -0.0010089727326295186 0.9999533829316897 0.009608704608267321 0.0008674214320363023 -0.009608291005823305 0.9999531960687353 0.042719902425176315 0.8757569358655246 -0.455963900237208
FixedParameters: 0 0 0
#Transform 91
Transform: MatrixOffsetTransformBase_double_3_3
Parameters: 0.9999987362851095 0.0013998931244813908 -0.0005518819088656008 -0.0013939023713524696 0.9999482247314051 0.010077616881201762 0.000565852954066244 -0.010077389304890438 0.9999493942070766 0.052701151546628466 0.8369503247306795 -0.4312247008917609
FixedParameters: 0 0 0
#Transform 92
Transform: MatrixOffsetTransformBase_double_3_3
Parameters: 1.0000000018929949 0.0009771213337727775 -0.00020796880392929352 -0.0009752179111715592 0.9999521680664187 0.009689204031875898 0.00021713394587591248 -0.009688788962910644 0.9999530759989189 0.09025984498985906 0.8411187460389158 -0.39530193443474104
FixedParameters: 0 0 0
#Transform 93
Transform: MatrixOffsetTransformBase_double_3_3
Parameters: 0.9999999870584961 0.0009651687879753839 -0.0002865169290870151 -0.0009619225920596479 0.9999557731611908 0.009394066659527273 0.00029486888885640845 -0.009393938455061535 0.9999557154385128 0.13367130583860387 0.8117784957567409 -0.5103844825831061
FixedParameters: 0 0 0
#Transform 94
Transform: MatrixOffsetTransformBase_double_3_3
Parameters: 0.999998898195626 0.0014497046825650544 0.000012366450794916461 -0.0014497615184236293 0.9999552193568111 0.009372727806072706 0.0000014678164673824774 -0.009372273774293477 0.9999559873608981 0.15322308375007765 0.7567362576740777 -0.48928296313997066
FixedParameters: 0 0 0
#Transform 95
Transform: MatrixOffsetTransformBase_double_3_3
Parameters: 0.9999994755320158 0.001182957354652304 -0.0003535523990008599 -0.0011796289671430265 0.9999495327711696 0.01000121083859637 0.00036472578392614464 -0.010000794317942374 0.9999498976287808 0.10852356842053723 0.8512303187227559 -0.42898568638534584
FixedParameters: 0 0 0
#Transform 96
Transform: MatrixOffsetTransformBase_double_3_3
Parameters: 0.99999924817885 0.0008646047741419005 -0.00007108930623435047 -0.0008629859809413543 0.9999535710115438 0.009575064430286245 0.00007938707526615287 -0.00957493435585044 0.9999543116915331 0.12583373053550417 0.8000044545588452 -0.5115371979657652
FixedParameters: 0 0 0
#Transform 97
Transform: MatrixOffsetTransformBase_double_3_3
Parameters: 0.9999999210540108 0.0009664142309920548 -0.0003802073314763183 -0.000962806333518287 0.9999482990780675 0.010088368428551153 0.0003903614197068907 -0.01008762502016386 0.999949081320512 0.06937759995736315 0.8547207120296463 -0.4015428566913499
FixedParameters: 0 0 0
#Transform 98
Transform: MatrixOffsetTransformBase_double_3_3
Parameters: 0.9999995796955713 0.000581134795686639 -0.0002879017830547659 -0.0005778994680634734 0.9999547729503545 0.00953095188425554 0.00029331942992280347 -0.009531047047098118 0.9999541226884673 0.06874474159495492 0.8447489074883805 -0.5136797121257075
FixedParameters: 0 0 0
#Transform 99
Transform: MatrixOffsetTransformBase_double_3_3
Parameters: 0.9999992452360786 0.0011456415957364439 -0.0006645081485503379 -0.0011389299964216163 0.9999395346878557 0.010949602015506849 0.0006769794594617744 -0.010949403430726423 0.9999399200956357 0.029953467189614003 0.8502159516561534 -0.3461587501653298
FixedParameters: 0 0 0
#Transform 100
Transform: MatrixOffsetTransformBase_double_3_3
Parameters: 0.9999997746567532 -0.00019535869789363304 0.00043253304159436296 0.0001911211234866445 0.9999619815705002 0.0087708672601923 -0.0004346372785392853 -0.008771131690031575 0.9999609292460588 0.14788938946840346 0.8027039706452541 -0.6371584360781242
FixedParameters: 0 0 0
#Transform 101
Transform: MatrixOffsetTransformBase_double_3_3
Parameters: 0.9999993658424227 0.0007155924485570861 0.0003487133027798409 -0.0007192218540022494 0.9999592477761967 0.008969696086400109 -0.0003425805846128178 -0.008969290123576612 0.9999592110679599 0.22943705578296658 0.7385565967000076 -0.5926463469349699
FixedParameters: 0 0 0
#Transform 102
Transform: MatrixOffsetTransformBase_double_3_3
Parameters: 0.9999997570171709 0.001015354376680957 -0.0004608480396818526 -0.001010735348217334 0.9999521787800719 0.009673518997293878 0.0004701643013348571 -0.00967347756347306 0.9999534206295333 0.08351174792967697 0.63320809789208 -0.2769864464846137
FixedParameters: 0 0 0
#Transform 103
Transform: MatrixOffsetTransformBase_double_3_3
Parameters: 0.9999982246620699 0.0017600827662090062 -0.0008226984128666057 -0.0017514517195257567 0.9999386092805597 0.01091129536361432 0.0008416417658005643 -0.010909706904667443 0.9999405300262307 0.0692130205945034 0.8602748449481794 -0.3071251481066213
FixedParameters: 0 0 0
#Transform 104
Transform: MatrixOffsetTransformBase_double_3_3
Parameters: 0.9999981338216525 0.001379907189443422 -0.000980530193800853 -0.0013681563943979019 0.9999282197204505 0.011901190954317853 0.0009974544343302992 -0.01189980684824829 0.9999286600945989 0.05969294198359876 1.0151284230948363 -0.3108004246212488
FixedParameters: 0 0 0
#Transform 105
Transform: MatrixOffsetTransformBase_double_3_3
Parameters: 0.9999992531379933 0.0007961192553185709 -0.0003360301854701765 -0.0007925145746742212 0.9999350817887087 0.011412059013273912 0.00034485184914967627 -0.011411950143456917 0.9999346952273332 0.09384011494967126 1.0103064830230863 -0.3729236071504545
FixedParameters: 0 0 0
#Transform 106
Transform: MatrixOffsetTransformBase_double_3_3
Parameters: 0.9999992354894608 0.0012905268556816928 -0.00031542385404999485 -0.001286394432083568 0.9999319129566537 0.011541464005092233 0.00033053916243700734 -0.011541533403887916 0.9999339011289806 0.1338109722847065 1.015251183824489 -0.355618123802941
FixedParameters: 0 0 0
#Transform 107
Transform: MatrixOffsetTransformBase_double_3_3
Parameters: 0.999998860407353 0.001169711181574462 -0.000878140370287135 -0.0011588082643437902 0.9999290614033194 0.011887870688672975 0.0008927452777993148 -0.011887142648603799 0.9999291633966899 0.14697829506958726 1.025798183541852 -0.3168136307440079
FixedParameters: 0 0 0
#Transform 108
Transform: MatrixOffsetTransformBase_double_3_3
Parameters: 0.9999997181753768 0.0002394675579838226 -0.0004741096092075569 -0.0002337239871144936 0.999938196010023 0.011079102574382715 0.00047633782729098893 -0.011078877595618708 0.9999380263526148 0.19923762405420575 0.9857089951793938 -0.4398575856630771
FixedParameters: 0 0 0
#Transform 109
Transform: MatrixOffsetTransformBase_double_3_3
Parameters: 0.9999999925836136 0.00006565628691610268 -0.000056091466957911054 -0.00006462377540095783 0.9999380926407124 0.011131004754957735 0.00005656649356466762 -0.011130997315241614 0.9999380939214245 0.2599085875474998 0.9167515134817847 -0.41460733320926124
FixedParameters: 0 0 0
#Transform 110
Transform: MatrixOffsetTransformBase_double_3_3
Parameters: 0.9999995028037434 -0.000542892007402238 -0.000449755329020218 0.000548171325344291 0.9999368772268897 0.011216755470081191 0.0004437215292997526 -0.011217242804462513 0.9999369754709276 0.18175182818490043 0.9220025710632171 -0.38339518328803024
FixedParameters: 0 0 0
#Transform 111
Transform: MatrixOffsetTransformBase_double_3_3
Parameters: 0.999999370303985 -0.0005679503179966649 0.0005541659892780455 0.0005623162755427688 0.9999391482024664 0.01102431682269045 -0.0005599329439913409 -0.011023687091687606 0.9999391574830135 0.2652896197003969 0.8530700213014342 -0.47717768780066194
FixedParameters: 0 0 0
#Transform 112
Transform: MatrixOffsetTransformBase_double_3_3
Parameters: 0.9999999562305917 0.00019106405194245214 0.00008476177702055047 -0.00019250437254244958 0.9999307653481782 0.011797993201970197 -0.00008240812053973736 -0.011798025157238073 0.9999307953670616 0.22955611121719244 0.8850029765827685 -0.35491712723933233
FixedParameters: 0 0 0
#Transform 113
Transform: MatrixOffsetTransformBase_double_3_3
Parameters: 0.9999994386713458 -0.0001271448080327809 0.0007384164528245524 0.00011847738425686631 0.9999404944414548 0.010931093106122808 -0.0007397268153161744 -0.010930911468832905 0.9999399634853574 0.2620385686406763 0.8679982956529244 -0.43010130855688544
FixedParameters: 0 0 0
#Transform 114
Transform: MatrixOffsetTransformBase_double_3_3
Parameters: 0.9999995819415501 0.00027426148458358613 0.0005854103160784231 -0.0002803307277473719 0.9999338066229805 0.011493834605731584 -0.0005827583432748734 -0.011494158438316193 0.9999335425715679 0.2829370846885837 0.8727013098939409 -0.35154970697092836
FixedParameters: 0 0 0
#Transform 115
Transform: MatrixOffsetTransformBase_double_3_3
