#Insight Transform File V1.0
#Transform 0
Transform: MatrixOffsetTransformBase_double_3_3
Parameters: 0.9999997304275643 0.0003462316642317787 0.0003868443019389821 -0.0003446805601440264 0.9999909792509905 -0.004231133770663753 -0.0003883493203927926 0.004230865942213002 0.9999909482931367 0.07336647324947876 -0.5986553410142932 -0.006688130072063814
FixedParameters: 0 0 0
#Transform 1
Transform: MatrixOffsetTransformBase_double_3_3
Parameters: 0.9999997230782661 0.0010201263957424738 0.00048622635233226523 -0.00101791922475321 0.9999902768049098 -0.004347548817420138 -0.00049052156121485 0.004347455284805318 0.9999906445523908 0.12135695857847395 -0.7393190912477792 -0.04141773188717934
FixedParameters: 0 0 0
#Transform 2
Transform: MatrixOffsetTransformBase_double_3_3
Parameters: 0.999999496730461 0.0007041541184642235 0.001003585701219703 -0.0007009939092182699 0.9999950407524867 -0.0029184888917904717 -0.0010060461423779888 0.002917509036083149 0.9999954264935889 0.19129085062265005 -0.6154873331991126 0.03173898387146323
FixedParameters: 0 0 0
#Transform 3
Transform: MatrixOffsetTransformBase_double_3_3
Parameters: 0.9999999546792498 -0.00014449100508761187 0.0001565194213676589 0.00014439402897273838 0.999993616874275 -0.003515976138939031 -0.00015625729911520128 0.0035160212907289212 0.9999936132253927 0.15243411342736124 -0.549914005108306 -0.03047529190911291
FixedParameters: 0 0 0
#Transform 4
Transform: MatrixOffsetTransformBase_double_3_3
Parameters: 0.9999987755825558 -0.00023609148486810754 0.0014722055245693314 0.00024784491381774803 0.9999707037687037 -0.007682593582260838 -0.0014711479076316475 0.007682403896062173 0.9999690284136382 0.23102961450702253 -0.778337323260871 -0.15800289500168674
FixedParameters: 0 0 0
#Transform 5
Transform: MatrixOffsetTransformBase_double_3_3
Parameters: 0.9999992947096639 -0.00016633130073858977 0.0008228815189065693 0.00017048030521970304 0.9999889334170851 -0.004568595193368136 -0.000822628441124644 0.004568402526300613 0.9999896186937961 0.14042269688695797 -0.5859008050429821 -0.07398458077747705
FixedParameters: 0 0 0
#Transform 6
Transform: MatrixOffsetTransformBase_double_3_3
Parameters: 0.9999996110746566 -0.00039756925376070794 0.0011095331800431913 0.00040207088378896847 0.9999893773121108 -0.004528340073270382 -0.0011077292866912935 0.004529658635588213 0.999989209862157 0.18148039669434013 -0.721986649039664 -0.05305365549207863
FixedParameters: 0 0 0
#Transform 7
Transform: MatrixOffsetTransformBase_double_3_3
Parameters: 0.9999997489971174 -0.00011284850337218423 -0.00048812497400778474 0.00011109335884389916 0.999992593010987 -0.003794052745055093 0.0004885315144369769 0.0037939433589863625 0.9999923670236321 0.1189488848548308 -0.6261016782560773 0.002123745086606732
FixedParameters: 0 0 0
#Transform 8
Transform: MatrixOffsetTransformBase_double_3_3
Parameters: 0.9999992314859271 -0.0005761509727482497 -0.000660960958253557 0.000572811418811911 0.9999903450861147 -0.004396381590485443 0.0006633968811141715 0.00439562073408023 0.9999902365634104 0.11697775034902236 -0.6452989537061455 -0.12105517527393772
FixedParameters: 0 0 0
#Transform 9
Transform: MatrixOffsetTransformBase_double_3_3
Parameters: 0.9999998831855839 -0.00027957664769020927 0.00019674802528394386 0.0002805332995154177 0.9999811855858158 -0.006060940367258433 -0.00019508191597701936 0.006061050056385908 0.9999812255392105 0.18090548622335234 -0.8034723733690612 -0.10271094952460658
FixedParameters: 0 0 0
#Transform 10
Transform: MatrixOffsetTransformBase_double_3_3
Parameters: 0.9999996937394329 -0.00028540132525389257 -0.0004737751840049425 0.00028311524589437405 0.9999900186115548 -0.004461134593132049 0.0004758682609459065 0.0044608646130723795 0.9999898738883443 0.10816747174878572 -0.7067191934299899 -0.011240565813693593
FixedParameters: 0 0 0
#Transform 11
Transform: MatrixOffsetTransformBase_double_3_3
Parameters: 0.9999998305251847 -0.000343245652566309 -0.0002273153303114354 0.00034192653040338803 0.9999892709773262 -0.004540074965119795 0.00022922933534438386 0.004539918523816883 0.9999893361634897 0.12672582226262818 -0.6067620176204542 -0.08033651614826454
FixedParameters: 0 0 0
#Transform 12
Transform: MatrixOffsetTransformBase_double_3_3
Parameters: 0.9999986712598392 -0.0006357405220277698 0.0013874576746811132 0.0006430858030090993 0.9999849762027733 -0.005513067509679559 -0.001383731701266817 0.005513937585223949 0.9999838971671521 0.21359705288740827 -0.6691538947719664 -0.11890466277196765
FixedParameters: 0 0 0
#Transform 13
Transform: MatrixOffsetTransformBase_double_3_3
Parameters: 0.9999996545211761 -0.0005458003042961222 -0.000216672300910758 0.0005459146652750006 0.9999929898086528 -0.003703119364068086 0.00021929669742054597 0.0037028813593317222 0.9999932401954544 0.12229639301409634 -0.6128349793827397 0.0036024470860240854
FixedParameters: 0 0 0
#Transform 14
Transform: MatrixOffsetTransformBase_double_3_3
Parameters: 0.9999974486039244 -0.0008817148344364663 0.0019428484351724754 0.0008938449741391007 0.9999795313112659 -0.006346966360747719 -0.0019369411910109286 0.006349039173849852 0.9999783221459877 0.2478357804444471 -0.7118601500662578 -0.15938015967714136
FixedParameters: 0 0 0
#Transform 15
Transform: MatrixOffsetTransformBase_double_3_3
Parameters: 0.9999986410265654 -0.001088893684055401 0.001473945518453691 0.001100144055040364 0.9999732617785863 -0.00723234151118074 -0.001466089985839366 0.007234657595612759 0.9999727307532974 0.2259538169145685 -0.8085567737130361 -0.1255592543806472
FixedParameters: 0 0 0
#Transform 16
Transform: MatrixOffsetTransformBase_double_3_3
Parameters: 0.999999085764576 -0.0009490896352282857 -0.00011778748066055989 0.0009481466486007807 0.9999907210801706 -0.004306378777632264 0.00012183582910647284 0.004306621179083425 0.9999902726198878 0.1732214264551999 -0.6789670026127936 -0.03470296602114331
FixedParameters: 0 0 0
#Transform 17
Transform: MatrixOffsetTransformBase_double_3_3
Parameters: 0.9999975903081979 -0.0016251147714131846 0.0013303256139897133 0.0016340159160591723 0.9999737351696567 -0.007023004839044472 -0.0013185576166271152 0.007025987456792809 0.9999741666663847 0.22147753715728413 -0.7067349207455322 -0.20928118820103236
FixedParameters: 0 0 0
#Transform 18
Transform: MatrixOffsetTransformBase_double_3_3
Parameters: 0.9999990171518671 -0.0009883128688675375 0.00007640187781487621 0.0009888696799701582 0.9999885393713891 -0.004634926860555916 -0.00007233487418078282 0.004635073866811751 0.9999895110856619 0.16623783012910565 -0.7416940557042295 -0.047643830682460475
FixedParameters: 0 0 0
#Transform 19
Transform: MatrixOffsetTransformBase_double_3_3
Parameters: 0.9999988040079004 -0.0014622330174527778 0.0010290996141780917 0.0014690381495211884 0.999970000612946 -0.007587665928855125 -0.0010182029702645906 0.007589332591777381 0.9999706309914453 0.18199971188705888 -0.7206174215273506 -0.21972425007831475
FixedParameters: 0 0 0
#Transform 20
Transform: MatrixOffsetTransformBase_double_3_3
Parameters: 0.9999998770771524 -0.00032351354785392395 -0.00013483271502491415 0.0003234673592569097 0.9999951456007035 -0.0029580414072689076 0.00013554979174323467 0.002957953918824169 0.999995231923785 0.13124246595647548 -0.6042959060739719 0.0520875218386152
FixedParameters: 0 0 0
#Transform 21
Transform: MatrixOffsetTransformBase_double_3_3
Parameters: 0.9999992066572974 -0.000890303491155319 -0.000037534831317645565 0.000889350274208477 0.9999927539599984 -0.00366803539716673 0.00004113718764264015 0.003667965363316844 0.9999935441505962 0.1382368367271738 -0.5630386073162867 -0.01460353462144326
FixedParameters: 0 0 0
#Transform 22
Transform: MatrixOffsetTransformBase_double_3_3
Parameters: 0.9999995043729539 -0.0006977715721008487 -0.00009528527403775637 0.0006968327639459153 0.9999854024128717 -0.005302065827238578 0.00009855737327582793 0.005301930618842349 0.9999858791688673 0.14782659606747472 -0.6905086210794309 -0.11511841859532979
FixedParameters: 0 0 0
#Transform 23
Transform: MatrixOffsetTransformBase_double_3_3
Parameters: 0.999999351449155 -0.00004300463160289273 -0.0008039406599024049 0.00004042539687001902 0.9999933737290492 -0.003559817631920703 0.0008045481754314442 0.003560182592061284 0.99999363043503 0.07287840886307606 -0.5790750537667577 0.0055505615989943635
FixedParameters: 0 0 0
#Transform 24
Transform: MatrixOffsetTransformBase_double_3_3
Parameters: 0.9999990951611785 -0.0010400441354555688 0.0009070473534751265 0.0010464390762933767 0.9999719568348601 -0.007462227595430415 -0.0009001205126279613 0.007462778955816651 0.9999717588614105 0.17675874500210398 -0.6981654781699405 -0.1824155127603433
FixedParameters: 0 0 0
#Transform 25
Transform: MatrixOffsetTransformBase_double_3_3
Parameters: 0.9999997163952299 -0.0005294578305149922 0.00005429111189993444 0.0005303005999256408 0.9999877090854974 -0.005000976178342442 -0.00005213822330881387 0.005001032536328054 0.9999879869481989 0.14953006840156036 -0.607672706449705 -0.08270229102646454
FixedParameters: 0 0 0
#Transform 26
Transform: MatrixOffsetTransformBase_double_3_3
Parameters: 0.9999993097056464 -0.0005987492639271982 -0.0005766428401460823 0.0005958394919710352 0.9999898201677071 -0.004476392512146377 0.000578400344035148 0.004476604407120555 0.9999894112397284 0.14546120282120967 -0.575694179849009 -0.05903149060551982
FixedParameters: 0 0 0
#Transform 27
Transform: MatrixOffsetTransformBase_double_3_3
Parameters: 0.9999995501487511 -0.000666092762416231 0.00007619277734056243 0.0006670156630146863 0.9999842514577818 -0.005594953091801663 -0.00007285612085996888 0.00559505240045724 0.9999846901133055 0.163412532433739 -0.6631958427569202 -0.15990785205985958
FixedParameters: 0 0 0
#Transform 28
Transform: MatrixOffsetTransformBase_double_3_3
Parameters: 0.9999994820597311 -0.0006921230768515553 -0.00019740628679896038 0.0006912937030989462 0.9999937840528242 -0.0034261373779673754 0.00019997404669634322 0.0034258624796703885 0.9999942229834371 0.15320317023447672 -0.6195700930752253 -0.008151308129214385
FixedParameters: 0 0 0
#Transform 29
Transform: MatrixOffsetTransformBase_double_3_3
Parameters: 0.9999984001312031 -0.001111885354619228 0.0011679609297048836 0.001121159828004019 0.9999685110530897 -0.007871865568095826 -0.0011585816222424285 0.0078731292741884 0.9999679346051482 0.18946294349721882 -0.7701118898024646 -0.2241766049532714
FixedParameters: 0 0 0
#Transform 30
Transform: MatrixOffsetTransformBase_double_3_3
Parameters: 0.9999989438021655 -0.0009910999710950512 -0.0002721314815199457 0.0009897060301503973 0.9999889575961362 -0.004479269071661823 0.00027665987380346124 0.004478725509624137 0.9999898631365067 0.12079230837352384 -0.7568016118101326 -0.01980639853121602
FixedParameters: 0 0 0
#Transform 31
Transform: MatrixOffsetTransformBase_double_3_3
Parameters: 0.9999993347625632 -0.0007241551963956532 -0.00037419662755804 0.0007234145472560719 0.9999901062953692 -0.004286269130296866 0.0003777860055908102 0.00428572482270162 0.9999904887264667 0.10441737338072699 -0.6556338195241267 -0.027166193863877197
FixedParameters: 0 0 0
#Transform 32
Transform: MatrixOffsetTransformBase_double_3_3
Parameters: 0.9999981196713733 -0.0019659416447953973 0.0001288354520616805 0.0019663421940306846 0.9999638332320062 -0.008271240943313718 -0.00011235444847168319 0.008271752759929502 0.9999654485937789 0.19571221954583962 -0.8444792428501984 -0.2434236893493278
FixedParameters: 0 0 0
#Transform 33
Transform: MatrixOffsetTransformBase_double_3_3
Parameters: 0.9999990004333243 -0.0013412037046558881 -0.0004470657715880857 0.0013386089926698363 0.9999773016953681 -0.006550605656965858 0.00045668498516167517 0.006549394652613644 0.9999788927732063 0.15053875420166207 -0.7747719021019179 -0.1116784303061138
FixedParameters: 0 0 0
#Transform 34
Transform: MatrixOffsetTransformBase_double_3_3
Parameters: 0.9999998648159437 -0.0008916448740116206 -0.0005826668742224101 0.0008897032567875266 0.9999898199184576 -0.004427569259256581 0.0005867421953249459 0.004427429492399049 0.999989839187172 0.11957161234032299 -0.6220898527247698 -0.06229922996129744
FixedParameters: 0 0 0
#Transform 35
Transform: MatrixOffsetTransformBase_double_3_3
Parameters: 0.9999979607516061 -0.0019506507022303311 0.00048547818691480987 0.0019538501996839916 0.9999657221488012 -0.008084504840429357 -0.00046929055540574367 0.008085504583226849 0.9999675018082708 0.210982525452323 -0.8045680816382799 -0.31734987214815646
FixedParameters: 0 0 0
#Transform 36
Transform: MatrixOffsetTransformBase_double_3_3
Parameters: 0.9999988885898478 -0.0013790962399760503 -0.0010989188002388651 0.0013740257123885805 0.9999850960785465 -0.005333616444054723 0.0011069531913787901 0.0053323835307446665 0.999984910284722 0.09993109392374322 -0.6976086050531478 -0.10163354944222647
FixedParameters: 0 0 0
#Transform 37
Transform: MatrixOffsetTransformBase_double_3_3
Parameters: 0.9999987361261659 -0.001396607654099024 -0.0005599673446740575 0.0013941409255983916 0.9999891897053372 -0.004476050157903949 0.0005657203231704636 0.004474949106750309 0.999989486000522 0.13204573319200108 -0.6117408121038466 -0.06723544939538328
FixedParameters: 0 0 0
#Transform 38
Transform: MatrixOffsetTransformBase_double_3_3
Parameters: 0.9999971063542514 -0.0017617677692539618 0.0016706469353157932 0.0017751902159460853 0.9999656531154024 -0.008031123004271057 -0.0016556226808952424 0.008033867908520731 0.9999664089279441 0.2567210702951854 -0.8687405663065846 -0.36040854652787857
FixedParameters: 0 0 0
#Transform 39
Transform: MatrixOffsetTransformBase_double_3_3
Parameters: 0.9999985216674286 -0.0017364423197023698 -0.0006799076908637206 0.0017331557537822134 0.9999842289434901 -0.005379454675607881 0.0006894386034266284 0.005377548823081807 0.9999854357121274 0.12232151262304569 -0.833273623728914 -0.0695712039872376
FixedParameters: 0 0 0
#Transform 40
Transform: MatrixOffsetTransformBase_double_3_3
Parameters: 0.9999973971988233 -0.0021415927648145857 -0.00013148336553220547 0.0021402405643166393 0.999973099095492 -0.006959773492210358 0.0001457697481124766 0.006959217513916066 0.9999754276011841 0.16284913361901943 -0.8277209435823352 -0.2372809559388429
FixedParameters: 0 0 0
#Transform 41
Transform: MatrixOffsetTransformBase_double_3_3
Parameters: 0.9999977944625671 -0.0020315887150311853 0.00028087093194376024 0.0020332036860646694 0.9999713094318488 -0.00724287218596481 -0.0002662779995067959 0.00724311999628352 0.9999735615031301 0.1969326982127768 -0.9694527882332125 -0.3013623133055887
FixedParameters: 0 0 0
#Transform 42
Transform: MatrixOffsetTransformBase_double_3_3
Parameters: 0.9999995334487006 -0.0011266930620060123 -0.0004433279571458439 0.0011249546595729172 0.9999859463049403 -0.005078499828596067 0.0004489999671002792 0.005077495180918878 0.9999870146500609 0.11346035774992913 -0.7503114964916193 -0.09417603436418176
FixedParameters: 0 0 0
#Transform 43
Transform: MatrixOffsetTransformBase_double_3_3
Parameters: 0.9999981883806658 -0.0012370847684862623 0.0011318601809727556 0.0012436017927894196 0.9999817914382821 -0.00593172105692627 -0.001124813199164268 0.005932284335137233 0.9999820189940685 0.20314353742148228 -0.9100920677356896 -0.214535663315786
FixedParameters: 0 0 0
#Transform 44
Transform: MatrixOffsetTransformBase_double_3_3
Parameters: 0.9999984757464492 -0.0014899543010638277 -0.001141666117771549 0.001483762048493353 0.999983695487342 -0.005525800294895328 0.001150472766996535 0.005524195803134069 0.9999837285110369 0.08375917223403917 -0.8354571217225839 -0.09246674008377909
FixedParameters: 0 0 0
#Transform 45
Transform: MatrixOffsetTransformBase_double_3_3
Parameters: 0.9999982762321546 -0.0016335279949784242 -0.0002348542786625693 0.0016320673177017799 0.9999776306743396 -0.00654766239389129 0.0002455983409254442 0.006547347601292275 0.9999789050027237 0.13696458372832865 -0.8018589307428243 -0.2047941346415314
FixedParameters: 0 0 0
#Transform 46
Transform: MatrixOffsetTransformBase_double_3_3
Parameters: 0.999995331199908 -0.0022754966296155543 0.00186811809172922 0.0022914624269486836 0.9999608606866407 -0.008549253272537971 -0.00184905433619971 0.008553739716834347 0.9999612112779402 0.24417804461972992 -0.9298590914764446 -0.3574588254825528
FixedParameters: 0 0 0
#Transform 47
Transform: MatrixOffsetTransformBase_double_3_3
Parameters: 0.9999986455540388 -0.001444481862599574 -0.0011262120987809356 0.001438731383241837 0.9999865732347972 -0.004978724573909549 0.001133163097978574 0.004977271049059845 0.9999865110245508 0.08751247752702795 -0.7204818994765247 -0.120632352234054
FixedParameters: 0 0 0
#Transform 48
Transform: MatrixOffsetTransformBase_double_3_3
Parameters: 0.9999954140861305 -0.0026487740040206198 0.0016029365999887398 0.0026632837322595367 0.9999532124017763 -0.009265485972525689 -0.0015790161908399531 0.009269503614755259 0.9999554245684836 0.216325688956033 -0.7874373963941963 -0.41687604566385517
FixedParameters: 0 0 0
#Transform 49
Transform: MatrixOffsetTransformBase_double_3_3
Parameters: 0.9999962571974638 -0.00221672693593089 -0.0013522426974653882 0.0022107043540425895 0.9999880382849557 -0.004441155730751989 0.0013623248502748796 0.004437851873032722 0.9999898002979308 0.08139925972581352 -0.632869887799302 -0.1048180978600044
FixedParameters: 0 0 0
#Transform 50
Transform: MatrixOffsetTransformBase_double_3_3
Parameters: 0.999998447163556 -0.001882309370627021 0.00009567260216853773 0.001883357412379595 0.9999648139863148 -0.008231319462784298 -0.00007996683082705245 0.008231687770492518 0.9999661155173908 0.1707486294163516 -0.8652737186726256 -0.31946796554811385
FixedParameters: 0 0 0
#Transform 51
Transform: MatrixOffsetTransformBase_double_3_3
Parameters: 0.999997234497848 -0.0012078683990663225 -0.0018181697706873467 0.0011998583581837511 0.9999892709257775 -0.00442780921482494 0.001823908264829894 0.004425190590312794 0.9999887755298233 0.05528382393441689 -0.7705715537218936 -0.03837663956852566
FixedParameters: 0 0 0
#Transform 52
Transform: MatrixOffsetTransformBase_double_3_3
Parameters: 0.9999978205444972 -0.001527872291391012 -0.0016865724843185058 0.0015181502280216357 0.9999801663055407 -0.0061654611413426985 0.0016956421931624468 0.006162545646129225 0.9999796635849013 0.03708987447014067 -0.7938045899855126 -0.1858446115925858
FixedParameters: 0 0 0
#Transform 53
Transform: MatrixOffsetTransformBase_double_3_3
Parameters: 0.9999978725047297 -0.002031486524336188 -0.00003112404237957462 0.002030957323896188 0.9999623383000433 -0.00840555572895857 0.000047807816042220964 0.008405432993913914 0.999964226797461 0.15291148481730943 -0.9319078639638434 -0.3566032455102004
FixedParameters: 0 0 0
#Transform 54
Transform: MatrixOffsetTransformBase_double_3_3
Parameters: 0.9999949805109466 -0.0016479776113971743 -0.0028819158676384664 0.0016305231808263422 0.9999811763397324 -0.005835795092977436 0.0028912024378662518 0.00583119728457096 0.9999787440046503 -0.02759586636669553 -0.7840798579080683 -0.15143681766434725
FixedParameters: 0 0 0
#Transform 55
Transform: MatrixOffsetTransformBase_double_3_3
Parameters: 0.9999960090979295 -0.0025005338581139385 -0.0008590358985095561 0.002493032184818845 0.9999600531425605 -0.00861875318387284 0.000880882446313893 0.008616250154130783 0.9999624302969415 0.113356827813206 -0.9243517660909504 -0.3396442572376941
FixedParameters: 0 0 0
#Transform 56
Transform: MatrixOffsetTransformBase_double_3_3
Parameters: 0.9999962413377763 -0.0017844621187165265 -0.0018907233668802302 0.0017713430132483283 0.9999755010054631 -0.006790090897685452 0.0019027627112917242 0.00678691597670375 0.9999755716035887 -0.001365380263280258 -0.8204240722957792 -0.18350709913823948
FixedParameters: 0 0 0
#Transform 57
Transform: MatrixOffsetTransformBase_double_3_3
Parameters: 0.9999967237127132 -0.002051055829002422 -0.001438107149076388 0.002041936685418122 0.9999755895020735 -0.006700104768726789 0.0014519176514463793 0.006696895717084761 0.9999763932554384 0.07920084647916781 -0.8275351923188623 -0.39612241450194574
FixedParameters: 0 0 0
#Transform 58
Transform: MatrixOffsetTransformBase_double_3_3
Parameters: 0.9999980053448154 -0.0017304386299169642 0.000006216932211478715 0.001730530013857663 0.9999493281777465 -0.009891265837340513 0.000010554373543252829 0.00989172800510943 0.9999509887501598 0.15425620160648634 -0.9533112735878291 -0.35797851702707817
FixedParameters: 0 0 0
#Transform 59
Transform: MatrixOffsetTransformBase_double_3_3
Parameters: 0.999994780698352 -0.0031477472826316076 -0.0005587175080425295 0.0031413673668100146 0.9999440785259883 -0.010134869387446649 0.0005915153442447161 0.010133131211617824 0.9999483004559574 0.11067285256937964 -0.9762130288607693 -0.4746800495114485
FixedParameters: 0 0 0
#Transform 60
Transform: MatrixOffsetTransformBase_double_3_3
Parameters: 0.9999989162199572 -0.0011502648496949958 -0.0013264471335628918 0.0011430472746242846 0.9999836442437297 -0.0056805751970774865 0.0013335775926889538 0.005678426825924315 0.9999827579544656 0.06601211886014369 -0.9031554318917046 -0.0451321022307809
FixedParameters: 0 0 0
#Transform 61
Transform: MatrixOffsetTransformBase_double_3_3
Parameters: 0.9999979806251267 -0.0018639482377460273 -0.0007382639257411735 0.0018579758479147735 0.999966380931247 -0.007958650181321192 0.0007532107744022692 0.007956344240966223 0.9999679539940977 0.07368768511912549 -0.9441010413748927 -0.2297855960270283
FixedParameters: 0 0 0
#Transform 62
Transform: MatrixOffsetTransformBase_double_3_3
Parameters: 0.9999930729182219 -0.0033094891686698217 -0.0017248472251717257 0.003293501553687747 0.9999536201367931 -0.009107521210832525 0.0017547376621687059 0.009101481685349522 0.9999566649020727 0.03802022022540541 -0.9707088275991111 -0.312046876289088
FixedParameters: 0 0 0
#Transform 63
Transform: MatrixOffsetTransformBase_double_3_3
Parameters: 0.9999952767287265 -0.0028000422951540115 -0.0009399015385105746 0.0027910893031197685 0.9999535294578236 -0.009189284693327637 0.0009657439596207273 0.009186700294391087 0.9999569047893294 0.10572667132721847 -0.9697477096471658 -0.2878500683077334
FixedParameters: 0 0 0
#Transform 64
Transform: MatrixOffsetTransformBase_double_3_3
Parameters: 0.999996778783564 -0.002618177096887586 -0.0006038171889717295 0.002613984948308368 0.9999649072493767 -0.007925183106063882 0.0006245368672159053 0.007923810850895302 0.9999682739829588 0.09699904847462903 -0.8869623468222443 -0.3269646543482452
FixedParameters: 0 0 0
#Transform 65
Transform: MatrixOffsetTransformBase_double_3_3
Parameters: 0.9999920142263798 -0.003695982199481981 -0.0015247366442289558 0.0036816523854560365 0.9999472200465949 -0.009622686732367824 0.0015594073339792601 0.009616326089971122 0.9999527194750617 0.014170637104612638 -1.003874324239547 -0.2531246460861212
FixedParameters: 0 0 0
#Transform 66
Transform: MatrixOffsetTransformBase_double_3_3
Parameters: 0.9999914784154789 -0.0031387218382024416 -0.002769623760707407 0.0031205129808278788 0.9999740919006718 -0.00650049346490178 0.002789811028836275 0.0064925070128200035 0.9999749762270246 -0.013772666580223358 -0.7404512118566515 -0.19831729025705158
FixedParameters: 0 0 0
#Transform 67
Transform: MatrixOffsetTransformBase_double_3_3
Parameters: 0.9999987801291849 -0.0017802773440664058 -0.00022529389364466516 0.0017782143061291537 0.9999639623318128 -0.008248673706030801 0.00023988680291156072 0.008248315704319137 0.9999657399561198 0.1688188398687629 -0.7919596037498593 -0.28448701628752815
FixedParameters: 0 0 0
#Transform 68
Transform: MatrixOffsetTransformBase_double_3_3
Parameters: 0.9999984114155358 -0.0003774232061177407 -0.0018562406668049295 0.00035333716775396963 0.9999144519160057 -0.013096256414962176 0.0018612475744122137 0.013095762131062894 0.9999129338088044 0.1433485352960986 -1.1061690610844437 -0.8069445337731906
FixedParameters: 0 0 0
#Transform 69
Transform: MatrixOffsetTransformBase_double_3_3
Parameters: 0.9999955952501102 0.0013069465118294209 -0.002587565570240932 -0.0013248349997787194 0.9999755165304834 -0.0068491873786431234 0.002578888683725065 0.0068528106667808675 0.9999732050322444 -0.08888352933735177 -1.0961624180898468 -0.0853033851411169
FixedParameters: 0 0 0
#Transform 70
Transform: MatrixOffsetTransformBase_double_3_3
Parameters: 0.9999927002181449 0.001035010950654255 -0.003637512974868515 -0.0010545696425046246 0.9999848638107621 -0.005378043278259831 0.0036310593455219473 0.005381954812010065 0.9999789469918064 -0.16483297867202396 -0.9622800901342146 -0.0865310447275931
FixedParameters: 0 0 0
#Transform 71
Transform: MatrixOffsetTransformBase_double_3_3
Parameters: 0.9999915692529262 0.0017255021524355614 -0.003801675273314652 -0.0017509248119265872 0.9999756852366434 -0.0066673103928930055 0.003790188857160252 0.006673686587060718 0.9999708915185402 -0.20619932364247973 -1.02116234902347 -0.10576969374650957
FixedParameters: 0 0 0
#Transform 72
Transform: MatrixOffsetTransformBase_double_3_3
Parameters: 0.9999841486506889 0.0021082093254771637 -0.005234877775121313 -0.00213723443505682 0.9999824347659326 -0.0054818664364292835 0.00522359448373286 0.005493132191569716 0.9999714876469342 -0.23727643726147107 -0.8853125706328342 -0.13312712062150922
FixedParameters: 0 0 0
#Transform 73
Transform: MatrixOffsetTransformBase_double_3_3
Parameters: 0.999994330191108 0.0017493972162931771 -0.0029338963138803653 -0.0017684347146944186 0.9999773215668858 -0.00651660201316151 0.0029230190992407686 0.006522394760668765 0.9999739997338369 -0.10747788844707884 -0.8639855088048591 -0.36287896522384244
FixedParameters: 0 0 0
#Transform 74
Transform: MatrixOffsetTransformBase_double_3_3
Parameters: 0.9999920110222476 0.0011240643365634582 -0.003965317438863534 -0.0011477882321794478 0.9999814729024605 -0.005911072343539547 0.003958931920273243 0.005915921377545125 0.9999745982838858 -0.17831899409260643 -0.8683517374232963 -0.19444827373308726
FixedParameters: 0 0 0
#Transform 75
Transform: MatrixOffsetTransformBase_double_3_3
Parameters: 0.9999956170586044 0.0011192158439892485 -0.002670201996887908 -0.0011441975108059657 0.999955023042179 -0.009375354530582053 0.0026597057595513156 0.009378643339994525 0.9999527335441735 -0.10899898905094574 -0.9542453165164346 -0.4152754189325094
FixedParameters: 0 0 0
#Transform 76
Transform: MatrixOffsetTransformBase_double_3_3
Parameters: 0.999998996582941 0.00041585748377549243 -0.0009113821128554736 -0.0004263429973264411 0.9999414227351959 -0.010790401380562059 0.0009063721271831525 0.010791598869133584 0.9999416756446785 -0.018909109274773073 -1.1815939265076878 -0.461142371713521
FixedParameters: 0 0 0
#Transform 77
Transform: MatrixOffsetTransformBase_double_3_3
Parameters: 0.9999938773939369 0.0017093752069931587 -0.003193992987375606 -0.0017327865062513076 0.9999703896261843 -0.007507004515741628 0.003181042046049568 0.007512997686499989 0.9999666855905499 -0.15871981438831995 -1.0869845562778409 -0.3337448548370503
FixedParameters: 0 0 0
#Transform 78
Transform: MatrixOffsetTransformBase_double_3_3
Parameters: 0.9999988661757873 0.0008765761375089049 -0.0006042489731111536 -0.0008835821823643657 0.9999373225484665 -0.011130467217297518 0.0005944964747831253 0.011131522159788187 0.9999377376772983 -0.011836715871609726 -1.1018390142201469 -0.4983488264865059
FixedParameters: 0 0 0
#Transform 79
Transform: MatrixOffsetTransformBase_double_3_3
Parameters: 0.9999940212554634 0.0013970984464859487 -0.0031667260089054254 -0.0014223908419908906 0.9999674822765036 -0.007953030627213226 0.003155024846066604 0.007956963885150908 0.9999629725915087 -0.1919180857128424 -1.113931012902313 -0.2779562653923904
FixedParameters: 0 0 0
#Transform 80
Transform: MatrixOffsetTransformBase_double_3_3
Parameters: 0.9999964567351451 0.000920751300359552 -0.002387073867667403 -0.0009430291573181221 0.9999537826685411 -0.00957741678843907 0.0023772455726778167 0.00957958324508773 0.9999511742325365 -0.09843692151942207 -1.055275347520805 -0.3967406862064138
FixedParameters: 0 0 0
#Transform 81
Transform: MatrixOffsetTransformBase_double_3_3
Parameters: 0.9999971931681616 0.00031641606545535644 -0.002389184643952335 -0.00034117259215966076 0.9999474106297446 -0.01025368391041756 0.002385147078307272 0.010254314164603762 0.999944487692891 -0.10869148797227979 -1.1571575079313305 -0.4302869613420057
FixedParameters: 0 0 0
#Transform 82
Transform: MatrixOffsetTransformBase_double_3_3
Parameters: 0.9999944034259716 0.0005404263652636045 -0.0033621057925630384 -0.0005662309670897762 0.999970471936541 -0.007651077460475525 0.0033580718228497066 0.007652916945328436 0.9999648232704662 -0.1619407036665308 -1.0368254639269026 -0.2755065710311442
FixedParameters: 0 0 0
#Transform 83
Transform: MatrixOffsetTransformBase_double_3_3
Parameters: 0.9999970169407459 -0.000154160151249432 -0.002226714273312743 0.000132014410242582 0.9999501688966586 -0.009984835863254327 0.0022285982079440544 0.009984160605699371 0.9999474623809922 -0.09305778997041614 -1.0287670217098963 -0.40101216674486295
FixedParameters: 0 0 0
#Transform 84
Transform: MatrixOffsetTransformBase_double_3_3
Parameters: 0.9999971824944234 0.000013047523747998177 -0.0024120145265937856 -0.0000396130583673385 0.9999388511194947 -0.011039192823447619 0.002411523807276788 0.011038812343029808 0.9999366044964118 -0.08163738907833817 -1.1161897936279388 -0.3946041049981659
FixedParameters: 0 0 0
#Transform 85
Transform: MatrixOffsetTransformBase_double_3_3
Parameters: 0.9999920700077706 0.00028259898521164296 -0.003980782871746025 -0.0003209857416194363 0.9999538585118174 -0.009566085085157883 0.0039787342776586195 0.009567904458812837 0.9999461517004166 -0.16246046384308954 -1.0024456881339887 -0.3003922032167452
FixedParameters: 0 0 0
#Transform 86
Transform: MatrixOffsetTransformBase_double_3_3
Parameters: 0.9999971544979345 -0.0002613526516238811 -0.0024034037140572406 0.00023259130226465616 0.9999251404553922 -0.012244948325718763 0.002406706439453895 0.012245056481495709 0.9999221222537994 -0.04340534867115764 -1.1392684841001284 -0.45014256515864304
FixedParameters: 0 0 0
#Transform 87
Transform: MatrixOffsetTransformBase_double_3_3
Parameters: 0.9999947160654926 0.0007400752146680513 -0.003277090989552013 -0.0007679608525295884 0.9999622489873476 -0.008685686962179695 0.003269710331539425 0.00868831234641343 0.999956535872943 -0.14279771905415828 -1.1173535705142257 -0.27223095872207637
FixedParameters: 0 0 0
#Transform 88
Transform: MatrixOffsetTransformBase_double_3_3
Parameters: 0.9999943231517813 -0.00009754541033330085 -0.0032665040438262806 0.00006181043951204593 0.9999422839149055 -0.010748082428220812 0.003266535041178511 0.0107479185704846 0.9999369929285317 -0.13794956457127228 -1.1226748562613977 -0.4216482281065055
FixedParameters: 0 0 0
#Transform 89
Transform: MatrixOffsetTransformBase_double_3_3
Parameters: 0.9999976938712081 0.00024410919297528826 -0.002290872845265538 -0.00027144687807889665 0.9999323066464307 -0.011682937809223498 0.0022871115454723393 0.01168408021810699 0.9999293689905631 -0.054486492265027664 -1.2464738418290437 -0.4650587014536427
FixedParameters: 0 0 0
#Transform 90
Transform: MatrixOffsetTransformBase_double_3_3
Parameters: 0.9999951376790572 0.0006918865009135299 -0.003063286069452097 -0.000720337938609184 0.9999552337946563 -0.009420037929755043 0.003056675578890917 0.009422950107319278 0.9999503702957288 -0.10888205619590963 -1.2210847497853194 -0.3458811237575503
FixedParameters: 0 0 0
#Transform 91
Transform: MatrixOffsetTransformBase_double_3_3
Parameters: 0.9999978967393996 0.000360323967006713 -0.0019933224660231975 -0.0003849740898516421 0.9999234610194022 -0.0123779894107853 0.001988752300471762 0.012379003545776701 0.9999209692283356 -0.04726203741350332 -1.2620189230206904 -0.5084581576451512
FixedParameters: 0 0 0
#Transform 92
Transform: MatrixOffsetTransformBase_double_3_3
Parameters: 0.9999974319968157 0.0005096418964602466 -0.002075690566927424 -0.0005295811697162105 0.9999546573811904 -0.009522608578731995 0.0020705822643530877 0.009523391432245842 0.9999523952380694 -0.0515517263829679 -1.237744525517627 -0.4132568628624824
FixedParameters: 0 0 0
#Transform 93
Transform: MatrixOffsetTransformBase_double_3_3
Parameters: 0.9999924840204116 0.0006755198612786132 -0.0037491837498422726 -0.0007141687122141158 0.9999476883943468 -0.010186021334094103 0.0037428747963309437 0.010187976642671875 0.9999412395707137 -0.13404642011957435 -1.237495240086929 -0.3420361038910471
FixedParameters: 0 0 0
#Transform 94
Transform: MatrixOffsetTransformBase_double_3_3
Parameters: 0.9999979850531571 0.000416135126122333 -0.001960192923396611 -0.0004397857663320672 0.9999266101119324 -0.01208567990719589 0.0019547248312698326 0.012087317653136642 0.9999251970423609 -0.023325501738000298 -1.159552600692649 -0.5547393423564699
FixedParameters: 0 0 0
#Transform 95
Transform: MatrixOffsetTransformBase_double_3_3
Parameters: 0.9999969935713837 0.0006565791046745262 -0.0023614667929071726 -0.0006809427196489859 0.9999449839060023 -0.010486060495887295 0.0023540466134223687 0.010486940649180904 0.999942069912231 -0.05808618472619287 -1.2401456703659477 -0.387096405978383
FixedParameters: 0 0 0
#Transform 96
Transform: MatrixOffsetTransformBase_double_3_3
Parameters: 0.9999978058885242 -0.00020614169151769848 -0.0022696762843030654 0.00017763173351889404 0.9999220014251539 -0.012483948959264496 0.002272164557249033 0.012483039647931071 0.9999191165127845 -0.03675071722736334 -1.215399134176522 -0.4920101072557088
FixedParameters: 0 0 0
#Transform 97
Transform: MatrixOffsetTransformBase_double_3_3
Parameters: 0.9999984180337518 0.0006136465449472329 -0.0017903181648042483 -0.0006347024317329541 0.9999294865089561 -0.011820564396434113 0.0017830532747252809 0.011821423213758342 0.9999284495754092 -0.028421094540959757 -1.2054747321562047 -0.44483572633723156
FixedParameters: 0 0 0
#Transform 98
Transform: MatrixOffsetTransformBase_double_3_3
Parameters: 0.9999970853460798 0.00048280690499159323 -0.00216372011574269 -0.0005073191911145657 0.9999348369437598 -0.011424616296552725 0.0021580385580903107 0.011425384246791848 0.9999321783055818 -0.06906288023553486 -1.1488233971460033 -0.37864733630138403
FixedParameters: 0 0 0
#Transform 99
Transform: MatrixOffsetTransformBase_double_3_3
Parameters: 0.9999979555107397 0.00018190798245655635 -0.0020026657277976132 -0.00020578751257783703 0.9999276112386207 -0.012009127967084837 0.002000715119432375 0.012009866286859489 0.999925877467439 -0.0045370784765310646 -1.1514841000694958 -0.4956202357959114
FixedParameters: 0 0 0
#Transform 100
Transform: MatrixOffsetTransformBase_double_3_3
Parameters: 0.9999985113768625 -0.0004760049374024 -0.0018057893074799095 0.00045461560640929985 0.9999296437332809 -0.011842409764850598 0.0018119360858407214 0.011841590415734848 0.999928391635449 0.040737085384591865 -1.2315041240600948 -0.4612690452525783
FixedParameters: 0 0 0
#Transform 101
Transform: MatrixOffsetTransformBase_double_3_3
Parameters: 0.9999947164232803 -0.000364403503878758 -0.003185665940376872 0.00032838678331023705 0.9999338753691277 -0.011481927290843769 0.003190298649665693 0.011480075271726398 0.9999292049372733 -0.04281014534221583 -1.1841008283559944 -0.3957832564902617
FixedParameters: 0 0 0
#Transform 102
Transform: MatrixOffsetTransformBase_double_3_3
Parameters: 0.9999979803765945 -0.000514357996103068 -0.0019373887959138354 0.0004876887368724744 0.9999065159369765 -0.013650535586794799 0.001945085652019874 0.0136494543400425 0.9999048018430149 0.07739881166051532 -1.314216750499611 -0.5793955244988922
FixedParameters: 0 0 0
#Transform 103
Transform: MatrixOffsetTransformBase_double_3_3
Parameters: 0.999995154617597 -0.0020061866758774648 -0.002412599914704144 0.0019719095723933194 0.9998978016296549 -0.014188387220637116 0.002440671240077301 0.014183636811659961 0.9998968462131856 0.046779290857514866 -1.390879412534332 -0.4935824654766634
FixedParameters: 0 0 0
#Transform 104
Transform: MatrixOffsetTransformBase_double_3_3
Parameters: 0.9999914039406568 -0.0013257426609959977 -0.0038520498308849843 0.001280258495833451 0.9999276055607785 -0.011940390791177119 0.0038674298631910494 0.011935592168983572 0.9999207555567827 -0.027882950172227083 -1.2206316187141084 -0.3869933183291323
FixedParameters: 0 0 0
#Transform 105
Transform: MatrixOffsetTransformBase_double_3_3
Parameters: 0.999995059831991 -0.0023015351146959302 -0.0019083783082802848 0.002274120164026269 0.9998927361867407 -0.014491393515378453 0.0019415705703481375 0.014486624324686004 0.9998934381683473 0.07331574243970351 -1.3181700316007152 -0.641153591274815
FixedParameters: 0 0 0
#Transform 106
Transform: MatrixOffsetTransformBase_double_3_3
Parameters: 0.9999961624556143 -0.0018129072854839918 -0.0021327179861779515 0.0017840756004660141 0.9999031864584769 -0.013797570851050961 0.0021580109349405496 0.013793423195957472 0.9999023255811593 0.05689495221447771 -1.4158832893509015 -0.5065719921361449
FixedParameters: 0 0 0
#Transform 107
Transform: MatrixOffsetTransformBase_double_3_3
Parameters: 0.9999954066711775 -0.0017670873263194201 -0.002544081258291112 0.0017314033549157516 0.99990453916961 -0.013728016067696358 0.002567861094664809 0.013723977067564258 0.9999020427907974 0.07684900270318451 -1.3132107275219198 -0.5095462195419316
FixedParameters: 0 0 0
#Transform 108
Transform: MatrixOffsetTransformBase_double_3_3
Parameters: 0.9999958363783377 -0.002133314852227188 -0.0019000795720039321 0.002104277516906449 0.9998769350217263 -0.01554283195633599 0.0019333641421390758 0.015539180557969656 0.9998778256442135 0.1451707456572251 -1.484389827013274 -0.7016345908180313
FixedParameters: 0 0 0
#Transform 109
Transform: MatrixOffsetTransformBase_double_3_3
Parameters: 0.9999946873448714 -0.0020456622746027105 -0.002475282860712728 0.0020095016904741404 0.9998894727108427 -0.014747604527334701 0.0025050749452132756 0.014742409355008201 0.9998883596209213 0.09795866876456216 -1.468170261126744 -0.5143474267484578
FixedParameters: 0 0 0
#Transform 110
Transform: MatrixOffsetTransformBase_double_3_3
Parameters: 0.9999939605746897 -0.0024099213245613255 -0.002496562528714858 0.002373710578340389 0.9998932071721688 -0.014400605556062401 0.002530558145099635 0.014394386265158154 0.9998931547734922 0.0751016998389673 -1.3946644912653312 -0.589434976623636
FixedParameters: 0 0 0
#Transform 111
Transform: MatrixOffsetTransformBase_double_3_3
Parameters: 0.999995380349061 -0.00208479833139605 -0.0020668266018355275 0.0020504611284659765 0.9998614511054388 -0.016501064371842233 0.0021015969112249747 0.016496916372969767 0.9998614573298831 0.15745867380675804 -1.5860325663151684 -0.711375883522777
FixedParameters: 0 0 0
#Transform 112
Transform: MatrixOffsetTransformBase_double_3_3
Parameters: 0.9999954936324185 -0.002416179525328699 -0.0019151327814000243 0.002386904585345878 0.9998811357438562 -0.015240673431354768 0.001951852384731908 0.015236327281824835 0.9998819060449561 0.12022233380686487 -1.5427801739254505 -0.5967068252571721
FixedParameters: 0 0 0
#Transform 113
Transform: MatrixOffsetTransformBase_double_3_3
Parameters: 0.9999945564269147 -0.002951175831378182 -0.0013169710964676333 0.0029270786680582433 0.9998356891555779 -0.017881411126662777 0.0013694689858923608 0.017877591625846845 0.9998394614072453 0.22270995459534504 -1.68953166658045 -0.892370075237551
FixedParameters: 0 0 0
#Transform 114
Transform: MatrixOffsetTransformBase_double_3_3
Parameters: 0.999990721560192 -0.0035135330982319964 -0.0024362031632450057 0.0034770016431676094 0.9998864486600163 -0.0146438234537965 0.002487399561364488 0.014635161593491791 0.999889618271788 0.13653449846724186 -1.620284076551954 -0.5655865718775317
FixedParameters: 0 0 0
#Transform 115
Transform: MatrixOffsetTransformBase_double_3_3
