#Insight Transform File V1.0
#Transform 0
Transform: MatrixOffsetTransformBase_double_3_3
Parameters: 0.9999985496485636 0.0017625024290782243 0.0005875114234096536 -0.001764598021270694 0.9999874666950757 0.0046457047229178094 -0.0005790564505731699 -0.004647292246228674 0.9999889027728901 -0.006271100247460026 0.5482114766382296 -0.5187037287560088
FixedParameters: 0 0 0
#Transform 1
Transform: MatrixOffsetTransformBase_double_3_3
Parameters: 0.9999975941461754 0.002014630461912157 0.0005890374873716508 -0.002018035222064891 0.9999811529337775 0.0058445136911603746 -0.0005775222772358325 -0.005845494252999461 0.9999831124572829 0.005528988065250928 0.7116539637198684 -0.5984524373817237
FixedParameters: 0 0 0
#Transform 2
Transform: MatrixOffsetTransformBase_double_3_3
Parameters: 0.9999956990171408 0.002784217581840896 0.000739673190063512 -0.002788775499900778 0.9999825815096526 0.005139327218352807 -0.0007250340135398192 -0.005140665455796195 0.9999862778868748 -0.012685363433305952 0.5397808343401067 -0.46885091259832734
FixedParameters: 0 0 0
#Transform 3
Transform: MatrixOffsetTransformBase_double_3_3
Parameters: 0.9999988643730725 0.001716551147635199 0.00043382245860004997 -0.0017191805181617408 0.9999843425002223 0.005278995025877309 -0.00042534593814696223 -0.005280001179555488 0.9999857752201697 0.00764878692454829 0.6013358940637659 -0.4958413571001472
FixedParameters: 0 0 0
#Transform 4
Transform: MatrixOffsetTransformBase_double_3_3
Parameters: 0.9999998232475379 0.0003293239591523943 -0.0002613152819015303 -0.00032777652282013674 0.9999839353361363 0.005653085923631035 0.00026330114849776944 -0.0056529135079521065 0.9999839745831738 -0.07617845776195509 0.7299699129190316 -0.6177433691578926
FixedParameters: 0 0 0
#Transform 5
Transform: MatrixOffsetTransformBase_double_3_3
Parameters: 0.999998314648652 0.0010206660490912254 0.0012819597040871526 -0.001028869745196659 0.9999822196791192 0.005910638201566981 -0.0012755167420992284 -0.005912357165094528 0.9999812026751547 0.10336953433383655 0.6309495442612558 -0.5018364931390238
FixedParameters: 0 0 0
#Transform 6
Transform: MatrixOffsetTransformBase_double_3_3
Parameters: 0.9999999749726755 0.0008948808963432467 -0.00047285322007151014 -0.0008929191418418834 0.9999862731855023 0.005280212121462818 0.0004778602139168799 -0.005279794312133157 0.999985944550444 0.010269174419093474 0.6598594557332547 -0.5283090963650636
FixedParameters: 0 0 0
#Transform 7
Transform: MatrixOffsetTransformBase_double_3_3
Parameters: 0.9999995356959954 0.001122405500740787 0.00045173810334954195 -0.0011252526238292183 0.9999859283928698 0.005198447691180941 -0.00044559396747554503 -0.005198554267713873 0.9999865581035331 0.16020572213932383 0.5955444501096849 -0.6405650447186986
FixedParameters: 0 0 0
#Transform 8
Transform: MatrixOffsetTransformBase_double_3_3
Parameters: 0.9999983925489568 0.0016149372544957295 0.000007229509542175253 -0.001614565926277364 0.9999867247584822 0.00497851322630552 0.000001579530663228942 -0.004978484641784686 0.9999870965374579 0.1627232514799175 0.49544648032323835 -0.5712400477444532
FixedParameters: 0 0 0
#Transform 9
Transform: MatrixOffsetTransformBase_double_3_3
Parameters: 0.9999998262076418 0.001083244576686226 -0.000006779766032585804 -0.001083504687261232 0.9999859891910307 0.0050830081971882934 0.000011720962915933027 -0.005082988108518149 0.9999871629085404 0.13597416032848741 0.5464112686471907 -0.6279516065904147
FixedParameters: 0 0 0
#Transform 10
Transform: MatrixOffsetTransformBase_double_3_3
Parameters: 0.9999997834424533 0.0003890130498586127 -0.0002551843909408768 -0.0003876725713882683 0.9999856447818994 0.005378932320127566 0.0002576338506157464 -0.005380067038745107 0.9999852602024722 0.12139679284921101 0.5529335489846687 -0.7017107825470248
FixedParameters: 0 0 0
#Transform 11
Transform: MatrixOffsetTransformBase_double_3_3
Parameters: 0.9999996901203102 0.001050629730102711 -0.0004541045636270965 -0.0010481035293695871 0.9999858971045474 0.005287265467326607 0.0004595712847443251 -0.005286738717442979 0.9999858878467199 0.03836301754684257 0.5114257621206661 -0.5340569891924929
FixedParameters: 0 0 0
#Transform 12
Transform: MatrixOffsetTransformBase_double_3_3
Parameters: 0.9999998639716613 0.00036798747222167394 0.000022585925406710356 -0.00036827917655949495 0.9999984339817224 0.0015589910180196231 -0.000022413238131474602 -0.0015590075696028938 0.9999985690271441 0.17662463123464534 0.20072536862561208 -0.7801344096131686
FixedParameters: 0 0 0
#Transform 13
Transform: MatrixOffsetTransformBase_double_3_3
Parameters: 0.9999996093876892 0.0011631269468459523 -0.00019632276762354903 -0.0011617135673141587 0.9999897703238502 0.004453017261015407 0.00020060287098883065 -0.004452987909287109 0.9999901804124974 0.13794939687002739 0.3879021033828849 -0.6262041378337813
FixedParameters: 0 0 0
#Transform 14
Transform: MatrixOffsetTransformBase_double_3_3
Parameters: 0.9999995019960191 0.0006546728957163861 0.00026345276793251154 -0.0006546252055459911 0.9999997792881372 -0.00009022154631818657 -0.00026357126436347023 0.00009077836205886869 0.9999997063276567 0.1939886414528047 0.18016866518520658 -0.697260464949153
FixedParameters: 0 0 0
#Transform 15
Transform: MatrixOffsetTransformBase_double_3_3
Parameters: 0.9999982686626667 0.0013681826672793142 0.0009269613803696136 -0.0013700273708713137 0.9999970636600288 0.001809682267472662 -0.0009243972476726828 -0.001811315129022717 0.9999976491771456 0.23833006240259635 0.17570562188183203 -0.7208062025492552
FixedParameters: 0 0 0
#Transform 16
Transform: MatrixOffsetTransformBase_double_3_3
Parameters: 0.9999989512274088 0.0014141365198510635 0.0002214046480920789 -0.0014150022692972562 0.999991889459141 0.00390842833962915 -0.0002156657649686293 -0.003908576826166937 0.9999925088715643 0.18302558716246153 0.322061837284636 -0.5958263961479418
FixedParameters: 0 0 0
#Transform 17
Transform: MatrixOffsetTransformBase_double_3_3
Parameters: 0.9999998554700329 0.0003364898130368793 0.00017693092025333187 -0.0003365913191438021 0.9999998043687245 0.0002869404242407947 -0.00017673774835118346 -0.0002870594455194886 0.9999998863633455 0.14673152081198282 0.10023524368949666 -0.8025180212692646
FixedParameters: 0 0 0
#Transform 18
Transform: MatrixOffsetTransformBase_double_3_3
Parameters: 0.9999992167693993 0.000862411597721766 -0.00019869301136349955 -0.000862493795354628 0.9999991329704591 0.0003511713299714503 0.00019832329550525425 -0.00035082891872109667 0.9999998373968526 0.1497312957690724 0.029715334223041623 -0.709707915877118
FixedParameters: 0 0 0
#Transform 19
Transform: MatrixOffsetTransformBase_double_3_3
Parameters: 0.9999993230128167 0.0008202943342542476 0.00006595952202878135 -0.0008199128906323161 0.9999988802307821 -0.0012030547515597123 -0.00006695755108324695 0.0012029457346157402 0.9999995483618784 0.15814478983163838 0.040717159348673704 -0.7296090089271843
FixedParameters: 0 0 0
#Transform 20
Transform: MatrixOffsetTransformBase_double_3_3
Parameters: 0.9999998196801576 0.0009954259886331095 0.00043573573731035765 -0.0009944017603921186 0.9999978310693698 -0.0017834347682242624 -0.000437111763559572 0.0017825663431070837 0.9999986304239096 0.2325019266914552 -0.05771686875941384 -0.9004386253549228
FixedParameters: 0 0 0
#Transform 21
Transform: MatrixOffsetTransformBase_double_3_3
Parameters: 0.9999998128309106 0.001069736868518773 0.00020801814959396767 -0.001069451772442637 0.9999988325602439 -0.00015322246253249294 -0.0002073703054637758 0.00015277816402203825 0.9999999334527574 0.18487983524917695 0.06510084711121067 -0.7073097583258061
FixedParameters: 0 0 0
#Transform 22
Transform: MatrixOffsetTransformBase_double_3_3
Parameters: 0.9999986507310181 0.0015096312716717745 0.00026398640529061695 -0.001510181979919595 0.9999984971326839 0.0006243365892520669 -0.0002630756933274045 -0.0006246626524071264 0.9999993735979313 0.17491599418268322 0.15937200846971677 -0.7753348420161785
FixedParameters: 0 0 0
#Transform 23
Transform: MatrixOffsetTransformBase_double_3_3
Parameters: 0.9999996390552294 0.0005201617261770004 0.00030062702681750767 -0.0005207032164019722 0.9999998664537715 0.0009016275917815564 -0.00029968817003998025 -0.0009023720933221957 0.9999991453937336 0.1895567027590488 0.16924828310369833 -0.8299573353014011
FixedParameters: 0 0 0
#Transform 24
Transform: MatrixOffsetTransformBase_double_3_3
Parameters: 0.9999980517330758 0.0016942598592953125 0.0002793020119793889 -0.001695215711281122 0.9999894567267315 0.004223266322257141 -0.0002724771930132047 -0.004223731662791802 0.9999909189247863 0.1785264349860114 0.35808961744386636 -0.6096452778902801
FixedParameters: 0 0 0
#Transform 25
Transform: MatrixOffsetTransformBase_double_3_3
Parameters: 0.9999986320930496 0.00145263223094429 0.0005077063659548054 -0.0014525682598383138 0.9999992689856246 -0.00006305175186863132 -0.0005078894049146972 0.00006294807527476576 0.9999993551699685 0.1520458033009362 0.19337133882662272 -0.7423301716566186
FixedParameters: 0 0 0
#Transform 26
Transform: MatrixOffsetTransformBase_double_3_3
Parameters: 0.9999981944119719 0.0019297939463668408 -0.0002865925118789543 -0.001928098325939559 0.9999876579235946 0.004663081972930722 0.000295582136445918 -0.004661921276356618 0.9999890583833911 0.09165214554138856 0.3125388015731687 -0.5716131333146848
FixedParameters: 0 0 0
#Transform 27
Transform: MatrixOffsetTransformBase_double_3_3
Parameters: 0.9999984166817993 0.001843711410815975 0.0004300821579087238 -0.0018438682271077432 0.9999969365656737 0.0016819455151048934 -0.0004272463552356014 -0.001683056488364032 0.9999988184912928 0.1686523209568236 0.1899153023165212 -0.7144746983800871
FixedParameters: 0 0 0
#Transform 28
Transform: MatrixOffsetTransformBase_double_3_3
Parameters: 0.9999973250565585 0.002346638683822525 -0.00041152901357347177 -0.0023443933330254112 0.9999877601892349 0.00445128180576132 0.00042145836354206715 -0.004449722389790328 0.9999899506961075 0.054374878493561596 0.4206891233351797 -0.5130131266939202
FixedParameters: 0 0 0
#Transform 29
Transform: MatrixOffsetTransformBase_double_3_3
Parameters: 0.9999984975547176 0.0018633902291031925 0.00017035499053164548 -0.0018639427456077315 0.9999982982939808 -0.0005887996777459159 -0.00017135184668580763 0.0005882005052347816 0.9999995065955768 0.15865995747911654 0.14766183261750143 -0.7190433633352882
FixedParameters: 0 0 0
#Transform 30
Transform: MatrixOffsetTransformBase_double_3_3
Parameters: 0.9999975084265867 0.0020952082647560525 0.00031848848510301686 -0.0020968377524504703 0.9999882356966194 0.004438812135863335 -0.00030834573320456284 -0.0044391864703880735 0.9999898630558769 0.15649231733516444 0.3912571722735976 -0.6137274101537571
FixedParameters: 0 0 0
#Transform 31
Transform: MatrixOffsetTransformBase_double_3_3
Parameters: 0.9999984062989378 0.001610556605889951 -0.000012347811607160502 -0.0016103530861704145 0.9999987029887619 -0.0007784132906129559 0.000010817076137243255 0.0007775864167621771 0.9999994927418381 0.13202465113818107 0.18206196939883057 -0.7731859278585773
FixedParameters: 0 0 0
#Transform 32
Transform: MatrixOffsetTransformBase_double_3_3
Parameters: 0.9999983049151204 0.0018200505100583856 0.0006194848809930669 -0.0018202937948381787 0.9999970648997245 0.0014155595591916481 -0.0006167235579894705 -0.0014164380820118616 0.999998229901437 0.23328091977451493 0.16367000476631688 -0.6551073654750326
FixedParameters: 0 0 0
#Transform 33
Transform: MatrixOffsetTransformBase_double_3_3
Parameters: 0.9999986449390055 0.0015333277278913166 0.00004980492537201575 -0.0015342535495492203 0.9999983592837346 -0.0004892928308189437 -0.00005108343856589378 0.0004887059990599241 0.9999998074137549 0.16376648171093677 0.15155999763798889 -0.7088615002335246
FixedParameters: 0 0 0
#Transform 34
Transform: MatrixOffsetTransformBase_double_3_3
Parameters: 0.9999985165309584 0.0015701263933505217 0.00013504609967199174 -0.0015702706727532855 0.9999978199045944 0.0016975264184725947 -0.00013286227782599363 -0.0016974773254331832 0.9999989336001442 0.13270315312423975 0.19901757207389892 -0.6495765987960453
FixedParameters: 0 0 0
#Transform 35
Transform: MatrixOffsetTransformBase_double_3_3
Parameters: 0.9999992510450725 0.00084935052622592 -0.0001661702716648853 -0.0008496215737412569 0.9999975637030569 -0.0021600755930831217 0.00016445077692406793 0.0021599243460149464 0.9999973561295724 0.09467549705502165 0.1500733264813192 -0.8717564052075204
FixedParameters: 0 0 0
#Transform 36
Transform: MatrixOffsetTransformBase_double_3_3
Parameters: 0.9999981576680488 0.0015419740454449568 -0.000680898619844322 -0.0015391439109853585 0.9999879938515879 0.004622888609225939 0.0006887582198454233 -0.004622112435615167 0.9999894285404761 0.011554419239345748 0.4696629014173652 -0.5269365494794442
FixedParameters: 0 0 0
#Transform 37
Transform: MatrixOffsetTransformBase_double_3_3
Parameters: 0.999999409300399 0.0012600623358906499 0.00005033034102067374 -0.0012606035140833543 0.9999898293165733 0.004304722539834688 -0.000044576126317769295 -0.004305274202125342 0.999990513761512 0.18146951190040284 0.4413972391491683 -0.6042852868437762
FixedParameters: 0 0 0
#Transform 38
Transform: MatrixOffsetTransformBase_double_3_3
Parameters: 0.9999987039668099 0.0015121242951762256 0.0000971337504474885 -0.0015125926882858492 0.999988465781567 0.004627595310488147 -0.00009040594677378048 -0.004627409150205791 0.9999894103983868 0.17523165947802966 0.44796005176036147 -0.5451730482889161
FixedParameters: 0 0 0
#Transform 39
Transform: MatrixOffsetTransformBase_double_3_3
Parameters: 0.9999983268515356 0.0016154325987762785 -0.0002537923032280192 -0.0016136682200994133 0.9999886651169811 0.00454198369457387 0.0002614113566927636 -0.004542015995681603 0.9999894019677219 0.1268010000885198 0.4620324362322492 -0.5495042333022582
FixedParameters: 0 0 0
#Transform 40
Transform: MatrixOffsetTransformBase_double_3_3
Parameters: 0.999999568733546 0.0006531496864324059 -0.00006770155247798729 -0.000653228510430876 0.9999994687317805 0.0010510451704323631 0.00006809940093858389 -0.0010509564571777041 0.9999998907974144 0.13751504950066362 0.2527368133542751 -0.7155873660091174
FixedParameters: 0 0 0
#Transform 41
Transform: MatrixOffsetTransformBase_double_3_3
Parameters: 0.9999997642198517 0.001109219312014895 -0.00007523179322096207 -0.0011087366639844377 0.9999920208996631 0.00398982262788769 0.00007898305317411069 -0.003989181822613597 0.9999919109458136 0.11929119203000482 0.3507859947562224 -0.6259553201779511
FixedParameters: 0 0 0
#Transform 42
Transform: MatrixOffsetTransformBase_double_3_3
Parameters: 0.9999996896444409 0.0011275195177386267 -0.00019984203719440683 -0.0011259116399105946 0.9999901482687771 0.004305010991022595 0.0002044457943757409 -0.004304987516699277 0.9999904751481686 0.09155640812451793 0.4277580974577404 -0.6448243094422708
FixedParameters: 0 0 0
#Transform 43
Transform: MatrixOffsetTransformBase_double_3_3
Parameters: 0.9999987055944137 0.001486821734889688 -0.00028942139072724195 -0.001486755132656886 0.999998727148393 0.00011521437020214909 0.0002897633366878748 -0.00011478532905634387 0.9999999519960443 0.11126911682919172 0.13028122545513554 -0.7085965354894768
FixedParameters: 0 0 0
#Transform 44
Transform: MatrixOffsetTransformBase_double_3_3
Parameters: 0.9999990006021335 0.0013785581557885405 -0.00031460177913150076 -0.00137872093782258 0.999998983189645 -0.0002587825373889241 0.0003138876293764272 0.00025921691016445036 0.9999998832505639 0.09338975505251312 0.12150716791938976 -0.7260946325247062
FixedParameters: 0 0 0
#Transform 45
Transform: MatrixOffsetTransformBase_double_3_3
Parameters: 0.9999987202597624 0.0017521399333685183 0.0004597279374344418 -0.001751443595919485 0.9999980060670494 0.00030292996193359567 -0.0004588861625190546 -0.00030406943436125933 0.9999995299684398 0.14963391584164754 0.05416621317927195 -0.6402113608808406
FixedParameters: 0 0 0
#Transform 46
Transform: MatrixOffsetTransformBase_double_3_3
Parameters: 0.9999981348131006 0.001729596407734601 -0.0009342605672689444 -0.0017288941979764323 0.9999974597446619 0.0011344502296939118 0.0009364520010858509 -0.0011325492122550018 0.9999991054214944 0.030989595049376817 0.1814753215199545 -0.6503079962162985
FixedParameters: 0 0 0
#Transform 47
Transform: MatrixOffsetTransformBase_double_3_3
Parameters: 0.9999990458614924 0.001396465413910232 -0.00006532690782969276 -0.0013963674082565056 0.9999980831806793 -0.0009581249055715113 0.00006362650879932517 0.0009578728838549044 0.9999991271540737 0.11034520424909999 0.07639490298453211 -0.7075901632378248
FixedParameters: 0 0 0
#Transform 48
Transform: MatrixOffsetTransformBase_double_3_3
Parameters: 0.9999995230724538 0.0010250167004133269 -0.0006529617767754938 -0.0010228152078075822 0.9999952941078983 0.002934452978915869 0.0006562662175677705 -0.002933544494524404 0.9999950122167545 0.06049238047107508 0.2628206982190022 -0.5828335003639609
FixedParameters: 0 0 0
#Transform 49
Transform: MatrixOffsetTransformBase_double_3_3
Parameters: 0.9999989456728552 0.0007924245726904307 -0.0006529819320804623 -0.0007927062541798082 0.9999986766465312 -0.001301482779338864 0.0006526468293367348 0.0013025175648705145 0.9999988786154311 0.06780630249227215 0.07262505905501371 -0.7025341131056564
FixedParameters: 0 0 0
#Transform 50
Transform: MatrixOffsetTransformBase_double_3_3
Parameters: 0.9999984903112892 0.0015835614036684605 0.00004917128972588855 -0.0015832607610874244 0.9999978164654595 -0.0007922941928497074 -0.000050704279895124704 0.0007917039552040595 0.9999994193188286 0.1017885654832611 0.010636473776500566 -0.6407486078785212
FixedParameters: 0 0 0
#Transform 51
Transform: MatrixOffsetTransformBase_double_3_3
Parameters: 0.9999994672223458 0.0011635638577474302 -0.00042386909246218835 -0.0011643615656186086 0.9999952497906233 -0.002888724407398291 0.00041984758500002785 0.002889274352049248 0.9999955247520816 0.06850941947986655 0.07047150603438013 -0.8012786199869026
FixedParameters: 0 0 0
#Transform 52
Transform: MatrixOffsetTransformBase_double_3_3
Parameters: 0.9999989235817328 0.0017535788981044055 -0.000041572955920021987 -0.0017534068468258559 0.9999986789314238 -0.0006034092650187561 0.000040431621687003756 0.0006035907151323849 0.9999995162252362 0.1336496003562644 -0.001906541942247486 -0.6747894951010664
FixedParameters: 0 0 0
#Transform 53
Transform: MatrixOffsetTransformBase_double_3_3
Parameters: 0.999999439235865 0.0007472711181464793 0.00004531360630138657 -0.0007475106873693328 0.9999945818105694 -0.0031400343274371745 -0.00004783539465178002 0.0031399646805130854 0.9999951381770106 0.16301954350853975 -0.07322275232658626 -0.8146905996765383
FixedParameters: 0 0 0
#Transform 54
Transform: MatrixOffsetTransformBase_double_3_3
Parameters: 0.9999960244486771 0.0015907874396225475 0.002333436564788323 -0.0015902787416332104 0.9999989885718064 -0.00011137734091085094 -0.002333783305650395 0.00010662178986869941 0.9999970121155967 0.20976488494281398 0.40428883763784995 -0.4846879384919305
FixedParameters: 0 0 0
#Transform 55
Transform: MatrixOffsetTransformBase_double_3_3
Parameters: 0.9999957193747265 0.002191369256912487 0.0018650804637269885 -0.0021983114109370575 0.999991106988123 0.0036019341432759477 -0.001856883266143476 -0.003606063858079739 0.999991634623674 0.2940938721032751 0.5129918862900809 -0.4926040373124465
FixedParameters: 0 0 0
#Transform 56
Transform: MatrixOffsetTransformBase_double_3_3
Parameters: 0.9999996018338416 0.0009570072614625034 0.0006940806352671112 -0.0009556572225725747 0.9999957087003083 -0.0027557135215333095 -0.0006967360544262252 0.002755285244276179 0.9999957075423043 0.2504442757719687 0.11596172583186615 -0.668071486557011
FixedParameters: 0 0 0
#Transform 57
Transform: MatrixOffsetTransformBase_double_3_3
Parameters: 0.9999978489348922 0.0014064975401830528 0.0014747713159431089 -0.001402331695859028 0.9999967694669195 -0.002177955176413643 -0.0014772960621794462 0.0021760449717737884 0.9999966007886097 0.3240025610246846 0.022820575229943074 -0.743825197182332
FixedParameters: 0 0 0
#Transform 58
Transform: MatrixOffsetTransformBase_double_3_3
Parameters: 0.9999987581466946 0.0013791149371314266 0.0005824211482620112 -0.0013782069978435527 0.9999970407873948 -0.002067855357574533 -0.0005857285378253896 0.0020671466870317845 0.9999981682288782 0.2801245250559816 0.09850276381169465 -0.741031787364534
FixedParameters: 0 0 0
#Transform 59
Transform: MatrixOffsetTransformBase_double_3_3
Parameters: 0.9999983327789708 0.0014976261496950072 0.0006516207986908701 -0.001496155093270379 0.999996521157204 -0.002111027282386463 -0.0006545706533132512 0.00210997386600581 0.9999979031830093 0.27522966119090597 -0.023489121580951178 -0.6926309476790209
FixedParameters: 0 0 0
#Transform 60
Transform: MatrixOffsetTransformBase_double_3_3
Parameters: 0.9999990211458003 0.0010687859961540517 0.0009147902757781733 -0.0010670169572336683 0.9999982272170516 -0.0013778106627430342 -0.0009165356554670814 0.0013771888908749585 0.9999989989134479 0.2626222798431428 0.11141842027687687 -0.6686519659270687
FixedParameters: 0 0 0
#Transform 61
Transform: MatrixOffsetTransformBase_double_3_3
Parameters: 0.9999998196646144 0.00013042320384164832 0.00040408870331459616 -0.00013014337767618272 0.9999987888273363 -0.0015521010435151361 -0.00040427168389159553 0.0015528975456978733 0.9999982103244517 0.19093539308747154 0.1973081982296776 -0.7661521314159643
FixedParameters: 0 0 0
#Transform 62
Transform: MatrixOffsetTransformBase_double_3_3
Parameters: 0.999999791760496 0.0004563770512898456 0.000008311300222915236 -0.0004561248930660624 0.9999986483178203 -0.0017730053175471772 -0.000008954022582734156 0.0017729974240678348 0.9999988563748239 0.1653145452176119 0.082223192280793 -0.6839677832214193
FixedParameters: 0 0 0
#Transform 63
Transform: MatrixOffsetTransformBase_double_3_3
Parameters: 0.9999993836018621 0.0007689911229665466 0.0001593027051992022 -0.0007681922167096086 0.9999981620747527 -0.001802123739875483 -0.00016109757096041376 0.0018018774656841652 0.999998727110715 0.16580896279864987 0.09072826070764961 -0.6891590268622281
FixedParameters: 0 0 0
#Transform 64
Transform: MatrixOffsetTransformBase_double_3_3
Parameters: 0.9999981266377385 0.0016163095972913275 0.0005098468079691564 -0.0016157361718102713 0.9999953027480428 -0.002552925741185874 -0.0005135330120647813 0.0025530755763980006 0.9999967882380623 0.23168229473890278 0.020152057088722586 -0.741100577036633
FixedParameters: 0 0 0
#Transform 65
Transform: MatrixOffsetTransformBase_double_3_3
Parameters: 0.9999987812293236 0.0013493315265257371 0.0006312460524813909 -0.001347926828988555 0.9999970891648826 -0.0021269521894784482 -0.0006336145947592961 0.0021270500061884856 0.9999976437870369 0.23911299880079184 0.04472156444921893 -0.6438598206856341
FixedParameters: 0 0 0
#Transform 66
Transform: MatrixOffsetTransformBase_double_3_3
Parameters: 0.9999995202132719 0.001135375951548101 0.00043594062904405394 -0.0011348453698881251 0.9999965010078903 -0.0023295451552664548 -0.00043883573163404967 0.0023294539979698548 0.9999971660481501 0.225892247067506 0.03492353919355651 -0.7730388501764196
FixedParameters: 0 0 0
#Transform 67
Transform: MatrixOffsetTransformBase_double_3_3
Parameters: 0.9999990872336908 0.0012893859640429322 0.0004998767707693335 -0.0012893676536057214 0.9999989583439751 -0.0007716946959234472 -0.0005006695929709538 0.0007713064402581904 0.999999938463762 0.23436082192921504 -0.007085574810545836 -0.7055640040041453
FixedParameters: 0 0 0
#Transform 68
Transform: MatrixOffsetTransformBase_double_3_3
Parameters: 0.9999991910554079 0.001344176584858982 -0.00003995039950232599 -0.0013446704678882733 0.9999966306497816 -0.0023932144594962512 0.00003666161576826723 0.002393787185057339 0.9999971026958854 0.17409101602332555 -0.04662940748946198 -0.7342404111518306
FixedParameters: 0 0 0
#Transform 69
Transform: MatrixOffsetTransformBase_double_3_3
Parameters: 0.9999992074347663 0.0013308954549570917 0.00014757289064322129 -0.0013302221073731816 0.9999958455423269 -0.0025594625920760117 -0.0001502618977711876 0.002559536027942122 0.9999962597883735 0.19863439680210604 -0.08612818195803129 -0.8065212468179368
FixedParameters: 0 0 0
#Transform 70
Transform: MatrixOffsetTransformBase_double_3_3
Parameters: 0.9999984391599723 0.0015826339352759114 0.000238658870414055 -0.0015815472617413634 0.9999956883741428 -0.0024446450924994756 -0.00024227159572918217 0.002444353938871602 0.9999967996021565 0.2604111827678821 -0.06430052714252099 -0.7190589661494471
FixedParameters: 0 0 0
#Transform 71
Transform: MatrixOffsetTransformBase_double_3_3
Parameters: 0.9999988982908734 0.0014450141923141987 0.0001202388960499738 -0.0014440643487598338 0.9999930037783668 -0.0033352256479363407 -0.00012477816681036387 0.0033357735116916754 0.9999946433216866 0.2744387210576349 -0.10017904080949336 -0.833480322479204
FixedParameters: 0 0 0
#Transform 72
Transform: MatrixOffsetTransformBase_double_3_3
Parameters: 0.9999998085927769 0.0009725214055592971 0.0004961566637899052 -0.0009710214947177686 0.9999968777403591 -0.002044481424434974 -0.0004979574292304575 0.0020435153526722483 0.9999975749761021 0.3237307142359924 -0.06703875927927072 -0.7500438411668142
FixedParameters: 0 0 0
#Transform 73
Transform: MatrixOffsetTransformBase_double_3_3
Parameters: 0.999998885953349 0.001429232070623209 0.0002678561348566751 -0.0014282662612983353 0.9999965253193044 -0.0023666510196383717 -0.00027147143391652713 0.0023663501791952035 0.9999971599652259 0.29592243293512865 -0.06442819593922877 -0.7462270699323312
FixedParameters: 0 0 0
#Transform 74
Transform: MatrixOffsetTransformBase_double_3_3
Parameters: 0.999998031042345 0.0018654935999678323 0.0007007547451267001 -0.001862646883357183 0.9999950228659843 -0.0026246250307481456 -0.0007052185811049412 0.002623375744604972 0.9999962373850062 0.3641754824240877 -0.13216017812858638 -0.8679247849736385
FixedParameters: 0 0 0
#Transform 75
Transform: MatrixOffsetTransformBase_double_3_3
Parameters: 0.9999978122882749 0.0017077441669547395 0.0015074333645029169 -0.001705442695974936 0.9999981417689203 -0.001263721138224233 -0.001509349131234867 0.0012612781962043629 0.999997482702629 0.4481715198583487 -0.023800983921560714 -0.6722050806294817
FixedParameters: 0 0 0
#Transform 76
Transform: MatrixOffsetTransformBase_double_3_3
Parameters: 0.9999996352061113 0.0008704830816033767 0.0007792396243609381 -0.000868465535428868 0.9999941267284874 -0.0033667280859553117 -0.0007812821698087108 0.0033662730523938977 0.9999938417573233 0.3461868162860924 -0.09611498913382377 -0.7716992435249779
FixedParameters: 0 0 0
#Transform 77
Transform: MatrixOffsetTransformBase_double_3_3
Parameters: 0.999997918423691 0.0010666371841096946 0.0013942225862376737 -0.0010662119147514767 0.9999991046086499 -0.00015331972967785878 -0.0013945478494499547 0.00015167962835885285 0.9999987673024835 0.43500350461505377 -0.02105802635941245 -0.7104504828186862
FixedParameters: 0 0 0
#Transform 78
Transform: MatrixOffsetTransformBase_double_3_3
Parameters: 0.9999986585645296 0.0016237366366118802 0.0008394614218198007 -0.0016224883158552712 0.9999981151823345 -0.001191629034035524 -0.000842129369854471 0.0011893693544393902 0.9999987088006058 0.3333331118025171 -0.004584255162839668 -0.6974490882272448
FixedParameters: 0 0 0
#Transform 79
Transform: MatrixOffsetTransformBase_double_3_3
Parameters: 0.999998820461585 0.0013221740210614598 0.0006570432104905828 -0.001320339781112362 0.99999482378004 -0.002940920597551022 -0.000660248308821117 0.0029400819191318928 0.9999957035468928 0.3258648673146496 -0.10118929002732102 -0.780241599354639
FixedParameters: 0 0 0
#Transform 80
Transform: MatrixOffsetTransformBase_double_3_3
Parameters: 0.9999982655308096 0.001633997165087088 0.00025400641259617617 -0.0016338992613672296 0.9999984601146555 -0.00019268033424074682 -0.00025463549683835623 0.00019231898371169232 0.9999997313036826 0.26334361083435454 0.00008205091461377378 -0.6557846581189324
FixedParameters: 0 0 0
#Transform 81
Transform: MatrixOffsetTransformBase_double_3_3
Parameters: 0.9999990081375145 0.0012342903642969115 0.0006841530672573154 -0.001232116710135695 0.9999942591095523 -0.003230897106914127 -0.0006885307382120109 0.003230106106597075 0.9999948766923973 0.30785503350382726 -0.09788103355052158 -0.8077637187632831
FixedParameters: 0 0 0
#Transform 82
Transform: MatrixOffsetTransformBase_double_3_3
Parameters: 0.9999990777096301 0.0008943139035558087 0.0003496248189758228 -0.0008942483407046269 0.9999988313703764 -0.001170313395393252 -0.0003505207478236502 0.00116968725721453 0.9999995085368301 0.2917028449677588 -0.08628599612156052 -0.7637693635801384
FixedParameters: 0 0 0
#Transform 83
Transform: MatrixOffsetTransformBase_double_3_3
Parameters: 0.999999091672166 0.001379605674682524 -0.00006966065074367057 -0.0013799001173471338 0.9999941498759186 -0.0031461234015073003 0.00006607650476454963 0.0031458785711860893 0.9999951470996861 0.3001320822252751 -0.1530302024561081 -0.7911618861748764
FixedParameters: 0 0 0
#Transform 84
Transform: MatrixOffsetTransformBase_double_3_3
Parameters: 0.9999998744129381 0.0010576569531401602 0.00008525353958299054 -0.0010571721303184332 0.9999985102268372 -0.0015243072100052102 -0.00008750140195154072 0.001523692435988544 0.9999987190306487 0.29339641169947583 -0.12780465493079873 -0.7889040616192062
FixedParameters: 0 0 0
#Transform 85
Transform: MatrixOffsetTransformBase_double_3_3
Parameters: 0.9999993453456386 0.0007522622379951981 0.00029721638103643325 -0.0007515227150851052 0.9999923045639673 -0.003759222892891184 -0.0003004757431121323 0.0037587734570964926 0.9999927805289871 0.27180466047398966 -0.22499039146391908 -0.7692642051368921
FixedParameters: 0 0 0
#Transform 86
Transform: MatrixOffsetTransformBase_double_3_3
Parameters: 0.99999970456668 0.0005436075097036118 -0.00001561630940978933 -0.0005430919410742496 0.999986278447908 -0.005236994546776591 0.000012850667659377453 0.005237009966107015 0.9999865733770632 0.2563808264149827 -0.22902578219972725 -0.9039771609501486
FixedParameters: 0 0 0
#Transform 87
Transform: MatrixOffsetTransformBase_double_3_3
Parameters: 0.9999999090120915 0.0010441167121394165 -0.000014941669235821956 -0.001044709204598035 0.9999970157313558 -0.0022012007856519467 0.000012515995614860303 0.00220079735773962 0.9999972044684655 0.21044723948456578 -0.1865035874319716 -0.6902407952719898
FixedParameters: 0 0 0
#Transform 88
Transform: MatrixOffsetTransformBase_double_3_3
Parameters: 0.999999650938563 0.0010531541136002518 -0.0004893308485016195 -0.001055155197455017 0.9999965596488745 -0.0025057015384299663 0.00048599770147920095 0.002506297580471384 0.9999965311959476 0.14138533828406707 -0.05781847984832211 -0.7145864669306832
FixedParameters: 0 0 0
#Transform 89
Transform: MatrixOffsetTransformBase_double_3_3
Parameters: 0.9999988035170104 0.0009380406504573369 -0.0011474150761413785 -0.0009381978309441909 0.9999998501140059 -0.00006809052467268706 0.0011472865397976128 0.00006890931077124796 0.9999989440187758 0.03929702568687787 -0.07751613540000335 -0.6809410286695083
FixedParameters: 0 0 0
#Transform 90
Transform: MatrixOffsetTransformBase_double_3_3
Parameters: 0.9999981952239062 0.0014338927343457864 -0.0008652885274373502 -0.0014340112636862228 0.99999867396072 -0.0000679261925622121 0.0008650920585493358 0.000069073559527566 0.999999511878639 0.07547322456264283 -0.017666099211268715 -0.6670035046973624
FixedParameters: 0 0 0
#Transform 91
Transform: MatrixOffsetTransformBase_double_3_3
Parameters: 0.9999974646879468 0.0021774745036139192 -0.0008906047427817945 -0.0021808833779803955 0.9999920560472094 -0.003469716083073282 0.0008830564408600817 0.003472284938287551 0.9999933128496994 0.12942764952528307 -0.10622993925163371 -0.856481433336711
FixedParameters: 0 0 0
#Transform 92
Transform: MatrixOffsetTransformBase_double_3_3
Parameters: 0.9999968671155883 0.0022229659196960267 -0.001092045494421425 -0.002222827039522848 0.9999971359948672 -0.0005851240888576359 0.0010911689778351974 0.0005868772279145618 0.9999990443271446 0.03129941785380197 -0.09069972737580656 -0.7039331581312922
FixedParameters: 0 0 0
#Transform 93
Transform: MatrixOffsetTransformBase_double_3_3
Parameters: 0.9999974447004975 0.0021003367306336404 -0.001069514132858748 -0.002101849316158004 0.9999967272971185 -0.001578355048460628 0.0010665557924207023 0.0015806450341789569 0.999997727752898 0.0784931611063513 -0.12973741806614214 -0.7661152222529779
FixedParameters: 0 0 0
#Transform 94
Transform: MatrixOffsetTransformBase_double_3_3
Parameters: 0.9999987973863084 0.0017120767634411836 -0.0005207206766190217 -0.0017124921374773304 0.9999982892954212 -0.0008245414474199741 0.0005198456851710046 0.0008254590152241559 0.9999991468391768 0.11304814984943334 -0.08610695146238356 -0.7263673802212338
FixedParameters: 0 0 0
#Transform 95
Transform: MatrixOffsetTransformBase_double_3_3
Parameters: 0.9999983577900816 0.0018059812019507815 -0.0006164740696329165 -0.0018072883830991652 0.9999970683019628 -0.0016023202383073087 0.0006136074192795361 0.0016036783645744235 0.9999981502645171 0.11961726677004947 -0.11410666853268481 -0.748851663533344
FixedParameters: 0 0 0
#Transform 96
Transform: MatrixOffsetTransformBase_double_3_3
Parameters: 0.9999986150651964 0.0018354307136554653 -0.00012810258297194318 -0.0018353887861430776 0.9999982514208955 -0.0007052471141513195 0.00012648795006502166 0.0007057520473959245 0.9999993681835432 0.15002323253612815 -0.09493520034871494 -0.7731650499438842
FixedParameters: 0 0 0
#Transform 97
Transform: MatrixOffsetTransformBase_double_3_3
Parameters: 0.9999977894362494 0.0019688237624911203 -0.0005780691088083136 -0.0019688924054326725 0.99999796242674 -0.0002502944155292064 0.0005780558680261228 0.0002517064911178868 0.9999997010071884 0.08615026077052335 -0.0570810468916676 -0.6444598885713901
FixedParameters: 0 0 0
#Transform 98
Transform: MatrixOffsetTransformBase_double_3_3
Parameters: 0.9999984160550404 0.001093902633021629 -0.0011780011423311652 -0.0010960669845810507 0.9999959224053435 -0.0025386146194837644 0.0011756767322211824 0.002539388176723667 0.9999966005718685 0.06409042793718811 -0.11532049364143404 -0.8028585986455425
FixedParameters: 0 0 0
#Transform 99
Transform: MatrixOffsetTransformBase_double_3_3
Parameters: 0.9999989902050792 0.0013991509918263511 -0.00022840836976334135 -0.0013990709674130209 0.9999989627769909 0.00017510368718587355 0.000228898044337342 -0.00017489594867758917 0.9999999661781293 0.11290096757977608 -0.05500013147053551 -0.6816779496183472
FixedParameters: 0 0 0
#Transform 100
Transform: MatrixOffsetTransformBase_double_3_3
Parameters: 0.9999996810860327 0.0011423840653364868 -0.00011534857696888351 -0.001143343639758118 0.9999918068536243 -0.0038520848014532705 0.00011066605432255408 0.003851910986987034 0.9999921983208497 0.10707189049404064 -0.17000280456875316 -0.8685572922567815
FixedParameters: 0 0 0
#Transform 101
Transform: MatrixOffsetTransformBase_double_3_3
Parameters: 0.9999984236213078 0.001570100606576558 -0.0003332119078595015 -0.0015683191865012043 0.9999861241875124 0.0049363097008665036 0.00034187720088526153 -0.004935682376236705 0.9999875709528805 0.1181094864857073 0.41285669201016617 -0.5366982693159059
FixedParameters: 0 0 0
#Transform 102
Transform: MatrixOffsetTransformBase_double_3_3
Parameters: 0.9999960519389746 0.0018658452729895876 0.0018618887492008445 -0.0018750639204191662 0.9999859411674284 0.0049507618275014265 -0.0018526267091371902 -0.004953238168083185 0.9999860657779773 0.1923419618724722 0.447754212549313 -0.48076308687396363
FixedParameters: 0 0 0
#Transform 103
Transform: MatrixOffsetTransformBase_double_3_3
Parameters: 0.9999992842072698 0.0008450563217879086 -0.00004089892936597376 -0.0008451202069545582 0.9999996063132096 -0.0007941817754574532 0.00003955692097112513 0.0007938176747345482 0.9999994170221723 0.0649095013858414 0.15223012404648273 -0.6736583690169766
FixedParameters: 0 0 0
#Transform 104
Transform: MatrixOffsetTransformBase_double_3_3
Parameters: 0.9999989173215222 0.00073705245222688 0.001240904357267521 -0.0007409311737386656 0.9999954256031616 0.0030482527510187762 -0.0012382600543113496 -0.003048750892139712 0.9999949049502006 0.0351520426501537 0.2935958130148606 -0.5244770167013542
FixedParameters: 0 0 0
#Transform 105
Transform: MatrixOffsetTransformBase_double_3_3
Parameters: 0.9999991508606854 0.000808178307934388 -0.00044285611686231165 -0.0008058207270046177 0.9999888129225996 0.00474214327553707 0.0004468306882452667 -0.004741857336394928 0.9999883645448657 0.034438581831565784 0.42779628611808107 -0.510106302435446
FixedParameters: 0 0 0
#Transform 106
Transform: MatrixOffsetTransformBase_double_3_3
Parameters: 0.9999999635150376 -0.00014443508347035337 -0.00012499386903376593 0.0001441853100782547 0.9999989831810174 -0.0009980170327939797 0.0001252819129847216 0.0009979809063602463 0.999998988328077 0.1496345783470474 0.0847716086149859 -0.7317102432693048
FixedParameters: 0 0 0
#Transform 107
Transform: MatrixOffsetTransformBase_double_3_3
Parameters: 0.9999997472147594 0.0005015009128191471 0.00003830035050139353 -0.0005011981187566845 0.9999955858624946 0.003026983352000634 -0.000037437027446116554 -0.0030270212953306674 0.999995835837306 0.155094315929162 0.17732176619509232 -0.6247930606785701
FixedParameters: 0 0 0
#Transform 108
Transform: MatrixOffsetTransformBase_double_3_3
Parameters: 0.9999990236500735 0.0009843862956526752 0.00008756718271931514 -0.0009841284518383973 0.9999985046595866 0.0015736986091526295 -0.00008664059359513253 -0.0015743021461931128 0.9999985640330046 0.10435903724064133 0.14034169723893797 -0.6804958045396461
FixedParameters: 0 0 0
#Transform 109
Transform: MatrixOffsetTransformBase_double_3_3
Parameters: 0.9999990836598935 0.0008142631836764524 -0.0005027127156151852 -0.0008141490360424975 0.9999986418502742 0.0013024096861939116 0.0005040792995401346 -0.0013015899373490236 0.9999990513998024 0.0871471659501708 0.09118738025750872 -0.660440774438058
FixedParameters: 0 0 0
#Transform 110
Transform: MatrixOffsetTransformBase_double_3_3
Parameters: 0.9999994833952677 0.0005204174219765899 -0.0004962486699205368 -0.0005182201202587596 0.9999928228800001 0.003861261402273719 0.0004975549545875945 -0.003860745264686216 0.9999928457328754 0.10843647147949298 0.24555569400926913 -0.5494438713544696
FixedParameters: 0 0 0
#Transform 111
Transform: MatrixOffsetTransformBase_double_3_3
Parameters: 0.9999993761235961 0.0007316492985022377 -0.0002965026574541425 -0.0007321129290197539 0.9999989415808288 0.0012342176680771033 0.0002975553324380511 -0.0012337828770376258 0.9999993890284253 0.11944957997609151 0.06791561431411708 -0.7139126179071127
FixedParameters: 0 0 0
#Transform 112
Transform: MatrixOffsetTransformBase_double_3_3
Parameters: 0.999999404890087 0.0006338698096612868 0.00043957589132617866 -0.0006358645746777522 0.9999918488651927 0.003995671566992071 -0.00043689604593448976 -0.003995326144487499 0.9999916278615552 0.1714634005332698 0.18048481181078557 -0.6139091430880228
FixedParameters: 0 0 0
#Transform 113
Transform: MatrixOffsetTransformBase_double_3_3
Parameters: 0.9999952133668357 0.0008000539272155575 -0.002854003702512869 -0.0008142625027796438 0.9999884077447027 -0.004813070917099843 0.0028503997688692196 0.004814932105377645 0.999984456045291 0.012717687443412728 -0.22349033790537476 -1.0880940147918636
FixedParameters: 0 0 0
#Transform 114
Transform: MatrixOffsetTransformBase_double_3_3
