#Insight Transform File V1.0
#Transform 0
Transform: MatrixOffsetTransformBase_double_3_3
Parameters: 0.9999997999590594 -0.00024402022646269187 -0.0010678626883315998 0.00024564197159370697 0.9999988354050922 0.0017617392641328666 0.001067644893414714 -0.0017622621061425536 0.9999977552569339 -0.03293204226757496 -0.016073167174454284 -0.410737217608375
FixedParameters: 0 0 0
#Transform 1
Transform: MatrixOffsetTransformBase_double_3_3
Parameters: 0.9999989910442232 -0.0007148028643307585 -0.0007060571693800663 0.0007160599550985012 0.9999968880110052 0.0025306346825047232 0.0007040667629839568 -0.0025303660263460703 0.9999962961474199 -0.06495908338914091 -0.10328851588671739 -0.3839092222862206
FixedParameters: 0 0 0
#Transform 2
Transform: MatrixOffsetTransformBase_double_3_3
Parameters: 1.0000001412225765 -0.0006369456438786237 -0.0006732506473380262 0.0006376233801473433 0.9999985697323753 0.0013625419429660612 0.0006723292469477593 -0.001362457405156725 0.9999988586759649 -0.055214559290874377 -0.00730796348084084 -0.41455877769360683
FixedParameters: 0 0 0
#Transform 3
Transform: MatrixOffsetTransformBase_double_3_3
Parameters: 0.9999999871427623 -0.0005952862706120506 -0.0008114923824906646 0.000597098219074505 0.999998295646282 0.0018295166492546255 0.0008101255166965179 -0.0018304834496993827 0.9999979936888904 -0.04889482889041119 -0.08444164871151827 -0.4309074337682226
FixedParameters: 0 0 0
#Transform 4
Transform: MatrixOffsetTransformBase_double_3_3
Parameters: 0.9999982245909151 -0.0008344678363288826 -0.00175478332283738 0.0008378676632263272 0.9999973500515575 0.0019083066403223214 0.001753051019567867 -0.0019096911242792447 0.9999965859683273 -0.021467920323402723 -0.021526204630859525 -0.455632892754835
FixedParameters: 0 0 0
#Transform 5
Transform: MatrixOffsetTransformBase_double_3_3
Parameters: 0.9999991185374483 -0.0012247719882854447 -0.0006176673460712143 0.0012262670519520994 0.9999964086278583 0.0024273840151300408 0.0006145034549176907 -0.0024276165619832035 0.9999969243729311 -0.06835652433980499 -0.10404722889499851 -0.4204763547717185
FixedParameters: 0 0 0
#Transform 6
Transform: MatrixOffsetTransformBase_double_3_3
Parameters: 0.9999977656696434 -0.000883715274596855 -0.0021103918218536998 0.0008891587845721911 0.9999960861773527 0.002578874935411146 0.0021079238620176403 -0.002580123499526271 0.9999943718163664 -0.016143554478716737 -0.08758043607440413 -0.46507135231479424
FixedParameters: 0 0 0
#Transform 7
Transform: MatrixOffsetTransformBase_double_3_3
Parameters: 0.9999988527175956 -0.0010525302825239644 -0.00019853231573860683 0.0010529363713258787 0.9999965093351829 0.0023197923886613125 0.0001966038503629738 -0.0023202083665703477 0.9999975785629244 -0.07519041638261115 -0.07662514531831732 -0.49338810202370453
FixedParameters: 0 0 0
#Transform 8
Transform: MatrixOffsetTransformBase_double_3_3
Parameters: 0.9999995141894465 -0.0011029435586398866 -0.0005191673199415137 0.001103966993102525 0.9999966686128542 0.0024325682434560847 0.0005165850184182764 -0.0024324336455430196 0.9999970114378454 -0.07010357088563524 -0.10471297112405864 -0.43421302825115404
FixedParameters: 0 0 0
#Transform 9
Transform: MatrixOffsetTransformBase_double_3_3
Parameters: 0.9999988292163455 -0.001078433737250924 -0.001004301275509817 0.001079514639544553 0.9999978102885577 0.0016898887995016043 0.001002283658324324 -0.0016911118008794968 0.9999983033391772 -0.05950715020551911 -0.008615356921851003 -0.47196016564295107
FixedParameters: 0 0 0
#Transform 10
Transform: MatrixOffsetTransformBase_double_3_3
Parameters: 0.9999961045691845 -0.0006199864298761279 -0.0025516953473078328 0.0006268524693042144 0.9999955339699655 0.0027968482092891045 0.0025499714367038574 -0.0027991509477221788 0.9999929129361285 -0.010165535370205703 -0.09797699171538454 -0.46097211603915156
FixedParameters: 0 0 0
#Transform 11
Transform: MatrixOffsetTransformBase_double_3_3
Parameters: 0.9999998851396494 -0.0007884067317728656 -0.00070281982754117 0.0007898010962331573 0.9999964024089367 0.0026404476170722724 0.0007002821696793374 -0.0026415548168334246 0.9999965329341409 -0.06271520442864187 -0.0851368263920449 -0.5071973587306324
FixedParameters: 0 0 0
#Transform 12
Transform: MatrixOffsetTransformBase_double_3_3
Parameters: 0.9999998093505875 -0.0008224903186822231 -0.000716912519251042 0.0008249295151049347 0.9999962342218021 0.0026303824666811526 0.0007143795805655039 -0.0026306193855847315 0.9999967360354572 -0.06971647245850932 -0.09302071279506663 -0.5349694644449201
FixedParameters: 0 0 0
#Transform 13
Transform: MatrixOffsetTransformBase_double_3_3
Parameters: 0.9999987780498822 -0.0012132349194994097 0.000866057069533874 0.0012105781944601764 0.999995058311355 0.0029400813948746163 -0.0008697150344671856 -0.002938919857694594 0.9999954383674398 -0.12419069853599751 -0.10806343488448533 -0.5354423451515622
FixedParameters: 0 0 0
#Transform 14
Transform: MatrixOffsetTransformBase_double_3_3
Parameters: 0.9999991673505053 -0.0008762332080167319 -0.0002542923883786549 0.0008772529982426069 0.9999960005751075 0.0026887789872687418 0.00025154806950914956 -0.0026892224858404146 0.9999967053002599 -0.07214633847407015 -0.10763610329966866 -0.5330214093021581
FixedParameters: 0 0 0
#Transform 15
Transform: MatrixOffsetTransformBase_double_3_3
Parameters: 0.9999992420273532 -0.001107730932251637 -0.0007292128816353336 0.0011088701184689316 0.9999963872962865 0.0024873321705542184 0.0007263148840534308 -0.0024876678298842714 0.9999964793941146 -0.06307550964763209 -0.11103993736497841 -0.47531609496895655
FixedParameters: 0 0 0
#Transform 16
Transform: MatrixOffsetTransformBase_double_3_3
Parameters: 0.999998892887464 -0.0009700183549040168 -0.0004080386770405898 0.0009708839352982855 0.999995596007404 0.002903773210598065 0.00040518829929396153 -0.002904226963054035 0.9999954304071765 -0.06574784801981082 -0.0887836224317482 -0.5519393463364324
FixedParameters: 0 0 0
#Transform 17
Transform: MatrixOffsetTransformBase_double_3_3
Parameters: 0.9999992061887156 -0.0005978197609850873 -0.0006603251959699665 0.0006001288623376151 0.9999958807007929 0.0027555758680556375 0.0006588248502850862 -0.002755423954350439 0.9999961398961096 -0.05644488075725462 -0.1489580977609677 -0.45941022326664793
FixedParameters: 0 0 0
#Transform 18
Transform: MatrixOffsetTransformBase_double_3_3
Parameters: 0.9999999429079646 -0.0008292222444921727 -0.0006086142324586496 0.000830325926636269 0.9999952335702289 0.0028124659307646738 0.0006055771403633551 -0.002812531384376704 0.9999958889974132 -0.055564537173239614 -0.07857531628305026 -0.5443267642040723
FixedParameters: 0 0 0
#Transform 19
Transform: MatrixOffsetTransformBase_double_3_3
Parameters: 0.9999998889985415 -0.0008881595793171487 -0.0005673863852200048 0.0008900793820923063 0.9999951071423423 0.003016497686721825 0.0005648074419370672 -0.003017504350136868 0.9999955772255871 -0.06453468118694161 -0.1355407083424467 -0.45260410782754334
FixedParameters: 0 0 0
#Transform 20
Transform: MatrixOffsetTransformBase_double_3_3
Parameters: 0.9999976508013557 -0.0008690941479589017 -0.0018959489400945586 0.0008744136414864389 0.9999958736033301 0.0028381248308076146 0.0018931042827261331 -0.0028398793050552484 0.9999946572945627 -0.01751159984647188 -0.07819838973783533 -0.5431644878355044
FixedParameters: 0 0 0
#Transform 21
Transform: MatrixOffsetTransformBase_double_3_3
Parameters: 0.9999995998298462 -0.0011609331495920812 -0.00022869367336934965 0.0011616931747543368 0.9999945480625337 0.0031739049893450277 0.00022526327334306592 -0.003174096730683612 0.9999949031520354 -0.07545183300780423 -0.14903493472100138 -0.4950652223616636
FixedParameters: 0 0 0
#Transform 22
Transform: MatrixOffsetTransformBase_double_3_3
Parameters: 0.9999998360655217 -0.0010279665186277394 -0.0003267776555008112 0.0010293063751756874 0.9999958245702865 0.002843833961798242 0.000323882985958889 -0.0028441678101758794 0.9999958347807661 -0.06704764178050482 -0.10329479291213772 -0.5326842011668305
FixedParameters: 0 0 0
#Transform 23
Transform: MatrixOffsetTransformBase_double_3_3
Parameters: 0.9999997612534934 -0.0010830910562936171 -0.00025585421646179464 0.001083849517694349 0.9999965870368838 0.0024918923847017105 0.00025341041913348446 -0.0024921087113687346 0.9999967540626962 -0.07405793054128651 -0.1013655591070517 -0.5261488313472995
FixedParameters: 0 0 0
#Transform 24
Transform: MatrixOffsetTransformBase_double_3_3
Parameters: 0.9999989890892339 -0.0012671335026264677 -0.0006363957245891051 0.0012686782096771449 0.9999959726388008 0.0025273618815471743 0.0006337566067841857 -0.002528636871423545 0.9999962348589855 -0.0656406137075578 -0.11367273530609623 -0.5209423112101668
FixedParameters: 0 0 0
#Transform 25
Transform: MatrixOffsetTransformBase_double_3_3
Parameters: 0.9999993252375837 -0.0011153767917499603 -0.0006558113556009871 0.0011173787616867927 0.9999958734954071 0.002801438152234992 0.0006533265877186192 -0.002802564201140695 0.9999957492904291 -0.05454151950588937 -0.10076150523802596 -0.5532689172821463
FixedParameters: 0 0 0
#Transform 26
Transform: MatrixOffsetTransformBase_double_3_3
Parameters: 0.9999994258162463 -0.0010068023847972628 -0.0007483044733141032 0.0010093303520479324 0.9999955611103141 0.0026932177466617024 0.0007456600256719213 -0.0026937817127544728 0.9999963547909932 -0.060334556747505985 -0.13862282402084247 -0.51784321335332
FixedParameters: 0 0 0
#Transform 27
Transform: MatrixOffsetTransformBase_double_3_3
Parameters: 0.9999995868643505 -0.0010154581338366693 -0.0006178861424369737 0.0010173374243339609 0.9999953052797038 0.0027373438130228467 0.000615107369971302 -0.0027376549748392986 0.9999962937422936 -0.05957669428711654 -0.09421530504621956 -0.567659832524555
FixedParameters: 0 0 0
#Transform 28
Transform: MatrixOffsetTransformBase_double_3_3
Parameters: 0.9999991373760311 -0.0008773907808005196 -0.00030540764904757626 0.0008776280480172642 0.9999951188500885 0.002847731646506896 0.00030319536078261155 -0.002848265707047354 0.9999957962891405 -0.06551257770512109 -0.14029533433789254 -0.4870022024243603
FixedParameters: 0 0 0
#Transform 29
Transform: MatrixOffsetTransformBase_double_3_3
Parameters: 0.999999707878462 -0.001130739049849538 -0.00011741721176938678 0.001130889553265314 0.9999955240937468 0.0028580373148291427 0.00011390968880924887 -0.0028579634560664258 0.9999958474158362 -0.07571174929807967 -0.07975514049101662 -0.5504629351057311
FixedParameters: 0 0 0
#Transform 30
Transform: MatrixOffsetTransformBase_double_3_3
Parameters: 0.9999970588038015 -0.0006354254376922653 -0.0021298857618750446 0.0006413749405037481 0.9999961646285457 0.002673248166061931 0.0021285767665105166 -0.0026747535706176384 0.9999945935753651 -0.004018589610382151 -0.12355086757882816 -0.5020228395263473
FixedParameters: 0 0 0
#Transform 31
Transform: MatrixOffsetTransformBase_double_3_3
Parameters: 0.9999995893101754 -0.0010651076570930172 -0.0005253901664159725 0.001066598390423124 0.9999947917772968 0.003011442411477938 0.0005227408781674225 -0.0030125595727859 0.9999956531915375 -0.05923357283630537 -0.09430994333034448 -0.5677189997878571
FixedParameters: 0 0 0
#Transform 32
Transform: MatrixOffsetTransformBase_double_3_3
Parameters: 0.9999993029635387 -0.0012304487680277576 -0.0004283382271255859 0.0012312080366446406 0.9999953790954629 0.002841642972841868 0.0004251136084730527 -0.002842357980628485 0.9999957698979292 -0.06965826665255292 -0.1683024313839212 -0.5042109002306248
FixedParameters: 0 0 0
#Transform 33
Transform: MatrixOffsetTransformBase_double_3_3
Parameters: 0.9999997422882242 -0.0010609958831560955 -0.00036411269382135615 0.0010615990567375895 0.9999954578310526 0.00289578295729645 0.00036075166182775116 -0.0028962168084837314 0.9999955107853685 -0.053898332133044846 -0.08018514739531213 -0.5507858980005871
FixedParameters: 0 0 0
#Transform 34
Transform: MatrixOffsetTransformBase_double_3_3
Parameters: 0.9999991419436418 -0.0012252444306350082 -0.0005974999090532956 0.0012266901928061377 0.9999962067942384 0.002468408042720527 0.0005942333142409232 -0.0024685915664275915 0.9999967481417873 -0.061934966942899905 -0.1293273928860117 -0.47465233792609496
FixedParameters: 0 0 0
#Transform 35
Transform: MatrixOffsetTransformBase_double_3_3
Parameters: 0.9999986060072891 -0.0013706137688286053 -0.0007176319399687309 0.0013727068104538976 0.9999960285686673 0.0026251591851776668 0.0007142007595421203 -0.0026258456724169432 0.9999967908937799 -0.06505490519886337 -0.09106186455149157 -0.5731175198347174
FixedParameters: 0 0 0
#Transform 36
Transform: MatrixOffsetTransformBase_double_3_3
Parameters: 0.9999993162889047 -0.001214271789322299 -0.0004563895605862074 0.0012164783990411359 0.9999942359728914 0.00317658645394589 0.00045260989664349895 -0.0031764137295137995 0.9999948999517705 -0.07123005653822645 -0.16100074794184138 -0.4608286118933158
FixedParameters: 0 0 0
#Transform 37
Transform: MatrixOffsetTransformBase_double_3_3
Parameters: 0.9999999265691513 -0.0010186077615035576 -0.00018930083481301965 0.0010192426684877637 0.9999946470520308 0.0030518091452959306 0.00018603752511431649 -0.003052191593379827 0.999995650058425 -0.0668331576061405 -0.07923127290661114 -0.5428705676810068
FixedParameters: 0 0 0
#Transform 38
Transform: MatrixOffsetTransformBase_double_3_3
Parameters: 0.9999992065980332 -0.0008425612845545384 -0.0002899826193557734 0.0008427704586701553 0.9999961906431382 0.002658923147567438 0.00028730192135086 -0.0026590741593007783 0.9999958753724101 -0.06383821762960906 -0.12870735992288473 -0.4579054878302209
FixedParameters: 0 0 0
#Transform 39
Transform: MatrixOffsetTransformBase_double_3_3
Parameters: 0.9999993184460759 -0.0011238467087750182 -0.0006474392367611048 0.0011251203731195963 0.9999944999796604 0.003038273872966235 0.0006442058230966394 -0.0030397263149040954 0.9999953473737629 -0.056435386443936864 -0.07882221468783257 -0.5698472755822976
FixedParameters: 0 0 0
#Transform 40
Transform: MatrixOffsetTransformBase_double_3_3
Parameters: 0.9999994171877892 -0.0011384506276704307 -0.0005353769397664432 0.0011401173797785527 0.9999947552862994 0.003122532262700123 0.0005320335180043957 -0.003122470844668296 0.9999951618243298 -0.06339213319735393 -0.15289727086768323 -0.5003956096712443
FixedParameters: 0 0 0
#Transform 41
Transform: MatrixOffsetTransformBase_double_3_3
Parameters: 0.9999995276491263 -0.0011221808412728196 -0.00046045380544839287 0.0011243891785099336 0.9999947993141673 0.003147653425236402 0.00045732322052813155 -0.0031483489079021376 0.999994908463311 -0.06381375497943509 -0.09362345031294694 -0.5786733167427798
FixedParameters: 0 0 0
#Transform 42
Transform: MatrixOffsetTransformBase_double_3_3
Parameters: 0.9999999573464283 -0.0009001160555033994 -0.00048213396186806365 0.0009014868045009723 0.9999953021596207 0.002980568679675083 0.0004795493875227414 -0.002981434972397362 0.9999958824098863 -0.05877627244264261 -0.1551393922248394 -0.4411776817212747
FixedParameters: 0 0 0
#Transform 43
Transform: MatrixOffsetTransformBase_double_3_3
Parameters: 0.9999981858031348 -0.0006745745677239637 -0.0015357937545366312 0.0006786066199440103 0.9999957665100091 0.002762764866054812 0.0015343296166112042 -0.002764235487440453 0.9999951453877234 -0.021695883626421164 -0.09775880094966283 -0.5095653988689541
FixedParameters: 0 0 0
#Transform 44
Transform: MatrixOffsetTransformBase_double_3_3
Parameters: 0.999997219200169 -0.0011263827346982887 -0.002124005796501997 0.001131975359733427 0.9999947796978153 0.002909348392683253 0.0021213386112496524 -0.002911651445363539 0.9999934974220741 -0.016683646582521305 -0.13035557019634325 -0.5032355111816287
FixedParameters: 0 0 0
#Transform 45
Transform: MatrixOffsetTransformBase_double_3_3
Parameters: 0.9999996501739555 -0.0009769396148524756 -0.0006285948606953274 0.0009791203973374652 0.9999952530404232 0.0029315244729878065 0.0006256466759527544 -0.002931473658048467 0.999995209711989 -0.05126664377921486 -0.09225962406445376 -0.5483459694046502
FixedParameters: 0 0 0
#Transform 46
Transform: MatrixOffsetTransformBase_double_3_3
Parameters: 0.9999990079096797 -0.0009826497693656419 -0.00016283461778725125 0.000983175355095977 0.9999946686449961 0.003215009761895371 0.00015947069648675658 -0.003214991114841831 0.9999946667532135 -0.07284154139375687 -0.14629636696994908 -0.5168198752686095
FixedParameters: 0 0 0
#Transform 47
Transform: MatrixOffsetTransformBase_double_3_3
Parameters: 0.9999991590497743 -0.0009100079527063137 -0.0001138703515951634 0.0009100691157042008 0.999996746997267 0.002529065621592913 0.00011222359524230678 -0.0025289359286545243 0.9999966203434538 -0.06906306863487544 -0.08420059889382969 -0.5139393201548366
FixedParameters: 0 0 0
#Transform 48
Transform: MatrixOffsetTransformBase_double_3_3
Parameters: 0.999999065730626 -0.0008884101725724445 -0.0003814323957824638 0.0008892250609774506 0.9999952688555677 0.0028176609838579947 0.0003782236139822798 -0.002818336186334758 0.9999959145997666 -0.058462803484559345 -0.11660344404010914 -0.5384434426425884
FixedParameters: 0 0 0
#Transform 49
Transform: MatrixOffsetTransformBase_double_3_3
Parameters: 0.999999669387602 -0.001026222118598091 -0.0005268353900896388 0.001028038242515106 0.9999947973949744 0.003154600454717882 0.0005231412239904937 -0.0031544014162234735 0.9999949701903526 -0.06251984495450813 -0.12534371077516937 -0.5445019011293546
FixedParameters: 0 0 0
#Transform 50
Transform: MatrixOffsetTransformBase_double_3_3
Parameters: 0.9999992540146171 -0.0012881530055769289 -0.0002961198709601123 0.0012885077058537452 0.9999934638124018 0.00344179013719359 0.0002910223968092064 -0.0034422111259046484 0.9999940953893802 -0.07599118365169488 -0.13796506012707255 -0.5264499970943
FixedParameters: 0 0 0
#Transform 51
Transform: MatrixOffsetTransformBase_double_3_3
Parameters: 0.9999997600471457 -0.0009494475427233218 -0.0005816434112642304 0.0009519287824413589 0.9999933312476195 0.003429447120053858 0.0005779076844156695 -0.003430549502410979 0.9999938989347323 -0.057384006986310965 -0.13930582519459733 -0.5423310936335355
FixedParameters: 0 0 0
#Transform 52
Transform: MatrixOffsetTransformBase_double_3_3
Parameters: 0.9999961508740016 -0.0009475868622746349 -0.0024391511970866587 0.0009552340985526062 0.9999946797169482 0.0031562603921151122 0.002436878592066745 -0.0031587442520409903 0.9999925314461332 -0.005167633117665105 -0.11801010100482756 -0.527256315206678
FixedParameters: 0 0 0
#Transform 53
Transform: MatrixOffsetTransformBase_double_3_3
Parameters: 0.9999992264164862 -0.0012504800632438691 -0.00045852390053632424 0.0012515936138649923 0.9999941689343724 0.0030434283457432265 0.0004546789916760848 -0.003044570804513924 0.999995525561946 -0.06775173107533305 -0.1262456419439104 -0.5477961896802839
FixedParameters: 0 0 0
#Transform 54
Transform: MatrixOffsetTransformBase_double_3_3
Parameters: 0.9999995972150846 -0.0010935749913902797 -0.00045496571506004773 0.0010951930664664477 0.9999926543846877 0.00362550481098034 0.00045080063657728265 -0.003626496077276331 0.9999936469796883 -0.07545948597255858 -0.1527589341654476 -0.5901430100869298
FixedParameters: 0 0 0
#Transform 55
Transform: MatrixOffsetTransformBase_double_3_3
Parameters: 0.9999990346671916 -0.000950063992885998 -0.00024975681407709633 0.0009511102009751322 0.9999930137635976 0.0034757621633390856 0.0002470899469061659 -0.0034762344673475165 0.9999938556845223 -0.06964426205536256 -0.17280547373592015 -0.5320015705610608
FixedParameters: 0 0 0
#Transform 56
Transform: MatrixOffsetTransformBase_double_3_3
Parameters: 0.9999989882878099 -0.0009226296138255012 -0.0003994081994953552 0.0009248309592887831 0.9999928709135008 0.00362060486980198 0.00039666108004643793 -0.003620398174863454 0.9999939012304608 -0.06923915004495029 -0.1435766820287654 -0.568586610642928
FixedParameters: 0 0 0
#Transform 57
Transform: MatrixOffsetTransformBase_double_3_3
Parameters: 0.9999996511034691 -0.0007075488495564548 -0.0009211308551905058 0.0007110851834931788 0.9999928320072405 0.003807321745622788 0.0009181749805320313 -0.003807684349971724 0.999992824845951 -0.06528700828141609 -0.18380659127296894 -0.5358239906339328
FixedParameters: 0 0 0
#Transform 58
Transform: MatrixOffsetTransformBase_double_3_3
Parameters: 0.9999995168655911 -0.0011179582316422128 -0.00048307017984072954 0.0011201329868895857 0.9999917426683101 0.003996630711980698 0.0004778959114926117 -0.003997370638054942 0.9999918220345064 -0.06077069408480895 -0.15314260404811364 -0.6051778953081879
FixedParameters: 0 0 0
#Transform 59
Transform: MatrixOffsetTransformBase_double_3_3
Parameters: 0.9999994681758557 -0.0011046179039301473 -0.0005587566962434003 0.0011061082319358572 0.9999916141099809 0.0038723568668833364 0.0005547822487774595 -0.003872645683646675 0.999992861419907 -0.06018591686034824 -0.17036229826112503 -0.5519246669114217
FixedParameters: 0 0 0
#Transform 60
Transform: MatrixOffsetTransformBase_double_3_3
Parameters: 0.9999992338018588 -0.0009207033884985728 -0.000958274877649111 0.0009246104426773361 0.9999938286729481 0.003339087825500353 0.0009547282378680096 -0.003339910826879011 0.9999941005409104 -0.05212549264693678 -0.15153089998889868 -0.5901721249688592
FixedParameters: 0 0 0
#Transform 61
Transform: MatrixOffsetTransformBase_double_3_3
Parameters: 0.9999992479521356 -0.0008381409198475189 -0.0002221343281169527 0.0008392807614232522 0.9999922864568639 0.0037428135257444317 0.00021881193922023665 -0.0037431833608316534 0.9999929413055196 -0.0838429043919291 -0.1852588564329949 -0.5417035036413189
FixedParameters: 0 0 0
#Transform 62
Transform: MatrixOffsetTransformBase_double_3_3
Parameters: 0.9999997303291566 -0.000980351007018699 -0.0005550966476633072 0.000982991692414887 0.9999918807943075 0.0038924576286695767 0.000551224747524006 -0.0038935436848535343 0.9999925385073598 -0.06635165388514963 -0.1388101241581836 -0.6220453792246055
FixedParameters: 0 0 0
#Transform 63
Transform: MatrixOffsetTransformBase_double_3_3
Parameters: 0.9999989736257119 -0.0010333187681884398 -0.0009789039430569632 0.0010373166008673495 0.99999177530393 0.003994127487205151 0.0009750491708966651 -0.003994872955791345 0.9999912861162329 -0.06801676575103954 -0.17856782474545696 -0.5624700306332535
FixedParameters: 0 0 0
#Transform 64
Transform: MatrixOffsetTransformBase_double_3_3
Parameters: 0.9999997047225908 -0.0010392221545947973 -0.00046428756195583286 0.0010407650384716852 0.9999940850343618 0.003286685151490387 0.0004602366402617681 -0.0032873112082374145 0.9999940108969471 -0.0707237876661111 -0.13300486977946946 -0.5717267655652662
FixedParameters: 0 0 0
#Transform 65
Transform: MatrixOffsetTransformBase_double_3_3
Parameters: 0.9999994921991022 -0.001148097077166298 -0.000434453073547809 0.0011500707971209526 0.9999942792152927 0.003065502183724006 0.0004313485080982792 -0.0030664970713083772 0.9999954122230584 -0.07072647007586852 -0.1479240672106954 -0.5560454302264581
FixedParameters: 0 0 0
#Transform 66
Transform: MatrixOffsetTransformBase_double_3_3
Parameters: 0.9999997211686906 -0.000974148369614074 -0.0005738756464677869 0.0009764760579878709 0.9999938466200935 0.0034886102317366052 0.0005708413238678749 -0.003489391246248863 0.9999935282196747 -0.073068511746186 -0.15251310994982248 -0.5738719845427376
FixedParameters: 0 0 0
#Transform 67
Transform: MatrixOffsetTransformBase_double_3_3
Parameters: 0.9999991378099161 -0.0009395734738150499 -0.0009891060612768152 0.0009436805741948295 0.999993238908155 0.0034210386284481975 0.000986263704620125 -0.003421956645651314 0.9999934855142482 -0.05987973047757578 -0.14374857312522238 -0.5919145725688004
FixedParameters: 0 0 0
#Transform 68
Transform: MatrixOffsetTransformBase_double_3_3
Parameters: 0.9999974811392047 -0.0010564720178557383 -0.0020982434121144464 0.0010649235376184746 0.999991399753214 0.004138719423811582 0.002094011563147773 -0.004141282055316803 0.9999888019861556 -0.033829494638581536 -0.18623469464488096 -0.5929839199821565
FixedParameters: 0 0 0
#Transform 69
Transform: MatrixOffsetTransformBase_double_3_3
Parameters: 0.9999992731965355 -0.0011440302197639912 0.000646751421957292 0.0011412428707485917 0.9999916481294452 0.0039007701344352386 -0.000651212904216075 -0.0039002290906388903 0.9999921971407547 -0.11760074647497731 -0.17022376395021865 -0.5709023787584115
FixedParameters: 0 0 0
#Transform 70
Transform: MatrixOffsetTransformBase_double_3_3
Parameters: 0.9999995140033148 -0.001156609930356117 -0.0003856579238206091 0.001157593234011068 0.9999937019725192 0.0034537249829743877 0.0003814360642318345 -0.0034542771452333587 0.9999939517114693 -0.0764130320298193 -0.12177588996955535 -0.600243189960846
FixedParameters: 0 0 0
#Transform 71
Transform: MatrixOffsetTransformBase_double_3_3
Parameters: 0.9999998511349848 -0.0009946984484864932 -0.0003992199628354851 0.0009959626175800396 0.9999918148340801 0.0038976055283627686 0.000396217174049458 -0.003898397260018366 0.9999926473578822 -0.07696512670374034 -0.18291285852563988 -0.5724256343464198
FixedParameters: 0 0 0
#Transform 72
Transform: MatrixOffsetTransformBase_double_3_3
Parameters: 0.9999990237318385 -0.0009714501893492165 -0.00018030062925776202 0.000971972278364134 0.9999937661284724 0.003359827136522303 0.0001777123445128035 -0.0033601750286018917 0.9999946783267579 -0.08748915136807511 -0.15920378306607574 -0.5948196979048319
FixedParameters: 0 0 0
#Transform 73
Transform: MatrixOffsetTransformBase_double_3_3
Parameters: 0.9999999593009083 -0.0006120546992531893 -0.000816224948058557 0.000615463653558942 0.9999908232485141 0.004218498483149952 0.000813491620857188 -0.004219498748676442 0.9999905359743466 -0.0677099526912599 -0.20053649977653265 -0.5743951668286762
FixedParameters: 0 0 0
#Transform 74
Transform: MatrixOffsetTransformBase_double_3_3
Parameters: 0.9999988260749458 -0.001254108030665207 -0.0007753303566246845 0.001257556798720068 0.9999907546810686 0.004058165873155356 0.0007697233400231845 -0.004058828710976986 0.9999911284180011 -0.07156689242796688 -0.1516871283658361 -0.6376219804352203
FixedParameters: 0 0 0
#Transform 75
Transform: MatrixOffsetTransformBase_double_3_3
Parameters: 0.9999975427529396 -0.0006231008814130564 -0.0022510991396660586 0.0006322196876456413 0.9999908058273642 0.0041851937811090145 0.002249239501538881 -0.004186805272821087 0.9999886915362024 -0.01801519040320443 -0.21963511343982134 -0.5434238003825662
FixedParameters: 0 0 0
#Transform 76
Transform: MatrixOffsetTransformBase_double_3_3
Parameters: 0.9999990382754814 -0.0008679768420489643 -0.0004564780865888697 0.0008694829399229845 0.9999943328973282 0.0032987712072017616 0.00045353220624802884 -0.0032992263174582426 0.9999939385199216 -0.07153249649621785 -0.09945521998515972 -0.6038898429387238
FixedParameters: 0 0 0
#Transform 77
Transform: MatrixOffsetTransformBase_double_3_3
Parameters: 0.9999994992371786 -0.0010870754377658158 -0.00056525995175448 0.0010890535627969965 0.9999904418796942 0.004263526659293387 0.0005605686052402388 -0.004263474135974166 0.9999907023109189 -0.06964546784764991 -0.22311292806628558 -0.5676423750326123
FixedParameters: 0 0 0
#Transform 78
Transform: MatrixOffsetTransformBase_double_3_3
Parameters: 0.9999997195375689 -0.0008694039777212264 -0.0007240892433556059 0.0008719720137533734 0.9999932025192416 0.003610372079969587 0.0007214023301987263 -0.0036116306622054617 0.9999934382731909 -0.06352769734543529 -0.1356178042882732 -0.6266073683599664
FixedParameters: 0 0 0
#Transform 79
Transform: MatrixOffsetTransformBase_double_3_3
Parameters: 0.9999995671974287 -0.0010047026805762285 -0.00065141127727645 0.0010066637890402041 0.99998924823939 0.004442345397342867 0.0006468911429792476 -0.0044436510910348115 0.9999898382669384 -0.06433040748852648 -0.2303121837280031 -0.569794645040286
FixedParameters: 0 0 0
#Transform 80
Transform: MatrixOffsetTransformBase_double_3_3
Parameters: 0.9999990354053806 -0.0008746989128414619 -0.00044672828104617247 0.0008763589473306857 0.9999936303087368 0.00354577773810108 0.0004433050235556376 -0.00354622154606149 0.9999932567820496 -0.06923658013525369 -0.12246331031579416 -0.6185998273291489
FixedParameters: 0 0 0
#Transform 81
Transform: MatrixOffsetTransformBase_double_3_3
Parameters: 0.9999990234991757 -0.0005012717135662784 -0.0008514055709754186 0.0005048720205400555 0.9999913192285435 0.0041545442487348205 0.0008496711274285603 -0.004154457965584113 0.9999911843634836 -0.05569965653496922 -0.22352421002304368 -0.5327413363625659
FixedParameters: 0 0 0
#Transform 82
Transform: MatrixOffsetTransformBase_double_3_3
Parameters: 0.9999972293329198 -0.0005112274508726226 -0.0023468431559870604 0.0005211835338609545 0.9999918771302718 0.00394639302069974 0.002345348172318468 -0.003947601961901026 0.9999891944382474 -0.0017247814876952816 -0.17037622509636208 -0.523769230928032
FixedParameters: 0 0 0
#Transform 83
Transform: MatrixOffsetTransformBase_double_3_3
Parameters: 0.9999995890663874 -0.0007136089346357117 -0.0009496887891818453 0.0007163594935878912 0.9999922161114889 0.003886294185546202 0.0009473919942812298 -0.003886708520524612 0.9999921630551212 -0.05525265669076873 -0.13947623796562425 -0.5950105889281652
FixedParameters: 0 0 0
#Transform 84
Transform: MatrixOffsetTransformBase_double_3_3
Parameters: 0.9999998074009868 -0.000859776193489774 -0.0006732381249613873 0.0008628032384539818 0.9999903736488334 0.004228419612537643 0.0006695545179968485 -0.004229576159174769 0.9999906647175728 -0.06438340485361493 -0.19024792610377972 -0.5766017134360197
FixedParameters: 0 0 0
#Transform 85
Transform: MatrixOffsetTransformBase_double_3_3
Parameters: 0.9999990704640186 -0.0008589073563301357 -0.00043804603712856746 0.0008606872749204004 0.9999921606662335 0.0037546225999607608 0.0004343749476841767 -0.003755372715667893 0.9999927096594672 -0.07351477722501443 -0.1504777750209172 -0.6172419312016366
FixedParameters: 0 0 0
#Transform 86
Transform: MatrixOffsetTransformBase_double_3_3
Parameters: 0.9999988126381036 -0.00027767280487232376 -0.0017634646977247343 0.0002843513931070743 0.9999905397843809 0.004274141518163438 0.00176265686530975 -0.004274861257467899 0.9999897299454339 -0.024969504406485044 -0.18280200827030058 -0.581131952415447
FixedParameters: 0 0 0
#Transform 87
Transform: MatrixOffsetTransformBase_double_3_3
Parameters: 0.9999997215296457 -0.0009397136544406967 -0.0006286410960032354 0.0009423708643828388 0.9999898453262184 0.0043703825396047 0.0006250020319418588 -0.004370620225216226 0.9999906734563367 -0.07439391173181775 -0.1894429561290707 -0.61154742588052
FixedParameters: 0 0 0
#Transform 88
Transform: MatrixOffsetTransformBase_double_3_3
Parameters: 0.9999999370857086 -0.0005539164878153753 -0.0008698205484187209 0.0005565727132636567 0.9999917835064613 0.004091492060799007 0.0008675523500072372 -0.004091514679254921 0.9999916726583098 -0.06160194005234132 -0.19016560575742858 -0.5795779261395531
FixedParameters: 0 0 0
#Transform 89
Transform: MatrixOffsetTransformBase_double_3_3
Parameters: 0.9999999614307248 -0.0008868168309629338 -0.0005026705903123662 0.0008887419604112076 0.9999892704263463 0.004572721377773203 0.0004981521300432147 -0.004573274448304354 0.9999888661360358 -0.08484712901567093 -0.18967914330968938 -0.5968048206080638
FixedParameters: 0 0 0
#Transform 90
Transform: MatrixOffsetTransformBase_double_3_3
Parameters: 0.9999995021452561 -0.0006093069801066648 -0.00035570286936360883 0.0006108150849147931 0.999990675565159 0.004236782929850719 0.0003533192053373765 -0.004237215485961454 0.999990922083188 -0.07057831849472507 -0.1814747435504529 -0.6134479987740313
FixedParameters: 0 0 0
#Transform 91
Transform: MatrixOffsetTransformBase_double_3_3
Parameters: 0.999997734238924 -0.00032389293634202935 -0.002039859207303724 0.00033253142185712026 0.9999900959080825 0.0044179392465326095 0.002038383449228594 -0.004418064577707298 0.999988600634153 -0.03064530106315999 -0.22092858593508424 -0.6003210096465672
FixedParameters: 0 0 0
#Transform 92
Transform: MatrixOffsetTransformBase_double_3_3
Parameters: 0.9999995531688386 -0.0009871879472806366 -0.0006869792360133265 0.0009905512971929607 0.9999895987852695 0.004515489968523606 0.0006826343440469175 -0.004516508901783928 0.9999891656541776 -0.06673840664548436 -0.18825411122813307 -0.6425335733962072
FixedParameters: 0 0 0
#Transform 93
Transform: MatrixOffsetTransformBase_double_3_3
Parameters: 0.9999995481105274 -0.001113456360797468 -0.0004616749627940215 0.0011148604081815303 0.9999885524856934 0.004604488948331431 0.00045600012320805956 -0.0046055113961668 0.9999895833331937 -0.08437479533803582 -0.2072289054063674 -0.6190022705539064
FixedParameters: 0 0 0
#Transform 94
Transform: MatrixOffsetTransformBase_double_3_3
Parameters: 0.9999979183060327 -0.0011414892952529244 -0.0019438623290018997 0.0011500756578763482 0.9999903095730257 0.004249551187604839 0.0019388418118796323 -0.00425245129227339 0.9999894665114333 -0.03527082913038271 -0.2184983007277168 -0.6023945942644637
FixedParameters: 0 0 0
#Transform 95
Transform: MatrixOffsetTransformBase_double_3_3
Parameters: 0.9999993230048432 -0.0011558576420043726 -0.0005830760505314794 0.0011593135310254176 0.999988493849171 0.004704495813102422 0.0005779253512817538 -0.0047055043377280115 0.9999885548415014 -0.07723923041703529 -0.2228811074454029 -0.6440058721661899
FixedParameters: 0 0 0
#Transform 96
Transform: MatrixOffsetTransformBase_double_3_3
Parameters: 0.9999994307168337 -0.0009334549507784295 -0.0008357556531541586 0.0009371473113340003 0.9999896193659104 0.004397190709293425 0.0008309606368667295 -0.004397807550220956 0.9999901351439875 -0.0760729270202063 -0.21238040186948126 -0.618667177655805
FixedParameters: 0 0 0
#Transform 97
Transform: MatrixOffsetTransformBase_double_3_3
Parameters: 0.9999999067223468 -0.0009486276109877318 -0.00044051277366974806 0.0009498150957370629 0.999989166701709 0.0045717497582407896 0.00043641967554751925 -0.004572246720107864 0.9999889334389102 -0.08430833940933269 -0.19720960742650107 -0.6662463659691653
FixedParameters: 0 0 0
#Transform 98
Transform: MatrixOffsetTransformBase_double_3_3
Parameters: 0.999999113414203 -0.0007826843542243929 -0.0005228119708044034 0.0007858142438414218 0.9999892064103559 0.004601592942976823 0.0005193651234695928 -0.004602410283744224 0.9999895499473177 -0.07707087932384127 -0.2342492609671183 -0.6156707883087016
FixedParameters: 0 0 0
#Transform 99
Transform: MatrixOffsetTransformBase_double_3_3
Parameters: 0.9999992286244752 -0.0009722975250370173 -0.0009086903100824101 0.0009765217107459252 0.9999892622193308 0.004429085349246187 0.0009044743851815077 -0.004429910074509408 0.9999897252752505 -0.06518876993901301 -0.2199094396725627 -0.6517556204782942
FixedParameters: 0 0 0
#Transform 100
Transform: MatrixOffsetTransformBase_double_3_3
Parameters: 0.9999991629087601 -0.0008196013760400356 -0.00040643092352304395 0.0008216208656263494 0.9999895494780019 0.0045548349367016405 0.0004027265407028021 -0.004555163500882975 0.9999891171640234 -0.08293893204059088 -0.21038993817465723 -0.6415797860715955
FixedParameters: 0 0 0
#Transform 101
Transform: MatrixOffsetTransformBase_double_3_3
Parameters: 0.9999989439554161 -0.0007722432396834364 -0.0006777205509115599 0.0007763474651650409 0.999987237551093 0.004999449901330721 0.0006735795303757284 -0.004999554166585152 0.9999877160579137 -0.07143789124472733 -0.2422145623864509 -0.6479729064645703
FixedParameters: 0 0 0
#Transform 102
Transform: MatrixOffsetTransformBase_double_3_3
Parameters: 1.0000000865974736 -0.0007498685933492105 -0.0005924241668570685 0.0007530383350355185 0.9999881111319783 0.0049287250775209845 0.0005886175086214679 -0.0049292771381046485 0.9999873850664398 -0.07705435294050744 -0.21711137743912445 -0.6476155383025457
FixedParameters: 0 0 0
#Transform 103
Transform: MatrixOffsetTransformBase_double_3_3
Parameters: 0.9999989082638873 -0.0008283289481212479 -0.0006368067108206308 0.0008318800657242449 0.9999872553898577 0.0048874418255281105 0.0006322935972833702 -0.004887553271502337 0.9999878772871368 -0.07115512041214345 -0.23577743542851692 -0.6544774275839771
FixedParameters: 0 0 0
#Transform 104
Transform: MatrixOffsetTransformBase_double_3_3
Parameters: 0.9999999879814494 -0.0007866233975366371 -0.0006269615069609314 0.0007895259727197545 0.9999894841790786 0.004441477235032937 0.0006235622213744279 -0.004441520696070789 0.9999900497624857 -0.06939982488584917 -0.19866884608573798 -0.6717237728585204
FixedParameters: 0 0 0
#Transform 105
Transform: MatrixOffsetTransformBase_double_3_3
Parameters: 0.9999988685436758 -0.0005438510037233566 -0.001354744283368513 0.0005492482467531807 0.9999899507896082 0.0044280653557610405 0.0013528238474365731 -0.004428938583912273 0.9999896942990967 -0.04357018578859595 -0.21140889492377823 -0.6073877318400882
FixedParameters: 0 0 0
#Transform 106
Transform: MatrixOffsetTransformBase_double_3_3
Parameters: 1.000000016952095 -0.0008583662183532401 -0.0004967439842065483 0.0008603801035184837 0.9999888098244559 0.004717714877083834 0.0004922369644576995 -0.004717287283520055 0.9999886972465681 -0.0604692627984349 -0.21015321073697635 -0.6753822043744506
FixedParameters: 0 0 0
#Transform 107
Transform: MatrixOffsetTransformBase_double_3_3
Parameters: 0.9999995645252789 -0.0010829963368492058 -0.0005131382735945143 0.0010848705939800049 0.9999886649478573 0.004599447170585802 0.0005077526480756346 -0.004600553761938769 0.9999895793342547 -0.0705648218904571 -0.22527141654533978 -0.6539952486739189
FixedParameters: 0 0 0
#Transform 108
Transform: MatrixOffsetTransformBase_double_3_3
Parameters: 0.9999997044547678 -0.0010732908545962913 -0.0003791723139774123 0.0010747808925685239 0.999989362935493 0.00441359474873812 0.0003744475095852333 -0.004414404174889419 0.999990374529696 -0.07412900358143304 -0.19009993588746 -0.6842713516931163
FixedParameters: 0 0 0
#Transform 109
Transform: MatrixOffsetTransformBase_double_3_3
Parameters: 0.9999989620308208 -0.0006714374700960328 -0.0007661365340903055 0.0006748780902104946 0.9999889652408266 0.004627456687974513 0.0007633374310644492 -0.004627544221184915 0.9999891690327571 -0.06359204504073546 -0.24498754513143695 -0.6243577794273953
FixedParameters: 0 0 0
#Transform 110
Transform: MatrixOffsetTransformBase_double_3_3
Parameters: 0.9999997104945173 -0.000756449085258239 -0.000847371606780663 0.0007598916374903878 0.9999886721114577 0.004769362033060887 0.0008433994091381239 -0.0047706439410261925 0.9999885322813054 -0.06646691364315416 -0.19985348538081382 -0.6992095897726252
FixedParameters: 0 0 0
#Transform 111
Transform: MatrixOffsetTransformBase_double_3_3
Parameters: 0.9999988158655542 -0.0007338301842966232 -0.0016264296643730535 0.0007415979813331932 0.9999883195478163 0.004774741622396356 0.0016231200332175832 -0.0047752547677823165 0.9999868947889536 -0.07186913197212164 -0.24952278743549527 -0.6358647710214527
FixedParameters: 0 0 0
#Transform 112
Transform: MatrixOffsetTransformBase_double_3_3
Parameters: 0.9999992551010706 -0.0011068370991317903 -0.000721703460153356 0.0011098670002056665 0.9999881133892892 0.00475636849024319 0.0007155749427307763 -0.004757626067760229 0.9999878833642738 -0.08424786954269337 -0.20361641667213348 -0.7081842632975821
FixedParameters: 0 0 0
#Transform 113
Transform: MatrixOffsetTransformBase_double_3_3
Parameters: 0.9999985368269715 -0.0012303763849628106 -0.0009744907303457712 0.0012348853122592094 0.9999866862949714 0.0049617744546466 0.0009684738041526095 -0.00496322737960625 0.9999875973770171 -0.07884570379604838 -0.2818881057282425 -0.6474003713126635
FixedParameters: 0 0 0
#Transform 114
Transform: MatrixOffsetTransformBase_double_3_3
