#Insight Transform File V1.0
#Transform 0
Transform: MatrixOffsetTransformBase_double_3_3
Parameters: 0.9999997390570461 -0.00029474350383352577 0.0004177690678194975 0.0002939687683487487 0.9999993891771017 0.0007241224309584016 -0.0004172098875065957 -0.0007238766511893091 0.999999301528609 -0.02641674823593121 0.01227052593223732 -0.3917008453395212
FixedParameters: 0 0 0
#Transform 1
Transform: MatrixOffsetTransformBase_double_3_3
Parameters: 0.9999992349236071 -0.00030661172554815274 -0.0008189952792940561 0.00030862817319391746 0.9999981533927523 0.0019367477135359967 0.0008186187581028213 -0.0019372514804125995 0.999997577585878 0.025202124006654003 -0.045132836084320616 -0.4470900487156406
FixedParameters: 0 0 0
#Transform 2
Transform: MatrixOffsetTransformBase_double_3_3
Parameters: 0.9999998405019066 -0.0004856959793855156 0.0009607136388502972 0.0004837716500893679 0.9999978590684157 0.0020253278268307917 -0.0009623368795787558 -0.002025673171184239 0.9999977761204121 -0.032310271982922245 -0.016310179702344385 -0.4769238624089063
FixedParameters: 0 0 0
#Transform 3
Transform: MatrixOffsetTransformBase_double_3_3
Parameters: 0.999999062855018 -0.0010033610685823023 0.001389405933220352 0.0010011370563053196 0.9999980969318175 0.0014482535403445018 -0.0013909816187992225 -0.0014467444078467562 0.9999977754082915 -0.07041963872083556 0.02018236671796103 -0.49068937982088556
FixedParameters: 0 0 0
#Transform 4
Transform: MatrixOffsetTransformBase_double_3_3
Parameters: 0.9999993792192121 -0.0007588363867911511 0.00021280795638285488 0.0007579841719438109 0.9999978744006309 0.001597160424771621 -0.00021424491129985767 -0.0015968365454472333 0.9999984040016977 -0.03009657015678613 -0.015219232900832935 -0.4232357250534946
FixedParameters: 0 0 0
#Transform 5
Transform: MatrixOffsetTransformBase_double_3_3
Parameters: 0.9999995257060756 -0.0006733759438842758 0.0010104395220024219 0.0006723313583264157 0.9999987629028393 0.0014075420282823603 -0.0010110077783701793 -0.0014074594019034825 0.9999988006855017 -0.04640137913507658 0.027269848486056958 -0.48748919005666025
FixedParameters: 0 0 0
#Transform 6
Transform: MatrixOffsetTransformBase_double_3_3
Parameters: 0.9999993454543351 -0.0012529365762114146 0.0002915738292265225 0.0012522165018049335 0.9999972323038704 0.002042534533272883 -0.00029356292202303597 -0.002041466155222882 0.9999977736091525 -0.05673488385899361 -0.022146167677732365 -0.44039913489546834
FixedParameters: 0 0 0
#Transform 7
Transform: MatrixOffsetTransformBase_double_3_3
Parameters: 0.9999989222496231 -0.0011774328990764604 0.000830897147897828 0.0011754368500422887 0.9999951191103433 0.0027690065654207563 -0.0008349296385655728 -0.0027679888851398493 0.9999954739302858 -0.06720215413488972 -0.08197331986862366 -0.5020629773660268
FixedParameters: 0 0 0
#Transform 8
Transform: MatrixOffsetTransformBase_double_3_3
Parameters: 0.9999975687485463 -0.0014280834433577493 0.0015473636810794569 0.0014228186446129773 0.9999947589798476 0.0027530957617110663 -0.0015505869122654896 -0.0027508993399996406 0.9999946627289884 -0.08888058495971052 -0.07008835067766483 -0.5195275353498765
FixedParameters: 0 0 0
#Transform 9
Transform: MatrixOffsetTransformBase_double_3_3
Parameters: 0.9999980311120943 -0.0014647774126454276 0.0013498146223716195 0.0014612373626909463 0.9999945686232377 0.0029428695129010696 -0.0013546157149133846 -0.0029411324718350562 0.9999951517005684 -0.08518953011922292 -0.060182837336455464 -0.5191448745080862
FixedParameters: 0 0 0
#Transform 10
Transform: MatrixOffsetTransformBase_double_3_3
Parameters: 0.9999965679481982 -0.0017251071557757651 0.001858903967363453 0.0017198401074778075 0.999994661237423 0.002602927926848936 -0.0018640570366823175 -0.0025990702199175653 0.9999953762695846 -0.10247809491580995 0.007175458688053027 -0.5124096288280668
FixedParameters: 0 0 0
#Transform 11
Transform: MatrixOffsetTransformBase_double_3_3
Parameters: 0.9999965297953449 -0.0019280540043176892 0.0019366930584408895 0.001923396058508328 0.9999939640701164 0.0028056530253865175 -0.0019423575390608674 -0.002801344640164849 0.9999938464473048 -0.10620810484920185 -0.04712428834815796 -0.5129617388132672
FixedParameters: 0 0 0
#Transform 12
Transform: MatrixOffsetTransformBase_double_3_3
Parameters: 0.9999974308413762 -0.0017840205943477406 0.0015447560925613592 0.0017797087158418874 0.9999946801073859 0.0027668426354683084 -0.0015498189328958733 -0.002764154680350045 0.9999944547106102 -0.10793569729287356 -0.08861062659242691 -0.52482692727801
FixedParameters: 0 0 0
#Transform 13
Transform: MatrixOffsetTransformBase_double_3_3
Parameters: 0.9999977815014729 -0.001663572083717625 0.001566158488783667 0.0016587318471073483 0.999994933077038 0.0025844940681407635 -0.001570117550817464 -0.0025815037920189077 0.999995504612346 -0.09395652878390592 -0.06567694602597385 -0.5245715463663423
FixedParameters: 0 0 0
#Transform 14
Transform: MatrixOffsetTransformBase_double_3_3
Parameters: 0.9999985327185961 -0.0015407685606089424 0.0010455336037023004 0.001537026262417788 0.9999937826188224 0.003340838839125365 -0.001051191002097793 -0.0033391608517542026 0.9999934388196576 -0.07019211145095028 -0.11224941271724731 -0.48546072407605934
FixedParameters: 0 0 0
#Transform 15
Transform: MatrixOffsetTransformBase_double_3_3
Parameters: 0.9999996107661732 -0.0008869238087554355 0.0007760239433172776 0.0008846291817184402 0.9999944422494427 0.0031575509885339303 -0.000779136193686522 -0.0031574509759448033 0.9999952288417826 -0.037800777116444806 0.0006576180468726989 -0.5659591949716436
FixedParameters: 0 0 0
#Transform 16
Transform: MatrixOffsetTransformBase_double_3_3
Parameters: 0.9999985636372001 -0.0014138418282797088 0.0006611725604062922 0.0014121507692712659 0.9999942280388012 0.00299096580547506 -0.0006651714532471794 -0.002990033743867332 0.9999954493684264 -0.059127336257574825 -0.11877228299108822 -0.48378546822130986
FixedParameters: 0 0 0
#Transform 17
Transform: MatrixOffsetTransformBase_double_3_3
Parameters: 0.9999969731320838 -0.001522835270510495 0.0019257357420117156 0.0015168253324424016 0.9999947718585507 0.0027056507681529063 -0.0019301477396745782 -0.0027023454781940903 0.9999945780031728 -0.08466024863398047 -0.07097397133296113 -0.5486828855058086
FixedParameters: 0 0 0
#Transform 18
Transform: MatrixOffsetTransformBase_double_3_3
Parameters: 0.999996602780135 -0.0014885548736481597 0.0020451501836748296 0.001484442088941894 0.9999968406345292 0.0020857660229021413 -0.002047538655021528 -0.0020822372525692856 0.999996076003666 -0.08931802411517253 -0.06024250396797015 -0.5658900411978642
FixedParameters: 0 0 0
#Transform 19
Transform: MatrixOffsetTransformBase_double_3_3
Parameters: 0.9999964340029124 -0.0015792287950612558 0.0020180662717119765 0.0015734803035742956 0.9999943056930231 0.0029629364170456196 -0.0020222699548965825 -0.0029600644717816815 0.9999935872754756 -0.08851685385339181 -0.07834301929482024 -0.5388426251620508
FixedParameters: 0 0 0
#Transform 20
Transform: MatrixOffsetTransformBase_double_3_3
Parameters: 0.9999974013613231 -0.001613043763050072 0.0014130346032350562 0.0016088184109325973 0.9999939819490591 0.002993198623621518 -0.0014178833763208141 -0.0029917998233406073 0.999994509244082 -0.07774744536918377 -0.07200228798791386 -0.5720656673168278
FixedParameters: 0 0 0
#Transform 21
Transform: MatrixOffsetTransformBase_double_3_3
Parameters: 0.9999973290687041 -0.0014428461778616083 0.0016092178045495405 0.0014377263471224 0.999993972995883 0.003213212449881403 -0.0016135073488743944 -0.003210790357741772 0.999993722098441 -0.08264922125385965 -0.09639304767635792 -0.5404055883662338
FixedParameters: 0 0 0
#Transform 22
Transform: MatrixOffsetTransformBase_double_3_3
Parameters: 0.9999990353527859 -0.0011341795300874255 0.0008236356001683023 0.00113098094529311 0.999993205637001 0.0034179615810695507 -0.000827909958640317 -0.0034170331282631916 0.9999934710419083 -0.03607598666572187 -0.09934931926405 -0.5871376808044424
FixedParameters: 0 0 0
#Transform 23
Transform: MatrixOffsetTransformBase_double_3_3
Parameters: 0.9999976431541435 -0.001577087813400974 0.0016934793406507569 0.0015722918949581865 0.9999938486950538 0.0030075587656929192 -0.0016989689280260093 -0.0030044362621203524 0.999993722337265 -0.08333345658499525 -0.08236688214172716 -0.5436226541942268
FixedParameters: 0 0 0
#Transform 24
Transform: MatrixOffsetTransformBase_double_3_3
Parameters: 0.9999991751845252 -0.0009625401074102044 0.000947719872067058 0.0009596549121697555 0.9999948774543401 0.0028977724788374626 -0.0009508080013790435 -0.002897225317284202 0.9999955066814656 -0.0297015517033401 -0.06326951244284373 -0.6331778323493182
FixedParameters: 0 0 0
#Transform 25
Transform: MatrixOffsetTransformBase_double_3_3
Parameters: 0.9999978235337666 -0.0015848410490348478 0.0012895245283007003 0.0015813178706954485 0.9999933574729102 0.003388105652816026 -0.001295285463150519 -0.0033858977997182627 0.9999935224215399 -0.07434468264580119 -0.12202052810519604 -0.5304402103488499
FixedParameters: 0 0 0
#Transform 26
Transform: MatrixOffsetTransformBase_double_3_3
Parameters: 0.9999993958385822 -0.000815228642891045 0.0009694555168683472 0.000811955294455588 0.999995303638548 0.003033818543565159 -0.0009719101457451481 -0.003033181122560319 0.999994687906912 -0.02722070005891908 -0.024277326795470344 -0.5832624227802796
FixedParameters: 0 0 0
#Transform 27
Transform: MatrixOffsetTransformBase_double_3_3
Parameters: 0.9999978491544154 -0.0013905457442751144 0.0017938282879304385 0.0013843609644638509 0.9999936872952813 0.0034534131257580314 -0.0017982755879525588 -0.003451590864377796 0.9999923222315454 -0.07896015329041006 -0.15081344122600626 -0.5210929341759751
FixedParameters: 0 0 0
#Transform 28
Transform: MatrixOffsetTransformBase_double_3_3
Parameters: 0.9999969818208019 -0.0013185775759306496 0.002068747331412043 0.0013117671291562115 0.9999937065784441 0.0031873065205793027 -0.0020729812641053203 -0.003185691946263558 0.9999929676014137 -0.07741100559421454 -0.07912240355437916 -0.561916859350923
FixedParameters: 0 0 0
#Transform 29
Transform: MatrixOffsetTransformBase_double_3_3
Parameters: 0.9999979644629137 -0.0015702256322080066 0.0016026290574002516 0.0015651006454597714 0.9999924317561557 0.0035334074098176405 -0.0016085699794663388 -0.0035305928841954104 0.9999925825483306 -0.08102000051293601 -0.08332739433592451 -0.5822786924819745
FixedParameters: 0 0 0
#Transform 30
Transform: MatrixOffsetTransformBase_double_3_3
Parameters: 0.9999987908193269 -0.0015298929979383575 0.0009316341793655902 0.001526830041819024 0.9999933547361528 0.0033846243932259823 -0.0009373541674754606 -0.003382374503861918 0.9999935398588384 -0.06502720406663798 -0.07479928202459973 -0.6234917512024865
FixedParameters: 0 0 0
#Transform 31
Transform: MatrixOffsetTransformBase_double_3_3
Parameters: 0.9999972819875868 -0.001588340270083984 0.0017878927424830064 0.0015805734490312517 0.9999911779254491 0.0038575894175081338 -0.0017939952106410808 -0.0038554111245657774 0.9999913587228013 -0.0905458136778492 -0.0893109405559045 -0.6026846032520723
FixedParameters: 0 0 0
#Transform 32
Transform: MatrixOffsetTransformBase_double_3_3
Parameters: 0.9999968890541635 -0.0016850639447900041 0.0018086079339722809 0.0016787459616725538 0.9999921277092547 0.003685967999342704 -0.0018147132348865912 -0.00368303552043181 0.9999916101179256 -0.08815691246799418 -0.11348723733085819 -0.6128577107412241
FixedParameters: 0 0 0
#Transform 33
Transform: MatrixOffsetTransformBase_double_3_3
Parameters: 0.9999981697154899 -0.00149371502768729 0.0012644529165941037 0.00148834940803135 0.999991740514535 0.0037919460616389344 -0.0012709652949085002 -0.003790049771577153 0.9999916857240536 -0.07172376879638875 -0.08374540470853731 -0.6382388642187671
FixedParameters: 0 0 0
#Transform 34
Transform: MatrixOffsetTransformBase_double_3_3
Parameters: 0.9999987252211245 -0.001365190723294431 0.0011878337316916319 0.0013608126210156502 0.999992216343954 0.0036234844633757646 -0.0011929160404302447 -0.003621516999896879 0.9999932637520809 -0.07402954614016721 -0.10016168400306924 -0.6078963780734554
FixedParameters: 0 0 0
#Transform 35
Transform: MatrixOffsetTransformBase_double_3_3
Parameters: 0.9999973849935089 -0.001824033817849688 0.0015125134533198982 0.0018190575413559735 0.9999932190486021 0.0033128483097085992 -0.0015186292990369975 -0.0033101531017677432 0.9999932337849313 -0.09255549734403701 -0.0934888539738239 -0.6281096907932557
FixedParameters: 0 0 0
#Transform 36
Transform: MatrixOffsetTransformBase_double_3_3
Parameters: 0.9999961470208713 -0.0017606165599910874 0.002180127703297833 0.0017511040122622696 0.9999888928480561 0.004427588633598822 -0.0021878841783405842 -0.004423416047173528 0.9999880837830806 -0.1085872522618132 -0.14068729799241453 -0.6255924689797752
FixedParameters: 0 0 0
#Transform 37
Transform: MatrixOffsetTransformBase_double_3_3
Parameters: 0.9999972389631337 -0.0019094879988885204 0.0017643944674710613 0.0019031196942576826 0.9999897416577146 0.00402128847279104 -0.0017722749932547852 -0.00401770810238683 0.9999901843733523 -0.10276888164513309 -0.12489440639416216 -0.6238068613191885
FixedParameters: 0 0 0
#Transform 38
Transform: MatrixOffsetTransformBase_double_3_3
Parameters: 0.9999961078621358 -0.0019703708456897625 0.0017350937236437212 0.001963870676621497 0.9999919634841898 0.0035615062717755386 -0.0017419938094069397 -0.003557492559620068 0.9999918041778316 -0.09717757196683863 -0.09809103994682289 -0.6236873419218227
FixedParameters: 0 0 0
#Transform 39
Transform: MatrixOffsetTransformBase_double_3_3
Parameters: 0.9999970830344191 -0.001583738675626365 0.0018464150685275145 0.001576000060326494 0.9999909242754523 0.003994812370748613 -0.0018527432583523515 -0.003991187722476697 0.9999902704865842 -0.08663604986233508 -0.1479440063858135 -0.5711952955063389
FixedParameters: 0 0 0
#Transform 40
Transform: MatrixOffsetTransformBase_double_3_3
Parameters: 0.9999963426786874 -0.0016436904902588205 0.0019885526905820696 0.001636258153366809 0.999992347938447 0.0036751858536263615 -0.001995298336889769 -0.0036718140326685023 0.9999910054003462 -0.09492937466050932 -0.10688832897255907 -0.5909345278235953
FixedParameters: 0 0 0
#Transform 41
Transform: MatrixOffsetTransformBase_double_3_3
Parameters: 0.9999977773860598 -0.0016741034611809263 0.0011916718927316953 0.001668627670494369 0.9999905818617314 0.0039960545476621645 -0.0011992480869355863 -0.0039939425424106445 0.9999912753248914 -0.08586523659280942 -0.10733715952149225 -0.6201461257917664
FixedParameters: 0 0 0
#Transform 42
Transform: MatrixOffsetTransformBase_double_3_3
Parameters: 0.99999608041701 -0.0018320499395143557 0.0018875633819928773 0.00182418130294185 0.9999899301309648 0.004156377987821813 -0.0018953089568691153 -0.004152624045195702 0.999989630328318 -0.10566622006757598 -0.13859853379371145 -0.6306524529894268
FixedParameters: 0 0 0
#Transform 43
Transform: MatrixOffsetTransformBase_double_3_3
Parameters: 0.9999963386891654 -0.0017646328920135099 0.0021320608885972816 0.001755891574864701 0.9999902108826042 0.00415551485404958 -0.002140054350539567 -0.004151491847770972 0.9999896244397672 -0.11713470580117757 -0.15534431756064748 -0.6052215583826346
FixedParameters: 0 0 0
#Transform 44
Transform: MatrixOffsetTransformBase_double_3_3
Parameters: 0.9999957341512788 -0.0017786717379097432 0.002470341820788366 0.001769181587285415 0.9999916382468785 0.0037400019864518574 -0.002476974633481452 -0.0037360003559675226 0.9999901504453086 -0.1181416428455293 -0.11606256661031011 -0.6145042604474931
FixedParameters: 0 0 0
#Transform 45
Transform: MatrixOffsetTransformBase_double_3_3
Parameters: 0.9999951809837114 -0.001791548624298962 0.0023683291033033973 0.001782061953564858 0.9999911778142685 0.0038999907247084242 -0.00237562820536937 -0.003895011220300726 0.9999896219672463 -0.12041314564871186 -0.13546355511107322 -0.5749073003745409
FixedParameters: 0 0 0
#Transform 46
Transform: MatrixOffsetTransformBase_double_3_3
Parameters: 0.9999962855042511 -0.002237439428039867 0.0016459167925472534 0.0022297465790439984 0.9999881487853792 0.004306800790658899 -0.0016559032081589914 -0.004303194053172532 0.9999890704479246 -0.11479197139877328 -0.10867851044676513 -0.6549565897678065
FixedParameters: 0 0 0
#Transform 47
Transform: MatrixOffsetTransformBase_double_3_3
Parameters: 0.999994205859808 -0.0021080513892065126 0.002711452517791274 0.002095827906316193 0.9999879001099945 0.00454235344773804 -0.0027202699776495217 -0.004536652861211576 0.9999860912669892 -0.15525785515059454 -0.1941639650143827 -0.6054928883583379
FixedParameters: 0 0 0
#Transform 48
Transform: MatrixOffsetTransformBase_double_3_3
Parameters: 0.9999972953361753 -0.0019033590699545498 0.0014426087174696295 0.001896749460171119 0.9999877741742491 0.004596836421225076 -0.001451812700426513 -0.00459416300667137 0.9999882836408287 -0.11010781650320212 -0.14628704908597 -0.6758451548523894
FixedParameters: 0 0 0
#Transform 49
Transform: MatrixOffsetTransformBase_double_3_3
Parameters: 0.9999968049100472 -0.0021619813432967668 0.0012328291106614728 0.002156485785095266 0.9999859492325508 0.004785760364365316 -0.0012432606206967426 -0.004783240052031845 0.9999880724622419 -0.11002213651059378 -0.19808820748991707 -0.6084558561034541
FixedParameters: 0 0 0
#Transform 50
Transform: MatrixOffsetTransformBase_double_3_3
Parameters: 0.9999970405179579 -0.0021096374083885323 0.0012287050749696781 0.002103729719866404 0.9999860209655833 0.004901854130293787 -0.001238137065562419 -0.004899147968024403 0.9999869893817966 -0.10673763458827068 -0.1354472459744045 -0.6615621859494816
FixedParameters: 0 0 0
#Transform 51
Transform: MatrixOffsetTransformBase_double_3_3
Parameters: 0.9999970830328307 -0.0019979592653315624 0.001387439579780498 0.0019904027466872143 0.9999849883266319 0.005054860919016163 -0.0013983499879675985 -0.005052131681054756 0.9999860186175675 -0.11057864199088385 -0.16098547978056388 -0.6589927702393474
FixedParameters: 0 0 0
#Transform 52
Transform: MatrixOffsetTransformBase_double_3_3
Parameters: 0.9999970187615477 -0.0016160491864107265 0.0018355892993230005 0.001607194798269587 0.999986851542092 0.00480871549443751 -0.001843470613265204 -0.0048062832819358026 0.9999869427768954 -0.09142558242963617 -0.24244150932175046 -0.6093777160628626
FixedParameters: 0 0 0
#Transform 53
Transform: MatrixOffsetTransformBase_double_3_3
Parameters: 0.9999983426463802 -0.0014900187087779205 0.0006608988137386973 0.0014867498782892234 0.9999851766710539 0.005268185886370763 -0.0006688301582511771 -0.005266813338222293 0.9999856724451471 -0.0802959827205143 -0.1899317677275434 -0.6840995180637712
FixedParameters: 0 0 0
#Transform 54
Transform: MatrixOffsetTransformBase_double_3_3
Parameters: 0.9999982358364314 -0.001543960426556769 0.0006171004648166229 0.0015404682471775498 0.9999865044646523 0.005026156082834243 -0.0006250226788298367 -0.005024847061190496 0.9999872197016655 -0.08037129723241776 -0.1643749256842426 -0.731397780902995
FixedParameters: 0 0 0
#Transform 55
Transform: MatrixOffsetTransformBase_double_3_3
Parameters: 0.9999995288879425 -0.0006791493395650986 0.00010040218426922491 0.0006783694943458203 0.9999852579566368 0.0053180666091334206 -0.0001035096722123308 -0.005317928210000322 0.9999857083043853 -0.03160311878393429 -0.2461046576598278 -0.6727418327288888
FixedParameters: 0 0 0
#Transform 56
Transform: MatrixOffsetTransformBase_double_3_3
Parameters: 0.9999987399522775 -0.0014320455097693015 0.0004562316333347839 0.0014303513956570224 0.9999869449989897 0.005014858564455049 -0.00046399194176200353 -0.005014148149402181 0.9999875041548725 -0.07425568777901503 -0.16712930387284075 -0.7611277981524402
FixedParameters: 0 0 0
#Transform 57
Transform: MatrixOffsetTransformBase_double_3_3
Parameters: 0.9999985358336477 -0.0014527090991961723 0.000594567794673622 0.001449459327390259 0.9999855135974036 0.0051528982483222685 -0.0006029280528715283 -0.00515210263264812 0.9999869253342025 -0.08442580426998347 -0.24049242750170663 -0.6883003882156764
FixedParameters: 0 0 0
#Transform 58
Transform: MatrixOffsetTransformBase_double_3_3
Parameters: 0.9999984212401052 -0.001565907558895025 0.0010613362095779682 0.0015604208774237162 0.999987174869273 0.004870725187860497 -0.0010696278326145269 -0.004869278240789338 0.9999878122305474 -0.09906705476363697 -0.13837140226266342 -0.7467258414808633
FixedParameters: 0 0 0
#Transform 59
Transform: MatrixOffsetTransformBase_double_3_3
Parameters: 0.999998635574534 -0.0014482063292015235 0.0005168072208241457 0.0014453193199966763 0.9999837900220373 0.005411779790337273 -0.0005248869673552237 -0.00541121475972256 0.999985276454335 -0.08204864835313685 -0.23990342484350435 -0.7028150094168417
FixedParameters: 0 0 0
#Transform 60
Transform: MatrixOffsetTransformBase_double_3_3
Parameters: 0.999997276629274 -0.0017271683996931632 0.001319566256915748 0.001719834600045435 0.9999851534023846 0.005233370060410664 -0.0013283579001914906 -0.0052316325033557876 0.9999853646616308 -0.1109677076141935 -0.16506849090825426 -0.7422531448712846
FixedParameters: 0 0 0
#Transform 61
Transform: MatrixOffsetTransformBase_double_3_3
Parameters: 0.999997150095969 -0.0019128636618083513 0.0010914885876275229 0.0019062956268797852 0.9999809208649131 0.005812151611169547 -0.001102466183308896 -0.005809846161021676 0.9999826931499874 -0.12015518189942043 -0.28187871431440215 -0.7276006209163164
FixedParameters: 0 0 0
#Transform 62
Transform: MatrixOffsetTransformBase_double_3_3
Parameters: 0.9999981221753851 -0.0013966278792581534 0.0009628664216409766 0.001392003739471921 0.9999846489837493 0.005346376901647215 -0.000969683841787255 -0.0053446243635251744 0.9999853239949063 -0.09644355891894918 -0.1853226601836866 -0.7538802705333012
FixedParameters: 0 0 0
#Transform 63
Transform: MatrixOffsetTransformBase_double_3_3
Parameters: 0.9999987331236312 -0.0015983431174179399 0.0008440794470352881 0.0015931651679598235 0.9999819443428527 0.005731409317478675 -0.0008534656205350826 -0.005730584552218754 0.9999830995010259 -0.094822458517271 -0.26336736427455776 -0.7239369866507417
FixedParameters: 0 0 0
#Transform 64
Transform: MatrixOffsetTransformBase_double_3_3
Parameters: 0.999997335528628 -0.0020896393024856263 0.0005458460709118281 0.002086259568800652 0.999980801771977 0.005827515150634954 -0.0005584866509098364 -0.005825480497269969 0.9999826369224216 -0.11115830836000384 -0.2288019589001351 -0.7690721674426939
FixedParameters: 0 0 0
#Transform 65
Transform: MatrixOffsetTransformBase_double_3_3
Parameters: 0.9999979430996236 -0.001832588729930323 0.0008356377002232528 0.0018280302202710113 0.9999813045049791 0.005801761056652033 -0.0008458275908749852 -0.0058002321007654956 0.9999823347981251 -0.11738850697776115 -0.2693579653106468 -0.7188529233913883
FixedParameters: 0 0 0
#Transform 66
Transform: MatrixOffsetTransformBase_double_3_3
Parameters: 0.999997439317065 -0.0017738095317725588 0.0011896447438839155 0.0017665264504440421 0.9999818052233144 0.005707196643214674 -0.0011996175012790342 -0.005705793386861585 0.9999825052622081 -0.11750440626768466 -0.2326293471230656 -0.7622512971588122
FixedParameters: 0 0 0
#Transform 67
Transform: MatrixOffsetTransformBase_double_3_3
Parameters: 0.9999974466406648 -0.0017321308181865076 0.0012457438347766793 0.0017251858765860305 0.9999819846435809 0.0057772223144445245 -0.0012562983481911203 -0.0057747812205624915 0.9999827369922099 -0.11259962005955515 -0.2509713007014085 -0.746780615011204
FixedParameters: 0 0 0
#Transform 68
Transform: MatrixOffsetTransformBase_double_3_3
Parameters: 0.999997392261172 -0.002127284676864968 0.00029001366874861274 0.002124680233705101 0.9999803831331046 0.005933997178814099 -0.0003029074368328121 -0.005933007784278355 0.9999825955533399 -0.10486257282401823 -0.24786447724795835 -0.7667046184498716
FixedParameters: 0 0 0
#Transform 69
Transform: MatrixOffsetTransformBase_double_3_3
Parameters: 0.9999973003857979 -0.0020527962265793017 0.0006976632898271114 0.002048445356420263 0.9999809370056477 0.005845671364359123 -0.0007087891189076247 -0.005844335909721554 0.9999830346237818 -0.11493605756236036 -0.25473177290388094 -0.7374108418483836
FixedParameters: 0 0 0
#Transform 70
Transform: MatrixOffsetTransformBase_double_3_3
Parameters: 0.9999975040267625 -0.0018189688726189478 0.0010902281809851758 0.0018119317394584876 0.9999819923443605 0.005662044414532746 -0.001100722761701958 -0.005659950933546792 0.9999834172812421 -0.12401613091124375 -0.24484277585895597 -0.737775858548833
FixedParameters: 0 0 0
#Transform 71
Transform: MatrixOffsetTransformBase_double_3_3
Parameters: 0.9999988722259953 -0.0015633044042258663 0.0008264757247095512 0.0015591081696119324 0.9999841038788226 0.0053663529736917015 -0.000835311609798344 -0.005365642685900535 0.9999851799989466 -0.08550649786747044 -0.1813321370264731 -0.768796782168149
FixedParameters: 0 0 0
#Transform 72
Transform: MatrixOffsetTransformBase_double_3_3
Parameters: 0.9999984737797641 -0.0018276188003876644 0.00043190992286549384 0.0018246263716998293 0.9999800611885014 0.00597899228306828 -0.00044321016659618333 -0.005978000804209571 0.9999819270064323 -0.08807819450690602 -0.3003567566058223 -0.7313341596788199
FixedParameters: 0 0 0
#Transform 73
Transform: MatrixOffsetTransformBase_double_3_3
Parameters: 0.999998446632171 -0.0018221588282124092 0.00048212649498247855 0.001819826691021546 0.9999822924686311 0.005704088165808641 -0.0004921936145830569 -0.005702920538755346 0.9999840937027534 -0.08731930919468311 -0.2295986633945688 -0.7705129414554541
FixedParameters: 0 0 0
#Transform 74
Transform: MatrixOffsetTransformBase_double_3_3
Parameters: 0.9999976936730677 -0.0020579851242054606 0.0002655351864876602 0.0020565772452263743 0.9999788969389479 0.006083754896173688 -0.00027806065377803296 -0.006083243172959052 0.9999817780371457 -0.10431432892190173 -0.27282450367275146 -0.7476632032375328
FixedParameters: 0 0 0
#Transform 75
Transform: MatrixOffsetTransformBase_double_3_3
Parameters: 0.9999973064540965 -0.0018876763449340779 0.001063276580996091 0.0018811744135231576 0.99998058348567 0.005934074756248464 -0.0010744216460496835 -0.005931930506867911 0.9999823212571747 -0.11774553255479248 -0.23286416520235775 -0.779959075479411
FixedParameters: 0 0 0
#Transform 76
Transform: MatrixOffsetTransformBase_double_3_3
Parameters: 0.9999988116893104 -0.0016638579102829702 0.0006473429262390531 0.0016606370366629626 0.9999814039386582 0.005829277687938006 -0.0006568299842405653 -0.005827716428607549 0.9999824643293644 -0.09029064357629579 -0.264276924177949 -0.7295585959198547
FixedParameters: 0 0 0
#Transform 77
Transform: MatrixOffsetTransformBase_double_3_3
Parameters: 0.9999987506689724 -0.0013244910554703181 0.0007039866087879502 0.0013200341702580085 0.999981923882789 0.005787961173660927 -0.0007115430279381609 -0.005787031520552627 0.9999828359175403 -0.08125423325459735 -0.26228914012480686 -0.6984079106279495
FixedParameters: 0 0 0
#Transform 78
Transform: MatrixOffsetTransformBase_double_3_3
Parameters: 0.9999986143359818 -0.0017184011622430888 0.0006583145607873201 0.0017144008417709312 0.999983257208032 0.005577364857081296 -0.0006677397336818917 -0.005576637470140061 0.9999841507206891 -0.08167353838997826 -0.19234774569892465 -0.7350978033232103
FixedParameters: 0 0 0
#Transform 79
Transform: MatrixOffsetTransformBase_double_3_3
Parameters: 0.9999983752515192 -0.001604524266279822 0.0002238541698735652 0.0016031854704990406 0.9999809239339131 0.00603770371031595 -0.000233840006280508 -0.006036298733737677 0.9999815598535401 -0.07260831251217326 -0.2754122652857234 -0.7495105546994729
FixedParameters: 0 0 0
#Transform 80
Transform: MatrixOffsetTransformBase_double_3_3
Parameters: 0.9999992043355388 -0.0008392417662407462 0.00030203738348449764 0.0008377927518060836 0.9999823411913957 0.0058412812902830236 -0.00030639618787952646 -0.00584171317215601 0.9999826163364262 -0.03563324039448901 -0.2724366866586223 -0.6827033419531574
FixedParameters: 0 0 0
#Transform 81
Transform: MatrixOffsetTransformBase_double_3_3
Parameters: 0.9999991794504974 -0.0013169783350376648 0.00029324473031297233 0.001315470581210643 0.9999838451498577 0.005513556820361171 -0.0003003490475649769 -0.00551244006953186 0.9999845474905484 -0.06795601253836026 -0.18836348337516995 -0.7547054167863863
FixedParameters: 0 0 0
#Transform 82
Transform: MatrixOffsetTransformBase_double_3_3
Parameters: 0.9999987992957908 -0.0014692732047933345 0.0002068397263547782 0.001467460212761493 0.999983086340914 0.005735512286853622 -0.00021545982996194632 -0.005735498804825628 0.999983920394042 -0.06921363797331992 -0.2512024677241129 -0.7440717508251922
FixedParameters: 0 0 0
#Transform 83
Transform: MatrixOffsetTransformBase_double_3_3
Parameters: 0.999999192872941 -0.0007392856152722208 0.0005110668787647894 0.0007358570309777524 0.9999845421052845 0.005560382106598316 -0.0005148164740374438 -0.0055596254470746675 0.9999848230355004 -0.040831488012671 -0.29590045052979974 -0.7028106210167415
FixedParameters: 0 0 0
#Transform 84
Transform: MatrixOffsetTransformBase_double_3_3
Parameters: 0.9999990442949873 -0.0013980252741466863 -0.0000384380344145983 0.001398043559584941 0.9999824140628543 0.005724144269559361 0.000030485280662308732 -0.005724847242875197 0.9999830899117729 -0.06870838255083811 -0.20076486870406995 -0.7733479197487121
FixedParameters: 0 0 0
#Transform 85
Transform: MatrixOffsetTransformBase_double_3_3
Parameters: 0.9999987352824203 -0.001807090462458031 -0.00002330283091029402 0.0018064164404801054 0.9999818282021601 0.005818305864495943 0.000013288963594082805 -0.005817701079107035 0.9999832081639494 -0.07738923550776633 -0.2624266246338749 -0.7359713863763666
FixedParameters: 0 0 0
#Transform 86
Transform: MatrixOffsetTransformBase_double_3_3
Parameters: 0.9999987547391891 -0.0013161356691767181 0.0007160873948474469 0.0013122537118322355 0.9999841776811274 0.0054099726430023864 -0.0007235422869336886 -0.005409022740040292 0.9999850512416218 -0.07395624358936459 -0.2020730155543191 -0.7060056522035119
FixedParameters: 0 0 0
#Transform 87
Transform: MatrixOffsetTransformBase_double_3_3
Parameters: 0.9999988295806528 -0.0015099713249693116 0.000943887023113432 0.0015054745047340381 0.99998922068818 0.004436460283803623 -0.0009504986127959533 -0.004434546124315375 0.9999902613191162 -0.08019598219897262 -0.13261760794034672 -0.7157080439770489
FixedParameters: 0 0 0
#Transform 88
Transform: MatrixOffsetTransformBase_double_3_3
Parameters: 0.9999982067098897 -0.0012317089770228376 0.0011299114186597383 0.0012258051127652537 0.9999872659136532 0.004840253935950056 -0.0011358563426458143 -0.004838747354745737 0.999988098962635 -0.09531167272986352 -0.15745443606037668 -0.6685230740985695
FixedParameters: 0 0 0
#Transform 89
Transform: MatrixOffsetTransformBase_double_3_3
Parameters: 0.9999997822981864 -0.0005531275381926375 0.0009551463128644401 0.0005484585110718906 0.9999901919260918 0.004324386391126311 -0.0009572584857563596 -0.004324610563648634 0.9999901875987287 -0.05489152146134302 -0.11428019177184012 -0.7207295201392334
FixedParameters: 0 0 0
#Transform 90
Transform: MatrixOffsetTransformBase_double_3_3
Parameters: 0.9999972775881605 -0.0015210360954808423 0.0015521253990242602 0.001512927989903996 0.9999840215985502 0.005390249024319033 -0.001559875614509964 -0.005387747710570767 0.9999841728749095 -0.11094721891871018 -0.2256699020482813 -0.7138470099239207
FixedParameters: 0 0 0
#Transform 91
Transform: MatrixOffsetTransformBase_double_3_3
Parameters: 0.9999972424104113 -0.0015337760113738378 0.0015507013334553153 0.001526964141456093 0.9999877815456455 0.004717271093839209 -0.001557691550103563 -0.004714733646244779 0.9999879792301476 -0.11653326924263752 -0.11767650271616503 -0.7513192568366733
FixedParameters: 0 0 0
#Transform 92
Transform: MatrixOffsetTransformBase_double_3_3
Parameters: 0.9999981652877408 -0.001372072365183181 0.0009758162207860698 0.0013672247526521054 0.9999867285932234 0.004973398410824004 -0.0009825051313808366 -0.004972600303616598 0.9999869749020561 -0.11677718263034365 -0.1974015824118709 -0.7331779264283469
FixedParameters: 0 0 0
#Transform 93
Transform: MatrixOffsetTransformBase_double_3_3
Parameters: 0.9999981612828738 -0.0013472501375393188 0.0010114029681014452 0.0013424874585280444 0.9999848855182505 0.0052423895243248475 -0.0010183974190399985 -0.005240601754499946 0.9999853287497572 -0.10141950953349976 -0.16164057791543485 -0.7836298397395112
FixedParameters: 0 0 0
#Transform 94
Transform: MatrixOffsetTransformBase_double_3_3
Parameters: 0.999998060694478 -0.001654109056659027 0.0014848765173730827 0.0016458933313389845 0.9999847632395427 0.005281350642651228 -0.001492885512993517 -0.0052786568718872495 0.999985540157895 -0.13814098729331192 -0.22910912456084986 -0.7437199207459351
FixedParameters: 0 0 0
#Transform 95
Transform: MatrixOffsetTransformBase_double_3_3
Parameters: 0.999997657083385 -0.001680178395695585 0.0012324397576701845 0.001673895333295263 0.9999850231989875 0.005245134026916398 -0.0012417691363007988 -0.005242868777095094 0.9999856343599034 -0.11841796305850494 -0.17649256630494392 -0.7864198614839353
FixedParameters: 0 0 0
#Transform 96
Transform: MatrixOffsetTransformBase_double_3_3
Parameters: 0.9999980743376495 -0.0011629365627402535 0.0012545595361577924 0.0011559769731637449 0.9999860787588997 0.0051724857031844595 -0.0012604333795848332 -0.005170511719194526 0.9999855063708636 -0.09518024065572206 -0.1952522520919615 -0.7469806433338526
FixedParameters: 0 0 0
#Transform 97
Transform: MatrixOffsetTransformBase_double_3_3
Parameters: 0.9999997688654381 -0.001083935245818637 0.00023631644517852686 0.0010830669201855677 0.9999894207311743 0.004514426483901102 -0.00024181629623175208 -0.0045135729801257796 0.9999895955246456 -0.06708269205223871 -0.14278005205414956 -0.7521419950004997
FixedParameters: 0 0 0
#Transform 98
Transform: MatrixOffsetTransformBase_double_3_3
Parameters: 0.999998089831128 -0.0011887929511886193 0.0012236307833004003 0.0011823639053336172 0.9999859285896773 0.005086313804790438 -0.0012295708833009976 -0.005084682836463239 0.9999864362659793 -0.10900309427023558 -0.17067126319753356 -0.7899737737997832
FixedParameters: 0 0 0
#Transform 99
Transform: MatrixOffsetTransformBase_double_3_3
Parameters: 0.9999980993557962 -0.0013153586186180697 0.0010818836901394532 0.0013094514139885805 0.9999841785634478 0.005428315227719804 -0.0010890273615394874 -0.005427685665960219 0.9999849939429839 -0.10040512574181548 -0.23416045154688447 -0.7288442976564191
FixedParameters: 0 0 0
#Transform 100
Transform: MatrixOffsetTransformBase_double_3_3
Parameters: 0.9999993277984784 -0.000776220923380847 0.00026423546130320097 0.0007749223737155817 0.9999877009052253 0.0048682062301204365 -0.0002675044167362476 -0.004867793833801953 0.9999882317561339 -0.04952860971758355 -0.140875847455618 -0.7722077246379975
FixedParameters: 0 0 0
#Transform 101
Transform: MatrixOffsetTransformBase_double_3_3
Parameters: 0.9999996582775902 -0.0005473338314810997 0.00020552063438910776 0.0005460747275580007 0.9999895409739732 0.0046001160891146475 -0.00020840931982304262 -0.004599889797930912 0.9999897970492552 -0.04936641728360769 -0.16259292165108263 -0.7461138081815513
FixedParameters: 0 0 0
#Transform 102
Transform: MatrixOffsetTransformBase_double_3_3
Parameters: 0.9999996443090932 -0.0005802629239616913 0.0001383756743792908 0.0005792680546296604 0.9999860591419136 0.005254082228917462 -0.0001413414582903375 -0.005253920066169676 0.9999863757372093 -0.032946873573720836 -0.17569213231233505 -0.7404720702817578
FixedParameters: 0 0 0
#Transform 103
Transform: MatrixOffsetTransformBase_double_3_3
Parameters: 0.9999999192470109 -0.00026144512724909084 0.00011097527462717899 0.0002611889164028989 0.9999889107429334 0.004798033678843433 -0.00011232727115407589 -0.004797975334242699 0.9999889665873606 -0.02536197409511942 -0.14355116203435614 -0.7565995277698896
FixedParameters: 0 0 0
#Transform 104
Transform: MatrixOffsetTransformBase_double_3_3
Parameters: 0.9999995384857242 -0.0005469389867894497 0.00040242479057368493 0.0005455034186013437 0.9999875512262214 0.005015223780622885 -0.00040542198408942436 -0.00501478252394133 0.9999876864559752 -0.04984819829252274 -0.235065322270259 -0.7447572701953789
FixedParameters: 0 0 0
#Transform 105
Transform: MatrixOffsetTransformBase_double_3_3
Parameters: 0.9999996222808544 -0.00033351643316295663 0.0005166235462883914 0.0003311754404497417 0.9999889069446408 0.004794175966448294 -0.0005173286438926796 -0.004793832344010429 0.9999887501562583 -0.05016969967238083 -0.1635266958277981 -0.7705670424518125
FixedParameters: 0 0 0
#Transform 106
Transform: MatrixOffsetTransformBase_double_3_3
Parameters: 0.9999993583655075 -0.0007203510179700745 0.00035048456694830804 0.0007185348280429268 0.9999890135400018 0.00465128249307134 -0.0003538809383797525 -0.004651717804763145 0.9999890716787526 -0.06077675676573335 -0.1422753270528858 -0.7696421126188291
FixedParameters: 0 0 0
#Transform 107
Transform: MatrixOffsetTransformBase_double_3_3
Parameters: 0.9999999278650723 -0.00025602426487982184 0.00008044636320707446 0.000256056810007078 0.9999886536543579 0.004825024064942562 -0.00008176155231355102 -0.004824982541539347 0.9999887126572337 -0.02458415326533725 -0.18359007171638098 -0.7166276738106312
FixedParameters: 0 0 0
#Transform 108
Transform: MatrixOffsetTransformBase_double_3_3
Parameters: 0.9999994338686122 -0.0007095610564140374 0.0002498959624170373 0.0007087389287196222 0.9999898745659229 0.00453834667745337 -0.00025303559704726626 -0.004537654578239181 0.9999893721914347 -0.042811254842618496 -0.10712689969942346 -0.7558723886625565
FixedParameters: 0 0 0
#Transform 109
Transform: MatrixOffsetTransformBase_double_3_3
Parameters: 0.9999994243855295 -0.0005414257450030311 0.0005313964166688619 0.0005387268746927162 0.9999878379556605 0.004987291906995456 -0.000534301731851649 -0.0049867163530818714 0.9999878457345638 -0.05147916513364237 -0.18163218266813885 -0.7555957285767718
FixedParameters: 0 0 0
#Transform 110
Transform: MatrixOffsetTransformBase_double_3_3
Parameters: 0.9999993255569228 -0.0011978274446914972 0.0004908260061407706 0.0011949371492785531 0.9999911709176832 0.004066785084847702 -0.0004952887601490735 -0.004066211920599833 0.9999910816566219 -0.06876659862970769 -0.09806401504579298 -0.7731628916113813
FixedParameters: 0 0 0
#Transform 111
Transform: MatrixOffsetTransformBase_double_3_3
Parameters: 0.9999993711680312 -0.0012354012144164066 0.00032167370888312795 0.0012331396159426559 0.9999871571871746 0.004945596041270955 -0.00032762908233362534 -0.004945401233627633 0.9999872977350003 -0.07322921140499261 -0.18062873649479627 -0.7538612580391018
FixedParameters: 0 0 0
#Transform 112
Transform: MatrixOffsetTransformBase_double_3_3
Parameters: 1.0000001012474908 -0.0006951593687951548 0.000644573037437036 0.0006929383791312967 0.9999903688029879 0.004376450367446466 -0.0006470103143884771 -0.00437555395046027 0.9999904334815289 -0.047309631054375245 -0.15734069305996456 -0.7540072581247301
FixedParameters: 0 0 0
#Transform 113
Transform: MatrixOffsetTransformBase_double_3_3
Parameters: 0.9999993904001419 -0.0011951911741656291 0.00042610175870693226 0.0011927078696165711 0.9999860331122681 0.0051496784473585855 -0.00043197405331237286 -0.005148318497461113 0.9999863325292381 -0.069802946347167 -0.1411705999737336 -0.7916511099259154
FixedParameters: 0 0 0
#Transform 114
Transform: MatrixOffsetTransformBase_double_3_3
