#Insight Transform File V1.0
#Transform 0
Transform: MatrixOffsetTransformBase_double_3_3
Parameters: 0.9999998303855111 0.0003806177260039274 0.00015701965321649638 -0.0003811829964271626 0.9999973417950201 0.0023479412879401085 -0.00015621635150791453 -0.002348060603972829 0.9999974623624611 0.02466155326371222 0.008503093776951687 -0.43771591768792106
FixedParameters: 0 0 0
#Transform 1
Transform: MatrixOffsetTransformBase_double_3_3
Parameters: 0.9999995051187205 0.00004871835779242625 0.0007019091762591927 -0.0000508569838147894 0.9999970714060409 0.0022257966752690928 -0.0007015173113491548 -0.00222620200449547 0.9999975235503867 -0.009977443010072307 0.005763264147148561 -0.4220593636757428
FixedParameters: 0 0 0
#Transform 2
Transform: MatrixOffsetTransformBase_double_3_3
Parameters: 0.9999994858188493 -0.00008537825990436021 0.001227709639245417 0.00008198741149702683 0.9999963397268596 0.002584933750130164 -0.0012276316512770176 -0.002585063736386728 0.9999957816211849 -0.0090476896567111 0.0064486148713882585 -0.46778297247954725
FixedParameters: 0 0 0
#Transform 3
Transform: MatrixOffsetTransformBase_double_3_3
Parameters: 0.9999997746704119 -0.00004127242140821283 0.00047297618395453504 0.00004091369369702085 0.9999969319275893 0.002463019185579174 -0.00047283818934579187 -0.0024629803234685055 0.9999967099869577 -0.008251768632050016 0.007367605918886966 -0.4444542417718047
FixedParameters: 0 0 0
#Transform 4
Transform: MatrixOffsetTransformBase_double_3_3
Parameters: 0.9999998712751711 -0.00023634185833482378 0.0002701617884544191 0.00023555481303941985 0.9999951590130597 0.0029640613076807876 -0.00027040487357726496 -0.0029639337669125077 0.9999951416459127 -0.014186375920402838 0.01683529839274911 -0.5011366935460657
FixedParameters: 0 0 0
#Transform 5
Transform: MatrixOffsetTransformBase_double_3_3
Parameters: 0.9999979982439933 -0.0005888708778680038 0.0019119242104108265 0.0005833360946798066 0.9999959947112994 0.0029489543756427705 -0.0019133732236880352 -0.0029470478044330006 0.999993622063725 -0.059253962104349966 0.02297277621069327 -0.509054360132918
FixedParameters: 0 0 0
#Transform 6
Transform: MatrixOffsetTransformBase_double_3_3
Parameters: 0.9999984924091019 -0.001222723112394535 0.0014183061434079932 0.001218452894909613 0.999993116186382 0.0034055941815674395 -0.0014226396774831705 -0.0034034040594260184 0.9999931949008709 -0.07460963103203255 0.004149198171887747 -0.5026201760875786
FixedParameters: 0 0 0
#Transform 7
Transform: MatrixOffsetTransformBase_double_3_3
Parameters: 0.9999985245628036 -0.001237167731499302 0.0013941792864279228 0.0012323329799195583 0.999992243457472 0.003665585095303736 -0.0013992513316959327 -0.0036634134058897982 0.9999924238769471 -0.06765578472192146 -0.031943218117149286 -0.5168692233258767
FixedParameters: 0 0 0
#Transform 8
Transform: MatrixOffsetTransformBase_double_3_3
Parameters: 0.9999961809623714 -0.0016746757582527603 0.002238991122978547 0.001666424622745007 0.9999923343891103 0.003667499304819022 -0.002245764477682776 -0.003663504336751472 0.9999909746368882 -0.08919014354397348 0.0040903361430650875 -0.5632532949015996
FixedParameters: 0 0 0
#Transform 9
Transform: MatrixOffsetTransformBase_double_3_3
Parameters: 0.9999974554546103 -0.001540584271093581 0.0014739729425735822 0.0015340431477226637 0.9999902983804733 0.004205328860270696 -0.0014797948281150073 -0.004202672088587545 0.9999898096419784 -0.08466233570503334 -0.09600295666183456 -0.5163150326868049
FixedParameters: 0 0 0
#Transform 10
Transform: MatrixOffsetTransformBase_double_3_3
Parameters: 0.9999962493768371 -0.0016354561676718868 0.0020186280415430244 0.0016284012711217778 0.9999922974406306 0.0035280222103782344 -0.0020248331573981507 -0.003523978556549845 0.9999920864625315 -0.08731015466361214 0.01649927858704814 -0.5628903411310802
FixedParameters: 0 0 0
#Transform 11
Transform: MatrixOffsetTransformBase_double_3_3
Parameters: 0.9999961911983865 -0.0016388756045215011 0.002030494102205617 0.0016302248000296254 0.999990099737845 0.004099074782181855 -0.0020374303958506 -0.00409592259387101 0.9999895122605696 -0.0946572237606631 -0.09340109109241723 -0.5260330506754443
FixedParameters: 0 0 0
#Transform 12
Transform: MatrixOffsetTransformBase_double_3_3
Parameters: 0.9999961683510596 -0.001639436757026412 0.0020356659906479546 0.0016313654123266217 0.9999903195145387 0.003947081981628103 -0.00204211208494422 -0.0039439102182187435 0.9999897147527882 -0.08416740648816301 0.01659974849181367 -0.5717925024375781
FixedParameters: 0 0 0
#Transform 13
Transform: MatrixOffsetTransformBase_double_3_3
Parameters: 0.999995732756102 -0.0018522299429405509 0.002199539372818397 0.0018427012146554074 0.9999893756346205 0.004353855550734864 -0.002206849656897073 -0.004350153992071615 0.9999884770147925 -0.10353997221069733 -0.10504837510494269 -0.5455441907772496
FixedParameters: 0 0 0
#Transform 14
Transform: MatrixOffsetTransformBase_double_3_3
Parameters: 0.9999964824325686 -0.0016282540851125832 0.0019659038196428043 0.0016197019032008128 0.9999888710227439 0.004458088408175104 -0.001973747679955993 -0.00445391002597767 0.9999878992834439 -0.07838657910393465 0.0037052573074589645 -0.5661793659606573
FixedParameters: 0 0 0
#Transform 15
Transform: MatrixOffsetTransformBase_double_3_3
Parameters: 0.999997458074544 -0.0015877833771691346 0.0017385819846936078 0.0015794003937189764 0.9999887361114004 0.004377480881443935 -0.0017451675394101552 -0.004374519035250185 0.9999894229755167 -0.08710555919546437 -0.0566734020562194 -0.5205706221496129
FixedParameters: 0 0 0
#Transform 16
Transform: MatrixOffsetTransformBase_double_3_3
Parameters: 0.9999960266108069 -0.001645751022144662 0.002065462021527948 0.00163642120857946 0.9999886001048042 0.004391143425860278 -0.002072254663655508 -0.0043878501104541445 0.9999878908611263 -0.07475296944545562 0.001393034269753457 -0.5775625199605763
FixedParameters: 0 0 0
#Transform 17
Transform: MatrixOffsetTransformBase_double_3_3
Parameters: 0.9999955680563788 -0.0018731564382224186 0.0024336012546282326 0.0018631648287479716 0.9999889054115388 0.004268138441386765 -0.0024415836844246704 -0.0042628632854246895 0.9999882734060068 -0.11523956867762308 -0.09891796859565716 -0.5171222676878067
FixedParameters: 0 0 0
#Transform 18
Transform: MatrixOffsetTransformBase_double_3_3
Parameters: 0.9999950150990194 -0.0018421166302681606 0.0023647175363544844 0.0018309195467162568 0.9999885144888018 0.004438100268924994 -0.0023732246591351347 -0.004432895959695232 0.9999871530246975 -0.09886899474321353 -0.0392470818488988 -0.5414530877140926
FixedParameters: 0 0 0
#Transform 19
Transform: MatrixOffsetTransformBase_double_3_3
Parameters: 0.9999964126379305 -0.0018966496639176759 0.0019977221210422565 0.00188797012039674 0.99998935265116 0.004333738140303411 -0.0020055172419835747 -0.004330266416135847 0.9999885272720422 -0.09352248683511277 -0.0010041579572686032 -0.5826219305234375
FixedParameters: 0 0 0
#Transform 20
Transform: MatrixOffsetTransformBase_double_3_3
Parameters: 0.999997948052902 -0.0015151835135698611 0.0013254131982205193 0.0015083779952166387 0.9999873163177656 0.004771900113022781 -0.001332734793342362 -0.00477010112261117 0.9999881065422415 -0.0758221615084409 -0.09463323735832319 -0.5400806063466064
FixedParameters: 0 0 0
#Transform 21
Transform: MatrixOffsetTransformBase_double_3_3
Parameters: 0.9999981400188277 -0.0015044763969200804 0.0012642058771195584 0.0014978145660660346 0.9999872771768213 0.004879962196096682 -0.0012707648222635203 -0.004878040934886196 0.9999872532155438 -0.05814153195227334 0.003158021458091298 -0.6358827095120496
FixedParameters: 0 0 0
#Transform 22
Transform: MatrixOffsetTransformBase_double_3_3
Parameters: 0.9999961333524058 -0.002054019881994438 0.0016272849652874785 0.002044692666866568 0.9999813698693527 0.005655263662142085 -0.001638730880228856 -0.005651731996169057 0.9999828387627194 -0.09251041147280148 -0.13342068117664496 -0.5976993891412441
FixedParameters: 0 0 0
#Transform 23
Transform: MatrixOffsetTransformBase_double_3_3
Parameters: 0.999997032704939 -0.001954104900566673 0.0017752046223265768 0.0019446249101638191 0.999985716872291 0.005003391224773335 -0.0017841334958133698 -0.004999614358262544 0.9999862854001377 -0.09388303627545724 0.011639616854992596 -0.6195920154301255
FixedParameters: 0 0 0
#Transform 24
Transform: MatrixOffsetTransformBase_double_3_3
Parameters: 0.9999965949837489 -0.0019478582184365213 0.0019002688358283636 0.0019383709660976537 0.9999859806945202 0.004979623641990005 -0.0019098571278451742 -0.004975381705869031 0.9999860628516529 -0.09271684627778143 -0.09649931825011038 -0.6069123222637494
FixedParameters: 0 0 0
#Transform 25
Transform: MatrixOffsetTransformBase_double_3_3
Parameters: 0.9999949928026709 -0.0023085424509224064 0.002162811012080876 0.0022987310910407115 0.9999870634939891 0.004638974371853649 -0.0021732616142474993 -0.0046340313088896745 0.9999869346794311 -0.11232660619386081 -0.043317674175895604 -0.5913699319044596
FixedParameters: 0 0 0
#Transform 26
Transform: MatrixOffsetTransformBase_double_3_3
Parameters: 0.9999962173966626 -0.0022221210802661367 0.001686518748911227 0.002213659559727652 0.9999837405426155 0.005201702129994573 -0.0016978586213892291 -0.005198299582484661 0.9999853963745823 -0.09054000409454943 -0.07067077729547577 -0.6113766678553247
FixedParameters: 0 0 0
#Transform 27
Transform: MatrixOffsetTransformBase_double_3_3
Parameters: 0.9999964166078424 -0.0021210625216639693 0.0017560480622172978 0.0021115165504949174 0.9999835983664769 0.005351679501807843 -0.0017679515940469093 -0.00534832532331217 0.9999845726976305 -0.08743748660911876 -0.12358638941701372 -0.6252543471852796
FixedParameters: 0 0 0
#Transform 28
Transform: MatrixOffsetTransformBase_double_3_3
Parameters: 0.9999958823135227 -0.0023399343265765506 0.0019083598174451173 0.002329128201053792 0.9999810210995157 0.00567942006454536 -0.0019218141488828136 -0.005674582004988354 0.9999824038780051 -0.10194371759047272 -0.09798698765679603 -0.6364152944685451
FixedParameters: 0 0 0
#Transform 29
Transform: MatrixOffsetTransformBase_double_3_3
Parameters: 0.9999954045740135 -0.002285078653574627 0.0020918167026856256 0.0022735199533180338 0.9999837961587461 0.005170726133655296 -0.002103479153040921 -0.00516526739536291 0.9999841915162159 -0.09857963790329904 -0.024120407769260055 -0.6447945440394207
FixedParameters: 0 0 0
#Transform 30
Transform: MatrixOffsetTransformBase_double_3_3
Parameters: 0.9999958317659955 -0.002490289347199817 0.0017223017620238833 0.0024800761959166127 0.9999784757886155 0.006017439238947542 -0.0017371782889212387 -0.006013552002621103 0.9999799827291589 -0.11149411769206097 -0.12836937128584225 -0.635427211340847
FixedParameters: 0 0 0
#Transform 31
Transform: MatrixOffsetTransformBase_double_3_3
Parameters: 0.9999952698751431 -0.002685455550485914 0.0015870456651883458 0.002676564100722132 0.999981442919487 0.005495586901520799 -0.001601819597078888 -0.00549141228266628 0.9999834692734662 -0.10079414936561193 -0.0907979646793109 -0.6480021180793685
FixedParameters: 0 0 0
#Transform 32
Transform: MatrixOffsetTransformBase_double_3_3
Parameters: 0.9999950283062569 -0.0026577517546758295 0.0019767637175961473 0.002646235621028553 0.9999786721291759 0.0060274391511859204 -0.001992371744614354 -0.006022565274212799 0.9999797540423344 -0.11004901921744192 -0.12830616808216178 -0.6304381249164521
FixedParameters: 0 0 0
#Transform 33
Transform: MatrixOffsetTransformBase_double_3_3
Parameters: 0.9999941951636852 -0.0026749412266257287 0.002156277222676406 0.0026617369191153932 0.9999771905800406 0.0061447779583034545 -0.002172536429982554 -0.006139214879856525 0.9999785553656132 -0.10856601025260204 -0.13654041144464202 -0.6827445740024132
FixedParameters: 0 0 0
#Transform 34
Transform: MatrixOffsetTransformBase_double_3_3
Parameters: 0.9999951809152701 -0.0024069860113141456 0.0020064572686241495 0.0023945941001348447 0.9999789955593721 0.005997783149821495 -0.002021035248582144 -0.0059922175614773865 0.9999803044796984 -0.11507721293754969 -0.15716664315138473 -0.6151990935258453
FixedParameters: 0 0 0
#Transform 35
Transform: MatrixOffsetTransformBase_double_3_3
Parameters: 0.999995885277116 -0.0023806980750743405 0.0018562210910201887 0.002369142087748592 0.9999781040646774 0.00625457318243014 -0.0018717119938378194 -0.006250429834604693 0.9999785927388097 -0.08606226998297473 -0.13011629878407405 -0.6732121345625792
FixedParameters: 0 0 0
#Transform 36
Transform: MatrixOffsetTransformBase_double_3_3
Parameters: 0.9999946102274202 -0.0025417960622908862 0.0019823922814360103 0.0025296169468084755 0.9999787904174371 0.005973023790590143 -0.001997478267648772 -0.005967977636914645 0.9999805252405114 -0.11396200714364113 -0.12980107476758462 -0.637644624820517
FixedParameters: 0 0 0
#Transform 37
Transform: MatrixOffsetTransformBase_double_3_3
Parameters: 0.9999944921623665 -0.002619999751834852 0.0019084663238399147 0.0026086977987919546 0.9999783853972563 0.0059729877097711714 -0.0019244914000651843 -0.005968012651912713 0.999980812200097 -0.10764109145705447 -0.1169522315367999 -0.649256613477327
FixedParameters: 0 0 0
#Transform 38
Transform: MatrixOffsetTransformBase_double_3_3
Parameters: 0.9999948655405788 -0.0027050590383898405 0.00195336334991149 0.002693509610546075 0.9999789569213176 0.005898466113969714 -0.0019700004315724245 -0.005893528073752624 0.99998038222373 -0.1134742405942859 -0.11268893652972167 -0.6688221906568721
FixedParameters: 0 0 0
#Transform 39
Transform: MatrixOffsetTransformBase_double_3_3
Parameters: 0.9999945089244446 -0.0028227257290068075 0.0018772215604543371 0.002811360545737754 0.9999781300552891 0.005997487708085364 -0.0018938342453354428 -0.005992516717880675 0.9999804979403245 -0.1242518338508205 -0.13547405132425183 -0.6467278895332278
FixedParameters: 0 0 0
#Transform 40
Transform: MatrixOffsetTransformBase_double_3_3
Parameters: 0.9999954009803018 -0.002398593046641529 0.0019615359740545527 0.0023863468082057815 0.9999799733716397 0.005847686272431207 -0.0019754690178974974 -0.005843312751118018 0.9999810871261016 -0.10440403103885387 -0.000017950437737113134 -0.6662075336358626
FixedParameters: 0 0 0
#Transform 41
Transform: MatrixOffsetTransformBase_double_3_3
Parameters: 0.999993443376353 -0.0028653376020150514 0.002084534524302419 0.0028527347035262945 0.9999768121172374 0.00616915734104867 -0.0021022881344850844 -0.006162839262600389 0.9999785912066238 -0.12017459294369814 -0.1407440572150307 -0.6387381460375003
FixedParameters: 0 0 0
#Transform 42
Transform: MatrixOffsetTransformBase_double_3_3
Parameters: 0.9999938216469657 -0.00299698595323458 0.0020489114373007794 0.002983883967012844 0.9999768681297787 0.006115357091615786 -0.0020671502802366805 -0.00610964253781382 0.9999792272626873 -0.11330864002425756 -0.0428137894024303 -0.6956185953054757
FixedParameters: 0 0 0
#Transform 43
Transform: MatrixOffsetTransformBase_double_3_3
Parameters: 0.9999930940562914 -0.0029780788418705376 0.0022444386124967023 0.0029638336586474507 0.9999747280738088 0.006456734675554687 -0.0022629695628512314 -0.006450273054510375 0.9999770694514425 -0.13156722783978125 -0.16618104567666592 -0.6381682436534
FixedParameters: 0 0 0
#Transform 44
Transform: MatrixOffsetTransformBase_double_3_3
Parameters: 0.999993873164037 -0.0029560853336509873 0.0018402905162667774 0.0029447242438797273 0.9999752319144822 0.006332630527463801 -0.0018593234652687159 -0.006327367382924276 0.9999785024172668 -0.1110122757369254 -0.12015099116432282 -0.7111576179025008
FixedParameters: 0 0 0
#Transform 45
Transform: MatrixOffsetTransformBase_double_3_3
Parameters: 0.9999952768186228 -0.0026031655454941465 0.0017160458972701543 0.002592697425870722 0.9999747857236329 0.006582624953509059 -0.0017329034555058757 -0.006578375009679033 0.9999768839866519 -0.1050993706672756 -0.16745566176366822 -0.6535848774804833
FixedParameters: 0 0 0
#Transform 46
Transform: MatrixOffsetTransformBase_double_3_3
Parameters: 0.9999930174400371 -0.003079645540778178 0.0021207389323148053 0.0030654953291370623 0.9999720011726895 0.006765746320186283 -0.002141494942634305 -0.006759244523383029 0.9999745521515992 -0.09614974049651437 -0.12126259817335949 -0.6943834006591985
FixedParameters: 0 0 0
#Transform 47
Transform: MatrixOffsetTransformBase_double_3_3
Parameters: 0.9999935513169784 -0.0029701771966826355 0.0019041541927457672 0.002957858748607789 0.9999738816954634 0.0065840112331225775 -0.0019236918482217198 -0.006577982170031499 0.9999760493357007 -0.1193993317490083 -0.17288963089467302 -0.6650623258607027
FixedParameters: 0 0 0
#Transform 48
Transform: MatrixOffsetTransformBase_double_3_3
Parameters: 0.9999924792847911 -0.0031982749607329664 0.002300657866036069 0.0031826108139667865 0.9999725733980211 0.006743582733208936 -0.0023217057665666702 -0.00673542954075354 0.9999750627000848 -0.12276631253540415 -0.14368165608570393 -0.6976583071245308
FixedParameters: 0 0 0
#Transform 49
Transform: MatrixOffsetTransformBase_double_3_3
Parameters: 0.9999911847918976 -0.0035545588898219346 0.002276189742609002 0.003538083000417405 0.9999686846116594 0.00709054406928758 -0.0023013694260359562 -0.007082453374172515 0.999972061525573 -0.13504695098666275 -0.16544220629388917 -0.6927010925115624
FixedParameters: 0 0 0
#Transform 50
Transform: MatrixOffsetTransformBase_double_3_3
Parameters: 0.9999930865686878 -0.0029923828737575976 0.001989830256642729 0.0029785902572903376 0.9999718954432703 0.006873147465095486 -0.0020102205666225237 -0.006866857539049975 0.99997479587249 -0.08757625749724696 -0.1473838546078241 -0.6898827178615576
FixedParameters: 0 0 0
#Transform 51
Transform: MatrixOffsetTransformBase_double_3_3
Parameters: 0.999994672649592 -0.002935807824218904 0.0016462812360937805 0.0029236001088190737 0.9999714516227346 0.006926189646108416 -0.001666732082303881 -0.006921800253418431 0.9999743361242022 -0.07858289088294157 -0.17834862947600527 -0.6757755554873413
FixedParameters: 0 0 0
#Transform 52
Transform: MatrixOffsetTransformBase_double_3_3
Parameters: 0.9999943736586179 -0.002936741915020411 0.0017327759025268254 0.002924183251827749 0.9999695920204852 0.00719944595788552 -0.0017535115209639186 -0.00719454626870053 0.9999721864336633 -0.07124788959578154 -0.1753917272482255 -0.7239890135718952
FixedParameters: 0 0 0
#Transform 53
Transform: MatrixOffsetTransformBase_double_3_3
Parameters: 0.9999938049078685 -0.003154553857123726 0.001800649884169588 0.0031405534179503227 0.9999647582197402 0.007769048541433149 -0.0018257812591522507 -0.00776295085049733 0.999968422964161 -0.10237652660303809 -0.2364260567032943 -0.7189463877540163
FixedParameters: 0 0 0
#Transform 54
Transform: MatrixOffsetTransformBase_double_3_3
Parameters: 0.9999927654063023 -0.003168913485785135 0.0020478644020026737 0.003152621924669988 0.9999648678477431 0.007831887067552668 -0.0020722703047506637 -0.00782512299833335 0.9999673243413221 -0.10718278307609808 -0.1965060567722503 -0.7647030635993417
FixedParameters: 0 0 0
#Transform 55
Transform: MatrixOffsetTransformBase_double_3_3
Parameters: 0.9999940185639506 -0.0029430686287324004 0.001822640445929132 0.002927965156325727 0.9999652323130025 0.007758555785566529 -0.0018455752853201786 -0.007753439829961295 0.9999684730433994 -0.09214669595297664 -0.23859167837881046 -0.7133583653285172
FixedParameters: 0 0 0
#Transform 56
Transform: MatrixOffsetTransformBase_double_3_3
Parameters: 0.999994081826092 -0.0028246303753038994 0.001714289371427331 0.002811829842603732 0.9999666720920476 0.007631169538671184 -0.0017356715368338198 -0.0076258214305756356 0.9999690197675467 -0.06759053346389976 -0.1981126453393358 -0.7629129689711966
FixedParameters: 0 0 0
#Transform 57
Transform: MatrixOffsetTransformBase_double_3_3
Parameters: 0.9999941793257915 -0.0028999344315588063 0.0015525160683583995 0.0028886689862412736 0.9999673157047668 0.007559841756427016 -0.001573832672604505 -0.007555167861781342 0.9999706299956636 -0.07040201359843934 -0.19692363627532927 -0.7150753533363563
FixedParameters: 0 0 0
#Transform 58
Transform: MatrixOffsetTransformBase_double_3_3
Parameters: 0.9999933741623761 -0.003200482994027102 0.0015434595797577761 0.003188424157738317 0.9999648659527192 0.007740477868097784 -0.0015684955202529764 -0.0077355181407535445 0.9999687527817877 -0.0587094429097732 -0.19502954748580237 -0.7377568703624249
FixedParameters: 0 0 0
#Transform 59
Transform: MatrixOffsetTransformBase_double_3_3
Parameters: 0.9999942152643451 -0.002907396087255365 0.0015261799272220256 0.002895051396796539 0.9999591428644036 0.008560780173152427 -0.0015510984914051844 -0.008556226970247438 0.9999625734165688 -0.049733167321946326 -0.21172854604185432 -0.7719713362088143
FixedParameters: 0 0 0
#Transform 60
Transform: MatrixOffsetTransformBase_double_3_3
Parameters: 0.9999930203301478 -0.003122760053786325 0.0020561417346985243 0.003107126572461413 0.9999674383005307 0.00748681159028039 -0.002079821765296104 -0.007480187030845908 0.9999695745359523 -0.08808802290947426 -0.182696199054746 -0.6899990253433614
FixedParameters: 0 0 0
#Transform 61
Transform: MatrixOffsetTransformBase_double_3_3
Parameters: 0.9999915850883271 -0.0033006319750917435 0.002349208279474751 0.0032833823012807456 0.9999664780462804 0.007489004831537555 -0.0023740523479616636 -0.007480992011471815 0.999969054586389 -0.09735791077240208 -0.14741142993428014 -0.7872774710811861
FixedParameters: 0 0 0
#Transform 62
Transform: MatrixOffsetTransformBase_double_3_3
Parameters: 0.9999928490299004 -0.003494327429281036 0.001715073131248841 0.0034800885522416904 0.9999617057369606 0.00801856899401615 -0.0017432786988170418 -0.008012432273755143 0.9999666442514591 -0.10207500813841364 -0.2593726458077015 -0.7452970367840805
FixedParameters: 0 0 0
#Transform 63
Transform: MatrixOffsetTransformBase_double_3_3
Parameters: 0.9999910319845224 -0.0036683932233364407 0.0023474824886174344 0.0036487044730658014 0.9999592868346582 0.0082390694578095 -0.0023780307913770764 -0.008229923635580533 0.9999631282840532 -0.10597865706193943 -0.1830165671898243 -0.8372350161151765
FixedParameters: 0 0 0
#Transform 64
Transform: MatrixOffsetTransformBase_double_3_3
Parameters: 0.9999910938994162 -0.0036331408681121433 0.0019248668602904397 0.0036163482646078752 0.9999540573619339 0.008896607495071568 -0.0019568464783855113 -0.008889402515102757 0.9999588617544461 -0.10544434454148188 -0.2905746794608888 -0.7969815908213249
FixedParameters: 0 0 0
#Transform 65
Transform: MatrixOffsetTransformBase_double_3_3
Parameters: 0.9999908857604826 -0.003596810296758763 0.00227580894934009 0.0035783778030230185 0.9999614880821065 0.008011643298841686 -0.0023037299955482537 -0.008003356516871313 0.9999651549308476 -0.09967731555504145 -0.21443336277360459 -0.7555824097730941
FixedParameters: 0 0 0
#Transform 66
Transform: MatrixOffsetTransformBase_double_3_3
Parameters: 0.9999906556897499 -0.0035607694221604976 0.00258107638595781 0.003537972653803129 0.9999530157738289 0.009009343015577959 -0.0026134600813301546 -0.009000661275311822 0.9999564557551801 -0.11300607241194882 -0.20466686886351226 -0.8394862244097894
FixedParameters: 0 0 0
#Transform 67
Transform: MatrixOffsetTransformBase_double_3_3
Parameters: 0.9999911782932295 -0.0035530313587794206 0.002049087790148841 0.003533525407901587 0.9999513039856992 0.00925491450297547 -0.002081988884011437 -0.009248084194002137 0.9999546894323855 -0.09794934756715179 -0.27393505110889294 -0.8115202290142385
FixedParameters: 0 0 0
#Transform 68
Transform: MatrixOffsetTransformBase_double_3_3
Parameters: 0.9999880413564727 -0.004116891284055248 0.002647427152091088 0.00409416479949306 0.9999551819653308 0.008487448206691894 -0.0026827468832482096 -0.008476533738600633 0.9999599674467387 -0.10317852197754007 -0.22448638325214176 -0.8628650616447118
FixedParameters: 0 0 0
#Transform 69
Transform: MatrixOffsetTransformBase_double_3_3
Parameters: 0.9999880799969204 -0.004044750612157445 0.0025614385131147105 0.004021119944412382 0.999952417669729 0.008909919463686494 -0.002597953434232635 -0.008900080672153643 0.9999570602228528 -0.1225363131013637 -0.2921987410869349 -0.8140486487387015
FixedParameters: 0 0 0
#Transform 70
Transform: MatrixOffsetTransformBase_double_3_3
Parameters: 0.9999873081327298 -0.003960069927416888 0.0030018279916763173 0.0039329415387758925 0.9999529817553119 0.008874124485959506 -0.0030368200221172217 -0.008862874519111413 0.9999560217377313 -0.12172850682027558 -0.18968232163364007 -0.8676726014014307
FixedParameters: 0 0 0
#Transform 71
Transform: MatrixOffsetTransformBase_double_3_3
Parameters: 0.9999896281608942 -0.003902070734377218 0.0024792975155241963 0.0038794016231703506 0.9999515226935427 0.009013193331688318 -0.0025140851461571932 -0.009003792096145075 0.9999557952941541 -0.10962514014447322 -0.2819670601933808 -0.8048741043439236
FixedParameters: 0 0 0
#Transform 72
Transform: MatrixOffsetTransformBase_double_3_3
Parameters: 0.9999880042309315 -0.003925288369862121 0.0029305399785547427 0.0038968582649611316 0.9999460423525515 0.00958170807845135 -0.0029681268322373274 -0.009570277438216201 0.9999495571604508 -0.09659685388358241 -0.26941204598638535 -0.9006911833590294
FixedParameters: 0 0 0
#Transform 73
Transform: MatrixOffsetTransformBase_double_3_3
Parameters: 0.9999863888635335 -0.004319666863249028 0.0029917181554043808 0.00429463341293743 0.9999546802663735 0.008498371912216363 -0.00302789283775541 -0.00848563274047276 0.9999594768336906 -0.12312072888819614 -0.26645815179102783 -0.8323291253876448
FixedParameters: 0 0 0
#Transform 74
Transform: MatrixOffsetTransformBase_double_3_3
Parameters: 0.9999863434649864 -0.004292168755289665 0.0030389811134715096 0.004262218494487778 0.9999441542298547 0.009696495115726178 -0.0030802733955153008 -0.009683509910763721 0.9999483912794952 -0.11497898125497841 -0.25217040905891963 -0.9412454619629926
FixedParameters: 0 0 0
#Transform 75
Transform: MatrixOffsetTransformBase_double_3_3
Parameters: 0.9999867417895429 -0.004145864195116667 0.0030117149965547827 0.004118326786777229 0.9999523291849303 0.008881897294903657 -0.003049071413082322 -0.008869099624626814 0.9999558594944264 -0.12671863627181779 -0.29743539894681703 -0.8283830826429579
FixedParameters: 0 0 0
#Transform 76
Transform: MatrixOffsetTransformBase_double_3_3
Parameters: 0.9999848496918176 -0.00435393881740781 0.003491963404560905 0.004319561112896536 0.9999433000401131 0.009778344515085358 -0.0035342572451995125 -0.009762674390971532 0.9999466180831076 -0.11362803369684116 -0.26404820591665157 -0.9477671992134056
FixedParameters: 0 0 0
#Transform 77
Transform: MatrixOffsetTransformBase_double_3_3
Parameters: 0.9999861140447351 -0.004388093753843609 0.002938820071353056 0.004360575841798664 0.9999506489663306 0.008980518160408596 -0.0029773967453163496 -0.008967491311536319 0.9999553952758083 -0.11198163496308666 -0.27260963838681107 -0.855815449138273
FixedParameters: 0 0 0
#Transform 78
Transform: MatrixOffsetTransformBase_double_3_3
Parameters: 0.9999854825159248 -0.004121098226648441 0.0033961033770085907 0.004087637013489985 0.9999431728794528 0.00982592775227148 -0.00343639523928955 -0.009812078968107735 0.9999464780259713 -0.10563767696838511 -0.2496118792774098 -0.9458441783531129
FixedParameters: 0 0 0
#Transform 79
Transform: MatrixOffsetTransformBase_double_3_3
Parameters: 0.9999850981974291 -0.004322123294512026 0.0031969074442276314 0.004293452934489094 0.9999509631001843 0.008952126671679855 -0.0032355044011810304 -0.008938882783763868 0.9999550867139252 -0.1126426870747963 -0.2805637842227071 -0.8781564994157627
FixedParameters: 0 0 0
#Transform 80
Transform: MatrixOffsetTransformBase_double_3_3
Parameters: 0.9999822754735808 -0.004759161486858829 0.003475409735240848 0.004721731509303176 0.9999329489162759 0.010619116230144804 -0.0035249977680063115 -0.010602887004427242 0.9999371315873047 -0.11749312370542953 -0.2879112102981196 -1.0424480124185074
FixedParameters: 0 0 0
#Transform 81
Transform: MatrixOffsetTransformBase_double_3_3
Parameters: 0.9999840649309935 -0.00447299467842543 0.0034539776295929954 0.004438276877166168 0.9999426376828675 0.009765779606107916 -0.0034976680877903984 -0.009750212983677148 0.9999459841385745 -0.11804444295749761 -0.31636699104365107 -0.9262211684946564
FixedParameters: 0 0 0
#Transform 82
Transform: MatrixOffsetTransformBase_double_3_3
Parameters: 0.9999803264273729 -0.004812026812597719 0.003939334183551019 0.004769518207443152 0.999931883813045 0.010660044533106372 -0.00399050331748854 -0.010640958485307161 0.999935567654051 -0.10852831520089978 -0.23845365671390084 -1.0240399802289204
FixedParameters: 0 0 0
#Transform 83
Transform: MatrixOffsetTransformBase_double_3_3
Parameters: 0.9999802587888857 -0.0048410796958544364 0.003911720057928856 0.004801613015564617 0.9999372867761674 0.01014419323228652 -0.003960875619946585 -0.010124805373063234 0.9999405485820541 -0.13301487622132413 -0.308323610817979 -0.9910839749665001
FixedParameters: 0 0 0
#Transform 84
Transform: MatrixOffsetTransformBase_double_3_3
Parameters: 0.9999797365539965 -0.00511741529877196 0.003882572436346412 0.005076209466864177 0.99993088310979 0.010579196247738731 -0.003936478794583056 -0.01055979663532347 0.9999364163135452 -0.11621322234513798 -0.29346619952292485 -1.0167664542967003
FixedParameters: 0 0 0
#Transform 85
Transform: MatrixOffsetTransformBase_double_3_3
Parameters: 0.9999803516020795 -0.004779266971773783 0.004099617587416045 0.004733164756720171 0.9999256630265886 0.011235508218491286 -0.004152698921715434 -0.011215497726891094 0.9999286543699821 -0.11672207460402717 -0.3027270234895951 -1.0514505190639483
FixedParameters: 0 0 0
#Transform 86
Transform: MatrixOffsetTransformBase_double_3_3
Parameters: 0.9999772300936981 -0.005067835636619776 0.004481808258432582 0.005018435487128365 0.9999275806213127 0.010957544382923512 -0.004537016237115274 -0.010934461889207964 0.9999300096513472 -0.12012323141885872 -0.3442038086011934 -1.051613942648256
FixedParameters: 0 0 0
#Transform 87
Transform: MatrixOffsetTransformBase_double_3_3
Parameters: 0.9999804258223939 -0.004815348649804389 0.003921826193134222 0.004769308784615821 0.9999190953641016 0.011807985332897175 -0.003979069970075443 -0.011789025423372762 0.9999229087521343 -0.09766792744549946 -0.32266637439172996 -1.1183073641838064
FixedParameters: 0 0 0
#Transform 88
Transform: MatrixOffsetTransformBase_double_3_3
Parameters: 0.9999776012904361 -0.005165243432147782 0.004326565596295446 0.005113887595150992 0.999916034533989 0.011900361503852541 -0.004386985639862689 -0.011877642672465522 0.9999198568654881 -0.11107589415537689 -0.3341712265720389 -1.0832821674015243
FixedParameters: 0 0 0
#Transform 89
Transform: MatrixOffsetTransformBase_double_3_3
Parameters: 0.9999791155482248 -0.004910226583164819 0.004215058555499019 0.0048585861852939415 0.9999110922158694 0.012400641715634403 -0.004276106497721099 -0.012379348362613396 0.9999139842563781 -0.10147362088036971 -0.3299554884908815 -1.1518856001697308
FixedParameters: 0 0 0
#Transform 90
Transform: MatrixOffsetTransformBase_double_3_3
Parameters: 0.9999780874587455 -0.004964618329050132 0.00427370835378418 0.004913377584208702 0.9999189511629348 0.011770191336329505 -0.004332532024028665 -0.0117488081859837 0.999921552091231 -0.07614791466100712 -0.34917713937770145 -1.0495046487620812
FixedParameters: 0 0 0
#Transform 91
Transform: MatrixOffsetTransformBase_double_3_3
Parameters: 0.9999827393843518 -0.004790443968244759 0.00350921626592284 0.004744674545557613 0.9999062892313834 0.012854234839412587 -0.0035701223340971573 -0.012837774515614603 0.9999113940741801 -0.04841546385723916 -0.3318496364449004 -1.1817202406153164
FixedParameters: 0 0 0
#Transform 92
Transform: MatrixOffsetTransformBase_double_3_3
Parameters: 0.9999823138392638 -0.004500479517064212 0.003928465861664585 0.004451796583357633 0.9999145545809193 0.01227152660462294 -0.003983217532424317 -0.012253467968644516 0.9999170075228646 -0.07039451960120857 -0.3660335207743515 -1.1149910129591412
FixedParameters: 0 0 0
#Transform 93
Transform: MatrixOffsetTransformBase_double_3_3
Parameters: 0.9999792142145265 -0.004900670165405601 0.004214907146653208 0.0048495658435742115 0.9999150294371822 0.012127634556837463 -0.004274393436274614 -0.012107371315302567 0.9999175032448521 -0.06292325428658785 -0.3241444005227123 -1.1482487754023154
FixedParameters: 0 0 0
#Transform 94
Transform: MatrixOffsetTransformBase_double_3_3
Parameters: 0.999978351078005 -0.004931788346358484 0.004280872995802267 0.0048789002182701375 0.9999129622486159 0.012242917208849319 -0.004341064655723201 -0.012222082072928936 0.9999161063384308 -0.07816469517936753 -0.34502311926226525 -1.1654143183667856
FixedParameters: 0 0 0
#Transform 95
Transform: MatrixOffsetTransformBase_double_3_3
Parameters: 0.9999787239929309 -0.0049242230007092245 0.004245675987542056 0.004872237184742535 0.999912945482133 0.012238844984446468 -0.0043056494687331885 -0.01221713956440118 0.9999157163916754 -0.07518044967451942 -0.36368846586276504 -1.1460304215779153
FixedParameters: 0 0 0
#Transform 96
Transform: MatrixOffsetTransformBase_double_3_3
Parameters: 0.9999785560175379 -0.005031631832683727 0.004138704398113998 0.004978145414308606 0.9999044440074903 0.012860808793366846 -0.004202250826663452 -0.012840186122523245 0.9999088242341483 -0.05820119105190713 -0.34466797983313313 -1.2303716899744153
FixedParameters: 0 0 0
#Transform 97
Transform: MatrixOffsetTransformBase_double_3_3
Parameters: 0.9999793541699754 -0.004999040768294418 0.00408095292597704 0.004947911568018348 0.9999093996343213 0.01255856773628572 -0.0041429988285420685 -0.012538453708178354 0.9999130088844893 -0.06022073328686872 -0.40774168920980003 -1.158515991017147
FixedParameters: 0 0 0
#Transform 98
Transform: MatrixOffsetTransformBase_double_3_3
Parameters: 0.9999838897868247 -0.004353233116415081 0.0037630357653392265 0.004307077428918422 0.9999170457485698 0.012131362461042544 -0.003815480125757263 -0.012114624124235723 0.9999188967091434 -0.04126160897870079 -0.3570905866523617 -1.136069692720877
FixedParameters: 0 0 0
#Transform 99
Transform: MatrixOffsetTransformBase_double_3_3
Parameters: 0.999978062837209 -0.0049537547010961875 0.004404175501985158 0.004894428129484358 0.9998977820810424 0.013413612244144335 -0.004470061023634429 -0.013391372725347211 0.9999000068642876 -0.05264185598537097 -0.32296677771874727 -1.2324714604383438
FixedParameters: 0 0 0
#Transform 100
Transform: MatrixOffsetTransformBase_double_3_3
Parameters: 0.9999804405774524 -0.005057002910628325 0.003739285991303892 0.005009712387307019 0.9999075732263523 0.01263739119064533 -0.0038033306137564065 -0.012618601243789829 0.9999129188082858 -0.059068602948016746 -0.3703269751758995 -1.1422103084259447
FixedParameters: 0 0 0
#Transform 101
Transform: MatrixOffsetTransformBase_double_3_3
Parameters: 0.9999765803770294 -0.005104881842893007 0.0045117575803596275 0.005047229373072197 0.9999050660657928 0.012823892373372753 -0.0045768818549536665 -0.012801100110950314 0.9999071768091816 -0.07294515403401647 -0.32471086516457603 -1.197459642757721
FixedParameters: 0 0 0
#Transform 102
Transform: MatrixOffsetTransformBase_double_3_3
Parameters: 0.999978427964922 -0.005071924115159127 0.004224711827172011 0.005018272893904595 0.9999076172314894 0.01264157728605303 -0.0042880570421602975 -0.012619416932182353 0.9999107355445408 -0.07802388804906002 -0.3748721930670058 -1.1696654325042672
FixedParameters: 0 0 0
#Transform 103
Transform: MatrixOffsetTransformBase_double_3_3
Parameters: 0.9999786217709182 -0.004918163915870546 0.004265117146241336 0.00486308531564161 0.9999067986817403 0.01272975252709363 -0.004327396628361828 -0.01270824601856585 0.9999102606714494 -0.06406469923892644 -0.34439808262891347 -1.2057527547165705
FixedParameters: 0 0 0
#Transform 104
Transform: MatrixOffsetTransformBase_double_3_3
Parameters: 0.9999787265035013 -0.005095384675418073 0.00416053531557833 0.005042721426387967 0.9999076435148866 0.012598218162605535 -0.004224224958019548 -0.01257778035403756 0.9999121515352161 -0.07920118298901002 -0.34601783303951095 -1.1639326982789697
FixedParameters: 0 0 0
#Transform 105
Transform: MatrixOffsetTransformBase_double_3_3
Parameters: 0.9999777533016991 -0.005190681141383308 0.0042782745177981875 0.0051347755329487895 0.9999019580925437 0.013024258261304905 -0.004345079694695052 -0.01300274503955956 0.9999060746288903 -0.07761181599883571 -0.3457774553733941 -1.2013134057990946
FixedParameters: 0 0 0
#Transform 106
Transform: MatrixOffsetTransformBase_double_3_3
Parameters: 0.9999783892728188 -0.005236737247280865 0.004023770117157452 0.005182718126876232 0.9998994913890692 0.01319941809040373 -0.0040921620869579425 -0.013177588116393912 0.9999050058160688 -0.07457973952095642 -0.3404124985579955 -1.2097435390295779
FixedParameters: 0 0 0
#Transform 107
Transform: MatrixOffsetTransformBase_double_3_3
Parameters: 0.9999774876846775 -0.005386617157547775 0.004061366871861589 0.0053341458622369105 0.9999033126063799 0.012888461023683823 -0.0041303982810839525 -0.012866550542615401 0.9999084973920757 -0.09625780593849242 -0.3697522147649437 -1.1848957425122926
FixedParameters: 0 0 0
#Transform 108
Transform: MatrixOffsetTransformBase_double_3_3
Parameters: 0.9999729839869229 -0.0058446462411670405 0.004455522551295127 0.00578255906907514 0.9998873537268034 0.013848579013199858 -0.004536627185272916 -0.013822405469520016 0.9998937648610244 -0.0935010912745895 -0.35280202154761753 -1.2401653608264525
FixedParameters: 0 0 0
#Transform 109
Transform: MatrixOffsetTransformBase_double_3_3
Parameters: 0.9999802226852983 -0.004805797105017629 0.004084348649441982 0.00475171762391817 0.999903686435908 0.013045577790274931 -0.004146982532472962 -0.013026423166939943 0.9999066438241858 -0.06505331704980222 -0.383022794445111 -1.1879994032494068
FixedParameters: 0 0 0
#Transform 110
Transform: MatrixOffsetTransformBase_double_3_3
Parameters: 0.9999755428680525 -0.005253366431495685 0.004567056547458089 0.005192543173585822 0.9998997996122092 0.013167886167102932 -0.004636237430729102 -0.013144101739348824 0.9999025635692516 -0.07914830742588208 -0.3295694126656059 -1.2473756259864786
FixedParameters: 0 0 0
#Transform 111
Transform: MatrixOffsetTransformBase_double_3_3
Parameters: 0.9999783422854875 -0.005588476623704644 0.0033798373826161607 0.005544792426955561 0.9999010177615647 0.012910962471274184 -0.0034518683962998452 -0.012892043202673231 0.9999114096420206 -0.05395235574196988 -0.38393312726554996 -1.17937643132894
FixedParameters: 0 0 0
#Transform 112
Transform: MatrixOffsetTransformBase_double_3_3
Parameters: 0.999975597680747 -0.005551595513467366 0.004311178658614836 0.005492718812515717 0.9998954045800323 0.01336723028737774 -0.004384864189087099 -0.013343764449942452 0.9999014340947863 -0.07957904376854685 -0.35760805407888085 -1.2216022963617164
FixedParameters: 0 0 0
#Transform 113
Transform: MatrixOffsetTransformBase_double_3_3
Parameters: 0.999976162413445 -0.005512230920063196 0.004177137020647815 0.005457160577237506 0.9998984095808217 0.013148462967291608 -0.004249735943739903 -0.01312552188204233 0.9999045724719605 -0.09986997159808197 -0.3722370095197505 -1.1864887742748458
FixedParameters: 0 0 0
#Transform 114
Transform: MatrixOffsetTransformBase_double_3_3
Parameters: 0.999973283110219 -0.005641854689052518 0.00457040582978811 0.005582065945838694 0.9999018750416332 0.012861940552037737 -0.004642605334308987 -0.012836069976463638 0.9999071963494309 -0.087744826833557 -0.3445759580695693 -1.2044374740006205
FixedParameters: 0 0 0
#Transform 115
Transform: MatrixOffsetTransformBase_double_3_3
