#Insight Transform File V1.0
#Transform 0
Transform: MatrixOffsetTransformBase_double_3_3
Parameters: 0.999996718155586 0.00015764543105834422 -0.002501170413778002 -0.00015346198670492873 0.9999986216768093 0.0018548872570128827 0.002501881881221694 -0.0018551153711004464 0.9999952144074731 0.05755623285705269 -0.08605807195466753 -0.4341971208048854
FixedParameters: 0 0 0
#Transform 1
Transform: MatrixOffsetTransformBase_double_3_3
Parameters: 0.9999972160099873 -0.00004164114080731186 -0.002186724040598218 0.00004519843147075619 0.9999988135569031 0.0017535418686837334 0.0021868763396063785 -0.0017534606176402845 0.9999962529121607 0.03680496201479855 -0.07614245860919766 -0.4702979412789219
FixedParameters: 0 0 0
#Transform 2
Transform: MatrixOffsetTransformBase_double_3_3
Parameters: 0.9999974368441432 0.00024875420429811007 -0.0023450770399033086 -0.0002459602595281643 0.9999994330772066 0.0012620779171887975 0.0023461761520931594 -0.0012619238575626857 0.9999968184712429 0.038564861289316354 -0.0031740721804851546 -0.4214727436568424
FixedParameters: 0 0 0
#Transform 3
Transform: MatrixOffsetTransformBase_double_3_3
Parameters: 0.9999968079711999 0.0002225507754289403 -0.002478487610014429 -0.00021964134331613162 0.9999989300323036 0.0009848474880403413 0.002478582531674825 -0.0009841512474150493 0.9999969394567327 0.04605822890007971 0.0019585759899598543 -0.4188385509281609
FixedParameters: 0 0 0
#Transform 4
Transform: MatrixOffsetTransformBase_double_3_3
Parameters: 0.9999986601994028 -0.00012931563059028514 -0.0018231713225521828 0.00013196935723949516 0.999999235081636 0.0012685644635695714 0.0018224994652873397 -0.001268434140079877 0.9999972069311245 0.020027805291206846 -0.007576122219916215 -0.4575255162209082
FixedParameters: 0 0 0
#Transform 5
Transform: MatrixOffsetTransformBase_double_3_3
Parameters: 0.9999973866373747 -0.00021601196071302677 -0.0021371750201060196 0.00021994691279899646 0.9999973758063717 0.0021131687495051787 0.002136387980803077 -0.0021138291512523 0.9999950770508845 0.030401194875381066 -0.10519487954665863 -0.4243719567580193
FixedParameters: 0 0 0
#Transform 6
Transform: MatrixOffsetTransformBase_double_3_3
Parameters: 0.9999978049442371 -0.00003967590310334512 -0.0020478925118614577 0.00004140176397674427 0.9999996180536777 0.0006615807946838137 0.0020476686301912407 -0.000662417729821424 0.9999973104029616 0.03132682878532478 0.02946925892689478 -0.4333550941965463
FixedParameters: 0 0 0
#Transform 7
Transform: MatrixOffsetTransformBase_double_3_3
Parameters: 0.9999954256407031 0.000013322715470720937 -0.0029279234681597317 -0.000010835818388260968 1.0000000292857554 0.0009583367207920968 0.002928421405899121 -0.0009586657319564929 0.999995558904052 0.054368725953992225 0.007458044198514813 -0.431811937224996
FixedParameters: 0 0 0
#Transform 8
Transform: MatrixOffsetTransformBase_double_3_3
Parameters: 0.9999974285179383 -0.00013559059989668554 -0.0023564672635602957 0.00014028450794507848 0.9999983798868811 0.001868309686710562 0.002356256362223354 -0.0018686885986646251 0.9999950660340838 0.040636025799756226 -0.07283299523119524 -0.46592004943659404
FixedParameters: 0 0 0
#Transform 9
Transform: MatrixOffsetTransformBase_double_3_3
Parameters: 0.9999970315430815 -0.00003115212961563686 -0.0022287553725834387 0.00003612216384621885 0.9999977882425615 0.0022585616156806376 0.0022287377962355356 -0.0022584404023109073 0.999995041625687 0.036619452990336754 -0.0831887191231857 -0.46698965988358054
FixedParameters: 0 0 0
#Transform 10
Transform: MatrixOffsetTransformBase_double_3_3
Parameters: 0.9999999718343126 0.00006376896925562988 -0.0010120869774053614 -0.00006258431765161497 0.9999985944927332 0.0015588965014263212 0.001011943543449179 -0.001559104084507379 0.9999985163743582 0.0232710217878207 -0.009336428944877184 -0.4374806515258065
FixedParameters: 0 0 0
#Transform 11
Transform: MatrixOffsetTransformBase_double_3_3
Parameters: 0.9999983711560668 0.0002200901714744863 -0.0018922507012931267 -0.00021848077041434265 0.9999991149377616 0.0009460790137299224 0.0018923251716884758 -0.0009459200153109915 0.9999974663854565 0.05928692599695751 0.007514134257135652 -0.43428747561653225
FixedParameters: 0 0 0
#Transform 12
Transform: MatrixOffsetTransformBase_double_3_3
Parameters: 0.9999969141478808 -0.00006879387530650397 -0.002466188467411094 0.00007180182173925973 0.9999998661813774 0.0010094615085669278 0.0024657061193427256 -0.0010095370585390118 0.9999960097841692 0.05185854820251734 -0.00031708897830640126 -0.4107852594574979
FixedParameters: 0 0 0
#Transform 13
Transform: MatrixOffsetTransformBase_double_3_3
Parameters: 0.9999989534598533 -0.00013700030697953025 -0.0017401732327785074 0.0001397279401328788 0.9999998713346744 0.0010665911081427781 0.0017397077548987493 -0.0010674080539975206 0.9999978051458447 0.025136050720021785 0.022869762363200152 -0.46405113196858494
FixedParameters: 0 0 0
#Transform 14
Transform: MatrixOffsetTransformBase_double_3_3
Parameters: 0.9999994685333612 -0.0003085798715212729 -0.001198859208417021 0.00031057143244460903 0.9999980313408191 0.001653431409702949 0.0011974950224153177 -0.0016535666611872668 0.9999979690656834 0.011067257715765777 -0.07938429530908309 -0.45021986162973704
FixedParameters: 0 0 0
#Transform 15
Transform: MatrixOffsetTransformBase_double_3_3
Parameters: 0.9999988556109746 -0.000038068036264067936 -0.001069186201597678 0.000038106813475659 0.9999997980782952 0.0004787918994506035 0.0010689795053618226 -0.0004792087894194552 0.9999995986500236 0.02252962671856551 0.00273940365664771 -0.37856960901064696
FixedParameters: 0 0 0
#Transform 16
Transform: MatrixOffsetTransformBase_double_3_3
Parameters: 0.9999983735564276 0.0001282438528651566 -0.0019001024169538582 -0.00012628912902446556 0.9999989746542506 0.0010329054736046006 0.0019000249316278811 -0.0010330927495519615 0.9999972647239567 0.050529978423682564 0.02904690187726544 -0.44184634270144585
FixedParameters: 0 0 0
#Transform 17
Transform: MatrixOffsetTransformBase_double_3_3
Parameters: 0.9999971964666726 0.00006687813641442265 -0.0024084820250569725 -0.00006179429963121686 0.9999975948718328 0.0020786222504229623 0.0024078984244484663 -0.002078376684326033 0.9999949612507398 0.039835078688554404 -0.08106605968205827 -0.4282456890641946
FixedParameters: 0 0 0
#Transform 18
Transform: MatrixOffsetTransformBase_double_3_3
Parameters: 0.9999995405244487 -0.00020545527658452937 -0.0011906592390995194 0.00020631382392981998 0.9999992190050256 0.0007745579627440602 0.0011901701157569786 -0.0007744415343602928 0.9999991218189156 0.0187877727319119 -0.0020621800652378397 -0.3874582931339994
FixedParameters: 0 0 0
#Transform 19
Transform: MatrixOffsetTransformBase_double_3_3
Parameters: 0.999999231911879 -0.0002584239187032497 -0.0013045237157974377 0.0002601811766454456 0.9999996593813222 0.0010516325558677098 0.0013038081949358548 -0.0010513668476514193 0.99999836122538 0.023331261025873573 0.01820115606064121 -0.4387284673739522
FixedParameters: 0 0 0
#Transform 20
Transform: MatrixOffsetTransformBase_double_3_3
Parameters: 1.0000000848282307 -0.0003382135825480703 -0.0008948650749904185 0.00033909754584257904 0.9999996412754686 0.0004936964324921966 0.000894530484895904 -0.0004943024222095749 0.9999989554812427 0.012917820054354934 0.007716589679532149 -0.396903293325618
FixedParameters: 0 0 0
#Transform 21
Transform: MatrixOffsetTransformBase_double_3_3
Parameters: 0.9999980371813876 -0.00001744694996573716 -0.0019902031629122486 0.00001843919824901977 0.9999995988330554 0.0005395998010911951 0.001990999002729285 -0.0005394000819688438 0.9999978562273695 0.0366891838275194 0.03280049602095403 -0.4507632736337541
FixedParameters: 0 0 0
#Transform 22
Transform: MatrixOffsetTransformBase_double_3_3
Parameters: 0.9999973852389107 -0.00012092219499164596 -0.002144757468427222 0.0001245677123115102 0.9999986044655454 0.0018083733437343485 0.002144618071149597 -0.0018086286926210227 0.9999962394122841 0.034678709473553226 -0.09008868179350316 -0.423696132033367
FixedParameters: 0 0 0
#Transform 23
Transform: MatrixOffsetTransformBase_double_3_3
Parameters: 0.9999970821866607 -0.00018829259195571237 -0.0024251166209420835 0.0001916592640256346 0.9999995647617883 0.0011351738570711534 0.0024253301763339993 -0.0011358241744221786 0.9999959387022559 0.03477582132202883 -0.009870884221143683 -0.42598684759973793
FixedParameters: 0 0 0
#Transform 24
Transform: MatrixOffsetTransformBase_double_3_3
Parameters: 0.9999986405698614 -0.00014541147263002314 -0.0018268603382520453 0.00014689712595018404 0.999999854824267 0.0009925369416377006 0.0018272152131601628 -0.0009924643955509516 0.9999978156297116 0.026005494557523434 0.011086328049572103 -0.46340469465486933
FixedParameters: 0 0 0
#Transform 25
Transform: MatrixOffsetTransformBase_double_3_3
Parameters: 0.9999994747696678 0.00021277370126580454 -0.0012165332398368324 -0.0002106002068462368 0.9999975404845778 0.0021080896473303634 0.001216915085138467 -0.0021079099727845385 0.9999970469446221 0.03699156563631334 -0.09510350939555678 -0.4237472523268906
FixedParameters: 0 0 0
#Transform 26
Transform: MatrixOffsetTransformBase_double_3_3
Parameters: 0.9999976916127301 -0.00009713133303749328 -0.002301880429583479 0.00010014382856356472 0.999998514693291 0.001547241361940066 0.002301879717640557 -0.001547759766816842 0.9999963873960264 0.044028197522280266 0.004732791057094232 -0.47629423897003775
FixedParameters: 0 0 0
#Transform 27
Transform: MatrixOffsetTransformBase_double_3_3
Parameters: 0.9999974628768528 -0.00002249440732923839 -0.002352779494433128 0.00002621752015501735 0.9999988001072809 0.0014554103599012103 0.002353183376073982 -0.0014555892776230983 0.999996425801528 0.033357701952155594 -0.06804279696480364 -0.42036600383402245
FixedParameters: 0 0 0
#Transform 28
Transform: MatrixOffsetTransformBase_double_3_3
Parameters: 0.9999989833659235 0.00017679088490565992 -0.0014085791040074646 -0.00017404618569511694 0.9999978544156221 0.001733882458665903 0.0014098322733951492 -0.0017331169032419602 0.999998118900268 0.023671874359166623 -0.06179197697868233 -0.4797868938234622
FixedParameters: 0 0 0
#Transform 29
Transform: MatrixOffsetTransformBase_double_3_3
Parameters: 0.9999981571051118 0.0001865678550613013 -0.0016757949420245627 -0.00018533452852917688 0.9999991094257519 0.0009559761687687185 0.0016758100629646537 -0.0009560238381657593 0.9999982198057031 0.024370738850535645 0.014017899453449445 -0.4508327583826528
FixedParameters: 0 0 0
#Transform 30
Transform: MatrixOffsetTransformBase_double_3_3
Parameters: 0.999997350995337 -0.0001511202738369481 -0.002150604714379193 0.00015315392431573067 0.9999999251965151 0.0009703091702449596 0.002150954407079661 -0.0009706924448587562 0.9999975420542899 0.033080762326292756 -0.06325026045242055 -0.4439372404938986
FixedParameters: 0 0 0
#Transform 31
Transform: MatrixOffsetTransformBase_double_3_3
Parameters: 0.999997530985164 -0.00027053805358838684 -0.0020967356019901576 0.0002737448108078817 0.9999987693725209 0.0017450667590169777 0.002096090125697545 -0.0017459366523516762 0.9999966680549891 0.028879745242846866 -0.0832564907774298 -0.45115719913695074
FixedParameters: 0 0 0
#Transform 32
Transform: MatrixOffsetTransformBase_double_3_3
Parameters: 0.99999872854045 -0.00008991582383827021 -0.001504565680170733 0.00009160674776918813 0.9999990617962232 0.0008896656594180874 0.0015042340082309705 -0.0008893321380900876 0.9999980843250074 0.010132855309407773 0.01771287303162694 -0.4751549369111352
FixedParameters: 0 0 0
#Transform 33
Transform: MatrixOffsetTransformBase_double_3_3
Parameters: 0.9999979477894242 -0.00006800479125879095 -0.0020116778290378873 0.00007219122598665581 0.9999985819851618 0.001817495251416501 0.0020118978046164953 -0.0018175061442529394 0.9999967591773292 0.03411943003860074 -0.07086630981942221 -0.46444982992134953
FixedParameters: 0 0 0
#Transform 34
Transform: MatrixOffsetTransformBase_double_3_3
Parameters: 0.9999993921752092 0.00021714120339053856 -0.0012492690567388204 -0.00021549534469533525 0.9999998443943883 0.0010532701493391194 0.0012495544144785142 -0.0010527296094241523 0.9999983301618577 0.021442914177029593 0.010031342892744988 -0.4542729368427736
FixedParameters: 0 0 0
#Transform 35
Transform: MatrixOffsetTransformBase_double_3_3
Parameters: 0.99999831441701 0.00015567083983999166 -0.0016314402521475358 -0.00015422216434339477 0.9999999066546488 0.0010480858706443663 0.0016314246023713575 -0.001047915754321116 0.9999982111506931 0.022822899114089523 0.012727414502080592 -0.46630953715949275
FixedParameters: 0 0 0
#Transform 36
Transform: MatrixOffsetTransformBase_double_3_3
Parameters: 0.9999975249798223 -0.00038316006568794197 -0.0020801851104932166 0.00038802996312485566 0.9999977048207598 0.002199971907279996 0.0020797784718362138 -0.002200027310573449 0.9999951401385796 0.02385451665404048 -0.0733293438534588 -0.46636224106925184
FixedParameters: 0 0 0
#Transform 37
Transform: MatrixOffsetTransformBase_double_3_3
Parameters: 0.9999987633662164 -0.00009932279053898068 -0.0017966581065182892 0.00010111771091544317 0.999999102189852 0.0013226232824427309 0.0017958823968011253 -0.001322376724529839 0.999997163159563 0.019787394210666776 0.0012581703380192266 -0.4730850092132286
FixedParameters: 0 0 0
#Transform 38
Transform: MatrixOffsetTransformBase_double_3_3
Parameters: 0.9999989784918732 -0.00016939909632778265 -0.0014116695219909899 0.0001710421677120387 0.9999996612712285 0.000581591203208276 0.0014114713863483297 -0.0005824072134798797 0.999998639773394 0.0008867403683012753 0.013998195598119878 -0.46107665420524313
FixedParameters: 0 0 0
#Transform 39
Transform: MatrixOffsetTransformBase_double_3_3
Parameters: 0.9999995597897643 -0.000029630493455945606 -0.000662928766968914 0.00003061890341525623 0.999998781967379 0.0014889793772514814 0.0006626688465893253 -0.0014890193132120477 0.9999983435794606 -0.0032521194528101205 -0.08332297628632546 -0.44473500050687775
FixedParameters: 0 0 0
#Transform 40
Transform: MatrixOffsetTransformBase_double_3_3
Parameters: 0.9999984290284372 -0.00035297326459751834 -0.0015642867400315645 0.00035393189101843523 0.9999993500529641 0.0006212500322035353 0.0015636771910698744 -0.00062174901595205 0.9999983064511458 0.00986344053487187 0.01977899270968919 -0.4741019214041806
FixedParameters: 0 0 0
#Transform 41
Transform: MatrixOffsetTransformBase_double_3_3
Parameters: 0.9999975862426909 -0.00018013956102325856 -0.002093053934270472 0.00018367098283046923 0.9999983274309848 0.0015902534803197144 0.002092950074296141 -0.0015907437865554097 0.9999961994270063 0.02628499147819241 -0.06592071269474786 -0.4678261373221382
FixedParameters: 0 0 0
#Transform 42
Transform: MatrixOffsetTransformBase_double_3_3
Parameters: 0.9999989409456074 0.0003053588350756232 -0.0017221485362426863 -0.0003038299539964358 0.999999903933528 0.0010163575131057478 0.0017224270544748353 -0.001015643767345309 0.9999979724966821 0.023990567693985554 0.007138548074451023 -0.45702420648652975
FixedParameters: 0 0 0
#Transform 43
Transform: MatrixOffsetTransformBase_double_3_3
Parameters: 0.9999998756910433 -0.00032507089333746623 0.0001365205315180286 0.00032494077789916323 0.9999996677940882 0.0004760442528297104 -0.00013682993639959335 -0.00047595541312800416 0.999999754745114 -0.03693224850492527 0.01613564309499793 -0.42710930101205946
FixedParameters: 0 0 0
#Transform 44
Transform: MatrixOffsetTransformBase_double_3_3
Parameters: 0.9999977088595756 -0.0000894616523101893 -0.002298330486007115 0.00009174351327464356 0.9999994978500581 0.001176427796662105 0.002298592079806515 -0.0011765731373624133 0.9999964426992629 0.03226521811865268 -0.062230325428117794 -0.42488798742224176
FixedParameters: 0 0 0
#Transform 45
Transform: MatrixOffsetTransformBase_double_3_3
Parameters: 0.9999983341005181 -0.000260031450407382 -0.0016122480944524792 0.0002608636510273676 0.9999990663507002 0.0008692160805979232 0.0016114547582194755 -0.0008697845346649635 0.9999987556878487 0.01816951081212892 0.01301068824766105 -0.4611957078005098
FixedParameters: 0 0 0
#Transform 46
Transform: MatrixOffsetTransformBase_double_3_3
Parameters: 0.9999993846368028 0.00006104428627545815 -0.0007821189162566808 -0.00005996803919122369 0.9999992592108834 0.0013180472474914329 0.0007821082016355998 -0.0013179526043475553 0.9999986511760249 0.018723471068938125 -0.06829882290210776 -0.407736358668938
FixedParameters: 0 0 0
#Transform 47
Transform: MatrixOffsetTransformBase_double_3_3
Parameters: 0.9999991196374721 -0.00002848461205134478 -0.0013711583483318776 0.000029664256562750445 0.9999997079200039 0.001148793528605141 0.0013707511168590592 -0.0011492087024966846 0.9999987713111321 0.016076725878676257 0.027375110031016447 -0.4681385771391824
FixedParameters: 0 0 0
#Transform 48
Transform: MatrixOffsetTransformBase_double_3_3
Parameters: 0.9999999493728264 0.00017639765432274988 -0.0010097074402122407 -0.00017450266960906662 0.9999983058129088 0.0019141768392432201 0.0010100386455775643 -0.0019138224774578605 0.9999973167605208 0.00714996279521074 -0.060775146205102715 -0.43103987396929
FixedParameters: 0 0 0
#Transform 49
Transform: MatrixOffsetTransformBase_double_3_3
Parameters: 0.9999996032285832 -0.0005336359160236138 -0.0003343138626258001 0.0005341602828133716 0.9999996354281678 0.0010388223782169803 0.00033418983135233044 -0.0010391792930473376 0.9999998087561228 -0.03639059501909969 0.01669367312825898 -0.43428277099797796
FixedParameters: 0 0 0
#Transform 50
Transform: MatrixOffsetTransformBase_double_3_3
Parameters: 0.9999999714140138 0.00003380393212218555 -0.00016566013278943568 -0.00003358092262952134 0.9999995459343964 0.0006730052576147116 0.00016570548285839735 -0.0006729940942662993 0.9999995196220532 -0.029085933810748088 0.003992866196355749 -0.41167347197750814
FixedParameters: 0 0 0
#Transform 51
Transform: MatrixOffsetTransformBase_double_3_3
Parameters: 0.9999996771201153 -0.0005623525501670653 -0.00008148443208134597 0.0005625171259353619 0.9999996493744442 0.001016955144841486 0.00008034043991871014 -0.0010170461626770322 0.99999995916595 -0.03659592319306171 0.017771789941818383 -0.4378413646925914
FixedParameters: 0 0 0
#Transform 52
Transform: MatrixOffsetTransformBase_double_3_3
Parameters: 0.9999999591960056 -0.00003444322298732107 0.0001990418479608128 0.00003432140242218185 0.9999999051811227 0.0003060068024773044 -0.00019906289002519857 -0.00030599311524528994 0.9999998667429079 -0.03709755477945009 0.03115868063042626 -0.42263265045706433
FixedParameters: 0 0 0
#Transform 53
Transform: MatrixOffsetTransformBase_double_3_3
Parameters: 0.9999996655207395 -0.0002526916587328277 -0.001126942797978284 0.00025402687125532155 0.9999997147806402 0.0011047145859585383 0.0011271980739899926 -0.0011052856953728263 0.9999985086883466 -0.0012812699960562668 0.00886710086994924 -0.4031364531459296
FixedParameters: 0 0 0
#Transform 54
Transform: MatrixOffsetTransformBase_double_3_3
Parameters: 0.9999998665750701 -0.00036184640509635634 0.00004992085163569835 0.0003617836201808809 0.9999994772125069 0.0006260178146909601 -0.0000503738431926629 -0.0006259815276327962 0.9999996056109747 -0.04576007752596922 0.012693594588384371 -0.4117627560586712
FixedParameters: 0 0 0
#Transform 55
Transform: MatrixOffsetTransformBase_double_3_3
Parameters: 0.9999998871870958 -0.00019395240386703547 -0.00027421771721262994 0.00019442212829338942 0.999999227840806 0.0008569460558351949 0.00027388488095015447 -0.0008570524919589706 0.9999991904495342 -0.037645624172157 0.014200911203417377 -0.4008620748821734
FixedParameters: 0 0 0
#Transform 56
Transform: MatrixOffsetTransformBase_double_3_3
Parameters: 0.9999984877729097 0.0002712079413115492 -0.0015616246697769496 -0.00026934152184591434 0.9999991513227409 0.000913086223216869 0.0015619479829014364 -0.0009129129043575213 0.999998669311786 0.01710444927716992 0.0006071052530813859 -0.3363751096560428
FixedParameters: 0 0 0
#Transform 57
Transform: MatrixOffsetTransformBase_double_3_3
Parameters: 0.9999988375264297 -0.00024072785573870796 -0.0017622709645991183 0.00024256085997983223 0.9999996375290793 0.0010793778246524777 0.0017614088366742294 -0.001079622698634819 0.999997869353667 -0.0005612695269689993 0.03933803038290762 -0.4523050729105762
FixedParameters: 0 0 0
#Transform 58
Transform: MatrixOffsetTransformBase_double_3_3
Parameters: 0.9999993761287431 0.000004565653233583566 -0.0007899244904945173 -0.00000342874485685421 0.9999990272621015 0.0013439739980972698 0.0007897650226082991 -0.0013430256285423825 0.9999987388808076 -0.0030117221661924987 -0.0016816549250506796 -0.3846041921259058
FixedParameters: 0 0 0
#Transform 59
Transform: MatrixOffsetTransformBase_double_3_3
Parameters: 0.9999989333322045 0.00010868026923925887 -0.0014335243545721195 -0.00010747238391123028 0.9999994320640344 0.000764986655236749 0.0014335195028156483 -0.0007650122483641997 0.9999983308184424 0.013826282609272766 0.027879411575540303 -0.46851710550365766
FixedParameters: 0 0 0
#Transform 60
Transform: MatrixOffsetTransformBase_double_3_3
Parameters: 0.9999999081788777 -0.00027113561252049086 0.0001343963609602806 0.00027166306380065384 0.9999980397379912 0.00169903500271959 -0.00013514836664241004 -0.0016989618516014549 0.9999980952403661 -0.04277235556752146 -0.09158790717870602 -0.45843541558947365
FixedParameters: 0 0 0
#Transform 61
Transform: MatrixOffsetTransformBase_double_3_3
Parameters: 0.99999969103103 0.00007789870692416355 -0.0011414470387646261 -0.00007694214425341823 0.9999998474154329 0.00041892044457148003 0.0011415119177863094 -0.00041907914939159907 0.9999994924936056 0.0046155960158671405 0.036533592292585126 -0.46736311938189345
FixedParameters: 0 0 0
#Transform 62
Transform: MatrixOffsetTransformBase_double_3_3
Parameters: 0.9999995052665199 -0.0005685781034795247 -0.0010817859571152916 0.0005708015107168267 0.999998816479696 0.001640355689573686 0.0010817174135027109 -0.00164064616023607 0.9999983062978071 -0.0042985105301767135 -0.07713223745186326 -0.42289235508392053
FixedParameters: 0 0 0
#Transform 63
Transform: MatrixOffsetTransformBase_double_3_3
Parameters: 0.9999998028494501 -0.0003889394751394297 -0.00021482814105029365 0.0003882873024998495 0.999999475391618 0.0011719173180851916 0.0002147324305528117 -0.001172084253111938 0.9999995802870462 -0.038602619283381046 -0.008437825588544001 -0.3952467594682183
FixedParameters: 0 0 0
#Transform 64
Transform: MatrixOffsetTransformBase_double_3_3
Parameters: 0.9999999085938434 -0.0002892632724463246 -0.0000877251264434431 0.0002892161088154048 0.9999994277379283 0.0006989742863390269 0.00008830617794748415 -0.0006990252028113986 0.999999503654272 -0.04609237648624287 0.019227607868870678 -0.40498375748843785
FixedParameters: 0 0 0
#Transform 65
Transform: MatrixOffsetTransformBase_double_3_3
Parameters: 0.9999999635127599 -0.00018867884343279644 -0.000029837590715559376 0.00018859901389602746 0.9999987023950174 0.0015039939772800714 0.0000302555735860887 -0.0015040053158194566 0.999998737084245 -0.03499614122418393 -0.06715414505568162 -0.3997452607036571
FixedParameters: 0 0 0
#Transform 66
Transform: MatrixOffsetTransformBase_double_3_3
Parameters: 0.9999999201219293 -0.00023608547363332253 0.000155998782207208 0.0002357739667941218 0.9999997382201224 0.00045403668648374973 -0.0001552275981318487 -0.00045396325983365626 0.9999997696698316 -0.04373464784688963 0.03243356302427003 -0.4471936039889499
FixedParameters: 0 0 0
#Transform 67
Transform: MatrixOffsetTransformBase_double_3_3
Parameters: 0.9999999653070365 -0.00016442076061402077 -0.00008751462879054166 0.00016466898708939446 0.9999989508365534 0.0014219855564144568 0.00008704666317843625 -0.0014220142821090853 0.9999989703006339 -0.03666846516694022 -0.005762947968520393 -0.3874323199619667
FixedParameters: 0 0 0
#Transform 68
Transform: MatrixOffsetTransformBase_double_3_3
Parameters: 0.9999998067501079 -0.00043366812199989777 0.0000719848237257066 0.0004335807023762682 0.999999445943493 0.0006050309892660088 -0.00007250950826965573 -0.0006049683340119683 0.9999996287570241 -0.04156918760160977 0.02669458658571955 -0.4315520482564885
FixedParameters: 0 0 0
#Transform 69
Transform: MatrixOffsetTransformBase_double_3_3
Parameters: 0.9999998449101358 -0.0003771983755293582 -0.0001131866831567231 0.0003773902476489176 0.9999991351474384 0.0008499566695802374 0.00011254528384519765 -0.0008500418385184172 0.9999992647639655 -0.0532489396569531 0.015347299539641313 -0.4039664015475104
FixedParameters: 0 0 0
#Transform 70
Transform: MatrixOffsetTransformBase_double_3_3
Parameters: 0.9999999104240528 -0.00027308592959384326 -0.00012247454376576773 0.000273259323921064 0.9999994226942404 0.0007089661756696231 0.00012208718575344214 -0.0007090329845106103 0.9999994823684079 -0.038339388344184044 0.008838823953382757 -0.39296371434111066
FixedParameters: 0 0 0
#Transform 71
Transform: MatrixOffsetTransformBase_double_3_3
Parameters: 0.9999980214067492 -0.0002044890881898477 -0.0017133638540696302 0.00020719751079438677 0.9999995476143209 0.0011274502462295943 0.0017137148777867123 -0.001127549083351026 0.9999979312778187 0.003327451187914221 0.030801203175016667 -0.42709818204296823
FixedParameters: 0 0 0
#Transform 72
Transform: MatrixOffsetTransformBase_double_3_3
Parameters: 0.9999997675395805 -0.0003604961783580018 -0.00032040339938631094 0.0003599161572701078 0.9999990928165012 0.0008977171288733765 0.00032057166874495223 -0.0008982834653289418 1.000000061914675 -0.04420879353168061 0.033487508366235375 -0.37226669964860193
FixedParameters: 0 0 0
#Transform 73
Transform: MatrixOffsetTransformBase_double_3_3
Parameters: 0.9999997807100558 -0.000404624906232233 -0.00023573029842851196 0.0004050748830797197 0.9999998931869798 0.0009560723187938547 0.00023495622667471912 -0.000955927426475961 0.9999990596512129 -0.046325286720858116 0.019958754792497757 -0.4454132956325303
FixedParameters: 0 0 0
#Transform 74
Transform: MatrixOffsetTransformBase_double_3_3
Parameters: 0.9999996775501081 -0.00036647814029632897 -0.00043375518442236656 0.00036657355830657456 0.9999998535584927 0.00010984099534080971 0.0004336745500060699 -0.00011015893105828511 0.9999997997916235 -0.038890817387269294 0.023453140559851704 -0.3392329334079811
FixedParameters: 0 0 0
#Transform 75
Transform: MatrixOffsetTransformBase_double_3_3
Parameters: 0.999999931635021 -0.00025534704764814385 0.00005623930611467361 0.00025529169718532986 0.9999996937298751 0.0004910142386317373 -0.00005649002916465277 -0.0004909854574924599 0.9999997557432952 -0.03946690702682076 0.03184286227120481 -0.406438701552446
FixedParameters: 0 0 0
#Transform 76
Transform: MatrixOffsetTransformBase_double_3_3
Parameters: 0.9999996048153388 -0.0005994826161262916 -0.00018922234967023137 0.0005997394039424543 0.9999991780650663 0.0006798862008335904 0.00018840688032291172 -0.0006801126328528639 0.9999995019510654 -0.042261079438148386 0.036957793749309076 -0.4056935341947536
FixedParameters: 0 0 0
#Transform 77
Transform: MatrixOffsetTransformBase_double_3_3
Parameters: 0.9999998569711117 -0.00036627223121389493 -0.00009420012413310351 0.00036651218308809936 0.9999992273523931 0.0012799659362372484 0.0000932621601198014 -0.0012800346233028115 0.9999993528165824 -0.04488468680420965 0.010353649207246463 -0.39415351370221785
FixedParameters: 0 0 0
#Transform 78
Transform: MatrixOffsetTransformBase_double_3_3
Parameters: 0.9999999529440038 -0.00021624903742779536 -0.000017098178459089613 0.0002162555189760975 0.9999999171344879 0.00018999629540045193 0.000017016003135590455 -0.00019000367300045506 0.9999999636095218 -0.04873945267544855 0.031233355527675144 -0.4056384757605862
FixedParameters: 0 0 0
#Transform 79
Transform: MatrixOffsetTransformBase_double_3_3
Parameters: 0.999999699795084 -0.0004356376675389932 -0.00033230222792134817 0.0004360523731685375 0.9999992523120208 0.0006248258832294296 0.0003317578589462607 -0.0006241732547053735 0.9999996674834783 -0.03025467237499413 0.0257799700318202 -0.38465691856922746
FixedParameters: 0 0 0
#Transform 80
Transform: MatrixOffsetTransformBase_double_3_3
Parameters: 0.9999980421622613 -0.000337403635669313 -0.0016865986044850379 0.00033945509699715223 0.9999999358077994 0.0009002327485077011 0.001685818885282107 -0.0009007674709897995 0.9999984845522636 -0.0010934074782511516 0.03441841754532504 -0.4486974376996926
FixedParameters: 0 0 0
#Transform 81
Transform: MatrixOffsetTransformBase_double_3_3
Parameters: 0.9999995775125721 -0.0005852796748166407 -0.00028241229137979454 0.0005857157952287699 0.9999995037125557 0.0010738354948240658 0.00028214005112924364 -0.001074166041006297 0.9999997668456373 -0.037275814433129995 0.011370058358579627 -0.3796089347482763
FixedParameters: 0 0 0
#Transform 82
Transform: MatrixOffsetTransformBase_double_3_3
Parameters: 0.9999991425452337 -0.00017852781732003443 -0.0009087974156218528 0.00017836472376328374 0.999999595674103 0.00045280883804846295 0.0009084657134930699 -0.00045219106564839406 0.9999991373588885 -0.004068562600821224 0.024287910821044534 -0.36387344053996173
FixedParameters: 0 0 0
#Transform 83
Transform: MatrixOffsetTransformBase_double_3_3
Parameters: 0.9999992459013863 -0.00031654378985342786 -0.0008089175991323614 0.0003164058670562963 0.9999996252664097 0.0005237439091998752 0.0008084157256228802 -0.0005242557557477434 0.9999990714831523 -0.00033836172121937125 0.02398209738990431 -0.35734140009497395
FixedParameters: 0 0 0
#Transform 84
Transform: MatrixOffsetTransformBase_double_3_3
Parameters: 0.9999995144245115 0.00006844211540239655 -0.0006934268726606493 -0.0000686230964475789 0.9999993169954113 -0.0008411203861496963 0.0006934818107453315 0.0008408799844641657 0.9999997828665981 0.005385381379454657 0.08805090707195973 -0.328116523097961
FixedParameters: 0 0 0
#Transform 85
Transform: MatrixOffsetTransformBase_double_3_3
Parameters: 0.9999998216946326 -0.00038207906658304746 -0.0001800931207686833 0.0003817463428985298 0.9999989053290437 -0.0013960688201415383 0.0001801740144850031 0.0013959312319323236 0.9999990187314404 -0.02853863493490394 0.1021981949684374 -0.34794541522052214
FixedParameters: 0 0 0
#Transform 86
Transform: MatrixOffsetTransformBase_double_3_3
Parameters: 0.9999996989745656 -0.0005101307697198532 -0.00020224910007307336 0.0005099009071238286 0.9999997327939203 -0.0009889354220299629 0.0002022725051799554 0.000989064562820191 0.9999990099383939 -0.03834031096629076 0.08785541879773007 -0.34983660768729763
FixedParameters: 0 0 0
#Transform 87
Transform: MatrixOffsetTransformBase_double_3_3
Parameters: 0.9999997792950577 -0.0004301505772489629 -0.00018887925801794016 0.0004300738569083087 0.9999997737949381 -0.00020308122350717883 0.00018905388479115346 0.00020291867015528875 0.999999923082141 -0.03655102843126201 0.06542538543027376 -0.4115708105272553
FixedParameters: 0 0 0
#Transform 88
Transform: MatrixOffsetTransformBase_double_3_3
Parameters: 0.9999998962860269 -0.0002922276703698467 0.00013534013101052043 0.00029233503771767253 0.9999997569635969 -0.0003969603724180981 -0.00013510805902001524 0.00039703942009144955 0.9999998241045122 -0.029923321130752356 0.03440125017955609 -0.32049270662600193
FixedParameters: 0 0 0
#Transform 89
Transform: MatrixOffsetTransformBase_double_3_3
Parameters: 0.9999997438550656 -0.0004861273319570192 -0.0001408015828940616 0.00048612930305276314 0.9999997636301815 0.000006931552200717395 0.0001407947784054793 -0.0000070684442132484815 0.9999999801268843 -0.03438990630019134 0.04167834223166267 -0.41680707308030307
FixedParameters: 0 0 0
#Transform 90
Transform: MatrixOffsetTransformBase_double_3_3
Parameters: 0.9999993708092112 -0.00026634959251103647 -0.0007474208768309721 0.0002660531172581856 0.9999997166147372 0.0004608010478482083 0.0007470052310952704 -0.0004611988670922551 0.9999992291525134 0.00022151346145449224 0.0278447716199679 -0.39367513425649037
FixedParameters: 0 0 0
#Transform 91
Transform: MatrixOffsetTransformBase_double_3_3
Parameters: 0.999999247222569 0.00011500492472063646 -0.0008599713550071219 -0.00011510123859357797 0.9999999836269174 -0.000055901015933140785 0.0008599584695282011 0.000056098899406525904 0.9999992573236566 0.010692011964835046 0.030705378582894127 -0.36107141931810816
FixedParameters: 0 0 0
#Transform 92
Transform: MatrixOffsetTransformBase_double_3_3
Parameters: 0.9999999949590028 0.000012137479976179733 -0.00006995483313052864 -0.000012032254057921035 0.9999994343484445 0.000752000415802534 0.00006997300880180811 -0.0007519987260982686 0.9999994296032034 -0.021870446370940044 0.042956113157543996 -0.40965882007006726
FixedParameters: 0 0 0
#Transform 93
Transform: MatrixOffsetTransformBase_double_3_3
Parameters: 0.9999996641678864 -0.00024618419573180336 -0.0011290664486597725 0.00024554563159454815 0.9999994515623148 -0.0007194453099656217 0.0011295902140362397 0.0007185545347178635 0.999999178683355 0.006917759495365772 0.09900257498841825 -0.3612821830361419
FixedParameters: 0 0 0
#Transform 94
Transform: MatrixOffsetTransformBase_double_3_3
Parameters: 0.9999996239751555 -0.0004570145330211041 -0.00040885500949702346 0.00045717313495866773 0.9999997534286827 0.00019381307493340771 0.00040867765855919966 -0.00019418676456658956 0.9999997952745036 -0.0296869625496754 0.025279152451119558 -0.3240335038165796
FixedParameters: 0 0 0
#Transform 95
Transform: MatrixOffsetTransformBase_double_3_3
Parameters: 0.9999997908760717 -0.00045114837283541685 0.00007476121730497542 0.0004513065902243686 0.9999996621702045 -0.00106496718088811 -0.00007380010077223853 0.0010650342177773442 0.9999998602538999 -0.051996693641456204 0.09814203903675889 -0.37094503825375114
FixedParameters: 0 0 0
#Transform 96
Transform: MatrixOffsetTransformBase_double_3_3
Parameters: 0.9999999460800061 -0.00021726822588976426 -0.0000819424371769694 0.00021709929304805422 0.999999896048673 -0.0010280187583792955 0.00008238896803399882 0.001027983070012839 0.9999999364612862 -0.027460253940517987 0.07812061622000499 -0.34132927106305644
FixedParameters: 0 0 0
#Transform 97
Transform: MatrixOffsetTransformBase_double_3_3
Parameters: 0.9999999683820019 -0.00004684899500725989 0.0001715318300335667 0.00004690902781740838 0.9999999671777868 -0.00017499194809697527 -0.00017151542241419855 0.00017500803011805122 0.9999999399542188 -0.02938567543756676 0.028283399613229676 -0.3345091117057528
FixedParameters: 0 0 0
#Transform 98
Transform: MatrixOffsetTransformBase_double_3_3
Parameters: 0.9999990117787889 0.00006911257953488124 -0.0009917385554866086 -0.0000694950458638726 0.9999999317514854 0.00030390147069758733 0.0009916104835131845 -0.0003040994692748711 0.9999998951949473 0.02736138080537387 0.03681835145734169 -0.39910535332835195
FixedParameters: 0 0 0
#Transform 99
Transform: MatrixOffsetTransformBase_double_3_3
Parameters: 0.9999993165395141 0.0001603422363078812 -0.0012875366784531111 -0.00015865027212644197 0.999999571882083 0.0006570369151484845 0.0012877462571801157 -0.0006569616195959693 0.9999988813599658 0.03535017007430952 0.013627246033479423 -0.3159726017783093
FixedParameters: 0 0 0
#Transform 100
Transform: MatrixOffsetTransformBase_double_3_3
Parameters: 0.999999517062352 -0.00044247064115794383 -0.0005358704556227089 0.0004419388410097295 0.9999995584402134 -0.0004962366996277556 0.0005363091242698878 0.0004957625772502028 0.9999994665904972 -0.0053152253094594926 0.11178070055252931 -0.4045530904241055
FixedParameters: 0 0 0
#Transform 101
Transform: MatrixOffsetTransformBase_double_3_3
Parameters: 0.9999995197512488 0.00011782195448410374 -0.0006829103217127096 -0.00011808827877125589 0.9999999480620786 -0.00019491934867257865 0.0006828643195225923 0.00019508044920185652 0.9999994956392098 0.006410039689995983 0.031036297115775824 -0.3417405161539975
FixedParameters: 0 0 0
#Transform 102
Transform: MatrixOffsetTransformBase_double_3_3
Parameters: 0.9999984307829527 -0.00010853320022629096 -0.0018862302117423466 0.0001095904294159323 0.9999995850985371 0.0005414297880557695 0.0018859418900112285 -0.0005415700349198083 0.9999982592395036 0.05376097747591757 0.04048587496961886 -0.42965364181907617
FixedParameters: 0 0 0
#Transform 103
Transform: MatrixOffsetTransformBase_double_3_3
Parameters: 0.999996693772853 0.0004611898660006219 -0.002663366623030954 -0.00045994859945191834 0.9999997290355055 0.0004185557087345304 0.0026635814511719856 -0.0004174440841830662 0.9999966152887351 0.09568591973403784 0.02176109822670469 -0.36813337280830183
FixedParameters: 0 0 0
#Transform 104
Transform: MatrixOffsetTransformBase_double_3_3
Parameters: 0.9999974673520957 0.0003644758491689248 -0.0020975695579290242 -0.00036224693064247616 0.9999999239056766 0.001001427387633702 0.0020979565906369016 -0.0010005737979895402 0.9999975394406918 0.07702907791573921 0.050757994517894645 -0.44114646371309973
FixedParameters: 0 0 0
#Transform 105
Transform: MatrixOffsetTransformBase_double_3_3
Parameters: 0.9999993374891252 0.0006798336912041548 -0.001095703475831166 -0.0006790426212097213 0.9999993077793976 0.0011827737113163928 0.00109598452022168 -0.0011822266538461246 0.9999982330949219 0.06444892885268416 0.007309172007509801 -0.3483470312838719
FixedParameters: 0 0 0
#Transform 106
Transform: MatrixOffsetTransformBase_double_3_3
Parameters: 0.9999976220046045 0.00038096261525467104 -0.002287550438751491 -0.0003789070427966877 0.9999991681603756 0.0008803655503520913 0.0022878787068587336 -0.000879633539425384 0.9999969050427074 0.09183909786992217 0.05892349401095487 -0.46213595354752357
FixedParameters: 0 0 0
#Transform 107
Transform: MatrixOffsetTransformBase_double_3_3
Parameters: 0.9999966980907031 0.00042878951592757806 -0.0026679893313961926 -0.00042598594266058727 0.9999993065500835 0.0012646376500858592 0.00266838893328483 -0.0012633632996916222 0.9999951961404341 0.1028091370348676 -0.0024516883782297327 -0.4037878712133569
FixedParameters: 0 0 0
#Transform 108
Transform: MatrixOffsetTransformBase_double_3_3
Parameters: 0.9999993123880405 0.0002061110972434201 -0.0012826202881393001 -0.00020751629028452974 0.999999117577994 -0.0009319016826444815 0.001282404997424827 0.0009320967155336812 0.9999984575626708 0.06676330651826845 0.11135576545994752 -0.45203556154424973
FixedParameters: 0 0 0
#Transform 109
Transform: MatrixOffsetTransformBase_double_3_3
Parameters: 0.9999979994679901 0.00046679586251688527 -0.0019448652003141024 -0.0004659296213536773 0.9999996138706274 0.00047657156370936593 0.001945138969286027 -0.0004754283120783076 0.9999979324450013 0.0874542409328285 0.04395054307306623 -0.4367627577022297
FixedParameters: 0 0 0
#Transform 110
Transform: MatrixOffsetTransformBase_double_3_3
Parameters: 0.9999991409858896 0.00016982588809608 -0.0013528387475446868 -0.00016966354277608706 0.9999999965578635 0.00006006186140028458 0.0013528591176639666 -0.00005993803508380635 0.9999991372280327 0.08607509698555305 0.05542145843347157 -0.47400719859586005
FixedParameters: 0 0 0
#Transform 111
Transform: MatrixOffsetTransformBase_double_3_3
Parameters: 0.9999982030121606 0.00011313171929752355 -0.0016681409995528515 -0.00011318940112018754 0.9999999079240635 0.00032902138339727105 0.0016690306581912501 -0.00032897919895602534 0.9999980786058268 0.07360737044326982 0.038249071442066906 -0.4290902505998524
FixedParameters: 0 0 0
#Transform 112
Transform: MatrixOffsetTransformBase_double_3_3
Parameters: 0.9999985443544216 0.00025449080628572147 -0.0015462502521425918 -0.00025431032792057415 0.99999982212152 0.0003772258251510119 0.0015462718616393266 -0.000376774537122343 0.9999984379746231 0.07349896916159082 0.03961153898760017 -0.43530056266844497
FixedParameters: 0 0 0
#Transform 113
Transform: MatrixOffsetTransformBase_double_3_3
