#Insight Transform File V1.0
#Transform 0
Transform: MatrixOffsetTransformBase_double_3_3
Parameters: 0.9999999798971151 -0.0009948375446004493 -0.0001743565927182872 0.0009953467428475264 0.9999969439514177 0.0024569965449690034 0.00017143751950456781 -0.0024570051951122718 0.9999969622221038 -0.0447549206358957 -0.12131488541704982 -0.4031677118650734
FixedParameters: 0 0 0
#Transform 1
Transform: MatrixOffsetTransformBase_double_3_3
Parameters: 0.9999997158911427 -0.0004041962338404854 -0.00034773319320510103 0.00040434746247849885 0.9999982983939341 0.0018808602620042636 0.0003470275205650524 -0.001881141137602238 0.9999983411658547 -0.01723972259759421 -0.06297408875313693 -0.4163884734689738
FixedParameters: 0 0 0
#Transform 2
Transform: MatrixOffsetTransformBase_double_3_3
Parameters: 0.9999997751455527 -0.000457149580401594 -0.0001257902577372295 0.00045758596904375495 0.9999969198704396 0.002422942750743118 0.00012455925871026767 -0.0024230572570470843 0.9999971133991943 -0.02248048315830431 -0.10234306115881964 -0.38933779207119557
FixedParameters: 0 0 0
#Transform 3
Transform: MatrixOffsetTransformBase_double_3_3
Parameters: 0.9999994538037247 -0.0005907970771817463 -0.00044364243777908377 0.0005914492795817293 0.999999762270787 0.0009269054632535245 0.0004435319047009763 -0.0009270944429004835 0.999998972874732 -0.017155652505877583 0.017160571223030274 -0.41800973874076774
FixedParameters: 0 0 0
#Transform 4
Transform: MatrixOffsetTransformBase_double_3_3
Parameters: 0.999999685153007 -0.0004366135796452056 -0.00035275165605152604 0.000437306731819081 0.9999969131642804 0.0026258486363879285 0.00035127193491748827 -0.0026261562718165044 0.999996980199411 -0.013477636226852496 -0.10457373305970918 -0.40207833238334345
FixedParameters: 0 0 0
#Transform 5
Transform: MatrixOffsetTransformBase_double_3_3
Parameters: 0.9999993998544294 -0.0006243946592592956 -0.001100333391056946 0.0006265658808118121 0.99999628731809 0.0024861159014999135 0.0010986830604306197 -0.00248688474344147 0.9999967471465172 0.01149534562486565 -0.07437684924170185 -0.4336619727120983
FixedParameters: 0 0 0
#Transform 6
Transform: MatrixOffsetTransformBase_double_3_3
Parameters: 0.999999031893571 -0.0007175795309915593 -0.000672998952497657 0.000719588754239964 0.9999963282617789 0.0024805153294258364 0.0006712339395877865 -0.0024814812808835185 0.9999963928963654 -0.01798719626653167 -0.1341645806612064 -0.3561673743104663
FixedParameters: 0 0 0
#Transform 7
Transform: MatrixOffsetTransformBase_double_3_3
Parameters: 0.9999995188806692 -0.0006878262121264047 -0.00008968756566843505 0.0006879905681574104 0.9999979848485295 0.001881939156228557 0.00008808368446073183 -0.0018820614500224542 0.9999984501758685 -0.03180796287053056 -0.0843549359697704 -0.4403739470627457
FixedParameters: 0 0 0
#Transform 8
Transform: MatrixOffsetTransformBase_double_3_3
Parameters: 0.9999991432532117 -0.0005932507783860889 -0.000710148159525311 0.0005955598609529201 0.9999959176624147 0.002561546652392499 0.0007089036250489232 -0.002561448094001495 0.9999961030158936 -0.008878492047287523 -0.11287100065506195 -0.39577821990095075
FixedParameters: 0 0 0
#Transform 9
Transform: MatrixOffsetTransformBase_double_3_3
Parameters: 0.9999992975040647 -0.0007327804411490647 -0.0010795676539007806 0.0007354365959483609 0.9999969918379502 0.002302178681202971 0.0010778174782777956 -0.002302820385326476 0.999996702637199 0.0025002639447535557 -0.08227687594552435 -0.4303593524973941
FixedParameters: 0 0 0
#Transform 10
Transform: MatrixOffsetTransformBase_double_3_3
Parameters: 0.9999995822215147 -0.0005907678682357281 -0.00026164465609112647 0.0005914888570587559 0.999997529658548 0.0020298449928387308 0.00026121549072531994 -0.0020301540741108903 0.9999978107555412 -0.02737110186400571 -0.10155462438255825 -0.3922451052655731
FixedParameters: 0 0 0
#Transform 11
Transform: MatrixOffsetTransformBase_double_3_3
Parameters: 0.9999995966489811 -0.0005978081693925275 -0.00021536541325300795 0.0005974917630034487 0.9999971249974557 0.0023488724515125514 0.00021435825791604691 -0.0023491292798741847 0.9999974360291409 -0.023867343487481207 -0.10038084005377357 -0.38373736416545157
FixedParameters: 0 0 0
#Transform 12
Transform: MatrixOffsetTransformBase_double_3_3
Parameters: 0.9999999013920651 -0.0007661156056198308 -0.0007157388773004726 0.0007668905950228128 0.9999975856085976 0.0021584250282880024 0.0007140602776096237 -0.0021585789195595895 0.9999979975172902 -0.010879598890639386 -0.0925659426514045 -0.39190181219971265
FixedParameters: 0 0 0
#Transform 13
Transform: MatrixOffsetTransformBase_double_3_3
Parameters: 0.9999992385317851 -0.000577736295662951 -0.0006536669121138529 0.0005798467990200359 0.999996742814637 0.00263062380651527 0.0006524219129271525 -0.0026313797661463856 0.999996651359325 -0.010380618031945232 -0.11865511630051628 -0.40323576424712115
FixedParameters: 0 0 0
#Transform 14
Transform: MatrixOffsetTransformBase_double_3_3
Parameters: 0.9999994845409279 -0.0007127855205669208 -0.00008642903934641833 0.0007128854977841411 0.9999968425457253 0.0025731070864281336 0.00008473159928793912 -0.0025728936487429688 0.999996401311908 -0.02361893626401468 -0.09757372640075346 -0.4448739719776178
FixedParameters: 0 0 0
#Transform 15
Transform: MatrixOffsetTransformBase_double_3_3
Parameters: 0.9999994063101201 -0.0007377588163903025 -0.00022185073867178736 0.0007385965076928179 0.9999963421793253 0.002666838505290231 0.0002198841077775107 -0.002667164589735954 0.9999968383172623 -0.025644954694556077 -0.1271994951652431 -0.4069196680372116
FixedParameters: 0 0 0
#Transform 16
Transform: MatrixOffsetTransformBase_double_3_3
Parameters: 0.9999994649743621 -0.000729497940594345 -0.00005477316064697757 0.0007294252148810304 0.9999963125099627 0.002480959659426657 0.000053124383922896345 -0.0024810383708310513 0.999996841726749 -0.028375165668592217 -0.10834221041406522 -0.43442165847444514
FixedParameters: 0 0 0
#Transform 17
Transform: MatrixOffsetTransformBase_double_3_3
Parameters: 0.9999996971748596 -0.0008860837768656978 -0.0007197221718054038 0.0008870659700762813 0.9999964106885701 0.0024083620305425935 0.0007180664558081249 -0.002409636743196386 0.9999966799068181 -0.011452510480921774 -0.12484650057481872 -0.422562033122599
FixedParameters: 0 0 0
#Transform 18
Transform: MatrixOffsetTransformBase_double_3_3
Parameters: 0.999999434685856 -0.0008235164271523341 -0.0009416580908486981 0.0008263477114666749 0.9999953444897136 0.002823221930721903 0.0009396146724134202 -0.002824773861630353 0.9999951402185288 -0.003514983420913609 -0.10855504264898741 -0.4424564662531516
FixedParameters: 0 0 0
#Transform 19
Transform: MatrixOffsetTransformBase_double_3_3
Parameters: 0.9999994012947194 -0.0006154266990816582 -0.0004682343353154307 0.0006173351707557445 0.99999684084375 0.0024037114709591356 0.0004672415893311479 -0.002404288085952083 0.9999970020015636 -0.019083976518089685 -0.12288608256272937 -0.4103393364114645
FixedParameters: 0 0 0
#Transform 20
Transform: MatrixOffsetTransformBase_double_3_3
Parameters: 0.9999989607694011 -0.0008504284991868002 -0.0005627115273588662 0.0008512521414696999 0.9999955858214682 0.0029426897102727 0.0005603192762933794 -0.0029433097855819934 0.9999950524094361 -0.012770668631773674 -0.10214787639544909 -0.44488280331822594
FixedParameters: 0 0 0
#Transform 21
Transform: MatrixOffsetTransformBase_double_3_3
Parameters: 0.9999997099235456 -0.0005377068019440548 0.00003274796407336776 0.0005373823211762664 0.9999974072205661 0.002303019199490275 -0.00003423848989967419 -0.0023029831950339696 0.9999976950647714 -0.026101336699383637 -0.09939877663693153 -0.4269070352141675
FixedParameters: 0 0 0
#Transform 22
Transform: MatrixOffsetTransformBase_double_3_3
Parameters: 0.9999992106961908 -0.0008912857588266033 -0.0009976727457662437 0.000893551174819331 0.9999967619357831 0.0022960812221605453 0.0009952042595667244 -0.002296917652448771 0.9999969009198991 0.014649700017997702 -0.07528779258953477 -0.4266337556286537
FixedParameters: 0 0 0
#Transform 23
Transform: MatrixOffsetTransformBase_double_3_3
Parameters: 0.9999990466753489 -0.0007698716256016559 -0.0006000879357272309 0.0007715651667091387 0.999996159982046 0.0026605104717120354 0.0005987729524103266 -0.002660492404142012 0.9999967301368158 -0.007028607495001893 -0.11444591294899453 -0.442664787587951
FixedParameters: 0 0 0
#Transform 24
Transform: MatrixOffsetTransformBase_double_3_3
Parameters: 0.9999998693980205 -0.0010473272153081054 0.00018283253158307851 0.0010470244855416036 0.9999962746710294 0.0025693601819584966 -0.00018607190355997245 -0.0025686384263743367 0.9999963951831056 -0.0418087937628826 -0.12101882998210556 -0.4204069902726033
FixedParameters: 0 0 0
#Transform 25
Transform: MatrixOffsetTransformBase_double_3_3
Parameters: 0.9999994487382176 -0.0007395689437177175 -0.00006694185174350046 0.0007394317989424884 0.9999955288907414 0.002814950711855835 0.00006573468375501855 -0.0028150488310636212 0.9999960713651639 -0.023917900305917783 -0.09781584012074518 -0.43678069584770185
FixedParameters: 0 0 0
#Transform 26
Transform: MatrixOffsetTransformBase_double_3_3
Parameters: 0.9999994784969019 -0.0007127228012483548 0.00011540584569174658 0.0007126971573976489 0.9999951918614851 0.0028810813821494308 -0.00011737146264327015 -0.002880915484330976 0.9999956862859569 -0.028965240975196593 -0.13280891705251463 -0.4121136914987531
FixedParameters: 0 0 0
#Transform 27
Transform: MatrixOffsetTransformBase_double_3_3
Parameters: 0.999999887524935 -0.0009209698923875327 -0.0005140422240869084 0.000922341765609027 0.9999953329113928 0.00279552638480704 0.0005116743318069483 -0.0027964717490364666 0.9999959193518817 -0.01697581713482066 -0.09808535924561568 -0.45445470835926116
FixedParameters: 0 0 0
#Transform 28
Transform: MatrixOffsetTransformBase_double_3_3
Parameters: 0.9999993944258299 -0.0007762004210923309 0.00006054065231561579 0.0007753276260090116 0.999995825564283 0.002951244485151272 -0.00006216376960139933 -0.0029517559059130116 0.9999951461158543 -0.03829597199218426 -0.16047351534436416 -0.41603087762527835
FixedParameters: 0 0 0
#Transform 29
Transform: MatrixOffsetTransformBase_double_3_3
Parameters: 0.9999992244331999 -0.0008546266947248927 0.00021233441314396788 0.0008540522997546195 0.9999951304721598 0.002853180944006828 -0.00021506825972185834 -0.002852815800909042 0.9999958147161075 -0.03859997031862861 -0.09175879889592409 -0.4562959101102493
FixedParameters: 0 0 0
#Transform 30
Transform: MatrixOffsetTransformBase_double_3_3
Parameters: 0.9999990731895465 -0.0009612633728059918 0.00005679031245390409 0.0009606217178073443 0.9999963705422248 0.0025842231121012416 -0.00005978565644256436 -0.002583775641052305 0.9999963485131456 -0.03173811859956288 -0.10491876336331529 -0.43199780678005695
FixedParameters: 0 0 0
#Transform 31
Transform: MatrixOffsetTransformBase_double_3_3
Parameters: 0.9999995333391284 -0.0006824213421283716 0.000035581853357109176 0.0006818859905169335 0.9999963736650515 0.0026760265056419985 -0.00003726192998771502 -0.0026759768191630118 0.9999968376860249 -0.025826682420870384 -0.10065992151409375 -0.44548059099555104
FixedParameters: 0 0 0
#Transform 32
Transform: MatrixOffsetTransformBase_double_3_3
Parameters: 0.9999990783779117 -0.0009465347350092545 -0.00016033460336788323 0.0009469798169318984 0.999995067577662 0.0030058510612196443 0.00015759890836808022 -0.0030061520731922975 0.9999959386738587 -0.027230163307550015 -0.1141646113366761 -0.45766254193496536
FixedParameters: 0 0 0
#Transform 33
Transform: MatrixOffsetTransformBase_double_3_3
Parameters: 0.9999998301389319 -0.0010328192344551967 -0.00032196088338945484 0.001033224753504656 0.9999944580297868 0.0032318368560526334 0.00031905483893840273 -0.0032321635939661086 0.9999944803989567 0.00003119252222916202 -0.15667083323707232 -0.4201428262991094
FixedParameters: 0 0 0
#Transform 34
Transform: MatrixOffsetTransformBase_double_3_3
Parameters: 0.9999990851517728 -0.0009231512448729107 0.0002501666873691764 0.0009224287631377726 0.9999959313531316 0.002717261401527754 -0.00025304103635136524 -0.002717739107764461 0.9999963841541688 -0.026251283521247615 -0.1050669996200071 -0.4664237347410918
FixedParameters: 0 0 0
#Transform 35
Transform: MatrixOffsetTransformBase_double_3_3
Parameters: 0.999999302558745 -0.0007726693360639186 -0.0003176145913565838 0.0007732535560093392 0.9999951113483656 0.0030207280773719425 0.0003147457239224327 -0.003020274815657059 0.9999959443167722 -0.029843069086311402 -0.14925176877662238 -0.41416615212836305
FixedParameters: 0 0 0
#Transform 36
Transform: MatrixOffsetTransformBase_double_3_3
Parameters: 0.9999992260554675 -0.0008644303754735692 0.00016373584352123529 0.0008638968057557363 0.999994895704522 0.0030591434137156037 -0.00016589637443552017 -0.003058858562070693 0.9999956153354569 -0.03510171065008194 -0.08956989316106956 -0.46986186524637574
FixedParameters: 0 0 0
#Transform 37
Transform: MatrixOffsetTransformBase_double_3_3
Parameters: 0.9999997349341981 -0.0010371942771814295 -0.00043547614693503073 0.0010385293044853803 0.9999940626164149 0.0032656875958003706 0.00043148386806189664 -0.003265309879606021 0.9999943452821912 -0.017968140690072687 -0.14847676381592123 -0.4315587726746628
FixedParameters: 0 0 0
#Transform 38
Transform: MatrixOffsetTransformBase_double_3_3
Parameters: 0.9999997868664134 -0.0010702772173581375 0.00026067702885419823 0.0010692168072770573 0.9999952593124014 0.0029274477099970886 -0.0002638129057706607 -0.0029265511900574137 0.999995392857467 -0.03858464873066225 -0.10699357029302803 -0.48385132325214286
FixedParameters: 0 0 0
#Transform 39
Transform: MatrixOffsetTransformBase_double_3_3
Parameters: 0.9999991610139205 -0.0009154079520597555 -0.000037089649787836924 0.0009151131794468093 0.999995078065325 0.0030139688162872103 0.00003452866977490679 -0.003014034370623253 0.999995914501953 -0.033077340784402054 -0.16533301683639934 -0.43806107368486735
FixedParameters: 0 0 0
#Transform 40
Transform: MatrixOffsetTransformBase_double_3_3
Parameters: 0.9999989982352901 -0.0009906435117589282 0.00014272326768755602 0.000990288187261834 0.9999956840518355 0.0028823110609685065 -0.00014530589095946515 -0.002881690330395814 0.999995702292779 -0.034100219258263564 -0.09455237485781254 -0.4564647292176218
FixedParameters: 0 0 0
#Transform 41
Transform: MatrixOffsetTransformBase_double_3_3
Parameters: 0.9999991749951164 -0.0013358296099833284 0.0001992555803248113 0.001335773056107949 0.9999930599848283 0.003340268977732652 -0.0002038967109438231 -0.0033397304515901116 0.9999948037402013 -0.05440013020644585 -0.16355266754612785 -0.4779300369556516
FixedParameters: 0 0 0
#Transform 42
Transform: MatrixOffsetTransformBase_double_3_3
Parameters: 0.9999996244407217 -0.0011063040164582439 0.0003903226363381307 0.0011044255404770579 0.9999947721318289 0.003001434062763264 -0.0003938306189062455 -0.003000567288965944 0.9999958402562737 -0.03586089829931893 -0.09143632285947945 -0.5252297944901763
FixedParameters: 0 0 0
#Transform 43
Transform: MatrixOffsetTransformBase_double_3_3
Parameters: 0.9999982718015038 -0.0016057908200682162 0.000388006347421476 0.0016039906422308375 0.9999921691028355 0.003520821186990458 -0.00039305355294566704 -0.003520174276871124 0.9999933147805827 -0.06425471033841745 -0.16127386362389018 -0.45460040946649016
FixedParameters: 0 0 0
#Transform 44
Transform: MatrixOffsetTransformBase_double_3_3
Parameters: 0.9999997583307545 -0.0009773464648353276 0.0005348945786687589 0.0009758253616271928 0.9999955909371603 0.0029365549752928266 -0.0005383188474275565 -0.002936448951176701 0.9999959212752615 -0.03498566275706594 -0.10730259606064863 -0.5043182543633549
FixedParameters: 0 0 0
#Transform 45
Transform: MatrixOffsetTransformBase_double_3_3
Parameters: 0.9999999797860963 -0.0010056382997376333 -0.00009561085694978074 0.0010056966541700885 0.9999948379720034 0.003024906411138034 0.00009248277924768533 -0.0030250955761396414 0.999995840511494 -0.02981125074623492 -0.1265599510394111 -0.466873547121299
FixedParameters: 0 0 0
#Transform 46
Transform: MatrixOffsetTransformBase_double_3_3
Parameters: 0.9999991898375162 -0.0011639279046437585 0.0006751313495636001 0.001161462403607332 0.9999935263385831 0.0035019834233048497 -0.0006788214658939514 -0.003501015795535495 0.9999931424112775 -0.052694425174877324 -0.12762268692189593 -0.4792761453278196
FixedParameters: 0 0 0
#Transform 47
Transform: MatrixOffsetTransformBase_double_3_3
Parameters: 0.9999996363146875 -0.0010519051402915224 0.0005072716529434778 0.0010500545103294438 0.9999943198874124 0.003252537292607216 -0.000510810603356114 -0.0032514673106798786 0.9999951653415801 -0.03706728749926924 -0.11532232957306121 -0.5202661096842149
FixedParameters: 0 0 0
#Transform 48
Transform: MatrixOffsetTransformBase_double_3_3
Parameters: 0.9999991232970417 -0.0012733756918948446 0.0005064291438521911 0.0012708192383846324 0.9999924775907347 0.0036156759037456743 -0.0005103602497516539 -0.0036153245069884266 0.9999935019267179 -0.05570954023471586 -0.1556167184577788 -0.47848850867281456
FixedParameters: 0 0 0
#Transform 49
Transform: MatrixOffsetTransformBase_double_3_3
Parameters: 0.9999993597588854 -0.0007768980994349407 0.00019126332270699391 0.0007763376501714723 0.9999946061897349 0.0031291491373025004 -0.00019398238531559108 -0.0031288499530805203 0.9999951722388889 -0.023758140436527242 -0.11342024386812 -0.5495035292878718
FixedParameters: 0 0 0
#Transform 50
Transform: MatrixOffsetTransformBase_double_3_3
Parameters: 0.9999991488976964 -0.0009100864477118685 0.00015129530621946184 0.0009095051648002089 0.9999932421101331 0.0034541378422350277 -0.00015445376198363928 -0.003453859677859328 0.9999940464878605 -0.04294580845636631 -0.15595824152822502 -0.45873640063700094
FixedParameters: 0 0 0
#Transform 51
Transform: MatrixOffsetTransformBase_double_3_3
Parameters: 0.9999984964694828 -0.0014158830489378283 0.0007062147226882849 0.0014136032365494279 0.9999938331651249 0.003215032635045606 -0.0007108578761441614 -0.0032139698976079156 0.9999949972095066 -0.05381894015890509 -0.09613655104175223 -0.5198697249995199
FixedParameters: 0 0 0
#Transform 52
Transform: MatrixOffsetTransformBase_double_3_3
Parameters: 0.9999994584563908 -0.0009820590292398833 0.0007598331200783194 0.0009788624589546424 0.9999924904526486 0.0037037737923788783 -0.0007636285652090299 -0.003703222155284097 0.9999925360897095 -0.04394844385060992 -0.18721896781909209 -0.4904674612064355
FixedParameters: 0 0 0
#Transform 53
Transform: MatrixOffsetTransformBase_double_3_3
Parameters: 0.9999993465150915 -0.0010930694649310888 0.0006777398093257569 0.0010901427198001848 0.9999945593166811 0.0032277729111362674 -0.0006814895045421771 -0.003227231226234556 0.9999949536099666 -0.03376846699022451 -0.1011655692424398 -0.545236585522126
FixedParameters: 0 0 0
#Transform 54
Transform: MatrixOffsetTransformBase_double_3_3
Parameters: 0.9999992421805712 -0.0013245340970468864 0.0000597147925416052 0.0013242175252571801 0.9999921822846529 0.0036371108387694695 -0.00006425240911701893 -0.0036378887232632606 0.9999935969863533 -0.045335940445099254 -0.19968836620442687 -0.4684445351602662
FixedParameters: 0 0 0
#Transform 55
Transform: MatrixOffsetTransformBase_double_3_3
Parameters: 0.9999989029559726 -0.0012934074308719944 0.0006505718395455141 0.0012916154874360844 0.9999939703085412 0.003244874037097556 -0.0006554921233000954 -0.0032441279926797295 0.9999948790140348 -0.05997133291020873 -0.11440004985983876 -0.5430770458005689
FixedParameters: 0 0 0
#Transform 56
Transform: MatrixOffsetTransformBase_double_3_3
Parameters: 0.9999979732273424 -0.0017359093536418449 0.00011162635871924889 0.0017359684638655608 0.9999911618546025 0.003864562317481418 -0.00011879062207386645 -0.003864433488428104 0.9999919425344261 -0.06002596435907037 -0.1735973217001714 -0.5022571659035364
FixedParameters: 0 0 0
#Transform 57
Transform: MatrixOffsetTransformBase_double_3_3
Parameters: 0.999998949358173 -0.0016956511310961698 0.0004200501821643828 0.0016937105578605795 0.9999925806109541 0.0034189126291420124 -0.0004253838821931796 -0.0034180864941841804 0.9999939963794124 -0.060648702433795165 -0.11692767229706647 -0.5689189048170462
FixedParameters: 0 0 0
#Transform 58
Transform: MatrixOffsetTransformBase_double_3_3
Parameters: 0.9999981678168081 -0.0014983680014597541 0.0007668840053282115 0.0014944353169649488 0.9999915291246284 0.003921349142678582 -0.0007731796780452128 -0.003919651185925771 0.9999918979106031 -0.05765777716037235 -0.1631526140051136 -0.5477179773252701
FixedParameters: 0 0 0
#Transform 59
Transform: MatrixOffsetTransformBase_double_3_3
Parameters: 0.9999989889064215 -0.0013978623736868678 0.00024009479391485857 0.0013965389832615795 0.9999929695444982 0.003353366798629631 -0.00024535400878515157 -0.003353630589060075 0.9999945273720392 -0.05014341783812881 -0.14417755504491936 -0.4644395113988189
FixedParameters: 0 0 0
#Transform 60
Transform: MatrixOffsetTransformBase_double_3_3
Parameters: 0.9999985463081488 -0.0015273663130608325 0.00034572193370889997 0.0015268896745602137 0.9999920980530408 0.0037027293550140616 -0.0003515926931483263 -0.0037022710764961775 0.9999930311301976 -0.048434969436158326 -0.12988349432987434 -0.5568044344346461
FixedParameters: 0 0 0
#Transform 61
Transform: MatrixOffsetTransformBase_double_3_3
Parameters: 0.9999983825402156 -0.0012892085864068432 0.0009770923546657197 0.001285857720570584 0.9999900757188672 0.004294292093177582 -0.0009822001613804137 -0.004292711492857759 0.9999904383274038 -0.06277678619693461 -0.19706596868378767 -0.5632532980138727
FixedParameters: 0 0 0
#Transform 62
Transform: MatrixOffsetTransformBase_double_3_3
Parameters: 0.9999986291667329 -0.001300895634343793 0.0008234569972633233 0.0012981664511491251 0.9999923273794723 0.003627101030338198 -0.0008282600617652646 -0.003625896627805325 0.9999929986892265 -0.05264094745473358 -0.13088891662671642 -0.5692302329160412
FixedParameters: 0 0 0
#Transform 63
Transform: MatrixOffsetTransformBase_double_3_3
Parameters: 0.9999997189192454 -0.0010134710911471796 0.0005038921573283861 0.0010113502813872083 0.9999902766387601 0.004343543503718267 -0.0005082347498062111 -0.004343460876798794 0.9999907100869952 -0.03791061675876506 -0.19456777146237414 -0.5639939218054018
FixedParameters: 0 0 0
#Transform 64
Transform: MatrixOffsetTransformBase_double_3_3
Parameters: 0.9999983119985004 -0.0016280418767873287 0.0010182112719968786 0.001624196133955575 0.9999916309957725 0.003877887074082903 -0.0010250421680576818 -0.003876113155230815 0.9999916186034729 -0.07038452766182957 -0.15254438383219338 -0.5667753981028518
FixedParameters: 0 0 0
#Transform 65
Transform: MatrixOffsetTransformBase_double_3_3
Parameters: 0.9999986744212483 -0.0017417138454974411 0.0005412659197408 0.0017393356851918241 0.9999906487718846 0.0038069761613353237 -0.0005471081016915242 -0.0038060238754313303 0.9999930466360876 -0.06625463072666093 -0.20579820176538988 -0.526865319207932
FixedParameters: 0 0 0
#Transform 66
Transform: MatrixOffsetTransformBase_double_3_3
Parameters: 0.9999983653574638 -0.0015133208869132482 0.0005876778152159225 0.0015107398219579471 0.9999912469557533 0.0038259220207087496 -0.0005928233299937332 -0.0038250791229740844 0.9999928493705748 -0.05841820681334298 -0.12944507023979668 -0.5846582111522878
FixedParameters: 0 0 0
#Transform 67
Transform: MatrixOffsetTransformBase_double_3_3
Parameters: 0.9999984990458913 -0.0012664868832837188 0.0009466501812533966 0.0012626841199567013 0.9999907755073938 0.004238261901274548 -0.0009525761875314043 -0.004237744278390493 0.999990802041088 -0.038275007150843976 -0.21582504932251823 -0.5609367191970698
FixedParameters: 0 0 0
#Transform 68
Transform: MatrixOffsetTransformBase_double_3_3
Parameters: 0.9999990600685027 -0.0013049834872026656 0.000486689133784491 0.0013027747553709253 0.999989067888353 0.004404665658011342 -0.0004927373977741378 -0.004404330661999467 0.9999901927490583 -0.03373106945026905 -0.1519586977451155 -0.6133190390946126
FixedParameters: 0 0 0
#Transform 69
Transform: MatrixOffsetTransformBase_double_3_3
Parameters: 0.9999981257018611 -0.0019029870196580964 0.0005023626954675502 0.0019009979175829402 0.9999883287034346 0.004509355906026663 -0.0005109508565293614 -0.00450864180078947 0.9999891346011488 -0.061318744955940474 -0.22261621559826494 -0.5867453432648446
FixedParameters: 0 0 0
#Transform 70
Transform: MatrixOffsetTransformBase_double_3_3
Parameters: 0.9999984327524143 -0.0018778646130530223 0.00020222861442386637 0.0018770344885172797 0.9999903452841962 0.003907583049155561 -0.00020966267351489864 -0.00390741635348385 0.9999925502143397 -0.061790409951257175 -0.1485637382249081 -0.5971865830318599
FixedParameters: 0 0 0
#Transform 71
Transform: MatrixOffsetTransformBase_double_3_3
Parameters: 0.9999983540103329 -0.0012245796549082539 0.001070788202942145 0.0012203964187171177 0.9999901185720653 0.004308341980916841 -0.0010753716917671382 -0.004306660378515986 0.999990126118904 -0.043003706508187634 -0.2017969852208097 -0.598326342373884
FixedParameters: 0 0 0
#Transform 72
Transform: MatrixOffsetTransformBase_double_3_3
Parameters: 0.9999990074640038 -0.0013980806886272716 0.0001933254482032416 0.0013975839220430643 0.9999902845794006 0.004114303561848248 -0.0001995608085896902 -0.004114696436265164 0.9999918645043653 -0.029470656309982246 -0.184637975980408 -0.6232550364988256
FixedParameters: 0 0 0
#Transform 73
Transform: MatrixOffsetTransformBase_double_3_3
Parameters: 0.9999981320408505 -0.0017851395921150235 -0.0008263699115340556 0.0017881425403277595 0.9999887573373021 0.0044518384929769506 0.0008178324139819443 -0.004453163154335138 0.999989724948937 -0.016901691861775703 -0.21624596190261514 -0.6194246411952093
FixedParameters: 0 0 0
#Transform 74
Transform: MatrixOffsetTransformBase_double_3_3
Parameters: 0.9999980842514393 -0.0016408540755621583 0.0004724268466176456 0.0016389837154605652 0.9999875796098419 0.00467697627949637 -0.0004792009927111599 -0.004676022292406656 0.9999887650726088 -0.0587623224971594 -0.21072450892380346 -0.6212607429711348
FixedParameters: 0 0 0
#Transform 75
Transform: MatrixOffsetTransformBase_double_3_3
Parameters: 0.9999984027651656 -0.0016063039172298315 0.00012935317001795275 0.001605867523443736 0.999988524727198 0.004568385191233232 -0.0001367881847107642 -0.004567622298761592 0.9999901445114117 -0.043119641649951745 -0.20498116332419158 -0.6360784515521729
FixedParameters: 0 0 0
#Transform 76
Transform: MatrixOffsetTransformBase_double_3_3
Parameters: 0.9999982105197561 -0.0015309272605288228 0.0012028195204715634 0.0015252199321428325 0.9999876084518928 0.004732900113732563 -0.0012091919679983083 -0.004731098484046792 0.9999878181334291 -0.06964327692710981 -0.22820115944340102 -0.6270748896492293
FixedParameters: 0 0 0
#Transform 77
Transform: MatrixOffsetTransformBase_double_3_3
Parameters: 0.9999993949295732 -0.0012667044373390291 -0.000021441930844407576 0.0012668353645915393 0.999988911781388 0.004413975112603885 0.000016341491469990828 -0.004414022983535354 0.9999905161594733 -0.005423038504019928 -0.19250138750683732 -0.6782145448425005
FixedParameters: 0 0 0
#Transform 78
Transform: MatrixOffsetTransformBase_double_3_3
Parameters: 0.9999984135814148 -0.0016078368097806248 0.00002276074394666754 0.0016081788908021456 0.9999865278394884 0.0050022431745267715 -0.00003062529070666642 -0.005002763946361871 0.9999878353486166 -0.04707307817162132 -0.2618168731818997 -0.6236721964837209
FixedParameters: 0 0 0
#Transform 79
Transform: MatrixOffsetTransformBase_double_3_3
Parameters: 0.9999984170537339 -0.0018677669917087525 0.0003095728415500645 0.0018655536091970704 0.9999884067008563 0.004496949954259116 -0.00031813612858093 -0.0044960493861523065 0.9999895730908706 -0.05698951963613297 -0.183756566212665 -0.6608482268589988
FixedParameters: 0 0 0
#Transform 80
Transform: MatrixOffsetTransformBase_double_3_3
Parameters: 0.9999983032704466 -0.0016388743233508478 0.00010149763291574535 0.001638728098625377 0.9999890621345282 0.004403370105626997 -0.00010869236017967831 -0.004403632259427914 0.9999904592868625 -0.04317542364486826 -0.19012280853955588 -0.6198012844164502
FixedParameters: 0 0 0
#Transform 81
Transform: MatrixOffsetTransformBase_double_3_3
Parameters: 0.9999979068219728 -0.001742247969018247 -0.00023773192739648716 0.0017439276257153837 0.9999886516520112 0.004390760682289524 0.000230477518174327 -0.004391241375755833 0.9999906931830963 -0.04145031803014376 -0.18313152013541867 -0.6544914884605149
FixedParameters: 0 0 0
#Transform 82
Transform: MatrixOffsetTransformBase_double_3_3
Parameters: 0.9999988627187275 -0.0017284905540108015 0.00038747065313813294 0.0017262640466571123 0.999986364733233 0.004877871470855166 -0.00039592743233587946 -0.004877124850939413 0.9999879176705214 -0.058165304171424737 -0.2346684746802623 -0.6278494395450487
FixedParameters: 0 0 0
#Transform 83
Transform: MatrixOffsetTransformBase_double_3_3
Parameters: 0.9999981504101935 -0.001602649350192762 0.0005306085260443444 0.0015999493787802203 0.9999861849423592 0.004941885729131595 -0.00053787017080898 -0.0049411168294359875 0.9999881282779245 -0.05411868404928555 -0.23297482639694067 -0.6439739020609885
FixedParameters: 0 0 0
#Transform 84
Transform: MatrixOffsetTransformBase_double_3_3
Parameters: 0.9999980152372627 -0.0017039840489123054 0.00028442758943494044 0.0017028584850617094 0.9999868097041502 0.004718655555644324 -0.00029210727848070844 -0.0047173380240085605 0.9999886862349289 -0.049527645164644696 -0.2169238323148761 -0.6636725693341532
FixedParameters: 0 0 0
#Transform 85
Transform: MatrixOffsetTransformBase_double_3_3
Parameters: 0.9999989344071121 -0.0015722217900859948 0.000770614804780521 0.0015682708553724511 0.9999862481396583 0.004962273310532006 -0.0007784491271267585 -0.004961725006651874 0.9999874430470032 -0.05533559834289292 -0.24771418216826646 -0.6194724307921327
FixedParameters: 0 0 0
#Transform 86
Transform: MatrixOffsetTransformBase_double_3_3
Parameters: 0.9999990804030409 -0.0016573689903083247 0.0004166663122193468 0.0016550246810631386 0.9999874323297858 0.004686891144293187 -0.0004237960342583573 -0.004686105778248184 0.9999887212497214 -0.045304905757220126 -0.173415582728353 -0.6628251393671434
FixedParameters: 0 0 0
#Transform 87
Transform: MatrixOffsetTransformBase_double_3_3
Parameters: 0.9999983604522505 -0.0016176330937074496 0.00015200801646044745 0.0016166745189193368 0.9999861150481587 0.005024422308045701 -0.00016003361012542554 -0.005023582240647972 0.9999877638776087 -0.04575979902270433 -0.25865403240582907 -0.6485108213521507
FixedParameters: 0 0 0
#Transform 88
Transform: MatrixOffsetTransformBase_double_3_3
Parameters: 0.9999986589683331 -0.0018114728649282084 0.00024245546572768464 0.0018105822101827957 0.9999856231637353 0.005023644541097438 -0.0002522571005698773 -0.005023355213147979 0.9999875643407182 -0.044972579810021784 -0.22969807872372883 -0.6743172934919919
FixedParameters: 0 0 0
#Transform 89
Transform: MatrixOffsetTransformBase_double_3_3
Parameters: 0.9999985227146226 -0.0018032178227152598 0.0004753203460042926 0.0018007043957079863 0.9999855694049906 0.00513106634276525 -0.000484260893175327 -0.005129943817338584 0.9999873088052424 -0.0681009141272284 -0.25504108213375787 -0.6439826687015469
FixedParameters: 0 0 0
#Transform 90
Transform: MatrixOffsetTransformBase_double_3_3
Parameters: 0.9999980414343529 -0.0016987204304795404 0.0002703100824887273 0.0016972771475350405 0.9999849703539243 0.005223664441487141 -0.0002786699061715259 -0.005223338882287737 0.9999865007457795 -0.055809315993087694 -0.23274478171273927 -0.665142690553786
FixedParameters: 0 0 0
#Transform 91
Transform: MatrixOffsetTransformBase_double_3_3
Parameters: 0.9999979840223866 -0.0017215906881447413 0.00022764864969653935 0.0017205947269253816 0.9999849540384715 0.00521759765787258 -0.00023622908607256037 -0.005217405891444482 0.9999865849411274 -0.04725403563696773 -0.2197907728040036 -0.6705897715437139
FixedParameters: 0 0 0
#Transform 92
Transform: MatrixOffsetTransformBase_double_3_3
Parameters: 0.9999989495207112 -0.001746187572140606 0.00002917892284793678 0.0017462708809061539 0.9999843637059125 0.005265254356280363 -0.000038359505475295264 -0.005265743034782194 0.9999861344213773 -0.04197961212535972 -0.23489033846526297 -0.6855381496680941
FixedParameters: 0 0 0
#Transform 93
Transform: MatrixOffsetTransformBase_double_3_3
Parameters: 0.9999980363599168 -0.001964191094611626 0.00032350573298878173 0.0019629706990232907 0.999984701364951 0.0052650404235304316 -0.00033364747748079325 -0.005264963265032563 0.9999858940868341 -0.06251478162388935 -0.2775660926331369 -0.6787461581313288
FixedParameters: 0 0 0
#Transform 94
Transform: MatrixOffsetTransformBase_double_3_3
Parameters: 0.9999980905528206 -0.0016692994248846329 0.00035100571807673885 0.0016673115353072537 0.999985928488951 0.0050427898611170585 -0.000359436807269112 -0.0050422112309301825 0.9999873080854097 -0.05582037584812838 -0.22938613493791138 -0.6665928413802895
FixedParameters: 0 0 0
#Transform 95
Transform: MatrixOffsetTransformBase_double_3_3
Parameters: 0.9999977795274717 -0.001962597043617531 0.0006066004875685722 0.0019598387769163834 0.9999849862289916 0.005031394055080546 -0.0006166127276710558 -0.005029601663946781 0.9999871810862699 -0.07497311060018319 -0.2456764481732847 -0.6714469415143824
FixedParameters: 0 0 0
#Transform 96
Transform: MatrixOffsetTransformBase_double_3_3
Parameters: 0.9999987894303822 -0.0017883415121140395 0.00011267304459684682 0.0017876294660654204 0.9999864991875228 0.0049245455027504825 -0.00012107214401598155 -0.004923456670513304 0.9999877983475887 -0.05019840432224498 -0.2143160675929323 -0.7073222153585164
FixedParameters: 0 0 0
#Transform 97
Transform: MatrixOffsetTransformBase_double_3_3
Parameters: 0.9999970528879936 -0.001973469012846019 0.0010258281302860427 0.00196805057438908 0.9999842713418952 0.0052301196623453505 -0.001036380340481877 -0.005228881693191134 0.9999860857570978 -0.07581593316740509 -0.26757648598351125 -0.6575410042288787
FixedParameters: 0 0 0
#Transform 98
Transform: MatrixOffsetTransformBase_double_3_3
Parameters: 0.9999983212537605 -0.0019093372689973544 0.00018085103162206065 0.0019086222440226083 0.9999843806136771 0.0052997197438081345 -0.00019071975047564322 -0.005299281582058557 0.9999857707865835 -0.057889096682941954 -0.1996875687329691 -0.6749643069057463
FixedParameters: 0 0 0
#Transform 99
Transform: MatrixOffsetTransformBase_double_3_3
Parameters: 0.9999980294231803 -0.001691551767196611 0.00032971566186392246 0.0016903415551160414 0.9999883921780166 0.004459758988334311 -0.00033738881742582466 -0.00445923755769928 0.9999898627526164 -0.0601227514711411 -0.19417993505263098 -0.6609755968525342
FixedParameters: 0 0 0
#Transform 100
Transform: MatrixOffsetTransformBase_double_3_3
Parameters: 0.9999979877862677 -0.0018591461600506827 0.0007450234654139425 0.001856130098251657 0.999986491340648 0.004936621535214791 -0.00075347226190715 -0.004935386530088182 0.9999877678683474 -0.0643781360740121 -0.2042877499820861 -0.655488676614393
FixedParameters: 0 0 0
#Transform 101
Transform: MatrixOffsetTransformBase_double_3_3
Parameters: 0.9999978528023836 -0.0019729584420491264 0.0005037032731472081 0.001970794203289689 0.9999843413307099 0.00529639642459892 -0.0005138844177173629 -0.005295603075570782 0.9999854157911183 -0.0676651400753201 -0.21378662428359974 -0.6911997274212816
FixedParameters: 0 0 0
#Transform 102
Transform: MatrixOffsetTransformBase_double_3_3
Parameters: 0.9999973255582995 -0.002153030703862037 0.0001971460638426401 0.0021519218242983043 0.9999833325125489 0.005398804079652847 -0.00020903643687538188 -0.005398200937028058 0.9999857049214012 -0.06694906094149644 -0.2798269234595665 -0.6760178708091686
FixedParameters: 0 0 0
#Transform 103
Transform: MatrixOffsetTransformBase_double_3_3
Parameters: 0.9999976970156411 -0.0020119448784884806 0.0005059056706066772 0.002008773522291903 0.9999840679996441 0.005292391252197964 -0.0005166465536260015 -0.005290606697239825 0.9999856286304291 -0.06597341470541096 -0.22283235253854627 -0.6894986923810862
FixedParameters: 0 0 0
#Transform 104
Transform: MatrixOffsetTransformBase_double_3_3
Parameters: 0.9999967844345881 -0.0017019728350782298 0.0018216712290657676 0.001692256598518589 0.9999845457752652 0.005303017265771787 -0.0018308957296724719 -0.005299980018171724 0.9999840263869525 -0.08951328194999064 -0.28406006443738363 -0.6223400483814778
FixedParameters: 0 0 0
#Transform 105
Transform: MatrixOffsetTransformBase_double_3_3
Parameters: 0.9999973438099867 -0.0019605695877361797 0.0009022023148585342 0.001955323767367927 0.9999842973094211 0.005213999275423015 -0.0009117406824220916 -0.005211996312545986 0.9999856953530928 -0.08186706430237223 -0.21751100348879504 -0.6577212950951754
FixedParameters: 0 0 0
#Transform 106
Transform: MatrixOffsetTransformBase_double_3_3
Parameters: 0.9999959459764441 -0.0023734625025077236 0.0015560352018992715 0.00236460538408227 0.999981146989235 0.005650818392520296 -0.0015691036090685578 -0.005647182999760164 0.9999829759396964 -0.11705857199009984 -0.277021252056727 -0.6479407178438912
FixedParameters: 0 0 0
#Transform 107
Transform: MatrixOffsetTransformBase_double_3_3
Parameters: 0.9999954514596597 -0.002741599793172687 0.001425953868277046 0.002733281941130622 0.9999797741287088 0.005793241727919618 -0.0014410085489086541 -0.005789768359196368 0.9999825936056543 -0.1286835505628119 -0.2553747799750141 -0.6723902579906564
FixedParameters: 0 0 0
#Transform 108
Transform: MatrixOffsetTransformBase_double_3_3
Parameters: 0.999995717914245 -0.0024210050501126882 0.0018500645633670971 0.002410455632361087 0.999983371776669 0.005258627324671944 -0.0018627495627684407 -0.00525436837861748 0.9999840840657379 -0.11983955539290037 -0.2545367855155405 -0.6281985410826643
FixedParameters: 0 0 0
#Transform 109
Transform: MatrixOffsetTransformBase_double_3_3
Parameters: 0.9999953517047849 -0.0024304578618540916 0.0016548134997029257 0.0024220476235783687 0.9999822292261437 0.0055273163734823605 -0.001668741860523084 -0.0055226852953509376 0.999983070621852 -0.10922725516515186 -0.25655643394073024 -0.6700026213047074
FixedParameters: 0 0 0
#Transform 110
Transform: MatrixOffsetTransformBase_double_3_3
Parameters: 0.9999961403258948 -0.0027134892987405643 0.0012232091419540534 0.0027073716592879433 0.9999833093334046 0.005193789201655891 -0.001237012302852415 -0.005190218225865517 0.9999859167431062 -0.11794231029243463 -0.23035579941300455 -0.6577929186210874
FixedParameters: 0 0 0
#Transform 111
Transform: MatrixOffsetTransformBase_double_3_3
Parameters: 0.9999958404805558 -0.00263773733003886 0.0014835798523425469 0.00262967992460389 0.999980401110643 0.005597205633407515 -0.0014983687288085497 -0.005592784758135738 0.9999828307406649 -0.12033717784589726 -0.2785423600729615 -0.6797312382879355
FixedParameters: 0 0 0
#Transform 112
Transform: MatrixOffsetTransformBase_double_3_3
Parameters: 0.9999960911976965 -0.002122397473482341 0.0015501952624469636 0.0021141633344780586 0.9999818625834054 0.005583380171920643 -0.0015621154702215143 -0.005579613540350997 0.9999829217720911 -0.1116170767573692 -0.28048138540233936 -0.6585532989616176
FixedParameters: 0 0 0
#Transform 113
Transform: MatrixOffsetTransformBase_double_3_3
Parameters: 0.9999957625620263 -0.0025203577340313123 0.0016989366296086658 0.002509903589637459 0.9999797701356092 0.00588241195534317 -0.0017136620728127922 -0.005877596970855964 0.9999818428169147 -0.1127978879755176 -0.2952677183791508 -0.658902685117841
FixedParameters: 0 0 0
#Transform 114
Transform: MatrixOffsetTransformBase_double_3_3
