#Insight Transform File V1.0
#Transform 0
Transform: MatrixOffsetTransformBase_double_3_3
Parameters: 0.999998368772777 -0.0010296626182163923 -0.001602895709387351 0.0010340981170273514 0.9999964195940099 0.002518317635663292 0.0016011270603678877 -0.0025206817585340935 0.9999952533884386 -0.006282197070348161 -0.026603474175104225 -0.5178570554860933
FixedParameters: 0 0 0
#Transform 1
Transform: MatrixOffsetTransformBase_double_3_3
Parameters: 0.9999993497715244 -0.000431077623772856 -0.0006814279825634853 0.0004327179878627304 0.9999975986473055 0.0020527046908688784 0.0006804698077791145 -0.0020532928962703756 0.9999973215010128 -0.0011554828284658925 -0.03182428147789551 -0.46774300999419083
FixedParameters: 0 0 0
#Transform 2
Transform: MatrixOffsetTransformBase_double_3_3
Parameters: 0.9999994987054089 -0.0006985046689994543 -0.00011572134164229743 0.000698705274896853 0.9999988876524057 0.0016110875212278497 0.00011445584436368504 -0.001610912875468773 0.9999984204065755 -0.01229020857813623 0.05740931023372298 -0.5579788947559976
FixedParameters: 0 0 0
#Transform 3
Transform: MatrixOffsetTransformBase_double_3_3
Parameters: 0.99999960810696 -0.0007478079318547129 -0.0009126448640167753 0.0007496679479759978 0.9999970389939439 0.002287288601513393 0.0009108497819264446 -0.002287711869134873 0.9999971037820709 -0.002305814501980308 -0.06735479022431434 -0.557571741389868
FixedParameters: 0 0 0
#Transform 4
Transform: MatrixOffsetTransformBase_double_3_3
Parameters: 0.9999992434705035 -0.000692533770891265 -0.0011302933784187136 0.0006941990324834899 0.999997526888886 0.0021961889599347306 0.0011287076044687889 -0.00219681322307283 0.9999970673364903 0.008773897072742898 0.020728288252072957 -0.5590367263921863
FixedParameters: 0 0 0
#Transform 5
Transform: MatrixOffsetTransformBase_double_3_3
Parameters: 0.9999992661509 -0.0007711163473950532 -0.0003736040609992007 0.0007715110176766041 0.9999970781946099 0.0023077133117129778 0.0003718442789525016 -0.0023082882909951086 0.9999975342084276 -0.022436486104894016 -0.05574068041214275 -0.5466837820758599
FixedParameters: 0 0 0
#Transform 6
Transform: MatrixOffsetTransformBase_double_3_3
Parameters: 0.9999996059401506 -0.0006075476411077453 -0.0001595785104449699 0.000607154615223498 0.9999949933832907 0.002938901234272595 0.00015780910065328274 -0.0029390940048290293 0.9999953370901745 -0.01730665835327727 -0.05788851707548304 -0.5753284621300168
FixedParameters: 0 0 0
#Transform 7
Transform: MatrixOffsetTransformBase_double_3_3
Parameters: 0.9999990368619868 -0.0006233713978853987 -0.000758125468089032 0.0006250473432584409 0.9999965125554762 0.0026324999787691594 0.0007564693970661363 -0.0026325033514813523 0.9999966641579742 0.006576340355039179 -0.008116204961183371 -0.560776924038521
FixedParameters: 0 0 0
#Transform 8
Transform: MatrixOffsetTransformBase_double_3_3
Parameters: 1.0000001613077814 -0.0006278914980265406 -0.000666943176577022 0.0006298257806795559 0.9999942702481451 0.00318855043687552 0.0006645633328375129 -0.0031884457166508617 0.9999945579514776 0.003739697216403215 -0.05680573434530345 -0.5501237982667675
FixedParameters: 0 0 0
#Transform 9
Transform: MatrixOffsetTransformBase_double_3_3
Parameters: 0.999999166829204 -0.0008110814991635555 -0.0004180571230618788 0.0008125649636244914 0.9999973678242221 0.0021857995425391963 0.000416479457699151 -0.0021851995349544406 0.9999972461734533 -0.01594280497231182 0.021061819243257673 -0.5806039741348776
FixedParameters: 0 0 0
#Transform 10
Transform: MatrixOffsetTransformBase_double_3_3
Parameters: 0.9999996237393646 -0.0007573397091089381 -0.000895678645130974 0.0007602310036355134 0.999995241478436 0.0030022930610262566 0.0008937379367579657 -0.0030027087942706143 0.9999953521960253 -0.0008921172451721304 -0.07849455057788646 -0.5773609927159455
FixedParameters: 0 0 0
#Transform 11
Transform: MatrixOffsetTransformBase_double_3_3
Parameters: 0.9999995557610447 -0.0006567977459920435 -0.00011044278628294594 0.0006581128899593632 0.9999952041175058 0.0030599292607978446 0.00010856017636252191 -0.003060073252076967 0.9999956243899922 -0.030267784773059248 -0.06465728984825603 -0.5876464909529346
FixedParameters: 0 0 0
#Transform 12
Transform: MatrixOffsetTransformBase_double_3_3
Parameters: 0.9999994204649237 -0.0009382750874669044 -0.0008362559288659032 0.0009410292097039959 0.9999950826838366 0.0031363554564894647 0.0008329772818752581 -0.0031366464554357376 0.9999946624547097 -0.013750300247707514 -0.06318269461428372 -0.573394544483147
FixedParameters: 0 0 0
#Transform 13
Transform: MatrixOffsetTransformBase_double_3_3
Parameters: 0.9999988704618733 -0.0010615081644202206 0.00004890584262628268 0.001061678058749916 0.99999474776457 0.003016219355091443 -0.0000521829532455112 -0.0030157765937944003 0.9999949301510601 -0.04186803527613847 -0.07323636368256814 -0.5517511535866788
FixedParameters: 0 0 0
#Transform 14
Transform: MatrixOffsetTransformBase_double_3_3
Parameters: 0.9999990717734761 -0.0011017383762620097 -0.0008448070998384531 0.0011042922451539607 0.999996824240398 0.002400208809249932 0.0008422975319848742 -0.0024007922099964496 0.9999967227081324 -0.019832275991248594 0.006632757090031305 -0.5809085902640057
FixedParameters: 0 0 0
#Transform 15
Transform: MatrixOffsetTransformBase_double_3_3
Parameters: 0.9999991206935681 -0.0013410571524986488 -0.0002840356379646419 0.0013422790703271428 0.9999937464969384 0.0033797917930726007 0.00027890756246910434 -0.0033802116335967802 0.9999945253092563 -0.060478597147607616 -0.07842407521370376 -0.5532599763448296
FixedParameters: 0 0 0
#Transform 16
Transform: MatrixOffsetTransformBase_double_3_3
Parameters: 0.9999993257063537 -0.00092026563512685 -0.0009101520328010568 0.0009223256429233259 0.9999947327313281 0.0030411338481703687 0.0009069933726871017 -0.0030418659278091398 0.9999950914807177 -0.00555275956705259 0.0023490150350369277 -0.5732485574564414
FixedParameters: 0 0 0
#Transform 17
Transform: MatrixOffsetTransformBase_double_3_3
Parameters: 0.9999993771942812 -0.001268912420478347 0.00010723487212802485 0.0012694284664070278 0.9999930564145246 0.0035313346871831686 -0.00011191699965394162 -0.00353166315949624 0.9999933777151999 -0.06736373118232564 -0.09780734991662143 -0.5507094240205461
FixedParameters: 0 0 0
#Transform 18
Transform: MatrixOffsetTransformBase_double_3_3
Parameters: 0.9999994815538796 -0.0012201595499532944 -0.00016910830966008946 0.0012215394746817175 0.9999941442891621 0.003214963284454503 0.00016537007080953117 -0.0032150361888189927 0.9999946647551217 -0.05497772066567563 -0.05590131345935845 -0.607175976101793
FixedParameters: 0 0 0
#Transform 19
Transform: MatrixOffsetTransformBase_double_3_3
Parameters: 0.9999990766667829 -0.0009277575762401795 -0.0002496786102812091 0.0009288662350650559 0.9999944620566387 0.0032629369559472043 0.00024657665482041586 -0.0032630621917563996 0.9999943202132734 -0.0307752938018524 -0.08410290024464473 -0.5611088220102154
FixedParameters: 0 0 0
#Transform 20
Transform: MatrixOffsetTransformBase_double_3_3
Parameters: 0.9999988588050702 -0.0014312493652236316 0.000303616492276079 0.0014306464085030459 0.9999943505359419 0.003094606507227732 -0.00030818917197696907 -0.0030933955961672532 0.9999953625349097 -0.05915461033059444 -0.015049769591058748 -0.5674698505044127
FixedParameters: 0 0 0
#Transform 21
Transform: MatrixOffsetTransformBase_double_3_3
Parameters: 0.9999984645862726 -0.0015907401659244133 -0.00007710762453769422 0.001590380331899731 0.9999934890993527 0.0033052163776967625 0.00007152102879242098 -0.003304781881789204 0.999994129369461 -0.07071322451665196 -0.06142826825808356 -0.5362563505255835
FixedParameters: 0 0 0
#Transform 22
Transform: MatrixOffsetTransformBase_double_3_3
Parameters: 0.9999995611358129 -0.0011873059077918172 -0.00017110070800431917 0.001187786202552237 0.9999949758338887 0.0029299657083371178 0.0001670978975193484 -0.00293003188928867 0.9999954154659446 -0.03858276479881795 0.004275665825360875 -0.5708795066944141
FixedParameters: 0 0 0
#Transform 23
Transform: MatrixOffsetTransformBase_double_3_3
Parameters: 0.9999990808435665 -0.0009587740002129852 -0.00002192921436461811 0.0009582405137910673 0.9999932347546973 0.003603175733569941 0.00001896286567019373 -0.0036038215403401685 0.9999928755843354 -0.04693952064677376 -0.09459688319820714 -0.5645126002813363
FixedParameters: 0 0 0
#Transform 24
Transform: MatrixOffsetTransformBase_double_3_3
Parameters: 0.9999986404455984 -0.0015183247600180638 0.00023190106586214876 0.001517817569001951 0.9999928036641754 0.0034685520403280046 -0.0002371645014073059 -0.0034684465756278926 0.9999937757151957 -0.0634585104183003 -0.07977625206275718 -0.5761645117556249
FixedParameters: 0 0 0
#Transform 25
Transform: MatrixOffsetTransformBase_double_3_3
Parameters: 0.9999984347942618 -0.0014313943677148773 0.0007185197752102281 0.001428818864632204 0.9999937803587857 0.003364229003480129 -0.0007236878759605091 -0.003362773095660271 0.9999940280856361 -0.0772679546875139 -0.07036079713263632 -0.5342484163829013
FixedParameters: 0 0 0
#Transform 26
Transform: MatrixOffsetTransformBase_double_3_3
Parameters: 0.9999983189998167 -0.0016368700571265898 0.00004070020410873611 0.0016367179417078653 0.999993438810775 0.003290405932556917 -0.000046373092992955565 -0.003289592512649986 0.9999942319213881 -0.06467839145308574 -0.04448253893673382 -0.5552470242967757
FixedParameters: 0 0 0
#Transform 27
Transform: MatrixOffsetTransformBase_double_3_3
Parameters: 0.9999982576344734 -0.0016249252289512162 0.00031914822558879255 0.0016239928919475088 0.9999933269317717 0.0031897176272897565 -0.0003242432214338084 -0.0031892790719718067 0.9999945848270497 -0.06959544286969788 -0.05776249509204945 -0.5485071903076033
FixedParameters: 0 0 0
#Transform 28
Transform: MatrixOffsetTransformBase_double_3_3
Parameters: 0.9999988072892104 -0.0017513481155909795 0.00035506016415553105 0.0017497034153052524 0.9999919663168411 0.003620824793776206 -0.00036148290191001986 -0.003620177073237446 0.9999936248181729 -0.07706473588572749 -0.07577491495045763 -0.5661649851548454
FixedParameters: 0 0 0
#Transform 29
Transform: MatrixOffsetTransformBase_double_3_3
Parameters: 0.99999871582193 -0.0018119362152929515 0.00003704324625730882 0.0018116250836292325 0.9999921357929814 0.0034232681829833855 -0.000043365891865580536 -0.0034237291107168943 0.9999941392459296 -0.08048557616571372 -0.06485889739535367 -0.5748749211469502
FixedParameters: 0 0 0
#Transform 30
Transform: MatrixOffsetTransformBase_double_3_3
Parameters: 0.9999990804802141 -0.0016839829022090047 0.00028974732821894245 0.001682803333474933 0.99999208073396 0.0036366907393207693 -0.00029573782262582376 -0.003636311746503529 0.9999935513657401 -0.06804495352146489 -0.07376307540629057 -0.5567740496016143
FixedParameters: 0 0 0
#Transform 31
Transform: MatrixOffsetTransformBase_double_3_3
Parameters: 0.9999982653426789 -0.0016243177919152813 0.0003083873940970674 0.001623985179901097 0.9999922184281864 0.00364470377046075 -0.00031380280291064955 -0.0036442998499484347 0.9999934820343563 -0.07018597769236123 -0.06772717346768786 -0.5785320336681821
FixedParameters: 0 0 0
#Transform 32
Transform: MatrixOffsetTransformBase_double_3_3
Parameters: 0.9999976373678227 -0.0017474064538062564 0.0015196798816195646 0.0017418891508030835 0.9999924230752943 0.0034745764943968083 -0.0015258517019426207 -0.0034724247240738304 0.9999930837787626 -0.11545661517223493 -0.07184283015929793 -0.5311406198148987
FixedParameters: 0 0 0
#Transform 33
Transform: MatrixOffsetTransformBase_double_3_3
Parameters: 0.9999988704189944 -0.0015699067998187041 0.0008155030416726169 0.0015673154063281212 0.9999940242493665 0.002975339510123909 -0.0008203840399020374 -0.0029746575525098073 0.9999951448754529 -0.08073535539671184 0.008476517473113176 -0.5732821434547368
FixedParameters: 0 0 0
#Transform 34
Transform: MatrixOffsetTransformBase_double_3_3
Parameters: 0.9999965548489917 -0.001893177195287455 0.0016911406349934932 0.0018878152432345449 0.999992624769376 0.00336812409511994 -0.001697750898925252 -0.0033648790100622716 0.999993263324008 -0.11777992219782618 -0.07031572072271786 -0.5316487383938195
FixedParameters: 0 0 0
#Transform 35
Transform: MatrixOffsetTransformBase_double_3_3
Parameters: 0.9999985218786777 -0.0014016178140148874 0.0007166598104747489 0.001399056947784418 0.9999929003259738 0.0033630339494838124 -0.0007216248508286419 -0.003361961920325035 0.9999940086763326 -0.08199458171463903 -0.03781472151302978 -0.574098478842604
FixedParameters: 0 0 0
#Transform 36
Transform: MatrixOffsetTransformBase_double_3_3
Parameters: 0.9999978503167346 -0.0019492912032602438 0.0005916052950165213 0.0019471427231209754 0.9999927101285188 0.003431552977129132 -0.0005985509319602512 -0.0034304475026002146 0.999993596571213 -0.09401154435808223 -0.07017800490397974 -0.5628458043475355
FixedParameters: 0 0 0
#Transform 37
Transform: MatrixOffsetTransformBase_double_3_3
Parameters: 0.9999975799291623 -0.0018137675394303116 0.0014593986855298785 0.0018089699815981737 0.9999928617829587 0.0033717358190334945 -0.0014656608710481062 -0.003369263615373763 0.9999929975123235 -0.10513332547294851 -0.03249563456689941 -0.584308278236005
FixedParameters: 0 0 0
#Transform 38
Transform: MatrixOffsetTransformBase_double_3_3
Parameters: 0.999997072028578 -0.0018468599265939304 0.0015860801402733688 0.0018411625871601926 0.9999914897310807 0.0036948518222560123 -0.0015935834148155161 -0.0036921500892862225 0.999992298272622 -0.1128490690204984 -0.08167450795880882 -0.5269154741751372
FixedParameters: 0 0 0
#Transform 39
Transform: MatrixOffsetTransformBase_double_3_3
Parameters: 0.9999962036926595 -0.0018202403685246907 0.0021177830075689895 0.0018135405573313143 0.999994362691526 0.0030078007641290705 -0.0021225876842522564 -0.003004200132591256 0.9999927688509089 -0.12306718044678178 0.015456671750087025 -0.5564990861826296
FixedParameters: 0 0 0
#Transform 40
Transform: MatrixOffsetTransformBase_double_3_3
Parameters: 0.9999966370332184 -0.001981676540376752 0.0015611783942832743 0.001975669145935031 0.9999906031107408 0.0037450147410638124 -0.0015679034673071331 -0.003741984910610563 0.9999920061967149 -0.13002031418709237 -0.0832796297459737 -0.5141963158299383
FixedParameters: 0 0 0
#Transform 41
Transform: MatrixOffsetTransformBase_double_3_3
Parameters: 0.99999669530725 -0.002163082116849317 0.0016200228642166453 0.002158612540798785 0.9999932166974078 0.002937593849971998 -0.0016267609489543581 -0.002933404194631145 0.9999942442266289 -0.1267533565920047 0.009077958730287605 -0.5368079929834089
FixedParameters: 0 0 0
#Transform 42
Transform: MatrixOffsetTransformBase_double_3_3
Parameters: 0.9999960247180497 -0.0021522912282109217 0.0018290627137581188 0.0021452396892031465 0.9999919362613197 0.0034830531835818024 -0.0018359331627177927 -0.0034789461620139406 0.999991853615545 -0.13912374338042355 -0.0547678037020205 -0.5322686910280545
FixedParameters: 0 0 0
#Transform 43
Transform: MatrixOffsetTransformBase_double_3_3
Parameters: 0.9999944966484278 -0.002194239143528103 0.002385005427581853 0.0021867802142641517 0.9999928960438192 0.0030360394549470704 -0.0023920065953754797 -0.0030309565016631845 0.9999921962817886 -0.14962413870304658 -0.011183012703654072 -0.5250680594888273
FixedParameters: 0 0 0
#Transform 44
Transform: MatrixOffsetTransformBase_double_3_3
Parameters: 0.9999964452578408 -0.002008843468372081 0.0015876064221576726 0.002003227602883276 0.9999925724207601 0.003304277471026934 -0.0015939226367578385 -0.003300721357106323 0.9999930597332697 -0.12242489808427592 -0.01952398634084318 -0.5396515815336258
FixedParameters: 0 0 0
#Transform 45
Transform: MatrixOffsetTransformBase_double_3_3
Parameters: 0.9999975520480482 -0.001766237857941933 0.0015259476486033812 0.0017615973760974357 0.9999933495809065 0.003174616587363066 -0.00153119497545938 -0.003172385652955939 0.9999940601774897 -0.1131561317114631 -0.02263941610250697 -0.49442314960695555
FixedParameters: 0 0 0
#Transform 46
Transform: MatrixOffsetTransformBase_double_3_3
Parameters: 0.9999965140055062 -0.0018432725779370883 0.0017572609226045835 0.0018385367883653751 0.9999937581225602 0.0030651610541492513 -0.0017624216839177676 -0.003061843259827335 0.9999939857307707 -0.12102793514675625 0.0007991983609514364 -0.5304658489032938
FixedParameters: 0 0 0
#Transform 47
Transform: MatrixOffsetTransformBase_double_3_3
Parameters: 0.9999954182658254 -0.0023614370948268864 0.0017337597120811478 0.0023558364883046364 0.9999915481005407 0.003256046975399024 -0.0017410204729128077 -0.0032519548782706797 0.9999936930260629 -0.141451845443882 -0.03298691569854384 -0.5371284736477087
FixedParameters: 0 0 0
#Transform 48
Transform: MatrixOffsetTransformBase_double_3_3
Parameters: 0.9999946892716127 -0.0026161608181737538 0.0018618768146753835 0.002610302108094612 0.9999915734927197 0.003101047523052375 -0.0018699843717870103 -0.0030969476054205636 0.9999929080969843 -0.1468699730231009 0.026707512310608195 -0.5491851899567806
FixedParameters: 0 0 0
#Transform 49
Transform: MatrixOffsetTransformBase_double_3_3
Parameters: 0.9999932339508175 -0.002494792455998055 0.002557825995587521 0.002486038533746898 0.9999913088087292 0.003402219162321418 -0.0025661559910028033 -0.003395781489911487 0.9999908185972921 -0.1719604024430339 -0.06406897557174318 -0.540954913594824
FixedParameters: 0 0 0
#Transform 50
Transform: MatrixOffsetTransformBase_double_3_3
Parameters: 0.9999966729295208 -0.0021224029726169148 0.0013503118193694587 0.0021173659950780304 0.9999921026869171 0.0033039562365557718 -0.0013575502199453988 -0.0033010420313578925 0.9999937571418732 -0.11776922224073871 -0.026841614313710238 -0.5511578669426918
FixedParameters: 0 0 0
#Transform 51
Transform: MatrixOffsetTransformBase_double_3_3
Parameters: 0.9999958662318088 -0.00220526350127357 0.0020665244128971385 0.002197824548911429 0.9999920940459219 0.0034555365122748982 -0.0020744564263833606 -0.0034514656639027808 0.9999919187284431 -0.15207196832233194 -0.031447551907945126 -0.5354508792845714
FixedParameters: 0 0 0
#Transform 52
Transform: MatrixOffsetTransformBase_double_3_3
Parameters: 0.9999945257558315 -0.0023717078734031886 0.0024187663434203054 0.002361385088371917 0.9999887763751074 0.004087571728119632 -0.002428345582418562 -0.004082423988758382 0.9999883747134786 -0.16989036342769737 -0.09488523266084314 -0.5459987181088692
FixedParameters: 0 0 0
#Transform 53
Transform: MatrixOffsetTransformBase_double_3_3
Parameters: 0.9999968578333873 -0.0024086187958048725 0.0011585711369178563 0.002404305646189054 0.9999913654666144 0.0033900810808766557 -0.0011661478905506733 -0.0033879194946713487 0.999993521615872 -0.12719792291571252 -0.006952506238647516 -0.5790818654096057
FixedParameters: 0 0 0
#Transform 54
Transform: MatrixOffsetTransformBase_double_3_3
Parameters: 0.9999952719270582 -0.0023893929998344728 0.0017370283754567111 0.0023831679205424967 0.9999902271840615 0.0037102712852399578 -0.0017464656017367188 -0.0037057268752416217 0.9999915460672419 -0.13604159338011357 -0.0851836816870275 -0.5615417067891997
FixedParameters: 0 0 0
#Transform 55
Transform: MatrixOffsetTransformBase_double_3_3
Parameters: 0.9999950133979335 -0.0025953620619714656 0.0020617134679212093 0.0025885786573778876 0.9999901879557934 0.0034613314754304847 -0.002070227072820284 -0.003455667296014986 0.9999919028646604 -0.15024601138621563 0.0023995062150277136 -0.5547844561864181
FixedParameters: 0 0 0
#Transform 56
Transform: MatrixOffsetTransformBase_double_3_3
Parameters: 0.9999921388512356 -0.0025592780022849707 0.002882895140624108 0.0025491808501931015 0.9999896486585249 0.003735046116295049 -0.002891858953805442 -0.003726954661284476 0.9999886492676203 -0.18463643282449027 -0.0789413014004623 -0.5765935344653812
FixedParameters: 0 0 0
#Transform 57
Transform: MatrixOffsetTransformBase_double_3_3
Parameters: 0.9999933507825411 -0.002408195125860672 0.0026175373398257132 0.0023984166447109235 0.9999909479765008 0.0035199719321220013 -0.0026258423465252345 -0.0035140291121411316 0.9999906640696763 -0.1752606968591408 -0.05136634186150957 -0.5564224426897084
FixedParameters: 0 0 0
#Transform 58
Transform: MatrixOffsetTransformBase_double_3_3
Parameters: 0.9999943957252331 -0.0024731822774191215 0.002118255584751883 0.0024638450356171283 0.999988154854948 0.004200218782429127 -0.00212939354876181 -0.004194779065058357 0.9999890026181173 -0.14674060126333188 -0.10442082946786968 -0.5505651714489836
FixedParameters: 0 0 0
#Transform 59
Transform: MatrixOffsetTransformBase_double_3_3
Parameters: 0.9999962141941271 -0.0025178251240111824 0.0012023479422973349 0.002514269186564343 0.9999910217477289 0.0033613191062174252 -0.0012103513324373768 -0.0033586814007077193 0.9999936131371131 -0.1268364373289188 -0.006557655683408825 -0.6077948820865693
FixedParameters: 0 0 0
#Transform 60
Transform: MatrixOffsetTransformBase_double_3_3
Parameters: 0.9999918652900496 -0.0029538017421510024 0.0027225560586713895 0.002942897173282053 0.9999878824472251 0.0038577722195378417 -0.002733385514079921 -0.003850228897877034 0.9999892759767961 -0.19022230665008522 -0.08298935049988643 -0.5831180666912488
FixedParameters: 0 0 0
#Transform 61
Transform: MatrixOffsetTransformBase_double_3_3
Parameters: 0.9999908234368599 -0.0030129818352956257 0.0031774371631287344 0.003003168434890328 0.9999894178044011 0.0033451617921491372 -0.0031874382701618242 -0.003335835959817901 0.9999890875903729 -0.20178348048862915 -0.014662098537669976 -0.5953634298980184
FixedParameters: 0 0 0
#Transform 62
Transform: MatrixOffsetTransformBase_double_3_3
Parameters: 0.999991700043448 -0.0028578656409844437 0.0030222289960190373 0.0028468881027510448 0.9999888084881883 0.0036801960435747516 -0.003032118429354499 -0.003671804913007004 0.9999888653916369 -0.19450633098780656 -0.08805990179229184 -0.5800594258857821
FixedParameters: 0 0 0
#Transform 63
Transform: MatrixOffsetTransformBase_double_3_3
Parameters: 0.9999912628810449 -0.002847975367553014 0.0029365362154587966 0.002837523050681111 0.9999894940244198 0.003726095156504794 -0.0029476018212100255 -0.0037179107227078845 0.9999890620550446 -0.2025913713767551 -0.07426153029132365 -0.5902193364340818
FixedParameters: 0 0 0
#Transform 64
Transform: MatrixOffsetTransformBase_double_3_3
Parameters: 0.9999930073946357 -0.0025219845444981494 0.00257515491721453 0.0025118314268642193 0.9999887692775609 0.003998330883191709 -0.002585339379704835 -0.003991665544348072 0.9999883178502164 -0.15979660012786212 -0.06022635799062925 -0.5877852641920036
FixedParameters: 0 0 0
#Transform 65
Transform: MatrixOffsetTransformBase_double_3_3
Parameters: 0.9999923133495996 -0.0028275154715940564 0.0027737956802031238 0.0028159529725785173 0.9999876644319243 0.004082544644240654 -0.0027847459477015604 -0.0040744605607751505 0.9999883803034472 -0.18254373420110426 -0.10240907416613254 -0.5832343350871589
FixedParameters: 0 0 0
#Transform 66
Transform: MatrixOffsetTransformBase_double_3_3
Parameters: 0.999992850820106 -0.0029540075033768053 0.0023287550030196887 0.0029447900986036618 0.9999883926382813 0.0037599186669339812 -0.002340343222194677 -0.003753077390389964 0.999990235412774 -0.18162367862377948 -0.05894595195046293 -0.5865827379770856
FixedParameters: 0 0 0
#Transform 67
Transform: MatrixOffsetTransformBase_double_3_3
Parameters: 0.9999908902142118 -0.0031787762818975213 0.002829266164228268 0.0031671877827964172 0.9999863142414208 0.00414992268640943 -0.0028423511633203706 -0.004141076014857581 0.9999872053344411 -0.19574787684419448 -0.09643265598364792 -0.5817782257262145
FixedParameters: 0 0 0
#Transform 68
Transform: MatrixOffsetTransformBase_double_3_3
Parameters: 0.9999907900286829 -0.0030557938221046146 0.0028052698273468538 0.003044433399399705 0.9999868709669866 0.004174501677599141 -0.0028184740329892247 -0.004166497893146409 0.999987132621949 -0.18018594657765163 -0.05034956299334681 -0.6110033853640644
FixedParameters: 0 0 0
#Transform 69
Transform: MatrixOffsetTransformBase_double_3_3
Parameters: 0.9999909193706282 -0.003091148584388483 0.0030865754763356934 0.003078651855453511 0.9999872080298802 0.0041123016924644595 -0.003098525520052969 -0.004102706000095602 0.9999869678933482 -0.21740523437641457 -0.1299723958466643 -0.5670732007937787
FixedParameters: 0 0 0
#Transform 70
Transform: MatrixOffsetTransformBase_double_3_3
Parameters: 0.9999895677986514 -0.0033128156725873307 0.003075634864199888 0.0032999132089317346 0.9999853626814913 0.004164947289384741 -0.0030887627321882654 -0.004154050218053568 0.9999866019210738 -0.2002170946488775 -0.09201436919623518 -0.5935942418878035
FixedParameters: 0 0 0
#Transform 71
Transform: MatrixOffsetTransformBase_double_3_3
Parameters: 0.9999930082673731 -0.0026313293125137314 0.0028405227818511206 0.002620003506549419 0.9999897092863569 0.003832173757634283 -0.0028507018743663313 -0.0038248311650325717 0.9999889839204975 -0.1852619911678488 -0.07347600587766578 -0.5750901607678998
FixedParameters: 0 0 0
#Transform 72
Transform: MatrixOffsetTransformBase_double_3_3
Parameters: 0.9999914928681183 -0.003200330692035732 0.0026959150230781203 0.0031887763954609105 0.9999865256693637 0.003983554479150775 -0.0027084586686274004 -0.003975439200517045 0.9999882941196795 -0.18607674758459325 -0.1049754089244459 -0.5669528846753806
FixedParameters: 0 0 0
#Transform 73
Transform: MatrixOffsetTransformBase_double_3_3
Parameters: 0.9999897439167941 -0.0033529996608439566 0.0031647098336803677 0.0033401878642185007 0.9999863542454918 0.0039053954956211057 -0.003177591066267809 -0.003894597128881988 0.9999869694229698 -0.195338071435458 -0.08490321048302008 -0.6052479722959418
FixedParameters: 0 0 0
#Transform 74
Transform: MatrixOffsetTransformBase_double_3_3
Parameters: 0.9999899557990527 -0.0033705354349054806 0.003111721057880589 0.0033573895396134088 0.999985060800946 0.004312307801653564 -0.0031261536169846847 -0.004302692632550148 0.9999857855165241 -0.2093980494330907 -0.11330154726364583 -0.5771577540131219
FixedParameters: 0 0 0
#Transform 75
Transform: MatrixOffsetTransformBase_double_3_3
Parameters: 0.9999884649305174 -0.003663337692270708 0.003018580143220077 0.0036507334548748823 0.999984972939911 0.004192219084257209 -0.0030348227702468684 -0.004180779430340981 0.9999864380814667 -0.22483516086711575 -0.06425236543259416 -0.5966544407043095
FixedParameters: 0 0 0
#Transform 76
Transform: MatrixOffsetTransformBase_double_3_3
Parameters: 0.9999883577153558 -0.003395227189450272 0.0033341704742390448 0.0033810162901027527 0.9999859756477645 0.0041861366269166644 -0.0033479505905323207 -0.004174865550744783 0.9999854285475797 -0.2200662622658882 -0.09510782775402049 -0.5744755942108384
FixedParameters: 0 0 0
#Transform 77
Transform: MatrixOffsetTransformBase_double_3_3
Parameters: 0.9999874409106281 -0.0034714163263462145 0.003536468461394614 0.0034561633210318417 0.9999840974219651 0.004371783832436749 -0.0035518259343983167 -0.004360213154790127 0.9999842191743695 -0.2194585123130821 -0.0936552229607912 -0.5813295401965952
FixedParameters: 0 0 0
#Transform 78
Transform: MatrixOffsetTransformBase_double_3_3
Parameters: 0.9999902249108978 -0.003281089931137101 0.0030012409126881122 0.00326944492222306 0.9999862101545135 0.004086612207339191 -0.0030145845405838137 -0.004076393476850904 0.9999876971455786 -0.2075239657137331 -0.11087551385023175 -0.5619413533944666
FixedParameters: 0 0 0
#Transform 79
Transform: MatrixOffsetTransformBase_double_3_3
Parameters: 0.9999891099769396 -0.0034249236336935623 0.0031867915675626093 0.0034122255398182045 0.9999859185360984 0.004167738197837528 -0.0032016886417601718 -0.004157267495976558 0.9999865382652661 -0.2150461007579878 -0.0973565841263877 -0.572703261363511
FixedParameters: 0 0 0
#Transform 80
Transform: MatrixOffsetTransformBase_double_3_3
Parameters: 0.9999874128415446 -0.0034367668316058393 0.0035746210766527393 0.0034215553469855347 0.9999859218051773 0.004182960019349008 -0.0035885501232057007 -0.004171042597979957 0.9999845960010614 -0.22390578094292835 -0.0801889854465685 -0.5920518829572323
FixedParameters: 0 0 0
#Transform 81
Transform: MatrixOffsetTransformBase_double_3_3
Parameters: 0.9999876600617402 -0.0036281256992713035 0.003489808428819581 0.0036130776663965223 0.9999841266039337 0.00423633698927775 -0.003504735169821309 -0.004223658764312577 0.9999847472890493 -0.22947440209296133 -0.09337746301220307 -0.582882076329831
FixedParameters: 0 0 0
#Transform 82
Transform: MatrixOffsetTransformBase_double_3_3
Parameters: 0.9999857172056884 -0.003757381816357369 0.0037638175910450996 0.0037418719693779476 0.9999843361143508 0.00412167971550792 -0.0037787995449134757 -0.004107321403114261 0.999984522483572 -0.23882006667993494 -0.07711782797285593 -0.605495164743413
FixedParameters: 0 0 0
#Transform 83
Transform: MatrixOffsetTransformBase_double_3_3
Parameters: 0.9999864479115687 -0.003638472690489982 0.0036488107886249403 0.00362317776354306 0.999985110755945 0.004109951152164892 -0.003663887205561602 -0.004096046218022703 0.9999846675833984 -0.23627206407299184 -0.12423762899828716 -0.5739334112602918
FixedParameters: 0 0 0
#Transform 84
Transform: MatrixOffsetTransformBase_double_3_3
Parameters: 0.9999861621222672 -0.003760509318397261 0.0037013435810020444 0.0037445869677231684 0.9999843799766581 0.004113456142606331 -0.003716459732312042 -0.004099544181722703 0.9999850550830136 -0.23421557907953172 -0.05955636040582135 -0.5925939087974115
FixedParameters: 0 0 0
#Transform 85
Transform: MatrixOffsetTransformBase_double_3_3
Parameters: 0.9999877376747094 -0.0036965893259161275 0.003405490446248815 0.0036820532816889103 0.9999843490977637 0.0042654385205924406 -0.0034212125523794545 -0.004252563406562437 0.999985110013055 -0.22600576759454327 -0.12128730974097834 -0.5781385222272242
FixedParameters: 0 0 0
#Transform 86
Transform: MatrixOffsetTransformBase_double_3_3
Parameters: 0.9999870730346817 -0.0035554002372706036 0.0035052274779966363 0.00353999685406876 0.9999841644543115 0.0044081408866988026 -0.0035205876884357584 -0.004395861634925086 0.9999841529318283 -0.2374484845560687 -0.05591168647057998 -0.6018798389055853
FixedParameters: 0 0 0
#Transform 87
Transform: MatrixOffsetTransformBase_double_3_3
Parameters: 0.9999871816826591 -0.0036571458705741385 0.0035272902066449583 0.0036418747272617753 0.9999838317269752 0.00424657376097376 -0.003543519925454586 -0.004233414966990756 0.999984394410229 -0.24273303475864338 -0.11555023816005416 -0.5687593253580125
FixedParameters: 0 0 0
#Transform 88
Transform: MatrixOffsetTransformBase_double_3_3
Parameters: 0.9999860191243032 -0.003678431123468158 0.0036670058289941833 0.0036636653811166113 0.9999846714545807 0.004151030057862132 -0.0036825468255057294 -0.004137973207880091 0.9999849935164006 -0.2443403864187701 -0.07004409441491077 -0.5842810938815433
FixedParameters: 0 0 0
#Transform 89
Transform: MatrixOffsetTransformBase_double_3_3
Parameters: 0.9999873120967583 -0.0035498051881970773 0.003617716802181095 0.0035345864375305697 0.9999855407380988 0.0041345174588275635 -0.0036322430157046787 -0.004121482911920771 0.9999846902252247 -0.24428626065419223 -0.1094619287773213 -0.5811837186755362
FixedParameters: 0 0 0
#Transform 90
Transform: MatrixOffsetTransformBase_double_3_3
Parameters: 0.9999862814293279 -0.003792219544350896 0.0036516895655507127 0.0037762539443122307 0.9999822956845633 0.0045545560987822475 -0.0036689077073487585 -0.0045404414501663826 0.9999826257431385 -0.24351099547951094 -0.11129281342748243 -0.5933975221958576
FixedParameters: 0 0 0
#Transform 91
Transform: MatrixOffsetTransformBase_double_3_3
Parameters: 0.9999864474473978 -0.003686462883660254 0.00360051656590269 0.0036703144301319765 0.9999835018621616 0.004507982667788374 -0.0036166037919989186 -0.004495023552096383 0.9999834180785365 -0.23481077931269567 -0.09101130915232147 -0.5967678443175757
FixedParameters: 0 0 0
#Transform 92
Transform: MatrixOffsetTransformBase_double_3_3
Parameters: 0.9999878249228238 -0.003639558601904851 0.0033057178405768335 0.0036254550316025835 0.9999842244781171 0.004327882523816107 -0.0033214136977184547 -0.004316120222890074 0.9999852406646337 -0.2390827563440041 -0.11153772845094068 -0.5660071820894359
FixedParameters: 0 0 0
#Transform 93
Transform: MatrixOffsetTransformBase_double_3_3
Parameters: 0.9999868468415609 -0.0037076190904524794 0.0035231128230857126 0.00369131534933119 0.9999837439025747 0.00434976776931037 -0.003538561168253407 -0.004337231607493913 0.9999843705326551 -0.2291333783959857 -0.05079669550099197 -0.5919087255973352
FixedParameters: 0 0 0
#Transform 94
Transform: MatrixOffsetTransformBase_double_3_3
Parameters: 0.9999876182315867 -0.0038712913155931213 0.0030655266762492266 0.0038577950996834883 0.9999832275851481 0.004351058840767086 -0.00308160544222388 -0.004338942870132201 0.9999856321806893 -0.24387441031096557 -0.10580455171651693 -0.5611058438432082
FixedParameters: 0 0 0
#Transform 95
Transform: MatrixOffsetTransformBase_double_3_3
Parameters: 0.9999848991786179 -0.003919969120544695 0.003966343646782966 0.003902442071835073 0.9999820741636605 0.00451497743252402 -0.003984233497620128 -0.004500024296536398 0.9999821893723574 -0.26407818940133154 -0.07935681552609708 -0.6075090857950869
FixedParameters: 0 0 0
#Transform 96
Transform: MatrixOffsetTransformBase_double_3_3
Parameters: 0.9999848924218768 -0.00387651315883833 0.0040106395464418205 0.0038592797951045132 0.9999842482296045 0.004185139181634101 -0.0040259264954654 -0.0041698623475028285 0.999982740749917 -0.2748639658159533 -0.11419906415353864 -0.5636282473268537
FixedParameters: 0 0 0
#Transform 97
Transform: MatrixOffsetTransformBase_double_3_3
Parameters: 0.9999864355326132 -0.0035716987511425933 0.00371535759725685 0.003554946095347861 0.9999833087836627 0.004495774692540949 -0.0037322906060942673 -0.004482217940746713 0.999982824069387 -0.23582123391544485 -0.08369611522969933 -0.5996688867664126
FixedParameters: 0 0 0
#Transform 98
Transform: MatrixOffsetTransformBase_double_3_3
Parameters: 0.9999870411733998 -0.0035011566353520844 0.0037010983975274193 0.0034862330526615323 0.9999847951916206 0.004267466725701857 -0.0037158131159420785 -0.004254535976000978 0.9999839333277956 -0.24232622553280692 -0.09804911096743751 -0.5672329066798767
FixedParameters: 0 0 0
#Transform 99
Transform: MatrixOffsetTransformBase_double_3_3
Parameters: 0.9999864192419319 -0.003851171679829544 0.003570765702609854 0.0038353699718034397 0.9999825809401899 0.004359457849433729 -0.0035873622696667054 -0.00434553545842345 0.9999839493779871 -0.23340418238491623 -0.07479209013634147 -0.5926696724127076
FixedParameters: 0 0 0
#Transform 100
Transform: MatrixOffsetTransformBase_double_3_3
Parameters: 0.9999842203468986 -0.00397028202264774 0.0038752611342440222 0.003954281755938616 0.9999834540193308 0.00417195617805341 -0.003891229733973379 -0.004156048840834009 0.9999840880975732 -0.27031682474178353 -0.09731911821448591 -0.5573937747046998
FixedParameters: 0 0 0
#Transform 101
Transform: MatrixOffsetTransformBase_double_3_3
Parameters: 0.9999832500500029 -0.0038072681495383187 0.004387850367974398 0.0037881304362591297 0.9999830481918964 0.004398788071081683 -0.004404643488212226 -0.004382210866511721 0.9999806483711839 -0.2651507412133327 -0.08922098553000524 -0.5956238806116865
FixedParameters: 0 0 0
#Transform 102
Transform: MatrixOffsetTransformBase_double_3_3
Parameters: 0.9999852018213091 -0.0036293511141352154 0.0039526407403069445 0.0036143411600406098 0.9999860378574965 0.00390571427107389 -0.003966977334527947 -0.0038912897749942554 0.9999847670091232 -0.254132279776087 -0.10386714219065141 -0.5559307033561574
FixedParameters: 0 0 0
#Transform 103
Transform: MatrixOffsetTransformBase_double_3_3
Parameters: 0.9999866484249396 -0.0035067612692344713 0.003880332087423868 0.0034906272499317975 0.9999851845170095 0.004100940383771096 -0.0038940910341485426 -0.004087057162306201 0.9999839418763394 -0.26014441501773433 -0.08625255377023677 -0.5717570513786008
FixedParameters: 0 0 0
#Transform 104
Transform: MatrixOffsetTransformBase_double_3_3
Parameters: 0.9999858341816916 -0.0036715894385363017 0.0038320639479357196 0.0036563423067308347 0.999985663428208 0.0040366089155177975 -0.003846703511884205 -0.0040223978807273075 0.999984696625394 -0.2467810491202016 -0.06362855441361148 -0.559074971898653
FixedParameters: 0 0 0
#Transform 105
Transform: MatrixOffsetTransformBase_double_3_3
Parameters: 0.9999855144801713 -0.003885233594030011 0.0037934736255905033 0.0038682192350561564 0.9999831537690892 0.004286303915399053 -0.0038107769596474332 -0.0042716900300587 0.9999837406174081 -0.25222669328712755 -0.1035807935012798 -0.5634249153214057
FixedParameters: 0 0 0
#Transform 106
Transform: MatrixOffsetTransformBase_double_3_3
Parameters: 0.9999847748631313 -0.003924438270147855 0.0038499627783188366 0.00390744308767758 0.9999823821589752 0.004454678293269815 -0.00386759169226115 -0.004439322494072889 0.9999828405882928 -0.23464355118835556 -0.07915415185347285 -0.601695550438162
FixedParameters: 0 0 0
#Transform 107
Transform: MatrixOffsetTransformBase_double_3_3
Parameters: 0.9999820421859444 -0.004385957471477262 0.00408904717348672 0.0043689082675282855 0.9999815875853938 0.004181621066389862 -0.004107396389415478 -0.0041643755111479275 0.9999826262924469 -0.27155367716635226 -0.11957853664944196 -0.551102372622843
FixedParameters: 0 0 0
#Transform 108
Transform: MatrixOffsetTransformBase_double_3_3
Parameters: 0.9999817662064547 -0.004055003692042812 0.004449017445125891 0.0040354695825931194 0.9999825309409569 0.004254152098083053 -0.004465991855503617 -0.004235844810868222 0.9999811947399035 -0.26598712455805185 -0.09498476516894527 -0.5767954467208156
FixedParameters: 0 0 0
#Transform 109
Transform: MatrixOffsetTransformBase_double_3_3
Parameters: 0.9999834171875605 -0.0037198824330148383 0.004443547109393016 0.003702550597783526 0.9999860608465042 0.003848582639457615 -0.004457976126988618 -0.003831419183932011 0.9999828647780207 -0.2687326683616078 -0.11108822587533496 -0.5422713910221724
FixedParameters: 0 0 0
#Transform 110
Transform: MatrixOffsetTransformBase_double_3_3
Parameters: 0.9999836966418184 -0.0038635717147704855 0.004168474482294501 0.003846616679718225 0.9999838450291308 0.004132361082985758 -0.0041840610500271545 -0.004116639908007452 0.9999828281887325 -0.2640794294185014 -0.08151178832351036 -0.5730166242219035
FixedParameters: 0 0 0
#Transform 111
Transform: MatrixOffsetTransformBase_double_3_3
Parameters: 0.9999833137597975 -0.003794121530715688 0.00427678236497903 0.003775962783846038 0.9999841118102726 0.004283481074632112 -0.004292763968877629 -0.004267523599852913 0.9999816416632927 -0.2688522120355259 -0.08510074777174736 -0.5693266012309763
FixedParameters: 0 0 0
#Transform 112
Transform: MatrixOffsetTransformBase_double_3_3
Parameters: 0.9999830556387955 -0.004042732615733717 0.004074577814344827 0.004024104155182505 0.9999822915049495 0.004510096898241528 -0.004092539670776532 -0.004493905236123474 0.9999812275771925 -0.2624241072236373 -0.10840683041455179 -0.5335368034009242
FixedParameters: 0 0 0
#Transform 113
Transform: MatrixOffsetTransformBase_double_3_3
Parameters: 0.9999828045848959 -0.004101299754530548 0.004286504823880957 0.004083273101631587 0.9999822462388618 0.004238864941337128 -0.004303755905032902 -0.004221131759542113 0.999981772085071 -0.27180676412109506 -0.07191293544596533 -0.5743184199236318
FixedParameters: 0 0 0
#Transform 114
Transform: MatrixOffsetTransformBase_double_3_3
