#Insight Transform File V1.0
#Transform 0
Transform: MatrixOffsetTransformBase_double_3_3
Parameters: 0.9999990841494221 0.00016451031396106652 -0.0009427537532616639 -0.00016324143982033272 0.9999980505860631 0.001717986252622844 0.0009429764127481884 -0.0017180126810696639 0.9999981305115048 0.0004373748506765196 0.009144958022602623 -0.5234033786637227
FixedParameters: 0 0 0
#Transform 1
Transform: MatrixOffsetTransformBase_double_3_3
Parameters: 0.9999988916864306 0.0002510208339548708 -0.0014301375692650187 -0.0002472092826186472 0.9999966227844231 0.002710190302708998 0.0014308069389915136 -0.002709813053103305 0.9999955806583828 0.007089275627762959 -0.05985261265260533 -0.46510065618982566
FixedParameters: 0 0 0
#Transform 2
Transform: MatrixOffsetTransformBase_double_3_3
Parameters: 0.9999991495674984 -0.00011025043102782809 -0.001356207505926915 0.00011247856466858364 0.9999983608136005 0.0019116822981437298 0.0013552710183391565 -0.0019123197172153383 0.9999974772521807 0.0002932371472184059 -0.009879946290510588 -0.5009090789986494
FixedParameters: 0 0 0
#Transform 3
Transform: MatrixOffsetTransformBase_double_3_3
Parameters: 1.000000007705131 -0.000036852947818435234 -0.000995280060732227 0.0000383831406157337 0.9999975276484564 0.0023389630334899325 0.0009955788648022684 -0.0023390379295422647 0.9999965381946115 -0.008891994856213614 -0.008084971128837992 -0.4837720641667431
FixedParameters: 0 0 0
#Transform 4
Transform: MatrixOffsetTransformBase_double_3_3
Parameters: 0.9999996577529958 -0.00019594745314740754 -0.0005510260909996228 0.00019721954985935084 0.9999981081298203 0.0022028938512956564 0.0005509751430261454 -0.0022031104904897403 0.9999978431834644 -0.022501685515649683 -0.003766720244669841 -0.5144558767911995
FixedParameters: 0 0 0
#Transform 5
Transform: MatrixOffsetTransformBase_double_3_3
Parameters: 0.999999962907693 -0.00019267208901576062 -0.0000012053913312292685 0.0001925072568958404 0.9999976821398177 0.0020689991852540224 0.0000013938639755260216 -0.002068999689452844 0.9999977192390062 -0.027668168347588562 0.013730794127496893 -0.5215441846731146
FixedParameters: 0 0 0
#Transform 6
Transform: MatrixOffsetTransformBase_double_3_3
Parameters: 0.9999998432373559 -0.00034733023393357105 -0.00019071066034613633 0.0003469962491718062 0.9999972225061755 0.0021579324044957438 0.00019002750172153127 -0.002158064586444991 0.9999973067987326 -0.03397106012751294 0.010120747830868027 -0.5313605975665574
FixedParameters: 0 0 0
#Transform 7
Transform: MatrixOffsetTransformBase_double_3_3
Parameters: 0.9999993622354469 -0.0006826684644344324 -0.000414946342283574 0.0006833989385035272 0.9999973396074717 0.0022787182611674617 0.000412648267691353 -0.0022792835413353862 0.9999976349267908 -0.026005071338261132 -0.012259652967131274 -0.524721527178837
FixedParameters: 0 0 0
#Transform 8
Transform: MatrixOffsetTransformBase_double_3_3
Parameters: 0.9999997749193305 -0.0003662658546329262 0.0003015464799188027 0.00036526603320544257 0.9999982965673941 0.0016541378949135044 -0.0003027567993339607 -0.0016548589203361497 0.9999980036133944 -0.03885118927397002 0.03543203756693458 -0.5805071272843065
FixedParameters: 0 0 0
#Transform 9
Transform: MatrixOffsetTransformBase_double_3_3
Parameters: 0.9999997754584783 -0.0004708946442014002 -0.0000531822153453703 0.0004710027068997056 0.9999967344659145 0.002653977486659853 0.000051667822590568054 -0.002654026870348908 0.9999969535237521 -0.02481215611761911 -0.006639582259523991 -0.5149893260741756
FixedParameters: 0 0 0
#Transform 10
Transform: MatrixOffsetTransformBase_double_3_3
Parameters: 0.999999841578545 -0.00039606461021962516 -0.00003978418451858617 0.0003960514882355145 0.9999978870080599 0.0019889843289521425 0.00003919407316240875 -0.0019890156123823777 0.9999980423204601 -0.0139469668763752 0.01728821317364293 -0.5329431876495505
FixedParameters: 0 0 0
#Transform 11
Transform: MatrixOffsetTransformBase_double_3_3
Parameters: 0.9999974465763464 -0.001238721566520296 0.002005284202471749 0.0012333668239980409 0.9999959363419224 0.0024362007858658996 -0.0020074964783446014 -0.002433795820557333 0.9999946517588484 -0.09476707317094224 -0.009573597461837835 -0.5203391795116517
FixedParameters: 0 0 0
#Transform 12
Transform: MatrixOffsetTransformBase_double_3_3
Parameters: 0.9999986894689774 -0.0011358328661990502 0.0014216102246945726 0.0011325856801110367 0.9999976356201364 0.002061642680954018 -0.0014238028632365732 -0.002059357441943549 0.9999965625124068 -0.08781915478388669 0.029305614745553044 -0.6075798389659681
FixedParameters: 0 0 0
#Transform 13
Transform: MatrixOffsetTransformBase_double_3_3
Parameters: 0.9999964930817423 -0.0016175332299350222 0.0019725305516836295 0.0016127271853562993 0.9999964689126766 0.0023371086255670748 -0.00197626757395205 -0.002333892410278482 0.9999951150137543 -0.10557097153845518 -0.013046937261449898 -0.5315484048944157
FixedParameters: 0 0 0
#Transform 14
Transform: MatrixOffsetTransformBase_double_3_3
Parameters: 0.9999988992343843 -0.001214909947649935 0.0012746574943362004 0.0012119071216622579 0.9999968777144886 0.0022024107510922875 -0.0012775186976839408 -0.0022005914266021998 0.9999973282914991 -0.08620908080129652 0.037713081639736856 -0.5985229906558445
FixedParameters: 0 0 0
#Transform 15
Transform: MatrixOffsetTransformBase_double_3_3
Parameters: 0.9999987591120364 -0.0012206168085714334 0.000866602116759204 0.0012184875081242025 0.9999969910113229 0.0021660877520474353 -0.0008695727704323555 -0.0021649124528800023 0.9999973893035308 -0.06089611924345206 0.021365634072509465 -0.5929757939030402
FixedParameters: 0 0 0
#Transform 16
Transform: MatrixOffsetTransformBase_double_3_3
Parameters: 0.9999958190641042 -0.0015548565535552213 0.0026008119161739446 0.0015493122038580042 0.9999959545057567 0.002294456361963737 -0.0026037805561132036 -0.0022905463556388284 0.9999943534017021 -0.11031925823310473 0.0255925093407825 -0.5696899009673366
FixedParameters: 0 0 0
#Transform 17
Transform: MatrixOffsetTransformBase_double_3_3
Parameters: 0.9999976858217645 -0.00139637079937697 0.0015376901152770906 0.001393255179408882 0.9999969518622444 0.0018630354674818994 -0.0015404029619444995 -0.0018609616622212444 0.9999967998635502 -0.09841621054361838 0.03444425948052299 -0.609997907788653
FixedParameters: 0 0 0
#Transform 18
Transform: MatrixOffsetTransformBase_double_3_3
Parameters: 0.9999957713170858 -0.0016819096672409418 0.0023238097913008352 0.0016749753549894519 0.9999935403808583 0.0030404875147463095 -0.0023287064222564636 -0.003036511030507033 0.9999927658957284 -0.10867063502112728 -0.02094594553894069 -0.5485000902485027
FixedParameters: 0 0 0
#Transform 19
Transform: MatrixOffsetTransformBase_double_3_3
Parameters: 0.9999968568541558 -0.0016304350972649634 0.0021182390507549853 0.0016265229034489951 0.9999969076039658 0.0017342020254825785 -0.0021202446781821865 -0.0017307968070980062 0.9999959461244703 -0.0982299283884629 0.057630703878317036 -0.6086562334024173
FixedParameters: 0 0 0
#Transform 20
Transform: MatrixOffsetTransformBase_double_3_3
Parameters: 0.9999944312919031 -0.001402690205460896 0.0029324888779590193 0.001394181869794022 0.9999952388745533 0.0029045206249986577 -0.0029371041375250238 -0.0029004803161311044 0.9999913433222377 -0.11064785512249387 -0.06007569976432592 -0.5821651606149949
FixedParameters: 0 0 0
#Transform 21
Transform: MatrixOffsetTransformBase_double_3_3
Parameters: 0.9999970317511998 -0.0014678157945442313 0.0019531320532180916 0.0014633271676114013 0.9999960561843891 0.002279586967896291 -0.0019560019426382307 -0.0022764128583145082 0.9999955969703899 -0.07574876767024818 0.020390429096522666 -0.6344699953545394
FixedParameters: 0 0 0
#Transform 22
Transform: MatrixOffsetTransformBase_double_3_3
Parameters: 0.9999941159550525 -0.0017561908199990677 0.0027928836202643324 0.0017494138221768652 0.9999961394353092 0.0023575114747722836 -0.002796991661077427 -0.002352488071461184 0.9999928844254551 -0.11894618095645626 -0.016300776824479613 -0.5664210470795972
FixedParameters: 0 0 0
#Transform 23
Transform: MatrixOffsetTransformBase_double_3_3
Parameters: 0.9999943402915862 -0.0018649267087911888 0.00286036716674602 0.0018588110909011591 0.9999955503386572 0.002186773301681544 -0.0028643521505129655 -0.0021812246188867013 0.9999932502064637 -0.13142241420624146 0.01844966539528059 -0.6057602245377254
FixedParameters: 0 0 0
#Transform 24
Transform: MatrixOffsetTransformBase_double_3_3
Parameters: 0.9999944488319521 -0.0018281330367152467 0.0028649618190678466 0.001819387833031598 0.9999945645259991 0.0028126746215022813 -0.0028708935014649644 -0.0028073237836264975 0.9999920920336663 -0.11635470419101068 -0.003565334301598 -0.5704970444851476
FixedParameters: 0 0 0
#Transform 25
Transform: MatrixOffsetTransformBase_double_3_3
Parameters: 0.999994307224085 -0.0018223308879098347 0.0027145632995635516 0.0018148669030079538 0.9999940054974037 0.002913387650851307 -0.002720663127711343 -0.0029086131443867846 0.9999923538011424 -0.11818077752015199 -0.012851348799259199 -0.5359254213834497
FixedParameters: 0 0 0
#Transform 26
Transform: MatrixOffsetTransformBase_double_3_3
Parameters: 0.9999929095427145 -0.0018504250109000722 0.003266011319312275 0.001843896427256132 0.9999959085522114 0.002130147637520452 -0.0032695512803256836 -0.002123856291932097 0.9999929526823901 -0.11568155761364096 0.038188622424300434 -0.6135751288339577
FixedParameters: 0 0 0
#Transform 27
Transform: MatrixOffsetTransformBase_double_3_3
Parameters: 0.9999936486176813 -0.0020789262542430208 0.0030048539751083674 0.0020687190706977273 0.9999923875787824 0.0033597127704383667 -0.003011976284133602 -0.0033532869559840806 0.9999897287165989 -0.13165641723747967 -0.04360207002008565 -0.5688799741968467
FixedParameters: 0 0 0
#Transform 28
Transform: MatrixOffsetTransformBase_double_3_3
Parameters: 0.9999948716589728 -0.0016722244278094154 0.0028867471800555176 0.0016648269286766862 0.9999963097741252 0.002388265971419723 -0.002890561722775254 -0.0023837363920464483 0.9999931758395171 -0.11484487632459661 0.0385378906120053 -0.6107209069815909
FixedParameters: 0 0 0
#Transform 29
Transform: MatrixOffsetTransformBase_double_3_3
Parameters: 0.999992682110241 -0.002212511085767403 0.0032281468908156186 0.0022021247855865357 0.9999921913943037 0.003308441734341472 -0.003235765600839127 -0.0033005612828062303 0.9999896511224932 -0.15251736171212826 -0.060862030492899066 -0.5863615325958982
FixedParameters: 0 0 0
#Transform 30
Transform: MatrixOffsetTransformBase_double_3_3
Parameters: 0.9999936060027458 -0.002104499050587589 0.002822770319622869 0.0020965548290382023 0.9999944881198088 0.0026535756265760047 -0.0028276165466162304 -0.002647423422319134 0.999992067516958 -0.12308609237243218 0.02338723388231756 -0.6260409307697721
FixedParameters: 0 0 0
#Transform 31
Transform: MatrixOffsetTransformBase_double_3_3
Parameters: 0.9999920993452347 -0.002322705103457185 0.0032416253031051535 0.002312547798090446 0.9999923056360225 0.003081854805942419 -0.0032481079450206 -0.003074143539784524 0.9999898454262145 -0.14757981540124376 -0.04762348284695861 -0.5883044315358177
FixedParameters: 0 0 0
#Transform 32
Transform: MatrixOffsetTransformBase_double_3_3
Parameters: 0.9999923582476996 -0.00201541090176028 0.003253089157233209 0.002007401979406139 0.9999954784432078 0.0023398541279439633 -0.0032571851977025008 -0.0023331468009981093 0.9999919612829163 -0.12910257145107096 0.01387854797663124 -0.6277329952791355
FixedParameters: 0 0 0
#Transform 33
Transform: MatrixOffsetTransformBase_double_3_3
Parameters: 0.9999918673767192 -0.0024728986523379582 0.003164788299463249 0.0024619895050826063 0.9999914675029279 0.0034293519139211304 -0.0031737379115386612 -0.0034216480589192577 0.9999889316100661 -0.13715945340666735 -0.033362130055536454 -0.5750998287654099
FixedParameters: 0 0 0
#Transform 34
Transform: MatrixOffsetTransformBase_double_3_3
Parameters: 0.9999905163119334 -0.002116985431850525 0.0037416137722657617 0.0021073959366573534 0.999994356949418 0.0025319066111939015 -0.003747634752617713 -0.0025240882902418937 0.9999893777280856 -0.1496148341374237 0.04254681265480542 -0.6349548477180207
FixedParameters: 0 0 0
#Transform 35
Transform: MatrixOffsetTransformBase_double_3_3
Parameters: 0.9999909675196689 -0.002315623912193076 0.003559228052675962 0.002303818937950572 0.9999918940799193 0.003338425908241044 -0.0035674919294080188 -0.0033305721667178656 0.9999878355037524 -0.15163430414747836 -0.045326000184388704 -0.5754795400024229
FixedParameters: 0 0 0
#Transform 36
Transform: MatrixOffsetTransformBase_double_3_3
Parameters: 0.999990165559093 -0.0022936018838978197 0.0038175451579581755 0.0022828464400952153 0.9999933050428744 0.0029767738388401244 -0.00382400898270239 -0.002968230702447755 0.999988188863695 -0.14716885682678083 0.025778234443038173 -0.6313062366258286
FixedParameters: 0 0 0
#Transform 37
Transform: MatrixOffsetTransformBase_double_3_3
Parameters: 0.9999901688906289 -0.002549760669309035 0.0035114528915103776 0.002537335248202095 0.9999902080671688 0.0035641394317296182 -0.0035202797675417995 -0.0035548608498265633 0.9999876205423468 -0.15455308590877337 -0.04946038671751296 -0.5598051611262278
FixedParameters: 0 0 0
#Transform 38
Transform: MatrixOffsetTransformBase_double_3_3
Parameters: 0.9999891055479598 -0.002562653342088093 0.0037852050282352343 0.0025508436563240963 0.9999913105202625 0.0031187421821077532 -0.0037930034036381356 -0.003109251069852631 0.9999874009088607 -0.15940818386556543 -0.011891963087833801 -0.6256072752982149
FixedParameters: 0 0 0
#Transform 39
Transform: MatrixOffsetTransformBase_double_3_3
Parameters: 0.9999894694643164 -0.0026830796866537028 0.0037856246929826513 0.0026702968159508346 0.9999902763291587 0.0034842043900534803 -0.003794798248705665 -0.003473798423023894 0.9999869860398605 -0.16486424977829017 -0.06268150720227084 -0.5751596025037067
FixedParameters: 0 0 0
#Transform 40
Transform: MatrixOffsetTransformBase_double_3_3
Parameters: 0.9999876905799415 -0.0027353507438416507 0.004101990758486784 0.002722200902739433 0.9999913314368345 0.003162123439136272 -0.004110922284029401 -0.0031508741753910052 0.999986431995398 -0.15861094936934705 0.02102387139470352 -0.6228076675610659
FixedParameters: 0 0 0
#Transform 41
Transform: MatrixOffsetTransformBase_double_3_3
Parameters: 0.999988962852436 -0.0024991115912772798 0.003973769515356219 0.002486737563321308 0.9999915675262594 0.003289808555761886 -0.003981682573877643 -0.003280196138238878 0.9999868126836907 -0.15715847046416798 -0.028533772209954122 -0.5985738901974145
FixedParameters: 0 0 0
#Transform 42
Transform: MatrixOffsetTransformBase_double_3_3
Parameters: 0.999988067859732 -0.0024810056200033747 0.004215885796250814 0.002468730314942536 0.9999918364110633 0.003110165454581315 -0.004223774672242419 -0.0030998337605374904 0.9999859492394548 -0.16264228439065676 0.008671242992619455 -0.6460442912423545
FixedParameters: 0 0 0
#Transform 43
Transform: MatrixOffsetTransformBase_double_3_3
Parameters: 0.9999903570589626 -0.002719011062192311 0.0035000050761776294 0.0027045012239988037 0.9999884612558526 0.003987760549055475 -0.003511173412644402 -0.003979239018019165 0.9999861589790946 -0.15395489774196847 -0.09002892910288551 -0.597368262325439
FixedParameters: 0 0 0
#Transform 44
Transform: MatrixOffsetTransformBase_double_3_3
Parameters: 0.9999892436096904 -0.0027433185226851016 0.0037726874846331325 0.002729427385279991 0.9999899594838827 0.0036205622658435355 -0.003782035224105403 -0.0036094387193222333 0.999986147445081 -0.1545842857012758 -0.003813254381668685 -0.6522135623406129
FixedParameters: 0 0 0
#Transform 45
Transform: MatrixOffsetTransformBase_double_3_3
Parameters: 0.9999885030288764 -0.0029721718219887575 0.003828934169990434 0.002957794501879712 0.999987991813431 0.003993627898535884 -0.0038406477060383905 -0.003981378732084095 0.999984710563728 -0.16606561765098604 -0.09237759622435249 -0.6081357316326148
FixedParameters: 0 0 0
#Transform 46
Transform: MatrixOffsetTransformBase_double_3_3
Parameters: 0.9999904631608253 -0.0026622813447642114 0.003528217215595046 0.002649921483758001 0.9999899785081838 0.0035376085815224945 -0.003537704584536187 -0.0035283898050373907 0.999987520280532 -0.14966911188069787 -0.018433701242898337 -0.6316705093925492
FixedParameters: 0 0 0
#Transform 47
Transform: MatrixOffsetTransformBase_double_3_3
Parameters: 0.9999889047443596 -0.0029560844953785354 0.0035150448086825946 0.0029425602941058684 0.9999876129848322 0.003946667876603388 -0.00352670545563113 -0.003937332585923714 0.999986212745416 -0.14729703856097842 -0.05588336864154542 -0.6328904964320508
FixedParameters: 0 0 0
#Transform 48
Transform: MatrixOffsetTransformBase_double_3_3
Parameters: 0.99998841212756 -0.0028515416069861427 0.0038020793661905595 0.00283577815266029 0.9999870066477204 0.004202916345810603 -0.003814019692723551 -0.004192085213913788 0.9999841671065698 -0.15991838501443567 -0.07531759917908687 -0.6490979459894604
FixedParameters: 0 0 0
#Transform 49
Transform: MatrixOffsetTransformBase_double_3_3
Parameters: 0.9999863974264045 -0.0031220512056188837 0.004105335181534252 0.00310643804333335 0.9999874049359908 0.003875780340233781 -0.0041175041289442365 -0.003863218384930145 0.9999840461235917 -0.1568972027189801 -0.06548422422775957 -0.6610251136684369
FixedParameters: 0 0 0
#Transform 50
Transform: MatrixOffsetTransformBase_double_3_3
Parameters: 0.9999867424357678 -0.003036341976705703 0.004127742194585463 0.003021100965412791 0.9999882651957201 0.0038104697792146203 -0.004138852506522317 -0.003797536507141319 0.9999845360896294 -0.16829692734984292 -0.07221463467806188 -0.6319905536107306
FixedParameters: 0 0 0
#Transform 51
Transform: MatrixOffsetTransformBase_double_3_3
Parameters: 0.9999852124115729 -0.0030368672935131955 0.004423087574878737 0.0030192926075647422 0.9999882481361256 0.0038392186967057818 -0.004435351021584902 -0.0038257760261763696 0.9999825878638249 -0.17758045161275504 -0.023876374448036586 -0.6445580678485108
FixedParameters: 0 0 0
#Transform 52
Transform: MatrixOffsetTransformBase_double_3_3
Parameters: 0.9999878577108032 -0.003245322277014529 0.003822456827061377 0.003226950395268199 0.9999834135359864 0.004710703111136305 -0.0038376768895620806 -0.004698288929668032 0.9999811790486769 -0.18012076964392065 -0.10692194596109061 -0.6361289422675682
FixedParameters: 0 0 0
#Transform 53
Transform: MatrixOffsetTransformBase_double_3_3
Parameters: 0.9999858834452818 -0.003500645645712654 0.004106336722157421 0.003481836074124116 0.9999835575709587 0.004658571686403823 -0.0041222612282447255 -0.004644438253853134 0.9999810523746825 -0.179062433254785 -0.07923085233024096 -0.6519395630602389
FixedParameters: 0 0 0
#Transform 54
Transform: MatrixOffsetTransformBase_double_3_3
Parameters: 0.9999866945229556 -0.0035948161904821676 0.003792290627431704 0.0035776197813610546 0.9999824950680343 0.004570968870544562 -0.0038088115227605623 -0.004557026738689546 0.9999825387820117 -0.18245039552017772 -0.10917657245330759 -0.6216097694934497
FixedParameters: 0 0 0
#Transform 55
Transform: MatrixOffsetTransformBase_double_3_3
Parameters: 0.9999859298007812 -0.0030270432188534615 0.004348099002883609 0.003007533008883699 0.9999854486967455 0.00453995178364186 -0.004361858397349645 -0.004527052725943198 0.999980375339542 -0.17175726716843087 -0.10652812857613014 -0.6296581432398369
FixedParameters: 0 0 0
#Transform 56
Transform: MatrixOffsetTransformBase_double_3_3
Parameters: 0.9999868155956753 -0.003290962853460958 0.004043878482054204 0.0032738429132720672 0.999985658343146 0.004321445770209681 -0.00405795898708251 -0.004307562787650432 0.9999829269691469 -0.17677284685962036 -0.06899173078765841 -0.6454577905464696
FixedParameters: 0 0 0
#Transform 57
Transform: MatrixOffsetTransformBase_double_3_3
Parameters: 0.9999877489401613 -0.003226466857739324 0.0038525461973028152 0.0032075345192289625 0.9999829335553447 0.004979735538494429 -0.003867991181420482 -0.004967273628098234 0.9999803433165989 -0.18259783878700375 -0.10246410901025627 -0.6330025855350065
FixedParameters: 0 0 0
#Transform 58
Transform: MatrixOffsetTransformBase_double_3_3
Parameters: 0.9999845275586906 -0.003368388151488985 0.004486109332723493 0.003349268284450215 0.9999853971658976 0.004338962718468564 -0.004500623125155392 -0.004324043288470747 0.9999806061111476 -0.1987882056054815 -0.06919813379823836 -0.6564039174997198
FixedParameters: 0 0 0
#Transform 59
Transform: MatrixOffsetTransformBase_double_3_3
Parameters: 0.999986418716831 -0.0034951348988594083 0.003789847573778542 0.003476708156128038 0.9999824052878615 0.0048647504039149025 -0.0038073325124906173 -0.004851248839190192 0.9999808125125487 -0.18658790868322228 -0.11465049722828269 -0.6288619697103641
FixedParameters: 0 0 0
#Transform 60
Transform: MatrixOffsetTransformBase_double_3_3
Parameters: 0.999984418038531 -0.00372206607709982 0.004090225297584902 0.003700824087275449 0.9999801709430564 0.0050514183602241025 -0.00410896724327892 -0.005035581977890363 0.9999793725971846 -0.196238290684974 -0.1055541434597842 -0.6651030450050577
FixedParameters: 0 0 0
#Transform 61
Transform: MatrixOffsetTransformBase_double_3_3
Parameters: 0.9999859021130341 -0.003397203336608515 0.004068859769688836 0.0033766999609248886 0.9999815230853559 0.0050289821887314345 -0.004086153641592014 -0.005015014033153603 0.9999789374063279 -0.18883366851953554 -0.12537906557651013 -0.6518057709129543
FixedParameters: 0 0 0
#Transform 62
Transform: MatrixOffsetTransformBase_double_3_3
Parameters: 0.9999863651759331 -0.003394653525844107 0.003887325762653178 0.0033752957787037594 0.9999807065573239 0.005094332302547272 -0.0039040578149891272 -0.005080669113567443 0.9999798926198242 -0.17985296572936704 -0.13596123535739935 -0.6488226226306928
FixedParameters: 0 0 0
#Transform 63
Transform: MatrixOffsetTransformBase_double_3_3
Parameters: 0.9999850588692708 -0.0033677847523458197 0.004194996445958478 0.003347107684024316 0.999982044154803 0.005016150684872933 -0.004211739824112466 -0.005002855515779975 0.9999788238250769 -0.18969062477292198 -0.1063455489637164 -0.6634850939495891
FixedParameters: 0 0 0
#Transform 64
Transform: MatrixOffsetTransformBase_double_3_3
Parameters: 0.9999863811484954 -0.0035026863625784942 0.0037880136305956246 0.0034837706675187 0.9999816333849081 0.0050387745155586194 -0.0038056296233765063 -0.005025229790125568 0.9999801050364231 -0.18193209667877852 -0.127505405300667 -0.6378633025969656
FixedParameters: 0 0 0
#Transform 65
Transform: MatrixOffsetTransformBase_double_3_3
Parameters: 0.9999835263082496 -0.0036401247747157367 0.004384229364323924 0.0036183811128102836 0.999981337825175 0.0050150124947591634 -0.004402522285309565 -0.004998995120512412 0.999978047625829 -0.19258680482307966 -0.07638479972932544 -0.6799726331626417
FixedParameters: 0 0 0
#Transform 66
Transform: MatrixOffsetTransformBase_double_3_3
Parameters: 0.9999853407068157 -0.0034226831187163763 0.004116249665966867 0.0034020835267069617 0.9999818100703384 0.004983248358493064 -0.004133485041833527 -0.004968749564584901 0.9999790088334376 -0.19143608187512484 -0.11291173169450985 -0.6299073708865208
FixedParameters: 0 0 0
#Transform 67
Transform: MatrixOffsetTransformBase_double_3_3
Parameters: 0.9999832460231652 -0.00342853897420773 0.0045823505233311 0.0034059965000405386 0.9999817178935799 0.0050125545459232534 -0.0045993187017681235 -0.004996443670174627 0.9999764373744144 -0.19264044776259936 -0.06278405874491 -0.6963063731260846
FixedParameters: 0 0 0
#Transform 68
Transform: MatrixOffsetTransformBase_double_3_3
Parameters: 0.9999840085163406 -0.0037193296726269706 0.004261128782796514 0.0036976887385626414 0.9999796221335538 0.005126901099916786 -0.0042800606960458525 -0.005111097985174062 0.9999779773031695 -0.19608762497176713 -0.15243335381018142 -0.6801067233248368
FixedParameters: 0 0 0
#Transform 69
Transform: MatrixOffsetTransformBase_double_3_3
Parameters: 0.9999825290766367 -0.0038772359455559154 0.004520667367003857 0.003855702805881401 0.9999816490842468 0.00473263576575253 -0.004539317540220063 -0.004715361652720601 0.9999782470079291 -0.19488234341835664 -0.06713128592610929 -0.69979185900009
FixedParameters: 0 0 0
#Transform 70
Transform: MatrixOffsetTransformBase_double_3_3
Parameters: 0.9999831350720372 -0.003929771290558051 0.0042922735819333315 0.0039071855848308796 0.9999788005068719 0.0052741512363574106 -0.0043123662347730515 -0.0052578547354256155 0.999976872167922 -0.21154493202212166 -0.14767837727762867 -0.6804718433331942
FixedParameters: 0 0 0
#Transform 71
Transform: MatrixOffsetTransformBase_double_3_3
Parameters: 0.9999825591426573 -0.003820536191784217 0.004454995994849631 0.003796546816516773 0.9999786742724567 0.005259092792783804 -0.004474798121519875 -0.005241897230307324 0.9999757485676501 -0.19805477845306996 -0.10371048458073062 -0.7048200601055612
FixedParameters: 0 0 0
#Transform 72
Transform: MatrixOffsetTransformBase_double_3_3
Parameters: 0.9999819129264085 -0.003984403042297566 0.004495344405183685 0.0039622934059504915 0.999979076398527 0.005113025378218089 -0.0045155427936746165 -0.005094977974033521 0.9999767340693987 -0.20223970308094863 -0.14425385094207854 -0.666625752952708
FixedParameters: 0 0 0
#Transform 73
Transform: MatrixOffsetTransformBase_double_3_3
Parameters: 0.9999813828089814 -0.0037152904704986587 0.004776432103121491 0.0036900498561879998 0.9999795063953674 0.005261479450997891 -0.0047957822948048465 -0.0052435215027545334 0.9999746980103628 -0.2031578429948695 -0.06998672973720943 -0.6977797145116291
FixedParameters: 0 0 0
#Transform 74
Transform: MatrixOffsetTransformBase_double_3_3
Parameters: 0.9999826890098008 -0.004073534822310766 0.00420899288005287 0.004050637493750705 0.9999761130958432 0.00551043074528304 -0.004231359797926988 -0.005493565837086933 0.9999760309474798 -0.19867379262854 -0.1434806639600339 -0.7098840702719436
FixedParameters: 0 0 0
#Transform 75
Transform: MatrixOffsetTransformBase_double_3_3
Parameters: 0.999979332562455 -0.004102185923387641 0.004882161300818939 0.004077750956519686 0.999979028240797 0.004964849037394553 -0.004903316761071527 -0.004945137608725614 0.9999751995375259 -0.21141572470180847 -0.09266506878614678 -0.7077436136466773
FixedParameters: 0 0 0
#Transform 76
Transform: MatrixOffsetTransformBase_double_3_3
Parameters: 0.999981758828923 -0.003990188015800619 0.004507573541041568 0.003966032964954811 0.999977864413076 0.005415100571864284 -0.004529067783051314 -0.005396907773392412 0.9999754437423234 -0.20850883172136037 -0.15102883338802542 -0.7087178299843053
FixedParameters: 0 0 0
#Transform 77
Transform: MatrixOffsetTransformBase_double_3_3
Parameters: 0.999981133631717 -0.004017226431316226 0.004552712747227007 0.003993118218378932 0.9999774741685884 0.005356261079071806 -0.00457403096646295 -0.005338740351475163 0.9999754670071598 -0.20302171863626484 -0.09768493447987225 -0.7074106716634319
FixedParameters: 0 0 0
#Transform 78
Transform: MatrixOffsetTransformBase_double_3_3
Parameters: 0.9999808307911991 -0.004041769674331351 0.004672598802647691 0.004016190551297334 0.9999759994927307 0.005568687611857276 -0.004694554179681678 -0.005550316406304823 0.9999740141285735 -0.21361254520246575 -0.14927163413418043 -0.694408136858538
FixedParameters: 0 0 0
#Transform 79
Transform: MatrixOffsetTransformBase_double_3_3
Parameters: 0.9999813518043353 -0.004173007745437078 0.004385287528133018 0.004149217035933727 0.9999765489245779 0.005503617455968446 -0.004408511558452463 -0.005485388003609343 0.9999754227803567 -0.20650208486449628 -0.12098377962161067 -0.7004681648444517
FixedParameters: 0 0 0
#Transform 80
Transform: MatrixOffsetTransformBase_double_3_3
Parameters: 0.9999812918419841 -0.0042067717011834895 0.004360201306323858 0.004183705037007095 0.9999760281226887 0.005433655736183124 -0.004382227580170102 -0.005415341692693809 0.9999754123599143 -0.21938259733222765 -0.15587881578923657 -0.6672743896068809
FixedParameters: 0 0 0
#Transform 81
Transform: MatrixOffsetTransformBase_double_3_3
Parameters: 0.9999809053199945 -0.00406529955621923 0.004535122404159563 0.004039699217735506 0.9999758961405179 0.005630545895849159 -0.0045580079814942056 -0.005611451862266803 0.999973816824829 -0.2226178446877043 -0.13486055753563164 -0.697777957605652
FixedParameters: 0 0 0
#Transform 82
Transform: MatrixOffsetTransformBase_double_3_3
Parameters: 0.9999806474413007 -0.004193181439511997 0.004557066065823609 0.004164627066564989 0.9999723340997388 0.006210279539710484 -0.004583738968311631 -0.006191720911978116 0.9999704070602576 -0.21497801966067698 -0.18444864787721826 -0.6797298679513375
FixedParameters: 0 0 0
#Transform 83
Transform: MatrixOffsetTransformBase_double_3_3
Parameters: 0.999979365839489 -0.004277664302039649 0.004830988507131955 0.004251215215805504 0.9999765641692706 0.0054596947802108275 -0.00485363841149258 -0.005439312731170293 0.9999734064698527 -0.2155185632936707 -0.09244579714071222 -0.7055783108862208
FixedParameters: 0 0 0
#Transform 84
Transform: MatrixOffsetTransformBase_double_3_3
Parameters: 0.9999777213697463 -0.0048224599383332135 0.004585455157477336 0.004795497501709969 0.9999718849912911 0.0057305515648684024 -0.004612695454188175 -0.005708448372267916 0.9999734097591202 -0.2527330448518512 -0.18295409877777047 -0.6748544925066398
FixedParameters: 0 0 0
#Transform 85
Transform: MatrixOffsetTransformBase_double_3_3
Parameters: 0.9999766857968088 -0.004573601892696429 0.0051374588540236 0.004545647229990773 0.9999743236271907 0.0055524135938225805 -0.005162659953318501 -0.005528585742869407 0.9999709666955232 -0.23713775670837833 -0.13569671048833243 -0.7144954907166472
FixedParameters: 0 0 0
#Transform 86
Transform: MatrixOffsetTransformBase_double_3_3
Parameters: 0.9999774001768479 -0.004682434076059618 0.004761714642863289 0.00465532334629132 0.9999729092286888 0.005759566104579339 -0.004788268115155012 -0.005737444370501915 0.9999723991006444 -0.2584578092990597 -0.20073203876279422 -0.6625490801730578
FixedParameters: 0 0 0
#Transform 87
Transform: MatrixOffsetTransformBase_double_3_3
Parameters: 0.9999774018162593 -0.004224510951832681 0.00517218530169302 0.004195109105344357 0.9999756289060436 0.005592525539587445 -0.005195996244366482 -0.005570465668651603 0.9999704654950239 -0.21902225920618434 -0.12925604078549213 -0.7066842518985119
FixedParameters: 0 0 0
#Transform 88
Transform: MatrixOffsetTransformBase_double_3_3
Parameters: 0.9999800796604313 -0.004126725596057799 0.004784414832937377 0.004099917181982436 0.9999763059956288 0.005567710662487013 -0.004807291582387261 -0.005547290232020025 0.9999730009541361 -0.20656326013846638 -0.1422204970618992 -0.6634486799976465
FixedParameters: 0 0 0
#Transform 89
Transform: MatrixOffsetTransformBase_double_3_3
Parameters: 0.9999790667198841 -0.0044551338118463 0.004591572268462704 0.004427192617773879 0.9999707786647687 0.006167660308817824 -0.0046189703939158045 -0.00614733667471537 0.9999704569663431 -0.22171486009661123 -0.22411981180253804 -0.6381314900678134
FixedParameters: 0 0 0
#Transform 90
Transform: MatrixOffsetTransformBase_double_3_3
Parameters: 0.9999794854918388 -0.004012139306698633 0.005041019398956949 0.003985384830963356 0.999977031868834 0.005411682882634883 -0.005063175779154149 -0.00539131830707959 0.9999731001811142 -0.21540884846470476 -0.13732977086075948 -0.7149361689363474
FixedParameters: 0 0 0
#Transform 91
Transform: MatrixOffsetTransformBase_double_3_3
Parameters: 0.9999791862308479 -0.00434594341539946 0.004682090356596421 0.004321400255358024 0.9999760680115946 0.005342355026050599 -0.004705632041378496 -0.0053216471006103105 0.9999752567758246 -0.2305508046710969 -0.1493991872023912 -0.6841945496690265
FixedParameters: 0 0 0
#Transform 92
Transform: MatrixOffsetTransformBase_double_3_3
Parameters: 0.9999786160652008 -0.004306843994267621 0.004881962866058985 0.004277713455028824 0.9999726552467052 0.005959879635866694 -0.004907712605372104 -0.005939112401967567 0.9999701663889533 -0.21795735054423915 -0.13497494003320298 -0.7073651641448144
FixedParameters: 0 0 0
#Transform 93
Transform: MatrixOffsetTransformBase_double_3_3
Parameters: 0.9999772949523447 -0.00469060757293804 0.0048687972645382604 0.004659277628814134 0.9999689778349021 0.0063319298831849835 -0.004898287350108232 -0.0063090706317196765 0.9999684179628489 -0.22849694620889238 -0.18598058917517335 -0.7128130228961176
FixedParameters: 0 0 0
#Transform 94
Transform: MatrixOffsetTransformBase_double_3_3
Parameters: 0.9999787332753287 -0.003938367827206761 0.0052682513861924095 0.003909274616193336 0.9999769242446498 0.005494051055682625 -0.0052900753875293905 -0.005473939230552116 0.999970659469383 -0.211586117252466 -0.09949919531419482 -0.7260977145416092
FixedParameters: 0 0 0
#Transform 95
Transform: MatrixOffsetTransformBase_double_3_3
Parameters: 0.9999758346620025 -0.004465370142534024 0.0053129977356356954 0.0044371160504750205 0.9999758539961983 0.005322296739287802 -0.0053361058262521134 -0.005298702719727599 0.9999715767713632 -0.22392119284354806 -0.12411720431568085 -0.7137302248947996
FixedParameters: 0 0 0
#Transform 96
Transform: MatrixOffsetTransformBase_double_3_3
Parameters: 0.9999791784192156 -0.004023611563241419 0.00506260331760028 0.003996523481394405 0.999977844682242 0.005324990861160561 -0.005084354260071227 -0.005304005096399889 0.9999728449486949 -0.2138560436025756 -0.14528147727655494 -0.704721383642859
FixedParameters: 0 0 0
#Transform 97
Transform: MatrixOffsetTransformBase_double_3_3
Parameters: 0.9999779005251401 -0.004436004798300308 0.004839844871806401 0.004406991287613071 0.999972636620088 0.005880358005889319 -0.004865613994803621 -0.005859640169368491 0.999971348779774 -0.2125200533192526 -0.13485833716704576 -0.7219013263126612
FixedParameters: 0 0 0
#Transform 98
Transform: MatrixOffsetTransformBase_double_3_3
Parameters: 0.9999796426426663 -0.004214721314546666 0.004753618424616352 0.0041853454931728325 0.9999722085328976 0.0061280274183109495 -0.004778700535770328 -0.006107966676599325 0.9999695728422281 -0.20561188124314356 -0.16445235046590767 -0.6965198829704242
FixedParameters: 0 0 0
#Transform 99
Transform: MatrixOffsetTransformBase_double_3_3
Parameters: 0.9999760358439179 -0.004656525825964561 0.005027989583704417 0.0046271523423308415 0.9999718717476396 0.0058763351381812545 -0.005054968743699214 -0.005852668428835056 0.9999703779557049 -0.22785149775521063 -0.12628207673712666 -0.7357732480301102
FixedParameters: 0 0 0
#Transform 100
Transform: MatrixOffsetTransformBase_double_3_3
Parameters: 0.9999754012110407 -0.004705235124912403 0.005143455963060303 0.004675326901782197 0.9999723281780458 0.005813148986062305 -0.005171393037785216 -0.005788848213751613 0.9999697684632214 -0.24216452401985578 -0.17297484136558694 -0.7120078940831966
FixedParameters: 0 0 0
#Transform 101
Transform: MatrixOffsetTransformBase_double_3_3
Parameters: 0.9999775803836835 -0.004648832783997823 0.004879318969020675 0.0046183202439633335 0.9999693123134364 0.006335778825594746 -0.004908152988664404 -0.006313229174776336 0.9999682677107296 -0.2181257649141628 -0.147294399332921 -0.7602877399078949
FixedParameters: 0 0 0
#Transform 102
Transform: MatrixOffsetTransformBase_double_3_3
Parameters: 0.9999753776110581 -0.004962139910708647 0.004898779812558998 0.004932923725007472 0.9999700109796366 0.005978635719838504 -0.004928383044164993 -0.0059543654278115254 0.9999701668808306 -0.23331895379557466 -0.16337976947862387 -0.7438897447615709
FixedParameters: 0 0 0
#Transform 103
Transform: MatrixOffsetTransformBase_double_3_3
Parameters: 0.9999760365584953 -0.004874269549852045 0.004919991948217608 0.004840882915389509 0.9999665813666533 0.006638301535916075 -0.004952452501012059 -0.006614695225368117 0.9999656321918534 -0.2236686094551601 -0.1820926134418528 -0.733309737610238
FixedParameters: 0 0 0
#Transform 104
Transform: MatrixOffsetTransformBase_double_3_3
Parameters: 0.9999797676921576 -0.004045830605637433 0.004986539170805855 0.004012734739502678 0.9999703644581872 0.006608960114402762 -0.005012723403804719 -0.0065880389105810455 0.9999653209907245 -0.20695733653947457 -0.22273485594061526 -0.7063089005720116
FixedParameters: 0 0 0
#Transform 105
Transform: MatrixOffsetTransformBase_double_3_3
Parameters: 0.9999780910845855 -0.004289331924403035 0.00505093661414267 0.004256464281020325 0.9999702983868848 0.006485515518169921 -0.005078290821334427 -0.006463487051459632 0.9999659525818774 -0.2139827119871427 -0.17541185787827374 -0.7255908180344726
FixedParameters: 0 0 0
#Transform 106
Transform: MatrixOffsetTransformBase_double_3_3
Parameters: 0.9999776250470319 -0.004382113482317236 0.0050170317029265225 0.0043464382363314095 0.9999656619825492 0.007065836505460804 -0.005048150565564611 -0.007043161827522126 0.999962428793374 -0.22277410902812278 -0.2713081429360358 -0.6971601216038827
FixedParameters: 0 0 0
#Transform 107
Transform: MatrixOffsetTransformBase_double_3_3
Parameters: 0.9999764002031639 -0.004896234961221485 0.0047564404522913864 0.0048631934873452215 0.9999646164866146 0.006912785287618933 -0.004790722747587563 -0.006890212249306749 0.9999645200851942 -0.2203940036802834 -0.2109953414803556 -0.7343210821899255
FixedParameters: 0 0 0
#Transform 108
Transform: MatrixOffsetTransformBase_double_3_3
Parameters: 0.9999761432276586 -0.004555950355561482 0.005108352401837045 0.004520897825979316 0.9999660794375455 0.006879021717518002 -0.005140230980657819 -0.006855981376591519 0.9999637364392311 -0.23681320956526974 -0.26393264147125706 -0.702361806509348
FixedParameters: 0 0 0
#Transform 109
Transform: MatrixOffsetTransformBase_double_3_3
Parameters: 0.9999751600940372 -0.004685705838552293 0.005280833852836951 0.0046512803923069385 0.9999682813531992 0.006412347846364491 -0.005310474166039726 -0.006387651972945718 0.9999659568826718 -0.2278270375228999 -0.1598522675553795 -0.715563256091567
FixedParameters: 0 0 0
#Transform 110
Transform: MatrixOffsetTransformBase_double_3_3
Parameters: 0.999977202940731 -0.004712775646378318 0.004856704933647509 0.004679070706441371 0.9999658261403 0.006858150033068666 -0.004888919124727035 -0.00683485109545201 0.9999646254963218 -0.22757925485035457 -0.2530372124898719 -0.71354008054373
FixedParameters: 0 0 0
#Transform 111
Transform: MatrixOffsetTransformBase_double_3_3
Parameters: 0.9999752728251515 -0.004922360828921267 0.004949569457706847 0.00489012730674076 0.9999671364158964 0.00648368494524823 -0.004981154046694714 -0.006459312210654072 0.9999663739057718 -0.2250391962202798 -0.2325805310341309 -0.6756545660771138
FixedParameters: 0 0 0
#Transform 112
Transform: MatrixOffsetTransformBase_double_3_3
Parameters: 0.9999742271843406 -0.004670058984213445 0.005381699721498743 0.004634905705473487 0.9999677495976212 0.0065427342453801 -0.005412004404787344 -0.00651726622227583 0.9999641937919074 -0.21995368183033293 -0.18054438271363438 -0.7523686985727451
FixedParameters: 0 0 0
#Transform 113
Transform: MatrixOffsetTransformBase_double_3_3
Parameters: 0.9999772083711471 -0.004557375589131388 0.005002318594944366 0.004522331424359968 0.9999654637575006 0.006908679276104862 -0.005033669423471837 -0.0068853119474655555 0.9999636052359533 -0.23062653994216475 -0.21896409429618302 -0.6838935308880743
FixedParameters: 0 0 0
#Transform 114
Transform: MatrixOffsetTransformBase_double_3_3
Parameters: 0.9999734676818064 -0.004962077967472259 0.0053769751008016665 0.004923540633747264 0.9999632702340938 0.007070545281020163 -0.005411834195243982 -0.007044458323995917 0.9999605782363257 -0.2450650634831959 -0.18253213760128517 -0.7450431373587101
FixedParameters: 0 0 0
#Transform 115
Transform: MatrixOffsetTransformBase_double_3_3
