#Insight Transform File V1.0
#Transform 0
Transform: MatrixOffsetTransformBase_double_3_3
Parameters: 0.9999990450593332 -0.0005267063662769851 -0.0012951332794689343 0.0005289473153622437 0.9999979804753384 0.002138289020853862 0.0012943359509422353 -0.0021387137593280037 0.9999969181988221 -0.0026428087427348146 -0.03216163148968576 -0.4757828763149199
FixedParameters: 0 0 0
#Transform 1
Transform: MatrixOffsetTransformBase_double_3_3
Parameters: 0.9999995323825522 -0.0005461019219100395 -0.00041155167790407176 0.0005469298448508651 0.9999968368947785 0.002619777882957558 0.00041048853757822014 -0.0026202271461928106 0.9999969666498117 -0.03528668971964066 -0.09520343550342147 -0.4358397555401723
FixedParameters: 0 0 0
#Transform 2
Transform: MatrixOffsetTransformBase_double_3_3
Parameters: 0.9999974187102717 -0.0006249882078873758 -0.002046659179654 0.0006307630310066473 0.9999970542661174 0.0024984902560785116 0.0020457964403687978 -0.002499511155023504 0.9999948744049207 0.012932821702818842 -0.02644943190250615 -0.5231386564887508
FixedParameters: 0 0 0
#Transform 3
Transform: MatrixOffsetTransformBase_double_3_3
Parameters: 0.9999984072148068 -0.0006349449380526061 -0.001785610639441036 0.0006399963202305617 0.9999962008806592 0.002661636639170295 0.0017844921290006695 -0.0026623638195777677 0.9999950338071637 -0.004110691285220014 -0.08873431483534944 -0.4816414496453838
FixedParameters: 0 0 0
#Transform 4
Transform: MatrixOffsetTransformBase_double_3_3
Parameters: 0.9999995727495176 -0.0005989888262751898 -0.0002610611862191494 0.0005997151665651263 0.9999974587435725 0.0020448430635551795 0.0002605806522384544 -0.002045155714492347 0.999997749948861 -0.0397212233702362 0.025170590044140795 -0.531648960289548
FixedParameters: 0 0 0
#Transform 5
Transform: MatrixOffsetTransformBase_double_3_3
Parameters: 0.9999989704807057 -0.0009282701140680142 -0.000408783195071441 0.0009300922023732678 0.9999957517135407 0.0028617608690471585 0.00040642170583225437 -0.0028612408399319444 0.9999958423602524 -0.050184918441587456 -0.08447070883565289 -0.5133056218048999
FixedParameters: 0 0 0
#Transform 6
Transform: MatrixOffsetTransformBase_double_3_3
Parameters: 0.999999805837852 -0.000984946082305806 -0.00047350095276624184 0.000986094004961994 0.9999961597489566 0.002799704054945673 0.00047076804618379923 -0.0028002992056385123 0.9999959660445172 -0.056298734118186644 -0.06853691475522794 -0.5419598738266984
FixedParameters: 0 0 0
#Transform 7
Transform: MatrixOffsetTransformBase_double_3_3
Parameters: 0.9999983274586647 -0.0007571825438629857 -0.0014485524586796874 0.0007611011417615308 0.9999967509045439 0.0025498723432788584 0.0014471256662813422 -0.0025511285257426575 0.999995566421556 -0.011485201530035738 -0.07795009133251085 -0.49024442383735334
FixedParameters: 0 0 0
#Transform 8
Transform: MatrixOffsetTransformBase_double_3_3
Parameters: 0.9999994807031308 -0.0006058151955459995 -0.0003895193063909631 0.000607490620306051 0.9999967193845634 0.002591902859275269 0.000388345838281526 -0.002591097249779989 0.9999963295500889 -0.039309028831198134 -0.06510741274809106 -0.5523984713877859
FixedParameters: 0 0 0
#Transform 9
Transform: MatrixOffsetTransformBase_double_3_3
Parameters: 0.999997850203409 -0.0009415002836443246 -0.002065294505147845 0.0009476473919286146 0.9999945231471866 0.0030448223999899326 0.0020614751086857393 -0.0030471717979844715 0.999992770775229 -0.00021430808386924127 -0.08207144224624585 -0.5261035127551743
FixedParameters: 0 0 0
#Transform 10
Transform: MatrixOffsetTransformBase_double_3_3
Parameters: 0.9999992839746319 -0.0008447512892509812 -0.00005197492260617936 0.0008445356057006743 0.9999958996954511 0.0028911256849787903 0.000050047410077619435 -0.002890876410577725 0.99999566847333 -0.056939329223311574 -0.08383008688585392 -0.5473396840646068
FixedParameters: 0 0 0
#Transform 11
Transform: MatrixOffsetTransformBase_double_3_3
Parameters: 0.9999990927344655 -0.000908019546168781 -0.0002872489159917897 0.0009091954276406646 0.9999959419606292 0.0026528774916664832 0.00028439956139197155 -0.002652119393538682 0.9999960792421152 -0.050382747239666514 0.01059608758797026 -0.5329436488542711
FixedParameters: 0 0 0
#Transform 12
Transform: MatrixOffsetTransformBase_double_3_3
Parameters: 0.9999993881144589 -0.0007736651477186671 -0.00011560873890639737 0.0007739789891897338 0.9999952215768403 0.0028599100050250015 0.00011315328343318699 -0.002860087031587355 0.9999958073102094 -0.05073151504554119 -0.0876984319476577 -0.5322488137378301
FixedParameters: 0 0 0
#Transform 13
Transform: MatrixOffsetTransformBase_double_3_3
Parameters: 0.999998998928633 -0.0009866344576263297 -0.00016319289709503958 0.0009880574957299216 0.9999975020091485 0.0018768396493231143 0.00016064201398003735 -0.0018771593918147922 0.9999984506551891 -0.06786556570993696 -0.006551713022972194 -0.5889940398170843
FixedParameters: 0 0 0
#Transform 14
Transform: MatrixOffsetTransformBase_double_3_3
Parameters: 0.9999994189612413 -0.0011135423030007622 -0.0005847355610605087 0.0011144628732725269 0.9999943769935462 0.0030623502238414924 0.0005815123788361196 -0.003063649434623339 0.9999952779795973 -0.053723448108698335 -0.09676712741513427 -0.5580537967391415
FixedParameters: 0 0 0
#Transform 15
Transform: MatrixOffsetTransformBase_double_3_3
Parameters: 0.9999994610634382 -0.0011992272670055054 -0.00031680614321788345 0.0012006167700969875 0.9999937491931167 0.0032876235436736234 0.000312857065004002 -0.0032883790992830064 0.9999950899072048 -0.07262278706053849 -0.09329753340429647 -0.5634759057082448
FixedParameters: 0 0 0
#Transform 16
Transform: MatrixOffsetTransformBase_double_3_3
Parameters: 0.999999867061097 -0.00102200460629263 -0.0002968106307173305 0.001023458779824998 0.9999936873536253 0.003331670254697938 0.00029295237239139915 -0.003331331374377633 0.9999949818500691 -0.07044058678727083 -0.0887391580898651 -0.5694484025253352
FixedParameters: 0 0 0
#Transform 17
Transform: MatrixOffsetTransformBase_double_3_3
Parameters: 0.9999993814083574 -0.0012487922034661431 -0.00024287268323907354 0.0012497469924564848 0.9999923327786794 0.003751867654077673 0.0002384251727814266 -0.0037521334820037056 0.9999928935069222 -0.07236612158217781 -0.1143857099498291 -0.5668981520178704
FixedParameters: 0 0 0
#Transform 18
Transform: MatrixOffsetTransformBase_double_3_3
Parameters: 0.9999995981300877 -0.001116437418610076 -0.000394736145326558 0.0011174272095782205 0.9999931569087255 0.0033805318712451515 0.00039095596675896613 -0.0033804673862521117 0.9999945855904993 -0.06617921907958646 -0.07628591744374091 -0.6151643191354914
FixedParameters: 0 0 0
#Transform 19
Transform: MatrixOffsetTransformBase_double_3_3
Parameters: 0.9999992043365753 -0.0012150402422525797 0.0005648944909690771 0.00121263056369697 0.9999906662289679 0.004126717986719125 -0.0005704600635724148 -0.004126281910904334 0.9999914819433167 -0.09970409869954722 -0.14685284365803852 -0.6019360425427038
FixedParameters: 0 0 0
#Transform 20
Transform: MatrixOffsetTransformBase_double_3_3
Parameters: 0.9999995467558151 -0.0011489848294112465 -0.000365322892737559 0.001149840054784744 0.9999929375979265 0.0037027524281800783 0.00036156714890575484 -0.0037032524810668155 0.9999931846178792 -0.07562910745322426 -0.08482355763435123 -0.6199793534881195
FixedParameters: 0 0 0
#Transform 21
Transform: MatrixOffsetTransformBase_double_3_3
Parameters: 0.9999996165772301 -0.0011706788394697165 0.00011426229613820791 0.0011701316629676032 0.9999922637531472 0.0036561360153048172 -0.00011870848819100543 -0.0036558633501043714 0.9999936200559727 -0.08826896246144145 -0.1286127481311894 -0.5666691011625105
FixedParameters: 0 0 0
#Transform 22
Transform: MatrixOffsetTransformBase_double_3_3
Parameters: 0.999999417613382 -0.0012521344640270104 0.0001211349441151857 0.0012515192023210373 0.9999925877965056 0.003717323725938221 -0.00012632921976498483 -0.003716678496382547 0.9999931975244093 -0.09098566909152339 -0.10092499210635708 -0.5979140000592267
FixedParameters: 0 0 0
#Transform 23
Transform: MatrixOffsetTransformBase_double_3_3
Parameters: 0.9999978961080387 -0.0017505077021360911 -0.0001964840060991768 0.001751767481658477 0.9999915113874243 0.0037899974536259595 0.00019027839413462175 -0.0037900038355121457 0.9999926563900937 -0.0884998853046568 -0.1307116367475345 -0.6231534223201898
FixedParameters: 0 0 0
#Transform 24
Transform: MatrixOffsetTransformBase_double_3_3
Parameters: 0.9999990645581186 -0.0013850580275684263 -0.00013305084054068882 0.001385225471706948 0.9999880392322272 0.0045839833558547205 0.00012626423830398962 -0.004584007101311488 0.9999889990170164 -0.08193080456061352 -0.1490714302020706 -0.6161394044441266
FixedParameters: 0 0 0
#Transform 25
Transform: MatrixOffsetTransformBase_double_3_3
Parameters: 0.9999985737092264 -0.0017739296271084126 0.0005270535607548239 0.0017725574509786356 0.9999906234803799 0.004043305356074167 -0.0005347970158544255 -0.004041693590219192 0.9999912664595357 -0.11383007701536485 -0.12447888527643158 -0.63754723382511
FixedParameters: 0 0 0
#Transform 26
Transform: MatrixOffsetTransformBase_double_3_3
Parameters: 0.9999988982919368 -0.0014423988531825239 0.00014403752521114746 0.0014419615162523027 0.9999880109956912 0.004695408860293321 -0.00015132825549745585 -0.004695589502188902 0.9999887915973219 -0.0919538275024081 -0.1739968101803413 -0.6316714446063934
FixedParameters: 0 0 0
#Transform 27
Transform: MatrixOffsetTransformBase_double_3_3
Parameters: 0.9999980578046292 -0.0016745433789514938 0.00037137763324827694 0.0016729875112347148 0.9999887432242225 0.004426824227740683 -0.00037878707818708317 -0.004426175234209295 0.999990126557283 -0.10457962367937057 -0.13123911244225894 -0.6519885854911287
FixedParameters: 0 0 0
#Transform 28
Transform: MatrixOffsetTransformBase_double_3_3
Parameters: 0.9999988590887803 -0.0017310982162088333 0.00038036176072707905 0.0017291599789472666 0.9999879990434244 0.004598862923675284 -0.0003878799531240914 -0.004598140372543441 0.999989567368773 -0.10694926545983208 -0.18700738395538963 -0.6552611087313984
FixedParameters: 0 0 0
#Transform 29
Transform: MatrixOffsetTransformBase_double_3_3
Parameters: 0.9999988849351514 -0.0017597772084670677 -0.00013304061038540025 0.0017606827899992166 0.9999892760431259 0.004309107378023758 0.0001249389364849026 -0.004308890588948094 0.9999904737374583 -0.09232810484660092 -0.11996177168566646 -0.658929274672964
FixedParameters: 0 0 0
#Transform 30
Transform: MatrixOffsetTransformBase_double_3_3
Parameters: 0.9999978962267184 -0.0018870651408932834 0.0007372644075263793 0.0018833550417431037 0.999986626073651 0.004792595007081374 -0.0007456107716422858 -0.004790406069928171 0.9999883528930851 -0.13473808078821037 -0.20054741952168342 -0.673656390594271
FixedParameters: 0 0 0
#Transform 31
Transform: MatrixOffsetTransformBase_double_3_3
Parameters: 0.9999988188599338 -0.0017660867264366817 0.0002511979684546503 0.0017643292475579087 0.9999875347749201 0.004635646897933221 -0.00025933962304599883 -0.004635352299550893 0.9999893081030675 -0.10408662487235176 -0.15732442143161052 -0.677059361624174
FixedParameters: 0 0 0
#Transform 32
Transform: MatrixOffsetTransformBase_double_3_3
Parameters: 0.9999988752730418 -0.0017547277589319724 0.00021539529053428023 0.0017532389084147816 0.9999872277565668 0.004775747762479854 -0.00022392400101281355 -0.004775248359513762 0.9999880364389491 -0.10184319729060576 -0.17202283510295047 -0.6514827128208438
FixedParameters: 0 0 0
#Transform 33
Transform: MatrixOffsetTransformBase_double_3_3
Parameters: 0.999998394934134 -0.0018974612237675867 0.0000641630202268438 0.0018974157360265454 0.9999870369958095 0.00474049340382518 -0.00007392906725342486 -0.004740502544936548 0.9999884129841136 -0.10074092658290112 -0.162709908695291 -0.6585164264353907
FixedParameters: 0 0 0
#Transform 34
Transform: MatrixOffsetTransformBase_double_3_3
Parameters: 0.9999988163827395 -0.0017451499953080908 0.00037208802694656707 0.0017429652979696222 0.9999860942386908 0.005016883378600151 -0.00038119412960530767 -0.005017118274500326 0.9999873812011848 -0.11835304942971447 -0.18356013092630974 -0.6817811748665541
FixedParameters: 0 0 0
#Transform 35
Transform: MatrixOffsetTransformBase_double_3_3
Parameters: 0.999998360484701 -0.0019051702545438652 0.00008951735827991621 0.00190562804473352 0.9999853617932295 0.005110544626218572 -0.0000996132844288196 -0.0051104554223064536 0.9999867638821939 -0.11438963039378791 -0.20868817028849662 -0.6683739272756881
FixedParameters: 0 0 0
#Transform 36
Transform: MatrixOffsetTransformBase_double_3_3
Parameters: 0.9999972908515584 -0.002148751689735836 0.000300698932282059 0.0021480434288427253 0.9999864292810238 0.0048200526434099 -0.00031087471021159444 -0.0048199519564597615 0.9999883964239417 -0.1312477159420382 -0.16957765448967166 -0.6747175815473447
FixedParameters: 0 0 0
#Transform 37
Transform: MatrixOffsetTransformBase_double_3_3
Parameters: 0.9999979073848818 -0.0019344639880520703 0.0005913468753094252 0.0019318963611086016 0.9999855590730296 0.00500137803680159 -0.0006009629610755781 -0.005000621745023109 0.9999873279470913 -0.13616485166679126 -0.20305635557036794 -0.6319388305514302
FixedParameters: 0 0 0
#Transform 38
Transform: MatrixOffsetTransformBase_double_3_3
Parameters: 0.9999973354869506 -0.0021039461713836505 0.00048826738609688734 0.002101349284545617 0.9999858265692818 0.0049024290697807504 -0.0004983469674107122 -0.004901567771445736 0.9999874493804741 -0.12017047958175908 -0.15916176986830521 -0.7002263355934808
FixedParameters: 0 0 0
#Transform 39
Transform: MatrixOffsetTransformBase_double_3_3
Parameters: 0.9999985775317954 -0.0018482326633204383 0.00008307806748081569 0.001847573593716907 0.9999847476893228 0.005286528762605908 -0.00009242158904262731 -0.0052864756167865234 0.9999859352165844 -0.1050885060638933 -0.24699516013517098 -0.6880393952563004
FixedParameters: 0 0 0
#Transform 40
Transform: MatrixOffsetTransformBase_double_3_3
Parameters: 0.9999979874642415 -0.002139160202130553 0.0006608878218315444 0.0021352552936404322 0.999983169511103 0.005345649821170223 -0.000673029638493969 -0.005344347609403249 0.9999856794370359 -0.1434608273452369 -0.20271673773450516 -0.7229329765824879
FixedParameters: 0 0 0
#Transform 41
Transform: MatrixOffsetTransformBase_double_3_3
Parameters: 0.9999967962682139 -0.002354747270281538 0.0008118403418049239 0.0023503749492411858 0.9999843025165698 0.005143319826380804 -0.0008241735359714455 -0.005140684189518074 0.9999866129717876 -0.1545035486680888 -0.20742938372195852 -0.6615603121348315
FixedParameters: 0 0 0
#Transform 42
Transform: MatrixOffsetTransformBase_double_3_3
Parameters: 0.9999979293316933 -0.0021891584979802374 0.00052817740865778 0.002186276157996745 0.9999864415884834 0.00480156229630857 -0.0005386490914244895 -0.004800441585286724 0.9999883881984067 -0.13541941827212156 -0.15225730462788079 -0.6854200664200185
FixedParameters: 0 0 0
#Transform 43
Transform: MatrixOffsetTransformBase_double_3_3
Parameters: 0.9999979291197484 -0.002251731632351906 -0.00004618810309358289 0.0022512521933967414 0.9999845024619631 0.0050532728782774206 0.00003444180209811814 -0.005053725577208706 0.9999873505501461 -0.12540422659314743 -0.18701236748943018 -0.6763158765976058
FixedParameters: 0 0 0
#Transform 44
Transform: MatrixOffsetTransformBase_double_3_3
Parameters: 0.9999977944235522 -0.002261734577933433 -0.00029835482114798004 0.0022637647368365854 0.9999839249137277 0.005278844301170732 0.00028645962732536486 -0.005279161256207365 0.9999861333377268 -0.1184771899074093 -0.1878356909346337 -0.7297962320000302
FixedParameters: 0 0 0
#Transform 45
Transform: MatrixOffsetTransformBase_double_3_3
Parameters: 0.9999975458140284 -0.002264380331504824 0.0005733678358997147 0.0022607028870028976 0.999985516871742 0.004964706276949643 -0.0005843101843730642 -0.004963300180211405 0.9999877459475746 -0.14479858854855365 -0.1790150988563255 -0.7170219587211335
FixedParameters: 0 0 0
#Transform 46
Transform: MatrixOffsetTransformBase_double_3_3
Parameters: 0.9999973467651823 -0.002326853010517083 0.0004897827839022179 0.0023238389012096876 0.9999846043653261 0.005125550704285858 -0.0005020974475707748 -0.005124457440158825 0.9999872106893084 -0.13119403624358483 -0.1902094703208661 -0.7458002554169454
FixedParameters: 0 0 0
#Transform 47
Transform: MatrixOffsetTransformBase_double_3_3
Parameters: 0.9999972433665129 -0.0021454503889169014 0.0003931742730054431 0.0021429081565251668 0.9999825148711489 0.005568223673598494 -0.00040454418635974145 -0.005566784367875888 0.9999847337841763 -0.12910717142999317 -0.2350218314355459 -0.7177801271399353
FixedParameters: 0 0 0
#Transform 48
Transform: MatrixOffsetTransformBase_double_3_3
Parameters: 0.9999968863909651 -0.00245265551417699 -0.0003155074592289167 0.0024535603881383644 0.9999847065407351 0.005034776372402405 0.00030361232446856387 -0.005036230861480251 0.9999874668947492 -0.10981559127546348 -0.1577020689274775 -0.7533953592819422
FixedParameters: 0 0 0
#Transform 49
Transform: MatrixOffsetTransformBase_double_3_3
Parameters: 0.9999967446240526 -0.0023642519314530834 0.0008161670568413578 0.0023596685070292277 0.9999811473861663 0.0056351988446672885 -0.0008287824607195053 -0.00563380423648957 0.9999841014370316 -0.15580234336368903 -0.23224082010749214 -0.7360530809260304
FixedParameters: 0 0 0
#Transform 50
Transform: MatrixOffsetTransformBase_double_3_3
Parameters: 0.9999971858687801 -0.0023855354892169684 0.0003511139356271336 0.00238369797990682 0.9999830858924607 0.005229215291109673 -0.000363544342155794 -0.005227782252954699 0.9999864251118676 -0.1370162546744922 -0.1684648653119183 -0.7615897371885296
FixedParameters: 0 0 0
#Transform 51
Transform: MatrixOffsetTransformBase_double_3_3
Parameters: 0.9999969220708764 -0.002188014201439958 0.0005395626678316362 0.0021846030159650884 0.9999812388884849 0.005767587930917084 -0.0005521038508769325 -0.005766414407420123 0.9999831659531756 -0.1465637347540536 -0.251429150409507 -0.7322109454936232
FixedParameters: 0 0 0
#Transform 52
Transform: MatrixOffsetTransformBase_double_3_3
Parameters: 0.9999974569434573 -0.002326560449858144 0.000361039312345176 0.0023244275920712536 0.9999827550608091 0.00548541631181465 -0.0003740444663506407 -0.00548458463300025 0.9999845308918431 -0.14489717380917 -0.19691518761436555 -0.7565828650590127
FixedParameters: 0 0 0
#Transform 53
Transform: MatrixOffsetTransformBase_double_3_3
Parameters: 0.9999965318974734 -0.0024727986542748973 0.0005937332660098042 0.002469785705595923 0.9999809441245161 0.005588875287560274 -0.0006075211251812223 -0.005587119830786136 0.9999841357238556 -0.15816823750341769 -0.1917661773939443 -0.7731931835878356
FixedParameters: 0 0 0
#Transform 54
Transform: MatrixOffsetTransformBase_double_3_3
Parameters: 0.9999970773614164 -0.0021041971614839234 0.0007034934261475622 0.002100519714871561 0.9999834042130127 0.005442913011622974 -0.0007145170405357321 -0.0054420871002132665 0.9999844310241304 -0.15886250256708934 -0.193590561176606 -0.791159509286782
FixedParameters: 0 0 0
#Transform 55
Transform: MatrixOffsetTransformBase_double_3_3
Parameters: 0.9999971526873489 -0.0023032892178807877 0.0007367544283897762 0.002298859983044573 0.9999819744727307 0.005584131826768701 -0.0007496046034245692 -0.005582866850603996 0.9999838267006248 -0.1669906024651624 -0.21144350835676562 -0.7769001105502653
FixedParameters: 0 0 0
#Transform 56
Transform: MatrixOffsetTransformBase_double_3_3
Parameters: 0.9999976416064392 -0.0022149263682041845 0.0006727928170009616 0.0022108869923371834 0.9999804844946119 0.005822893109637323 -0.0006857139897517758 -0.005821100052131961 0.9999823651185177 -0.15225875291960733 -0.20168101336341238 -0.8064375833878721
FixedParameters: 0 0 0
#Transform 57
Transform: MatrixOffsetTransformBase_double_3_3
Parameters: 0.9999962644790845 -0.0026909438639159348 0.000702857186981893 0.0026866393255376656 0.999978213671455 0.006081502899914909 -0.0007195833572710582 -0.006079498039045783 0.9999811050150303 -0.16993651974414092 -0.2522137931815678 -0.7881648572677769
FixedParameters: 0 0 0
#Transform 58
Transform: MatrixOffsetTransformBase_double_3_3
Parameters: 0.9999956390693445 -0.002764970068150445 0.0013098219193573494 0.002758020480208779 0.9999810510061464 0.005475923690747064 -0.001324557255212619 -0.005472081587246186 0.9999846580933065 -0.19510715529237643 -0.20231094419071383 -0.7946589306041503
FixedParameters: 0 0 0
#Transform 59
Transform: MatrixOffsetTransformBase_double_3_3
Parameters: 0.9999968304249732 -0.002316848738131295 0.0013417238934737507 0.0023096941673740965 0.9999816224578101 0.0056143732532678015 -0.0013551490319482667 -0.0056106253256008876 0.9999832070536231 -0.1892759086195781 -0.21862532239219945 -0.8054164139709528
FixedParameters: 0 0 0
#Transform 60
Transform: MatrixOffsetTransformBase_double_3_3
Parameters: 0.9999969102386074 -0.0023359707456922377 0.0007950441061811886 0.002331969378705576 0.9999824663143135 0.0055262955466854335 -0.0008078206777452593 -0.0055247097574804005 0.9999843810356839 -0.17147427439060436 -0.19370098148277748 -0.7947921388077646
FixedParameters: 0 0 0
#Transform 61
Transform: MatrixOffsetTransformBase_double_3_3
Parameters: 0.9999968315237869 -0.00254663674358555 0.0008271300353441271 0.002540924378943413 0.9999784888760703 0.006123551677208433 -0.0008432918031699181 -0.006121457720608597 0.9999813717410024 -0.1798792356046448 -0.27646348494323547 -0.7989134501466104
FixedParameters: 0 0 0
#Transform 62
Transform: MatrixOffsetTransformBase_double_3_3
Parameters: 0.9999953633357257 -0.002855130197804754 0.0006963577068718569 0.002851014255181457 0.9999786719545645 0.00588360127550161 -0.0007129664693596796 -0.005881400154935823 0.9999824830120093 -0.18760666757407307 -0.23450035122192503 -0.85322511884522
FixedParameters: 0 0 0
#Transform 63
Transform: MatrixOffsetTransformBase_double_3_3
Parameters: 0.9999941461985096 -0.0028497707690920138 0.0016527631828815398 0.002839861695203272 0.9999769184073326 0.0060708698769744995 -0.0016702972997604554 -0.006066126560555246 0.9999805735506594 -0.21868826694529275 -0.28369575858468465 -0.818891827289189
FixedParameters: 0 0 0
#Transform 64
Transform: MatrixOffsetTransformBase_double_3_3
Parameters: 0.9999955568165154 -0.0026362915649973803 0.001578408710340305 0.0026282970947472247 0.9999808878731871 0.005554455323997204 -0.0015927851723823018 -0.005549540516015583 0.9999830189381406 -0.22922158866045095 -0.20149046617264332 -0.8476892586884333
FixedParameters: 0 0 0
#Transform 65
Transform: MatrixOffsetTransformBase_double_3_3
Parameters: 0.9999945516035521 -0.0027850172321319125 0.0016407045768164958 0.0027754165187534358 0.9999797347237032 0.005776898881831305 -0.0016569754329297855 -0.0057721053586616555 0.9999821264247789 -0.22721133303065244 -0.2560538923708435 -0.8218905678646529
FixedParameters: 0 0 0
#Transform 66
Transform: MatrixOffsetTransformBase_double_3_3
Parameters: 0.9999942213875785 -0.0029018007201826322 0.0018328937083130277 0.002889759510563747 0.9999762281536847 0.006276673548745143 -0.0018510809476690298 -0.006271322331102752 0.9999782661012991 -0.23227787450576898 -0.23361650369348297 -0.8844871133559309
FixedParameters: 0 0 0
#Transform 67
Transform: MatrixOffsetTransformBase_double_3_3
Parameters: 0.9999945029156679 -0.0030000845226401097 0.0015801907332845006 0.0029895669110343347 0.999974714252898 0.006428102311394485 -0.0015997160760749549 -0.006423895824364673 0.9999782006328987 -0.23784802671347904 -0.2761843183309338 -0.8567352431052697
FixedParameters: 0 0 0
#Transform 68
Transform: MatrixOffsetTransformBase_double_3_3
Parameters: 0.9999935803163967 -0.002702895807841335 0.0024727432177322115 0.002686510793855663 0.9999759061656663 0.0063985268686760355 -0.0024903494649328676 -0.0063914758802260385 0.9999768809726249 -0.25233991718916116 -0.22544805530461076 -0.8985384938666456
FixedParameters: 0 0 0
#Transform 69
Transform: MatrixOffsetTransformBase_double_3_3
Parameters: 0.9999928695020348 -0.002752935494008551 0.002559576596426388 0.0027356490109065146 0.9999737631805683 0.006706916812281083 -0.002578184556226424 -0.0067000824010534366 0.9999742311750712 -0.2592971695374473 -0.29258839855808105 -0.888321412956131
FixedParameters: 0 0 0
#Transform 70
Transform: MatrixOffsetTransformBase_double_3_3
Parameters: 0.9999935565464629 -0.002724901864619891 0.00224033096756081 0.0027117370669674625 0.9999789501604849 0.005907146507424493 -0.0022559129042906355 -0.005901854005404661 0.9999798793181236 -0.25201382977455467 -0.21547089581321188 -0.9196321011070268
FixedParameters: 0 0 0
#Transform 71
Transform: MatrixOffsetTransformBase_double_3_3
Parameters: 0.9999931168267386 -0.0029463119090677855 0.002049905003790439 0.002932635937208394 0.9999742969549854 0.006489223941923666 -0.0020695465161260133 -0.006482767093482916 0.9999766823820521 -0.2555847311420365 -0.28826050672324754 -0.8898093232135622
FixedParameters: 0 0 0
#Transform 72
Transform: MatrixOffsetTransformBase_double_3_3
Parameters: 0.9999924422036605 -0.0029546531699750937 0.0024144539549993582 0.0029376455990182456 0.9999728301694895 0.0067752052219401115 -0.0024343712771186816 -0.006768791560307352 0.9999738907028021 -0.27765974648282565 -0.24676509042178907 -0.9621287015926754
FixedParameters: 0 0 0
#Transform 73
Transform: MatrixOffsetTransformBase_double_3_3
Parameters: 0.9999928702109752 -0.0027539420197416364 0.0025584952030750364 0.002735459705980879 0.9999713373531367 0.007099920233451573 -0.002578110447283794 -0.007093086878843108 0.9999718105591311 -0.2879481459319777 -0.3022789360181264 -0.9376960083593353
FixedParameters: 0 0 0
#Transform 74
Transform: MatrixOffsetTransformBase_double_3_3
Parameters: 0.9999920313067275 -0.0029286122684862703 0.0025275422957916284 0.002911585374975117 0.9999721410439865 0.006898445723789115 -0.002548467263655033 -0.006890552895461921 0.9999728205261591 -0.28162375277385365 -0.23640659010473541 -0.972421352214532
FixedParameters: 0 0 0
#Transform 75
Transform: MatrixOffsetTransformBase_double_3_3
Parameters: 0.9999906701709285 -0.003121337654881419 0.0029302306321988976 0.003101574507421502 0.999972706881176 0.006726072946179579 -0.0029513918404088257 -0.006716921668932313 0.9999726047670234 -0.3010972841945403 -0.25637640030834064 -0.9877335487082242
FixedParameters: 0 0 0
#Transform 76
Transform: MatrixOffsetTransformBase_double_3_3
Parameters: 0.9999936600169718 -0.0024686252188434316 0.0026917953367664835 0.0024485734010003387 0.9999699909449363 0.007287305009754608 -0.002710072479503944 -0.007280682465455601 0.999969554089998 -0.27585028220747176 -0.2852690092898058 -1.0042056303980296
FixedParameters: 0 0 0
#Transform 77
Transform: MatrixOffsetTransformBase_double_3_3
Parameters: 0.999992550685919 -0.0028573482864753786 0.00250657437665878 0.0028387561866562456 0.9999680111647995 0.00742703407585546 -0.0025283636158991616 -0.007419959368340251 0.9999693209487234 -0.2836435013081058 -0.2850506081497741 -1.0118664600537457
FixedParameters: 0 0 0
#Transform 78
Transform: MatrixOffsetTransformBase_double_3_3
Parameters: 0.9999937401423135 -0.0025715433696133433 0.002376355263558492 0.002554349643372797 0.999969177689412 0.007372950310051529 -0.0023947927838146223 -0.00736704517436762 0.9999699268781594 -0.27816645199501977 -0.3050893088511515 -0.9694112317891133
FixedParameters: 0 0 0
#Transform 79
Transform: MatrixOffsetTransformBase_double_3_3
Parameters: 0.9999931836250792 -0.002467445012522286 0.0027805261115664585 0.002444079432080658 0.9999630093595158 0.008262551455377826 -0.0027999162503895593 -0.008256447718640397 0.9999617327939291 -0.28389667655348205 -0.290317052675249 -1.1056919504100335
FixedParameters: 0 0 0
#Transform 80
Transform: MatrixOffsetTransformBase_double_3_3
Parameters: 0.9999906451083383 -0.0031168955522253017 0.0029394229211911287 0.003096102948781881 0.9999707699125714 0.00701692724399039 -0.0029611699431465943 -0.007008081636257851 0.9999715231608117 -0.3169430237297206 -0.3041161155889398 -0.9836707185092521
FixedParameters: 0 0 0
#Transform 81
Transform: MatrixOffsetTransformBase_double_3_3
Parameters: 0.9999935637783104 -0.002816506511864362 0.0021218437334107705 0.0027979762340713393 0.9999587851009779 0.008625159507394342 -0.00214680010355783 -0.008618828477168716 0.9999600977876486 -0.27596936320099985 -0.27672934269497773 -1.1253905881972202
FixedParameters: 0 0 0
#Transform 82
Transform: MatrixOffsetTransformBase_double_3_3
Parameters: 0.9999937395778172 -0.0027262835470938398 0.002196938208388758 0.0027103586284709246 0.9999686331018948 0.007420005012444941 -0.0022171063374015355 -0.007413993831402094 0.9999700808560639 -0.2797694253292491 -0.3042529584630955 -0.978434714590275
FixedParameters: 0 0 0
#Transform 83
Transform: MatrixOffsetTransformBase_double_3_3
Parameters: 0.9999937725563512 -0.0027889772690328917 0.0023342193464474417 0.0027688314199555363 0.9999593898635082 0.008610557614170039 -0.0023582660295533484 -0.008604447239335539 0.999960201303858 -0.2846678151752542 -0.2624102803653159 -1.1205073063983093
FixedParameters: 0 0 0
#Transform 84
Transform: MatrixOffsetTransformBase_double_3_3
Parameters: 0.9999907891815472 -0.002794498684406072 0.0033765929330283515 0.0027678530343382213 0.9999648291624256 0.007873810524003294 -0.00339850573450369 -0.007864181132389653 0.9999631152508138 -0.3340244761368183 -0.32752585534761636 -1.010531043518597
FixedParameters: 0 0 0
#Transform 85
Transform: MatrixOffsetTransformBase_double_3_3
Parameters: 0.9999905007356028 -0.002859936948396026 0.003364428588122218 0.0028333066029888236 0.999964112671415 0.00802017157961668 -0.003387047044284849 -0.008009830564769477 0.9999619049075408 -0.3329027676799825 -0.26476680824895027 -1.1080576832093385
FixedParameters: 0 0 0
#Transform 86
Transform: MatrixOffsetTransformBase_double_3_3
Parameters: 0.9999939566883204 -0.002500046333601384 0.0026061218803421337 0.002480103151978664 0.9999672772892101 0.007659182993497438 -0.0026255546502532063 -0.007652814210625775 0.9999674486482772 -0.29029001802560117 -0.2994083632128053 -0.9905137842199956
FixedParameters: 0 0 0
#Transform 87
Transform: MatrixOffsetTransformBase_double_3_3
Parameters: 0.9999924404720526 -0.0027138136765706765 0.002862357865792488 0.0026894259930074415 0.9999605199248622 0.008513630030794278 -0.0028858345368456407 -0.008505365571732981 0.9999590942194615 -0.2986750666034368 -0.2756450423493533 -1.125828044837327
FixedParameters: 0 0 0
#Transform 88
Transform: MatrixOffsetTransformBase_double_3_3
Parameters: 0.9999940079576289 -0.002501577758558762 0.002394688528454506 0.0024826609801657947 0.9999641302743797 0.008047826039555284 -0.002414120715417833 -0.008042164952484665 0.9999644312234052 -0.2913285414779381 -0.3106058061450483 -1.0229439846327892
FixedParameters: 0 0 0
#Transform 89
Transform: MatrixOffsetTransformBase_double_3_3
Parameters: 0.9999911245303397 -0.002872578129304341 0.0029369208087732376 0.002845070331130356 0.9999550430743362 0.009071164044440583 -0.002962964170625433 -0.009062839707551423 0.999954656370728 -0.31049441725150473 -0.3172171567666737 -1.1323519845090644
FixedParameters: 0 0 0
#Transform 90
Transform: MatrixOffsetTransformBase_double_3_3
Parameters: 0.9999909691259468 -0.0026940115377884705 0.0031260607213898024 0.0026690869777378206 0.9999640292977922 0.008070947692968233 -0.0031476350527211623 -0.008062060341234384 0.9999628002476482 -0.31146367422705623 -0.3127090310288878 -1.041962485316656
FixedParameters: 0 0 0
#Transform 91
Transform: MatrixOffsetTransformBase_double_3_3
Parameters: 0.9999943211562012 -0.0022941049789939505 0.0023273077707267535 0.0022732363725375326 0.9999594754290559 0.008732150512728215 -0.0023474979143122124 -0.008726855761514912 0.9999594340213055 -0.2694629555565058 -0.2904669758272149 -1.1255206927064378
FixedParameters: 0 0 0
#Transform 92
Transform: MatrixOffsetTransformBase_double_3_3
Parameters: 0.9999923026229469 -0.002733402357421799 0.002868104989582577 0.002710997352570911 0.9999641608373743 0.007984533412605882 -0.0028892218603111227 -0.007976461287384884 0.9999637625394555 -0.30466041928643506 -0.29538410106624724 -1.0523556321290712
FixedParameters: 0 0 0
#Transform 93
Transform: MatrixOffsetTransformBase_double_3_3
Parameters: 0.9999936373628079 -0.002642004021744833 0.0023203562451298517 0.0026215124237737386 0.9999598167528011 0.008564137822892504 -0.0023427805930637973 -0.008557853111682473 0.9999602361068397 -0.2866048439458666 -0.3093940308104095 -1.0835569526379203
FixedParameters: 0 0 0
#Transform 94
Transform: MatrixOffsetTransformBase_double_3_3
Parameters: 0.9999939336003825 -0.0025224279873127635 0.002589551143868969 0.002499955548482184 0.999962650663868 0.00831636944763886 -0.0026104661010180816 -0.00830963419879785 0.9999620681287235 -0.2860115526252116 -0.31589567118945183 -1.0524934929707968
FixedParameters: 0 0 0
#Transform 95
Transform: MatrixOffsetTransformBase_double_3_3
Parameters: 0.9999922988251159 -0.002408195197295662 0.00298301570901104 0.00238372272379377 0.999961406910841 0.008437700440056095 -0.0030037168204946354 -0.008431292388336925 0.999959607341022 -0.3046982541971204 -0.3352697222772605 -1.051763930681357
FixedParameters: 0 0 0
#Transform 96
Transform: MatrixOffsetTransformBase_double_3_3
Parameters: 0.9999924657334767 -0.002378491937334875 0.0029789854290084576 0.002353203908782885 0.9999598725699388 0.008585567584054543 -0.002999876559933029 -0.008578416345384338 0.9999582886062433 -0.29918262559726827 -0.32392376694100733 -1.0566937724314904
FixedParameters: 0 0 0
#Transform 97
Transform: MatrixOffsetTransformBase_double_3_3
Parameters: 0.9999937547128639 -0.002627912681999847 0.0025173666094882876 0.002606372146343702 0.9999575350293912 0.008882492061196595 -0.002540527088971059 -0.008876519873660199 0.9999575249065987 -0.29822018550837015 -0.3218401241779958 -1.1157600112801944
FixedParameters: 0 0 0
#Transform 98
Transform: MatrixOffsetTransformBase_double_3_3
Parameters: 0.9999949536138683 -0.0025524558465548027 0.002128672803027356 0.0025366569861310197 0.9999692654147714 0.0074384482407938435 -0.0021475155481639687 -0.007433554877908061 0.9999700981496771 -0.27280347796387616 -0.3149090348204737 -0.9629071140818724
FixedParameters: 0 0 0
#Transform 99
Transform: MatrixOffsetTransformBase_double_3_3
Parameters: 0.9999931604830355 -0.002733975528730231 0.0023157776547551925 0.0027131336481121568 0.99995518995781 0.009037207976905381 -0.0023410273560202726 -0.009031789931707529 0.9999567223087595 -0.28168986184826394 -0.2738360257704642 -1.173108273269996
FixedParameters: 0 0 0
#Transform 100
Transform: MatrixOffsetTransformBase_double_3_3
Parameters: 0.999992285710638 -0.002670941525821958 0.00292887180781953 0.002644806658587814 0.9999556299410519 0.009090522572342358 -0.002953175302863033 -0.00908248923028171 0.9999545226407037 -0.30641645034637577 -0.3716883948289791 -1.060375235907287
FixedParameters: 0 0 0
#Transform 101
Transform: MatrixOffsetTransformBase_double_3_3
Parameters: 0.999992726707828 -0.0026746291362121518 0.0028493608305688216 0.002648242006969226 0.9999527060539718 0.00935631584760746 -0.002874159591999403 -0.009348683459118767 0.9999520776540961 -0.29904359626640087 -0.304610730916707 -1.1759487047389428
FixedParameters: 0 0 0
#Transform 102
Transform: MatrixOffsetTransformBase_double_3_3
Parameters: 0.999993808710451 -0.002452385836976331 0.002485270852463782 0.002432301381477131 0.9999663655312685 0.007859932550044635 -0.0025051248337929766 -0.007854067315320817 0.9999659760004816 -0.2876851707003283 -0.31646876647775457 -0.9878527108970516
FixedParameters: 0 0 0
#Transform 103
Transform: MatrixOffsetTransformBase_double_3_3
Parameters: 0.9999938586972168 -0.0026775751475632535 0.002229715954209195 0.002656570089777812 0.999952935166132 0.009382995291509377 -0.0022548026973123166 -0.009377022272265778 0.9999539501618117 -0.28831117744049095 -0.2981355224309965 -1.1697699505435537
FixedParameters: 0 0 0
#Transform 104
Transform: MatrixOffsetTransformBase_double_3_3
Parameters: 0.9999928721111064 -0.0028006527483278535 0.0025068554456045304 0.0027766286349306304 0.9999512214758899 0.009501060234970576 -0.0025333822045191445 -0.009493934321680747 0.9999512409690338 -0.2990523094603077 -0.3576912814365869 -1.1106890955702156
FixedParameters: 0 0 0
#Transform 105
Transform: MatrixOffsetTransformBase_double_3_3
Parameters: 0.9999910838443455 -0.002696721018951876 0.003105456890775149 0.0026705835396599823 0.9999609527947674 0.00844792771762709 -0.003127935778678236 -0.008440077374024052 0.9999595255894259 -0.31181300289718195 -0.2996753056361996 -1.0860259156603078
FixedParameters: 0 0 0
#Transform 106
Transform: MatrixOffsetTransformBase_double_3_3
Parameters: 0.9999925777659624 -0.0024803876314191493 0.0028761762740541715 0.002453481659398496 0.9999558010081123 0.009080657518031832 -0.002898291123969384 -0.009074348165588914 0.9999549707048137 -0.3110164556456425 -0.3259762722656774 -1.1337973296349837
FixedParameters: 0 0 0
#Transform 107
Transform: MatrixOffsetTransformBase_double_3_3
Parameters: 0.9999940797516802 -0.0024229671024946307 0.002459633930337657 0.0024004426029644137 0.9999558397920935 0.00912677529653369 -0.0024814785719421057 -0.009120239717585937 0.9999557593579959 -0.29049141760640396 -0.3246434695462739 -1.1413415383363024
FixedParameters: 0 0 0
#Transform 108
Transform: MatrixOffsetTransformBase_double_3_3
Parameters: 0.9999931025289344 -0.0024197153028267023 0.0026541448222434216 0.0023930041148557822 0.9999489838511132 0.009766077512962129 -0.0026774738348684783 -0.009759906074775032 0.9999484813426799 -0.29420000253065837 -0.35698337859896867 -1.1396781868152956
FixedParameters: 0 0 0
#Transform 109
Transform: MatrixOffsetTransformBase_double_3_3
Parameters: 0.9999911186863626 -0.0026457410333804976 0.003143414007090603 0.0026163054526626146 0.9999528390962181 0.0093076668781239 -0.0031680310823884636 -0.009299332555580686 0.999952164894387 -0.3191167447904064 -0.34261057839779596 -1.0824480843762245
FixedParameters: 0 0 0
#Transform 110
Transform: MatrixOffsetTransformBase_double_3_3
Parameters: 0.9999921793111592 -0.0025277626475698053 0.0029035159786349775 0.002498334727807694 0.9999478243205848 0.00990099437092165 -0.0029290912510825796 -0.009892995017552447 0.9999464483544647 -0.301055265491982 -0.36009204624429003 -1.1327998936445098
FixedParameters: 0 0 0
#Transform 111
Transform: MatrixOffsetTransformBase_double_3_3
Parameters: 0.9999925750084891 -0.002815959507835331 0.0025483111072232157 0.002791075942802957 0.9999492503562293 0.009705056324963685 -0.0025760942256969556 -0.00969795489084127 0.9999500812308458 -0.29469370046888343 -0.31534527937922974 -1.1573513960731
FixedParameters: 0 0 0
#Transform 112
Transform: MatrixOffsetTransformBase_double_3_3
Parameters: 0.9999942592848803 -0.0025123501035152315 0.0023298777572369578 0.0024898942956490585 0.9999472019073017 0.009924665739030891 -0.0023540494344775277 -0.009918331563656707 0.999948179657184 -0.28332516322898016 -0.35078310217959086 -1.1537075675838722
FixedParameters: 0 0 0
#Transform 113
Transform: MatrixOffsetTransformBase_double_3_3
Parameters: 0.9999923892914125 -0.0025741866474856497 0.002997418682904672 0.002545085397621198 0.9999508099210302 0.009539228038179443 -0.0030220653376877072 -0.009531756155264914 0.999949723157191 -0.312560406764419 -0.3689363133619423 -1.0911878959420385
FixedParameters: 0 0 0
#Transform 114
Transform: MatrixOffsetTransformBase_double_3_3
Parameters: 0.9999930843484163 -0.002655964397558715 0.002803786845580718 0.0026280706341862536 0.9999470003265283 0.009917134805200123 -0.0028300313121182585 -0.009909850515143204 0.999946523640451 -0.2937934482502982 -0.33380045976905137 -1.189066897313566
FixedParameters: 0 0 0
#Transform 115
