#Insight Transform File V1.0
#Transform 0
Transform: MatrixOffsetTransformBase_double_3_3
Parameters: 0.9999972530155454 -0.0007313981924936656 0.0022833345915784934 0.0007431093729573473 0.9999852688948754 -0.005443733706455178 -0.0022788553225301014 0.005446272776963745 0.9999826875111604 0.25473126627110787 -0.6190910676666732 -0.21881259453235202
FixedParameters: 0 0 0
#Transform 1
Transform: MatrixOffsetTransformBase_double_3_3
Parameters: 0.9999976620247176 -0.00032000446858347566 0.0022881323166673096 0.0003319677238989897 0.9999880269310331 -0.004842331697556046 -0.002286435160519286 0.004843665038475442 0.9999857254739324 0.25797570247988233 -0.5894873429408136 -0.13423719828034564
FixedParameters: 0 0 0
#Transform 2
Transform: MatrixOffsetTransformBase_double_3_3
Parameters: 0.9999966072355129 -0.0006171130512319444 0.002647775801086552 0.0006296966888389398 0.9999878052367448 -0.004857506919360488 -0.0026452682711450774 0.004858491245625318 0.9999846013141374 0.27331646771204987 -0.5815972636347624 -0.2091688236642142
FixedParameters: 0 0 0
#Transform 3
Transform: MatrixOffsetTransformBase_double_3_3
Parameters: 0.9999974146718047 -0.0004501668470672266 0.0023200081461524093 0.0004624349145284002 0.9999848916755795 -0.0053988942067728085 -0.0023176958152142566 0.005400107015020028 0.9999832132830866 0.25666022635400054 -0.6177901346191064 -0.19052668392640726
FixedParameters: 0 0 0
#Transform 4
Transform: MatrixOffsetTransformBase_double_3_3
Parameters: 0.999996749589576 -0.0006392204755708733 0.0024171507541354033 0.0006537853139783497 0.9999803372723053 -0.006193720944269732 -0.0024129113727521657 0.006195273695597803 0.9999776678339474 0.25115485017218475 -0.6570455730197295 -0.19966842078949298
FixedParameters: 0 0 0
#Transform 5
Transform: MatrixOffsetTransformBase_double_3_3
Parameters: 0.999998533226725 -0.0004534630817740481 0.0018060075062895705 0.0004644927544873318 0.9999815013151525 -0.0059785808315941935 -0.0018029135665682703 0.005979412807794127 0.9999805343668488 0.2306140549305269 -0.6623972758581331 -0.213310221917709
FixedParameters: 0 0 0
#Transform 6
Transform: MatrixOffsetTransformBase_double_3_3
Parameters: 0.9999976642069435 -0.00040151910449194757 0.0022744366339297268 0.0004162414260462648 0.9999802115433734 -0.006330483987796176 -0.0022724521172186565 0.006331518677855252 0.9999772886144908 0.23740084394324867 -0.6983266873870804 -0.27066505657930406
FixedParameters: 0 0 0
#Transform 7
Transform: MatrixOffsetTransformBase_double_3_3
Parameters: 0.9999973174669247 -0.0000667727271434649 0.002162644694253765 0.00008095700171966933 0.9999782592998684 -0.006581921501263521 -0.0021626399615009336 0.006582083059600563 0.9999764116492121 0.23384890729624885 -0.7471240814652518 -0.25528208328231017
FixedParameters: 0 0 0
#Transform 8
Transform: MatrixOffsetTransformBase_double_3_3
Parameters: 0.9999970041418608 -0.0006789766368797102 0.0023526632830770007 0.0006920521417925013 0.9999824522556002 -0.005847673142810317 -0.0023487717164124796 0.005849326142332523 0.9999801412984408 0.24756596905410788 -0.6590299096082362 -0.2505537641897888
FixedParameters: 0 0 0
#Transform 9
Transform: MatrixOffsetTransformBase_double_3_3
Parameters: 0.9999975748208259 -0.0002731577839589637 0.002086032532547018 0.0002860856706255423 0.9999797941780977 -0.006301496574226517 -0.002083832492219763 0.006302504648848184 0.9999783493507655 0.23617547049812515 -0.7270666359930829 -0.18835554863741777
FixedParameters: 0 0 0
#Transform 10
Transform: MatrixOffsetTransformBase_double_3_3
Parameters: 0.9999970541568131 -0.0006120527883555389 0.0021377559294351554 0.0006264873805144766 0.9999783574586742 -0.0065350878537243084 -0.002134144452106591 0.006536908884953008 0.9999762571092409 0.23263147153852515 -0.66641989864209 -0.26865720938599225
FixedParameters: 0 0 0
#Transform 11
Transform: MatrixOffsetTransformBase_double_3_3
Parameters: 0.9999970421781527 -0.00011615493214521685 0.0024384327891068414 0.00012973934154436262 0.9999838564006441 -0.005642447143508589 -0.0024370785984451065 0.0056435551959409525 0.9999814982649602 0.2423278727709146 -0.6848479066770423 -0.23875535030740025
FixedParameters: 0 0 0
#Transform 12
Transform: MatrixOffsetTransformBase_double_3_3
Parameters: 0.9999974028442188 -0.00026235979093212924 0.0023511270477818255 0.0002771991743295718 0.9999798498177889 -0.0062713167018712546 -0.0023496450008920343 0.00627168148285423 0.9999778887300284 0.24718215196560323 -0.7347490417467952 -0.21397422166569413
FixedParameters: 0 0 0
#Transform 13
Transform: MatrixOffsetTransformBase_double_3_3
Parameters: 0.9999968758858028 -0.000035308766422715286 0.002263025612940662 0.000050586343290518984 0.9999789316699774 -0.0065309863355099695 -0.0022634322657949725 0.006531022804407094 0.9999766352151741 0.2383321410019903 -0.7114294288450154 -0.2320195828594933
FixedParameters: 0 0 0
#Transform 14
Transform: MatrixOffsetTransformBase_double_3_3
Parameters: 0.9999976804438566 0.00007790562534270803 0.0020769655193332605 -0.00006232024986568081 0.9999713920607322 -0.007554556297947601 -0.0020773447514135577 0.007553440554533497 0.9999691608239915 0.21141240726296928 -0.799518658102663 -0.27423255463000373
FixedParameters: 0 0 0
#Transform 15
Transform: MatrixOffsetTransformBase_double_3_3
Parameters: 0.9999976819980847 -0.00005099444800778447 0.002305210171414825 0.00006482558114230606 0.9999813986529859 -0.0060979466859092946 -0.0023054715308418626 0.006098055763282484 0.999978911331797 0.2295868937638943 -0.669894747263875 -0.19265777118286564
FixedParameters: 0 0 0
#Transform 16
Transform: MatrixOffsetTransformBase_double_3_3
Parameters: 0.9999954055964179 -0.0002526777295361049 0.002921060928542343 0.00027488877557891694 0.9999709304415735 -0.0075527180526211435 -0.0029183492047946146 0.0075532760701275126 0.9999673777090291 0.2518801725861408 -0.7160182320276931 -0.28139457561042036
FixedParameters: 0 0 0
#Transform 17
Transform: MatrixOffsetTransformBase_double_3_3
Parameters: 0.999997397494227 -0.00015780736369213223 0.002139816247032569 0.0001739555876468913 0.9999731274331543 -0.007331850372444937 -0.0021379944235559965 0.007333147542437413 0.9999707373950854 0.2200715628716523 -0.7894112583587471 -0.23160574457102712
FixedParameters: 0 0 0
#Transform 18
Transform: MatrixOffsetTransformBase_double_3_3
Parameters: 0.9999979191627621 -0.0001392432970634325 0.002015338055183421 0.00015352017927863567 0.9999751988644956 -0.007088122397385044 -0.002014230547159638 0.00708788779515257 0.9999732393738573 0.20301966631728874 -0.7836539578779664 -0.22151184426894588
FixedParameters: 0 0 0
#Transform 19
Transform: MatrixOffsetTransformBase_double_3_3
Parameters: 0.9999968162519868 -0.00007048399970973577 0.0024855766268628847 0.00008870338062586231 0.9999737742562337 -0.007174749347180764 -0.0024852661490436505 0.007174241588254471 0.9999710936768235 0.24092570715598072 -0.7894127254751666 -0.19255964290763927
FixedParameters: 0 0 0
#Transform 20
Transform: MatrixOffsetTransformBase_double_3_3
Parameters: 0.9999974469240094 -0.00010965215782314465 0.002353964554225953 0.00012672484221720813 0.9999728003902237 -0.00733279698604955 -0.002353062790050895 0.007333195377877577 0.9999700992167841 0.22785482940935253 -0.8220447207009229 -0.1564939177175404
FixedParameters: 0 0 0
#Transform 21
Transform: MatrixOffsetTransformBase_double_3_3
Parameters: 0.9999979560424316 -0.00025843697697427797 0.0019941081784539965 0.00027452563926898266 0.9999682008198028 -0.008032011965458163 -0.0019923063869099773 0.00803299529259699 0.9999657108401607 0.19638023760848 -0.7979058962027281 -0.21244071109225615
FixedParameters: 0 0 0
#Transform 22
Transform: MatrixOffsetTransformBase_double_3_3
Parameters: 0.9999970670910097 -0.00006217410715243365 0.0022200758278632187 0.00007713928170024956 0.999976696267227 -0.006798047071088442 -0.0022197395789265886 0.006798943884372632 0.9999739304989607 0.2223312461814544 -0.7073597937506051 -0.21129079066560053
FixedParameters: 0 0 0
#Transform 23
Transform: MatrixOffsetTransformBase_double_3_3
Parameters: 0.9999961051861388 -0.00023982342658003465 0.002799187873922679 0.0002614673513783624 0.9999704048995104 -0.007674917900978628 -0.0027979041792345707 0.007676083925519217 0.9999668717042803 0.2477810670797851 -0.8607620868864387 -0.13661858304249108
FixedParameters: 0 0 0
#Transform 24
Transform: MatrixOffsetTransformBase_double_3_3
Parameters: 0.9999965362583838 0.0002807154956831519 0.002526622154480686 -0.0002594725185841481 0.9999633059198163 -0.008505423948534596 -0.0025293302831206764 0.008504566925552681 0.9999605575163304 0.23563540120227344 -0.8464061231853535 -0.17913092684710819
FixedParameters: 0 0 0
#Transform 25
Transform: MatrixOffsetTransformBase_double_3_3
Parameters: 0.9999976288193734 -0.0001259473122930799 0.002314205343322601 0.00014520230740809877 0.9999648065085055 -0.008411770170424604 -0.002312976728781133 0.008412239572303415 0.9999622960472389 0.22004119363626273 -0.8693830217013243 -0.22894412623031712
FixedParameters: 0 0 0
#Transform 26
Transform: MatrixOffsetTransformBase_double_3_3
Parameters: 0.9999971226214569 -0.0002841415841066025 0.00240717166255404 0.00030472811089613726 0.9999649693356246 -0.008318241476504062 -0.0024055505789956425 0.008318755112197651 0.9999627558323524 0.22356470838795417 -0.8700984581350966 -0.1963684164622066
FixedParameters: 0 0 0
#Transform 27
Transform: MatrixOffsetTransformBase_double_3_3
Parameters: 0.9999960608962584 -0.0003996175395103176 0.002603686954603745 0.0004208651969282407 0.9999660638853516 -0.008246888708025202 -0.0026004181134607488 0.008248120271522719 0.9999629518747455 0.23043653184768687 -0.85933552565497 -0.17272178662082638
FixedParameters: 0 0 0
#Transform 28
Transform: MatrixOffsetTransformBase_double_3_3
Parameters: 0.9999964276261369 -0.0007099106474117486 0.002463470156601436 0.0007292036996138567 0.9999693388972317 -0.007826517787814957 -0.0024577079249476657 0.007828488974155057 0.9999665470851086 0.2309925138632991 -0.7840219138635334 -0.16274198498851433
FixedParameters: 0 0 0
#Transform 29
Transform: MatrixOffsetTransformBase_double_3_3
Parameters: 0.9999968464517938 -0.0008192655591981973 0.002341293581027755 0.0008399622240388936 0.9999618954804019 -0.008690348413864735 -0.0023342431521295487 0.008692657433366446 0.9999598634904094 0.23148532083112627 -0.8663603588442683 -0.2044214209491031
FixedParameters: 0 0 0
#Transform 30
Transform: MatrixOffsetTransformBase_double_3_3
Parameters: 0.9999956895381077 -0.0008648596343931332 0.0029261526917530962 0.000891873294528322 0.9999574792887624 -0.009175464645917064 -0.002918064890375168 0.009177537221778609 0.9999537899900472 0.26011854287992264 -0.9300437936917518 -0.2133092745726799
FixedParameters: 0 0 0
#Transform 31
Transform: MatrixOffsetTransformBase_double_3_3
Parameters: 0.9999967229312289 -0.0011457911468483498 0.0024424709895979925 0.001166393725260555 0.9999614753324182 -0.008726802624141772 -0.0024321055683540808 0.008730201718772368 0.999958870956959 0.23815221161254385 -0.8776721496749715 -0.17350144469693873
FixedParameters: 0 0 0
#Transform 32
Transform: MatrixOffsetTransformBase_double_3_3
Parameters: 0.9999951978440877 -0.0008109066530544424 0.0028541111350792996 0.0008358439469750374 0.9999594560981246 -0.008979811092460821 -0.0028464203467125217 0.008982189449333489 0.9999554214109644 0.2724276477389367 -0.9105637647237472 -0.1343439469289649
FixedParameters: 0 0 0
#Transform 33
Transform: MatrixOffsetTransformBase_double_3_3
Parameters: 0.9999943142238612 -0.0008570550977008422 0.0033091968467035496 0.0008911035946928605 0.9999460038573493 -0.010381812510962707 -0.003300317180222496 0.010385195539133973 0.9999406696960164 0.2783478317274444 -1.0128073482388587 -0.18942852543582944
FixedParameters: 0 0 0
#Transform 34
Transform: MatrixOffsetTransformBase_double_3_3
Parameters: 0.9999953755462194 -0.000873312474192508 0.0028038323722232514 0.0008974076487979283 0.9999620478366833 -0.008656676482207804 -0.0027963136592389953 0.008659319305714064 0.9999584026850205 0.24807242149410058 -0.8308981671525117 -0.20551863734618792
FixedParameters: 0 0 0
#Transform 35
Transform: MatrixOffsetTransformBase_double_3_3
Parameters: 0.9999973995436692 -0.0012848304877808626 0.0017175063087450084 0.0012954120352517637 0.9999798295542092 -0.006139861786921219 -0.00170943994429633 0.006142125491266859 0.9999791455081566 0.20586775218149 -0.6246732846131238 -0.10994092755595375
FixedParameters: 0 0 0
#Transform 36
Transform: MatrixOffsetTransformBase_double_3_3
Parameters: 0.999996474338854 -0.0009908845526668025 0.002354352810089238 0.0010071401935549743 0.9999764188814135 -0.006750263382556243 -0.002347792562665091 0.006752724477752214 0.9999738888475831 0.2313188037867917 -0.7564046671558771 -0.05673638692411487
FixedParameters: 0 0 0
#Transform 37
Transform: MatrixOffsetTransformBase_double_3_3
Parameters: 0.9999974945679971 -0.0013501208692145244 0.0016376837189687812 0.0013624167252526587 0.9999735714087488 -0.007187197583133742 -0.001627833209085528 0.007188802504579261 0.9999725870197179 0.19836390056286746 -0.762986085831578 -0.07805332657432018
FixedParameters: 0 0 0
#Transform 38
Transform: MatrixOffsetTransformBase_double_3_3
Parameters: 0.9999970037062548 -0.0007538781114155477 0.002329869753022312 0.0007736913728072211 0.9999663477295881 -0.00818883964004069 -0.002323218861748667 0.008190157188337432 0.999963517732118 0.2114738622947243 -0.8104134101413578 -0.12192266022668719
FixedParameters: 0 0 0
#Transform 39
Transform: MatrixOffsetTransformBase_double_3_3
Parameters: 0.9999961003524255 -0.0013159737032802387 0.002273800745474799 0.0013342708666873849 0.9999662769050026 -0.008173951643934974 -0.002262086163477812 0.008177059355156335 0.9999641432927674 0.20402391669037456 -0.7935142651677936 -0.1717751624181858
FixedParameters: 0 0 0
#Transform 40
Transform: MatrixOffsetTransformBase_double_3_3
Parameters: 0.9999966014051204 -0.0011284537937003936 0.002264017158450544 0.001147478079839797 0.9999649881355183 -0.008288047538638155 -0.0022541691715976596 0.008290952704180843 0.999963179066247 0.20812012058487994 -0.872014893804085 -0.11902993983360943
FixedParameters: 0 0 0
#Transform 41
Transform: MatrixOffsetTransformBase_double_3_3
Parameters: 0.9999962182348914 -0.0012246603501228958 0.002298329531968023 0.0012436356027110459 0.9999655580458265 -0.008232119630633805 -0.002287959360694021 0.008234876887765197 0.9999630766455494 0.2041849847765036 -0.80112803667447 -0.11705709202470871
FixedParameters: 0 0 0
#Transform 42
Transform: MatrixOffsetTransformBase_double_3_3
Parameters: 0.9999972382446602 -0.00121680087973782 0.002068879866838584 0.0012351786037326587 0.9999597889084416 -0.008863417511851546 -0.0020583877302349325 0.008865574586458869 0.9999582873720656 0.1934911585545933 -0.8564771064658601 -0.1580220285899543
FixedParameters: 0 0 0
#Transform 43
Transform: MatrixOffsetTransformBase_double_3_3
Parameters: 0.9999963244516323 -0.0011193142852834194 0.002329089700959586 0.0011406254836947927 0.99995607317324 -0.009306992800099612 -0.002317869442215251 0.009310007368511675 0.9999539508889393 0.206951375288412 -0.961294140834589 -0.13534356730741592
FixedParameters: 0 0 0
#Transform 44
Transform: MatrixOffsetTransformBase_double_3_3
Parameters: 0.9999966860312443 -0.0015276712005240804 0.002231771233175821 0.0015472656477238341 0.999959015893484 -0.008944739858725459 -0.002217952001762578 0.008947266283164224 0.999957604755858 0.1906493262432889 -0.9196531195508655 -0.15041923818995429
FixedParameters: 0 0 0
#Transform 45
Transform: MatrixOffsetTransformBase_double_3_3
Parameters: 0.999996374136735 -0.001494000257039698 0.0023221844801513763 0.0015161752462963854 0.999956476794889 -0.009152332716445832 -0.0023083184530011867 0.009155653702686728 0.9999553022038691 0.20332884118488437 -0.9359298895542096 -0.10082909737619161
FixedParameters: 0 0 0
#Transform 46
Transform: MatrixOffsetTransformBase_double_3_3
Parameters: 0.9999952772779865 -0.0017104258220437428 0.0024076295065829146 0.0017330861365389397 0.9999550046113352 -0.009349027484609918 -0.002391564069987137 0.009352975698199983 0.9999533860302798 0.20064389447327358 -0.9032291653736237 -0.11690252294889092
FixedParameters: 0 0 0
#Transform 47
Transform: MatrixOffsetTransformBase_double_3_3
Parameters: 0.9999965793403304 -0.0012217164288408438 0.002220174544445228 0.0012468400819240055 0.999933680033952 -0.011459098036908255 -0.0022056583571317878 0.011460912424989256 0.9999322269407623 0.19936616788220363 -1.0700154243128424 -0.2064625636476478
FixedParameters: 0 0 0
#Transform 48
Transform: MatrixOffsetTransformBase_double_3_3
Parameters: 0.99999681960138 -0.0013908800585829021 0.0022904219919546547 0.0014134531015988763 0.9999481147730958 -0.010136756766576605 -0.0022764774326515013 0.010140257461321689 0.9999461206675208 0.19815438899914284 -1.056414873979108 -0.12782144885599678
FixedParameters: 0 0 0
#Transform 49
Transform: MatrixOffsetTransformBase_double_3_3
Parameters: 0.9999966179278323 -0.0010425635426318208 0.0025090304054477056 0.0010718518125367742 0.9999305240110408 -0.011709513467755173 -0.002496615096033992 0.011712490219835225 0.9999287889202905 0.20660005794627523 -1.1216826445786197 -0.10623279640566352
FixedParameters: 0 0 0
#Transform 50
Transform: MatrixOffsetTransformBase_double_3_3
Parameters: 0.9999970850164782 -0.0014127306164330067 0.0019800104490436464 0.001437830583449998 0.9999185465959961 -0.012659138844297091 -0.001961209915844117 0.012661853393221845 0.9999179486770539 0.17181671661717246 -1.1627977562937133 -0.18653363750891572
FixedParameters: 0 0 0
#Transform 51
Transform: MatrixOffsetTransformBase_double_3_3
Parameters: 0.9999967391634423 -0.001370832494184131 0.0020929721510050407 0.001398435872829837 0.999916015526131 -0.0128800640436878 -0.002075166307724926 0.012882932604501407 0.9999148433084432 0.17614490819678963 -1.1705093607445178 -0.2199272260209284
FixedParameters: 0 0 0
#Transform 52
Transform: MatrixOffsetTransformBase_double_3_3
Parameters: 0.999995961177822 -0.0009708076656746327 0.0026636098238455555 0.0010001196472359402 0.9999419011382394 -0.010718537502125092 -0.002653316685137938 0.010721461863223147 0.9999392161810562 0.21916758545361859 -1.0643554417642775 -0.18534714591837087
FixedParameters: 0 0 0
#Transform 53
Transform: MatrixOffsetTransformBase_double_3_3
Parameters: 0.9999975514360404 -0.0010810417994873201 0.002068755395875141 0.0011080787516490945 0.9999140937287658 -0.013076491859405015 -0.0020544767433910843 0.01307951415053843 0.9999123743673476 0.1866509693124101 -1.2260462968764756 -0.14960505593342077
FixedParameters: 0 0 0
#Transform 54
Transform: MatrixOffsetTransformBase_double_3_3
Parameters: 0.9999978384080003 -0.0009463948904376103 0.0020652851678120182 0.0009739122103024792 0.9999098077365705 -0.01335062993678987 -0.002052706036241142 0.013352347506035978 0.9999084895181013 0.17996493473265218 -1.233353628759673 -0.1577942404321675
FixedParameters: 0 0 0
#Transform 55
Transform: MatrixOffsetTransformBase_double_3_3
Parameters: 0.9999970525172374 -0.0013029433459801681 0.0020612027510541224 0.0013323491885080785 0.999898889785103 -0.014149244236173475 -0.0020429331192960455 0.01415174926216628 0.9998976688787813 0.17546329053146792 -1.273835633431645 -0.24166460328024186
FixedParameters: 0 0 0
#Transform 56
Transform: MatrixOffsetTransformBase_double_3_3
Parameters: 0.9999987821312676 -0.0011010480050152385 0.0014161108596401286 0.0011215524552591184 0.9998965234710976 -0.01437864971571795 -0.0014000641914552938 0.014380367397591354 0.9998956966618489 0.14790934941788692 -1.3117020834115038 -0.19868033993603262
FixedParameters: 0 0 0
#Transform 57
Transform: MatrixOffsetTransformBase_double_3_3
Parameters: 0.9999971499885887 -0.0012336129189162385 0.0020804257455732007 0.0012596857858014406 0.9999233948289161 -0.012324368747356762 -0.002064758771518068 0.012326633510636398 0.9999219072465828 0.18331943792546213 -1.1543368168113943 -0.20681864953360218
FixedParameters: 0 0 0
#Transform 58
Transform: MatrixOffsetTransformBase_double_3_3
Parameters: 0.999996170360821 -0.0015795406097476616 0.0023094292571106175 0.0016128491634768893 0.9998969638271002 -0.014277491297950307 -0.0022868232421993317 0.014280513140420836 0.9998954052026077 0.20342506641480895 -1.2249577227450743 -0.2370599993684266
FixedParameters: 0 0 0
#Transform 59
Transform: MatrixOffsetTransformBase_double_3_3
Parameters: 0.9999971632322034 -0.0015947093918999402 0.00181480655506628 0.001620003111423158 0.9998973751929037 -0.014219177935123062 -0.0017923403001048179 0.014222818625494626 0.9998972933642974 0.1817251219208913 -1.3036330925166624 -0.18318470965439815
FixedParameters: 0 0 0
#Transform 60
Transform: MatrixOffsetTransformBase_double_3_3
Parameters: 0.9999968483096741 -0.0012116448153093916 0.002163784489834097 0.001243223501453484 0.9998909555647949 -0.014709299542816912 -0.002146557183543423 0.014711687431168297 0.9998890712337406 0.18864970314703555 -1.3273433119802718 -0.18847169931871122
FixedParameters: 0 0 0
#Transform 61
Transform: MatrixOffsetTransformBase_double_3_3
Parameters: 0.999996833914223 -0.001218038497723536 0.0021637619698895464 0.0012472334267836225 0.9999088097378556 -0.013472299370885565 -0.0021473423961910604 0.0134747105940346 0.9999069365989649 0.18182811724261683 -1.218198156992628 -0.1608711259872564
FixedParameters: 0 0 0
#Transform 62
Transform: MatrixOffsetTransformBase_double_3_3
Parameters: 0.9999979130705233 -0.0011334901068705133 0.0016743459988071432 0.00115939850822856 0.99987940998049 -0.015506176605303623 -0.0016557217181745799 0.015507837003841729 0.99987853937397 0.1566862302617551 -1.3441679155646113 -0.23460353394014533
FixedParameters: 0 0 0
#Transform 63
Transform: MatrixOffsetTransformBase_double_3_3
Parameters: 0.9999970121435462 -0.0014797044695672777 0.001672874674826328 0.0015054331583059647 0.9998775384449144 -0.01556860024643314 -0.0016496457083385546 0.015571402062025341 0.9998775938693671 0.15856049625460855 -1.3704270394658806 -0.1836243817612626
FixedParameters: 0 0 0
#Transform 64
Transform: MatrixOffsetTransformBase_double_3_3
Parameters: 0.9999977448239322 -0.0013983375535809995 0.0018163905774379364 0.0014262550248893137 0.9998743658439223 -0.015804538011556457 -0.0017948588258431435 0.01580748088661499 0.9998736875414502 0.17187577836213563 -1.351975570463992 -0.13018762614922252
FixedParameters: 0 0 0
#Transform 65
Transform: MatrixOffsetTransformBase_double_3_3
Parameters: 0.9999964361204664 -0.0012097658080295521 0.002258411941132538 0.00124947751767888 0.9998451628633458 -0.017556860951813802 -0.0022366454070541194 0.01756015207642392 0.9998436226398746 0.18554027029347253 -1.4803324133469715 -0.22419469012530158
FixedParameters: 0 0 0
#Transform 66
Transform: MatrixOffsetTransformBase_double_3_3
Parameters: 0.9999972958083823 -0.0015246018736130263 0.0015423124922396732 0.0015520180141634914 0.9998429630714433 -0.017629722533803682 -0.001515410421177153 0.017632269040427972 0.9998435795102503 0.14413135110680741 -1.4731031959141632 -0.21676686942089418
FixedParameters: 0 0 0
#Transform 67
Transform: MatrixOffsetTransformBase_double_3_3
Parameters: 0.9999965828249839 -0.0013264533233184712 0.0021582217565533457 0.0013656398987188798 0.9998312880258409 -0.018297727635357974 -0.002133530449409536 0.01830126848682756 0.9998304943163197 0.17584345102420684 -1.516593377966359 -0.1982005789683967
FixedParameters: 0 0 0
#Transform 68
Transform: MatrixOffsetTransformBase_double_3_3
Parameters: 0.9999978434662266 -0.0016911181277954371 0.0015158514126845024 0.0017157745856307826 0.9998568537868634 -0.016839977928124805 -0.0014871071129344726 0.016843015020104102 0.999856676591856 0.14367966554465283 -1.4318810379596414 -0.1455148632522878
FixedParameters: 0 0 0
#Transform 69
Transform: MatrixOffsetTransformBase_double_3_3
Parameters: 0.999997842027371 -0.0013761580337977994 0.0018067685031519793 0.0014092346853749212 0.9998270242055682 -0.018524565197095277 -0.0017809449503891335 0.01852740462512309 0.9998263332362427 0.15146417917665644 -1.5074174114938614 -0.25821896802528954
FixedParameters: 0 0 0
#Transform 70
Transform: MatrixOffsetTransformBase_double_3_3
Parameters: 0.999998259406924 -0.001086815644285991 0.0015997393574684025 0.0011114669795104907 0.9998785849778797 -0.015536325387699335 -0.0015828731398625545 0.015537666156501151 0.9998778482308754 0.1379876172482568 -1.36686521286002 -0.1962577098112206
FixedParameters: 0 0 0
#Transform 71
Transform: MatrixOffsetTransformBase_double_3_3
Parameters: 0.9999969353847551 -0.0013913917382783305 0.0017686577770252153 0.0014258355545682705 0.999807803559829 -0.01952758786768738 -0.0017412863718556787 0.019530374898199254 0.9998072951644501 0.15942457272657862 -1.56562600257422 -0.2646040577308497
FixedParameters: 0 0 0
#Transform 72
Transform: MatrixOffsetTransformBase_double_3_3
Parameters: 0.9999966957714748 -0.0011508897478647927 0.0022318094267676815 0.0011958548255765692 0.9997929199752307 -0.020334352248937093 -0.0022074527642747515 0.020336658622086612 0.9997906236286429 0.175231139012908 -1.674175344407601 -0.210616624309381
FixedParameters: 0 0 0
#Transform 73
Transform: MatrixOffsetTransformBase_double_3_3
Parameters: 0.9999973783607952 -0.0013077661947797734 0.0019780092318089785 0.0013503458559515431 0.9997611762904377 -0.0217930114163718 -0.0019486043618666836 0.02179599417324063 0.9997610873134765 0.16577351787120165 -1.770181268520517 -0.19678300980328345
FixedParameters: 0 0 0
#Transform 74
Transform: MatrixOffsetTransformBase_double_3_3
Parameters: 0.9999971758278499 -0.0010982803287756119 0.0019018053652443063 0.001138196867845692 0.9997813946320646 -0.020870629157631992 -0.0018787632021792166 0.020873366119830705 0.9997804045633261 0.1643847887562515 -1.6654104967103223 -0.15193170145164459
FixedParameters: 0 0 0
#Transform 75
Transform: MatrixOffsetTransformBase_double_3_3
Parameters: 0.9999972747122021 -0.0011633813329670548 0.0020908778774983688 0.0012078887269530098 0.9997731716593801 -0.02124414748341169 -0.002065511605756398 0.021246839454296562 0.9997722576065322 0.17237646977903864 -1.6487884321757633 -0.21640572174030126
FixedParameters: 0 0 0
#Transform 76
Transform: MatrixOffsetTransformBase_double_3_3
Parameters: 0.9999978719488519 -0.0014638099434479569 0.0017276082032433551 0.001492947713270323 0.9998553747546643 -0.016928539421105226 -0.00170288835214497 0.016931453769012006 0.9998552056915438 0.1544595886874447 -1.4391106685652488 -0.18401374462527542
FixedParameters: 0 0 0
#Transform 77
Transform: MatrixOffsetTransformBase_double_3_3
Parameters: 0.9999969565369154 -0.0016269067689495798 0.0018429839482783364 0.0016633815675537531 0.9997935891827082 -0.020257291146598633 -0.0018101550163798137 0.02025973207027615 0.999793467764899 0.14709802310471787 -1.584811174767495 -0.24718834042977278
FixedParameters: 0 0 0
#Transform 78
Transform: MatrixOffsetTransformBase_double_3_3
Parameters: 0.9999968510441097 -0.001632838514992348 0.0018663679552660415 0.0016696816566228129 0.9997986778352161 -0.020006241776621914 -0.0018331860455092191 0.020008781700584066 0.9997984912596966 0.15062504474030902 -1.6329735278087298 -0.19695883248033397
FixedParameters: 0 0 0
#Transform 79
Transform: MatrixOffsetTransformBase_double_3_3
Parameters: 0.999997603889754 -0.0016164274688005432 0.0016685381264213135 0.0016483123478273477 0.9998094256715282 -0.019439700898243817 -0.0016365865716783817 0.019442272461235977 0.9998092013168467 0.15175347739599943 -1.601968658504532 -0.14393644664630756
FixedParameters: 0 0 0
#Transform 80
Transform: MatrixOffsetTransformBase_double_3_3
Parameters: 0.999996442463852 -0.0016008515578564827 0.0019982564270961483 0.00164121715016714 0.9997962416327224 -0.020119068085180825 -0.001966138517442878 0.020121925545473318 0.9997954486289681 0.15781798733655705 -1.6332418705416245 -0.1980045969255002
FixedParameters: 0 0 0
#Transform 81
Transform: MatrixOffsetTransformBase_double_3_3
Parameters: 0.9999973431146754 -0.001508469579724646 0.0015431366998243886 0.0015387732553243199 0.9998076744715502 -0.0195450749993063 -0.0015130046871269936 0.019546907724887264 0.9998075028655864 0.13090002560369385 -1.6003406623315897 -0.18434821750392416
FixedParameters: 0 0 0
#Transform 82
Transform: MatrixOffsetTransformBase_double_3_3
Parameters: 0.9999981734765971 -0.0012796083781991307 0.0014796746315932218 0.001306278783219406 0.9998296079080629 -0.0183811656606373 -0.0014559668018711291 0.01838280399955211 0.9998297125349722 0.13097381320150703 -1.5420709764134983 -0.2449165535670943
FixedParameters: 0 0 0
#Transform 83
Transform: MatrixOffsetTransformBase_double_3_3
Parameters: 0.9999973354710225 -0.0013418159033306246 0.0019652948099412792 0.0013848294577527844 0.9997577278883457 -0.021988431549789578 -0.0019360883068961765 0.021991593405506438 0.9997563685205689 0.15284807207817153 -1.7844444898948666 -0.152401668362387
FixedParameters: 0 0 0
#Transform 84
Transform: MatrixOffsetTransformBase_double_3_3
Parameters: 0.9999974388894118 -0.0010149945400131917 0.0021285798811817034 0.0010675463180506936 0.9996972621609217 -0.024566403569660056 -0.002102732991244199 0.02456857361258863 0.9996958692992621 0.16538256615922364 -1.9298412448425069 -0.14980225252693913
FixedParameters: 0 0 0
#Transform 85
Transform: MatrixOffsetTransformBase_double_3_3
Parameters: 0.999997689859653 -0.001291261090621314 0.0016259632536090463 0.0013324812739778384 0.9996675694419601 -0.025743965918717526 -0.0015917450568376688 0.025746030200910153 0.9996672893104389 0.13436967809701628 -2.0041694202611495 -0.21265308452026943
FixedParameters: 0 0 0
#Transform 86
Transform: MatrixOffsetTransformBase_double_3_3
Parameters: 0.9999983129645971 -0.0012335266046246758 0.0014712025545198374 0.0012675171408564926 0.9997411037186326 -0.02272526998119412 -0.0014427214253164421 0.022726756763709388 0.9997411321281403 0.10846606564570038 -1.8349586867147707 -0.24352704012406434
FixedParameters: 0 0 0
#Transform 87
Transform: MatrixOffsetTransformBase_double_3_3
Parameters: 0.9999993490555152 -0.0005165185490742291 0.001176548912580986 0.0005404848755886998 0.9997857476141976 -0.02070226505760192 -0.0011656358087386084 0.02070275743001465 0.999785321743505 0.07578049405665865 -1.669058990591438 -0.3250482670314909
FixedParameters: 0 0 0
#Transform 88
Transform: MatrixOffsetTransformBase_double_3_3
Parameters: 0.9999989369328774 -0.0004106771014869433 0.0009457634863017238 0.0004351407587027059 0.9996608477102332 -0.026048496707365976 -0.000934699290534128 0.026048546466475975 0.9996608087566975 0.03877806684766938 -2.0302903642426173 -0.3633394446342493
FixedParameters: 0 0 0
#Transform 89
Transform: MatrixOffsetTransformBase_double_3_3
Parameters: 0.9999999819142555 -0.00008857303516171734 0.001005583003526699 0.00011459256191945174 0.9996598867614882 -0.0260785716596727 -0.0010019979511558003 0.026079442010239484 0.9996596346115113 0.05235455126120314 -2.045146757513834 -0.3482534438230971
FixedParameters: 0 0 0
#Transform 90
Transform: MatrixOffsetTransformBase_double_3_3
Parameters: 0.9999991815667669 -0.0009041225748490151 -0.00003435282994886167 0.0009032800532416457 0.9998887056893528 -0.014911374030685487 0.00004831043189878549 0.014910632694768333 0.9998887751244632 -0.03165041995586648 -1.3006331230715205 -0.2589377252727445
FixedParameters: 0 0 0
#Transform 91
Transform: MatrixOffsetTransformBase_double_3_3
Parameters: 0.9999990467972524 -0.0005680388368029617 0.0007941161328448406 0.0005875561761614596 0.9996960498955326 -0.024647542946513834 -0.0007796751146812083 0.02464845226526685 0.9996957643232622 0.017572091188981176 -1.8767586536008594 -0.4223589267939474
FixedParameters: 0 0 0
#Transform 92
Transform: MatrixOffsetTransformBase_double_3_3
Parameters: 0.999999815255071 -0.0004111346168367185 -0.00012586214592551464 0.00040786615811872477 0.9997339518847567 -0.023061054164075945 0.00013513752909716917 0.023060947123757336 0.9997341024010558 -0.023053778046914886 -1.8343828215617322 -0.30398009656281033
FixedParameters: 0 0 0
#Transform 93
Transform: MatrixOffsetTransformBase_double_3_3
Parameters: 0.999999900678091 -0.00029617168973419984 0.00010805687170958128 0.0002987889757598031 0.9996536810999224 -0.026307961730789198 -0.00009987544945373215 0.026308023431094618 0.9996537586146712 -0.03058983664007542 -2.064977889550846 -0.4115501639587933
FixedParameters: 0 0 0
#Transform 94
Transform: MatrixOffsetTransformBase_double_3_3
Parameters: 0.9999999332131245 -0.00009071180110029227 0.00024180227316280623 0.00009683789425812554 0.9996586729746153 -0.026118968349486238 -0.00023979030774858473 0.02611901335193345 0.9996586235925796 -0.018767911119766723 -2.129437584933953 -0.3185046797388793
FixedParameters: 0 0 0
#Transform 95
Transform: MatrixOffsetTransformBase_double_3_3
Parameters: 0.9999999127809996 0.0002429038222065656 -0.00016782966220677808 -0.0002461033403182482 0.9998408277734209 -0.017862974608741478 0.0001634081024512984 0.017863055491803836 0.999840860001937 -0.049363351924540666 -1.5427675302125579 -0.24073382254798048
FixedParameters: 0 0 0
#Transform 96
Transform: MatrixOffsetTransformBase_double_3_3
Parameters: 0.9999996495502055 0.0005175315766655117 0.0002875599671376967 -0.0005099006333268755 0.9996624934188513 -0.025964140403320513 -0.00030061772250632597 0.025963838033031095 0.9996626706795342 -0.022367384299968762 -2.02732035140329 -0.29905015816959235
FixedParameters: 0 0 0
#Transform 97
Transform: MatrixOffsetTransformBase_double_3_3
Parameters: 0.9999997558676087 0.000436526749612155 0.00023173312741281904 -0.0004305686957503909 0.999704672466242 -0.02429109646017802 -0.00024211453105135573 0.02429089084018582 0.9997048041434541 -0.030096753555085343 -1.9137344213475558 -0.26099098673222443
FixedParameters: 0 0 0
#Transform 98
Transform: MatrixOffsetTransformBase_double_3_3
Parameters: 0.9999998919349993 0.00024535959872809066 0.0002187777508007264 -0.00023905476254611156 0.9996140362240642 -0.02778617302046632 -0.00022564985748083628 0.027786810655546 0.9996133787826705 -0.018562599898700682 -2.138837586132567 -0.277175143393805
FixedParameters: 0 0 0
#Transform 99
Transform: MatrixOffsetTransformBase_double_3_3
Parameters: 0.9999989011408401 0.001027726398029245 0.00020712515338145154 -0.0010212004783590422 0.9995977674566953 -0.02832020641773314 -0.00023609949630131212 0.02831975207635068 0.999598767870259 -0.026916528054698574 -2.1797718906458527 -0.33149323077273607
FixedParameters: 0 0 0
#Transform 100
Transform: MatrixOffsetTransformBase_double_3_3
Parameters: 0.9999996797547055 0.0005388474490125113 -0.00017305556319922042 -0.0005436812543702629 0.9995757276677988 -0.029116906602785375 0.00015683269875508646 0.02911708501488064 0.9995759932826584 -0.037721546576051423 -2.2276767629488035 -0.2893411447134895
FixedParameters: 0 0 0
#Transform 101
Transform: MatrixOffsetTransformBase_double_3_3
Parameters: 0.9999995322635743 0.0006811093098762401 -0.00006025029721415948 -0.0006828901636335958 0.999565451828901 -0.029476985986431337 0.00003992514444389214 0.029477054137984626 0.9995659143382085 -0.04474232956849278 -2.266999384232335 -0.2739694482319237
FixedParameters: 0 0 0
#Transform 102
Transform: MatrixOffsetTransformBase_double_3_3
Parameters: 0.9999998355606085 0.0008217229448917764 0.0006995527887049436 -0.0008021499361884463 0.9995962765259809 -0.028406587822598972 -0.0007216877379777833 0.028405433469374852 0.999596430611656 0.0012189413528744808 -2.1967064441017357 -0.28673105841355095
FixedParameters: 0 0 0
#Transform 103
Transform: MatrixOffsetTransformBase_double_3_3
Parameters: 0.9999997949098866 0.00034142897010713694 0.00029776338617246715 -0.00033191978075824844 0.9995752086469549 -0.029129079163984217 -0.0003078522970689619 0.029128875036688817 0.9995752301010498 -0.02391704885718582 -2.273760256073004 -0.2571782611506137
FixedParameters: 0 0 0
#Transform 104
Transform: MatrixOffsetTransformBase_double_3_3
Parameters: 0.9999996087199399 0.0007999987529693031 0.0008670019919286212 -0.0007734399573993815 0.9995498805856584 -0.030010832937549192 -0.0008903151684139802 0.030010195399311657 0.9995490606863191 0.00967342554159245 -2.3235767412058976 -0.2814153772458212
FixedParameters: 0 0 0
#Transform 105
Transform: MatrixOffsetTransformBase_double_3_3
Parameters: 0.9999999642623886 0.00010113717656051483 -0.00016024136922108896 -0.0001055094475045864 0.9995467492859095 -0.030117006082953424 0.0001563258802198296 0.030117038610046776 0.9995467346941869 -0.04385287215851008 -2.3494646925198026 -0.2861753578645505
FixedParameters: 0 0 0
#Transform 106
Transform: MatrixOffsetTransformBase_double_3_3
Parameters: 0.9999999135292991 0.00023258072662198605 -0.00018025337349706684 -0.00023710691736536773 0.9995569585324923 -0.029778987551350722 0.0001736012159013283 0.029779070478867242 0.9995569821763999 -0.05623186794741741 -2.306277407757676 -0.32371377729410256
FixedParameters: 0 0 0
#Transform 107
Transform: MatrixOffsetTransformBase_double_3_3
Parameters: 0.99999983097961 0.00012401382901187328 -0.00039171622943289533 -0.00013583375098980262 0.9995625189557923 -0.029584962740675236 0.00038829012965629266 0.029585063915439136 0.9995623834924693 -0.07275976679048313 -2.2931790647078003 -0.3352178041280638
FixedParameters: 0 0 0
#Transform 108
Transform: MatrixOffsetTransformBase_double_3_3
Parameters: 0.9999999273026737 0.000058146247296257306 -0.00026360018524298464 -0.00006579461502088754 0.9995577372025568 -0.029750004802722718 0.00026115151067536505 0.029750037143251973 0.9995576719784914 -0.06581917105975776 -2.300184897186597 -0.33593478319551195
FixedParameters: 0 0 0
#Transform 109
Transform: MatrixOffsetTransformBase_double_3_3
Parameters: 0.9999999751930737 0.00013230250413972202 -0.00008546947751665705 -0.00013461459921678667 0.9995473929302454 -0.030072970857520587 0.00008175508412059275 0.030072992989396752 0.9995474035400643 -0.06901104532138902 -2.3182757876168836 -0.3233542824498272
FixedParameters: 0 0 0
#Transform 110
Transform: MatrixOffsetTransformBase_double_3_3
Parameters: 0.9999992737077031 0.0007482523201651297 -0.000408831029013847 -0.0007596372619343835 0.999527981720308 -0.030711706433455332 0.00038537199545802376 0.03071230515866069 0.9995283923519401 -0.08601660676941947 -2.388045550562552 -0.31924863386095126
FixedParameters: 0 0 0
#Transform 111
Transform: MatrixOffsetTransformBase_double_3_3
Parameters: 0.999999484220411 0.0005600503849300042 -0.0004490514373276205 -0.0005744446882356244 0.9994999832451329 -0.03161375178690373 0.0004315888364772286 0.03161425125416778 0.9995001109342273 -0.08532960062916572 -2.4508408318238963 -0.3597920330190334
FixedParameters: 0 0 0
#Transform 112
Transform: MatrixOffsetTransformBase_double_3_3
Parameters: 0.9999994539418725 0.0006543918646007022 -0.0003428741487064952 -0.0006650277879301797 0.9995150098501946 -0.031112637910993723 0.0003225870953320766 0.031112331358060075 0.9995160007448671 -0.08066859647746583 -2.421593201928218 -0.3483842816834226
FixedParameters: 0 0 0
#Transform 113
Transform: MatrixOffsetTransformBase_double_3_3
Parameters: 0.9999999155671789 0.00023789641286514743 0.00016717149724867613 -0.00023197249838599734 0.9995122687988746 -0.031232048998007633 -0.0001746819207497824 0.031231968465321114 0.9995122945618097 -0.026833578557301507 -2.4264805832056027 -0.35007332195755225
FixedParameters: 0 0 0
#Transform 114
Transform: MatrixOffsetTransformBase_double_3_3
Parameters: 0.9999999758785599 0.00014027952323782228 -0.0000662995947331939 -0.00014255209519692657 0.9995002346851942 -0.0315989670820766 0.0000620312901144716 0.03159898503533737 0.9995002503464385 -0.05941154442376728 -2.435406515246129 -0.3687533450608953
FixedParameters: 0 0 0
#Transform 115
Transform: MatrixOffsetTransformBase_double_3_3
