#Insight Transform File V1.0
#Transform 0
Transform: MatrixOffsetTransformBase_double_3_3
Parameters: 0.9999989677501206 -0.0007470343488302581 0.0012140232735283003 0.000749777690026322 0.9999966239993208 -0.0023409637085099466 -0.0012126076132659795 0.002342034326298814 0.9999963784904603 0.21141349374263996 -0.48370282568486545 -0.023403679435659797
FixedParameters: 0 0 0
#Transform 1
Transform: MatrixOffsetTransformBase_double_3_3
Parameters: 0.9999985498755659 -0.0005740270093665496 0.0014557705061333242 0.0005771757617331386 0.9999976298676565 -0.002090908650711376 -0.0014554524701152342 0.0020910933899581097 0.9999971754270678 0.21796187938468847 -0.46754417368165235 -0.0026920892633199855
FixedParameters: 0 0 0
#Transform 2
Transform: MatrixOffsetTransformBase_double_3_3
Parameters: 0.9999994478558955 -0.0005714351865539113 0.001107162225053056 0.0005747129696597422 0.9999963237604352 -0.002648239055816959 -0.0011052815715549536 0.0026487614603096232 0.9999960949595492 0.18183929041521196 -0.5102349263416741 -0.01795846855122818
FixedParameters: 0 0 0
#Transform 3
Transform: MatrixOffsetTransformBase_double_3_3
Parameters: 0.9999995447530686 -0.00042230099500911635 0.0005264511978037014 0.0004231078560497593 0.9999975100278177 -0.0019946500423867475 -0.0005253424906356146 0.00199434915225416 0.9999980786578362 0.14579829783613718 -0.4695150080002364 0.01944886353038555
FixedParameters: 0 0 0
#Transform 4
Transform: MatrixOffsetTransformBase_double_3_3
Parameters: 0.9999993653467923 -0.00038218578036325947 0.001219819588475649 0.0003851391319499653 0.9999956879301641 -0.002798403417569928 -0.0012194046221702187 0.002798593763711499 0.9999950141831642 0.18916790063033773 -0.4766216582246443 -0.05002331760263701
FixedParameters: 0 0 0
#Transform 5
Transform: MatrixOffsetTransformBase_double_3_3
Parameters: 0.9999993744521868 -0.0005474430006378032 0.0011511543451520894 0.0005521811374621248 0.9999898149457052 -0.004458364890649602 -0.001149495167356335 0.004459629792073483 0.9999887939549058 0.1891849099620515 -0.5885327444534241 -0.1426380952609918
FixedParameters: 0 0 0
#Transform 6
Transform: MatrixOffsetTransformBase_double_3_3
Parameters: 0.9999992887707166 -0.000020145989749328615 0.0013078996765052804 0.000026770587549750192 0.9999850560608485 -0.005441839863456921 -0.0013079498262649882 0.005441155716009727 0.9999840124260679 0.18672509425982753 -0.6518328102220963 -0.14871676230129083
FixedParameters: 0 0 0
#Transform 7
Transform: MatrixOffsetTransformBase_double_3_3
Parameters: 0.9999991496037914 -0.000269616648623702 0.0013333840465380017 0.000276541815521101 0.999989005774784 -0.004752510734928994 -0.0013318073290192543 0.004752493042333328 0.9999879710227896 0.2010469649099491 -0.6385167958420723 -0.12439281100179755
FixedParameters: 0 0 0
#Transform 8
Transform: MatrixOffsetTransformBase_double_3_3
Parameters: 0.9999988947762101 -0.00012760097533042651 0.0010435808516424214 0.00013328617041161606 0.9999883826970606 -0.004857862861999074 -0.0010427549047318956 0.004858134983050877 0.9999873114699489 0.15527531900349345 -0.6105133651643229 -0.1358142192326568
FixedParameters: 0 0 0
#Transform 9
Transform: MatrixOffsetTransformBase_double_3_3
Parameters: 0.9999988158471049 -0.00012742816902659606 0.0014721213134226791 0.00013674135402015318 0.9999823252460911 -0.005869341410622397 -0.0014718104105169558 0.00586965128037098 0.9999815879525464 0.19088411214980283 -0.7105879317858523 -0.14133940596278194
FixedParameters: 0 0 0
#Transform 10
Transform: MatrixOffsetTransformBase_double_3_3
Parameters: 0.9999990191440674 -0.000036922429987407764 0.0014069033531192432 0.00004579094705873963 0.999982493415467 -0.005856479172808848 -0.0014067243819372893 0.005856516555433122 0.9999819279470723 0.16838042807941633 -0.6844962994087638 -0.2173383979499306
FixedParameters: 0 0 0
#Transform 11
Transform: MatrixOffsetTransformBase_double_3_3
Parameters: 0.9999991415713884 0.00016732693985084312 0.0009112502280106528 -0.0001618601026072581 0.9999838526085699 -0.005755152575956046 -0.0009122952301666599 0.005754852392720444 0.9999830483215395 0.12944679304550277 -0.7388416592391778 -0.1599854276622068
FixedParameters: 0 0 0
#Transform 12
Transform: MatrixOffsetTransformBase_double_3_3
Parameters: 0.9999994394209248 0.00008803917793986398 0.000743533627590902 -0.0000839319608007196 0.9999845992422255 -0.0055130602549023355 -0.0007439889620598569 0.0055129323135940655 0.9999840534114591 0.1275558921651907 -0.7058205157161268 -0.16631369708656507
FixedParameters: 0 0 0
#Transform 13
Transform: MatrixOffsetTransformBase_double_3_3
Parameters: 0.9999994325461367 0.000011397542209541845 0.0007529608827792601 -0.000007241307957353637 0.9999834885526747 -0.005712674268563311 -0.000753508828792152 0.00571332672459246 0.9999836667081339 0.12853846671228553 -0.7073249204442078 -0.14293737787048144
FixedParameters: 0 0 0
#Transform 14
Transform: MatrixOffsetTransformBase_double_3_3
Parameters: 0.9999997442416896 -0.00030613019570276324 0.0010781914508828248 0.00031203341847310775 0.999981516889107 -0.006004535998792471 -0.0010760760359528009 0.0060044563361918435 0.9999811186857002 0.14780328714260804 -0.7392662311494078 -0.20777666881414802
FixedParameters: 0 0 0
#Transform 15
Transform: MatrixOffsetTransformBase_double_3_3
Parameters: 0.999999328155697 0.0003004480452756209 0.0012576447209813105 -0.000292506203929181 0.999980776191916 -0.006266045505070705 -0.0012594405060673945 0.0062659657332787 0.9999800255781635 0.15200930784968136 -0.784883777569533 -0.17504761064950003
FixedParameters: 0 0 0
#Transform 16
Transform: MatrixOffsetTransformBase_double_3_3
Parameters: 0.9999987285539818 -0.00015099284230361647 0.0014995684931709747 0.00015989857514005 0.9999828310467764 -0.005938437235017635 -0.0014986049954811515 0.00593956978919391 0.9999813533619981 0.17890157904398052 -0.7401543434332396 -0.1975732524511784
FixedParameters: 0 0 0
#Transform 17
Transform: MatrixOffsetTransformBase_double_3_3
Parameters: 0.9999998856859587 -0.00031177321698429023 0.001008495576633761 0.0003177613196302803 0.9999815973549359 -0.005997552473984424 -0.0010066730355167617 0.005997441274711857 0.9999813476890985 0.1578517209105712 -0.7376140835261111 -0.1872501308581036
FixedParameters: 0 0 0
#Transform 18
Transform: MatrixOffsetTransformBase_double_3_3
Parameters: 0.9999985823327768 -0.0003021004089166822 0.0015255498440951887 0.0003117445839653401 0.9999783648221259 -0.0065060682365774 -0.0015230161782835074 0.006506924938903369 0.9999775475234773 0.17808513452925467 -0.7683759928636817 -0.17514640632725786
FixedParameters: 0 0 0
#Transform 19
Transform: MatrixOffsetTransformBase_double_3_3
Parameters: 0.9999990503431107 -0.00011705322722684915 0.0013913340805161735 0.00012654982364273984 0.9999783801698849 -0.006612499064460875 -0.001390606022057845 0.0066135044043139635 0.9999772056138138 0.1801562021983898 -0.7842985856563374 -0.23399197786142167
FixedParameters: 0 0 0
#Transform 20
Transform: MatrixOffsetTransformBase_double_3_3
Parameters: 0.9999990725643698 0.00005082261169942181 0.0013874389465266636 -0.00004015987994698741 0.9999731199635553 -0.007257597594548193 -0.001387691226929921 0.007257392359527881 0.9999726086236049 0.17225436856733722 -0.8467350878059889 -0.2277293544433121
FixedParameters: 0 0 0
#Transform 21
Transform: MatrixOffsetTransformBase_double_3_3
Parameters: 0.9999972885692459 -0.00026879620588993387 0.0021543405474314784 0.00028459655742786973 0.9999720732974717 -0.007503819294200853 -0.002151376154623734 0.007504186227890841 0.9999695934802009 0.23924540408634698 -0.8765748959914887 -0.18742203550894487
FixedParameters: 0 0 0
#Transform 22
Transform: MatrixOffsetTransformBase_double_3_3
Parameters: 0.9999987171822162 -0.00019768544962824183 0.001801132412534621 0.00021071470231053937 0.9999730739728311 -0.0073261696524254405 -0.0017994645851816303 0.007326825916470436 0.9999712865085405 0.2201637359110009 -0.8383038034162666 -0.23884649652069356
FixedParameters: 0 0 0
#Transform 23
Transform: MatrixOffsetTransformBase_double_3_3
Parameters: 0.9999976322070772 -0.0005953691601031548 0.002003344702144925 0.000611432042089588 0.9999680520121856 -0.007939202849094995 -0.001998466974953036 0.007940793118218548 0.9999664909020134 0.23812230095080622 -0.9167184010609546 -0.26570815479169596
FixedParameters: 0 0 0
#Transform 24
Transform: MatrixOffsetTransformBase_double_3_3
Parameters: 0.9999984906746379 -0.000310921554932027 0.001847470369522956 0.0003258663068055512 0.9999644183744965 -0.008362819063571725 -0.0018446241080702426 0.008363170153814548 0.9999631902840214 0.22065584068954536 -0.9513928556653397 -0.25833154007119674
FixedParameters: 0 0 0
#Transform 25
Transform: MatrixOffsetTransformBase_double_3_3
Parameters: 0.9999981935863381 -0.00019238917037040274 0.001941751228040237 0.00020835466280515107 0.9999644126905771 -0.008367015963473612 -0.0019395864843918783 0.008366969219991693 0.9999627650584609 0.22322296128518815 -0.9521037582345713 -0.20532344531304147
FixedParameters: 0 0 0
#Transform 26
Transform: MatrixOffsetTransformBase_double_3_3
Parameters: 0.9999979691071902 -0.0002994307106170481 0.0019850619411880743 0.0003166286531797717 0.9999621087797729 -0.008674798828768204 -0.0019827742997434866 0.008675196586448608 0.9999603461337708 0.22627753783993398 -0.9762477810989836 -0.21095100851835014
FixedParameters: 0 0 0
#Transform 27
Transform: MatrixOffsetTransformBase_double_3_3
Parameters: 0.9999986368358109 -0.00025475631244620934 0.001516231922235761 0.0002677915700263778 0.9999650287958399 -0.008400478745677842 -0.0015135232661788282 0.008400524830345257 0.9999634686361645 0.19747639615366097 -0.9561113548777342 -0.24483808229680903
FixedParameters: 0 0 0
#Transform 28
Transform: MatrixOffsetTransformBase_double_3_3
Parameters: 0.9999984625361346 -0.00039084488628112054 0.001839684010627193 0.0004061556582090737 0.9999686587718251 -0.007990142750999074 -0.0018365082454540496 0.007990862213086092 0.9999661053933172 0.22227078021063562 -0.9376623416668153 -0.25093182049255347
FixedParameters: 0 0 0
#Transform 29
Transform: MatrixOffsetTransformBase_double_3_3
Parameters: 0.9999978704691812 -0.00006871920029951489 0.0017675353467451276 0.0000832874159197865 0.9999671606272487 -0.008162411648680035 -0.001767262208793471 0.008162601312241669 0.9999654545997824 0.21193743611411264 -0.9417950879910251 -0.21524724487758817
FixedParameters: 0 0 0
#Transform 30
Transform: MatrixOffsetTransformBase_double_3_3
Parameters: 0.999999580920596 -0.000010471129510063442 0.001191193691977491 0.000021811156510594742 0.9999566641904413 -0.00928052159781445 -0.0011910635250432225 0.00928048104867163 0.999956657575007 0.17175407487903271 -0.9802566478621557 -0.285713042510622
FixedParameters: 0 0 0
#Transform 31
Transform: MatrixOffsetTransformBase_double_3_3
Parameters: 0.9999992063137431 -0.00021790869550199877 0.0013212164649708854 0.00023055423685757877 0.9999539640069943 -0.00962558112738826 -0.0013195150156183452 0.009625427735886705 0.9999529373458075 0.17289011003407495 -1.0516972731337404 -0.29188567872188287
FixedParameters: 0 0 0
#Transform 32
Transform: MatrixOffsetTransformBase_double_3_3
Parameters: 0.9999980856638764 0.000002043790162169928 0.0019784447024724407 0.00001749867514795622 0.9999514962718159 -0.009819187081804792 -0.0019784110768381923 0.009819805186359887 0.99994973947015 0.21589187303919743 -1.0711512917373938 -0.2372216314417699
FixedParameters: 0 0 0
#Transform 33
Transform: MatrixOffsetTransformBase_double_3_3
Parameters: 0.9999995211076376 -0.0002303381641053908 0.001193932975205905 0.00024270884560791174 0.9999534510874151 -0.009606256573314764 -0.0011917831273233928 0.00960674186051852 0.9999534960243002 0.1649474612006827 -1.0399967986272571 -0.26463568435258367
FixedParameters: 0 0 0
#Transform 34
Transform: MatrixOffsetTransformBase_double_3_3
Parameters: 0.9999980692913012 -0.00013212660367557133 0.0019781583051127994 0.00015054993780409375 0.9999553000076454 -0.00939479743289695 -0.0019769115831354224 0.0093951985014607 0.9999542332031708 0.223920294838166 -1.0177725457081763 -0.2705852865080942
FixedParameters: 0 0 0
#Transform 35
Transform: MatrixOffsetTransformBase_double_3_3
Parameters: 0.9999977715061015 -0.00020288104718569212 0.0020463375813954045 0.00022177363508162832 0.9999599530449574 -0.0089699811747731 -0.002044294166606135 0.008970025270647108 0.9999578931962457 0.21657208487846447 -1.007130828825126 -0.24488354341238505
FixedParameters: 0 0 0
#Transform 36
Transform: MatrixOffsetTransformBase_double_3_3
Parameters: 0.9999977772198262 -0.00003075613268878081 0.0020551151805185876 0.0000496753673058535 0.9999596373245566 -0.008990329732119717 -0.0020539327342695905 0.008989670513958992 0.9999574962565935 0.21661694287919886 -0.994365498655192 -0.23231429863128028
FixedParameters: 0 0 0
#Transform 37
Transform: MatrixOffsetTransformBase_double_3_3
Parameters: 0.9999980863422283 -0.000020066119840755382 0.00221637654052839 0.00003947017532354215 0.999959134740291 -0.009025014483588112 -0.0022165348394566154 0.009024988497334907 0.9999570468074547 0.2239477795681637 -1.0035313762218365 -0.18805606485977933
FixedParameters: 0 0 0
#Transform 38
Transform: MatrixOffsetTransformBase_double_3_3
Parameters: 0.9999967772539503 -0.00013814759506881945 0.0026838496318958936 0.00016543562475757317 0.9999506822312684 -0.009993676117759198 -0.0026825300758468304 0.00999433275890449 0.9999463295132727 0.2506760290767147 -1.0555122847104315 -0.2571724899820538
FixedParameters: 0 0 0
#Transform 39
Transform: MatrixOffsetTransformBase_double_3_3
Parameters: 0.9999980723534018 -0.00022140500067360824 0.0022086198136886397 0.0002453165067348248 0.9999367946410546 -0.011251897307997527 -0.002206373592317852 0.01125210313040853 0.9999340543720261 0.24076270033202718 -1.1479490835025103 -0.32324237850718873
FixedParameters: 0 0 0
#Transform 40
Transform: MatrixOffsetTransformBase_double_3_3
Parameters: 0.9999972188844479 -0.00010344120641222446 0.002184521848606513 0.00012572370019451576 0.9999497638366102 -0.010034160836231043 -0.0021825611818986398 0.010033836765688753 0.9999470874506565 0.2310521773421499 -1.1037927786310533 -0.25690579390172275
FixedParameters: 0 0 0
#Transform 41
Transform: MatrixOffsetTransformBase_double_3_3
Parameters: 0.999996344763629 -0.00012507444688854698 0.0025763817235539216 0.00015007088354903917 0.999951643775177 -0.009783263901983363 -0.002575761069444883 0.009783735813091443 0.9999492623474592 0.24475793067679774 -1.041300420063962 -0.21375332820284143
FixedParameters: 0 0 0
#Transform 42
Transform: MatrixOffsetTransformBase_double_3_3
Parameters: 0.999997481309511 0.00010882572001612474 0.0021229008455998753 -0.0000860309058962124 0.9999440885130324 -0.010574411891435098 -0.002124009344277272 0.01057458563184066 0.9999417462173104 0.232555681659818 -1.1295200187953398 -0.3025530426337184
FixedParameters: 0 0 0
#Transform 43
Transform: MatrixOffsetTransformBase_double_3_3
Parameters: 0.9999966762189222 -0.00018948829526136248 0.0025077820615415007 0.0002125369090515384 0.9999556923461872 -0.009408451437846743 -0.002505493303960732 0.009408555773393112 0.9999529398625907 0.2547646324494508 -1.059692109897064 -0.22313951010022492
FixedParameters: 0 0 0
#Transform 44
Transform: MatrixOffsetTransformBase_double_3_3
Parameters: 0.9999978309611435 -0.00015397320202192356 0.002268491144984471 0.00017589735938251157 0.9999532042724938 -0.009661705492932271 -0.0022665769127728393 0.009662295559692557 0.9999509135913629 0.24213494382001954 -1.0725245246317527 -0.20518063715863377
FixedParameters: 0 0 0
#Transform 45
Transform: MatrixOffsetTransformBase_double_3_3
Parameters: 0.9999970454124882 -0.0003408662432339676 0.0026155153496226716 0.0003672278421578431 0.9999480533717008 -0.010152020907419457 -0.002610974912420299 0.010152967966248982 0.9999448399703772 0.2680549586371228 -1.0836687537949103 -0.214505689345458
FixedParameters: 0 0 0
#Transform 46
Transform: MatrixOffsetTransformBase_double_3_3
Parameters: 0.9999970151623617 -0.00019676399199843324 0.0026355066616601053 0.0002243291607033208 0.9999445774648604 -0.010476061167497885 -0.002633386946351614 0.01047693364991148 0.9999419172404497 0.2548418492373514 -1.0986224417793622 -0.2811832790652318
FixedParameters: 0 0 0
#Transform 47
Transform: MatrixOffsetTransformBase_double_3_3
Parameters: 0.9999945183209757 -0.00013653565767072465 0.0032349608639744743 0.00016710084925384707 0.9999543235756811 -0.009576001351263408 -0.003232918188269987 0.009576000957579212 0.9999487904860633 0.2938773581178111 -1.0599323845923223 -0.19584998113015217
FixedParameters: 0 0 0
#Transform 48
Transform: MatrixOffsetTransformBase_double_3_3
Parameters: 0.9999959170705983 -0.000021657821733386644 0.002843289931906159 0.00004977537435610044 0.9999505311385563 -0.010008652396560569 -0.002842285006487783 0.01000936406547337 0.9999460201826798 0.27120385126340807 -1.0633564234073987 -0.18165236547582708
FixedParameters: 0 0 0
#Transform 49
Transform: MatrixOffsetTransformBase_double_3_3
Parameters: 0.9999949239662185 -0.00008646760426119491 0.003173433918163692 0.00011736466323207323 0.9999536839456084 -0.009610163379060288 -0.003171762593806281 0.00960982771409935 0.9999485311765528 0.28464710654168357 -1.015823581350034 -0.2056038932937554
FixedParameters: 0 0 0
#Transform 50
Transform: MatrixOffsetTransformBase_double_3_3
Parameters: 0.9999964565351249 0.00007165382332582492 0.0027453128963519243 -0.000041950460153954996 0.9999393456935624 -0.011056235726951913 -0.0027464998234451466 0.011055765803942685 0.9999346326208273 0.25549432072830314 -1.1014080503124006 -0.2660940388581423
FixedParameters: 0 0 0
#Transform 51
Transform: MatrixOffsetTransformBase_double_3_3
Parameters: 0.999993661771399 0.00044516242400460576 0.0034840905131231985 -0.0004095578802694773 0.9999472755686954 -0.010256438562100845 -0.0034887783783054383 0.010254554709278663 0.9999410295312539 0.2998132725242044 -1.1232571183923028 -0.18408295460946533
FixedParameters: 0 0 0
#Transform 52
Transform: MatrixOffsetTransformBase_double_3_3
Parameters: 0.9999949030034733 0.000019963661211045347 0.0033311368145800763 0.000017070302553985013 0.9999388147815553 -0.011021828538943457 -0.0033311842578269764 0.011022169590300168 0.9999341112209446 0.28194793078600355 -1.1158787050838441 -0.20491796467121048
FixedParameters: 0 0 0
#Transform 53
Transform: MatrixOffsetTransformBase_double_3_3
Parameters: 0.9999961278382724 -0.0001211527349826248 0.002802689849632148 0.00015572832960434018 0.9999221672462844 -0.012457229388448787 -0.002801837970447263 0.012457768389724178 0.999918569353531 0.2646469441404804 -1.2585272678030748 -0.27369741437718176
FixedParameters: 0 0 0
#Transform 54
Transform: MatrixOffsetTransformBase_double_3_3
Parameters: 0.999994009854676 0.0002307617790200607 0.0034549354275248854 -0.00019089158037645016 0.999933819261398 -0.011522683190922922 -0.0034574485023768572 0.011522321985413697 0.9999276449109569 0.3001368584755255 -1.2441947484045954 -0.17643064773002948
FixedParameters: 0 0 0
#Transform 55
Transform: MatrixOffsetTransformBase_double_3_3
Parameters: 0.9999951920076142 -0.0000255442174276171 0.0029678672830795493 0.00005446054847629292 0.9999540065970081 -0.009565166580426554 -0.0029671688032315143 0.00956583365053948 0.9999501832388615 0.27261614155983693 -1.047464639727174 -0.18028978782743366
FixedParameters: 0 0 0
#Transform 56
Transform: MatrixOffsetTransformBase_double_3_3
Parameters: 0.9999936989517363 0.0007613312545617942 0.003566349190650217 -0.0007169596418314955 0.9999214963288754 -0.012498054795254454 -0.0035762446321313526 0.012495949844595455 0.9999158393119674 0.3131215323577692 -1.2517673348354919 -0.281301594804404
FixedParameters: 0 0 0
#Transform 57
Transform: MatrixOffsetTransformBase_double_3_3
Parameters: 0.9999923487369375 0.0006717980059797013 0.0037684016539651847 -0.0006259763627737971 0.9999237182480342 -0.012319733617165318 -0.003776030074991739 0.012317267158805822 0.9999171269688154 0.33589244955584263 -1.2771695001999035 -0.1791014908390025
FixedParameters: 0 0 0
#Transform 58
Transform: MatrixOffsetTransformBase_double_3_3
Parameters: 0.9999921342889664 0.0007340052352638931 0.003915156538509112 -0.0006837509378182118 0.9999180912146465 -0.012780060823397554 -0.003923845054071219 0.012776932902052174 0.9999104484016813 0.33396408913674236 -1.2533673381104222 -0.26081678439533107
FixedParameters: 0 0 0
#Transform 59
Transform: MatrixOffsetTransformBase_double_3_3
Parameters: 0.9999953264231178 0.0006553594690737474 0.003040461543956302 -0.0006283898939166763 0.9999625026038028 -0.008657366943742584 -0.0030460355463071166 0.008654635211010675 0.9999579679594658 0.2792564331669496 -1.0427797324544414 -0.15423207322834287
FixedParameters: 0 0 0
#Transform 60
Transform: MatrixOffsetTransformBase_double_3_3
Parameters: 0.9999933045917387 0.0007715851558709548 0.0034784145217580578 -0.0007342018890564848 0.9999415120760039 -0.010772364211635632 -0.0034866830636834014 0.01076962823478056 0.9999357562484952 0.3085871151627657 -1.1490330844426353 -0.2559809688307837
FixedParameters: 0 0 0
#Transform 61
Transform: MatrixOffsetTransformBase_double_3_3
Parameters: 0.9999906091549992 0.0011772095260132586 0.004124084675333587 -0.0011285163925706845 0.9999291006468413 -0.011836506164092153 -0.00413691484078166 0.011831489767591574 0.9999214103496596 0.35873156261544636 -1.2340457001525778 -0.1503160594815256
FixedParameters: 0 0 0
#Transform 62
Transform: MatrixOffsetTransformBase_double_3_3
Parameters: 0.9999910725648299 0.0006298236945477648 0.0040657688882351495 -0.0005751896516788119 0.9999096866423443 -0.013436610821893902 -0.0040739056610238225 0.013433390100162756 0.9999013696408378 0.3473545184687339 -1.3250007941719133 -0.2409396689066341
FixedParameters: 0 0 0
#Transform 63
Transform: MatrixOffsetTransformBase_double_3_3
Parameters: 0.9999951308192498 0.0006700731715495958 0.003069546898091493 -0.0006283320090079413 0.9999080690218437 -0.01352119176332739 -0.003077724983516075 0.013519787860069854 0.9999034366205386 0.27421086959734 -1.3478476173960985 -0.2340355611395637
FixedParameters: 0 0 0
#Transform 64
Transform: MatrixOffsetTransformBase_double_3_3
Parameters: 0.9999920866117568 0.0010108110887092926 0.0038586437116878533 -0.0009577970774123088 0.9999042420049793 -0.013826897681921912 -0.0038727800196795463 0.013823128429349185 0.9998975632080123 0.32850300698930823 -1.3547863983981614 -0.19826139245873264
FixedParameters: 0 0 0
#Transform 65
Transform: MatrixOffsetTransformBase_double_3_3
Parameters: 0.999991689672323 0.0009891408760591097 0.003915389246311393 -0.0009368359905901711 0.9999114516164747 -0.013300189190968648 -0.003928634483927254 0.013295809794715119 0.9999035473823843 0.32265478670510106 -1.3166416317648384 -0.19654812559113566
FixedParameters: 0 0 0
#Transform 66
Transform: MatrixOffsetTransformBase_double_3_3
Parameters: 0.9999932340952641 0.0009721666601816949 0.0035804443660582084 -0.000920889001718263 0.9998968569190542 -0.014346940340670411 -0.0035943008074679397 0.014344069032227125 0.9998907677070911 0.3000517873395836 -1.3758667010706631 -0.2518471690438844
FixedParameters: 0 0 0
#Transform 67
Transform: MatrixOffsetTransformBase_double_3_3
Parameters: 0.9999947402499976 0.000780303618679513 0.0032636695186504037 -0.0007346243699441365 0.9999054889856329 -0.013745560508660049 -0.003274043749246945 0.013742449797910616 0.9999004371444216 0.2781064913420437 -1.348788292773392 -0.27297515837227593
FixedParameters: 0 0 0
#Transform 68
Transform: MatrixOffsetTransformBase_double_3_3
Parameters: 0.9999904345440851 0.0015357036821584307 0.004148178004230332 -0.0014767111802722857 0.9998977210652534 -0.014213808634043867 -0.004169448001379463 0.014207199634978407 0.9998908143736293 0.33814233003778327 -1.3828294369099439 -0.21368847084684717
FixedParameters: 0 0 0
#Transform 69
Transform: MatrixOffsetTransformBase_double_3_3
Parameters: 0.9999935976856348 0.0011513435509508357 0.003328064915756501 -0.0011062038723041907 0.9999082780521984 -0.01345530209595075 -0.003343540046281631 0.01345169115585193 0.9999043088962609 0.2780368995925926 -1.3410347284615796 -0.1981615069325926
FixedParameters: 0 0 0
#Transform 70
Transform: MatrixOffsetTransformBase_double_3_3
Parameters: 0.9999914874033411 0.0011978356327026337 0.0038827739906009346 -0.00113673101106163 0.9998786102165182 -0.015520413719210091 -0.003901558617915025 0.015516579807234532 0.9998721986128685 0.31098483980699143 -1.4405395901945042 -0.3095754172173315
FixedParameters: 0 0 0
#Transform 71
Transform: MatrixOffsetTransformBase_double_3_3
Parameters: 0.9999922346047961 0.0012339191624973012 0.0036388473077655094 -0.0011787100790096338 0.9998867736490624 -0.015012944237459358 -0.003657532879541291 0.015008062109623133 0.9998808035899324 0.29543728108805567 -1.4813279593454496 -0.27394064685958597
FixedParameters: 0 0 0
#Transform 72
Transform: MatrixOffsetTransformBase_double_3_3
Parameters: 0.9999928803487762 0.0013433321282360514 0.0036490950120714495 -0.0012855038786377874 0.9998752076404025 -0.015738346962992478 -0.0036696369557343783 0.01573264660817636 0.9998694283589045 0.2847610110001426 -1.5254680761754145 -0.2379854973650879
FixedParameters: 0 0 0
#Transform 73
Transform: MatrixOffsetTransformBase_double_3_3
Parameters: 0.9999938596778174 0.0012496725810587962 0.0034023721728955215 -0.0011920876560891855 0.9998542112285341 -0.017026717494965482 -0.0034236958079628026 0.017022303190777688 0.9998499369843825 0.27231078939090025 -1.6037752933785754 -0.31035369550119185
FixedParameters: 0 0 0
#Transform 74
Transform: MatrixOffsetTransformBase_double_3_3
Parameters: 0.9999901535477526 0.0017960334814963676 0.004077210058587159 -0.0017206429081173954 0.9998314173840807 -0.01828099112420456 -0.004108859102542939 0.018274006669866727 0.9998245430659424 0.31866929745058314 -1.6836906992488707 -0.3444285864600829
FixedParameters: 0 0 0
#Transform 75
Transform: MatrixOffsetTransformBase_double_3_3
Parameters: 0.9999919981334812 0.0011589136009476052 0.0038288817550713805 -0.0010937942372793398 0.9998547512124699 -0.01699151930624948 -0.003847569801027397 0.016987458937231137 0.999847917097102 0.2978063980809509 -1.6076739410045633 -0.32829450504999613
FixedParameters: 0 0 0
#Transform 76
Transform: MatrixOffsetTransformBase_double_3_3
Parameters: 0.9999933477288532 0.001467994856554595 0.003391170774202727 -0.0014075467348669064 0.9998453741063351 -0.017507555106669126 -0.003415877239861506 0.017502432967156756 0.9998410747339297 0.28048696104610826 -1.643126545208915 -0.29779636792767405
FixedParameters: 0 0 0
#Transform 77
Transform: MatrixOffsetTransformBase_double_3_3
Parameters: 0.9999900961285998 0.0017592942016657902 0.004099500460077174 -0.001681794929099567 0.9998209688477205 -0.0188618838963745 -0.004132566023801419 0.018855129595494513 0.9998137741895127 0.31136619322575143 -1.6995903437415478 -0.29651913516863715
FixedParameters: 0 0 0
#Transform 78
Transform: MatrixOffsetTransformBase_double_3_3
Parameters: 0.9999929210018565 0.0015014808920689906 0.0034387457485061867 -0.0014287403455271238 0.9997776923384881 -0.021057867894433424 -0.003469465121107403 0.021053156523799965 0.9997724585726565 0.26524719593453483 -1.873671546411444 -0.3709784603522053
FixedParameters: 0 0 0
#Transform 79
Transform: MatrixOffsetTransformBase_double_3_3
Parameters: 0.9999907455626259 0.0018749377844187174 0.003967338787349618 -0.0017951746665554593 0.9998001181727489 -0.019935570110375778 -0.0040038576008037 0.01992843061567351 0.99979297536855 0.29323107234185386 -1.856405358076799 -0.3616154972262393
FixedParameters: 0 0 0
#Transform 80
Transform: MatrixOffsetTransformBase_double_3_3
Parameters: 0.9999884341477991 0.002273983637354849 0.004288738347093427 -0.002185752703056706 0.9997848376783348 -0.02061198935490899 -0.004334702569556951 0.020602992771136308 0.9997781635291388 0.31358914934347126 -1.8758703623388868 -0.2776917563757877
FixedParameters: 0 0 0
#Transform 81
Transform: MatrixOffsetTransformBase_double_3_3
Parameters: 0.9999921056976837 0.0017634240050309967 0.0034329295013802975 -0.001692860679870759 0.9997879253070104 -0.020506427713334996 -0.0034681471895420357 0.020500577985884283 0.9997843017337938 0.2673227668127254 -1.879373759075179 -0.30353651572144713
FixedParameters: 0 0 0
#Transform 82
Transform: MatrixOffsetTransformBase_double_3_3
Parameters: 0.9999937414210497 0.0014605596214911402 0.0033355346168626823 -0.0013885902353433421 0.9997716494023982 -0.021313443571133683 -0.0033659885259356916 0.021308561217885658 0.9997676683093598 0.26304131406308784 -1.928073447792329 -0.42959152950197677
FixedParameters: 0 0 0
#Transform 83
Transform: MatrixOffsetTransformBase_double_3_3
Parameters: 0.9999940170976448 0.0013444354246693725 0.0031894674993910264 -0.0012730690944745065 0.9997506523504387 -0.022303208126684793 -0.003219445081130891 0.022298818408236387 0.9997465682710348 0.25170087286716125 -2.0525557359308237 -0.35503708396882416
FixedParameters: 0 0 0
#Transform 84
Transform: MatrixOffsetTransformBase_double_3_3
Parameters: 0.9999889657005707 0.0018257969253450102 0.004206910394540824 -0.001726539314698552 0.9997213900720564 -0.023542979356171556 -0.004249212454949384 0.023536034866843414 0.9997141997825598 0.31227373270127146 -2.100176334950234 -0.31187871688823066
FixedParameters: 0 0 0
#Transform 85
Transform: MatrixOffsetTransformBase_double_3_3
Parameters: 0.9999955824854698 0.0012573633710255775 0.0027990981606046245 -0.0011848251254096246 0.9996668545619012 -0.025798916157297902 -0.002831126382614217 0.025796117927733564 0.9996634803703489 0.22332386187062525 -2.2405801399576006 -0.397061302512526
FixedParameters: 0 0 0
#Transform 86
Transform: MatrixOffsetTransformBase_double_3_3
Parameters: 0.9999913470886974 0.0016325426752727542 0.003740402873791935 -0.0015451391194503412 0.9997342268721691 -0.022995097619044724 -0.003776562107945163 0.022989896852734892 0.9997286660527724 0.28860393740137624 -2.0768848235538826 -0.3657949560673899
FixedParameters: 0 0 0
#Transform 87
Transform: MatrixOffsetTransformBase_double_3_3
Parameters: 0.9999897535567615 0.0017148995281123496 0.004278215040371319 -0.0016136741796691251 0.9997197387311846 -0.023621500200426027 -0.004317956342342916 0.023614523336632665 0.9997122328739623 0.312764973025736 -2.0834201235344523 -0.2871975178016726
FixedParameters: 0 0 0
#Transform 88
Transform: MatrixOffsetTransformBase_double_3_3
Parameters: 0.9999885399136353 0.0016653656940607607 0.004437074235904569 -0.0015516056805141472 0.9996736360052396 -0.025519520478947677 -0.004477875330417662 0.025512510207549355 0.9996645512856022 0.32468659394317 -2.1953586936889167 -0.34527659682913736
FixedParameters: 0 0 0
#Transform 89
Transform: MatrixOffsetTransformBase_double_3_3
Parameters: 0.9999896789531851 0.0017995343155475466 0.004133293957255694 -0.0016977364897612366 0.9997021264800773 -0.02433492586584779 -0.004175777834151757 0.024327059253298644 0.9996953764133811 0.3005548920877743 -2.182955409533207 -0.3303917540043244
FixedParameters: 0 0 0
#Transform 90
Transform: MatrixOffsetTransformBase_double_3_3
Parameters: 0.9999898665733925 0.00184201148499526 0.00421184473472291 -0.0017299674237591233 0.9996495901626733 -0.026401013024270448 -0.004259250885680008 0.026393958175114196 0.9996423709225117 0.31049800031809127 -2.2401977720952857 -0.26372137484767677
FixedParameters: 0 0 0
#Transform 91
Transform: MatrixOffsetTransformBase_double_3_3
Parameters: 0.9999887947843803 0.0019288332960159006 0.004413942870223635 -0.0018085124297788917 0.9996317965994783 -0.0270674201647364 -0.004464995000530101 0.02705956887165828 0.9996238555869963 0.32236873755280726 -2.267574660245188 -0.354834429719574
FixedParameters: 0 0 0
#Transform 92
Transform: MatrixOffsetTransformBase_double_3_3
Parameters: 0.999987839421253 0.0019989676648028017 0.004600410058242335 -0.0018794258713390353 0.9996655270725175 -0.02579497618126858 -0.004650695199801884 0.025785031572676698 0.9996568343087084 0.3350908254228955 -2.2080964327254833 -0.4001584768099633
FixedParameters: 0 0 0
#Transform 93
Transform: MatrixOffsetTransformBase_double_3_3
Parameters: 0.9999888031873251 0.0014476794471671454 0.004593356188646212 -0.0013223894024222433 0.9996282001959804 -0.02723346390119935 -0.004631409082962718 0.02722652555629229 0.9996183738808204 0.317873718771466 -2.3179287374207718 -0.2977336880178427
FixedParameters: 0 0 0
#Transform 94
Transform: MatrixOffsetTransformBase_double_3_3
Parameters: 0.99999326297185 0.0010264029063455685 0.003561581998249249 -0.0009238692235909399 0.9995922365272314 -0.028551356592186106 -0.003589157267368703 0.02854763574810909 0.9995855408532043 0.26573198350044436 -2.3566892031226985 -0.31705024868458054
FixedParameters: 0 0 0
#Transform 95
Transform: MatrixOffsetTransformBase_double_3_3
Parameters: 0.9999928353317966 0.0010999242501119337 0.0037358318518602037 -0.0009917367828606 0.9995832090507166 -0.028842321824119166 -0.0037655553518318764 0.028837649595838566 0.9995767835510796 0.26761708424547237 -2.4113878548110677 -0.4005343902111633
FixedParameters: 0 0 0
#Transform 96
Transform: MatrixOffsetTransformBase_double_3_3
Parameters: 0.9999926467578046 0.001175362215610917 0.003601566349627706 -0.0010716420805009918 0.9995901053883086 -0.02862062309411295 -0.0036338974590657065 0.028616412399508073 0.9995841618544596 0.2529434126114438 -2.4141901223153326 -0.3798084192085298
FixedParameters: 0 0 0
#Transform 97
Transform: MatrixOffsetTransformBase_double_3_3
Parameters: 0.9999915569081397 0.00125617451361726 0.003855485734673892 -0.001139155155987031 0.9995443567200936 -0.030179873542413027 -0.003891739221668723 0.030175179398743535 0.9995374132258523 0.26564206625829456 -2.503077544150287 -0.3104556913591239
FixedParameters: 0 0 0
#Transform 98
Transform: MatrixOffsetTransformBase_double_3_3
Parameters: 0.9999913745391122 0.0011786395461564803 0.0039033114146097194 -0.0010567830007048322 0.9995206409260514 -0.03092713127800073 -0.003938142816568875 0.030922872281004876 0.9995145567708285 0.2630119489552669 -2.579337172567577 -0.40115655149310214
FixedParameters: 0 0 0
#Transform 99
Transform: MatrixOffsetTransformBase_double_3_3
Parameters: 0.9999935892288155 0.0010509288339989782 0.003362623106494099 -0.0009475312607531793 0.9995338938555722 -0.030519256650185678 -0.0033929280957483276 0.030515758237386115 0.9995286196444655 0.2365738443268981 -2.5880185244170804 -0.4303106630695481
FixedParameters: 0 0 0
#Transform 100
Transform: MatrixOffsetTransformBase_double_3_3
Parameters: 0.9999919728748623 0.0013840623091577735 0.0037566308614955415 -0.001270998349412575 0.9995508638310078 -0.029950249186667832 -0.003796155435528316 0.029944806954345704 0.999544992305174 0.25313660057710763 -2.558140407292015 -0.3899088244888844
FixedParameters: 0 0 0
#Transform 101
Transform: MatrixOffsetTransformBase_double_3_3
Parameters: 0.9999927641972017 0.0010620506582259262 0.0036205568758330697 -0.0009475847333889509 0.9995095830149355 -0.03130219097460457 -0.003652012984402943 0.03129880159552523 0.9995032516736235 0.2449272733215082 -2.585556987632046 -0.3938481714475017
FixedParameters: 0 0 0
#Transform 102
Transform: MatrixOffsetTransformBase_double_3_3
Parameters: 0.9999958201705123 0.0007685651643680863 0.002930733188892105 -0.0006805152247521651 0.9995568251556988 -0.029760658400772244 -0.0029523933416810383 0.02975831534155754 0.9995523437063474 0.21047584338910497 -2.498234425529688 -0.4851988478769158
FixedParameters: 0 0 0
#Transform 103
Transform: MatrixOffsetTransformBase_double_3_3
Parameters: 0.999991610737569 0.0012119241145049702 0.003989903872287496 -0.0010907866719112832 0.9995407512720365 -0.030285695833951243 -0.004024980543723762 0.030280306801401813 0.9995333105363517 0.26327643577570825 -2.5320297267303147 -0.3614974655013725
FixedParameters: 0 0 0
#Transform 104
Transform: MatrixOffsetTransformBase_double_3_3
Parameters: 0.9999921680478812 0.001139642878719183 0.0038122098763335105 -0.0010223501699662943 0.9995279710366389 -0.030708553195324673 -0.003845366189789319 0.030703447979186227 0.9995210279339991 0.2548944740582897 -2.5503891688756113 -0.5408385483739835
FixedParameters: 0 0 0
#Transform 105
Transform: MatrixOffsetTransformBase_double_3_3
Parameters: 0.9999935116166483 0.0015046309797812848 0.0033498286944761203 -0.0013989606262565931 0.9995029530063417 -0.031511033496957275 -0.003396221407092231 0.03150598159975254 0.9994974872332852 0.22019065265109816 -2.6474330105203308 -0.4039805285588898
FixedParameters: 0 0 0
#Transform 106
Transform: MatrixOffsetTransformBase_double_3_3
Parameters: 0.999996436945022 0.0012979451447298405 0.00242452716744394 -0.0012271033589766921 0.9995751779974402 -0.029135220908971526 -0.0024611594721555743 0.029131796192053028 0.9995723732428243 0.20596447434962784 -2.482354884586684 -0.4495905312869297
FixedParameters: 0 0 0
#Transform 107
Transform: MatrixOffsetTransformBase_double_3_3
Parameters: 0.9999961116214187 0.0011600593117086797 0.0023545045009730164 -0.0010969038558505842 0.9996439447090392 -0.026672803656010602 -0.0023841348527901727 0.026670200146825807 0.9996411734221015 0.19466717551537727 -2.277577920040329 -0.5786279838270616
FixedParameters: 0 0 0
#Transform 108
Transform: MatrixOffsetTransformBase_double_3_3
Parameters: 0.9999958013789338 0.0017708121319579978 0.0024622397377265415 -0.0017067622770781483 0.9996649869464014 -0.02581022298004715 -0.0025071421386372796 0.02580573774290701 0.9996634847666515 0.20650427015732475 -2.3576838779618328 -0.44976655786308584
FixedParameters: 0 0 0
#Transform 109
Transform: MatrixOffsetTransformBase_double_3_3
Parameters: 0.9999901470453132 0.0020286524300513536 0.003966734417045667 -0.0019070314499141606 0.999534764942515 -0.030451812453675786 -0.004027226676849039 0.030444233939675214 0.999528780134162 0.29119226819148025 -2.570943307706642 -0.5393400909717059
FixedParameters: 0 0 0
#Transform 110
Transform: MatrixOffsetTransformBase_double_3_3
Parameters: 0.9999904242441502 0.0022843863766790606 0.003655075578385888 -0.0021708086213616876 0.9995262946203763 -0.030690596632443834 -0.003723025731230005 0.030682392277519843 0.9995223550756439 0.2837533967646948 -2.603798047639316 -0.45410855114803894
FixedParameters: 0 0 0
#Transform 111
Transform: MatrixOffsetTransformBase_double_3_3
Parameters: 0.9999914885310326 0.0022433156174893466 0.0035329059767574816 -0.002126183326982134 0.9994564738108814 -0.03290964742432445 -0.003603922047098618 0.032902364980979315 0.999451808600779 0.26591680272932194 -2.6979207664892897 -0.3969715815389918
FixedParameters: 0 0 0
#Transform 112
Transform: MatrixOffsetTransformBase_double_3_3
Parameters: 0.999988913965968 0.0019389346157274018 0.004162896040902411 -0.0017991137205723606 0.9994469969232905 -0.03321264575921662 -0.004224433659305904 0.03320437583279662 0.9994396873196733 0.29964225156496127 -2.7367406194960466 -0.5057973989024163
FixedParameters: 0 0 0
#Transform 113
Transform: MatrixOffsetTransformBase_double_3_3
Parameters: 0.9999905674216586 0.002065218051923689 0.0037641010339250006 -0.0019412237441015269 0.9994692649225569 -0.03250383739253143 -0.0038292340769647865 0.03249611168560035 0.9994642362859029 0.2833738442116953 -2.6916603855959806 -0.4057166808385375
FixedParameters: 0 0 0
#Transform 114
Transform: MatrixOffsetTransformBase_double_3_3
Parameters: 0.9999902497166877 0.001951247102434223 0.0038659593096178166 -0.0018223396406538731 0.9994509855521816 -0.03308028487336395 -0.003927654376595227 0.03307373196081581 0.9994454786420931 0.29286829645951684 -2.708825496679026 -0.40882447397069654
FixedParameters: 0 0 0
#Transform 115
Transform: MatrixOffsetTransformBase_double_3_3
