#Insight Transform File V1.0
#Transform 0
Transform: MatrixOffsetTransformBase_double_3_3
Parameters: 0.9999970440967229 -0.0011051086362433484 0.002395177171965 0.0011137436032601495 0.9999913194950327 -0.0038868345580770902 -0.0023902357413326087 0.0038891617199717787 0.9999894913613762 0.24522052295020558 -0.581882326802095 -0.14891699074360076
FixedParameters: 0 0 0
#Transform 1
Transform: MatrixOffsetTransformBase_double_3_3
Parameters: 0.999997099451169 -0.000861938096975501 0.0022714142092712547 0.0008734901372126749 0.999985857543245 -0.005232647830610004 -0.0022662380100758384 0.005234348789879606 0.9999834624253151 0.2289571685763292 -0.6474353938317208 -0.28894069573141223
FixedParameters: 0 0 0
#Transform 2
Transform: MatrixOffsetTransformBase_double_3_3
Parameters: 0.9999970091021008 -0.0005928122515126424 0.0023747634653332413 0.0006047223717798429 0.9999877337258717 -0.005002868727671361 -0.00237174359521342 0.005004140874010243 0.9999852049158009 0.2175842867369795 -0.68224991518872 -0.2625201976722167
FixedParameters: 0 0 0
#Transform 3
Transform: MatrixOffsetTransformBase_double_3_3
Parameters: 0.9999970091063674 -0.0005929495750499512 0.0023747273861744454 0.0006045843693892372 0.9999873108103214 -0.004944861808803935 -0.0023717769802569116 0.004946133953699028 0.9999847820042589 0.21699741330877487 -0.657963359528047 -0.20357084506633782
FixedParameters: 0 0 0
#Transform 4
Transform: MatrixOffsetTransformBase_double_3_3
Parameters: 0.9999978326665753 -0.000631975688278001 0.0019409873753217185 0.0006408731134225551 0.9999895256115693 -0.004530179486975483 -0.0019383281135552572 0.004531823944961599 0.9999882468641672 0.179547639231032 -0.6177087872033482 -0.15599374197194038
FixedParameters: 0 0 0
#Transform 5
Transform: MatrixOffsetTransformBase_double_3_3
Parameters: 0.9999988744131635 -0.0009314383229791219 0.0015025219605039545 0.0009378692292904306 0.9999889298192379 -0.004530342980933799 -0.0014988078174524345 0.004531657217403784 0.9999888844282251 0.16345602655806601 -0.580472357191006 -0.19412327946059804
FixedParameters: 0 0 0
#Transform 6
Transform: MatrixOffsetTransformBase_double_3_3
Parameters: 0.9999977750360516 -0.0004090395244459031 0.0020141273317963275 0.0004178107658522353 0.9999911424398453 -0.004244912369532117 -0.002012791188408374 0.004245086226675354 0.9999885923521339 0.18872989859863765 -0.5946587475741936 -0.2271164234428511
FixedParameters: 0 0 0
#Transform 7
Transform: MatrixOffsetTransformBase_double_3_3
Parameters: 0.999998434612645 -0.00020134927590723486 0.00158859581522235 0.00020596790361376244 0.9999958251207393 -0.002966549106929728 -0.0015887631650091255 0.0029664507083582148 0.9999940091981223 0.1732715618607017 -0.4810948067382199 -0.08996276847244644
FixedParameters: 0 0 0
#Transform 8
Transform: MatrixOffsetTransformBase_double_3_3
Parameters: 0.9999988659951029 -0.00035206190334551436 0.0017350299099671822 0.00035828400241896737 0.999993438954325 -0.0034487943959022327 -0.0017335988343128467 0.0034492019225948467 0.9999926357622266 0.1753876391719018 -0.4986626406234791 -0.0964362447766689
FixedParameters: 0 0 0
#Transform 9
Transform: MatrixOffsetTransformBase_double_3_3
Parameters: 0.9999976720390346 -0.00043645175914141295 0.0020338901117130915 0.0004437646657041185 0.9999924829485733 -0.0038445181723447686 -0.002032679514452625 0.003845483465938493 0.9999906208928677 0.18145834968751728 -0.5522704723550618 -0.15196466934023078
FixedParameters: 0 0 0
#Transform 10
Transform: MatrixOffsetTransformBase_double_3_3
Parameters: 0.9999987189157131 -0.0003097646256025382 0.0017845123996568764 0.0003165342930207009 0.99999240118166 -0.003867855247700225 -0.0017836862515385882 0.003868148185719178 0.9999913947364341 0.16550843150946548 -0.5543215500008785 -0.17316065245873347
FixedParameters: 0 0 0
#Transform 11
Transform: MatrixOffsetTransformBase_double_3_3
Parameters: 0.9999989734041791 -0.00015559511450811395 0.001415070196526335 0.00015970415955491037 0.9999976309991492 -0.00223864896673992 -0.0014145851222630895 0.0022383495714370927 0.9999963206263587 0.1430019394477995 -0.47138642040742695 -0.04230539826869517
FixedParameters: 0 0 0
#Transform 12
Transform: MatrixOffsetTransformBase_double_3_3
Parameters: 0.9999987350661828 -0.0002058453675239481 0.0014911593615974596 0.00021119066432124324 0.9999936668182494 -0.003599561586695721 -0.0014897429454638637 0.0035994376635731795 0.9999921553516945 0.13697262855930603 -0.4634072640166025 -0.11929313946913567
FixedParameters: 0 0 0
#Transform 13
Transform: MatrixOffsetTransformBase_double_3_3
Parameters: 0.9999986693912959 0.00016911561896648783 0.0018171263231358268 -0.00016240137664244578 0.9999930016511132 -0.003842843176686206 -0.0018177714221070177 0.003842161690520929 0.9999911379755402 0.14749487188962007 -0.5633092303272207 -0.18036304166318473
FixedParameters: 0 0 0
#Transform 14
Transform: MatrixOffsetTransformBase_double_3_3
Parameters: 0.9999991856194994 -0.00033088872797847074 0.0008395456355946392 0.0003330877878941426 0.9999972322028967 -0.0020795924273960265 -0.0008387423575705127 0.0020794041117323525 0.9999973047724683 0.1053901551891272 -0.47148072296199217 -0.004780364572155804
FixedParameters: 0 0 0
#Transform 15
Transform: MatrixOffsetTransformBase_double_3_3
Parameters: 0.9999992400695771 -0.0002443439350219226 0.0013041263924510682 0.00024797196971208 0.9999950054252555 -0.003098550598053862 -0.0013030423988673046 0.003098446879954919 0.9999940331933038 0.11772577644333637 -0.4549563822561353 -0.0936558988243803
FixedParameters: 0 0 0
#Transform 16
Transform: MatrixOffsetTransformBase_double_3_3
Parameters: 0.9999985282733832 0.00023866702313948823 0.0015538849784926365 -0.0002354076531586765 0.9999971422140611 -0.002365908598366384 -0.0015545136540861641 0.002365092831107196 0.9999961948529557 0.1254700071037007 -0.44210800194116473 -0.04686989678663167
FixedParameters: 0 0 0
#Transform 17
Transform: MatrixOffsetTransformBase_double_3_3
Parameters: 0.9999992487210138 0.00013650149173037525 0.0013166914686669124 -0.00013352355865733461 0.9999969555507989 -0.002195715682875188 -0.00131621409040673 0.0021952812506487174 0.9999966527210226 0.10618655309156111 -0.4701864596222549 0.01658102053448829
FixedParameters: 0 0 0
#Transform 18
Transform: MatrixOffsetTransformBase_double_3_3
Parameters: 0.9999997140776429 -0.00010124386661703881 0.0005253139983909053 0.00010266229897706193 0.9999979675220083 -0.0022409482686183146 -0.0005245003023272246 0.002241055286874294 0.9999977023726767 0.0702777916280013 -0.3780913563032726 -0.014365506011671414
FixedParameters: 0 0 0
#Transform 19
Transform: MatrixOffsetTransformBase_double_3_3
Parameters: 0.9999990126079252 0.00043907722726396607 0.000891858172536428 -0.00043693376022218455 0.9999977370127178 -0.002049058065769882 -0.0008920054386585292 0.0020489432428243415 0.9999978787795804 0.06643520237480516 -0.37981856397540525 -0.04866747694293849
FixedParameters: 0 0 0
#Transform 20
Transform: MatrixOffsetTransformBase_double_3_3
Parameters: 0.9999999329097633 0.0005421477008398721 0.0008790803998476666 -0.0005407646508065475 0.9999982917233686 -0.001848476462355142 -0.0008803681476520613 0.0018475237854451154 0.9999978109702091 0.07195732571526037 -0.4129175971205967 0.00605258726318425
FixedParameters: 0 0 0
#Transform 21
Transform: MatrixOffsetTransformBase_double_3_3
Parameters: 0.9999992638217791 0.0006185309286432133 0.0005946798035497472 -0.0006174522870918152 0.9999970103733711 -0.00217603450390913 -0.0005957216267196979 0.002175965363597543 0.999997783483946 0.028865310145249623 -0.44003271550362655 -0.004642551851844701
FixedParameters: 0 0 0
#Transform 22
Transform: MatrixOffsetTransformBase_double_3_3
Parameters: 0.9999990329330031 0.0006749413533770053 0.0007153197082973176 -0.0006727486361080775 0.9999959857957015 -0.0025861487810205364 -0.0007171571622498924 0.0025858500270307117 0.999996672322844 0.03356794435350707 -0.45625985157146687 -0.049520585553040064
FixedParameters: 0 0 0
#Transform 23
Transform: MatrixOffsetTransformBase_double_3_3
Parameters: 0.9999999343970933 0.0006241943405723457 0.0008218311447815729 -0.0006228295420871832 0.9999977500109822 -0.0019655121396404684 -0.0008235680738568197 0.001964486199914184 0.999997461929863 0.03777717762770294 -0.42183300622963316 -0.028531538879633445
FixedParameters: 0 0 0
#Transform 24
Transform: MatrixOffsetTransformBase_double_3_3
Parameters: 1.0000000592347453 0.0006074295501896007 0.0007565861025126434 -0.0006054499898812267 0.9999987795117952 -0.00168946001810516 -0.0007573437147784577 0.0016885418994903034 0.9999985742723602 0.04541823709237747 -0.4355477621368422 0.026701421062540476
FixedParameters: 0 0 0
#Transform 25
Transform: MatrixOffsetTransformBase_double_3_3
Parameters: 0.9999998664079514 0.0006570771273104055 0.0008378063526716606 -0.0006546324431482175 0.9999955302324375 -0.002915343917195945 -0.0008396262299486915 0.002915655753395696 0.9999953358552176 0.04287389813168829 -0.4394965535988504 -0.07562239905294632
FixedParameters: 0 0 0
#Transform 26
Transform: MatrixOffsetTransformBase_double_3_3
Parameters: 0.9999993130630799 0.0005138697566209511 0.0006500975784754193 -0.0005129196445214062 0.9999986397261472 -0.0014483333125924203 -0.0006512276326724012 0.0014476652089828734 0.9999984799281931 0.03298611300581911 -0.4252248932789726 0.05512883172872307
FixedParameters: 0 0 0
#Transform 27
Transform: MatrixOffsetTransformBase_double_3_3
Parameters: 0.9999993173733674 0.000017068910135623408 0.0008257344106711152 -0.000015437279824229907 0.9999988703767682 -0.001769014292843707 -0.0008263693789338936 0.0017689874293331243 0.99999818826567 0.07854218813591274 -0.3426966407145926 -0.023874207017342997
FixedParameters: 0 0 0
#Transform 28
Transform: MatrixOffsetTransformBase_double_3_3
Parameters: 0.9999991133744617 0.0003872993455542736 0.0008582041809813184 -0.0003861302701750172 0.9999987210921322 -0.0017693329246478706 -0.0008588589025890763 0.0017686688987816335 0.9999981335508132 0.07777711831246847 -0.49150793233831536 0.04139339143759457
FixedParameters: 0 0 0
#Transform 29
Transform: MatrixOffsetTransformBase_double_3_3
Parameters: 0.9999992386536212 0.0007588075297744613 0.001088539254362042 -0.0007580403205512852 0.999999087956609 -0.0012104937527931403 -0.001089661165909828 0.0012095082776273358 0.9999992224925041 0.06555798277679514 -0.36703510942557926 0.0007998926234336068
FixedParameters: 0 0 0
#Transform 30
Transform: MatrixOffsetTransformBase_double_3_3
Parameters: 0.9999994636586966 0.0003027361351667702 0.0006668189009599351 -0.0003019587466915513 0.9999992625004308 -0.0012832018100264464 -0.0006672379860755827 0.001282798452856948 0.9999989089781003 0.06925270976384468 -0.5031598062150024 0.08760595141117733
FixedParameters: 0 0 0
#Transform 31
Transform: MatrixOffsetTransformBase_double_3_3
Parameters: 0.9999991079537407 0.00037004274278672894 0.0013244359703486824 -0.0003669708363607871 0.9999974642587476 -0.002351156233041607 -0.0013260326821802127 0.0023508460326092107 0.9999965892673167 0.07264595797076367 -0.38382482952905406 -0.06366126817525242
FixedParameters: 0 0 0
#Transform 32
Transform: MatrixOffsetTransformBase_double_3_3
Parameters: 0.9999997054843447 0.0004921020849109478 0.0010257067538554216 -0.0004898086671675687 0.9999970566807904 -0.0024822984815252025 -0.001027074135357378 0.002482702649815871 0.9999963231656265 0.0540127519160194 -0.5391321866585699 0.022650511962268638
FixedParameters: 0 0 0
#Transform 33
Transform: MatrixOffsetTransformBase_double_3_3
Parameters: 0.9999992807087507 0.0005158307506120021 0.0006730291460447706 -0.0005154451806333932 0.9999989009827566 -0.0009800136855397379 -0.0006736830588614513 0.000979985795262872 0.9999994589258817 0.0504897115134213 -0.3653566547632039 0.06296472593106728
FixedParameters: 0 0 0
#Transform 34
Transform: MatrixOffsetTransformBase_double_3_3
Parameters: 0.9999986168642042 0.0004065903514049342 0.0017936859902770398 -0.0004018334310879532 0.9999961967958746 -0.0027272645146340646 -0.0017950406764264469 0.0027257349425068855 0.9999945524253468 0.0885454631466871 -0.40031334597931334 -0.08367598460003478
FixedParameters: 0 0 0
#Transform 35
Transform: MatrixOffsetTransformBase_double_3_3
Parameters: 0.9999989482048613 -0.00014954854168384502 0.0017404863766689847 0.0001548202585358417 0.9999939887494304 -0.0034322742002860784 -0.0017401038069802615 0.0034327249280426964 0.9999923952583802 0.11728234280033689 -0.5633437031304425 -0.07180343241958553
FixedParameters: 0 0 0
#Transform 36
Transform: MatrixOffsetTransformBase_double_3_3
Parameters: 0.9999998476142137 -0.00023191942022234772 0.0010482786491503747 0.0002352600307912411 0.9999968910931156 -0.002655755901927348 -0.0010472585407791098 0.002656245382885336 0.9999958478167936 0.09123928260868297 -0.5319075578860648 -0.0018919824514398442
FixedParameters: 0 0 0
#Transform 37
Transform: MatrixOffsetTransformBase_double_3_3
Parameters: 0.999999499845153 0.000017687262149570425 0.0007066910779932351 -0.000015964902301666965 0.999997585819038 -0.0021306790003812193 -0.0007073402560727603 0.002131321726501989 0.9999978316914159 0.06498628656376582 -0.47917127667399484 0.00508138975806105
FixedParameters: 0 0 0
#Transform 38
Transform: MatrixOffsetTransformBase_double_3_3
Parameters: 0.9999985707098077 0.0003386230766258865 0.0018202572857255834 -0.0003318943538734069 0.9999920747291808 -0.0038388152102690754 -0.0018222023219247796 0.0038381816010434333 0.9999910276947294 0.09434372411132586 -0.5554484044903205 -0.1369231571087255
FixedParameters: 0 0 0
#Transform 39
Transform: MatrixOffsetTransformBase_double_3_3
Parameters: 0.9999984327163963 0.00026553833523594724 0.0015801227391163573 -0.0002617551662890797 0.9999959543185827 -0.0027879565147069796 -0.0015807430849324492 0.002787044198958921 0.999994938043226 0.07897869279247516 -0.5501557633037919 -0.04603819006365484
FixedParameters: 0 0 0
#Transform 40
Transform: MatrixOffsetTransformBase_double_3_3
Parameters: 0.9999988989840277 0.0003996764558750024 0.0013934764755579724 -0.00039516392673113803 0.9999952136324236 -0.0029592181181576915 -0.0013944014578678604 0.0029587766697951046 0.9999941739578373 0.06766655385794706 -0.5566585546192186 -0.046931756659176926
FixedParameters: 0 0 0
#Transform 41
Transform: MatrixOffsetTransformBase_double_3_3
Parameters: 0.9999996966379964 0.00021024979581085878 0.0011223964231337304 -0.000207026120660553 0.9999964166572344 -0.002685107242231255 -0.0011224463852977575 0.002683893389025749 0.9999958668682742 0.04944260925964272 -0.5646570713537997 -0.008568803093879751
FixedParameters: 0 0 0
#Transform 42
Transform: MatrixOffsetTransformBase_double_3_3
Parameters: 0.9999983684972539 0.00026792504801899337 0.0016002246678270774 -0.00026078264842884007 0.9999888449915467 -0.004677962040940564 -0.001600778004686242 0.00467703686701465 0.9999877652302387 0.06596246145105056 -0.6387692738927626 -0.17367090354593984
FixedParameters: 0 0 0
#Transform 43
Transform: MatrixOffsetTransformBase_double_3_3
Parameters: 0.9999989773092841 0.00014597378917884294 0.0010005315250830786 -0.00014214837641424115 0.9999939333563608 -0.0034888118534284196 -0.0010014007760142643 0.0034891899619021727 0.9999936976242292 0.028331625956184325 -0.5564327918774126 -0.10693453470864256
FixedParameters: 0 0 0
#Transform 44
Transform: MatrixOffsetTransformBase_double_3_3
Parameters: 0.9999987650737283 0.00033292977705088743 0.001457712991636983 -0.0003287822879847095 0.9999967061686199 -0.002704150577896469 -0.001458075307812477 0.002703852386304495 0.9999954356303936 0.06548088996800061 -0.5523871758475707 -0.044753485716967134
FixedParameters: 0 0 0
#Transform 45
Transform: MatrixOffsetTransformBase_double_3_3
Parameters: 0.9999990154696837 -0.000159774492186809 0.0009789628197708886 0.00015723710263665155 0.9999956456428647 0.0029084887855698183 -0.0009800207011919774 -0.002907511722490652 0.9999954568575581 0.01998400431381242 -0.17990026233786693 -0.15967485713932206
FixedParameters: 0 0 0
#Transform 46
Transform: MatrixOffsetTransformBase_double_3_3
Parameters: 0.9999995380796405 -0.00023217845683537393 0.0006385241435736264 0.0002290186253228237 0.9999866877615167 0.00522115011905 -0.0006401338786230882 -0.005220855226715837 0.9999863322304934 -0.014402713248443888 -0.08999250699200445 -0.18095895059914824
FixedParameters: 0 0 0
#Transform 47
Transform: MatrixOffsetTransformBase_double_3_3
Parameters: 0.9999998579056086 -0.00018794452634985736 0.00032704423183273034 0.00018617881854669349 0.9999867685586789 0.005215065095856286 -0.0003274836187815238 -0.005214942625434371 0.9999866964851738 -0.03445635429568483 -0.10205772740984997 -0.16937435663788847
FixedParameters: 0 0 0
#Transform 48
Transform: MatrixOffsetTransformBase_double_3_3
Parameters: 0.9999999791735691 -0.0001312337345905356 0.000060113964703278536 0.00013104055107389834 0.9999891525999278 0.004564004102770913 -0.00006037678205909186 -0.0045639882731028925 0.9999891661996259 -0.03771123911030827 -0.12650703709104505 -0.10465045336999879
FixedParameters: 0 0 0
#Transform 49
Transform: MatrixOffsetTransformBase_double_3_3
Parameters: 0.9999997829391094 -0.0004487152992574911 0.00012502591480565613 0.0004481906221925641 0.9999877691250088 0.004902055905112723 -0.00012755416743805362 -0.004901942603174003 0.9999879543220943 -0.0361287870183844 -0.0715176660499921 -0.13569619191406446
FixedParameters: 0 0 0
#Transform 50
Transform: MatrixOffsetTransformBase_double_3_3
Parameters: 0.9999977482970503 -0.0013691469873382631 0.0018379425012376134 0.0013612596348085246 0.9999916274414045 0.0038374319553856062 -0.0018433039011661208 -0.0038345637383288 0.9999906909332572 0.15855453384475027 -0.10969391235131809 -0.21836132309871914
FixedParameters: 0 0 0
#Transform 51
Transform: MatrixOffsetTransformBase_double_3_3
Parameters: 0.9999982198745698 -0.0009600246508081615 0.0016906884479327795 0.000953206983181331 0.999991209579387 0.004026873325831848 -0.0016945696120828678 -0.004025125844698441 0.9999905927845905 0.11287689745500984 -0.12682251741242112 -0.17430989316090972
FixedParameters: 0 0 0
#Transform 52
Transform: MatrixOffsetTransformBase_double_3_3
Parameters: 0.9999981652601627 -0.001125678103037137 0.0012523965649186971 0.0011199511686463585 0.999989966994626 0.004395204053092294 -0.0012567958094560716 -0.004393798660496662 0.9999895747791583 0.09637227000982307 -0.10045087537022113 -0.1820583372909823
FixedParameters: 0 0 0
#Transform 53
Transform: MatrixOffsetTransformBase_double_3_3
Parameters: 0.9999981316271885 -0.0011180296888532518 0.0012722608647912918 0.001112256426165603 0.9999906264060844 0.004204214683822927 -0.0012771009017971495 -0.004202783745258787 0.999990166221614 0.08113906373407076 -0.11552405272233557 -0.18731406167358955
FixedParameters: 0 0 0
#Transform 54
Transform: MatrixOffsetTransformBase_double_3_3
Parameters: 0.9999990285967074 -0.0010956290126748697 0.001330709333881631 0.0010900639417002233 0.9999919752832174 0.0038085835553537395 -0.0013354305840797 -0.003806415310851907 0.9999920590787448 0.07571617788835283 -0.15286238806468333 -0.18840703804846726
FixedParameters: 0 0 0
#Transform 55
Transform: MatrixOffsetTransformBase_double_3_3
Parameters: 0.9999990207634661 -0.001125601956462038 0.0008437339761753519 0.0011229473643397405 0.9999917557225426 0.003939747308457919 -0.0008477004151668251 -0.0039392576501785515 0.9999922255653451 0.03915370395310447 -0.1511461668992382 -0.23609915609418408
FixedParameters: 0 0 0
#Transform 56
Transform: MatrixOffsetTransformBase_double_3_3
Parameters: 0.9999983214677552 -0.0011170959427806491 0.0011963682403324251 0.001112825132122172 0.999994363332491 0.003307132190229878 -0.001199783945927565 -0.00330587255382242 0.9999940921608386 0.08409596948578724 -0.18924308354836228 -0.19662831244451695
FixedParameters: 0 0 0
#Transform 57
Transform: MatrixOffsetTransformBase_double_3_3
Parameters: 0.9999978694708825 -0.00175365739772115 0.00023236321473372952 0.0017537678388138001 0.9999964838294898 0.0020457446959920023 -0.00023673680230270128 -0.0020462550822646364 0.9999980133946682 0.006133298502419393 -0.2751778134184235 -0.3567887704448651
FixedParameters: 0 0 0
#Transform 58
Transform: MatrixOffsetTransformBase_double_3_3
Parameters: 0.9999987787249346 -0.001480653783938159 0.00017004466684126705 0.0014801080073011397 0.9999946150399969 0.00301092425024696 -0.00017486598845647036 -0.0030110801638862927 0.9999960313789473 -0.0013154805444060003 -0.2664909911968252 -0.3628378429658312
FixedParameters: 0 0 0
#Transform 59
Transform: MatrixOffsetTransformBase_double_3_3
Parameters: 0.9999985535477371 -0.001562308877786985 -0.00007855516908132415 0.0015622509453848848 0.9999908171469838 0.003993420962078331 0.00007275263066117133 -0.003993578378519769 0.9999918401721923 -0.014177072342306474 -0.18601678028883128 -0.3301634810520113
FixedParameters: 0 0 0
#Transform 60
Transform: MatrixOffsetTransformBase_double_3_3
Parameters: 0.9999981014819124 -0.0017023363312592338 0.000014790570507066379 0.0017024581684602492 0.9999898849958587 0.0040525670039657236 -0.000022269861582532535 -0.004052424943520261 0.9999913708477165 -0.023809567833808387 -0.17229129587833825 -0.31518069031943696
FixedParameters: 0 0 0
#Transform 61
Transform: MatrixOffsetTransformBase_double_3_3
Parameters: 0.999998891148569 -0.0014171181129196062 0.00031753256449606614 0.001415694775520212 0.9999900236253241 0.004104116921158973 -0.00032319650988602645 -0.004103875889966857 0.999991181761591 -0.018895599581441047 -0.19309509398916447 -0.3026102072901722
FixedParameters: 0 0 0
#Transform 62
Transform: MatrixOffsetTransformBase_double_3_3
Parameters: 0.9999983936956471 -0.0015762293621487786 0.00034928713597534523 0.0015747918217225631 0.9999913054169696 0.0037532202344819354 -0.0003551509978335432 -0.0037527768881004953 0.9999929181540107 -0.009352554816331349 -0.17703926630771605 -0.2832571482209403
FixedParameters: 0 0 0
#Transform 63
Transform: MatrixOffsetTransformBase_double_3_3
Parameters: 0.9999984455448686 -0.0014839094118634026 0.000593835322371109 0.00148111489599425 0.9999906013517877 0.004132554246143394 -0.0006004816372642096 -0.00413145015233346 0.9999916971595202 0.006059793941204816 -0.19787689949201592 -0.284443756112978
FixedParameters: 0 0 0
#Transform 64
Transform: MatrixOffsetTransformBase_double_3_3
Parameters: 0.9999978450767625 -0.0017688616841805894 -0.00015923144276071895 0.0017697137962886032 0.9999941324823682 0.0029902638377277135 0.00015403380042395222 -0.002990739134878684 0.9999958263507186 -0.05088564245383509 -0.22354023989974792 -0.34963917750152973
FixedParameters: 0 0 0
#Transform 65
Transform: MatrixOffsetTransformBase_double_3_3
Parameters: 0.9999981415566886 -0.0016899794396249218 0.00004767130963000967 0.0016898443066709569 0.9999902241601731 0.003973752100785655 -0.0000547840897243909 -0.003974245467543658 0.9999923319071433 -0.026341334072327527 -0.18157254919413646 -0.3356239707343036
FixedParameters: 0 0 0
#Transform 66
Transform: MatrixOffsetTransformBase_double_3_3
Parameters: 0.9999983978348851 -0.0018608362984327532 -0.00037338751697769425 0.001862532839866155 0.9999874251219598 0.004758727970229082 0.0003649252233143986 -0.004759278033471814 0.9999886762252981 -0.04765531579730009 -0.1435941843527857 -0.37273325519944933
FixedParameters: 0 0 0
#Transform 67
Transform: MatrixOffsetTransformBase_double_3_3
Parameters: 0.9999982740117785 -0.0016417650123721106 0.00017445835993565388 0.001641031357202559 0.9999872647590838 0.0048218342312256746 -0.00018209934874441 -0.004821170000082531 0.9999885152059125 -0.03707408861907879 -0.18329280343965593 -0.32504373330235126
FixedParameters: 0 0 0
#Transform 68
Transform: MatrixOffsetTransformBase_double_3_3
Parameters: 0.9999986968848786 -0.0018009407340783593 -0.000245299577014752 0.0018016254790861395 0.9999916805657645 0.0035224364188171098 0.00023835072593448228 -0.0035225621140001495 0.9999942002146677 -0.06030312737391341 -0.24311126862172472 -0.35788615706431415
FixedParameters: 0 0 0
#Transform 69
Transform: MatrixOffsetTransformBase_double_3_3
Parameters: 0.9999978484053125 -0.0018550098030701732 -0.0008420391540720572 0.0018587783453706565 0.9999911183613958 0.003754187455959901 0.0008354827391309532 -0.00375581147689924 0.9999925298692618 -0.10030341400485554 -0.2164724880974731 -0.3832013626373225
FixedParameters: 0 0 0
#Transform 70
Transform: MatrixOffsetTransformBase_double_3_3
Parameters: 0.9999985906511901 -0.0018215546969662382 -0.00030194447406133344 0.0018228905589637498 0.9999892186420253 0.004319999153492959 0.00029416494976576476 -0.004321006433265717 0.99999103833872 -0.07211259581706031 -0.1982822533965134 -0.37752859042203113
FixedParameters: 0 0 0
#Transform 71
Transform: MatrixOffsetTransformBase_double_3_3
Parameters: 0.9999986967332254 -0.0018006878138013235 -0.0002471574281640188 0.001801661095776501 0.9999882181334732 0.004554104468536102 0.00023871681750322867 -0.0045549006455563035 0.9999899913866929 -0.04995789234374115 -0.17378355316211014 -0.3374997498307266
FixedParameters: 0 0 0
#Transform 72
Transform: MatrixOffsetTransformBase_double_3_3
Parameters: 0.9999980639406387 -0.0017132854905993209 -0.000013261690365791207 0.001713630453170236 0.9999920444901197 0.003496519465023218 0.0000075981426012702475 -0.003496476242809299 0.9999935683483719 -0.04843698675574615 -0.23602609387975093 -0.4011212401052262
FixedParameters: 0 0 0
#Transform 73
Transform: MatrixOffsetTransformBase_double_3_3
Parameters: 0.9999975715353514 -0.001979347691686706 -0.0007141069475817737 0.0019817424465676642 0.9999949247901867 0.0026498750125287795 0.000708415087205832 -0.0026511224797582944 0.9999955964116127 -0.08937620848777783 -0.29123360669235865 -0.41272414009384306
FixedParameters: 0 0 0
#Transform 74
Transform: MatrixOffsetTransformBase_double_3_3
Parameters: 0.999998419660313 -0.00155138212751819 0.00041600580113636753 0.0015509883659043714 0.9999973900299852 0.001754315333633627 -0.00041864474866156 -0.0017536871561056877 0.999998876585444 -0.017615155080164868 -0.3386619604545871 -0.4784470256694817
FixedParameters: 0 0 0
#Transform 75
Transform: MatrixOffsetTransformBase_double_3_3
Parameters: 0.9999980713658663 -0.001971041160201635 -0.00020872065323143023 0.00197180240483125 0.99999249840689 0.0034676742401151817 0.00020172226697929557 -0.0034683254911163086 0.9999935188163942 -0.037987918422430766 -0.2526631286830181 -0.35994229287157964
FixedParameters: 0 0 0
#Transform 76
Transform: MatrixOffsetTransformBase_double_3_3
Parameters: 0.9999987132915313 -0.0015973475363468628 -0.0008577037421583643 0.0016000077359309437 0.9999931874827132 0.0034523803250880447 0.0008521837451290389 -0.0034536229178978584 0.9999936792890072 -0.10558156691766385 -0.2556887723423955 -0.3893227618231663
FixedParameters: 0 0 0
#Transform 77
Transform: MatrixOffsetTransformBase_double_3_3
Parameters: 0.9999980679948219 -0.0019345131002544659 -0.00043491266795691393 0.0019358026534141335 0.9999946761722379 0.002667575332800376 0.00043032788092723306 -0.0026684252780774242 0.9999961553336725 -0.06707198757581523 -0.2893383974111998 -0.40523611127582626
FixedParameters: 0 0 0
#Transform 78
Transform: MatrixOffsetTransformBase_double_3_3
Parameters: 0.9999984898449578 -0.0015801990074937608 -0.00011901578259368136 0.0015800691707856436 0.9999875873131183 0.004808360464792882 0.00011178592427559638 -0.00480864618843696 0.9999886588591672 -0.03638730819872649 -0.17840310655659408 -0.29610900234220594
FixedParameters: 0 0 0
#Transform 79
Transform: MatrixOffsetTransformBase_double_3_3
Parameters: 0.999997042093404 -0.0024409511988430365 0.000024958945068432313 0.002440456100557101 0.9999918403266381 0.003258150895136369 -0.000033252984916003247 -0.0032578509063599936 0.9999949725450616 -0.007493943849709694 -0.2517923333246017 -0.4493158347405881
FixedParameters: 0 0 0
#Transform 80
Transform: MatrixOffsetTransformBase_double_3_3
Parameters: 0.9999983330735276 -0.0019147494033178707 0.00002905188439800675 0.0019145084949853785 0.9999885133229841 0.004400475060061637 -0.00003735685540166726 -0.004399523462034649 0.9999900995345588 -0.01664319498300415 -0.2187084605710652 -0.34915720313779275
FixedParameters: 0 0 0
#Transform 81
Transform: MatrixOffsetTransformBase_double_3_3
Parameters: 0.9999977303783644 -0.002062671721699175 0.0001240104376558996 0.0020619080198277747 0.9999872184258098 0.004553805500949748 -0.00013331377150844313 -0.004553195846581037 0.9999900429629943 -0.012508519679272467 -0.18793572811179615 -0.27960980168720084
FixedParameters: 0 0 0
#Transform 82
Transform: MatrixOffsetTransformBase_double_3_3
Parameters: 0.9999977735031043 -0.0019501467821522577 -0.000651594747751625 0.0019514362817781715 0.9999941658223211 0.00277348033183783 0.000645935495984564 -0.0027745205791475658 0.9999962174804828 -0.0672298462484946 -0.2383907501172544 -0.4472780587981333
FixedParameters: 0 0 0
#Transform 83
Transform: MatrixOffsetTransformBase_double_3_3
Parameters: 0.9999985470059913 -0.0018583590331315613 0.000014225256689841454 0.0018578902338514608 0.9999884416029108 0.004394573333798502 -0.000022946758649843827 -0.004394425289964643 0.999990481928797 -0.02221923102840151 -0.2016732465803841 -0.3275716056360807
FixedParameters: 0 0 0
#Transform 84
Transform: MatrixOffsetTransformBase_double_3_3
Parameters: 0.9999988387897042 -0.0014692260953119388 -0.000034983278935525814 0.0014701505368161032 0.9999990265598496 -0.0001395120961560914 0.000035036589507076524 0.00013948813143416228 0.9999997733093561 0.0013820784415656817 -0.3755779232126244 -0.6976747218946855
FixedParameters: 0 0 0
#Transform 85
Transform: MatrixOffsetTransformBase_double_3_3
Parameters: 0.9999992193304825 -0.001572997513355435 -0.0005543764636103462 0.0015744808840078318 0.9999910199213912 0.003962671743804547 0.0005483560972347696 -0.00396432819438336 0.9999917805996003 -0.06362592102937015 -0.3846004724620755 -0.3147587090350328
FixedParameters: 0 0 0
#Transform 86
Transform: MatrixOffsetTransformBase_double_3_3
Parameters: 0.9999986833616002 -0.0015466155175906328 -0.0009614301755685698 0.0015501572369394337 0.9999927444433915 0.003538260339942534 0.00095599116801562 -0.003539738285988636 0.9999928897819457 -0.0843581659915742 -0.34668042261564125 -0.36730169125371503
FixedParameters: 0 0 0
#Transform 87
Transform: MatrixOffsetTransformBase_double_3_3
Parameters: 0.9999985246908083 -0.001226537909477314 -0.0009849018047048803 0.0012304146880447006 0.9999938724011046 0.0033280005708848925 0.0009809533752877366 -0.0033290035563904308 0.9999944943766419 -0.06805508486792178 -0.3356218984225521 -0.3637666735899643
FixedParameters: 0 0 0
#Transform 88
Transform: MatrixOffsetTransformBase_double_3_3
Parameters: 0.9999990415328159 -0.0014577073235619185 -0.000913014178164862 0.0014602369025472804 0.9999954039897085 0.0028514175901866445 0.000908921748998172 -0.0028525847787946312 0.9999953696832893 -0.0886528176512229 -0.3371039415617787 -0.40788296978269045
FixedParameters: 0 0 0
#Transform 89
Transform: MatrixOffsetTransformBase_double_3_3
Parameters: 0.9999993825808282 -0.0011191879647967555 -0.0006035942511491638 0.0011228463775287982 0.9999873903958324 0.004968201537970007 0.0005976183979334144 -0.004968802621359958 0.9999876198552806 -0.05068225731619691 -0.204122175213584 -0.32726487343919075
FixedParameters: 0 0 0
#Transform 90
Transform: MatrixOffsetTransformBase_double_3_3
Parameters: 0.9999987575843258 -0.0012258349059851154 -0.0008601353239790964 0.0012294947507903683 0.999988936489016 0.00456982029480657 0.0008547904243100368 -0.004571180155514942 0.9999890419112145 -0.05695002143963279 -0.19320761274746445 -0.33629140384519474
FixedParameters: 0 0 0
#Transform 91
Transform: MatrixOffsetTransformBase_double_3_3
Parameters: 0.9999989406668119 -0.001240828826818864 -0.0007210743042751393 0.0012433805817312676 0.9999926098455082 0.00362997915395169 0.0007162849140684026 -0.00363101901304258 0.9999929696670667 -0.05118342578518309 -0.22216454528641094 -0.3483364485302616
FixedParameters: 0 0 0
#Transform 92
Transform: MatrixOffsetTransformBase_double_3_3
Parameters: 0.9999988898282728 -0.001726233399830668 -0.0003605445660112606 0.0017274489353219073 0.9999934864553937 0.0031199205981449762 0.00035550856114411033 -0.0031210781492260753 0.9999949282737262 0.0032908727881419964 -0.2529241907473221 -0.38748525453451066
FixedParameters: 0 0 0
#Transform 93
Transform: MatrixOffsetTransformBase_double_3_3
Parameters: 0.9999982568654812 -0.0016416823970040297 -0.00022008756793464928 0.001642230236054582 0.9999924814108062 0.0036091851641439354 0.0002139754752474684 -0.0036098189131005265 0.9999937183568013 -0.022579854591896265 -0.28289421263675507 -0.33679072051387493
FixedParameters: 0 0 0
#Transform 94
Transform: MatrixOffsetTransformBase_double_3_3
Parameters: 0.9999980895230969 -0.0017012040433748285 -0.00012511579406356368 0.0017016848997947701 0.9999980635784351 0.0004973269396800206 0.00012435706529930163 -0.0004976724581296499 0.9999995309321191 -0.008262688189489609 -0.4519875452879205 -0.4916096588314076
FixedParameters: 0 0 0
#Transform 95
Transform: MatrixOffsetTransformBase_double_3_3
Parameters: 0.9999990091413152 -0.0017288137029966254 -0.00003753296206887233 0.00172920740085329 0.9999979690167863 0.0004974749454040861 0.00003674680629003685 -0.0004975244294283532 0.9999995451119644 -0.021944778808318688 -0.5307704606484194 -0.4990509138496577
FixedParameters: 0 0 0
#Transform 96
Transform: MatrixOffsetTransformBase_double_3_3
Parameters: 0.9999989161499281 -0.001632432033132828 -0.0006476546963397464 0.0016344926088825752 0.9999921763046339 0.003388815893837438 0.000641745190553509 -0.0033901765905351433 0.9999937623670326 -0.05107299256243891 -0.34803040207724933 -0.30808069134442917
FixedParameters: 0 0 0
#Transform 97
Transform: MatrixOffsetTransformBase_double_3_3
Parameters: 0.9999985136041821 -0.0018161772164699977 -0.0004321265832263418 0.0018185944386805977 0.9999888101504167 0.004268094485106844 0.00042457786487605335 -0.00426890595476298 0.9999912630699729 -0.03331332095299899 -0.28587411553122877 -0.25304277683230225
FixedParameters: 0 0 0
#Transform 98
Transform: MatrixOffsetTransformBase_double_3_3
Parameters: 0.9999980487157873 -0.0019364393499262163 -0.00045004281471075014 0.0019373212340352594 0.9999925232874002 0.003171007027189199 0.00044385511616313976 -0.0031719929090864296 0.9999954085342538 -0.010143871148414974 -0.2980860270139303 -0.32622461962736793
FixedParameters: 0 0 0
#Transform 99
Transform: MatrixOffsetTransformBase_double_3_3
Parameters: 0.9999976785258831 -0.0019918688609037935 -0.0005951510782820217 0.0019931968523166895 0.999994034474051 0.0027675657025094114 0.000590218361360703 -0.002768436625824988 0.9999963203516318 -0.04389144985984217 -0.2981927383152865 -0.2958924260733795
FixedParameters: 0 0 0
#Transform 100
Transform: MatrixOffsetTransformBase_double_3_3
Parameters: 0.9999982908071012 -0.0017732072536799383 -0.0007518949887092986 0.0017766773578957106 0.9999853925280933 0.005024751672631278 0.0007430932917790709 -0.005025247690385981 0.9999873966671575 -0.0381073073060918 -0.18086987340957705 -0.3949148713289219
FixedParameters: 0 0 0
#Transform 101
Transform: MatrixOffsetTransformBase_double_3_3
Parameters: 0.9999980798924424 -0.002137362856745125 -0.000591804164028093 0.002140372142367922 0.9999894343186817 0.004106027052703021 0.0005834948937794632 -0.0041069709541082244 0.9999909187137818 -0.049980878343149016 -0.24266353648469874 -0.3812200359193696
FixedParameters: 0 0 0
#Transform 102
Transform: MatrixOffsetTransformBase_double_3_3
Parameters: 0.9999979458743882 -0.00208503067819967 -0.0008410575604718877 0.0020867470569022307 0.9999937805285835 0.002743997174834145 0.000836060714013731 -0.002746004495604415 0.9999960952437217 -0.07502960398980463 -0.3034110108898602 -0.38627379913418736
FixedParameters: 0 0 0
#Transform 103
Transform: MatrixOffsetTransformBase_double_3_3
Parameters: 0.9999980586008153 -0.0018474520626154682 -0.0007262084800745844 0.0018495121535952188 0.9999956232311206 0.002371407981452467 0.0007222462960723804 -0.0023725944629198747 0.999997182569079 -0.0711167343727368 -0.34946495194331817 -0.4165230219877287
FixedParameters: 0 0 0
#Transform 104
Transform: MatrixOffsetTransformBase_double_3_3
Parameters: 0.9999972777523095 -0.0018805740879776728 -0.00108831103533345 0.0018839330659405889 0.9999944387764602 0.002609034152502021 0.0010836494147096912 -0.0026109648460969637 0.9999962147392439 -0.10548931581143961 -0.32275879795673035 -0.39167202510793686
FixedParameters: 0 0 0
#Transform 105
Transform: MatrixOffsetTransformBase_double_3_3
Parameters: 0.999997430571994 -0.0020377764045706394 -0.0011903553663046764 0.002040926543497954 0.9999942606679544 0.0026903234638609996 0.0011848959737868615 -0.0026936764840906346 0.9999956761301292 -0.10032482501452478 -0.3427570607095731 -0.46563845330965137
FixedParameters: 0 0 0
#Transform 106
Transform: MatrixOffsetTransformBase_double_3_3
Parameters: 0.9999973517861603 -0.0018909071807306425 -0.0010359122548328657 0.0018940295698956862 0.999993586311885 0.0030807911428182844 0.0010297675459856976 -0.0030832094212352446 0.9999947679573689 -0.11406074800160582 -0.34172005405857675 -0.43102411511512173
FixedParameters: 0 0 0
#Transform 107
Transform: MatrixOffsetTransformBase_double_3_3
Parameters: 0.9999976854863345 -0.0017748527694616064 -0.0010795861286162763 0.0017786216053163727 0.9999918713968788 0.0036918340315154063 0.0010723403325471606 -0.003694166482910266 0.9999925374672732 -0.11209809263564807 -0.28647828651644147 -0.3639990380196707
FixedParameters: 0 0 0
#Transform 108
Transform: MatrixOffsetTransformBase_double_3_3
Parameters: 0.9999984512341474 -0.001638966704649187 -0.0009289833171004346 0.0016417576803823303 0.9999944240420019 0.0029455604240378186 0.0009235478394852265 -0.002946441750300177 0.9999956693010346 -0.10633277156134113 -0.35370558391949203 -0.3946865185171191
FixedParameters: 0 0 0
#Transform 109
Transform: MatrixOffsetTransformBase_double_3_3
Parameters: 0.9999979119483173 -0.0017573618797266692 0.000027872544465332703 0.0017567544258577272 0.9999978351873077 0.0005325888203120965 -0.00002845286523472219 -0.0005324109059294813 0.9999995096482407 -0.03384964355535658 -0.44556860951090016 -0.5143837286024961
FixedParameters: 0 0 0
#Transform 110
Transform: MatrixOffsetTransformBase_double_3_3
Parameters: 0.9999978978220337 -0.0018604412352961623 -0.0008006101640688404 0.0018616491408827136 0.9999979553443058 0.0011162580975726533 0.0007977435300003102 -0.001117741750821355 0.9999994470968064 -0.08782078373036484 -0.4315744609315004 -0.3950754316927032
FixedParameters: 0 0 0
#Transform 111
Transform: MatrixOffsetTransformBase_double_3_3
Parameters: 0.9999979120664128 -0.00201545365367747 0.00015907762003130807 0.002015582977108125 0.9999975116095272 0.000710527904498881 -0.00016100746129069676 -0.0007104703512186283 0.9999993908366591 -0.014699400373501703 -0.44355158977391085 -0.5429268309338511
FixedParameters: 0 0 0
#Transform 112
Transform: MatrixOffsetTransformBase_double_3_3
Parameters: 0.9999973958662955 -0.0021310962354480515 0.00024799709261662966 0.002131194232036331 0.9999970178909245 0.0012327377978285647 -0.00025138195635747933 -0.0012322611285106033 0.9999993398594733 -0.025170336782338154 -0.4826235757924735 -0.4794516113418297
FixedParameters: 0 0 0
#Transform 113
Transform: MatrixOffsetTransformBase_double_3_3
Parameters: 0.9999972424460714 -0.002180540451061174 -0.00005613608118591328 0.002180445843124912 0.9999973303404984 0.0011519596245636587 0.000053337371661298506 -0.0011520404363859482 0.9999992578934664 -0.050907343056678656 -0.4949856284357139 -0.4540757488812517
FixedParameters: 0 0 0
#Transform 114
Transform: MatrixOffsetTransformBase_double_3_3
