#Insight Transform File V1.0
#Transform 0
Transform: MatrixOffsetTransformBase_double_3_3
Parameters: 0.9999995898232087 0.00022457725911971852 -0.0005994115133484938 -0.00022342125034183162 0.9999970329054882 0.0026301367698387183 0.0006005897541413407 -0.0026298679696578407 0.9999967230802798 -0.029122515555599193 -0.06413005636844105 -0.27781588372315014
FixedParameters: 0 0 0
#Transform 1
Transform: MatrixOffsetTransformBase_double_3_3
Parameters: 0.9999998167379653 0.0003567714539244266 -0.00023684163336654823 -0.000356230949327528 0.9999943103850721 0.003250082542130135 0.00023715889312993994 -0.0032499135602561593 0.9999943813090193 -0.0012949676425364487 -0.02103142196139629 -0.3143952195588753
FixedParameters: 0 0 0
#Transform 2
Transform: MatrixOffsetTransformBase_double_3_3
Parameters: 0.9999997254221222 0.0005239972932114166 0.0000016479797270485405 -0.0005240035832103748 0.9999948343729322 0.0031449994791002676 -3.5200994169732404e-7 -0.003145000527100094 0.9999951089488869 -0.001623408865398801 -0.03663982948947364 -0.2964244389944497
FixedParameters: 0 0 0
#Transform 3
Transform: MatrixOffsetTransformBase_double_3_3
Parameters: 0.9999999401591833 0.00022523451095666865 -0.00009544845604880587 -0.000224764110985998 0.9999969468663698 0.002450021447241602 0.0000965509559800652 -0.0024499782472442956 0.9999969882753671 0.007291616610046958 0.0026416416968686462 -0.20339958882973974
FixedParameters: 0 0 0
#Transform 4
Transform: MatrixOffsetTransformBase_double_3_3
Parameters: 0.9999995578396723 -0.0005538585322565128 -0.0003677247306868235 0.0005551420111018454 0.9999950141822198 0.003110796861129129 0.0003662746218615709 -0.003111203865080082 0.999995186964199 -0.024879357385785283 0.08010807315558566 -0.2680121105307762
FixedParameters: 0 0 0
#Transform 5
Transform: MatrixOffsetTransformBase_double_3_3
Parameters: 0.999999342055264 -0.00033473336628834827 -0.0007390308410254953 0.0003362670331659619 0.9999954655825734 0.0030697532630343393 0.0007379712001100544 -0.0030692487980745957 0.999995032758608 -0.06287318887000026 0.07916493506287736 -0.24509965105173137
FixedParameters: 0 0 0
#Transform 6
Transform: MatrixOffsetTransformBase_double_3_3
Parameters: 0.9999985178016524 -0.0012103563075651338 -0.0010083882707804478 0.0012146407740361493 0.9999924217752506 0.0036197783983598388 0.001003608531601776 -0.003621217954510114 0.99999287989698 -0.08447311608780694 0.16079932491081195 -0.30174955380077506
FixedParameters: 0 0 0
#Transform 7
Transform: MatrixOffsetTransformBase_double_3_3
Parameters: 0.9999988921224586 -0.0013054989656159526 -0.001184978207092258 0.001309501382227393 0.9999918009296036 0.003805454018140118 0.0011800241650976769 -0.003807546270982494 0.9999921121797289 -0.0916236704722877 0.1460183940393165 -0.3116719618246435
FixedParameters: 0 0 0
#Transform 8
Transform: MatrixOffsetTransformBase_double_3_3
Parameters: 0.9999986192183773 -0.0014245852107865895 -0.0011624310977819095 0.0014294125194127523 0.9999914741614506 0.003805344154600919 0.001156567304021302 -0.003807653379900454 0.9999921660525404 -0.091460631851632 0.12463386602998128 -0.31130227220725715
FixedParameters: 0 0 0
#Transform 9
Transform: MatrixOffsetTransformBase_double_3_3
Parameters: 0.9999987531398277 -0.0010073373518175903 -0.0011103335243373407 0.0010106612362857411 0.9999940687685772 0.0033028814185113217 0.0011066670419240087 -0.003304118378313398 0.9999938580756109 -0.10914901930830467 0.11362135794006178 -0.2695506205179754
FixedParameters: 0 0 0
#Transform 10
Transform: MatrixOffsetTransformBase_double_3_3
Parameters: 0.9999988674326865 -0.0010458678917151896 -0.001019223126797943 0.0010491306187458108 0.9999944317133639 0.0030769323287667323 0.0010157757498787763 -0.0030780639960836585 0.9999944936633265 -0.0840342162190808 0.10189023446399403 -0.2421569671097501
FixedParameters: 0 0 0
#Transform 11
Transform: MatrixOffsetTransformBase_double_3_3
Parameters: 0.9999992860561441 -0.0009749000553190128 -0.0008734732126781038 0.000978102616360055 0.9999933976983911 0.0035561504593901597 0.0008705273368006511 -0.0035568534828382087 0.9999935908685144 -0.09094893685292504 0.13462601035733712 -0.27000050769109407
FixedParameters: 0 0 0
#Transform 12
Transform: MatrixOffsetTransformBase_double_3_3
Parameters: 0.9999982541751512 -0.0010832335410812866 -0.0012541317208636027 0.0010877650580148788 0.9999923321785449 0.003805641547413581 0.0012498677758670418 -0.0038073596500092575 0.9999919429826365 -0.11801878110243536 0.13946342645581922 -0.32892257417776705
FixedParameters: 0 0 0
#Transform 13
Transform: MatrixOffsetTransformBase_double_3_3
Parameters: 0.9999975916080958 -0.00130237578427172 -0.0016462607409619533 0.0013096264795633109 0.9999910533773415 0.00402885109877099 0.0016417343239012883 -0.00403114524728123 0.9999900562779891 -0.14413497030172095 0.13629468156001678 -0.3408005901314368
FixedParameters: 0 0 0
#Transform 14
Transform: MatrixOffsetTransformBase_double_3_3
Parameters: 0.9999980134754842 -0.0014245032236999608 -0.0013995911022220036 0.0014284943483346604 0.9999936095349906 0.0032170059815130967 0.0013944101209943359 -0.003218991635833836 0.9999936928259622 -0.11424404971992885 0.1394495034406873 -0.2555383321501523
FixedParameters: 0 0 0
#Transform 15
Transform: MatrixOffsetTransformBase_double_3_3
Parameters: 0.9999993684119806 -0.0003420034022463702 -0.001230399857200366 0.0003469984265489194 0.9999913732800968 0.004062575051746271 0.0012296004343119887 -0.004063422526627939 0.999990979054152 -0.10604148267120195 0.14547984374468115 -0.3395024715803743
FixedParameters: 0 0 0
#Transform 16
Transform: MatrixOffsetTransformBase_double_3_3
Parameters: 0.9999994146796072 -0.0003210915520616802 -0.0006948847329116445 0.0003229057838134198 0.9999963447960273 0.0027477768499929163 0.0006931150211538126 -0.0027482237859317573 0.9999959668430789 -0.06897674088837391 0.08409681516198475 -0.21039836977193715
FixedParameters: 0 0 0
#Transform 17
Transform: MatrixOffsetTransformBase_double_3_3
Parameters: 0.9999989071059512 -0.0007385122013194909 -0.001243675594031011 0.000743489292607273 0.999993400712739 0.0036120787711143984 0.0012413218463678305 -0.003612920162993996 0.9999924059858813 -0.10871364442823506 0.14944056489028412 -0.3020427362374676
FixedParameters: 0 0 0
#Transform 18
Transform: MatrixOffsetTransformBase_double_3_3
Parameters: 0.9999979974931918 -0.0009751162184704243 -0.0017468600399690778 0.0009818843316423526 0.9999914794398788 0.003944290452093778 0.0017431396380733516 -0.003945705434293458 0.9999903918674937 -0.12948802276314098 0.14466118123654326 -0.3238241781325115
FixedParameters: 0 0 0
#Transform 19
Transform: MatrixOffsetTransformBase_double_3_3
Parameters: 0.9999986928307858 -0.0012335718316914567 -0.00133603215537399 0.0012394279034163207 0.9999909020128215 0.004069349907703919 0.001330965760746872 -0.004071647667988336 0.9999906527227906 -0.11492952272854495 0.13558249587259752 -0.33036903578370413
FixedParameters: 0 0 0
#Transform 20
Transform: MatrixOffsetTransformBase_double_3_3
Parameters: 0.9999987238385972 -0.0009555623599196954 -0.0011676456816177945 0.0009604353460615964 0.9999925927271605 0.003805884300843891 0.0011633524006117375 -0.003807117406132848 0.9999921520990572 -0.10090172023154764 0.14043095956776597 -0.33176703479296066
FixedParameters: 0 0 0
#Transform 21
Transform: MatrixOffsetTransformBase_double_3_3
Parameters: 0.9999983804374682 -0.0009481787753986111 -0.0013114995678597692 0.0009528230386119714 0.9999925467264564 0.0036807557105579926 0.0013085019543675014 -0.0036812460324749424 0.9999927340734247 -0.10969626730990001 0.13070716757277978 -0.27407406910865006
FixedParameters: 0 0 0
#Transform 22
Transform: MatrixOffsetTransformBase_double_3_3
Parameters: 0.9999989351614852 -0.001025844995583299 -0.001006282787797987 0.0010311540265103484 0.9999865583466613 0.0051359706686356235 0.001000716931729341 -0.00513703488222236 0.9999866091466894 -0.08813968993138133 0.22294008297546952 -0.4677128580816259
FixedParameters: 0 0 0
#Transform 23
Transform: MatrixOffsetTransformBase_double_3_3
Parameters: 0.9999992770645804 -0.0010469238333279945 -0.0007914210140375957 0.0010510789956908065 0.9999861911631391 0.005167174828288086 0.0007865784632839036 -0.005168830163229384 0.9999866690484109 -0.07465839680597242 0.185212734939455 -0.4764849971104468
FixedParameters: 0 0 0
#Transform 24
Transform: MatrixOffsetTransformBase_double_3_3
Parameters: 0.999997225353069 -0.0013965968802090196 -0.0016805426154970684 0.0014074058783825085 0.9999757325377125 0.0068036531517576895 0.0016714625401913776 -0.00680535272162773 0.9999758891527006 -0.14016443804399614 0.2601859186702882 -0.5975513510922354
FixedParameters: 0 0 0
#Transform 25
Transform: MatrixOffsetTransformBase_double_3_3
Parameters: 0.9999965324371135 -0.0017865017906466708 -0.0018104200472939024 0.0017994952215171934 0.9999707814134972 0.007481772059128734 0.001796583797977723 -0.007485239511962215 0.9999707436434773 -0.13605571234192837 0.29350981613137606 -0.6979580306434627
FixedParameters: 0 0 0
#Transform 26
Transform: MatrixOffsetTransformBase_double_3_3
Parameters: 0.9999972629186032 -0.0014103277608954363 -0.0016577284558653635 0.001423672177819321 0.999964498631156 0.008274660678549817 0.0016462738405058476 -0.0082773425339316 0.9999647774010918 -0.1374579670721232 0.2821664364233243 -0.7748401005937069
FixedParameters: 0 0 0
#Transform 27
Transform: MatrixOffsetTransformBase_double_3_3
Parameters: 0.9999984271835016 -0.0014403315271651893 -0.0012232807369515829 0.0014496734361945341 0.9999732738218076 0.007115236332056333 0.0012137152049694108 -0.007116757844735374 0.9999738771186804 -0.11523267768241396 0.2524110469858982 -0.6585489600669803
FixedParameters: 0 0 0
#Transform 28
Transform: MatrixOffsetTransformBase_double_3_3
Parameters: 0.9999982812605294 -0.0013442650244906505 -0.0013825335069699634 0.0013537391938277384 0.9999742511320652 0.007065143042556286 0.001373469165777229 -0.007066860941161382 0.9999741720490374 -0.12080122253155423 0.2558766180225973 -0.6391123450569722
FixedParameters: 0 0 0
#Transform 29
Transform: MatrixOffsetTransformBase_double_3_3
Parameters: 0.9999980455479821 -0.0016246371748969174 -0.001147373440917132 0.0016333599730453854 0.9999649738717936 0.008207139283039743 0.00113363131640951 -0.008208855100478835 0.9999653267916783 -0.1132786573210609 0.33607771966269695 -0.7301502127996287
FixedParameters: 0 0 0
#Transform 30
Transform: MatrixOffsetTransformBase_double_3_3
Parameters: 0.9999987698193463 -0.001043696187661435 -0.0014631301251830304 0.001055303746310265 0.9999698738078159 0.00774647125592101 0.001454867863026792 -0.007748533744457778 0.9999688465620504 -0.12232999021236424 0.2834292156400693 -0.7061876171971875
FixedParameters: 0 0 0
#Transform 31
Transform: MatrixOffsetTransformBase_double_3_3
Parameters: 0.999999472779027 -0.0009854283347112726 -0.00074607712586535 0.00098957104613357 0.9999801712283778 0.006152262603983545 0.0007399258242080005 -0.006152730044805525 0.9999805943382166 -0.07795701294003266 0.18302925181480134 -0.5665484650462389
FixedParameters: 0 0 0
#Transform 32
Transform: MatrixOffsetTransformBase_double_3_3
Parameters: 0.9999989514615599 -0.0011506161866718955 -0.0008513248555484075 0.0011553884528082738 0.9999793286052229 0.0063510205678575645 0.0008446781281440267 -0.006351976080484425 0.9999789389183751 -0.07739783423075153 0.2540722108716835 -0.5830918141124926
FixedParameters: 0 0 0
#Transform 33
Transform: MatrixOffsetTransformBase_double_3_3
Parameters: 0.9999988863868208 -0.001174883321752733 -0.0008564534610462306 0.001181112233912971 0.9999731094887108 0.0071759919994181035 0.000847545421537519 -0.007176999335797139 0.9999737712753026 -0.09799401076746506 0.24440408546753645 -0.6903382570502572
FixedParameters: 0 0 0
#Transform 34
Transform: MatrixOffsetTransformBase_double_3_3
Parameters: 0.9999975197778933 -0.0014675145813343434 -0.00152518409232217 0.0014774845433830734 0.9999799186252147 0.006236765817817122 0.0015158129786367587 -0.006239243736320464 0.9999797749611276 -0.02102456787514484 0.22893376242265617 -0.6038801628924375
FixedParameters: 0 0 0
#Transform 35
Transform: MatrixOffsetTransformBase_double_3_3
Parameters: 0.9999992779709979 -0.0004894459079875095 -0.0006945179182591199 0.0004925564138670476 0.999986477752839 0.005126656468934505 0.0006924836562998928 -0.0051263374922545036 0.9999862378900797 -0.030210624822643695 0.1229864357294872 -0.46835038015372277
FixedParameters: 0 0 0
#Transform 36
Transform: MatrixOffsetTransformBase_double_3_3
Parameters: 0.9999993279113599 -0.0006496264446420487 -0.00111849767926968 0.0006583705601250571 0.9999649857578982 0.008401275489822075 0.0011125083278290915 -0.008401734590162462 0.9999641691142928 -0.09431228569607697 0.2766510788593024 -0.8424614786945597
FixedParameters: 0 0 0
#Transform 37
Transform: MatrixOffsetTransformBase_double_3_3
Parameters: 0.9999993631735652 -0.0007354427999426153 -0.001047063361849114 0.000743557402398421 0.9999662693606279 0.008196228138449876 0.0010409405287506426 -0.008196772242547492 0.9999657262735305 -0.09199842733421804 0.1839907540770156 -0.8305381147724518
FixedParameters: 0 0 0
#Transform 38
Transform: MatrixOffsetTransformBase_double_3_3
Parameters: 0.9999980587862581 -0.0013203137888019214 -0.001482397611657215 0.0013326921119220356 0.9999624336222785 0.008590043261229906 0.0014716052169368547 -0.008591961824713506 0.9999620116891722 -0.11184900010171361 0.1617634352468258 -0.8821753079788124
FixedParameters: 0 0 0
#Transform 39
Transform: MatrixOffsetTransformBase_double_3_3
Parameters: 0.9999987958845967 -0.0009009413339568819 -0.0011799712349811497 0.0009100585265139282 0.9999698968686797 0.007698931675187488 0.0011730272293650746 -0.0077000623486364935 0.9999693326389547 -0.0980988702930432 0.16148297751392704 -0.7522682591910552
FixedParameters: 0 0 0
#Transform 40
Transform: MatrixOffsetTransformBase_double_3_3
Parameters: 0.9999996536544699 -0.0008352527765134516 -0.000805060698926895 0.0008427478573687343 0.9999644236149475 0.008418331029541126 0.0007979341953595513 -0.0084186759688106 0.9999644851369957 -0.08328914496959783 0.2059675792052218 -0.8010621792270598
FixedParameters: 0 0 0
#Transform 41
Transform: MatrixOffsetTransformBase_double_3_3
Parameters: 0.9999983108947272 -0.0009066147976869983 -0.001366620762873275 0.0009183784791424449 0.9999643851187173 0.008352755096112071 0.001358375378759556 -0.008354241697411393 0.9999643613497287 -0.11117551308576878 0.21380835350250038 -0.8301746611110019
FixedParameters: 0 0 0
#Transform 42
Transform: MatrixOffsetTransformBase_double_3_3
Parameters: 0.9999979837172663 -0.001194797215323232 -0.0012607127340154376 0.0012061969202477167 0.9999599192891622 0.008923500397021743 0.0012492857850815737 -0.008924513709370587 0.9999597854591162 -0.10554325332626036 0.24384703151356746 -0.8828877357996134
FixedParameters: 0 0 0
#Transform 43
Transform: MatrixOffsetTransformBase_double_3_3
Parameters: 0.999998567337666 -0.000992386658841955 -0.0015647183607785339 0.0010066091801026135 0.9999618738385139 0.00872444128044057 0.001555276756622403 -0.008725559776932925 0.9999604392118825 -0.126362528164492 0.2290025181703328 -0.8819297583466721
FixedParameters: 0 0 0
#Transform 44
Transform: MatrixOffsetTransformBase_double_3_3
Parameters: 0.9999984082838516 -0.0013811524902657012 -0.0012976435868354108 0.001391850745167843 0.9999635666834272 0.008396206376378687 0.001286358263993514 -0.008397789162216262 0.9999638198074012 -0.10514084010210922 0.22109246790940063 -0.8444832326379554
FixedParameters: 0 0 0
#Transform 45
Transform: MatrixOffsetTransformBase_double_3_3
Parameters: 0.9999985411459972 -0.0012620043808040172 -0.0013661797630688981 0.001273994572502586 0.9999606598533561 0.00881527948646076 0.0013548206638808048 -0.008817729784442745 0.9999604167111594 -0.10922816889835474 0.23214663737753938 -0.8821631563778141
FixedParameters: 0 0 0
#Transform 46
Transform: MatrixOffsetTransformBase_double_3_3
Parameters: 0.9999986360903365 -0.0010633973062816552 -0.0011102762944397051 0.0010726077980431784 0.9999614373845707 0.008683814127436193 0.0011017258241594748 -0.00868517659336544 0.9999613547726356 -0.09991320811090532 0.1876788185397089 -0.8770222912252024
FixedParameters: 0 0 0
#Transform 47
Transform: MatrixOffsetTransformBase_double_3_3
Parameters: 0.9999985440136016 -0.0009014273612492408 -0.0012822144228351992 0.0009125711774706151 0.9999591915676318 0.009053848125586083 0.00127378921313157 -0.009055166467322087 0.9999583809121793 -0.10582734872187416 0.23459194450190068 -0.8834559250535108
FixedParameters: 0 0 0
#Transform 48
Transform: MatrixOffsetTransformBase_double_3_3
Parameters: 0.9999989752029047 -0.000721684047563009 -0.001226130295379371 0.0007313236669543177 0.9999643300986861 0.008434110537488085 0.0012208747102564407 -0.008434888322358287 0.9999633609308479 -0.1185550464483498 0.21399806308731684 -0.8632010662358311
FixedParameters: 0 0 0
#Transform 49
Transform: MatrixOffsetTransformBase_double_3_3
Parameters: 0.9999988140383634 -0.000653520901649998 -0.00166117406120405 0.0006684781525292494 0.9999564095153554 0.009334906778697962 0.0016548322540152914 -0.009336098705485229 0.9999550974144887 -0.09912515252558762 0.3955939614783688 -0.9527104928968271
FixedParameters: 0 0 0
#Transform 50
Transform: MatrixOffsetTransformBase_double_3_3
Parameters: 0.9999991440930166 -0.0002826906429899157 -0.0008807100243503759 0.0002913117927697376 0.9999556319911749 0.009448750188689051 0.0008782861636934324 -0.0094492550336176 0.9999549408262728 -0.07917210318794332 0.15900109190928902 -0.9070168581256155
FixedParameters: 0 0 0
#Transform 51
Transform: MatrixOffsetTransformBase_double_3_3
Parameters: 0.9999994460546606 -0.0001855347493054976 -0.0007206954378097638 0.00019146767503616912 0.9999593044612487 0.008980865063575729 0.0007193095211062758 -0.008981136510517655 0.9999598215821381 -0.07435295067183745 0.09915521662227889 -0.8737602422024224
FixedParameters: 0 0 0
#Transform 52
Transform: MatrixOffsetTransformBase_double_3_3
Parameters: 0.9999991781383833 -0.0008833664620643047 -0.0010204194012094683 0.0008926387337145864 0.999954348521083 0.009479090432650819 0.001012583404575615 -0.009479895782099308 0.9999541037882507 -0.11176676289539955 0.17895009787036997 -0.9103112378618903
FixedParameters: 0 0 0
#Transform 53
Transform: MatrixOffsetTransformBase_double_3_3
Parameters: 0.9999989897805905 -0.00047678972737663953 -0.0013354229956998238 0.0004892068077406894 0.9999578867760753 0.009158356960070254 0.001330575710167336 -0.009158644663101857 0.9999573431430155 -0.12435102265571629 0.31288476447384994 -0.846839524070333
FixedParameters: 0 0 0
#Transform 54
Transform: MatrixOffsetTransformBase_double_3_3
Parameters: 0.999998130067955 -0.0004281204193720039 -0.001639227965550942 0.00044387569851807155 0.999952737066751 0.009698281377549463 0.0016347702537536318 -0.009699708872203634 0.9999512473341556 -0.13585209276797627 0.41799253543845794 -0.8777820521349327
FixedParameters: 0 0 0
#Transform 55
Transform: MatrixOffsetTransformBase_double_3_3
Parameters: 0.9999991181767373 -0.0009340714554783073 -0.0010043777526971933 0.0009429337414637977 0.9999594352171909 0.008926055758407702 0.0009966223520853986 -0.00892693373791092 0.999959314999259 -0.09302973613397114 0.3394665287261347 -0.8409202618258291
FixedParameters: 0 0 0
#Transform 56
Transform: MatrixOffsetTransformBase_double_3_3
Parameters: 0.9999998750252018 -0.0006676866038388591 -0.0008239806092619822 0.0006753138238123451 0.9999601950125299 0.008907449308436075 0.0008180169221551321 -0.0089085519330105 0.9999599718804137 -0.0823910283171756 0.3380565378428031 -0.8621392328786044
FixedParameters: 0 0 0
#Transform 57
Transform: MatrixOffsetTransformBase_double_3_3
Parameters: 0.9999990223982006 -0.0010104601660003792 -0.0013988813984707551 0.0010235420897392721 0.9999526112881975 0.00971258417013107 0.001389123645952451 -0.009714419639357185 0.9999517023165903 -0.1268797359233389 0.35962172807982995 -0.9048248856866223
FixedParameters: 0 0 0
#Transform 58
Transform: MatrixOffsetTransformBase_double_3_3
Parameters: 0.9999992440163048 -0.0009343549792848524 -0.0009396759453183584 0.0009426480867785022 0.9999566935520336 0.0092421195242722 0.0009313273828347816 -0.009242875499134886 0.9999566991740325 -0.08986473265619566 0.29512867637764373 -0.8813064433700362
FixedParameters: 0 0 0
#Transform 59
Transform: MatrixOffsetTransformBase_double_3_3
Parameters: 0.9999994048484678 -0.0007860230557555043 -0.0009882070930535784 0.0007949839262949757 0.9999582536348058 0.00911622240049765 0.0009817927782357896 -0.009117779721938987 0.9999579082957077 -0.09279430961784385 0.27422378355817045 -0.8669995339410548
FixedParameters: 0 0 0
#Transform 60
Transform: MatrixOffsetTransformBase_double_3_3
Parameters: 0.9999983811345567 -0.0010727315831850794 -0.00121107494695355 0.0010842767266507028 0.9999555432456442 0.009342693458250754 0.0012019216093055209 -0.009343295940701019 0.9999552507659111 -0.09688286452370676 0.31032885604133753 -0.9039625359930454
FixedParameters: 0 0 0
#Transform 61
Transform: MatrixOffsetTransformBase_double_3_3
Parameters: 0.9999992734002331 -0.0006075634871189403 -0.0011655004325223834 0.000617431975278395 0.9999590636128071 0.008975284320554375 0.0011595052412480388 -0.008975708411432306 0.9999590873378001 -0.09262883743855355 0.21906652903751933 -0.8579543142599277
FixedParameters: 0 0 0
#Transform 62
Transform: MatrixOffsetTransformBase_double_3_3
Parameters: 0.999999686992143 -0.0005584024827883986 -0.001000418540112992 0.0005676034791690098 0.9999531460851595 0.009619436613398293 0.0009955867013879737 -0.009619560392416864 0.9999534670332076 -0.08591390945279898 0.2464243233049359 -0.9442061222218854
FixedParameters: 0 0 0
#Transform 63
Transform: MatrixOffsetTransformBase_double_3_3
Parameters: 0.999999516246434 -0.0007748738160313247 -0.0009396019943651596 0.0007841309357590431 0.9999522787954122 0.009752271874109484 0.0009323974554639881 -0.009752731135294424 0.9999520103153039 -0.08469881098038456 0.1918062168303294 -0.9511110002156755
FixedParameters: 0 0 0
#Transform 64
Transform: MatrixOffsetTransformBase_double_3_3
Parameters: 0.9999993368201102 -0.0007880717837648995 -0.0010207430567621767 0.000797931226849534 0.9999520429047043 0.009763192075808372 0.0010132577566979223 -0.009763805078813633 0.9999516374557008 -0.08797399143350049 0.2173110989614031 -0.9559192506417702
FixedParameters: 0 0 0
#Transform 65
Transform: MatrixOffsetTransformBase_double_3_3
Parameters: 0.9999877468503262 -0.0017954925251266606 -0.004585715995027471 0.0018495147425467119 0.9999277171361938 0.01191066203888646 0.0045642857936211475 -0.011918338625240943 0.9999181072882538 -0.32814982107757373 0.546211751980735 -1.0421942966817994
FixedParameters: 0 0 0
#Transform 66
Transform: MatrixOffsetTransformBase_double_3_3
Parameters: 0.9999882117430686 -0.0024285757103705463 -0.004229676985225616 0.0024874253695564923 0.9998969677331013 0.014100634230753426 0.004195328045966029 -0.014111344042415914 0.9998912636795421 -0.24856896513414029 0.5168667546482482 -1.2422614554146634
FixedParameters: 0 0 0
#Transform 67
Transform: MatrixOffsetTransformBase_double_3_3
Parameters: 0.9999900247341655 -0.0025752835845969544 -0.003652836258220523 0.002623719837239192 0.9999066733905234 0.01339554231049064 0.003618166177087089 -0.013404444227646447 0.9999032136084061 -0.21745047865854872 0.48658419131096764 -1.194512125475768
FixedParameters: 0 0 0
#Transform 68
Transform: MatrixOffsetTransformBase_double_3_3
Parameters: 0.9999912567359988 -0.002119572085613271 -0.003499914638183346 0.0021654248996187298 0.9999126076718707 0.013026527987190518 0.003472076367358092 -0.013034466178863382 0.9999090454418125 -0.19818036495159674 0.47714494700305465 -1.1545794301043628
FixedParameters: 0 0 0
#Transform 69
Transform: MatrixOffsetTransformBase_double_3_3
Parameters: 0.999989868360252 -0.002696285572818435 -0.003586824463727373 0.002741706149622301 0.9999145799321804 0.01280229365968969 0.0035511768493751445 -0.012811702762198972 0.9999112348727102 -0.21112105336834475 0.4818965360595513 -1.1176148899687632
FixedParameters: 0 0 0
#Transform 70
Transform: MatrixOffsetTransformBase_double_3_3
Parameters: 0.9999902511359946 -0.0023610807140672617 -0.003629623482786079 0.0024099116501484874 0.9999094862961714 0.013255374569324699 0.0035973593942328647 -0.013263615382613066 0.9999051191876683 -0.19661950535655137 0.48577714258952653 -1.2107441308261002
FixedParameters: 0 0 0
#Transform 71
Transform: MatrixOffsetTransformBase_double_3_3
Parameters: 0.9999917764414866 -0.002236247216386473 -0.003496348891744736 0.002282751527110634 0.9999075205955625 0.013426134523802107 0.0034656557313866624 -0.013433865942915027 0.9999035082189469 -0.19054129604839432 0.44158818907477837 -1.204882571631714
FixedParameters: 0 0 0
#Transform 72
Transform: MatrixOffsetTransformBase_double_3_3
Parameters: 0.9999952547666404 -0.0020448022433856732 -0.002136513947006408 0.0020651918264039336 0.999952591191358 0.009494623899953512 0.0021164824076548247 -0.009498364021471637 0.9999522922046366 -0.13810681056985175 0.33365677531905646 -0.8528367256508034
FixedParameters: 0 0 0
#Transform 73
Transform: MatrixOffsetTransformBase_double_3_3
Parameters: 0.9999969682932175 -0.0016050169214243022 -0.002110678586779702 0.0016279891323901588 0.9999388088385183 0.010933601254290548 0.0020933245810065833 -0.010936397244381798 0.999938003451204 -0.13447361727824614 0.3670673756787437 -1.0264340923602049
FixedParameters: 0 0 0
#Transform 74
Transform: MatrixOffsetTransformBase_double_3_3
Parameters: 0.9999927847295441 -0.001723587084023945 -0.003499213661323991 0.0017664098954282559 0.9999241562524988 0.012153906478932401 0.0034777840306220898 -0.012160081832846496 0.9999200312745562 -0.1881556793975392 0.4586034932819558 -1.1047692359625358
FixedParameters: 0 0 0
#Transform 75
Transform: MatrixOffsetTransformBase_double_3_3
Parameters: 0.9999940685217559 -0.0020876938802961704 -0.002563316600920086 0.0021163144445744144 0.9999365226061963 0.011090641107821144 0.002540680008700017 -0.011095370081867117 0.9999354282491857 -0.15444573305379095 0.3713007508164452 -1.046800352268562
FixedParameters: 0 0 0
#Transform 76
Transform: MatrixOffsetTransformBase_double_3_3
Parameters: 0.9999957850246396 -0.0015526447202101601 -0.0024091744499677575 0.0015823531911558074 0.999923890624091 0.012231241014458018 0.002389822490397581 -0.012234763738925881 0.9999225899519184 -0.14551024330171458 0.4197178380072444 -1.1297922396496034
FixedParameters: 0 0 0
#Transform 77
Transform: MatrixOffsetTransformBase_double_3_3
Parameters: 0.9999942983860552 -0.0021763512911231442 -0.0026395753413244213 0.002206645636993924 0.9999300497631008 0.011665255337474346 0.0026134325992324095 -0.011670767716819458 0.9999289538418392 -0.14048415282222493 0.4018997950040841 -1.0948900575475733
FixedParameters: 0 0 0
#Transform 78
Transform: MatrixOffsetTransformBase_double_3_3
Parameters: 0.9999951950620777 -0.002148310749790348 -0.002278464621181616 0.0021746856822177137 0.9999285659292095 0.011777106748621813 0.002252539963949339 -0.01178190086969894 0.9999281054950101 -0.12658973742040303 0.41329497104912605 -1.1298368136626777
FixedParameters: 0 0 0
#Transform 79
Transform: MatrixOffsetTransformBase_double_3_3
Parameters: 0.9999945487089084 -0.002179640539251027 -0.0025887333880311794 0.0022113545626064467 0.9999238943592937 0.012174344967469294 0.0025612620787935515 -0.012179652232867554 0.9999220838828168 -0.14843422406138984 0.46134108275765584 -1.1357733352373174
FixedParameters: 0 0 0
#Transform 80
Transform: MatrixOffsetTransformBase_double_3_3
Parameters: 0.9999988873237547 -0.0008208801029795562 -0.0015612877433900053 0.0008421290091520657 0.9999070058919254 0.013574694658627845 0.0015507105767841064 -0.013576282413968238 0.9999062760722286 -0.16336580905186793 0.4403008225810936 -1.2600874744639725
FixedParameters: 0 0 0
#Transform 81
Transform: MatrixOffsetTransformBase_double_3_3
Parameters: 0.9999980191812808 -0.0011192658362259242 -0.0016515473891472207 0.0011387407314304347 0.9999277679669359 0.011997143822016188 0.0016384548623374557 -0.011998858376122232 0.9999263365318473 -0.14670767184269096 0.3803351437762643 -1.112699924424149
FixedParameters: 0 0 0
#Transform 82
Transform: MatrixOffsetTransformBase_double_3_3
Parameters: 0.999997022591252 -0.0007857870246408981 -0.002088014459635714 0.0008172131344250327 0.9998876144036707 0.01499034247005682 0.0020759824962725748 -0.014991680106430712 0.9998859218731977 -0.1680638669173078 0.592523253499607 -1.064280240537002
FixedParameters: 0 0 0
#Transform 83
Transform: MatrixOffsetTransformBase_double_3_3
Parameters: 0.9999958209551005 -0.001238432529105611 -0.002577908732422775 0.0012685690593970606 0.9999290155398532 0.01188978428335321 0.002563095609381112 -0.011893228772758072 0.9999259791386148 -0.18990113901037375 0.49992454451445667 -0.9742690855077427
FixedParameters: 0 0 0
#Transform 84
Transform: MatrixOffsetTransformBase_double_3_3
Parameters: 0.9999951155504714 -0.0021118275194009282 -0.0023290018827822924 0.0021381726298311003 0.9999338915846827 0.011293069961829468 0.002304994370236801 -0.011297917546516576 0.9999330386960896 -0.14774784768560778 0.4751517555487226 -1.086584136822438
FixedParameters: 0 0 0
#Transform 85
Transform: MatrixOffsetTransformBase_double_3_3
Parameters: 0.9999951652050721 -0.0017072514364205632 -0.0024327127560242025 0.001735752164444278 0.9999328719370204 0.011450832785527965 0.0024132803910080327 -0.011454175464530746 0.9999319644800194 -0.1722344469056054 0.37378305221294283 -1.0834952009949035
FixedParameters: 0 0 0
#Transform 86
Transform: MatrixOffsetTransformBase_double_3_3
Parameters: 0.9999973523206934 -0.0008892011192941738 -0.0019634852416811743 0.0009128043798425328 0.9999316472420857 0.011641236348430162 0.001953505589563365 -0.011642765690141724 0.9999306232262789 -0.144889943951938 0.3819164797070016 -1.0779759287204058
FixedParameters: 0 0 0
#Transform 87
Transform: MatrixOffsetTransformBase_double_3_3
Parameters: 0.9999990598683677 -0.0010872878728257328 -0.0008705496835437358 0.0010977167833329643 0.9999220281187118 0.012400047131045918 0.0008574535169528247 -0.012400935048407983 0.9999224751973907 -0.11336878572772946 0.39526427831114574 -1.1658783301344755
FixedParameters: 0 0 0
#Transform 88
Transform: MatrixOffsetTransformBase_double_3_3
Parameters: 0.9999980040956772 -0.0014115921265938779 -0.0017334921202157658 0.0014334026180752117 0.99991408611113 0.012994542622361882 0.0017145183560571603 -0.012996447618578611 0.999914137387136 -0.14864049284355474 0.38789978711545814 -1.235991347579997
FixedParameters: 0 0 0
#Transform 89
Transform: MatrixOffsetTransformBase_double_3_3
Parameters: 0.9999980433181674 -0.0012996997789215172 -0.0015062203892500536 0.001315298064076231 0.9999400646727435 0.010872038160829461 0.0014917866398829166 -0.01087395816847923 0.9999395272048416 -0.12463173777248926 0.2943759015922893 -1.0389317100092654
FixedParameters: 0 0 0
#Transform 90
Transform: MatrixOffsetTransformBase_double_3_3
Parameters: 0.9999981754817218 -0.0012618383939448693 -0.0011099787391626922 0.0012741613811395086 0.9999388266938648 0.011024601522945725 0.0010960172026070073 -0.01102639881524487 0.9999382179231022 -0.10083087957637815 0.33387637322958597 -1.0514201109814394
FixedParameters: 0 0 0
#Transform 91
Transform: MatrixOffsetTransformBase_double_3_3
Parameters: 0.9999990139694435 -0.001042817413318544 -0.0013776270119050208 0.0010581889551503898 0.9999383919435564 0.011067558762953796 0.0013663723791707526 -0.011068441429403515 0.9999376130891595 -0.13891926743187355 0.3512880507166045 -1.059849064633596
FixedParameters: 0 0 0
#Transform 92
Transform: MatrixOffsetTransformBase_double_3_3
Parameters: 0.9999966969775494 -0.001683787591356826 -0.0018622525443720587 0.0017072084088600387 0.9999199800359325 0.012533856527551979 0.001840742959012266 -0.01253713521308253 0.9999194266821805 -0.1318135379767824 0.444850356116234 -1.2196283603475848
FixedParameters: 0 0 0
#Transform 93
Transform: MatrixOffsetTransformBase_double_3_3
Parameters: 0.9999956174721699 -0.0020886911564233306 -0.0022407277194645536 0.002117301660689269 0.9999170389679465 0.012707312400413007 0.002213269332289862 -0.01271167955175888 0.9999165020209041 -0.13095227491221806 0.42370647377696 -1.2153241946738262
FixedParameters: 0 0 0
#Transform 94
Transform: MatrixOffsetTransformBase_double_3_3
Parameters: 0.999994927753523 -0.002090519914007409 -0.002588234416137677 0.0021254914467231513 0.9999081349275559 0.013391573441850947 0.0025607604372200163 -0.013397428059816755 0.9999069504559559 -0.1421354664420562 0.4185845451049772 -1.3059920745037346
FixedParameters: 0 0 0
#Transform 95
Transform: MatrixOffsetTransformBase_double_3_3
Parameters: 0.9999977310866484 -0.0013927302781216013 -0.0018247813685352311 0.0014162717805800411 0.9999093156949266 0.013366446201294064 0.0018062289211739466 -0.01336954618435443 0.9999089922059203 -0.11814299716903065 0.3856930773369811 -1.2814277133467442
FixedParameters: 0 0 0
#Transform 96
Transform: MatrixOffsetTransformBase_double_3_3
Parameters: 0.9999973798643391 -0.0013776150071714045 -0.0019293801557644281 0.001403380129299584 0.9999113034733189 0.013218321914444045 0.0019106151119541916 -0.013220661667547574 0.9999105504856075 -0.11362580215605078 0.3962520337006339 -1.25029025679207
FixedParameters: 0 0 0
#Transform 97
Transform: MatrixOffsetTransformBase_double_3_3
Parameters: 0.9999961471815233 -0.0015036271453997302 -0.002143189602635466 0.0015313718965700351 0.9999107722375363 0.01329977217980789 0.002122819205105184 -0.013302246137358087 0.999909525241259 -0.11587936251031294 0.3902815500546666 -1.2779173134712067
FixedParameters: 0 0 0
#Transform 98
Transform: MatrixOffsetTransformBase_double_3_3
Parameters: 0.9999979145795282 -0.001320894725073599 -0.0018274137218639293 0.0013461150625858449 0.9999035653321662 0.013806572449051223 0.001809587253260884 -0.013808422635528967 0.9999030365430296 -0.10418635159115297 0.35516398662232973 -1.3462891617963493
FixedParameters: 0 0 0
#Transform 99
Transform: MatrixOffsetTransformBase_double_3_3
Parameters: 0.9999970797840497 -0.0011824319344100579 -0.0018767051481728447 0.0012065720197384994 0.9999127612947745 0.013144764381479237 0.001861299130450698 -0.013146229627406613 0.9999116948705552 -0.11604550786810819 0.3239824789900183 -1.273991942379979
FixedParameters: 0 0 0
#Transform 100
Transform: MatrixOffsetTransformBase_double_3_3
Parameters: 0.9999930591623696 -0.0019895023017687777 -0.0031597592477710192 0.0020364873426353823 0.9998883536043791 0.014781659876945082 0.003129233487099961 -0.014787320346917165 0.9998855175548962 -0.1726561446461119 0.5144536579310426 -1.3610717000069599
FixedParameters: 0 0 0
#Transform 101
Transform: MatrixOffsetTransformBase_double_3_3
Parameters: 0.9999962289472211 -0.0016620188824988777 -0.002238052865078894 0.0016899804319452133 0.999919405762954 0.01255925810788911 0.002216946668819255 -0.012562724995960645 0.9999182528935955 -0.12692062153782047 0.4037786335339604 -1.2009432347985722
FixedParameters: 0 0 0
#Transform 102
Transform: MatrixOffsetTransformBase_double_3_3
Parameters: 0.99999415942673 -0.0022801345571413084 -0.0025764653867203766 0.002313873214334827 0.999915132974773 0.012826120597626773 0.0025475262982572753 -0.012831890944909455 0.9999148453026094 -0.14317188555793336 0.45188559993825095 -1.2343905007077751
FixedParameters: 0 0 0
#Transform 103
Transform: MatrixOffsetTransformBase_double_3_3
Parameters: 0.9999959575468473 -0.0017151057120074547 -0.002024355369708433 0.0017409017416273184 0.9999221887958477 0.012360515036256212 0.0020036305516888844 -0.0123634756936876 0.9999211185617763 -0.11921117210569321 0.39633182566238645 -1.1819875635993355
FixedParameters: 0 0 0
#Transform 104
Transform: MatrixOffsetTransformBase_double_3_3
Parameters: 0.9999947744279551 -0.0020240738508615816 -0.0024752909704718927 0.0020569329583487437 0.9999079506164331 0.01337196350415637 0.002448707035011798 -0.013377011407547173 0.9999070527324309 -0.14552181035743672 0.43376720700804583 -1.2651302320080333
FixedParameters: 0 0 0
#Transform 105
Transform: MatrixOffsetTransformBase_double_3_3
Parameters: 0.9999964199856453 -0.0010986662850835742 -0.00252422354599808 0.0011323460239570826 0.9999066287403223 0.013641194541034785 0.0025097855677654614 -0.013643810260801607 0.999903537540416 -0.14937348571508835 0.39302839150056457 -1.3135680596278831
FixedParameters: 0 0 0
#Transform 106
Transform: MatrixOffsetTransformBase_double_3_3
Parameters: 0.9999975124841121 -0.0012210996864424513 -0.0017311081431451852 0.0012448979858018807 0.9999029822316843 0.013872879665524177 0.0017138931858851853 -0.013875127558558126 0.9999025354406776 -0.11809067242622007 0.423213941552504 -1.3252289067887375
FixedParameters: 0 0 0
#Transform 107
Transform: MatrixOffsetTransformBase_double_3_3
Parameters: 0.9999968046798173 -0.001273544875924855 -0.002360360537640458 0.0013074649835887221 0.9998978737057989 0.01422696426412542 0.002342634785545229 -0.014230033812180925 0.9998960093531576 -0.14150328107109544 0.42186262263970775 -1.3808862164672746
FixedParameters: 0 0 0
#Transform 108
Transform: MatrixOffsetTransformBase_double_3_3
Parameters: 0.9999979371155845 -0.0007098167784927277 -0.002135320053345812 0.0007431782645259998 0.9998787049800818 0.015579463445127995 0.0021236802147270844 -0.01558155779557841 0.9998766977617334 -0.1389000097046278 0.4512499167085906 -1.4316252940587049
FixedParameters: 0 0 0
#Transform 109
Transform: MatrixOffsetTransformBase_double_3_3
Parameters: 0.9999975045825251 -0.00127953802968939 -0.001964155453500364 0.0013044614924492845 0.9999209368380465 0.01250447042368005 0.0019478399396936688 -0.012506524928907555 0.9999197800829183 -0.14741686817973232 0.38044993098075963 -1.1742592144164234
FixedParameters: 0 0 0
#Transform 110
Transform: MatrixOffsetTransformBase_double_3_3
Parameters: 0.999996632900396 -0.0017516795260820188 -0.0020733929598918416 0.001779313803440038 0.9999102991481534 0.013248356043058152 0.002049603355722759 -0.013252635522268456 0.999910166302147 -0.13807311363346741 0.40748369628062164 -1.2649364103685485
FixedParameters: 0 0 0
#Transform 111
Transform: MatrixOffsetTransformBase_double_3_3
Parameters: 0.9999963774839277 -0.001468750436682716 -0.0021130671146450094 0.0015002485467068465 0.999888800320861 0.014863889394160617 0.0020909289261939485 -0.014867130583397913 0.9998875855343972 -0.15507663850534925 0.47992527517394024 -1.4205821220810009
FixedParameters: 0 0 0
#Transform 112
Transform: MatrixOffsetTransformBase_double_3_3
Parameters: 0.9999975265203603 -0.0012520787511272943 -0.0017043238101485513 0.001273930071256899 0.9999153807812255 0.012922854345256408 0.001688677595932087 -0.01292413989661688 0.9999150977873663 -0.13109542794622087 0.36367971748737205 -1.2327837130369659
FixedParameters: 0 0 0
#Transform 113
Transform: MatrixOffsetTransformBase_double_3_3
Parameters: 0.9999963739261298 -0.0014707259411846079 -0.002112681428445876 0.0014992772459195855 0.9999019211143213 0.013921876029245354 0.0020923265406157412 -0.01392512077662419 0.9999007057159284 -0.13808460992521532 0.43741462465487757 -1.3034889319118719
FixedParameters: 0 0 0
#Transform 114
Transform: MatrixOffsetTransformBase_double_3_3
Parameters: 0.9999963520985727 -0.0017005213253359353 -0.0021811098497563934 0.0017304777396818345 0.9998996162311434 0.014049275643251735 0.002156898408901497 -0.014052717869946758 0.999898854510211 -0.14169043981875973 0.429702116113603 -1.3573758328722079
FixedParameters: 0 0 0
#Transform 115
Transform: MatrixOffsetTransformBase_double_3_3
