#Insight Transform File V1.0
#Transform 0
Transform: MatrixOffsetTransformBase_double_3_3
Parameters: 0.9999990160576375 -0.0010123379868577766 0.0009793434678364704 0.0010119863371332925 0.9999994827784171 0.0001797852525479704 -0.0009797068273024883 -0.00017921438265167122 0.9999994688388432 0.16298650301547468 -0.38764109986588124 -0.05030031847334726
FixedParameters: 0 0 0
#Transform 1
Transform: MatrixOffsetTransformBase_double_3_3
Parameters: 0.9999987473490789 -0.001294237976809836 0.0007601623368914532 0.0012960714534632092 0.9999948590184654 -0.0030002267811046757 -0.0007567043678841126 0.0030007793335589117 0.9999958822616658 0.172037362772528 -0.4615154551742009 -0.08068753323698274
FixedParameters: 0 0 0
#Transform 2
Transform: MatrixOffsetTransformBase_double_3_3
Parameters: 0.9999979608341287 -0.001529904622414206 0.0013034168585573857 0.0015350610070909018 0.9999895686516916 -0.004157085042876041 -0.0012970760742104545 0.004158912763640776 0.9999908140796662 0.21125299305498402 -0.6408700781111136 -0.14502015696746184
FixedParameters: 0 0 0
#Transform 3
Transform: MatrixOffsetTransformBase_double_3_3
Parameters: 0.9999985565606573 -0.0016845783100936478 0.0007789347108519602 0.00168630925312223 0.9999934529645814 -0.0030940241476029584 -0.0007737502607359749 0.0030959745661452986 0.999994945487929 0.1802390957934108 -0.5624409365588079 -0.04543415905152415
FixedParameters: 0 0 0
#Transform 4
Transform: MatrixOffsetTransformBase_double_3_3
Parameters: 0.999997586700118 -0.002109254488864371 0.0009815116935750095 0.002111740429770426 0.9999947122146096 -0.0023605995568819482 -0.0009771468938217732 0.0023634002331987536 0.9999967163675978 0.19117721206362148 -0.5261699721215081 -0.1160004050480552
FixedParameters: 0 0 0
#Transform 5
Transform: MatrixOffsetTransformBase_double_3_3
Parameters: 0.9999988824045368 -0.0016776564538276788 0.0005491486505932239 0.0016797142890279597 0.9999969114718893 -0.0020037481021408787 -0.0005455798131842368 0.002004252732311751 0.9999979388846595 0.15531418371546124 -0.4906135211959821 -0.08724931478059261
FixedParameters: 0 0 0
#Transform 6
Transform: MatrixOffsetTransformBase_double_3_3
Parameters: 0.9999989460329934 -0.0013971675728034429 0.00032045747295046526 0.0013975130467096624 0.9999951750732641 -0.0027828889238323273 -0.00031641666825604336 0.0027831123045073403 0.9999962807404295 0.12224383008236828 -0.5503964585563921 -0.07925238650440747
FixedParameters: 0 0 0
#Transform 7
Transform: MatrixOffsetTransformBase_double_3_3
Parameters: 0.9999988177329467 -0.0014719662308259134 0.0001256925670372513 0.001472054342443761 0.9999965799497134 -0.002336279109015793 -0.0001229074006522616 0.002336723980202182 0.9999973192908407 0.10693414786024391 -0.4835721321979918 -0.04023976101723292
FixedParameters: 0 0 0
#Transform 8
Transform: MatrixOffsetTransformBase_double_3_3
Parameters: 0.9999982757978094 -0.0016270242808791708 0.00027747245124159727 0.0016278048853167965 0.9999943235321236 -0.00296221850383388 -0.00027285937323828774 0.002961781039960698 0.9999954053288909 0.11675241760593735 -0.4927818739322305 -0.09234841719697329
FixedParameters: 0 0 0
#Transform 9
Transform: MatrixOffsetTransformBase_double_3_3
Parameters: 0.9999957622035085 -0.0018071896915401674 -0.0022293927055336083 0.0018009019922591222 0.9999945859560482 -0.0029244099532132473 0.002235215085159402 0.002920591569487263 0.9999930941591184 -0.009962192281960824 -0.543837735408772 -0.20572623569702841
FixedParameters: 0 0 0
#Transform 10
Transform: MatrixOffsetTransformBase_double_3_3
Parameters: 0.9999980815699493 -0.0016652723732016093 -0.0003805579464939272 0.001665089373039828 0.9999975674244388 -0.0009967619324367516 0.00038258571794392947 0.000996236628049707 0.9999995281206098 0.0785516048002819 -0.4013037135297921 -0.06271201192797093
FixedParameters: 0 0 0
#Transform 11
Transform: MatrixOffsetTransformBase_double_3_3
Parameters: 0.9999963744000507 -0.002248324346856835 -0.0016035662205819644 0.002244934289153336 0.9999958559739559 -0.001887782188777054 0.0016078109637728253 0.001884215818448054 0.9999964044182347 0.022441533039938122 -0.4187988593082892 -0.1245215239186166
FixedParameters: 0 0 0
#Transform 12
Transform: MatrixOffsetTransformBase_double_3_3
Parameters: 0.9999947206719867 -0.002413303752111558 -0.0023356942697889387 0.002411301057404631 0.9999964573902996 -0.0007548121486404824 0.0023376747025868156 0.0007491865677470289 0.9999971322713171 -0.031744999551165165 -0.3754702737360489 -0.10273136681195183
FixedParameters: 0 0 0
#Transform 13
Transform: MatrixOffsetTransformBase_double_3_3
Parameters: 0.999995164360077 -0.002262445923762038 -0.0019280663150309245 0.0022575374532287787 0.9999938732256004 -0.002596873020010937 0.001933561736904219 0.0025931272232975755 0.9999948230314833 -0.0006110058200761159 -0.49981968502647334 -0.2484037164830113
FixedParameters: 0 0 0
#Transform 14
Transform: MatrixOffsetTransformBase_double_3_3
Parameters: 0.9999985527678013 -0.0018489537011430956 -0.0001665816345191903 0.0018491713267434786 0.9999976388588614 -0.0010717705542613865 0.00016925324301858777 0.0010712285109073516 0.9999996176828022 0.08598408144749214 -0.43691182068560863 -0.08934274995877445
FixedParameters: 0 0 0
#Transform 15
Transform: MatrixOffsetTransformBase_double_3_3
Parameters: 0.9999934018376512 -0.0027444414755719506 -0.0022504314713098434 0.0027387116706106677 0.9999930425375301 -0.002614943220662913 0.002258162816447185 0.0026090549374077066 0.9999937141507923 -0.019349111749903614 -0.4896213437308248 -0.2629518412311711
FixedParameters: 0 0 0
#Transform 16
Transform: MatrixOffsetTransformBase_double_3_3
Parameters: 0.9999945232661805 -0.002250770857855542 -0.0023260134134050767 0.0022470603201924597 0.999996071862088 -0.0016494114027608697 0.002329769268182911 0.0016445889295294558 0.9999960261676952 -0.02952589223403379 -0.52502254684957 -0.222535355091793
FixedParameters: 0 0 0
#Transform 17
Transform: MatrixOffsetTransformBase_double_3_3
Parameters: 0.9999915127327299 -0.0026259478909689622 -0.003254289779633195 0.0026240186506256776 0.9999960015553513 -0.0008198496007226774 0.0032562099922980895 0.0008111526728922236 0.9999941810890183 -0.07468409658437736 -0.43351538903215214 -0.13384758139881114
FixedParameters: 0 0 0
#Transform 18
Transform: MatrixOffsetTransformBase_double_3_3
Parameters: 0.9999954580464779 -0.0019916808771285 -0.002361713273622528 0.0019838767779218323 0.9999927825315116 -0.003128747299357082 0.0023671954478600697 0.003124249769459686 0.9999921254253491 -0.025515500784024425 -0.5474183052094688 -0.32341732315256877
FixedParameters: 0 0 0
#Transform 19
Transform: MatrixOffsetTransformBase_double_3_3
Parameters: 0.9999911273078687 -0.002188954583148213 -0.003616362518735804 0.0021860167929738665 0.9999973817707759 -0.0009266295637888611 0.0036189714939329136 0.0009183709810211549 0.9999930435162185 -0.09006401584520063 -0.45320468598929153 -0.17293989453366976
FixedParameters: 0 0 0
#Transform 20
Transform: MatrixOffsetTransformBase_double_3_3
Parameters: 0.9999911948437995 -0.0028957535406226066 -0.003069111391788489 0.002892851532398841 0.9999951384492084 -0.001121652279212626 0.0030719251998772884 0.001112350218745728 0.999994561002004 -0.07383677921785647 -0.4693046208416689 -0.19242280240754894
FixedParameters: 0 0 0
#Transform 21
Transform: MatrixOffsetTransformBase_double_3_3
Parameters: 0.999992804828424 -0.0029578933480744734 -0.002539353714065973 0.0029511412298210194 0.9999931273162642 -0.0024500713984166866 0.0025462853134701167 0.0024429301681215265 0.9999937067205869 -0.04088860856833776 -0.5354165265907795 -0.2436833555971134
FixedParameters: 0 0 0
#Transform 22
Transform: MatrixOffsetTransformBase_double_3_3
Parameters: 0.9999944595712276 -0.00262134380737665 -0.0019153353236531201 0.002614929195684665 0.99999212788066 -0.0031549973757164507 0.0019243178402233458 0.0031500050108470012 0.999993455069056 -0.00793542911983991 -0.5828935152283563 -0.321915336101398
FixedParameters: 0 0 0
#Transform 23
Transform: MatrixOffsetTransformBase_double_3_3
Parameters: 0.9999932655442502 -0.0025666555340127873 -0.002673460599443171 0.0025594413830387374 0.9999935756498554 -0.0026551643226990773 0.0026801050552719553 0.0026478362958232693 0.9999926289155686 -0.07625159629594691 -0.5922470074735742 -0.2507665618086037
FixedParameters: 0 0 0
#Transform 24
Transform: MatrixOffsetTransformBase_double_3_3
Parameters: 0.9999914260469801 -0.0024102531908784955 -0.003430094937890424 0.0024075939058944406 0.9999969946882622 -0.000748108255922808 0.0034316750119937605 0.0007398928704134833 0.9999943242810856 -0.11415709805103802 -0.43154050583121517 -0.14308760959872302
FixedParameters: 0 0 0
#Transform 25
Transform: MatrixOffsetTransformBase_double_3_3
Parameters: 0.9999971094338832 -0.002155718798355486 -0.0004928016577688968 0.0021546135256553093 0.9999946345000188 -0.002502656452616603 0.0004987791175357862 0.002501343827829128 0.9999969548901437 0.05132171027528898 -0.5576046906602059 -0.39449564030016404
FixedParameters: 0 0 0
#Transform 26
Transform: MatrixOffsetTransformBase_double_3_3
Parameters: 0.9999966996164582 -0.002383985926208226 -0.000785807681230624 0.0023825789482966133 0.9999960719642988 -0.0017675941628678693 0.0007894208145794307 0.001765409824045161 0.9999983865862316 0.0181920233259234 -0.5898884709742589 -0.3325932008401651
FixedParameters: 0 0 0
#Transform 27
Transform: MatrixOffsetTransformBase_double_3_3
Parameters: 0.9999925696034528 -0.002311068486779741 -0.0031761134730173917 0.0023037259799226573 0.9999943065454053 -0.002368510630094467 0.0031819484642161997 0.0023614875980819683 0.9999920765534711 -0.1095062668361777 -0.5646115650402024 -0.2104339314930712
FixedParameters: 0 0 0
#Transform 28
Transform: MatrixOffsetTransformBase_double_3_3
Parameters: 0.9999917138911129 -0.0031243096138656445 -0.0025545498157181507 0.0031162605228278344 0.9999902282104489 -0.002983539680807945 0.0025639711023284543 0.0029754527654088925 0.9999917307514854 -0.06282340973751843 -0.5870378973994406 -0.3368222862615937
FixedParameters: 0 0 0
#Transform 29
Transform: MatrixOffsetTransformBase_double_3_3
Parameters: 0.99999911435047 -0.0013054200739478718 -0.00042683835139444416 0.0013043959890937902 0.9999983847412363 -0.0014560185825622796 0.0004284117981671148 0.0014549814924136317 0.9999984926447091 0.020097365362460096 -0.5657991065798811 -0.3785286349454111
FixedParameters: 0 0 0
#Transform 30
Transform: MatrixOffsetTransformBase_double_3_3
Parameters: 0.99999482382307 -0.0024862654103118935 -0.0019985420791444786 0.002485273996500393 0.9999970166462722 -0.0006288129664637765 0.0020000065947452334 0.0006231884323464887 0.9999980234221969 -0.046381835301218644 -0.5112860235301682 -0.32708816939242524
FixedParameters: 0 0 0
#Transform 31
Transform: MatrixOffsetTransformBase_double_3_3
Parameters: 0.9999971516665961 -0.002322900748543611 -0.0006737783833459831 0.0023204890101610315 0.9999940585552102 -0.0025352850876079747 0.0006798058577049042 0.0025337123454081123 0.9999962456980698 0.011941423462644707 -0.5668223818779694 -0.45815196995414453
FixedParameters: 0 0 0
#Transform 32
Transform: MatrixOffsetTransformBase_double_3_3
Parameters: 0.9999967510601432 -0.002429697891438644 -0.0005891169815649543 0.0024279101053447396 0.9999954220906727 -0.001885151882177194 0.0005938208797180165 0.0018838486335269744 0.9999982262706429 0.008621422597485662 -0.6174586063121552 -0.38944641157146975
FixedParameters: 0 0 0
#Transform 33
Transform: MatrixOffsetTransformBase_double_3_3
Parameters: 0.9999969553904025 -0.0023213165213820802 -0.0012867340983884483 0.002318779926339912 0.9999950511180055 -0.0022431683523006507 0.0012916167203516546 0.0022408348665017286 0.9999968511069338 -0.02054375781494855 -0.6043764836384327 -0.32975821054682797
FixedParameters: 0 0 0
#Transform 34
Transform: MatrixOffsetTransformBase_double_3_3
Parameters: 0.9999889377418748 -0.002970537983014331 -0.003498126094714784 0.0029582076040085893 0.9999889449974027 -0.003510479754234186 0.003508884434496967 0.003499513255583009 0.9999874225143788 -0.10671904426797596 -0.6072922236807443 -0.32415235539215814
FixedParameters: 0 0 0
#Transform 35
Transform: MatrixOffsetTransformBase_double_3_3
Parameters: 0.9999962798355718 -0.0025612573214748202 -0.00039933888213743315 0.0025612600711717526 0.9999958639107669 -0.0009949468677852291 0.00040091459680354884 0.0009930550852950137 0.9999994398474333 0.039675701373539596 -0.563398795924833 -0.38549288432832896
FixedParameters: 0 0 0
#Transform 36
Transform: MatrixOffsetTransformBase_double_3_3
Parameters: 0.9999931729273591 -0.0028949239708127277 -0.002333604913695053 0.0028885129047751374 0.9999922463262522 -0.002791524601666484 0.0023418475618558004 0.002784476873423758 0.9999933806251782 -0.05951560506397868 -0.6034978336766983 -0.23973804890559336
FixedParameters: 0 0 0
#Transform 37
Transform: MatrixOffsetTransformBase_double_3_3
Parameters: 0.9999898642195655 -0.0028495969784167563 -0.003466338914274699 0.002836496642398973 0.9999896267045187 -0.0036529687643244713 0.003477059867187955 0.003643033283766195 0.9999876214772327 -0.1163002764552914 -0.5938500671411049 -0.3055235258101163
FixedParameters: 0 0 0
#Transform 38
Transform: MatrixOffsetTransformBase_double_3_3
Parameters: 0.999991079298976 -0.002939029953619536 -0.0028780604957704715 0.0029275038532800813 0.999987198900423 -0.003999221680950404 0.002889606996932872 0.003990775449005668 0.9999879600976943 -0.09155944513236136 -0.6598067244434631 -0.2926236315570634
FixedParameters: 0 0 0
#Transform 39
Transform: MatrixOffsetTransformBase_double_3_3
Parameters: 0.9999908410083107 -0.0025592973426146744 -0.003551270426305032 0.0025514640766464156 0.999994598313238 -0.0021390513241583697 0.003556166149320356 0.0021299486440947146 0.9999911304605363 -0.11326617376266768 -0.5656422476683503 -0.2903782307129461
FixedParameters: 0 0 0
#Transform 40
Transform: MatrixOffsetTransformBase_double_3_3
Parameters: 0.9999894355294863 -0.003628160077877405 -0.002720060196750777 0.003619696303384396 0.9999884497687272 -0.003155689890920521 0.002732074461905615 0.003145306975343487 0.9999911343188961 -0.07460684405162965 -0.6217506370122763 -0.2661416688030158
FixedParameters: 0 0 0
#Transform 41
Transform: MatrixOffsetTransformBase_double_3_3
Parameters: 0.9999897478726438 -0.0034641382352657043 -0.00287268018124194 0.003454672750975415 0.9999880954820766 -0.003425105219717395 0.0028838782014495774 0.0034158992604064187 0.9999902525481561 -0.0884368132419695 -0.6038036234733326 -0.285471656005825
FixedParameters: 0 0 0
#Transform 42
Transform: MatrixOffsetTransformBase_double_3_3
Parameters: 0.9999912341087621 -0.003196592245146794 -0.0025581250899665625 0.0031886978686637263 0.9999897026100761 -0.003312744857900951 0.0025693649012203984 0.003304258926858372 0.9999916389901239 -0.05718028246855056 -0.6079110419039893 -0.3312217164096012
FixedParameters: 0 0 0
#Transform 43
Transform: MatrixOffsetTransformBase_double_3_3
Parameters: 0.9999884560797038 -0.0030052213677954124 -0.003809257967958671 0.0029970068395783695 0.9999932525032487 -0.0022903347970574806 0.0038162434236340376 0.002278666746313107 0.9999897656176071 -0.1351474383427842 -0.5730414831473851 -0.2793456526567013
FixedParameters: 0 0 0
#Transform 44
Transform: MatrixOffsetTransformBase_double_3_3
Parameters: 0.9999870643209388 -0.003231148803615619 -0.00393659792801249 0.0032241507894951392 0.9999936275390515 -0.0017074000003374223 0.003941921951453743 0.0016945998371123427 0.99999064993856 -0.14503899029026002 -0.524977386395058 -0.2727755279681219
FixedParameters: 0 0 0
#Transform 45
Transform: MatrixOffsetTransformBase_double_3_3
Parameters: 0.999993954524557 -0.0033078435469196307 -0.001050514577396083 0.003305467902908912 0.9999925962402793 -0.0020549144420650145 0.0010579937898058998 0.002051082076136579 0.9999969286394137 0.002637069258497604 -0.567729261463839 -0.42704978714905906
FixedParameters: 0 0 0
#Transform 46
Transform: MatrixOffsetTransformBase_double_3_3
Parameters: 0.9999882160217993 -0.0034480607766676705 -0.0034493690808989654 0.0034428706763459955 0.9999935243810487 -0.0012793707930154885 0.003453558432041186 0.00126762838648381 0.9999934480168132 -0.1154226962288476 -0.5330225243470821 -0.2984258915593898
FixedParameters: 0 0 0
#Transform 47
Transform: MatrixOffsetTransformBase_double_3_3
Parameters: 0.9999902121299227 -0.0038472151395458117 -0.00244626507225531 0.0038422240416576357 0.9999896562543362 -0.0023016943087004194 0.0024551119605771914 0.002292304116798538 0.9999940033923017 -0.055449441572818614 -0.5908981241307671 -0.2776421328216827
FixedParameters: 0 0 0
#Transform 48
Transform: MatrixOffsetTransformBase_double_3_3
Parameters: 0.9999893539805446 -0.0036537061788012052 -0.0027007088707322216 0.0036456546672236894 0.999988929971816 -0.0031018177043639072 0.002712494878998187 0.0030921819585711385 0.9999912410469254 -0.08542321943747311 -0.5990656494678603 -0.2833936721310124
FixedParameters: 0 0 0
#Transform 49
Transform: MatrixOffsetTransformBase_double_3_3
Parameters: 0.999986660523339 -0.0033928399015835786 -0.00397861637459257 0.0033769241160240774 0.9999866495801139 -0.003916968615537808 0.0039917723541594554 0.003904030634440503 0.9999844265997371 -0.1126544246689889 -0.6700792884060718 -0.3871145870776047
FixedParameters: 0 0 0
#Transform 50
Transform: MatrixOffsetTransformBase_double_3_3
Parameters: 0.9999924974131426 -0.003093825293862872 -0.002220816474329602 0.0030887707157867196 0.9999932942338882 -0.0022087686007481455 0.002227284075129245 0.002202236051135953 0.9999954746617867 -0.07066945489296472 -0.6394084271511247 -0.3841403539833834
FixedParameters: 0 0 0
#Transform 51
Transform: MatrixOffsetTransformBase_double_3_3
Parameters: 0.9999891843620552 -0.003175104084901053 -0.0034253944395710783 0.0031645325476593604 0.9999903277426638 -0.0030562244243913517 0.0034354281995221435 0.003045772744116715 0.9999892392812976 -0.1197344739100572 -0.6413102393614807 -0.28610319892553093
FixedParameters: 0 0 0
#Transform 52
Transform: MatrixOffsetTransformBase_double_3_3
Parameters: 0.9999960272112998 -0.002830879741215656 -0.0009789106306650908 0.002828032040917042 0.999990164220979 -0.0033236238910692717 0.0009877388282110045 0.0033203746682897717 0.9999937915166897 -0.010251416724685214 -0.5859418452909964 -0.47268188126878385
FixedParameters: 0 0 0
#Transform 53
Transform: MatrixOffsetTransformBase_double_3_3
Parameters: 0.9999948079715104 -0.0021575884047066256 -0.0023525443628464896 0.0021572565829827634 0.9999976358065916 -0.0004701264793681714 0.0023538480845304347 0.0004648753327527455 0.9999977350508213 -0.061133480555582764 -0.5574767882160501 -0.34645004009448144
FixedParameters: 0 0 0
#Transform 54
Transform: MatrixOffsetTransformBase_double_3_3
Parameters: 0.9999920530871971 -0.002665279244551102 -0.0028006125935132646 0.002660018316226223 0.9999948827696125 -0.001917561000554957 0.002805505482067125 0.001910439309132983 0.9999938434909622 -0.09086969246445165 -0.6126795732389567 -0.29640822468019223
FixedParameters: 0 0 0
#Transform 55
Transform: MatrixOffsetTransformBase_double_3_3
Parameters: 0.9999940411246934 -0.0024922116448682285 -0.0021790933669529246 0.0024841099111545402 0.9999911534333116 -0.003374941368547879 0.0021879919613495506 0.0033690567654846015 0.9999921468026499 -0.056847860436391784 -0.620618310340241 -0.43152059762240924
FixedParameters: 0 0 0
#Transform 56
Transform: MatrixOffsetTransformBase_double_3_3
Parameters: 0.9999954127462917 -0.0026391722963961884 -0.001619435478055225 0.0026386791767187058 0.9999967204213889 -0.0003325778407186619 0.0016198888750914246 0.00032842339691380174 0.9999984738635206 -0.045265004720079105 -0.5159902896256128 -0.4354694687181393
FixedParameters: 0 0 0
#Transform 57
Transform: MatrixOffsetTransformBase_double_3_3
Parameters: 0.9999951774951554 -0.0024145980304716556 -0.001997960157234537 0.002413209323991278 0.9999966948243789 -0.0007274612657391377 0.001999815060816853 0.000723537972082966 0.9999974299686167 -0.046715306323505956 -0.4895661080451106 -0.4105234950544059
FixedParameters: 0 0 0
#Transform 58
Transform: MatrixOffsetTransformBase_double_3_3
Parameters: 0.9999950556330767 -0.0027323405523891997 -0.0012168668178357952 0.0027302989131728936 0.9999958478142814 -0.0011669641413918352 0.0012197174579018472 0.0011640364048710605 0.9999984910305915 0.011426121495190955 -0.567755855378536 -0.40503202160508067
FixedParameters: 0 0 0
#Transform 59
Transform: MatrixOffsetTransformBase_double_3_3
Parameters: 0.9999893422848141 -0.0030120586959226934 -0.0035472628629340023 0.0030058601572522446 0.9999944291175723 -0.0016989061927996096 0.003553088691435331 0.0016880919757866764 0.9999921772508132 -0.10882855494361365 -0.5555356175108628 -0.3372037447574314
FixedParameters: 0 0 0
#Transform 60
Transform: MatrixOffsetTransformBase_double_3_3
Parameters: 0.9999849903044571 -0.003112648174509668 -0.004617405676152132 0.0031056190734045225 0.9999939084857652 -0.001600589754738091 0.004622235513045637 0.0015864120288220929 0.9999880032885302 -0.11208250135470621 -0.5850872893507955 -0.3723655473616816
FixedParameters: 0 0 0
#Transform 61
Transform: MatrixOffsetTransformBase_double_3_3
Parameters: 0.9999891185691328 -0.002981432414333382 -0.0034630771822713228 0.002973554276860114 0.9999929085463178 -0.0020654152591478847 0.0034696880127723364 0.0020545779446216605 0.9999917227837536 -0.09074666698060696 -0.6139476247073716 -0.3286555524741459
FixedParameters: 0 0 0
#Transform 62
Transform: MatrixOffsetTransformBase_double_3_3
Parameters: 0.9999944156898746 -0.0026219754492919304 -0.0019258609859832748 0.0026179170986728004 0.9999951144934303 -0.0019880235687887438 0.0019316785314920672 0.001982977417350651 0.9999964167455972 -0.032857229375878205 -0.565174296827692 -0.518381472203373
FixedParameters: 0 0 0
#Transform 63
Transform: MatrixOffsetTransformBase_double_3_3
Parameters: 0.9999928020305281 -0.002715436185664461 -0.0026124583348169183 0.002711063202469487 0.9999949117021525 -0.00170739791002944 0.0026167593788313406 0.0016996031696446257 0.9999950864774647 -0.06913647599893125 -0.6200398590855158 -0.40932444156442216
FixedParameters: 0 0 0
#Transform 64
Transform: MatrixOffsetTransformBase_double_3_3
Parameters: 0.9999853445768986 -0.0029072009139763538 -0.004604599817219362 0.002897286221802196 0.9999935579936827 -0.0021203443567882063 0.004611075177547805 0.0021066568231566385 0.9999878527405246 -0.1586837615668344 -0.5896165025862246 -0.33690483254326864
FixedParameters: 0 0 0
#Transform 65
Transform: MatrixOffsetTransformBase_double_3_3
Parameters: 0.9999910411644507 -0.0028475456247462356 -0.00313858088904352 0.0028386953252320674 0.9999928974678162 -0.0026718244581198647 0.0031464448258895997 0.002663172769802713 0.9999909125029564 -0.08819209019407026 -0.5864435613198964 -0.4508810169528772
FixedParameters: 0 0 0
#Transform 66
Transform: MatrixOffsetTransformBase_double_3_3
Parameters: 0.9999890053118724 -0.0029486477549264638 -0.0035072828773390907 0.0029429572745583664 0.9999943711402588 -0.0017284382976738843 0.003511777664948679 0.0017175665043498434 0.9999926966698169 -0.11075077248534626 -0.6288702071269014 -0.42523018391020173
FixedParameters: 0 0 0
#Transform 67
Transform: MatrixOffsetTransformBase_double_3_3
Parameters: 0.9999879678338672 -0.003439407542738291 -0.0034936128456993483 0.003431701439546167 0.9999914510404335 -0.002188492872126968 0.0035003707465330733 0.0021765060105135015 0.9999909901151256 -0.12427062853916482 -0.6315316296184506 -0.36531391573331007
FixedParameters: 0 0 0
#Transform 68
Transform: MatrixOffsetTransformBase_double_3_3
Parameters: 0.999990622957315 -0.0029159517693519194 -0.003297298629660197 0.0029068002744255736 0.9999916521930358 -0.00287183737697283 0.0033059778078669473 0.0028631632130778906 0.9999905255369675 -0.10363498451218334 -0.667875842653153 -0.5217830959884395
FixedParameters: 0 0 0
#Transform 69
Transform: MatrixOffsetTransformBase_double_3_3
Parameters: 0.9999817233179966 -0.003451033985758624 -0.0050369245829060575 0.003438737101201475 0.9999916524469529 -0.0023838466242318 0.005044560250189835 0.0023671570512296403 0.9999847847410736 -0.19092815435675448 -0.687121890459153 -0.3740113905127771
FixedParameters: 0 0 0
#Transform 70
Transform: MatrixOffsetTransformBase_double_3_3
Parameters: 0.9999889567931131 -0.002810383795377113 -0.0037613254723175052 0.0027990557975449562 0.9999920855145166 -0.002809196376958756 0.0037690339801427146 0.002797801814629186 0.9999891519420325 -0.13590662296539335 -0.6530906143618154 -0.5042676456026243
FixedParameters: 0 0 0
#Transform 71
Transform: MatrixOffsetTransformBase_double_3_3
Parameters: 0.9999902607381445 -0.003627328872694092 -0.002565463781667348 0.0036204206431358107 0.9999901401619329 -0.002567251835747242 0.002575224010593223 0.0025587433810848603 0.9999929825645543 -0.06428129636614699 -0.6798435695185319 -0.47066244680152636
FixedParameters: 0 0 0
#Transform 72
Transform: MatrixOffsetTransformBase_double_3_3
Parameters: 0.9999917854096988 -0.003380731510417284 -0.002405509970647282 0.003371311349954958 0.9999871721859118 -0.0038091604909846755 0.0024181562593846304 0.0038008389463817793 0.9999896569464141 -0.06945664137674612 -0.7250491037661249 -0.5483072361871848
FixedParameters: 0 0 0
#Transform 73
Transform: MatrixOffsetTransformBase_double_3_3
Parameters: 0.9999885113628362 -0.003226587780483846 -0.0034751508360036042 0.0032154743317181675 0.9999899190736493 -0.0030902284521697188 0.003485716140432034 0.003079769685238043 0.9999895576930085 -0.10671575808788702 -0.7515208865324894 -0.5290522601390819
FixedParameters: 0 0 0
#Transform 74
Transform: MatrixOffsetTransformBase_double_3_3
Parameters: 0.9999850275183875 -0.0032419549887835277 -0.004411341402793816 0.003228777957247405 0.9999893839845888 -0.00302984364719161 0.00442145475651425 0.0030151492475198882 0.9999853723649769 -0.14468935840028507 -0.7473834528863748 -0.4626444361192057
FixedParameters: 0 0 0
#Transform 75
Transform: MatrixOffsetTransformBase_double_3_3
Parameters: 0.9999917963578291 -0.0031509935879599437 -0.0025053137003497937 0.003142947016300688 0.9999900001137825 -0.0031564572946730096 0.002514691932689 0.0031485438242598307 0.9999919195981134 -0.06856298405955386 -0.6636170958998378 -0.4445994657872063
FixedParameters: 0 0 0
#Transform 76
Transform: MatrixOffsetTransformBase_double_3_3
Parameters: 0.9999886824179534 -0.002994475290954255 -0.0036538556124472506 0.0029830722814825033 0.999991161417422 -0.0029008219652650324 0.003663146051197912 0.0028901700270024255 0.999988753054696 -0.12708381513675704 -0.706934583149021 -0.5229894931138404
FixedParameters: 0 0 0
#Transform 77
Transform: MatrixOffsetTransformBase_double_3_3
Parameters: 0.999988902285719 -0.003061788286716183 -0.0034241691976425966 0.003050762069786747 0.9999911147058977 -0.0029877042162972933 0.0034334481407739107 0.0029772958569443952 0.9999899968335629 -0.12245381029902092 -0.7219165654849959 -0.4346470450412312
FixedParameters: 0 0 0
#Transform 78
Transform: MatrixOffsetTransformBase_double_3_3
Parameters: 0.9999872765486704 -0.00340604987815853 -0.0036225019814700244 0.003397093040689249 0.9999911502415995 -0.0025404838977449717 0.0036307928081899116 0.0025285191661731377 0.9999902788187292 -0.11758600543291209 -0.6875786598821207 -0.45245651517009833
FixedParameters: 0 0 0
#Transform 79
Transform: MatrixOffsetTransformBase_double_3_3
Parameters: 0.999978404939981 -0.0039911977421083576 -0.005163821622304222 0.003965595178020541 0.9999802598401023 -0.004883315815618905 0.005183481771046973 0.004861680672062996 0.9999746618174956 -0.12003067718188731 -0.8379926620611755 -0.742693501708402
FixedParameters: 0 0 0
#Transform 80
Transform: MatrixOffsetTransformBase_double_3_3
Parameters: 0.9999907252550876 -0.0031259031694743688 -0.0030831167547962727 0.0031158686925983523 0.9999899139030493 -0.003098193782155756 0.0030925397288031386 0.00308880416963081 0.9999906717359917 -0.09426317112166771 -0.7877962352472423 -0.5594666986814048
FixedParameters: 0 0 0
#Transform 81
Transform: MatrixOffsetTransformBase_double_3_3
Parameters: 0.9999904190515406 -0.002931453470659814 -0.0031605347773638647 0.0029200873414539446 0.9999889186219211 -0.0035276900633844366 0.0031705503581482314 0.003518305166960556 0.9999886771963782 -0.11254182459009598 -0.7518829100958939 -0.49385712906652657
FixedParameters: 0 0 0
#Transform 82
Transform: MatrixOffsetTransformBase_double_3_3
Parameters: 0.9999861141784091 -0.003069190943698224 -0.004179470331839027 0.003048481643610115 0.9999838291128083 -0.004859031333130481 0.004194055567898155 0.004845967908792048 0.9999791909629963 -0.15763406272870384 -0.7722279006761994 -0.524781062059418
FixedParameters: 0 0 0
#Transform 83
Transform: MatrixOffsetTransformBase_double_3_3
Parameters: 0.9999895675007208 -0.003274388889363639 -0.0031161230318023578 0.0032640188230455476 0.9999881200278862 -0.003511096436768002 0.0031271531170600116 0.003499903218374789 0.9999888702131026 -0.10920160734292494 -0.7242162762404831 -0.5348634158311825
FixedParameters: 0 0 0
#Transform 84
Transform: MatrixOffsetTransformBase_double_3_3
Parameters: 0.9999928284446655 -0.0031202298371089646 -0.0023309708458218903 0.003114961951068473 0.9999916377688343 -0.0025498378228831498 0.0023389671860514685 0.0025431632228588574 0.9999942212785663 -0.07165576321980893 -0.7145599285163016 -0.45749054816323564
FixedParameters: 0 0 0
#Transform 85
Transform: MatrixOffsetTransformBase_double_3_3
Parameters: 0.999989472857346 -0.0029894531941593366 -0.0034044311401658853 0.0029737754396090715 0.9999857807638094 -0.004538729416024734 0.0034181482629087882 0.004528270927823708 0.9999835864256488 -0.10504361722158251 -0.7560832690691228 -0.5439588427670117
FixedParameters: 0 0 0
#Transform 86
Transform: MatrixOffsetTransformBase_double_3_3
Parameters: 0.9999901068285836 -0.003165176777871642 -0.0031420821326252762 0.00315758406534108 0.9999920282506988 -0.0024698371485943893 0.0031503604828437433 0.00245916171822419 0.9999919309815922 -0.10050909662552954 -0.6850002113814355 -0.5245567595540024
FixedParameters: 0 0 0
#Transform 87
Transform: MatrixOffsetTransformBase_double_3_3
Parameters: 0.9999918193764669 -0.0031268239935277327 -0.0025306692172330173 0.0031204790105344173 0.9999919423635969 -0.0026764783797342817 0.0025381926346550125 0.002668529383272167 0.9999935923966203 -0.0931839545445996 -0.7192536910636846 -0.48215320291609487
FixedParameters: 0 0 0
#Transform 88
Transform: MatrixOffsetTransformBase_double_3_3
Parameters: 0.9999919657048616 -0.002658594115541238 -0.0029942609049778686 0.0026490350531170807 0.9999919652438412 -0.0030735949856819933 0.003002891844037937 0.003065406106816604 0.999991156677442 -0.09916593927550821 -0.6671782609390888 -0.5145830167637371
FixedParameters: 0 0 0
#Transform 89
Transform: MatrixOffsetTransformBase_double_3_3
Parameters: 0.9999893061430887 -0.0028652692130068788 -0.0035333195867430197 0.002854967057981825 0.9999917773892228 -0.002844213241263216 0.003541541779970228 0.002833783238465837 0.9999894088060144 -0.1303603840531764 -0.7399075556402366 -0.5288346160646142
FixedParameters: 0 0 0
#Transform 90
Transform: MatrixOffsetTransformBase_double_3_3
Parameters: 0.9999901539678264 -0.002786343775775685 -0.00332913420930483 0.002776704713458537 0.9999921278875541 -0.002778573344717261 0.0033369024961253085 0.0027684245498524884 0.9999906413797734 -0.11336896917478612 -0.7153291302180094 -0.48684481207985186
FixedParameters: 0 0 0
#Transform 91
Transform: MatrixOffsetTransformBase_double_3_3
Parameters: 0.9999921025757613 -0.0029648828427552 -0.0024717824100373804 0.002956452361055124 0.9999900304470178 -0.003276762107863762 0.002480699521826947 0.0032692383189233953 0.9999916469320466 -0.07221040637213605 -0.7177934407301549 -0.4538186539029425
FixedParameters: 0 0 0
#Transform 92
Transform: MatrixOffsetTransformBase_double_3_3
Parameters: 0.9999894210191262 -0.0029045576298253268 -0.003625182064369731 0.0028911268094568626 0.9999895393953638 -0.003667744403326234 0.0036360301033392115 0.0036572529409735766 0.9999860535868659 -0.118993825228074 -0.7167841869126761 -0.6046555337062784
FixedParameters: 0 0 0
#Transform 93
Transform: MatrixOffsetTransformBase_double_3_3
Parameters: 0.9999898215392767 -0.0028482751688414538 -0.0034735920146987277 0.0028340504494597757 0.9999876978448118 -0.004157986493015853 0.003485164427414643 0.004148020444381173 0.9999856285251161 -0.1311797310607119 -0.7781567862517633 -0.51726735826756
FixedParameters: 0 0 0
#Transform 94
Transform: MatrixOffsetTransformBase_double_3_3
Parameters: 0.9999901837985632 -0.002788440439921888 -0.0033224426684785183 0.0027760719815608363 0.999988561670165 -0.0038403564567914827 0.0033334094908406982 0.003831643103708593 0.9999871920914121 -0.1168367822544667 -0.7075814241443226 -0.5242549229923839
FixedParameters: 0 0 0
#Transform 95
Transform: MatrixOffsetTransformBase_double_3_3
Parameters: 0.9999917019509645 -0.002714429850975004 -0.003151242835955895 0.0027084800863785706 0.9999943694015779 -0.0019628565117348895 0.0031562071462535434 0.0019541471602512184 0.9999936610573585 -0.12752670243693842 -0.6641424159011606 -0.4711703136289884
FixedParameters: 0 0 0
#Transform 96
Transform: MatrixOffsetTransformBase_double_3_3
Parameters: 0.9999911292740075 -0.0030815306548491036 -0.0028933101773994992 0.0030793898375751126 0.9999946979926242 -0.000957809574869628 0.0028968234886972 0.000949190740904049 0.9999956129481629 -0.10778213766886324 -0.578642102576481 -0.5559782883597961
FixedParameters: 0 0 0
#Transform 97
Transform: MatrixOffsetTransformBase_double_3_3
Parameters: 0.9999889703480362 -0.003365362068884282 -0.003272120857408048 0.003360279440794773 0.9999934900506988 -0.0013316954451729757 0.0032764528076889544 0.0013203031582451064 0.999993963726391 -0.1285716271614774 -0.6341033702842651 -0.4399114849365162
FixedParameters: 0 0 0
#Transform 98
Transform: MatrixOffsetTransformBase_double_3_3
Parameters: 0.9999762618251751 -0.0034403909685975847 -0.005991524548214572 0.003410442137481154 0.9999808056328031 -0.005081777784749497 0.006009112329658198 0.005061218390219835 0.9999690150427868 -0.27155907757813225 -0.6738961883609988 -0.8088277441364085
FixedParameters: 0 0 0
#Transform 99
Transform: MatrixOffsetTransformBase_double_3_3
Parameters: 0.9999858507941182 -0.0032544070134752643 -0.004308199402136402 0.0032394506393076863 0.9999882249173893 -0.0035496931238133134 0.004318824121383977 0.0035363102356331666 0.9999845199051578 -0.18985514527960845 -0.8270527707026005 -0.4087649740262975
FixedParameters: 0 0 0
#Transform 100
Transform: MatrixOffsetTransformBase_double_3_3
Parameters: 0.9999888467498591 -0.0031780388984758968 -0.0036128687096764695 0.003169107706939795 0.9999925707931475 -0.002463830997678884 0.0036208091689951647 0.002452170286481037 0.9999901923376517 -0.16010879909768505 -0.7783607114044386 -0.4447962551820126
FixedParameters: 0 0 0
#Transform 101
Transform: MatrixOffsetTransformBase_double_3_3
Parameters: 0.9999924410530793 -0.0026310805225677938 -0.0029385765723180827 0.0026269298636557004 0.9999951542920591 -0.0015413679214177356 0.002942651963360759 0.0015336326398071032 0.9999945589264723 -0.12065411388994107 -0.6840673977586889 -0.46928297824013043
FixedParameters: 0 0 0
#Transform 102
Transform: MatrixOffsetTransformBase_double_3_3
Parameters: 0.9999895149282388 -0.003205823600448977 -0.0031949193482380886 0.003200192450198647 0.9999932815764935 -0.0019772628578800244 0.0032006046354340007 0.0019667408035575207 0.9999924557294764 -0.14247401344360355 -0.6873722038303853 -0.4580167023888748
FixedParameters: 0 0 0
#Transform 103
Transform: MatrixOffsetTransformBase_double_3_3
Parameters: 0.9999921527283656 -0.003052847209775709 -0.0023509863649078503 0.0030502957390838898 0.9999946929614772 -0.001311071805365105 0.002354379962211628 0.001303930900519834 0.9999960406366745 -0.09042389351415636 -0.6141264403308568 -0.4584301061647693
FixedParameters: 0 0 0
#Transform 104
Transform: MatrixOffsetTransformBase_double_3_3
Parameters: 0.9999883552875114 -0.002948415794094626 -0.0037354046973701563 0.0029336794064845637 0.9999880422095693 -0.003936768127413337 0.0037465009292212766 0.003925234893083773 0.9999854072497723 -0.13537661207809037 -0.5649994285384281 -0.4457138793497961
FixedParameters: 0 0 0
#Transform 105
Transform: MatrixOffsetTransformBase_double_3_3
Parameters: 0.9999913195478003 -0.0029171297477065673 -0.003028442974639685 0.002908706133271213 0.999992826397975 -0.002544597122326797 0.0030362932279576617 0.0025354029726825655 0.9999925898720361 -0.11956300376704121 -0.5597647461324797 -0.4237742472575974
FixedParameters: 0 0 0
#Transform 106
Transform: MatrixOffsetTransformBase_double_3_3
Parameters: 0.999989194505023 -0.0025109625092227493 -0.003808209984975576 0.0025044360917757347 0.9999955621756859 -0.0016260639457779114 0.003811974417994987 0.001615935374968791 0.9999913770176568 -0.15764038951536463 -0.5662577523205243 -0.47587020967523586
FixedParameters: 0 0 0
#Transform 107
Transform: MatrixOffsetTransformBase_double_3_3
Parameters: 0.9999946424917127 -0.002265507162403381 -0.0022858926758761544 0.002262384644073851 0.9999966904794174 -0.001015352606916875 0.0022888317598826783 0.001010643673762246 0.9999968996723559 -0.0937142363445389 -0.5479952829977961 -0.45068790778830703
FixedParameters: 0 0 0
#Transform 108
Transform: MatrixOffsetTransformBase_double_3_3
Parameters: 0.9999914668714973 -0.002855499091999057 -0.00289452784046717 0.0028586439511233052 0.999995463909842 0.0010619710199438193 0.002891731896412172 -0.001070030790682408 0.9999957302378828 -0.11946912148155775 -0.45229328682307823 -0.37013077376158776
FixedParameters: 0 0 0
#Transform 109
Transform: MatrixOffsetTransformBase_double_3_3
Parameters: 0.999994375593617 -0.002421592640695092 -0.00240011714775906 0.00241993754531571 0.9999968803217791 -0.0006621150657845076 0.002401662465769199 0.0006568845599559392 0.9999966253891724 -0.09041100817140091 -0.6189349658083714 -0.4339860584597375
FixedParameters: 0 0 0
#Transform 110
Transform: MatrixOffsetTransformBase_double_3_3
Parameters: 0.9999926657845644 -0.0025681373395170714 -0.0027817485154220147 0.0025661335205748675 0.9999960732292219 -0.0008031134348465141 0.002783848962200644 0.0007958857676769737 0.9999953141510121 -0.1197183254116112 -0.6476833194128915 -0.4386421441227242
FixedParameters: 0 0 0
#Transform 111
Transform: MatrixOffsetTransformBase_double_3_3
Parameters: 0.9999833402999947 -0.0025301950531142524 -0.005220779931460034 0.0025297714491576725 0.9999967142063041 -0.00022592746680560882 0.0052211771250839124 0.00021307675851583996 0.9999865297315236 -0.20825500813941744 -0.4820843429504009 -0.2158630158089636
FixedParameters: 0 0 0
#Transform 112
Transform: MatrixOffsetTransformBase_double_3_3
Parameters: 0.9999968095543778 0.0018512902661360102 -0.0016618074333821454 -0.0018739425287805458 0.9999097051502016 -0.01333167415226344 0.0016371728550315927 0.013334328540799967 0.999909550237891 0.5117606040244311 -0.9964609741623889 -0.5378939125892543
FixedParameters: 0 0 0
#Transform 113
Transform: MatrixOffsetTransformBase_double_3_3
Parameters: 0.9999872629861624 -0.0030507684041413967 -0.004053352636480815 0.0030506752001769914 0.9999954256530246 -0.00001759059325290302 0.004053422801051714 0.000005409113843835023 0.9999918370686481 -0.034261057777342785 -0.2575734292345899 -0.2080724047804665
FixedParameters: 0 0 0
#Transform 114
Transform: MatrixOffsetTransformBase_double_3_3
Parameters: 0.9999960871506047 -0.002955843814777699 0.0004200976537320349 0.0029557740599499846 0.9999953036977209 -0.0003413472016641772 -0.0004190100696053175 0.0003426522689247702 0.9999995495244086 0.16449545717236447 -0.29719066991849985 0.07597110926482742
FixedParameters: 0 0 0
#Transform 115
