#Insight Transform File V1.0
#Transform 0
Transform: MatrixOffsetTransformBase_double_3_3
Parameters: 0.9999980170385969 -0.0011177835574175735 0.0016532401205375748 0.0011234299588305326 0.9999929045461764 -0.0034878945590567922 -0.0016495987603229116 0.003490104783456738 0.9999927661546358 0.245170098061692 -0.5170495876840349 -0.15007388595830662
FixedParameters: 0 0 0
#Transform 1
Transform: MatrixOffsetTransformBase_double_3_3
Parameters: 0.9999978557136887 -0.001458370803740464 0.001737523334383399 0.0014627930434510594 0.9999958578415233 -0.002491544053479955 -0.0017329074431411148 0.002494455416777841 0.999995567740108 0.2548551124239964 -0.4161639864093871 -0.08383530403176565
FixedParameters: 0 0 0
#Transform 2
Transform: MatrixOffsetTransformBase_double_3_3
Parameters: 0.999997519213117 -0.0012900665650380195 0.0016785195464944574 0.0012995339731473863 0.9999838560295267 -0.005457576201025105 -0.0016706501800142525 0.0054604217651076925 0.999984061322348 0.2388996122043352 -0.6581541750793747 -0.26595231795249674
FixedParameters: 0 0 0
#Transform 3
Transform: MatrixOffsetTransformBase_double_3_3
Parameters: 0.9999984671641817 -0.0006094324674107462 0.0014700641863042738 0.0006175744008888024 0.9999850274566553 -0.005408968867230579 -0.0014668914338518838 0.005410025204533431 0.9999839138939834 0.21240947285107836 -0.7241236823176678 -0.3723530325459308
FixedParameters: 0 0 0
#Transform 4
Transform: MatrixOffsetTransformBase_double_3_3
Parameters: 0.9999989145675627 -0.0006616548865672981 0.0008048582284278316 0.0006656874885889325 0.9999857653654642 -0.005365470702746289 -0.0008013364560488606 0.00536653666224185 0.9999855608204709 0.17567333974020016 -0.6953934741202374 -0.21376719922804455
FixedParameters: 0 0 0
#Transform 5
Transform: MatrixOffsetTransformBase_double_3_3
Parameters: 0.9999974516695781 -0.0006952593333297477 0.0020164026522991275 0.0007069611594787072 0.9999843470947912 -0.00561133403265468 -0.002011862091521443 0.0056126673328926735 0.9999821149115926 0.23293366775649815 -0.6773186978442638 -0.22422696040896994
FixedParameters: 0 0 0
#Transform 6
Transform: MatrixOffsetTransformBase_double_3_3
Parameters: 0.9999980970533635 -0.0011465498775648313 0.0016088654573295671 0.0011552557633902156 0.9999841134710132 -0.005455226827020987 -0.0016025741070820499 0.005456765394688423 0.9999834472519302 0.23212014212430176 -0.7106774078974283 -0.208586687106731
FixedParameters: 0 0 0
#Transform 7
Transform: MatrixOffsetTransformBase_double_3_3
Parameters: 0.9999973159045119 -0.0011817951364194452 0.0018131617715573785 0.0011936428067924492 0.9999785273114523 -0.006422925615950703 -0.0018053241156896615 0.006425065889454518 0.9999772521475719 0.2445005716855917 -0.7497718088575169 -0.2868763477231937
FixedParameters: 0 0 0
#Transform 8
Transform: MatrixOffsetTransformBase_double_3_3
Parameters: 0.9999997786453868 -0.0009877186096825254 0.0004949961696231708 0.0009915473919540503 0.9999786752983668 -0.006429513417499033 -0.0004888087841472606 0.006430486994790985 0.9999794126644377 0.14276138265674376 -0.8045051732859108 -0.45184260930184905
FixedParameters: 0 0 0
#Transform 9
Transform: MatrixOffsetTransformBase_double_3_3
Parameters: 0.9999995709705416 -0.000855288551206714 0.0008351679901458802 0.0008607537208594885 0.999978114496607 -0.006466155073664659 -0.000829540294145493 0.006466837927550262 0.9999788243708196 0.16796162504465428 -0.7981690925331861 -0.395776259685789
FixedParameters: 0 0 0
#Transform 10
Transform: MatrixOffsetTransformBase_double_3_3
Parameters: 0.9999987606148124 -0.0012088582155496555 0.0013331083897021722 0.0012170559715152004 0.9999791948923693 -0.006313590669804303 -0.001326282360993149 0.006315404378709977 0.9999788190737087 0.22430532975124606 -0.7388528960407612 -0.29376225733238925
FixedParameters: 0 0 0
#Transform 11
Transform: MatrixOffsetTransformBase_double_3_3
Parameters: 0.9999980691417489 -0.001223996506629015 0.001559853097117913 0.0012366597788082642 0.9999675436707858 -0.007966289112953107 -0.0015495382193817257 0.007968702696352303 0.9999665612843305 0.23675850997929615 -0.8948476475454967 -0.3722242226550634
FixedParameters: 0 0 0
#Transform 12
Transform: MatrixOffsetTransformBase_double_3_3
Parameters: 0.9999979572556437 -0.001339563868009113 0.0011172275079444792 0.0013475005668897421 0.9999733176189642 -0.007169711912780541 -0.0011077431405905102 0.007171289220274657 0.9999738060877428 0.21036831279374724 -0.8776078490851873 -0.32213186531794236
FixedParameters: 0 0 0
#Transform 13
Transform: MatrixOffsetTransformBase_double_3_3
Parameters: 0.9999981518946309 -0.0012838720617285538 0.0010951823435800536 0.0012910937356864613 0.9999751119204033 -0.006982807615975861 -0.0010869833419857265 0.006984205096044804 0.9999755000824054 0.2088569032493126 -0.8713053516550957 -0.27155824157046027
FixedParameters: 0 0 0
#Transform 14
Transform: MatrixOffsetTransformBase_double_3_3
Parameters: 0.9999989410606369 -0.0011325909845290067 0.0013333202871148807 0.0011421067580875775 0.9999717171784531 -0.007517701814429512 -0.001323996771060702 0.007519312099095898 0.9999711664091436 0.22904306088207704 -0.8886791529445972 -0.30076087233848625
FixedParameters: 0 0 0
#Transform 15
Transform: MatrixOffsetTransformBase_double_3_3
Parameters: 0.9999979291814607 -0.001161124910849708 0.0013123524476752737 0.001171058747743062 0.9999704497938154 -0.0075755540699417034 -0.0013037535775683796 0.007576447203031855 0.9999706860906865 0.21877979916172308 -0.8693154836534731 -0.34400714113616004
FixedParameters: 0 0 0
#Transform 16
Transform: MatrixOffsetTransformBase_double_3_3
Parameters: 0.9999971141570128 -0.0012370818172347212 0.0018319175953869062 0.001251090337670913 0.9999694864054649 -0.00775580880532456 -0.0018221279930292667 0.007758197294672475 0.9999682836488291 0.23739043884572197 -0.8917112934802987 -0.3042172587464904
FixedParameters: 0 0 0
#Transform 17
Transform: MatrixOffsetTransformBase_double_3_3
Parameters: 0.9999981355067403 -0.0010485912910417558 0.001662848627816028 0.0010619144403530003 0.9999689358239475 -0.007840452063595849 -0.0016542986254922947 0.007842540496090178 0.9999672194878506 0.22853551107527892 -0.8973899118328603 -0.3136047160716089
FixedParameters: 0 0 0
#Transform 18
Transform: MatrixOffsetTransformBase_double_3_3
Parameters: 0.9999982215316114 -0.0013084284504221739 0.0014378261189177607 0.0013194279835338073 0.999968896817104 -0.0077393173066798715 -0.0014271323441840064 0.007741669663059059 0.9999684922271459 0.22577048176825087 -0.8955478021448897 -0.28261497814574454
FixedParameters: 0 0 0
#Transform 19
Transform: MatrixOffsetTransformBase_double_3_3
Parameters: 0.9999988566028595 -0.001304675968028311 0.0012006937307299471 0.0013135040086694936 0.999971212450177 -0.007434514437704098 -0.0011906540276558793 0.007435487439849731 0.9999720840741672 0.21769544336495983 -0.8906165313203545 -0.2784691093708318
FixedParameters: 0 0 0
#Transform 20
Transform: MatrixOffsetTransformBase_double_3_3
Parameters: 0.9999971136812489 -0.0012768195626714684 0.0018044671310674678 0.0012899871159588808 0.9999696504676236 -0.007738774951535132 -0.00179504540893631 0.007741237113269239 0.9999686459794033 0.25038330176607815 -0.8688240145015484 -0.2926944917489891
FixedParameters: 0 0 0
#Transform 21
Transform: MatrixOffsetTransformBase_double_3_3
Parameters: 0.9999972693323151 -0.0009850513898924775 0.0019392922204721206 0.0010009932081209117 0.9999658763603139 -0.008212825053294515 -0.0019308423318988885 0.008215177253368344 0.9999644509252674 0.2539851042604937 -0.9175315899329206 -0.31369101972151725
FixedParameters: 0 0 0
#Transform 22
Transform: MatrixOffsetTransformBase_double_3_3
Parameters: 0.9999986157176967 -0.001242956152236354 0.0013565640073228042 0.001254556406236804 0.9999639054123063 -0.00842952037539424 -0.0013451557901953898 0.008431482171354754 0.9999635609773405 0.2203355955984705 -0.9478037864524822 -0.34741852750073576
FixedParameters: 0 0 0
#Transform 23
Transform: MatrixOffsetTransformBase_double_3_3
Parameters: 0.9999986694156312 -0.0010133987886284672 0.0015174959903066654 0.001027351559911094 0.9999545578339388 -0.009465532953722822 -0.001508623521249646 0.009466463249670931 0.9999538971417962 0.22242731195458987 -1.038904358407052 -0.3958767140684927
FixedParameters: 0 0 0
#Transform 24
Transform: MatrixOffsetTransformBase_double_3_3
Parameters: 0.999997491105625 -0.0011747698367742616 0.0017688852875961136 0.0011877483087487453 0.9999690295386447 -0.007738660694018573 -0.0017601105781499837 0.007741338415764798 0.999968644444529 0.23176982812714186 -0.9172503107661143 -0.2563910544833732
FixedParameters: 0 0 0
#Transform 25
Transform: MatrixOffsetTransformBase_double_3_3
Parameters: 0.999998179035899 -0.0010695799789823737 0.0016359772875109485 0.0010828034209824432 0.9999672604951432 -0.008048325133297729 -0.0016275864753181502 0.00804967987530536 0.9999663434760856 0.24223539943591277 -0.915764066884087 -0.29383475867066977
FixedParameters: 0 0 0
#Transform 26
Transform: MatrixOffsetTransformBase_double_3_3
Parameters: 0.9999987958341449 -0.0009496819038688698 0.0015173354808887568 0.0009638317076627223 0.9999597396132509 -0.008869294768934666 -0.0015083620548258746 0.008870698682588163 0.9999596992578689 0.230229206329426 -1.000096403385605 -0.3279688381641961
FixedParameters: 0 0 0
#Transform 27
Transform: MatrixOffsetTransformBase_double_3_3
Parameters: 0.9999975566545596 -0.0011910567958194715 0.001739188279383123 0.001206709363126709 0.999957195579851 -0.009122868868589207 -0.0017283349315997385 0.009124123095356873 0.9999568809946492 0.24624058622077882 -1.003967568422084 -0.3440369962124237
FixedParameters: 0 0 0
#Transform 28
Transform: MatrixOffsetTransformBase_double_3_3
Parameters: 0.999997347438798 -0.0012474598598236006 0.0017596891035953977 0.0012618326471031656 0.9999650227172046 -0.008281878133751863 -0.0017493499287824007 0.008284123280444533 0.999964106018564 0.24047669229906887 -0.9475892520415243 -0.29163572899318524
FixedParameters: 0 0 0
#Transform 29
Transform: MatrixOffsetTransformBase_double_3_3
Parameters: 0.9999983270996309 -0.0012071724056494754 0.0014881693895700905 0.0012204104675940291 0.9999608620448732 -0.008785405632051713 -0.001477998176254906 0.008787593947682248 0.9999600567720769 0.22484665948607585 -0.9923052157850023 -0.3170162734918165
FixedParameters: 0 0 0
#Transform 30
Transform: MatrixOffsetTransformBase_double_3_3
Parameters: 0.9999983239291768 -0.0009713601529791339 0.0016529916859684478 0.0009861778469512257 0.999957980801175 -0.009124464436147395 -0.001644283515848804 0.009125534230964794 0.9999568082705536 0.23789538252435705 -0.9998543980178951 -0.30068372016017975
FixedParameters: 0 0 0
#Transform 31
Transform: MatrixOffsetTransformBase_double_3_3
Parameters: 0.9999975491404774 -0.0010558344315446447 0.0018261925761731178 0.0010739118740306995 0.9999498282857204 -0.009961135094276041 -0.0018162194015964885 0.00996285634945443 0.999948232906661 0.2510076682879685 -1.0445771053874253 -0.34657421066145844
FixedParameters: 0 0 0
#Transform 32
Transform: MatrixOffsetTransformBase_double_3_3
Parameters: 0.9999987915496231 -0.0007808337293303547 0.0016120779189559113 0.0007978587017670013 0.9999390287555208 -0.01102480850437143 -0.001603691051566155 0.01102518937665492 0.9999376539850549 0.22426642253304863 -1.1744934367013116 -0.35801820002856743
FixedParameters: 0 0 0
#Transform 33
Transform: MatrixOffsetTransformBase_double_3_3
Parameters: 0.9999978311780097 -0.0010215983230170047 0.0017678739226233426 0.0010394358345877544 0.9999477734592547 -0.010122923119088634 -0.0017573171163385354 0.010125064972474451 0.9999470616210068 0.24796768994312401 -1.0756109127150282 -0.3477412844823107
FixedParameters: 0 0 0
#Transform 34
Transform: MatrixOffsetTransformBase_double_3_3
Parameters: 0.9999972793690068 -0.0009587141368556219 0.0019502300566787453 0.0009780472878840895 0.9999504303807913 -0.009946868276536347 -0.0019396245846899547 0.009949144230119944 0.9999489183253203 0.2509641365811319 -1.0957070097250892 -0.29477884344044014
FixedParameters: 0 0 0
#Transform 35
Transform: MatrixOffsetTransformBase_double_3_3
Parameters: 0.9999974754869858 -0.0009392351974031076 0.0019086082084204567 0.0009583514198593758 0.9999473904747144 -0.0101989363510821 -0.001898848483622317 0.010201057923541423 0.9999459994228751 0.2541275329888606 -1.1030402895332685 -0.29664088116419407
FixedParameters: 0 0 0
#Transform 36
Transform: MatrixOffsetTransformBase_double_3_3
Parameters: 0.9999975399482371 -0.0009389035747980853 0.002140105917051878 0.0009622276292653658 0.9999376603356338 -0.011123711052038354 -0.0021289927662720494 0.01112627822435569 0.9999353404848759 0.2683920315317039 -1.1476835879645648 -0.32403231803147037
FixedParameters: 0 0 0
#Transform 37
Transform: MatrixOffsetTransformBase_double_3_3
Parameters: 0.999997729912721 -0.0009295705099491773 0.0020986889850565698 0.0009548583653918167 0.9999312625241027 -0.011673439693018428 -0.0020880161011205866 0.01167656011535989 0.9999298464919847 0.25961460603014075 -1.2158041271030129 -0.3637986592296727
FixedParameters: 0 0 0
#Transform 38
Transform: MatrixOffsetTransformBase_double_3_3
Parameters: 0.9999980545143581 -0.0008117743971565958 0.0018129381855163413 0.0008309832843563274 0.9999429345456179 -0.010663263255690225 -0.0018040812841813112 0.010664743267011612 0.9999416714162737 0.24775911150848628 -1.1709197421864985 -0.3273297118520304
FixedParameters: 0 0 0
#Transform 39
Transform: MatrixOffsetTransformBase_double_3_3
Parameters: 0.9999973117908102 -0.0014498611365716197 0.0016083847492559488 0.0014657725499730267 0.9999489982589341 -0.01000275042951898 -0.0015933984476807495 0.010005260620796541 0.9999491481465815 0.23914019270677045 -1.057306623974327 -0.35512615231692735
FixedParameters: 0 0 0
#Transform 40
Transform: MatrixOffsetTransformBase_double_3_3
Parameters: 0.9999980738507147 -0.0010024416802609914 0.001386245141324686 0.001017413409833151 0.9999417707832798 -0.01074268541340373 -0.001374990851789214 0.010743316595548558 0.9999414721187202 0.2222485330101449 -1.1760811741065211 -0.313833689613233
FixedParameters: 0 0 0
#Transform 41
Transform: MatrixOffsetTransformBase_double_3_3
Parameters: 0.999997155600392 -0.0006084630490719152 0.0021152188016450796 0.0006337641742821444 0.999928230251778 -0.011987432324876313 -0.0021077821965250544 0.011988564358659692 0.9999254904249999 0.26831730526936326 -1.2448311802515306 -0.32975802902461737
FixedParameters: 0 0 0
#Transform 42
Transform: MatrixOffsetTransformBase_double_3_3
Parameters: 0.9999977180272198 -0.0010140434556933065 0.0018040447014564995 0.0010351000125513618 0.999924043916206 -0.01225589971959945 -0.001791546913148046 0.012258092769044937 0.999923194497563 0.24879576937783554 -1.2478828852416939 -0.3830336998362611
FixedParameters: 0 0 0
#Transform 43
Transform: MatrixOffsetTransformBase_double_3_3
Parameters: 0.9999978644997894 -0.0008933282175380113 0.0015285487840187607 0.0009100426731223039 0.9999390896358413 -0.011033506398921922 -0.0015193153036027302 0.011035509149260492 0.9999382467078431 0.23125441654633505 -1.2072760192363248 -0.3306313074377272
FixedParameters: 0 0 0
#Transform 44
Transform: MatrixOffsetTransformBase_double_3_3
Parameters: 0.9999986664958467 -0.0007324464719603682 0.0016724002990895965 0.0007495430730217744 0.9999404250043594 -0.010924520823988981 -0.0016648710896467335 0.010925502767325845 0.9999395226618935 0.24578904087309184 -1.1889468260635283 -0.2974351357200362
FixedParameters: 0 0 0
#Transform 45
Transform: MatrixOffsetTransformBase_double_3_3
Parameters: 0.9999975030827772 -0.0009219283594864167 0.0019094498931909072 0.0009468735039391833 0.9999171901839844 -0.012841849584478426 -0.0018977116012215266 0.012843170638999812 0.9999164390541946 0.25838463673636625 -1.2740478928605228 -0.383076215374075
FixedParameters: 0 0 0
#Transform 46
Transform: MatrixOffsetTransformBase_double_3_3
Parameters: 0.9999979697691458 -0.0005252076488917105 0.0016595049581465545 0.000546688227888022 0.9999176593533698 -0.012786524016401957 -0.001652812370839085 0.012787474819958955 0.9999172820765696 0.23626307336866148 -1.318259008315465 -0.3567752112336393
FixedParameters: 0 0 0
#Transform 47
Transform: MatrixOffsetTransformBase_double_3_3
Parameters: 0.9999972311515578 -0.0008359131227118419 0.0020175149753159454 0.0008585865333801685 0.9999321911011244 -0.011636043269536545 -0.00200783304687803 0.011637962834784188 0.9999301909485324 0.2638953038343175 -1.2571787902472522 -0.3373446978608854
FixedParameters: 0 0 0
#Transform 48
Transform: MatrixOffsetTransformBase_double_3_3
Parameters: 0.9999980110408918 -0.0007359122640685513 0.001856625825008825 0.0007577943834439344 0.9999310840249116 -0.011733365657557504 -0.0018479807762770944 0.011734641525809164 0.9999295436656291 0.25781534755918756 -1.2089807984282714 -0.3123578438136292
FixedParameters: 0 0 0
#Transform 49
Transform: MatrixOffsetTransformBase_double_3_3
Parameters: 0.999997644131774 -0.000840369943312533 0.0019107917252569376 0.0008646600605940438 0.999914087992455 -0.013057112671252868 -0.0018991415431520475 0.013058869808943885 0.999912518730627 0.2552480573922651 -1.3404662697752627 -0.3700271321041555
FixedParameters: 0 0 0
#Transform 50
Transform: MatrixOffsetTransformBase_double_3_3
Parameters: 0.9999974539928503 -0.0008297314015801814 0.0022042357222079078 0.0008576150041233995 0.9999171717140314 -0.012848764916406796 -0.0021930323226616384 0.012850238423605387 0.9999150488457967 0.2766551453929935 -1.333224299231894 -0.3459273931075302
FixedParameters: 0 0 0
#Transform 51
Transform: MatrixOffsetTransformBase_double_3_3
Parameters: 0.9999980664165189 -0.0009363217289533004 0.001748272754355603 0.0009567677726108743 0.9999260704678361 -0.012097092576288715 -0.0017374114069489135 0.012098901018866903 0.999925261818738 0.2600421116634948 -1.2717439478210437 -0.3126316680130401
FixedParameters: 0 0 0
#Transform 52
Transform: MatrixOffsetTransformBase_double_3_3
Parameters: 0.9999976340692326 -0.0008154496570259145 0.0021681416280480426 0.0008423603013363391 0.9999268704737014 -0.012022487844670693 -0.002157889091656682 0.012024503884157545 0.9999256237526095 0.27513882425753877 -1.2660082302685538 -0.279839504291175
FixedParameters: 0 0 0
#Transform 53
Transform: MatrixOffsetTransformBase_double_3_3
Parameters: 0.9999971495558992 -0.0008572190086976798 0.002261666162523757 0.000886911542526078 0.9999151673215189 -0.01300165042104956 -0.0022504004356622537 0.013003348899398026 0.9999128374434489 0.2959487635449136 -1.3178134153406518 -0.3524850211338162
FixedParameters: 0 0 0
#Transform 54
Transform: MatrixOffsetTransformBase_double_3_3
Parameters: 0.9999972404655094 -0.000944454122298271 0.001966725335292271 0.0009697702321332474 0.9999174937403452 -0.012801864824013187 -0.0019541225106552997 0.012804126649117176 0.9999158993907341 0.2725350139211855 -1.2966099738441699 -0.3376682155723927
FixedParameters: 0 0 0
#Transform 55
Transform: MatrixOffsetTransformBase_double_3_3
Parameters: 0.9999981557247212 -0.0007648513798131874 0.0018055431254462683 0.0007864714555870126 0.9999230552112781 -0.012355341856438051 -0.0017958344090103057 0.012356644384094395 0.9999217472630917 0.26475374960574527 -1.3168389658377535 -0.339401798769444
FixedParameters: 0 0 0
#Transform 56
Transform: MatrixOffsetTransformBase_double_3_3
Parameters: 0.9999978835405028 -0.0007345177355472776 0.0018910442754625095 0.0007587820399232719 0.9999169806165177 -0.012836326086723637 -0.0018819116692062366 0.012837652245704045 0.9999153121465635 0.2670397947750587 -1.3285213241028515 -0.29775132870528864
FixedParameters: 0 0 0
#Transform 57
Transform: MatrixOffsetTransformBase_double_3_3
Parameters: 0.9999983420201741 -0.000536342147670622 0.0018355866699699469 0.0005606012932701932 0.9999117725908587 -0.01327573958428041 -0.0018288355527669178 0.01327625846297803 0.9999100492471643 0.2625550871197788 -1.3265030502982285 -0.34427226678283773
FixedParameters: 0 0 0
#Transform 58
Transform: MatrixOffsetTransformBase_double_3_3
Parameters: 0.9999978787828503 -0.0010611465858924429 0.0017305689463670028 0.0010829868839408899 0.9999217268412108 -0.012466903032755272 -0.0017171678211320973 0.012469108356260472 0.9999212373480844 0.24466230381102605 -1.2899236508917014 -0.3559961802991438
FixedParameters: 0 0 0
#Transform 59
Transform: MatrixOffsetTransformBase_double_3_3
Parameters: 0.9999971520437874 -0.0010240929122461288 0.0021910555689549395 0.0010496607207228065 0.9999306106389169 -0.011759361728439333 -0.002178215579786674 0.011761655790873182 0.9999289125087591 0.28853066245875425 -1.2706255468804812 -0.2646984362352498
FixedParameters: 0 0 0
#Transform 60
Transform: MatrixOffsetTransformBase_double_3_3
Parameters: 0.9999975597544363 -0.0007424695633502532 0.002211174048816914 0.0007698066138691818 0.999919801891593 -0.012598611108865287 -0.002201664246383644 0.01260037798340502 0.9999182501667702 0.27502269131090884 -1.3084926363572578 -0.30328646119056657
FixedParameters: 0 0 0
#Transform 61
Transform: MatrixOffsetTransformBase_double_3_3
Parameters: 0.9999978376999533 -0.0010130538404750716 0.0017709828952830438 0.0010374328886122827 0.9999030070705879 -0.013900946122255453 -0.0017566068034705145 0.013903071899338426 0.9999022800912265 0.26320229467620493 -1.3619260720414985 -0.35567717561832524
FixedParameters: 0 0 0
#Transform 62
Transform: MatrixOffsetTransformBase_double_3_3
Parameters: 0.9999975324281651 -0.0009764270516543626 0.001874501019282427 0.0010021231846954735 0.9999053585064176 -0.013730106877122839 -0.0018611077184368648 0.013730899548712816 0.9999041023795292 0.2551294622335263 -1.3934442489722585 -0.34790402523535136
FixedParameters: 0 0 0
#Transform 63
Transform: MatrixOffsetTransformBase_double_3_3
Parameters: 0.9999978606571832 -0.0008422861278307051 0.00185216699357706 0.0008642671240045303 0.9999247575326544 -0.012240171090266483 -0.0018416706526008686 0.012241832045132295 0.999923407386823 0.26714474768277796 -1.3018191611351781 -0.3264515483331252
FixedParameters: 0 0 0
#Transform 64
Transform: MatrixOffsetTransformBase_double_3_3
Parameters: 0.9999980381585517 -0.0006631730955355761 0.0018764506029051399 0.000686685470338039 0.9999201776084452 -0.012636486044757589 -0.001868495236219559 0.012637522681568869 0.9999184598334707 0.25945714426975997 -1.3200538907791284 -0.31540530904680963
FixedParameters: 0 0 0
#Transform 65
Transform: MatrixOffsetTransformBase_double_3_3
Parameters: 0.9999968141490655 -0.0006139637717181357 0.0026093578145433404 0.0006471512805546382 0.9999160233359579 -0.012936515995337572 -0.0026013807627337624 0.012937486346882687 0.9999130442366221 0.31079010158367737 -1.3449707008702774 -0.2875931741055524
FixedParameters: 0 0 0
#Transform 66
Transform: MatrixOffsetTransformBase_double_3_3
Parameters: 0.9999973445101649 -0.0007427840028418036 0.0022593183909248244 0.0007726654422020705 0.9999066899660285 -0.013676039902093484 -0.002248933686724933 0.013677965037582007 0.9999035157925391 0.28424996715818907 -1.3697882762661209 -0.2921842393466818
FixedParameters: 0 0 0
#Transform 67
Transform: MatrixOffsetTransformBase_double_3_3
Parameters: 0.9999971082553992 -0.0006332534029683239 0.0021186902833919673 0.0006621982957504337 0.9999080800192336 -0.013525036832638948 -0.0021107121441354695 0.013526951942608778 0.9999061058511272 0.278331960619397 -1.3390614417722304 -0.34349592795521744
FixedParameters: 0 0 0
#Transform 68
Transform: MatrixOffsetTransformBase_double_3_3
Parameters: 0.9999986140754206 -0.0008398249517237262 0.001637746775270379 0.0008621680350557727 0.9999004091850922 -0.0140773588462208 -0.001625113440319619 0.014078644630165338 0.9998998046961864 0.24697321248297044 -1.3945675223501723 -0.41474452317208943
FixedParameters: 0 0 0
#Transform 69
Transform: MatrixOffsetTransformBase_double_3_3
Parameters: 0.9999984653270939 -0.0004567694231765941 0.0018231669477620648 0.0004845398368685532 0.9998883712088315 -0.014938682992150232 -0.001817136797139038 0.014940317366250122 0.9998866914887807 0.259610157174734 -1.4216751472710456 -0.4844731422651023
FixedParameters: 0 0 0
#Transform 70
Transform: MatrixOffsetTransformBase_double_3_3
Parameters: 0.9999980498793076 -0.00040727256266039817 0.0019450331990787705 0.00043776332749606177 0.9998812408103519 -0.015423926232250307 -0.0019389616607947719 0.015424076332972159 0.999878980706254 0.2700911744902612 -1.5206802882033799 -0.40533475468313895
FixedParameters: 0 0 0
#Transform 71
Transform: MatrixOffsetTransformBase_double_3_3
Parameters: 0.9999978776203542 -0.000709764274357171 0.0021491663540134827 0.0007424070956384381 0.9998773349873515 -0.01562773217953145 -0.0021379677265335128 0.015629275196998527 0.9998760120349163 0.27702582940705156 -1.5080275478175196 -0.4147034541871619
FixedParameters: 0 0 0
#Transform 72
Transform: MatrixOffsetTransformBase_double_3_3
Parameters: 0.9999971724634761 -0.0003147838283947993 0.002174514188895327 0.0003493412213643171 0.9998747271155468 -0.01580235489009052 -0.0021691976598398398 0.015803639382656998 0.9998729440300378 0.280809620975333 -1.5606360075327501 -0.4561751263219662
FixedParameters: 0 0 0
#Transform 73
Transform: MatrixOffsetTransformBase_double_3_3
Parameters: 0.9999973894013324 -0.00024047113196761123 0.0023566449435938317 0.00028007066246637846 0.9998650022064888 -0.016442795135832022 -0.0023518373963008357 0.016443196189551035 0.9998616055255725 0.2746834754174472 -1.5934186264355361 -0.48137518920017897
FixedParameters: 0 0 0
#Transform 74
Transform: MatrixOffsetTransformBase_double_3_3
Parameters: 0.9999984551573162 -0.0006371908239344232 0.0017717093949148328 0.0006651265157181962 0.9998716687968942 -0.01600659527650572 -0.0017613409693838166 0.01600740494549585 0.9998703049750624 0.260838966940355 -1.6048048127696006 -0.4919608764664929
FixedParameters: 0 0 0
#Transform 75
Transform: MatrixOffsetTransformBase_double_3_3
Parameters: 0.9999978451291445 -0.0006516793273713958 0.0019310772824639364 0.0006805595815851674 0.9998882785920289 -0.014923131793605382 -0.001921672977920302 0.014924873811126949 0.9998870896327517 0.2732085155468553 -1.5056527681628893 -0.3951522849311857
FixedParameters: 0 0 0
#Transform 76
Transform: MatrixOffsetTransformBase_double_3_3
Parameters: 0.9999978064743963 -0.0006275322250345913 0.0019491826317626793 0.00065661365745351 0.9998914940703869 -0.014744503598912606 -0.001939791765130806 0.014745509697164094 0.9998894580649739 0.2675976705726839 -1.4469809240043077 -0.39505290398611237
FixedParameters: 0 0 0
#Transform 77
Transform: MatrixOffsetTransformBase_double_3_3
Parameters: 0.9999981219249814 -0.0009152496704434839 0.001744055120753814 0.0009419659123539431 0.9998822902946674 -0.01533046578949232 -0.001728998093558098 0.015331533515432982 0.9998807244383607 0.259418898820428 -1.4752914186081512 -0.47096200350239315
FixedParameters: 0 0 0
#Transform 78
Transform: MatrixOffsetTransformBase_double_3_3
Parameters: 0.9999977574814937 -0.00045796382163772935 0.0020080319821455016 0.0004880291754047529 0.9998853313476346 -0.015157799219954804 -0.0020012323173846393 0.015158204643309636 0.9998828692611125 0.27972450122211967 -1.5204019161530198 -0.4316389479644158
FixedParameters: 0 0 0
#Transform 79
Transform: MatrixOffsetTransformBase_double_3_3
Parameters: 0.9999975399594697 -0.00038293365720898647 0.0023049380126394605 0.0004206764894578406 0.9998648755813473 -0.01644348499085091 -0.0022986343061568403 0.016444510327503437 0.9998618168804074 0.2940686547124187 -1.5959018805759655 -0.42789530242313845
FixedParameters: 0 0 0
#Transform 80
Transform: MatrixOffsetTransformBase_double_3_3
Parameters: 0.9999977187578624 -0.0004989235075415762 0.00200769970684031 0.0005322894207455242 0.999865249378866 -0.016398377273504794 -0.001999839921661127 0.016399619197824455 0.9998635782933267 0.26608027319443295 -1.5921816481443472 -0.4745735659561774
FixedParameters: 0 0 0
#Transform 81
Transform: MatrixOffsetTransformBase_double_3_3
Parameters: 0.9999957092234597 -0.00043685430588794245 0.002845679670773338 0.00048386893206907257 0.9998667181367739 -0.016348651233526912 -0.002838776718899403 0.016350364841939524 0.9998623416842475 0.31957819170744983 -1.6142446827199564 -0.4593185838601812
FixedParameters: 0 0 0
#Transform 82
Transform: MatrixOffsetTransformBase_double_3_3
Parameters: 0.9999975574787826 -0.0003106918449184052 0.002312330539932806 0.0003501411059064462 0.9998543642412212 -0.01708665409879384 -0.0023063020422302584 0.017087355763737766 0.9998512185082654 0.2930488258683681 -1.6370683240308068 -0.4862207740636961
FixedParameters: 0 0 0
#Transform 83
Transform: MatrixOffsetTransformBase_double_3_3
Parameters: 0.9999977682307996 -0.0005185038522668688 0.002228008534199399 0.0005535954364498229 0.9998752946352911 -0.015796106152873024 -0.0022190539234304336 0.01579692016076384 0.9998733825664429 0.2849254570573976 -1.5685442514033383 -0.43156735633496623
FixedParameters: 0 0 0
#Transform 84
Transform: MatrixOffsetTransformBase_double_3_3
Parameters: 0.9999964664499152 -0.0003988617502905002 0.00252523348385735 0.0004393129425391611 0.9998705796155779 -0.01610423405378708 -0.002517575605604273 0.01610477759060852 0.9998671423222014 0.2995592060418062 -1.5745990677008166 -0.4012176780099139
FixedParameters: 0 0 0
#Transform 85
Transform: MatrixOffsetTransformBase_double_3_3
Parameters: 0.9999964549026354 -0.0003169890618443513 0.0027285944385006945 0.0003608531208092322 0.9998669456853726 -0.016273890932054058 -0.0027229112433163243 0.01627408974638156 0.9998637873053746 0.31286878058460843 -1.5808562841554874 -0.4140022870551263
FixedParameters: 0 0 0
#Transform 86
Transform: MatrixOffsetTransformBase_double_3_3
Parameters: 0.9999968682922372 -0.0003467631695917067 0.0026481733861120375 0.00039185589701854585 0.9998514577281578 -0.0172483070932401 -0.0026413585282819385 0.017248690717586057 0.999847343773545 0.3120471249319223 -1.6472139603278038 -0.48287861886586825
FixedParameters: 0 0 0
#Transform 87
Transform: MatrixOffsetTransformBase_double_3_3
Parameters: 0.9999975755077275 -0.0003711744132673322 0.0020704529905153203 0.0004061048856351018 0.9998541514207666 -0.01709162001368464 -0.0020638577507727305 0.01709240235996179 0.9998521074521368 0.2754970926554847 -1.653009358220217 -0.47735818954157594
FixedParameters: 0 0 0
#Transform 88
Transform: MatrixOffsetTransformBase_double_3_3
Parameters: 0.9999970176631259 -0.00044609308004540243 0.002404753123135565 0.00048507438071452035 0.9998626745338985 -0.01655916428159282 -0.002397399093143047 0.01655983023100932 0.9998598707166892 0.2917682499274292 -1.6163676799715319 -0.443631480243738
FixedParameters: 0 0 0
#Transform 89
Transform: MatrixOffsetTransformBase_double_3_3
Parameters: 0.9999969713696177 -0.000641726260179842 0.002370059084490644 0.0006777484565797018 0.9998845264970229 -0.015199056970237435 -0.002359852883686477 0.015199941132463535 0.9998813679155191 0.30035988358076793 -1.5116237685155909 -0.38688916856958144
FixedParameters: 0 0 0
#Transform 90
Transform: MatrixOffsetTransformBase_double_3_3
Parameters: 0.9999969085205407 -0.0007102797968842516 0.002566799595073806 0.0007496264630135349 0.9998810758516645 -0.015370957004479269 -0.002555005018856874 0.015373046983057526 0.9998792070802904 0.32578711230269164 -1.5155474719093718 -0.37171490791462247
FixedParameters: 0 0 0
#Transform 91
Transform: MatrixOffsetTransformBase_double_3_3
Parameters: 0.9999975278183599 -0.0004920059705498544 0.0022871670095404363 0.0005306940423695708 0.9998530547149891 -0.017149247447311833 -0.0022780497339136667 0.017150757522798377 0.9998501839528866 0.29599419218232015 -1.6272635761167464 -0.48908779172930394
FixedParameters: 0 0 0
#Transform 92
Transform: MatrixOffsetTransformBase_double_3_3
Parameters: 0.999996311987752 -0.0007789418522509184 0.00246619691443956 0.0008194788862470798 0.9998610632810323 -0.016654323536111126 -0.0024526669004966127 0.016656685025400797 0.9998583977934563 0.3118095408019599 -1.6183056629581785 -0.4557487420414361
FixedParameters: 0 0 0
#Transform 93
Transform: MatrixOffsetTransformBase_double_3_3
Parameters: 0.9999963296996843 -0.0004983227728161211 0.0027248098330652395 0.0005424062477342919 0.9998670311734729 -0.016306539775933326 -0.0027154107623765305 0.016308467421421946 0.999863392911053 0.31433453968065805 -1.6052296848908867 -0.4083016608230139
FixedParameters: 0 0 0
#Transform 94
Transform: MatrixOffsetTransformBase_double_3_3
Parameters: 0.9999968349201301 -0.0006464165451480145 0.0025978769486187077 0.0006867080544737122 0.9998759641750958 -0.015727430596430114 -0.0025868432438663504 0.015728571289346627 0.9998730992612893 0.3245066698929122 -1.5214099617839025 -0.3827614159521602
FixedParameters: 0 0 0
#Transform 95
Transform: MatrixOffsetTransformBase_double_3_3
Parameters: 0.9999968497278574 -0.0005013268474037108 0.0026266976708684015 0.0005433989264167131 0.9998691903096966 -0.01617491160822937 -0.002618084950283731 0.016176081474827797 0.9998653307599736 0.32578679440845804 -1.5666552988050313 -0.43732033091038147
FixedParameters: 0 0 0
#Transform 96
Transform: MatrixOffsetTransformBase_double_3_3
Parameters: 0.9999981429431434 -0.000742916030608618 0.0018179780983863594 0.0007719875614721596 0.9998753665768811 -0.01575936739073336 -0.0018058717461008858 0.01576062140940304 0.999873990014208 0.2796825463337882 -1.5676515464335665 -0.42860775811018925
FixedParameters: 0 0 0
#Transform 97
Transform: MatrixOffsetTransformBase_double_3_3
Parameters: 0.9999972429886093 -0.000539235080531847 0.0021136851668480897 0.0005721613396388051 0.9998732445424008 -0.01591944953966934 -0.002104329777767201 0.015919557109193627 0.9998711046598143 0.283872291459744 -1.5769246499333747 -0.3734126145551784
FixedParameters: 0 0 0
#Transform 98
Transform: MatrixOffsetTransformBase_double_3_3
Parameters: 0.9999975269781587 -0.00029761095262102386 0.002093880734966846 0.00033166921068299545 0.9998669147869396 -0.01629174308452358 -0.0020888071499084444 0.016292234691667462 0.9998647182007543 0.29207932896272837 -1.6050020384623735 -0.3935119047204694
FixedParameters: 0 0 0
#Transform 99
Transform: MatrixOffsetTransformBase_double_3_3
Parameters: 0.9999965852705647 -0.0005500832759977642 0.002472501192928876 0.0005915341176580879 0.9998603427540806 -0.016685864828853203 -0.002462451033806178 0.01668711195543421 0.9998573246767701 0.30749693285233093 -1.605226008812295 -0.4622011408802109
FixedParameters: 0 0 0
#Transform 100
Transform: MatrixOffsetTransformBase_double_3_3
Parameters: 0.9999959569480931 -0.0005434310289639788 0.0025971617799011226 0.0005858157791402087 0.999869695247323 -0.016126810087912447 -0.002588883812850919 0.01612816843590459 0.9998660347891657 0.2963429032807028 -1.579661416617384 -0.44771616984240836
FixedParameters: 0 0 0
#Transform 101
Transform: MatrixOffsetTransformBase_double_3_3
Parameters: 0.9999953181853353 -0.00042030756376810856 0.0029159595634577523 0.0004645698404665371 0.9998833504331344 -0.015257327329600945 -0.0029100308268994973 0.015259668188456477 0.9998792960595613 0.32238469203494446 -1.5460336492326263 -0.3475302890138323
FixedParameters: 0 0 0
#Transform 102
Transform: MatrixOffsetTransformBase_double_3_3
Parameters: 0.9999962186451459 -0.0002791321342618873 0.002775736842478633 0.0003262719080263237 0.9998567034827848 -0.016924106005881956 -0.0027701251506969215 0.01692488141489179 0.9998525958307652 0.3357995284754338 -1.6114251768376562 -0.4246108149338852
FixedParameters: 0 0 0
#Transform 103
Transform: MatrixOffsetTransformBase_double_3_3
Parameters: 0.9999969990850004 -0.0005737654411564192 0.0023814301239183377 0.0006149544801028996 0.9998526468609316 -0.017148869792487975 -0.0023713344662423252 0.017150124853428317 0.9998500974774416 0.30361486248838787 -1.6353119206643072 -0.4560568065361963
FixedParameters: 0 0 0
#Transform 104
Transform: MatrixOffsetTransformBase_double_3_3
Parameters: 0.9999967905092526 -0.0006232860177831023 0.0024123027212106644 0.0006615135834328367 0.9998731085668306 -0.015923743269204427 -0.0024028469785445416 0.01592526670956762 0.9998704694375994 0.3136955850020797 -1.567028951268938 -0.41593248539371075
FixedParameters: 0 0 0
#Transform 105
Transform: MatrixOffsetTransformBase_double_3_3
Parameters: 0.9999970325922107 -0.0007371581241901383 0.002534307796570375 0.0007774639628482848 0.999873616258631 -0.01589869864087834 -0.0025227415306975655 0.015900292109031544 0.9998697954431175 0.312354089722902 -1.5675205124694855 -0.37642872865271215
FixedParameters: 0 0 0
#Transform 106
Transform: MatrixOffsetTransformBase_double_3_3
Parameters: 0.9999971089614491 -0.0009223641697494446 0.0022449746946825435 0.0009578731183886976 0.9998774131649438 -0.015641519430661333 -0.002230218616055792 0.015643490383253245 0.9998752893699514 0.3012250481825731 -1.553314262200189 -0.40517219760300804
FixedParameters: 0 0 0
#Transform 107
Transform: MatrixOffsetTransformBase_double_3_3
Parameters: 0.9999964126373845 -0.00036593816759126346 0.0027299322234001834 0.0004105651710395059 0.9998670298879515 -0.01630077308462663 -0.0027239133373355958 0.016301241742029182 0.9998639009888719 0.3306754099589284 -1.6054642166730986 -0.4187637704740155
FixedParameters: 0 0 0
#Transform 108
Transform: MatrixOffsetTransformBase_double_3_3
Parameters: 0.9999962069705163 -0.0007387903727372068 0.0026921024900266365 0.0007818880505805941 0.9998744525930284 -0.01583411989558997 -0.0026798244415525193 0.01583588918091261 0.9998712273655782 0.32930987460659367 -1.5770496618356447 -0.3462974703619466
FixedParameters: 0 0 0
#Transform 109
Transform: MatrixOffsetTransformBase_double_3_3
Parameters: 0.9999963121467026 -0.0006094829947200628 0.002704616836424147 0.0006546052938044341 0.999857169326855 -0.016887451025826783 -0.00269457818478565 0.016888548307473827 0.9998536919701143 0.32632122510918293 -1.6258058993701923 -0.38463214641299714
FixedParameters: 0 0 0
#Transform 110
Transform: MatrixOffsetTransformBase_double_3_3
Parameters: 0.9999948251838073 -0.00011565202250320367 0.0033406279604772473 0.00017256509074195322 0.9998554188431025 -0.017020688077582946 -0.003338658230189756 0.017021334797174048 0.9998499334769538 0.36996615921319176 -1.607899683903966 -0.4626384599514495
FixedParameters: 0 0 0
#Transform 111
Transform: MatrixOffsetTransformBase_double_3_3
Parameters: 0.9999978551949387 -0.00042529291316035166 0.0022277700715300436 0.00046094505976370244 0.999870199202048 -0.016125432707371323 -0.0022211029159590586 0.016126579686680076 0.9998675255550133 0.3000559065557411 -1.5846826493258988 -0.4197092810802303
FixedParameters: 0 0 0
#Transform 112
Transform: MatrixOffsetTransformBase_double_3_3
Parameters: 0.999997168378641 -0.0004098860943876217 0.0023798038061558745 0.00044806938337552 0.999871270374872 -0.016020255956751994 -0.0023729697733275504 0.01602072492662321 0.9998685517808918 0.31475905272651516 -1.5674914833341802 -0.35800931057531216
FixedParameters: 0 0 0
#Transform 113
Transform: MatrixOffsetTransformBase_double_3_3
Parameters: 0.9999965402131946 -0.0005312065722583171 0.0024858117444366197 0.0005734968318997967 0.9998563461337346 -0.016953919137847384 -0.0024757246979402294 0.01695508986550276 0.9998532415365187 0.322208491674985 -1.585457635867641 -0.4161304193769695
FixedParameters: 0 0 0
#Transform 114
Transform: MatrixOffsetTransformBase_double_3_3
Parameters: 0.9999964439074235 -0.0005032923252519046 0.0027024937851175363 0.0005478961203899005 0.9998622826304884 -0.016602542509763563 -0.0026935472150260526 0.016604475375448735 0.9998587695099979 0.3230913570703251 -1.6123784087293558 -0.42586600642073336
FixedParameters: 0 0 0
#Transform 115
Transform: MatrixOffsetTransformBase_double_3_3
