#Insight Transform File V1.0
#Transform 0
Transform: MatrixOffsetTransformBase_double_3_3
Parameters: 0.9999999897990003 -0.00009435465123788745 0.00003603053679388951 0.00009435465140862113 0.9999999910971997 3.3996488402188163e-9 -0.000036030536346782226 3.399648729196514e-9 0.9999999987018006 0.14314748053263315 -0.13701634497493131 0.03646625112401125
FixedParameters: 0 0 0
#Transform 1
Transform: MatrixOffsetTransformBase_double_3_3
Parameters: 0.9999991960754044 -0.000817479532910441 -0.0003683158645482218 0.0008165467669597632 0.9999974857789753 -0.002044427647910574 0.00037036569467696666 0.0020445695968866473 0.9999973503313321 0.10446376089069531 -0.32531114005725215 -0.056469298416971014
FixedParameters: 0 0 0
#Transform 2
Transform: MatrixOffsetTransformBase_double_3_3
Parameters: 0.9999994861443019 -0.0006685009813769961 -0.0002575457392906238 0.0006677354812889148 0.9999843583903243 -0.005495170916973546 0.00026194980483905443 0.0054948237959542845 0.9999847372694652 0.1177265261171101 -0.5408251457143791 -0.28927138161139965
FixedParameters: 0 0 0
#Transform 3
Transform: MatrixOffsetTransformBase_double_3_3
Parameters: 0.9999982126746535 -0.0007383302373559632 -0.001497643511538581 0.0007336913719659742 0.9999938293858621 -0.003299435970851472 0.0014994250907007488 0.003298563133461385 0.9999936164154681 0.07182441869170475 -0.4124722796885081 -0.1166829149598243
FixedParameters: 0 0 0
#Transform 4
Transform: MatrixOffsetTransformBase_double_3_3
Parameters: 0.999993609491878 -0.0004625662194755706 -0.003489556362147639 0.00045482033116079956 0.9999967138799999 -0.002417220637115247 0.0034904309942243765 0.0024157817022862904 0.9999912166085928 -0.04911731694409127 -0.38860330489423944 -0.1834488016887974
FixedParameters: 0 0 0
#Transform 5
Transform: MatrixOffsetTransformBase_double_3_3
Parameters: 0.9999986888949675 -0.0005684345713997146 -0.001409931057536392 0.0005655611823381044 0.9999977576323223 -0.0020124660582532816 0.001411142444497881 0.002011533032108992 0.9999968349636129 0.07055362286038758 -0.3691481159916279 -0.07590752655289634
FixedParameters: 0 0 0
#Transform 6
Transform: MatrixOffsetTransformBase_double_3_3
Parameters: 0.9999982160108027 -0.0007274834004391385 -0.001804000608173481 0.0007172127442400269 0.9999833791242775 -0.005688636703500116 0.0018082939951503698 0.005687360373927142 0.9999821296305837 0.05575291467869192 -0.6153460753827389 -0.3059435008466096
FixedParameters: 0 0 0
#Transform 7
Transform: MatrixOffsetTransformBase_double_3_3
Parameters: 0.9999992714079404 -0.0010295834939263071 -0.0008179729116525689 0.0010250159006210725 0.9999850014185124 -0.005329635625583362 0.0008230457291274535 0.005329361770461449 0.999985462435085 0.0687086691177683 -0.6423637124602877 -0.26410304118286376
FixedParameters: 0 0 0
#Transform 8
Transform: MatrixOffsetTransformBase_double_3_3
Parameters: 0.9999980788713072 -0.0010101225737528018 -0.0013790208159813492 0.0010028718765385978 0.9999855636164248 -0.005281182889129321 0.0013836372505829201 0.005279814236061275 0.9999847474799964 0.06411760982138048 -0.6053570202335692 -0.2870110535366166
FixedParameters: 0 0 0
#Transform 9
Transform: MatrixOffsetTransformBase_double_3_3
Parameters: 0.9999986976157372 -0.00067982597222711 -0.001685216600437689 0.0006716782084042904 0.9999877190767178 -0.004907474833762804 0.001688637832383033 0.004906527964143759 0.9999868208976139 0.05099575298785908 -0.5836967313423145 -0.29226950890148373
FixedParameters: 0 0 0
#Transform 10
Transform: MatrixOffsetTransformBase_double_3_3
Parameters: 0.9999992447573365 -0.0007924197546210875 -0.0003568350576186462 0.0007906832570241054 0.9999879960874902 -0.00483528516941234 0.00036061658324361006 0.004834717235231545 0.9999884939261002 0.11004836924320216 -0.5454385548578671 -0.21174202083864202
FixedParameters: 0 0 0
#Transform 11
Transform: MatrixOffsetTransformBase_double_3_3
Parameters: 0.999998701673939 -0.0010979506502743212 -0.0014470735362918587 0.0010902569566337641 0.9999876194183445 -0.00486337828745953 0.001452057242122215 0.0048616182938255315 0.9999867941412094 0.06747349842135009 -0.5422580481246086 -0.2286219025028231
FixedParameters: 0 0 0
#Transform 12
Transform: MatrixOffsetTransformBase_double_3_3
Parameters: 0.9999990438313234 -0.0010865930214226799 -0.0008801976235702791 0.0010822905303120099 0.9999819621990271 -0.005858750614396446 0.0008863134176030518 0.005858246893455432 0.9999824369800016 0.07918969447152335 -0.6219258478066578 -0.33978596649509996
FixedParameters: 0 0 0
#Transform 13
Transform: MatrixOffsetTransformBase_double_3_3
Parameters: 0.9999989723453537 -0.0008900333958561238 -0.0011113895974464822 0.0008843694934858491 0.9999857350096998 -0.005158651666653136 0.0011161764612890412 0.005157341851375841 0.9999860270605759 0.0857304613433314 -0.6134709438911514 -0.30055098835657645
FixedParameters: 0 0 0
#Transform 14
Transform: MatrixOffsetTransformBase_double_3_3
Parameters: 0.9999991917629536 -0.0008808325590262128 0.00018194442533022362 0.0008809698911478638 0.9999854847529807 -0.005349175070917089 -0.00017719149186032872 0.0053488248682667106 0.9999854829874477 0.13209205614322173 -0.6380765002284079 -0.2710092536462696
FixedParameters: 0 0 0
#Transform 15
Transform: MatrixOffsetTransformBase_double_3_3
Parameters: 0.9999990006162279 -0.0013996829439575544 0.0001985360502859279 0.0014011566227564974 0.9999889663012274 -0.004466059810753875 -0.0001923461295536289 0.004465940653630984 0.9999901437821826 0.16396747598463435 -0.5251270780778867 -0.19637556796843114
FixedParameters: 0 0 0
#Transform 16
Transform: MatrixOffsetTransformBase_double_3_3
Parameters: 0.9999989733539337 -0.0016971801963221688 0.00038155280324542016 0.001699933767853043 0.9999781294970344 -0.006391698362859577 -0.00037082793188415416 0.00639230976622901 0.9999801275805702 0.17177336572794388 -0.6864082729226837 -0.34419521045302304
FixedParameters: 0 0 0
#Transform 17
Transform: MatrixOffsetTransformBase_double_3_3
Parameters: 0.9999993471857377 -0.0012579585273506907 0.00026356113718913315 0.0012600331256803687 0.9999817247340299 -0.005879003758398893 -0.00025694485282322816 0.005878992510676473 0.9999824965658833 0.1677604377779005 -0.6522436728642091 -0.2824463157089099
FixedParameters: 0 0 0
#Transform 18
Transform: MatrixOffsetTransformBase_double_3_3
Parameters: 0.999998534373401 -0.0013965283759255574 -0.0007183968176041654 0.0013921518869017453 0.9999839094005833 -0.00543013022289629 0.0007257924231209058 0.005428861954850039 0.9999846656041543 0.12575827955654972 -0.621235402610786 -0.30381879280903945
FixedParameters: 0 0 0
#Transform 19
Transform: MatrixOffsetTransformBase_double_3_3
Parameters: 0.9999988021039437 -0.001425647194987669 0.0004063863033140339 0.0014283074575619427 0.999980136491561 -0.006139760822905793 -0.00039762741658329364 0.0061402415731725 0.9999812656456292 0.17390885061735162 -0.6736484316748914 -0.2868205103871162
FixedParameters: 0 0 0
#Transform 20
Transform: MatrixOffsetTransformBase_double_3_3
Parameters: 0.9999989054388569 -0.0013240194033689308 0.0011582273693214362 0.0013312979162055864 0.9999778830879241 -0.006471671238507504 -0.0011498899334635808 0.006473323613212567 0.9999782349293012 0.21474556441495452 -0.692315864503044 -0.2513342896504014
FixedParameters: 0 0 0
#Transform 21
Transform: MatrixOffsetTransformBase_double_3_3
Parameters: 0.9999988235549049 -0.0012829988502166588 0.0007289096183315351 0.0012871115154232248 0.9999786603884425 -0.006342272733898313 -0.0007203028685863135 0.006342723022181751 0.9999797077282432 0.18087067479879693 -0.6831747080639943 -0.28180405765698424
FixedParameters: 0 0 0
#Transform 22
Transform: MatrixOffsetTransformBase_double_3_3
Parameters: 0.9999982446519499 -0.0015014044568635952 0.0007082205311332809 0.0015054153379412516 0.9999808944713775 -0.006048608909080988 -0.0006990173963551428 0.006049391481680821 0.9999811686564373 0.2051565370556716 -0.6806516576057362 -0.23629184377745105
FixedParameters: 0 0 0
#Transform 23
Transform: MatrixOffsetTransformBase_double_3_3
Parameters: 0.9999984584976325 -0.0014859071104804638 -0.0005769160643935801 0.0014830857856190345 0.9999815934558831 -0.005905116835635049 0.0005854115326630491 0.0059048822662137734 0.9999821263450211 0.15295063753887916 -0.6437123968193035 -0.2480880480861174
FixedParameters: 0 0 0
#Transform 24
Transform: MatrixOffsetTransformBase_double_3_3
Parameters: 0.9999989380423989 -0.0012762385834155087 0.0006581787977837816 0.0012799715252924922 0.9999810225288983 -0.006017495548591434 -0.0006508464808601906 0.006018502064887132 0.999981482186755 0.19480023210746822 -0.6523527495044803 -0.2506961348059349
FixedParameters: 0 0 0
#Transform 25
Transform: MatrixOffsetTransformBase_double_3_3
Parameters: 0.9999988685463514 -0.001215422114447768 0.0008088226775291966 0.0012205315714375721 0.999979005680865 -0.006328224840144225 -0.0008011009390177958 0.006328773661988085 0.9999797622059219 0.20299079325212688 -0.6660373680944929 -0.19945311819859057
FixedParameters: 0 0 0
#Transform 26
Transform: MatrixOffsetTransformBase_double_3_3
Parameters: 0.9999988031021503 -0.001374343136681618 0.0005548569856956309 0.0013778723901687678 0.9999805242807285 -0.006119578219799082 -0.000546421090131271 0.0061204271416652745 0.999981369246132 0.18427353380781142 -0.6606595546864256 -0.2646318255703477
FixedParameters: 0 0 0
#Transform 27
Transform: MatrixOffsetTransformBase_double_3_3
Parameters: 0.9999987881744373 -0.0014474805218134988 0.0003419998765816171 0.0014493836419647663 0.9999797482353584 -0.00619296882307685 -0.0003328225373182614 0.006194025171914197 0.9999803203139572 0.17703610018338622 -0.6702903863589214 -0.28941483837346027
FixedParameters: 0 0 0
#Transform 28
Transform: MatrixOffsetTransformBase_double_3_3
Parameters: 0.9999981109686578 -0.0015701835548033926 -0.0006504871701114343 0.0015665991023127077 0.9999823223040278 -0.005821285910479257 0.0006597099624179827 0.005820721906658111 0.9999830199142901 0.15642431493535014 -0.6247346633176178 -0.2471695090021342
FixedParameters: 0 0 0
#Transform 29
Transform: MatrixOffsetTransformBase_double_3_3
Parameters: 0.9999983787304633 -0.0015341556987986064 0.0011259032775230368 0.0015415058704040907 0.999978742010498 -0.006278480278731291 -0.0011157954704702085 0.006280515624463745 0.9999797716564863 0.23740516496741293 -0.6441798708060205 -0.2056957751967161
FixedParameters: 0 0 0
#Transform 30
Transform: MatrixOffsetTransformBase_double_3_3
Parameters: 0.999998100009164 -0.0016361915562529755 0.0011060387031038878 0.0016434871169405472 0.9999771632554076 -0.006532403373876061 -0.001094750885347207 0.006534600310241945 0.9999785624912092 0.2389002907893314 -0.6967784296473596 -0.22697914970311217
FixedParameters: 0 0 0
#Transform 31
Transform: MatrixOffsetTransformBase_double_3_3
Parameters: 0.9999985273796509 -0.0018634083488949147 -0.000033939708860484066 0.0018626787169545229 0.9999760118369603 -0.00668753899420238 0.00004715503978517906 0.0066874668076068455 0.9999780691137834 0.19250294450048955 -0.7209082840527472 -0.3095660350698779
FixedParameters: 0 0 0
#Transform 32
Transform: MatrixOffsetTransformBase_double_3_3
Parameters: 0.9999983166359678 -0.0018006046206865073 0.0006644867920980763 0.001804497122959982 0.9999775960553317 -0.00647248107973647 -0.0006532953625603239 0.00647352336629109 0.9999789201388984 0.21169256367451794 -0.7136719509466687 -0.29632224312828725
FixedParameters: 0 0 0
#Transform 33
Transform: MatrixOffsetTransformBase_double_3_3
Parameters: 0.9999982800137626 -0.0016249526625392347 0.001038408914913028 0.0016320127367340526 0.999976807469525 -0.006562523928527131 -0.001028462757661702 0.0065644777815480615 0.9999783124607131 0.22667746699826807 -0.7008544197037097 -0.27114085099913154
FixedParameters: 0 0 0
#Transform 34
Transform: MatrixOffsetTransformBase_double_3_3
Parameters: 0.9999986765674479 -0.0017039458960085379 0.0006481476110184402 0.0017078744556805134 0.9999780666806237 -0.0063845674593168145 -0.0006375733573593577 0.006385427700589974 0.9999790725689761 0.21153459278988862 -0.7005746976917067 -0.2919653195973524
FixedParameters: 0 0 0
#Transform 35
Transform: MatrixOffsetTransformBase_double_3_3
Parameters: 0.9999973626236133 -0.0018884049434792832 0.0014389163782413065 0.0018988878874892743 0.9999748161701888 -0.006830702390512422 -0.00142562734805189 0.006833302837954303 0.9999761927490581 0.26830814371601264 -0.7367631069626768 -0.23388994687712739
FixedParameters: 0 0 0
#Transform 36
Transform: MatrixOffsetTransformBase_double_3_3
Parameters: 0.9999984346428276 -0.0015539293694512236 0.00038914524940339244 0.0015564591399119092 0.9999698072951227 -0.0076711969300615745 -0.0003768507160402966 0.00767180058197281 0.9999699217354269 0.21794766596468662 -0.7746364789503559 -0.24018276560477148
FixedParameters: 0 0 0
#Transform 37
Transform: MatrixOffsetTransformBase_double_3_3
Parameters: 0.9999966138328034 -0.001833266386666789 0.0017394592507598838 0.0018471972879966663 0.9999654967187578 -0.008134229855998876 -0.0017244104112093233 0.00813778022656414 0.9999657256379235 0.28113012076323685 -0.7700882395598398 -0.2866798903421568
FixedParameters: 0 0 0
#Transform 38
Transform: MatrixOffsetTransformBase_double_3_3
Parameters: 0.9999970912986547 -0.0018332397467359463 0.0012433466876481103 0.001843344388452287 0.9999691953181215 -0.0076692716329762045 -0.0012299562586352796 0.007671739771091313 0.99997022087729 0.24642384294247677 -0.7772042982134693 -0.3361094788508012
FixedParameters: 0 0 0
#Transform 39
Transform: MatrixOffsetTransformBase_double_3_3
Parameters: 0.9999977873375947 -0.002121748726635406 0.0008428784854416457 0.0021281379966081454 0.9999682576293734 -0.007670222589115427 -0.0008270927802183653 0.007671771591622967 0.99996983938614 0.23371656764840054 -0.7975344395560526 -0.33674772347370663
FixedParameters: 0 0 0
#Transform 40
Transform: MatrixOffsetTransformBase_double_3_3
Parameters: 0.9999982416262103 -0.001394290325445627 0.0013470282309846185 0.0014047262127167117 0.9999677809962335 -0.007839198581412021 -0.0013360220089955273 0.007840796059127353 0.9999685274677246 0.25698439350932745 -0.8152769469295507 -0.25426183552269777
FixedParameters: 0 0 0
#Transform 41
Transform: MatrixOffsetTransformBase_double_3_3
Parameters: 0.9999980036776579 -0.0019479985908525052 0.00044995847811762354 0.001951141001079864 0.9999630534170746 -0.00829979782807616 -0.00043418999215196727 0.008300188446628554 0.9999651678644045 0.21663181916758845 -0.822425873642068 -0.2979854903063881
FixedParameters: 0 0 0
#Transform 42
Transform: MatrixOffsetTransformBase_double_3_3
Parameters: 0.9999974194083565 -0.0019273526642520256 0.0013659399004410057 0.0019398472493299878 0.9999580548971948 -0.008952121031486626 -0.001348216498790691 0.0089538786325834 0.9999590486601921 0.2503061714997443 -0.9081869150020054 -0.37244696249368303
FixedParameters: 0 0 0
#Transform 43
Transform: MatrixOffsetTransformBase_double_3_3
Parameters: 0.9999965680763385 -0.0020434113125947745 0.0015019973520210678 0.0020554138292679077 0.9999671436878014 -0.007847684693733592 -0.0014857913034378104 0.007850317412822216 0.9999682086741745 0.2796018794561519 -0.8347568440217898 -0.3074036677052163
FixedParameters: 0 0 0
#Transform 44
Transform: MatrixOffsetTransformBase_double_3_3
Parameters: 0.9999985370747657 -0.0018609070083549601 -9.064362843455185e-7 0.0018608147998242384 0.9999690436476819 -0.007661479864272125 0.000015492521252738438 0.007661528242720261 0.9999710943761618 0.22078984245925426 -0.8036313155265802 -0.3169585607877252
FixedParameters: 0 0 0
#Transform 45
Transform: MatrixOffsetTransformBase_double_3_3
Parameters: 0.9999974274408531 -0.0020937136299047777 0.00043380461262003997 0.002097407800609153 0.9999675696122564 -0.007752898546245057 -0.0004173256962895781 0.007754094537531342 0.9999696224132536 0.23349595595786354 -0.8202538944691113 -0.29418853628840225
FixedParameters: 0 0 0
#Transform 46
Transform: MatrixOffsetTransformBase_double_3_3
Parameters: 0.9999963350395112 -0.0022626766455930507 0.001595370842789044 0.0022747659566225704 0.9999694434883178 -0.007527275877727835 -0.0015781059969326263 0.007531730610220166 0.9999705029379221 0.28476880007738714 -0.7744948265254052 -0.30447355413605237
FixedParameters: 0 0 0
#Transform 47
Transform: MatrixOffsetTransformBase_double_3_3
Parameters: 0.9999963031338659 -0.002166864609066552 0.0017327783270665448 0.002179901875357953 0.9999666201883991 -0.007846994629768733 -0.0017157810866469865 0.007850999198703135 0.9999674672571648 0.3089712267083087 -0.7972462507535951 -0.264954394762583
FixedParameters: 0 0 0
#Transform 48
Transform: MatrixOffsetTransformBase_double_3_3
Parameters: 0.9999968748319508 -0.0021912547121174394 0.0015242273401684227 0.0022039047595382383 0.9999640776547228 -0.008186418432014342 -0.0015060736960461074 0.00818958728087904 0.9999657079560732 0.27721139697194985 -0.8029006140662105 -0.3590129172053196
FixedParameters: 0 0 0
#Transform 49
Transform: MatrixOffsetTransformBase_double_3_3
Parameters: 0.9999969602351844 -0.002237935992492967 0.0010156008409344395 0.0022452441926888726 0.9999718423850775 -0.007099610618802987 -0.000999292290531587 0.007101382131288303 0.9999742822781612 0.27712714694305873 -0.7905506985263884 -0.2628246038008797
FixedParameters: 0 0 0
#Transform 50
Transform: MatrixOffsetTransformBase_double_3_3
Parameters: 0.9999960405194601 -0.002230145734630668 0.001409450390867161 0.0022403518350984516 0.999970481832624 -0.007393072708434978 -0.0013927157042396357 0.007395924693122502 0.9999711997604991 0.28512347063195875 -0.7372961005192025 -0.32057510269669365
FixedParameters: 0 0 0
#Transform 51
Transform: MatrixOffsetTransformBase_double_3_3
Parameters: 0.9999966645442113 -0.002280651204128691 0.0014604144076455256 0.0022928337594956528 0.9999640028937556 -0.008186556391207522 -0.001442089276690636 0.008190448667509842 0.999965556050655 0.28137187602041536 -0.8531810810066887 -0.37372100699755606
FixedParameters: 0 0 0
#Transform 52
Transform: MatrixOffsetTransformBase_double_3_3
Parameters: 0.9999965694698171 -0.0025354715492639183 0.000033673466399772984 0.002535954953918813 0.9999679182821406 -0.0075538578653998045 -0.00001467613870635286 0.007554138311010872 0.9999715235730386 0.24332570851822766 -0.8356354180711705 -0.29236819918338597
FixedParameters: 0 0 0
#Transform 53
Transform: MatrixOffsetTransformBase_double_3_3
Parameters: 0.999996249296033 -0.0023033467803334753 0.0015631861659605255 0.0023150071936277362 0.9999713417850016 -0.007242612505951929 -0.0015469851454227449 0.007246382899771697 0.9999719404035943 0.3055247271749124 -0.7693182294105583 -0.22145246549675335
FixedParameters: 0 0 0
#Transform 54
Transform: MatrixOffsetTransformBase_double_3_3
Parameters: 0.9999977068006151 -0.002072035306874831 0.000036480077966887696 0.00207152612492805 0.9999761490190886 -0.006630858964016162 -0.000022575393617611863 0.006631139156295596 0.9999776164111323 0.215899047951865 -0.7149421708833756 -0.32644087775781827
FixedParameters: 0 0 0
#Transform 55
Transform: MatrixOffsetTransformBase_double_3_3
Parameters: 0.9999900411558255 -0.002770217121037743 -0.00335967724957088 0.002772539911370583 0.9999959477359542 0.0006195936720235773 0.0033569320322039747 -0.0006284029133609148 0.999994314666152 0.0432741995219601 -0.21647108400249948 -0.44324837546804474
FixedParameters: 0 0 0
#Transform 56
Transform: MatrixOffsetTransformBase_double_3_3
Parameters: 0.9999915427794498 -0.003224157547663191 -0.0024622465608697287 0.0032317160732895475 0.9999902739246037 0.002999175618842498 0.002452028830118346 -0.003007820756023183 0.9999922267265753 0.039636320493002586 -0.1578754081104492 -0.24224572410528822
FixedParameters: 0 0 0
#Transform 57
Transform: MatrixOffsetTransformBase_double_3_3
Parameters: 0.999996113690708 -0.0027490713703547404 -0.0005745749120821296 0.0027504968681356613 0.9999915504916084 0.003156256793428014 0.0005655358287037254 -0.003157743004725322 0.9999946298129184 0.1438339631270651 -0.13329123660511044 -0.10315921083272883
FixedParameters: 0 0 0
#Transform 58
Transform: MatrixOffsetTransformBase_double_3_3
Parameters: 0.999995873940683 -0.0028495548943358365 -0.00009100097776182099 0.0028491342861270263 0.9999884069454327 0.004011378841091207 0.00007926628632355205 -0.004011627133552964 0.9999922825122887 0.17065860729726978 -0.038268000295808235 -0.12322824078006533
FixedParameters: 0 0 0
#Transform 59
Transform: MatrixOffsetTransformBase_double_3_3
Parameters: 0.9999959873117905 -0.0028275679193090894 -0.00013045357684537734 0.0028282856339959597 0.9999859053207958 0.004454601254771318 0.00011825355354806224 -0.004454401192499291 0.9999903965635193 0.18600636951794058 0.00792604553108589 -0.13257307400274954
FixedParameters: 0 0 0
#Transform 60
Transform: MatrixOffsetTransformBase_double_3_3
Parameters: 0.9999957977689545 -0.002819358094101301 -0.0005010361046832694 0.0028222208902059505 0.9999880895153445 0.0040034262824729105 0.0004895728303595913 -0.004004571738917551 0.9999916440353446 0.16722631015534262 -0.023781060096965234 -0.12891402937134444
FixedParameters: 0 0 0
#Transform 61
Transform: MatrixOffsetTransformBase_double_3_3
Parameters: 0.9999964814139073 -0.002541253109510474 -0.0002508561924395973 0.0025411484574659926 0.9999921459508826 0.0030233228697749137 0.0002425216780741357 -0.003023673261168147 0.9999950522987379 0.18952132563032364 -0.03693863425164068 -0.12006563966417616
FixedParameters: 0 0 0
#Transform 62
Transform: MatrixOffsetTransformBase_double_3_3
Parameters: 0.9999937229383754 -0.00333986739157515 -0.0010607211430577086 0.003341133509900221 0.9999927287664148 0.0019620379425420165 0.001054054324523457 -0.001965962576642777 0.9999972795479917 0.13382032753943918 -0.06135341699905439 -0.17541699341248318
FixedParameters: 0 0 0
#Transform 63
Transform: MatrixOffsetTransformBase_double_3_3
Parameters: 0.9999921666757117 -0.0036970854360633483 -0.0014721626664499243 0.0037014949928524097 0.9999869125118565 0.003471560246599892 0.0014593692493534566 -0.0034764410697305514 0.9999931166391453 0.10629584010567328 -0.07540470070453154 -0.2859563035226813
FixedParameters: 0 0 0
#Transform 64
Transform: MatrixOffsetTransformBase_double_3_3
Parameters: 0.999994099974344 -0.003180855786292616 -0.0008852572393993097 0.0031821384314701506 0.9999926177309489 0.0021598916593937867 0.0008788924941336568 -0.0021631099922972408 0.9999971380388489 0.13841167191984027 -0.13458381587633284 -0.15413422471209515
FixedParameters: 0 0 0
#Transform 65
Transform: MatrixOffsetTransformBase_double_3_3
Parameters: 0.9999948109788646 -0.0031349407441587426 -0.0006016153410971435 0.0031361544501351713 0.9999920552299084 0.002349820920781509 0.0005939072648705122 -0.0023511752222231674 0.9999967060144352 0.1524310217156426 -0.11692106542361813 -0.14606144782152342
FixedParameters: 0 0 0
#Transform 66
Transform: MatrixOffsetTransformBase_double_3_3
Parameters: 0.9999920740702234 -0.003829567518763428 -0.001503152017876991 0.0038341456185997783 0.9999883707807874 0.002756241730707931 0.0014919785189135555 -0.0027617548823100635 0.9999954790435216 0.10672234680075121 -0.12479212182288535 -0.2542694103762244
FixedParameters: 0 0 0
#Transform 67
Transform: MatrixOffsetTransformBase_double_3_3
Parameters: 0.9999922182343892 -0.003494906588169913 -0.001887975136876361 0.003500328134990887 0.9999903770739479 0.002509059205574482 0.0018794396170350152 -0.0025149393615059856 0.9999952208067238 0.09956443509076962 -0.13675466765905497 -0.20235229075308325
FixedParameters: 0 0 0
#Transform 68
Transform: MatrixOffsetTransformBase_double_3_3
Parameters: 0.9999929333284078 -0.003614343643939761 0.00006929531784260687 0.0036137077237069367 0.999990595449965 0.0022450884218983558 -0.00007791270836033097 -0.00224490714793818 0.9999972577926519 0.20142757907035502 -0.11525643115702167 -0.11563873089704657
FixedParameters: 0 0 0
#Transform 69
Transform: MatrixOffsetTransformBase_double_3_3
Parameters: 0.9999935803519273 -0.0033533033507726143 -0.0010836876063939412 0.003354791926314416 0.9999937424106594 0.0013219426109027377 0.0010796130949239072 -0.0013260586549729836 0.9999983319753467 0.15420482241026434 -0.10761447174878924 -0.11601959354413793
FixedParameters: 0 0 0
#Transform 70
Transform: MatrixOffsetTransformBase_double_3_3
Parameters: 0.9999947250301131 -0.0031983840817488545 -0.0010231673295790318 0.003199632387234417 0.9999940450508168 0.001458431961320339 0.001017695834381849 -0.0014625663988087623 0.9999984138471905 0.15352014934958902 -0.0798925085194 -0.1644889953691404
FixedParameters: 0 0 0
#Transform 71
Transform: MatrixOffsetTransformBase_double_3_3
Parameters: 0.9999913149336739 -0.0028489834280494065 -0.003093391299287893 0.00285523828098264 0.9999935615168213 0.0020437549265682198 0.003087365507504412 -0.0020522446254216398 0.9999933647640444 0.06378447331167081 -0.06645520030985352 -0.22849441615889532
FixedParameters: 0 0 0
#Transform 72
Transform: MatrixOffsetTransformBase_double_3_3
Parameters: 0.9999939905280686 -0.0032871029899885747 -0.0004497422374674324 0.0032884876796854794 0.9999937738015773 0.0016428952735838553 0.0004443197223095092 -0.0016441069837735967 0.9999988145198931 0.17673271193845608 -0.07779006245565512 -0.11228670803944851
FixedParameters: 0 0 0
#Transform 73
Transform: MatrixOffsetTransformBase_double_3_3
Parameters: 0.999992675157418 -0.003416091334421068 -0.0016293316417306106 0.003417824192028877 0.9999935240464086 0.0010615476872315455 0.0016259297434670248 -0.0010674524876621017 0.9999978847816527 0.1201708532390171 -0.0985946975777594 -0.16388621145949855
FixedParameters: 0 0 0
#Transform 74
Transform: MatrixOffsetTransformBase_double_3_3
Parameters: 0.9999944046942906 -0.003301122462075328 -0.0008361992175297125 0.0033020500811035275 0.9999928585634363 0.0017268173860200964 0.0008308868794231876 -0.0017291816300205043 0.9999975741432015 0.15867435406676123 -0.08792272774383747 -0.14963741760703897
FixedParameters: 0 0 0
#Transform 75
Transform: MatrixOffsetTransformBase_double_3_3
Parameters: 0.9999925262764782 -0.003314391600517248 -0.001868133298582105 0.003316275366112019 0.9999943354783642 0.0010612555423556436 0.0018640135554550041 -0.00106774403257065 0.9999979244694256 0.1053928126268886 -0.13294457201720888 -0.1659923392876408
FixedParameters: 0 0 0
#Transform 76
Transform: MatrixOffsetTransformBase_double_3_3
Parameters: 0.9999926194661635 -0.0035299435966928694 -0.0013859067656738987 0.0035311579432540114 0.9999936075972405 0.001061890403589616 0.0013822630262292784 -0.0010671117997495538 0.9999987455375459 0.14129565265199062 -0.12893224201058473 -0.12490273262005758
FixedParameters: 0 0 0
#Transform 77
Transform: MatrixOffsetTransformBase_double_3_3
Parameters: 0.9999918646664792 -0.0034576703754058647 -0.0020436732261456874 0.0034624285461719462 0.9999921053565687 0.0018697155082547656 0.002037163073280265 -0.001877284069590035 0.9999967392722039 0.09108420350099777 -0.09004855597394368 -0.21834779287212314
FixedParameters: 0 0 0
#Transform 78
Transform: MatrixOffsetTransformBase_double_3_3
Parameters: 0.9999916905913746 -0.0038170444223370624 -0.001319467792048743 0.003820697198990319 0.9999878767595581 0.003010631208033243 0.0013077168820265662 -0.0030153668550770285 0.9999946573845198 0.12671268436460537 -0.097786141295515 -0.20773208814904365
FixedParameters: 0 0 0
#Transform 79
Transform: MatrixOffsetTransformBase_double_3_3
Parameters: 0.9999937192570345 -0.0034122230486075184 -0.0007983522976624255 0.00341312136592879 0.9999939644725979 0.0010638523314194237 0.0007945993794307355 -0.0010661487697068428 0.9999994863259889 0.17884336892424813 -0.13771188752054542 -0.09388080579441294
FixedParameters: 0 0 0
#Transform 80
Transform: MatrixOffsetTransformBase_double_3_3
Parameters: 0.9999938560269809 -0.0033010148506821073 -0.0011176348731422496 0.0033026011123965227 0.9999929148345853 0.001746222444813872 0.001111255488172381 -0.0017497755057782616 0.9999978301647714 0.14567333306217733 -0.07456360039773813 -0.18710053473373023
FixedParameters: 0 0 0
#Transform 81
Transform: MatrixOffsetTransformBase_double_3_3
Parameters: 0.9999927924341452 -0.003388266293627708 -0.0019305426786910287 0.0033925931596375638 0.9999916211786675 0.002111242056664797 0.0019230159394623548 -0.002117755927122711 0.999996228995351 0.0884877803415236 -0.06855646547476368 -0.22672919506899802
FixedParameters: 0 0 0
#Transform 82
Transform: MatrixOffsetTransformBase_double_3_3
Parameters: 0.9999922857865432 -0.003770109451486661 -0.0012256561847885736 0.0037715097966922527 0.999992551574483 0.0012787034930362151 0.0012198681715655196 -0.0012832943850041856 0.9999984522787507 0.13171569811541417 -0.1162492613991688 -0.1529980140593068
FixedParameters: 0 0 0
#Transform 83
Transform: MatrixOffsetTransformBase_double_3_3
Parameters: 0.9999925326165566 -0.0037047432255233248 -0.0013192908732517592 0.003706683509488369 0.9999923926652668 0.0010368939231988894 0.0013151027641487949 -0.0010421044656230838 0.9999989788236974 0.14741531839169397 -0.10552879565778994 -0.14682076681754097
FixedParameters: 0 0 0
#Transform 84
Transform: MatrixOffsetTransformBase_double_3_3
Parameters: 0.9999913519568362 -0.0033205393375848194 -0.0025727753583060366 0.003321884861869909 0.9999939084776684 0.0004817722398228197 0.0025721290103392536 -0.0004902296986721844 0.9999959710846589 0.09750355144959144 -0.1511090780008857 -0.19572444588669669
FixedParameters: 0 0 0
#Transform 85
Transform: MatrixOffsetTransformBase_double_3_3
Parameters: 0.9999868097035933 -0.0033813633574588625 -0.003841104776874366 0.003385362820519239 0.9999939884775149 0.0009081957288026299 0.003838211927445959 -0.0009208032034800917 0.9999921485953385 0.021839472478887956 -0.13672075905118675 -0.2791463392187836
FixedParameters: 0 0 0
#Transform 86
Transform: MatrixOffsetTransformBase_double_3_3
Parameters: 0.9999903869608014 -0.0031134378800991083 -0.0031495010141490325 0.0031203722153239767 0.9999926177708676 0.002206636733471712 0.0031426623183180946 -0.002216364848199315 0.9999929876621325 0.07579564601934408 -0.15728137790203078 -0.20356272443174817
FixedParameters: 0 0 0
#Transform 87
Transform: MatrixOffsetTransformBase_double_3_3
Parameters: 0.9999936765939215 -0.003167406286009021 -0.0015135311877401366 0.0031679333438069703 0.9999948322041874 0.000362443787464084 0.0015125097296475177 -0.0003675564621900551 0.9999985779388899 0.13134601775644228 -0.1488328589493193 -0.12215526202038518
FixedParameters: 0 0 0
#Transform 88
Transform: MatrixOffsetTransformBase_double_3_3
Parameters: 0.9999919153559798 -0.0034774671087219947 -0.0022345872577057774 0.0034779659274747276 0.9999937508537349 0.0004462138169262775 0.0022331049828154905 -0.0004537878316390742 0.9999977594996987 0.09206517540411596 -0.17958999691352773 -0.21592986938142644
FixedParameters: 0 0 0
#Transform 89
Transform: MatrixOffsetTransformBase_double_3_3
Parameters: 0.9999875990050722 -0.003628103417588615 -0.0033519316784449277 0.00363112070348217 0.9999934686822263 0.0007558983655590601 0.003349338741693549 -0.0007681010403791655 0.9999939690281423 0.06232257614490777 -0.159727720308247 -0.2462558258600609
FixedParameters: 0 0 0
#Transform 90
Transform: MatrixOffsetTransformBase_double_3_3
Parameters: 0.9999937882574897 -0.003190800536294605 -0.0014249606387125202 0.0031925031059445853 0.9999948049018186 0.0010016942473198842 0.0014211336736849112 -0.0010063051554003999 0.9999989673179953 0.14036737685970024 -0.11761048556336817 -0.13760786312209916
FixedParameters: 0 0 0
#Transform 91
Transform: MatrixOffsetTransformBase_double_3_3
Parameters: 0.9999924776491455 -0.0034096102471733035 -0.0017012577120559661 0.003410095262241187 0.9999941488293955 -0.00013448722319542306 0.0017018011868119981 0.00012951359230456427 0.9999982939718539 0.13291653274686155 -0.1695940868809629 -0.13958850440849346
FixedParameters: 0 0 0
#Transform 92
Transform: MatrixOffsetTransformBase_double_3_3
Parameters: 0.9999897355762102 -0.0036557905696582077 -0.00262693539986711 0.003654788988374161 0.9999930569274187 -0.00030541621852986367 0.0026278413028892117 0.00029558379429722725 0.9999964980474249 0.12119194636198927 -0.18111008847520793 -0.19791513062696708
FixedParameters: 0 0 0
#Transform 93
Transform: MatrixOffsetTransformBase_double_3_3
Parameters: 0.9999878270228636 -0.0035195902266042306 -0.0035752954626357995 0.0035212327758059416 0.9999936549716046 0.0003042685268968559 0.0035744002192910325 -0.00031673046277913564 0.9999939792298749 0.0547722363547507 -0.19402333932507787 -0.24235475165625076
FixedParameters: 0 0 0
#Transform 94
Transform: MatrixOffsetTransformBase_double_3_3
Parameters: 0.9999893562181627 -0.003162776460947969 -0.0032615240969213195 0.003165105824257024 0.9999947541046262 0.0006721260466917012 0.0032601755529192036 -0.0006828763739866739 0.9999946840945964 0.07272275137569295 -0.1540353952422251 -0.21287272367732157
FixedParameters: 0 0 0
#Transform 95
Transform: MatrixOffsetTransformBase_double_3_3
Parameters: 0.9999915555712106 -0.0029743611209433083 -0.002756696852603161 0.00297305276373976 0.9999956759724549 -0.00034629611965170115 0.0027574399365186777 0.0003377041393786695 0.9999966456700061 0.09579798836054465 -0.2110773849162868 -0.15152640792928196
FixedParameters: 0 0 0
#Transform 96
Transform: MatrixOffsetTransformBase_double_3_3
Parameters: 0.9999885093923351 -0.00389505520541259 -0.002704873887023774 0.0038948152218611603 0.9999917512661962 -0.00022214371224216212 0.00270620756431132 0.00021185519741095948 0.999996663948346 0.10074566332198742 -0.19720885877689653 -0.20420261631841186
FixedParameters: 0 0 0
#Transform 97
Transform: MatrixOffsetTransformBase_double_3_3
Parameters: 0.9999872037279052 -0.003478960826241307 -0.0037003971368089095 0.003478979352246334 0.9999940414380974 -0.000004019616729966646 0.0037003797425588635 -0.000009019552704214728 0.9999931622773199 0.03664119825711509 -0.17503647701624203 -0.27185467155209153
FixedParameters: 0 0 0
#Transform 98
Transform: MatrixOffsetTransformBase_double_3_3
Parameters: 0.9999909731929051 -0.0036956960551719435 -0.002089974237472674 0.003696445412735882 0.9999933648513968 0.00031346522221326056 0.002088918170613212 -0.0003215349597405215 0.9999974067282874 0.14564743324444862 -0.17369805154841345 -0.14558343173018784
FixedParameters: 0 0 0
#Transform 99
Transform: MatrixOffsetTransformBase_double_3_3
Parameters: 0.9999884203315846 -0.003590108988423878 -0.0032696494620714656 0.003589377406117504 0.9999932195165745 -0.00034867956595191485 0.003270464366338575 0.0003373225817193126 0.9999939655153813 0.07731236314396028 -0.19847464849986096 -0.21925960198066718
FixedParameters: 0 0 0
#Transform 100
Transform: MatrixOffsetTransformBase_double_3_3
Parameters: 0.9999856674482602 -0.0034999012314351954 -0.004132511325451831 0.003498822370594958 0.9999939332267148 -0.0004769453965488557 0.004134727038341559 0.000462056268258737 0.9999912933570155 0.036244272676867695 -0.2496682725057653 -0.2778117204012176
FixedParameters: 0 0 0
#Transform 101
Transform: MatrixOffsetTransformBase_double_3_3
Parameters: 0.9999860392110564 -0.0036835703753654884 -0.0037937564830763226 0.0036822211312099117 0.9999928993350655 -0.00038391473079318894 0.0037948857288704974 0.0003700864396500303 0.9999928556156401 0.051461973362336266 -0.2469062126911865 -0.23030062237756965
FixedParameters: 0 0 0
#Transform 102
Transform: MatrixOffsetTransformBase_double_3_3
Parameters: 0.999989672160823 -0.0031947987065293207 -0.003334915642612595 0.0031933284275195107 0.9999951550653124 -0.00045233959499718646 0.0033361234715094537 0.0004416612983257906 0.999994117475023 0.07528567336328251 -0.24320603385248063 -0.1768736932231434
FixedParameters: 0 0 0
#Transform 103
Transform: MatrixOffsetTransformBase_double_3_3
Parameters: 0.9999867334692979 -0.0034276548202759145 -0.003938940783291524 0.0034246709317340995 0.9999938812882858 -0.0008143131424992456 0.00394211291544155 0.0008006857880295537 0.9999915480602838 0.03723389697498192 -0.249537238685825 -0.2462860719546427
FixedParameters: 0 0 0
#Transform 104
Transform: MatrixOffsetTransformBase_double_3_3
Parameters: 0.9999840868853336 -0.0038057364965392347 -0.004174091284267858 0.003804919200887101 0.9999925245144142 -0.00044128974792528863 0.004176320319841152 0.00042571206653002625 0.9999911865226832 0.03305645436094551 -0.25246355071157467 -0.2522342361624226
FixedParameters: 0 0 0
#Transform 105
Transform: MatrixOffsetTransformBase_double_3_3
Parameters: 0.9999850198509537 -0.0034968138042859153 -0.004092906291348522 0.0034949940065221647 0.9999942396728339 -0.0005279191550952578 0.0040945446343079095 0.0005140830147967179 0.9999912372911899 0.015117195471873401 -0.23131729240492405 -0.2649137698538482
FixedParameters: 0 0 0
#Transform 106
Transform: MatrixOffsetTransformBase_double_3_3
Parameters: 0.9999863741782662 -0.003914668150909346 -0.003507259629914031 0.003913285684596875 0.9999921945472449 -0.00041946446061874587 0.0035088410062450006 0.000405535909737631 0.9999938393159982 0.07059620717242865 -0.2296452742767343 -0.20548007011939262
FixedParameters: 0 0 0
#Transform 107
Transform: MatrixOffsetTransformBase_double_3_3
Parameters: 0.9999880859393369 -0.0036844132874393944 -0.0032157091443777014 0.003682288604382478 0.9999932273192494 -0.0006607892265128035 0.0032175957470767843 0.0006492134580806663 0.9999950005633439 0.0793488972669536 -0.2014395438836729 -0.20183470984363794
FixedParameters: 0 0 0
#Transform 108
Transform: MatrixOffsetTransformBase_double_3_3
Parameters: 0.9999856351101544 -0.003646207257868236 -0.0038821047820568537 0.003645498241619097 0.9999932311459195 -0.0002930962503903123 0.0038825425518896972 0.00027890736214886136 0.9999922403700456 0.04156974763466792 -0.22410433626816229 -0.2750391042901583
FixedParameters: 0 0 0
#Transform 109
Transform: MatrixOffsetTransformBase_double_3_3
Parameters: 0.9999903378525888 -0.003678607934255102 -0.00247659283174023 0.0036781447369352237 0.9999928501963782 -0.00002625506852632631 0.002475816807594643 0.000016747025997077003 0.9999964867320602 0.12099191960206213 -0.19095403351390416 -0.16267195750165797
FixedParameters: 0 0 0
#Transform 110
Transform: MatrixOffsetTransformBase_double_3_3
Parameters: 0.9999858527996643 -0.0036424243459070174 -0.003985207172275143 0.003638949628289484 0.9999928136218338 -0.0008221204451357433 0.00398784617416774 0.0008078794622925489 0.9999917107179124 0.04408926098773236 -0.23506482651304594 -0.2595779664300153
FixedParameters: 0 0 0
#Transform 111
Transform: MatrixOffsetTransformBase_double_3_3
Parameters: 0.9999850598479931 -0.0037572799407809407 -0.003849934435670442 0.003753984806494987 0.9999929472447997 -0.0009485341512092127 0.0038533542512674754 0.0009344687723868428 0.9999923397428168 0.05160205843290555 -0.29442339111220406 -0.29873891837149813
FixedParameters: 0 0 0
#Transform 112
Transform: MatrixOffsetTransformBase_double_3_3
Parameters: 0.9999932270769595 -0.0034403697020903143 -0.0013915296441913425 0.0034397660280540638 0.9999939727031839 -0.0006340148246589128 0.0013932925902374713 0.0006289866074632999 0.9999984567857092 0.15719271940491808 -0.2561470200753888 -0.08535062949084704
FixedParameters: 0 0 0
#Transform 113
Transform: MatrixOffsetTransformBase_double_3_3
Parameters: 0.9999845493330922 -0.00319743561297717 -0.004607121794500006 0.0031924028013388572 0.999994212012352 -0.0010210754548412582 0.004610883236151038 0.0010069196940796776 0.9999882809174185 0.01102070337694272 -0.3538568023869644 -0.5137593754265595
FixedParameters: 0 0 0
#Transform 114
Transform: MatrixOffsetTransformBase_double_3_3
Parameters: 0.9999900390006153 -0.003631206826581527 -0.0026027507567313755 0.0036239010976143603 0.9999893187628567 -0.002896399589062848 0.002613269126744983 0.0028875989377834532 0.9999919927959736 0.11791808346205812 -0.47173041972567376 -0.6189558543984504
