#Insight Transform File V1.0
#Transform 0
Transform: MatrixOffsetTransformBase_double_3_3
Parameters: 0.9999982026789752 -0.0004497066656345676 0.0016112237611451378 0.0004561871007723252 0.999993055701689 -0.0037951437802484222 -0.0016088043385790096 0.003795856791223129 0.999991335210703 0.19026048443376453 -0.5372906917404379 -0.09954380436033716
FixedParameters: 0 0 0
#Transform 1
Transform: MatrixOffsetTransformBase_double_3_3
Parameters: 0.9999993410474016 -0.0003306877579837407 0.0007413498050301156 0.0003335336963350513 0.9999957583752198 -0.002792626045482305 -0.0007400724247399381 0.0027923725500341168 0.9999959865307536 0.1333226536231109 -0.4410170639315467 -0.058688806722557274
FixedParameters: 0 0 0
#Transform 2
Transform: MatrixOffsetTransformBase_double_3_3
Parameters: 0.999999836884528 0.00003068119430339842 0.0010780673899753682 -0.000027324574316816338 0.9999958666597395 -0.0030220320888421637 -0.0010781066708337877 0.003021969534409641 0.9999947052049054 0.1487185380812832 -0.4300351546986434 -0.08764223252049419
FixedParameters: 0 0 0
#Transform 3
Transform: MatrixOffsetTransformBase_double_3_3
Parameters: 1.0000001588832583 -0.00015107790806881725 0.0009046725108743242 0.00015372914244394574 0.9999967083500592 -0.0026958629063166817 -0.0009040714738014492 0.002696138548998972 0.9999959136676051 0.1391081117610895 -0.4253248038381727 -0.05716631635101521
FixedParameters: 0 0 0
#Transform 4
Transform: MatrixOffsetTransformBase_double_3_3
Parameters: 0.9999997131393202 -0.0004425396734968672 0.0010444900387942004 0.0004449888207548912 0.9999966641174105 -0.0024094084273338368 -0.0010435064643026064 0.002409589515621313 0.9999964376258152 0.1509002047386332 -0.3992139150590077 -0.06702651455597675
FixedParameters: 0 0 0
#Transform 5
Transform: MatrixOffsetTransformBase_double_3_3
Parameters: 0.9999999225520474 -0.00028554690375162136 0.00099816338073277 0.00028851090259796215 0.9999971524053725 -0.0026007152388493604 -0.0009968909756063447 0.0026012878626129887 0.9999962397102542 0.15681105502883952 -0.43560800690968904 -0.048453970698204785
FixedParameters: 0 0 0
#Transform 6
Transform: MatrixOffsetTransformBase_double_3_3
Parameters: 0.9999999326325574 -0.00013275577162812449 0.0010246413911622655 0.0001360823780675567 0.9999926995333814 -0.003795529550802812 -0.001024062329136934 0.0037964714455125947 0.9999924137520185 0.14906119105157245 -0.4567971391067971 -0.15154435716502235
FixedParameters: 0 0 0
#Transform 7
Transform: MatrixOffsetTransformBase_double_3_3
Parameters: 0.9999997091320685 -0.00011642070772852991 0.001130416633118072 0.00011989786645270126 0.9999951569937202 -0.0029364050533929875 -0.0011295866660042367 0.002936593133153975 0.9999953060366457 0.15655481896530432 -0.4779443303005877 -0.09249009499487215
FixedParameters: 0 0 0
#Transform 8
Transform: MatrixOffsetTransformBase_double_3_3
Parameters: 0.9999963004922667 0.0002749908825042185 0.0027607423908755685 -0.00026695168202932475 0.9999959600590019 -0.003002621898725688 -0.002762318282858517 0.0030023794034030327 0.9999913103420099 0.24128017513444888 -0.45185411968034117 -0.21989688588197964
FixedParameters: 0 0 0
#Transform 9
Transform: MatrixOffsetTransformBase_double_3_3
Parameters: 0.9999991002766443 -0.0005571490918587534 0.0016092195465794842 0.0005644815866474452 0.9999910362543684 -0.004175637611219529 -0.0016064881476118582 0.0041773620709930626 0.9999901775417595 0.19697079129787198 -0.6030621414950303 -0.12966180068838185
FixedParameters: 0 0 0
#Transform 10
Transform: MatrixOffsetTransformBase_double_3_3
Parameters: 0.9999982648985388 -0.0003160571008076037 0.0016227962229001533 0.0003244730799968208 0.9999879695195276 -0.004870019157475869 -0.0016222070970136587 0.004870979448613477 0.9999868515314716 0.2090991133330249 -0.570490747332407 -0.21757091848806454
FixedParameters: 0 0 0
#Transform 11
Transform: MatrixOffsetTransformBase_double_3_3
Parameters: 0.9999980405622885 -0.0005952301851181873 0.0018985352960160325 0.0006027515368262122 0.9999907502302277 -0.004268608723304701 -0.0018965291429963835 0.00426939096257789 0.999988841409382 0.20503191367657791 -0.5827977552142869 -0.1721222854840505
FixedParameters: 0 0 0
#Transform 12
Transform: MatrixOffsetTransformBase_double_3_3
Parameters: 0.9999990542377021 -0.0004821106087142303 0.0013083456588379725 0.0004887505749012381 0.9999888131429535 -0.004649235073781066 -0.001307075689366192 0.004649759179062352 0.9999880051664526 0.18079484701257797 -0.6350521658103006 -0.17697703204484583
FixedParameters: 0 0 0
#Transform 13
Transform: MatrixOffsetTransformBase_double_3_3
Parameters: 0.9999984760051234 -0.00009303271133042192 0.0018751717177960467 0.00010227409334224873 0.9999892835229146 -0.00474335955936106 -0.0018741939707514151 0.004743646729032547 0.9999871905753656 0.20636979693293256 -0.5923317805739643 -0.1769339896338522
FixedParameters: 0 0 0
#Transform 14
Transform: MatrixOffsetTransformBase_double_3_3
Parameters: 0.9999987868349222 -0.0005721966795517181 0.001699007860305813 0.0005806659131795708 0.999985624055062 -0.005326767581820935 -0.001695617826695807 0.005327233378938867 0.999984408468499 0.19872847695953055 -0.6778425248981748 -0.2588551576331497
FixedParameters: 0 0 0
#Transform 15
Transform: MatrixOffsetTransformBase_double_3_3
Parameters: 0.9999974247956182 -0.0004557665567120852 0.0020898168558290964 0.00046556723045182414 0.9999885216973496 -0.0048704552174690385 -0.002087723583129355 0.004871555234218672 0.9999864494300121 0.22332463516698908 -0.683264989216454 -0.23958085703108623
FixedParameters: 0 0 0
#Transform 16
Transform: MatrixOffsetTransformBase_double_3_3
Parameters: 0.9999987931252452 -0.0008549053614889815 0.0015735490210051258 0.0008630331701951528 0.9999862566661737 -0.005163521585317465 -0.0015690756564735015 0.005165475515139684 0.9999851919551578 0.201405995088777 -0.6791498600524477 -0.23215856150264358
FixedParameters: 0 0 0
#Transform 17
Transform: MatrixOffsetTransformBase_double_3_3
Parameters: 0.9999987143838017 -0.0009698204728775608 0.0015313871935070179 0.0009774488731684758 0.9999857071590008 -0.005260260854005161 -0.001526475730981795 0.00526174712921279 0.9999856505125919 0.20752539011030535 -0.6580209983275296 -0.2029459721371154
FixedParameters: 0 0 0
#Transform 18
Transform: MatrixOffsetTransformBase_double_3_3
Parameters: 0.9999979426920166 -0.00034960844734127747 0.0022212194836396257 0.0003619270964068451 0.999984411363887 -0.005649625693930793 -0.0022198145866614677 0.005650381224830414 0.9999816856987651 0.24741400540864333 -0.6788021268094866 -0.30963514932480507
FixedParameters: 0 0 0
#Transform 19
Transform: MatrixOffsetTransformBase_double_3_3
Parameters: 0.9999962952537443 -0.0006612378708580417 0.0026959792555634327 0.0006767555357977737 0.9999846613132597 -0.005489148336147831 -0.0026918256891645363 0.0054918494041780175 0.9999813422022574 0.2788423577514152 -0.7008243272640655 -0.2866401284378526
FixedParameters: 0 0 0
#Transform 20
Transform: MatrixOffsetTransformBase_double_3_3
Parameters: 0.9999983136279098 -0.0009210939884335734 0.001355782691489225 0.0009279737980053531 0.9999855424238816 -0.0051894928808985386 -0.0013509416896446106 0.005190504373803417 0.9999858986196208 0.2006439846739454 -0.696354718160066 -0.20642712977573296
FixedParameters: 0 0 0
#Transform 21
Transform: MatrixOffsetTransformBase_double_3_3
Parameters: 0.9999988429671608 -0.0007966422387639526 0.0015884271295844195 0.0008051268740822975 0.9999868465622419 -0.005115603186347073 -0.0015836964003586107 0.005117398204410373 0.9999856388693417 0.20462850065274552 -0.6837899081803087 -0.20800554348753053
FixedParameters: 0 0 0
#Transform 22
Transform: MatrixOffsetTransformBase_double_3_3
Parameters: 0.9999973090543867 -0.00041971278268551117 0.0023483782330037182 0.00043156715120991064 0.9999875685623206 -0.00497041011933258 -0.002346184326013864 0.004971583878304708 0.99998431846459 0.25082993183087865 -0.7038797017173195 -0.2277377467999031
FixedParameters: 0 0 0
#Transform 23
Transform: MatrixOffsetTransformBase_double_3_3
Parameters: 0.9999968180154309 -0.0006124092233567801 0.00260881750921791 0.0006292555522410741 0.9999794801916069 -0.006422667364945012 -0.0026051892908075746 0.006424334488066619 0.9999758141079307 0.2736198512983492 -0.6894322438375227 -0.30468577623966553
FixedParameters: 0 0 0
#Transform 24
Transform: MatrixOffsetTransformBase_double_3_3
Parameters: 0.9999967076662405 -0.0004918017948665483 0.0024601476564379133 0.0005081909773543992 0.9999777801814956 -0.0065737197216975685 -0.0024560523963009554 0.006575274438439804 0.9999754783527431 0.25262297914596843 -0.7595283510637216 -0.28582693171270535
FixedParameters: 0 0 0
#Transform 25
Transform: MatrixOffsetTransformBase_double_3_3
Parameters: 0.9999977057434364 -0.0007130378016763428 0.002187634979810488 0.0007276295015154932 0.9999792066582278 -0.006424043954810776 -0.0021828630219691792 0.006424955738915272 0.9999769497257235 0.2335033866024503 -0.7611868997917242 -0.2951413707862969
FixedParameters: 0 0 0
#Transform 26
Transform: MatrixOffsetTransformBase_double_3_3
Parameters: 0.9999975334236593 -0.0004954529850093858 0.002054652266891834 0.0005077702880746097 0.9999789280535212 -0.0064243799808801905 -0.002051399252938685 0.006425615187641287 0.9999770432070276 0.23312440266238355 -0.7892672311038709 -0.18966124071667423
FixedParameters: 0 0 0
#Transform 27
Transform: MatrixOffsetTransformBase_double_3_3
Parameters: 0.9999971897072522 -0.0008131324710582442 0.0020370137375807728 0.0008263287461493165 0.999977491690435 -0.006645074413869856 -0.0020315356608717585 0.00664691857712435 0.9999753583497739 0.2401955238028961 -0.7900408750415124 -0.27190579755611566
FixedParameters: 0 0 0
#Transform 28
Transform: MatrixOffsetTransformBase_double_3_3
Parameters: 0.9999977517665307 -0.00037573148257788816 0.0020267528091831182 0.0003896408341734691 0.9999768285720745 -0.00681763966730764 -0.0020237929935163577 0.006818365314475772 0.999974951733355 0.2232249449177175 -0.8054799933527974 -0.3057198144344966
FixedParameters: 0 0 0
#Transform 29
Transform: MatrixOffsetTransformBase_double_3_3
Parameters: 0.99999831691405 -0.0003386000958324831 0.0016029969092980069 0.0003489899020110064 0.9999793883031562 -0.006424991065073826 -0.0016000391062506213 0.006426013285772969 0.9999783535748005 0.20971326070784357 -0.8181873413225276 -0.19709674468958838
FixedParameters: 0 0 0
#Transform 30
Transform: MatrixOffsetTransformBase_double_3_3
Parameters: 0.9999977463750603 -0.00037450145695303266 0.0022609501395262285 0.0003915743060643756 0.9999724934231621 -0.007381418188257771 -0.0022587087899950805 0.007381579465714827 0.9999702782573023 0.23644852839254327 -0.8197677875768719 -0.3013261664787308
FixedParameters: 0 0 0
#Transform 31
Transform: MatrixOffsetTransformBase_double_3_3
Parameters: 0.9999978750006433 -0.0005249938671845695 0.0019618756384492983 0.0005384544178899133 0.9999745967630335 -0.007111373052621328 -0.0019584392727495653 0.007112633139770841 0.9999731157221419 0.20976674149895302 -0.839110523780306 -0.3013785569585252
FixedParameters: 0 0 0
#Transform 32
Transform: MatrixOffsetTransformBase_double_3_3
Parameters: 0.999998340766996 -0.00032401276479803874 0.001885082075715631 0.0003360811013685653 0.9999778968550954 -0.006591788874589888 -0.001883346003064751 0.006592208182772119 0.9999765339797213 0.21927166708550772 -0.8197961807680585 -0.2741413031220361
FixedParameters: 0 0 0
#Transform 33
Transform: MatrixOffsetTransformBase_double_3_3
Parameters: 0.9999983206222005 -0.0003723829593458896 0.0015938815773322683 0.00038531426913674587 0.9999700327645183 -0.007777270357198329 -0.0015909605405251975 0.007777731424865597 0.9999683069207852 0.19040081704250156 -0.8416958239985846 -0.366760441110614
FixedParameters: 0 0 0
#Transform 34
Transform: MatrixOffsetTransformBase_double_3_3
Parameters: 0.9999984318290963 -0.00035517920989396225 0.0015630024872603124 0.0003662517004176911 0.9999743713923088 -0.007222313559900495 -0.0015598297074877246 0.0072226945100639095 0.9999727299386173 0.19369703686476214 -0.8968275164085497 -0.3044886410437755
FixedParameters: 0 0 0
#Transform 35
Transform: MatrixOffsetTransformBase_double_3_3
Parameters: 0.9999991219420266 -0.0006186606035136787 0.00122274013985 0.0006274761459934198 0.9999719743562177 -0.007458235486764053 -0.0012184215443875879 0.007459756470660661 0.999970872684394 0.17959969073476145 -0.8298564629541048 -0.33407113958188006
FixedParameters: 0 0 0
#Transform 36
Transform: MatrixOffsetTransformBase_double_3_3
Parameters: 0.9999980874932348 -0.0005748075765898019 0.0018927993129736979 0.0005889593991250263 0.9999710130450905 -0.0075563117397758894 -0.0018881315577319927 0.0075576873693864455 0.9999698562145755 0.2022023773955084 -0.8991933495803792 -0.3336962797243359
FixedParameters: 0 0 0
#Transform 37
Transform: MatrixOffsetTransformBase_double_3_3
Parameters: 0.9999981551089522 -0.0008295884302321888 0.001468463307295342 0.0008408168506595536 0.9999711038578186 -0.007597980906927426 -0.0014622586792210279 0.007599016634770306 0.9999695751165167 0.18282625351824322 -0.893705638541789 -0.3008076015165102
FixedParameters: 0 0 0
#Transform 38
Transform: MatrixOffsetTransformBase_double_3_3
Parameters: 0.9999982805403448 -0.0005567241120908123 0.0015517716087943211 0.0005683010466077618 0.9999723766344288 -0.007481006047367511 -0.0015485518255161316 0.007482004515151963 0.9999709564999273 0.19532831859154953 -0.8991017209410259 -0.3044674738280264
FixedParameters: 0 0 0
#Transform 39
Transform: MatrixOffsetTransformBase_double_3_3
Parameters: 0.999999028544198 -0.0003952869147667578 0.001346935211652642 0.0004051713576833386 0.9999730930223061 -0.007376338724368048 -0.0013447160902014174 0.007376670489864845 0.9999721084155833 0.183280214096726 -0.8613827528305862 -0.3206568084943058
FixedParameters: 0 0 0
#Transform 40
Transform: MatrixOffsetTransformBase_double_3_3
Parameters: 0.9999990752919141 -0.0005586277611619405 0.0016164847109735932 0.000571005631248139 0.9999681625039818 -0.008010964280389055 -0.0016119182166269843 0.008012042238238537 0.9999665423173749 0.19873504731614844 -0.9420066609044824 -0.3415020844407195
FixedParameters: 0 0 0
#Transform 41
Transform: MatrixOffsetTransformBase_double_3_3
Parameters: 0.9999982395954705 -0.00035189423442452184 0.0019069754803941674 0.0003668117383198214 0.999969049259663 -0.007848850860934842 -0.0019041699377758037 0.007850141437506508 0.999966959082018 0.2085516562436851 -0.8807195882689172 -0.3414965114445465
FixedParameters: 0 0 0
#Transform 42
Transform: MatrixOffsetTransformBase_double_3_3
Parameters: 0.9999996245303104 -0.0003497587715568124 0.0011195045580373742 0.0003604991143646069 0.9999527876535719 -0.00968247157955987 -0.0011159561055074478 0.009682519938335576 0.9999523308871431 0.1775334699156872 -1.0622462819894736 -0.4285394271830967
FixedParameters: 0 0 0
#Transform 43
Transform: MatrixOffsetTransformBase_double_3_3
Parameters: 0.9999979539342584 -0.0002664670912549575 0.001993412966265011 0.00028300884069726756 0.9999639339812549 -0.00847198564152879 -0.001991814229544448 0.008473001553030934 0.9999614508278423 0.22512970556374512 -0.9892036107013311 -0.2814476984592602
FixedParameters: 0 0 0
#Transform 44
Transform: MatrixOffsetTransformBase_double_3_3
Parameters: 0.9999990078459909 -0.0005776719556446051 0.0012878630232667808 0.0005917325298483878 0.9999393321632366 -0.010999121781498977 -0.0012813518834702286 0.010999878508235916 0.9999386902389301 0.18108454914639083 -1.1410955708169155 -0.44693649021846227
FixedParameters: 0 0 0
#Transform 45
Transform: MatrixOffsetTransformBase_double_3_3
Parameters: 0.9999994830256618 -0.0003977419338727063 0.0005987202455744321 0.000404211157881151 0.9999570527587723 -0.009261759997226726 -0.0005948931947347127 0.00926223856234104 0.9999568572903632 0.1473491712283419 -1.0747641441696345 -0.36238740069350683
FixedParameters: 0 0 0
#Transform 46
Transform: MatrixOffsetTransformBase_double_3_3
Parameters: 0.9999989546522778 -0.00024835892118831596 0.001408803329193018 0.00026225373368967813 0.9999487894117157 -0.010139515350232498 -0.0014055276360797272 0.01013948834929529 0.9999475408923659 0.1826528394046818 -1.1536167794313528 -0.36571780945547516
FixedParameters: 0 0 0
#Transform 47
Transform: MatrixOffsetTransformBase_double_3_3
Parameters: 0.9999996781139502 -0.0003047886037747872 0.0011086687631621202 0.00031746693970141827 0.9999316447635175 -0.011658521680583955 -0.001104963460642305 0.011658464877041252 0.9999311829351236 0.16878765712027644 -1.227251456793958 -0.3891297142834276
FixedParameters: 0 0 0
#Transform 48
Transform: MatrixOffsetTransformBase_double_3_3
Parameters: 0.9999994802876346 -0.00012277438403462577 0.0007103008133512062 0.00013170500072534687 0.9999174068651642 -0.012815776104218135 -0.000708856532052147 0.012815211127119808 0.9999175859752906 0.14302306799760345 -1.323451637304828 -0.4581439600364092
FixedParameters: 0 0 0
#Transform 49
Transform: MatrixOffsetTransformBase_double_3_3
Parameters: 0.9999991024111854 -0.00003735209096644509 0.0013771622074867053 0.000053326389247632964 0.9999316567380292 -0.011667476159011037 -0.0013763583136052078 0.01166752199074278 0.9999311751867868 0.19146327421154297 -1.3006230886090009 -0.3908207295359887
FixedParameters: 0 0 0
#Transform 50
Transform: MatrixOffsetTransformBase_double_3_3
Parameters: 0.9999993113541937 -0.0002693837064935832 0.0007848128285785077 0.0002800967153349906 0.9999124922129177 -0.01320677450712432 -0.000781241051352402 0.013207204701099762 0.9999119544447321 0.1475629101814775 -1.3000413950655059 -0.4903684144302076
FixedParameters: 0 0 0
#Transform 51
Transform: MatrixOffsetTransformBase_double_3_3
Parameters: 0.9999994360932676 -0.000032276647876005476 0.0012505435595550768 0.00004716174030603495 0.9999290620844323 -0.011899818520320071 -0.0012492748841368626 0.011899172269115466 0.9999281677817637 0.1818490037102265 -1.3194611722952985 -0.3547330703629257
FixedParameters: 0 0 0
#Transform 52
Transform: MatrixOffsetTransformBase_double_3_3
Parameters: 0.9999988815735501 -0.0003420994926896571 0.001414776848020096 0.00036274576968995385 0.9999018980555696 -0.013991043495871325 -0.0014094829117699535 0.013991959852652003 0.9999014399561832 0.18686906198288966 -1.4149583445470597 -0.5025946193962909
FixedParameters: 0 0 0
#Transform 53
Transform: MatrixOffsetTransformBase_double_3_3
Parameters: 0.9999991351200065 -0.00020733285339965006 0.0013498805218422865 0.0002251033073464885 0.9999111231377951 -0.013322575619633015 -0.0013468191493462617 0.013322413162019597 0.9999100182013043 0.1786326820946158 -1.4173624604915176 -0.44419339963062043
FixedParameters: 0 0 0
#Transform 54
Transform: MatrixOffsetTransformBase_double_3_3
Parameters: 0.9999995587221071 -0.00028971060469532364 0.001165247545144707 0.00030330511996566845 0.9999292611598116 -0.011887527460986924 -0.0011613905744755917 0.011887471802389582 0.9999286621713711 0.1685197525562785 -1.2653226419311494 -0.39382601100035686
FixedParameters: 0 0 0
#Transform 55
Transform: MatrixOffsetTransformBase_double_3_3
Parameters: 0.9999984690181183 -0.0004024817380893544 0.0018354738267039516 0.00042759090823458426 0.9999081433629382 -0.013564987574819276 -0.0018298007277021034 0.013565017829775372 0.9999062898759625 0.21476279999706094 -1.3838645850831597 -0.49679409827905374
FixedParameters: 0 0 0
#Transform 56
Transform: MatrixOffsetTransformBase_double_3_3
Parameters: 0.9999988659332946 -0.00032140809083103705 0.001425087898388708 0.0003375482046124522 0.9999302135664289 -0.011846411350326158 -0.0014212722712240063 0.01184660364357809 0.9999289630669271 0.19803792583877566 -1.2927170177354839 -0.3535533150940182
FixedParameters: 0 0 0
#Transform 57
Transform: MatrixOffsetTransformBase_double_3_3
Parameters: 0.9999981189465749 -0.00018582373010460394 0.0019612964983104623 0.0002142242120085679 0.9998926457230626 -0.014624689511041733 -0.0019583149313756702 0.014625315591265342 0.999891668607172 0.22003200208695262 -1.423975701605812 -0.529334843934123
FixedParameters: 0 0 0
#Transform 58
Transform: MatrixOffsetTransformBase_double_3_3
Parameters: 0.9999987642657734 -0.0000943190556997032 0.0014924240272894415 0.00011529988451072283 0.9999070928032405 -0.013626385285749998 -0.0014906198312960792 0.0136266189265703 0.9999062909526756 0.1937888285866336 -1.416393992778893 -0.47379361345198845
FixedParameters: 0 0 0
#Transform 59
Transform: MatrixOffsetTransformBase_double_3_3
Parameters: 0.9999980722976024 -0.00030298765310395666 0.0016840185536452237 0.00032418271312486207 0.9999219800379754 -0.012464886482655702 -0.0016800555201478074 0.012465116950826138 0.9999213274676227 0.21024078459697648 -1.305833421265561 -0.3619548336145897
FixedParameters: 0 0 0
#Transform 60
Transform: MatrixOffsetTransformBase_double_3_3
Parameters: 0.9999989094409214 -0.0004899271239476402 0.0013603758333857407 0.0005086620447694539 0.9999046441282815 -0.013775183930476942 -0.001353412686371434 0.013775793413892568 0.9999037186192486 0.1934279610824774 -1.38137761934739 -0.4348125035937187
FixedParameters: 0 0 0
#Transform 61
Transform: MatrixOffsetTransformBase_double_3_3
Parameters: 0.9999986705677314 -0.0002726331785813652 0.00180454506443832 0.0002992471421912856 0.9998886247466959 -0.014890890801221413 -0.0017996115853459024 0.014891096926707648 0.9998875372852893 0.21249775566184326 -1.4939009107867491 -0.5205980770461451
FixedParameters: 0 0 0
#Transform 62
Transform: MatrixOffsetTransformBase_double_3_3
Parameters: 0.9999991088978467 -0.0003778558769911616 0.0013222145298095837 0.00039670026726209716 0.9998890320388762 -0.014915370864086452 -0.0013167411312607167 0.014915647354867112 0.9998881073468165 0.19583338396762429 -1.5262071256956489 -0.5235344673950806
FixedParameters: 0 0 0
#Transform 63
Transform: MatrixOffsetTransformBase_double_3_3
Parameters: 0.9999991058201485 -0.00021753430223014062 0.0013589807768049859 0.0002369177099772296 0.9998980143828907 -0.014303570831418644 -0.0013557576875610695 0.014303442154976531 0.9998968899027157 0.17554468498971687 -1.4781978003470329 -0.39218765744413986
FixedParameters: 0 0 0
#Transform 64
Transform: MatrixOffsetTransformBase_double_3_3
Parameters: 0.9999984508970619 -0.00009170935702011392 0.0015939986870037802 0.00011739489057508378 0.9998774556663548 -0.015630362904535733 -0.001592223866705443 0.01563061701183266 0.9998763403248851 0.20121319151493822 -1.5358511937582051 -0.5076673519323265
FixedParameters: 0 0 0
#Transform 65
Transform: MatrixOffsetTransformBase_double_3_3
Parameters: 0.9999983268192055 0.000024272869620309235 0.001634549637519318 -0.0000019037230984474782 0.9999094879881695 -0.013427551945365934 -0.0016352400579228963 0.013427430113162275 0.9999082270634451 0.21158009784602427 -1.4411566887832663 -0.43044467024154187
FixedParameters: 0 0 0
#Transform 66
Transform: MatrixOffsetTransformBase_double_3_3
Parameters: 0.9999985822380941 0.00017241696139710006 0.00154553180913258 -0.00014813099556636397 0.999875730144102 -0.015790921441367345 -0.0015476373538529078 0.015791092094359693 0.999874109123948 0.19494270350821807 -1.5247045334124465 -0.527367341133953
FixedParameters: 0 0 0
#Transform 67
Transform: MatrixOffsetTransformBase_double_3_3
Parameters: 0.9999977571764028 -0.00022471381640837545 0.002047352753442051 0.0002553044659821525 0.9998850482086747 -0.015176929704125042 -0.0020440915323906095 0.015177087222613794 0.9998829990326259 0.23120700295697816 -1.5672509190475523 -0.49821866011859584
FixedParameters: 0 0 0
#Transform 68
Transform: MatrixOffsetTransformBase_double_3_3
Parameters: 0.9999993884528665 -0.00027037013812149815 0.0012406145057091706 0.00028896764940080586 0.9998874862565091 -0.014984314833507928 -0.0012358665166755272 0.01498567391087785 0.9998867765203855 0.17675308927039168 -1.507736932510852 -0.4640418301216016
FixedParameters: 0 0 0
#Transform 69
Transform: MatrixOffsetTransformBase_double_3_3
Parameters: 0.99999896723906 -0.000010819936333972074 0.0010164897676824191 0.000026715885881907078 0.9998855698097966 -0.015135859303345156 -0.0010155982349438154 0.01513515187622183 0.9998852041787054 0.17703568242896495 -1.4875109447065 -0.4715272485471189
FixedParameters: 0 0 0
#Transform 70
Transform: MatrixOffsetTransformBase_double_3_3
Parameters: 0.999998678949041 -0.00029329171886360785 0.0014951810695227408 0.00031343839215299717 0.9999062084879689 -0.013692091495287995 -0.0014907279488786584 0.013692918331625892 0.9999054834196793 0.19917277518641185 -1.4333518293314285 -0.39834182853303446
FixedParameters: 0 0 0
#Transform 71
Transform: MatrixOffsetTransformBase_double_3_3
Parameters: 0.9999990490435517 -0.00027004199556144556 0.0009367926882325606 0.00028440845603301695 0.999888701730661 -0.014895608017785722 -0.00093301717076837 0.014895380833669924 0.9998885709157589 0.18212728386163235 -1.4749230448156823 -0.5440987662494763
FixedParameters: 0 0 0
#Transform 72
Transform: MatrixOffsetTransformBase_double_3_3
Parameters: 0.9999997157708893 -0.00014113801652537294 0.0011244770958511142 0.00015811304866404156 0.9998870706490305 -0.015062838717427196 -0.0011220917664322499 0.015063174786680122 0.9998858310915292 0.17538106985412583 -1.5224283097452798 -0.4898922507437362
FixedParameters: 0 0 0
#Transform 73
Transform: MatrixOffsetTransformBase_double_3_3
Parameters: 0.9999985041338348 -0.0002730323231370025 0.0015563891306567613 0.00029679502191362064 0.999882394174169 -0.015335423256514158 -0.001551368902685879 0.015335563186752 0.9998807270962631 0.20138394679858607 -1.5335561588164097 -0.44003635602382474
FixedParameters: 0 0 0
#Transform 74
Transform: MatrixOffsetTransformBase_double_3_3
Parameters: 0.9999989052401576 -0.00003794467521236013 0.0014467653214278264 0.00006161697775254486 0.9998704174614118 -0.016073460436417164 -0.001446081265842468 0.016073525407823086 0.9998697395527254 0.18983128689174578 -1.6047329415374492 -0.5525545541940176
FixedParameters: 0 0 0
#Transform 75
Transform: MatrixOffsetTransformBase_double_3_3
Parameters: 0.9999990470682107 0.00009302220995241473 0.0013943503347016591 -0.00007108383236621935 0.9998698030261042 -0.016123655015547855 -0.0013956876675169758 0.01612334702412399 0.9998692754550548 0.18199181247251772 -1.6284157412975162 -0.54469830632965
FixedParameters: 0 0 0
#Transform 76
Transform: MatrixOffsetTransformBase_double_3_3
Parameters: 1.0000000481955569 -0.0002993135309145046 0.000928870478195099 0.0003118775894977218 0.999893495802299 -0.014562581959439158 -0.0009240964851758135 0.014562402679934583 0.999893397215093 0.16767434651904978 -1.5062259435429013 -0.444853616313452
FixedParameters: 0 0 0
#Transform 77
Transform: MatrixOffsetTransformBase_double_3_3
Parameters: 0.9999986980037909 -0.00029888202787083616 0.0014874375230253492 0.0003224622505799043 0.9998753418284249 -0.015790085843948698 -0.0014826354671950348 0.015790929577261248 0.9998746447754534 0.1878787779301092 -1.5466122350211862 -0.5125335596046625
FixedParameters: 0 0 0
#Transform 78
Transform: MatrixOffsetTransformBase_double_3_3
Parameters: 0.9999984616932661 0.00008018443586202287 0.0015911967001857963 -0.00005433101678144697 0.9998708652470835 -0.016059643249072053 -0.0015922690127018043 0.01605935007712611 0.9998697478830223 0.20617668196007344 -1.6093406575190414 -0.49736553706514997
FixedParameters: 0 0 0
#Transform 79
Transform: MatrixOffsetTransformBase_double_3_3
Parameters: 0.9999991059675452 -0.00014428690133327173 0.0013687901570410162 0.00016431886102298812 0.9998922680588063 -0.01464532188996559 -0.0013662567478617432 0.014645664905223343 0.999891833553127 0.17942579385263002 -1.5194696792928397 -0.4876255746851541
FixedParameters: 0 0 0
#Transform 80
Transform: MatrixOffsetTransformBase_double_3_3
Parameters: 0.9999997127743576 -0.0003365929251304707 0.0010835547762630226 0.0003537413786517558 0.9998752569160748 -0.015798622691644837 -0.0010779293926820122 0.015799368713627138 0.999874207875457 0.17114845990457184 -1.5493716903264243 -0.42905709129746583
FixedParameters: 0 0 0
#Transform 81
Transform: MatrixOffsetTransformBase_double_3_3
Parameters: 0.9999995354564892 -0.00046106638021904575 0.0011186791741231382 0.0004792213191284068 0.9998675771048555 -0.016243338826712916 -0.0011114891880748428 0.016243641813686982 0.9998672210751943 0.18067392676530858 -1.5887999514708042 -0.6154623753059241
FixedParameters: 0 0 0
#Transform 82
Transform: MatrixOffsetTransformBase_double_3_3
Parameters: 0.9999983008839071 -0.0003233751517149985 0.0016109648434619473 0.0003484487125006174 0.9998824588873398 -0.015336005444850365 -0.0016053138903958646 0.015337006863356872 0.9998813973611781 0.19307070345590205 -1.5537274593891226 -0.45854776338907755
FixedParameters: 0 0 0
#Transform 83
Transform: MatrixOffsetTransformBase_double_3_3
Parameters: 0.9999998484769755 -0.00033046205381360327 0.0010207916856952595 0.00034658452789828426 0.9998750402424641 -0.01580564870506873 -0.0010157283046324267 0.015806338055595504 0.9998741178166816 0.17949727975744167 -1.5557404261879952 -0.5034182549943012
FixedParameters: 0 0 0
#Transform 84
Transform: MatrixOffsetTransformBase_double_3_3
Parameters: 0.9999993239069025 0.00004046353653142944 0.0012942344550682626 -0.000017804464964832974 0.9998508251014655 -0.01729603738229707 -0.0012942901970108018 0.017295961858279307 0.9998491505836009 0.18398810314693037 -1.6938028818884021 -0.5925822508880572
FixedParameters: 0 0 0
#Transform 85
Transform: MatrixOffsetTransformBase_double_3_3
Parameters: 0.9999990044470772 -0.0001572615545736896 0.0009849602186107773 0.0001723510581718183 0.9998727775989474 -0.01594282717633888 -0.0009831184721862812 0.015943151441627668 0.9998718362569834 0.17712047542869414 -1.6148594612390212 -0.5000259089849806
FixedParameters: 0 0 0
#Transform 86
Transform: MatrixOffsetTransformBase_double_3_3
Parameters: 0.9999989264927209 -0.0004290416656724764 0.001374734074665085 0.0004505738220899151 0.9998748026161861 -0.01580393909939659 -0.0013674888439997675 0.015805066186080408 0.9998745278943147 0.19904577878310192 -1.5655897821467022 -0.4734869736959979
FixedParameters: 0 0 0
#Transform 87
Transform: MatrixOffsetTransformBase_double_3_3
Parameters: 0.9999993634605662 -0.00008226889491185993 0.001276578251879568 0.0001047806938245279 0.9998548721266232 -0.017035545863700763 -0.0012750212535662787 0.01703645094454037 0.9998539984375976 0.18633748013581908 -1.6642196208710374 -0.5683900424084243
FixedParameters: 0 0 0
#Transform 88
Transform: MatrixOffsetTransformBase_double_3_3
Parameters: 0.9999992130081775 -0.00014651111560730297 0.0013287116269371849 0.00016808137467721869 0.9998700387230728 -0.016152793896768436 -0.001326193700808948 0.016153211428856562 0.9998683011043845 0.18673170759990398 -1.6293810103345834 -0.55502549807116
FixedParameters: 0 0 0
#Transform 89
Transform: MatrixOffsetTransformBase_double_3_3
Parameters: 0.9999992294636222 -0.0001657511398581792 0.0013203961328226708 0.0001875638610315081 0.9998665957282081 -0.016350762642372063 -0.0013171826648552816 0.016351228522569206 0.9998648874973989 0.18730016739988287 -1.6217705164246894 -0.4971010718903983
FixedParameters: 0 0 0
#Transform 90
Transform: MatrixOffsetTransformBase_double_3_3
Parameters: 0.9999978632875421 0.00014012819586006287 0.002028599591581391 -0.00010649483426744166 0.9998615949844091 -0.0166123286238285 -0.0020315575413999325 0.016611669916515026 0.9998603125870485 0.22158589417318808 -1.634538458635575 -0.5046944754805054
FixedParameters: 0 0 0
#Transform 91
Transform: MatrixOffsetTransformBase_double_3_3
Parameters: 0.9999989134095326 -0.0002087182512845789 0.001429149960758715 0.00023401441105589313 0.9998438869340345 -0.017683560795837494 -0.0014256167637529322 0.017683447201784608 0.9998425647631767 0.19901688206536505 -1.7240816387582782 -0.6320128206745608
FixedParameters: 0 0 0
#Transform 92
Transform: MatrixOffsetTransformBase_double_3_3
Parameters: 0.9999995612036028 0.00008145464591207752 0.0011967234831805008 -0.00006119912604975881 0.999859626859553 -0.016763962209704164 -0.0011979422415420529 0.01676304581061111 0.9998588646529311 0.18322913459223855 -1.6814921116466195 -0.49410079368936977
FixedParameters: 0 0 0
#Transform 93
Transform: MatrixOffsetTransformBase_double_3_3
Parameters: 0.9999984497811051 -0.00007109568030887312 0.001595198853233462 0.00009831985153111921 0.9998586780970345 -0.0167953976523596 -0.001594067804420184 0.016795588774103754 0.9998575541191527 0.1997005466516839 -1.6305533534516883 -0.5116777884670398
FixedParameters: 0 0 0
#Transform 94
Transform: MatrixOffsetTransformBase_double_3_3
Parameters: 0.9999985947170408 -0.00011400710012595555 0.0018420081692042368 0.00014689739187804935 0.9998350912138468 -0.01815629280241371 -0.001839290582322279 0.018156694023115427 0.999833131850225 0.22405593711187066 -1.7746031777541162 -0.6200346165508677
FixedParameters: 0 0 0
#Transform 95
Transform: MatrixOffsetTransformBase_double_3_3
Parameters: 0.9999986108748261 -0.00012689678188638077 0.0015403521862318293 0.00015332034079116284 0.9998509997882795 -0.017255324503073377 -0.0015381653051866953 0.017255676806565756 0.9998500618128707 0.19977405278305582 -1.732216122259473 -0.5840907919698282
FixedParameters: 0 0 0
#Transform 96
Transform: MatrixOffsetTransformBase_double_3_3
Parameters: 0.9999990824536533 -0.00039759020799028094 0.0013264912989915676 0.00042033848680438654 0.9998579106882977 -0.016839322137806423 -0.0013193743513886266 0.016839658701775007 0.9998569940844719 0.18818683333981312 -1.6833850158700443 -0.5016641513523439
FixedParameters: 0 0 0
#Transform 97
Transform: MatrixOffsetTransformBase_double_3_3
Parameters: 0.9999996294522904 -0.000139903689679816 0.00116241162369204 0.0001605325091597631 0.9998364547247521 -0.018063365265574394 -0.0011595482428785784 0.01806363503791847 0.99983654119281 0.17813642859093193 -1.7455190280316089 -0.5806459508523005
FixedParameters: 0 0 0
#Transform 98
Transform: MatrixOffsetTransformBase_double_3_3
Parameters: 0.9999992299239703 -0.0003701700170650665 0.0012781550359751888 0.00039145430885493236 0.9998512980341162 -0.017268403129484744 -0.0012713027347786895 0.017268628481263093 0.9998504844272682 0.18611662463356993 -1.7139281009390714 -0.6089536949188812
FixedParameters: 0 0 0
#Transform 99
Transform: MatrixOffsetTransformBase_double_3_3
Parameters: 0.9999987955758265 -0.00020464043227823574 0.0014702760146213744 0.00023010730345345001 0.9998513515988817 -0.01724422887987459 -0.0014670749393437198 0.01724478837212573 0.9998506535694054 0.18991343999783794 -1.7075462234491425 -0.524780784271826
FixedParameters: 0 0 0
#Transform 100
Transform: MatrixOffsetTransformBase_double_3_3
Parameters: 0.9999995144576866 -0.00009216346703433414 0.0012156423077443182 0.000112818247014567 0.9998620606949157 -0.01660074235640263 -0.0012132915386157898 0.016600245743134623 0.9998612625788411 0.1855973670710398 -1.658828836015715 -0.48635763380204367
FixedParameters: 0 0 0
#Transform 101
Transform: MatrixOffsetTransformBase_double_3_3
Parameters: 0.9999988629803581 -0.00006193045085931849 0.001460820663916445 0.00008837151871767415 0.9998383624315329 -0.017955420738773153 -0.001458901933987043 0.017955561127391273 0.9998376485903351 0.19195073687595254 -1.7139040981257523 -0.5464399210249269
FixedParameters: 0 0 0
#Transform 102
Transform: MatrixOffsetTransformBase_double_3_3
Parameters: 0.9999985018246044 -0.0002955051171393894 0.0015527715759526277 0.00031990127387517545 0.9998764923787264 -0.015690055228933686 -0.001547768068954471 0.015690930294616656 0.9998755954762018 0.20923706573142908 -1.5855837801413486 -0.5556060526209592
FixedParameters: 0 0 0
#Transform 103
Transform: MatrixOffsetTransformBase_double_3_3
Parameters: 0.9999981260633115 -0.00048047223538652653 0.0016259663040224784 0.0005050954416614522 0.9998874562150437 -0.014998066997958304 -0.001618061668167854 0.01499892013130294 0.9998857344083321 0.22352526921025628 -1.5478114740638773 -0.4089781179937404
FixedParameters: 0 0 0
#Transform 104
Transform: MatrixOffsetTransformBase_double_3_3
Parameters: 0.9999962946863166 -0.0005915857378251537 0.0025210298477688353 0.0006329085663055116 0.9998654294667928 -0.016409749754542624 -0.0025108689464408275 0.01641126073658178 0.9998622188563789 0.2879164028989294 -1.5796064748086138 -0.5090799720677524
FixedParameters: 0 0 0
#Transform 105
Transform: MatrixOffsetTransformBase_double_3_3
Parameters: 0.9999964043672088 -0.0001318107127617962 0.002564883037277682 0.00017320424620514857 0.9998697869407283 -0.016178703057184662 -0.0025622732682722364 0.016179327053709724 0.9998660617306677 0.2734315862794574 -1.6222585282536954 -0.5428129010587668
FixedParameters: 0 0 0
#Transform 106
Transform: MatrixOffsetTransformBase_double_3_3
Parameters: 0.9999984897662428 -0.0005953055555448727 0.0017765595643283879 0.0006239623222293695 0.9998712100358091 -0.016063795044166218 -0.0017665162263698245 0.016065209591665075 0.9998691095788047 0.23885400492062558 -1.637323451208303 -0.460942252017162
FixedParameters: 0 0 0
#Transform 107
Transform: MatrixOffsetTransformBase_double_3_3
Parameters: 0.9999986217596543 -0.000010045180288149077 0.0015420143673085436 0.00003476532386265759 0.9998766438538192 -0.01572051500175209 -0.0015418695054309783 0.01572050505582412 0.9998756785148524 0.2105848807125028 -1.6081947178502674 -0.43523310051611475
FixedParameters: 0 0 0
#Transform 108
Transform: MatrixOffsetTransformBase_double_3_3
Parameters: 0.9999984520628352 -0.00012976521966717833 0.0015908209583727969 0.00015686825760240276 0.9998564158532625 -0.016921300843322218 -0.001588619105900178 0.016921677490346454 0.999855320886682 0.20988306098115572 -1.6862412792536645 -0.5785909387343793
FixedParameters: 0 0 0
#Transform 109
Transform: MatrixOffsetTransformBase_double_3_3
Parameters: 0.9999993052203465 -0.00014662166448374807 0.0008205885494547673 0.00015885220335252014 0.9998956137074407 -0.014468878910270933 -0.0008182062403494806 0.01446912913810644 0.9998949654852693 0.1628141833608936 -1.5402538620219701 -0.42570057499932545
FixedParameters: 0 0 0
#Transform 110
Transform: MatrixOffsetTransformBase_double_3_3
Parameters: 0.9999984142222195 -0.00018099601123705707 0.0015979636821098267 0.00019648843313635405 0.9999530045799596 -0.009727572147520236 -0.0015958366964813548 0.00972742943144822 0.9999511565151562 0.2081124250567541 -1.0913265641260992 -0.3031597874885392
FixedParameters: 0 0 0
#Transform 111
Transform: MatrixOffsetTransformBase_double_3_3
Parameters: 0.9999962693908266 -0.00023231798408807677 0.002583861912974307 0.00025716513975179673 0.9999540188270455 -0.00954831419579244 -0.0025816159805218935 0.009548675009539542 0.9999508984990519 0.2452428953188246 -1.0331978924997216 -0.23209394467554034
FixedParameters: 0 0 0
#Transform 112
Transform: MatrixOffsetTransformBase_double_3_3
Parameters: 0.9999960732696068 -0.00007492766922510667 0.0026309691047242422 0.00010311229354066764 0.9999408099898832 -0.010897842891219256 -0.002629673058937818 0.010898153257120624 0.9999367230491993 0.24731042956668148 -1.1740402431693084 -0.27198542292421735
FixedParameters: 0 0 0
#Transform 113
Transform: MatrixOffsetTransformBase_double_3_3
Parameters: 0.9999979503004147 -0.0000011008872244953416 0.002247305321506893 0.00002540551580857559 0.9999381295575558 -0.011111050125814259 -0.002246856903625313 0.011110951735717078 0.9999359041473136 0.21526174934723485 -1.1913769117990114 -0.29068478911486295
FixedParameters: 0 0 0
#Transform 114
Transform: MatrixOffsetTransformBase_double_3_3
Parameters: 0.999998374849594 0.0004218368227670409 0.0015642606216515849 -0.0004052703133675421 0.9999439320386203 -0.01058431104366575 -0.0015688188437657036 0.010583681773858489 0.9999423943532766 0.18606200993880861 -1.148637037942187 -0.28309445719821724
FixedParameters: 0 0 0
#Transform 115
Transform: MatrixOffsetTransformBase_double_3_3
