#Insight Transform File V1.0
#Transform 0
Transform: MatrixOffsetTransformBase_double_3_3
Parameters: 0.9999999297493867 -0.00014935932953081676 -0.00021890121706672012 0.00014917945919193525 0.9999974408077741 0.002129966198803082 0.00021913795113443068 -0.0021300315887193833 0.9999974151360369 -0.021098304281522928 0.06898980960630752 -0.5011238977472487
FixedParameters: 0 0 0
#Transform 1
Transform: MatrixOffsetTransformBase_double_3_3
Parameters: 0.9999998190905056 0.000006126642256567382 -0.0004252381258299058 -0.000007153978038867752 0.9999973593304113 -0.0023749978090924218 0.00042532672183004784 0.0023750034615771104 0.9999971784906896 -0.04333129980096828 0.006503411831715766 -0.7105289275849387
FixedParameters: 0 0 0
#Transform 2
Transform: MatrixOffsetTransformBase_double_3_3
Parameters: 0.9999995325336708 0.00020161295125453244 -0.00119454388023935 -0.0002042779210158636 0.9999981824381555 -0.001946877600263644 0.001193993883325835 0.001947123813993118 0.999997768464876 -0.06800420303770238 0.033553932302311296 -0.8802791452857903
FixedParameters: 0 0 0
#Transform 3
Transform: MatrixOffsetTransformBase_double_3_3
Parameters: 0.9999999444238133 -0.00019976604997418184 0.00012444479336030717 0.0002001353877500098 0.999996729985826 0.0024960243292936335 -0.00012532281248379794 -0.002495974392985517 0.9999967543896293 -0.054140402698280354 -0.16067690194867623 -0.5563791184453422
FixedParameters: 0 0 0
#Transform 4
Transform: MatrixOffsetTransformBase_double_3_3
Parameters: 0.9999983064407699 -0.0009413377798697164 0.0013441597762402968 0.0009422541387849726 0.9999997893984476 -0.0006647200612609899 -0.0013440191360791027 0.0006662806471293414 0.9999986312608454 -0.05761611279361034 0.020464283196034216 -0.5475374104783199
FixedParameters: 0 0 0
#Transform 5
Transform: MatrixOffsetTransformBase_double_3_3
Parameters: 0.9999999409890852 -0.00022397516040242293 -0.00009528943453570836 0.00022354167497716775 0.9999952060593005 0.0029569764964211542 0.00009384598559177098 -0.002957018822374327 0.9999952472074399 -0.043864605539553736 -0.043369098402280315 -0.5293081686982575
FixedParameters: 0 0 0
#Transform 6
Transform: MatrixOffsetTransformBase_double_3_3
Parameters: 0.999992979734623 -0.0003737734946236801 0.003588798681241735 0.0003948532822853332 0.9999828122920466 -0.005842457885533836 -0.003586830423621452 0.0058435458812630126 0.999976885317436 0.03503388106886973 0.08744996603530808 -0.36750674093280367
FixedParameters: 0 0 0
#Transform 7
Transform: MatrixOffsetTransformBase_double_3_3
Parameters: 0.9999997358651618 0.0004446006888734666 0.00025808349755020285 -0.00044243227171347603 0.9999768208300933 -0.006781114296788321 -0.0002612404082121088 0.006780883977484414 0.9999769500615013 -0.02321113038317435 0.13373071726771002 -0.5684791687063822
FixedParameters: 0 0 0
#Transform 8
Transform: MatrixOffsetTransformBase_double_3_3
Parameters: 0.9999994198878724 0.00007949145178827308 0.0007579196125733641 -0.00007456439138157106 0.9999773187934611 -0.006685177848417781 -0.0007575646397077998 0.00668482259377548 0.9999777216301027 0.006404920829780281 0.12576033994670865 -0.44873960396134294
FixedParameters: 0 0 0
#Transform 9
Transform: MatrixOffsetTransformBase_double_3_3
Parameters: 0.9999914910437936 -0.0006478111076764924 0.004133686907073481 0.0006636548158763524 0.999992980194324 -0.003702364416967252 -0.004131624009272433 0.0037056375020239896 0.9999850713964603 0.05075490793444715 0.10518465701571245 -0.10475175372749135
FixedParameters: 0 0 0
#Transform 10
Transform: MatrixOffsetTransformBase_double_3_3
Parameters: 0.9999922893392127 -0.001038314266799788 0.003692485395364335 0.0010534606533501333 0.9999908399597487 -0.004169947776670013 -0.0036876661359025085 0.004174054658210455 0.999984637921736 0.036517572890616634 0.13715011985742365 -0.332636768024102
FixedParameters: 0 0 0
#Transform 11
Transform: MatrixOffsetTransformBase_double_3_3
Parameters: 0.999993223588793 -0.0007100916896049168 0.0036430577622149772 0.0007105270385651115 0.9999997099032204 0.0000777686000255351 -0.003643046304722199 -0.00007523406426254708 0.9999935019808385 0.036327074501940615 0.08277091390323221 -0.26013106680419895
FixedParameters: 0 0 0
#Transform 12
Transform: MatrixOffsetTransformBase_double_3_3
Parameters: 0.9999925351870624 -0.0007427515390937074 0.0038617831094679214 0.0007566593868276372 0.9999928750610667 -0.0037130481010798633 -0.0038590083166434924 0.0037159570644168666 0.9999860648845366 0.01852734564624825 0.08778325146461441 -0.3841435905006918
FixedParameters: 0 0 0
#Transform 13
Transform: MatrixOffsetTransformBase_double_3_3
Parameters: 0.9999927143585033 -0.0005845087531155282 0.00386572472962218 0.000581821110792303 0.9999995488021878 0.00047729873504438747 -0.0038661597689454877 -0.0004746980212974039 0.9999927124041519 0.03054179918076727 0.07924371582684842 -0.3250378938168339
FixedParameters: 0 0 0
#Transform 14
Transform: MatrixOffsetTransformBase_double_3_3
Parameters: 0.9999996885039412 -0.0003204029036384963 0.0004566998209930387 0.0003209946052841372 0.9999997044297028 0.0004391465132026623 -0.0004568612568792749 -0.00043885353609388056 0.9999995986322168 0.00008302153977979287 0.09371673385645352 -0.31038594052123614
FixedParameters: 0 0 0
#Transform 15
Transform: MatrixOffsetTransformBase_double_3_3
Parameters: 0.9999925208413125 -0.00042520472899456983 0.0037813178425582105 0.0004235146891265911 0.9999996847494501 0.00048676986958100243 -0.003781490050020065 -0.0004852302410591758 0.9999923636981634 0.040486955728397334 0.10090573214540655 -0.3423929042481504
FixedParameters: 0 0 0
#Transform 16
Transform: MatrixOffsetTransformBase_double_3_3
Parameters: 0.9999897890635667 -0.0008748663991255667 0.004409619607825258 0.0008841879501346633 0.9999974017350209 -0.002280289479117986 -0.004407919684377162 0.002283717185925918 0.999987972199483 0.045678538001936886 0.05221873430387802 -0.3967547047927056
FixedParameters: 0 0 0
#Transform 17
Transform: MatrixOffsetTransformBase_double_3_3
Parameters: 0.9999996455705262 0.00031354452081195993 0.0005059050948103995 -0.00031011850394977147 0.9999789866816869 -0.0065511639850949765 -0.000508365663554065 0.006550847711636651 0.999978826682108 0.005606760333904504 0.09944697962464488 -0.7702531132197734
FixedParameters: 0 0 0
#Transform 18
Transform: MatrixOffsetTransformBase_double_3_3
Parameters: 0.9999999604669837 -0.0002445332806834778 0.0009898229406102507 0.00025264903560707206 0.9999670041442542 -0.008058869596003729 -0.0009877699336188221 0.008059122698283738 0.9999670592799276 0.002470621120892247 0.05407806269658977 -0.7703732517897066
FixedParameters: 0 0 0
#Transform 19
Transform: MatrixOffsetTransformBase_double_3_3
Parameters: 0.9999892281749508 -0.0005462584237997162 0.004633925227575294 0.000552026071570868 0.9999995162357087 -0.0011567673745312562 -0.004633254093811875 0.0011592325342865278 0.9999890299961449 0.05901200867839407 -0.01775091000833129 -0.2882353865137617
FixedParameters: 0 0 0
#Transform 20
Transform: MatrixOffsetTransformBase_double_3_3
Parameters: 0.9999965903457901 -0.0003953723022790737 0.0025007208408520526 0.00039816505592066455 0.9999995541580246 -0.001153366330593264 -0.0025001655077073305 0.001154634932330964 0.9999963727492659 0.028963873092948234 0.034006551339203384 -0.19761589671811208
FixedParameters: 0 0 0
#Transform 21
Transform: MatrixOffsetTransformBase_double_3_3
Parameters: 0.9999882649062132 -0.0002798587882619325 0.004759946581358312 0.0002948701005510526 0.9999948898666924 -0.003152972077259314 -0.004758943164759654 0.003155025906075151 0.9999834794514783 0.06292997141623857 0.1264039542640063 -0.23377582716499035
FixedParameters: 0 0 0
#Transform 22
Transform: MatrixOffsetTransformBase_double_3_3
Parameters: 0.9999895149670412 -0.0004715134471104384 0.004501841637632926 0.0004788447898236218 0.9999980088541969 -0.0017091734696434435 -0.004500184855284606 0.0017108272041036349 0.9999886578777614 0.05962432137636142 0.11491845136407619 -0.2752667314315289
FixedParameters: 0 0 0
#Transform 23
Transform: MatrixOffsetTransformBase_double_3_3
Parameters: 0.9999901972918865 -0.0005377383565217387 0.004417414249906285 0.0005493486921849536 0.9999967428469665 -0.002661673070496001 -0.004415960961025941 0.002664327632355773 0.9999862712100838 0.05643931973962424 0.16343380399680996 -0.3058294602210907
FixedParameters: 0 0 0
#Transform 24
Transform: MatrixOffsetTransformBase_double_3_3
Parameters: 0.9999915936331831 -0.0007844485900719842 0.003974055602117688 0.0008033882299386731 0.9999879018992669 -0.00486678736858627 -0.003969720626659914 0.00487021475608955 0.9999802866637327 0.0400442300727093 0.11271046566595544 -0.3477059721594955
FixedParameters: 0 0 0
#Transform 25
Transform: MatrixOffsetTransformBase_double_3_3
Parameters: 0.9999997636502755 -0.0003917412548771965 0.0010407410120581717 0.0003967723988446339 0.9999883058809296 -0.004748708447044711 -0.0010385897762131566 0.004749289718448874 0.9999883515078073 0.006674517413301828 0.1426229824087244 -0.4148524850288595
FixedParameters: 0 0 0
#Transform 26
Transform: MatrixOffsetTransformBase_double_3_3
Parameters: 0.9999936086845815 -0.0007895490625376947 0.003573468079765801 0.0008031694723212758 0.9999917893418289 -0.003972978950668102 -0.0035699325782328206 0.003976026844311267 0.9999862257888629 0.03920796259174608 0.06553171730959662 -0.3772539720088872
FixedParameters: 0 0 0
#Transform 27
Transform: MatrixOffsetTransformBase_double_3_3
Parameters: 0.9999926285527927 -0.0008538984772976309 0.003693923684905362 0.0008696028584098236 0.999990432174661 -0.004260622871339645 -0.0036894930068279166 0.004263373597796216 0.9999838668098009 0.027037979629895403 0.05828030058246725 -0.3688683843903604
FixedParameters: 0 0 0
#Transform 28
Transform: MatrixOffsetTransformBase_double_3_3
Parameters: 0.9999931313904002 -0.00045725746871851173 0.0036959116138710595 0.0004732602753483476 0.9999902652137229 -0.004314113260831143 -0.003693818588009593 0.004315881701914465 0.999983627446114 0.03422748680068821 0.05163361591382909 -0.380984558732159
FixedParameters: 0 0 0
#Transform 29
Transform: MatrixOffsetTransformBase_double_3_3
Parameters: 0.9999940041503752 -0.00028520821710399424 0.0034517153394164847 0.0002852820370761673 0.9999998620954281 -0.00015374623955152766 -0.0034517473371896727 0.0001552553613788088 0.9999940943142056 0.015566980167108113 0.06390956370930212 -0.32887973270715065
FixedParameters: 0 0 0
#Transform 30
Transform: MatrixOffsetTransformBase_double_3_3
Parameters: 0.999999927569585 -0.0004766258772140341 0.0009196439515206328 0.0004790463812429969 0.9999941230803041 -0.0034125606439286416 -0.0009178555350330417 0.003413438676286809 0.9999935072794556 0.004293567184362246 0.08126196411531339 -0.4472539057511753
FixedParameters: 0 0 0
#Transform 31
Transform: MatrixOffsetTransformBase_double_3_3
Parameters: 0.9999995505267636 -0.0004051182860798625 0.0011339280843704071 0.0004109440699329958 0.9999863458790363 -0.005147655843935811 -0.0011314405384392561 0.005148341668811618 0.9999862004822048 0.011386795084604273 0.05311588615978735 -0.46138567121860063
FixedParameters: 0 0 0
#Transform 32
Transform: MatrixOffsetTransformBase_double_3_3
Parameters: 0.9999998239044272 -0.0005464606010056505 0.0009362992580951365 0.0005512321777735011 0.9999877027478005 -0.005011473878106298 -0.0009343771027026559 0.005011529471232706 0.9999868905453005 0.006645610695215964 0.07651006424285356 -0.4431174168619876
FixedParameters: 0 0 0
#Transform 33
Transform: MatrixOffsetTransformBase_double_3_3
Parameters: 1.0000000051143931 -0.00008774444039743505 0.0009934984761695797 0.00009323643994648223 0.9999862924702684 -0.005262908946979533 -0.0009931466537216537 0.005263088730341828 0.9999853139208331 0.009802457104370887 0.07330162289584052 -0.4723190110745108
FixedParameters: 0 0 0
#Transform 34
Transform: MatrixOffsetTransformBase_double_3_3
Parameters: 0.9999921547796993 -0.0006732666244583568 0.0037937699247046234 0.0006927183455378154 0.9999855654679292 -0.005296243553450181 -0.003790048479385592 0.005299753585390574 0.9999784511170242 0.037967205608310906 0.052538817520400016 -0.40318696642280827
FixedParameters: 0 0 0
#Transform 35
Transform: MatrixOffsetTransformBase_double_3_3
Parameters: 0.9999917949658126 -0.0007414702650349054 0.003956734642944804 0.0007586835634652648 0.9999902292477559 -0.004292970227957674 -0.003953327259741745 0.004296024045071831 0.9999826799627899 0.03345368858546749 0.091565882666103 -0.40457435107398254
FixedParameters: 0 0 0
#Transform 36
Transform: MatrixOffsetTransformBase_double_3_3
Parameters: 0.9999933785091026 -0.0005757627867560524 0.0036458680803159427 0.0005913130831264721 0.9999899667480852 -0.004447711065930393 -0.0036427180336661754 0.004450294547133207 0.9999838242035383 0.03567200644666002 0.07874404987690298 -0.43099980733929044
FixedParameters: 0 0 0
#Transform 37
Transform: MatrixOffsetTransformBase_double_3_3
Parameters: 0.9999937198437479 -0.0006428393977510927 0.0034449687687608485 0.0006608941581736011 0.999985227682978 -0.005342453499748129 -0.0034412775548125067 0.005344540138378109 0.9999793856275421 0.021195149015468928 0.08184001172742228 -0.39949091989667807
FixedParameters: 0 0 0
#Transform 38
Transform: MatrixOffsetTransformBase_double_3_3
Parameters: 0.999995010434944 -0.0005662875915047895 0.003109445726414553 0.0005818076291603194 0.9999879963167542 -0.0048718128251745985 -0.0031066458171527685 0.0048741885327957535 0.9999835214532474 0.02243625038919106 0.07619929805802883 -0.463923147786808
FixedParameters: 0 0 0
#Transform 39
Transform: MatrixOffsetTransformBase_double_3_3
Parameters: 0.999992840058932 -0.000790510318783593 0.0036792958265276423 0.0008075798652533514 0.999989426233855 -0.004597885174400199 -0.003674980419014178 0.004601120771032641 0.9999831026240075 0.039373961293833304 0.05822126358022217 -0.3964845367331833
FixedParameters: 0 0 0
#Transform 40
Transform: MatrixOffsetTransformBase_double_3_3
Parameters: 0.9999956015127477 -0.0006419870892855478 0.002997873449536664 0.0006553340782989331 0.9999892813322528 -0.00452563770167215 -0.0029946757541828815 0.0045273610677403625 0.999985341475383 0.021090123321371834 0.0750539509444792 -0.45048151662097524
FixedParameters: 0 0 0
#Transform 41
Transform: MatrixOffsetTransformBase_double_3_3
Parameters: 0.9999895621780861 -0.0007558908439218411 0.004456858028339029 0.0007638939835189564 0.9999985337421033 -0.0017737929085493848 -0.00445611348811875 0.0017772093795447308 0.9999887235944013 0.05397343089344986 0.034732583884149903 -0.3986112948254359
FixedParameters: 0 0 0
#Transform 42
Transform: MatrixOffsetTransformBase_double_3_3
Parameters: 0.9999997733358176 -0.00015139012091566414 0.00045170541647765466 0.00015416102678115308 0.999979335674439 -0.0063749262720223104 -0.00045011790646888985 0.006375064062947286 0.9999791556428198 -0.0026668188321536945 0.07852986039563348 -0.5959216682865787
FixedParameters: 0 0 0
#Transform 43
Transform: MatrixOffsetTransformBase_double_3_3
Parameters: 0.9999993902713484 -0.0003551993702280477 0.0006954428256454168 0.00035788216264108177 0.9999919686870787 -0.003987751491493802 -0.0006939522109157377 0.003988246877347654 0.9999916131714296 0.004519602902036013 0.03910765158668994 -0.5072629605213947
FixedParameters: 0 0 0
#Transform 44
Transform: MatrixOffsetTransformBase_double_3_3
Parameters: 0.9999999629252234 -0.00010344969734937964 0.00016212080131966234 0.00010403115289941961 0.9999899008322443 -0.004481982733809106 -0.00016230376788123856 0.004482016398220046 0.9999898852467302 -0.0064116340606830136 0.07022627137909865 -0.5272379600342134
FixedParameters: 0 0 0
#Transform 45
Transform: MatrixOffsetTransformBase_double_3_3
Parameters: 0.9999966181457334 -0.00040261314452830427 0.002494196294017775 0.00041429880024775387 0.9999884750416824 -0.0047323367496219515 -0.0024917714582442414 0.004733657725678797 0.9999853402299972 0.0008045986216416168 0.033566385620574124 -0.4568661366957727
FixedParameters: 0 0 0
#Transform 46
Transform: MatrixOffsetTransformBase_double_3_3
Parameters: 0.999995410253043 -0.0006763796737167117 0.0030223391951996097 0.000692195733804412 0.999985629420377 -0.005391397108587423 -0.003017994155848797 0.005393605220337619 0.999980622145579 0.008117530567474773 0.08364710070348735 -0.45419245129230745
FixedParameters: 0 0 0
#Transform 47
Transform: MatrixOffsetTransformBase_double_3_3
Parameters: 0.9999971431736041 -0.00047919578253367303 0.00215120312582401 0.0004903718021551839 0.9999852710967941 -0.00534131605995114 -0.0021484580460002936 0.0053426848952440875 0.9999837976673509 -0.023542981250813 0.07129998963513628 -0.4687927236843663
FixedParameters: 0 0 0
#Transform 48
Transform: MatrixOffsetTransformBase_double_3_3
Parameters: 0.9999927721625487 -0.0007195141306986895 0.0038353757182686306 0.0007352033294619633 0.9999919103885642 -0.003971029316861205 -0.00383239162050152 0.003973965717942243 0.9999843000366145 0.004628479039467948 0.07260414115680192 -0.4070609485437373
FixedParameters: 0 0 0
#Transform 49
Transform: MatrixOffsetTransformBase_double_3_3
Parameters: 0.999997102793937 -0.00043964541975178634 0.002168801618599649 0.0004506483198235536 0.999987539689925 -0.005028274783122844 -0.002166638557956197 0.005029727649543819 0.9999849810280317 -0.013193513425903802 0.08044180257951439 -0.4683918283921358
FixedParameters: 0 0 0
#Transform 50
Transform: MatrixOffsetTransformBase_double_3_3
Parameters: 0.99999569263707 -0.0006882122321756545 0.0029724875341988664 0.0007025845480381069 0.9999876437280729 -0.004904517681710685 -0.0029684597266373723 0.004906485250577602 0.9999839206326094 -0.0012890897421300451 0.04691381402214745 -0.41366801373152384
FixedParameters: 0 0 0
#Transform 51
Transform: MatrixOffsetTransformBase_double_3_3
Parameters: 0.9999967133244251 -0.00017264226322625818 0.0026939544537319554 0.00018810617799610487 0.9999838983212664 -0.005657007330210018 -0.0026927227892082047 0.0056579959718092016 0.99998079974331 0.0043834729292342445 0.0913092881965838 -0.46187286795532145
FixedParameters: 0 0 0
#Transform 52
Transform: MatrixOffsetTransformBase_double_3_3
Parameters: 0.9999964116170025 -0.00045612254778559184 0.002526332094709311 0.00047018513121261377 0.9999853023016233 -0.0053401831588686804 -0.0025229464070803073 0.005341806191731455 0.9999820563097724 -0.002637958336251245 0.04722655737465686 -0.44534337741497865
FixedParameters: 0 0 0
#Transform 53
Transform: MatrixOffsetTransformBase_double_3_3
Parameters: 0.9999934537304577 -0.0004381938278753175 0.0035148988274985205 0.00045355719914337344 0.9999903546549269 -0.004304144917022232 -0.00351286186252235 0.00430584725906312 0.9999840327715032 0.033671321099646434 0.05586809554782235 -0.4154868545452217
FixedParameters: 0 0 0
#Transform 54
Transform: MatrixOffsetTransformBase_double_3_3
Parameters: 0.9999995286812876 -0.0002491458422943508 0.0006396077178978162 0.00025301730876286187 0.9999862060264433 -0.005265839579902204 -0.0006383164755576835 0.00526616045578332 0.9999858607515912 -0.009105559440129696 0.08295451747697768 -0.5512436284545501
FixedParameters: 0 0 0
#Transform 55
Transform: MatrixOffsetTransformBase_double_3_3
Parameters: 0.9999963320682067 -0.0006008945006398306 0.002702820821905012 0.0006150216107241471 0.9999863618794702 -0.005141818612254517 -0.0027002353607612673 0.005143178208831881 0.9999830791415784 0.002572687224329684 0.019243524639136922 -0.4441031872558199
FixedParameters: 0 0 0
#Transform 56
Transform: MatrixOffsetTransformBase_double_3_3
Parameters: 0.9999997290145817 0.00019644806752983613 0.0004820217850459255 -0.00019445652082487433 0.9999909332190706 -0.00424609360684608 -0.0004829290918736968 0.0042459050121003705 0.9999907386044214 0.001980912903334797 0.07039230342535063 -0.5403957007923736
FixedParameters: 0 0 0
#Transform 57
Transform: MatrixOffsetTransformBase_double_3_3
Parameters: 0.9999994752071268 0.00008058749299895414 0.0007200768674980272 -0.00007651746449958802 0.9999872375978432 -0.004977175501821321 -0.0007202264358312446 0.004976823837988489 0.9999876962415072 0.0021341438962139136 0.07153278238320127 -0.4992422636119329
FixedParameters: 0 0 0
#Transform 58
Transform: MatrixOffsetTransformBase_double_3_3
Parameters: 0.9999977935030614 -0.000303788940715252 0.0020285052229362553 0.0003138595525213998 0.999987732923828 -0.004931595715621254 -0.002026660637721985 0.004931399866919942 0.9999854208701028 -0.014813405313304884 0.024693899745244607 -0.48719527991148226
FixedParameters: 0 0 0
#Transform 59
Transform: MatrixOffsetTransformBase_double_3_3
Parameters: 0.9999994034278524 -0.0003962597068035977 0.000663112414876554 0.00039956357948854924 0.9999810958097901 -0.006062855758510899 -0.000660873492659987 0.006063144069919216 0.9999817869947356 -0.007996392753497616 0.0985499691279017 -0.5381865445913618
FixedParameters: 0 0 0
#Transform 60
Transform: MatrixOffsetTransformBase_double_3_3
Parameters: 0.9999933315216528 -0.0006685421373755843 0.0036362461173267387 0.0006875213356472628 0.9999868149639978 -0.00518823784151641 -0.003632484110758981 0.005190763997584405 0.9999796541812236 0.02837667937376409 0.046932429047231494 -0.3857313069440167
FixedParameters: 0 0 0
#Transform 61
Transform: MatrixOffsetTransformBase_double_3_3
Parameters: 0.9999909388121027 -0.0007220353394522311 0.004188501718480152 0.0007394589732212601 0.9999909337398869 -0.004094995391032238 -0.004184556977221997 0.004097996116232183 0.9999824421904824 0.029682544024154822 0.04430050876800351 -0.36961182761154276
FixedParameters: 0 0 0
#Transform 62
Transform: MatrixOffsetTransformBase_double_3_3
Parameters: 0.9999934868273621 -0.0009018133877954648 0.003420632675139353 0.000916738194696604 0.9999895083577117 -0.00446957776641653 -0.003416409568563881 0.004472421114209049 0.9999839984677888 0.016946335250466404 0.0987837975484922 -0.4726343628365157
FixedParameters: 0 0 0
#Transform 63
Transform: MatrixOffsetTransformBase_double_3_3
Parameters: 0.9999933181486982 -0.0009704592562174929 0.003426485572915243 0.000984483707337459 0.9999910318182199 -0.004040336285092372 -0.0034222510647645074 0.004043657323415814 0.9999856105913677 -0.00012245130818655525 0.04867996474152392 -0.3952015900392567
FixedParameters: 0 0 0
#Transform 64
Transform: MatrixOffsetTransformBase_double_3_3
Parameters: 0.9999994953197725 -0.00020510679315763222 0.000680005692245331 0.00020916984706833807 0.999983049500793 -0.005822858295647326 -0.0006790666472498514 0.005823139824727791 0.9999826305884862 0.0029557377348226055 0.11476916371314871 -0.45737626610971205
FixedParameters: 0 0 0
#Transform 65
Transform: MatrixOffsetTransformBase_double_3_3
Parameters: 0.9999929656059539 -0.00013892689217288038 0.003874525889865385 0.00016218946674764317 0.9999827805641474 -0.005835275820882613 -0.0038744188139079017 0.00583671504450993 0.9999750664673918 0.06307564525499743 0.09442835418927586 -0.36886646415518953
FixedParameters: 0 0 0
#Transform 66
Transform: MatrixOffsetTransformBase_double_3_3
Parameters: 0.9999998542276329 0.0002766639879479258 0.00026340450156632966 -0.00027488954855774025 0.9999834906961084 -0.005695069934207847 -0.00026468024312840504 0.00569492431037652 0.9999834969861048 0.020932643919650218 0.1260693159045303 -0.5191730372382324
FixedParameters: 0 0 0
#Transform 67
Transform: MatrixOffsetTransformBase_double_3_3
Parameters: 0.9999928214712764 -0.000680865586800834 0.003836018724991426 0.0006984352401099567 0.9999895338648509 -0.004604177083632921 -0.003832821520367515 0.004606825088076236 0.9999818659500045 0.040158078316281376 0.058317115446371304 -0.3789228838796461
FixedParameters: 0 0 0
#Transform 68
Transform: MatrixOffsetTransformBase_double_3_3
Parameters: 0.9999944480351364 -0.00021813366400396964 0.00339224875088508 0.00023896343162235602 0.9999807160615325 -0.006179955253799163 -0.0033899609683481465 0.006181045292883394 0.9999753338595623 0.04866823360796957 0.08891698372438839 -0.33027407066850856
FixedParameters: 0 0 0
#Transform 69
Transform: MatrixOffsetTransformBase_double_3_3
Parameters: 0.9999998358447977 -0.00019210800678014212 0.0010617816769455184 0.00019572451571839647 0.9999960125096813 -0.002638911541620992 -0.0010609984581489273 0.002639084656219301 0.9999958946749118 0.022156569829277828 0.1583191378789195 -0.012945301685789445
FixedParameters: 0 0 0
#Transform 70
Transform: MatrixOffsetTransformBase_double_3_3
Parameters: 0.9999908671468792 -0.0007335151537695773 0.004312217311785854 0.000754919761400045 0.9999876700222583 -0.0050008534697580515 -0.0043084071026859 0.00500415123112094 0.9999781465360997 0.05527580374190677 0.1704674925120031 -0.25374806768056857
FixedParameters: 0 0 0
#Transform 71
Transform: MatrixOffsetTransformBase_double_3_3
Parameters: 0.9999902327596741 -0.0010049939910472126 0.0042141185608294855 0.001015822963328987 0.9999961382298774 -0.0026827900005209904 -0.00421112702752582 0.0026872139346246077 0.9999876759755496 0.04835534048446277 0.14196044723450996 -0.2584664701322126
FixedParameters: 0 0 0
#Transform 72
Transform: MatrixOffsetTransformBase_double_3_3
Parameters: 0.9999909634394823 -0.0009209953946811425 0.004023426146143664 0.0009387145784892724 0.9999901731719488 -0.0043931865634291994 -0.0040194006246267195 0.0043968147677766745 0.9999821578604013 0.046515001728934635 0.11269006465036568 -0.3266263075868707
FixedParameters: 0 0 0
#Transform 73
Transform: MatrixOffsetTransformBase_double_3_3
Parameters: 0.9999889206809708 -0.0007059921557911934 0.004645181572761595 0.0007173052510729379 0.99999710477088 -0.002378992448254 -0.004644107657602866 0.0023820081994260917 0.9999864822695202 0.07148335237840797 0.1196997089551246 -0.2869598118998127
FixedParameters: 0 0 0
#Transform 74
Transform: MatrixOffsetTransformBase_double_3_3
Parameters: 0.9999918325426839 -0.0005926688216916518 0.004100991541383594 0.0006120124990983927 0.999989036860431 -0.0046584828634512465 -0.004097660265062473 0.004661513042551538 0.9999803640792716 0.05491474726989054 0.11662537447183752 -0.3186759344232186
FixedParameters: 0 0 0
#Transform 75
Transform: MatrixOffsetTransformBase_double_3_3
Parameters: 0.9999908555835771 -0.0005982691152235452 0.004217119005936526 0.0006175325288105338 0.9999893695160456 -0.004623513617355454 -0.00421489136470753 0.004626492698555029 0.9999807043657004 0.043437749445416785 0.08395109899639408 -0.3321031523132518
FixedParameters: 0 0 0
#Transform 76
Transform: MatrixOffsetTransformBase_double_3_3
Parameters: 0.9999911621301928 -0.0008643664500211268 0.004134110107982622 0.0008752717287671907 0.9999960712806631 -0.0027444520258183974 -0.00413176743284536 0.002747552816874013 0.9999880097088144 0.03828208789288112 0.10618455945200367 -0.2845668651397233
FixedParameters: 0 0 0
#Transform 77
Transform: MatrixOffsetTransformBase_double_3_3
Parameters: 0.9999912662643585 -0.0007772427776742688 0.004139000850832072 0.0007971438390877127 0.999987516234372 -0.00490880320784054 -0.004134785370288608 0.004912198421843178 0.999979523496975 0.05604946768031027 0.09431917814194435 -0.3688325991471899
FixedParameters: 0 0 0
#Transform 78
Transform: MatrixOffsetTransformBase_double_3_3
Parameters: 0.9999919086946681 -0.0005597228315155664 0.004095744618093602 0.0005783927270693603 0.9999900156694285 -0.004445621741938369 -0.0040938385987441765 0.004448373868391031 0.9999813410622539 0.06036359925737145 0.06271441134069278 -0.36298843165740635
FixedParameters: 0 0 0
#Transform 79
Transform: MatrixOffsetTransformBase_double_3_3
Parameters: 0.9999998424250447 -0.00027878026668073225 0.00028246506383751077 0.00028001852384267495 0.9999929118529042 -0.0037429208631828415 -0.0002814863663164197 0.0037430784386174726 0.9999929103775098 0.040503504491482545 0.10638734850704168 -0.4178779430625781
FixedParameters: 0 0 0
#Transform 80
Transform: MatrixOffsetTransformBase_double_3_3
Parameters: 0.9999993650260537 -0.00028303203725592026 0.0007445030804707775 0.000283045834600201 0.9999995658663376 -0.0005947890601601113 -0.0007452791572343489 0.0005952107279328933 0.9999990911098421 0.03593140686075458 0.05492261298532242 -0.0969414667606543
FixedParameters: 0 0 0
#Transform 81
Transform: MatrixOffsetTransformBase_double_3_3
Parameters: 0.9999910160123837 -0.0008592033419516046 0.004271256186907332 0.0008782476096699228 0.9999901566495226 -0.004409335390090516 -0.0042678603436237545 0.004412664536629418 0.999980945147136 0.062036590340014186 0.15824462157119967 -0.3648129525086148
FixedParameters: 0 0 0
#Transform 82
Transform: MatrixOffsetTransformBase_double_3_3
Parameters: 0.9999923609915499 -0.000908797648279286 0.0038488285972342767 0.000910098658532425 0.9999994380947965 -0.00029642480018382544 -0.003848406701485668 0.0002995745240705616 0.9999927452883343 0.04712069022750143 0.08277122589757369 -0.3302947354218091
FixedParameters: 0 0 0
#Transform 83
Transform: MatrixOffsetTransformBase_double_3_3
Parameters: 0.9999929386838173 -0.0008538909160887723 0.0035115553615067937 0.0008679406498669092 0.9999920050474846 -0.003945664242785307 -0.0035084266779293128 0.003948334437182094 0.999985775800334 0.04206559204953919 0.05487043553821991 -0.35841793223870866
FixedParameters: 0 0 0
#Transform 84
Transform: MatrixOffsetTransformBase_double_3_3
Parameters: 0.9999927572314132 -0.0007199326874476495 0.0037049341698849997 0.0007412699718746665 0.9999834180943853 -0.005679112300294956 -0.0037001493337916755 0.005681881678762657 0.9999768022603722 0.046125071113067406 0.09397683760388986 -0.2820703810761458
FixedParameters: 0 0 0
#Transform 85
Transform: MatrixOffsetTransformBase_double_3_3
Parameters: 0.9999919633052519 -0.0009755139911674935 0.003883928475376689 0.0009982945218498386 0.9999823907035834 -0.005828094644997367 -0.0038781624468117427 0.0058319046566515514 0.9999755939555955 0.04863148925235805 0.11043794285592412 -0.3351560916488836
FixedParameters: 0 0 0
#Transform 86
Transform: MatrixOffsetTransformBase_double_3_3
Parameters: 0.99999988279466 -0.0002845455188705592 -0.00019077403821111036 0.00028367428609589744 0.9999961852605264 -0.0025950522104121326 0.00019125581410716329 0.002594943676658426 0.999996229472051 0.03307617300492893 0.12835348913185385 -0.1575947357182912
FixedParameters: 0 0 0
#Transform 87
Transform: MatrixOffsetTransformBase_double_3_3
Parameters: 0.9999991820678532 -0.0003354124499513728 0.0008400374095764659 0.0003362184090686111 0.9999997401900866 -0.00107071847622843 -0.0008394382285784334 0.0010712824727999032 0.9999991477936385 0.011652787109468932 0.10737028718220643 -0.05593651853965298
FixedParameters: 0 0 0
#Transform 88
Transform: MatrixOffsetTransformBase_double_3_3
Parameters: 0.9999999973310053 0.000030265021598171415 0.00004186918274988227 -0.00003009747117426089 0.9999980070888149 -0.001998001274225475 -0.00004198978740829543 0.0019979987470452737 0.9999980062261742 0.03413189219729418 0.1648666765858593 -0.07583913726760017
FixedParameters: 0 0 0
#Transform 89
Transform: MatrixOffsetTransformBase_double_3_3
Parameters: 0.9999999395030058 -0.0000601317955839538 0.00023849771055575923 0.00006004593153432896 0.9999999639886348 0.00018001431481498575 -0.00023851934254081456 -0.00017998565174184855 0.999999910714377 0.038765637208655335 0.15559051595865014 -0.2713805871467656
FixedParameters: 0 0 0
#Transform 90
Transform: MatrixOffsetTransformBase_double_3_3
Parameters: 0.9999997707808626 -0.0003541205182638306 -0.0003216017082265596 0.0003546667907460961 0.9999992741994156 -0.0006931281603760747 0.00032221339106414934 0.0006938711316304136 0.9999995346978302 0.03991244812382888 0.1229426068930195 -0.21766365501797935
FixedParameters: 0 0 0
#Transform 91
Transform: MatrixOffsetTransformBase_double_3_3
Parameters: 0.9999996115876203 -0.00034853161458563067 0.0005169499926751427 0.0003495788274726571 0.999992574604532 -0.0037818181334500073 -0.0005156628964808134 0.0037821785803737323 0.9999924298425478 0.04662781027913354 0.1264053762671864 -0.4033130712079114
FixedParameters: 0 0 0
#Transform 92
Transform: MatrixOffsetTransformBase_double_3_3
Parameters: 0.9999992871832221 -0.0006154833970877168 0.0005781254943024469 0.0006179880665112262 0.9999854976555781 -0.0053026420730560575 -0.0005750431670989174 0.005303353287822277 0.9999855455288497 0.03120953032581042 0.05511076985678187 -0.28558901123964375
FixedParameters: 0 0 0
#Transform 93
Transform: MatrixOffsetTransformBase_double_3_3
Parameters: 0.9999996863550191 -0.00031718796151282137 0.00046215335916336434 0.0003200806254245293 0.9999733007218785 -0.007320855011385866 -0.00045896113313453077 0.007321148528677407 0.9999731900804756 -0.011094162009641195 0.11914425061858935 -0.29896589163373477
FixedParameters: 0 0 0
#Transform 94
Transform: MatrixOffsetTransformBase_double_3_3
Parameters: 0.9999989779275872 -0.00033932267555809994 0.0009526412653874922 0.00034519694025688833 0.999977314481017 -0.006676793196667655 -0.0009499043787058037 0.006677205849390813 0.9999774977782554 0.00928490745286581 0.09852019167287551 -0.32015300718633455
FixedParameters: 0 0 0
#Transform 95
Transform: MatrixOffsetTransformBase_double_3_3
Parameters: 0.9999996290250642 -0.0005784772064100693 0.0001913957600141719 0.000578643830972326 0.9999963343570806 -0.0027298763155109707 -0.00018935028200609957 0.0027291254707712403 0.9999963942938804 0.02600379072272574 0.13909205630274357 -0.1633066356528161
FixedParameters: 0 0 0
#Transform 96
Transform: MatrixOffsetTransformBase_double_3_3
Parameters: 0.999992319374788 -0.0011159463657006037 0.0036652494997835403 0.0011314598322425679 0.9999912585160159 -0.00409869245113087 -0.00366081313270802 0.004103312843384874 0.9999854241705741 0.050199209745358075 0.12642920530797142 -0.3244837820229236
FixedParameters: 0 0 0
#Transform 97
Transform: MatrixOffsetTransformBase_double_3_3
Parameters: 0.9999909680964695 -0.0009969691664338427 0.004247161780859952 0.0010077116643513308 0.9999965073143303 -0.0024177867258212415 -0.00424450455049298 0.0024222092546628132 0.9999877479188679 0.058950502917397785 0.14980313230132936 -0.29140873791482846
FixedParameters: 0 0 0
#Transform 98
Transform: MatrixOffsetTransformBase_double_3_3
Parameters: 0.9999996854151111 -0.0001657252147776782 -0.0005358357416153758 0.00016593739464485486 0.9999999332952162 0.00019791107683451992 0.0005357700735696992 -0.00019808878306422362 0.9999996737119226 0.0212947601526281 0.0951606302610486 -0.24812581852766868
FixedParameters: 0 0 0
#Transform 99
Transform: MatrixOffsetTransformBase_double_3_3
Parameters: 0.9999996103901581 -0.0004049183764229428 -0.0004750271538687404 0.0004047967576585172 0.999999819706786 -0.00012819228730780174 0.00047513079942413197 0.00012780760875767683 0.9999997579153858 0.025410629807524288 0.10210603818096331 -0.06381305984542252
FixedParameters: 0 0 0
#Transform 100
Transform: MatrixOffsetTransformBase_double_3_3
Parameters: 0.999999835791027 -0.0003599696908878211 0.00018609343946156465 0.0003599600124800263 0.9999998697491838 0.000026066986165515504 -0.00018611215641778847 -0.000025933005260700415 0.9999999646898438 0.026969249888622926 0.12090715166348787 -0.019104243647845465
FixedParameters: 0 0 0
#Transform 101
Transform: MatrixOffsetTransformBase_double_3_3
Parameters: 0.9999995054952068 -0.0005935563540948238 0.00037636599667449297 0.0005944776000751806 0.999999638118501 0.00009522374031739611 -0.00037635872116785095 -0.00009477660901208163 0.9999998493266725 0.01635758209349092 0.11618342707225793 -0.05125411247142608
FixedParameters: 0 0 0
#Transform 102
Transform: MatrixOffsetTransformBase_double_3_3
Parameters: 0.9999996145751718 -0.0006119848413384335 -0.00010470700241182474 0.0006113432118721079 0.9999914032957444 -0.004150067234286667 0.00010779833020678633 0.004149937259266476 0.9999917661093043 0.01488975052380681 0.12941166159589557 -0.42652532702228996
FixedParameters: 0 0 0
#Transform 103
Transform: MatrixOffsetTransformBase_double_3_3
Parameters: 0.9999992723786123 -0.0008473033527728125 -0.00009842074085453654 0.0008470643234699003 0.9999932067824124 -0.0036160867082989795 0.00010057656636294171 0.0036159181274900976 0.999993914576563 0.01247501603904766 0.12132677187742047 -0.4202454627120318
FixedParameters: 0 0 0
#Transform 104
Transform: MatrixOffsetTransformBase_double_3_3
Parameters: 0.999999606611167 -0.000492328619216597 0.0003885887418518989 0.0004921902484593323 0.9999997259958712 0.0001781912538556668 -0.0003887639846748862 -0.00017780859481836275 0.9999998172473226 0.021313286683053434 0.06760607440972422 -0.2543825463537672
FixedParameters: 0 0 0
#Transform 105
Transform: MatrixOffsetTransformBase_double_3_3
Parameters: 0.9999996581152428 -0.000506414521449032 -0.0002922823493558931 0.0005067689795644033 0.9999993749135287 0.0006068516560960024 0.0002916673492086479 -0.0006071474815600719 0.9999995463042375 0.008838230816536452 0.11517222926011073 -0.22448433996781603
FixedParameters: 0 0 0
#Transform 106
Transform: MatrixOffsetTransformBase_double_3_3
Parameters: 0.9999998589510573 -0.0003702795679901874 0.0000627850669839155 0.00037021470237869655 0.999999597690118 0.0005150231068778016 -0.00006316642016027221 -0.0005149764746605889 0.9999997308111549 0.027570295769152153 0.08172175391661085 -0.050364369091887795
FixedParameters: 0 0 0
#Transform 107
Transform: MatrixOffsetTransformBase_double_3_3
Parameters: 0.9999998483000391 -0.000389270221737138 -0.000012985858631390684 0.0003892785799912861 0.9999997428391714 0.00032499491024558236 0.00001273283178942227 -0.0003250049224937934 0.9999998942109221 0.0504789942147994 0.09232936078618081 -0.005232491151055285
FixedParameters: 0 0 0
#Transform 108
Transform: MatrixOffsetTransformBase_double_3_3
Parameters: 0.999999865995121 -0.00017648781583505822 -0.0003207131290401125 0.00017705071662576442 0.9999991978658982 0.0008779425398329072 0.00032040272319733943 -0.0008780558711832809 0.999999126362618 0.024900349835235147 0.14062606994285431 -0.27045861680324634
FixedParameters: 0 0 0
#Transform 109
Transform: MatrixOffsetTransformBase_double_3_3
Parameters: 0.9999996441471335 -0.0005144038268034139 -0.0003020619835278776 0.0005144871769966187 0.9999997163011994 0.00013784459016824568 0.00030191999884713564 -0.0001381553063611457 0.9999998897579483 0.010998443620025 0.1559020459384186 -0.2906707471640999
FixedParameters: 0 0 0
#Transform 110
Transform: MatrixOffsetTransformBase_double_3_3
Parameters: 0.9999995910150431 -0.0006232261094449876 -0.00014343782678987496 0.0006234627878490416 0.999999911421581 0.0008280300981415439 0.00014240557094423752 -0.0008279697452497903 0.9999993084255021 0.024965867289452603 0.08666388928271829 -0.2073703644341336
FixedParameters: 0 0 0
#Transform 111
Transform: MatrixOffsetTransformBase_double_3_3
Parameters: 0.9999997266631101 -0.0005141613212940608 0.00009473621935243599 0.0005140927868852813 0.9999996053509213 0.0003610486558313364 -0.00009510741718619914 -0.00036095105272856975 0.9999998606702943 0.033742315844421 0.10180908792575849 -0.03401663916054787
FixedParameters: 0 0 0
#Transform 112
Transform: MatrixOffsetTransformBase_double_3_3
Parameters: 0.9999996304923126 -0.0006043361772084969 0.00006546248216863244 0.0006042452627497477 0.9999991587301494 0.0006900392262446514 -0.00006629640108640515 -0.0006899596068185992 0.9999995195629682 0.00440252068618463 0.11269259781987273 -0.10254331878824985
FixedParameters: 0 0 0
#Transform 113
Transform: MatrixOffsetTransformBase_double_3_3
Parameters: 0.999999502014123 -0.0009922580348035656 -0.0007168612114421891 0.0009930996675147146 0.9999991369233789 0.0013644089022882555 0.0007150238209920065 -0.0013655917746010354 0.9999986386370825 0.017002498976268043 0.10968820399824608 -0.11256553281089055
FixedParameters: 0 0 0
#Transform 114
Transform: MatrixOffsetTransformBase_double_3_3
