#Insight Transform File V1.0
#Transform 0
Transform: MatrixOffsetTransformBase_double_3_3
Parameters: 0.9999992700158823 0.0004125768846628804 -0.0007483882274724318 -0.00041407566142713406 0.9999980680427436 -0.001665809749525654 0.0007471311578877657 0.0016661893580053322 0.9999986508579418 -0.002255699212184936 -0.12525856339583186 -0.6595912744937777
FixedParameters: 0 0 0
#Transform 1
Transform: MatrixOffsetTransformBase_double_3_3
Parameters: 0.9999997715510254 0.00019349829965269001 -0.00043704409365420514 -0.0001942785492662945 0.9999991793945824 -0.000893034538480067 0.0004366978083448439 0.0008929654152629307 0.9999999972584782 0.011736456646787019 -0.11738783188906154 -0.6449889520345664
FixedParameters: 0 0 0
#Transform 2
Transform: MatrixOffsetTransformBase_double_3_3
Parameters: 0.9999997564500027 0.00029897648765409484 -0.0003920941547160475 -0.0002996388969616658 0.9999994329368951 -0.0006908821827153466 0.0003926732677987049 0.0006911170708205766 0.9999993685516234 0.026323390255200252 -0.1931777986662695 -0.6528151803125652
FixedParameters: 0 0 0
#Transform 3
Transform: MatrixOffsetTransformBase_double_3_3
Parameters: 0.9999997159111156 0.00006384718848497341 -0.0005291619223911654 -0.00006421864226827589 0.9999998727001924 -0.00035096597435298194 0.0005291169715397236 0.00035103373973070784 0.9999995968090235 0.026757468865241663 -0.09033890237633102 -0.6282685575863738
FixedParameters: 0 0 0
#Transform 4
Transform: MatrixOffsetTransformBase_double_3_3
Parameters: 0.9999999011960072 0.00008854438391171066 -0.0003016023707590586 -0.00008918749898900936 0.999999973950799 -0.0010669595873176174 0.00030141281979397276 0.0010660420418120015 0.9999996523990812 0.029399684115048785 -0.16039793952894854 -0.6008526244512282
FixedParameters: 0 0 0
#Transform 5
Transform: MatrixOffsetTransformBase_double_3_3
Parameters: 0.9999996093746825 0.00007362037273552425 -0.0006206487749220549 -0.0000755577747132553 0.9999974201154467 -0.0023609541079045865 0.0006204167017247128 0.002361046682578069 0.9999970405987515 0.030418820001798963 0.02642186318793449 -0.6141208691377571
FixedParameters: 0 0 0
#Transform 6
Transform: MatrixOffsetTransformBase_double_3_3
Parameters: 0.9999994572864979 0.0006981226679437826 -0.00023524019605174865 -0.0006984100773069268 0.9999991378823374 -0.0006118354759847983 0.00023438551553276908 0.0006121634012911242 0.9999995703168474 0.03908688861388043 -0.12982826891516197 -0.566495600959918
FixedParameters: 0 0 0
#Transform 7
Transform: MatrixOffsetTransformBase_double_3_3
Parameters: 0.9999993502288522 0.0004123176328551904 -0.0006928864531637992 -0.0004130338090082496 0.9999993069462927 -0.0012337144020283242 0.0006919881044201209 0.001234285909173613 0.9999989977684806 0.040570986998346825 0.009910820640982365 -0.6279866723102501
FixedParameters: 0 0 0
#Transform 8
Transform: MatrixOffsetTransformBase_double_3_3
Parameters: 0.9999997836142026 0.0002251658876952272 -0.0004070455429085219 -0.00022585672414038058 0.9999992283475639 -0.0008489074532406632 0.0004066626242251247 0.0008490909554179499 0.9999991136659897 0.05009265841982824 -0.1314825931724215 -0.5885927826925865
FixedParameters: 0 0 0
#Transform 9
Transform: MatrixOffsetTransformBase_double_3_3
Parameters: 0.999997735537023 -0.00006767517326589523 -0.002063838907400102 0.00005929899078890664 0.9999921684472775 -0.003982369449862452 0.002064312864990092 0.003981630302559047 0.9999898542833942 0.04316574842908949 0.019386004419217784 -0.7187167632169533
FixedParameters: 0 0 0
#Transform 10
Transform: MatrixOffsetTransformBase_double_3_3
Parameters: 0.9999990620030701 -0.00038773731023122046 -0.0016694110367856559 0.0003846024215291424 0.9999980653015049 -0.002163780774546986 0.0016705697910281577 0.0021632235781776643 0.9999966352099069 0.052600148356432896 -0.20243804193692938 -0.6290111204942193
FixedParameters: 0 0 0
#Transform 11
Transform: MatrixOffsetTransformBase_double_3_3
Parameters: 0.9999999815040169 0.000016210332794681372 -0.00013503039559194783 -0.00001646686051720626 0.9999990972375574 -0.0009499969181960694 0.00013499935232340606 0.000950001331913225 0.9999990792681218 0.04967939643728414 -0.170814183388174 -0.5883501628386796
FixedParameters: 0 0 0
#Transform 12
Transform: MatrixOffsetTransformBase_double_3_3
Parameters: 0.9999998715713406 0.0003566415038286085 -0.00003515306049076648 -0.0003567878171128156 0.9999973486311937 -0.0021269863409627 0.00003363559194251235 0.002127010883041014 0.999997474677698 0.05216768576111974 0.005626661248214759 -0.6439465674070775
FixedParameters: 0 0 0
#Transform 13
Transform: MatrixOffsetTransformBase_double_3_3
Parameters: 0.9999984909340403 0.00019434229228740114 -0.0015720330723454196 -0.00019022230533856908 0.9999963715385194 0.0025730640498144997 0.0015725420126748546 -0.0025729364742387295 0.9999958787061736 0.06971244447792913 -0.07116734486986331 -0.40451404595008
FixedParameters: 0 0 0
#Transform 14
Transform: MatrixOffsetTransformBase_double_3_3
Parameters: 0.9999987649726139 0.00017737213205538374 -0.0014844401269631883 -0.00017985136562114894 0.9999987205191027 -0.0015038533964089607 0.001484143136653086 0.0015041450904823561 0.9999975204187659 0.06476918929615749 0.01228777162883432 -0.5065199103432647
FixedParameters: 0 0 0
#Transform 15
Transform: MatrixOffsetTransformBase_double_3_3
Parameters: 0.9999978027141473 -0.00015805651261294851 -0.0022741054924561317 0.00015067133254675715 0.9999948036684881 -0.0031777240986968214 0.0022749346846446788 0.003177277427020009 0.9999928059511601 0.04390685700150243 0.06304206195775919 -0.6132674010848831
FixedParameters: 0 0 0
#Transform 16
Transform: MatrixOffsetTransformBase_double_3_3
Parameters: 0.9999972304605895 -0.0002811225068830908 -0.0021658676193115085 0.00027544744558693335 0.9999960141983494 -0.002969858996169736 0.002166375805566656 0.0029691474676597635 0.9999935803228229 0.06679473845635187 0.027832515054797113 -0.6251843410574764
FixedParameters: 0 0 0
#Transform 17
Transform: MatrixOffsetTransformBase_double_3_3
Parameters: 0.999999999271 -0.0000032399691407416584 0.00002680489852281377 0.0000032474206703819765 0.9999999806690169 -0.0001389999101354955 -0.000026803996788555204 0.00013900008429063027 0.9999999799599844 0.046624514479788104 -0.20206683049494245 -0.5675332202406622
FixedParameters: 0 0 0
#Transform 18
Transform: MatrixOffsetTransformBase_double_3_3
Parameters: 0.9999997877132564 0.000451521526922551 -0.0000901233134655444 -0.0004518597791561382 0.9999952745578015 0.0029390532702232713 0.00009166591334893729 -0.002939942297212131 0.9999952318104467 0.051748365751976166 -0.11107041102886228 -0.4287653629288357
FixedParameters: 0 0 0
#Transform 19
Transform: MatrixOffsetTransformBase_double_3_3
Parameters: 0.9999991322843932 -0.00010251149814615964 -0.001362503408628297 0.00009846242803481939 0.9999963582520139 -0.0025782543322053625 0.0013633819353181895 0.0025777418855845446 0.9999954818460733 0.05606589915153393 0.022543818149983963 -0.6047147394108663
FixedParameters: 0 0 0
#Transform 20
Transform: MatrixOffsetTransformBase_double_3_3
Parameters: 0.9999982985212775 -0.0002640023886654573 -0.0019059308860808744 0.0002577806157513644 0.9999942302078589 -0.003257748799336907 0.0019063659071620075 0.003257248274644936 0.9999928456346749 0.033145769704375994 0.008083725630839922 -0.45318835382955314
FixedParameters: 0 0 0
#Transform 21
Transform: MatrixOffsetTransformBase_double_3_3
Parameters: 0.9999997425021334 -0.000006345186132203984 -0.0005074027379655349 0.000005826619313148414 0.9999997388440746 -0.0005110028225249058 0.0005074089582639504 0.0005109966474477895 0.99999948141633 0.02859549149602003 0.00025349894491455416 -0.04005421809074505
FixedParameters: 0 0 0
#Transform 22
Transform: MatrixOffsetTransformBase_double_3_3
Parameters: 0.9999994479508678 0.00009035762502507261 -0.0007374847626598103 -0.00008915835508023421 0.99999878374136 0.0014860654421715164 0.0007376313871221328 -0.0014859330413746624 0.9999982478167935 0.03324196967702164 0.09058415625561622 -0.2566294254369126
FixedParameters: 0 0 0
#Transform 23
Transform: MatrixOffsetTransformBase_double_3_3
Parameters: 0.9999956596277296 -0.00009439866178187332 -0.0030549678136706387 0.00009803380750381113 0.9999997573940953 0.0010822142343087232 0.003054399096962727 -0.0010827850597991406 0.9999945586158262 0.037268810823007925 0.08854243045617238 -0.2689408824966577
FixedParameters: 0 0 0
#Transform 24
Transform: MatrixOffsetTransformBase_double_3_3
Parameters: 0.9999986527580651 -0.00036238839146967254 -0.0017931422994879357 0.0003578354460509455 0.9999969597943841 -0.002409778225277215 0.0017943654760287037 0.0024092189226921773 0.9999950815635515 0.033198518872282534 0.03483038441414976 -0.5572644117949324
FixedParameters: 0 0 0
#Transform 25
Transform: MatrixOffsetTransformBase_double_3_3
Parameters: 0.9999995251708651 0.00033803326950868203 -0.0006003783125553144 -0.00033907753742164995 0.9999970096044796 -0.002423796723896837 0.0005999700244513402 0.002424203113326459 0.9999967639961006 0.034308600606493656 0.01718197081116557 -0.5058351804436398
FixedParameters: 0 0 0
#Transform 26
Transform: MatrixOffsetTransformBase_double_3_3
Parameters: 0.999996757975091 -0.00021572362541460576 -0.0024892367911677213 0.0002071943174909482 0.9999946131820359 -0.0033569005195288465 0.0024896319043700896 0.003356103229143273 0.999991612497561 0.03438580612353803 0.05202013096806013 -0.6049782711960319
FixedParameters: 0 0 0
#Transform 27
Transform: MatrixOffsetTransformBase_double_3_3
Parameters: 0.9999982950641026 -0.00021608892164464295 -0.00191256521281301 0.000210362618754103 0.9999958806705953 -0.0028256609937744454 0.0019133780854016667 0.002825339274029573 0.9999944474456591 0.04979435318581693 0.003114163951110527 -0.5628852912456708
FixedParameters: 0 0 0
#Transform 28
Transform: MatrixOffsetTransformBase_double_3_3
Parameters: 0.9999994790250524 0.0005339392477021593 -0.0004857561174285877 -0.0005335412429869504 0.9999991248257513 0.0013072739822911489 0.00048603895301098317 -0.0013077264328670984 0.9999989350845608 0.03638485069942021 -0.16150245772911376 -0.35200197900471153
FixedParameters: 0 0 0
#Transform 29
Transform: MatrixOffsetTransformBase_double_3_3
Parameters: 0.999999657423104 0.00010831495409779299 -0.0005751912644213982 -0.00010943981759404662 0.9999990460986338 -0.0009780563595241099 0.0005749783003042409 0.0009779430555101332 0.9999996983567452 0.046448136467461154 -0.10159107571836046 -0.5707675493290267
FixedParameters: 0 0 0
#Transform 30
Transform: MatrixOffsetTransformBase_double_3_3
Parameters: 0.9999940436277444 0.00004343318367398672 -0.003309803885439521 -0.000043439616704753334 0.9999998095425864 0.0001495193214703372 0.0033096966957731687 -0.00014848218788914014 0.9999941896831173 0.0326641518728934 0.006070688079574893 -0.3972111153046356
FixedParameters: 0 0 0
#Transform 31
Transform: MatrixOffsetTransformBase_double_3_3
Parameters: 0.9999952539250627 -0.00000751901608110286 -0.0029573740758442107 -4.2620729166103516e-8 0.9999969609059897 -0.002641504638075068 0.0029573621650235008 0.0026414995330192315 0.9999923379088019 0.04203162048472109 0.012633675023252522 -0.4970339353953577
FixedParameters: 0 0 0
#Transform 32
Transform: MatrixOffsetTransformBase_double_3_3
Parameters: 0.9999977451061558 -0.00012172131301670108 -0.00228918540212426 0.0001149352135853202 0.9999961889691306 -0.002592641247058519 0.0022894068650792625 0.0025923550075561824 0.9999941139940566 0.04198245821574176 0.03247914023710052 -0.49365226847640287
FixedParameters: 0 0 0
#Transform 33
Transform: MatrixOffsetTransformBase_double_3_3
Parameters: 0.9999997803970682 0.0002681594201219387 -0.00038405813772798695 -0.00026900104407255886 0.9999979460384394 -0.002231898958366868 0.0003839720885862923 0.002232105240427759 0.9999978706887074 0.04032919726904538 0.02007576752572504 -0.49510830419524154
FixedParameters: 0 0 0
#Transform 34
Transform: MatrixOffsetTransformBase_double_3_3
Parameters: 0.9999997177385339 -0.0003893555090381946 -0.0010633192156101544 0.0003866580140984486 0.999997633877523 -0.002257427611361426 0.001064318587032158 0.00225757321137017 0.9999968912304935 0.043946090549226824 0.03857223303596413 -0.5141471705071652
FixedParameters: 0 0 0
#Transform 35
Transform: MatrixOffsetTransformBase_double_3_3
Parameters: 0.9999994594967934 0.00030211692826388194 -0.0006700501622076547 -0.00030324908418691017 0.9999969186498007 -0.0022369160630643925 0.0006699289880521403 0.0022370831230422578 0.9999975324972195 0.0301280569930924 -0.006733101835223465 -0.5347101514333588
FixedParameters: 0 0 0
#Transform 36
Transform: MatrixOffsetTransformBase_double_3_3
Parameters: 0.9999982055869477 -0.0003154495584772278 -0.0019226219480423762 0.00031114966243215935 0.9999978974242782 -0.002213736570230135 0.0019225039618208277 0.0022132644984122624 0.9999955089746978 0.029924100458345038 0.018560499844326728 -0.5533541866850413
FixedParameters: 0 0 0
#Transform 37
Transform: MatrixOffsetTransformBase_double_3_3
Parameters: 0.9999983107239169 -0.00003129339626462016 -0.0019202899068801497 0.000028692576168471714 0.999998798945448 -0.0014523108082300368 0.0019207374491306353 0.0014526896745803292 0.9999972922592796 0.05663254628724701 -0.11957026813983873 -0.5780397653445348
FixedParameters: 0 0 0
#Transform 38
Transform: MatrixOffsetTransformBase_double_3_3
Parameters: 0.9999952049662202 0.00031337237061558767 -0.0031140339403304173 -0.0003073981011336394 0.9999981873964789 0.001916356695033719 0.003114502212918014 -0.0019146449766545143 0.9999936792617419 0.048034416022360915 -0.08850366840697177 -0.3949375023803583
FixedParameters: 0 0 0
#Transform 39
Transform: MatrixOffsetTransformBase_double_3_3
Parameters: 0.9999979406017181 -0.00009467018202007036 -0.0020123202569609835 0.00009007475375768571 0.9999983610248445 -0.0018814388519760444 0.00201302826839899 0.001881561090310499 0.999996499479183 0.060024879997413905 0.00013620583443696432 -0.4994538879381025
FixedParameters: 0 0 0
#Transform 40
Transform: MatrixOffsetTransformBase_double_3_3
Parameters: 0.9999980686737082 0.00006688596264866912 -0.001711180979916989 -0.00006814490816712014 0.9999992688081025 -0.0012730188445252005 0.0017103766717467936 0.0012739824576560727 0.9999975562559335 0.06683576759925813 -0.003829204420199517 -0.5397945997365099
FixedParameters: 0 0 0
#Transform 41
Transform: MatrixOffsetTransformBase_double_3_3
Parameters: 0.9999982357186863 -0.00019397876290453572 -0.0019305061778711033 0.00019093633558669843 0.9999984593005853 -0.001847626347377715 0.0019307051021236622 0.0018473772986063591 0.9999969498869138 0.05572455528410103 0.016030325300377513 -0.5557251512097565
FixedParameters: 0 0 0
#Transform 42
Transform: MatrixOffsetTransformBase_double_3_3
Parameters: 0.9999933790909006 0.0003662127624763865 -0.0035337235283840105 -0.0003591708009604576 0.999997917341109 0.001980551220668411 0.0035343184778750653 -0.0019784477540243928 0.9999916248791909 0.0352804181521833 -0.09615817227835066 -0.45444754097415796
FixedParameters: 0 0 0
#Transform 43
Transform: MatrixOffsetTransformBase_double_3_3
Parameters: 0.9999975129161897 -0.0001555669652891515 -0.0021121676761808785 0.00015102162250410815 0.9999978238605794 -0.002015575853274998 0.0021132661576591326 0.002015422186372684 0.9999955645616992 0.05699421654256298 0.028345738760904737 -0.5727503682405697
FixedParameters: 0 0 0
#Transform 44
Transform: MatrixOffsetTransformBase_double_3_3
Parameters: 0.9999974495545298 -0.00013441212704107773 -0.0021291561831555325 0.0001329864492944563 0.9999987772526684 -0.0010626573695134284 0.0021288079502550855 0.0010623436178653495 0.9999974144855135 0.07702118751180365 -0.11181647437608433 -0.5634686568444849
FixedParameters: 0 0 0
#Transform 45
Transform: MatrixOffsetTransformBase_double_3_3
Parameters: 0.9999977185149147 -0.00019246486487190043 -0.0020602702581848566 0.0001892520740062613 0.9999987314138646 -0.0017726479414957863 0.0020604346452658085 0.0017723555401004815 0.9999967035709636 0.06003123332199323 0.00826455054101416 -0.5212541037173821
FixedParameters: 0 0 0
#Transform 46
Transform: MatrixOffsetTransformBase_double_3_3
Parameters: 0.9999980243376712 0.0001469130861865921 -0.0017186740253119749 -0.00015017394068111154 0.9999975799835343 -0.0021039837412588497 0.0017185295019236846 0.0021040172530788215 0.9999965907035634 0.06482596361439619 0.01173483624779692 -0.5971018446180949
FixedParameters: 0 0 0
#Transform 47
Transform: MatrixOffsetTransformBase_double_3_3
Parameters: 0.9999999029667053 0.0008883830070605545 -0.0005546652329640713 -0.000887038220171465 0.9999973531952235 0.0019945064840764387 0.0005570934175255146 -0.0019944907004811746 0.9999975937065514 0.047943014795094996 -0.046962414679498465 -0.4528904781881309
FixedParameters: 0 0 0
#Transform 48
Transform: MatrixOffsetTransformBase_double_3_3
Parameters: 0.9999990667807699 0.0009649198514720808 -0.001001347932583134 -0.0009619141456627131 0.9999965765466887 0.002369978555413696 0.001003687781939779 -0.0023690180037573144 0.9999962611607517 0.04567475570004831 -0.06897351476109748 -0.5011836163511347
FixedParameters: 0 0 0
#Transform 49
Transform: MatrixOffsetTransformBase_double_3_3
Parameters: 0.9999989913191938 0.0007759231212195755 -0.0006376465141139981 -0.0007773347383231988 0.9999982994742163 -0.0017934913054730994 0.0006359736343507741 0.001793509306278876 0.9999982585524927 0.041653718314037746 0.034615860876868965 -0.572995409228966
FixedParameters: 0 0 0
#Transform 50
Transform: MatrixOffsetTransformBase_double_3_3
Parameters: 0.9999942389899048 0.00018474386651840932 -0.003424288664408207 -0.00017472950921994492 0.9999954752000985 0.002928898598588553 0.003425132955723526 -0.0029290987091247084 0.9999896056288664 0.035473513749167296 -0.10151041285472218 -0.37288422113920916
FixedParameters: 0 0 0
#Transform 51
Transform: MatrixOffsetTransformBase_double_3_3
Parameters: 0.9999978232289588 0.00007834822754247813 -0.002042009371812908 -0.00008248827386736254 0.9999980539496472 -0.002229076847218528 0.0020422515540188006 0.0022289282323804532 0.9999958323637659 0.039289654925482864 0.024696164247941965 -0.5673769526153762
FixedParameters: 0 0 0
#Transform 52
Transform: MatrixOffsetTransformBase_double_3_3
Parameters: 0.9999984736780915 -0.00008510722688148502 -0.0018760038703941433 0.00008033074681489013 0.9999961156359177 -0.00262839210624842 0.001876046572355622 0.002627604677373732 0.9999945452469858 0.044838309950606 0.01755931245943998 -0.5804822071191325
FixedParameters: 0 0 0
#Transform 53
Transform: MatrixOffsetTransformBase_double_3_3
Parameters: 0.9999962031321893 0.00010657029085829069 -0.002790128715555286 -0.00009837210694240092 0.9999953705316438 0.0030917967034714 0.0027906738282625545 -0.003091207832988968 0.9999917177593012 0.016188413065094664 -0.1733682940311354 -0.47005480755539253
FixedParameters: 0 0 0
#Transform 54
Transform: MatrixOffsetTransformBase_double_3_3
Parameters: 0.9999949747289743 0.00012927687261065263 -0.0030016563103710567 -0.0001237494794144305 0.9999983821380699 0.001912902687687179 0.0030014195306196203 -0.0019130973580361588 0.9999932734297107 0.04150980584148556 -0.08226750074871347 -0.4250747421176655
FixedParameters: 0 0 0
#Transform 55
Transform: MatrixOffsetTransformBase_double_3_3
Parameters: 0.9999997381026255 -0.00013149752405900076 -0.0011155012668308166 0.0001293059399147614 0.9999989611029848 -0.0014272648816316125 0.0011159935729972085 0.0014267353592257864 0.9999987043379956 0.03454189197765345 0.03758481769473576 -0.5764205976972789
FixedParameters: 0 0 0
#Transform 56
Transform: MatrixOffsetTransformBase_double_3_3
Parameters: 0.9999943538914317 0.00016465793279537509 -0.0032585333382667966 -0.0001546892405439344 0.9999956155662018 0.0030709248251759025 0.003259305447647174 -0.003071076768639436 0.9999898761439098 0.03601927958675333 -0.03911142801948131 -0.4486879675061459
FixedParameters: 0 0 0
#Transform 57
Transform: MatrixOffsetTransformBase_double_3_3
Parameters: 0.99999703481147 0.00005018734684990493 -0.002442108108682796 -0.00005627952072627764 0.9999976839574719 -0.002288243400426687 0.002441472384806105 0.002288758912036226 0.9999948763552644 0.04660645120416973 0.022699576796057386 -0.6119810698225621
FixedParameters: 0 0 0
#Transform 58
Transform: MatrixOffsetTransformBase_double_3_3
Parameters: 0.9999998314310484 0.00023037172401977436 -0.0003398496618444558 -0.0002306048051202943 0.9999998292275059 -0.00034292158834212105 0.00033969154632599045 0.00034307821531279203 0.9999997669056099 0.050931320580076545 -0.10125130868419774 -0.5516684512076111
FixedParameters: 0 0 0
#Transform 59
Transform: MatrixOffsetTransformBase_double_3_3
Parameters: 0.9999974694197076 0.000023306951985706205 -0.0021282217200175963 -0.00001839460617367026 0.999996259424399 0.0025816729426509366 0.0021286013130140907 -0.002581328653896389 0.9999948816697559 0.042148771666219886 -0.07343457833340494 -0.5035413041515469
FixedParameters: 0 0 0
#Transform 60
Transform: MatrixOffsetTransformBase_double_3_3
Parameters: 0.9999985037131516 -0.00028974939512053504 -0.0015533483640146363 0.00028718706331739234 0.9999985544505228 -0.0015025809157187958 0.0015534627304253142 0.0015024173021298132 0.9999974342475483 0.06532071971020059 0.021511226962331875 -0.5921284267338365
FixedParameters: 0 0 0
#Transform 61
Transform: MatrixOffsetTransformBase_double_3_3
Parameters: 0.9999976029596966 0.00010523074881041994 -0.002094021195850923 -0.00009848105841998641 0.9999941494692012 0.003298855400352574 0.002094845045860905 -0.0032991443440219953 0.9999926866065398 0.04476132146128009 -0.11733579215912471 -0.4993072198423576
FixedParameters: 0 0 0
#Transform 62
Transform: MatrixOffsetTransformBase_double_3_3
Parameters: 0.9999982208566395 -0.00003849349789904744 -0.0016666306149355874 0.00003760685142485467 0.9999999422302182 -0.0002661821906170536 0.0016666508594855686 0.0002658168252431814 0.9999981371146692 0.05975626559295222 -0.09479499843121175 -0.5740365395846254
FixedParameters: 0 0 0
#Transform 63
Transform: MatrixOffsetTransformBase_double_3_3
Parameters: 0.999998099845244 -0.00010139779370510029 -0.0019720194653285936 0.00009915332885148225 0.9999992658362744 -0.001324437040483059 0.001972645409540159 0.0013235644200277064 0.9999973280503504 0.05630160305530296 0.02154046213054528 -0.5767753470222985
FixedParameters: 0 0 0
#Transform 64
Transform: MatrixOffsetTransformBase_double_3_3
Parameters: 0.999994811596227 -0.00008088917502155238 -0.0031909172227491647 0.00008867615272030075 0.9999974068274161 0.002328104831956959 0.0031906742775591646 -0.00232789628313583 0.9999925655561747 0.05423186182797224 -0.10750139399279135 -0.4112210369776079
FixedParameters: 0 0 0
#Transform 65
Transform: MatrixOffsetTransformBase_double_3_3
Parameters: 0.9999961832793955 0.0005149878913569855 -0.0025594884000937766 -0.000525298368434535 0.9999924352513662 -0.003931012796610511 0.002557592620706356 0.003931987697860795 0.99998883446946 0.07058296302317046 0.044157293029641664 -0.4381864366213932
FixedParameters: 0 0 0
#Transform 66
Transform: MatrixOffsetTransformBase_double_3_3
Parameters: 0.9999984897765586 0.00003393492270688624 -0.001873049002181948 -0.000038672435185876984 0.9999974905467649 -0.0023240649728387824 0.00187336077424022 0.002324933587145195 0.9999951926089812 0.05585375163840922 0.033080556152484064 -0.4994611209835611
FixedParameters: 0 0 0
#Transform 67
Transform: MatrixOffsetTransformBase_double_3_3
Parameters: 0.9999940405818828 0.00022797734752211395 -0.00330271498904913 -0.00022386782459615735 0.9999998697876021 0.0010731493134803483 0.0033028394110662554 -0.0010728496368186125 0.9999938681305368 0.044834004192097154 0.050001918106815424 -0.23545967589488015
FixedParameters: 0 0 0
#Transform 68
Transform: MatrixOffsetTransformBase_double_3_3
Parameters: 0.999999830400032 -0.00039833137882919764 -0.00010455645288004772 0.0003983031340942481 0.9999998231188595 -0.0001350416425812545 0.00010466400018008686 0.00013495830670538778 0.9999999708311796 0.15799359426384285 -0.02726341650745212 0.008735387004755069
FixedParameters: 0 0 0
#Transform 69
Transform: MatrixOffsetTransformBase_double_3_3
Parameters: 0.9999999587710053 -0.00019113950595446214 -0.00006851775084172788 0.00019118003504911823 0.9999998758408033 0.00029598687455774375 0.00006840458506239104 -0.00029601304916612725 0.9999999076982247 0.16085950994433063 -0.010771059110936676 -0.010053381993273547
FixedParameters: 0 0 0
#Transform 70
Transform: MatrixOffsetTransformBase_double_3_3
Parameters: 0.9999997628571857 0.00006422117521400336 -0.0011104777969232356 -0.00006151152552473637 0.9999975414710357 0.0021139501609187816 0.0011105033227733177 -0.002114049073500074 0.9999972833829542 0.1267720041690552 0.06060652186991433 -0.27720384140974375
FixedParameters: 0 0 0
#Transform 71
Transform: MatrixOffsetTransformBase_double_3_3
Parameters: 0.9999981487647298 -0.00003396427486928829 -0.00196195667758652 0.000032052799258136885 0.9999994752616136 -0.0012463044687652108 0.0019623993485099024 0.0012456978650901424 0.999997568464291 0.1005256746617249 0.033993800310412325 -0.49841799641274065
FixedParameters: 0 0 0
#Transform 72
Transform: MatrixOffsetTransformBase_double_3_3
Parameters: 0.9999996000321854 0.000786046240751988 0.0008845420300994881 -0.0007880851648472796 0.9999949983296231 0.003043290713185501 -0.0008823690153398232 -0.0030437102618364603 0.9999950758656714 0.10924707020838298 -0.15043172920849202 -0.3400928271650159
FixedParameters: 0 0 0
#Transform 73
Transform: MatrixOffsetTransformBase_double_3_3
Parameters: 0.9999995320116039 0.0006702512127916778 0.0001363494735072805 -0.0006710157374394208 0.9999912029231123 0.00416491122182816 -0.0001337413465375412 -0.004165092362772724 0.9999916344690986 0.10788814830317506 -0.2319851162498594 -0.31946510717775567
FixedParameters: 0 0 0
#Transform 74
Transform: MatrixOffsetTransformBase_double_3_3
Parameters: 0.999999617327561 0.00030999081988369745 0.0005355658446628073 -0.0003120293983420151 0.9999928875628133 0.003874836698173484 -0.0005339079881170785 -0.003875169324530317 0.9999926983760975 0.09025500461795843 -0.15705942982999943 -0.30329026217636823
FixedParameters: 0 0 0
#Transform 75
Transform: MatrixOffsetTransformBase_double_3_3
Parameters: 0.9999990914210858 0.0008279819091212347 0.0004720189569155965 -0.0008299772902754008 0.9999935161138672 0.0035587142646693326 -0.00046897722788326725 -0.0035582846736552237 0.9999932493808302 0.09223538803601627 -0.18634071918283723 -0.22066496156992343
FixedParameters: 0 0 0
#Transform 76
Transform: MatrixOffsetTransformBase_double_3_3
Parameters: 0.9999986482324918 -0.00008444779126265861 -0.001531168485472216 0.00008994049912671475 0.9999940766598817 0.003453746710845182 0.0015309582205426209 -0.0034542522516062546 0.9999927112590647 0.1006208360175691 -0.049707250931746216 -0.3448376060178333
FixedParameters: 0 0 0
#Transform 77
Transform: MatrixOffsetTransformBase_double_3_3
Parameters: 0.9999958151363034 -0.00003411571540909035 -0.0028605507019960133 0.00004007690238328637 0.9999982102403407 0.0019304021052603815 0.002860799549014893 -0.001930597349629748 0.9999941512143307 0.048659824191133794 0.06358877988604661 -0.36579564784082663
FixedParameters: 0 0 0
#Transform 78
Transform: MatrixOffsetTransformBase_double_3_3
Parameters: 0.9999998485676678 0.0003844822242092744 -0.000060937050404054346 -0.00038392819673167464 0.9999935252178941 0.003511022243470399 0.00006264219100466604 -0.003510974769876718 0.9999936690414254 0.06977286301531649 -0.17464661097369572 -0.2521075303222844
FixedParameters: 0 0 0
#Transform 79
Transform: MatrixOffsetTransformBase_double_3_3
Parameters: 0.9999999871311018 0.00011336797003935399 0.000004085519425926769 -0.00011339613163644987 0.9999920874876806 0.0038599960604069894 -0.0000032102043084631696 -0.003859996894961207 0.9999921003599286 0.0532317682905159 -0.11159801872229025 -0.3040955319729264
FixedParameters: 0 0 0
#Transform 80
Transform: MatrixOffsetTransformBase_double_3_3
Parameters: 0.9999999332525368 0.00024791941418037347 0.00007240117684861685 -0.00024841504208393246 0.9999905685229645 0.0042859804250913874 -0.00007126663546100496 -0.004286016087165237 0.9999906249832625 0.05297743823314249 -0.1432205649482512 -0.2744588249773514
FixedParameters: 0 0 0
#Transform 81
Transform: MatrixOffsetTransformBase_double_3_3
Parameters: 0.9999996867676579 -0.00022761094488538936 0.0011234824398047628 0.00022361504874619217 0.9999937694111213 0.0034921347716896506 -0.0011235848171259044 -0.003491866344059777 0.9999935291422455 0.08011386066553428 -0.09820550456990418 -0.30227737591355464
FixedParameters: 0 0 0
#Transform 82
Transform: MatrixOffsetTransformBase_double_3_3
Parameters: 0.9999998996393058 0.0003169090552849482 -0.000003688797541674232 -0.00031663677015805275 0.9999916667362564 0.004029000225805476 0.000004255842505016177 -0.004028997716740312 0.9999917670968094 0.0659104902377976 -0.14876499876734783 -0.27326164408643194
FixedParameters: 0 0 0
#Transform 83
Transform: MatrixOffsetTransformBase_double_3_3
Parameters: 0.9999992121858687 0.0003624029461901815 -0.0008102743736202296 -0.0003586947260788921 0.9999914836274476 0.004048289073508807 0.0008118402220733301 -0.004047704226310414 0.9999909558370589 0.08676125252178224 -0.11734945880517955 -0.31155009720449556
FixedParameters: 0 0 0
#Transform 84
Transform: MatrixOffsetTransformBase_double_3_3
Parameters: 0.9999993617992224 0.0007765515171626518 0.00018890405343968453 -0.0007767278208304232 0.999991686911425 0.0040859737800817975 -0.0001854154626564196 -0.004086025966173759 0.9999912839522761 0.07792474365864166 -0.1889279631070906 -0.3052838348744942
FixedParameters: 0 0 0
#Transform 85
Transform: MatrixOffsetTransformBase_double_3_3
Parameters: 0.9999999252771722 -0.00006252422829201309 -0.0002658040180056785 0.00006347919136188987 0.9999928871766354 0.003886986587249272 0.00026618686669741096 -0.003887020110793407 0.9999928204221622 0.1231933256140394 -0.15355197050685376 -0.27851500448358735
FixedParameters: 0 0 0
#Transform 86
Transform: MatrixOffsetTransformBase_double_3_3
Parameters: 0.9999994365791894 0.00011367337548908805 0.00074188072228054 -0.00011678166839886518 0.9999914807676327 0.004183915425066437 -0.0007415488429727844 -0.004184086365545001 0.9999909439338872 0.1004887115999793 -0.13466661788406498 -0.3625750894411297
FixedParameters: 0 0 0
#Transform 87
Transform: MatrixOffsetTransformBase_double_3_3
Parameters: 0.9999994340695145 0.0006986434900985903 0.00027924961453944827 -0.0006998034889186724 0.9999890081903311 0.004527802298673458 -0.0002757755484004727 -0.004528190396146853 0.9999894201285445 0.09590404874657565 -0.186713790337393 -0.2926411147808139
FixedParameters: 0 0 0
#Transform 88
Transform: MatrixOffsetTransformBase_double_3_3
Parameters: 0.9999999902990878 0.00008150855757609415 -0.000055293349054986454 -0.00008103584751458816 0.9999909477938589 0.0042480042830606995 0.00005598384364065562 -0.004247995247230199 0.9999909513363167 0.07616557457092199 -0.15823399045298459 -0.27952351832431077
FixedParameters: 0 0 0
#Transform 89
Transform: MatrixOffsetTransformBase_double_3_3
Parameters: 0.9999996679452047 -0.00019711166803968464 0.0005416409229981413 0.00019492815954930975 0.9999893203305527 0.0046521072457035295 -0.0005421115297658231 -0.004651894816900204 0.9999890651592969 0.10253757239081551 -0.15824774529529861 -0.3199348466287759
FixedParameters: 0 0 0
#Transform 90
Transform: MatrixOffsetTransformBase_double_3_3
Parameters: 0.9999998402112288 0.00014380910148468058 0.000372751576618653 -0.00014576488927686669 0.9999910210423247 0.004117941716994103 -0.0003724317296306196 -0.00411804961800423 0.99999090321198 0.13383030881286118 -0.16095536253658338 -0.28239293864302795
FixedParameters: 0 0 0
#Transform 91
Transform: MatrixOffsetTransformBase_double_3_3
Parameters: 0.9999991465079437 -0.0005402800923812667 -0.0012496032117876572 0.0005445472695033657 0.9999928369975084 0.003840309898032093 0.001247814508877579 -0.0038406934083554667 0.999991810494962 0.1079985708518052 -0.11336910930346278 -0.35402645216035467
FixedParameters: 0 0 0
#Transform 92
Transform: MatrixOffsetTransformBase_double_3_3
Parameters: 0.99999972431016 -0.0005200672825438437 -0.00007213681842150697 0.0005204046373757829 0.9999911887903783 0.004066960257361307 0.00006989071736858514 -0.004067034153323226 0.9999914544256593 0.1369851488928049 -0.1973933974269073 -0.2419655710738695
FixedParameters: 0 0 0
#Transform 93
Transform: MatrixOffsetTransformBase_double_3_3
Parameters: 0.9999992050340164 0.0008744870510085392 -0.00017467574071587433 -0.000873528758853946 0.999990838766603 0.0041711550942112735 0.0001778755772824327 -0.004170846967723255 0.9999915716185066 0.07086135573190688 -0.04189532881734692 -0.5049939130296011
FixedParameters: 0 0 0
#Transform 94
Transform: MatrixOffsetTransformBase_double_3_3
Parameters: 0.9999990782492174 0.00037406536833312656 -0.0013349733646730497 -0.0003692103839861162 0.9999936920816636 0.0036313802091966774 0.0013360787668836797 -0.003630626082273561 0.9999930177235375 0.09139103102207002 -0.18084179040207005 -0.3240934057437812
FixedParameters: 0 0 0
#Transform 95
Transform: MatrixOffsetTransformBase_double_3_3
Parameters: 0.999998781223835 0.0005898155750475523 0.0013677713591174752 -0.000595411871839585 0.9999915798666789 0.003995056047657361 -0.0013654133518960906 -0.003995943185041137 0.9999912731746813 0.12717806810469767 -0.10567671561445025 -0.3958099356633227
FixedParameters: 0 0 0
#Transform 96
Transform: MatrixOffsetTransformBase_double_3_3
Parameters: 0.9999970006884608 0.0005147296613418394 -0.002175863006967866 -0.0005047368722937601 0.9999902445345586 0.0043197649836301255 0.002178192629128983 -0.004319232305208601 0.9999884397844343 0.11204694965137207 -0.17089904108669884 -0.44773122130330734
FixedParameters: 0 0 0
#Transform 97
Transform: MatrixOffsetTransformBase_double_3_3
Parameters: 0.9999998183041635 -0.000056826642920779766 -0.0010854271706135202 0.00006122375522742165 0.9999927083365404 0.003909936325624835 0.0010854778050663034 -0.003910064471067995 0.9999915336386257 0.12135496077722507 -0.15795576108848763 -0.34169886011847694
FixedParameters: 0 0 0
#Transform 98
Transform: MatrixOffsetTransformBase_double_3_3
Parameters: 0.9999968815236941 0.00021474559248308632 -0.002464408879610999 -0.00020548066108747872 0.9999912300240721 0.004095157720541712 0.0024648082074718606 -0.004094837632070927 0.9999881132771152 0.12107014704805863 -0.11560004617466291 -0.39905642317278023
FixedParameters: 0 0 0
#Transform 99
Transform: MatrixOffsetTransformBase_double_3_3
Parameters: 0.9999997701532791 -0.00012876832550307499 -0.00046152763306586637 0.00013123914224694448 0.9999919197740152 0.003882819857191633 0.00046139064391079664 -0.0038831783810543696 0.9999926948931338 0.14079067484887275 -0.1914499806500629 -0.2653179337049494
FixedParameters: 0 0 0
#Transform 100
Transform: MatrixOffsetTransformBase_double_3_3
Parameters: 0.9999955399722882 0.0009197117242674317 -0.0027591532028893914 -0.0009089638385665 0.9999909765370042 0.004061074047741281 0.0027631505143742323 -0.004058921173185487 0.9999875960493757 0.0851458933218936 -0.08858362557705846 -0.4479815542591723
FixedParameters: 0 0 0
#Transform 101
Transform: MatrixOffsetTransformBase_double_3_3
Parameters: 0.9999992397691572 0.0005687412113539391 -0.0011988281731215708 -0.0005647039761795554 0.9999934645768009 0.0036516938463420773 0.0012003807589249327 -0.0036513052981281963 0.9999921081907228 0.09071804124488381 -0.16890782715172747 -0.3017673293088663
FixedParameters: 0 0 0
#Transform 102
Transform: MatrixOffsetTransformBase_double_3_3
Parameters: 0.9999981893614637 0.00016041102398890072 -0.0019451636819062682 -0.000152375856541372 0.9999905997217282 0.0043920553479088464 0.001946448830103092 -0.004390952658669359 0.9999890188380484 0.08759094090181918 -0.11272494986009463 -0.37996416690602075
FixedParameters: 0 0 0
#Transform 103
Transform: MatrixOffsetTransformBase_double_3_3
Parameters: 0.9999992374114987 0.0005098977034817384 -0.001225975099464206 -0.0005042570800746628 0.9999893387627766 0.004628506254888878 0.0012279622964297215 -0.004627500454817038 0.9999890616017812 0.09056734292852298 -0.1552850945415969 -0.36268136155802466
FixedParameters: 0 0 0
#Transform 104
Transform: MatrixOffsetTransformBase_double_3_3
Parameters: 0.9999975854477484 0.00003381258031818834 -0.002326549974066525 -0.000026672689128048454 0.9999955847764818 0.003053817258415359 0.00232688647109955 -0.003053182461865714 0.9999923528791235 0.06068773251742243 -0.05015531186387534 -0.5593162336501507
FixedParameters: 0 0 0
#Transform 105
Transform: MatrixOffsetTransformBase_double_3_3
Parameters: 0.9999999993589999 0.000006978222959144143 -0.000024337304470881346 -0.000006970677958825317 0.9999999759257577 0.00015500016577629783 0.00002433946654666799 -0.00015499982657721234 0.9999999753832433 0.14692867414457567 -0.15992755965277183 -0.028005330907703296
FixedParameters: 0 0 0
#Transform 106
Transform: MatrixOffsetTransformBase_double_3_3
Parameters: 0.9999999831990061 0.00006312900206774128 -0.00011320654845157842 -0.00006299401456299625 0.9999996408050706 0.0005960069190599354 0.00011328171763309902 -0.0005959926374959207 0.9999996319622 0.1550084141448167 -0.14042653122162108 -0.036636489531368
FixedParameters: 0 0 0
#Transform 107
Transform: MatrixOffsetTransformBase_double_3_3
Parameters: 0.999999577038576 0.0006386507141312602 -0.0001236380307773598 -0.0006383180762978362 0.99999984002041 0.0008591984115368378 0.00012374218773575623 -0.0008588019311330519 0.9999992612557504 0.10500544260264633 -0.01689483661995439 -0.04393391785504974
FixedParameters: 0 0 0
#Transform 108
Transform: MatrixOffsetTransformBase_double_3_3
Parameters: 0.9999994368490748 0.0007494111251085483 -0.00004079343160389652 -0.0007492391234075368 0.9999990340132517 0.0006360303061882927 0.00004075381351963856 -0.0006359692019666796 0.9999995938441358 0.10219805218753208 -0.01478399151166343 -0.047265214533538824
FixedParameters: 0 0 0
#Transform 109
Transform: MatrixOffsetTransformBase_double_3_3
Parameters: 0.999999393293471 0.0007786202774280424 -0.00002397181482381365 -0.0007784586848406359 0.9999997616845675 0.0008581525855344829 0.000024315807289737487 -0.0008588475942815227 0.999999157564329 0.10676917916724449 -0.014767376543701971 -0.0440372865845049
FixedParameters: 0 0 0
#Transform 110
Transform: MatrixOffsetTransformBase_double_3_3
Parameters: 0.9999993002937597 0.0008363955240957328 0.000015349721707834247 -0.0008363348341115877 0.9999978297239674 0.002111107574975221 -0.000012811342696713302 -0.0021108925982506743 0.9999975579160536 0.10912574372875383 -0.0827523061386728 -0.14080729119508106
FixedParameters: 0 0 0
#Transform 111
Transform: MatrixOffsetTransformBase_double_3_3
Parameters: 0.9999993968790474 0.0007581294325684917 -0.00016776271861679501 -0.0007582514215017505 0.9999979095099438 0.001875128112810473 0.00016850028115738348 -0.0018748731648786238 0.9999984561094394 0.08925985912192402 0.04006293810051886 -0.11158562088808566
FixedParameters: 0 0 0
#Transform 112
Transform: MatrixOffsetTransformBase_double_3_3
Parameters: 0.9999996756402196 0.0005400530440795088 0.0001808389024864211 -0.000540472214485909 0.9999993555415122 0.0011629030134223672 -0.00017958225261599043 -0.0011630977380406304 0.9999996149588044 0.1426805238506148 -0.1273461706763328 -0.067135200547078
FixedParameters: 0 0 0
#Transform 113
Transform: MatrixOffsetTransformBase_double_3_3
Parameters: 0.9999996885458527 0.0005528192116778875 0.0000763907438041964 -0.0005528151523534119 0.9999991183094628 0.0007589573320595233 -0.00007654432656509635 -0.0007590418786636438 0.999999418074989 0.10280297882749778 -0.01657482217022732 -0.04829310586844571
FixedParameters: 0 0 0
#Transform 114
