#Insight Transform File V1.0
#Transform 0
Transform: MatrixOffsetTransformBase_double_3_3
Parameters: 0.9999948568406613 0.00020031273079273998 -0.0030174862460189654 -0.00020651509282309263 0.9999983983151111 -0.0018698767579096165 0.003016333198543126 0.0018711211345971424 0.9999934609668341 0.017090326274256995 0.0061785785884893585 -0.5701037415749113
FixedParameters: 0 0 0
#Transform 1
Transform: MatrixOffsetTransformBase_double_3_3
Parameters: 0.9999971145055164 0.00028601290156965713 -0.0024090802191237765 -0.0002919269532847197 0.9999978467943426 -0.0022575418059725405 0.002408375912532789 0.0022584568479672856 0.9999940705586537 0.02313351880198411 0.011942479500390846 -0.6062582075013196
FixedParameters: 0 0 0
#Transform 2
Transform: MatrixOffsetTransformBase_double_3_3
Parameters: 0.9999955359383406 0.00043248674439896716 -0.0028770975607810495 -0.000438970303867546 0.9999966995696628 -0.0025072089781880413 0.002875873471685501 0.0025077904563454018 0.9999922612116053 0.028100395154510238 -0.026454239380683475 -0.5888764315805162
FixedParameters: 0 0 0
#Transform 3
Transform: MatrixOffsetTransformBase_double_3_3
Parameters: 0.9999991632958316 0.0007803728612070117 -0.001108110215152727 -0.0007829604056197327 0.9999953802236448 -0.0028532396714622543 0.0011061152935811522 0.0028537607983224467 0.9999954981058635 0.03920736935187108 -0.00632326039003317 -0.6335056802596242
FixedParameters: 0 0 0
#Transform 4
Transform: MatrixOffsetTransformBase_double_3_3
Parameters: 0.9999966051275098 0.000058459942553680685 -0.0027188307471283247 -0.00006766373094518202 0.9999948506562181 -0.0031753199657074127 0.0027183985773218252 0.0031756798569819444 0.999991586783271 0.033613349419155725 -0.011840910739636001 -0.6210682739197253
FixedParameters: 0 0 0
#Transform 5
Transform: MatrixOffsetTransformBase_double_3_3
Parameters: 0.9999952773592689 0.00022136389200740222 -0.002945423228647917 -0.00022745772140163076 0.9999971112778607 -0.0024028316855009696 0.002944312817552874 0.002404170420535104 0.9999926124100921 0.03184321257528211 -0.004739392211973836 -0.6106787318358826
FixedParameters: 0 0 0
#Transform 6
Transform: MatrixOffsetTransformBase_double_3_3
Parameters: 0.9999956891408904 -0.000042489359427718646 -0.003051037578452656 0.00003294952213400254 0.9999956311122877 -0.0028847247934341014 0.0030512235252935873 0.002884273088994846 0.9999914172808968 0.024355397876234974 -0.0100351015697413 -0.616066487644467
FixedParameters: 0 0 0
#Transform 7
Transform: MatrixOffsetTransformBase_double_3_3
Parameters: 0.9999969122337442 0.0001553081846834376 -0.0024626937933417063 -0.0001635968705864609 0.9999936133496956 -0.0035219640487955256 0.002461659079201522 0.0035220336604159103 0.9999904898095786 0.04597908047873034 -0.0012892774539920993 -0.663592496941483
FixedParameters: 0 0 0
#Transform 8
Transform: MatrixOffsetTransformBase_double_3_3
Parameters: 0.9999972300705757 0.0002675362451185141 -0.002387094807697251 -0.0002748547106911247 0.9999960211755183 -0.0029885915891329495 0.0023863145542818076 0.0029894090598645423 0.9999923405858288 0.04693265779491185 -0.01465404365229972 -0.615452978146557
FixedParameters: 0 0 0
#Transform 9
Transform: MatrixOffsetTransformBase_double_3_3
Parameters: 0.9999970937375329 0.0003236943021050658 -0.0024086937363612337 -0.00033264389788249387 0.9999932647311787 -0.0037135540467368583 0.0024073376481963385 0.003713447797011632 0.9999902486996465 0.04080152825329719 0.00337275040190832 -0.6234644787608161
FixedParameters: 0 0 0
#Transform 10
Transform: MatrixOffsetTransformBase_double_3_3
Parameters: 0.9999986911278921 0.00022582777128723585 -0.0018049739389132422 -0.0002310851909700994 0.9999953087741174 -0.003106706344298993 0.0018042751277760863 0.0031072923756607362 0.9999930753973281 0.05869642995541824 -0.00794998546241743 -0.6615307872481466
FixedParameters: 0 0 0
#Transform 11
Transform: MatrixOffsetTransformBase_double_3_3
Parameters: 0.9999973387100162 0.00038606466460242256 -0.0023480179438877735 -0.0003945360994099814 0.9999931416402862 -0.003707443471056504 0.0023462046907318235 0.0037085600447802902 0.999990698395359 0.05478351559747807 -0.019048621616505557 -0.616562334394402
FixedParameters: 0 0 0
#Transform 12
Transform: MatrixOffsetTransformBase_double_3_3
Parameters: 0.9999976847587972 0.0006680438365347131 -0.001966919570598777 -0.0006769420761537024 0.9999896656822906 -0.004474901419853725 0.0019639667960972603 0.004476096736924284 0.9999879586404343 0.06027173684944387 0.031362930420016255 -0.6991323042193187
FixedParameters: 0 0 0
#Transform 13
Transform: MatrixOffsetTransformBase_double_3_3
Parameters: 0.9999981774770971 0.000188850360758178 -0.0016693659180471263 -0.00019396198053487344 0.9999939239802339 -0.0036128025009705828 0.0016688237706067603 0.0036132029265490556 0.999992145835689 0.05536329685929786 -0.053297224964467205 -0.6660462547531338
FixedParameters: 0 0 0
#Transform 14
Transform: MatrixOffsetTransformBase_double_3_3
Parameters: 0.9999970754497032 0.000056789871136653225 -0.0022185767815594815 -0.00006408400719401516 0.9999944389450468 -0.0032372382078121875 0.0022180336499934964 0.0032377618863614205 0.9999926736112174 0.05864947136606702 -0.011146102067868924 -0.6545263180563978
FixedParameters: 0 0 0
#Transform 15
Transform: MatrixOffsetTransformBase_double_3_3
Parameters: 0.9999977068011392 0.00033517149126615454 -0.0020448911335150155 -0.00034287484045125976 0.9999922679560866 -0.003826542568629021 0.002043257330617042 0.003827451494802306 0.9999901468714008 0.055104776049546444 -0.01653859085237741 -0.7053836359770358
FixedParameters: 0 0 0
#Transform 16
Transform: MatrixOffsetTransformBase_double_3_3
Parameters: 0.9999975940068606 0.00011078640397482658 -0.002096354758795113 -0.00011846454621867102 0.9999929156545293 -0.0037549973202314207 0.0020954622543922 0.003755000753100507 0.999990478179161 0.056369936398837694 -0.047590691974150445 -0.691650822206455
FixedParameters: 0 0 0
#Transform 17
Transform: MatrixOffsetTransformBase_double_3_3
Parameters: 0.9999956333367562 0.00022210382587582796 -0.002883745074361998 -0.0002330351015330543 0.9999926493633075 -0.003788818853230444 0.002883342055218991 0.003789177143892153 0.9999882707836887 0.04807222708225822 -0.010844571496789968 -0.6540564029738292
FixedParameters: 0 0 0
#Transform 18
Transform: MatrixOffsetTransformBase_double_3_3
Parameters: 0.9999960895617487 0.00013780572416849433 -0.0026248225158088455 -0.00014695343351430845 0.9999937013789626 -0.003633000299611139 0.00262498920967392 0.003634003309463188 0.9999899833924933 0.0574425446212814 -0.025099096295150503 -0.7059178893916638
FixedParameters: 0 0 0
#Transform 19
Transform: MatrixOffsetTransformBase_double_3_3
Parameters: 0.999998767803507 0.00026683221737534976 -0.0017780266459323315 -0.0002731497700764096 0.9999930280936233 -0.0037317605953977595 0.0017768523816913868 0.003732243324754997 0.9999918839277881 0.06787445848823381 -0.037995611813855135 -0.6976339729833114
FixedParameters: 0 0 0
#Transform 20
Transform: MatrixOffsetTransformBase_double_3_3
Parameters: 0.9999969127504742 0.0001269903967921228 -0.002659337148627111 -0.0001367872194783452 0.9999934732671066 -0.0035451254704903234 0.0026584905292939623 0.003544872708296884 0.9999903053163691 0.06393282807211165 -0.03594462057976955 -0.6802439616081415
FixedParameters: 0 0 0
#Transform 21
Transform: MatrixOffsetTransformBase_double_3_3
Parameters: 0.9999965307565247 0.0005726852780120762 -0.0024781476439202105 -0.0005818568252597275 0.9999936487343991 -0.003629915301384512 0.0024760300476403176 0.0036310884901253754 0.9999905208185368 0.0711541916132461 -0.010646124671694679 -0.7430515010946834
FixedParameters: 0 0 0
#Transform 22
Transform: MatrixOffsetTransformBase_double_3_3
Parameters: 0.999997604043976 0.00004561335783825104 -0.0023225718952749825 -0.00005310891241554574 0.9999946879767003 -0.0033491389272285454 0.0023222095598055157 0.0033498622758744434 0.9999914776697715 0.07014322564816666 -0.019105227422528515 -0.6808799365967744
FixedParameters: 0 0 0
#Transform 23
Transform: MatrixOffsetTransformBase_double_3_3
Parameters: 0.9999972350569274 0.0004127388288896115 -0.00236505556785616 -0.0004214385807896462 0.9999926730395713 -0.003913361057392123 0.0023639851307145914 0.003913646763470072 0.9999899308613729 0.05270564255425825 0.007195126448010569 -0.7434240913284924
FixedParameters: 0 0 0
#Transform 24
Transform: MatrixOffsetTransformBase_double_3_3
Parameters: 0.9999989347215698 0.00034139331994890537 -0.001716915425043875 -0.0003480360528913043 0.9999936823375435 -0.003634528209127519 0.0017161229206544687 0.003635473104760076 0.999991825821678 0.07332122620121595 -0.059530095927598836 -0.6882458895356933
FixedParameters: 0 0 0
#Transform 25
Transform: MatrixOffsetTransformBase_double_3_3
Parameters: 0.9999950288252938 0.00020708803640453793 -0.002988248277167266 -0.00021683890099969102 0.9999938009899609 -0.003478979817422012 0.0029871019602082834 0.0034800248576702525 0.9999900138511149 0.07083461668996449 -0.02089008386960245 -0.6655990929395657
FixedParameters: 0 0 0
#Transform 26
Transform: MatrixOffsetTransformBase_double_3_3
Parameters: 0.9999978831009627 0.00023376889222318856 -0.002015490192517012 -0.00024084060199359517 0.9999938690775081 -0.0034787597156980127 0.0020146799784872683 0.003479239037847512 0.9999918070476411 0.07026929757512335 -0.02422189379447559 -0.7048817209565215
FixedParameters: 0 0 0
#Transform 27
Transform: MatrixOffsetTransformBase_double_3_3
Parameters: 0.9999974757938056 0.000244132356779185 -0.002112948630346876 -0.0002510455382844193 0.9999956894264537 -0.003045716374340382 0.0021121611349727305 0.0030462854077130813 0.9999932300659653 0.08255728869528411 -0.014513744098039183 -0.6903823350793701
FixedParameters: 0 0 0
#Transform 28
Transform: MatrixOffsetTransformBase_double_3_3
Parameters: 0.9999972869559306 0.0003479970998826371 -0.002143051660737961 -0.0003558219742916375 0.9999933625756079 -0.003679485027381954 0.0021414226866707416 0.0036805157240914488 0.9999908394539038 0.06757491623572776 0.0070132548978705245 -0.6859323090033485
FixedParameters: 0 0 0
#Transform 29
Transform: MatrixOffsetTransformBase_double_3_3
Parameters: 0.9999987240598576 0.00044723555469234916 -0.0017537222417555406 -0.0004525176669772434 0.9999947712099737 -0.0031704511063486707 0.0017525826937897517 0.0031715514540903433 0.9999938422928334 0.07533077064147164 -0.013617918125419237 -0.7010116065795131
FixedParameters: 0 0 0
#Transform 30
Transform: MatrixOffsetTransformBase_double_3_3
Parameters: 0.9999983185032373 0.0001987191277868269 -0.0019088610048838797 -0.00020466344420427466 0.9999950656621397 -0.003149854400282079 0.001907318405700838 0.0031501470343292814 0.9999934077691028 0.06994061805372098 -0.019489010508848992 -0.6572597430078275
FixedParameters: 0 0 0
#Transform 31
Transform: MatrixOffsetTransformBase_double_3_3
Parameters: 0.9999977653739047 0.000024011786212404693 -0.0022879216044300395 -0.00003107388710855096 0.9999953699864025 -0.003088189469247715 0.002287599671322724 0.00308880956790078 0.9999923176556307 0.08093177593185885 0.02265686028792402 -0.6894591448959773
FixedParameters: 0 0 0
#Transform 32
Transform: MatrixOffsetTransformBase_double_3_3
Parameters: 0.9999970975388662 0.000237365391290463 -0.0022013476253230986 -0.000243970059189611 0.9999954906802075 -0.0030787092249319054 0.0022007065472526826 0.003079291600177253 0.9999926463058441 0.08580103366067249 -0.01079498247601407 -0.7185186132406471
FixedParameters: 0 0 0
#Transform 33
Transform: MatrixOffsetTransformBase_double_3_3
Parameters: 0.9999975600410783 0.0004899710643777468 -0.002049777574377692 -0.000496390893553636 0.9999941528712628 -0.0032623479817265183 0.0020474000146305906 0.0032636530484194543 0.9999931127485785 0.08284602426900278 -0.030855679510736422 -0.6861295361390987
FixedParameters: 0 0 0
#Transform 34
Transform: MatrixOffsetTransformBase_double_3_3
Parameters: 0.9999984783865781 0.0005402176829615271 -0.00179709319960993 -0.0005462413552184332 0.9999955686922314 -0.0030241432102442733 0.0017954000903785228 0.003025856238543831 0.9999936083883756 0.0787417214367423 -0.006424254795206252 -0.7046748878693734
FixedParameters: 0 0 0
#Transform 35
Transform: MatrixOffsetTransformBase_double_3_3
Parameters: 0.9999979976508223 0.0005533450684545578 -0.001922528020116131 -0.0005604116807454038 0.9999945651758221 -0.0033571558464987883 0.0019205021457260533 0.003357847759531407 0.9999928867646306 0.07719962949919079 -0.028857635489430322 -0.7199117415095131
FixedParameters: 0 0 0
#Transform 36
Transform: MatrixOffsetTransformBase_double_3_3
Parameters: 0.999996114126273 0.0000698776524174772 -0.0026227940103709054 -0.00007945223501168536 0.9999948887648902 -0.003339162269385784 0.002623256498720534 0.0033388383679085476 0.9999909274168794 0.06672467687798189 -0.027862423554978477 -0.6979481142462944
FixedParameters: 0 0 0
#Transform 37
Transform: MatrixOffsetTransformBase_double_3_3
Parameters: 0.9999961767067933 0.00007391988786262685 -0.0026111871711766302 -0.00008356202584171692 0.9999931122397644 -0.0035802846853454084 0.0026107117784745244 0.003580712873740302 0.9999904243894941 0.07568595445212623 -0.0355807273547839 -0.7469152835405097
FixedParameters: 0 0 0
#Transform 38
Transform: MatrixOffsetTransformBase_double_3_3
Parameters: 0.9999975750661448 0.000045614067879169246 -0.002329061664875633 -0.00005963066146661799 0.9999829028874458 -0.005832250733586342 0.0023280240697861657 0.005832751353997051 0.9999806353832466 0.060595128899024076 0.026917419541490517 -0.8195283552162778
FixedParameters: 0 0 0
#Transform 39
Transform: MatrixOffsetTransformBase_double_3_3
Parameters: 0.9999969911778214 0.0005213294564275168 -0.0021768287497748403 -0.0005270460194985654 0.9999966775388587 -0.0026820843299222574 0.0021747372934364842 0.0026829171801266427 0.9999939219784769 0.07292733334313084 -0.1647598524905476 -0.7341195117194204
FixedParameters: 0 0 0
#Transform 40
Transform: MatrixOffsetTransformBase_double_3_3
Parameters: 0.9999973985799885 0.0002350835988212499 -0.0021321377479989524 -0.00024158603719942053 0.9999950180147952 -0.003154729889870783 0.002131474809098537 0.0031552690000522104 0.9999924724462405 0.05671145106916242 -0.035648455320838934 -0.6930494322329892
FixedParameters: 0 0 0
#Transform 41
Transform: MatrixOffsetTransformBase_double_3_3
Parameters: 0.9999980694305227 0.0004271656248977443 -0.001936251109087252 -0.0004330746215680944 0.9999959533685012 -0.002808405914058981 0.0019344353680716313 0.0028095937201539356 0.9999943350544975 0.0833441714016061 -0.002609989474862573 -0.7099908314972012
FixedParameters: 0 0 0
#Transform 42
Transform: MatrixOffsetTransformBase_double_3_3
Parameters: 0.9999976893623841 0.0002746509915981422 -0.002058016523008426 -0.00028173683451553224 0.9999936143165804 -0.0036516684349326006 0.002056945680215431 0.003652336137519252 0.9999914007035379 0.0755494346637704 -0.017136474415039515 -0.7595766307302938
FixedParameters: 0 0 0
#Transform 43
Transform: MatrixOffsetTransformBase_double_3_3
Parameters: 0.9999958401831103 0.0004793266483820357 -0.0028162863771008873 -0.0004881151330737156 0.9999947747160385 -0.0033231188455240535 0.002814271949098229 0.00332488835206593 0.999990967385484 0.07199530357121375 -0.024393198791074155 -0.7278621390640012
FixedParameters: 0 0 0
#Transform 44
Transform: MatrixOffsetTransformBase_double_3_3
Parameters: 0.9999972569605232 0.00034736373025526403 -0.002370861714622804 -0.00036223966685698894 0.99998090306275 -0.006254383292194687 0.002369218278350426 0.006254616903946256 0.9999771154792689 0.06752826310948024 -0.01846102449557918 -0.8396157800208357
FixedParameters: 0 0 0
#Transform 45
Transform: MatrixOffsetTransformBase_double_3_3
Parameters: 0.9999960378975865 0.0002062571094492467 -0.0026307455901946565 -0.00021973341856091938 0.9999874919945546 -0.005037812368543587 0.0026291682309802526 0.005039188264676864 0.9999837725248774 0.052125192692130895 -0.07258993319017293 -0.7760743922056577
FixedParameters: 0 0 0
#Transform 46
Transform: MatrixOffsetTransformBase_double_3_3
Parameters: 0.9999964605962792 0.00013372479810976949 -0.0027422558575083216 -0.00014118382715374564 0.9999961539507228 -0.0028081014579603436 0.0027424450126284005 0.0028079012231992384 0.9999925368494003 0.0664187909456615 -0.17859683816782024 -0.6782720827975055
FixedParameters: 0 0 0
#Transform 47
Transform: MatrixOffsetTransformBase_double_3_3
Parameters: 0.999997811531869 0.00046609062546843524 -0.001993077011645132 -0.0004723441347812895 0.9999960009158729 -0.0028152885155054846 0.0019910355241762466 0.002815709741940217 0.9999939564925198 0.07227284547174406 -0.0026128770525843947 -0.6609356447701416
FixedParameters: 0 0 0
#Transform 48
Transform: MatrixOffsetTransformBase_double_3_3
Parameters: 0.9999966821616318 0.0002929326368612142 -0.002689199088625833 -0.00030141365604944675 0.9999956280444828 -0.003053558452125932 0.0026883450443094246 0.00305444092549427 0.9999914002095308 0.05625064547029979 -0.06314899245293759 -0.6486940871566134
FixedParameters: 0 0 0
#Transform 49
Transform: MatrixOffsetTransformBase_double_3_3
Parameters: 0.9999960916416768 0.0005212185696987614 -0.0027635404467316895 -0.0005370667942406142 0.9999820571719356 -0.005901997072681062 0.0027603289382726486 0.005902994761553135 0.9999783547611903 0.07418237714010445 0.04137273049066437 -0.7650585505604113
FixedParameters: 0 0 0
#Transform 50
Transform: MatrixOffsetTransformBase_double_3_3
Parameters: 0.9999985551129735 0.0007091178113868309 -0.001715217833541859 -0.0007159873432601453 0.9999919324309456 -0.0039608819303587894 0.0017123987260555936 0.003962114638779601 0.9999902355810707 0.09239286064821783 -0.03339359551047494 -0.7520443539896675
FixedParameters: 0 0 0
#Transform 51
Transform: MatrixOffsetTransformBase_double_3_3
Parameters: 0.9999974367776217 0.00006057986893085197 -0.0023579496376360583 -0.00006986586451501849 0.9999927770708307 -0.0038890993908694688 0.0023575307385131803 0.0038899010268758777 0.9999894031284967 0.08391960258001063 -0.055402119833544816 -0.695380543158727
FixedParameters: 0 0 0
#Transform 52
Transform: MatrixOffsetTransformBase_double_3_3
Parameters: 0.999998662486231 0.0006684055335966342 -0.0017005150861902271 -0.0006735850448372384 0.9999941905514368 -0.0032410834939607253 0.0016978785845874322 0.0032419156127469484 0.9999934572205241 0.08541310940537983 -0.007883989954862614 -0.6913285009661863
FixedParameters: 0 0 0
#Transform 53
Transform: MatrixOffsetTransformBase_double_3_3
Parameters: 0.9999967981530649 0.00024014858240292502 -0.00267322838164553 -0.0002505032281725052 0.9999936760018345 -0.0036307164184880975 0.0026715350368341595 0.0036322831820865403 0.9999897464340864 0.07991325503574842 0.0013865459763309218 -0.7543279788021451
FixedParameters: 0 0 0
#Transform 54
Transform: MatrixOffsetTransformBase_double_3_3
Parameters: 0.9999955773301442 0.0003121053351640093 -0.0028852940312693236 -0.0003216302351143125 0.9999944709976514 -0.00337057911466003 0.0028843587470129294 0.0033724243511352725 0.9999903721843103 0.09089442098034795 -0.034024785431299165 -0.7047115210980479
FixedParameters: 0 0 0
#Transform 55
Transform: MatrixOffsetTransformBase_double_3_3
Parameters: 0.9999986061922903 0.0004760580096818133 -0.0017795846890788346 -0.00048228557474220245 0.9999942859185216 -0.003390266084633317 0.0017780485118888882 0.0033917322818768914 0.9999923224319215 0.0811701311644697 -0.030964220967902634 -0.7565617186927085
FixedParameters: 0 0 0
#Transform 56
Transform: MatrixOffsetTransformBase_double_3_3
Parameters: 0.9999964956876048 0.000562575828599589 -0.002681137007558885 -0.0005774728046915199 0.9999850993767084 -0.00534994678879433 0.002677711217181762 0.0053520473718495915 0.9999821294230506 0.0738592138338845 0.023536499570042224 -0.7318276429215587
FixedParameters: 0 0 0
#Transform 57
Transform: MatrixOffsetTransformBase_double_3_3
Parameters: 0.999996585226443 0.00032182052474135617 -0.002703920628934243 -0.000330459986729863 0.9999941589554417 -0.003433597973975036 0.002702882057166392 0.0034344072290833916 0.9999908414279669 0.05747417482692185 -0.17239899523140423 -0.6708011772469362
FixedParameters: 0 0 0
#Transform 58
Transform: MatrixOffsetTransformBase_double_3_3
Parameters: 0.999995849989439 0.0001615486407335222 -0.0030207207730706866 -0.00017356484629070643 0.9999924745335873 -0.0038170889506086436 0.003019770389596241 0.0038169084201148396 0.9999882363152092 0.05250962128701531 -0.030105388064797012 -0.6718461100744904
FixedParameters: 0 0 0
#Transform 59
Transform: MatrixOffsetTransformBase_double_3_3
Parameters: 0.9999981530560424 0.0005318884567318879 -0.0018878368011137597 -0.0005392221312039277 0.9999935619134799 -0.003489226916625482 0.001885812185773865 0.0034907708642789997 0.9999922308528897 0.07747796724819977 -0.0295975711140386 -0.702591601139062
FixedParameters: 0 0 0
#Transform 60
Transform: MatrixOffsetTransformBase_double_3_3
Parameters: 0.9999970535612243 0.0004617337911481864 -0.0021759214315678296 -0.0004685666740322816 0.9999948923544335 -0.003168210743837538 0.0021738147208014104 0.0031687858397274477 0.9999920823580469 0.06791553652803373 -0.024118948786522765 -0.6665085853560768
FixedParameters: 0 0 0
#Transform 61
Transform: MatrixOffsetTransformBase_double_3_3
Parameters: 0.9999983671891535 0.00045265131083848515 -0.0018518989492788884 -0.0004596056637128817 0.9999928287374059 -0.0037563800484839704 0.001849312994675238 0.0037566200916073073 0.9999913157416803 0.08208836608987724 -0.002449502176517626 -0.7525936596622316
FixedParameters: 0 0 0
#Transform 62
Transform: MatrixOffsetTransformBase_double_3_3
Parameters: 0.9999974713607138 0.00006705265484490287 -0.002126741553234258 -0.00007500801114913709 0.9999942227917075 -0.003270220241180427 0.002126997765907406 0.0032707779260829073 0.9999928561534887 0.08499565902404527 -0.0476402142153205 -0.698864472873808
FixedParameters: 0 0 0
#Transform 63
Transform: MatrixOffsetTransformBase_double_3_3
Parameters: 0.9999964050281268 0.0004545387350142214 -0.002527314188421749 -0.00046518635511279765 0.9999914454544702 -0.004047192700913735 0.0025257852468966893 0.004048800853956286 0.9999881868037156 0.0941912082145393 -0.008825171187808678 -0.7417526250353959
FixedParameters: 0 0 0
#Transform 64
Transform: MatrixOffsetTransformBase_double_3_3
Parameters: 0.9999972817046588 -0.00030562804783143007 -0.0021507495307179895 0.0002999408158282086 0.9999961865002848 -0.002762904605641589 0.0021511577288625214 0.0027620961241287545 0.9999938323426222 0.060743024621942254 -0.04697513180499868 -0.6272980357456177
FixedParameters: 0 0 0
#Transform 65
Transform: MatrixOffsetTransformBase_double_3_3
Parameters: 0.9999964648134978 0.00033527372112431106 -0.0027244954531542884 -0.0003461179241824342 0.9999924026296594 -0.0038125472615996997 0.0027230986622311794 0.0038134491183156316 0.9999889840991931 0.05216421573504704 -0.0065757030242536985 -0.7397769968112584
FixedParameters: 0 0 0
#Transform 66
Transform: MatrixOffsetTransformBase_double_3_3
Parameters: 0.9999961278056398 0.0004422440783042173 -0.0027703634884039307 -0.0004537415704665009 0.9999920652632224 -0.0038452323696850366 0.0027691116376367684 0.0038467599019248594 0.9999884789728337 0.05545034397104587 -0.0020963295468732213 -0.7516050481365539
FixedParameters: 0 0 0
#Transform 67
Transform: MatrixOffsetTransformBase_double_3_3
Parameters: 0.999997660188602 -0.00006744840016423287 -0.0023098698398677973 0.00006046710081902725 0.9999959308221278 -0.0028265204117160353 0.002309959459616877 0.0028264804767961504 0.999993751106293 0.07574869595080713 -0.16983404072755093 -0.6968885370746065
FixedParameters: 0 0 0
#Transform 68
Transform: MatrixOffsetTransformBase_double_3_3
Parameters: 0.9999971894283334 0.00023703005052426416 -0.002398756815917857 -0.00024374739597851207 0.9999958686932489 -0.002848781320346147 0.00239822803663894 0.0028492188693372555 0.9999930870760241 0.10738283448297636 -0.01895892938398447 -0.6878976400970984
FixedParameters: 0 0 0
#Transform 69
Transform: MatrixOffsetTransformBase_double_3_3
Parameters: 0.9999973833020904 0.0003493162460735878 -0.002119738415704738 -0.00035704245449403487 0.9999934498555065 -0.0036674910297096047 0.0021191013358004083 0.0036685110455539766 0.999991024869405 0.06211879216898808 -0.03817180939601883 -0.7583441619687861
FixedParameters: 0 0 0
#Transform 70
Transform: MatrixOffsetTransformBase_double_3_3
Parameters: 0.9999947153392583 0.000279311447721318 -0.0031949950263139536 -0.00029927870439496547 0.999981689260677 -0.006096690050267334 0.0031927568591755 0.0060983165047173715 0.9999766661442026 0.0467041311075036 0.02804879140187211 -0.8566933617738854
FixedParameters: 0 0 0
#Transform 71
Transform: MatrixOffsetTransformBase_double_3_3
Parameters: 0.999996056550992 0.0002459335696741988 -0.0028075004865423707 -0.00025420572991571383 0.9999943685728355 -0.0032407891325906962 0.0028070806465987095 0.003242210182773597 0.9999906732393363 0.06501372143844719 -0.15034591507144057 -0.7475487600993844
FixedParameters: 0 0 0
#Transform 72
Transform: MatrixOffsetTransformBase_double_3_3
Parameters: 0.9999970300479246 0.0006699257686626585 -0.0023498570080954396 -0.0006781279593658459 0.999994069877379 -0.0034107613266593784 0.0023472119523119572 0.0034122405636693304 0.9999916833972166 0.07819444410867504 -0.05148349195859225 -0.701686173344001
FixedParameters: 0 0 0
#Transform 73
Transform: MatrixOffsetTransformBase_double_3_3
Parameters: 0.9999960671787252 -0.000047072370500794594 -0.002632483654893017 0.000037980219076769 0.9999940438227718 -0.003446482970675624 0.0026328652675800947 0.003446514593460487 0.9999902665280259 0.10511190759011413 -0.04870168546874254 -0.6917658437230614
FixedParameters: 0 0 0
#Transform 74
Transform: MatrixOffsetTransformBase_double_3_3
Parameters: 0.9999954297532478 0.0006192057215851595 -0.0028611842382709513 -0.0006280820249992458 0.9999952244759377 -0.003091679288443658 0.0028594009735496027 0.003093321649721703 0.9999910780751683 0.11546084624916375 -0.014327121749303728 -0.6744049778386199
FixedParameters: 0 0 0
#Transform 75
Transform: MatrixOffsetTransformBase_double_3_3
Parameters: 0.9999956870856037 0.0005190704306638937 -0.003007047006146177 -0.0005308492748206456 0.9999925310147106 -0.003919884489582026 0.0030053651772714808 0.003921115518456045 0.9999874152408781 0.11751537965993464 -0.030789368928836325 -0.8154503196425509
FixedParameters: 0 0 0
#Transform 76
Transform: MatrixOffsetTransformBase_double_3_3
Parameters: 0.9999947112910466 0.0005816738174779373 -0.0033091668184360035 -0.000600580543102682 0.9999834629273615 -0.005690745646613593 0.0033057133062253433 0.00569225359756842 0.9999784613159935 0.07393822898218616 0.007594482950125325 -0.8597805833873409
FixedParameters: 0 0 0
#Transform 77
Transform: MatrixOffsetTransformBase_double_3_3
Parameters: 0.9999956742943351 0.0000033493503981067273 -0.002885392799823925 -0.000013058297019744611 0.9999943661172457 -0.0032514649634324544 0.002885427927238551 0.0032515293128524414 0.9999901635915484 0.09097187992016131 -0.18228190432226654 -0.8013419666619015
FixedParameters: 0 0 0
#Transform 78
Transform: MatrixOffsetTransformBase_double_3_3
Parameters: 0.9999970548405354 0.00042236448070636116 -0.002601492998719074 -0.000431659499754594 0.9999935903187033 -0.0035043671237464102 0.0025995808593827358 0.0035056339292682953 0.9999908943499588 0.11756768070979717 -0.045061067436122926 -0.75031732306838
FixedParameters: 0 0 0
#Transform 79
Transform: MatrixOffsetTransformBase_double_3_3
Parameters: 0.9999969614986028 0.0003063100824562746 -0.002635260873334855 -0.00031624496954602374 0.9999931372335008 -0.003580655049187975 0.002634112726689272 0.003581341167306046 0.9999901770292421 0.12736718656842072 -0.03059759261275019 -0.7612106996396903
FixedParameters: 0 0 0
#Transform 80
Transform: MatrixOffsetTransformBase_double_3_3
Parameters: 0.9999971240949845 0.00044841108936756273 -0.0023819904336862944 -0.00045732557697935174 0.9999931004122439 -0.0037222657177539975 0.002380692807242419 0.003722735865219748 0.9999903095278313 0.1294503873238142 -0.02946212025766215 -0.7354921788082507
FixedParameters: 0 0 0
#Transform 81
Transform: MatrixOffsetTransformBase_double_3_3
Parameters: 0.9999967147987059 0.0002854199141617021 -0.0024907053955869635 -0.0002960988773276534 0.9999901635183289 -0.00433675340329534 0.0024895048404035684 0.004337247328658644 0.999987931903538 0.11002468107189145 -0.0044208614735339324 -0.8169155445133427
FixedParameters: 0 0 0
#Transform 82
Transform: MatrixOffsetTransformBase_double_3_3
Parameters: 0.9999960211193138 0.00047830193582706047 -0.002597874618563244 -0.00048577042371075713 0.9999951050867972 -0.003134091343036924 0.0025969267139704733 0.0031349087046156354 0.9999912657693903 0.11979955752957494 -0.20705558630574217 -0.7866333030848125
FixedParameters: 0 0 0
#Transform 83
Transform: MatrixOffsetTransformBase_double_3_3
Parameters: 0.9999976616596907 -0.00005931939184190295 -0.0023094985052439657 0.0000504841799902021 0.9999912132888332 -0.004087498191929051 0.0023101559465839834 0.004087500103339373 0.9999890328812435 0.11086714731406744 -0.049093586406357304 -0.8702052990425315
FixedParameters: 0 0 0
#Transform 84
Transform: MatrixOffsetTransformBase_double_3_3
Parameters: 0.9999976728744412 0.00007618079128432302 -0.0023069956774044715 -0.00008220187873138514 0.9999958663344398 -0.0028371909567650455 0.002306394464408971 0.0028378118399283725 0.9999937036658532 0.11727092396530736 -0.17146075397840832 -0.8244706112413667
FixedParameters: 0 0 0
#Transform 85
Transform: MatrixOffsetTransformBase_double_3_3
Parameters: 0.9999974165013255 0.00006984884912415287 -0.002362138512189423 -0.00007668889779899205 0.999996426729922 -0.0027340787106059916 0.0023614658653620035 0.0027349188807289093 0.999993034749057 0.11548547564893852 -0.20105975332666048 -0.7860815119065734
FixedParameters: 0 0 0
#Transform 86
Transform: MatrixOffsetTransformBase_double_3_3
Parameters: 0.9999951652762601 0.000039189862578118166 -0.0029723264017457673 -0.000053561151554359914 0.9999889297249401 -0.004796356244164232 0.002971577914705271 0.00479664891200543 0.9999842223358546 0.10064163449354169 -0.046360226269868576 -0.9099456779536368
FixedParameters: 0 0 0
#Transform 87
Transform: MatrixOffsetTransformBase_double_3_3
Parameters: 0.9999883198584719 -0.00006064879462829573 -0.004762064610366493 0.000008634626802589743 0.9999381873573003 -0.011073641549741609 0.004762249795725279 0.011073362625209526 0.9999278787415897 0.040766318193433904 -0.09499684616565673 -1.2395337394798887
FixedParameters: 0 0 0
#Transform 88
Transform: MatrixOffsetTransformBase_double_3_3
Parameters: 0.9999953884557148 0.00017685020539792224 -0.0030952406272118063 -0.00019240563393113424 0.9999875298462085 -0.00493803798948822 0.0030942263355974112 0.004938959226292228 0.9999830806442317 0.06929458670576594 -0.29067069110226385 -0.917582372543535
FixedParameters: 0 0 0
#Transform 89
Transform: MatrixOffsetTransformBase_double_3_3
Parameters: 0.9999968117671202 0.000007847929634491573 -0.0024871397027378776 -0.000016027942901818148 0.9999944230246642 -0.0032403404642372957 0.0024880234331248557 0.003240655394622788 0.999991386987961 0.10595729508651175 -0.3012948873953434 -0.8302656476596582
FixedParameters: 0 0 0
#Transform 90
Transform: MatrixOffsetTransformBase_double_3_3
Parameters: 0.9999971307229137 0.0005318327327764864 -0.0021415311669804723 -0.0005392711443561247 0.9999947557241436 -0.0033320788758682274 0.0021397954150638395 0.0033329235625607218 0.9999921637894994 0.11979434894385577 -0.19134313434277317 -0.841210236980622
FixedParameters: 0 0 0
#Transform 91
Transform: MatrixOffsetTransformBase_double_3_3
Parameters: 0.9999964838003198 0.00007812940874297395 -0.002740412950278693 -0.00008950104393507575 0.9999906941665596 -0.004270262293769797 0.0027401459664171614 0.00427073865972169 0.9999873150543926 0.08198080277256281 -0.034439292304980995 -0.9141201727087278
FixedParameters: 0 0 0
#Transform 92
Transform: MatrixOffsetTransformBase_double_3_3
Parameters: 0.9999981085528968 0.0008070548834035014 -0.0017999633548784898 -0.0008128630548808029 0.9999942296626378 -0.0032027665386092363 0.001797480264197141 0.00320423213539435 0.9999933539974849 0.0944841010381765 -0.16016363090530206 -0.8227993508712146
FixedParameters: 0 0 0
#Transform 93
Transform: MatrixOffsetTransformBase_double_3_3
Parameters: 0.9999959146515458 0.00015131402440068953 -0.0030101811381002203 -0.00015820207828196552 0.9999973771199786 -0.0021331440363626386 0.003010241607106295 0.0021338542187929327 0.9999934338597436 0.09319698446805091 -0.16240339086463962 -0.812650474289363
FixedParameters: 0 0 0
#Transform 94
Transform: MatrixOffsetTransformBase_double_3_3
Parameters: 0.9999974624835073 0.0003757221725312988 -0.0020964460559834 -0.00038241734586052 0.999994478075602 -0.003225441950087865 0.002095834006395617 0.003226554061173892 0.9999921701912312 0.11158142054324571 -0.027277587019156613 -0.8449014957722554
FixedParameters: 0 0 0
#Transform 95
Transform: MatrixOffsetTransformBase_double_3_3
Parameters: 0.9999944868036039 0.00018992088981961602 -0.0033878808899483947 -0.00020383154442273107 0.9999922391646716 -0.003976049657089781 0.003386884347399093 0.003975952259338167 0.9999866302636845 0.08954673043677985 -0.020616542666317628 -0.8939066345872462
FixedParameters: 0 0 0
#Transform 96
Transform: MatrixOffsetTransformBase_double_3_3
Parameters: 0.9999965263196013 -0.00008036787300505494 -0.0025431144387908517 0.00007369051735810461 0.9999966305360575 -0.002507566435844724 0.0025432288074704575 0.0025074301764664852 0.9999933206395061 0.11331723956774908 -0.18763906286140752 -0.8260279801684476
FixedParameters: 0 0 0
#Transform 97
Transform: MatrixOffsetTransformBase_double_3_3
Parameters: 0.9999918979350373 0.00019218215198885677 -0.004008289096894711 -0.00021567363773817357 0.9999827477288274 -0.005933156250333249 0.00400676682147214 0.0059338536444031725 0.9999747364000648 0.07765606307749806 -0.026702286615090998 -0.9170133039861099
FixedParameters: 0 0 0
#Transform 98
Transform: MatrixOffsetTransformBase_double_3_3
Parameters: 0.9999954768000434 0.00018267390400607072 -0.0030807858870236047 -0.00019314463844835727 0.9999948718219629 -0.003169031426601729 0.003079683196350991 0.003169967518664024 0.9999905134227238 0.08455776932358106 -0.1911926874570753 -0.8343387310910941
FixedParameters: 0 0 0
#Transform 99
Transform: MatrixOffsetTransformBase_double_3_3
Parameters: 0.9999973997489684 -0.00012292400743929024 -0.002363679286658629 0.00011593038285451305 0.9999958923126644 -0.003000535978125163 0.002363251413454316 0.003000465528575233 0.9999925013657315 0.11008757455711304 -0.24195756571573668 -0.7865974602761625
FixedParameters: 0 0 0
#Transform 100
Transform: MatrixOffsetTransformBase_double_3_3
Parameters: 0.9999961296622067 -0.00010784111690820064 -0.002803387048971793 0.00009601556488785346 0.9999906395230919 -0.004276776537546947 0.0028037149789464986 0.004276222019332157 0.9999869130016588 0.06618468201969563 -0.0373147744742397 -0.870660178898433
FixedParameters: 0 0 0
#Transform 101
Transform: MatrixOffsetTransformBase_double_3_3
Parameters: 0.9999957644006163 -0.00004046550688060932 -0.0030386427968077338 0.00003090775846716353 0.9999955582543391 -0.00306259956693003 0.0030389498571020837 0.0030623996819782173 0.9999904482487652 0.07716192381023745 -0.158692560474762 -0.8147175477558974
FixedParameters: 0 0 0
#Transform 102
Transform: MatrixOffsetTransformBase_double_3_3
Parameters: 0.999997599854055 -0.00022570059011916855 -0.0023127844121367852 0.0002207619597639824 0.99999718047562 -0.0021668878033103828 0.002313359606456499 0.0021661106379232686 0.9999950319137707 0.09597811195882855 -0.11662159668040317 -0.7679246270969813
FixedParameters: 0 0 0
#Transform 103
Transform: MatrixOffsetTransformBase_double_3_3
Parameters: 0.9999962393160401 0.0000864563644623396 -0.0027841044711492263 -0.00009385604988610351 0.9999964595550519 -0.0027552279098548293 0.002784568811155058 0.002754775827592898 0.9999925996428082 0.08758340578268076 0.002478287278037783 -0.7913163704184001
FixedParameters: 0 0 0
#Transform 104
Transform: MatrixOffsetTransformBase_double_3_3
Parameters: 0.9999981969389838 -0.00003701153398254331 -0.0019500110658177187 0.000033003108134911 0.9999977137114124 -0.0020773063904058198 0.001949644278703835 0.0020766928105902527 0.9999958553538858 0.10117191596381758 -0.15417273352269945 -0.768484895497231
FixedParameters: 0 0 0
#Transform 105
Transform: MatrixOffsetTransformBase_double_3_3
Parameters: 0.9999965761894684 0.0002631693064933124 -0.0027118377350136267 -0.00027220659827793185 0.9999951828809848 -0.003130752023544875 0.0027111225640287654 0.003131249560909044 0.9999917868971734 0.07503427560945397 -0.003949723622056922 -0.8232551372262407
FixedParameters: 0 0 0
#Transform 106
Transform: MatrixOffsetTransformBase_double_3_3
Parameters: 0.9999976506066066 -0.0002526698977558317 -0.0022990645073942026 0.0002485090178893807 0.9999986265733907 -0.0017948292918493897 0.0022994516679351387 0.0017941710207584616 0.999995583558353 0.10456114831096386 -0.15621820504667028 -0.7910822572441347
FixedParameters: 0 0 0
#Transform 107
Transform: MatrixOffsetTransformBase_double_3_3
Parameters: 0.9999972168785102 -0.00004945443948046845 -0.0024042411588442985 0.00004149621209662246 0.9999948086046451 -0.0033313623945447624 0.0024045125011843515 0.003331637788295941 0.999991210395383 0.09610927779823442 -0.020404081919323858 -0.8462680912457827
FixedParameters: 0 0 0
#Transform 108
Transform: MatrixOffsetTransformBase_double_3_3
Parameters: 0.9999972364823608 0.00009343109482328079 -0.00239871125620867 -0.00009933386400050041 0.9999978893475627 -0.002265006758117527 0.002398875330301427 0.0022649920981763355 0.9999940866598938 0.10804947885806371 -0.19995677633649223 -0.779545134382353
FixedParameters: 0 0 0
#Transform 109
Transform: MatrixOffsetTransformBase_double_3_3
Parameters: 0.999997346939495 0.00027595777853917433 -0.0021393970433022645 -0.00028202229699947215 0.9999960549180102 -0.0028096410839428265 0.0021385499358240493 0.002810357531643423 0.9999934997758023 0.08670437316258983 -0.023974108474533296 -0.8264277986086839
FixedParameters: 0 0 0
#Transform 110
Transform: MatrixOffsetTransformBase_double_3_3
Parameters: 0.9999967148577128 0.00014101255833710725 -0.002502889429874121 -0.00014544725446475026 0.9999983785075932 -0.001877014715563216 0.0025029522854332358 0.0018779872423080879 0.9999952863168768 0.10754806977143971 -0.1686231328814074 -0.7853557290956772
FixedParameters: 0 0 0
#Transform 111
Transform: MatrixOffsetTransformBase_double_3_3
Parameters: 0.9999966942675366 -0.00016885765784964706 -0.0025053706953138436 0.00016351623243121896 0.9999977048409704 -0.0022787905780752155 0.002505856079177225 0.002278213312692859 0.9999946062635614 0.09209197468157981 -0.11416692445598642 -0.7801642155444739
FixedParameters: 0 0 0
#Transform 112
Transform: MatrixOffsetTransformBase_double_3_3
Parameters: 0.9999961442529718 0.0000901211299108789 -0.002616456298604755 -0.00009795493327783826 0.9999958279493807 -0.0030141277289538054 0.0026168504387179647 0.0030148753997336075 0.9999921418013169 0.10191574041515139 -0.16086304387829387 -0.8057642106652096
FixedParameters: 0 0 0
#Transform 113
Transform: MatrixOffsetTransformBase_double_3_3
Parameters: 0.9999958186082015 -0.00014074107782702792 -0.0028572466579471108 0.00013175963986853355 0.9999957917171293 -0.002829893694153124 0.0028568732787892237 0.0028301032856307695 0.9999920090350041 0.10072771948949821 -0.09686559329036015 -0.814418616451988
FixedParameters: 0 0 0
#Transform 114
Transform: MatrixOffsetTransformBase_double_3_3
