#Insight Transform File V1.0
#Transform 0
Transform: MatrixOffsetTransformBase_double_3_3
Parameters: 0.9999992808965621 0.0008418830359287055 0.00010166550375137755 -0.0008418320975378486 0.9999992287762998 -0.00025008556948317995 -0.00010208643588930264 0.0002499140397122651 0.9999999271203601 0.020398963571736317 -0.07384283560779181 -0.5191871919373128
FixedParameters: 0 0 0
#Transform 1
Transform: MatrixOffsetTransformBase_double_3_3
Parameters: 0.9999994905802047 0.0012282430262710523 0.00003276686055675729 -0.0012281523177610813 0.9999965721733439 0.002430081682909896 -0.000028783326303316936 -0.002429918749441193 0.9999971085839612 0.02111181873624446 -0.1099823038536698 -0.43097055655562855
FixedParameters: 0 0 0
#Transform 2
Transform: MatrixOffsetTransformBase_double_3_3
Parameters: 0.999999206847373 0.0007841949182848876 -0.0004221264084383234 -0.0007845192989409061 0.999999356211697 -0.00038465434327872305 0.0004215232354169692 0.0003843449330970389 0.9999995549555807 0.019200544677559606 0.033289680196602944 -0.515995083404718
FixedParameters: 0 0 0
#Transform 3
Transform: MatrixOffsetTransformBase_double_3_3
Parameters: 0.9999995290121112 0.0011055320160647376 -0.0004979423765262851 -0.00110695957004187 0.9999975899432308 -0.0020713165648008625 0.0004964576015193591 0.0020716840197963354 0.9999973568310135 0.01064511209109753 0.09777043194904422 -0.5778780677233186
FixedParameters: 0 0 0
#Transform 4
Transform: MatrixOffsetTransformBase_double_3_3
Parameters: 0.9999990576970768 0.0009381048250065298 -0.0002498866129607741 -0.0009383345007570967 0.9999973522012171 -0.0019717513110092955 0.00024829285609784724 0.001971247582769911 0.9999979318642839 -0.0006319657543798485 0.022934526767727448 -0.5753073818884573
FixedParameters: 0 0 0
#Transform 5
Transform: MatrixOffsetTransformBase_double_3_3
Parameters: 0.9999987339368993 0.0014781221757494544 -0.00028327006204788415 -0.001478517463297208 0.9999982129585256 0.0008405527656960288 0.00028464221943245516 -0.0008404458115289087 0.9999991080984157 0.033965275504414194 -0.18222887211740613 -0.49356913907799793
FixedParameters: 0 0 0
#Transform 6
Transform: MatrixOffsetTransformBase_double_3_3
Parameters: 0.9999993505984123 0.001248313578373421 0.00030346285667964704 -0.0012481679820237613 0.9999970844152098 0.0017996081637820932 -0.0003008358142099142 -0.001799391342731993 0.9999987897762967 0.022257067162442468 -0.13574752641423515 -0.4604446246349241
FixedParameters: 0 0 0
#Transform 7
Transform: MatrixOffsetTransformBase_double_3_3
Parameters: 0.9999991219500418 0.0009229631872046594 -0.00016183075067546036 -0.0009231575214097596 0.999999889789525 -0.0006027172884425502 0.00016071845971764496 0.0006022824210859257 0.999999506148281 0.004116935047434822 0.045430310938343155 -0.530025865294526
FixedParameters: 0 0 0
#Transform 8
Transform: MatrixOffsetTransformBase_double_3_3
Parameters: 0.9999990890828868 0.0009281092637772481 -0.00022180752874351146 -0.0009285768305949628 0.9999995090927702 -0.0007836750690605743 0.0002213446398374506 0.0007843250018412656 0.9999993506776456 0.017612274008484974 0.027545097043244482 -0.526388892098403
FixedParameters: 0 0 0
#Transform 9
Transform: MatrixOffsetTransformBase_double_3_3
Parameters: 0.9999991208773363 0.0008369183156305206 0.00042338236847594125 -0.0008365454016686805 0.9999994014262527 0.0008747508600279452 -0.00042279154751323093 -0.0008742492148364062 0.9999991899501951 0.017718692433817296 0.043118892331051484 -0.4299075416136091
FixedParameters: 0 0 0
#Transform 10
Transform: MatrixOffsetTransformBase_double_3_3
Parameters: 0.9999993162946632 0.0008124569572740451 0.00015386484152754692 -0.0008122572603034831 0.99999926470943 -0.0010371259357766088 -0.00015455691749165823 0.0010368753888991 0.9999999008450258 0.002770642120125899 0.09911327908501733 -0.5286492923494563
FixedParameters: 0 0 0
#Transform 11
Transform: MatrixOffsetTransformBase_double_3_3
Parameters: 0.9999998709964149 0.0010628474836645585 -0.000004758467110695336 -0.0010622337049515998 0.9999943977986645 -0.0032338774258053454 9.843400583950607e-7 0.0032341220663713866 0.9999945556267179 -0.011955388548230417 0.16988609612138816 -0.5944233838744282
FixedParameters: 0 0 0
#Transform 12
Transform: MatrixOffsetTransformBase_double_3_3
Parameters: 0.9999990738131472 0.0009622521404728036 -0.00000442567444518133 -0.0009625066555124364 0.9999976912934038 -0.00208987779211392 0.0000023884335484911665 0.002090122887741047 0.9999976463067175 -0.009001450401569855 0.022843511547591788 -0.5781697837067341
FixedParameters: 0 0 0
#Transform 13
Transform: MatrixOffsetTransformBase_double_3_3
Parameters: 0.9999986872659392 0.0015206040594753756 0.00003091739418003509 -0.0015203606351354897 0.9999967096018301 0.0019910743218237437 -0.000027841101270520605 -0.001990925132878532 0.9999980494907722 0.015401214525510909 -0.17035672561360116 -0.49189319125127895
FixedParameters: 0 0 0
#Transform 14
Transform: MatrixOffsetTransformBase_double_3_3
Parameters: 0.9999992842274112 0.0011887370105018859 0.0005501967577560974 -0.0011894993393395902 0.9999977447329575 0.0019254528622829337 -0.0005484755987016794 -0.0019255496494832575 0.9999981243793081 0.014619287335690956 -0.11875784162188552 -0.4767982798282304
FixedParameters: 0 0 0
#Transform 15
Transform: MatrixOffsetTransformBase_double_3_3
Parameters: 0.9999997450022066 0.000960401064122892 -0.0005769097927465565 -0.0009609754298195473 0.9999986200683447 -0.0012554317018515226 0.0005756103944305151 0.0012555677828062495 0.9999989723717486 0.019332620768452102 -0.02369450443183041 -0.5609174836699822
FixedParameters: 0 0 0
#Transform 16
Transform: MatrixOffsetTransformBase_double_3_3
Parameters: 0.9999998142768722 0.0010574149147212187 0.00025999536057665253 -0.0010574523431094395 0.999999862217747 0.00007184440566118666 -0.000259843094475344 -0.00007215556684878055 0.9999999416911394 0.028532781567960797 0.014552783367278721 -0.43392057001582174
FixedParameters: 0 0 0
#Transform 17
Transform: MatrixOffsetTransformBase_double_3_3
Parameters: 0.9999997958223916 0.0010568353447318933 -0.0002947170197274113 -0.0010572733997648545 0.9999996964124164 -0.0005395550860898962 0.0002945692115630807 0.0005394453935497062 0.9999995172891765 0.02015377022483733 0.03536695386421229 -0.5199843278981717
FixedParameters: 0 0 0
#Transform 18
Transform: MatrixOffsetTransformBase_double_3_3
Parameters: 0.9999992196073972 0.0008746461793022044 -0.00012220787782973863 -0.0008752858443456498 0.999998530405248 -0.0016397742738096105 0.00012132349819890847 0.0016402258926081215 0.999998309997298 0.004091834676501094 0.07732348693231472 -0.5851281550786922
FixedParameters: 0 0 0
#Transform 19
Transform: MatrixOffsetTransformBase_double_3_3
Parameters: 1.0000000124816038 0.0009658084936894566 -0.00023320810137584952 -0.0009662030301575947 0.9999998253375689 -0.0005886413583911787 0.0002330638665900336 0.0005883591796683046 0.9999994944791689 0.01658066026840288 -0.0015293982283850482 -0.5179193042674939
FixedParameters: 0 0 0
#Transform 20
Transform: MatrixOffsetTransformBase_double_3_3
Parameters: 0.9999989963883182 0.0009708960562278127 -0.00024735455788485255 -0.0009713042629314752 0.999996496798574 -0.0023577607780936177 0.00024488048800464093 0.0023582387930924514 0.9999973792443836 0.01760541073623756 0.07561135406906772 -0.5611459628147202
FixedParameters: 0 0 0
#Transform 21
Transform: MatrixOffsetTransformBase_double_3_3
Parameters: 0.9999993520469388 0.0012838971596318815 0.000017144923962633506 -0.001283292391112613 0.999996089161689 -0.0025238898948877486 -0.000019532075349356666 0.0025231102192716515 0.9999965267552864 0.0027796120700429583 0.0809184913011336 -0.6175933211274938
FixedParameters: 0 0 0
#Transform 22
Transform: MatrixOffsetTransformBase_double_3_3
Parameters: 0.9999995014611955 0.0006628750904966568 0.00024384740468792523 -0.0006620099083938679 0.9999974445237867 -0.0022621634254611916 -0.00024485878669413283 0.0022618396894114046 0.9999978236281674 0.006596589690289534 -0.0040264377069405555 -0.5819311339743223
FixedParameters: 0 0 0
#Transform 23
Transform: MatrixOffsetTransformBase_double_3_3
Parameters: 0.9999989198500088 0.0014280335016713783 0.000202022625780796 -0.0014283508976955992 0.999998022055699 0.0013868321987691307 -0.00020004633690596355 -0.0013871679003582965 0.9999990502523217 0.01781370778769542 -0.15516735609702437 -0.4605547988668235
FixedParameters: 0 0 0
#Transform 24
Transform: MatrixOffsetTransformBase_double_3_3
Parameters: 0.999998585899102 0.0012414591472434348 0.0009341677067211988 -0.001243356392364018 0.9999975231373119 0.0016768260505869298 -0.000931864805581191 -0.0016781732971048458 0.9999984347431684 0.03367644144913129 -0.07735577340557143 -0.43465262512815883
FixedParameters: 0 0 0
#Transform 25
Transform: MatrixOffsetTransformBase_double_3_3
Parameters: 0.9999994310446851 0.0007498845403014219 -0.0000803670545110079 -0.0007501948489171727 0.9999990237225189 -0.0011889404049702096 0.00007957621327563332 0.0011890603712211567 0.9999995798778467 0.006660277738049558 0.04049109267897677 -0.578851340217426
FixedParameters: 0 0 0
#Transform 26
Transform: MatrixOffsetTransformBase_double_3_3
Parameters: 0.9999993195819116 0.0008240178882335821 -0.00003576322051554157 -0.0008242660123619575 0.9999979278278817 -0.0018419716379756146 0.00003371983099272325 0.001842028905667259 0.9999986058180961 0.0071905505370182254 0.07379438182034903 -0.6470759229382779
FixedParameters: 0 0 0
#Transform 27
Transform: MatrixOffsetTransformBase_double_3_3
Parameters: 0.9999993828651996 0.0006602566852020297 0.00042524454712032156 -0.0006599752192300427 0.9999988700489301 -0.0016371619069188853 -0.0004265331510295485 0.0016368381710133995 0.9999981532739867 -0.0030695254506412084 0.015240369803990461 -0.5599420532933408
FixedParameters: 0 0 0
#Transform 28
Transform: MatrixOffsetTransformBase_double_3_3
Parameters: 0.9999991045478022 0.0009072545155495825 0.00026896215119428884 -0.0009072658113381951 0.9999991764371777 0.000020755979587949724 -0.00026892405003386564 -0.00002124398278792461 0.9999999272286257 0.010731666523369654 0.023009682125675113 -0.538274372963258
FixedParameters: 0 0 0
#Transform 29
Transform: MatrixOffsetTransformBase_double_3_3
Parameters: 1.0000000093721024 0.0009850533248013152 0.0001427301327478937 -0.0009846489805923426 0.9999959506698797 -0.0026580210971150764 -0.0001449873401300142 0.002657976276294813 0.999995928752778 0.006494152637969819 0.09843224301546627 -0.6349842033668409
FixedParameters: 0 0 0
#Transform 30
Transform: MatrixOffsetTransformBase_double_3_3
Parameters: 0.9999991211376561 0.0008907743903769147 -0.00029297858442116505 -0.0008911864370079048 0.9999973529416469 -0.002202741425499477 0.0002901658063226097 0.002203261000953985 0.9999980617589079 0.005091107269905137 0.033436956384548466 -0.627558306782035
FixedParameters: 0 0 0
#Transform 31
Transform: MatrixOffsetTransformBase_double_3_3
Parameters: 0.9999997564590749 0.0011110012206046304 -0.00009362200243572509 -0.00111148318530917 0.999998082935326 -0.001296896351634172 0.00009272494925002422 0.0012971034309634533 0.9999993091036665 0.015170207269378011 -0.1351936456516114 -0.5403137433579559
FixedParameters: 0 0 0
#Transform 32
Transform: MatrixOffsetTransformBase_double_3_3
Parameters: 0.9999992517185772 0.0008578545378535193 0.00011124108216089586 -0.0008578138645138817 0.9999997284060865 -0.0007219765023652736 -0.00011148704157388115 0.0007220239733828626 0.9999994807438778 0.009529298767873229 -0.0037790613117323346 -0.5323404782034515
FixedParameters: 0 0 0
#Transform 33
Transform: MatrixOffsetTransformBase_double_3_3
Parameters: 1.000000003310835 0.0009766526175214165 0.00020520170277997654 -0.000976919593947474 0.9999961184559697 -0.0026322032860427724 -0.00020748538277108282 0.0026318001843411293 0.9999970299703214 0.010492340112378429 0.05923249834076216 -0.6103910874939729
FixedParameters: 0 0 0
#Transform 34
Transform: MatrixOffsetTransformBase_double_3_3
Parameters: 0.9999999312327267 0.0002321064972921764 0.00012242370490432068 -0.00023187991531380684 0.9999989354596595 -0.001418028371044433 -0.00012208888104429965 0.0014179716485152871 0.9999989743229493 -0.024965944951958363 -0.007654142912414841 -0.582464501302546
FixedParameters: 0 0 0
#Transform 35
Transform: MatrixOffsetTransformBase_double_3_3
Parameters: 0.9999991952903011 0.0008892238869051074 0.00011819693294504643 -0.0008893804649807633 0.9999983521034876 0.0016860144084067247 -0.00011718372163499446 -0.001685985202869389 0.999998157990332 0.01469815158176857 -0.09242153422619026 -0.45242592617977806
FixedParameters: 0 0 0
#Transform 36
Transform: MatrixOffsetTransformBase_double_3_3
Parameters: 0.9999991201340332 0.0013708927487515155 -0.00003015786462253858 -0.0013705424746304803 0.9999970686410384 0.001743160531425078 0.00003295067088355424 -0.0017428354967203713 0.9999979753949619 0.019204393934558084 -0.041933914953858675 -0.4850631156944516
FixedParameters: 0 0 0
#Transform 37
Transform: MatrixOffsetTransformBase_double_3_3
Parameters: 0.9999991213592418 0.0009200974169135331 -0.00017914915854505136 -0.0009208111051772431 0.9999927134814669 -0.003797717951286375 0.00017525576333951253 0.003798282707320813 0.9999925581569538 0.0035055599360305223 0.13693261618320207 -0.6651365673818859
FixedParameters: 0 0 0
#Transform 38
Transform: MatrixOffsetTransformBase_double_3_3
Parameters: 0.9999995884573091 0.0005731586492368204 -0.0002887800951485409 -0.0005741457804744461 0.9999881562886948 -0.0047578167444602 0.00028554754515062384 0.004757175085899512 0.9999881643348191 -0.04190022005467142 0.07967943743207684 -0.7956861696057658
FixedParameters: 0 0 0
#Transform 39
Transform: MatrixOffsetTransformBase_double_3_3
Parameters: 0.9999994657225489 0.0006769448241497122 -0.00027559865530774 -0.0006778487818700782 0.9999954448604997 -0.0030158159084397035 0.000273618235936339 0.0030161879530332253 0.9999958282947691 -0.015813184564805738 -0.15370773122337766 -0.7504644273712131
FixedParameters: 0 0 0
#Transform 40
Transform: MatrixOffsetTransformBase_double_3_3
Parameters: 0.9999991992045028 0.0011393667876369357 0.0007094279362054275 -0.0011398955920161806 0.9999982398452543 0.0011581776540814659 -0.0007076600338910169 -0.0011588214807808639 0.9999992751138778 0.01799952669250615 -0.2367553882353377 -0.49708191957930126
FixedParameters: 0 0 0
#Transform 41
Transform: MatrixOffsetTransformBase_double_3_3
Parameters: 0.9999994248900952 0.0007363755676300431 0.00018077856607651312 -0.0007370922503873988 0.999996376272835 0.002660869192542936 -0.00017884317703211126 -0.002661134143979879 0.9999968867394341 0.04405463643587382 -0.16016893564511747 -0.461629020366253
FixedParameters: 0 0 0
#Transform 42
Transform: MatrixOffsetTransformBase_double_3_3
Parameters: 0.9999990527006758 0.0008000512932049927 -0.0005542714398698476 -0.0008006189977690758 0.9999992160758899 -0.0005125416712462166 0.0005534510941486135 0.0005124570885494534 0.9999993113129511 0.02046233309246759 0.032018061032118794 -0.5570127533647167
FixedParameters: 0 0 0
#Transform 43
Transform: MatrixOffsetTransformBase_double_3_3
Parameters: 0.9999999654840153 0.00018420714773661985 -0.000024160096614584506 -0.00018423792147660768 0.9999995564647013 -0.000639995286041653 0.000023924291080256195 0.0006400041454900085 0.9999995898196781 -0.009386425776625629 0.026422004757023387 -0.5358310164028453
FixedParameters: 0 0 0
#Transform 44
Transform: MatrixOffsetTransformBase_double_3_3
Parameters: 0.999999055278447 0.0007135628510522905 -0.0006599615049085112 -0.0007133681282105899 0.9999995884766915 0.00014748522547247678 0.000660171974974796 -0.00014751448941602296 0.9999994232893317 0.027554137081068575 0.04201426790420726 -0.5123969753855135
FixedParameters: 0 0 0
#Transform 45
Transform: MatrixOffsetTransformBase_double_3_3
Parameters: 0.9999990258309284 0.0009799663077385509 0.00011761879286419686 -0.0009797348890670948 0.999997083774494 -0.0019891153207241136 -0.00011953113352698524 0.0019888829525602364 0.9999980298080963 0.011656695532280992 0.1071012616193201 -0.5659580189375362
FixedParameters: 0 0 0
#Transform 46
Transform: MatrixOffsetTransformBase_double_3_3
Parameters: 0.9999995815801994 0.0006455596917778704 -0.00004089389316165282 -0.0006455793268718862 0.9999995251597702 -0.00024097358551036785 0.000040582726198726396 0.0002410261848147105 0.9999999402584845 0.004142084123870404 0.058402841999537713 -0.5293795203687353
FixedParameters: 0 0 0
#Transform 47
Transform: MatrixOffsetTransformBase_double_3_3
Parameters: 0.9999993144546235 0.0007273125057582182 -0.0003950729278000102 -0.0007281218015781874 0.9999998140088806 -0.0008725788465518275 0.0003947958159116027 0.000872421048782393 0.9999989779332933 0.017348954702057995 0.03367565276393236 -0.5700901320415923
FixedParameters: 0 0 0
#Transform 48
Transform: MatrixOffsetTransformBase_double_3_3
Parameters: 0.9999995869342474 0.000568740794663081 -0.0002993322094420623 -0.0005692959707101167 0.9999997987477722 -0.000928710450906034 0.0002982749712876438 0.0009292890360909911 0.9999990621048088 0.027574057299602828 0.04974971775226322 -0.5505105884146104
FixedParameters: 0 0 0
#Transform 49
Transform: MatrixOffsetTransformBase_double_3_3
Parameters: 0.9999996358300594 0.001167846592403556 0.00002325019083241386 -0.0011676751161071126 0.9999982748690704 0.0015320931170378221 -0.000021657688437148867 -0.0015319070278594776 0.9999986669083755 0.03335960344105615 -0.07015153470011626 -0.4679143727951214
FixedParameters: 0 0 0
#Transform 50
Transform: MatrixOffsetTransformBase_double_3_3
Parameters: 0.9999991225874059 0.0008803399558488978 -0.00032066486779834915 -0.0008803126088307103 0.999998600575647 -0.0013207036188488952 0.000319452815118327 0.001320295999734003 0.9999990345695439 0.018712227957749406 0.023548296007462 -0.5532810340005483
FixedParameters: 0 0 0
#Transform 51
Transform: MatrixOffsetTransformBase_double_3_3
Parameters: 0.9999989820613084 0.0007030411260770102 -0.0007235196127115133 -0.0007039208749511165 0.9999991566524149 -0.0012114769100085993 0.000722927969176922 0.0012115233272086828 0.9999988899421624 0.015101884109768093 0.0033263924980957427 -0.5367829984057266
FixedParameters: 0 0 0
#Transform 52
Transform: MatrixOffsetTransformBase_double_3_3
Parameters: 0.9999995379030645 0.000670148115869105 0.00011415358987668163 -0.0006702070078979573 0.9999994785018751 -0.0002690764868504836 -0.00011352139122481918 0.0002689239046089753 0.9999999146790841 0.009129925446686116 -0.09843165530107001 -0.5471786561416963
FixedParameters: 0 0 0
#Transform 53
Transform: MatrixOffsetTransformBase_double_3_3
Parameters: 0.99999914112333 0.0007640901114867414 -0.000524524705901258 -0.0007640037271219463 0.9999999593188217 -0.0007494658891408074 0.0005244922903183019 0.0007495347883425402 0.9999990583035295 0.016217134454109328 0.03934681026224496 -0.5662978058099242
FixedParameters: 0 0 0
#Transform 54
Transform: MatrixOffsetTransformBase_double_3_3
Parameters: 0.999999525834324 0.0006809129150127838 -0.00010438071024565374 -0.0006801747209336501 0.9999969151998614 0.0023710718919686957 0.00010562233648217462 -0.002370928979674669 0.9999973673332434 0.03093602099359316 -0.08418326357030992 -0.439617695527879
FixedParameters: 0 0 0
#Transform 55
Transform: MatrixOffsetTransformBase_double_3_3
Parameters: 0.9999990885908315 0.000833066186683786 -0.00046627145517284503 -0.0008330382063008376 0.9999993051232894 0.000030388422235128054 0.00046632143552419034 -0.000029611523027384123 0.9999997816675436 0.007865509392814829 0.06284763595989773 -0.5574691576090487
FixedParameters: 0 0 0
#Transform 56
Transform: MatrixOffsetTransformBase_double_3_3
Parameters: 1.000000018272095 0.0005410075638242334 -0.0008303474484260546 -0.0005412581459673182 0.9999991606097759 -0.0007486701625770836 0.0008296569663066414 0.0007493299134134351 0.9999997356598926 0.006882618768088378 0.05837083874462223 -0.5695263544425018
FixedParameters: 0 0 0
#Transform 57
Transform: MatrixOffsetTransformBase_double_3_3
Parameters: 0.9999992429494212 0.0006007122212078094 -0.0011816069033031647 -0.000601836833315337 0.9999994263275261 -0.00047540849943313035 0.0011810344883192735 0.0004765905641557766 0.9999993634703213 0.0004339138408653298 -0.0017360284763014988 -0.5266024443281196
FixedParameters: 0 0 0
#Transform 58
Transform: MatrixOffsetTransformBase_double_3_3
Parameters: 0.999999662023116 0.0005768490384982407 -0.00007226311098151618 -0.0005768594375774737 0.9999996620553545 -0.0000719583138866775 0.00007218004180763794 0.00007204163669698171 0.9999999895997654 0.009012657097926535 0.04764370006100194 -0.5399749533517522
FixedParameters: 0 0 0
#Transform 59
Transform: MatrixOffsetTransformBase_double_3_3
Parameters: 0.9999991332576819 0.0007676557961800921 -0.0005266528763529163 -0.0007671136057222683 0.9999986101499312 0.00134240426876657 0.0005275996421418697 -0.001341595253106162 0.9999989211779238 0.01535183103571569 -0.08203500937212027 -0.504610134206132
FixedParameters: 0 0 0
#Transform 60
Transform: MatrixOffsetTransformBase_double_3_3
Parameters: 0.9999991963898145 0.0006422604630313699 -0.0006258388503619145 -0.0006423020617595056 0.9999999035480653 -0.0008265991096983172 0.0006248966510749113 0.0008274024359123805 0.9999999249823 0.007455941613955019 0.04812193021159317 -0.5721477884797821
FixedParameters: 0 0 0
#Transform 61
Transform: MatrixOffsetTransformBase_double_3_3
Parameters: 0.9999989549136414 0.00042517752096749164 -0.0009298499795165297 -0.000425351462644348 0.9999995590958045 -0.0006277097006019972 0.0009294364082894275 0.0006272907226495122 0.9999996083049266 -0.000517541238650665 0.017550594385525642 -0.5516206570571214
FixedParameters: 0 0 0
#Transform 62
Transform: MatrixOffsetTransformBase_double_3_3
Parameters: 0.9999994974208576 0.0006759576581342225 0.00021337997532024482 -0.0006768289510027448 0.9999970902476785 0.0023348568549974996 -0.00021121397175064406 -0.0023351440530271494 0.999997502704838 0.007582275677549433 -0.10009294895139931 -0.5067689125137562
FixedParameters: 0 0 0
#Transform 63
Transform: MatrixOffsetTransformBase_double_3_3
Parameters: 0.9999984833436337 0.00022547059459121995 -0.001570303074580958 -0.00022608890620952888 0.9999997002891874 -0.0005127646156903309 0.0015701915618082467 0.0005132351442138916 0.9999982567163076 0.0293951841317579 0.018336856207696428 -0.5594319729067152
FixedParameters: 0 0 0
#Transform 64
Transform: MatrixOffsetTransformBase_double_3_3
Parameters: 0.9999999377545911 0.0009623662382609158 -0.00036891319639536266 -0.0009622499806525818 0.9999991684231768 0.00015736941555648254 0.000369216319984197 -0.00015763024202471165 0.9999997197190913 0.022749004184291266 -0.08531626037209605 -0.5873996278018438
FixedParameters: 0 0 0
#Transform 65
Transform: MatrixOffsetTransformBase_double_3_3
Parameters: 0.9999999272270095 -0.00009779290485941732 -0.00025141526566418434 0.0000971824333496362 0.9999993986508904 -0.001213039504623356 0.0002516518688218224 0.001213961598798427 0.9999995834097323 -0.002612250796900639 0.026259724773765925 -0.5996335335374354
FixedParameters: 0 0 0
#Transform 66
Transform: MatrixOffsetTransformBase_double_3_3
Parameters: 1.0000001264826501 0.0008663537210228534 -0.0003507681346958039 -0.0008656513113887687 0.9999980720288845 0.002069438824400957 0.00035224686684042124 -0.0020695626164510955 0.9999974887794574 0.020704916321676592 -0.10591631112838229 -0.5024292085149753
FixedParameters: 0 0 0
#Transform 67
Transform: MatrixOffsetTransformBase_double_3_3
Parameters: 0.9999992475361548 0.0007657838543433123 -0.00040687000442130234 -0.0007669573092189663 0.9999987330638311 -0.0012956883618261 0.00040587632489375903 0.0012963112302186997 0.9999991552387409 0.014716501726837805 0.05534656149634998 -0.6008035977448287
FixedParameters: 0 0 0
#Transform 68
Transform: MatrixOffsetTransformBase_double_3_3
Parameters: 0.9999987564696391 0.0006489128058127033 -0.0013501564813068274 -0.0006498043133472725 0.9999991055644571 -0.000697242285471758 0.0013493701115604492 0.0006987567164256497 0.9999986764976245 0.004331832514665734 0.04486430033917088 -0.5403135412327984
FixedParameters: 0 0 0
#Transform 69
Transform: MatrixOffsetTransformBase_double_3_3
Parameters: 0.999999249776699 0.0007911821921054154 -0.0003527086493519627 -0.0007902244618081282 0.9999966448939789 0.0024182935145309753 0.00035442763315561977 -0.002418705517295311 0.9999969065813851 0.03750867420106374 -0.10899836617055314 -0.49155577779163195
FixedParameters: 0 0 0
#Transform 70
Transform: MatrixOffsetTransformBase_double_3_3
Parameters: 0.9999996675900755 0.0005760291885022709 -0.00002450534857252979 -0.0005760738652573882 0.9999997851112876 -0.0009318667379069195 0.00002343158629924326 0.0009321328873685558 0.9999991452309448 0.013011095483506097 0.04214115655781825 -0.588484836617198
FixedParameters: 0 0 0
#Transform 71
Transform: MatrixOffsetTransformBase_double_3_3
Parameters: 0.9999993816250922 0.0007831368279408702 -0.00006801760832345905 -0.0007836419052788961 0.9999981138078587 0.0018090546158372883 0.0000687462593130347 -0.0018089474800342814 0.9999987228451158 0.013395551367182179 -0.0549486359003879 -0.49619714781735524
FixedParameters: 0 0 0
#Transform 72
Transform: MatrixOffsetTransformBase_double_3_3
Parameters: 0.9999999558875514 0.0001962946035886448 -0.00007528921347644518 -0.0001956868420837343 0.9999988850735206 -0.00175398688500919 0.00007571457232695078 0.0017540164838152073 0.9999989177717277 -0.02574620935008909 0.04580346562660509 -0.6436053600019349
FixedParameters: 0 0 0
#Transform 73
Transform: MatrixOffsetTransformBase_double_3_3
Parameters: 0.9999990594167655 0.0007682876900639636 -0.000591301159456618 -0.0007689531344151164 0.999999196703046 -0.00046054521828205186 0.0005915852454310848 0.00046145441055522873 0.9999994376718906 0.015200945092985307 0.01051140802763939 -0.5764541156361318
FixedParameters: 0 0 0
#Transform 74
Transform: MatrixOffsetTransformBase_double_3_3
Parameters: 0.9999995452068671 0.0006009032342657628 -0.0003058196337081599 -0.0006004555118282395 0.9999981064411656 0.002153318109087518 0.0003072938666796226 -0.002153682429109516 0.9999971636289215 0.0382849419647755 -0.10548641319944352 -0.48266076394914137
FixedParameters: 0 0 0
#Transform 75
Transform: MatrixOffsetTransformBase_double_3_3
Parameters: 0.9999994247658287 0.0007484791567722184 -0.000121270997069653 -0.0007486665109352541 0.9999970711299373 0.002317092252575245 0.00012263423457013658 -0.002316909676172055 0.9999976166374861 0.016240304051834187 -0.04425175069631848 -0.46572806070091133
FixedParameters: 0 0 0
#Transform 76
Transform: MatrixOffsetTransformBase_double_3_3
Parameters: 0.9999999414000287 0.00023956826816056887 0.00003474293092076521 -0.00023948440701515055 0.9999995098215183 -0.001197008998179816 -0.00003531635850656343 0.0011969922193852123 0.9999995659581286 -0.029239571500212946 0.10604405711184484 -0.6222984827530453
FixedParameters: 0 0 0
#Transform 77
Transform: MatrixOffsetTransformBase_double_3_3
Parameters: 0.9999998114458762 0.0002733187253089002 -0.0003377598627029969 -0.0002727628769852219 0.999999506842463 -0.0006469076001758556 0.00033752668399876615 0.0006470919821555121 0.9999994673856835 -0.034264172683933225 0.05216978295263175 -0.6694765642877272
FixedParameters: 0 0 0
#Transform 78
Transform: MatrixOffsetTransformBase_double_3_3
Parameters: 0.9999993024435031 0.0007839127443334269 -0.0002875031472432149 -0.0007844946824404733 0.9999998442493412 -0.0008036410396680821 0.00028723568600350405 0.0008033591528620876 0.999999166969526 -0.011178580018267326 -0.2001160940481128 -0.6466778404451645
FixedParameters: 0 0 0
#Transform 79
Transform: MatrixOffsetTransformBase_double_3_3
Parameters: 1.00000002289508 0.000871511378373261 -0.0004664470885359594 -0.0008712453593440141 0.9999991594736771 0.0002854063664319284 0.0004669437712778336 -0.0002845930303213423 0.9999997009715519 0.013515216427620658 -0.2722895372742187 -0.6545057407213619
FixedParameters: 0 0 0
#Transform 80
Transform: MatrixOffsetTransformBase_double_3_3
Parameters: 0.9999992214995986 0.000866921533296578 -0.00016579340036174144 -0.000865783105004572 0.9999960294354894 0.0026871456345846645 0.00016846367207706023 -0.002686856053557285 0.9999967520926996 0.022361243774170703 -0.22909258736967786 -0.553903776724141
FixedParameters: 0 0 0
#Transform 81
Transform: MatrixOffsetTransformBase_double_3_3
Parameters: 0.9999993675868537 0.0009601772676672584 -0.0008430164419579222 -0.0009584770121523346 0.9999970456535899 0.0020417048751568134 0.0008447075886040542 -0.0020412954658706878 0.9999979864763773 0.01986341915517187 -0.09120137850413812 -0.5900968505909034
FixedParameters: 0 0 0
#Transform 82
Transform: MatrixOffsetTransformBase_double_3_3
Parameters: 0.9999993094471339 0.0008306069384312246 -0.00002780788155306209 -0.0008303735417646297 0.999997480424614 0.001957023422062651 0.000030065665027217635 -0.0019569753620706093 0.9999981693181985 0.011706863329152384 -0.053595993840403366 -0.570417953270514
FixedParameters: 0 0 0
#Transform 83
Transform: MatrixOffsetTransformBase_double_3_3
Parameters: 0.9999996850675524 0.0006706829520680668 -0.0009301164751426883 -0.0006705276090645854 0.9999996625828387 0.0000836381011773829 0.0009302284644248413 -0.00008336167806179129 0.9999990085404907 0.018164881642533715 0.048503555104019824 -0.57521234353446
FixedParameters: 0 0 0
#Transform 84
Transform: MatrixOffsetTransformBase_double_3_3
Parameters: 0.9999990002767487 0.0001614064929742492 -0.0009867266797530415 -0.00016102663613868295 0.9999996239859607 0.0006950544136608838 0.0009868307954381897 -0.0006959459128687007 0.9999994088500378 0.009251533208257001 0.07455548608051288 -0.5278287784966693
FixedParameters: 0 0 0
#Transform 85
Transform: MatrixOffsetTransformBase_double_3_3
Parameters: 0.999999212427621 0.0006935577575727665 -0.0005536690336280275 -0.0006935245333806301 0.999999518100185 0.00003038398330509895 0.0005537106439392425 -0.00002961596938651223 0.9999996925274376 0.00429160315421484 0.0836830597338718 -0.6335279827396505
FixedParameters: 0 0 0
#Transform 86
Transform: MatrixOffsetTransformBase_double_3_3
Parameters: 0.9999993871593795 0.0004972910403732202 -0.0006046005855188433 -0.0004971906670127547 0.9999997458620632 0.00008330060130190553 0.0006046831261510931 -0.00008269929582192803 0.999999627519325 0.006010377538373746 0.038307020115382784 -0.6297599460989858
FixedParameters: 0 0 0
#Transform 87
Transform: MatrixOffsetTransformBase_double_3_3
Parameters: 1.0000001351045842 0.0007802649354709756 -0.0005059305921912857 -0.0007797240160983888 0.9999985634490699 0.001395408991064856 0.0005069946605691588 -0.001395590051760362 0.9999986768135296 0.01977495614721647 -0.14496766373025594 -0.6159501093629132
FixedParameters: 0 0 0
#Transform 88
Transform: MatrixOffsetTransformBase_double_3_3
Parameters: 0.9999994540443745 0.0007346982151026299 -0.000078573921739934 -0.0007347567818522264 0.9999993203006761 -0.0003739422145775384 0.00007802434280232869 0.00037405727241854314 0.9999998539918906 -0.0006822724399029312 -0.09643701197195753 -0.6799350932802852
FixedParameters: 0 0 0
#Transform 89
Transform: MatrixOffsetTransformBase_double_3_3
Parameters: 0.9999991935962594 0.0006402469894155701 -0.0006296723585409779 -0.0006403130984137332 0.999999706552079 -0.00005258237915717334 0.0006296051272972658 0.00005241753588182407 0.9999994815317915 0.0016411210412741184 -0.25374427519238907 -0.630456967988728
FixedParameters: 0 0 0
#Transform 90
Transform: MatrixOffsetTransformBase_double_3_3
Parameters: 0.9999994663480589 0.0004933759856056937 0.0005388806896464276 -0.0004944555164853446 0.9999952087711688 0.0030707208681668152 -0.0005375927894212966 -0.003070281427359864 0.9999954015826301 -0.0037970232261557157 -0.17919821391727453 -0.6010690931962088
FixedParameters: 0 0 0
#Transform 91
Transform: MatrixOffsetTransformBase_double_3_3
Parameters: 0.9999992821353179 0.0007954982117714736 -0.0002909679277526403 -0.0007959495177835463 0.999999043064434 -0.0005687682192912213 0.0002910551478197426 0.0005692313503367352 0.9999995915491289 0.005805481009602431 -0.1340698886927072 -0.677926946706684
FixedParameters: 0 0 0
#Transform 92
Transform: MatrixOffsetTransformBase_double_3_3
Parameters: 0.9999999731420067 0.00003638455696174049 -0.00015979410732735606 -0.00003653378810235888 0.9999997805835891 -0.0004669940598243799 0.0001597600544709915 0.00046700571139528246 0.9999997563805246 -0.01934529409233221 -0.09630787999044799 -0.679715996538512
FixedParameters: 0 0 0
#Transform 93
Transform: MatrixOffsetTransformBase_double_3_3
Parameters: 0.9999992039572909 0.0008572494812357136 0.0002467465183500367 -0.0008581099876069225 0.9999972512444216 0.002238790471655594 -0.000244891339586761 -0.002239212144873187 0.999997926450544 0.0030058169777618104 -0.13920275809947213 -0.5641994812679343
FixedParameters: 0 0 0
#Transform 94
Transform: MatrixOffsetTransformBase_double_3_3
Parameters: 0.9999994302954051 0.0007547118636248871 -0.000010689894205751294 -0.0007547196882692242 0.999999289029248 -0.00037599187860702654 0.00001012234503161509 0.00037600758665828904 0.999999858514358 0.010894136943292665 0.006921549194373711 -0.6577742775313098
FixedParameters: 0 0 0
#Transform 95
Transform: MatrixOffsetTransformBase_double_3_3
Parameters: 0.9999998902177378 0.0010456983804416288 -0.00012667514193305475 -0.00104591385326054 0.9999997504827745 -0.0003757485643443026 0.0001268814490155169 0.0003762522697854931 0.9999998569825715 0.03643314579960588 0.03786762074712158 -0.5081796636040892
FixedParameters: 0 0 0
#Transform 96
Transform: MatrixOffsetTransformBase_double_3_3
Parameters: 0.9999988416899087 0.0008411312919985583 -0.0012044945689695741 -0.0008405084506545971 0.9999993598978875 0.0002589077955777036 0.0012049292707342735 -0.00025809157102818503 0.9999993481476992 0.020874195170563326 0.03965418705716672 -0.5082434630525086
FixedParameters: 0 0 0
#Transform 97
Transform: MatrixOffsetTransformBase_double_3_3
Parameters: 0.9999995416285126 0.0006713343395000063 0.00008768315864604744 -0.0006712978664834307 0.9999997392411113 -0.0008919397762013614 -0.00008788803236818042 0.0008920604476012339 0.9999992110589475 0.002018338704147027 0.08262026078720908 -0.6194908768560268
FixedParameters: 0 0 0
#Transform 98
Transform: MatrixOffsetTransformBase_double_3_3
Parameters: 0.9999993313862485 0.0008172941419218712 -0.00002773650042997065 -0.0008171551252541753 0.9999992144931431 0.0003430226243590073 0.000027304356715649635 -0.000342977644266676 0.9999998815950131 0.01042037600500123 -0.10117485956669725 -0.5832178277121471
FixedParameters: 0 0 0
#Transform 99
Transform: MatrixOffsetTransformBase_double_3_3
Parameters: 0.9999995698419866 0.0005437194049866994 0.00036637226628021723 -0.0005440991719514333 0.9999992390361718 0.0006818003392048688 -0.0003666231333773001 -0.0006821990236315079 0.9999994005582495 -0.0027930171334560328 -0.09243124860026342 -0.642835219120748
FixedParameters: 0 0 0
#Transform 100
Transform: MatrixOffsetTransformBase_double_3_3
Parameters: 0.9999993825505249 0.0007857355742454149 -0.000008288670943798254 -0.0007857272180991972 0.9999991502999809 0.0004820064002001162 0.000009046112977411248 -0.0004819927806208185 0.999999767602939 0.012535755812592697 -0.08493770161840075 -0.6215662732299876
FixedParameters: 0 0 0
#Transform 101
Transform: MatrixOffsetTransformBase_double_3_3
Parameters: 0.9999989150741246 0.0009815565224504084 0.00034885816303006104 -0.0009805821826529395 0.9999985769770529 -0.001564223682482227 -0.00035093419782021004 0.0015637756724737328 0.9999984459016257 0.014486035895458826 -0.0005955044319563285 -0.5881971390687823
FixedParameters: 0 0 0
#Transform 102
Transform: MatrixOffsetTransformBase_double_3_3
Parameters: 0.9999989886998417 0.0009887019898015164 -0.00018294547021341178 -0.0009893531990621063 0.9999988787131922 -0.0014587010051542448 0.0001810522383769126 0.001459299546375123 0.9999988526205257 0.020154864502544 0.012787586212965607 -0.576675290066845
FixedParameters: 0 0 0
#Transform 103
Transform: MatrixOffsetTransformBase_double_3_3
Parameters: 0.9999999217179418 0.0010375930480299763 0.00004103211289937917 -0.0010375995173119244 0.9999999027206747 0.00007907677038505867 -0.00004086817673922012 -0.00007892321626051801 1.000000006515269 0.007667670544265093 -0.07802625021039944 -0.5564908356036895
FixedParameters: 0 0 0
#Transform 104
Transform: MatrixOffsetTransformBase_double_3_3
Parameters: 0.9999995580303719 0.0005962567666879733 0.0002940199683874161 -0.0005955594473811298 0.9999992454078306 -0.0011831758157266337 -0.0002954298909646874 0.0011828245593787506 0.9999995136428568 -0.00525253560398653 0.04727270885943824 -0.6704873411926826
FixedParameters: 0 0 0
#Transform 105
Transform: MatrixOffsetTransformBase_double_3_3
Parameters: 0.9999995431453406 0.0005836166837657981 -0.000341139414040072 -0.0005837345655644684 0.9999985481183596 -0.00145280070207221 0.0003405561438396747 0.0014531985941310666 0.9999987726073247 0.013707849589835064 -0.01782828423338856 -0.6019975861171574
FixedParameters: 0 0 0
#Transform 106
Transform: MatrixOffsetTransformBase_double_3_3
Parameters: 0.9999991390398512 0.0008896688589804739 -0.0002628341300705676 -0.0008902898091244002 0.9999992978229895 -0.0009537670400937837 0.00026212880208717525 0.0009542342486893313 1.0000000209829516 0.023662887911825692 -0.10401214902019262 -0.603949590557086
FixedParameters: 0 0 0
#Transform 107
Transform: MatrixOffsetTransformBase_double_3_3
Parameters: 0.9999990905623123 0.0009310632139933004 0.00020675311785213235 -0.0009306045802173006 0.9999981589422844 -0.0016850878381425016 -0.00020790545087209948 0.0016859115304273392 0.9999982497956701 0.01857848066552492 0.04121491617216577 -0.560926646021322
FixedParameters: 0 0 0
#Transform 108
Transform: MatrixOffsetTransformBase_double_3_3
Parameters: 0.999999323091032 0.00081192274550081 0.0001330061678919023 -0.0008117606774692468 0.999999958033472 -0.0006069890852109933 -0.00013399174699300318 0.0006070108597256985 0.9999996281595497 0.016169876565996333 -0.001356950830228243 -0.525628791116624
FixedParameters: 0 0 0
#Transform 109
Transform: MatrixOffsetTransformBase_double_3_3
Parameters: 0.999999104299476 0.0009359155300035386 0.0001407773898087962 -0.0009356533843366021 0.9999979701325789 -0.0017761332194487223 -0.00014211578973054428 0.0017758684953718823 0.9999988258054434 0.016698496983579503 0.06702667807742557 -0.6199376627744968
FixedParameters: 0 0 0
#Transform 110
Transform: MatrixOffsetTransformBase_double_3_3
Parameters: 0.9999994118144532 0.0007559309023606021 -0.00012943598020926365 -0.0007560411637919664 0.9999992461574705 -0.00042690206275299014 0.00012879036533430658 0.00042709727922572716 0.999999800999264 0.02092128065130794 0.007620923929820833 -0.5591238048531721
FixedParameters: 0 0 0
#Transform 111
Transform: MatrixOffsetTransformBase_double_3_3
Parameters: 0.9999997238000953 0.0005091512322257448 -0.0001302501116015275 -0.0005094026999371518 0.9999997872468058 -0.0009688144417031724 0.00012926313094961512 0.000969185141318149 0.9999990586315148 0.011654843405921156 0.01960541317338027 -0.6026684158452795
FixedParameters: 0 0 0
#Transform 112
Transform: MatrixOffsetTransformBase_double_3_3
Parameters: 0.9999995669249909 0.0006182934415407084 -0.00022470133360971237 -0.0006186847155446209 0.9999992538645981 -0.0006028607608298125 0.0002249481905118697 0.0006031388653681274 0.9999995858426185 0.0369353152564571 -0.08762608959655438 -0.6079502984690635
FixedParameters: 0 0 0
#Transform 113
Transform: MatrixOffsetTransformBase_double_3_3
Parameters: 0.9999995358776216 0.0006075520655671949 0.000308604016299465 -0.0006070739494391297 0.9999996777806868 -0.0009690681370259635 -0.0003087882346174398 0.0009689317218007365 0.9999989801747232 0.021164657834702894 0.02373329348777986 -0.6332164790887376
