#Insight Transform File V1.0
#Transform 0
Transform: MatrixOffsetTransformBase_double_3_3
Parameters: 0.9999987021054687 0.0010881860933685086 -0.0014537272887033782 -0.0010916215834792739 0.9999975494464621 -0.0021245087588439293 0.0014514411119213508 0.0021254943176641228 0.9999971213852328 0.004348935353476691 0.03225290017896043 -0.5841959289970475
FixedParameters: 0 0 0
#Transform 1
Transform: MatrixOffsetTransformBase_double_3_3
Parameters: 0.9999984845619848 0.001035525610795135 -0.0015627860465627875 -0.0010397291684315787 0.9999971175186693 -0.002221484535741017 0.0015605197057432666 0.0022235157069877 0.9999964880094676 0.011038140455212897 0.04771742272740198 -0.573762448237467
FixedParameters: 0 0 0
#Transform 2
Transform: MatrixOffsetTransformBase_double_3_3
Parameters: 0.999997237892644 0.00035839488445907184 -0.002152660637858092 -0.0003609762025516477 0.9999993507888698 -0.0012914500514836502 0.0021520919805573515 0.0012915502116214034 0.9999965511538051 0.011827924105247689 -0.006298399865741544 -0.5235644102693016
FixedParameters: 0 0 0
#Transform 3
Transform: MatrixOffsetTransformBase_double_3_3
Parameters: 0.9999983404319888 0.0008870790295093984 -0.0013681776357968786 -0.0008894081789576892 0.999998974655094 -0.0011698898711836742 0.0013672111473314414 0.0011711099004314829 0.9999986256338564 0.0087675610875948 0.028304190166466014 -0.5207707220617337
FixedParameters: 0 0 0
#Transform 4
Transform: MatrixOffsetTransformBase_double_3_3
Parameters: 0.9999994121600811 0.0007844476336490434 -0.0009859366321726582 -0.0007866638062971846 0.9999980595500265 -0.001567330082656318 0.0009845868052454525 0.0015676683755875692 0.9999984384952404 0.003257575053581263 0.09526760296421344 -0.565982285831339
FixedParameters: 0 0 0
#Transform 5
Transform: MatrixOffsetTransformBase_double_3_3
Parameters: 0.9999982970999053 0.0009622015974061034 -0.0013331237334192397 -0.0009639005273363276 0.9999984173277792 -0.0013368214523164224 0.0013317805968303346 0.0013381782300966039 0.99999830195597 0.016153802861410327 0.040064761483208144 -0.5067998363566844
FixedParameters: 0 0 0
#Transform 6
Transform: MatrixOffsetTransformBase_double_3_3
Parameters: 0.9999979501860179 0.0009598966184897663 -0.0014589029892218405 -0.0009623671368296804 0.999997673487042 -0.0021255847056111943 0.0014572813465699214 0.0021274164194188677 0.9999962326751343 0.010568323482019082 0.08973380345733517 -0.48998840238941455
FixedParameters: 0 0 0
#Transform 7
Transform: MatrixOffsetTransformBase_double_3_3
Parameters: 0.9999998869625873 0.0006966964664828893 -0.0007920731628199063 -0.0006985669099477654 0.9999985100235533 -0.001732448409483417 0.0007907680608964223 0.0017335526543182933 0.9999983703530639 0.00490888289144209 0.04306318540193388 -0.4650735672307036
FixedParameters: 0 0 0
#Transform 8
Transform: MatrixOffsetTransformBase_double_3_3
Parameters: 0.9999997871667411 0.001006699972862715 -0.0004463286989090716 -0.0010078645766892365 0.9999973499706418 -0.0021525530969217638 0.00044409698234763715 0.002153450012510688 0.9999981663581666 0.01792640873638618 0.07305609888385334 -0.4845943336810947
FixedParameters: 0 0 0
#Transform 9
Transform: MatrixOffsetTransformBase_double_3_3
Parameters: 0.9999998697160989 0.0008380165265775004 -0.0006548186706119937 -0.0008408892629556383 0.9999876041947351 -0.004968455868999536 0.0006499349406009228 0.004969551164798899 0.9999878832458801 0.01635529480778075 0.15841889992265124 -0.45605254817457563
FixedParameters: 0 0 0
#Transform 10
Transform: MatrixOffsetTransformBase_double_3_3
Parameters: 0.9999981742366483 0.0012199876211605207 -0.00115645548714888 -0.0012267336056215274 0.9999850901358778 -0.005247693790647184 0.0011492983622604868 0.0052493049288462185 0.999985990184837 0.02930535138098378 0.14945359919983048 -0.5126926101982008
FixedParameters: 0 0 0
#Transform 11
Transform: MatrixOffsetTransformBase_double_3_3
Parameters: 0.99999957553436 0.001176653875219712 -0.00020020017669831441 -0.0011771002621617126 0.9999953548470566 -0.00271675159496948 0.00019690459420325265 0.002716247809689265 0.9999964619122251 0.03149991827501708 0.0013136611943735943 -0.4674502262140052
FixedParameters: 0 0 0
#Transform 12
Transform: MatrixOffsetTransformBase_double_3_3
Parameters: 0.9999994142141094 0.0011005288862269245 -0.0006119198290971269 -0.0011021388066580005 0.999995769853982 -0.002648328179891593 0.0006093034920695169 0.002649673162398891 0.9999966099246769 0.02473799915935615 0.0546457473568438 -0.519530956751602
FixedParameters: 0 0 0
#Transform 13
Transform: MatrixOffsetTransformBase_double_3_3
Parameters: 0.9999988271160936 0.0014074898345803446 -0.0010917740238556167 -0.0014124729505039567 0.9999882167097345 -0.004693438258096122 0.0010852143991251343 0.004694565527764122 0.9999885428388762 0.027929648187850376 0.0981057786743662 -0.4863091768385388
FixedParameters: 0 0 0
#Transform 14
Transform: MatrixOffsetTransformBase_double_3_3
Parameters: 0.9999990857895464 0.0012736887088696442 -0.0005398289671891324 -0.0012767353615186668 0.9999870601035208 -0.004941179949651611 0.0005335429173834164 0.00494181614539857 0.9999871885395337 0.03157466816870169 0.09972696258634528 -0.4579398104231771
FixedParameters: 0 0 0
#Transform 15
Transform: MatrixOffsetTransformBase_double_3_3
Parameters: 0.9999988302307994 0.0012367581361668472 -0.0007995579244359202 -0.001241547885358943 0.9999832739056653 -0.005594996733133739 0.0007932404378593261 0.005595999347150812 0.9999839365825389 0.02905835215430841 0.2059239568722262 -0.5201680759003366
FixedParameters: 0 0 0
#Transform 16
Transform: MatrixOffsetTransformBase_double_3_3
Parameters: 0.9999987485664682 0.0012907742485484938 -0.0007653892086092247 -0.0012940974494231054 0.9999869366103421 -0.004962987433114824 0.000759117629379011 0.004963015511519148 0.9999875488729013 0.02891990208715356 0.10938581726247776 -0.44253048911665616
FixedParameters: 0 0 0
#Transform 17
Transform: MatrixOffsetTransformBase_double_3_3
Parameters: 0.9999989114704972 0.001359222181509456 -0.0004902970260191038 -0.0013616410798437339 0.9999920400912868 -0.003900205654461461 0.00048488830698976477 0.003900799740733027 0.9999924434264036 0.03073904940950456 0.07679394250892813 -0.43540942596126797
FixedParameters: 0 0 0
#Transform 18
Transform: MatrixOffsetTransformBase_double_3_3
Parameters: 0.9999991589289666 0.0011606875489232984 -0.0007030027770308792 -0.0011634528002209018 0.9999867436931777 -0.005002172528185023 0.0006979334199306288 0.00500282939702304 0.9999873648775177 0.023073737203944233 0.16701680265404661 -0.4874103339199536
FixedParameters: 0 0 0
#Transform 19
Transform: MatrixOffsetTransformBase_double_3_3
Parameters: 0.9999988462171057 0.0012098647078582917 -0.0008310776809286901 -0.001213615289337527 0.9999877456419015 -0.004899848104222948 0.0008247670184577291 0.004900150844186907 0.9999870802670588 0.03178164384814863 0.14511516158809457 -0.4395626397596857
FixedParameters: 0 0 0
#Transform 20
Transform: MatrixOffsetTransformBase_double_3_3
Parameters: 0.9999989568828166 0.0011602173223859676 -0.0008345060043836784 -0.001164499502873868 0.9999886126811594 -0.0045990176645188535 0.0008292577390394165 0.004599980441206242 0.9999890331644997 0.027379640096071967 0.12371359624950173 -0.48304573799684647
FixedParameters: 0 0 0
#Transform 21
Transform: MatrixOffsetTransformBase_double_3_3
Parameters: 0.9999985564219296 0.0012401598199106023 -0.0009511217048604622 -0.0012447664432830674 0.9999888178476217 -0.004663812096914688 0.0009460879236622424 0.004665198197343609 0.9999892231430042 0.02942381163529717 0.10261359069426135 -0.44576294980296893
FixedParameters: 0 0 0
#Transform 22
Transform: MatrixOffsetTransformBase_double_3_3
Parameters: 0.9999993936213513 0.0009122184119314131 -0.0008799572157878821 -0.0009168654670989887 0.9999862166907152 -0.005202183617861331 0.0008750130486737106 0.005202817498940748 0.999986044524302 0.015508927463642408 0.15516418726730308 -0.5329780414921927
FixedParameters: 0 0 0
#Transform 23
Transform: MatrixOffsetTransformBase_double_3_3
Parameters: 0.9999988467070539 0.0011879842198142631 -0.0008611023538103454 -0.0011933400144305691 0.9999804363252898 -0.006103962457706599 0.000854235542822501 0.006105033742919125 0.9999808798300446 0.022232606235817798 0.15107588476777778 -0.5166365924345726
FixedParameters: 0 0 0
#Transform 24
Transform: MatrixOffsetTransformBase_double_3_3
Parameters: 0.9999987815723825 0.0012988708405399882 -0.000728411986779107 -0.0013015392222251096 0.9999933560112468 -0.003471921509580436 0.000724706228394336 0.0034730782735591936 0.9999933089635341 0.04732790643679152 -0.008629754698802117 -0.4939086650932367
FixedParameters: 0 0 0
#Transform 25
Transform: MatrixOffsetTransformBase_double_3_3
Parameters: 0.9999988982965683 0.0012897857159588602 -0.0006619006593961976 -0.0012931684696761753 0.9999860949372925 -0.005035132853361476 0.0006553311906001179 0.005035862915780551 0.9999870905121194 0.033057211581152046 0.12423596178956586 -0.47675232125782685
FixedParameters: 0 0 0
#Transform 26
Transform: MatrixOffsetTransformBase_double_3_3
Parameters: 0.9999990280122256 0.0009198954108225907 -0.0003545184459661446 -0.0009219947107756121 0.9999859270732623 -0.005120671979431057 0.00034929735452018755 0.005121320170961424 0.9999866513406809 0.01627535772965416 0.10924225293234713 -0.4466615994973182
FixedParameters: 0 0 0
#Transform 27
Transform: MatrixOffsetTransformBase_double_3_3
Parameters: 0.9999998644283189 0.0007471861984482765 -0.0007602765006039045 -0.0007507913677737686 0.9999852412619724 -0.005414418451127681 0.0007557445889962445 0.005414582817597227 0.9999849890925182 0.006156674433611897 0.1758083060917386 -0.49551435531187593
FixedParameters: 0 0 0
#Transform 28
Transform: MatrixOffsetTransformBase_double_3_3
Parameters: 0.9999999238529202 0.0008207292268084367 -0.000634502166989293 -0.0008241015832461889 0.9999888699142998 -0.004736360490444652 0.0006300492337313749 0.00473763902720431 0.9999881753394916 0.024872021063032435 0.13440715138227688 -0.4481803121363299
FixedParameters: 0 0 0
#Transform 29
Transform: MatrixOffsetTransformBase_double_3_3
Parameters: 0.9999996746419988 0.0010194885890810737 -0.0005350194298041518 -0.0010221730714564659 0.999987374752012 -0.004868440128713125 0.000529410969741322 0.0048685556146548375 0.9999878950296549 0.0244227152818155 0.1525047390255594 -0.5121184980502633
FixedParameters: 0 0 0
#Transform 30
Transform: MatrixOffsetTransformBase_double_3_3
Parameters: 0.9999987146771349 0.0014950659996190233 -0.0010248357296775243 -0.0015016901444353265 0.9999772875343456 -0.0066104473091924965 0.0010149198488645067 0.006611561410557326 0.9999780154164261 0.026319202570533662 0.21812827681294777 -0.529903357771289
FixedParameters: 0 0 0
#Transform 31
Transform: MatrixOffsetTransformBase_double_3_3
Parameters: 0.9999986337939449 0.0010755516446989129 -0.0010993913197527452 -0.0010824932481470267 0.9999808910433244 -0.006005920279108873 0.0010932264005712937 0.006007076530023317 0.9999815859920329 0.023901718512718162 0.0922394329326437 -0.4766261237378444
FixedParameters: 0 0 0
#Transform 32
Transform: MatrixOffsetTransformBase_double_3_3
Parameters: 0.9999995389704632 0.0011429981572487825 -0.0003926074053059125 -0.0011452516279070169 0.9999889048640689 -0.0046654368255135414 0.0003871344252058182 0.0046665674967734105 0.9999890907216813 0.01907159401764602 0.05778374315356416 -0.4552511829407706
FixedParameters: 0 0 0
#Transform 33
Transform: MatrixOffsetTransformBase_double_3_3
Parameters: 0.9999998836084284 0.0009907795848953956 -0.0003676437384547978 -0.0009922902633687932 0.9999856359522205 -0.005325519292876862 0.0003624060280043728 0.005326481710513836 0.9999855146808381 0.026537426352149396 0.13098233551787075 -0.4624681635488841
FixedParameters: 0 0 0
#Transform 34
Transform: MatrixOffsetTransformBase_double_3_3
Parameters: 0.9999990212719924 0.0012096002484258224 -0.0007175879919795729 -0.0012136555857982826 0.999986509189634 -0.005110999849537584 0.0007116385256855672 0.005111998962329098 0.9999862568570385 0.03862229866886935 0.12311326199099426 -0.4439972794847833
FixedParameters: 0 0 0
#Transform 35
Transform: MatrixOffsetTransformBase_double_3_3
Parameters: 0.9999998602451264 0.0006496939368121238 -0.000847347252187271 -0.0006529831440586988 0.9999914766062191 -0.0041494355031454905 0.0008444078291560283 0.0041495662862740534 0.9999909467729323 0.004145850261039641 0.15204470567086048 -0.44766801254812094
FixedParameters: 0 0 0
#Transform 36
Transform: MatrixOffsetTransformBase_double_3_3
Parameters: 0.9999996025497037 0.0009656572578212665 -0.0006814896157696809 -0.0009686762509996882 0.999991597149635 -0.004057346072192158 0.0006779714938239788 0.004058660911328643 0.999992070497136 0.022175282366902138 0.12179768695160931 -0.43912936468687036
FixedParameters: 0 0 0
#Transform 37
Transform: MatrixOffsetTransformBase_double_3_3
Parameters: 0.9999992052000862 0.0011731073497559307 -0.00064711632599833 -0.0011757778398917718 0.9999915341083538 -0.004008123583441756 0.0006420310367384238 0.004009876162332324 0.9999915267877773 0.037389983709459784 0.10782202864047008 -0.4486044231100621
FixedParameters: 0 0 0
#Transform 38
Transform: MatrixOffsetTransformBase_double_3_3
Parameters: 0.9999994332524006 0.0012335328681165503 -0.00021309454583411208 -0.0012346200396905261 0.9999840028377945 -0.005619611189660742 0.00020542144865773635 0.005619395083707124 0.9999842722958757 0.024515971173329376 0.19539458142287458 -0.48581703791823116
FixedParameters: 0 0 0
#Transform 39
Transform: MatrixOffsetTransformBase_double_3_3
Parameters: 0.9999986347523753 0.0011301409347989262 -0.0010430839916665254 -0.0011370041585181594 0.999979302765107 -0.006297912810463324 0.0010356028534604929 0.00629808838872567 0.9999800015388003 0.021057469758900993 0.2089482578199835 -0.47985180757802937
FixedParameters: 0 0 0
#Transform 40
Transform: MatrixOffsetTransformBase_double_3_3
Parameters: 0.9999983401479565 0.0014097285508930598 -0.000819069118381927 -0.0014147307018332802 0.9999862794739174 -0.004983832553873413 0.0008124203497891618 0.004985165486168952 0.9999873698616323 0.038552233281734516 0.075992056096581 -0.44578874547448066
FixedParameters: 0 0 0
#Transform 41
Transform: MatrixOffsetTransformBase_double_3_3
Parameters: 0.9999990261563027 0.0011297524623127264 -0.0008352717408540267 -0.0011319399529161243 0.9999954152433576 -0.0028810594011481755 0.0008320922031544538 0.0028829449441334226 0.9999959990104672 0.024780380704385152 0.011969900229985342 -0.4927824432644101
FixedParameters: 0 0 0
#Transform 42
Transform: MatrixOffsetTransformBase_double_3_3
Parameters: 0.9999999104362315 0.0009071151290533052 -0.0005168575404666886 -0.0009079412077481056 0.9999959613450591 -0.0024925301851893983 0.0005145583832830599 0.002493466229966171 0.9999965189796401 0.026908349061542935 0.049942744504008374 -0.46731373205737015
FixedParameters: 0 0 0
#Transform 43
Transform: MatrixOffsetTransformBase_double_3_3
Parameters: 0.9999995784844674 0.0008865171944663606 -0.0007975322182059289 -0.0008895027553836334 0.9999911454653909 -0.004145279533732574 0.000793628509572202 0.004145721379568618 0.9999910625148792 0.019287141355391668 0.141668562841204 -0.45211398526348034
FixedParameters: 0 0 0
#Transform 44
Transform: MatrixOffsetTransformBase_double_3_3
Parameters: 0.9999996641150108 0.0007965103701955987 -0.0008378017245208796 -0.0007980925082128606 0.9999971351439756 -0.0020594521795392062 0.0008357498649919953 0.002060547976956123 0.9999980417593005 0.010695032089017786 0.09465004869447569 -0.4896981918901062
FixedParameters: 0 0 0
#Transform 45
Transform: MatrixOffsetTransformBase_double_3_3
Parameters: 0.9999993812630426 0.001164507330313522 -0.0005131848333894242 -0.0011660814683117056 0.9999918546765275 -0.003986272297355306 0.000508225335774625 0.003986729951518206 0.9999917420741414 0.026837608032849403 0.20723719359337167 -0.4364024883379187
FixedParameters: 0 0 0
#Transform 46
Transform: MatrixOffsetTransformBase_double_3_3
Parameters: 0.9999983438934084 0.0011596185265374949 -0.0011450427394531315 -0.001165636877222665 0.9999869719865899 -0.004978656854107227 0.001139148652151574 0.004980341414452069 0.9999867807345865 0.02434539582019113 0.2267684575705715 -0.44783163582234664
FixedParameters: 0 0 0
#Transform 47
Transform: MatrixOffsetTransformBase_double_3_3
Parameters: 0.9999999411993089 0.0008843106679357802 -0.0005266491435850731 -0.0008856480482493397 0.9999920264898823 -0.003766532853602886 0.0005233203652516237 0.0037674620643863427 0.9999925340425528 0.022684785869344637 0.07672391554207536 -0.4350440583294599
FixedParameters: 0 0 0
#Transform 48
Transform: MatrixOffsetTransformBase_double_3_3
Parameters: 0.9999990337514284 0.0009255675958117612 -0.00033102992436711106 -0.0009269252167699394 0.9999902281733745 -0.004348697879035135 0.0003271846903957466 0.004349307559423254 0.9999909777644612 0.020588334446088652 0.12961804029426105 -0.4536577183116748
FixedParameters: 0 0 0
#Transform 49
Transform: MatrixOffsetTransformBase_double_3_3
Parameters: 0.9999991685642121 0.0007857896375319467 -0.0004629410942447637 -0.000786579746491196 0.9999959688930369 -0.0027446227079784974 0.00046085150267347063 0.0027443778514950057 0.9999961350776551 0.02129242865835579 0.053193545859571145 -0.44545124600293917
FixedParameters: 0 0 0
#Transform 50
Transform: MatrixOffsetTransformBase_double_3_3
Parameters: 0.9999992673508397 0.0007991985445662091 -0.00030582880533613216 -0.0007998254682810119 0.9999996591096201 -0.0008286363818669068 0.0003054959681597154 0.0008293636789570291 0.9999992337589091 0.025015766876180123 0.061639584826536975 -0.40291600734248334
FixedParameters: 0 0 0
#Transform 51
Transform: MatrixOffsetTransformBase_double_3_3
Parameters: 0.9999996225808578 0.0010627179924855485 -0.0004985573193752315 -0.001064814809931582 0.9999885182378953 -0.004633457149910175 0.0004930307716548368 0.004633540848216183 0.9999891654625189 0.022574564579159073 0.1780842895100676 -0.5276535913012594
FixedParameters: 0 0 0
#Transform 52
Transform: MatrixOffsetTransformBase_double_3_3
Parameters: 0.9999980945526646 0.0010390303013330829 -0.0013516620898725324 -0.0010460816505805247 0.9999852106465471 -0.005380687448538396 0.0013453741231488831 0.005381318491027784 0.9999849730911636 0.02002917133400217 0.1599776585546948 -0.5319620794211701
FixedParameters: 0 0 0
#Transform 53
Transform: MatrixOffsetTransformBase_double_3_3
Parameters: 0.9999977923752917 0.0015655802322513224 -0.0013252012066054001 -0.001569074090944949 0.9999948321142338 -0.002638016429372711 0.001321380401649034 0.0026399837029927736 0.9999960315801621 0.05240698690610657 0.017729093564071263 -0.5086814731277087
FixedParameters: 0 0 0
#Transform 54
Transform: MatrixOffsetTransformBase_double_3_3
Parameters: 0.9999980415753297 0.0010801967820108886 -0.0013384389838872416 -0.0010819043475617835 0.9999982044447456 -0.0016606604886506282 0.001337192568047852 0.001662343321074372 0.9999983159520366 0.023795616211444326 0.01552828343662327 -0.4770836618069154
FixedParameters: 0 0 0
#Transform 55
Transform: MatrixOffsetTransformBase_double_3_3
Parameters: 0.9999991249025673 0.0009877284784066665 -0.0009483125600293844 -0.0009892750962568041 0.9999985126824507 -0.0012760478962870747 0.0009469018047676727 0.0012769501895970037 0.9999983533153822 0.016203278441338398 0.07761813300322729 -0.46632680296947626
FixedParameters: 0 0 0
#Transform 56
Transform: MatrixOffsetTransformBase_double_3_3
Parameters: 0.9999997305223379 0.0008560784255387726 -0.00073248927316241 -0.0008571840955051126 0.9999985589018391 -0.0013513579220261335 0.0007312866896150494 0.001351640707403512 0.9999985185150656 0.015872891630394292 0.10204455386970324 -0.5006620557579708
FixedParameters: 0 0 0
#Transform 57
Transform: MatrixOffsetTransformBase_double_3_3
Parameters: 1.0000000729105782 0.000559374161658456 -0.0007840496698354109 -0.0005618368711257844 0.9999942551624411 -0.003398546586020512 0.0007815923874518316 0.0033984531683054348 0.9999937180723478 0.014901335626390733 0.2187388808645352 -0.5035693073195375
FixedParameters: 0 0 0
#Transform 58
Transform: MatrixOffsetTransformBase_double_3_3
Parameters: 0.9999985785876879 0.0014047201753905484 -0.0012038737564857825 -0.0014065315542784807 0.9999979249091727 -0.0015282803870430711 0.0012008083739435042 0.0015297182091529998 0.9999979779919016 0.023948614504135435 0.0749957228651823 -0.47789762895615695
FixedParameters: 0 0 0
#Transform 59
Transform: MatrixOffsetTransformBase_double_3_3
Parameters: 0.999998508202897 0.0010260777340123446 -0.00120011850210955 -0.0010305741129009991 0.999990322582437 -0.004212873269128323 0.0011951518380363799 0.004214126741300325 0.9999906782762882 0.011192519419040536 0.1840472158752675 -0.5363365957507611
FixedParameters: 0 0 0
#Transform 60
Transform: MatrixOffsetTransformBase_double_3_3
Parameters: 0.999998059928239 0.0010434973439437765 -0.0013609898527287485 -0.0010499739511669588 0.9999866911310771 -0.005130565113255908 0.0013551792391068931 0.005132437122462863 0.9999857038158674 0.01463232852837848 0.1935740054360764 -0.5813718525865141
FixedParameters: 0 0 0
#Transform 61
Transform: MatrixOffsetTransformBase_double_3_3
Parameters: 0.9999988437811748 0.0010114456272440938 -0.0010650604932541405 -0.0010146360524011556 0.9999944947066749 -0.003254909477888146 0.0010609306179314932 0.003256092073340308 0.9999941524414554 0.011273761905258084 0.029683531159960808 -0.5414375414095502
FixedParameters: 0 0 0
#Transform 62
Transform: MatrixOffsetTransformBase_double_3_3
Parameters: 0.9999968399728479 0.0016917605319550057 -0.001815627199442833 -0.0016920577924602873 0.999998472998664 0.0001929967503361968 0.0018161550606873799 -0.00019000403132406196 0.999998293629425 0.034886605962910266 -0.13675484995513898 -0.41202713672908686
FixedParameters: 0 0 0
#Transform 63
Transform: MatrixOffsetTransformBase_double_3_3
Parameters: 0.999998914838495 0.0010127439662411467 -0.0010294533292021387 -0.0010104933461638063 0.9999978135787713 0.0015159364869150593 0.0010314066517145182 -0.0015150613495368143 0.999998507777795 0.04051911058616042 -0.07241659329369554 -0.42669049377131074
FixedParameters: 0 0 0
#Transform 64
Transform: MatrixOffsetTransformBase_double_3_3
Parameters: 0.9999989794700644 0.0009323859052880557 -0.0003886790672594975 -0.0009332898454419113 0.9999975528855275 -0.0021355189150784742 0.0003867996261037364 0.0021364808502086358 0.9999973015804112 0.025257106590885314 0.09705988727195347 -0.5651551170734734
FixedParameters: 0 0 0
#Transform 65
Transform: MatrixOffsetTransformBase_double_3_3
Parameters: 0.9999997454769118 0.0007388631813655779 -0.000841820940967343 -0.000742717375216258 0.9999921765948517 -0.003923362706475364 0.0008383538567699682 0.003923636243225254 0.9999917810535109 0.025489194414149097 0.13980073673036486 -0.4951558724127594
FixedParameters: 0 0 0
#Transform 66
Transform: MatrixOffsetTransformBase_double_3_3
Parameters: 0.999999610153979 0.0007100304378919069 -0.000941205505906853 -0.0007103547536514406 0.999999261164398 -0.0011633177282112106 0.0009407859162319263 0.0011636831724836372 0.999998641522222 0.02879889074830544 0.07680319400391511 -0.5196993402480246
FixedParameters: 0 0 0
#Transform 67
Transform: MatrixOffsetTransformBase_double_3_3
Parameters: 0.999999099247959 0.0005793168881130601 -0.0007521866203428514 -0.0005805922322886551 0.9999960956449159 -0.002750564471668576 0.0007503488681453639 0.002751435881163361 0.9999958675679256 0.02251569448796431 0.19156677000017908 -0.5114890465200332
FixedParameters: 0 0 0
#Transform 68
Transform: MatrixOffsetTransformBase_double_3_3
Parameters: 0.9999993462354652 0.0003257953967932516 -0.0007399694471876385 -0.0003276463402903289 0.9999948778369961 -0.0031837426867981633 0.0007392423792145704 0.00318325484906809 0.999994199007516 0.023809527838622557 0.14117555277850613 -0.46773844190983027
FixedParameters: 0 0 0
#Transform 69
Transform: MatrixOffsetTransformBase_double_3_3
Parameters: 0.999999898456651 0.000592328656244474 -0.0008667275477657223 -0.000595211827801597 0.9999946449217877 -0.003316487418934838 0.0008641416267448837 0.003317515167681223 0.9999942484817452 0.024039526021340407 0.18103630821107686 -0.4554732836689368
FixedParameters: 0 0 0
#Transform 70
Transform: MatrixOffsetTransformBase_double_3_3
Parameters: 0.9999992334742832 0.0007526364111276651 -0.0010957553067019803 -0.0007524904897395978 0.9999994179669097 -0.000386280616707424 0.0010952937095544302 0.0003867198532960525 0.9999995167426963 0.011247244377173615 0.06249020442825781 -0.40564397087332793
FixedParameters: 0 0 0
#Transform 71
Transform: MatrixOffsetTransformBase_double_3_3
Parameters: 0.9999980276818111 0.0009562517980113289 -0.0014345608890187567 -0.0009618691198652075 0.9999918983577606 -0.003912731560723914 0.001430753375926384 0.003914269924098587 0.9999914982135063 0.020312895781003704 0.16500506138714854 -0.5613826040211407
FixedParameters: 0 0 0
#Transform 72
Transform: MatrixOffsetTransformBase_double_3_3
Parameters: 0.999998688662694 0.0011413898111790536 -0.0014172486402533727 -0.001148984934071336 0.9999850523602154 -0.0052804678640332725 0.00141107795915793 0.005281526061208783 0.9999848579776802 0.008568025266185941 0.15369347609390616 -0.6693238906326329
FixedParameters: 0 0 0
#Transform 73
Transform: MatrixOffsetTransformBase_double_3_3
Parameters: 0.9999977929619804 0.0015217985063306003 -0.0013748369994599705 -0.0015270113528884216 0.9999927415602428 -0.0034878781102170575 0.0013697641267041592 0.0034901197506956444 0.9999927050675733 0.010429798207425733 0.019934446292083408 -0.6479460360340781
FixedParameters: 0 0 0
#Transform 74
Transform: MatrixOffsetTransformBase_double_3_3
Parameters: 0.9999998169403466 0.0006590013965197401 -0.0008650962931698329 -0.0006612676098305885 0.9999983874525792 -0.0018154147835235807 0.000863812235728901 0.0018155849658535866 0.999997837400338 0.010808314054528978 -0.1671010404984088 -0.5965524421106423
FixedParameters: 0 0 0
#Transform 75
Transform: MatrixOffsetTransformBase_double_3_3
Parameters: 0.9999984819495814 0.0011874639856025188 -0.0010526059987961296 -0.0011867437200970875 0.9999997123527026 0.00034227868302671993 0.001053417974157456 -0.00034172088262239553 0.9999995356692941 0.018961030927769684 -0.13478140362420277 -0.5345819355511239
FixedParameters: 0 0 0
#Transform 76
Transform: MatrixOffsetTransformBase_double_3_3
Parameters: 0.9999989641379892 0.0009578808324277948 -0.0010573482539232796 -0.0009589753097129504 0.9999993348546093 -0.0009299726502292327 0.0010566775095580208 0.0009310276607230189 0.9999988976213988 0.01564122481420327 0.05972014995531083 -0.5146449458417734
FixedParameters: 0 0 0
#Transform 77
Transform: MatrixOffsetTransformBase_double_3_3
Parameters: 0.9999991695851388 0.000857164556691953 -0.001047047378877204 -0.0008604547020042344 0.9999939862572899 -0.003357101489741929 0.0010437456513026457 0.0033588970962353526 0.9999936309311308 0.02033483980432038 0.21872610219428168 -0.5156630300473992
FixedParameters: 0 0 0
#Transform 78
Transform: MatrixOffsetTransformBase_double_3_3
Parameters: 0.9999993229717318 0.0008503024098001563 -0.000976385328218324 -0.0008524866512624941 0.9999973546456337 -0.0020132743809057607 0.0009751825448258653 0.0020137262724857496 0.9999978599489076 0.02409708613794237 0.1342227158023661 -0.5059457836228631
FixedParameters: 0 0 0
#Transform 79
Transform: MatrixOffsetTransformBase_double_3_3
Parameters: 0.9999980992242303 0.0009074069952383068 -0.0014410331454513114 -0.0009089434398072805 0.9999997292906507 -0.0008357825063399077 0.0014406275673854271 0.0008362187590123527 0.999998972139812 0.022862896435540847 0.12736632271470683 -0.5004181600914563
FixedParameters: 0 0 0
#Transform 80
Transform: MatrixOffsetTransformBase_double_3_3
Parameters: 0.9999995491262517 0.0007377406345759451 -0.0009520532557802116 -0.0007404895059558697 0.9999952670584757 -0.0028844018062050003 0.0009501352154881187 0.0028845980825468326 0.9999956413471539 0.016627230072785437 0.22277159972128402 -0.5500872647278285
FixedParameters: 0 0 0
#Transform 81
Transform: MatrixOffsetTransformBase_double_3_3
Parameters: 0.9999995169108038 0.0010576984982788493 -0.0006032342079237256 -0.001059327093234983 0.9999979565895629 -0.0019762438664321924 0.0006011544909364082 0.001977757267089847 0.9999977432510168 0.03234152140149149 0.13402840771672686 -0.5660692574772099
FixedParameters: 0 0 0
#Transform 82
Transform: MatrixOffsetTransformBase_double_3_3
Parameters: 0.9999995941269895 0.000834946714310835 -0.0008417417961553708 -0.0008362763646421602 0.9999985882763747 -0.0013082964447530404 0.000840667055375837 0.0013097022887769705 0.9999985788878458 0.02167475095021132 0.016949636739639118 -0.47304353996926807
FixedParameters: 0 0 0
#Transform 83
Transform: MatrixOffsetTransformBase_double_3_3
Parameters: 0.9999993755411472 0.0007284174967939132 -0.0003057384598307085 -0.0007294567055510731 0.9999982006198084 -0.0015057765717960414 0.00030453565426899546 0.001506221427005322 0.9999986388491922 0.01688108826211021 0.040133817728886356 -0.5308374916630285
FixedParameters: 0 0 0
#Transform 84
Transform: MatrixOffsetTransformBase_double_3_3
Parameters: 0.9999998147582985 0.0008468772582475477 -0.00068354994208528 -0.0008485361407844588 0.9999981661707497 -0.0017644215430072802 0.0006826631841730826 0.001765579695332628 0.9999984181287168 0.017662611956808405 0.07128471060079278 -0.567906193378235
FixedParameters: 0 0 0
#Transform 85
Transform: MatrixOffsetTransformBase_double_3_3
Parameters: 0.9999985944449182 0.0012539291600556315 -0.0009128499712511258 -0.0012544726321905677 0.9999990633393485 -0.000775827072691207 0.0009120163399942568 0.0007761735553094701 0.9999993267524789 0.02444727791744583 -0.08875973369032408 -0.5368259023055728
FixedParameters: 0 0 0
#Transform 86
Transform: MatrixOffsetTransformBase_double_3_3
Parameters: 0.9999992922514974 0.000938361077229143 -0.0009094143035530607 -0.0009387242368330763 0.9999997766864719 -0.0006791329226480958 0.0009092517147513417 0.0006798686850464225 0.9999995921231745 0.024577300781004396 0.044388461790376255 -0.4976035789260109
FixedParameters: 0 0 0
#Transform 87
Transform: MatrixOffsetTransformBase_double_3_3
Parameters: 0.9999995972861726 0.000688911708544437 -0.0009636818723201745 -0.0006894966318237541 0.9999988686723222 -0.0008184550799734402 0.0009626730900158196 0.000819544200673844 0.9999993870920924 0.009892708300185404 0.08200631893818411 -0.4784631978502887
FixedParameters: 0 0 0
#Transform 88
Transform: MatrixOffsetTransformBase_double_3_3
Parameters: 0.999998620363652 0.0007295735016814874 -0.001359155050256564 -0.0007342969416363837 0.9999934979793642 -0.003478109936979043 0.0013566491563952606 0.003478888076162409 0.9999929223791293 -0.00013287300858166873 0.19695086147709162 -0.5125126023041631
FixedParameters: 0 0 0
#Transform 89
Transform: MatrixOffsetTransformBase_double_3_3
Parameters: 0.9999987487542095 0.0010086248705592378 -0.0011106597206059804 -0.0010097696606829153 0.9999992754175338 -0.0009078651221013229 0.001109938899044164 0.0009091350136851556 0.9999988225908392 0.02136343982594724 0.08279211881260551 -0.5071660650234193
FixedParameters: 0 0 0
#Transform 90
Transform: MatrixOffsetTransformBase_double_3_3
Parameters: 0.9999998860202028 0.0007424717161990282 -0.0007500201115391647 -0.0007434185541354246 0.9999990947209377 -0.0012134286273301903 0.0007493298754499489 0.0012135714300831463 0.999998846132711 0.009385556491807279 0.0984185527978525 -0.5177132358426206
FixedParameters: 0 0 0
#Transform 91
Transform: MatrixOffsetTransformBase_double_3_3
Parameters: 0.9999985399443061 0.0010257995911481757 -0.0011865356035403755 -0.0010315822310187665 0.9999884556583394 -0.004753768183031332 0.001181445564762232 0.004755232995420022 0.9999878734566315 0.030551757818088277 0.21577656360535968 -0.504042748549665
FixedParameters: 0 0 0
#Transform 92
Transform: MatrixOffsetTransformBase_double_3_3
Parameters: 0.9999985520934939 0.0010383592397025655 -0.0011704462078921288 -0.001045198316304348 0.999985341843919 -0.005274873240834949 0.0011641471971012012 0.0052751246011985276 0.9999855585902416 0.02576705154970682 0.19094313469413748 -0.5256900487391434
FixedParameters: 0 0 0
#Transform 93
Transform: MatrixOffsetTransformBase_double_3_3
Parameters: 0.9999990075934088 0.0012254765836324753 -0.0007006750736092698 -0.0012280477534370937 0.9999903755160775 -0.004254024073545637 0.0006956796068360651 0.004255975618546529 0.9999904218474188 0.03583054766383498 0.08859437978398432 -0.4633336024920496
FixedParameters: 0 0 0
#Transform 94
Transform: MatrixOffsetTransformBase_double_3_3
Parameters: 0.9999991476318543 0.0007812000562655908 -0.0004915791375025944 -0.0007830055298291896 0.9999965918572373 -0.0026066182256305054 0.0004896068928274367 0.0026073856213557067 0.9999969628408069 0.0213846348167408 0.037802133925296744 -0.4340903406766614
FixedParameters: 0 0 0
#Transform 95
Transform: MatrixOffsetTransformBase_double_3_3
Parameters: 0.9999993496808525 0.0007052783549559324 -0.00039125795910243235 -0.0007057848316443081 0.9999985045036025 -0.001765710980723853 0.00038987961580868685 0.0017652909668936373 0.9999986111877338 0.022165405577510455 0.08952124903893832 -0.5043729209086578
FixedParameters: 0 0 0
#Transform 96
Transform: MatrixOffsetTransformBase_double_3_3
Parameters: 0.9999985215107406 0.0010808843138135095 -0.0011444705603888715 -0.0010862265748294738 0.9999904421818335 -0.004300748846947214 0.0011397203923093713 0.00430225278328665 0.9999900733233418 0.027493269643343865 0.1904585559744021 -0.5466468651768395
FixedParameters: 0 0 0
#Transform 97
Transform: MatrixOffsetTransformBase_double_3_3
Parameters: 0.9999989876441052 0.0008618156560193967 -0.0011264364821099685 -0.0008669661392787665 0.999992204916193 -0.0038940122239287805 0.0011231625317551278 0.0038949856395599086 0.999991448345589 0.022701248534104934 0.1440153085496405 -0.5041327846861847
FixedParameters: 0 0 0
#Transform 98
Transform: MatrixOffsetTransformBase_double_3_3
Parameters: 0.9999991084696382 0.0007912746263958758 -0.0005152996401898303 -0.000792714317099517 0.9999973147414799 -0.0022485936306333165 0.0005128501323303215 0.00224940792633381 0.9999976777076339 0.03736521609027932 0.07738254367198749 -0.4599442264144784
FixedParameters: 0 0 0
#Transform 99
Transform: MatrixOffsetTransformBase_double_3_3
Parameters: 0.9999989082939105 0.0011523534930630809 -0.0008740334382793314 -0.0011558023683381207 0.9999919284951423 -0.003979860685681819 0.0008692973560120183 0.003981140041567979 0.9999912908937468 0.03723393425575239 0.17676410311219115 -0.4299489066853681
FixedParameters: 0 0 0
#Transform 100
Transform: MatrixOffsetTransformBase_double_3_3
Parameters: 0.9999997621177049 0.0010946361378568138 -0.0001983084530339398 -0.0010948975446487279 0.99999966031856 -0.00035566391621130733 0.00019852173207137884 0.00035633688718102186 0.9999998483268402 0.02913417377209271 0.12307443556841235 -0.3878545608489503
FixedParameters: 0 0 0
#Transform 101
Transform: MatrixOffsetTransformBase_double_3_3
Parameters: 0.9999994127952065 0.0007575571801122821 -0.0001159169324289838 -0.0007578805961333125 0.9999909450315518 -0.004180914315381312 0.00011267926217684238 0.004181087535608988 0.9999915060759756 0.01762665360249116 0.2277238223408773 -0.488174088556967
FixedParameters: 0 0 0
#Transform 102
Transform: MatrixOffsetTransformBase_double_3_3
Parameters: 0.999998281294087 0.001091980165050669 -0.0012347990558691027 -0.0010989856300662687 0.9999850874439269 -0.005368634806748818 0.0012298320817691823 0.005370363664845959 0.9999845303430794 0.018476618159397162 0.23198210920040196 -0.5833717958167526
FixedParameters: 0 0 0
#Transform 103
Transform: MatrixOffsetTransformBase_double_3_3
Parameters: 0.9999989884208603 0.0010579344369921362 -0.0009443183795575636 -0.0010627486643026362 0.9999872633069287 -0.0048709832957634785 0.0009395518796572432 0.004872009729895405 0.9999872618182223 0.026294666211740036 0.1363242942526739 -0.5504789569475435
FixedParameters: 0 0 0
#Transform 104
Transform: MatrixOffsetTransformBase_double_3_3
Parameters: 0.9999994796179017 0.0007911978475260474 -0.0009462414827031073 -0.0007923843257505342 0.999997914870846 -0.002139238821994238 0.0009442065683805152 0.002139764532308408 0.9999974098056786 0.015749655622329328 0.03131029990129264 -0.497041481179636
FixedParameters: 0 0 0
#Transform 105
Transform: MatrixOffsetTransformBase_double_3_3
Parameters: 0.9999990999431888 0.0007921047476926368 -0.0005222444081586495 -0.0007935668393866919 0.9999974708359207 -0.0022405733252965215 0.0005198045952660895 0.0022404283706053962 0.9999975894082054 0.023850697501899276 0.0842707549737014 -0.5002858991748766
FixedParameters: 0 0 0
#Transform 106
Transform: MatrixOffsetTransformBase_double_3_3
Parameters: 0.9999994645743338 0.0007316304997676313 -0.00001194685788456357 -0.0007316538283608877 0.9999993768534132 -0.0010429922094129795 0.000010420647983523945 0.001043008576432719 0.9999999120213896 0.03399130067025169 0.0849945956214384 -0.3838210320370692
FixedParameters: 0 0 0
#Transform 107
Transform: MatrixOffsetTransformBase_double_3_3
Parameters: 0.9999992070866903 0.0007817402465734356 -0.00042637409716147833 -0.0007819780392052877 0.9999993108558958 -0.0002786665625723189 0.0004259378171392503 0.00027933295154579374 0.99999974054893 0.01637305918782772 0.0923841492091384 -0.40986607823647603
FixedParameters: 0 0 0
#Transform 108
Transform: MatrixOffsetTransformBase_double_3_3
Parameters: 0.9999984514764916 0.001114924811992291 -0.0011424809751900146 -0.0011201737753642983 0.9999906501653701 -0.004267713381859092 0.0011375121136180126 0.004269290275623158 0.9999903609219376 0.017812176330451734 0.2260081996044363 -0.5261632090211279
FixedParameters: 0 0 0
#Transform 109
Transform: MatrixOffsetTransformBase_double_3_3
Parameters: 0.9999997330343992 0.0005125285647086556 -0.0010023916439370788 -0.0005174134066177851 0.9999906902230247 -0.0043634855142254125 0.000999370250269062 0.004364516379471703 0.9999899536178158 0.021594582668925 0.1763076571694313 -0.47074011598166265
FixedParameters: 0 0 0
#Transform 110
Transform: MatrixOffsetTransformBase_double_3_3
Parameters: 0.9999989843998166 0.0008028746291973947 -0.0006091106125204752 -0.0008039409357845921 0.9999979345662364 -0.0015934950166242579 0.0006076630416908422 0.0015935014530908537 0.9999979713506043 0.017303950534369505 0.074478784482082 -0.48380458011369143
FixedParameters: 0 0 0
#Transform 111
Transform: MatrixOffsetTransformBase_double_3_3
Parameters: 0.9999995375856946 0.0007556528355286455 -0.000944067550485214 -0.0007588585994532403 0.9999944914489595 -0.0031512837873670513 0.0009416397204173182 0.0031527117605231747 0.9999941758865672 0.01118405734631267 0.1848336312384049 -0.46844868648128113
FixedParameters: 0 0 0
#Transform 112
Transform: MatrixOffsetTransformBase_double_3_3
Parameters: 0.9999986810445822 0.0008758040173078025 -0.0012455968866964112 -0.0008808179769980228 0.9999924056955408 -0.0038648925075076834 0.0012423855908431007 0.00386610661285805 0.999991391043166 0.027745596351863355 0.17125094984479006 -0.5187914149583648
FixedParameters: 0 0 0
#Transform 113
Transform: MatrixOffsetTransformBase_double_3_3
Parameters: 0.9999993291277482 0.0008468870882782774 -0.0009763753004338373 -0.0008488313337826384 0.9999983311455398 -0.0014432773772421331 0.0009750404206673457 0.0014437222393239857 0.9999988305945893 0.014411370497853682 0.03495739428996103 -0.5081880728248152
FixedParameters: 0 0 0
#Transform 114
Transform: MatrixOffsetTransformBase_double_3_3
