#Insight Transform File V1.0
#Transform 0
Transform: MatrixOffsetTransformBase_double_3_3
Parameters: 0.9999991128592843 0.0009198580275876455 -0.00020403459044511762 -0.0009187247848137195 0.99999751821591 0.0021773217120962807 0.00020605259164645465 -0.002177677326118066 0.9999971116199193 0.006683028656780721 -0.0903876317008212 -0.5289384261511216
FixedParameters: 0 0 0
#Transform 1
Transform: MatrixOffsetTransformBase_double_3_3
Parameters: 0.9999987759406775 0.0013451049299057283 -0.0006439285297135006 -0.001343506166112726 0.9999960651396044 0.0024970007359618185 0.0006474221104719778 -0.0024959973673154556 0.9999962457551438 0.018018399920066486 -0.09515428596114361 -0.5137897926223403
FixedParameters: 0 0 0
#Transform 2
Transform: MatrixOffsetTransformBase_double_3_3
Parameters: 0.999999070332706 0.0009362078411230968 -0.00023014021901559493 -0.0009359066519268459 0.9999970514812875 0.0022782316622737137 0.00023230018498740922 -0.0022787699302454223 0.9999976357075434 0.03702551161788392 -0.10464505945154201 -0.5153420799644195
FixedParameters: 0 0 0
#Transform 3
Transform: MatrixOffsetTransformBase_double_3_3
Parameters: 0.999999332454213 0.0012156408870948835 -0.00043629197344629704 -0.0012141301627396491 0.9999965168923889 0.0024486514459638314 0.00043914165065758005 -0.0024473493623957815 0.9999968301292306 0.03662706071355615 -0.08287664965045849 -0.49415390933145886
FixedParameters: 0 0 0
#Transform 4
Transform: MatrixOffsetTransformBase_double_3_3
Parameters: 0.9999991954640233 0.0012203364861666816 -0.0005616914319537197 -0.0012218706502496776 0.9999956528652927 -0.0028211829151445628 0.0005580192697170315 0.0028218176056036964 0.9999956208340847 0.01688373341576721 0.01086978411177597 -0.672378854783922
FixedParameters: 0 0 0
#Transform 5
Transform: MatrixOffsetTransformBase_double_3_3
Parameters: 0.9999983758074285 0.001254039696972114 -0.001025945840626431 -0.001256212358184385 0.9999955717521581 -0.002822702483070788 0.001022316937215195 0.0028243021882362745 0.9999958596955517 0.01572836119125043 0.012291646237372333 -0.6990491197926829
FixedParameters: 0 0 0
#Transform 6
Transform: MatrixOffsetTransformBase_double_3_3
Parameters: 0.999999468153545 0.0012111621639425423 0.0002550304263008193 -0.0012111492687241422 0.9999994505490527 -0.000261189856201563 -0.00025466989769454013 0.0002608110636138916 0.9999998813621959 0.017041120134294374 -0.22944403831809268 -0.5902654471798883
FixedParameters: 0 0 0
#Transform 7
Transform: MatrixOffsetTransformBase_double_3_3
Parameters: 0.9999993496649278 0.0012842713455664435 0.000011768250791100804 -0.0012849563635031537 0.9999952741371523 0.0026599873346368486 -0.000008032501979623444 -0.00266001277731083 0.9999969242969217 0.038794777631835586 -0.12590780994803197 -0.5773916956670035
FixedParameters: 0 0 0
#Transform 8
Transform: MatrixOffsetTransformBase_double_3_3
Parameters: 0.9999997137864728 0.0010166868097962307 -0.0005025260392637831 -0.0010151511853375747 0.9999941396459237 0.003135510675506964 0.0005056773188810189 -0.0031344864258088523 0.9999949176452092 0.027081946749021313 -0.1344924585174141 -0.52635049705178
FixedParameters: 0 0 0
#Transform 9
Transform: MatrixOffsetTransformBase_double_3_3
Parameters: 0.9999995995352484 0.0005973060810681393 -0.00020902162077666352 -0.0005975018791606941 0.9999994231492143 -0.000468875005531319 0.00020846125372995502 0.0004691244125085009 0.9999997364643067 0.02520227934358843 -0.10352228691802168 -0.6112044793241296
FixedParameters: 0 0 0
#Transform 10
Transform: MatrixOffsetTransformBase_double_3_3
Parameters: 0.999999491109887 0.0011978051142681305 -0.000272912558074207 -0.001197916701895477 0.9999980289555433 -0.0015875545644850053 0.0002712137961769929 0.0015884448892140302 0.9999984186623083 0.03636672908972116 -0.010012618997706113 -0.612546280991559
FixedParameters: 0 0 0
#Transform 11
Transform: MatrixOffsetTransformBase_double_3_3
Parameters: 0.9999993791455926 0.0011465233271315712 -0.0005532078282549476 -0.001147769199491536 0.999997529033926 -0.0018093519236351135 0.0005511619489954166 0.0018096476678202966 0.9999983015239519 0.036924666747680135 0.008000520570519143 -0.6143460810903321
FixedParameters: 0 0 0
#Transform 12
Transform: MatrixOffsetTransformBase_double_3_3
Parameters: 0.9999985383642468 0.0014094508038315042 -0.0006895978436203629 -0.001409551961221582 0.9999986334303567 -0.0007060146021377334 0.0006887191052073519 0.0007069862102780239 0.9999999066481946 0.038153556672639866 -0.13142907848518348 -0.6557694496028432
FixedParameters: 0 0 0
#Transform 13
Transform: MatrixOffsetTransformBase_double_3_3
Parameters: 0.999999316111936 0.0011520337827867692 -0.00059753519573876 -0.001152950843898736 0.999998525098344 -0.001500178493189383 0.0005951894540797223 0.0015008205027066956 0.9999982880104108 0.04434050466943518 -0.018285128382217408 -0.6189893170387251
FixedParameters: 0 0 0
#Transform 14
Transform: MatrixOffsetTransformBase_double_3_3
Parameters: 0.9999993855898817 0.001146505830199891 -0.0005470408550253554 -0.0011474579879064354 0.9999991053134617 -0.000760373373781903 0.0005462879006184866 0.0007616274046608612 1.0000001220336694 0.05006385076214315 -0.15180275577326086 -0.6565479760159931
FixedParameters: 0 0 0
#Transform 15
Transform: MatrixOffsetTransformBase_double_3_3
Parameters: 0.9999995186194316 0.001133773300106832 -0.0004420006483445559 -0.0011347220034882404 0.9999989519695092 -0.0009384850690721813 0.0004408644178550637 0.000938515324144365 0.9999998050841754 0.05304157890731176 -0.18599478123144308 -0.6047479160847118
FixedParameters: 0 0 0
#Transform 16
Transform: MatrixOffsetTransformBase_double_3_3
Parameters: 0.999998595220212 0.001326590020011466 -0.0008034095537016098 -0.001327424459424689 0.9999977742617892 -0.0016069213754328349 0.0008013690028766871 0.0016080797994450502 0.999998652837626 0.04105691656417321 -0.09274132612414121 -0.7661066252126716
FixedParameters: 0 0 0
#Transform 17
Transform: MatrixOffsetTransformBase_double_3_3
Parameters: 0.999998864025087 0.0013580402300158306 -0.0005399870401559185 -0.0013583191911206698 0.9999983616354602 -0.0009552531298116923 0.0005394972028301198 0.0009557481316287975 0.9999996764266986 0.044456662615814935 -0.197807706047314 -0.6876350178291375
FixedParameters: 0 0 0
#Transform 18
Transform: MatrixOffsetTransformBase_double_3_3
Parameters: 0.9999991643058206 0.0012057098339631012 -0.0006180272847258546 -0.0012061514118552798 0.9999995227602793 -0.00035712117708293356 0.0006171650405030591 0.00035787813401569335 0.9999993859333832 0.04594890495681625 -0.22490162971729433 -0.6555079776075132
FixedParameters: 0 0 0
#Transform 19
Transform: MatrixOffsetTransformBase_double_3_3
Parameters: 0.9999984140391674 0.0014249514021701082 -0.0007455777239414561 -0.0014256150204895706 0.9999980238424395 -0.0010309236236153846 0.0007437502510078402 0.0010320752085248436 0.9999992622115977 0.037983814238629066 -0.13836124522386228 -0.6470234549012304
FixedParameters: 0 0 0
#Transform 20
Transform: MatrixOffsetTransformBase_double_3_3
Parameters: 0.9999991918340871 0.0010039076788272226 -0.0008944818458864209 -0.001005396124168812 0.9999977181953693 -0.001808102005048412 0.0008930727960342357 0.0018098978811573185 0.9999979286690253 0.05412460774697081 -0.007345253994159862 -0.6202591132237956
FixedParameters: 0 0 0
#Transform 21
Transform: MatrixOffsetTransformBase_double_3_3
Parameters: 0.9999991352915953 0.0012362313741702748 -0.0005804080077140663 -0.0012360810933460707 0.9999992036797793 -0.0006222691391217783 0.000579981881751616 0.0006227324288688163 1.0000001565982264 0.04377027292403568 -0.14016598208189635 -0.6707496915452822
FixedParameters: 0 0 0
#Transform 22
Transform: MatrixOffsetTransformBase_double_3_3
Parameters: 1.000000019061674 0.0009362240885053915 -0.0003224769529421817 -0.0009367900002276102 0.9999997496195332 -0.0006915645675976967 0.00032217451798060757 0.0006914356884544365 0.9999993130972875 0.042016451907059604 -0.10579819312593486 -0.629512037017598
FixedParameters: 0 0 0
#Transform 23
Transform: MatrixOffsetTransformBase_double_3_3
Parameters: 0.9999982703454501 0.0013028420095557679 -0.0010154308715676955 -0.0013048525768696662 0.9999985655668852 -0.0013606634992168049 0.001013986137456065 0.0013623384213495848 0.9999989974074408 0.05684424289223955 -0.10273229346181267 -0.6970353699586838
FixedParameters: 0 0 0
#Transform 24
Transform: MatrixOffsetTransformBase_double_3_3
Parameters: 0.9999987311646897 0.0012696089360741975 -0.000810767179191764 -0.0012712309315225264 0.9999971768155719 -0.0020799583699314533 0.0008077067352298965 0.0020810433846031595 0.9999978973708464 0.05838598471743239 -0.026535051078681704 -0.6612796317092915
FixedParameters: 0 0 0
#Transform 25
Transform: MatrixOffsetTransformBase_double_3_3
Parameters: 0.9999986657505971 0.0014210743176469023 -0.0005616147244752177 -0.0014212622189600274 0.9999982055777156 -0.0009451884096725316 0.0005600401817243017 0.0009458113387571104 0.999999672231354 0.043755755590780154 -0.2269435199521297 -0.6395407619242803
FixedParameters: 0 0 0
#Transform 26
Transform: MatrixOffsetTransformBase_double_3_3
Parameters: 0.999999359380306 0.0010867776569710669 -0.0006780322559716263 -0.0010868336800475846 0.9999993496301465 -0.000684264139166682 0.0006776562217467274 0.0006857375113455966 1.0000000712990906 0.04748945155759543 -0.12824369981969141 -0.65608021622878
FixedParameters: 0 0 0
#Transform 27
Transform: MatrixOffsetTransformBase_double_3_3
Parameters: 0.999998775376145 0.0013454362410584358 -0.000644113106110573 -0.001345672385888361 0.9999985665689349 -0.0008611198842579798 0.0006429076033145475 0.0008618805089301435 0.99999972444138 0.06249827492605675 -0.17628074802891547 -0.6489095687552435
FixedParameters: 0 0 0
#Transform 28
Transform: MatrixOffsetTransformBase_double_3_3
Parameters: 0.9999995994723289 0.001142838273526097 -0.0003066062650281051 -0.0011433392539726653 0.9999994119223414 -0.0006215161263523755 0.00030617815873383786 0.0006214839936681815 0.9999994150252369 0.05133923201503876 -0.10559866717117927 -0.6530262945279119
FixedParameters: 0 0 0
#Transform 29
Transform: MatrixOffsetTransformBase_double_3_3
Parameters: 0.9999984682356207 0.0014331683318114154 -0.0006912238829921412 -0.0014335752101484404 0.9999989635482075 -0.0002938756464703346 0.0006903796223664773 0.0002951234002363107 0.9999993312271938 0.06035277684270568 -0.1783504731485266 -0.6550737336329533
FixedParameters: 0 0 0
#Transform 30
Transform: MatrixOffsetTransformBase_double_3_3
Parameters: 0.9999986741166494 0.0013545275803946775 -0.0007010979924159173 -0.0013544882665135847 0.9999989167125171 -0.0005939170541930383 0.0007006003706730033 0.0005950830681028668 0.9999990505433611 0.05849878795065422 -0.09510026286712048 -0.6587667686637673
FixedParameters: 0 0 0
#Transform 31
Transform: MatrixOffsetTransformBase_double_3_3
Parameters: 0.9999992703294114 0.0012927226047584053 -0.0002426439138853984 -0.0012917485816333583 0.9999940945651926 0.0030393157554492733 0.0002464069726405467 -0.003038683789970062 0.9999957046733262 0.05657877397896982 -0.12337585975281229 -0.5001832178087966
FixedParameters: 0 0 0
#Transform 32
Transform: MatrixOffsetTransformBase_double_3_3
Parameters: 0.9999982178338369 0.0013298583898411077 -0.0010062429875857457 -0.0013319883532654988 0.9999982929873692 -0.001432648048659363 0.001004532871681947 0.0014343531103980373 0.9999988149954141 0.053256178840698 0.02551989133503696 -0.6655241582970035
FixedParameters: 0 0 0
#Transform 33
Transform: MatrixOffsetTransformBase_double_3_3
Parameters: 0.9999995247326594 0.0009830686382684692 -0.0007139570090367325 -0.000983498384611281 0.9999991574168485 -0.0009972843932597036 0.000712115490684598 0.0009977154945430278 0.9999993773021976 0.04922191498479833 -0.12543784896602972 -0.6208418026231328
FixedParameters: 0 0 0
#Transform 34
Transform: MatrixOffsetTransformBase_double_3_3
Parameters: 0.9999991864011767 0.001158463740073132 -0.0006874798009507662 -0.0011583384179182387 0.9999993785831902 -0.0006311902435653105 0.0006861368720675573 0.0006318103091831895 1.0000000102329636 0.05412194958641692 -0.15614597869702607 -0.6508701153805632
FixedParameters: 0 0 0
#Transform 35
Transform: MatrixOffsetTransformBase_double_3_3
Parameters: 0.9999993137736707 0.0012897824776006077 -0.0001546882457051815 -0.0012884392042099913 0.9999958226322753 0.002760336811455419 0.00015783440694378076 -0.0027606665397779256 0.9999962503765212 0.06596767203915022 -0.09867062847739305 -0.5231902360872169
FixedParameters: 0 0 0
#Transform 36
Transform: MatrixOffsetTransformBase_double_3_3
Parameters: 0.999999367156928 0.0012324322349786794 -0.0003376651460657308 -0.0012311016138376026 0.9999916394469521 0.003993553596500776 0.000342299243036598 -0.003993448644398753 0.999991831476508 0.06759042153828432 -0.1240950355173851 -0.49893586679802837
FixedParameters: 0 0 0
#Transform 37
Transform: MatrixOffsetTransformBase_double_3_3
Parameters: 0.9999981805980139 0.0014155743774921354 -0.0009037948744171494 -0.001415016206723471 0.9999990583644022 -0.000239707148220053 0.0009032342486310727 0.00024129349682414092 1.0000000065529575 0.0646313349773493 -0.07553303920036569 -0.6604850403902347
FixedParameters: 0 0 0
#Transform 38
Transform: MatrixOffsetTransformBase_double_3_3
Parameters: 0.99999941828514 0.0007418525278930702 -0.00017786244021074802 -0.0007415824285885623 0.9999992717692793 0.0004221318241845462 0.00017749569029806424 -0.00042186824954651425 0.9999997903478297 0.06447035192253736 -0.17737645671067526 -0.6144534967208486
FixedParameters: 0 0 0
#Transform 39
Transform: MatrixOffsetTransformBase_double_3_3
Parameters: 0.9999991353637634 0.0009165235835062555 -0.00015690765377945312 -0.0009164811835548954 0.9999991417971332 0.000135143800447865 0.00015715510602568354 -0.00013485596118245624 0.9999999571166626 0.07032641517137961 -0.14984794878364482 -0.6614444910707107
FixedParameters: 0 0 0
#Transform 40
Transform: MatrixOffsetTransformBase_double_3_3
Parameters: 0.9999982743666154 0.0016500601288145064 0.00006141009617422892 -0.0016497479088760387 0.9999921250632705 0.0034840209543495204 -0.000055870071817954163 -0.0034839759277756066 0.9999938727120756 0.09317490732483691 -0.1376729291364427 -0.5522603753787223
FixedParameters: 0 0 0
#Transform 41
Transform: MatrixOffsetTransformBase_double_3_3
Parameters: 1.0000001352644738 0.000917054408637832 -0.00015378415031911468 -0.0009165853135296454 0.9999935991864163 0.003542261828456461 0.0001571805100068502 -0.0035417382022657345 0.9999934444657349 0.08732771924803728 -0.10553436163914398 -0.518818476531365
FixedParameters: 0 0 0
#Transform 42
Transform: MatrixOffsetTransformBase_double_3_3
Parameters: 0.9999992432967281 0.0012802931735415395 0.00034342613761449454 -0.001281362756381433 0.9999909793854559 0.00390654839765113 -0.00033826263878653157 -0.003906450399555547 0.9999927423022589 0.09682269883573724 -0.07666994474418232 -0.5665711086757241
FixedParameters: 0 0 0
#Transform 43
Transform: MatrixOffsetTransformBase_double_3_3
Parameters: 0.9999987187568029 0.0013552156245149132 -0.0006664405990750509 -0.001353935203263335 0.9999952751675382 0.002828038857363449 0.0006697692965660753 -0.002826961462745567 0.9999954540349199 0.08445152006147794 -0.11057020153951669 -0.5853964021800522
FixedParameters: 0 0 0
#Transform 44
Transform: MatrixOffsetTransformBase_double_3_3
Parameters: 0.999997944388208 0.0003944973645860417 -0.0017029322675176162 -0.00039438836914975614 0.9999998578232603 0.000032552383139553 0.0017029575119652323 -0.00003144748522782015 0.9999980845169859 0.08304330023138107 -0.10162056879649128 -0.6344947312610287
FixedParameters: 0 0 0
#Transform 45
Transform: MatrixOffsetTransformBase_double_3_3
Parameters: 0.9999985412625035 0.0015572323926929582 -0.00018374606400035632 -0.0015573516789589806 0.9999985737240114 -0.0003255804337715801 0.0001827322611829405 0.0003254185476122412 0.9999997556382917 0.09499963046096127 -0.12480188599822384 -0.6814280291349206
FixedParameters: 0 0 0
#Transform 46
Transform: MatrixOffsetTransformBase_double_3_3
Parameters: 0.9999983897947616 0.0014270999606737572 -0.0007573560055017439 -0.001427464079667405 0.9999990098585825 -0.00023978542687069782 0.0007566694782517847 0.0002412137707999834 0.9999992642559423 0.08913979618849055 -0.18287685638350126 -0.6482424712372747
FixedParameters: 0 0 0
#Transform 47
Transform: MatrixOffsetTransformBase_double_3_3
Parameters: 0.9999980071090029 0.0015109989568838041 -0.0008421017791213111 -0.0015120868361802626 0.9999986243295639 -0.0010925949394251094 0.0008409016764168394 0.0010944062770294055 0.9999989912911398 0.08929955990224414 -0.0998118031011046 -0.7846548382050145
FixedParameters: 0 0 0
#Transform 48
Transform: MatrixOffsetTransformBase_double_3_3
Parameters: 0.9999998455175235 0.000956926506145843 -0.0004892604808123881 -0.0009564537182984318 1.0000000596172742 0.0003606019676680866 0.0004889574938175577 -0.00036039871824718184 0.9999995259796977 0.09687286687587005 -0.24814699319738054 -0.6535164250392427
FixedParameters: 0 0 0
#Transform 49
Transform: MatrixOffsetTransformBase_double_3_3
Parameters: 0.9999988862693449 0.0012787104668436982 -0.0006912235600424679 -0.0012798053438814157 0.999998985037093 -0.000705101994457169 0.0006904112788953454 0.0007058983297683896 0.9999999057710314 0.08840181242990752 -0.17544878433831457 -0.6602660603155428
FixedParameters: 0 0 0
#Transform 50
Transform: MatrixOffsetTransformBase_double_3_3
Parameters: 0.9999993164905215 0.0012918141564255139 0.00012193771573578254 -0.0012920483161674246 0.9999944598716194 0.002975962141169311 -0.00011821915787854294 -0.0029760338801255587 0.9999951434323009 0.08896783697248623 -0.12070243781236911 -0.5687455686874472
FixedParameters: 0 0 0
#Transform 51
Transform: MatrixOffsetTransformBase_double_3_3
Parameters: 0.9999989682585659 0.0013924166089123067 -0.00030625346995397627 -0.0013921411384458402 0.9999982253212512 -0.0009775602392139426 0.0003046444511507357 0.0009774396467090718 0.9999998319238824 0.07458558781956981 -0.16152788623571723 -0.6514866452666865
FixedParameters: 0 0 0
#Transform 52
Transform: MatrixOffsetTransformBase_double_3_3
Parameters: 0.9999993429962063 0.0009944629314920792 -0.0008172929629112517 -0.0009961014340173606 0.9999978334211528 -0.002072174991837039 0.0008153932974315609 0.0020728288460159783 0.9999979190421864 0.07468600109251611 0.014076830060730572 -0.682148818487903
FixedParameters: 0 0 0
#Transform 53
Transform: MatrixOffsetTransformBase_double_3_3
Parameters: 0.9999997223135396 0.0010905782654796053 -0.000297197612065621 -0.0010906142162116985 0.9999999117747184 -0.0000605422329539862 0.0002970656460096339 0.000060457733003449476 0.9999998032185552 0.07039207934923297 -0.1981194269758646 -0.617175762842308
FixedParameters: 0 0 0
#Transform 54
Transform: MatrixOffsetTransformBase_double_3_3
Parameters: 0.9999991093981788 0.0009218186636186146 -0.00020211921046396544 -0.0009219997935728917 0.9999999340511261 -0.00044869473718470165 0.00020129133256735187 0.00044930518001833064 0.9999997721450946 0.06887859750499103 -0.07950205375227881 -0.6748777237147792
FixedParameters: 0 0 0
#Transform 55
Transform: MatrixOffsetTransformBase_double_3_3
Parameters: 0.9999986647547191 0.0015272491177744669 -0.00005170168446374959 -0.001527070298764151 0.9999908042015178 0.004103322263343798 0.00005815693026361848 -0.0041026774311745395 0.9999911911755263 0.08208934866630102 -0.10641354368675593 -0.549577365206666
FixedParameters: 0 0 0
#Transform 56
Transform: MatrixOffsetTransformBase_double_3_3
Parameters: 0.999998197272779 0.001642222097888542 -0.0003236246446523997 -0.0016419117185108678 0.9999946605392289 0.002783668545798354 0.00032855474870429723 -0.0027833302279045707 0.9999960409514641 0.09427064957718301 -0.09481045100899621 -0.6045250825797055
FixedParameters: 0 0 0
#Transform 57
Transform: MatrixOffsetTransformBase_double_3_3
Parameters: 0.999998763990113 0.0006431850556754302 -0.0016799803325448742 -0.000647612265350424 0.9999965360943565 -0.00246415529645673 0.0016782718117323192 0.002465845651159565 0.9999960754154882 0.07721175335215946 0.03801659203696772 -0.7637577501530899
FixedParameters: 0 0 0
#Transform 58
Transform: MatrixOffsetTransformBase_double_3_3
Parameters: 0.9999985989763674 0.0014248979472967437 -0.0006093057197917365 -0.0014250011021323117 0.9999984463834997 -0.0008011183926112525 0.0006081344124186333 0.000801882051770994 0.9999998677871866 0.09188733074506672 -0.23490077363238981 -0.6684636496782872
FixedParameters: 0 0 0
#Transform 59
Transform: MatrixOffsetTransformBase_double_3_3
Parameters: 0.9999992274817252 0.000786799534237736 -0.0010737582405766692 -0.0007875879332107626 0.9999999012931663 -0.000773140971609923 0.0010736533434669022 0.0007738602677348078 0.9999991295826466 0.09692974118247832 -0.26375976671444334 -0.631430900931683
FixedParameters: 0 0 0
#Transform 60
Transform: MatrixOffsetTransformBase_double_3_3
Parameters: 0.9999991596786775 0.0008587531080659793 0.00032106085941317503 -0.0008585618935303269 1.0000000130512734 -0.00048515675447655116 -0.0003209010042854113 0.00048484406324443563 0.9999996761769783 0.10817168161896973 -0.17061926755148704 -0.611018764570062
FixedParameters: 0 0 0
#Transform 61
Transform: MatrixOffsetTransformBase_double_3_3
Parameters: 0.9999991681185165 0.0012672319859921074 -0.0004755076244320174 -0.0012657972390378914 0.9999940318474854 0.003079617917463723 0.0004790968007441733 -0.0030793800340595257 0.9999951695834272 0.10108283868139267 -0.14083139204601025 -0.5659725188767979
FixedParameters: 0 0 0
#Transform 62
Transform: MatrixOffsetTransformBase_double_3_3
Parameters: 0.9999984845129156 0.0015753505654671057 0.0001838756206143264 -0.0015758403092575278 0.9999933941107572 0.0033328358076869236 -0.00017932921542868804 -0.0033331695459539318 0.9999948725308055 0.09792757546435382 -0.07905984563868174 -0.5479292286257618
FixedParameters: 0 0 0
#Transform 63
Transform: MatrixOffsetTransformBase_double_3_3
Parameters: 0.9999987509329332 0.0013596953633294002 -0.0006336938402222045 -0.0013591541235676637 0.9999991297062423 -0.00035600532289968567 0.0006328447023129564 0.00035699448789869304 0.9999993670422498 0.12125202779449751 -0.09697235653524672 -0.6540439233627282
FixedParameters: 0 0 0
#Transform 64
Transform: MatrixOffsetTransformBase_double_3_3
Parameters: 0.9999982815557389 0.0002947945695892871 -0.0016220546750873156 -0.00029031151151663696 0.9999954693202736 0.0029112368076987527 0.0016231572415922315 -0.0029107644802059685 0.9999948643424028 0.12339698600425208 -0.04536826003672445 -0.557040967639324
FixedParameters: 0 0 0
#Transform 65
Transform: MatrixOffsetTransformBase_double_3_3
Parameters: 0.9999968334515975 0.0006533890777152683 -0.002176878046684375 -0.0006453945738448198 0.9999935458133087 0.0036311910795077534 0.0021796394529839972 -0.0036298101848786235 0.9999909264520784 0.09766835642082583 -0.12321602290202804 -0.5572239363876719
FixedParameters: 0 0 0
#Transform 66
Transform: MatrixOffsetTransformBase_double_3_3
Parameters: 1.000000128494371 0.0009187377687284229 -0.00016626373344864182 -0.000917906668878118 0.9999912718718754 0.004000167027374546 0.0001695200846477774 -0.0040008298101952 0.9999918484997348 0.07578827672033128 -0.09290325817252665 -0.4895831548385061
FixedParameters: 0 0 0
#Transform 67
Transform: MatrixOffsetTransformBase_double_3_3
Parameters: 0.999998979560895 0.0012363975724725498 -0.0007012298886760549 -0.0012335785949046313 0.9999923244763436 0.003777885988206317 0.0007062288220704496 -0.003777118927786191 0.9999931159375584 0.06402101253097214 -0.10046510586101931 -0.6075355231947697
FixedParameters: 0 0 0
#Transform 68
Transform: MatrixOffsetTransformBase_double_3_3
Parameters: 0.9999991204660302 0.0013652740123374701 -0.00012638169358087755 -0.001364484198511922 0.9999903106931043 0.004116191214637799 0.00013154210799256902 -0.004116810320606193 0.9999919184631569 0.07285621818390098 -0.14036658037274208 -0.5779667555406647
FixedParameters: 0 0 0
#Transform 69
Transform: MatrixOffsetTransformBase_double_3_3
Parameters: 0.9999992559867366 0.0010808396237967834 -0.0007588134181344152 -0.001081096795321627 0.999998922044271 -0.00016916521072735113 0.0007584469666180129 0.00016983418831222064 0.9999992764824446 0.0721838296040005 -0.18191564445719166 -0.6786304420767237
FixedParameters: 0 0 0
#Transform 70
Transform: MatrixOffsetTransformBase_double_3_3
Parameters: 0.9999994467861832 0.001235988225448316 -0.00015704611923515746 -0.0012361596487122195 0.9999919262697025 0.0038123151836580854 0.0001612659143536022 -0.0038116832002473844 0.9999924577178918 0.07514371502637118 -0.15498161965221868 -0.5269860869886713
FixedParameters: 0 0 0
#Transform 71
Transform: MatrixOffsetTransformBase_double_3_3
Parameters: 0.9999980522923799 0.0016201813993694872 -0.0005681045326851197 -0.0016206318855404348 0.9999984747830344 -0.001059933167000121 0.0005667749116546433 0.0010600684008220673 0.9999993303056042 0.07860269469740899 -0.16357847459848074 -0.6386066324362787
FixedParameters: 0 0 0
#Transform 72
Transform: MatrixOffsetTransformBase_double_3_3
Parameters: 0.999993968271738 0.0008705931350068317 -0.0033575417776595417 -0.0008619757956276838 0.9999958406169286 0.002596221056357609 0.0033599638238629177 -0.002593775232204526 0.9999906595516482 0.07135513346210587 -0.13192448412617352 -0.444852935145839
FixedParameters: 0 0 0
#Transform 73
Transform: MatrixOffsetTransformBase_double_3_3
Parameters: 0.9999980392673884 0.0018176048954495596 -0.0008107970896434111 -0.0018190924686353096 0.9999962159285838 -0.0019233794468181825 0.0008070186116166471 0.0019246174748230177 0.9999974197788117 0.07852368592872949 -0.20249410437752147 -0.638776430621462
FixedParameters: 0 0 0
#Transform 74
Transform: MatrixOffsetTransformBase_double_3_3
Parameters: 0.9999977901699048 0.0016395830455472906 -0.001233603851278818 -0.0016430228725416022 0.9999954930460696 -0.0024589490830422694 0.0012288672962592708 0.0024610484936449517 0.9999961938987583 0.03433387993320025 -0.11965627192178374 -0.7164056137070176
FixedParameters: 0 0 0
#Transform 75
Transform: MatrixOffsetTransformBase_double_3_3
Parameters: 0.9999976723085964 0.00207713336847679 -0.00011559414344480769 -0.002076623886064881 0.9999920611118834 0.0032734972127422546 0.00012311482994286152 -0.003273495514277136 0.99999417953581 0.08373788853583619 -0.2183908616430159 -0.5592811829292827
FixedParameters: 0 0 0
#Transform 76
Transform: MatrixOffsetTransformBase_double_3_3
Parameters: 0.9999987648997265 0.0013732630825484136 -0.0005903363088337861 -0.0013743320877579004 0.999998584727642 -0.0008041753362076354 0.0005891186193245864 0.0008048245371332918 0.9999998857309216 0.06484737401659402 -0.14663352362821058 -0.6415711574545071
FixedParameters: 0 0 0
#Transform 77
Transform: MatrixOffsetTransformBase_double_3_3
Parameters: 0.9999982558709625 0.0009090364234219376 -0.0017082359169855472 -0.0009114186533030247 0.9999979649292212 -0.0015336697042801634 0.0017067955899210266 0.0015353299664376124 0.9999975815547987 0.09052681029196208 -0.1837038505202031 -0.6515416648733208
FixedParameters: 0 0 0
#Transform 78
Transform: MatrixOffsetTransformBase_double_3_3
Parameters: 0.999999078301432 0.0014143003773545997 -0.0009594260375312511 -0.0014156096493004762 0.9999980808136044 -0.0010746138677679706 0.0009584895298379659 0.001075385366984677 0.9999986862363671 0.08617964693902991 -0.13453578095493413 -0.6451399761593777
FixedParameters: 0 0 0
#Transform 79
Transform: MatrixOffsetTransformBase_double_3_3
Parameters: 0.9999977563397172 0.0017489203422409007 -0.0010889827676144079 -0.0017506402563401485 0.9999961967694773 -0.001994068742833144 0.001085339805175726 0.001995931072625093 0.9999975995043409 0.07880402783379736 -0.16328524322554472 -0.7708683856773533
FixedParameters: 0 0 0
#Transform 80
Transform: MatrixOffsetTransformBase_double_3_3
Parameters: 0.9999984394231691 0.0014602669280207505 -0.001195026353938943 -0.0014618150807512661 0.9999982022519756 -0.0013782271183679778 0.0011932225815652524 0.0013797741848305817 0.9999984338822322 0.07609257899434851 -0.18824487907296827 -0.6995016321292695
FixedParameters: 0 0 0
#Transform 81
Transform: MatrixOffsetTransformBase_double_3_3
Parameters: 0.9999959860884131 0.001201207560655421 -0.0025633855926174426 -0.0012077856302428946 0.9999961926774009 -0.002398226252644159 0.0025603115308770034 0.0024007687527976274 0.9999932781833554 0.0895601699933053 -0.20715471406936103 -0.7336248045181577
FixedParameters: 0 0 0
#Transform 82
Transform: MatrixOffsetTransformBase_double_3_3
Parameters: 0.9999983880418666 0.001556090255845347 -0.00043679682183740004 -0.0015562599076044646 0.9999984466370805 -0.0010562029516244381 0.00043561270902341056 0.0010577991118256164 0.9999997069030253 0.0866960393562124 -0.20778416135297562 -0.6918502244330753
FixedParameters: 0 0 0
#Transform 83
Transform: MatrixOffsetTransformBase_double_3_3
Parameters: 0.9999970993994128 0.0011546226011792755 -0.002137365448332049 -0.001156497222476806 0.9999994818399998 -0.0006697401889284582 0.00213593481935022 0.0006722589162506398 0.9999977170767738 0.0795037146010884 -0.17890070148379777 -0.7063279448008757
FixedParameters: 0 0 0
#Transform 84
Transform: MatrixOffsetTransformBase_double_3_3
Parameters: 0.9999978390793263 0.0017157608384479586 -0.0011035823996674566 -0.0017169524783333147 0.9999972922325946 -0.0017269605451962905 0.001100989337231243 0.0017290406510835077 0.9999975748661776 0.09382340722375204 -0.2163508096470821 -0.7176306702756108
FixedParameters: 0 0 0
#Transform 85
Transform: MatrixOffsetTransformBase_double_3_3
Parameters: 0.999998005714936 0.0019205447831581823 -0.0005532358709691807 -0.001920966924391353 0.9999972844954501 -0.001062805537792505 0.000551256062075226 0.0010641944016462485 0.9999994591523303 0.10069908261037597 -0.18522337804213862 -0.6470950682107954
FixedParameters: 0 0 0
#Transform 86
Transform: MatrixOffsetTransformBase_double_3_3
Parameters: 0.9999969040192552 0.0021543564001082344 -0.0012065629727990065 -0.002154597276627541 0.9999970234376081 -0.0008222396836979201 0.00120524032320043 0.0008247610002975747 0.9999985242745556 0.09356218940953909 -0.1935333290138317 -0.7227872559711628
FixedParameters: 0 0 0
#Transform 87
Transform: MatrixOffsetTransformBase_double_3_3
Parameters: 0.9999884370147277 0.0009322858525752688 -0.004657564523391764 -0.0009549432501419729 0.9999878870206874 -0.004857890636563597 0.004653141149813917 0.00486211032605878 0.9999773102439035 0.04965265668008101 -0.018673806814021532 -1.0444225838847814
FixedParameters: 0 0 0
#Transform 88
Transform: MatrixOffsetTransformBase_double_3_3
Parameters: 0.999995053805521 0.001222608835817178 -0.002729493034328423 -0.001227743676990874 0.9999976510249551 -0.0018050911980323492 0.0027276526561614963 0.0018079096495244584 0.9999948758745798 0.07752828572766646 -0.29924858268601895 -0.8296234251799746
FixedParameters: 0 0 0
#Transform 89
Transform: MatrixOffsetTransformBase_double_3_3
Parameters: 0.9999986394753451 0.0018260623651972154 -0.00016288090570732157 -0.001825238537112251 0.9999927426912184 0.00330342346453541 0.00016886450914072038 -0.003302579282379814 0.9999950770795707 0.0997816995364218 -0.3025988846852954 -0.6001223930378856
FixedParameters: 0 0 0
#Transform 90
Transform: MatrixOffsetTransformBase_double_3_3
Parameters: 0.9999982990057208 0.0019065114999449087 -0.00025670156424475267 -0.0019056648075111158 0.9999908379855339 0.0038237474297723867 0.0002640879011999107 -0.003823248829589135 0.9999922225962429 0.09120315268981471 -0.15276906615024188 -0.5436793166837646
FixedParameters: 0 0 0
#Transform 91
Transform: MatrixOffsetTransformBase_double_3_3
Parameters: 0.9999991501027347 0.0012064561127231625 -0.000627139609545996 -0.0012051874297208723 0.9999941263887735 0.003088771675360688 0.0006312493062648577 -0.003088225419305937 0.9999949460042833 0.0739693393757932 -0.12997631166491885 -0.5789303645101427
FixedParameters: 0 0 0
#Transform 92
Transform: MatrixOffsetTransformBase_double_3_3
Parameters: 0.9999982182353319 0.00128643128519526 -0.001061535049018886 -0.0012871602511660457 0.9999993454307876 -0.00034261984604021245 0.0010606510159305725 0.0003443795358269164 0.9999996368201315 0.060264463246312516 -0.09058371651553898 -0.6799552476348225
FixedParameters: 0 0 0
#Transform 93
Transform: MatrixOffsetTransformBase_double_3_3
Parameters: 0.9999989410915336 0.001065245103851112 -0.0013871407985084066 -0.001065460091425895 0.9999989927166826 -0.00007662696671072167 0.0013869756660385534 0.00007837271322945483 0.9999989363623818 0.07837709250770786 -0.16382331170970588 -0.6259247868139823
FixedParameters: 0 0 0
#Transform 94
Transform: MatrixOffsetTransformBase_double_3_3
Parameters: 0.9999984171644773 0.0005631986670872547 -0.001806782885750852 -0.0005651041008245796 0.9999997265433471 -0.0010430858062483866 0.0018068385316934487 0.0010439147708627555 0.9999975128337407 0.08949639987677926 -0.11975641567143214 -0.7147382254983654
FixedParameters: 0 0 0
#Transform 95
Transform: MatrixOffsetTransformBase_double_3_3
Parameters: 0.9999984224186985 0.0006395787529169813 -0.0017800332378691917 -0.0006393864981126623 0.9999996170109046 0.00005489970485206275 0.001780102301300357 -0.00005310012444928458 0.999998799576152 0.0843768834535723 -0.17559855272506297 -0.6292092218399716
FixedParameters: 0 0 0
#Transform 96
Transform: MatrixOffsetTransformBase_double_3_3
Parameters: 0.9999974725205603 0.0019504459556116834 -0.0008502427555531349 -0.0019509953648289542 0.9999978320298968 -0.0007651948935443326 0.0008493598907534845 0.0007668066144400632 0.9999994669759551 0.10411254613215704 -0.13511796451531666 -0.6451666439827974
FixedParameters: 0 0 0
#Transform 97
Transform: MatrixOffsetTransformBase_double_3_3
Parameters: 0.9999979533649995 0.001535691756137411 -0.0012992598079501873 -0.001538384800718507 0.9999969663768765 -0.0017090951858072106 0.0012962289107612637 0.001710903760259369 0.999998138780099 0.09653489175117613 -0.1397073477239843 -0.6712045686361208
FixedParameters: 0 0 0
#Transform 98
Transform: MatrixOffsetTransformBase_double_3_3
Parameters: 0.9999977082990056 0.0008362558372188857 -0.001895611074090387 -0.0008305232692360604 0.9999958552659897 0.0027573568679991195 0.0018976193638683937 -0.0027556438263323657 0.999994656401482 0.08484949440875766 -0.28133339286635817 -0.5582589150882313
FixedParameters: 0 0 0
#Transform 99
Transform: MatrixOffsetTransformBase_double_3_3
Parameters: 0.9999972656629785 0.0010189210417326474 -0.00216688273101175 -0.00101759036894416 0.9999989576879068 0.0005368775204367127 0.0021678541635974853 -0.0005351215143673121 0.9999977333830038 0.084659632302305 -0.18623897949161972 -0.6595212168394724
FixedParameters: 0 0 0
#Transform 100
Transform: MatrixOffsetTransformBase_double_3_3
Parameters: 0.9999978173002962 0.001549705533793759 -0.0013348402855195426 -0.0015450258379281004 0.9999934129603104 0.0033820999123544138 0.0013397391373387835 -0.003379903619400368 0.9999935419169309 0.08539527383068446 -0.1861073342635251 -0.5581422199366202
FixedParameters: 0 0 0
#Transform 101
Transform: MatrixOffsetTransformBase_double_3_3
Parameters: 0.999998030500554 0.0013008847300851503 -0.0011300769908717484 -0.0013023113779000507 0.9999985080532932 -0.0010175004002438842 0.0011285398254848144 0.0010184979498983893 0.999998449798913 0.07522582538571498 -0.11283709467748793 -0.7293631432120122
FixedParameters: 0 0 0
#Transform 102
Transform: MatrixOffsetTransformBase_double_3_3
Parameters: 0.9999983476141416 0.00185613385747077 -0.00045493225893619346 -0.0018547652711686 0.9999936230461836 0.0030069833855159017 0.00046088504725547234 -0.003006016733757985 0.999995646425809 0.09649367387390839 -0.1519827862546208 -0.5866438970644623
FixedParameters: 0 0 0
#Transform 103
Transform: MatrixOffsetTransformBase_double_3_3
Parameters: 0.9999980829191751 0.0007316791304062721 -0.0015432830179454608 -0.0007317269651534452 0.9999995980694208 -0.000014975585997833996 0.0015432603337956618 0.000016024354570556842 0.999998484369171 0.08911550984704775 -0.15990085970452128 -0.6543590062432116
FixedParameters: 0 0 0
#Transform 104
Transform: MatrixOffsetTransformBase_double_3_3
Parameters: 0.9999984162043055 0.0015773142694280255 -0.0003095345355408833 -0.001576450801077537 0.9999929730542393 0.003412626285868997 0.0003140999717061484 -0.003412375492250444 0.9999941527485947 0.0900932825088887 -0.11477653953537015 -0.541769240491611
FixedParameters: 0 0 0
#Transform 105
Transform: MatrixOffsetTransformBase_double_3_3
Parameters: 0.9999968657159725 0.00038754579529897125 -0.002446313870903797 -0.00039178321403404183 0.9999980757787976 -0.0016774030369707121 0.002445486701783219 0.0016785936069288049 0.9999951585626201 0.07827029998502155 0.009042868006389426 -0.7371872850857528
FixedParameters: 0 0 0
#Transform 106
Transform: MatrixOffsetTransformBase_double_3_3
Parameters: 0.9999985194065727 0.00140754710953388 -0.0012244456903694556 -0.001407997889339945 0.9999988453029509 -0.0005392624710518074 0.0012240367764157997 0.0005417382476242405 0.9999990898223985 0.08090499595631684 -0.15871008860263203 -0.6623554081110683
FixedParameters: 0 0 0
#Transform 107
Transform: MatrixOffsetTransformBase_double_3_3
Parameters: 0.9999986243072336 0.0007157226375069239 -0.0013654770102865213 -0.0007165882896306846 0.9999995298425607 -0.0010441283418290842 0.0013642212316000053 0.0010448735652929808 0.9999989125005435 0.10368618362463167 -0.20610428311297824 -0.6369711914707139
FixedParameters: 0 0 0
#Transform 108
Transform: MatrixOffsetTransformBase_double_3_3
Parameters: 0.999997330704982 0.0018534571269030312 -0.0011107665714954345 -0.001850808059131484 0.9999944964748996 0.0027050919510998306 0.0011153385980732955 -0.0027029111710084597 0.9999962109459894 0.09724269440025068 -0.15106868547390206 -0.5532480718503905
FixedParameters: 0 0 0
#Transform 109
Transform: MatrixOffsetTransformBase_double_3_3
Parameters: 0.9999961871945087 0.0012328324636408155 -0.0023005183038230783 -0.0012356450398526223 0.99999872419586 -0.001015490337064523 0.002299240884940711 0.001018509683948371 0.9999973944167301 0.09552529152769296 -0.1287182037026895 -0.6709490703089287
FixedParameters: 0 0 0
#Transform 110
Transform: MatrixOffsetTransformBase_double_3_3
Parameters: 0.9999959513916641 0.0014501938883023458 -0.0024386023751173085 -0.0014412542764420389 0.9999930246690624 0.0033612126250211205 0.0024433841126494014 -0.0033577835927659228 0.9999913541457859 0.09602219212992225 -0.20632855866148248 -0.5718026944008514
FixedParameters: 0 0 0
#Transform 111
Transform: MatrixOffsetTransformBase_double_3_3
Parameters: 0.9999973904358485 0.0007003697274730801 -0.0022629110738514014 -0.0006926338921223507 0.9999944981077561 0.003191232999603902 0.00226452899225185 -0.0031897663604568693 0.999992533669305 0.09526174285774403 -0.10092016091552125 -0.589480400059216
FixedParameters: 0 0 0
#Transform 112
Transform: MatrixOffsetTransformBase_double_3_3
Parameters: 0.9999964701622108 0.000263995708295727 -0.0025416700680402833 -0.000265519127479102 0.9999997281787911 -0.0004946843000460249 0.002541528096139812 0.0004953145178520774 0.9999962519332755 0.11595019692443032 -0.16706886317037117 -0.6612912861650031
FixedParameters: 0 0 0
#Transform 113
Transform: MatrixOffsetTransformBase_double_3_3
Parameters: 0.9999970236691682 0.0010457753467249201 -0.0019700447369216975 -0.0010448698425705198 0.999999517404366 0.0007348368820101342 0.001971337953042116 -0.0007321650604261432 0.9999984302178649 0.09905736487178274 -0.14686753271263342 -0.6167286855108571
FixedParameters: 0 0 0
#Transform 114
Transform: MatrixOffsetTransformBase_double_3_3
