#Insight Transform File V1.0
#Transform 0
Transform: MatrixOffsetTransformBase_double_3_3
Parameters: 0.9999994104136463 0.0007535197832215657 -0.00014602784301870355 -0.0007543556411856951 0.9999972413731035 -0.0020468894516963293 0.00014492673055383545 0.0020471088178027202 0.999997788616145 -0.001067475546079777 0.005273456677059585 -0.5743810889708669
FixedParameters: 0 0 0
#Transform 1
Transform: MatrixOffsetTransformBase_double_3_3
Parameters: 0.9999966299283065 0.0007920002116499182 0.0025965283152772196 -0.0007978134738206929 0.999996594360935 0.0023355356236059582 -0.0025950711616404857 -0.0023374646739780375 0.9999941170672428 0.019561108536777283 -0.11210984037261085 -0.3703333703396865
FixedParameters: 0 0 0
#Transform 2
Transform: MatrixOffsetTransformBase_double_3_3
Parameters: 0.9999958513297218 -0.00005846879880016235 0.0030243635331777667 0.00005396997987959355 0.9999985020631423 0.0015645595791286548 -0.003023938761475126 -0.001564441083924839 0.9999944539308073 0.028671274193584395 0.06857429553330974 -0.37561517819710843
FixedParameters: 0 0 0
#Transform 3
Transform: MatrixOffsetTransformBase_double_3_3
Parameters: 0.9999972539158415 0.00028872062744392105 0.0021593519225741667 -0.00029272381549166074 0.9999983113141075 0.0018741195974953107 -0.002158774215299759 -0.00187488091234507 0.9999959150856488 0.048131929615252034 0.07291156354115458 -0.34364531105486407
FixedParameters: 0 0 0
#Transform 4
Transform: MatrixOffsetTransformBase_double_3_3
Parameters: 0.9999996094965661 0.0005417897070641881 -0.00031079597724746014 -0.0005426959871376399 0.9999992237532307 -0.001265817402645572 0.0003104163158568566 0.001265183118616106 0.9999991827608955 0.026103748359915357 0.0706132000201194 -0.5130944996370204
FixedParameters: 0 0 0
#Transform 5
Transform: MatrixOffsetTransformBase_double_3_3
Parameters: 0.9999995003111645 0.0006689758246786536 -0.00022910569790543907 -0.0006686887179985607 0.9999990348136938 -0.001279832829929023 0.0002285070467208791 0.0012791677639731325 0.9999991912547413 0.02482991499250886 0.04950414196549957 -0.5218833986236291
FixedParameters: 0 0 0
#Transform 6
Transform: MatrixOffsetTransformBase_double_3_3
Parameters: 0.9999999472889282 0.0006015293779452395 0.0008311236178973378 -0.0006036757080082192 0.9999965875191178 0.002632486652578009 -0.0008296961546792575 -0.002632516338072141 0.999996499621814 0.0204419981723305 0.05374658031614388 -0.32189196613482096
FixedParameters: 0 0 0
#Transform 7
Transform: MatrixOffsetTransformBase_double_3_3
Parameters: 0.9999991231533778 0.0006084121254304623 0.0007118563905479848 -0.0006106111963371198 0.9999970826402037 0.0023295522331229362 -0.0007098892934106659 -0.002329447676216137 0.9999971873557587 0.015064641613392382 0.0910886306021581 -0.42592734535372756
FixedParameters: 0 0 0
#Transform 8
Transform: MatrixOffsetTransformBase_double_3_3
Parameters: 0.9999996739616539 0.0007055568005620293 0.0009105077434723233 -0.0007071592482570924 0.9999963566127582 0.002650344274709865 -0.0009083884388296549 -0.0026506579385583984 0.999996267013187 0.036291664454978445 -0.05725793390706713 -0.4343596977931483
FixedParameters: 0 0 0
#Transform 9
Transform: MatrixOffsetTransformBase_double_3_3
Parameters: 0.9999993194681449 0.0007468178797670598 -0.00034979729141620887 -0.0007479207829007607 0.9999984617944315 -0.0014067384064530147 0.0003486869471122419 0.0014072604357935475 0.999998898374703 0.03846044680275895 0.03765556253830482 -0.5610335003339344
FixedParameters: 0 0 0
#Transform 10
Transform: MatrixOffsetTransformBase_double_3_3
Parameters: 0.9999998944004896 0.0010033776138648161 -0.00031492743378838385 -0.0010021531456486795 0.9999953657712416 0.002935436001737915 0.00031771526578042565 -0.0029345630797736333 0.9999953001401821 0.04757269269123299 -0.08051021954891269 -0.38062707081156333
FixedParameters: 0 0 0
#Transform 11
Transform: MatrixOffsetTransformBase_double_3_3
Parameters: 0.999999890581271 0.0010001489155339323 -0.0003310998934679466 -0.001000560179201645 0.999997208484872 -0.0019466691200316077 0.0003283173978073225 0.0019473287754630947 0.9999981004732237 0.04109758708536049 0.035303997303131496 -0.5824242979973064
FixedParameters: 0 0 0
#Transform 12
Transform: MatrixOffsetTransformBase_double_3_3
Parameters: 0.9999992954537389 0.0007007170452568844 -0.0004622111666416844 -0.0007013520837015729 0.9999978418677246 -0.0016326747367505917 0.0004610344777105559 0.001633321967792714 0.9999981202093581 0.0548800639539877 -0.0023691006722117436 -0.5404344665477865
FixedParameters: 0 0 0
#Transform 13
Transform: MatrixOffsetTransformBase_double_3_3
Parameters: 0.9999993185269139 0.0006611373227106377 0.000494233484442815 -0.0006629704475216886 0.999994895765605 0.0031086733733258765 -0.000491982201718357 -0.003109326309670965 0.9999950909502283 0.049457492817381876 -0.06733051861924366 -0.4506902787988949
FixedParameters: 0 0 0
#Transform 14
Transform: MatrixOffsetTransformBase_double_3_3
Parameters: 0.9999989463147055 0.0007720540854354652 0.0012075364371992932 -0.000774225533685476 0.9999972944468684 0.0022330529180959735 -0.0012057079235757479 -0.0022339475663220726 0.9999966748047082 0.07388865975460135 0.07872792491377822 -0.38623385633029983
FixedParameters: 0 0 0
#Transform 15
Transform: MatrixOffsetTransformBase_double_3_3
Parameters: 0.9999994987969262 0.0006523256959325887 0.00027473738498918414 -0.0006533154495354114 0.9999974691377109 0.002025820295724484 -0.0002730849123529821 -0.0020261779302387928 0.9999978203013877 0.0587284396073926 0.057409865365471546 -0.4017087531940291
FixedParameters: 0 0 0
#Transform 16
Transform: MatrixOffsetTransformBase_double_3_3
Parameters: 0.9999991912536711 0.0007778825181638625 -0.0004522604097270293 -0.0007778233236304924 0.9999973909470963 -0.0020006482111045443 0.00045038046604145153 0.002001350337262328 0.9999977922978459 0.03239064010270454 0.11634916077376545 -0.6109552579369932
FixedParameters: 0 0 0
#Transform 17
Transform: MatrixOffsetTransformBase_double_3_3
Parameters: 0.9999995322518487 0.0006598959856239544 -0.00017896575718633574 -0.0006605497623053538 0.9999983290857353 -0.0014948814313715947 0.00017798444430277996 0.0014951171013324188 0.9999987331153696 0.03843624187076955 0.024931115974325735 -0.5714059047852658
FixedParameters: 0 0 0
#Transform 18
Transform: MatrixOffsetTransformBase_double_3_3
Parameters: 0.9999990360553999 0.0009409373222270598 -0.00028082438492051917 -0.000939579687021029 0.9999937039808044 0.003521385242069325 0.00028434729740492475 -0.0035206153047534217 0.9999935371079102 0.051435322090966906 -0.08578053864994217 -0.4831579580316543
FixedParameters: 0 0 0
#Transform 19
Transform: MatrixOffsetTransformBase_double_3_3
Parameters: 0.9999998494366417 0.0003695324182177955 0.00011867052915080389 -0.0003692889738952882 0.9999985195801186 -0.0015310432956637116 -0.00011880890919185885 0.0015309555710994321 0.9999986419334195 0.03668858705916023 0.03925839899476102 -0.5525745891359861
FixedParameters: 0 0 0
#Transform 20
Transform: MatrixOffsetTransformBase_double_3_3
Parameters: 0.9999999406671874 0.00020928013726762354 0.00012463895938357326 -0.00020994148843171513 0.9999968538093161 0.002664976223106616 -0.0001235217302112229 -0.0026650282457091196 0.999996882370907 0.028053491520935836 -0.07278154514372659 -0.43897518456346774
FixedParameters: 0 0 0
#Transform 21
Transform: MatrixOffsetTransformBase_double_3_3
Parameters: 0.9999994615838083 0.0007299327317341076 -0.0000738487808357086 -0.0007302588953060082 0.9999984929392541 -0.001404946106399907 0.00007278996459132115 0.0014050531696352397 0.9999990205930847 0.03851723481501779 0.019748291410991214 -0.5289633202879855
FixedParameters: 0 0 0
#Transform 22
Transform: MatrixOffsetTransformBase_double_3_3
Parameters: 0.999992919566156 0.00006983478639954814 -0.0038827180567194853 -0.00007009491325464457 0.9999999757461961 -0.000033577376196705644 0.0038827133725522437 0.000033422082369991 0.9999919415756204 0.02144202027908193 0.055279399013983266 -0.42072803879612053
FixedParameters: 0 0 0
#Transform 23
Transform: MatrixOffsetTransformBase_double_3_3
Parameters: 0.9999986856939685 0.00042359995268443436 0.0017704891925493477 -0.0004282884048704362 0.9999959044774612 0.0027941113447447347 -0.0017694934191059446 -0.0027948865876939316 0.9999941627183788 0.05150698033759227 0.061832985346697455 -0.3732568374818186
FixedParameters: 0 0 0
#Transform 24
Transform: MatrixOffsetTransformBase_double_3_3
Parameters: 0.9999994489132731 0.001142784107667568 -0.0004949252249879211 -0.001143530665932294 0.9999984982562174 -0.0015163013986232016 0.0004935636741058631 0.0015166987997174836 0.9999983511080235 0.053333291331256305 0.09330132568686622 -0.5696068011457172
FixedParameters: 0 0 0
#Transform 25
Transform: MatrixOffsetTransformBase_double_3_3
Parameters: 0.9999971062211709 0.0006462367422362101 0.002115320223245838 -0.0006520364465706213 0.9999964520182995 0.0026293614392005893 -0.002114283347978925 -0.002630641839506176 0.999994820353486 0.06615657598297275 -0.024352100096194818 -0.38801220218003607
FixedParameters: 0 0 0
#Transform 26
Transform: MatrixOffsetTransformBase_double_3_3
Parameters: 0.9999988913063605 0.00043722468267148645 0.0017079721845140875 -0.0004408429629375363 0.9999987741619946 0.001676102591611786 -0.0017072530300303685 -0.0016758982583426063 0.9999974991830931 0.051179613241060906 0.05949225192259178 -0.3436446111780853
FixedParameters: 0 0 0
#Transform 27
Transform: MatrixOffsetTransformBase_double_3_3
Parameters: 0.9999980288481458 0.0005414315438584785 0.0019176555439148096 -0.0005457920372154503 0.9999976021716538 0.0022348241324785384 -0.0019167300216347022 -0.0022361759577973483 0.9999954317335432 0.052336856364163964 0.05921737022151774 -0.36568085035492714
FixedParameters: 0 0 0
#Transform 28
Transform: MatrixOffsetTransformBase_double_3_3
Parameters: 0.999999831563334 0.0004101474029629331 0.000014694006346140612 -0.0004100957799451193 0.9999980161232268 -0.0016780046556378186 -0.000016070377385088796 0.001677992041651935 0.9999981840738495 0.03757402672444243 0.08754925520779011 -0.5422827733702178
FixedParameters: 0 0 0
#Transform 29
Transform: MatrixOffsetTransformBase_double_3_3
Parameters: 0.999999977188614 0.0009978238592514878 -0.00016687080395186982 -0.0009974766399479338 0.9999984812089963 -0.0015837150596173244 0.00016482313638823984 0.0015842845104208775 0.9999984778638296 0.04965974287951269 -0.0026050328961702007 -0.4751079993444023
FixedParameters: 0 0 0
#Transform 30
Transform: MatrixOffsetTransformBase_double_3_3
Parameters: 0.9999992629627023 0.0008554568815757297 -0.00007112204071358974 -0.000855807323954882 0.9999985638644608 -0.0016398203739104167 0.00006930831889932835 0.0016401790677132017 0.9999983198946443 0.04526145481449362 0.03822961396897995 -0.523711531372399
FixedParameters: 0 0 0
#Transform 31
Transform: MatrixOffsetTransformBase_double_3_3
Parameters: 0.999999637517421 0.0005949448427534752 -0.00009144386603463479 -0.0005954577693050731 0.9999980568491171 -0.0021668125110098635 0.0000898576107208356 0.0021661878254323336 0.9999971932119514 0.03840384417063092 0.010210551173955196 -0.49733570520771053
FixedParameters: 0 0 0
#Transform 32
Transform: MatrixOffsetTransformBase_double_3_3
Parameters: 0.9999990452789431 0.0004028261229612049 -0.000890337191154073 -0.0004067140680998634 0.9999909048710846 -0.004350642532772037 0.0008882881639083987 0.004351362480068691 0.9999902777958742 0.025163732522258897 0.14427768079704606 -0.6284178307609025
FixedParameters: 0 0 0
#Transform 33
Transform: MatrixOffsetTransformBase_double_3_3
Parameters: 0.999999929598996 0.00012147665684069112 -0.0002353644999626942 -0.0001228860701829399 0.9999964938960247 -0.002736972467005397 0.00023568843749623386 0.002737030025874304 0.999996453329937 0.03520362868302129 -0.058365617033430794 -0.5420237289312837
FixedParameters: 0 0 0
#Transform 34
Transform: MatrixOffsetTransformBase_double_3_3
Parameters: 0.9999992077653032 0.0008358638985872057 0.00030696826450849943 -0.0008356883598744332 0.9999989430756936 0.0015308637397460634 -0.00030528173959254814 -0.0015311369132149782 0.9999985767630352 0.04174979793219791 -0.07697908737227976 -0.3515267630134957
FixedParameters: 0 0 0
#Transform 35
Transform: MatrixOffsetTransformBase_double_3_3
Parameters: 0.9999993258992794 0.0007616279601028102 -0.00030716042671060425 -0.0007619767597466489 0.9999975608972212 -0.0019947515597987797 0.0003052344844282041 0.0019942469538336144 0.9999978089354777 0.0312241572794818 0.046420596687141824 -0.5745017683241542
FixedParameters: 0 0 0
#Transform 36
Transform: MatrixOffsetTransformBase_double_3_3
Parameters: 0.9999998083506461 0.0004222427294791301 0.00011586580967565621 -0.0004219875539563263 0.9999982071360392 -0.0016170478984489367 -0.00011623817500986906 0.0016169499268501447 0.9999983718367023 0.05415022233326283 0.019330286151841847 -0.5065565232041749
FixedParameters: 0 0 0
#Transform 37
Transform: MatrixOffsetTransformBase_double_3_3
Parameters: 0.9999997363157557 0.0004370393243807578 -0.0002690009500975263 -0.000437905363005423 0.9999988848533826 -0.001386882307422968 0.0002687801572367368 0.0013871175745786557 0.9999990039224258 0.05238736883481465 0.024719180452450473 -0.5202234566248194
FixedParameters: 0 0 0
#Transform 38
Transform: MatrixOffsetTransformBase_double_3_3
Parameters: 0.9999995012037666 0.0006553224458676157 0.00026368925966142333 -0.000654707845089915 0.9999986360783617 -0.0013911727287701098 -0.0002645187585660687 0.0013908267467349772 0.9999989953617663 0.057291063586148994 0.04720983957524538 -0.45719132426498277
FixedParameters: 0 0 0
#Transform 39
Transform: MatrixOffsetTransformBase_double_3_3
Parameters: 0.9999989961556824 0.0009681178310605078 -0.00025769801637539556 -0.0009686665016752291 0.9999969029748195 -0.0022977375992300625 0.00025634665300327137 0.0022972642663241782 0.9999975361475487 0.047886431998833245 0.08832035508638114 -0.5587604966660891
FixedParameters: 0 0 0
#Transform 40
Transform: MatrixOffsetTransformBase_double_3_3
Parameters: 0.9999994345092069 0.0005277855488393517 -0.0005355363174584382 -0.000529386173055314 0.9999973752518815 -0.002311718005665389 0.0005342050244683896 0.0023122834615938864 0.9999973685501645 0.04393334952673911 0.10187787964048312 -0.5990831687719123
FixedParameters: 0 0 0
#Transform 41
Transform: MatrixOffsetTransformBase_double_3_3
Parameters: 0.9999997551786948 0.0003813606137520533 -0.0003157946067824075 -0.0003809653997685526 0.9999999579085443 -0.0009468807369739235 0.0003151928190920594 0.0009471212477785707 1.0000000036502328 0.05299943113948302 -0.021335083390681575 -0.521815911645767
FixedParameters: 0 0 0
#Transform 42
Transform: MatrixOffsetTransformBase_double_3_3
Parameters: 0.9999990737435731 0.000508889048983255 0.0008169675126772346 -0.0005070575004347626 0.9999984983647804 -0.0018014156104452367 -0.0008179246173881528 0.0018005851307140164 0.999998088168631 0.0624158144569833 -0.004908208052185614 -0.49320657188881967
FixedParameters: 0 0 0
#Transform 43
Transform: MatrixOffsetTransformBase_double_3_3
Parameters: 0.9999998066461636 0.0004365641609954517 -0.00005258833221675529 -0.0004364786076539465 0.9999991565823458 0.0008080224254047169 0.00005329374913494288 -0.0008079762071088042 0.999999344336923 0.04887214569492926 0.06614926366745522 -0.4311075427974771
FixedParameters: 0 0 0
#Transform 44
Transform: MatrixOffsetTransformBase_double_3_3
Parameters: 0.9999994518623797 0.0007228250749275074 -0.00015866252183853615 -0.0007236773279281448 0.9999978577553935 -0.0019338712506470068 0.00015785121927490545 0.001933129039209086 0.9999981172542054 0.04205797560712199 0.04946962607269256 -0.5585331753418856
FixedParameters: 0 0 0
#Transform 45
Transform: MatrixOffsetTransformBase_double_3_3
Parameters: 0.9999987275795829 0.0004537748073607078 0.0017510417487015227 -0.00045613555377835345 0.9999990612750955 0.0012750693376641364 -0.0017506336441477958 -0.0012759298461590546 0.9999974125009714 0.060213031326043165 0.05373521658550828 -0.35389978880031236
FixedParameters: 0 0 0
#Transform 46
Transform: MatrixOffsetTransformBase_double_3_3
Parameters: 0.999997094844925 0.00033890024239355157 0.002406337380017682 -0.0003439589126902901 0.9999981917386671 0.001900806517198761 -0.0024055511320470535 -0.0019021939139407806 0.9999956716840265 0.06398659297167342 0.05781173964233233 -0.3707092688464968
FixedParameters: 0 0 0
#Transform 47
Transform: MatrixOffsetTransformBase_double_3_3
Parameters: 0.999996323566506 0.00036397175043500135 0.0025581497087446003 -0.0003667204817266749 0.9999988837083904 0.0013366795004458032 -0.002557684984865811 -0.0013373218887872268 0.9999958647106467 0.06718489500012481 0.10334380800570386 -0.37504479535949287
FixedParameters: 0 0 0
#Transform 48
Transform: MatrixOffsetTransformBase_double_3_3
Parameters: 0.999999858675983 0.00037332463855481825 -0.000048144215228504824 -0.0003725000443951275 0.9999988526132401 -0.0017689691750027436 0.00004694535705750789 0.0017680335028290028 0.9999987508691804 0.0508482728590991 0.032857147756431004 -0.5393432543579095
FixedParameters: 0 0 0
#Transform 49
Transform: MatrixOffsetTransformBase_double_3_3
Parameters: 0.9999998460521831 0.0009062609055600889 -0.000576424168786405 -0.0009089529661451547 0.9999921841923904 -0.003756461202721481 0.0005728238366731503 0.0037565331461639484 0.9999924391889733 0.0469888143911561 0.12858835450010986 -0.6450625721320407
FixedParameters: 0 0 0
#Transform 50
Transform: MatrixOffsetTransformBase_double_3_3
Parameters: 0.9999994200571073 0.0006349405568816593 -0.0004212600780732791 -0.0006352314666014354 0.9999961341452277 -0.002565716473999252 0.0004192344743218604 0.0025652791321044144 0.9999961223196354 0.04339718636821033 0.007496439340556549 -0.5722393900772147
FixedParameters: 0 0 0
#Transform 51
Transform: MatrixOffsetTransformBase_double_3_3
Parameters: 0.9999995227112681 0.0006271755204771747 -0.00028933634085864584 -0.0006266524373803438 0.9999968277438277 0.002404181841868011 0.00029123765316316165 -0.0024038178758142847 0.9999971365180121 0.03688210314344076 -0.10717922265132529 -0.43272889990416274
FixedParameters: 0 0 0
#Transform 52
Transform: MatrixOffsetTransformBase_double_3_3
Parameters: 0.99999916855525 0.0004998215108115463 0.0007625713007763626 -0.0005013030008289972 0.9999988526221929 0.001701619596417847 -0.0007617400076205811 -0.0017023826136105813 0.9999985223160455 0.0596465126747745 0.04140321121175816 -0.4231911725641879
FixedParameters: 0 0 0
#Transform 53
Transform: MatrixOffsetTransformBase_double_3_3
Parameters: 0.9999989824371694 0.0007452082129886265 0.000679618789316518 -0.0007475567491020565 0.9999964785637218 0.0026384946764793776 -0.0006775447537507118 -0.002639507648054734 0.9999965751975282 0.06914412600967523 -0.02353222454989634 -0.4491328321082477
FixedParameters: 0 0 0
#Transform 54
Transform: MatrixOffsetTransformBase_double_3_3
Parameters: 0.9999995746064115 0.0006493213756027466 0.00006116733926836232 -0.0006493197719877199 0.9999977053619911 -0.0019680399651900715 -0.00006173755492197601 0.0019679601642203504 0.9999981231878233 0.05418267976112645 0.08700931173986248 -0.5788053363951065
FixedParameters: 0 0 0
#Transform 55
Transform: MatrixOffsetTransformBase_double_3_3
Parameters: 0.9999999063869375 0.0002585914081234301 0.00016268823024678998 -0.0002589261895378703 0.9999978728228269 -0.002015042000970843 -0.00016385116852796585 0.002014957510045476 0.9999979131066672 0.05200136526624988 0.022731828690425004 -0.4696020083876462
FixedParameters: 0 0 0
#Transform 56
Transform: MatrixOffsetTransformBase_double_3_3
Parameters: 0.9999997396197604 0.0003367154728313059 0.00038390595275008133 -0.0003370786558305558 0.9999987571275428 0.0017688721319370354 -0.00038259387316079044 -0.0017691303671464875 0.9999987237607586 0.0376936481472967 0.07418452453235602 -0.4213394691102792
FixedParameters: 0 0 0
#Transform 57
Transform: MatrixOffsetTransformBase_double_3_3
Parameters: 0.9999993007063623 0.001020870971430901 -0.0008111869440022388 -0.0010224586438086901 0.9999975279088394 -0.002132159257454941 0.0008080625623639481 0.002132842459696596 0.9999976776673279 0.06362282905337224 0.1092511284347637 -0.5514778948550685
FixedParameters: 0 0 0
#Transform 58
Transform: MatrixOffsetTransformBase_double_3_3
Parameters: 0.9999997869934831 0.00045891172379287746 -0.000048001471481393346 -0.0004591985099729356 0.9999987372611383 -0.001746979612265484 0.000047390287078596936 0.001747023405758344 0.9999989457044383 0.06170645183306078 0.038593411496165686 -0.499735893831982
FixedParameters: 0 0 0
#Transform 59
Transform: MatrixOffsetTransformBase_double_3_3
Parameters: 0.9999996897503962 0.0005530749634097878 0.00006600984707392844 -0.0005529773754921853 0.9999989934122232 -0.0016389177477463823 -0.00006682991284833362 0.001639082820491411 0.9999983236915626 0.05427521828598003 0.03065025426032264 -0.5255663216028168
FixedParameters: 0 0 0
#Transform 60
Transform: MatrixOffsetTransformBase_double_3_3
Parameters: 0.9999991493496186 0.0009218121927610677 -0.000027843078050875995 -0.0009220141700327963 0.9999988282851654 -0.0015188561121171479 0.000026035056901680068 0.001519144319838489 0.9999987063381927 0.06701658878452577 0.05204643946944998 -0.5062660342841028
FixedParameters: 0 0 0
#Transform 61
Transform: MatrixOffsetTransformBase_double_3_3
Parameters: 0.9999961745627364 0.0006655835836435879 0.002526533239394409 -0.0006712621570699421 0.9999968307457746 0.0023499255258530027 -0.0025246550006301927 -0.002352075205947532 0.9999942893791316 0.09212571898805777 -0.02978244800704033 -0.3449682543900039
FixedParameters: 0 0 0
#Transform 62
Transform: MatrixOffsetTransformBase_double_3_3
Parameters: 0.9999995456530251 0.0004276877114737837 0.0005210107706893886 -0.00042840350318885863 0.9999987332292146 0.0017557784046953878 -0.0005203800954996516 -0.0017562241712475446 0.9999986453420443 0.058333611459161716 0.10061213194539675 -0.4063879808508588
FixedParameters: 0 0 0
#Transform 63
Transform: MatrixOffsetTransformBase_double_3_3
Parameters: 0.999999920414127 0.0002819819704464933 0.000008492023396256238 -0.00028195359618864483 0.9999984019310919 -0.0015870015698781215 -0.000009386991135094561 0.0015869965315758044 0.9999984813449319 0.05098074760390148 0.08771170552434171 -0.5355950325612966
FixedParameters: 0 0 0
#Transform 64
Transform: MatrixOffsetTransformBase_double_3_3
Parameters: 0.9999994369978074 0.0007035737729754664 0.0002604081155889873 -0.0007041638014232151 0.9999986386061366 0.001365816811732548 -0.0002594779048845292 -0.0013661827463524734 0.9999990664779799 0.053793655331645596 0.049638130628110844 -0.3983544319980936
FixedParameters: 0 0 0
#Transform 65
Transform: MatrixOffsetTransformBase_double_3_3
Parameters: 0.9999996520206149 0.0005654919945871517 -0.00016814170424996692 -0.0005658885293660263 0.9999938807455835 -0.0034349055367788595 0.00016636105023522347 0.0034350947686784122 0.9999941727523031 0.05143819441931896 0.11054966394398491 -0.6386422945516372
FixedParameters: 0 0 0
#Transform 66
Transform: MatrixOffsetTransformBase_double_3_3
Parameters: 0.9999996312176758 0.0004972143283017769 -0.00034814224552562323 -0.0004985439038235204 0.9999957880632157 -0.0029938295345006555 0.0003472665901594333 0.002994175770438409 0.9999959150250926 0.05822225924964641 0.04118060046899075 -0.6109497603499179
FixedParameters: 0 0 0
#Transform 67
Transform: MatrixOffsetTransformBase_double_3_3
Parameters: 0.9999997522994827 0.0004936955574777272 -0.00006491070695715906 -0.0004931176997055548 0.9999960536125063 0.0025890301862811216 0.00006548005215152814 -0.0025889658553574224 0.9999962928322639 0.04590417530617685 -0.10282320747946017 -0.4699539368506507
FixedParameters: 0 0 0
#Transform 68
Transform: MatrixOffsetTransformBase_double_3_3
Parameters: 0.9999996179656035 0.0006148079191247371 0.00006352209145845464 -0.0006147630153926962 0.9999989501934684 -0.0012930394741165474 -0.00006411917275233368 0.0012929610045368523 0.9999993240717906 0.06291587344365723 0.03299004171074671 -0.5010133833133281
FixedParameters: 0 0 0
#Transform 69
Transform: MatrixOffsetTransformBase_double_3_3
Parameters: 0.9999932887518106 0.00022643907123900872 0.0035582316272931066 -0.00023302479826624987 0.999998112702408 0.0019184384950751004 -0.0035575017144972303 -0.0019195621523939027 0.9999918108958955 0.07605335281159853 0.0471261445591864 -0.31341937255599106
FixedParameters: 0 0 0
#Transform 70
Transform: MatrixOffsetTransformBase_double_3_3
Parameters: 0.9999959749466516 0.0002974126303768421 0.0026335989491157487 -0.00030115351565124726 0.999999148351078 0.0012978389484417652 -0.002633454058766737 -0.001299159762657806 0.9999954543853387 0.07901117828487259 0.10319560707903008 -0.38742280083015856
FixedParameters: 0 0 0
#Transform 71
Transform: MatrixOffsetTransformBase_double_3_3
Parameters: 0.9999979206700716 0.000874559675102499 0.0018208306432350976 -0.0008789583121882045 0.9999964092161753 0.00236525474613912 -0.0018181867815270424 -0.0023667415668847946 0.9999953155237568 0.08039484316753942 0.09212678469813795 -0.35779549658635545
FixedParameters: 0 0 0
#Transform 72
Transform: MatrixOffsetTransformBase_double_3_3
Parameters: 0.9999993084317156 0.000943992709376288 -0.0008948566515613924 -0.0009463653430655711 0.9999940134250852 -0.0033481413394150783 0.000891985586115063 0.0033488591011217456 0.9999938700283163 0.06323089109162083 0.13584336015227905 -0.5910624982093466
FixedParameters: 0 0 0
#Transform 73
Transform: MatrixOffsetTransformBase_double_3_3
Parameters: 0.9999983841314362 -0.00009222503632770712 -0.0016147878313683731 0.00008604658981422098 0.9999938472945272 -0.0034872611425688094 0.001615017396295969 0.003486734723026616 0.9999922184236405 0.05807161317235909 0.0948112591114949 -0.5991723950204175
FixedParameters: 0 0 0
#Transform 74
Transform: MatrixOffsetTransformBase_double_3_3
Parameters: 0.9999999212541699 0.0001868238787624293 0.00020938676959058802 -0.00018766827555221036 0.9999978845274324 0.0020199605404068732 -0.00020863029484916127 -0.0020200388166278643 0.9999978759195569 0.05928177671363244 -0.09135936445299819 -0.4579079794623837
FixedParameters: 0 0 0
#Transform 75
Transform: MatrixOffsetTransformBase_double_3_3
Parameters: 0.9999978709336661 0.0005793682022794322 0.00218938174160695 -0.0005841623623226539 0.9999972352008348 0.0022834600006756134 -0.002188109066489736 -0.002284541480001262 0.9999952023903356 0.08856285563312838 0.04422534656524135 -0.36952378753582593
FixedParameters: 0 0 0
#Transform 76
Transform: MatrixOffsetTransformBase_double_3_3
Parameters: 0.9999996045606188 0.0006286863948359346 -0.000010355158650596653 -0.0006288325830623139 0.9999989198611614 -0.0012979938962257853 0.000009715652902128423 0.0012980065184581974 0.9999993150891545 0.05924415524363269 0.042187394265866374 -0.5172890147381253
FixedParameters: 0 0 0
#Transform 77
Transform: MatrixOffsetTransformBase_double_3_3
Parameters: 0.9999987782450358 0.0003496016288166566 0.00176021794977956 -0.0003546077304718973 0.9999969146160501 0.0026182477236443846 -0.0017598789461500742 -0.0026187545712113153 0.9999951505039605 0.08102962265932945 0.08973401176851326 -0.345611726217939
FixedParameters: 0 0 0
#Transform 78
Transform: MatrixOffsetTransformBase_double_3_3
Parameters: 0.9999993640891608 0.0007880478929687515 0.00012213734944784683 -0.0007880391372114232 0.9999991002051442 -0.0005280961013729435 -0.00012197676985609821 0.000527903729706361 0.9999997063161057 0.0659747308503853 0.08503283763843683 -0.5186586175928625
FixedParameters: 0 0 0
#Transform 79
Transform: MatrixOffsetTransformBase_double_3_3
Parameters: 0.9999996874544853 0.0011053673419019472 -0.00030151033420220395 -0.0011058156695049185 0.9999977672339491 -0.0019985493232695106 0.00029919582152732635 0.001999451997139551 0.9999979282054778 0.06886490493339181 0.14516645242295567 -0.5911181677512616
FixedParameters: 0 0 0
#Transform 80
Transform: MatrixOffsetTransformBase_double_3_3
Parameters: 0.9999985031783909 0.00042467387079163295 0.0018211645936636635 -0.0004269924959894432 0.9999985155990726 0.001486972066582895 -0.001820530087775182 -0.001488028758711124 0.9999975622594394 0.11388415024427445 0.04225406489086936 -0.3719421123806299
FixedParameters: 0 0 0
#Transform 81
Transform: MatrixOffsetTransformBase_double_3_3
Parameters: 0.9999929907207735 0.000318739815511128 -0.003592718929026798 -0.00031910984964376673 0.9999998629646972 -0.00005058386345638266 0.0035926860818366736 0.000052415414342546485 0.999993122451763 0.06582676097058027 0.05035771114572185 -0.4220870517048638
FixedParameters: 0 0 0
#Transform 82
Transform: MatrixOffsetTransformBase_double_3_3
Parameters: 0.999997429464262 -0.00031182408996807524 -0.002115423085168638 0.00030227833576311263 0.9999909044487798 -0.004217916156748047 0.002115996199800522 0.004218082101089829 0.9999889417761817 0.06569403365473647 0.15445664532666115 -0.6266524195288667
FixedParameters: 0 0 0
#Transform 83
Transform: MatrixOffsetTransformBase_double_3_3
Parameters: 0.9999982346654519 0.00004068006545160816 -0.0016627402608975694 -0.00004536456818287222 0.9999959407845711 -0.0026391802606210713 0.0016620009335467437 0.0026398173735146108 0.9999953599331177 0.06838108871640713 0.04852756095228017 -0.667211024127603
FixedParameters: 0 0 0
#Transform 84
Transform: MatrixOffsetTransformBase_double_3_3
Parameters: 0.9999993767444183 0.0007485250884436081 -0.000252345348118542 -0.0007478457434503422 0.9999990533369066 -0.0006218110432549689 0.00025153473958121293 0.0006221880401299923 0.999999549640082 0.06628250097321597 -0.1387505625868357 -0.5622029290549477
FixedParameters: 0 0 0
#Transform 85
Transform: MatrixOffsetTransformBase_double_3_3
Parameters: 0.9999985241314984 0.0006256736519081694 0.0014441839380658753 -0.0006297342342239851 0.9999941938012505 0.003209959067978718 -0.0014415382685671896 -0.0032110378600336137 0.9999937156539042 0.0853614298553822 -0.0804674468527935 -0.4235112702088557
FixedParameters: 0 0 0
#Transform 86
Transform: MatrixOffsetTransformBase_double_3_3
Parameters: 0.9999995818322337 0.0009086670094002912 -0.0007696948716651531 -0.0009102315157523774 0.9999986606786762 -0.0015843017557913563 0.0007679248048999926 0.0015857001478548072 0.999998896696073 0.05151463054380656 0.07643271453292755 -0.5601631752528888
FixedParameters: 0 0 0
#Transform 87
Transform: MatrixOffsetTransformBase_double_3_3
Parameters: 0.999999895335666 0.00032293469024280544 -0.000020908540869321956 -0.0003227559626927869 0.9999989245484313 0.0014040067874337842 0.000020822331993777187 -0.0014039933174917613 0.9999990283530402 0.07150448645076324 0.08393237881071514 -0.4619579710910955
FixedParameters: 0 0 0
#Transform 88
Transform: MatrixOffsetTransformBase_double_3_3
Parameters: 0.9999995975096194 0.000538987476570076 0.0003347007209097831 -0.000539524401063327 0.9999966972697647 0.002647822034642866 -0.00033371019697952175 -0.0026481824846446844 0.9999968763941827 0.07142501232367238 0.10709628806800708 -0.4351563023191787
FixedParameters: 0 0 0
#Transform 89
Transform: MatrixOffsetTransformBase_double_3_3
Parameters: 0.999998956935309 0.0007090103116207549 -0.000735516255315882 -0.0007088953244833116 0.9999991554113339 -0.0005965982458935593 0.0007347898996023235 0.0005974020921313966 1.000000088705753 0.06874702452923032 0.1270701398187839 -0.5556322450876721
FixedParameters: 0 0 0
#Transform 90
Transform: MatrixOffsetTransformBase_double_3_3
Parameters: 0.9999992506055235 0.00002969910811000424 0.0013225281456243935 -0.000032036437476365155 0.999997973365686 0.002009840291503362 -0.0013220436465465522 -0.002010160461702798 0.9999971970266601 0.09056409852436786 0.078236362278858 -0.36992862294723494
FixedParameters: 0 0 0
#Transform 91
Transform: MatrixOffsetTransformBase_double_3_3
Parameters: 0.9999992802456111 0.0005965341784270652 -0.000603369203075721 -0.0005942968307202765 0.9999960395619104 0.0025732402882968353 0.0006053203236518629 -0.0025727591515744552 0.9999970000031895 0.05880396980904834 0.1191410626524032 -0.3907582216688965
FixedParameters: 0 0 0
#Transform 92
Transform: MatrixOffsetTransformBase_double_3_3
Parameters: 0.9999933873536141 0.00003537335076159772 -0.003551081741336995 -0.00003037711673423176 0.9999984164873027 0.001559372089041819 0.0035514561879564244 -0.0015586275214220652 0.9999921098870124 0.04304272520575125 0.13802726447345037 -0.38555615148686684
FixedParameters: 0 0 0
#Transform 93
Transform: MatrixOffsetTransformBase_double_3_3
Parameters: 0.9999992339528199 0.0005946784881267745 -0.0006423409662979171 -0.0005933726835425901 0.9999988950590937 0.0016943974911058507 0.000643241225040959 -0.0016946049598101642 0.999998596224192 0.03320514861181323 0.054306759892412515 -0.32513178959635525
FixedParameters: 0 0 0
#Transform 94
Transform: MatrixOffsetTransformBase_double_3_3
Parameters: 0.9999998992769983 0.0002520652361762974 0.0001935461300932637 -0.0002522860544902646 0.9999950201688523 0.0031489514318168155 -0.0001918377836575361 -0.0031490486224385467 0.9999950466563096 0.0521321663711376 -0.06713023785546568 -0.3219547129374192
FixedParameters: 0 0 0
#Transform 95
Transform: MatrixOffsetTransformBase_double_3_3
Parameters: 0.9999982665133618 -0.0006080196078523366 -0.0015378977879908307 0.000605223772064069 0.9999988476899714 -0.0016329473838692932 0.0015381331728050148 0.0016320525318797158 0.9999970887039898 0.057108806429653214 0.07765275670493565 -0.5317671699206556
FixedParameters: 0 0 0
#Transform 96
Transform: MatrixOffsetTransformBase_double_3_3
Parameters: 0.9999985141895154 -0.000596006568187567 -0.0017693926227909192 0.0005912751135023647 0.9999960572418309 -0.0025263176853775327 0.00177088673957429 0.002525681233063695 0.9999956955674956 0.0537309338791232 0.0842404623623878 -0.5962778528963142
FixedParameters: 0 0 0
#Transform 97
Transform: MatrixOffsetTransformBase_double_3_3
Parameters: 0.999999090702617 -0.00029031539809757593 -0.0009083027399682335 0.000289616830983832 0.999999648814485 -0.0003842774357251111 0.0009085257255832212 0.00038472175133875963 0.9999991462081007 0.06971595129947161 -0.1147224581546169 -0.5495641411597774
FixedParameters: 0 0 0
#Transform 98
Transform: MatrixOffsetTransformBase_double_3_3
Parameters: 0.9999999743976495 0.00015866141524781654 0.000020677074700427534 -0.0001586619827019172 0.9999954834053957 0.0029139952845906314 -0.000020745152539837328 -0.0029140018622512004 0.9999955081725345 0.04913030748961944 -0.08446501604522894 -0.347806394021525
FixedParameters: 0 0 0
#Transform 99
Transform: MatrixOffsetTransformBase_double_3_3
Parameters: 0.9999997868634982 0.00045831232028629824 -0.000056549985546580106 -0.00045798926661781757 0.9999986074299616 0.0017840273557320069 0.00005719191001373226 -0.0017839752480688364 0.9999988141117344 0.043981944486404245 0.09665846262724642 -0.3332509294264625
FixedParameters: 0 0 0
#Transform 100
Transform: MatrixOffsetTransformBase_double_3_3
Parameters: 0.9999998893335423 0.00009243494891198015 0.00031976999564746234 -0.00009315003896431776 0.9999968464316473 0.0026729724964324603 -0.0003191537883352877 -0.0026730317890720084 0.9999967530068379 0.05651123153251092 0.10416680836647174 -0.288010635609794
FixedParameters: 0 0 0
#Transform 101
Transform: MatrixOffsetTransformBase_double_3_3
Parameters: 0.9999997547120084 0.000461884059796562 -0.0001799665681310286 -0.00046101684774644945 0.99999966526398 -0.0003489169895194294 0.00017976461092088133 0.0003490829882518559 0.9999998458460363 0.055129266645366215 0.12716428835548754 -0.5260904493443945
FixedParameters: 0 0 0
#Transform 102
Transform: MatrixOffsetTransformBase_double_3_3
Parameters: 0.9999988507335402 -0.0001710693736341076 -0.0014558901052302304 0.0001746415072221176 0.9999977358512371 0.00229063048399189 0.0014557304286538252 -0.002291372312559048 0.9999966174948279 0.06258347705481526 0.13623404100856362 -0.4247362140275115
FixedParameters: 0 0 0
#Transform 103
Transform: MatrixOffsetTransformBase_double_3_3
Parameters: 0.9999979508943423 0.00019190566484512966 0.0017355628573377587 -0.00019594123887047932 0.9999973749168246 0.0023415297826134412 -0.0017351669249534127 -0.002341470243237706 0.999995610709411 0.09733809173427233 0.09425699110423125 -0.34745661908711156
FixedParameters: 0 0 0
#Transform 104
Transform: MatrixOffsetTransformBase_double_3_3
Parameters: 0.9999966647412095 -0.0002115695688284918 -0.0027000888054996355 0.00020766977482649572 0.9999991128559652 -0.001663940000883532 0.0027003941427981015 0.0016630634871244582 0.999995017401173 0.09706018004915506 0.12198497463054991 -0.6069328364113673
FixedParameters: 0 0 0
#Transform 105
Transform: MatrixOffsetTransformBase_double_3_3
Parameters: 0.999998706208093 -0.00006839796755446945 -0.0015127350280544753 0.00006603220081190581 0.9999988911591452 -0.0017662224769092183 0.0015133328455829965 0.0017657805479595196 0.9999975775234863 0.0670917832805884 0.030183166861149857 -0.5373137957672398
FixedParameters: 0 0 0
#Transform 106
Transform: MatrixOffsetTransformBase_double_3_3
Parameters: 0.9999984959369443 0.00039523478308385303 0.0018297553362150367 -0.00040105324152730945 0.99999494865016 0.0032841397330636707 -0.0018284046156862423 -0.003284863617494721 0.999992971318306 0.09354409295251287 -0.08460537409445124 -0.3862416346132278
FixedParameters: 0 0 0
#Transform 107
Transform: MatrixOffsetTransformBase_double_3_3
Parameters: 0.9999987721115723 -0.000437162556935524 -0.0014272111662156487 0.00043622092237538703 0.9999995649121108 -0.001067758264066604 0.0014273910234449503 0.001067244285440555 0.999998928082634 0.10148306683433361 0.04202924967134436 -0.5288775701140409
FixedParameters: 0 0 0
#Transform 108
Transform: MatrixOffsetTransformBase_double_3_3
Parameters: 0.9999981877523484 -0.00019289583221606516 0.0019429902896057117 0.00018875613747471788 0.9999976368664855 0.0020871316480704366 -0.0019433062521100435 -0.002086867111421184 0.9999958397326979 0.0815742681269569 0.06977152410946985 -0.3540485217562548
FixedParameters: 0 0 0
#Transform 109
Transform: MatrixOffsetTransformBase_double_3_3
Parameters: 0.9999980288321576 0.0004140010738192971 0.002191124433177007 -0.00041873668749741106 0.9999977118892385 0.00224083619623755 -0.0021896499211559632 -0.0022421661569172607 0.9999952682679855 0.09249425836182468 0.07211168153429526 -0.3259421109932461
FixedParameters: 0 0 0
#Transform 110
Transform: MatrixOffsetTransformBase_double_3_3
Parameters: 0.9999985232170182 0.00029597410998126656 -0.0015457678902113048 -0.0002976762375598977 0.9999995030812454 -0.0011926610078078909 0.0015452999382876281 0.0011933399847172815 0.9999981736338543 0.08207988975971148 0.09811084451341401 -0.5881270820255438
FixedParameters: 0 0 0
#Transform 111
Transform: MatrixOffsetTransformBase_double_3_3
Parameters: 0.9999937291341351 -0.0001936959432142834 -0.003497712624472776 0.00017649513994141348 0.9999888267455176 -0.004780286339687176 0.003498426248736539 0.004780712126397829 0.9999821956347948 0.03947961340445261 0.15558908988310804 -0.7012930689280665
FixedParameters: 0 0 0
#Transform 112
Transform: MatrixOffsetTransformBase_double_3_3
Parameters: 0.9999987273074428 0.00021989965757372287 -0.0014914612742881353 -0.0002226059185238059 0.9999983326449985 -0.0019057898623671687 0.0014909782681956137 0.0019062112067407683 0.9999971289776985 0.06374624182937794 -0.0011443584888581881 -0.5904036191617195
FixedParameters: 0 0 0
#Transform 113
Transform: MatrixOffsetTransformBase_double_3_3
Parameters: 0.9999989097309404 0.00010544515261293947 0.0014419182081257906 -0.00010867758708975682 0.9999956854832286 0.0028837259944769766 -0.0014416927510788385 -0.0028842732576434965 0.9999945892947284 0.09306058685518792 -0.13251985501156582 -0.4166315821076694
FixedParameters: 0 0 0
#Transform 114
Transform: MatrixOffsetTransformBase_double_3_3
