#Insight Transform File V1.0
#Transform 0
Transform: MatrixOffsetTransformBase_double_3_3
Parameters: 0.9999992279303236 0.000514312471725489 -0.0007124858241662315 -0.0005161674463630639 0.9999970234041229 -0.0026136208597069693 0.0007110256889073601 0.002613383181199358 0.9999965437255812 0.017753553995632387 -0.013603614917457207 -0.5163783229544947
FixedParameters: 0 0 0
#Transform 1
Transform: MatrixOffsetTransformBase_double_3_3
Parameters: 0.9999982381981529 0.0007493449810989456 -0.001788933132943659 -0.000749343184530858 0.999999586615217 0.0000011164261498053385 0.0017889338810884632 1.1642791644672634e-7 0.9999986515825086 -0.00865655447374536 0.0008351194171893894 -0.38222646928890924
FixedParameters: 0 0 0
#Transform 2
Transform: MatrixOffsetTransformBase_double_3_3
Parameters: 0.9999990356311652 0.0006223629248590995 -0.0007592314787078858 -0.0006249354697065012 0.9999955113423803 -0.0028455252423193605 0.0007579074467245334 0.0028464714128180607 0.9999953248296494 0.026821966316887824 0.00657848448634013 -0.49968872982886836
FixedParameters: 0 0 0
#Transform 3
Transform: MatrixOffsetTransformBase_double_3_3
Parameters: 0.9999990498598971 0.0005624160059179901 -0.0007964677945854795 -0.0005639034778708229 0.9999962244830517 -0.002730552345191331 0.0007947449743680202 0.0027314484594878896 0.9999959086211802 0.017136671968472683 -0.025955048349800336 -0.47934885153071605
FixedParameters: 0 0 0
#Transform 4
Transform: MatrixOffsetTransformBase_double_3_3
Parameters: 0.9999997165571238 0.0003420750164736104 -0.0004077665962425962 -0.00034374447477177435 0.9999951417584177 -0.003120860638860981 0.00040673904140859496 0.003121139947651841 0.9999950934660518 0.030505141836925986 -0.007817711497665414 -0.44659104371440606
FixedParameters: 0 0 0
#Transform 5
Transform: MatrixOffsetTransformBase_double_3_3
Parameters: 0.9999943977953736 0.00037159924328299376 -0.0033858493836820673 -0.0003743022071291008 0.9999992435849587 -0.0008384527088598215 0.003385583983038062 0.0008395469274809636 0.9999937463645044 0.001047018877486039 0.010195258760248294 -0.3881163728046104
FixedParameters: 0 0 0
#Transform 6
Transform: MatrixOffsetTransformBase_double_3_3
Parameters: 0.9999995971933231 -0.00003214396885498576 -0.0006342647595741859 0.00003100910854708305 0.9999988554761253 -0.001773021184824794 0.0006335041090455834 0.001772981156857964 0.9999984546496663 0.026305023457027232 -0.0013754908259215881 -0.5193486507619554
FixedParameters: 0 0 0
#Transform 7
Transform: MatrixOffsetTransformBase_double_3_3
Parameters: 0.999996485223433 -0.0002728867342467765 -0.0027277521931476385 0.00027878606121874096 0.9999978081772858 0.0020127559812518903 0.0027270334710358976 -0.0020142436204983877 0.9999945686593241 0.016209540701922265 0.032437831765989245 -0.3389256798331175
FixedParameters: 0 0 0
#Transform 8
Transform: MatrixOffsetTransformBase_double_3_3
Parameters: 0.9999963103694962 -0.00010325758765623112 -0.002584608087420129 0.00010631886108469936 0.9999995476514524 0.001168357219723512 0.00258400278890305 -0.0011686432996656781 0.9999960319273773 -0.000863577347686828 0.06439820456125744 -0.42351816268058684
FixedParameters: 0 0 0
#Transform 9
Transform: MatrixOffsetTransformBase_double_3_3
Parameters: 0.9999996616805827 0.00033624412315392274 -0.00047461514088687314 -0.0003347769083026545 0.9999985034907506 0.001544158295977191 0.000475651197548788 -0.0015438394736950606 0.9999983903181696 0.0024005394500505872 -0.09048551978941077 -0.27574908820266586
FixedParameters: 0 0 0
#Transform 10
Transform: MatrixOffsetTransformBase_double_3_3
Parameters: 0.9999959526697502 0.0001205130512513427 -0.0030056633155978903 -0.00011635498004160594 0.9999986360510106 0.0015177460848089103 0.0030054220814917966 -0.0015172557025028288 0.9999947109904268 -0.002708188079111551 0.06624155576541568 -0.4108140932323252
FixedParameters: 0 0 0
#Transform 11
Transform: MatrixOffsetTransformBase_double_3_3
Parameters: 0.9999962029422633 0.00003151761895793802 -0.0027918631895438987 -0.00002779349722607376 0.9999989789741845 0.0013995917507789585 0.002792458409027061 -0.0013994091451094565 0.9999953067568016 0.01310757078708491 -0.08045094499827599 -0.3622142174616769
FixedParameters: 0 0 0
#Transform 12
Transform: MatrixOffsetTransformBase_double_3_3
Parameters: 0.999998367594277 -0.00005805755509320697 -0.0019051534349544144 0.00006109351498102513 0.9999992881850769 0.0013176480544939834 0.0019047561206712688 -0.0013183521034147022 0.999997605156577 0.013916111036863299 0.04946869739229953 -0.36513880536247
FixedParameters: 0 0 0
#Transform 13
Transform: MatrixOffsetTransformBase_double_3_3
Parameters: 0.9999954503632017 -0.0000476626956731562 -0.003089723087846134 0.00005165059910931151 0.9999986761279326 0.0014682223266796746 0.0030899693733746183 -0.0014677795884092681 0.9999944641721319 -0.004570557842626499 0.04743824290973464 -0.3274134273861833
FixedParameters: 0 0 0
#Transform 14
Transform: MatrixOffsetTransformBase_double_3_3
Parameters: 0.9999962086978232 0.00032220109721407104 -0.002586010652771948 -0.0003188430977130474 0.9999994399312627 0.0012254710188859264 0.0025864355244223165 -0.001224528733864902 0.9999957675105693 0.004018952881551741 0.060922088072089764 -0.3931136519206433
FixedParameters: 0 0 0
#Transform 15
Transform: MatrixOffsetTransformBase_double_3_3
Parameters: 0.9999954028024296 0.000053661918387613665 -0.0029314141471258465 -0.000047469567893970194 0.9999975573324573 0.0020926552297016038 0.002931897705321202 -0.0020923417476860634 0.9999930883355582 0.017002539119104654 -0.07754454563428226 -0.41389537786469077
FixedParameters: 0 0 0
#Transform 16
Transform: MatrixOffsetTransformBase_double_3_3
Parameters: 0.9999955905432314 0.00004381881993650703 -0.0028993925767483533 -0.000037473496661081184 0.9999974678964776 0.00214163888839157 0.002899838642149562 -0.0021423573107177546 0.9999929462977506 0.0038255764887793475 0.04059322968139156 -0.35416507105656336
FixedParameters: 0 0 0
#Transform 17
Transform: MatrixOffsetTransformBase_double_3_3
Parameters: 0.9999998109015035 0.00022733434602193248 -0.0010665439157375562 -0.0002291758134498877 0.9999991816634203 -0.0013287558832855706 0.0010660573502073263 0.0013292426634240462 0.9999980967554822 0.02379345186071191 0.006377333302978627 -0.5708066504188594
FixedParameters: 0 0 0
#Transform 18
Transform: MatrixOffsetTransformBase_double_3_3
Parameters: 0.9999979055711814 -0.0004599340078377328 -0.0019705989142827854 0.0004654637778474928 0.9999958214810495 0.00297595542498498 0.001969109155294883 -0.0029770457347807755 0.9999933649250089 0.05310950955937699 -0.08759894055963002 -0.4350112795685348
FixedParameters: 0 0 0
#Transform 19
Transform: MatrixOffsetTransformBase_double_3_3
Parameters: 0.9999998691935145 0.00013907555242163836 -0.00033401056154428257 -0.0001401120346915703 0.9999957328164113 -0.0030409554859318344 0.0003332816850594827 0.0030410486419587685 0.9999956409594194 0.04210544816189099 0.02193514874426228 -0.5278111131779113
FixedParameters: 0 0 0
#Transform 20
Transform: MatrixOffsetTransformBase_double_3_3
Parameters: 0.9999995311858032 0.00046111684857474353 -0.000506774801487413 -0.00046207581295147805 0.9999925438203225 -0.0037737649103711662 0.0005046438234188158 0.003774231785912213 0.9999925011212635 0.05909502834336422 -0.010334433428923262 -0.40416288360513164
FixedParameters: 0 0 0
#Transform 21
Transform: MatrixOffsetTransformBase_double_3_3
Parameters: 0.999999464496625 0.00034328354467477143 -0.0006461464800784798 -0.0003448798783837832 0.9999966992001182 -0.0026797793455408253 0.0006455352293237776 0.0026802237954146185 0.9999964004604877 0.05765283840376867 0.04142855144370117 -0.4681555080900779
FixedParameters: 0 0 0
#Transform 22
Transform: MatrixOffsetTransformBase_double_3_3
Parameters: 0.9999994967208846 0.0002060735006767515 -0.0006785000955761969 -0.00020796318986167518 0.9999963008487265 -0.0027668598452592064 0.0006785874866683425 0.0027671407926036368 0.9999958832611298 0.04163131816537202 0.013749528671922917 -0.47662218967435876
FixedParameters: 0 0 0
#Transform 23
Transform: MatrixOffsetTransformBase_double_3_3
Parameters: 0.9999997487101226 0.00007761620666292112 -0.0004952431625865846 -0.00007651459218780324 0.9999997575117425 0.0011120387412437843 0.0004954145563788845 -0.001111962397811278 0.9999995181083893 0.03485019857302518 0.05077787245265597 -0.30083052685800027
FixedParameters: 0 0 0
#Transform 24
Transform: MatrixOffsetTransformBase_double_3_3
Parameters: 0.9999981182652489 -0.00004496949428029875 -0.0016971746889756307 0.000041912846773020125 0.9999975917413068 -0.002106312960786297 0.0016968454554150624 0.0021056884570992696 0.9999966560328213 0.04579078187765617 0.021079629332703576 -0.5502455507480875
FixedParameters: 0 0 0
#Transform 25
Transform: MatrixOffsetTransformBase_double_3_3
Parameters: 0.9999973837541946 -0.00040864495631111087 -0.002109308997433759 0.00041154678977342146 0.9999987179053192 0.001421881762742716 0.0021087746224657373 -0.001423117521143602 0.9999966188307059 0.04684879311446366 -0.061646243403998824 -0.37923993072558915
FixedParameters: 0 0 0
#Transform 26
Transform: MatrixOffsetTransformBase_double_3_3
Parameters: 0.9999987594942462 -0.00023679836908802428 -0.001784484342689549 0.00023379536510601911 0.9999979040760637 -0.0019876742426877536 0.0017849074420298661 0.001987328446409531 0.9999969550862764 0.055862034223551404 0.005644416762677906 -0.5018444161202638
FixedParameters: 0 0 0
#Transform 27
Transform: MatrixOffsetTransformBase_double_3_3
Parameters: 0.9999988147067329 -0.0002474051667359125 -0.0017674794126151224 0.00024339632927926732 0.9999977055272345 -0.002291553475532157 0.0017680916350602172 0.002290447311953381 0.9999956117937906 0.05990866705050735 -0.019709170137204524 -0.5033954581417603
FixedParameters: 0 0 0
#Transform 28
Transform: MatrixOffsetTransformBase_double_3_3
Parameters: 0.9999923709412779 0.000026352549183642025 -0.003953038850680423 -0.000029916436717905115 0.999999953495497 -0.0009527531806803324 0.0039534657767108655 0.0009532481653142383 0.9999916010192114 0.0440153034591475 0.00638656002291782 -0.4265231411246333
FixedParameters: 0 0 0
#Transform 29
Transform: MatrixOffsetTransformBase_double_3_3
Parameters: 0.9999989533929535 -0.0003606929249250054 -0.0017076039118239855 0.00035811415509008897 0.9999979537400235 -0.0019527475341438588 0.0017084951780832337 0.0019522523789787666 0.9999963751273789 0.04894606045949956 -0.010607292619724262 -0.5428573404788608
FixedParameters: 0 0 0
#Transform 30
Transform: MatrixOffsetTransformBase_double_3_3
Parameters: 0.9999966150557352 -0.00019204675758453853 -0.002710811612362598 0.0001975061460812587 0.9999972528547871 0.0021279660508473214 0.0027102545816834415 -0.002128033817970637 0.9999943054065388 0.050441043695215626 -0.04646405073960125 -0.4134437576509953
FixedParameters: 0 0 0
#Transform 31
Transform: MatrixOffsetTransformBase_double_3_3
Parameters: 0.9999980186673915 0.000014073335308954565 -0.00172642941671708 -0.000018010012820086598 0.9999978993350931 -0.0020022258558222705 0.0017267255814685876 0.0020027753218382904 0.9999970993036807 0.05974695823076104 0.020966190197199808 -0.5310080276916125
FixedParameters: 0 0 0
#Transform 32
Transform: MatrixOffsetTransformBase_double_3_3
Parameters: 0.9999916345874281 0.00020847197715403694 -0.004161816438857041 -0.00021256247371977273 0.9999990283196072 -0.0009682109920475107 0.004161889216574329 0.0009687876152860431 0.9999907302762802 0.04879832666399864 -0.004110435179441652 -0.439194678550912
FixedParameters: 0 0 0
#Transform 33
Transform: MatrixOffsetTransformBase_double_3_3
Parameters: 0.9999931670947302 -0.00010160691578237996 -0.0035805858280865605 0.00010450998851619437 0.999999149626018 0.0008377673351794707 0.003581045452066644 -0.0008382328718847948 0.9999936129760022 0.04681602417082331 0.04482423708995498 -0.3995699139274933
FixedParameters: 0 0 0
#Transform 34
Transform: MatrixOffsetTransformBase_double_3_3
Parameters: 0.9999980708953152 0.00002161202976477995 -0.001982358700588868 -0.000024959537343016805 0.9999983878028246 -0.0018762081364596256 0.0019817590986081057 0.0018767945173345096 0.9999966405701938 0.06349741294029343 0.0241127155829588 -0.5424194284267401
FixedParameters: 0 0 0
#Transform 35
Transform: MatrixOffsetTransformBase_double_3_3
Parameters: 0.9999990628163926 -0.000042656153410963586 -0.0017130744720939223 0.000039269399203611336 0.9999984431838173 -0.0018572038472864927 0.0017135870611603551 0.0018577960861766718 0.999996719009153 0.06295973784325781 0.0040721006065354 -0.5272985733690092
FixedParameters: 0 0 0
#Transform 36
Transform: MatrixOffsetTransformBase_double_3_3
Parameters: 0.999998806306952 -0.00010432436523746263 -0.001477641128424909 0.00010114912179860648 0.999997496752519 -0.002123269773413164 0.001477445004199613 0.002122727647873357 0.9999962952870625 0.06243302360324776 0.02072257480219264 -0.5097144655618138
FixedParameters: 0 0 0
#Transform 37
Transform: MatrixOffsetTransformBase_double_3_3
Parameters: 0.9999988233021267 -0.0002447602291182177 -0.0014551194078929758 0.00024110609986006284 0.9999980389782066 -0.0019794722479184734 0.001455328457987695 0.0019785266724170886 0.9999969514322946 0.06118392709163345 -0.003381961682777046 -0.5099822756289001
FixedParameters: 0 0 0
#Transform 38
Transform: MatrixOffsetTransformBase_double_3_3
Parameters: 0.9999929275680352 0.00010424703167210062 -0.0037501018225069003 -0.0000992396818119561 0.9999992038289564 0.0013295324732961467 0.0037497716768612336 -0.001329468014093213 0.9999921885839997 0.051185006011692735 0.045428203597509764 -0.40314775422938
FixedParameters: 0 0 0
#Transform 39
Transform: MatrixOffsetTransformBase_double_3_3
Parameters: 0.9999985935843048 -0.00029233439244242046 -0.0018221391716250264 0.00028894859826323184 0.999997412037373 -0.0023236639228164657 0.0018230977156701684 0.002323337068987172 0.9999953842163811 0.055552664356810055 0.01508038675733303 -0.542381014735227
FixedParameters: 0 0 0
#Transform 40
Transform: MatrixOffsetTransformBase_double_3_3
Parameters: 0.9999956946530393 -0.0003526618888950989 -0.0030297407111382906 0.0003585443900911421 0.9999975994168743 0.001993401361053901 0.003029587618606473 -0.0019935968139610932 0.999993147129384 0.04330620677299635 -0.0723033032341931 -0.40603892540095643
FixedParameters: 0 0 0
#Transform 41
Transform: MatrixOffsetTransformBase_double_3_3
Parameters: 0.9999982009006905 -0.000400053035440516 -0.0016243349136791355 0.0003983503750289304 1.0000000477362476 -0.0008297826713009465 0.0016251173300549726 0.0008292180854881787 0.9999987770223757 0.052365368099131615 0.032475389145972144 -0.5292311720270604
FixedParameters: 0 0 0
#Transform 42
Transform: MatrixOffsetTransformBase_double_3_3
Parameters: 0.9999954057653571 -0.0006143607446026272 -0.003035911616358813 0.0006213094609565225 0.9999976143654528 0.0021647219892303032 0.003034500464295695 -0.0021662747172986746 0.9999924125934839 0.04255914519143289 0.06151454679806534 -0.3911284749547974
FixedParameters: 0 0 0
#Transform 43
Transform: MatrixOffsetTransformBase_double_3_3
Parameters: 0.9999932194447002 0.0001231599817539274 -0.0037102984457181945 -0.00012107008397131382 0.9999993810908798 0.0006835899389541905 0.00371010484870149 -0.0006824112555559175 0.9999929053720763 0.04069830919262074 0.06302601315593392 -0.3940618735254162
FixedParameters: 0 0 0
#Transform 44
Transform: MatrixOffsetTransformBase_double_3_3
Parameters: 0.9999996648455058 0.00023912236269830908 -0.0005273988803223518 -0.0002399805636333246 0.9999988590810633 -0.001755875042113192 0.0005266777105258282 0.0017561275514350189 0.9999986386828837 0.05169133719293484 0.03652372421488792 -0.5666418543162592
FixedParameters: 0 0 0
#Transform 45
Transform: MatrixOffsetTransformBase_double_3_3
Parameters: 0.9999955091313787 0.0001518504036438787 -0.0029100503147347356 -0.00014853133677588954 0.9999998644430743 0.0010819603906146863 0.0029100149192705345 -0.0010820404066740064 0.9999953032340874 0.04223675698759166 -0.06467567049860179 -0.44856263686524045
FixedParameters: 0 0 0
#Transform 46
Transform: MatrixOffsetTransformBase_double_3_3
Parameters: 0.9999980127180012 -0.0006687380763565962 -0.0018815104307069823 0.0006646700178656243 0.9999986418075849 -0.0016404025040507447 0.0018829447433658076 0.0016395964607673064 0.9999969917032911 0.05004057553229302 0.005530701002172123 -0.5220158378438597
FixedParameters: 0 0 0
#Transform 47
Transform: MatrixOffsetTransformBase_double_3_3
Parameters: 0.9999995521094167 0.00029673818654803234 -0.0006002358987797562 -0.00029764293672418247 0.9999971035777222 -0.0024098218041111036 0.0005990437097099332 0.0024101782239717845 0.9999968323134345 0.04217427304824639 0.006799978028865894 -0.5030860787858913
FixedParameters: 0 0 0
#Transform 48
Transform: MatrixOffsetTransformBase_double_3_3
Parameters: 0.9999994775886897 -0.00003281912013346295 -0.0007219526800078986 0.00003114887584745632 0.9999985986440165 -0.0018440235920471615 0.0007221907750667634 0.0018439774058482267 0.9999980782641866 0.04121252115531604 0.011680507791396622 -0.516258977860744
FixedParameters: 0 0 0
#Transform 49
Transform: MatrixOffsetTransformBase_double_3_3
Parameters: 0.999999242937189 -0.00008019916113148157 -0.0013229344202543292 0.00007903690637245758 0.9999994739192032 -0.0011892401440783684 0.0013233641071206598 0.0011897620547994536 0.9999989391931147 0.036323447754000426 -0.0992967332726522 -0.565293107923516
FixedParameters: 0 0 0
#Transform 50
Transform: MatrixOffsetTransformBase_double_3_3
Parameters: 0.9999987820486081 -0.0004204805106545349 -0.0014285487681065564 0.00041719481824553753 0.9999977167862667 -0.0022336126732367123 0.001429787375182903 0.002233386630411574 0.9999960882017257 0.04900060855817401 0.03505486217373743 -0.5857083774222218
FixedParameters: 0 0 0
#Transform 51
Transform: MatrixOffsetTransformBase_double_3_3
Parameters: 0.9999961841778544 -0.00018939708496705596 -0.002604017148882471 0.00019683211826623177 0.9999961276910685 0.002785124236249867 0.002603093103876108 -0.0027858742831796818 0.9999925384137686 0.04112189710436098 -0.11208132401270632 -0.4141717641917495
FixedParameters: 0 0 0
#Transform 52
Transform: MatrixOffsetTransformBase_double_3_3
Parameters: 0.9999947943312575 0.00006186450252054109 -0.003194283328621641 -0.00005544131631235558 0.9999987721336798 0.0017825767062873837 0.003193891744454796 -0.0017824235583494413 0.9999936675635943 0.03537065965537067 0.04803708112396521 -0.35643214997521966
FixedParameters: 0 0 0
#Transform 53
Transform: MatrixOffsetTransformBase_double_3_3
Parameters: 0.9999935349372266 0.00016498857500805433 -0.003665761034159022 -0.00016418575507975072 0.9999999426837161 0.0001097533322496902 0.003665797081568089 -0.00010924524925057244 0.9999935682731056 0.0282383586737609 0.06497862321396042 -0.4428227929961963
FixedParameters: 0 0 0
#Transform 54
Transform: MatrixOffsetTransformBase_double_3_3
Parameters: 0.999993968639336 -0.00008916884731951559 -0.0033205898277847206 0.00009443421227697329 0.9999989690843714 0.0016900716053351028 0.0033195587199520123 -0.0016899315849844276 0.9999932873297864 0.033188671970933115 0.03943711740836875 -0.39363350932764263
FixedParameters: 0 0 0
#Transform 55
Transform: MatrixOffsetTransformBase_double_3_3
Parameters: 0.9999949210148622 -0.00022306950223435073 -0.0030050532684645402 0.00023130531439574035 0.9999962803488063 0.0025468079253727627 0.0030040477750044206 -0.002547184995285487 0.999991666215887 0.04052186547748704 0.0797127844950154 -0.38693566818285063
FixedParameters: 0 0 0
#Transform 56
Transform: MatrixOffsetTransformBase_double_3_3
Parameters: 0.9999940625237863 0.00021553742371205065 -0.0034485974195910783 -0.0002071291981444399 0.999996599920298 0.002514998548028599 0.0034485789899340305 -0.002514001010328143 0.9999908171264591 0.028589916894020462 0.08139425150143609 -0.4762857777796299
FixedParameters: 0 0 0
#Transform 57
Transform: MatrixOffsetTransformBase_double_3_3
Parameters: 0.9999949919633916 -0.0002748580394541073 -0.0029887633245039777 0.00028010832436612884 0.9999987527430059 0.0017286655497539688 0.002988195861784955 -0.0017293359289136945 0.9999942603177853 0.036414033733137785 0.03940828360498472 -0.42036209380903955
FixedParameters: 0 0 0
#Transform 58
Transform: MatrixOffsetTransformBase_double_3_3
Parameters: 0.9999987629491913 -0.00004836058372809191 -0.001798238659291173 0.000044155239109096035 0.9999978457613374 -0.002273202834012819 0.0017989294997085403 0.002272797905271004 0.9999955841066026 0.039381908264502385 0.009076726645005806 -0.5543575745979936
FixedParameters: 0 0 0
#Transform 59
Transform: MatrixOffsetTransformBase_double_3_3
Parameters: 0.9999940412699867 0.00006723870268239362 -0.0033095139454459807 -0.00006094009323084172 0.999998453740293 0.0018696012059200712 0.003310025516125733 -0.0018693984973860295 0.9999925974443332 0.031769528669087777 -0.04349349739860031 -0.4352416339832672
FixedParameters: 0 0 0
#Transform 60
Transform: MatrixOffsetTransformBase_double_3_3
Parameters: 0.9999998123963395 0.00010260102833731293 -0.00042080499312297014 -0.00010396305310291503 0.9999983681785541 -0.001618955244620468 0.0004204705655408322 0.0016190421365987057 0.9999982018965958 0.03917864818839689 -0.013257048439712094 -0.5211726330356541
FixedParameters: 0 0 0
#Transform 61
Transform: MatrixOffsetTransformBase_double_3_3
Parameters: 0.9999942274727329 0.000008923500555016851 -0.0034313322959416796 -0.000003572188340194269 0.9999991217588986 0.0013582905823355945 0.0034308687254518606 -0.0013587077813892179 0.9999934146591265 0.04568435942451288 -0.07283857606407196 -0.37661139841384994
FixedParameters: 0 0 0
#Transform 62
Transform: MatrixOffsetTransformBase_double_3_3
Parameters: 0.9999987946824721 -0.00011367130773823754 -0.0017869472465232858 0.00010961157159367756 0.9999980043928286 -0.0020034383843173242 0.0017867621384682526 0.0020025623460488973 0.9999967662559098 0.054571912976854264 0.022643446968842795 -0.5412987219734475
FixedParameters: 0 0 0
#Transform 63
Transform: MatrixOffsetTransformBase_double_3_3
Parameters: 0.9999971412062951 -0.0004372693315292548 -0.0021606183821836064 0.0004421139690202695 0.9999974375634706 0.002067795350335161 0.0021593115859054805 -0.0020692007318368483 0.9999951462470518 0.06066961438344265 -0.07119370037686679 -0.32314667823322196
FixedParameters: 0 0 0
#Transform 64
Transform: MatrixOffsetTransformBase_double_3_3
Parameters: 0.9999982130324512 0.0002377213642377426 -0.0019314462209351093 -0.00024275695689268632 0.9999962682263608 -0.002588773016583737 0.00193080294465131 0.0025892238206998708 0.9999945389372943 0.05047621539746672 0.04425458682003125 -0.5526958856822048
FixedParameters: 0 0 0
#Transform 65
Transform: MatrixOffsetTransformBase_double_3_3
Parameters: 0.9999933970640629 -0.00013785308273835936 -0.003685947982255556 0.00014263894322410982 0.9999994170420402 0.0011877375985690497 0.003685134212947337 -0.001188260303459726 0.9999921573260174 0.029873779033479764 0.0406774309288096 -0.3725643018611251
FixedParameters: 0 0 0
#Transform 66
Transform: MatrixOffsetTransformBase_double_3_3
Parameters: 0.9999992276029577 -0.0002837666771436932 -0.0008317728531409744 0.0002845236057012661 0.999998957408961 0.0017207651258367013 0.0008315473100608858 -0.0017212377539017054 0.9999983465016482 0.0355002145550003 0.021987775400290843 -0.29639490763539555
FixedParameters: 0 0 0
#Transform 67
Transform: MatrixOffsetTransformBase_double_3_3
Parameters: 0.9999888615469523 0.000017257151174876668 -0.004705223723334141 -0.000015492653140424537 0.9999996418884871 0.00039872198595493347 0.0047049965052254564 -0.0003982783560896458 0.999988902052201 0.010512620761957692 0.08530690902337312 -0.4378812776659373
FixedParameters: 0 0 0
#Transform 68
Transform: MatrixOffsetTransformBase_double_3_3
Parameters: 0.9999932107365455 0.00017102404912007247 -0.0037095549190749246 -0.00016772949163088122 0.9999992381994489 0.000845778217064691 0.0037094809282885843 -0.0008452202024141903 0.9999925427929404 0.030067603723210823 0.06331698330467361 -0.41068351934048053
FixedParameters: 0 0 0
#Transform 69
Transform: MatrixOffsetTransformBase_double_3_3
Parameters: 0.9999959318844412 -0.00003925777069673647 -0.00283994229205294 0.000044945196613435775 0.9999989586845349 0.0017215070722560177 0.0028403095499516767 -0.0017214906876243247 0.9999940460633118 0.040677797521865955 0.05838894768922387 -0.40085937555070217
FixedParameters: 0 0 0
#Transform 70
Transform: MatrixOffsetTransformBase_double_3_3
Parameters: 0.9999952795412167 -0.00004614974658893981 -0.003117758825407727 0.000050522570955270904 0.9999987080420292 0.0014972388379315554 0.003117013375351776 -0.0014977617429540596 0.9999940864724871 0.04190344153624892 0.03598882395732517 -0.3603228003844805
FixedParameters: 0 0 0
#Transform 71
Transform: MatrixOffsetTransformBase_double_3_3
Parameters: 0.9999983168847758 0.000044662288703052594 -0.0016372729828076106 -0.00004641770366121102 0.9999988036255042 -0.0014450590154833076 0.001637501737842889 0.0014459407529700125 0.9999973343144305 0.052216302094308276 0.020679820299079665 -0.5410025680167152
FixedParameters: 0 0 0
#Transform 72
Transform: MatrixOffsetTransformBase_double_3_3
Parameters: 0.9999970380852726 -0.00013787980064384868 -0.0024373521854019423 0.00014447319794436928 0.9999970068835706 0.002623403076891545 0.002437876129823653 -0.00262359728100435 0.9999932656523842 0.04424421276186763 -0.07957703720649079 -0.45476997141090436
FixedParameters: 0 0 0
#Transform 73
Transform: MatrixOffsetTransformBase_double_3_3
Parameters: 0.9999944454533469 -0.000022596596449678708 -0.003399004670062461 0.000027046986221003217 0.9999985688462575 0.0015481867055665843 0.0033991997353750446 -0.0015488155218133792 0.9999930808825682 0.03728871969858005 0.039460443636059495 -0.4139967972425964
FixedParameters: 0 0 0
#Transform 74
Transform: MatrixOffsetTransformBase_double_3_3
Parameters: 0.9999922959714026 0.0000848232030877809 -0.0038336366252636348 -0.00008352358055327793 0.9999999459475245 0.00016947208053445795 0.00383366516310788 -0.0001695252980307843 0.9999922925636777 0.03370468752727618 -0.09759972827426111 -0.45736247571748834
FixedParameters: 0 0 0
#Transform 75
Transform: MatrixOffsetTransformBase_double_3_3
Parameters: 0.9999937415246577 -0.0003376048574074481 -0.003484942118898972 0.0003430584849811392 0.999998446080693 0.001511068626811024 0.0034843050280243494 -0.0015129294312122843 0.9999927231426153 0.025164033737468117 -0.0628033268577326 -0.41802258918675506
FixedParameters: 0 0 0
#Transform 76
Transform: MatrixOffsetTransformBase_double_3_3
Parameters: 0.9999990105260282 -0.00010256344587175232 -0.001406957683563687 0.00009987547916684538 0.9999976557306981 -0.0020562758032317413 0.0014067416531240516 0.002056723607373065 0.9999968963991169 0.05044222383999397 0.045143071902103316 -0.6054746316153654
FixedParameters: 0 0 0
#Transform 77
Transform: MatrixOffsetTransformBase_double_3_3
Parameters: 0.9999988014553011 0.00009147697474477714 -0.0017863180911438419 -0.00008699839899567525 0.9999954886244524 0.002920921157657047 0.0017861185965628384 -0.0029210794349500274 0.9999942482970324 0.062146196394678554 -0.08774506715047892 -0.47306745935345873
FixedParameters: 0 0 0
#Transform 78
Transform: MatrixOffsetTransformBase_double_3_3
Parameters: 0.9999994679568175 -0.00025847626512767946 -0.0012101366786159032 0.00025635268665716375 0.9999980683670854 -0.0016974296910544084 0.001211250621532706 0.0016965678591136096 0.9999976399698789 0.05313864007351299 0.012601837016518402 -0.5422544365688395
FixedParameters: 0 0 0
#Transform 79
Transform: MatrixOffsetTransformBase_double_3_3
Parameters: 0.999997895718658 0.0000915199739852824 -0.0020240243526115204 -0.00008707244675608517 0.999997615241678 0.002324943732720533 0.002023838896595287 -0.0023250593461433405 0.9999954691943118 0.05791813791708478 -0.06230536083920413 -0.46345400485597565
FixedParameters: 0 0 0
#Transform 80
Transform: MatrixOffsetTransformBase_double_3_3
Parameters: 0.9999977033653851 -0.00037557801021258853 -0.002270790850634703 0.0003722086059785866 0.9999993165755773 -0.00120610124453846 0.00227093982872305 0.0012048971885415954 0.9999964803262905 0.0589280048736498 0.024245644358984464 -0.5365437178687813
FixedParameters: 0 0 0
#Transform 81
Transform: MatrixOffsetTransformBase_double_3_3
Parameters: 0.9999969835860877 -0.0008876445801090664 -0.002495694046276738 0.0008938779158829467 0.9999965498357335 0.002514496555043433 0.0024934700698813635 -0.0025165043894092576 0.9999937782250551 0.03214210938702422 -0.07218876295782195 -0.31842031681912886
FixedParameters: 0 0 0
#Transform 82
Transform: MatrixOffsetTransformBase_double_3_3
Parameters: 0.9999971121327645 -0.00028931228561875327 -0.002409313384874822 0.00028491973061447274 0.9999984251289913 -0.001555062710275279 0.0024095736874829294 0.0015539346635348311 0.9999958540575213 0.05476504396149551 0.04646434073883654 -0.5346641760569213
FixedParameters: 0 0 0
#Transform 83
Transform: MatrixOffsetTransformBase_double_3_3
Parameters: 0.9999946260850012 -0.0002502238330389171 -0.0033631189119124835 0.0002584418245375136 0.9999970815031601 0.002585521949637695 0.0033627077841786547 -0.002586482958089484 0.9999911697169029 0.03816903337532551 -0.07374078749116109 -0.404097627413492
FixedParameters: 0 0 0
#Transform 84
Transform: MatrixOffsetTransformBase_double_3_3
Parameters: 0.9999951282466205 -0.00034412851846514497 -0.0029584486538414027 0.000351132390071872 0.9999969431199666 0.0023984654381978 0.002957925277930475 -0.002399534027549291 0.9999926746836751 0.04945708046409436 0.04532255006967034 -0.38904907345974493
FixedParameters: 0 0 0
#Transform 85
Transform: MatrixOffsetTransformBase_double_3_3
Parameters: 0.9999966278368141 -0.000365642598950399 -0.0026905166661228075 0.0003774924590189348 0.999989675087274 0.00448362506619196 0.002688720683609893 -0.004485368307458354 0.9999857310229763 0.033823215014948005 -0.028017804883447184 -0.4420271249063603
FixedParameters: 0 0 0
#Transform 86
Transform: MatrixOffsetTransformBase_double_3_3
Parameters: 0.9999939470811932 -0.00039392800785356853 -0.0033012617662734785 0.0004058542109246582 0.9999919886822007 0.0038160374521822304 0.003299625876670492 -0.003816956378404318 0.9999868268918808 0.032115777606222196 -0.035903591765659826 -0.46224017736714984
FixedParameters: 0 0 0
#Transform 87
Transform: MatrixOffsetTransformBase_double_3_3
Parameters: 0.9999974419242346 -0.00032822908685415953 -0.002334666869408556 0.0003378149179291845 0.9999923236051598 0.0038058486325065616 0.0023331559796667266 -0.0038071476041997704 0.9999901393039005 0.050958798134672634 -0.052412833263787206 -0.47561320919494676
FixedParameters: 0 0 0
#Transform 88
Transform: MatrixOffsetTransformBase_double_3_3
Parameters: 0.9999954691541557 -0.000021593365578825765 -0.0030873406618428557 0.0000320483805214741 0.9999938312539718 0.0034813072715201843 0.0030868251577604827 -0.0034816944123125387 0.9999893960786541 0.04719977987531365 -0.05209885365948708 -0.4151041454086766
FixedParameters: 0 0 0
#Transform 89
Transform: MatrixOffsetTransformBase_double_3_3
Parameters: 0.9999961818118905 -0.0006620797033884207 -0.0025257273898723464 0.0006699238988552294 0.9999953551520051 0.00299993326797679 0.00252386734751203 -0.00300206966000284 0.9999928145780391 0.03412192100645939 -0.020549566426083743 -0.5230124970741983
FixedParameters: 0 0 0
#Transform 90
Transform: MatrixOffsetTransformBase_double_3_3
Parameters: 0.9999946913397597 -0.0003119944284140241 -0.003347925310515951 0.00032220205660390435 0.9999953632976687 0.0030603133198667393 0.0033477609357199793 -0.0030616869227727828 0.999989588502426 0.01898289153812982 -0.11739169081825196 -0.42121529328408513
FixedParameters: 0 0 0
#Transform 91
Transform: MatrixOffsetTransformBase_double_3_3
Parameters: 0.999995884397389 -0.0002832508084197748 -0.0028347235050991716 0.00027968787775753976 0.9999989174728601 -0.0013503044100399292 0.0028349712678030665 0.001349696699086328 0.999995321914071 0.021385519910921857 0.0017196733210198545 -0.5890464134601956
FixedParameters: 0 0 0
#Transform 92
Transform: MatrixOffsetTransformBase_double_3_3
Parameters: 0.9999958481407157 -0.0002714990697310807 -0.0028422054104574094 0.0002715275025055237 0.9999997454534576 0.000004722349150901306 0.002842202699079389 -0.000005277609316678422 0.9999961026373434 0.022451358953972544 -0.08551312779950138 -0.6265673544601569
FixedParameters: 0 0 0
#Transform 93
Transform: MatrixOffsetTransformBase_double_3_3
Parameters: 0.9999950607305897 -0.000321859552712022 -0.003136057241891613 0.0003334918518711046 0.9999931803694444 0.0038114690579644783 0.0031350956628423917 -0.0038125358453573316 0.9999878174769058 0.021663681977869942 -0.17226581594567847 -0.43416244396978243
FixedParameters: 0 0 0
#Transform 94
Transform: MatrixOffsetTransformBase_double_3_3
Parameters: 0.9999957028342841 -0.0004403765657555252 -0.002846751763764136 0.0004410519086332386 0.9999995391180336 0.0002922396451324888 0.0028463733720493324 -0.0002937605594080933 0.9999959920179544 0.029728534166608256 0.021028178912416706 -0.5849753973174714
FixedParameters: 0 0 0
#Transform 95
Transform: MatrixOffsetTransformBase_double_3_3
Parameters: 0.9999938189997568 0.00011887471401158617 -0.0034882180502301204 -0.00010489945464604844 0.9999918545289576 0.004012659548782493 0.003488426792368361 -0.004012339023002437 0.9999857639363744 0.03152996451544254 -0.11639307368768925 -0.4740834850415325
FixedParameters: 0 0 0
#Transform 96
Transform: MatrixOffsetTransformBase_double_3_3
Parameters: 0.9999932712400064 -0.000029173208323278943 -0.003704898634350171 0.000041106573275393366 0.9999944147055737 0.0032500193123879834 0.0037052140620124044 -0.003250978313575334 0.9999877249137363 0.01749077257171905 -0.0448602318926703 -0.4178553708434265
FixedParameters: 0 0 0
#Transform 97
Transform: MatrixOffsetTransformBase_double_3_3
Parameters: 0.9999916517561058 -0.00035862823323985717 -0.004027628945854718 0.00036908595422564013 0.9999957431505869 0.002806538806415626 0.004026129748342291 -0.002808464118153095 0.9999881443894901 0.010513953739575754 0.06974399962452082 -0.4221863241823982
FixedParameters: 0 0 0
#Transform 98
Transform: MatrixOffsetTransformBase_double_3_3
Parameters: 0.9999945795709987 0.0000017652626650945706 -0.0033795782274706147 0.000008832709842084212 0.9999947176462649 0.003201258521173783 0.003379226851713728 -0.0032017424822570473 0.9999893626060572 0.033961325131670606 -0.0376532965277363 -0.38580667350516507
FixedParameters: 0 0 0
#Transform 99
Transform: MatrixOffsetTransformBase_double_3_3
Parameters: 0.9999913995579606 -0.00007545559195388434 -0.004194731196270486 0.00008487338412215765 0.9999980216626291 0.0022016811253824653 0.004194289677855749 -0.0022023196379827303 0.999988680231441 0.025613627353010315 0.07511284416112574 -0.4638051739070619
FixedParameters: 0 0 0
#Transform 100
Transform: MatrixOffsetTransformBase_double_3_3
Parameters: 0.9999922683783753 -0.0001796217685858719 -0.003962246288977817 0.00019110961632930342 0.9999958075268855 0.002983388769797188 0.003961684084893473 -0.0029836139363670355 0.999987658189472 0.023269847960108336 -0.0806830616496228 -0.4676302606505587
FixedParameters: 0 0 0
#Transform 101
Transform: MatrixOffsetTransformBase_double_3_3
Parameters: 0.9999923576235471 -0.00018572500382050346 -0.003821967075878399 0.00019779676914438878 0.9999954678290799 0.003039389448566146 0.0038214653714292667 -0.003039611501847117 0.9999884125609154 0.03227785469108824 -0.05252571718185095 -0.4160795195672975
FixedParameters: 0 0 0
#Transform 102
Transform: MatrixOffsetTransformBase_double_3_3
Parameters: 0.9999916342169826 0.00022830258081331422 -0.004161225866291296 -0.00022076917705646714 0.9999984880138874 0.0018599659899857374 0.0041610998267547 -0.0018590344592266106 0.999989230685863 0.027840944176574567 0.03724085673647437 -0.47374920657974684
FixedParameters: 0 0 0
#Transform 103
Transform: MatrixOffsetTransformBase_double_3_3
Parameters: 0.9999957287177083 0.00007264333291934005 -0.0030437535101264707 -0.00005873650956027531 0.9999882002561329 0.004769588287201934 0.003044563601519464 -0.004769409881928241 0.9999840318456604 0.0496968661030337 -0.12100162068462339 -0.45256222146080916
FixedParameters: 0 0 0
#Transform 104
Transform: MatrixOffsetTransformBase_double_3_3
Parameters: 0.9999950031102852 -0.00017196464055653705 -0.003311832574258158 0.00018397845832626044 0.9999923838778213 0.0037986673738437116 0.003310904074623589 -0.003799334980727334 0.9999877542381184 0.03590245848165807 -0.07613394008623686 -0.4164327356868398
FixedParameters: 0 0 0
#Transform 105
Transform: MatrixOffsetTransformBase_double_3_3
Parameters: 0.9999906239617394 0.00008847125504664311 -0.004400588741852223 -0.00007516687946986249 0.999995854565223 0.0030052584712433605 0.004401504221516575 -0.003004742819896225 0.9999857092144436 0.03909373949568362 -0.031997039749882106 -0.4902209443994181
FixedParameters: 0 0 0
#Transform 106
Transform: MatrixOffsetTransformBase_double_3_3
Parameters: 0.999993660170275 0.00003817128818878467 -0.003652453009441621 -0.000023815644559875635 0.9999928769051075 0.00388438379170776 0.003652004637238088 -0.0038846174802034117 0.9999856043653982 0.03732277538068729 -0.10249363338786566 -0.4372869699448714
FixedParameters: 0 0 0
#Transform 107
Transform: MatrixOffsetTransformBase_double_3_3
Parameters: 0.9999942157430312 -0.000026949084736928048 -0.0034323421802161603 0.00002866405680230236 0.9999996568618609 0.0005561747461224759 0.0034330637181179194 -0.00055682572029013 0.9999939394947164 0.05854038159505137 0.060294671026454694 -0.6224646036732082
FixedParameters: 0 0 0
#Transform 108
Transform: MatrixOffsetTransformBase_double_3_3
Parameters: 0.9999931813442988 -0.00007202592795888603 -0.003716711343561455 0.00008715410304100562 0.9999912829874255 0.0040708384990928576 0.003716246781193337 -0.004071157567698491 0.9999847520392188 0.045563581736885794 -0.10599308129427243 -0.49188732968088544
FixedParameters: 0 0 0
#Transform 109
Transform: MatrixOffsetTransformBase_double_3_3
Parameters: 0.9999934779681238 0.000004996154445145913 -0.0036773873366533136 0.00000646811045165415 0.999995484400204 0.0030602520540816136 0.0036770540893052233 -0.003059746403496752 0.9999882662656773 0.04316336502883189 -0.032115255865136305 -0.5980755523730679
FixedParameters: 0 0 0
#Transform 110
Transform: MatrixOffsetTransformBase_double_3_3
Parameters: 0.9999936821715396 -0.00014454843186054416 -0.003646140674665854 0.00015957574382334207 0.9999917109826489 0.004015582021573538 0.0036462156671338416 -0.0040164183905261885 0.9999857144379263 0.03195707033695783 -0.09647815819366201 -0.4657948126539111
FixedParameters: 0 0 0
#Transform 111
Transform: MatrixOffsetTransformBase_double_3_3
Parameters: 0.9999957167169676 -0.00039674368657466455 -0.0028506900576289887 0.0003950415005084327 0.9999999390708845 -0.0008425164212758213 0.002850724400018418 0.0008414859387919638 0.9999953597130811 0.05107839040726958 0.03592585379516322 -0.657210150743218
FixedParameters: 0 0 0
#Transform 112
Transform: MatrixOffsetTransformBase_double_3_3
Parameters: 0.9999945130797513 0.00016882234489322466 -0.0032337413019907194 -0.00017465945908211932 0.9999985982442617 -0.001823056306963472 0.0032338357837921076 0.001823945529383586 0.9999932645047739 0.06151780878680313 -0.014939123314135827 -0.4359813279057576
FixedParameters: 0 0 0
#Transform 113
Transform: MatrixOffsetTransformBase_double_3_3
Parameters: 0.9999881613916479 0.00043717142159177227 -0.0047588931992985735 -0.0004386027704201057 0.9999998381353392 -0.00035822856236646106 0.004758819071123591 0.0003597723990140522 0.9999880654927523 0.027869080706096838 0.010890895874197781 -0.4121539171874815
FixedParameters: 0 0 0
#Transform 114
