#Insight Transform File V1.0
#Transform 0
Transform: MatrixOffsetTransformBase_double_3_3
Parameters: 0.9999985141465729 0.00003410106775523944 -0.0015764987117965685 -0.00003783026349286374 0.999996933488959 -0.002447854455245743 0.0015759949058836602 0.0024471445911363465 0.9999956001223268 0.030767123858822742 -0.14991703290652936 -0.5236736487752722
FixedParameters: 0 0 0
#Transform 1
Transform: MatrixOffsetTransformBase_double_3_3
Parameters: 0.999997966537981 -0.00004732645126440371 -0.002243447366570982 0.000051577976639551455 0.9999982709742866 0.0016321398012896365 0.002242535080117198 -0.0016328582410380654 0.9999963654442842 0.05139948289520646 -0.15259375865234404 -0.3773895840385535
FixedParameters: 0 0 0
#Transform 2
Transform: MatrixOffsetTransformBase_double_3_3
Parameters: 0.999999365906018 -0.00004633129343950569 -0.0012774311591559804 0.000047329827737672784 0.9999996265653085 0.0011709402755755716 0.0012774853590134631 -0.0011710599239281028 0.9999979968567333 0.01691152796290396 -0.15291888314735047 -0.3373837116446623
FixedParameters: 0 0 0
#Transform 3
Transform: MatrixOffsetTransformBase_double_3_3
Parameters: 0.9999983465029112 -0.00021383234696342946 -0.0018989416463737164 0.00021685904545640748 0.9999992770521605 0.001299754525922972 0.0018995422623772531 -0.0013002458609804174 0.9999976894458412 0.030390898160817414 -0.15575961363944657 -0.35358877210828155
FixedParameters: 0 0 0
#Transform 4
Transform: MatrixOffsetTransformBase_double_3_3
Parameters: 0.9999990376940378 -0.00006585856958348624 -0.001399239669717036 0.00006789226892515976 0.9999989315191247 0.0014389880025634516 0.001399211079291944 -0.0014390118243794298 0.9999979647289895 0.025248743800617035 -0.16704280182290177 -0.3359867854988181
FixedParameters: 0 0 0
#Transform 5
Transform: MatrixOffsetTransformBase_double_3_3
Parameters: 0.9999966596283268 -0.00019875529868804034 -0.00251014577317672 0.00020192735311800648 0.9999989465249691 0.0014257423510856543 0.0025099021525496206 -0.0014262580986867807 0.9999956461422083 0.03854658678064027 -0.11764358859822721 -0.3610298272274548
FixedParameters: 0 0 0
#Transform 6
Transform: MatrixOffsetTransformBase_double_3_3
Parameters: 0.9999982694358213 -0.00020233257744837135 -0.0016400493809036873 0.00020576374692036036 0.9999982360744395 0.0016538279539167339 0.0016395382653807554 -0.0016541704976168053 0.9999975619245484 0.034928585413027236 -0.15929659376030258 -0.36078566329544515
FixedParameters: 0 0 0
#Transform 7
Transform: MatrixOffsetTransformBase_double_3_3
Parameters: 0.9999994559517881 0.00011107255133513875 -0.0007289278997612163 -0.00011219662961159736 0.9999971806086828 -0.0021938369624490417 0.0007292708081002763 0.00219416307400562 0.9999976480583538 0.024538304218324924 -0.13330018131870247 -0.4705908491900459
FixedParameters: 0 0 0
#Transform 8
Transform: MatrixOffsetTransformBase_double_3_3
Parameters: 0.9999993558075988 0.00007838199077122069 -0.0007985566185528546 -0.00008026679637812061 0.9999953650717575 -0.0031029370545528484 0.0007988151540965597 0.0031030637652849774 0.9999947334657896 0.0333964243023388 -0.13552194016652663 -0.47248949931221773
FixedParameters: 0 0 0
#Transform 9
Transform: MatrixOffsetTransformBase_double_3_3
Parameters: 0.999999505465889 0.000025161991215714636 -0.001222355593047599 -0.00002671564834492263 0.9999989006372273 -0.0014508869788843748 0.0012221164411226656 0.0014511137120988143 0.9999983940218639 0.028270671682818715 -0.15268390824004996 -0.3134687373922276
FixedParameters: 0 0 0
#Transform 10
Transform: MatrixOffsetTransformBase_double_3_3
Parameters: 0.9999992632947259 0.0004062550504523036 -0.0007562265267893279 -0.0004086867310569354 0.9999959356495269 -0.0029826942261913236 0.0007546283073923584 0.002983309858286695 0.9999955310123482 0.031024548901768867 -0.15025304289819985 -0.5203762390174802
FixedParameters: 0 0 0
#Transform 11
Transform: MatrixOffsetTransformBase_double_3_3
Parameters: 0.9999988458003368 -0.00004991028401545845 -0.0014669186051645491 0.0000488113546004915 0.9999989000743166 -0.0010539092132890032 0.0014668587807033172 0.0010540910518463953 0.9999987238923748 0.04192064976886911 -0.16628811031792168 -0.3234104999797438
FixedParameters: 0 0 0
#Transform 12
Transform: MatrixOffsetTransformBase_double_3_3
Parameters: 0.9999990180643158 0.00010091507686829087 -0.0017236646377805328 -0.00010529813446519976 0.9999969112647211 -0.0024516533406025026 0.0017238279911790243 0.00245134887859573 0.999996087062831 0.032352111911123416 -0.14233476452251637 -0.5374706989060627
FixedParameters: 0 0 0
#Transform 13
Transform: MatrixOffsetTransformBase_double_3_3
Parameters: 0.999997730066645 -0.00009679963349873887 -0.002064202899775773 0.00009111479464220212 0.9999963275312213 -0.0025840281719736874 0.0020642787785604064 0.0025839669229005546 0.9999940483998836 0.03445651345383283 -0.15574845961619133 -0.5072718287252656
FixedParameters: 0 0 0
#Transform 14
Transform: MatrixOffsetTransformBase_double_3_3
Parameters: 0.9999991499695767 0.00011169336542706003 -0.0013554836543502224 -0.00011595738760835697 0.9999940681272481 -0.003441758423404495 0.001355287139089073 0.003441243731834062 0.9999933939095882 0.025337384313573352 -0.13866816487106348 -0.48571685337218184
FixedParameters: 0 0 0
#Transform 15
Transform: MatrixOffsetTransformBase_double_3_3
Parameters: 0.9999992644814527 0.00013532997068968293 -0.0013103940221324312 -0.0001398868594042454 0.9999935041319596 -0.003671740597729539 0.0013099703666871018 0.0036722645097780754 0.9999927930603946 0.016411021346371513 -0.15832983320181881 -0.48114581364232833
FixedParameters: 0 0 0
#Transform 16
Transform: MatrixOffsetTransformBase_double_3_3
Parameters: 0.9999994314553909 -0.00004559815122623783 -0.0012516567854616517 0.000040812675229447864 0.9999953575796099 -0.003105973621819788 0.001251679361891541 0.0031060287905691902 0.9999947793423289 0.0085452690512966 -0.1677483440259806 -0.5243442278798938
FixedParameters: 0 0 0
#Transform 17
Transform: MatrixOffsetTransformBase_double_3_3
Parameters: 0.9999987657017763 0.00021224330592062567 -0.0014798003217972968 -0.00021880896621468841 0.9999906584194489 -0.004268591157855467 0.0014784653702718921 0.004268405500243225 0.9999896669259232 0.012491716546378484 -0.11783352554577675 -0.49625411339162895
FixedParameters: 0 0 0
#Transform 18
Transform: MatrixOffsetTransformBase_double_3_3
Parameters: 0.9999975289585947 0.00011433999056430081 -0.002111304175451955 -0.00012046843922176565 0.9999956648522742 -0.0028865871349109257 0.002111131286702054 0.002887409521191625 0.9999931945249104 0.045259058172732125 -0.15149200267066476 -0.4868213186369701
FixedParameters: 0 0 0
#Transform 19
Transform: MatrixOffsetTransformBase_double_3_3
Parameters: 0.9999994961913798 0.0002324974558449065 -0.0012041180631164746 -0.0002358126933036539 0.9999955386564701 -0.0030667178735845624 0.0012033506351988188 0.0030672815964962463 0.9999941445074544 0.019572116834055464 -0.1301668002271157 -0.5314877646251119
FixedParameters: 0 0 0
#Transform 20
Transform: MatrixOffsetTransformBase_double_3_3
Parameters: 0.9999990169190079 0.00030889874273354545 -0.0013740472327054866 -0.0003120950329879429 0.9999968285311684 -0.002644567114657853 0.0013730738951310615 0.0026444335167549043 0.9999952015947061 0.03276106520267774 -0.13368503398022824 -0.4576825785857892
FixedParameters: 0 0 0
#Transform 21
Transform: MatrixOffsetTransformBase_double_3_3
Parameters: 0.9999987161690511 -0.00006502682048167704 -0.0015099561991626348 0.000060838794826218035 0.9999946660167589 -0.003367015800960771 0.0015098883574937948 0.0033669890801797803 0.9999933766807805 0.03442461466164559 -0.13073347940515134 -0.47836748220714753
FixedParameters: 0 0 0
#Transform 22
Transform: MatrixOffsetTransformBase_double_3_3
Parameters: 0.9999979198990557 0.00011850096863297058 -0.0020164479158229862 -0.00012490111219514102 0.999994777993896 -0.0033375876525256754 0.002016058627423745 0.0033374184932975642 0.9999928639878131 0.044063768784823765 -0.13783617004007453 -0.42982155647678155
FixedParameters: 0 0 0
#Transform 23
Transform: MatrixOffsetTransformBase_double_3_3
Parameters: 0.9999993793305345 0.0002591558148736225 -0.0012464891228785493 -0.00026239796777088295 0.9999952516040964 -0.002933585704114741 0.0012456280249017915 0.0029334123462887995 0.9999949168439147 0.03750818071279127 -0.13791874649314195 -0.5175846044882633
FixedParameters: 0 0 0
#Transform 24
Transform: MatrixOffsetTransformBase_double_3_3
Parameters: 0.9999992616451245 0.00039355031957288595 -0.0012583789346781648 -0.0003980092924257968 0.9999922652556839 -0.003818419075473381 0.0012569395378968357 0.003819577918138889 0.9999918267602288 0.04729464427632024 -0.14811930386107974 -0.46399265972591763
FixedParameters: 0 0 0
#Transform 25
Transform: MatrixOffsetTransformBase_double_3_3
Parameters: 0.999999507814422 -0.00016354559770779214 -0.0012104770564312463 0.00015897004484577516 0.9999952213021049 -0.0031241146420466215 0.0012112387840876712 0.003123887446012899 0.9999947676989833 0.026237173334422437 -0.14042303921716837 -0.5246594381274292
FixedParameters: 0 0 0
#Transform 26
Transform: MatrixOffsetTransformBase_double_3_3
Parameters: 0.9999994404372043 0.00007085451363004865 -0.0012465979011084649 -0.00007533579826621543 0.9999942432847345 -0.0034288286817604763 0.0012467654983927133 0.0034291742608291015 0.9999936809821974 0.022347852687218506 -0.15070472029746895 -0.4521626714468141
FixedParameters: 0 0 0
#Transform 27
Transform: MatrixOffsetTransformBase_double_3_3
Parameters: 0.9999985624847653 -0.0001423649872885948 -0.00184860517799436 0.00013455409680970595 0.9999920021736486 -0.003999093440921267 0.001849139012762531 0.003998908103174978 0.9999905761475845 0.043741778848769286 -0.13166177508389865 -0.46603160770702345
FixedParameters: 0 0 0
#Transform 28
Transform: MatrixOffsetTransformBase_double_3_3
Parameters: 0.999999501720768 -0.000010084813869336515 -0.001223730004527656 0.000004550173690828663 0.9999885673590221 -0.004736926560924337 0.0012243043430273336 0.004737071972440582 0.999988055762117 0.03502749946008521 -0.12434949544318386 -0.44734648657410503
FixedParameters: 0 0 0
#Transform 29
Transform: MatrixOffsetTransformBase_double_3_3
Parameters: 0.9999985515062634 -0.00014998593006941614 -0.0018509546005866376 0.000143370778261677 0.9999935089021914 -0.0036711893033940374 0.0018514579478451625 0.003670809563792246 0.999991090012395 0.035168910990009294 -0.1610132092344969 -0.4488302591270781
FixedParameters: 0 0 0
#Transform 30
Transform: MatrixOffsetTransformBase_double_3_3
Parameters: 0.9999984781735692 0.0001339106972035189 -0.0015824641504852317 -0.0001407477194349856 0.9999906208037486 -0.004391696424754565 0.0015816810494818276 0.004391307710536682 0.9999892865971028 0.0530597974149174 -0.1070212916123836 -0.46268124562445223
FixedParameters: 0 0 0
#Transform 31
Transform: MatrixOffsetTransformBase_double_3_3
Parameters: 0.9999979954980922 0.000029661046573764457 -0.00200070074583927 -0.00003466009474417146 0.9999963726702902 -0.0027637738527038075 0.0020010279687706226 0.0027642292030418403 0.9999943433830174 0.04806882540796664 -0.13154582189999076 -0.48248002192730155
FixedParameters: 0 0 0
#Transform 32
Transform: MatrixOffsetTransformBase_double_3_3
Parameters: 0.9999997990369731 0.00014384637014953303 -0.0010862340062039377 -0.000148147087434872 0.9999944594137752 -0.003393840708965201 0.001085993800776586 0.0033941578480790047 0.9999933010828588 0.030793167143727374 -0.13838596458064956 -0.4701924685155632
FixedParameters: 0 0 0
#Transform 33
Transform: MatrixOffsetTransformBase_double_3_3
Parameters: 0.9999994233634633 0.00010508328846629922 -0.0007520596430663391 -0.00010436728047772965 0.9999997624569489 0.000476078382588202 0.0007521593416145714 -0.0004759208527538028 0.9999992077548786 0.02818545728452193 -0.13612780238285893 -0.263346545561987
FixedParameters: 0 0 0
#Transform 34
Transform: MatrixOffsetTransformBase_double_3_3
Parameters: 0.9999993852271568 0.00016534515436366677 -0.0012600863179172944 -0.0001713774800354018 0.9999889219064251 -0.004800788611359644 0.0012589747053400495 0.004801212727941956 0.999987363828345 0.0312823860413971 -0.11290714160170978 -0.428945503986057
FixedParameters: 0 0 0
#Transform 35
Transform: MatrixOffsetTransformBase_double_3_3
Parameters: 0.9999991020006823 -0.000043061696150569583 -0.0009466311054386417 0.000043361959530996725 0.9999995356216645 0.0006850409787541034 0.0009466538437586016 -0.0006849594651479191 0.999999627928348 0.02289199603671932 -0.12660329992637287 -0.3191451430421921
FixedParameters: 0 0 0
#Transform 36
Transform: MatrixOffsetTransformBase_double_3_3
Parameters: 0.999999825500312 -0.000013917282333520599 -0.0010838677740293028 0.000009753839422054286 0.9999891040326341 -0.004679934044694106 0.0010834869190403218 0.004680071720296039 0.9999889163880252 0.016047348964605135 -0.11723358170263509 -0.4330052775482045
FixedParameters: 0 0 0
#Transform 37
Transform: MatrixOffsetTransformBase_double_3_3
Parameters: 0.9999979541312906 -0.00036302681913218175 -0.0017071320630031408 0.0003641467981766606 0.9999994968321253 0.0006195426799252834 0.001706763153127719 -0.000620457277540773 0.999998688498476 0.027418965400144657 -0.12763687949380653 -0.29580704674370395
FixedParameters: 0 0 0
#Transform 38
Transform: MatrixOffsetTransformBase_double_3_3
Parameters: 1.0000000404383351 0.00017013661292245849 -0.0009650740185048415 -0.00017398390295420436 0.9999934100418516 -0.0035447519641924885 0.0009636082852769274 0.0035452471430098 0.9999934962645819 0.027222534125129982 -0.13647403137491665 -0.47177030864727953
FixedParameters: 0 0 0
#Transform 39
Transform: MatrixOffsetTransformBase_double_3_3
Parameters: 1.00000008743819 0.0000464787615182696 -0.0009543473680757983 -0.00004848452388551233 0.9999961505229732 -0.0026178724481790566 0.000953852936567554 0.0026181263794380766 0.9999962290435866 0.023893273515000146 -0.11155596413520641 -0.3131338550711149
FixedParameters: 0 0 0
#Transform 40
Transform: MatrixOffsetTransformBase_double_3_3
Parameters: 0.9999992091517979 0.00020478860692571576 -0.0013225682767028762 -0.0002109669612901226 0.9999907979914439 -0.004252636500752402 0.0013213872112982352 0.004252362877973981 0.9999902434709748 0.03703964145097416 -0.1326091300985297 -0.428962186381753
FixedParameters: 0 0 0
#Transform 41
Transform: MatrixOffsetTransformBase_double_3_3
Parameters: 0.9999983908120433 -0.00016241349505884397 -0.0016071308552713002 0.0001640392538709927 0.9999997121936163 0.0011258199804651675 0.0016069271459982224 -0.0011261812743834504 0.999998142862602 0.038109947385677856 -0.12200222446813314 -0.32005097261369997
FixedParameters: 0 0 0
#Transform 42
Transform: MatrixOffsetTransformBase_double_3_3
Parameters: 0.9999994612029514 -0.00013884206253626747 -0.0012326179724939828 0.00013313259496910678 0.9999901872400924 -0.004336083301399382 0.0012333875695160015 0.004335911280002089 0.9999896720032874 0.023752919680759987 -0.11283170622985494 -0.3993861202793312
FixedParameters: 0 0 0
#Transform 43
Transform: MatrixOffsetTransformBase_double_3_3
Parameters: 0.9999993938363735 0.0001804759030723414 -0.0007573583744549931 -0.0001806273713818758 0.9999999574010584 -0.0000998631992591148 0.0007573222642308624 0.00010013667750802258 0.9999994164353273 0.027798728181778642 -0.07982901147806842 -0.24671629727070865
FixedParameters: 0 0 0
#Transform 44
Transform: MatrixOffsetTransformBase_double_3_3
Parameters: 0.9999985491062254 0.00005406396976955944 -0.0015645167849906573 -0.000060943531115572816 0.9999900790630987 -0.0044548214312952195 0.0015644275532153732 0.004454178111251886 0.999988784683705 0.0256893889809362 -0.11156668036026929 -0.23234188629373875
FixedParameters: 0 0 0
#Transform 45
Transform: MatrixOffsetTransformBase_double_3_3
Parameters: 0.9999991805193796 0.0004092725965913781 -0.0008076759057146862 -0.0004133387695903642 0.9999867950673264 -0.005094659675622004 0.0008051506006234485 0.00509433647437163 0.9999864772638408 0.015285412901988593 -0.10366870949286522 -0.41361278029683035
FixedParameters: 0 0 0
#Transform 46
Transform: MatrixOffsetTransformBase_double_3_3
Parameters: 0.9999971318377847 -0.0001519238657416336 -0.002417649029738395 0.00015429250654671882 0.9999995122840448 0.0006958737141831844 0.0024175178416933384 -0.0006961240410282982 0.9999966507218548 0.028182480704344925 -0.15012157994520692 -0.29989980984485953
FixedParameters: 0 0 0
#Transform 47
Transform: MatrixOffsetTransformBase_double_3_3
Parameters: 0.9999987451196586 0.0001561866442101428 -0.001493152486806728 -0.00016320401589806386 0.9999885040030024 -0.004740677126454179 0.0014930579575235469 0.004741317337831744 0.9999872867032007 0.005127970145636596 -0.11323135893053404 -0.40762943412181585
FixedParameters: 0 0 0
#Transform 48
Transform: MatrixOffsetTransformBase_double_3_3
Parameters: 0.9999980061167375 -0.000053765686368646 -0.002234023732601791 0.00005570903200269132 0.9999995841816812 0.0006581222231119704 0.0022340336371979978 -0.0006578768141586588 0.99999755600644 0.029863258903404244 -0.1257553901491093 -0.30720475836957917
FixedParameters: 0 0 0
#Transform 49
Transform: MatrixOffsetTransformBase_double_3_3
Parameters: 0.9999987084151936 0.000438483701837385 -0.0014492794346637747 -0.000444181689216591 0.9999901603337346 -0.004432280569908312 0.0014467862546953243 0.004433722033824639 0.9999892448766289 0.003426108780388404 -0.11475282640189732 -0.4350645379865199
FixedParameters: 0 0 0
#Transform 50
Transform: MatrixOffsetTransformBase_double_3_3
Parameters: 0.999998727430189 -1.6605362441421976e-7 -0.0018089835584332874 0.0000012968292626283151 0.9999996676832729 0.0005881619529647109 0.001809064637112767 -0.0005878379468991918 0.9999983682583269 0.009132833062665213 -0.12823015638551283 -0.27270481788301026
FixedParameters: 0 0 0
#Transform 51
Transform: MatrixOffsetTransformBase_double_3_3
Parameters: 0.9999987017125607 0.00012336978545956676 -0.0015109006693562106 -0.00012081839192972281 0.999999613530355 0.001174266111782285 0.0015112692857511558 -0.0011737337956434363 0.9999983316279412 0.008187920031417661 -0.0918851035499273 -0.3160473986850434
FixedParameters: 0 0 0
#Transform 52
Transform: MatrixOffsetTransformBase_double_3_3
Parameters: 0.9999975322407656 -0.00027304638599260364 -0.0020963381966481007 0.0002653324961603634 0.9999938026630022 -0.003484399387712167 0.0020966437067825782 0.003483597330229918 0.9999914529764737 0.027307780594554742 -0.08224715123147064 -0.25191870008205797
FixedParameters: 0 0 0
#Transform 53
Transform: MatrixOffsetTransformBase_double_3_3
Parameters: 0.9999981192499735 -0.00009889469184123838 -0.0019674304312555686 0.00010119320890976684 0.999999197080064 0.0013439671835659694 0.001967407328573995 -0.0013440341885413848 0.9999973094909667 0.009373871759663643 -0.12411046664308856 -0.34189597811266026
FixedParameters: 0 0 0
#Transform 54
Transform: MatrixOffsetTransformBase_double_3_3
Parameters: 0.9999988370127798 0.0003624317331108241 -0.001425219430846295 -0.00036754822517164423 0.9999938923283613 -0.003601479856341197 0.0014241736162888975 0.0036025198605377506 0.9999919957798177 0.010066917211233317 -0.11264555769115248 -0.4462366816359804
FixedParameters: 0 0 0
#Transform 55
Transform: MatrixOffsetTransformBase_double_3_3
Parameters: 0.9999986987193215 0.00016111315564638505 -0.0015085905470065143 -0.00016785650745366305 0.999990039739984 -0.004575674536521898 0.001507508235687146 0.004576333970134419 0.9999887791455612 0.0028223169422432193 -0.11925663503200212 -0.4312642876934234
FixedParameters: 0 0 0
#Transform 56
Transform: MatrixOffsetTransformBase_double_3_3
Parameters: 0.9999988728581419 0.00015220186404703209 -0.001450581370322749 -0.00015920007414719356 0.9999897053553992 -0.004502690658918174 0.0014496841228373548 0.0045033055633056235 0.9999886132747378 -0.003833875657619501 -0.09845353572349325 -0.4395776697918592
FixedParameters: 0 0 0
#Transform 57
Transform: MatrixOffsetTransformBase_double_3_3
Parameters: 0.9999980492365683 0.0002037863973183639 -0.001977030417701193 -0.00021267849878036697 0.9999890992490986 -0.004559415008405884 0.0019763873670748246 0.00455957832222352 0.9999873716805607 0.01245546365004202 -0.11448651372990071 -0.41461768878808414
FixedParameters: 0 0 0
#Transform 58
Transform: MatrixOffsetTransformBase_double_3_3
Parameters: 0.9999984658855082 0.000252856673640878 -0.0018626233159747695 -0.00026068186386224944 0.9999918030921449 -0.004017358576439228 0.0018619796136248054 0.004018641596989794 0.9999903739861282 0.012172184690442123 -0.11119149987662524 -0.44075405232331377
FixedParameters: 0 0 0
#Transform 59
Transform: MatrixOffsetTransformBase_double_3_3
Parameters: 0.9999994017658754 0.00006506141726448397 -0.0012625375843958334 -0.0000644705429986058 0.9999999477634057 0.0002341632807682792 0.0012625678950453525 -0.00023383641363251828 0.9999993444905144 0.02098027375485856 -0.1532140274683229 -0.22829201703626723
FixedParameters: 0 0 0
#Transform 60
Transform: MatrixOffsetTransformBase_double_3_3
Parameters: 0.9999984224193748 0.0002119929852047891 -0.0018794289184898354 -0.00022052997270729697 0.9999888577073884 -0.004701431094145253 0.0018786510104048073 0.004702570479753643 0.9999873468128908 0.020322037487488842 -0.10034751237097339 -0.42896566901679023
FixedParameters: 0 0 0
#Transform 61
Transform: MatrixOffsetTransformBase_double_3_3
Parameters: 0.9999996567265601 0.000012728554840737974 -0.0011588806272609892 -0.000012434145800691217 0.9999996963066295 0.0005570964568969439 0.0011589765815577585 -0.0005569039690794669 0.9999993399213942 0.019018191578837218 -0.1450077662403686 -0.2322071664730032
FixedParameters: 0 0 0
#Transform 62
Transform: MatrixOffsetTransformBase_double_3_3
Parameters: 0.9999985820784305 -0.00005011471445080024 -0.0018480276677102496 0.000051082048565010286 0.9999993692662905 0.0008010700130522824 0.0018481104863039483 -0.0008009303795928902 0.9999979296085622 0.022019096062692256 -0.08197024948493947 -0.3296845176192136
FixedParameters: 0 0 0
#Transform 63
Transform: MatrixOffsetTransformBase_double_3_3
Parameters: 0.999999600105278 0.0003202172305908149 -0.0011387712499155863 -0.00032541780090174905 0.9999909492159706 -0.004107541573622864 0.0011377848174432615 0.004107453242818457 0.9999909076442944 0.02385541897022847 -0.12585586472600596 -0.4269434010753912
FixedParameters: 0 0 0
#Transform 64
Transform: MatrixOffsetTransformBase_double_3_3
Parameters: 0.9999987171147628 0.00021807307326549377 -0.00179843259537364 -0.00022573403706402595 0.9999919383764405 -0.004115514144267987 0.0017980258098076402 0.004115488966327255 0.9999899038739283 0.020176610659561334 -0.10561626738761731 -0.4270852787274606
FixedParameters: 0 0 0
#Transform 65
Transform: MatrixOffsetTransformBase_double_3_3
Parameters: 0.9999987181296077 0.0001256698814205737 -0.0015052722277698967 -0.00013154385889679925 0.9999937841584488 -0.003633726846458532 0.0015049244539785242 0.0036342773066187356 0.9999925219420664 0.030919824590668554 -0.1279653517818673 -0.44161798028696353
FixedParameters: 0 0 0
#Transform 66
Transform: MatrixOffsetTransformBase_double_3_3
Parameters: 0.9999984072588587 -0.000026629725091170962 -0.001609750389025137 0.000019370060826790652 0.9999883932153925 -0.004755874419367964 0.0016103102989200532 0.004756127009087938 0.9999877746797106 0.03440682530268191 -0.10505315197708853 -0.411399104823289
FixedParameters: 0 0 0
#Transform 67
Transform: MatrixOffsetTransformBase_double_3_3
Parameters: 0.9999981500497481 -0.00022591512189926077 -0.001949130490477107 0.00022800030302516232 0.9999992667108962 0.0013017219239555289 0.0019487853070178087 -0.0013022799354586445 0.9999974929238089 0.02814824649908587 -0.15766801575541933 -0.3329576462679711
FixedParameters: 0 0 0
#Transform 68
Transform: MatrixOffsetTransformBase_double_3_3
Parameters: 0.9999984413653321 -0.000004493951015434994 -0.0018868077179561129 0.000005681656806464389 0.9999997320453057 0.001129072890783081 0.0018860454076965896 -0.001128928760677661 0.9999971600333605 0.027632785993347397 -0.13649910568129542 -0.3170523580340614
FixedParameters: 0 0 0
#Transform 69
Transform: MatrixOffsetTransformBase_double_3_3
Parameters: 0.9999968739412269 -0.00018127007458903444 -0.0024684268494635665 0.00018346372550700438 0.9999998843812055 0.0010497962140348788 0.0024682896938097404 -0.001050206530991582 0.9999967845535014 0.036694864359049006 -0.13593429987962224 -0.3513350226335774
FixedParameters: 0 0 0
#Transform 70
Transform: MatrixOffsetTransformBase_double_3_3
Parameters: 0.9999984949216429 0.000324912302355223 -0.0018437019052617314 -0.0003322534337082455 0.9999923839004539 -0.003928305201556556 0.0018425399254090398 0.003928693196516023 0.9999902446569454 0.03168201897356937 -0.09138674228559296 -0.442729876304341
FixedParameters: 0 0 0
#Transform 71
Transform: MatrixOffsetTransformBase_double_3_3
Parameters: 0.9999972170762635 0.000025664432285877535 -0.0021871955250257536 -0.00002312699871054129 0.9999992863610656 0.0012822236429884531 0.0021865072774572432 -0.0012827768658747324 0.9999966410968228 0.0326959436244465 -0.12435746915416246 -0.33763290768085596
FixedParameters: 0 0 0
#Transform 72
Transform: MatrixOffsetTransformBase_double_3_3
Parameters: 0.9999958966628256 -0.00005386961271856971 -0.0028460602298944217 0.0000549103018714168 0.9999997398078943 0.0005331723550424106 0.0028461661274534326 -0.0005328286499605706 0.9999955886753873 0.043283011046796105 -0.08581086418138284 -0.3349148734692875
FixedParameters: 0 0 0
#Transform 73
Transform: MatrixOffsetTransformBase_double_3_3
Parameters: 0.9999990128222599 -0.000005925178760792364 -0.0009932089722006522 9.164519478289765e-7 0.9999901332368456 -0.004568006086688517 0.0009939091152029267 0.004567999287875088 0.9999891460849357 0.022964786409289673 -0.12391738673321129 -0.2350612239486054
FixedParameters: 0 0 0
#Transform 74
Transform: MatrixOffsetTransformBase_double_3_3
Parameters: 0.9999990953164231 0.00004691449567339281 -0.0013791024534247369 -0.000052401718162126896 0.999992288082423 -0.0038258407538265954 0.0013793094675671766 0.003825154484832491 0.9999915382311677 0.02282252772370441 -0.130488584680009 -0.42595776025895304
FixedParameters: 0 0 0
#Transform 75
Transform: MatrixOffsetTransformBase_double_3_3
Parameters: 0.9999986595172062 0.000045047296599774815 -0.001529586305023902 -0.0000426433783200566 0.9999987783674148 0.001464154855782468 0.0015288819664209198 -0.0014648440039346372 0.9999975916264578 0.014953514438317939 -0.13224677426872233 -0.3005367171716955
FixedParameters: 0 0 0
#Transform 76
Transform: MatrixOffsetTransformBase_double_3_3
Parameters: 0.9999972555196267 0.00016076028841422002 -0.002172040083688632 -0.00017043329257291004 0.9999892081063916 -0.004558394921270567 0.0021717040520277038 0.004559604214460999 0.9999874781902928 0.03401981411305144 -0.09133075398243307 -0.42960753787033923
FixedParameters: 0 0 0
#Transform 77
Transform: MatrixOffsetTransformBase_double_3_3
Parameters: 0.9999969188098567 -0.00020558048505451318 -0.0024574242095326978 0.000207510178604201 0.999999975476995 0.0010007390497782376 0.002457256520430713 -0.0010012641776747655 0.9999969393245396 0.03168642436425273 -0.10646782894775697 -0.30030432863705414
FixedParameters: 0 0 0
#Transform 78
Transform: MatrixOffsetTransformBase_double_3_3
Parameters: 0.9999984820307606 0.00011748192063249887 -0.001871885063599137 -0.00012460080201640285 0.9999936012890561 -0.003520609077288378 0.0018715376920876666 0.003521388841054962 0.9999920857685113 0.0160001146721811 -0.13588892001668285 -0.4410437116064685
FixedParameters: 0 0 0
#Transform 79
Transform: MatrixOffsetTransformBase_double_3_3
Parameters: 0.9999987382479889 0.00013935803768219164 -0.0018008869164683064 -0.00014151414216787453 0.9999989516601848 -0.0014285846202671815 0.0018002397327598048 0.0014294170024870961 0.9999977024982204 0.005968477061685462 -0.12600896920751836 -0.2919480621729207
FixedParameters: 0 0 0
#Transform 80
Transform: MatrixOffsetTransformBase_double_3_3
Parameters: 0.9999984613485203 0.0003548273522949123 -0.0015532789319349742 -0.00035808059029698543 0.999997650653369 -0.0020363571598878 0.00155257791499513 0.002036641011073634 0.9999965160205619 0.010706918081709205 -0.09297758115660315 -0.3037496306581886
FixedParameters: 0 0 0
#Transform 81
Transform: MatrixOffsetTransformBase_double_3_3
Parameters: 0.9999978713842177 -0.0000570364386528266 -0.0020310707117838257 0.000059200142146028715 0.9999994047667042 0.000778044171313122 0.0020310622184922344 -0.0007779536037387236 0.9999972560500572 0.03142855673191036 -0.12263095690873627 -0.3092063291361882
FixedParameters: 0 0 0
#Transform 82
Transform: MatrixOffsetTransformBase_double_3_3
Parameters: 0.9999984275158634 0.00015598365993080296 -0.001883328516100638 -0.00016244671291114565 0.9999929579116691 -0.00387562005676019 0.0018834320451092997 0.0038763831095792595 0.9999904227006136 0.011418173523608743 -0.10944129367547362 -0.44263224647637855
FixedParameters: 0 0 0
#Transform 83
Transform: MatrixOffsetTransformBase_double_3_3
Parameters: 0.9999987168772625 -0.00012311460483130804 -0.0015059764899223171 0.00012550017227129094 0.9999997301319323 0.0011228946152655878 0.0015057792337785736 -0.001123105673342395 0.999998464484939 0.0058262922314895604 -0.1328523838054565 -0.28986788313289935
FixedParameters: 0 0 0
#Transform 84
Transform: MatrixOffsetTransformBase_double_3_3
Parameters: 0.9999989246752667 0.00035975519202743764 -0.0009725131243644912 -0.00036340522755522864 0.9999917650294315 -0.004012646164755357 0.0009712765908179645 0.004013349004109573 0.9999909511889523 0.025626516347585948 -0.10865364226684449 -0.45303815091754984
FixedParameters: 0 0 0
#Transform 85
Transform: MatrixOffsetTransformBase_double_3_3
Parameters: 0.9999983138001874 -0.00003490972176890418 -0.0016385605853717266 0.0000368559560567859 0.999999205736563 0.000898104007145531 0.001638578078599232 -0.0008978949481372872 0.9999984952552827 0.029845026123012985 -0.1315807166416505 -0.27107112720547377
FixedParameters: 0 0 0
#Transform 86
Transform: MatrixOffsetTransformBase_double_3_3
Parameters: 0.9999993849215386 0.00006324584002307353 -0.0012691204692005574 -0.00006821215252028834 0.9999923840119312 -0.003951837227375021 0.0012691878919722428 0.003952167394407985 0.9999917641489378 0.02549640829219868 -0.1070879478965594 -0.4186234955121506
FixedParameters: 0 0 0
#Transform 87
Transform: MatrixOffsetTransformBase_double_3_3
Parameters: 0.9999997193723497 0.0003240405474775396 -0.001084247438716005 -0.00032960968701346513 0.9999873601095401 -0.004945556924322331 0.0010825983741506377 0.0049454418626657115 0.9999874430137229 0.025928973568511537 -0.09390993629877187 -0.39845544823313617
FixedParameters: 0 0 0
#Transform 88
Transform: MatrixOffsetTransformBase_double_3_3
Parameters: 0.9999992585716867 0.0007126096854937121 -0.0004833375625799802 -0.0007130250923210476 0.9999993069909255 -0.0004296552884032745 0.000482724539893249 0.00043034391495463953 0.9999995817811037 0.0065902779526965105 -0.08817339098733612 -0.187075219843436
FixedParameters: 0 0 0
#Transform 89
Transform: MatrixOffsetTransformBase_double_3_3
Parameters: 0.9999995870997622 0.0003420081326247519 -0.0011379920182815646 -0.00034481843502832303 0.9999969333660317 -0.002620603854639275 0.0011379396491279319 0.002620398867218085 0.9999959196579412 0.009168124147223011 -0.09493638781005131 -0.29571324666333965
FixedParameters: 0 0 0
#Transform 90
Transform: MatrixOffsetTransformBase_double_3_3
Parameters: 0.9999995455440097 0.00038959568037338996 -0.0011412844277298247 -0.0003899981826083368 0.9999995880837586 -0.0010855490793140465 0.0011412709389545365 0.001085452239949311 0.9999986008369294 0.01117943167899682 -0.06232003209038339 -0.12825300091853364
FixedParameters: 0 0 0
#Transform 91
Transform: MatrixOffsetTransformBase_double_3_3
Parameters: 0.9999991730425358 0.00009300077845222329 -0.0009046957790825504 -0.00009237323363811506 0.999999949793143 -0.0002039164217552264 0.0009045760244214751 0.0002040841178657521 0.9999991400172825 0.014175233708940027 -0.039322486086902586 -0.17810252078280087
FixedParameters: 0 0 0
#Transform 92
Transform: MatrixOffsetTransformBase_double_3_3
Parameters: 0.9999995379479103 0.00007309051876521902 -0.0012068007978693386 -0.00007159801244864875 0.9999989163422826 0.00144416938861891 0.0012071736060140883 -0.0014438314250972278 0.9999984513287644 0.012508646139451685 -0.1132367770754712 -0.21159776767315464
FixedParameters: 0 0 0
#Transform 93
Transform: MatrixOffsetTransformBase_double_3_3
Parameters: 0.9999998143107587 0.0003252979120269402 -0.0002830655761958483 -0.000324498360093517 0.9999984701924712 0.001557091193688312 0.0002830806719307262 -0.0015569072539614454 0.9999984956196699 0.01718191939446001 -0.12431776911157044 -0.1920355758600465
FixedParameters: 0 0 0
#Transform 94
Transform: MatrixOffsetTransformBase_double_3_3
Parameters: 0.9999992891949714 -0.000055963736373767416 -0.0008412253806938246 0.000057268593540899624 0.999999125370383 0.0013679519999855172 0.0008411524172754497 -0.0013680472500326862 0.9999984209751607 0.020118847995462374 -0.1300285199423712 -0.18228312745743835
FixedParameters: 0 0 0
#Transform 95
Transform: MatrixOffsetTransformBase_double_3_3
Parameters: 0.9999995887350023 -0.00017215037605701562 -0.0011750205046568137 0.00017461328276984617 0.999997748705287 0.0022847966050819485 0.0011754706034661218 -0.0022852041373990772 0.9999963975608687 0.010046198930211858 -0.14913931888281695 -0.30376526414382
FixedParameters: 0 0 0
#Transform 96
Transform: MatrixOffsetTransformBase_double_3_3
Parameters: 0.9999992520746315 -0.0001235080967173996 -0.0013163153295601656 0.00012403308480523747 0.999999657310795 0.0005779187811332798 0.0013162541892221406 -0.0005780812900640503 0.9999989265954609 0.03717290072179935 -0.08092473814780021 -0.2951550194474635
FixedParameters: 0 0 0
#Transform 97
Transform: MatrixOffsetTransformBase_double_3_3
Parameters: 0.9999993610704236 -0.00008826754189068236 -0.0007944419481937127 0.00008851540320310476 0.999999967851011 0.00015592967580056738 0.0007944143700688418 -0.00015607011726080644 0.9999993445474445 0.024198122612702377 -0.14485530676448377 -0.26266364685704957
FixedParameters: 0 0 0
#Transform 98
Transform: MatrixOffsetTransformBase_double_3_3
Parameters: 0.9999992310205984 -0.0003064336218232659 -0.0008216308453038368 0.000306277506138337 0.9999998971211701 -0.00009525164637706751 0.000821689052803471 0.00009474820580185339 0.9999993158494417 0.024322051315778026 -0.15158152654419155 -0.21648946968160487
FixedParameters: 0 0 0
#Transform 99
Transform: MatrixOffsetTransformBase_double_3_3
Parameters: 0.9999993837994143 -0.00023791370454008385 -0.0007480623471784618 0.000238268259080054 0.9999998871437641 0.0002368217470517242 0.0007479494920144978 -0.0002371779342453112 0.9999993843177257 0.028619134665831325 -0.14767890687370766 -0.17396729499877495
FixedParameters: 0 0 0
#Transform 100
Transform: MatrixOffsetTransformBase_double_3_3
Parameters: 0.9999997153741091 0.00015793175265247056 -0.0005095913766644865 -0.00015761067893873775 0.9999998758833784 0.00031508028579223246 0.000509690772612211 -0.0003149194723817833 0.9999996410408069 0.03606072432786789 -0.1432705405389214 -0.15016848706936514
FixedParameters: 0 0 0
#Transform 101
Transform: MatrixOffsetTransformBase_double_3_3
Parameters: 0.9999999820190049 -0.000015895441388037593 -0.00013314777382631175 0.000016030444978326566 0.999999742696426 0.0005069977352297611 0.00013313158740397665 -0.0005070019858899183 0.9999997252247198 0.03701621253739518 -0.13206269560588169 -0.10279337123760968
FixedParameters: 0 0 0
#Transform 102
Transform: MatrixOffsetTransformBase_double_3_3
Parameters: 0.9999996871261141 0.00014945668415036178 -0.0005390143665114889 -0.00014920980008180428 0.9999999252586709 0.00022908041422928238 0.0005390827612169458 -0.00022891941845662456 0.9999996569854814 0.04046902175808498 -0.06474596317177372 -0.09192197630696342
FixedParameters: 0 0 0
#Transform 103
Transform: MatrixOffsetTransformBase_double_3_3
Parameters: 0.99999980588805 0.00018391054234386718 -0.0004003608679356203 -0.00018370793633872373 0.9999999022052566 0.00025307353327469473 0.00040045387549518654 -0.00025292633611614934 0.9999997756648261 0.05806823580238074 -0.07202713428026186 -0.073562782997314
FixedParameters: 0 0 0
#Transform 104
Transform: MatrixOffsetTransformBase_double_3_3
Parameters: 0.9999999131590085 -0.00019011543750919847 -0.00022516017471288039 0.00019006499677441213 0.9999999513216691 -0.00011204279366039405 0.00022520275486991444 0.00011195718407734645 0.9999999367493416 0.05151807141324127 -0.04874447054147879 -0.06037749022256378
FixedParameters: 0 0 0
#Transform 105
Transform: MatrixOffsetTransformBase_double_3_3
Parameters: 0.9999999613080034 -0.00015446728397279519 -0.00012178609575226223 0.00015452377604032542 0.9999999223072122 0.00023198116865173757 0.00012171440978097149 -0.00023201878842082913 0.9999999313528012 0.058467826021413316 -0.05054358534783887 -0.06569612910617195
FixedParameters: 0 0 0
#Transform 106
Transform: MatrixOffsetTransformBase_double_3_3
Parameters: 0.9999996818791084 -0.00005128130621509891 -0.0005616858712657142 0.000051111674554761447 0.999999974577875 -0.00015102870526317869 0.0005617013326199237 0.0001509711917783152 0.9999996616992488 0.04574143855039381 -0.04174840738188834 -0.05423359240909065
FixedParameters: 0 0 0
#Transform 107
Transform: MatrixOffsetTransformBase_double_3_3
Parameters: 0.9999997848470554 -0.00006574831730017231 -0.0004591623427289756 0.0000659384047086791 0.9999999528157316 0.00020696971467977499 0.00045913508358095385 -0.0002070301785074835 0.999999746333346 0.04769776291767869 -0.060216944717311094 -0.033837068467775566
FixedParameters: 0 0 0
#Transform 108
Transform: MatrixOffsetTransformBase_double_3_3
Parameters: 0.9999999248990123 0.00008914024548705397 -0.000259142815364867 -0.00008898681741610828 0.9999999044518003 0.00029602303434525523 0.00025919554102005334 -0.0002959768693263365 0.9999998452152402 0.05856287901720236 -0.05039626278528431 -0.022101287691768334
FixedParameters: 0 0 0
#Transform 109
Transform: MatrixOffsetTransformBase_double_3_3
Parameters: 0.999999934422005 0.00007727758764033198 -0.0002441437388915814 -0.00007723119901362975 0.9999999850067908 0.00009501885465225401 0.0002441584172660527 -0.00009498113117319129 0.9999999313652151 0.04954138273571118 -0.045151582316179883 -0.004413496719493537
FixedParameters: 0 0 0
#Transform 110
Transform: MatrixOffsetTransformBase_double_3_3
Parameters: 0.9999999624440024 0.0001285725236794849 -0.00014500035300469451 -0.000128526407109291 0.9999999581940892 0.000159018632346547 0.00014504123178620988 -0.000158981347671297 0.9999999536879163 0.05782168857425063 -0.04611127187079944 -0.011037640515397129
FixedParameters: 0 0 0
#Transform 111
Transform: MatrixOffsetTransformBase_double_3_3
Parameters: 0.9999998744600167 0.0001067022830869329 -0.00033786771128111305 -0.00010664484414271736 0.9999999813957788 0.00008503603123509451 0.000337885845841842 -0.00008496394619492142 0.9999998786142396 0.0457909001922161 -0.05215265053067242 -0.008327944358313744
FixedParameters: 0 0 0
#Transform 112
Transform: MatrixOffsetTransformBase_double_3_3
Parameters: 0.9999999806460004 0.00011725687429458815 -0.00007486537673238382 -0.00011726391114067168 0.9999999840409839 -0.00004699122088647201 0.00007485435429925339 0.00004700877708660456 0.9999999921870162 0.04402682904770927 -0.06023108825067425 -0.004616509851572914
FixedParameters: 0 0 0
#Transform 113
Transform: MatrixOffsetTransformBase_double_3_3
