#Insight Transform File V1.0
#Transform 0
Transform: MatrixOffsetTransformBase_double_3_3
Parameters: 0.9999991425248403 0.000922858759279947 -0.0000761979976859282 -0.0009229118717455629 0.9999990257818616 -0.0003499296330084778 0.00007555197828097707 0.00035006968100929903 0.9999998717432187 -0.0394800087237428 -0.19294568164413306 -0.40831261240275296
FixedParameters: 0 0 0
#Transform 1
Transform: MatrixOffsetTransformBase_double_3_3
Parameters: 0.9999997634549896 0.001108227663474101 -0.0000915268474529374 -0.0011082952712794293 0.999999627401923 -0.0003709805441734354 0.00009070451782350673 0.00037101917818055385 0.9999998607710314 -0.03726944671038268 -0.17049772938796082 -0.364902710758372
FixedParameters: 0 0 0
#Transform 2
Transform: MatrixOffsetTransformBase_double_3_3
Parameters: 0.9999991307526848 0.0009317321267197608 0.00003183908171923696 -0.0009318194202681576 0.999999124904183 0.00008297033112311669 -0.000032681043148168734 -0.00008303044943715199 0.9999999920704365 -0.01645273998043706 -0.17739873383274585 -0.37842686370832723
FixedParameters: 0 0 0
#Transform 3
Transform: MatrixOffsetTransformBase_double_3_3
Parameters: 0.9999990834756626 0.0009029020121220104 -0.0003182635371815856 -0.0009030467284048174 0.99999905121749 -0.00022770586715802066 0.0003178526842036743 0.0002272936922747132 0.9999999287460478 -0.017597889246275145 -0.17857611159256237 -0.39737224784114744
FixedParameters: 0 0 0
#Transform 4
Transform: MatrixOffsetTransformBase_double_3_3
Parameters: 0.9999991325247529 0.0009146880640778299 -0.00017555694231756604 -0.0009146950856319187 0.9999991629385901 -0.000019839418779171725 0.00017552035497328452 0.000020160546506095556 0.9999999687861632 -0.02539551132389306 -0.18763348514283962 -0.3581143545071228
FixedParameters: 0 0 0
#Transform 5
Transform: MatrixOffsetTransformBase_double_3_3
Parameters: 0.9999990057029965 0.0009922447466552344 -0.00009872374381852557 -0.0009922623037402199 0.9999990075109326 -0.00008890203934315555 0.00009854712303164691 0.00008909778226239007 0.9999999823500795 -0.017091219218755782 -0.17406487757530442 -0.3598524497110418
FixedParameters: 0 0 0
#Transform 6
Transform: MatrixOffsetTransformBase_double_3_3
Parameters: 0.9999991271487956 0.0009126857190863253 -0.00019963772309743394 -0.0009127643055217291 0.9999991281232612 -0.0001968177699968876 0.0001992781097619719 0.00019718187080930427 0.9999999214076052 -0.019185387540389343 -0.16519217640410488 -0.3616446537447189
FixedParameters: 0 0 0
#Transform 7
Transform: MatrixOffsetTransformBase_double_3_3
Parameters: 0.9999998913499489 0.0010006801136016544 -0.000325984899711625 -0.001001609569309462 0.9999999803872006 0.0001032449484667658 0.0003262730744864722 -0.00010275526996607331 0.999999889744774 -0.01256926737738695 -0.16344844602018327 -0.36395966030012517
FixedParameters: 0 0 0
#Transform 8
Transform: MatrixOffsetTransformBase_double_3_3
Parameters: 0.9999997143476372 0.0007707488310444483 -0.0008316240672113088 -0.000770099098271402 0.9999991722940336 0.000390647087553056 0.0008322257683630281 -0.00039035178925814207 0.9999992370736875 -0.009587243878144136 -0.1734372831802915 -0.37553545474378325
FixedParameters: 0 0 0
#Transform 9
Transform: MatrixOffsetTransformBase_double_3_3
Parameters: 0.9999988023352722 0.0013087984107246898 -0.0006956537552179604 -0.0013089303081445572 0.9999988177586363 0.0006808292658764814 0.00069651911346553 -0.0006791704244344526 0.9999990597767278 -0.014461750230182702 -0.16441962979335756 -0.34698131439634494
FixedParameters: 0 0 0
#Transform 10
Transform: MatrixOffsetTransformBase_double_3_3
Parameters: 0.9999991283568118 0.0013678071194865918 0.000027320524108503765 -0.0013678191947858022 0.9999991540836507 0.0002238744662403369 -0.000026709111217647926 -0.0002231251218063196 0.9999998743690335 -0.02056192464935691 -0.16567431011033307 -0.4135403082396323
FixedParameters: 0 0 0
#Transform 11
Transform: MatrixOffsetTransformBase_double_3_3
Parameters: 0.9999997332778494 0.0010926266215480153 -0.00026998156582021515 -0.0010924051405797352 0.9999995503425966 0.00040922032059409474 0.00027087633666261356 -0.00040977932362221137 0.9999998475550631 -0.02890013256690338 -0.1742360290290037 -0.34739287662614515
FixedParameters: 0 0 0
#Transform 12
Transform: MatrixOffsetTransformBase_double_3_3
Parameters: 0.9999990777241076 0.0009546873936150206 -0.00010415346340394547 -0.0009545953688890797 0.9999998883458683 0.00044001811624683196 0.00010499354814580905 -0.0004399817817823115 0.9999998021781688 -0.014114361052804725 -0.15783986589822518 -0.4248999685819115
FixedParameters: 0 0 0
#Transform 13
Transform: MatrixOffsetTransformBase_double_3_3
Parameters: 0.9999987734129208 0.0012005011939347598 -0.0008862181507340818 -0.0012003212671245422 0.9999994603331398 0.00010198889861340321 0.0008864618345869079 -0.00010101085029809442 0.9999992924754159 0.00876085389097625 -0.1653146990872898 -0.3953751564972947
FixedParameters: 0 0 0
#Transform 14
Transform: MatrixOffsetTransformBase_double_3_3
Parameters: 0.9999992745184774 0.0010895429115435487 -0.0007337423511642624 -0.0010895421779874878 0.999999724520189 7.244946796658436e-7 0.0007337434411154506 -2.755045949154322e-7 0.9999995499979644 -0.004873801020465862 -0.17014329371460235 -0.3512894668692752
FixedParameters: 0 0 0
#Transform 15
Transform: MatrixOffsetTransformBase_double_3_3
Parameters: 0.9999994846619273 0.0012306087252610663 0.00003066659080174137 -0.0012306283985826214 0.9999993732391584 0.00032488088839943696 -0.00002986668831561742 -0.0003251187079743867 0.9999999001728115 -0.01903709266842668 -0.15656359727691438 -0.3706169479107615
FixedParameters: 0 0 0
#Transform 16
Transform: MatrixOffsetTransformBase_double_3_3
Parameters: 0.9999999776899956 0.001010460221254524 -0.000035792745838860635 -0.001010451457712315 0.9999999573820588 0.00012195462394548606 0.00003603929740788138 -0.00012204536697917046 0.999999990539925 -0.008449679997980297 -0.18549157577434983 -0.3575829329591471
FixedParameters: 0 0 0
#Transform 17
Transform: MatrixOffsetTransformBase_double_3_3
Parameters: 0.9999994732527756 0.0012340510025077242 -0.00006217348442927212 -0.001234035670452437 0.9999994552943267 0.00012299518240539709 0.00006247705951106322 -0.00012300468429288225 0.9999999877004516 0.0031451723142765786 -0.14711456268817358 -0.3447678423834617
FixedParameters: 0 0 0
#Transform 18
Transform: MatrixOffsetTransformBase_double_3_3
Parameters: 0.9999974354142398 0.0017383733601903967 -0.0015945646055845794 -0.0017379682848823116 0.9999987925900502 0.00012870345043305975 0.0015950061017335091 -0.00012529589406501396 0.9999986105664912 0.0670692356658833 -0.16946817779508194 -0.36789082904235215
FixedParameters: 0 0 0
#Transform 19
Transform: MatrixOffsetTransformBase_double_3_3
Parameters: 0.9999986665767595 0.0013335821730866984 -0.0007453950711407014 -0.00133325347069204 0.9999990577185291 0.000275919106869138 0.0007451331485828179 -0.0002750815065930279 0.9999994570575059 0.011469084535406182 -0.14635390516902191 -0.35818983647297387
FixedParameters: 0 0 0
#Transform 20
Transform: MatrixOffsetTransformBase_double_3_3
Parameters: 0.999997545952138 0.0014177496742217507 -0.0015633383451490886 -0.0014175745718943483 0.9999988237688945 0.000057229691814902894 0.0015634971238849928 -0.000054770032980405725 0.9999987159112624 0.0442977255200816 -0.16067295121032998 -0.3895931525955376
FixedParameters: 0 0 0
#Transform 21
Transform: MatrixOffsetTransformBase_double_3_3
Parameters: 0.9999941452037714 0.0011933926283913688 -0.0032296407278390752 -0.0011933700219048837 0.9999991943661426 0.000005214408689793726 0.0032296490820885064 -0.0000017855503278013662 0.9999949508132503 0.048137953336308215 -0.1536574616487627 -0.42262743400736724
FixedParameters: 0 0 0
#Transform 22
Transform: MatrixOffsetTransformBase_double_3_3
Parameters: 0.9999959363734058 0.0006919331284991017 -0.0029296595907420796 -0.0006915548370728636 0.999999289076112 -0.00011862765869392888 0.00293040896220959 0.00012037492068546485 0.9999956187364631 0.056685821990200225 -0.18199190130775378 -0.4496006834891091
FixedParameters: 0 0 0
#Transform 23
Transform: MatrixOffsetTransformBase_double_3_3
Parameters: 0.9999990168280745 0.0008145777710595794 -0.0005653618430981681 -0.0008142033232139493 0.9999992272065434 0.00033146028366085045 0.0005659009699470219 -0.00033053899294985256 0.9999995704997703 0.017332520544798058 -0.16787108335692835 -0.3670257002932118
FixedParameters: 0 0 0
#Transform 24
Transform: MatrixOffsetTransformBase_double_3_3
Parameters: 0.9999965231548511 0.0009663267932501354 -0.0025579378691922496 -0.0009670097291996196 0.9999998161681698 -0.00013234350972314568 0.0025576797693009938 0.00013465555719950617 0.9999966713422712 0.043214995492704134 -0.15900246671341733 -0.4733347744122085
FixedParameters: 0 0 0
#Transform 25
Transform: MatrixOffsetTransformBase_double_3_3
Parameters: 0.9999994414825805 0.0009365898304585494 -0.0008254188185827738 -0.0009364255539020723 0.999999031389909 0.00009977965664018096 0.0008256051839101196 -0.00009922003124472611 0.9999993902925142 0.016586843757494307 -0.16120629499208405 -0.36714379448197576
FixedParameters: 0 0 0
#Transform 26
Transform: MatrixOffsetTransformBase_double_3_3
Parameters: 0.9999966746039565 0.0011675123866209478 -0.002441503752943438 -0.001167175765102416 0.9999992495537016 0.0002740409196737431 0.002442223063353375 -0.00027195956196965354 0.9999972759921175 0.05797070268440052 -0.15549611391375606 -0.4682364295411219
FixedParameters: 0 0 0
#Transform 27
Transform: MatrixOffsetTransformBase_double_3_3
Parameters: 0.9999999266670505 0.001032055712698897 -0.00009052555855672438 -0.0010319953761889493 0.9999998179861765 0.00033201205429483904 0.00009121082387151227 -0.00033198782382325154 0.9999998882328042 -0.009081172799284332 -0.16837831059935127 -0.3527857307099538
FixedParameters: 0 0 0
#Transform 28
Transform: MatrixOffsetTransformBase_double_3_3
Parameters: 0.9999954174821152 0.0010489208960809853 -0.002735836957097758 -0.001049900776183635 0.9999993784929692 -0.000541865061524191 0.002734532367451001 0.0005451360031854952 0.9999964482028705 0.050299547646289966 -0.16335071536691714 -0.45219170304130785
FixedParameters: 0 0 0
#Transform 29
Transform: MatrixOffsetTransformBase_double_3_3
Parameters: 0.9999995260045517 0.001069671651219899 -0.0005742809526460825 -0.0010693642580317702 0.9999996961987919 0.00026753941456142405 0.0005748531450189476 -0.0002674602935685555 0.9999996866934614 0.014925899343097626 -0.16065343596876858 -0.36445142581347056
FixedParameters: 0 0 0
#Transform 30
Transform: MatrixOffsetTransformBase_double_3_3
Parameters: 0.9999994709898465 0.001211935975489148 -0.0002454007226619088 -0.0012120443242979366 0.9999994755250062 -0.00022078443654575952 0.0002448650234439109 0.0002212153080441981 0.9999998977828688 0.02750676846697786 -0.15174288493446397 -0.4213561271423174
FixedParameters: 0 0 0
#Transform 31
Transform: MatrixOffsetTransformBase_double_3_3
Parameters: 0.9999991078128644 0.0011059803017659027 -0.0008179207424939105 -0.001105347718828016 0.99999953974798 0.00038682946682223884 0.0008187754209048441 -0.00038616972804488003 0.9999992693007242 0.008277811768735432 -0.1719316576042047 -0.35462863588347204
FixedParameters: 0 0 0
#Transform 32
Transform: MatrixOffsetTransformBase_double_3_3
Parameters: 0.9999942690267932 0.000979604611198099 -0.0031258199288466365 -0.0009828113498379968 0.9999990234053342 -0.0008435788588006948 0.003124994444360126 0.0008464192421459155 0.9999948175688924 0.05291917233597587 -0.15609253533649792 -0.45614468352597726
FixedParameters: 0 0 0
#Transform 33
Transform: MatrixOffsetTransformBase_double_3_3
Parameters: 0.9999987453500603 0.0012866758968853762 -0.0007736218329882505 -0.001289534761204366 0.9999936276680849 -0.003409082025150195 0.0007696575245966961 0.0034099200403457375 0.9999938682138296 0.03304359065053575 -0.12119445138553431 -0.5357552991864765
FixedParameters: 0 0 0
#Transform 34
Transform: MatrixOffsetTransformBase_double_3_3
Parameters: 0.999997550607143 0.0010932841667511436 -0.0020623442830647815 -0.0010982984465787219 0.9999966115676424 -0.0022416442521028535 0.002060090710508525 0.0022443517755818265 0.9999948769243794 0.04724845150443002 -0.16607584378292017 -0.5326250178154766
FixedParameters: 0 0 0
#Transform 35
Transform: MatrixOffsetTransformBase_double_3_3
Parameters: 0.9999955891404296 0.0009124514172896899 -0.0029288687069467865 -0.0009137488179736154 0.9999998923372435 -0.0002200597099026036 0.0029284642039599245 0.0002229383143499547 0.9999955986789448 0.05573222475663897 -0.1801877418850637 -0.4634142924596887
FixedParameters: 0 0 0
#Transform 36
Transform: MatrixOffsetTransformBase_double_3_3
Parameters: 0.9999986153498204 0.0013200144032524876 -0.000801384952477044 -0.0013217801848198665 0.9999956413676943 -0.0025540169051342376 0.0007984591479003849 0.0025549802419967543 0.9999959230201036 0.015846698232792278 -0.17396829224193766 -0.5208804059160599
FixedParameters: 0 0 0
#Transform 37
Transform: MatrixOffsetTransformBase_double_3_3
Parameters: 0.9999992427603327 0.0011693580768608533 -0.0006239508875077571 -0.001170339747409655 0.9999988971295916 -0.0008523516602316206 0.0006229517623988626 0.0008536470236166355 0.9999988904134117 0.016928451067386163 -0.1537057580386545 -0.4391913885420138
FixedParameters: 0 0 0
#Transform 38
Transform: MatrixOffsetTransformBase_double_3_3
Parameters: 0.9999987155163804 0.0011374697624256796 -0.0009950216645719279 -0.0011403504775707638 0.9999974860872064 -0.00203286240421674 0.000992301044396763 0.0020341392192147895 0.9999979591684017 0.02801652266197152 -0.16752464052578375 -0.48603547940962244
FixedParameters: 0 0 0
#Transform 39
Transform: MatrixOffsetTransformBase_double_3_3
Parameters: 0.9999993552897163 0.001179586745880558 -0.0005028723898191333 -0.001179941289218572 0.9999994130865839 -0.00043348865500181244 0.000502844991851177 0.0004345118388969227 0.9999995654908932 0.005394190265889165 -0.15485054631162143 -0.40513362960771815
FixedParameters: 0 0 0
#Transform 40
Transform: MatrixOffsetTransformBase_double_3_3
Parameters: 0.999995384984932 0.000978240568662334 -0.002942454321951129 -0.000980197085920273 0.9999997057249626 -0.0003308523025912641 0.00294180314159106 0.0003341445549013694 0.9999954581481071 0.07524372572986238 -0.15453932034969853 -0.46772721710647147
FixedParameters: 0 0 0
#Transform 41
Transform: MatrixOffsetTransformBase_double_3_3
Parameters: 0.9999978351240216 0.0010558793964524703 -0.002012156385173393 -0.0010564534483278663 0.9999997168746293 0.00010622115611036431 0.002012460120100634 -0.00010378030595221965 0.9999980961991799 0.06366854565412439 -0.1566495862104773 -0.45787451567770177
FixedParameters: 0 0 0
#Transform 42
Transform: MatrixOffsetTransformBase_double_3_3
Parameters: 0.9999969688455753 0.001307644092038096 -0.0023068211034717938 -0.0013134131617728005 0.9999961824252231 -0.0026178792225514808 0.0023034501394831393 0.0026211247412397942 0.9999940628018393 0.07210467264519593 -0.15073368830653067 -0.5310509984675491
FixedParameters: 0 0 0
#Transform 43
Transform: MatrixOffsetTransformBase_double_3_3
Parameters: 0.9999951096885228 0.0005427560709701227 -0.00309743703302342 -0.0005412240101199053 0.999999252727647 0.0005701008163096349 0.0030982176973875578 -0.0005678993360770518 0.9999952094374899 0.06655003977107299 -0.1630944004897117 -0.4724194198432343
FixedParameters: 0 0 0
#Transform 44
Transform: MatrixOffsetTransformBase_double_3_3
Parameters: 0.9999958600624875 0.0010025547073429356 -0.0026706490159668825 -0.0010024511431981648 0.9999996093681075 0.0003938621784242008 0.0026715998605335227 -0.00039113961078972304 0.999995942580741 0.05571981220138866 -0.17075898346188012 -0.45689948837043914
FixedParameters: 0 0 0
#Transform 45
Transform: MatrixOffsetTransformBase_double_3_3
Parameters: 0.9999995046968249 0.001203619520833191 -0.00021304093852966333 -0.0012045116039887853 0.9999994834876426 0.00024517517762878693 0.00021371286962281903 -0.0002448246642602764 0.9999999011591741 0.0041274149440369 -0.15885990737665168 -0.36028784641071354
FixedParameters: 0 0 0
#Transform 46
Transform: MatrixOffsetTransformBase_double_3_3
Parameters: 0.9999986362492677 0.0011355203845343966 -0.0010360519207182493 -0.0011363325670291718 0.9999994418146443 -0.0004308167684657638 0.0010360682530568444 0.00043218397393388064 0.999999822049787 0.00020637765204867264 -0.13583990260855217 -0.46182170380748744
FixedParameters: 0 0 0
#Transform 47
Transform: MatrixOffsetTransformBase_double_3_3
Parameters: 0.9999992704079905 0.0011720704881471172 -0.0005961075443292782 -0.0011720529764819678 0.9999996166413426 -0.000053383046774130305 0.0005969775987551475 0.00005461809111539928 0.9999996479348316 0.015608567896151726 -0.15795388371610386 -0.36559459477544465
FixedParameters: 0 0 0
#Transform 48
Transform: MatrixOffsetTransformBase_double_3_3
Parameters: 0.9999955464551071 0.001468373871557402 -0.0027012061215788597 -0.0014698828223428863 0.9999992922785965 -0.0004769233012802826 0.0027007133932885658 0.0004810764694176545 0.9999957952938842 0.07775435043419066 -0.15861831028486506 -0.4521077416999759
FixedParameters: 0 0 0
#Transform 49
Transform: MatrixOffsetTransformBase_double_3_3
Parameters: 0.9999990480877524 0.0009538103718065329 -0.0010203543716853026 -0.0009543528389285395 0.9999999518454875 0.00022289904087972878 0.0010208608771698528 -0.00022210145248943713 0.999998997230016 0.013161321781240076 -0.1601475890618218 -0.36673867294744866
FixedParameters: 0 0 0
#Transform 50
Transform: MatrixOffsetTransformBase_double_3_3
Parameters: 0.9999996582695846 0.0011485695761618306 -0.00014987868369498533 -0.0011485557904797055 0.9999996225612087 -0.00022690973426356398 0.00015035387368103332 0.00022709124419745264 0.9999999326501054 0.015538403944006518 -0.14903333893576587 -0.4105702399985063
FixedParameters: 0 0 0
#Transform 51
Transform: MatrixOffsetTransformBase_double_3_3
Parameters: 0.9999988892036827 0.0013834710124396399 -0.0004439959809799889 -0.0013830148609605558 0.9999986316305499 0.0006055394877650389 0.0004446744521865441 -0.0006054601380709318 0.9999995243126348 0.0022278486001994224 -0.1829565258210124 -0.33236568577628134
FixedParameters: 0 0 0
#Transform 52
Transform: MatrixOffsetTransformBase_double_3_3
Parameters: 0.9999987096670139 0.0012158594293384774 -0.0013461421407215868 -0.001216794006864375 0.9999987977178014 -0.0007473496712295663 0.0013452372140006163 0.0007486501254146405 0.9999987929402522 0.007568151653543964 -0.15896300649991701 -0.3860495661115948
FixedParameters: 0 0 0
#Transform 53
Transform: MatrixOffsetTransformBase_double_3_3
Parameters: 0.999999248068493 0.001315171157991764 -0.0001489176200747017 -0.001315377956781244 0.9999987008358258 -0.0012498875768049977 0.00014762270612121844 0.0012501142831140566 0.9999994222279043 -0.002369891017764303 -0.14678695765263683 -0.2011706144307368
FixedParameters: 0 0 0
#Transform 54
Transform: MatrixOffsetTransformBase_double_3_3
Parameters: 0.9999992457006558 0.0013131785386396087 -0.00017243660447868915 -0.0013135987715055717 0.9999973578564053 -0.0017058553030065704 0.0001699485936398113 0.0017061416629101517 0.9999980669709446 -0.0021872435650038824 -0.14009594424545924 -0.2614570856320171
FixedParameters: 0 0 0
#Transform 55
Transform: MatrixOffsetTransformBase_double_3_3
Parameters: 0.9999992185177801 0.0013039379302122109 -0.0002846941801410543 -0.001304240380408258 0.9999988356603119 -0.0006757107201395135 0.00028392768868659056 0.0006762889284650242 0.9999994689052798 -0.0012785845562888198 -0.1578888513594734 -0.27762315038560814
FixedParameters: 0 0 0
#Transform 56
Transform: MatrixOffsetTransformBase_double_3_3
Parameters: 0.9999991590682461 0.0012933633967087707 -0.000409316687163672 -0.001294412445769169 0.9999981139113245 -0.001484553018145554 0.0004074671118178887 0.001485446520763073 0.9999986347032401 0.022172233457013135 -0.12121428539268209 -0.23404841266706455
FixedParameters: 0 0 0
#Transform 57
Transform: MatrixOffsetTransformBase_double_3_3
Parameters: 0.9999993417324944 0.0012135311899460403 -0.0004300598990386482 -0.0012141811286801672 0.9999985490260807 -0.0009464721606814164 0.0004297553432151445 0.000946529280351216 1.0000000009798482 0.023281694038445266 -0.15264001530118776 -0.2625269224917872
FixedParameters: 0 0 0
#Transform 58
Transform: MatrixOffsetTransformBase_double_3_3
Parameters: 0.999999135426409 0.0012906466865663126 -0.0004458744154814378 -0.0012910652386117834 0.9999991060760103 -0.0004695063757428758 0.0004446610113634637 0.0004704926039122148 0.9999995875507716 0.027313107480921417 -0.11655455201115217 -0.3520131060986955
FixedParameters: 0 0 0
#Transform 59
Transform: MatrixOffsetTransformBase_double_3_3
Parameters: 0.9999991946799024 0.001337898921853481 0.0001248202310156822 -0.0013376325317661826 0.9999986619714754 -0.00073624896402881 -0.0001257927851651528 0.0007357503761635659 0.9999994493164259 -0.004586578072419911 -0.1545964906114108 -0.27323639706064284
FixedParameters: 0 0 0
#Transform 60
Transform: MatrixOffsetTransformBase_double_3_3
Parameters: 0.9999987944679135 0.0014746427882841838 0.00017679493612208716 -0.0014743245363968392 0.9999984566225242 -0.0006663494004909565 -0.0001777637859672966 0.000666649855386614 0.9999994494010966 -0.02159935496682408 -0.1355526224511152 -0.3350531748689036
FixedParameters: 0 0 0
#Transform 61
Transform: MatrixOffsetTransformBase_double_3_3
Parameters: 0.9999990436717743 0.001381920628606887 -0.00021568725359330315 -0.0013820640643527132 0.9999988098527595 -0.0005227839490717923 0.00021523832651974888 0.0005232161594975748 0.9999996867606948 -0.0005277131212011454 -0.13069198771557922 -0.3292897005472071
FixedParameters: 0 0 0
#Transform 62
Transform: MatrixOffsetTransformBase_double_3_3
Parameters: 0.9999990857511413 0.00101040402679293 -0.0009447084211791794 -0.0010116113548699528 0.9999994303933581 -0.0006820386552475466 0.0009443250327316321 0.0006829619109775115 0.9999997237445339 -0.005560920615650389 -0.13522977173246886 -0.45641570601949866
FixedParameters: 0 0 0
#Transform 63
Transform: MatrixOffsetTransformBase_double_3_3
Parameters: 0.9999991264685694 0.0012898394854354664 -0.0004580886778760573 -0.0012897428001639602 0.9999992369313786 0.00010551597177695105 0.0004583608242368414 -0.00010548384155931179 0.9999998672768579 0.008837271583146844 -0.14160210845730603 -0.3804074409060263
FixedParameters: 0 0 0
#Transform 64
Transform: MatrixOffsetTransformBase_double_3_3
Parameters: 0.9999982057493438 0.0010813618376373348 -0.0012747181491206822 -0.0010820649023361038 0.9999991779675299 -0.0006986082998375331 0.001274120611497562 0.0006993922707349692 0.9999990505786436 0.022063907907025282 -0.14263270313495013 -0.4493284394322359
FixedParameters: 0 0 0
#Transform 65
Transform: MatrixOffsetTransformBase_double_3_3
Parameters: 0.9999993445035559 0.0007039383299053338 0.00039995855062686144 -0.0007042892219433378 0.9999993115026815 0.00043871822868990495 -0.00039934033851615823 -0.00043928102657522783 0.9999996475592013 -0.01600709568002401 -0.15499156784817103 -0.31981941731906716
FixedParameters: 0 0 0
#Transform 66
Transform: MatrixOffsetTransformBase_double_3_3
Parameters: 0.9999993646083035 0.0010745248504803004 -0.0006929543558996717 -0.0010751545217709754 0.9999994926604131 -0.0005133302940764084 0.0006928471330495594 0.0005136699105749432 0.9999993445832049 0.012675982238164352 -0.12407727089603782 -0.38604712931399376
FixedParameters: 0 0 0
#Transform 67
Transform: MatrixOffsetTransformBase_double_3_3
Parameters: 0.9999991687155427 0.0008600274906939153 -0.00030271551854181957 -0.0008601838794906425 0.9999991117325396 -0.00025873287753372387 0.00030227084425083406 0.0002582666581455173 0.9999999233389196 -0.006237515545947758 -0.14696031604536586 -0.36266165394671646
FixedParameters: 0 0 0
#Transform 68
Transform: MatrixOffsetTransformBase_double_3_3
Parameters: 0.9999981745865111 0.001232238904263272 -0.001143364754290361 -0.001233843768859164 0.9999990117784917 -0.0011736661172147 0.0011413830366414845 0.0011753334125553516 0.9999984039053118 0.008895107193239937 -0.11932406201785284 -0.4401057662894061
FixedParameters: 0 0 0
#Transform 69
Transform: MatrixOffsetTransformBase_double_3_3
Parameters: 0.9999990983491617 0.001350361696948618 0.00027959481412617 -0.001350489051789702 0.9999991176527178 0.00022754096299727744 -0.0002789790197004876 -0.00022845860214501523 0.9999998767286425 -0.01929954765836328 -0.14766239654917968 -0.35380350619388423
FixedParameters: 0 0 0
#Transform 70
Transform: MatrixOffsetTransformBase_double_3_3
Parameters: 0.999999203229735 0.0013363135594800673 0.00010607105125043518 -0.0013361046143492577 0.9999988514211526 -0.0005972237693617211 -0.00010666984788356313 0.0005967761767423224 0.9999996389903041 -0.01779471284966405 -0.12417619604768504 -0.35491289732385667
FixedParameters: 0 0 0
#Transform 71
Transform: MatrixOffsetTransformBase_double_3_3
Parameters: 0.9999994880528758 0.0012264229829815813 0.00008850978164648638 -0.0012263796439877003 0.9999994296899244 -0.0002441904391711769 -0.00008910826508582368 0.00024380928194517315 0.9999999392909952 -0.021169675214096628 -0.1454365766535517 -0.3223042458817247
FixedParameters: 0 0 0
#Transform 72
Transform: MatrixOffsetTransformBase_double_3_3
Parameters: 0.9999987920951752 0.001458065682806495 0.0002858949663121816 -0.0014577743851723417 0.9999976533687028 -0.0018155082404973377 -0.000288116830675286 0.0018154946236611097 0.9999985466319606 -0.01818241601941395 -0.10300813149807198 -0.4449783949806232
FixedParameters: 0 0 0
#Transform 73
Transform: MatrixOffsetTransformBase_double_3_3
Parameters: 0.9999998521456325 0.0010697528304647304 -0.00005926773562403586 -0.0010697168304027462 0.9999996991848906 -0.0003870185923683378 0.00005943639846721262 0.0003869822482718971 0.9999998534222677 -0.019126994866837776 -0.1392735259497897 -0.35592181732259576
FixedParameters: 0 0 0
#Transform 74
Transform: MatrixOffsetTransformBase_double_3_3
Parameters: 0.9999992775931182 0.0012907941172990466 -0.0002369113873609889 -0.001291199676892997 0.9999981856053775 -0.0010326883506524276 0.00023524211427867244 0.0010323113271704792 0.9999999598747721 -0.015195745249030779 -0.12621767589706678 -0.4033247583093811
FixedParameters: 0 0 0
#Transform 75
Transform: MatrixOffsetTransformBase_double_3_3
Parameters: 0.9999994235676469 0.0012541778774355211 0.000060275266489651135 -0.0012540803544420314 0.9999994035462525 -0.00013015738093180573 -0.00005960470283105179 0.00012984370980247129 0.9999999862212622 -0.018234468832545758 -0.1417056709497615 -0.3614118368108308
FixedParameters: 0 0 0
#Transform 76
Transform: MatrixOffsetTransformBase_double_3_3
Parameters: 0.9999993945998183 0.0012618251418706709 -0.00011483234211317514 -0.001261933366606721 0.9999987087216784 -0.000831937008181044 0.00011372921225124579 0.0008320620995724698 0.9999993014301899 -0.01662875272809572 -0.13198589800637706 -0.42261872976622783
FixedParameters: 0 0 0
#Transform 77
Transform: MatrixOffsetTransformBase_double_3_3
Parameters: 0.999999379082451 0.0011734479101649681 -0.0004939006647928855 -0.0011735205009519695 0.9999995291559375 -0.00007349541982004659 0.000493728163065062 0.00007350448811108135 0.9999998391221923 -0.014151151272102425 -0.14882988670842678 -0.3666101346223485
FixedParameters: 0 0 0
#Transform 78
Transform: MatrixOffsetTransformBase_double_3_3
Parameters: 0.9999992475539814 0.0013012059658655364 0.00024335900354325945 -0.0012999798760673599 0.9999845678920409 -0.005361323113687005 -0.0002501637291299161 0.005360681237459419 0.9999861985588632 -0.01946143296588332 -0.03428685442867163 -0.43881407942333794
FixedParameters: 0 0 0
#Transform 79
Transform: MatrixOffsetTransformBase_double_3_3
Parameters: 0.9999996938940855 0.0010883566554726893 0.0003486920057797819 -0.0010881570251875376 0.9999997271875174 -0.00028646135742198264 -0.00034931448836493094 0.00028553842069807545 0.9999998031147405 -0.03659287562729219 -0.1288343933720455 -0.3383040070523009
FixedParameters: 0 0 0
#Transform 80
Transform: MatrixOffsetTransformBase_double_3_3
Parameters: 0.9999995717864157 0.0010674432175720686 0.0005370869375504988 -0.001064296088786513 0.9999801903392112 -0.0061445798371493054 -0.0005438779606440096 0.00614441423137764 0.9999808709836066 -0.024486491479706274 -0.002859030192951195 -0.25859394084767473
FixedParameters: 0 0 0
#Transform 81
Transform: MatrixOffsetTransformBase_double_3_3
Parameters: 0.9999993340555243 0.0008156643149700788 -0.000004033747305116057 -0.0008164337323874424 0.9999919832696001 -0.003917999250105664 7.110094755069139e-7 0.0039180031237787405 0.9999926492056829 -0.044192700695887766 -0.08145607295158186 -0.19181351551614512
FixedParameters: 0 0 0
#Transform 82
Transform: MatrixOffsetTransformBase_double_3_3
Parameters: 0.9999987652415089 0.0014665481422317223 0.00029131060726726916 -0.0014638817527832604 0.9999771627195692 -0.006615522988698774 -0.0003015634872315173 0.006615477533919015 0.9999780718314528 -0.024462673348267572 0.0012920491011954027 -0.30870977060506277
FixedParameters: 0 0 0
#Transform 83
Transform: MatrixOffsetTransformBase_double_3_3
Parameters: 0.9999994131387007 0.0012591788543822656 -0.00004070963196038622 -0.0012590934804180315 0.9999900036648032 -0.004290032961557472 0.00003488937565122776 0.004289964825222592 0.9999906010994348 -0.03529747839318986 -0.040589675640319456 -0.20550760853001293
FixedParameters: 0 0 0
#Transform 84
Transform: MatrixOffsetTransformBase_double_3_3
Parameters: 0.9999994172977384 0.0012544671943715145 -0.00009540917974103355 -0.0012548806081988091 0.9999827555457043 -0.005801969689895353 0.00008882292668883302 0.005802037517068301 0.99998333470909 -0.05319260087387079 -0.04134283512685499 -0.20943629408392894
FixedParameters: 0 0 0
#Transform 85
Transform: MatrixOffsetTransformBase_double_3_3
Parameters: 0.9999990543108596 0.0013051056305816932 0.000492820257673443 -0.0013028351114669566 0.9999912452625284 -0.0038906521386034426 -0.0004978194300932649 0.003890346940353076 0.9999925369423615 -0.03995029837956565 -0.07816299030848484 -0.2264099488371727
FixedParameters: 0 0 0
#Transform 86
Transform: MatrixOffsetTransformBase_double_3_3
Parameters: 0.9999998878602924 0.000993795890940239 0.0003532314489281582 -0.0009912776110641466 0.9999828945421486 -0.0057553552127417446 -0.00035950858994843345 0.005754647784719624 0.9999837526840085 -0.04188461010495814 0.009084022786922219 -0.21254580366564824
FixedParameters: 0 0 0
#Transform 87
Transform: MatrixOffsetTransformBase_double_3_3
Parameters: 0.9999990228496538 0.0008364349787727347 0.0005266380749966697 -0.0008338485816393057 0.9999823483184537 -0.005827439403286935 -0.0005310599564307182 0.005826556069540065 0.999982766106525 -0.03434790067768745 -0.008452465347957627 -0.21646957188558247
FixedParameters: 0 0 0
#Transform 88
Transform: MatrixOffsetTransformBase_double_3_3
Parameters: 0.999999679409175 0.001144986982531043 0.00009814764613812078 -0.001144350669281963 0.9999831923515233 -0.005619121394366711 -0.00010495092578659902 0.005619875484727879 0.9999843289956308 -0.02632072155563492 -0.004099671098444446 -0.19761041401218904
FixedParameters: 0 0 0
#Transform 89
Transform: MatrixOffsetTransformBase_double_3_3
Parameters: 0.9999990297594747 0.000912917080667814 0.0003693435211459302 -0.0009111807188073304 0.9999825921311024 -0.005801345238354544 -0.0003746971165638462 0.005801653204750068 0.9999831222501576 -0.03793316366285637 -0.024915424799360153 -0.18957921080222206
FixedParameters: 0 0 0
#Transform 90
Transform: MatrixOffsetTransformBase_double_3_3
Parameters: 0.999999425605431 0.001251524623836222 0.00008949955280111678 -0.0012510934581145274 0.999985982022306 -0.005045114735770073 -0.00009606358659009202 0.005044882537951698 0.9999875392032292 -0.027239227017815892 -0.012753782185257023 -0.2203146770569333
FixedParameters: 0 0 0
#Transform 91
Transform: MatrixOffsetTransformBase_double_3_3
Parameters: 0.9999989828561221 0.0010025283083327859 0.00011072943085883956 -0.0010017749213954861 0.9999841307083582 -0.005555193376103287 -0.00011580165448113487 0.005554803030097311 0.9999841356258844 -0.03965497270625917 -0.01025102148217627 -0.2315302363109737
FixedParameters: 0 0 0
#Transform 92
Transform: MatrixOffsetTransformBase_double_3_3
Parameters: 0.9999996729509236 0.0009525336374184014 0.0006479083853780092 -0.0009485103419268584 0.9999829955542228 -0.005839701499550515 -0.0006536977404306146 0.005838300956790846 0.999982488937028 -0.05245938679016149 0.015431736261405149 -0.22517403151636017
FixedParameters: 0 0 0
#Transform 93
Transform: MatrixOffsetTransformBase_double_3_3
Parameters: 0.9999989759297118 0.0009461150052545589 0.00035831033031370453 -0.0009444417075455217 0.9999824426519912 -0.0058874220850502895 -0.0003642111407585059 0.005886575770138194 0.9999822191341072 -0.042544823512585594 -0.029184433486335593 -0.22915014191848115
FixedParameters: 0 0 0
#Transform 94
Transform: MatrixOffsetTransformBase_double_3_3
Parameters: 0.999999799873944 0.0010265036041489475 0.000382430658670378 -0.0010245315957048775 0.9999823722787653 -0.005801400511704302 -0.00038810419546164975 0.00580159688204461 0.9999831122192716 -0.04174010395757932 0.0048852690925542674 -0.2282353296392614
FixedParameters: 0 0 0
#Transform 95
Transform: MatrixOffsetTransformBase_double_3_3
Parameters: 0.9999996347446144 0.0010396637368312706 0.0005330148037306521 -0.0010371140965210791 0.9999831766300412 -0.005641560488119549 -0.0005384234543315895 0.005641434484168137 0.9999838045703879 -0.047344118089739595 -0.03987368797938018 -0.20646364023335195
FixedParameters: 0 0 0
#Transform 96
Transform: MatrixOffsetTransformBase_double_3_3
Parameters: 0.9999992581939474 0.0012739287565653944 0.00034401089553603835 -0.0012725576626275877 0.999984647573722 -0.005452526390604742 -0.0003506721672738394 0.005451478559321363 0.9999851615178533 -0.0387740018836098 0.00573793743105 -0.19215841281733503
FixedParameters: 0 0 0
#Transform 97
Transform: MatrixOffsetTransformBase_double_3_3
Parameters: 0.9999995510958831 0.001053797289260239 0.0005811660164224532 -0.001051020570943342 0.999984407460745 -0.0054376198875595305 -0.0005873001147579241 0.005437376747496225 0.9999850103824821 -0.04073722284331893 -0.021952016700268473 -0.17960843856751296
FixedParameters: 0 0 0
#Transform 98
Transform: MatrixOffsetTransformBase_double_3_3
Parameters: 0.999998501536985 0.0010765827275863395 0.0011573123245472764 -0.001069812575457422 0.9999782297165108 -0.006535253315771081 -0.0011636241826064428 0.006533749041237186 0.9999778714595834 -0.10057659579436518 -0.0033921658615554406 -0.21826319186611443
FixedParameters: 0 0 0
#Transform 99
Transform: MatrixOffsetTransformBase_double_3_3
Parameters: 0.9999980762155284 0.0011972132127180965 0.0015786173190870643 -0.0011879960566507088 0.9999848796852892 -0.005279813133679423 -0.0015845735973388825 0.005278177136123635 0.9999844604569987 -0.11021400049011731 -0.030913745876546272 -0.17804354267627787
FixedParameters: 0 0 0
#Transform 100
Transform: MatrixOffsetTransformBase_double_3_3
Parameters: 0.9999989152235732 0.0011133657598971366 0.0013579174466528151 -0.0011052405230205255 0.9999780934428844 -0.006463433862162221 -0.001365456147905319 0.006461562681647617 0.99997829305401 -0.0915505259050775 0.016795519383052238 -0.17841654780541205
FixedParameters: 0 0 0
#Transform 101
Transform: MatrixOffsetTransformBase_double_3_3
Parameters: 0.9999980423661996 0.001199879553984599 0.0012321736388351252 -0.0011935724145358002 0.9999858324422304 -0.005179483530263443 -0.0012380148266317237 0.005177513941239623 0.9999855758132853 -0.08970289608492976 -0.032836513162664005 -0.13820057566216803
FixedParameters: 0 0 0
#Transform 102
Transform: MatrixOffsetTransformBase_double_3_3
Parameters: 0.9999979594387364 0.0011118496290917577 0.001343132507161695 -0.0011033016233171755 0.999978987849084 -0.006321420249229423 -0.0013504173633190958 0.006320573375050403 0.9999790606891082 -0.08628366527405262 0.000989514929727875 -0.16050700759237202
FixedParameters: 0 0 0
#Transform 103
Transform: MatrixOffsetTransformBase_double_3_3
Parameters: 0.999998867315646 0.0013451051046626512 0.0011504401430959758 -0.0013390267704331896 0.9999825879472186 -0.0058055605780105435 -0.001157391710321795 0.005803449865941196 0.999982894247184 -0.08090398326937986 -0.019870745992989214 -0.13821432863143457
FixedParameters: 0 0 0
#Transform 104
Transform: MatrixOffsetTransformBase_double_3_3
Parameters: 0.999998124284443 0.0013713456175830476 0.0014125982639382824 -0.0013601967745721806 0.999968517331198 -0.007860952284758888 -0.0014231188952277057 0.007859052427610494 0.9999680456881763 -0.07943914494525472 -0.008078557147157994 -0.2320249995584618
FixedParameters: 0 0 0
#Transform 105
Transform: MatrixOffsetTransformBase_double_3_3
Parameters: 0.9999985489901494 0.0011749409056557756 0.0014393816144224606 -0.0011663191169941371 0.9999819944219623 -0.005899699294569349 -0.0014454789101079571 0.0058982953064269095 0.9999809575328571 -0.08973910575635102 -0.022026266091160096 -0.1553379881136152
FixedParameters: 0 0 0
#Transform 106
Transform: MatrixOffsetTransformBase_double_3_3
Parameters: 0.9999988697199073 0.0012110737184347184 0.0012897404191574223 -0.0012020940509578797 0.9999766291533456 -0.006714570005730822 -0.001298228712614335 0.006713420509131998 0.9999760839518615 -0.08992154272699793 0.00014429886920197532 -0.19538942553576533
FixedParameters: 0 0 0
#Transform 107
Transform: MatrixOffsetTransformBase_double_3_3
Parameters: 0.9999984469029899 0.0012347321344751453 0.0010146303858488532 -0.0012283792503617217 0.9999822082398748 -0.005776256781573091 -0.0010213881153083085 0.005774735859479116 0.9999825253063637 -0.08143236302808532 -0.0027594330560134495 -0.1521013153148516
FixedParameters: 0 0 0
#Transform 108
Transform: MatrixOffsetTransformBase_double_3_3
Parameters: 0.9999982320703568 0.0012914143802383819 0.0014496128819864358 -0.0012805185815160435 0.9999727577115454 -0.007263878750698699 -0.001458422013730945 0.007262112208290469 0.9999719705960622 -0.09680296203060834 0.014953120485131421 -0.19957676537070768
FixedParameters: 0 0 0
#Transform 109
Transform: MatrixOffsetTransformBase_double_3_3
Parameters: 0.9999980738047487 0.0011860659046719136 0.0012323950864013677 -0.001178479411832157 0.9999806283554612 -0.00609447103961383 -0.001240169444552297 0.0060935209057569745 0.9999801710826252 -0.08983500856103888 -0.013003969575393626 -0.17305716065031618
FixedParameters: 0 0 0
#Transform 110
Transform: MatrixOffsetTransformBase_double_3_3
Parameters: 0.9999980797301462 0.0010819180160372235 0.0013226640924183287 -0.0010708267649415016 0.9999637538970568 -0.008437356785597191 -0.0013318697128507895 0.008435649363332548 0.9999639740798139 -0.09816408428966383 -0.00841609205400573 -0.27365106942640693
FixedParameters: 0 0 0
#Transform 111
Transform: MatrixOffsetTransformBase_double_3_3
Parameters: 0.9999982297120377 0.0011036116244697671 0.0012459477670838713 -0.0010964814008608726 0.9999827420795242 -0.005849390049873712 -0.00125218089436052 0.005848615113569364 0.9999820653679625 -0.09317813715128409 -0.03788489253371097 -0.1466358510265593
FixedParameters: 0 0 0
#Transform 112
Transform: MatrixOffsetTransformBase_double_3_3
Parameters: 0.9999985105333206 0.0011647194822354454 0.0010642119481334947 -0.0011571849194026008 0.9999717285798702 -0.007417245582392359 -0.0010727220529389064 0.007415751242376714 0.9999717714512493 -0.10103722492807776 -0.009593108863285238 -0.18727922067778024
FixedParameters: 0 0 0
#Transform 113
Transform: MatrixOffsetTransformBase_double_3_3
