#Insight Transform File V1.0
#Transform 0
Transform: MatrixOffsetTransformBase_double_3_3
Parameters: 0.9999926908416057 0.0000589072586578887 -0.003782075618291412 -0.00006368544642077872 0.9999988264152965 -0.0014331840235456555 0.0037824049504546525 0.0014328178330761526 0.9999917574290281 0.03787249842362428 -0.18947203185567218 -0.3796449627074736
FixedParameters: 0 0 0
#Transform 1
Transform: MatrixOffsetTransformBase_double_3_3
Parameters: 0.9999987313828025 0.0005838987971189542 -0.0013881578728540073 -0.0005834833339111897 0.9999993257832104 0.0005088987215983304 0.0013888334259058472 -0.0005081010612498077 0.9999988884549983 0.00464547164254725 -0.24869063524280932 -0.2921663873205489
FixedParameters: 0 0 0
#Transform 2
Transform: MatrixOffsetTransformBase_double_3_3
Parameters: 0.9999960653810746 0.000309397475690123 -0.002615033000636523 -0.0003141854700876443 0.9999979800305265 -0.0016928503301123637 0.002614645842715904 0.0016941476375869485 0.9999953494556605 0.026126971470390004 -0.18289227651804651 -0.3219005790356988
FixedParameters: 0 0 0
#Transform 3
Transform: MatrixOffsetTransformBase_double_3_3
Parameters: 0.999994793120119 0.00025329130456340845 -0.003338147513624296 -0.00025439095407853905 0.9999997139257828 -0.0003136492512658823 0.003337906162650101 0.0003143507228965531 0.9999948820019344 0.026418048399861505 -0.19791878031168153 -0.3525210347503389
FixedParameters: 0 0 0
#Transform 4
Transform: MatrixOffsetTransformBase_double_3_3
Parameters: 0.999994524011699 -0.00008277637064137903 -0.003386607441349855 0.00008276620967078942 0.999999951767161 -0.0000017836153893141526 0.003386607689826643 0.0000012163681808452509 0.9999945722401063 0.030880840224526196 -0.18657677701135356 -0.41419854317420857
FixedParameters: 0 0 0
#Transform 5
Transform: MatrixOffsetTransformBase_double_3_3
Parameters: 0.9999949202653985 0.00013538792227044485 -0.0031721544243169934 -0.00013873230307633727 0.9999999294023242 -0.0009982315479089426 0.0031716348991387313 0.0009987677638353953 0.9999939968541592 0.03604636436585906 -0.20656877209761149 -0.3843529352836157
FixedParameters: 0 0 0
#Transform 6
Transform: MatrixOffsetTransformBase_double_3_3
Parameters: 0.9999943669147582 0.0002453467552844997 -0.003402121793659373 -0.000249854268736994 0.9999995945309869 -0.001101734596838655 0.0034013302660072914 0.0011022626252834011 0.9999933435711705 0.03795055768230782 -0.1944676113475765 -0.393788267453985
FixedParameters: 0 0 0
#Transform 7
Transform: MatrixOffsetTransformBase_double_3_3
Parameters: 0.9999932205102978 0.00023268200834104726 -0.0035674760474382204 -0.00023531397502972275 0.9999992079698001 -0.0007875804779397255 0.0035668614497299496 0.0007884200429720684 0.9999937706481776 0.028853004106167646 -0.19263477037354448 -0.37552354908571317
FixedParameters: 0 0 0
#Transform 8
Transform: MatrixOffsetTransformBase_double_3_3
Parameters: 0.999994612809521 0.0004125010474907863 -0.0033492010128878184 -0.0004185037703331188 0.9999988851720062 -0.0016521802491117066 0.0033484147201791044 0.001652820042049627 0.9999932661056162 0.02588323061397091 -0.21565240527768026 -0.3621111495996274
FixedParameters: 0 0 0
#Transform 9
Transform: MatrixOffsetTransformBase_double_3_3
Parameters: 0.9999950872542129 0.000013224051970147201 -0.0031481832580408276 -0.000018934220083987132 0.9999984566030996 -0.0018695356544052022 0.0031486281457855604 0.0018694669578795675 0.9999936405624644 0.01853129597398606 -0.1914066017982492 -0.396298939049629
FixedParameters: 0 0 0
#Transform 10
Transform: MatrixOffsetTransformBase_double_3_3
Parameters: 0.9999998574733253 0.0007021591894143886 -0.0008054527932643709 -0.0007025196127363249 0.9999993497062625 -0.00027442741887907796 0.0008060638466875796 0.00027457267850659883 0.9999993570666076 -0.001828533843863056 -0.2647418038830125 -0.329129669451973
FixedParameters: 0 0 0
#Transform 11
Transform: MatrixOffsetTransformBase_double_3_3
Parameters: 0.9999954020497341 0.0002680462134349341 -0.003086533625011169 -0.00027503591687277 0.9999976095991001 -0.0022758219816937514 0.00308572063501315 0.002276178166187373 0.9999924320601986 0.03819319533576504 -0.17955638545129204 -0.37548589193502835
FixedParameters: 0 0 0
#Transform 12
Transform: MatrixOffsetTransformBase_double_3_3
Parameters: 0.9999987762902487 0.0006950966129448835 -0.0013191257889502324 -0.0006964383034816931 0.9999995924372959 -0.0009170756583928019 0.0013187637539983025 0.0009179244453834806 0.9999985002391661 0.0032461977933877506 -0.19625112613391593 -0.35028746744974626
FixedParameters: 0 0 0
#Transform 13
Transform: MatrixOffsetTransformBase_double_3_3
Parameters: 0.999994525816539 0.0003013805955251449 -0.0033737661564283783 -0.00030578691751325906 0.9999992005396223 -0.0012555534117477257 0.003373672435972591 0.0012564453153178223 0.9999931701962843 0.03536390329158223 -0.19860198594811607 -0.3944104237298802
FixedParameters: 0 0 0
#Transform 14
Transform: MatrixOffsetTransformBase_double_3_3
Parameters: 0.999997072354513 0.0006248173192813799 -0.0023533414702295178 -0.0006278352763553268 0.999998196488923 -0.0015052681843751442 0.0023521238543360826 0.0015067321812208129 0.9999963397840261 0.017171638267555522 -0.19478209016236292 -0.3146229142392656
FixedParameters: 0 0 0
#Transform 15
Transform: MatrixOffsetTransformBase_double_3_3
Parameters: 0.9999975624541253 0.0004729097918134849 -0.0022834843190728898 -0.0004761402639347021 0.9999991513802254 -0.0015977482061975967 0.002282636142169115 0.0015992550289721241 0.9999963006543549 0.004734041639849806 -0.17324692241507478 -0.3517235612300169
FixedParameters: 0 0 0
#Transform 16
Transform: MatrixOffsetTransformBase_double_3_3
Parameters: 0.9999983386747762 0.0005371543061545312 -0.0015403855368742174 -0.0005380522598536744 0.9999995510611219 -0.0002910830808908471 0.0015400721144605937 0.0002919159010176253 0.9999986176693171 -0.004893446133038992 -0.178226021048701 -0.3259429027366849
FixedParameters: 0 0 0
#Transform 17
Transform: MatrixOffsetTransformBase_double_3_3
Parameters: 0.9999953934757241 0.0002806168865096146 -0.0030869660101575914 -0.0002844729149110117 0.999999553814316 -0.0011087870511265474 0.003086093509494508 0.0011092113807173593 0.9999943798946468 0.03544146626001066 -0.18012060053041523 -0.3988832570572214
FixedParameters: 0 0 0
#Transform 18
Transform: MatrixOffsetTransformBase_double_3_3
Parameters: 0.9999953069072097 0.00040742486018761903 -0.0030864241037005307 -0.0004105381525824138 0.9999996922564347 -0.0010013978286759762 0.003086355325099755 0.0010026025463353155 0.9999946066371006 0.012683651948179886 -0.174126299308071 -0.321844419257971
FixedParameters: 0 0 0
#Transform 19
Transform: MatrixOffsetTransformBase_double_3_3
Parameters: 0.9999941243706219 0.00037669448793102925 -0.0034255312790223503 -0.0003825590501093288 0.99999869503338 -0.001740278176827273 0.0034247144198453496 0.0017417222099617852 0.999992367152126 0.029630796064310516 -0.1750495708147355 -0.3829495788832986
FixedParameters: 0 0 0
#Transform 20
Transform: MatrixOffsetTransformBase_double_3_3
Parameters: 0.9999992839161781 0.0005652921559092568 -0.0011813500377969358 -0.0005669177172623369 0.9999981230353309 -0.0016002493074562946 0.0011813667663863581 0.0016017501802668282 0.999998034474698 -0.017904721810680257 -0.2054065232709803 -0.33442929154485057
FixedParameters: 0 0 0
#Transform 21
Transform: MatrixOffsetTransformBase_double_3_3
Parameters: 0.9999947962802757 0.0003985063490302003 -0.0031693934949286184 -0.00040386102264140333 0.9999989998356899 -0.001643388631197465 0.003168661344094075 0.001644611523339723 0.9999933909551233 0.020418124981503638 -0.2067716390462664 -0.36147882360805283
FixedParameters: 0 0 0
#Transform 22
Transform: MatrixOffsetTransformBase_double_3_3
Parameters: 0.9999994796736328 0.0006360748372514363 -0.0003397776035953621 -0.0006365229554965151 0.9999999800095217 -0.0007798656920640357 0.00033978161445546377 0.0007801347691224481 0.9999992828637048 -0.021924632287721124 -0.1697701132333549 -0.3289696149457768
FixedParameters: 0 0 0
#Transform 23
Transform: MatrixOffsetTransformBase_double_3_3
Parameters: 0.9999984937940324 0.0005402064013831722 -0.0014880406978046742 -0.0005416112142865211 0.9999992647355317 -0.0011691075918995597 0.0014876082711577088 0.0011698939019599425 0.9999984935936299 -0.004276717817262465 -0.18934333086046706 -0.3435617473403596
FixedParameters: 0 0 0
#Transform 24
Transform: MatrixOffsetTransformBase_double_3_3
Parameters: 0.9999989182699478 0.0005529801210512713 -0.0013326597629337669 -0.000554402328724539 0.9999988958176745 -0.0013121744695864385 0.0013320390824886512 0.0013128266448956538 0.9999985771351498 -0.005490249874071651 -0.14737500109463042 -0.3754981140812106
FixedParameters: 0 0 0
#Transform 25
Transform: MatrixOffsetTransformBase_double_3_3
Parameters: 0.9999998169865726 0.0005887819226071023 -0.0009145214302099777 -0.0005893405852993281 0.999999478013782 -0.00030545429281118863 0.0009141615142800499 0.0003055449273430544 0.9999991523126405 -0.01826042877954137 -0.18354714548630113 -0.31889985098089824
FixedParameters: 0 0 0
#Transform 26
Transform: MatrixOffsetTransformBase_double_3_3
Parameters: 0.9999932500978505 0.0002782137274840335 -0.0035599065213688776 -0.00028535089918597847 0.9999978215041577 -0.001993492779576264 0.003559205836595183 0.001994505641302116 0.9999914764915121 0.027671196912606888 -0.17094733698714037 -0.3556524385889617
FixedParameters: 0 0 0
#Transform 27
Transform: MatrixOffsetTransformBase_double_3_3
Parameters: 0.9999987688168371 0.0005478860456679492 -0.0013895987744341161 -0.0005501547303006199 0.9999981790930922 -0.001563147996428288 0.0013887147463802407 0.0015638501036027014 0.9999977006567019 0.0021972263138962944 -0.1967360739598405 -0.3085096398343836
FixedParameters: 0 0 0
#Transform 28
Transform: MatrixOffsetTransformBase_double_3_3
Parameters: 0.9999992440243306 0.0005638700760726649 -0.0011992495240006936 -0.0005654715853815823 0.9999982545727452 -0.0015332344755198124 0.0011983504373467115 0.0015337650854718582 0.9999982862031254 -0.016132926377110834 -0.16505206062664968 -0.3556335525394587
FixedParameters: 0 0 0
#Transform 29
Transform: MatrixOffsetTransformBase_double_3_3
Parameters: 0.9999987955056386 0.0005483722687336953 -0.0013797733076172792 -0.0005513076641010925 0.9999983230477857 -0.0018161540318187425 0.0013786084962675918 0.0018168474565258552 0.9999978731018001 -0.008687562653705072 -0.20035343583063536 -0.3058754777113961
FixedParameters: 0 0 0
#Transform 30
Transform: MatrixOffsetTransformBase_double_3_3
Parameters: 0.9999985515953344 0.0005405938223819956 -0.0014685785249085703 -0.0005435020025897082 0.9999975635221585 -0.002036121893031387 0.0014671210381403442 0.0020378765136114807 0.9999966893252139 0.007227876732983418 -0.18243969015169625 -0.35707051908372023
FixedParameters: 0 0 0
#Transform 31
Transform: MatrixOffsetTransformBase_double_3_3
Parameters: 0.9999989444150988 0.0006186978839759678 -0.0012934480820939996 -0.0006216343299026832 0.9999977826557531 -0.0019381099789490541 0.0012918764542381128 0.0019388900666049702 0.9999976461839853 -0.015145590412245724 -0.19004298868244973 -0.3237193020373468
FixedParameters: 0 0 0
#Transform 32
Transform: MatrixOffsetTransformBase_double_3_3
Parameters: 0.9999984220949348 0.0008032008970676207 -0.0013902803711569062 -0.0008054873212204781 0.9999974462668866 -0.001956794055218841 0.0013888788174293465 0.001958206213736241 0.9999973122028373 -0.000342024053793466 -0.1594170179167662 -0.3221752308560468
FixedParameters: 0 0 0
#Transform 33
Transform: MatrixOffsetTransformBase_double_3_3
Parameters: 0.9999997929682664 0.0006457405264051216 -0.0008883158100717719 -0.0006480902524222046 0.9999975932819343 -0.0019764177617710987 0.0008876698894851198 0.001976580103216663 0.9999973865761212 -0.0172923346562186 -0.18268398004462938 -0.3052987572764323
FixedParameters: 0 0 0
#Transform 34
Transform: MatrixOffsetTransformBase_double_3_3
Parameters: 0.9999995924256355 0.0008508775934546589 -0.0008269861576681245 -0.0008514000254114908 0.999998647916091 -0.0016202981281772527 0.0008260561611245289 0.001621705097646059 0.9999986892173969 -0.015732448556221357 -0.14841265792890113 -0.313514625764995
FixedParameters: 0 0 0
#Transform 35
Transform: MatrixOffsetTransformBase_double_3_3
Parameters: 0.9999986217007947 0.0006405104575910495 -0.0014027178352406025 -0.0006430009352613944 0.999997463036846 -0.0020120115848017983 0.001401882224141071 0.002012988209639452 0.9999970583389092 -0.02222726196163194 -0.17927093516956916 -0.3253934400909202
FixedParameters: 0 0 0
#Transform 36
Transform: MatrixOffsetTransformBase_double_3_3
Parameters: 0.9999999620013511 0.0008765487287255884 -0.0005193145829206152 -0.0008773630469154316 0.999997605727255 -0.0019035450860328401 0.0005178864685568816 0.001904454666430716 0.9999981058340283 -0.01735270387058563 -0.16236886525366856 -0.3433664316467997
FixedParameters: 0 0 0
#Transform 37
Transform: MatrixOffsetTransformBase_double_3_3
Parameters: 0.9999987788796133 0.0008149232856507342 -0.0012479637662235572 -0.000817200455003685 0.9999975108624922 -0.002176976189130861 0.0012461572697823212 0.0021780249775920912 0.9999967849856123 -0.013663728980432666 -0.22169709517915237 -0.30109939449671685
FixedParameters: 0 0 0
#Transform 38
Transform: MatrixOffsetTransformBase_double_3_3
Parameters: 0.9999989759340676 0.0008218193596498239 -0.0011615708833258437 -0.000824561338664998 0.9999967865350722 -0.002540039426500121 0.0011591357023644265 0.0025409632416582284 0.9999962810845147 -0.014104943461276775 -0.16723969970323083 -0.3148483718577353
FixedParameters: 0 0 0
#Transform 39
Transform: MatrixOffsetTransformBase_double_3_3
Parameters: 0.9999992466003358 0.0006409919462016428 -0.0005859800465284497 -0.0006414498212787097 0.9999978948893401 -0.0021647064629548296 0.0005840363162226148 0.0021652933771127564 0.9999969772489269 -0.027267366689230244 -0.19363748580079232 -0.28884244259162983
FixedParameters: 0 0 0
#Transform 40
Transform: MatrixOffsetTransformBase_double_3_3
Parameters: 0.9999982111699829 0.0007150529107910427 -0.0015088222482033896 -0.0007185928701422448 0.9999967661315987 -0.002575912564008062 0.0015077906110590655 0.002577088373635711 0.9999951683002841 -0.02312980310917112 -0.1876444922987588 -0.38793837574672807
FixedParameters: 0 0 0
#Transform 41
Transform: MatrixOffsetTransformBase_double_3_3
Parameters: 0.9999986346027065 0.000631238904512413 -0.0014025253330578543 -0.0006332533870641785 0.999998398090673 -0.001458024741188016 0.0014015138292978564 0.001458974340834085 0.9999979820641777 -0.01433796526595188 -0.19869180425290267 -0.34287525248274164
FixedParameters: 0 0 0
#Transform 42
Transform: MatrixOffsetTransformBase_double_3_3
Parameters: 0.9999992270911315 0.0008661263665015757 -0.0010113141536984551 -0.0008681171151039343 0.999997953669305 -0.002052119015349338 0.0010095840112866695 0.002052884809466554 0.9999978478892673 -0.014487320931422687 -0.1799841061647669 -0.38923506218510795
FixedParameters: 0 0 0
#Transform 43
Transform: MatrixOffsetTransformBase_double_3_3
Parameters: 0.9999996620409406 0.0006464018466025979 -0.0009591371806630387 -0.0006478332736188165 0.9999988677565876 -0.0013083790137893986 0.0009583577249484952 0.0013096198595378417 0.9999983673214007 -0.02453330391973907 -0.18672916462803357 -0.2522671506703489
FixedParameters: 0 0 0
#Transform 44
Transform: MatrixOffsetTransformBase_double_3_3
Parameters: 0.9999995244846052 0.0007294703546559573 -0.0009711797076543559 -0.000732458922933566 0.9999964325688476 -0.0026512912144390777 0.000969132060199332 0.002652709517760324 0.9999960256761246 -0.03431210609504376 -0.16897593816689493 -0.28939034332539393
FixedParameters: 0 0 0
#Transform 45
Transform: MatrixOffsetTransformBase_double_3_3
Parameters: 0.9999998983730544 0.0008861917335856458 -0.0005627904461545714 -0.0008866665892921523 0.9999983043177696 -0.0013815011168702845 0.0005612550535290539 0.0013824975042003584 0.9999987742063707 -0.03481410056210166 -0.1947965905725937 -0.25380114290842926
FixedParameters: 0 0 0
#Transform 46
Transform: MatrixOffsetTransformBase_double_3_3
Parameters: 0.9999988187578266 0.0007645746498434465 -0.001263674775278059 -0.0007666003436007426 0.9999971343685476 -0.0020499445197064287 0.0012622825550081037 0.002051055118133624 0.9999972752763505 -0.023558832487097447 -0.15385408549441593 -0.3366459111731501
FixedParameters: 0 0 0
#Transform 47
Transform: MatrixOffsetTransformBase_double_3_3
Parameters: 0.9999992830029039 0.0008118131923330224 -0.00024038216395284927 -0.0008123419041603118 0.9999987199989875 -0.0012728052103495036 0.00023931125040368826 0.0012731947593060955 0.9999993219439971 -0.03730418806399882 -0.18533809522240574 -0.2515425759019507
FixedParameters: 0 0 0
#Transform 48
Transform: MatrixOffsetTransformBase_double_3_3
Parameters: 0.9999996471048771 0.0007713801680138121 -0.0008710608814853385 -0.0007732873574536935 0.9999970800167381 -0.0022893214415779795 0.0008683571181720807 0.002289678283226612 0.9999970834509363 -0.0225354678012053 -0.18947374880839618 -0.3201289641814924
FixedParameters: 0 0 0
#Transform 49
Transform: MatrixOffsetTransformBase_double_3_3
Parameters: 0.9999991294076903 0.0007709020596641861 -0.0005259779476726859 -0.0007711738775077888 0.999998754273291 -0.0012845948272963842 0.0005249110773942569 0.0012854051036295944 0.9999990726823155 -0.029071229546346444 -0.1886069747861967 -0.26621657108169927
FixedParameters: 0 0 0
#Transform 50
Transform: MatrixOffsetTransformBase_double_3_3
Parameters: 0.9999993732955081 0.0008761560414485773 -0.0009269591953586817 -0.0008779963544501005 0.9999974899406593 -0.0021581823135862627 0.0009250022492393091 0.0021588200544656044 0.9999975650907202 -0.01501956237837021 -0.19669338872681408 -0.3431641183361336
FixedParameters: 0 0 0
#Transform 51
Transform: MatrixOffsetTransformBase_double_3_3
Parameters: 0.9999989517694965 0.0009161606013977369 -0.0004576571833694945 -0.0009160908537393158 0.9999988613361811 -0.0011035748936594758 0.00045654999090713423 0.00110342585040267 0.999999655006649 -0.03614738062806566 -0.17413711672506338 -0.2729416372317104
FixedParameters: 0 0 0
#Transform 52
Transform: MatrixOffsetTransformBase_double_3_3
Parameters: 0.9999981710607018 0.00045347423222002147 -0.0016195932134570178 -0.0004593029338905306 0.9999943062800775 -0.0033891795630739685 0.0016180824673830017 0.0033908205349904297 0.9999928804982654 -0.023765932581795823 -0.17671954697426884 -0.37070447653090355
FixedParameters: 0 0 0
#Transform 53
Transform: MatrixOffsetTransformBase_double_3_3
Parameters: 1.0000000898248411 0.0009408481461892967 -0.00016052095384929113 -0.0009403219115350616 0.99999716712618 -0.0019868491615125383 0.00015869440205053625 0.0019871494104119064 0.9999980263537956 -0.03920836374449266 -0.16398062026100035 -0.19309598454421462
FixedParameters: 0 0 0
#Transform 54
Transform: MatrixOffsetTransformBase_double_3_3
Parameters: 0.9999996917278557 0.0008939182218147626 -0.0007140092362057716 -0.0008953039083548396 0.9999969335696682 -0.002485437737715368 0.000711391514839983 0.002485563020408754 0.9999964027129347 -0.03524906526332927 -0.17858932925065574 -0.3001396039481392
FixedParameters: 0 0 0
#Transform 55
Transform: MatrixOffsetTransformBase_double_3_3
Parameters: 1.0000000877122956 0.0009397391139937242 -0.00017303688056036513 -0.0009394642292356894 0.9999964488601005 -0.0025809199744028927 0.00017009798462796761 0.0025810790583275095 0.9999963157073324 -0.04895157169764275 -0.16652544035744654 -0.31162754940545767
FixedParameters: 0 0 0
#Transform 56
Transform: MatrixOffsetTransformBase_double_3_3
Parameters: 0.999999196570804 0.0007689455295582376 -0.0011008972620190018 -0.0007709202506287949 0.9999984003833147 -0.0013871446852091879 0.0010996753963623531 0.0013878524089644823 0.9999979458757846 -0.029645970306802383 -0.17635326775103977 -0.2563341038838729
FixedParameters: 0 0 0
#Transform 57
Transform: MatrixOffsetTransformBase_double_3_3
Parameters: 0.9999990870343554 0.0007628108045049163 -0.0005759178617706833 -0.0007641758709810472 0.9999949380961375 -0.0030655550308026636 0.0005730662666678309 0.0030654457028648774 0.9999953543070187 -0.02554466071069328 -0.13868177017528183 -0.31741241467365455
FixedParameters: 0 0 0
#Transform 58
Transform: MatrixOffsetTransformBase_double_3_3
Parameters: 0.999999095324099 0.0009447300137614733 -0.0001142015718889196 -0.0009441405444406756 0.9999966902890847 -0.002531975331716979 0.00011133027781115626 0.0025320250055163585 0.9999965829626657 -0.021614027474996078 -0.17217912199187424 -0.12542357347732036
FixedParameters: 0 0 0
#Transform 59
Transform: MatrixOffsetTransformBase_double_3_3
Parameters: 0.9999993456467389 0.00045216209351121135 -0.0012042777038381446 -0.0004587777041620822 0.999983706748329 -0.005751452762080236 0.0012014542713373365 0.0057525485112791125 0.9999824673086989 0.0020985098202004338 -0.1078839625684509 -0.26542847800787683
FixedParameters: 0 0 0
#Transform 60
Transform: MatrixOffsetTransformBase_double_3_3
Parameters: 0.9999997562337901 0.0004904255792113261 0.000054357699888957175 -0.0004908857810815437 0.999994280672997 -0.003388028449810926 -0.00005560717733245127 0.0033879744955725016 0.9999945183956087 -0.03970900469654737 -0.15092108689836436 -0.2175285844493544
FixedParameters: 0 0 0
#Transform 61
Transform: MatrixOffsetTransformBase_double_3_3
Parameters: 0.9999960678558963 0.00008208504475398757 -0.002987372497321562 -0.00008690667336024024 0.9999986201778859 -0.001821415539726201 0.0029875696854272465 0.0018215871294689767 0.9999938119281286 0.010594176376940823 -0.1836813826975714 -0.4584596967094541
FixedParameters: 0 0 0
#Transform 62
Transform: MatrixOffsetTransformBase_double_3_3
Parameters: 0.9999997354347161 0.0007436869758775185 -0.0008435400805118493 -0.0007452003696007675 0.9999976226230296 -0.002177367420387724 0.0008421274222733491 0.0021776357331369373 0.9999976297782096 0.022129413662540287 -0.16947305228266885 -0.561129657902157
FixedParameters: 0 0 0
#Transform 63
Transform: MatrixOffsetTransformBase_double_3_3
Parameters: 0.9999992349511089 0.0005911801624314162 -0.0006446734070628043 -0.0005922375900686344 0.9999989009111202 -0.0016576202740038598 0.0006436259967446614 0.0016583825735187602 0.9999988361027411 -0.001269288619923259 -0.24161108876619153 -0.5920159685999664
FixedParameters: 0 0 0
#Transform 64
Transform: MatrixOffsetTransformBase_double_3_3
Parameters: 0.9999993438914402 0.0006325958169091273 -0.0005061146021722569 -0.0006338891253393293 0.9999970858891111 -0.0023476803223269616 0.0005040555878670359 0.0023483200070080756 0.9999972317765083 -0.026628839001972437 -0.21641996775991856 -0.5862281024621581
FixedParameters: 0 0 0
#Transform 65
Transform: MatrixOffsetTransformBase_double_3_3
Parameters: 0.9999995698334665 0.0009461640535918746 -0.0007321193549317019 -0.0009474839765174333 0.9999943815729682 -0.00311730719513284 0.0007289590403752455 0.003118690582274819 0.9999947443654879 -0.015233969192934183 -0.1461837358391449 -0.5365720602756738
FixedParameters: 0 0 0
#Transform 66
Transform: MatrixOffsetTransformBase_double_3_3
Parameters: 0.9999951776369169 0.00019395014325829842 -0.003127787878236994 -0.00020281494808021267 0.9999956854580571 -0.0030360467829681215 0.003127756986466129 0.00303695451046819 0.999990051422974 0.033443455823729096 -0.1547954550732129 -0.45690863189467734
FixedParameters: 0 0 0
#Transform 67
Transform: MatrixOffsetTransformBase_double_3_3
Parameters: 0.9999959349286113 0.00012058478000821158 -0.0028373477083531284 -0.00012729739951625814 0.9999961568022718 -0.0026023138443056065 0.00283704372205722 0.0026026838693751636 0.9999922320698679 0.01760089702162304 -0.1997395062188474 -0.46215989483746966
FixedParameters: 0 0 0
#Transform 68
Transform: MatrixOffsetTransformBase_double_3_3
Parameters: 0.9999987868348141 0.00080211254414701 -0.0012529367173243944 -0.0008061870713723804 0.9999942591993166 -0.003317986460868616 0.0012502617160142255 0.00331901284253569 0.9999935026805253 0.02014090418853698 -0.15307040966378338 -0.5471514343663273
FixedParameters: 0 0 0
#Transform 69
Transform: MatrixOffsetTransformBase_double_3_3
Parameters: 0.9999996986467538 0.0007939854863200353 -0.0008187864745767535 -0.0007974047757577213 0.9999933883136934 -0.003460347169578798 0.0008161046913868506 0.0034616480498832897 0.9999933532283563 -0.002276823978050402 -0.15868106481465816 -0.526003315379171
FixedParameters: 0 0 0
#Transform 70
Transform: MatrixOffsetTransformBase_double_3_3
Parameters: 0.999999166122148 0.0004920837175638616 -0.0012616190757173884 -0.0004966324717451065 0.9999938597793274 -0.0034492955614447707 0.0012598735118582304 0.00345070541325998 0.9999935012580765 -0.01588553038409657 -0.16846568130512196 -0.4767900766033364
FixedParameters: 0 0 0
#Transform 71
Transform: MatrixOffsetTransformBase_double_3_3
Parameters: 0.9999994262516461 0.0006533931412553721 -0.000383678947932801 -0.0006543441251965579 0.9999910892933205 -0.004171744724606075 0.0003810497322730816 0.004171258185955623 0.9999915339655696 -0.014147540272361425 -0.14725187889482072 -0.5205612472588541
FixedParameters: 0 0 0
#Transform 72
Transform: MatrixOffsetTransformBase_double_3_3
Parameters: 0.9999972028622366 0.0004786551283751418 -0.002137233881288859 -0.0004844360603660515 0.9999959129629272 -0.0027898007802579505 0.002136048009819345 0.0027911986481397033 0.9999937160713356 0.003457737522893467 -0.17657804464921867 -0.45063878080853215
FixedParameters: 0 0 0
#Transform 73
Transform: MatrixOffsetTransformBase_double_3_3
Parameters: 0.9999942024802719 0.00031116838110026963 -0.0032709092130600173 -0.0003189407044322287 0.9999968563354881 -0.0024315473955471567 0.003270714549884446 0.0024324518564525777 0.999991516849078 0.022146932542597142 -0.18250149088474643 -0.388968242920555
FixedParameters: 0 0 0
#Transform 74
Transform: MatrixOffsetTransformBase_double_3_3
Parameters: 0.9999978749179246 0.0004160801196766208 -0.0019882896173938477 -0.0004241012676240332 0.9999901230186482 -0.004315992626192339 0.001985918776588252 0.004317002246568058 0.9999884873651818 0.012587215280674968 -0.13728246295153212 -0.4531568287932828
FixedParameters: 0 0 0
#Transform 75
Transform: MatrixOffsetTransformBase_double_3_3
Parameters: 0.9999990245268322 0.0005153049719780925 -0.0008425436220812924 -0.0005182403358162363 0.9999906023026728 -0.004257562802960052 0.0008408049262477296 0.004258432715333313 0.9999901609421118 -0.017678892988101325 -0.15832177295719418 -0.348036138441401
FixedParameters: 0 0 0
#Transform 76
Transform: MatrixOffsetTransformBase_double_3_3
Parameters: 0.999997947839076 0.0003497526696014645 -0.001982437066221928 -0.0003578792175748369 0.9999919610609775 -0.004103211017768907 0.001980871050500485 0.004103790061099441 0.9999893091735801 0.0034492215726231734 -0.148747618330745 -0.4225600812682302
FixedParameters: 0 0 0
#Transform 77
Transform: MatrixOffsetTransformBase_double_3_3
Parameters: 0.9999995756898176 0.0005589776957076807 -0.00033490982752258186 -0.0005601366999737152 0.9999867276996958 -0.0050948126122565135 0.0003320339364335626 0.005095185807834884 0.9999869296057162 -0.02268551957274667 -0.1599898764989831 -0.3017181472287689
FixedParameters: 0 0 0
#Transform 78
Transform: MatrixOffsetTransformBase_double_3_3
Parameters: 0.9999993814878579 0.0004864921662606154 -0.001175314295978054 -0.0004913228935777262 0.9999903461223872 -0.004282336990847291 0.001173707007012587 0.004282662203387175 0.9999903555735774 -0.01011677825066215 -0.1592666870927104 -0.4016988466397464
FixedParameters: 0 0 0
#Transform 79
Transform: MatrixOffsetTransformBase_double_3_3
Parameters: 0.9999998247018744 0.0005036684958804594 -0.0009599263876696155 -0.0005086295537246428 0.999982211088133 -0.0058764327963753 0.0009574719855486726 0.00587756661865213 0.9999825347426586 -0.026802863994944914 -0.09600297045787443 -0.3826050308792759
FixedParameters: 0 0 0
#Transform 80
Transform: MatrixOffsetTransformBase_double_3_3
Parameters: 0.9999977799379766 0.0003940968184653383 -0.002250188635049237 -0.0004029105965931615 0.9999916351704284 -0.004006924409819715 0.0022492474848495193 0.004007070964788945 0.9999890325176377 0.0004978631234848763 -0.15304854777845378 -0.391143937408188
FixedParameters: 0 0 0
#Transform 81
Transform: MatrixOffsetTransformBase_double_3_3
Parameters: 0.9999996823865468 0.0004985009065348001 -0.001033954810316255 -0.0005025833095936097 0.9999894430080034 -0.004506401783706315 0.0010320231211907798 0.004507599223512321 0.9999896130565912 -0.018319444813656105 -0.1310087344372164 -0.2982331847185975
FixedParameters: 0 0 0
#Transform 82
Transform: MatrixOffsetTransformBase_double_3_3
Parameters: 0.9999991601115084 0.00035355681043546135 -0.0013099300306857165 -0.0003573119296493312 0.9999945234682132 -0.003368534134979298 0.001308122047578013 0.0033694646852233112 0.9999929362508677 -0.007764002992416863 -0.16643011739549252 -0.2976564441377434
FixedParameters: 0 0 0
#Transform 83
Transform: MatrixOffsetTransformBase_double_3_3
Parameters: 0.9999993393192507 0.0004848172076863845 -0.0011942578117379702 -0.0004899605590142273 0.9999901671081778 -0.004312334913450441 0.001191637150018005 0.004313661106156039 0.9999899681021954 -0.006060567988342314 -0.12446926426599703 -0.24799314010979856
FixedParameters: 0 0 0
#Transform 84
Transform: MatrixOffsetTransformBase_double_3_3
Parameters: 0.9999995612158593 0.0004931160830515863 -0.0010938201323610142 -0.0004982125524154116 0.9999887741714814 -0.004688378132162524 0.0010907553369615638 0.00468962428321619 0.999988813333868 -0.0068340661555481574 -0.1351745987436317 -0.2436839448241983
FixedParameters: 0 0 0
#Transform 85
Transform: MatrixOffsetTransformBase_double_3_3
Parameters: 0.999999757597489 0.0005003141694649255 -0.0009958847992702045 -0.0005060848433076759 0.9999818772312692 -0.006071502861466294 0.0009932688126118683 0.006072503811051497 0.9999811412552979 -0.008192712170611571 -0.09694127564672783 -0.25780459449499915
FixedParameters: 0 0 0
#Transform 86
Transform: MatrixOffsetTransformBase_double_3_3
Parameters: 0.9999975385205189 0.000024235387908821168 -0.0023368294708231985 -0.000035019655693514795 0.9999900681614625 -0.004457680417022519 0.0023367425949777244 0.004457322288881682 0.9999877314830155 0.022329490088878856 -0.16833546438174096 -0.22645560094026962
FixedParameters: 0 0 0
#Transform 87
Transform: MatrixOffsetTransformBase_double_3_3
Parameters: 0.9999993387486062 0.000484406568915543 -0.0011944250663875817 -0.0004892963796525934 0.9999890818987938 -0.004656340019412633 0.0011923887866003254 0.004657665375707179 0.999988881273934 -0.013780784881362251 -0.12452285724329215 -0.24029035912326435
FixedParameters: 0 0 0
#Transform 88
Transform: MatrixOffsetTransformBase_double_3_3
Parameters: 0.9999984738204218 0.00042884985916777216 -0.0018281528679958132 -0.00043763728284115116 0.9999874734908786 -0.004926038411383185 0.0018261365559843967 0.004926961699246016 0.9999864591872873 0.012950882981414225 -0.1561493163027734 -0.25678618938630393
FixedParameters: 0 0 0
#Transform 89
Transform: MatrixOffsetTransformBase_double_3_3
Parameters: 0.9999990932622795 0.00033917364741674035 -0.0008897385478658024 -0.0003434416777983126 0.9999884698622327 -0.0047346155077378355 0.0008881718645415153 0.004735385652672119 0.9999887826831737 -0.008072165421282307 -0.13855273140340785 -0.27378673436022893
FixedParameters: 0 0 0
#Transform 90
Transform: MatrixOffsetTransformBase_double_3_3
Parameters: 0.9999988981287483 0.00037196009012728406 -0.0014015011183071064 -0.00037806096769524945 0.9999884350301588 -0.004727384845416557 0.0013993750744235671 0.004727611964923731 0.9999877643280837 -0.002337270240559519 -0.15667507390713808 -0.24781100840492343
FixedParameters: 0 0 0
#Transform 91
Transform: MatrixOffsetTransformBase_double_3_3
Parameters: 0.9999993393292438 0.00048349285013783033 -0.0011947943203134569 -0.0004892115189571806 0.9999853651500774 -0.005421418754536958 0.001191936615567047 0.00542257955588589 0.9999841775641283 -0.007047817421735658 -0.12661413703384028 -0.31661040658511297
FixedParameters: 0 0 0
#Transform 92
Transform: MatrixOffsetTransformBase_double_3_3
Parameters: 0.9999963093294904 -0.00020013476549895674 -0.002766044038575908 0.00018851917031899 0.9999908328517697 -0.004261211179152652 0.0027667168395015024 0.00426078931349666 0.9999871639989726 0.02383291942157939 -0.17696370522884308 -0.32481085074910254
FixedParameters: 0 0 0
#Transform 93
Transform: MatrixOffsetTransformBase_double_3_3
Parameters: 0.9999990497576386 0.0005162177702407065 -0.000826895413901038 -0.0005199495995083892 0.9999883932694804 -0.0048225669266374754 0.0008245606261951705 0.004822435951883114 0.9999881431802581 -0.005409457594879541 -0.15931511774611806 -0.34242909872905614
FixedParameters: 0 0 0
#Transform 94
Transform: MatrixOffsetTransformBase_double_3_3
Parameters: 0.999997999494127 0.0005594632557701449 -0.0019202488423385022 -0.0005647545293809043 0.9999961344412879 -0.002718824808571718 0.001918775670713214 0.00271917294564801 0.9999940790952425 0.020871384674407523 -0.19291311093556374 -0.30809221682122256
FixedParameters: 0 0 0
#Transform 95
Transform: MatrixOffsetTransformBase_double_3_3
Parameters: 0.9999945505626473 0.00031251960740313504 -0.0032174159996033918 -0.00032344771824566225 0.9999940178782988 -0.0034275555813593483 0.003216327843294463 0.0034284449037257914 0.9999890301842104 0.026831507411785083 -0.13712893739079846 -0.39405698699255254
FixedParameters: 0 0 0
#Transform 96
Transform: MatrixOffsetTransformBase_double_3_3
Parameters: 0.999999660355165 0.0004990745185907662 -0.0010441861257397182 -0.0005022821287899432 0.9999954589906292 -0.0030474776867001063 0.0010428814430253007 0.0030485226389800474 0.9999946207062812 -0.0024259174049490184 -0.1879545778596139 -0.3044825435396916
FixedParameters: 0 0 0
#Transform 97
Transform: MatrixOffsetTransformBase_double_3_3
Parameters: 0.9999996802342442 0.0005000164149786258 -0.0010341786763041106 -0.0005029803313872944 0.9999959081677461 -0.002959476788562926 0.0010329577615956927 0.002959526883210342 0.9999952547311876 -0.006458619757552242 -0.15487558359635045 -0.31587663090613205
FixedParameters: 0 0 0
#Transform 98
Transform: MatrixOffsetTransformBase_double_3_3
Parameters: 0.9999990815161067 0.0005186910967611635 -0.0008055543208831651 -0.0005219150309580253 0.9999916250535609 -0.004012579150194165 0.0008041224513607939 0.004013416673476683 0.9999912480042897 -0.023182231204117443 -0.19012284849824823 -0.2663504643649759
FixedParameters: 0 0 0
#Transform 99
Transform: MatrixOffsetTransformBase_double_3_3
Parameters: 0.9999995919770696 0.000493091420795579 -0.0010794818712165264 -0.0004996183663628249 0.9999827542433616 -0.005915466590154003 0.0010761072196665753 0.0059165365394589775 0.9999818389662789 -0.0070241985227426085 -0.11427710456997886 -0.2646914674070615
FixedParameters: 0 0 0
#Transform 100
Transform: MatrixOffsetTransformBase_double_3_3
Parameters: 0.999998094726782 -0.00019248808295039047 -0.0019667261229031046 0.00018315736691708247 0.9999906356218847 -0.004398208582025942 0.0019677227152109103 0.004397796250365321 0.9999887740510575 0.01818378745991822 -0.1539402802207377 -0.24959633717469387
FixedParameters: 0 0 0
#Transform 101
Transform: MatrixOffsetTransformBase_double_3_3
Parameters: 0.9999996589387438 0.0004978290745624398 -0.0010457357461602804 -0.0005023646618444852 0.9999914608558828 -0.004157477615056859 0.0010432424385478248 0.004158522312980306 0.9999906199942291 -0.006127793206800902 -0.15665770185846384 -0.416397546596059
FixedParameters: 0 0 0
#Transform 102
Transform: MatrixOffsetTransformBase_double_3_3
Parameters: 0.9999999594602188 0.0005130594150527749 -0.0008816983308663039 -0.0005150088693137067 0.9999953556440959 -0.0028954660300486434 0.0008804684982029887 0.0028965351715918575 0.9999958301413407 -0.012508880562165814 -0.1889813666219453 -0.32391656669118163
FixedParameters: 0 0 0
#Transform 103
Transform: MatrixOffsetTransformBase_double_3_3
Parameters: 0.9999989118737626 0.0005076533777640696 -0.0009112914125949964 -0.0005126737022089358 0.9999809886886583 -0.006224540578880403 0.0009084347342814431 0.00622546894569026 0.9999804211040094 -0.006915447331252267 -0.1218956107420297 -0.3022702569203375
FixedParameters: 0 0 0
#Transform 104
Transform: MatrixOffsetTransformBase_double_3_3
Parameters: 0.999999214070448 0.00022093038852504738 -0.0013184988706022804 -0.00022462728041194163 0.9999953752606324 -0.0029156169093743634 0.001316872086841887 0.0029153807714366042 0.9999948384926138 -0.008491351900588029 -0.16930997336186238 -0.2805445369252624
FixedParameters: 0 0 0
#Transform 105
Transform: MatrixOffsetTransformBase_double_3_3
Parameters: 0.9999995848895326 0.0003126447932636622 -0.0005636752639279599 -0.00031526497205718615 0.9999816968226998 -0.0060168210613673195 0.0005615626130124679 0.006017174338880146 0.9999814788536714 -0.028434339212694226 -0.128945074151531 -0.32885697049559326
FixedParameters: 0 0 0
#Transform 106
Transform: MatrixOffsetTransformBase_double_3_3
Parameters: 0.9999989538833537 0.0004724016030467292 -0.0013502807604466988 -0.0004766505841938238 0.999993578989577 -0.003481271071121367 0.0013485602056238562 0.0034817285000518644 0.9999931331249998 -0.022600788236616154 -0.17993641789905723 -0.2413563187611487
FixedParameters: 0 0 0
#Transform 107
Transform: MatrixOffsetTransformBase_double_3_3
Parameters: 0.9999987278202219 0.0002457332528589729 -0.0014872253500287963 -0.00025434614413602106 0.9999842019628404 -0.005633547152379667 0.0014857456419984103 0.00563445384727293 0.9999830414000384 -0.0026063303942578386 -0.0883843067716441 -0.3198323868533066
FixedParameters: 0 0 0
#Transform 108
Transform: MatrixOffsetTransformBase_double_3_3
Parameters: 0.9999984654758209 0.0002615786717832776 -0.001570148188007199 -0.0002669253493771002 0.9999934632212146 -0.0036594983950562904 0.001569715767823077 0.0036595048657431795 0.9999922182556001 -0.002413625483143278 -0.1654691035782605 -0.24511950811134398
FixedParameters: 0 0 0
#Transform 109
Transform: MatrixOffsetTransformBase_double_3_3
Parameters: 0.9999997157065141 0.0004995787607476826 -0.0010172106696195833 -0.0005042918158949623 0.99998772970105 -0.0048924806243716285 0.0010148794260740476 0.004892514036207496 0.9999871126174124 -0.02395496631241656 -0.12160319702771005 -0.3474409297777328
FixedParameters: 0 0 0
#Transform 110
Transform: MatrixOffsetTransformBase_double_3_3
Parameters: 0.9999991954189424 0.0004803072963530461 -0.0012547444717265334 -0.0004844768361084636 0.9999928873475121 -0.003715308168301637 0.0012527433830106546 0.0037156945189345952 0.9999926980733729 -0.017985866768754022 -0.16584759268614846 -0.24103717168269156
FixedParameters: 0 0 0
#Transform 111
Transform: MatrixOffsetTransformBase_double_3_3
Parameters: 0.9999993439221327 0.00048327629229940315 -0.0011929613286511991 -0.0004897560948684038 0.9999836130933651 -0.0057504143821246745 0.0011897821960197505 0.005750587064058871 0.9999825937459551 -0.005926723140177614 -0.12118805347614625 -0.35246184084199683
FixedParameters: 0 0 0
#Transform 112
Transform: MatrixOffsetTransformBase_double_3_3
Parameters: 0.9999992664357624 0.0005286345000863283 -0.0006742154333841892 -0.0005327649551818171 0.9999810295352519 -0.006219648956708276 0.0006702756063503938 0.006220362487092457 0.9999808592671059 -0.025915356608607 -0.12990137461937934 -0.22754957860119873
FixedParameters: 0 0 0
#Transform 113
Transform: MatrixOffsetTransformBase_double_3_3
Parameters: 0.9999995708596208 0.00023495170871962442 -0.0011721674958482702 -0.00024167580654211048 0.9999828444060427 -0.005917715817726599 0.001170766735239572 0.005917287603667734 0.9999816921830363 -0.025532825374327217 -0.1137573915020198 -0.22580704239048544
FixedParameters: 0 0 0
#Transform 114
