#Insight Transform File V1.0
#Transform 0
Transform: MatrixOffsetTransformBase_double_3_3
Parameters: 0.9999986781125856 0.0010376101241925417 -0.0011155862444238633 -0.001041832730092895 0.9999933824392363 -0.003383832875334003 0.0011122890815921666 0.0033851626827510195 0.9999933859291588 -0.0004457582364238988 -0.19181344767125097 -0.11835699274325862
FixedParameters: 0 0 0
#Transform 1
Transform: MatrixOffsetTransformBase_double_3_3
Parameters: 0.9999964723332503 0.00042834571765670143 -0.002519031279962906 -0.0004338631014027558 0.9999973855439352 -0.0022986572071096445 0.002517554061722594 0.0022993453413292647 0.9999945159503703 0.016939711356698695 -0.17434912520769785 -0.14132572325989656
FixedParameters: 0 0 0
#Transform 2
Transform: MatrixOffsetTransformBase_double_3_3
Parameters: 0.9999995954992493 0.0008409505805334297 -0.0008348563077507725 -0.0008452296750314928 0.9999894092459286 -0.004560293121252973 0.0008309071738706086 0.004560710946180949 0.9999895896834723 0.007027732150618249 -0.12865816102011252 -0.16124542312395818
FixedParameters: 0 0 0
#Transform 3
Transform: MatrixOffsetTransformBase_double_3_3
Parameters: 0.9999991018344658 0.0006422892719176872 -0.001218995420282579 -0.0006443843418385428 0.9999985752178332 -0.0017112096168601376 0.0012176260364749536 0.001711790614944697 0.9999976681447599 -0.01407989584902225 -0.19337722733448004 -0.17500025034104283
FixedParameters: 0 0 0
#Transform 4
Transform: MatrixOffsetTransformBase_double_3_3
Parameters: 0.9999990304141136 0.00031443062260893824 -0.0009332680827902597 -0.0003178716516521639 0.9999937059513445 -0.0034917026622531405 0.0009318108957861169 0.003492292312562373 0.99999293627217 -0.01834573482589974 -0.1447953866914844 -0.27219814932878705
FixedParameters: 0 0 0
#Transform 5
Transform: MatrixOffsetTransformBase_double_3_3
Parameters: 0.9999990764431571 0.00045104610412100086 -0.0013116860717147163 -0.0004541556041733016 0.9999971623830368 -0.002357319313375919 0.0013103028757133993 0.0023576827839449505 0.9999967984221033 -0.0023166272929557863 -0.18197040229908623 -0.3075693592518718
FixedParameters: 0 0 0
#Transform 6
Transform: MatrixOffsetTransformBase_double_3_3
Parameters: 0.9999957104954845 0.0004579930919553387 -0.0028427263029528007 -0.00046538770657433983 0.9999971269579359 -0.002366354064218562 0.0028410451927461866 0.0023686449549388533 0.9999933733889358 0.030241962448769755 -0.17774393417059287 -0.28530087058818765
FixedParameters: 0 0 0
#Transform 7
Transform: MatrixOffsetTransformBase_double_3_3
Parameters: 0.9999986691862557 0.0005482657533523129 -0.001425073911865189 -0.0005510151327910544 0.999997447047261 -0.0020431280690386966 0.001423578349023111 0.0020438705610281854 0.999996870343781 0.00022682832128850805 -0.19657449108403569 -0.2984213662216604
FixedParameters: 0 0 0
#Transform 8
Transform: MatrixOffsetTransformBase_double_3_3
Parameters: 0.9999952093089777 0.00036453492866134294 -0.0029421477749825868 -0.0003708102510651726 0.9999975299237924 -0.0022795798871367845 0.0029418908889553624 0.0022804234515158422 0.9999932825411669 0.023580739131077166 -0.17897206452784076 -0.23805878396007074
FixedParameters: 0 0 0
#Transform 9
Transform: MatrixOffsetTransformBase_double_3_3
Parameters: 0.9999967808327731 0.0005394176900109573 -0.00263231597843931 -0.0005470163130382554 0.9999956215879765 -0.0029893138006674425 0.0026304052935452863 0.002990689444699157 0.9999922789628104 0.029805800247217462 -0.17790320503753776 -0.28118323096722975
FixedParameters: 0 0 0
#Transform 10
Transform: MatrixOffsetTransformBase_double_3_3
Parameters: 0.9999933582040986 -0.00010230615857199183 -0.0036921116710167392 0.0001014269888028207 0.9999998852989178 -0.0003888055015822678 0.0036920270463560623 0.0003891965893720317 0.9999931702615906 0.04397091462722358 -0.25748739240839313 -0.25116202781538277
FixedParameters: 0 0 0
#Transform 11
Transform: MatrixOffsetTransformBase_double_3_3
Parameters: 0.9999928236825916 0.0002679047676534287 -0.0038867918507697304 -0.0002801061287383412 0.9999958624554343 -0.0029903503017010558 0.003885248049913756 0.002991650038794133 0.9999880689562433 0.02559724139130992 -0.18928385055649244 -0.3497926687782069
FixedParameters: 0 0 0
#Transform 12
Transform: MatrixOffsetTransformBase_double_3_3
Parameters: 0.9999956495455206 0.0003731856807931798 -0.0030351146851809447 -0.00038005120439104544 0.999997191487724 -0.0021294342621074047 0.00303401529116001 0.0021305635027077247 0.9999933842312348 0.014843452054989825 -0.1823319936908092 -0.2708264748142568
FixedParameters: 0 0 0
#Transform 13
Transform: MatrixOffsetTransformBase_double_3_3
Parameters: 0.9999992994015702 0.000821182142210993 -0.00016119559924707795 -0.0008222265491637303 0.9999919317059444 -0.004047951607365638 0.00015753296197522923 0.004048050184488616 0.9999915949405067 -0.02557945429654751 -0.1973626075663617 -0.20286038743851975
FixedParameters: 0 0 0
#Transform 14
Transform: MatrixOffsetTransformBase_double_3_3
Parameters: 0.9999985351580665 0.0005920677900273181 -0.0014538414712784809 -0.0005968026856122999 0.9999938170403525 -0.003428048235325193 0.0014523456363194891 0.00342895253458865 0.9999932088069851 -0.007842610060848187 -0.1696926409861419 -0.24532076126453717
FixedParameters: 0 0 0
#Transform 15
Transform: MatrixOffsetTransformBase_double_3_3
Parameters: 0.9999989083822288 0.0006924577269149272 -0.001616010119553803 -0.0006964986640393326 0.9999974015464721 -0.0022267839048935173 0.0016146643693876533 0.0022272177212556976 0.9999965877543542 -0.009173734429808178 -0.1943903976839323 -0.2653329734493042
FixedParameters: 0 0 0
#Transform 16
Transform: MatrixOffsetTransformBase_double_3_3
Parameters: 0.9999994919145243 0.0006282925250090048 -0.001055687137328806 -0.0006301129842872235 0.9999971423502266 -0.0023193295216302062 0.0010535190817065323 0.0023196700701284406 0.9999965893862347 -0.021578266148267744 -0.18186503239216734 -0.3118988324461043
FixedParameters: 0 0 0
#Transform 17
Transform: MatrixOffsetTransformBase_double_3_3
Parameters: 0.9999992904510019 0.0006241898197583634 -0.0005657670415314443 -0.0006243277492000164 0.9999993719361492 -0.0010756409690906438 0.0005653389589587146 0.0010753604996060484 0.9999996051119073 -0.024848807463996536 -0.1818975205431883 -0.23814402363655063
FixedParameters: 0 0 0
#Transform 18
Transform: MatrixOffsetTransformBase_double_3_3
Parameters: 0.9999991446470107 0.0008913587302949603 -0.0002456031839650696 -0.0008925871898526102 0.9999951080982147 -0.003015783503007033 0.00024321270103450977 0.0030162195157374116 0.9999958439824517 -0.024309859564866088 -0.1960661109009294 -0.30989693428104204
FixedParameters: 0 0 0
#Transform 19
Transform: MatrixOffsetTransformBase_double_3_3
Parameters: 0.9999940953915097 0.00018261631716049608 -0.00329728134956209 -0.00019135483734405398 0.9999965560394941 -0.002697962740634649 0.0032965315630883387 0.0026980391783162083 0.9999909808726455 0.011322325511471831 -0.20313434560208066 -0.23041200938889972
FixedParameters: 0 0 0
#Transform 20
Transform: MatrixOffsetTransformBase_double_3_3
Parameters: 0.9999994821453609 0.0005026457822694098 -0.0005151927791990194 -0.0005055858637707871 0.999981589377077 -0.006012738584350377 0.000511874317979808 0.006013256350944157 0.999981579797783 -0.026155950803996575 -0.14092316011888784 -0.24973353031832346
FixedParameters: 0 0 0
#Transform 21
Transform: MatrixOffsetTransformBase_double_3_3
Parameters: 0.9999988269883617 0.0006813449138803286 -0.001307281557531107 -0.0006862433668873137 0.9999924156898625 -0.0038770999135092493 0.0013045589312610576 0.0038778993108155857 0.9999913411597526 -0.01963378045864772 -0.20140912557040735 -0.1623888552268653
FixedParameters: 0 0 0
#Transform 22
Transform: MatrixOffsetTransformBase_double_3_3
Parameters: 0.9999987077444186 0.0009059238142967641 -0.0015721954807573855 -0.0009107840497570932 0.9999933801910363 -0.0035544813753424914 0.0015692319788774612 0.0035555250919882125 0.9999930513800515 -0.0155300022183269 -0.17694398034124958 -0.35283807303186165
FixedParameters: 0 0 0
#Transform 23
Transform: MatrixOffsetTransformBase_double_3_3
Parameters: 0.9999991844354428 0.0008541491832331355 -0.00029360608869209996 -0.0008546646141556585 0.9999952332285093 -0.0030048306375896755 0.00029137906593056226 0.003005167128294517 0.9999948911193479 -0.024405765452158334 -0.16984947861725175 -0.22858117314787307
FixedParameters: 0 0 0
#Transform 24
Transform: MatrixOffsetTransformBase_double_3_3
Parameters: 0.9999993459135483 0.0007989781226853641 -0.001007692214753178 -0.0008046225629275763 0.9999842387546907 -0.005487188537661378 0.001003465082490451 0.005488801097870019 0.9999838704500298 -0.023066066161135268 -0.1699161064319128 -0.29239302408372225
FixedParameters: 0 0 0
#Transform 25
Transform: MatrixOffsetTransformBase_double_3_3
Parameters: 0.9999990167178914 0.0007019601886640529 -0.0012208740062139968 -0.0007027255387446517 0.9999993334828362 -0.00031305396595081303 0.001220433637385546 0.0003139453559086042 0.9999994866708823 -0.019861017162895678 -0.2618238287777359 -0.22733886460324015
FixedParameters: 0 0 0
#Transform 26
Transform: MatrixOffsetTransformBase_double_3_3
Parameters: 0.9999989498757624 0.0008216812296310171 -0.0006124364816352731 -0.000823726241312291 0.9999930310875519 -0.003505494495269018 0.0006094936978648143 0.0035064997862489095 0.9999933346544537 -0.02254055116779341 -0.18995623294453878 -0.27262112946965544
FixedParameters: 0 0 0
#Transform 27
Transform: MatrixOffsetTransformBase_double_3_3
Parameters: 0.9999994240590869 0.0006203026446371986 -0.00043722472709642284 -0.0006202060030140785 0.9999995214114084 0.00011027788212700229 0.0004373618034994231 -0.00011072198789154053 0.9999998782274412 -0.025451863659199603 -0.16852424054143 -0.30882603590481494
FixedParameters: 0 0 0
#Transform 28
Transform: MatrixOffsetTransformBase_double_3_3
Parameters: 0.9999989046463531 0.0005885205868394271 -0.0013228051652676232 -0.0005897605011063928 0.9999989127148952 -0.0016302153348223547 0.0013216347974292968 0.0016307867107510227 0.9999976748615098 -0.007912872545489336 -0.19590513809922072 -0.32117579657014517
FixedParameters: 0 0 0
#Transform 29
Transform: MatrixOffsetTransformBase_double_3_3
Parameters: 0.9999990301285144 0.0005897257432142687 -0.0012736795495577769 -0.0005916012096951536 0.9999981690127308 -0.001551159031960972 0.0012726794793122393 0.0015518398291282237 0.9999980468079936 -0.006621399315548615 -0.16205957085989553 -0.3111389416499577
FixedParameters: 0 0 0
#Transform 30
Transform: MatrixOffsetTransformBase_double_3_3
Parameters: 0.9999993793761037 0.0009976971961150544 -0.000791157660242408 -0.0009974026675953602 0.9999999415365818 0.00023870766469463733 0.0007906358575955296 -0.00023729307192632554 0.9999993245517889 -0.019824117336042946 -0.24629875983806926 -0.29930507678545837
FixedParameters: 0 0 0
#Transform 31
Transform: MatrixOffsetTransformBase_double_3_3
Parameters: 0.9999996413364491 0.001071056009978509 -0.00045989085647441625 -0.0010719577244193658 0.9999963109666773 -0.0023365015659676247 0.0004577916718516592 0.0023364982979650756 0.9999974118872085 -0.021092157772784503 -0.16452825719781572 -0.30091642753549763
FixedParameters: 0 0 0
#Transform 32
Transform: MatrixOffsetTransformBase_double_3_3
Parameters: 0.9999995394764096 0.0007725435568468344 -0.000929374910278339 -0.0007701839367230085 0.9999964305716039 0.0024277227640008975 0.0009312904894146173 -0.0024272740837833345 0.9999963233784496 -0.1141742147105731 -0.2956423158590553 -0.2026569120386057
FixedParameters: 0 0 0
#Transform 33
Transform: MatrixOffsetTransformBase_double_3_3
Parameters: 0.9999977086164958 0.001504924910868753 -0.0017396751639017758 -0.0014997106925944811 0.999995099462141 0.0027366293321603036 0.0017442340741635131 -0.0027333685190122498 0.9999946486625558 -0.0774329473656934 -0.28064236627349715 -0.22156644390707925
FixedParameters: 0 0 0
#Transform 34
Transform: MatrixOffsetTransformBase_double_3_3
Parameters: 0.9999988757910865 0.0010644979488786022 -0.0014107330502337193 -0.0010622809321987206 0.9999980882636674 0.0019025165532000482 0.0014130307319128483 -0.0019014869359230968 0.9999975523008491 -0.06202414149808533 -0.17894857474924208 -0.2773894005255073
FixedParameters: 0 0 0
#Transform 35
Transform: MatrixOffsetTransformBase_double_3_3
Parameters: 0.9999982919779989 0.0012659303476601988 -0.0014509765158101302 -0.0012636251663428438 0.9999975965365999 0.0019088514209679025 0.0014530588206160813 -0.0019071516021851864 0.999997414494373 -0.04666115118847358 -0.22577628962486074 -0.2990826448015298
FixedParameters: 0 0 0
#Transform 36
Transform: MatrixOffsetTransformBase_double_3_3
Parameters: 0.9999982285996205 0.0010996999519416273 -0.0016009059596048493 -0.0010961790651969213 0.9999971833130411 0.002109771582304437 0.001602792979646048 -0.0021082272527318258 0.9999961495088849 -0.04960603643112904 -0.23839032382919356 -0.2834417582529909
FixedParameters: 0 0 0
#Transform 37
Transform: MatrixOffsetTransformBase_double_3_3
Parameters: 0.999999045130837 0.0010224562867148124 -0.0009535312188851836 -0.001021004672310257 0.9999981174526162 0.0013259805966466393 0.0009553251300082648 -0.0013250168293180153 0.9999984137781674 -0.044826342681147935 -0.14976054444919384 -0.3101968978881473
FixedParameters: 0 0 0
#Transform 38
Transform: MatrixOffsetTransformBase_double_3_3
Parameters: 0.9999990392782749 0.0012882620973945751 -0.000548726172191117 -0.0012872885822722822 0.9999972746880754 0.002015626600077272 0.000551007940922071 -0.0020143737134829254 0.9999976441275407 -0.04513762317874637 -0.26084419624389454 -0.2664778345099563
FixedParameters: 0 0 0
#Transform 39
Transform: MatrixOffsetTransformBase_double_3_3
Parameters: 0.9999994367492929 0.0010079456305647433 -0.0007397945683676705 -0.0010075533977525971 0.9999999075024112 0.0002656639662661775 0.0007403286759634295 -0.0002643356979917799 0.9999993887973295 -0.027568072444481118 -0.16801340732781966 -0.31170808596039024
FixedParameters: 0 0 0
#Transform 40
Transform: MatrixOffsetTransformBase_double_3_3
Parameters: 0.9999981133638616 0.0009366634369339251 -0.0014172276884229233 -0.0009352589736823029 0.9999984618328376 0.001227422400534639 0.0014186917807117567 -0.0012265779050876363 0.9999986404695419 -0.013720216657944206 -0.24917175902781707 -0.23393194449727162
FixedParameters: 0 0 0
#Transform 41
Transform: MatrixOffsetTransformBase_double_3_3
Parameters: 0.9999990468612256 0.0011968048287525229 -0.0007216570369487649 -0.0011958478269283265 0.9999983327335712 0.0014657892922437243 0.0007232521366068786 -0.0014652106062209569 0.9999984187430153 -0.015592784077938404 -0.24917130567823165 -0.29126653789620605
FixedParameters: 0 0 0
#Transform 42
Transform: MatrixOffsetTransformBase_double_3_3
Parameters: 0.9999990573370865 0.001171523914638871 -0.0007554905019592608 -0.0011716216848043984 0.9999990138608523 -0.0007781968193548983 0.0007545798899890493 0.0007798026525175084 0.9999988297944694 -0.02113946055661131 -0.18483925521623235 -0.2978498802136045
FixedParameters: 0 0 0
#Transform 43
Transform: MatrixOffsetTransformBase_double_3_3
Parameters: 0.9999981443064547 0.0016788985365877671 -0.00019247376829418378 -0.0016788114669672905 0.9999988940710743 0.000438167307193954 0.00019294948915947802 -0.00043883346273108914 0.9999998656707164 -0.03438036959904878 -0.25641809866395704 -0.3028407619044913
FixedParameters: 0 0 0
#Transform 44
Transform: MatrixOffsetTransformBase_double_3_3
Parameters: 0.9999985727582936 0.0014603300575603258 -0.0005428405098727594 -0.0014605888262721638 0.9999987217970121 -0.00023828230661272765 0.0005421438713297157 0.00023871698546065745 0.9999997371969392 -0.03468705358473301 -0.1745488004300455 -0.3119500655716081
FixedParameters: 0 0 0
#Transform 45
Transform: MatrixOffsetTransformBase_double_3_3
Parameters: 0.9999993881906944 0.0012216746304873818 -0.0003450746942750824 -0.0012220422807648248 0.9999990752432212 -0.0006516603417029837 0.00034447802808363915 0.0006523395521621789 0.9999994627391763 -0.04674695364757042 -0.1947879528823364 -0.2527926090910171
FixedParameters: 0 0 0
#Transform 46
Transform: MatrixOffsetTransformBase_double_3_3
Parameters: 0.9999993676477599 0.001239737278212965 -0.0003085412846888899 -0.0012401058308552798 0.9999989215186471 -0.0007306993792758065 0.00030772515659303196 0.0007313001759895466 0.9999993774069453 -0.04512691826306536 -0.17033710196632512 -0.31125592067638763
FixedParameters: 0 0 0
#Transform 47
Transform: MatrixOffsetTransformBase_double_3_3
Parameters: 0.9999979970717614 0.0017222822201967472 0.00019140333973484175 -0.0017219338722506054 0.9999952407661845 -0.002422420701875455 -0.0001946818467946667 0.0024225790669598624 0.9999970192675922 -0.047356760057368774 -0.19459238486693664 -0.16254292610965138
FixedParameters: 0 0 0
#Transform 48
Transform: MatrixOffsetTransformBase_double_3_3
Parameters: 0.9999989488710158 0.0013959007035295999 -0.00032154689577010444 -0.0013960519998198722 0.9999963008428787 -0.00217763332446827 0.0003183739875074257 0.002178363314299603 0.9999971606516787 -0.03200617780085224 -0.15928136266062154 -0.35093250365127915
FixedParameters: 0 0 0
#Transform 49
Transform: MatrixOffsetTransformBase_double_3_3
Parameters: 0.9999988026947071 0.0012171463699342468 -0.0013099983287803022 -0.001220654054511997 0.9999966637214398 -0.002164390358792831 0.0013065498794563653 0.0021656065331567137 0.9999967645114921 -0.011780733270313704 -0.17801684917854743 -0.11879417799788428
FixedParameters: 0 0 0
#Transform 50
Transform: MatrixOffsetTransformBase_double_3_3
Parameters: 0.9999986480373952 0.0015072465057334803 -0.00028443929347173416 -0.0015076814311526915 0.9999930605777507 -0.0032646539276766917 0.0002794967713664196 0.0032653407175392835 0.9999942669581298 -0.01556103196323022 -0.17600841498551745 -0.2475594127812002
FixedParameters: 0 0 0
#Transform 51
Transform: MatrixOffsetTransformBase_double_3_3
Parameters: 0.9999983044186616 0.0015847185714718281 0.0004295653303305573 -0.0015828387870975597 0.999991297950747 -0.003907775075140327 -0.0004357989178997767 0.003907227769564661 0.9999924692071166 -0.04056124672428041 -0.18679367676516279 -0.19753967441060638
FixedParameters: 0 0 0
#Transform 52
Transform: MatrixOffsetTransformBase_double_3_3
Parameters: 0.9999988864242871 0.0010813903863469772 -0.0009716686964210366 -0.0010860878358147537 0.9999906414010208 -0.004134941679423534 0.0009664457753815782 0.004136055531901051 0.9999910401500297 -0.030157148017721624 -0.178610654241254 -0.17405448761813602
FixedParameters: 0 0 0
#Transform 53
Transform: MatrixOffsetTransformBase_double_3_3
Parameters: 0.9999983342265449 0.0012606962233596294 -0.0010378568600332163 -0.0012641112401742252 0.9999920149515104 -0.003771681288808351 0.0010329886755222806 0.003772322397212202 0.9999928631733278 -0.013049268728991592 -0.17521073022392386 -0.2166566690615639
FixedParameters: 0 0 0
#Transform 54
Transform: MatrixOffsetTransformBase_double_3_3
Parameters: 0.999998335255059 0.0010068092083217741 -0.0012848100483325922 -0.0010117210738529298 0.9999929720485676 -0.0035946972704126307 0.0012812111894587841 0.003596300506532868 0.9999925078731794 -0.013901348575785732 -0.1857322202071856 -0.15404726533459723
FixedParameters: 0 0 0
#Transform 55
Transform: MatrixOffsetTransformBase_double_3_3
Parameters: 0.9999993733467397 0.0010607182943879899 -0.0007083756143112335 -0.0010637425160653596 0.9999891623398015 -0.004549329486148834 0.0007034466373731359 0.004550665849555102 0.9999888057975193 -0.016864273159114873 -0.13214051175953045 -0.18031433234676797
FixedParameters: 0 0 0
#Transform 56
Transform: MatrixOffsetTransformBase_double_3_3
Parameters: 0.9999994871045899 0.0011498233514934412 -0.0004362239718919942 -0.0011517538394432004 0.9999919079490263 -0.0038415801580584386 0.0004322825311849514 0.0038424163041755333 0.9999920571212645 -0.04118563876157566 -0.17455374743805407 -0.15309435231870339
FixedParameters: 0 0 0
#Transform 57
Transform: MatrixOffsetTransformBase_double_3_3
Parameters: 0.9999985062675945 0.0013896319956469732 0.0007503413022034678 -0.0013861510497726734 0.9999910457622336 -0.004023138458155551 -0.0007562793257342847 0.00402285723897669 0.9999910913140461 -0.043766912058231355 -0.17758443809148616 -0.24254203021560272
FixedParameters: 0 0 0
#Transform 58
Transform: MatrixOffsetTransformBase_double_3_3
Parameters: 0.9999995484222551 0.001178869409292824 -0.00024958495947083645 -0.0011795908548119004 0.999990043742645 -0.004307789154538028 0.00024432591196435103 0.004308208265720592 0.9999903867770614 -0.04072665226185279 -0.2101888144137547 -0.14993718867643224
FixedParameters: 0 0 0
#Transform 59
Transform: MatrixOffsetTransformBase_double_3_3
Parameters: 0.9999996303494373 0.0011025802678997995 -0.0003922439478320991 -0.0011051385418570814 0.999976931130218 -0.0066965742148560325 0.000385267914089873 0.006697432488626656 0.9999779985200778 -0.02115990212956831 -0.19053908432593403 -0.24237983186765177
FixedParameters: 0 0 0
#Transform 60
Transform: MatrixOffsetTransformBase_double_3_3
Parameters: 0.9999998157342389 0.0007021951437080606 -0.0008313772533465501 -0.0007055269506467936 0.9999917689593124 -0.0039564080959867964 0.0008285516760896856 0.003956589888164316 0.9999917388665567 0.01619431124794346 -0.17921526168832713 -0.18598055157848137
FixedParameters: 0 0 0
#Transform 61
Transform: MatrixOffsetTransformBase_double_3_3
Parameters: 0.9999996628686072 0.0007721925379458608 -0.0008603863455482924 -0.0007784293511168009 0.9999809889864613 -0.0061964156109163004 0.0008554324796782872 0.006197582594553039 0.9999798675127631 0.026604561267021154 -0.18464087427233267 -0.27800464383925316
FixedParameters: 0 0 0
#Transform 62
Transform: MatrixOffsetTransformBase_double_3_3
Parameters: 0.9999925111672112 0.00021368043377664704 -0.003929816845187718 -0.0002288821275597152 0.9999928726177088 -0.0038575400744499666 0.003928873851243009 0.0038574626267693507 0.999984877701127 0.050680865991438395 -0.21402811565103264 -0.34102424123061326
FixedParameters: 0 0 0
#Transform 63
Transform: MatrixOffsetTransformBase_double_3_3
Parameters: 0.999998991957282 0.000991144943901721 -0.0010126648834830401 -0.0009970481990105953 0.9999831935326684 -0.005632985093167342 0.001007034436312611 0.005634006316189058 0.9999833252933251 0.0051207971306297395 -0.20336990939344446 -0.27452140836344086
FixedParameters: 0 0 0
#Transform 64
Transform: MatrixOffsetTransformBase_double_3_3
Parameters: 0.9999984218758018 0.0009175001594763164 -0.0013172950370667165 -0.0009241351165883878 0.9999890854619916 -0.004571774226562561 0.0013134485317289532 0.004572223532251937 0.9999885298108689 -0.002512417266700595 -0.22104674250762457 -0.2218040016747409
FixedParameters: 0 0 0
#Transform 65
Transform: MatrixOffsetTransformBase_double_3_3
Parameters: 0.9999974667919541 0.0015897899831960381 -0.001733791055921142 -0.001593040838889935 0.9999978606278075 -0.001559310232121927 0.0017306520474173511 0.0015626871437439682 0.9999967327170909 0.007829829249914155 -0.2978346226189075 -0.3008787267855553
FixedParameters: 0 0 0
#Transform 66
Transform: MatrixOffsetTransformBase_double_3_3
Parameters: 0.9999959542297194 0.0005510303130107905 -0.0029564474104588263 -0.0005592962207287319 0.9999958114248967 -0.0029560219293624374 0.0029554166277248163 0.002957984149603965 0.9999916550111659 0.02691292522028732 -0.20101130649285892 -0.42042460577800966
FixedParameters: 0 0 0
#Transform 67
Transform: MatrixOffsetTransformBase_double_3_3
Parameters: 0.9999945331844639 0.0008617340166119517 -0.003118753992397695 -0.0008743616166188224 0.9999906659285756 -0.004155939184195226 0.0031144583398940943 0.004158056967412699 0.999986305734394 0.02214791684629347 -0.24510655524412073 -0.308306138585138
FixedParameters: 0 0 0
#Transform 68
Transform: MatrixOffsetTransformBase_double_3_3
Parameters: 0.9999988683189033 0.0012331330724703426 -0.0012692342166102297 -0.0012397038342835973 0.9999854442519489 -0.005182418986218615 0.001262902243504987 0.005183576644826965 0.999985696708734 0.005415873116788816 -0.21396366881498352 -0.31300217049074774
FixedParameters: 0 0 0
#Transform 69
Transform: MatrixOffsetTransformBase_double_3_3
Parameters: 0.999998284285944 0.0008449739928629508 -0.0014147079963721565 -0.0008532892680445455 0.999981914128756 -0.0059397146252189725 0.0014099436834663318 0.005941289903294178 0.9999817903793158 -0.0031550402974858116 -0.1869884003490938 -0.22892221773201982
FixedParameters: 0 0 0
#Transform 70
Transform: MatrixOffsetTransformBase_double_3_3
Parameters: 0.999999337723482 0.0011176587220293956 -0.0006429119033102645 -0.0011198517116081015 0.9999890638628119 -0.004427275077912185 0.0006387392902787489 0.0044277223653388514 0.9999900681513336 -0.010614708480432 -0.2288974659391414 -0.16442368912949235
FixedParameters: 0 0 0
#Transform 71
Transform: MatrixOffsetTransformBase_double_3_3
Parameters: 0.9999987636970714 0.0011046751371233958 -0.0014197112981757629 -0.0011083211164173217 0.9999957386703305 -0.0028054190426677617 0.0014171604125409881 0.002806584896229883 0.9999952777000175 -0.0004820405518159987 -0.2260403525894361 -0.3950594029249572
FixedParameters: 0 0 0
#Transform 72
Transform: MatrixOffsetTransformBase_double_3_3
Parameters: 0.9999984810104933 0.0015787505737935741 -0.0010134213895815918 -0.0015822979736514284 0.9999902356795604 -0.004011468324827849 0.0010073879154525582 0.004012525806767642 0.9999910529090688 0.0010966131868315188 -0.2238511759885995 -0.13408840666815536
FixedParameters: 0 0 0
#Transform 73
Transform: MatrixOffsetTransformBase_double_3_3
Parameters: 0.9999987378671421 0.001497722895414989 -0.00013739493455621244 -0.0014985219624146756 0.9999839370543324 -0.0054598822605507885 0.00012900840138582828 0.005460118043665002 0.9999851771330495 -0.005185184775015728 -0.23826644940724861 -0.2881205138027667
FixedParameters: 0 0 0
#Transform 74
Transform: MatrixOffsetTransformBase_double_3_3
Parameters: 0.9999991502009241 0.0011243035338316671 -0.0007653810633881123 -0.0011283420683701 0.99998383877133 -0.005639218080592603 0.000759325875847883 0.005639785507595432 0.9999837029538763 -0.004604816154014202 -0.25331034791521745 -0.22932114861367836
FixedParameters: 0 0 0
#Transform 75
Transform: MatrixOffsetTransformBase_double_3_3
Parameters: 0.9999980737925112 0.0013086572361531328 -0.0011016819620885527 -0.0013152739744161832 0.9999833681273593 -0.0055445445030234825 0.0010936988980208414 0.005545451652988781 0.9999842111189035 -0.0008602551444170103 -0.23838515335859256 -0.3080946587318323
FixedParameters: 0 0 0
#Transform 76
Transform: MatrixOffsetTransformBase_double_3_3
Parameters: 0.9999991321573247 0.0011653542559438648 -0.0007139867547080849 -0.0011678127800064978 0.9999932912871826 -0.003356161945917216 0.0007099781260234234 0.003356836553737419 0.9999943086168953 0.01971028189953472 -0.21005352741809702 -0.2238914237002092
FixedParameters: 0 0 0
#Transform 77
Transform: MatrixOffsetTransformBase_double_3_3
Parameters: 0.9999929800388374 0.0003481830869835376 -0.0037282059823814427 -0.00036539971562652985 0.9999882031697396 -0.004748083254769261 0.003726332159481409 0.004749913137326742 0.9999816704721557 0.04924348509709375 -0.19191890855785232 -0.3263507666800649
FixedParameters: 0 0 0
#Transform 78
Transform: MatrixOffsetTransformBase_double_3_3
Parameters: 1.0000000369105055 0.0008513558078985497 -0.0004878481700103028 -0.0008548935948848508 0.999980768433149 -0.006123585980513324 0.00048221830210137524 0.006124413578795507 0.9999812610065778 0.03381157322620254 -0.15324064875217402 -0.28220519209334327
FixedParameters: 0 0 0
#Transform 79
Transform: MatrixOffsetTransformBase_double_3_3
Parameters: 0.9999992177379098 0.0005991527234371385 -0.0011928594653781125 -0.0006056631554960454 0.9999856161903127 -0.005379276521047263 0.0011898730325372287 0.005379725336260549 0.9999847230526819 0.013666478072693167 -0.17184982706736207 -0.2841237940670851
FixedParameters: 0 0 0
#Transform 80
Transform: MatrixOffsetTransformBase_double_3_3
Parameters: 0.9999992115917518 0.0007074958106731674 -0.0005364105814785076 -0.0007106982365322632 0.999980341494475 -0.006176617811602808 0.0005323876883441705 0.0061773757010044755 0.9999805587364539 -0.0013641844679312953 -0.15649514286461397 -0.2488754656724126
FixedParameters: 0 0 0
#Transform 81
Transform: MatrixOffsetTransformBase_double_3_3
Parameters: 0.9999991784200739 0.0008851783194811294 -0.0010193842571055956 -0.0008901825474845947 0.9999837308868871 -0.005603089212325843 0.001013927489727739 0.0056039075863887206 0.999983648605108 0.00950702162189998 -0.20332152001445536 -0.2766248222037575
FixedParameters: 0 0 0
#Transform 82
Transform: MatrixOffsetTransformBase_double_3_3
Parameters: 0.9999989735270097 0.0012087376072165148 -0.0007518915240814527 -0.0012115496476757448 0.999990828067909 -0.004197169791130398 0.0007474663330751827 0.00419783433832252 0.9999909072563645 -0.007696031532319125 -0.1871181045815291 -0.19647913056292055
FixedParameters: 0 0 0
#Transform 83
Transform: MatrixOffsetTransformBase_double_3_3
Parameters: 0.9999961453358959 0.0008170749984573215 -0.0024874938350914195 -0.0008270992518626354 0.999991470602877 -0.004085779308613327 0.0024839412162033134 0.0040882197975701945 0.9999882674019234 0.06510722949026615 -0.22489801183820646 -0.20401157340985776
FixedParameters: 0 0 0
#Transform 84
Transform: MatrixOffsetTransformBase_double_3_3
Parameters: 0.9999966863391992 0.00021697134940799022 -0.0026954941397575555 -0.00023289591092186355 0.9999823837834468 -0.005958141356411192 0.002694492479171377 0.005958857162338918 0.9999782943599931 0.047504641079427756 -0.1966641926604069 -0.2446022366884364
FixedParameters: 0 0 0
#Transform 85
Transform: MatrixOffsetTransformBase_double_3_3
Parameters: 0.9999981588991326 0.0004301929114674015 -0.0016298365587306728 -0.00043884139529900824 0.9999846562683349 -0.0054842014279557205 0.0016273227648661405 0.005484793486693895 0.9999833426830137 0.010818265412495975 -0.24652008556402905 -0.22645304248669618
FixedParameters: 0 0 0
#Transform 86
Transform: MatrixOffsetTransformBase_double_3_3
Parameters: 0.9999958166328813 0.000006079764627022594 -0.003030138587533984 -0.000022413393085920846 0.99998450859189 -0.0055175421980421385 0.0030305817045355793 0.005517458596843161 0.9999804218208981 0.03495685033809082 -0.21855742846980775 -0.33922551457139605
FixedParameters: 0 0 0
#Transform 87
Transform: MatrixOffsetTransformBase_double_3_3
Parameters: 0.9999960966813883 -0.0000931773175141486 -0.002809678118524202 0.00007688656001094348 0.9999828780264148 -0.005927918174325628 0.0028102899496662997 0.005928093598410553 0.9999789354613455 0.029732912786428756 -0.22212091391750732 -0.2582892444270328
FixedParameters: 0 0 0
#Transform 88
Transform: MatrixOffsetTransformBase_double_3_3
Parameters: 0.9999950763948782 -0.000020711928930472934 -0.0031502710085740196 0.0000026028417621393072 0.9999848540734251 -0.0055766260854817895 0.00315000470412817 0.005576382700096749 0.9999800269305975 0.03625340962942403 -0.16781199265993507 -0.33216343110728985
FixedParameters: 0 0 0
#Transform 89
Transform: MatrixOffsetTransformBase_double_3_3
Parameters: 0.99999713546656 0.00003918718734215916 -0.002421413899713043 -0.00004932120187413634 0.9999908021821986 -0.004373723095809787 0.0024211221217244824 0.004373277478805518 0.9999870780387926 0.019129797032420015 -0.18864122851361742 -0.17911284270287808
FixedParameters: 0 0 0
#Transform 90
Transform: MatrixOffsetTransformBase_double_3_3
Parameters: 0.9999993988223168 0.0006260428003649928 -0.00045712824441700145 -0.0006296178214920385 0.9999785398055566 -0.006479705570796149 0.0004528147727069666 0.006479290297206022 0.9999788903092994 -0.0029215624977609878 -0.15116766565783735 -0.2548482153764269
FixedParameters: 0 0 0
#Transform 91
Transform: MatrixOffsetTransformBase_double_3_3
Parameters: 0.9999985895036607 0.0009101886618851977 -0.0012579370070585343 -0.000915117979470851 0.9999914674608134 -0.004075847758142057 0.0012540729641928117 0.004077153792073032 0.9999908861739295 0.021945213049633594 -0.1647159848641877 -0.029490262232698683
FixedParameters: 0 0 0
#Transform 92
Transform: MatrixOffsetTransformBase_double_3_3
Parameters: 0.9999997235210264 0.0006022070937837727 -0.000955722214206461 -0.0006074836384661945 0.9999811894751444 -0.006112416593845177 0.0009528194816943802 0.006112584402317989 0.9999808080054075 0.020349172224129575 -0.12347848272588635 -0.1023686570800777
FixedParameters: 0 0 0
#Transform 93
Transform: MatrixOffsetTransformBase_double_3_3
Parameters: 0.9999992586716236 0.0008149385569810891 -0.00027786134211367605 -0.0008163552376084163 0.9999876269450494 -0.004969856314753079 0.00027365837003647263 0.0049701428379432255 0.9999872296166652 0.010553348433518295 -0.1541441235822134 -0.035024931779815915
FixedParameters: 0 0 0
#Transform 94
Transform: MatrixOffsetTransformBase_double_3_3
Parameters: 1.0000001719147116 0.0008473193260091442 -0.00033123424731524366 -0.0008494537155902293 0.9999853463589018 -0.005378724366326415 0.00032700849130599453 0.005379282815608455 0.9999859578045682 -0.011483522451911199 -0.15971951842760745 -0.0862852372527243
FixedParameters: 0 0 0
#Transform 95
Transform: MatrixOffsetTransformBase_double_3_3
Parameters: 0.9999993030354969 0.0005166828479158935 -0.0006556568948429347 -0.0005205962251354813 0.9999848754916808 -0.00546365945638555 0.0006527332530551604 0.005464338046050024 0.9999847165093428 0.024779757643571543 -0.1668236325780157 -0.06802707749949377
FixedParameters: 0 0 0
#Transform 96
Transform: MatrixOffsetTransformBase_double_3_3
Parameters: 1.0000001367981357 0.0002796743920047742 -0.000885823181024424 -0.00028517535416967284 0.9999851957088696 -0.005451748886658669 0.0008844091200941248 0.005452248848722224 0.9999844920387917 0.028953405300356394 -0.19938671425748566 -0.12602526185676766
FixedParameters: 0 0 0
#Transform 97
Transform: MatrixOffsetTransformBase_double_3_3
Parameters: 0.9999993485855243 0.0002655371962655693 -0.0007620669399200236 -0.0002694737372551907 0.9999857321496463 -0.005309793600211471 0.0007608915351793856 0.005310201003101825 0.9999852238579183 0.015981106062213257 -0.17645585370792105 -0.10947697730644279
FixedParameters: 0 0 0
#Transform 98
Transform: MatrixOffsetTransformBase_double_3_3
Parameters: 1.000000084717869 0.0007049644620058343 -0.0006472990560551331 -0.0007080748792713911 0.9999833805022916 -0.005754546726113488 0.0006428257346813385 0.005755458232178962 0.9999834635733068 0.01804237622616256 -0.20326934098923743 -0.09458172798051123
FixedParameters: 0 0 0
#Transform 99
Transform: MatrixOffsetTransformBase_double_3_3
Parameters: 0.9999987566926478 0.0003231142435077722 -0.0014625609212763403 -0.0003336165229175924 0.9999745839267532 -0.007087429121867148 0.0014600768060501605 0.0070875655831324075 0.9999737061730025 0.03742911720014774 -0.16436418251812768 -0.19606607890808903
FixedParameters: 0 0 0
#Transform 100
Transform: MatrixOffsetTransformBase_double_3_3
Parameters: 0.9999997515527602 0.0007898557627469959 -0.0007901828250214574 -0.0007943291276622601 0.9999836219123066 -0.005627367483174384 0.0007859231902938555 0.005627629342821877 0.9999837916245647 0.02202777218359131 -0.22484195460710055 -0.1034000018244825
FixedParameters: 0 0 0
#Transform 101
Transform: MatrixOffsetTransformBase_double_3_3
Parameters: 0.9999999418063481 0.0008634226664077487 -0.000558608976977668 -0.0008683984347384314 0.9999700545816135 -0.0076885150034378125 0.0005520243209192593 0.007688490156791239 0.9999706593420974 0.01202379313748736 -0.18793875033831853 -0.22308480134785214
FixedParameters: 0 0 0
#Transform 102
Transform: MatrixOffsetTransformBase_double_3_3
Parameters: 0.9999991300378911 0.0002187158935434926 -0.0009065471979985076 -0.00022327382425692036 0.9999852816387852 -0.005354717662015923 0.0009057639119028877 0.005355281502208528 0.9999854959300077 -0.00009750829943300232 -0.23542664007899816 -0.10909167848319612
FixedParameters: 0 0 0
#Transform 103
Transform: MatrixOffsetTransformBase_double_3_3
Parameters: 0.9999997442140964 0.00029999954669745544 -0.0010800127182919478 -0.0003082923458192562 0.9999746382804814 -0.007154666139048235 0.0010770803265431918 0.0071543356503182415 0.9999737308382545 0.014869392296631645 -0.1867735103096635 -0.1954940005567778
FixedParameters: 0 0 0
#Transform 104
Transform: MatrixOffsetTransformBase_double_3_3
Parameters: 1.0000000730908731 0.00040517207140778596 -0.0008737622941976726 -0.00040961182068317316 0.9999846387878536 -0.005494641023456218 0.0008708685958190597 0.005495351779015778 0.9999840438227361 -0.001934623905810895 -0.16386686047853516 -0.09041071947555679
FixedParameters: 0 0 0
#Transform 105
Transform: MatrixOffsetTransformBase_double_3_3
Parameters: 0.9999973559608637 0.00035963788922279853 -0.002348276182374556 -0.00037621355094956844 0.9999757420474747 -0.0069979609778987595 0.0023458021670042135 0.006998041578542322 0.9999726685505059 0.026799279103030926 -0.17230952429504498 -0.22709830204611592
FixedParameters: 0 0 0
#Transform 106
Transform: MatrixOffsetTransformBase_double_3_3
Parameters: 0.9999994564111095 0.0008858002505846972 -0.0008710928898082229 -0.0008897358789145078 0.9999882388654188 -0.004792229879162391 0.0008672381295837833 0.0047937731228876596 0.9999882715519701 0.009390512048938149 -0.1838477693404741 -0.07735894077248417
FixedParameters: 0 0 0
#Transform 107
Transform: MatrixOffsetTransformBase_double_3_3
Parameters: 0.9999991566733836 0.0008671580833556389 -0.0010446475175214362 -0.0008728855168920186 0.9999857042689543 -0.0053340896586184655 0.0010399386776105445 0.00533491673598066 0.9999855381588749 -0.006728736446405037 -0.17546563198098397 -0.09335904215168966
FixedParameters: 0 0 0
#Transform 108
Transform: MatrixOffsetTransformBase_double_3_3
Parameters: 0.99999924137113 0.0006722953204076762 -0.0005541145732412574 -0.000675843148001297 0.9999736905502904 -0.007200626548366437 0.0005490619263717659 0.007201370176037003 0.9999738406782387 0.008900226652812648 -0.15274836497027877 -0.1925588761426127
FixedParameters: 0 0 0
#Transform 109
Transform: MatrixOffsetTransformBase_double_3_3
Parameters: 0.9999990840957576 0.00044577642948187606 -0.0008467937381256567 -0.0004506719454693291 0.9999778329491259 -0.006624612424471751 0.0008443500797908778 0.006624383871177544 0.9999774821876881 0.007602412525542945 -0.21668085111791413 -0.18456766615516074
FixedParameters: 0 0 0
#Transform 110
Transform: MatrixOffsetTransformBase_double_3_3
Parameters: 0.9999993145198862 0.00012342082912355758 -0.0008185301731607554 -0.00013036026345656287 0.9999628634573664 -0.008604886247937912 0.0008177661931458578 0.008604107310110812 0.9999623735115615 0.014947255624463196 -0.17203392112774907 -0.2597597312004183
FixedParameters: 0 0 0
#Transform 111
Transform: MatrixOffsetTransformBase_double_3_3
Parameters: 0.999999263543228 0.00022594898877298023 -0.0008275042152749446 -0.00023206303572398921 0.9999722951694214 -0.007459810559517499 0.0008265856992235317 0.007460189359973737 0.9999716636052529 0.0036069244254548494 -0.19741497253363605 -0.19704226833559346
FixedParameters: 0 0 0
#Transform 112
Transform: MatrixOffsetTransformBase_double_3_3
Parameters: 0.9999945579887051 -0.00035193936172678747 -0.0032123921386169774 0.000327963412418901 0.9999713222381309 -0.007594692369174247 0.0032145106268466317 0.00759431070983245 0.9999658809024786 0.04157941803114795 -0.20456651578339802 -0.281330934225295
FixedParameters: 0 0 0
#Transform 113
Transform: MatrixOffsetTransformBase_double_3_3
Parameters: 0.9999991496223408 0.00009844265181994995 -0.0013568514271257398 -0.00010595419641921948 0.9999830713642907 -0.005737775003295684 0.0013560197123723757 0.00573821558443377 0.9999822284519752 0.016054358154534043 -0.23151826591622182 -0.1276953048654832
FixedParameters: 0 0 0
#Transform 114
