#Insight Transform File V1.0
#Transform 0
Transform: MatrixOffsetTransformBase_double_3_3
Parameters: 0.9999936236308382 -0.0002850199197015252 -0.0035064358706858602 0.00028850965636365814 0.9999991109852683 0.0009235656764406408 0.003506151743445424 -0.0009244333642504515 0.9999938050891033 0.04387928944611019 -0.2684119655009596 -0.367144414087349
FixedParameters: 0 0 0
#Transform 1
Transform: MatrixOffsetTransformBase_double_3_3
Parameters: 0.9999966913026094 0.00017642733492649252 -0.002697842993544517 -0.00017868821584826313 0.9999992919325525 -0.0007881872240880494 0.002697399107238105 0.0007888119256240778 0.9999961559038097 0.0461964288664376 -0.20044462776324679 -0.3902474669595932
FixedParameters: 0 0 0
#Transform 2
Transform: MatrixOffsetTransformBase_double_3_3
Parameters: 0.9999974825774157 0.00005391869011696471 -0.002348299568264793 -0.000053611063222895864 0.9999999312979538 0.0000653777934990496 0.0023483066115582607 -0.00006562187615744008 0.9999975426990774 0.04576984902197978 -0.17862694133664547 -0.3833274953585146
FixedParameters: 0 0 0
#Transform 3
Transform: MatrixOffsetTransformBase_double_3_3
Parameters: 0.9999921474792495 -0.00008301644179013821 -0.00398074105506692 0.00008087524429022396 0.9999995499507656 -0.0006446668152123164 0.003980600868378968 0.0006443344494579256 0.9999917667638522 0.058757531321020906 -0.17595068317866946 -0.4011434960813318
FixedParameters: 0 0 0
#Transform 4
Transform: MatrixOffsetTransformBase_double_3_3
Parameters: 0.9999948777256242 -0.0002699295794165204 -0.003324062488340649 0.00027062097743015375 0.9999999564187494 0.00010359103806735492 0.0033240062711810325 -0.00010440789425159025 0.9999948996749208 0.03487436085050888 -0.28598731435366176 -0.3767546445265282
FixedParameters: 0 0 0
#Transform 5
Transform: MatrixOffsetTransformBase_double_3_3
Parameters: 0.9999935372728651 -0.00012739786381758513 -0.0036669650712739072 0.00012538390630484407 0.9999997808491818 -0.0004108842303524596 0.003666986900365927 0.0004101139904009732 0.9999934194028075 0.05120049718684072 -0.17842970776960954 -0.3956233026135152
FixedParameters: 0 0 0
#Transform 6
Transform: MatrixOffsetTransformBase_double_3_3
Parameters: 0.9999981393738291 -0.0000104036440244486 -0.0022047741538865286 0.000007950235764824523 0.99999940768726 -0.0012348505460042652 0.002204550996916749 0.0012341501603732874 0.9999966837002829 0.023832066992497403 -0.19535838991178878 -0.3427041154123742
FixedParameters: 0 0 0
#Transform 7
Transform: MatrixOffsetTransformBase_double_3_3
Parameters: 0.9999964352736861 -0.0001780116503562351 -0.0027446360762094363 0.00017896677197141127 0.9999999647214401 0.0001738361435500435 0.002744573962122321 -0.0001741626053903822 0.999996410000351 0.04194612001420239 -0.2620865855859478 -0.3650969911970634
FixedParameters: 0 0 0
#Transform 8
Transform: MatrixOffsetTransformBase_double_3_3
Parameters: 0.9999930135239535 -0.0003589001621406642 -0.0038545591192121033 0.0003591853972086075 0.9999999234301916 0.000036269094030288995 0.003854532550115873 -0.00003773038887157354 0.9999930873557844 0.05638336241189279 -0.28437909142157025 -0.3831094410033131
FixedParameters: 0 0 0
#Transform 9
Transform: MatrixOffsetTransformBase_double_3_3
Parameters: 0.9999919543196203 -0.00017088594127361324 -0.0040016319018943225 0.00016610563132016877 0.9999997215214593 -0.0011060143836893882 0.004002673332837643 0.0011049857171723382 0.9999917885273466 0.061038267001578106 -0.20303257078612091 -0.4001500667589113
FixedParameters: 0 0 0
#Transform 10
Transform: MatrixOffsetTransformBase_double_3_3
Parameters: 0.9999961921978585 0.00007899229376602133 -0.002607763226308378 -0.00008317746370986622 0.9999987865911201 -0.0017735382263430188 0.0026080625635612697 0.0017734645559606271 0.9999951149816679 0.022575096079847867 -0.20918900563148668 -0.43367134713537325
FixedParameters: 0 0 0
#Transform 11
Transform: MatrixOffsetTransformBase_double_3_3
Parameters: 0.9999950159331485 -0.00032806080456697785 -0.0031426769122399156 0.0003271619844998488 0.9999999057910571 -0.0001436205646551808 0.003142770609262154 0.00014237800405157708 0.9999950692442174 0.026640497866921464 -0.18633069818440617 -0.40526289634266277
FixedParameters: 0 0 0
#Transform 12
Transform: MatrixOffsetTransformBase_double_3_3
Parameters: 0.9999963566961841 -0.00013286245626549102 -0.002761507031378164 0.0001295726264832625 0.9999997101519643 -0.0011371170422300736 0.0027615596049394334 0.00113688229613014 0.9999950610015353 0.029991599874207964 -0.19688617145956755 -0.43585874716148965
FixedParameters: 0 0 0
#Transform 13
Transform: MatrixOffsetTransformBase_double_3_3
Parameters: 0.9999966553072792 0.00008424976775202705 -0.002517570943238319 -0.00008577334951247165 0.9999994433487496 -0.0006985341112014792 0.0025172883052969872 0.0006984655386590155 0.9999962361528364 0.040016879430211816 -0.18458938945627779 -0.42174800112769617
FixedParameters: 0 0 0
#Transform 14
Transform: MatrixOffsetTransformBase_double_3_3
Parameters: 0.9999932107733116 -0.00038836393713916084 -0.0035549549142562934 0.00038187249153810455 0.9999983047144473 -0.0018948797133745282 0.0035558401802951015 0.0018931211575118762 0.999991731555815 0.04253797690479644 -0.18649523190843809 -0.44790810084727184
FixedParameters: 0 0 0
#Transform 15
Transform: MatrixOffsetTransformBase_double_3_3
Parameters: 0.9999961427707504 0.00015439898222207473 -0.0026137183919189527 -0.00015626833032993733 0.9999993517925344 -0.0007542607801817314 0.0026143167535178508 0.0007547396032273612 0.9999966524353806 0.02381877212306449 -0.19814839300761378 -0.4059671254224355
FixedParameters: 0 0 0
#Transform 16
Transform: MatrixOffsetTransformBase_double_3_3
Parameters: 0.9999945929645125 -0.00045965436063879513 -0.0031930433835940337 0.0004597090358728806 0.9999998821685933 -0.00014806700762734493 0.00319309705196055 0.0001469346108759345 0.9999946672831317 0.05004749008712395 -0.271871858635663 -0.4090824850030259
FixedParameters: 0 0 0
#Transform 17
Transform: MatrixOffsetTransformBase_double_3_3
Parameters: 0.9999935820575544 -0.0002840100708792389 -0.0036520279783820494 0.0002803927972610088 0.9999998769599776 -0.0010415412274889235 0.003652287769966881 0.0010404598881211674 0.9999925377267478 0.05381589689318389 -0.19977716025945824 -0.41226457552546947
FixedParameters: 0 0 0
#Transform 18
Transform: MatrixOffsetTransformBase_double_3_3
Parameters: 0.9999934696628326 -0.00035193820405785735 -0.0036614802305746457 0.00035246179088731895 0.9999999995037316 0.00007127489424799127 0.0036614298662722812 -0.0000717241711850336 0.9999934599349625 0.06188832209122097 -0.19010163615948272 -0.4147825110845673
FixedParameters: 0 0 0
#Transform 19
Transform: MatrixOffsetTransformBase_double_3_3
Parameters: 0.9999940501470516 -0.0003744607449154612 -0.003436160295307067 0.0003841681240573343 0.9999949203469953 0.0029951849609043263 0.0034357853940307427 -0.002996811646021433 0.9999891776848132 0.055795042517161164 -0.27859446842485625 -0.37879907596152407
FixedParameters: 0 0 0
#Transform 20
Transform: MatrixOffsetTransformBase_double_3_3
Parameters: 0.9999974840220698 0.0004300019513257615 -0.002081038721357743 -0.00042575667715723063 0.9999976790055802 0.0019970667883409954 0.0020820787907663263 -0.0019969319657034135 0.9999958289842948 0.03699137591655699 -0.2576483072216291 -0.4512436322681168
FixedParameters: 0 0 0
#Transform 21
Transform: MatrixOffsetTransformBase_double_3_3
Parameters: 0.99999738088697 0.0002727281289592598 -0.0021320465459447333 -0.00027578897988637675 0.9999994511346159 -0.0011852450403098402 0.0021312324010406827 0.0011857543635380302 0.9999971189282792 0.03194988954889766 -0.17477503090867685 -0.47436960029403963
FixedParameters: 0 0 0
#Transform 22
Transform: MatrixOffsetTransformBase_double_3_3
Parameters: 0.9999988107008976 0.00017316484345842383 -0.0017777611763677924 -0.0001706912641501131 0.9999992583706356 0.001279393568740017 0.001777368379210072 -0.0012796055894494368 0.9999972780869711 0.035061229803531546 -0.25375299761260806 -0.37714108178981576
FixedParameters: 0 0 0
#Transform 23
Transform: MatrixOffsetTransformBase_double_3_3
Parameters: 0.999993553166701 -0.00021520821628202727 -0.0036606667400312792 0.00021613801744094568 0.9999999843537196 0.00012678131748217192 0.0036606119593420396 -0.00012721704092759356 0.9999935365551273 0.06521303413961732 -0.18675176235974789 -0.43125831998858644
FixedParameters: 0 0 0
#Transform 24
Transform: MatrixOffsetTransformBase_double_3_3
Parameters: 0.9999957072929221 -0.00009012940113594994 -0.002878291942303615 0.00009016106136322999 0.9999999370362795 0.000005073876220562656 0.0028782909508272493 -0.000005926076560788807 0.999995770196308 0.048357305760035274 -0.19450912231206985 -0.3924346505907721
FixedParameters: 0 0 0
#Transform 25
Transform: MatrixOffsetTransformBase_double_3_3
Parameters: 0.9999954221335122 0.0003129043960873427 -0.002911538823498026 -0.00031399598451589114 0.9999998063390747 -0.0002007532169279458 0.002912409139874897 0.00020224547282755856 0.9999955345901682 0.03306107286393001 -0.19440225866387095 -0.41789425053953266
FixedParameters: 0 0 0
#Transform 26
Transform: MatrixOffsetTransformBase_double_3_3
Parameters: 0.9999982313926558 0.0004736153332199144 -0.0015948949272122604 -0.00047315878656263837 0.9999994934752122 0.000455843377428905 0.001595408121803929 -0.00045515637335455383 0.9999983229567779 0.031556746770633026 -0.27926190855451694 -0.39327468298860424
FixedParameters: 0 0 0
#Transform 27
Transform: MatrixOffsetTransformBase_double_3_3
Parameters: 0.9999942004513486 -0.00022702429919287088 -0.0032783920873204124 0.00022875522859909116 0.9999994699478443 0.0007197439736456729 0.0032783097406351965 -0.0007202582265065649 0.9999946936990204 0.06453259269858336 -0.2721317666590579 -0.42061997002339524
FixedParameters: 0 0 0
#Transform 28
Transform: MatrixOffsetTransformBase_double_3_3
Parameters: 0.999999115758395 0.0003977668900069114 -0.001313589784787003 -0.00039657446684318733 0.9999991550806587 0.000833602854582699 0.0013143334106206482 -0.0008323957932517834 0.9999985729004217 0.017439409826849328 -0.16229530473175657 -0.44021079222105186
FixedParameters: 0 0 0
#Transform 29
Transform: MatrixOffsetTransformBase_double_3_3
Parameters: 0.999999211743867 0.00007286306738803228 -0.0008847611463926665 -0.00007160941791338318 0.9999992964064909 0.0012710705582898718 0.0008850267813481702 -0.0012719292878731608 0.999998681911423 0.019427443486137008 -0.23958484676707315 -0.3617672509515728
FixedParameters: 0 0 0
#Transform 30
Transform: MatrixOffsetTransformBase_double_3_3
Parameters: 0.9999973485827032 -0.00003642420595275164 -0.0021565047373647878 0.00003219865944086722 0.9999982200314653 -0.0016728281295525504 0.002156373727085974 0.00167317012757158 0.9999965306859172 0.0451505805201009 -0.18961356219509184 -0.4736578073232067
FixedParameters: 0 0 0
#Transform 31
Transform: MatrixOffsetTransformBase_double_3_3
Parameters: 0.9999966005232771 -0.00005960403216263865 -0.002529397563134606 0.00006324891739648299 0.9999986907398796 0.001525089085748832 0.002528541328928751 -0.0015249098006731576 0.9999952585251319 0.02726955368137851 -0.25681747069415906 -0.411284394241747
FixedParameters: 0 0 0
#Transform 32
Transform: MatrixOffsetTransformBase_double_3_3
Parameters: 0.999998924387706 0.0006626840260455515 -0.0012790647647142332 -0.0006631570248146463 1.000000111030669 -0.0006061460550599862 0.0012791753406556157 0.0006068553930299592 0.9999990776714885 0.03278487345851033 -0.17887670197211492 -0.4610704282059004
FixedParameters: 0 0 0
#Transform 33
Transform: MatrixOffsetTransformBase_double_3_3
Parameters: 0.9999956777534872 -0.000009152482254243195 -0.0028846957906170628 0.00001267359334031841 0.9999996715585283 0.00112830213924911 0.0028849169750539173 -0.0011286983731182282 0.999995459163972 0.03445120516104794 -0.25412947035144384 -0.35371839958267515
FixedParameters: 0 0 0
#Transform 34
Transform: MatrixOffsetTransformBase_double_3_3
Parameters: 0.9999956548899049 0.00003611026482591164 -0.0028884211352464355 -0.000033753410241443653 0.9999990941343284 0.0009255163577046588 0.0028887316100866802 -0.0009254844930218081 0.9999958476507489 0.022121369636010968 -0.24777202614734506 -0.4073861465916764
FixedParameters: 0 0 0
#Transform 35
Transform: MatrixOffsetTransformBase_double_3_3
Parameters: 0.9999974364928427 0.00013529074597457038 -0.002354615796796892 -0.0001326971869245878 0.999999508398279 0.0011854855665508202 0.002355179312448063 -0.0011855144021408054 0.9999961172694298 0.0454429298207657 -0.25913629595503096 -0.2985267923141208
FixedParameters: 0 0 0
#Transform 36
Transform: MatrixOffsetTransformBase_double_3_3
Parameters: 0.9999957056629066 -0.00035019324601644224 -0.003028462638383247 0.0003494636209229935 0.999999829963943 -0.00028565142697509205 0.0030285801027665894 0.00028434912595491635 0.9999957132484503 0.024882082940663963 -0.1751535747989692 -0.3693043623394914
FixedParameters: 0 0 0
#Transform 37
Transform: MatrixOffsetTransformBase_double_3_3
Parameters: 0.9999956583853903 0.00002924400083763231 -0.0028880337426901285 -0.000027661355000333927 0.9999999509706501 0.00027440761591174256 0.002888049335507626 -0.0002735899637432704 0.9999955572633837 0.035515033441157584 -0.16406299265729274 -0.34945536417990297
FixedParameters: 0 0 0
#Transform 38
Transform: MatrixOffsetTransformBase_double_3_3
Parameters: 0.9999940259561881 0.0004870586639849326 -0.003426391504910428 -0.00048678430717673455 0.9999996371598818 0.000053171638206006566 0.003425445507739707 -0.00005082850621400403 0.999994383388633 0.045254018785541916 -0.1596364250699196 -0.15257385965703918
FixedParameters: 0 0 0
#Transform 39
Transform: MatrixOffsetTransformBase_double_3_3
Parameters: 0.9999928957007947 0.001169217811550055 -0.0037064605063192196 -0.0011672008266633655 0.9999988808839955 0.0005538607047284178 0.003706917453986094 -0.0005501397807408104 0.9999934054064324 0.04539961814897708 -0.09613970418226359 -0.1835189538567903
FixedParameters: 0 0 0
#Transform 40
Transform: MatrixOffsetTransformBase_double_3_3
Parameters: 0.9999953555425924 0.0009353537889087917 -0.002961035630127169 -0.0009315286710418195 0.9999991282763344 0.0013340303881805432 0.002962854376034083 -0.0013309705074714268 0.9999946761426446 0.04897537607008928 -0.14197222723775837 -0.22857449584391532
FixedParameters: 0 0 0
#Transform 41
Transform: MatrixOffsetTransformBase_double_3_3
Parameters: 0.9999916650098744 0.000398732525772652 -0.004021660671183123 -0.0003958139840306118 1.0000001046897284 0.0007351898320193812 0.004022490083590307 -0.0007338105283649088 0.9999914813350563 0.048882089183749144 -0.14451745325322918 -0.35160473068886233
FixedParameters: 0 0 0
#Transform 42
Transform: MatrixOffsetTransformBase_double_3_3
Parameters: 0.9999899653271886 -0.00015479187760460811 -0.004473251050605024 0.00015632449550666494 0.9999997057457471 0.0005051289870343922 0.004473339595928331 -0.0005058740225701852 0.9999897485168663 0.046670035494756235 -0.2580804170727049 -0.26362400447892753
FixedParameters: 0 0 0
#Transform 43
Transform: MatrixOffsetTransformBase_double_3_3
Parameters: 0.9999888024464458 -0.00017643733403043031 -0.004813570843972187 0.00018051291404958312 0.9999994157424053 0.0007421262545872082 0.004812554984971421 -0.0007428709493636082 0.9999882840870219 0.07745797859236347 -0.25316436590419755 -0.29680583188655874
FixedParameters: 0 0 0
#Transform 44
Transform: MatrixOffsetTransformBase_double_3_3
Parameters: 0.999988036508766 -0.0003507287545620332 -0.004882628279116734 0.00035576875208982825 0.9999996005961147 0.0011272639305228704 0.004882322620504913 -0.0011297400775592409 0.999987888868128 0.06999622071666067 -0.2632924780263437 -0.30983089236546846
FixedParameters: 0 0 0
#Transform 45
Transform: MatrixOffsetTransformBase_double_3_3
Parameters: 0.9999907792550475 -0.000011631575998584994 -0.004384423190288699 0.000015913433028779387 0.9999997605472085 0.0010656891350294545 0.004383806880832451 -0.0010663131136296328 0.9999897459819962 0.05864780372962741 -0.254506546034051 -0.354225494693992
FixedParameters: 0 0 0
#Transform 46
Transform: MatrixOffsetTransformBase_double_3_3
Parameters: 0.9999909691268319 -0.000016448730164866682 -0.004362477872096278 0.000014555084511809792 0.99999978676456 -0.0004452445164726815 0.004362327806874701 0.0004457559581861198 0.9999907854197578 0.06518717590466849 -0.18709729394520025 -0.41380823473974715
FixedParameters: 0 0 0
#Transform 47
Transform: MatrixOffsetTransformBase_double_3_3
Parameters: 0.9999910820865994 -0.00004766083717373034 -0.004112748940488262 0.00004966805366468722 0.9999996073358877 0.0006075426521194999 0.00411293562891442 -0.0006074595882115813 0.9999917366336766 0.06328318716819581 -0.28240830639171577 -0.3691168899033528
FixedParameters: 0 0 0
#Transform 48
Transform: MatrixOffsetTransformBase_double_3_3
Parameters: 0.9999890006342953 -0.00010510592851468081 -0.00468918728462462 0.00010504749274546306 0.9999999684926342 -0.0001125888176693457 0.004689128988834833 0.00011241338662199007 0.9999890068288243 0.06674924242427949 -0.1866763561679079 -0.3772853871928987
FixedParameters: 0 0 0
#Transform 49
Transform: MatrixOffsetTransformBase_double_3_3
Parameters: 0.9999910113351432 -0.00011513139793292346 -0.004239622488501674 0.00011844138212565147 0.9999992246598483 0.0008602466388605984 0.004239749252368459 -0.0008607535573071506 0.9999903057479639 0.054731230421339205 -0.26480103717375414 -0.3634165474651212
FixedParameters: 0 0 0
#Transform 50
Transform: MatrixOffsetTransformBase_double_3_3
Parameters: 0.9999881773590408 -0.00019818666589705187 -0.00487645237040087 0.00019134081430880075 0.99999892890656 -0.0014259634602589444 0.004877430714217683 0.0014250370829810288 0.9999871843249394 0.058519627436055544 -0.17446961438081132 -0.3929082151029917
FixedParameters: 0 0 0
#Transform 51
Transform: MatrixOffsetTransformBase_double_3_3
Parameters: 0.9999894980297858 -0.00021410887704872904 -0.004632100474168814 0.0002124242392497731 0.9999998707606824 -0.00039708998263722484 0.004632105931245798 0.0003969108216564238 0.999989312049357 0.0565553200668063 -0.18902682945258675 -0.37250102494198245
FixedParameters: 0 0 0
#Transform 52
Transform: MatrixOffsetTransformBase_double_3_3
Parameters: 0.999992282211986 -0.00026200294787768975 -0.003955950203471056 0.0002550538034823937 0.9999988825451774 -0.0017604512507277126 0.003956286657368147 0.0017595489870451952 0.9999902044376292 0.0413909352037507 -0.18713449085187506 -0.43977123202977
FixedParameters: 0 0 0
#Transform 53
Transform: MatrixOffsetTransformBase_double_3_3
Parameters: 0.9999876639852313 -0.0003700423004593745 -0.004919256924600547 0.0003646129821405145 0.99999903649773 -0.0009577435800545986 0.004919632238933639 0.0009562527018692479 0.9999877957818349 0.06352696805676317 -0.17589869723602192 -0.37136623931415613
FixedParameters: 0 0 0
#Transform 54
Transform: MatrixOffsetTransformBase_double_3_3
Parameters: 0.9999891749556 -0.00026057615038835107 -0.004555999618090218 0.0002588027045185394 0.9999999072843021 -0.00030436549176911243 0.0045560755711100505 0.00030363243240710824 0.9999890828391357 0.06334108171499508 -0.2891753867720013 -0.42301037895938975
FixedParameters: 0 0 0
#Transform 55
Transform: MatrixOffsetTransformBase_double_3_3
Parameters: 0.9999907837631072 0.00018815697230625995 -0.004264009840331478 -0.00018231354299225159 0.9999989139613804 0.001396538421805607 0.004264022014465741 -0.001395461930340236 0.9999899721496258 0.0832729005842765 -0.4316263754047327 -0.3407950180038739
FixedParameters: 0 0 0
#Transform 56
Transform: MatrixOffsetTransformBase_double_3_3
Parameters: 0.9999943943138702 0.0011828631943571447 -0.0031946971331068465 -0.001187706710141072 0.9999983128271377 -0.0014058605904503085 0.0031930248800877796 0.001410138903301536 0.9999941165461019 0.06840509455915367 -0.4865042889701243 -0.4974282567356738
FixedParameters: 0 0 0
#Transform 57
Transform: MatrixOffsetTransformBase_double_3_3
Parameters: 0.9999958118897673 0.0004362372714085174 -0.0029995599680351444 -0.00044323390639470285 0.9999963113186188 -0.002522260440292884 0.002998678820524423 0.0025237415739367136 0.9999927694587805 0.11727804220620897 -0.21287974885719052 -0.5796886533442773
FixedParameters: 0 0 0
#Transform 58
Transform: MatrixOffsetTransformBase_double_3_3
Parameters: 0.9999928337091558 -0.000040000866758991725 -0.0037638466757580003 0.0000480531718573814 0.9999979333245583 0.0020074114814020855 0.0037632468379136426 -0.002007586171190276 0.9999908402401433 0.10007461387323247 -0.3583270918926331 -0.584822555984772
FixedParameters: 0 0 0
#Transform 59
Transform: MatrixOffsetTransformBase_double_3_3
Parameters: 0.9999954882655759 0.00024622587447573145 -0.0030738993897332168 -0.00023047420336016518 0.999985265517119 0.005343153985199883 0.0030758461092768507 -0.0053428446913956484 0.9999811269144993 0.11659453963928001 -0.341501057955341 -0.5102482040582572
FixedParameters: 0 0 0
#Transform 60
Transform: MatrixOffsetTransformBase_double_3_3
Parameters: 0.9999940270272185 0.0004029515715856537 -0.0034367646112630663 -0.00038332348179455106 0.9999836443954867 0.005656861473748415 0.003438782498503808 -0.005656138175397271 0.9999783899461515 0.11627485137714189 -0.36211384968828497 -0.5283178771644685
FixedParameters: 0 0 0
#Transform 61
Transform: MatrixOffsetTransformBase_double_3_3
Parameters: 0.999997856185996 0.0007996545872553215 -0.0018718363728273356 -0.0007864450737536261 0.9999724980233222 0.007397584079674127 0.0018777396025199708 -0.0073964202570295096 0.9999709253023615 0.09182148482688035 -0.35644370161831773 -0.45350401209778113
FixedParameters: 0 0 0
#Transform 62
Transform: MatrixOffsetTransformBase_double_3_3
Parameters: 0.999996099488184 0.0007485202541016691 -0.0025178969664490652 -0.0007334628797703048 0.999980181854728 0.006249136634493724 0.0025224884365820273 -0.006247871451321607 0.99997782918175 0.09457214077768583 -0.27867163112455273 -0.46201778420727635
FixedParameters: 0 0 0
#Transform 63
Transform: MatrixOffsetTransformBase_double_3_3
Parameters: 0.9999959269395067 0.000026883880638570482 -0.0030117817224001938 -0.000008621714292736122 0.9999826409154049 0.005857468462764484 0.0030123860240762563 -0.005857531454746337 0.9999786646677823 0.1201530888247504 -0.2783051229674669 -0.4488327463739381
FixedParameters: 0 0 0
#Transform 64
Transform: MatrixOffsetTransformBase_double_3_3
Parameters: 0.9999948033044725 0.00026054516601459773 -0.0033363973984278637 -0.0002403304969721489 0.9999820228370583 0.006065261277190953 0.0033370874474559433 -0.006064746490797968 0.9999762110879297 0.11763989223301508 -0.29804857132553764 -0.5141290030246211
FixedParameters: 0 0 0
#Transform 65
Transform: MatrixOffsetTransformBase_double_3_3
Parameters: 0.9999942311861064 0.00030601776881575786 -0.0032676259084878936 -0.000285386020928212 0.9999816113018032 0.006104382644139136 0.003268805864626921 -0.006102619729528053 0.9999761135510852 0.11042567622014587 -0.29397186947689136 -0.48457129345187866
FixedParameters: 0 0 0
#Transform 66
Transform: MatrixOffsetTransformBase_double_3_3
Parameters: 0.9999955267727836 -0.00012292324769548943 -0.0030755121348721706 0.0001418845782577073 0.9999797699640233 0.006337009304108257 0.003074476017824443 -0.006337993543913845 0.9999754279815504 0.07760915311190786 -0.33364590878954914 -0.551636149417476
FixedParameters: 0 0 0
#Transform 67
Transform: MatrixOffsetTransformBase_double_3_3
Parameters: 0.9999945873700008 0.00029552558415054726 -0.0033651240556866182 -0.0002747506660983179 0.9999817855966545 0.0060833827919118955 0.0033672419508909797 -0.006082619627390276 0.999975795084895 0.10401973045890145 -0.32536686533080683 -0.6004350024537501
FixedParameters: 0 0 0
#Transform 68
Transform: MatrixOffsetTransformBase_double_3_3
Parameters: 0.9999932078223469 0.00028359975634229586 -0.0035654340637278196 -0.00025980152327255705 0.9999774287686144 0.006736474344165688 0.003567074439461265 -0.006735529600198298 0.9999710303154008 0.11128994625926225 -0.3689653226966243 -0.5967838615305254
FixedParameters: 0 0 0
#Transform 69
Transform: MatrixOffsetTransformBase_double_3_3
Parameters: 0.9999941412796376 -0.000151171418239267 -0.0034404379463850816 0.00017162541792568295 0.9999809201690617 0.006171935962079267 0.00343925163002265 -0.006172066390817826 0.9999750329766867 0.12372353129045166 -0.3196859864417121 -0.5724022219245342
FixedParameters: 0 0 0
#Transform 70
Transform: MatrixOffsetTransformBase_double_3_3
Parameters: 0.999994579312722 -0.000021022472058489672 -0.0033791170208974843 0.00004197897971627067 0.9999803992684688 0.006209388628824392 0.0033794498892727905 -0.006209608143328535 0.9999750633202694 0.1112329485603567 -0.3488107732270578 -0.5457635902328235
FixedParameters: 0 0 0
#Transform 71
Transform: MatrixOffsetTransformBase_double_3_3
Parameters: 0.9999920860750205 0.00015895784420151207 -0.003985678273450088 -0.0001357368594211767 0.9999831353835045 0.005808255749829225 0.00398728120494028 -0.00580774747018091 0.9999754841075218 0.130784941436346 -0.2995373752508925 -0.5685695502833141
FixedParameters: 0 0 0
#Transform 72
Transform: MatrixOffsetTransformBase_double_3_3
Parameters: 0.9999934837420263 -0.00015244591929454882 -0.0035347142146819163 0.00017180149474951346 0.9999860507866465 0.005287914630090915 0.0035334778320226918 -0.005288080609879203 0.9999795065266721 0.11776102960534729 -0.3127403519322485 -0.490932451044543
FixedParameters: 0 0 0
#Transform 73
Transform: MatrixOffsetTransformBase_double_3_3
Parameters: 0.9999949506293516 0.00001901234626304997 -0.003169870962573565 -0.0000025618994908687158 0.9999872954103997 0.004965444717396822 0.003170210533186421 -0.004965546266627097 0.9999823424556047 0.10875133207002818 -0.28446660316073746 -0.5889248207468256
FixedParameters: 0 0 0
#Transform 74
Transform: MatrixOffsetTransformBase_double_3_3
Parameters: 0.9999950431812104 0.0001869054614644177 -0.0033052249680665864 -0.00017064612965548063 0.9999877398064984 0.004909009827957639 0.0033053012933362503 -0.004908984540079098 0.9999821064180411 0.12770654531031767 -0.30130515328013985 -0.5240530053211643
FixedParameters: 0 0 0
#Transform 75
Transform: MatrixOffsetTransformBase_double_3_3
Parameters: 0.9999944371736562 -0.00048585499216229283 -0.003365565490152663 0.0005018035426893375 0.999988020815007 0.004874831469005775 0.003363139210198989 -0.0048771743767801745 0.9999828651584043 0.1129044672473043 -0.31122350384526953 -0.5273433552186759
FixedParameters: 0 0 0
#Transform 76
Transform: MatrixOffsetTransformBase_double_3_3
Parameters: 0.9999959509344849 -0.00020637558877657243 -0.002829534022767347 0.00021568835970858964 0.9999945429185056 0.0032307278572174802 0.002828907775283561 -0.0032312686712698824 0.9999905292088004 0.10051681564738146 -0.253279951576431 -0.28616400261672936
FixedParameters: 0 0 0
#Transform 77
Transform: MatrixOffsetTransformBase_double_3_3
Parameters: 0.9999974980710815 -0.000047263320437120954 -0.002121216890400781 0.000047679432045354336 0.9999999002852739 0.0003330628166645089 0.002121267213041938 -0.00033293756119834317 0.999997376007492 0.04751558025269276 -0.1498115237376254 -0.0780413428355331
FixedParameters: 0 0 0
#Transform 78
Transform: MatrixOffsetTransformBase_double_3_3
Parameters: 0.9999977287446685 0.00018715724094782218 -0.002288529757991814 -0.00018407556434104085 0.9999990896292357 0.0013445942500304592 0.002288278058755567 -0.001344404639704977 0.9999960237501283 0.06054581497339484 -0.14209144010429497 -0.17552800640697797
FixedParameters: 0 0 0
#Transform 79
Transform: MatrixOffsetTransformBase_double_3_3
Parameters: 0.9999963313904994 -0.0007127316303464255 -0.0024821639074423924 0.0007186914268485802 0.9999968798329784 0.002388462222995366 0.0024802317779482504 -0.0023905373309243694 0.9999940321026822 0.05121153152850866 -0.2362369928416399 -0.24553821956115485
FixedParameters: 0 0 0
#Transform 80
Transform: MatrixOffsetTransformBase_double_3_3
Parameters: 0.9999965575973958 0.0001117691104949542 -0.002535785333829311 -0.00010438561280157535 0.9999958185165512 0.002847524636598514 0.0025359777677633095 -0.002847473087232849 0.9999925225158692 0.04973600596122196 -0.23847518082746433 -0.281463578314046
FixedParameters: 0 0 0
#Transform 81
Transform: MatrixOffsetTransformBase_double_3_3
Parameters: 0.9999977048933293 0.00020173009978551582 -0.002292238982445416 -0.0001959189680978215 0.9999961934201619 0.0025897067378345406 0.0022927636914856523 -0.002589291718879172 0.9999941004164997 0.05142342282239554 -0.24034171039187413 -0.3067610937804943
FixedParameters: 0 0 0
#Transform 82
Transform: MatrixOffsetTransformBase_double_3_3
Parameters: 0.9999940144460059 -0.0000601503210479726 -0.0033136152081665697 0.00007034767014280007 0.9999956723246667 0.002892273174262147 0.003313975258917934 -0.0028917256576195954 0.9999906147159534 0.07287289970012978 -0.24003035693415598 -0.37404063457790926
FixedParameters: 0 0 0
#Transform 83
Transform: MatrixOffsetTransformBase_double_3_3
Parameters: 0.9999968228409951 0.0003824540346423638 -0.0024558263937617714 -0.0003755632061715726 0.9999953556443092 0.003059191877272438 0.0024568074092204233 -0.0030588131095736354 0.9999927521471043 0.05330025902314617 -0.270060485649239 -0.30957697367975356
FixedParameters: 0 0 0
#Transform 84
Transform: MatrixOffsetTransformBase_double_3_3
Parameters: 0.9999980164275708 -0.00002527249224866884 -0.0022320397626430853 0.00003072609505040406 0.999996460618459 0.0025611826594912207 0.002232387983893025 -0.0025608176807951077 0.999994438328333 0.04624001180431492 -0.24390341347876188 -0.31747166956159845
FixedParameters: 0 0 0
#Transform 85
Transform: MatrixOffsetTransformBase_double_3_3
Parameters: 0.9999971707201958 -6.017921697366033e-7 -0.00219781878072723 0.000007553989554101407 0.9999952525786147 0.002961234997290063 0.0021972896247045596 -0.0029607629432815974 0.9999933830461821 0.03551541837214245 -0.2728216932283658 -0.29736180770616727
FixedParameters: 0 0 0
#Transform 86
Transform: MatrixOffsetTransformBase_double_3_3
Parameters: 0.9999941668699831 -0.000030402744029537563 -0.003290834142212988 0.000040184111049172184 0.9999950186587248 0.0031512987600962467 0.0032915130122786614 -0.003151701015250641 0.9999892842043254 0.07702314448279424 -0.250323319074667 -0.3736953380879555
FixedParameters: 0 0 0
#Transform 87
Transform: MatrixOffsetTransformBase_double_3_3
Parameters: 0.9999967525503269 -0.00019255690617647563 -0.0026851717306150586 0.00020175847544590974 0.9999945297635148 0.003383715239852522 0.002684574808556563 -0.0033842839535962316 0.9999903197705331 0.07515847102813211 -0.265613081578536 -0.32951735641096036
FixedParameters: 0 0 0
#Transform 88
Transform: MatrixOffsetTransformBase_double_3_3
Parameters: 0.9999945877420802 -0.0003780112280124148 -0.003356639085121019 0.00038860080393881365 0.9999955841000445 0.003049121294693244 0.003356116930281821 -0.0030508777169897805 0.9999893985489201 0.0724966836388603 -0.2362713377807637 -0.3952642743063848
FixedParameters: 0 0 0
#Transform 89
Transform: MatrixOffsetTransformBase_double_3_3
Parameters: 0.9999975779274924 -0.000051236398670866375 -0.002102576102259225 0.000055622551305118206 0.9999968353330032 0.0024850509097346513 0.002101805549652088 -0.0024849488976159267 0.9999943921123283 0.05251845927776344 -0.25164922383122246 -0.22673889148401827
FixedParameters: 0 0 0
#Transform 90
Transform: MatrixOffsetTransformBase_double_3_3
Parameters: 0.9999974053750111 0.00047916825402823256 -0.0020891595121199846 -0.00047252486227389865 0.9999948317770173 0.003298167530532914 0.002090878030618167 -0.0032968383858394956 0.9999928264822007 0.07095036083441641 -0.23840653834788839 -0.33575233079805855
FixedParameters: 0 0 0
#Transform 91
Transform: MatrixOffsetTransformBase_double_3_3
Parameters: 0.9999969440699892 0.0005618759272432599 -0.0023957540208103412 -0.0005540986460246168 0.9999948608821929 0.0031125962198882695 0.0023978072441082497 -0.003111404629164552 0.9999927140211474 0.0928398079311421 -0.2319518310557953 -0.32819552168903954
FixedParameters: 0 0 0
#Transform 92
Transform: MatrixOffsetTransformBase_double_3_3
Parameters: 0.9999986844011767 0.0005051508681501245 -0.0017494576465276596 -0.0005004326901505944 0.9999957282913018 0.002818966839706477 0.0017507083083308445 -0.0028180302271485214 0.9999940681890168 0.08165621771807707 -0.2538609023472844 -0.25112107871321143
FixedParameters: 0 0 0
#Transform 93
Transform: MatrixOffsetTransformBase_double_3_3
Parameters: 0.999995144155841 0.00039817336432076327 -0.0031139930540923975 -0.00038804560053770496 0.9999951334320749 0.0032525660935534273 0.003115375961856926 -0.003251437098595905 0.9999898595975959 0.1002852720796028 -0.23920475078047332 -0.39702024280560977
FixedParameters: 0 0 0
#Transform 94
Transform: MatrixOffsetTransformBase_double_3_3
Parameters: 0.9999962244424673 0.0004306642448381753 -0.0027554471445930067 -0.0004175454290813977 0.9999887326708738 0.00479042836920425 0.0027565887389298855 -0.0047895738447738395 0.9999846032087057 0.05742292913933511 -0.30800242799472244 -0.4523154738730568
FixedParameters: 0 0 0
#Transform 95
Transform: MatrixOffsetTransformBase_double_3_3
Parameters: 0.9999991365934819 0.001063303187297182 -0.0008558864844394666 -0.0010580111880815438 0.9999799385397741 0.0063128378597068074 0.0008627106524094621 -0.006312164897830472 0.999979501892986 0.0048211988274431405 -0.3161364397786599 -0.2680561686501193
FixedParameters: 0 0 0
#Transform 96
Transform: MatrixOffsetTransformBase_double_3_3
Parameters: 0.9999985040873832 0.00108344815887426 -0.001524284742418732 -0.0010756428603390707 0.99998880613018 0.004676662996649789 0.0015288925157840457 -0.004675340078993631 0.999987967713657 -0.0410613429249338 -0.22749538343236964 -0.40002783294211497
FixedParameters: 0 0 0
#Transform 97
Transform: MatrixOffsetTransformBase_double_3_3
Parameters: 0.9999984738845968 0.00115983106266023 -0.0014765360914093895 -0.0011535314955550826 0.9999901031380451 0.0042897235406989115 0.0014819666038674774 -0.004288274621655777 0.9999895795107971 -0.04281623746202001 -0.23674007172952827 -0.38331642432352453
FixedParameters: 0 0 0
#Transform 98
Transform: MatrixOffsetTransformBase_double_3_3
Parameters: 0.9999993664023562 0.0008041771032684978 -0.000993492973443724 -0.0008012272930960927 0.9999946049924409 0.0031098037569710635 0.000995740893824802 -0.0031091935630805645 0.9999944233832079 -0.03622031231601852 -0.21733007235056334 -0.20340995155338248
FixedParameters: 0 0 0
#Transform 99
Transform: MatrixOffsetTransformBase_double_3_3
Parameters: 0.9999982005843794 0.0009716713183800041 -0.00136198330976992 -0.0009663172252838521 0.9999916951346417 0.003910325621860153 0.0013659830555197542 -0.003908668795918058 0.9999909369530384 0.002978465404311237 -0.20651893675918132 -0.36276065324923934
FixedParameters: 0 0 0
#Transform 100
Transform: MatrixOffsetTransformBase_double_3_3
Parameters: 0.9999990826432937 0.0005496887293111717 -0.0007841192720437811 -0.0005462612222958558 0.9999911519216367 0.004189430228369012 0.0007869627745782919 -0.004188569309528059 0.9999908351194761 -0.034757297763349015 -0.27447319752840826 -0.3097251954097544
FixedParameters: 0 0 0
#Transform 101
Transform: MatrixOffsetTransformBase_double_3_3
Parameters: 0.9999996085819941 0.0008591098619365438 -0.0008078439746480241 -0.0008559171572085018 0.9999887905918976 0.004634693884658286 0.0008121326633001998 -0.004633304725934179 0.9999888698391908 -0.03182898287889202 -0.3017722178799431 -0.2895184672353537
FixedParameters: 0 0 0
#Transform 102
Transform: MatrixOffsetTransformBase_double_3_3
Parameters: 0.9999995564580979 0.0005070765121548324 -0.0010895801415835647 -0.0005016110800792824 0.9999898992130302 0.004446640384520584 0.001091403132203744 -0.004446363661366984 0.9999901142931725 0.008084125879520343 -0.2568087843577018 -0.3872033342134955
FixedParameters: 0 0 0
#Transform 103
Transform: MatrixOffsetTransformBase_double_3_3
Parameters: 0.9999991413878664 0.00044130588061539757 -0.0012900989305470352 -0.00043611701252313306 0.9999901828053026 0.00442165742282713 0.0012914801903098506 -0.004421348097839825 0.9999898590246382 0.00429303468754938 -0.28135143424883324 -0.34578649827288643
FixedParameters: 0 0 0
#Transform 104
Transform: MatrixOffsetTransformBase_double_3_3
Parameters: 0.9999992574777026 0.0005588471228261562 -0.0011959899812697215 -0.000553717508271928 0.9999908901815342 0.004326674497672836 0.001198223294703631 -0.004326329206359059 0.9999899298843372 0.006585990089689631 -0.2647580521430939 -0.3955973079174697
FixedParameters: 0 0 0
#Transform 105
Transform: MatrixOffsetTransformBase_double_3_3
Parameters: 0.9999971684577721 0.0003598696537920513 -0.0023881032389298576 -0.0003500823924509512 0.9999904079495624 0.00439502458219479 0.0023891349002928266 -0.0043949752646407075 0.999987128216463 0.04943356868407989 -0.26910960890286617 -0.4332731929827389
FixedParameters: 0 0 0
#Transform 106
Transform: MatrixOffsetTransformBase_double_3_3
Parameters: 0.9999984399915244 0.000552784763741754 -0.001501587791780549 -0.0005466725286044783 0.9999917609255996 0.004105832291137826 0.001503603352064733 -0.004105166816490688 0.99998996864574 0.02420823182049503 -0.29145583589800594 -0.32512008632419054
FixedParameters: 0 0 0
#Transform 107
Transform: MatrixOffsetTransformBase_double_3_3
Parameters: 0.9999984862179688 0.0005528578758061466 -0.0017912280081131687 -0.000544087671725766 0.9999896419447905 0.004461074580426619 0.0017937051632705286 -0.004460918149187171 0.99998804303114 0.03505974273440415 -0.26653207393486866 -0.4531717414843399
FixedParameters: 0 0 0
#Transform 108
Transform: MatrixOffsetTransformBase_double_3_3
Parameters: 0.9999995560496066 0.0005390843668834006 -0.0003921893498356545 -0.0005371473552130859 0.9999913402565944 0.004046209165591619 0.0003936358228024094 -0.004045786299465948 0.9999914754418862 -0.028004645832282904 -0.28128815579292166 -0.3473802093622709
FixedParameters: 0 0 0
#Transform 109
Transform: MatrixOffsetTransformBase_double_3_3
Parameters: 0.9999996727825243 0.00022062043144235887 -0.0005277580885332179 -0.0002182857278377152 0.9999915294812372 0.004174117612946074 0.0005287573318493488 -0.004173885756607779 0.9999912985806751 -0.031858326335651554 -0.2471190588436798 -0.3630470291247292
FixedParameters: 0 0 0
#Transform 110
Transform: MatrixOffsetTransformBase_double_3_3
Parameters: 0.9999994975237538 0.0001357316906795989 -0.001218234133812583 -0.00013047847279326798 0.9999910621497043 0.004234245159983538 0.0012187743290547498 -0.004233757454519732 0.9999905816769015 -0.007999831249080103 -0.24443813904726142 -0.40311456741558516
FixedParameters: 0 0 0
#Transform 111
Transform: MatrixOffsetTransformBase_double_3_3
Parameters: 0.9999996554176662 0.00041684170471996125 -0.0010823378778629246 -0.00041145540137047177 0.9999877384728519 0.004900538536867144 0.0010838167464414957 -0.004900464670321708 0.9999878868243129 0.002148117357265278 -0.24463821794344653 -0.4274869430772128
FixedParameters: 0 0 0
#Transform 112
Transform: MatrixOffsetTransformBase_double_3_3
Parameters: 0.9999994662531041 0.0003115952909843909 -0.001198565458449191 -0.0003059374770047125 0.9999877048211735 0.004920452252809945 0.0012001020973689681 -0.004919548294611137 0.9999873483178335 0.0014486349730589154 -0.2292780079847745 -0.4449159053445868
FixedParameters: 0 0 0
#Transform 113
Transform: MatrixOffsetTransformBase_double_3_3
Parameters: 0.9999975912262663 0.0004055900131669274 -0.002290101482184059 -0.0003946631382755546 0.9999883512731141 0.004831093428801933 0.0022918789380832636 -0.004830906539843111 0.9999855624960483 0.03731622873621632 -0.2510323812963833 -0.45453780686085565
FixedParameters: 0 0 0
#Transform 114
Transform: MatrixOffsetTransformBase_double_3_3
