#Insight Transform File V1.0
#Transform 0
Transform: MatrixOffsetTransformBase_double_3_3
Parameters: 0.9999975339744888 0.00025570776904535494 -0.002324134242536854 -0.0002521302963259653 0.9999988276701506 0.0014308419133920447 0.002324109884119605 -0.0014301582287516157 0.9999966136360088 0.06215733478863683 -0.159139054722246 -0.36762767644897565
FixedParameters: 0 0 0
#Transform 1
Transform: MatrixOffsetTransformBase_double_3_3
Parameters: 0.9999965313627456 0.0004804455475228191 -0.0026902888174994465 -0.00047582296761358907 0.999999019971216 0.0016155456118283479 0.0026911643115206632 -0.0016144557168902701 0.9999952949264311 0.07024644962254456 -0.15459051683036762 -0.3476725391879114
FixedParameters: 0 0 0
#Transform 2
Transform: MatrixOffsetTransformBase_double_3_3
Parameters: 0.9999979660180206 0.0004262842963743747 -0.0019631027340487896 -0.00042082431334116213 0.9999967620973733 0.002448001080950904 0.0019635105155526014 -0.0024469978643310297 0.9999952233807639 0.055290646604163385 -0.19177329823810396 -0.3192299893622845
FixedParameters: 0 0 0
#Transform 3
Transform: MatrixOffsetTransformBase_double_3_3
Parameters: 0.9999979582289951 0.0003615222914921839 -0.001978097900595138 -0.00035673376809860385 0.9999976907280944 0.002259798312721925 0.0019780552809254624 -0.0022592007924288338 0.999995056799362 0.04241160314525416 -0.14375036690718446 -0.32572016755965194
FixedParameters: 0 0 0
#Transform 4
Transform: MatrixOffsetTransformBase_double_3_3
Parameters: 0.9999993220006034 0.0006583118663722188 -0.0011159078159889812 -0.0006551262481299284 0.999996762994373 0.002392738434821004 0.0011172208229287318 -0.002392258466301006 0.9999961108801535 0.03334945586179572 -0.2208771736767403 -0.31462934849444935
FixedParameters: 0 0 0
#Transform 5
Transform: MatrixOffsetTransformBase_double_3_3
Parameters: 0.999998438803942 0.00043309740068265515 -0.001540601069249254 -0.0004302623859187971 0.9999980657254507 0.0019167537832186499 0.00154150487944682 -0.001916246544191022 0.9999970271218509 0.044714692082465035 -0.12946720687024538 -0.3102802529030697
FixedParameters: 0 0 0
#Transform 6
Transform: MatrixOffsetTransformBase_double_3_3
Parameters: 0.9999977144827336 0.0005017524032391681 -0.0022435205311106517 -0.0004947980173767272 0.9999947421915464 0.003140293564682553 0.0022452300042799535 -0.0031397034167666843 0.9999922530261449 0.0560562784477554 -0.14290921332445805 -0.32465861557264475
FixedParameters: 0 0 0
#Transform 7
Transform: MatrixOffsetTransformBase_double_3_3
Parameters: 0.9999989935153755 0.00046009802017214996 -0.0008910974176574432 -0.0004577913536147138 0.9999956204701207 0.003014417401937225 0.0008931135833931197 -0.0030145851180265193 0.9999951985713017 0.020522806006610494 -0.1441750151405472 -0.3285321673747035
FixedParameters: 0 0 0
#Transform 8
Transform: MatrixOffsetTransformBase_double_3_3
Parameters: 0.9999989106384094 0.0006697027483521261 -0.0008005519420047787 -0.0006674493630957284 0.9999959005752168 0.002751542223052489 0.000802401726992977 -0.002751457096250881 0.9999958685275973 0.022440645309487195 -0.20956652399232212 -0.3674983673097927
FixedParameters: 0 0 0
#Transform 9
Transform: MatrixOffsetTransformBase_double_3_3
Parameters: 0.9999999357056498 0.0007209647513968941 -0.000738228860805924 -0.0007187796136724424 0.9999954390520275 0.0029935404471786026 0.0007397127073563132 -0.0029934630899867837 0.999995574513639 0.02927471280625582 -0.20562081489612183 -0.32115088391535096
FixedParameters: 0 0 0
#Transform 10
Transform: MatrixOffsetTransformBase_double_3_3
Parameters: 0.9999981220578613 0.0009892857448925208 -0.0017029708633266717 -0.0009830109237923303 0.9999934027194055 0.0033997673465850226 0.0017060968832493617 -0.0033972287317489275 0.9999926196586895 0.055054737225020745 -0.21821999635237432 -0.3652626885854886
FixedParameters: 0 0 0
#Transform 11
Transform: MatrixOffsetTransformBase_double_3_3
Parameters: 0.9999994182155844 0.0005888535962055231 -0.00048551014071341827 -0.0005864095165931124 0.9999922050924823 0.0037902900271496592 0.0004870570135614117 -0.0037907050859974922 0.9999924772541283 0.025371174878657143 -0.21219496024984608 -0.3226030994281075
FixedParameters: 0 0 0
#Transform 12
Transform: MatrixOffsetTransformBase_double_3_3
Parameters: 0.9999996742760907 0.0008355596042676065 -0.0007918601645382664 -0.0008330096914598693 0.9999929325852459 0.003645668930103041 0.0007951988608886221 -0.003645331439703678 0.999993162251838 0.031331723606413675 -0.21777388056696623 -0.3578096824229391
FixedParameters: 0 0 0
#Transform 13
Transform: MatrixOffsetTransformBase_double_3_3
Parameters: 0.999998580236282 0.0007009439929150107 -0.0017112493439461341 -0.00069512074715907 0.9999939797542182 0.003518293844787579 0.0017136624369072121 -0.0035177129585728384 0.9999928477129063 0.04972317365414369 -0.1925154345049549 -0.3444046770580229
FixedParameters: 0 0 0
#Transform 14
Transform: MatrixOffsetTransformBase_double_3_3
Parameters: 0.9999976036583054 0.0006342133088902608 -0.001998307148031948 -0.0006283662711045609 0.9999955354925721 0.002999350071632531 0.0020005913645961392 -0.0029976488432829906 0.9999930861045896 0.058474889260381246 -0.14942747863271677 -0.3629027528292994
FixedParameters: 0 0 0
#Transform 15
Transform: MatrixOffsetTransformBase_double_3_3
Parameters: 0.9999997927193203 0.0006933332565636752 -0.0008519861797457957 -0.0006904395297059196 0.999993890270256 0.0035426000969827204 0.0008551407571606552 -0.0035424055282623212 0.9999938037305987 0.02849571073960533 -0.19453824283067433 -0.3324489456772568
FixedParameters: 0 0 0
#Transform 16
Transform: MatrixOffsetTransformBase_double_3_3
Parameters: 0.999998717072051 0.0006183261285772187 -0.0017027563007031286 -0.000612538960817063 0.9999942927321522 0.0035011409954448097 0.0017055633227630186 -0.00349986664265578 0.9999929172179864 0.05377689945514419 -0.21779451608466616 -0.37605511958943794
FixedParameters: 0 0 0
#Transform 17
Transform: MatrixOffsetTransformBase_double_3_3
Parameters: 0.9999981786300722 0.0005588719545647807 -0.001873567237232958 -0.000551709400327745 0.9999938610355827 0.003572130057970163 0.001875035411205626 -0.0035708717332547935 0.9999918062580401 0.06110959868128418 -0.2231654165927921 -0.3625213763464501
FixedParameters: 0 0 0
#Transform 18
Transform: MatrixOffsetTransformBase_double_3_3
Parameters: 0.9999994405771044 0.0009083634748732383 -0.0008571439734686731 -0.0009050168326404372 0.9999945174547953 0.0032527870656804264 0.0008602159767509735 -0.0032522165202377856 0.999994765534142 0.04708628445136753 -0.21611537377725654 -0.3692825531331607
FixedParameters: 0 0 0
#Transform 19
Transform: MatrixOffsetTransformBase_double_3_3
Parameters: 0.9999972738310423 0.001028981482793635 -0.0019149567836763074 -0.0010217677713615738 0.9999912432744533 0.004069061706697713 0.0019189715993081652 -0.004066940291856377 0.999989933124307 0.045064317150533384 -0.22471795186653765 -0.36103878542203915
FixedParameters: 0 0 0
#Transform 20
Transform: MatrixOffsetTransformBase_double_3_3
Parameters: 0.9999988192334889 0.0007564534886024452 -0.0007803606421863181 -0.0007535574879161917 0.9999915436409536 0.003975595537459145 0.0007826229783845942 -0.00397540204437595 0.9999916662672423 0.03240004168071664 -0.21175898942723848 -0.3790722663925976
FixedParameters: 0 0 0
#Transform 21
Transform: MatrixOffsetTransformBase_double_3_3
Parameters: 0.9999979918717824 0.0005543882035642365 -0.00216825115044361 -0.000547879860657952 0.9999940202782331 0.003395373094112239 0.0021696589575707216 -0.0033946288116761814 0.9999919194416531 0.04348191078936736 -0.22904886068492658 -0.3404880731125246
FixedParameters: 0 0 0
#Transform 22
Transform: MatrixOffsetTransformBase_double_3_3
Parameters: 0.9999991864491361 0.0010324023405615583 -0.0008645904037069478 -0.001029550417166725 0.9999931782104745 0.003560901563006799 0.0008681912800247491 -0.003560101673296595 0.9999936538149204 0.03929982461671955 -0.2157671992229382 -0.3620115658532086
FixedParameters: 0 0 0
#Transform 23
Transform: MatrixOffsetTransformBase_double_3_3
Parameters: 0.9999993983810493 0.0009933924535293626 -0.0007845332955175426 -0.0009904863070063564 0.9999938754050861 0.0033257869125687817 0.0007873080299342621 -0.003325214309749261 0.999994405001443 0.038826629605424046 -0.18776615337930025 -0.34439780827206334
FixedParameters: 0 0 0
#Transform 24
Transform: MatrixOffsetTransformBase_double_3_3
Parameters: 0.9999996660294153 0.000926830596333914 -0.0006888146121543241 -0.0009252919888405579 0.9999937593286989 0.003518557885568943 0.0006915896635435303 -0.0035174428705039007 0.9999931539655345 0.03699831694630973 -0.1460448402617942 -0.3969672475045769
FixedParameters: 0 0 0
#Transform 25
Transform: MatrixOffsetTransformBase_double_3_3
Parameters: 0.9999971353615544 0.0009522924059386836 -0.0019891797056022383 -0.0009458156815226248 0.9999947665401214 0.0031909854989745357 0.0019927364164967804 -0.0031890162468522637 0.9999930165392521 0.05139783846419732 -0.22483715668867887 -0.3405755139810367
FixedParameters: 0 0 0
#Transform 26
Transform: MatrixOffsetTransformBase_double_3_3
Parameters: 0.9999994554325834 0.0009126189420064576 -0.0008432459144295657 -0.000910029967878487 0.9999932094284154 0.0034467745122387927 0.0008467835993619054 -0.0034462209142608474 0.9999934892159164 0.03539677895504667 -0.1841706932013949 -0.3857839985814451
FixedParameters: 0 0 0
#Transform 27
Transform: MatrixOffsetTransformBase_double_3_3
Parameters: 0.9999999283293298 0.0010300122089926397 -0.00010406802798381177 -0.0010295881794533794 0.9999932947297664 0.003555026770678607 0.00010740337845792051 -0.003554972323086422 0.9999933574660604 0.00019678948912371652 -0.18295955315018375 -0.345011704229222
FixedParameters: 0 0 0
#Transform 28
Transform: MatrixOffsetTransformBase_double_3_3
Parameters: 0.9999999008654299 0.0008258471354357362 -0.0006458277253138153 -0.0008236292193465599 0.9999934655234106 0.0034435324241423038 0.0006486808549818981 -0.0034424647906103056 0.9999937267768614 -0.005424157338708824 -0.13761741674504435 -0.35693472246362035
FixedParameters: 0 0 0
#Transform 29
Transform: MatrixOffsetTransformBase_double_3_3
Parameters: 0.9999993791215275 0.0008915018549789948 -0.0009086926410506468 -0.0008882758953309664 0.9999935345291242 0.003548818879943627 0.0009122641115305949 -0.003548184997966927 0.9999936607848277 -0.016538128076774683 -0.1308236110757548 -0.3859080487789157
FixedParameters: 0 0 0
#Transform 30
Transform: MatrixOffsetTransformBase_double_3_3
Parameters: 0.9999990252586083 0.0010238046056223094 -0.0009621229692888674 -0.001021090211858317 0.9999925832168401 0.003645991718001007 0.0009659188673567476 -0.0036450069628166104 0.9999928626047093 -0.0107572002198566 -0.19576809075400092 -0.37159834133065317
FixedParameters: 0 0 0
#Transform 31
Transform: MatrixOffsetTransformBase_double_3_3
Parameters: 0.9999995349636113 0.0006637763833591616 -0.0010120929440220285 -0.000660644003066986 0.9999932701741792 0.00363467821934102 0.001014244407014963 -0.0036343229274451855 0.9999928455078287 -0.0015375092536373813 -0.14720233072384303 -0.3786006375181188
FixedParameters: 0 0 0
#Transform 32
Transform: MatrixOffsetTransformBase_double_3_3
Parameters: 0.9999995119573256 0.000921399500138349 -0.0007993812675707826 -0.0009185112206666007 0.9999920679490737 0.003873744811988364 0.0008027674558608523 -0.0038732574746486864 0.9999924358712027 0.007452026583536053 -0.2121058780019922 -0.33792724261286367
FixedParameters: 0 0 0
#Transform 33
Transform: MatrixOffsetTransformBase_double_3_3
Parameters: 0.9999991538754082 0.0008849501098762309 -0.0010305325488241927 -0.0008818104004687814 0.9999933894530535 0.0035709199166098354 0.001034178635995937 -0.0035700825580437384 0.9999932673800394 0.0026475924982776178 -0.15493782741464202 -0.38194651815550174
FixedParameters: 0 0 0
#Transform 34
Transform: MatrixOffsetTransformBase_double_3_3
Parameters: 0.9999990118055032 0.0009558482112196904 -0.0010359889516716669 -0.0009524323343938588 0.9999924397327452 0.0036839950143102013 0.001040355977202638 -0.0036830004535752248 0.9999924356395767 0.0025318535265768105 -0.2164996027970716 -0.3450492150744111
FixedParameters: 0 0 0
#Transform 35
Transform: MatrixOffsetTransformBase_double_3_3
Parameters: 0.9999991886906395 0.0010982201901504336 -0.0007777983184692773 -0.001095330823318022 0.9999939077248947 0.003287862580028819 0.0007821836102423459 -0.003287138196039291 0.999994665582649 0.0006148011577238321 -0.18973598896208443 -0.34563700305984923
FixedParameters: 0 0 0
#Transform 36
Transform: MatrixOffsetTransformBase_double_3_3
Parameters: 0.9999993946615003 0.0009538206501895306 -0.0008339855867057183 -0.0009506095907727418 0.9999917586272482 0.0039058024259442797 0.0008376826359294885 -0.0039051972046210137 0.9999921300466411 0.0077976798346668375 -0.20487843131427041 -0.33531677856282727
FixedParameters: 0 0 0
#Transform 37
Transform: MatrixOffsetTransformBase_double_3_3
Parameters: 0.9999988898208045 0.0010374984588955509 -0.0010173893913367354 -0.0010335149869026 0.9999927162604372 0.00362406135480757 0.0010201563604574503 -0.0036229380280540235 0.9999929139580872 0.003154733584452174 -0.19878756790886598 -0.3826326222172014
FixedParameters: 0 0 0
#Transform 38
Transform: MatrixOffsetTransformBase_double_3_3
Parameters: 0.9999990799254076 0.0009815694481622094 -0.0009777280523172581 -0.000978488741793028 0.9999927109576575 0.0037749700266506703 0.0009814675289117514 -0.003774036524763588 0.9999928751276835 -0.009938027909058178 -0.21811252259219316 -0.37888850275224684
FixedParameters: 0 0 0
#Transform 39
Transform: MatrixOffsetTransformBase_double_3_3
Parameters: 0.9999988990345017 0.0010296905990718223 -0.0010202658030849427 -0.0010257164491371596 0.9999910971459594 0.004095058274319274 0.0010240262720808042 -0.004093943912200568 0.9999912718609758 -0.0029393971723692403 -0.20394503096616745 -0.41984703072748175
FixedParameters: 0 0 0
#Transform 40
Transform: MatrixOffsetTransformBase_double_3_3
Parameters: 0.9999982158434011 0.0012699909851390915 -0.0014734871819574238 -0.00126360499112293 0.9999879533448383 0.004720883460247807 0.0014790429360557482 -0.004719116324866934 0.9999877054092663 0.002976260591509572 -0.2398365300077785 -0.42253419529734515
FixedParameters: 0 0 0
#Transform 41
Transform: MatrixOffsetTransformBase_double_3_3
Parameters: 0.9999984043184584 0.0012108741868380373 -0.00106259477212741 -0.0012067035612045713 0.9999912846135917 0.004022296300866937 0.0010676616800125247 -0.004020707830306752 0.9999917746121383 0.009465991684592723 -0.2126581377515464 -0.40804200085614184
FixedParameters: 0 0 0
#Transform 42
Transform: MatrixOffsetTransformBase_double_3_3
Parameters: 0.9999983923742761 0.001016629748403288 -0.001254737914629123 -0.0010112278655481915 0.9999904474492082 0.004295282228171576 0.0012588731015708832 -0.00429372016446343 0.999990059260165 0.027359015243206386 -0.213830297632569 -0.3840028425398714
FixedParameters: 0 0 0
#Transform 43
Transform: MatrixOffsetTransformBase_double_3_3
Parameters: 0.9999988509224722 0.0011933652737652325 -0.0008514400369366806 -0.0011896945478404699 0.9999903630485188 0.0041400232464267606 0.0008565673923202779 -0.004138974666213963 0.9999912167970143 -0.00032815427374544015 -0.20599824839648306 -0.36449261418589174
FixedParameters: 0 0 0
#Transform 44
Transform: MatrixOffsetTransformBase_double_3_3
Parameters: 0.9999980411453214 0.0013114359618794102 -0.0011132983550819584 -0.001306478257070274 0.9999903330995903 0.004228470212325308 0.0011187135808973525 -0.004226535160019335 0.9999909643245491 0.012774852059891373 -0.21990023599005326 -0.3342341735688734
FixedParameters: 0 0 0
#Transform 45
Transform: MatrixOffsetTransformBase_double_3_3
Parameters: 0.9999982636794275 0.0010501551519299733 -0.001278178366177385 -0.0010451077776519049 0.9999894980107857 0.004499357175534513 0.0012821168097930688 -0.004498648063446742 0.9999892834106685 0.027428848279541285 -0.19622552166993046 -0.35792336379108747
FixedParameters: 0 0 0
#Transform 46
Transform: MatrixOffsetTransformBase_double_3_3
Parameters: 0.9999986316667486 0.0012169986423445692 -0.0013736588824008178 -0.0012116532230814474 0.9999900095007861 0.004294677835989649 0.0013785981610953848 -0.004292322255298978 0.9999897536802561 0.01683935276062698 -0.22199794266886386 -0.3448701393127749
FixedParameters: 0 0 0
#Transform 47
Transform: MatrixOffsetTransformBase_double_3_3
Parameters: 0.9999983450571399 0.0011263040398012763 -0.0011776246268028904 -0.0011208717540358625 0.9999882975044037 0.004622329646945311 0.001182439878321191 -0.004620664462874138 0.9999883307992055 0.01783819034062617 -0.19879933986042886 -0.3837402808217121
FixedParameters: 0 0 0
#Transform 48
Transform: MatrixOffsetTransformBase_double_3_3
Parameters: 0.9999980598648801 0.0011743849364616401 -0.0012491423079524773 -0.0011693633681310227 0.9999901577041658 0.004160477019385711 0.0012543188583474046 -0.004159516405420491 0.9999902908131175 0.019882908550968637 -0.21109030050364197 -0.3282947481047813
FixedParameters: 0 0 0
#Transform 49
Transform: MatrixOffsetTransformBase_double_3_3
Parameters: 0.9999980954788225 0.0012111895050766087 -0.0011990903627098382 -0.0012060272073680985 0.9999916303080119 0.003978375879547039 0.0012040494557846156 -0.003976621306280223 0.9999908240215936 0.026476962079485133 -0.20967794318565325 -0.403385715260697
FixedParameters: 0 0 0
#Transform 50
Transform: MatrixOffsetTransformBase_double_3_3
Parameters: 0.999998844754937 0.001083974502715013 -0.0014074317819477745 -0.001077262908267182 0.9999902389871139 0.004293536342100557 0.0014121365267033747 -0.00429246259243557 0.9999897458754161 0.020407418886179585 -0.22632206928388143 -0.3510478880216681
FixedParameters: 0 0 0
#Transform 51
Transform: MatrixOffsetTransformBase_double_3_3
Parameters: 0.9999984763023122 0.0013499666278972327 -0.0008375025007111927 -0.0013463955532951836 0.9999904833199819 0.004197058491459987 0.0008430838337334071 -0.004195942643521369 0.9999907715757523 0.01119933352293856 -0.2011597741630453 -0.3764793621711391
FixedParameters: 0 0 0
#Transform 52
Transform: MatrixOffsetTransformBase_double_3_3
Parameters: 0.9999979952966329 0.0012966652138823552 -0.001150084022140063 -0.0012920967474344778 0.9999892724289025 0.004356497220050742 0.0011557893100379414 -0.004354499096113226 0.9999897819148793 0.021240229301085378 -0.21182119550071832 -0.34399563501138175
FixedParameters: 0 0 0
#Transform 53
Transform: MatrixOffsetTransformBase_double_3_3
Parameters: 0.9999986237464241 0.0011048698648918125 -0.001075027930885345 -0.0010999740955867905 0.9999900278902667 0.004312201995796586 0.0010798798364803559 -0.004311799510540407 0.9999904089670717 0.007436316380520225 -0.2103790060303936 -0.4017741629775742
FixedParameters: 0 0 0
#Transform 54
Transform: MatrixOffsetTransformBase_double_3_3
Parameters: 0.9999988038221593 0.001262625620791685 -0.0012657485718798904 -0.0012569693715875397 0.9999890809918687 0.004388601011899043 0.0012712332228145286 -0.004386391482642499 0.9999892223350678 0.01502683841422936 -0.20338632748085672 -0.366145369042556
FixedParameters: 0 0 0
#Transform 55
Transform: MatrixOffsetTransformBase_double_3_3
Parameters: 0.9999982106779297 0.0014280997001289977 -0.0008663833423625023 -0.001424038749307301 0.9999896452169207 0.004386166565753011 0.0008721608178875834 -0.0043848371659153396 0.9999901000123059 0.004682782693777199 -0.19981454934148246 -0.4118504487853869
FixedParameters: 0 0 0
#Transform 56
Transform: MatrixOffsetTransformBase_double_3_3
Parameters: 0.9999982820540848 0.0011487840920039417 -0.0011826088904477903 -0.0011437475283226676 0.9999899306159231 0.004436369638811832 0.001187207341188389 -0.004434639758193568 0.999990003856131 0.0036442825114306743 -0.21511736874438725 -0.38195351581870796
FixedParameters: 0 0 0
#Transform 57
Transform: MatrixOffsetTransformBase_double_3_3
Parameters: 0.9999987641619386 0.0009245115857972614 -0.0011753499935417914 -0.0009187242805276346 0.9999906690426014 0.004290093400399375 0.0011795978031622157 -0.004288909597523025 0.9999902952962423 0.00007529398774863694 -0.21812609312907227 -0.3881752461889221
FixedParameters: 0 0 0
#Transform 58
Transform: MatrixOffsetTransformBase_double_3_3
Parameters: 0.9999992592306606 0.001014570300445366 -0.0008433390575473366 -0.0010106283042056355 0.9999904692033645 0.004291779854993044 0.0008482895092352362 -0.004291216801340245 0.9999899559118118 0.002262783326031581 -0.21453720542810117 -0.36780412395367534
FixedParameters: 0 0 0
#Transform 59
Transform: MatrixOffsetTransformBase_double_3_3
Parameters: 0.9999991887325926 0.0010829579090724539 -0.0007998351424535904 -0.00107892347022594 0.999991626906431 0.004014791559499395 0.000803694738560551 -0.004014208129206956 0.9999913292626371 -0.003603949919622096 -0.19622809797553487 -0.38475947544357325
FixedParameters: 0 0 0
#Transform 60
Transform: MatrixOffsetTransformBase_double_3_3
Parameters: 0.9999984644394042 0.001185660906002711 -0.0010627894422140678 -0.0011817580630301837 0.99999125662383 0.003896272587822977 0.0010673575146820109 -0.0038957242462571984 0.9999918500618534 0.001294281885279247 -0.2157555626088623 -0.3618809644070211
FixedParameters: 0 0 0
#Transform 61
Transform: MatrixOffsetTransformBase_double_3_3
Parameters: 0.9999983054584548 0.0012323210647670925 -0.0010842396591930507 -0.0012278227928971236 0.9999906648010891 0.004092343122935174 0.0010896499601836453 -0.00409065563949873 0.9999911597552528 0.0013704873325792732 -0.20836873250721055 -0.3753364313129879
FixedParameters: 0 0 0
#Transform 62
Transform: MatrixOffsetTransformBase_double_3_3
Parameters: 0.999998565528866 0.0010482707788262058 -0.0011560238107770997 -0.0010429797189018839 0.9999903316203528 0.004183214543464792 0.0011601150747416365 -0.004181779288996476 0.9999902471477373 0.008445891892705504 -0.2160246105917878 -0.3489093892149384
FixedParameters: 0 0 0
#Transform 63
Transform: MatrixOffsetTransformBase_double_3_3
Parameters: 0.999998409297948 0.0013714996136080784 -0.0008424754048669776 -0.0013682229740440218 0.9999910470230198 0.003999081792357723 0.0008476962268263416 -0.0039979163791637184 0.9999913861292024 0.011619497889242325 -0.21335677090551997 -0.3722198677212418
FixedParameters: 0 0 0
#Transform 64
Transform: MatrixOffsetTransformBase_double_3_3
Parameters: 0.9999992590870562 0.0009615650754593338 -0.0009036089843993795 -0.0009574689212072094 0.9999913265923548 0.004093870283014167 0.0009077228967098206 -0.004092132270028928 0.9999914270317753 0.01243079609258757 -0.20361572604754485 -0.3587492348943755
FixedParameters: 0 0 0
#Transform 65
Transform: MatrixOffsetTransformBase_double_3_3
Parameters: 0.9999982830806097 0.0016004281736268547 -0.001075347828597551 -0.001595569107685862 0.9999889582828624 0.004405647892890663 0.0010817793293959824 -0.004403350685542956 0.9999895253394662 0.0227433765849554 -0.22131809441505368 -0.38838508464080235
FixedParameters: 0 0 0
#Transform 66
Transform: MatrixOffsetTransformBase_double_3_3
Parameters: 0.999998409383812 0.001552200891031154 -0.0010869528143556079 -0.0015475709050935922 0.9999896614929845 0.004215619102520801 0.0010933697098767718 -0.004214376304554318 0.9999902152706871 0.02498728291813279 -0.2254070975416198 -0.356114636705982
FixedParameters: 0 0 0
#Transform 67
Transform: MatrixOffsetTransformBase_double_3_3
Parameters: 0.9999985648055394 0.0010803963626042925 -0.0011257943938319964 -0.0010759765806900498 0.999991689481228 0.0038712286869772156 0.0011304829575904862 -0.003870769132165053 0.9999919059205334 0.026722608117822233 -0.16230549915303527 -0.4196956080557186
FixedParameters: 0 0 0
#Transform 68
Transform: MatrixOffsetTransformBase_double_3_3
Parameters: 0.9999992335916174 0.0010163545011429539 -0.0008567672662097444 -0.0010127803213700888 0.9999913931193619 0.004061880539704618 0.0008602712599758901 -0.004061125054873507 0.9999918487346403 0.02023515388516728 -0.20171431545817597 -0.3452801470834146
FixedParameters: 0 0 0
#Transform 69
Transform: MatrixOffsetTransformBase_double_3_3
Parameters: 0.999998712761175 0.001292642956733917 -0.0012708961781563955 -0.0012883340881902545 0.999991662763237 0.0038096564480961104 0.0012761536704109263 -0.003808342641631962 0.999992032910309 0.02158179292365503 -0.2127912913876031 -0.397777553876395
FixedParameters: 0 0 0
#Transform 70
Transform: MatrixOffsetTransformBase_double_3_3
Parameters: 0.9999982140490439 0.0016245800423465703 -0.0010707144697859204 -0.0016203189200557535 0.9999904158351482 0.004107668725324337 0.0010773910104295674 -0.004105333413298981 0.9999910713467011 0.021365507311159604 -0.21753553149898153 -0.3375731041164727
FixedParameters: 0 0 0
#Transform 71
Transform: MatrixOffsetTransformBase_double_3_3
Parameters: 0.9999994062615097 0.0009190250376781593 -0.0008656390538250336 -0.0009160501529547797 0.999992910398504 0.00362880270851422 0.0008685569119200662 -0.0036281980866219726 0.9999931637384554 -0.0027205575300826013 -0.14077143435115147 -0.38797854591184944
FixedParameters: 0 0 0
#Transform 72
Transform: MatrixOffsetTransformBase_double_3_3
Parameters: 0.9999981262700808 0.0013849261258007358 -0.000978015819009457 -0.0013806755926597828 0.9999914560994844 0.003943281117718675 0.000983185245636311 -0.00394171905137905 0.9999915834141887 0.0036008314724682577 -0.20842100678535758 -0.3443509326981058
FixedParameters: 0 0 0
#Transform 73
Transform: MatrixOffsetTransformBase_double_3_3
Parameters: 0.9999988223743991 0.0012276186414681897 -0.0008187158464561886 -0.0012251277186428517 0.9999925369591405 0.0035890137743466027 0.0008227801889660309 -0.00358798725387012 0.9999935306502941 0.0015135770521226277 -0.17045529772391887 -0.3873245917092589
FixedParameters: 0 0 0
#Transform 74
Transform: MatrixOffsetTransformBase_double_3_3
Parameters: 0.9999985104747763 0.0013210055880183455 -0.0008622339190994373 -0.001318109334407299 0.9999900013892831 0.004263065112646777 0.0008678311343034152 -0.004261932080453154 0.9999901710973645 0.0016092674872538737 -0.21691583210349563 -0.3238707904826299
FixedParameters: 0 0 0
#Transform 75
Transform: MatrixOffsetTransformBase_double_3_3
Parameters: 0.9999991002176648 0.0010381100660756945 -0.0009062279803462632 -0.0010349781756524032 0.9999935623377533 0.0035049506621537274 0.0009107490548083046 -0.003504053850763425 0.9999939747368463 0.004784685026407942 -0.13823757552299298 -0.389804274569002
FixedParameters: 0 0 0
#Transform 76
Transform: MatrixOffsetTransformBase_double_3_3
Parameters: 0.9999994166020617 0.0011856320350452471 -0.00042200311153900455 -0.001183854101253782 0.9999924895846863 0.0037554213063367564 0.0004259993146986841 -0.003754579963738097 0.9999927268521269 -0.019503968853399556 -0.19831826572239208 -0.362756473692329
FixedParameters: 0 0 0
#Transform 77
Transform: MatrixOffsetTransformBase_double_3_3
Parameters: 0.9999985044926072 0.001220136998076442 -0.0014165826993420578 -0.0012155838537101333 0.9999946663624272 0.00312673566395133 0.0014205367771309197 -0.0031242670089595 0.9999943005568706 -0.012500790697572484 -0.13993624631677903 -0.477822598428034
FixedParameters: 0 0 0
#Transform 78
Transform: MatrixOffsetTransformBase_double_3_3
Parameters: 0.9999972555972295 0.0016947597958151279 -0.001368341275028681 -0.0016898981625571902 0.9999922935442368 0.0034063406835777993 0.001374215708961181 -0.003404659071872207 0.999993767099111 -0.038793078454659735 -0.13344469387118352 -0.5102178020453039
FixedParameters: 0 0 0
#Transform 79
Transform: MatrixOffsetTransformBase_double_3_3
Parameters: 0.9999948547056989 0.0014162624735936022 -0.0028534513317395255 -0.0014052446277837882 0.9999913746591005 0.003776306306109492 0.002857944092715357 -0.00377269177296026 0.9999889861799639 -0.0015226739209737161 -0.12844759860637112 -0.5215463731691585
FixedParameters: 0 0 0
#Transform 80
Transform: MatrixOffsetTransformBase_double_3_3
Parameters: 0.9999948047274676 0.0017100536553765271 -0.002876025603268809 -0.0016985538658789803 0.999990584118624 0.004017105611735322 0.002882637775653652 -0.004011897247487378 0.9999879879567128 0.0014018949144229964 -0.12026245608963393 -0.5676093730157845
FixedParameters: 0 0 0
#Transform 81
Transform: MatrixOffsetTransformBase_double_3_3
Parameters: 0.9999981815504952 0.0020059892927444785 -0.0008919279549976702 -0.0020016269573939803 0.9999880233495856 0.004559650067154433 0.0009004782281047711 -0.004558358208064606 0.9999895889352113 -0.008469338186998243 -0.15224771895965716 -0.6128841598236505
FixedParameters: 0 0 0
#Transform 82
Transform: MatrixOffsetTransformBase_double_3_3
Parameters: 0.99999814148691 0.002084774696384645 -0.0007150388585365171 -0.0020823942805892055 0.9999890366293155 0.004304261390251293 0.0007232518037052944 -0.004302741129004098 0.9999900644058297 -0.008623271767817187 -0.10427631595399589 -0.6658287920369048
FixedParameters: 0 0 0
#Transform 83
Transform: MatrixOffsetTransformBase_double_3_3
Parameters: 0.9999978752199162 0.0018381978367540564 -0.0013204318030573885 -0.0018330325268045647 0.9999885449974448 0.004454372973920956 0.0013293002677728213 -0.0044526321051020085 0.9999896626281182 0.01067064042328525 -0.08795506445082424 -0.73690316914616
FixedParameters: 0 0 0
#Transform 84
Transform: MatrixOffsetTransformBase_double_3_3
Parameters: 0.999997084622941 0.001788441014395922 -0.0019272012456495527 -0.0017832311933533098 0.9999935387352304 0.0030064657248309035 0.0019334408240004844 -0.0030025309401014583 0.9999934917852407 0.028574973509719825 -0.07626499818240973 -0.7959857101603944
FixedParameters: 0 0 0
#Transform 85
Transform: MatrixOffsetTransformBase_double_3_3
Parameters: 0.9999958005333072 0.001866111360239633 -0.0023909169464545544 -0.001856991677807559 0.9999908884631374 0.003916485097336289 0.0023982536081806173 -0.0039115160462717125 0.9999892730859742 0.03158721738820702 -0.08852360324911501 -0.8145889450376416
FixedParameters: 0 0 0
#Transform 86
Transform: MatrixOffsetTransformBase_double_3_3
Parameters: 0.9999951923762739 0.00205575248198929 -0.002140488214728774 -0.0020476364573445757 0.9999909802126096 0.0036744263934107846 0.002148156421299061 -0.003669573638383536 0.9999912448453151 0.026168370728498758 -0.09950777538384159 -0.8041669437279495
FixedParameters: 0 0 0
#Transform 87
Transform: MatrixOffsetTransformBase_double_3_3
Parameters: 0.9999962465826095 0.001737672737369371 -0.002394696384116603 -0.0017279983468546905 0.9999904846431432 0.0040262659010111695 0.0024014066776164083 -0.004021737960816993 0.9999893765697627 0.030972325033516768 -0.09078482397640641 -0.7565279742509574
FixedParameters: 0 0 0
#Transform 88
Transform: MatrixOffsetTransformBase_double_3_3
Parameters: 0.9999978749398123 0.001658255762084499 -0.0015412509494562936 -0.001650640588532415 0.9999864909648688 0.004961487713991214 0.0015492670243870688 -0.004958511046749575 0.9999861804154515 0.004900214058409347 -0.0990273492051017 -0.712471959024839
FixedParameters: 0 0 0
#Transform 89
Transform: MatrixOffsetTransformBase_double_3_3
Parameters: 0.9999977515290025 0.0017621011783744832 -0.0014640106029622949 -0.0017562269150499562 0.9999904864302019 0.0038955167541537966 0.001471146027725646 -0.0038934763481801027 0.9999909307106581 -0.0067782877283804055 -0.09627171422340552 -0.746057543428094
FixedParameters: 0 0 0
#Transform 90
Transform: MatrixOffsetTransformBase_double_3_3
Parameters: 0.9999967255170423 0.0016787968209769652 -0.0018588457821008624 -0.0016690835846408865 0.9999867315557681 0.0049231413116997 0.0018680049252513763 -0.004919862449775478 0.9999865512491486 -0.0051446507563497335 -0.11215380575075073 -0.7028144886331376
FixedParameters: 0 0 0
#Transform 91
Transform: MatrixOffsetTransformBase_double_3_3
Parameters: 0.9999975712855221 0.001809135931250312 -0.0014674609256482784 -0.0018038718746542482 0.9999903604947968 0.004016597139274061 0.0014754842103119495 -0.004014403715250567 0.9999909621330706 0.020956347529718755 -0.07856387133810472 -0.7260188735822055
FixedParameters: 0 0 0
#Transform 92
Transform: MatrixOffsetTransformBase_double_3_3
Parameters: 0.9999969750756232 0.001687961035427914 -0.0014749885740840574 -0.0016809909979257557 0.9999877552954394 0.004600426409308148 0.0014830027035139218 -0.004598566749667118 0.9999879087343935 0.030704954039549648 -0.10463880164577688 -0.6114135023860854
FixedParameters: 0 0 0
#Transform 93
Transform: MatrixOffsetTransformBase_double_3_3
Parameters: 0.9999972693482752 0.0016758584621679037 -0.0017090082018719776 -0.0016708586293912929 0.9999927289725554 0.00335188495102387 0.0017147332339674918 -0.0033491154991436567 0.9999930885786162 0.034662116646458685 -0.09248917157134429 -0.7520651433190153
FixedParameters: 0 0 0
#Transform 94
Transform: MatrixOffsetTransformBase_double_3_3
Parameters: 0.9999970676713364 0.001577510388491262 -0.0018552833616251776 -0.0015704715911830575 0.9999897003969952 0.0041939439741028595 0.001862160401676622 -0.004191052433874284 0.9999892129704331 0.04973008092873954 -0.08336388937192396 -0.6902509677984057
FixedParameters: 0 0 0
#Transform 95
Transform: MatrixOffsetTransformBase_double_3_3
Parameters: 0.9999978999892644 0.0015981283199813753 -0.0012431050208918416 -0.0015933395402928754 0.9999900609929822 0.004150919831535094 0.0012497829138874146 -0.004149078295881847 0.9999903938204968 0.012108432239685385 -0.08088040282713393 -0.723239660031453
FixedParameters: 0 0 0
#Transform 96
Transform: MatrixOffsetTransformBase_double_3_3
Parameters: 0.9999965229966189 0.0020223621395978626 -0.0015453146849066788 -0.002015265735128329 0.9999875707611358 0.004485065698221449 0.001553942766402802 -0.004481931873716816 0.9999887484347851 0.02403049491866227 -0.11474641351648529 -0.7159706907491454
FixedParameters: 0 0 0
#Transform 97
Transform: MatrixOffsetTransformBase_double_3_3
Parameters: 0.9999950782592372 0.0015084089292852082 -0.0025782616248115576 -0.0014987557973069388 0.9999930991256971 0.0035119891394785607 0.002583492514130534 -0.003508010934314257 0.9999903388024025 0.04738516448432506 -0.09693483230303457 -0.7628062698765348
FixedParameters: 0 0 0
#Transform 98
Transform: MatrixOffsetTransformBase_double_3_3
Parameters: 0.9999981250964862 0.0016566630966661537 -0.0010634128881835902 -0.0016515846574066241 0.9999884318782221 0.004555691645874729 0.0010708350518687756 -0.004553311211165742 0.9999892060096499 0.009080633871136001 -0.10991591477441887 -0.6460466085064098
FixedParameters: 0 0 0
#Transform 99
Transform: MatrixOffsetTransformBase_double_3_3
Parameters: 0.9999973107397067 0.0018694915529208064 -0.0014808619382296545 -0.0018659553500058508 0.9999951055589518 0.0026746276664901675 0.0014861932527666822 -0.0026723723816918232 0.9999949099307098 0.02076533574549444 -0.0984947462318786 -0.7693012521129248
FixedParameters: 0 0 0
#Transform 100
Transform: MatrixOffsetTransformBase_double_3_3
Parameters: 0.9999970780222639 0.001730099879073478 -0.0017117536898257377 -0.0017224250967160374 0.999989373506426 0.004172979353439785 0.0017186745118292395 -0.004170017214694899 0.9999899015029154 0.04500776731920553 -0.11241206113602686 -0.6849995712641714
FixedParameters: 0 0 0
#Transform 101
Transform: MatrixOffsetTransformBase_double_3_3
Parameters: 0.9999970921186807 0.001431354533282379 -0.001690895094045534 -0.0014268459855641753 0.9999960030802302 0.0026074344404241473 0.0016946847954365974 -0.0026045692356569533 0.9999955065173265 0.042137526936599556 -0.0979945168485159 -0.7405178739340244
FixedParameters: 0 0 0
#Transform 102
Transform: MatrixOffsetTransformBase_double_3_3
Parameters: 0.9999977544024556 0.0016266413042291925 -0.0012651739040755155 -0.0016203506467817443 0.9999899099211027 0.004276993404101134 0.0012724094164164328 -0.004275010092353787 0.999990275908605 0.020771972065318778 -0.10189630092477842 -0.6121285550501909
FixedParameters: 0 0 0
#Transform 103
Transform: MatrixOffsetTransformBase_double_3_3
Parameters: 0.9999968562658168 0.0014519245917953838 -0.002008763703083184 -0.0014473416266941178 0.9999956062035364 0.0024620164254154503 0.0020123205146992365 -0.0024589837011476656 0.9999951419046833 0.03905127225539218 -0.0923147341437982 -0.7310679257005575
FixedParameters: 0 0 0
#Transform 104
Transform: MatrixOffsetTransformBase_double_3_3
Parameters: 0.9999981003843679 0.0013647878525659169 -0.0014268828367263408 -0.00136012387968839 0.9999918025697533 0.0038958796273841217 0.0014320082225356824 -0.003894120969771389 0.999990955617933 0.02806274706065892 -0.1114587773457032 -0.5722582143910842
FixedParameters: 0 0 0
#Transform 105
Transform: MatrixOffsetTransformBase_double_3_3
Parameters: 0.9999983979814112 0.0016047913819555743 -0.0010133661032861885 -0.001600365769201025 0.99999122285143 0.0038895541170926445 0.0010200954097547624 -0.0038874452158521033 0.9999919341266079 0.029752550673023848 -0.10380988920134371 -0.600191152404463
FixedParameters: 0 0 0
#Transform 106
Transform: MatrixOffsetTransformBase_double_3_3
Parameters: 0.9999975698714487 0.0014162982326037534 -0.0015568332955392336 -0.0014106275465334101 0.999992257535922 0.003548214575799055 0.0015622869520569333 -0.003545778936420871 0.99999214983383 0.04794050419017992 -0.07019284870719389 -0.598618973095185
FixedParameters: 0 0 0
#Transform 107
Transform: MatrixOffsetTransformBase_double_3_3
Parameters: 0.9999983114186721 0.0016414336677306185 -0.000996717916549472 -0.0016376810276783375 0.999989955192444 0.0041565645547019525 0.0010036956431046947 -0.004154434643906843 0.9999908196882162 0.018518853433519666 -0.11688778999209148 -0.6310598997726231
FixedParameters: 0 0 0
#Transform 108
Transform: MatrixOffsetTransformBase_double_3_3
Parameters: 0.9999980185981069 0.0013795209487016112 -0.0010382860080409373 -0.0013750840348641634 0.9999896985833737 0.004281441625547569 0.0010444250958288512 -0.00427955965734525 0.9999906744536047 0.023060654486030785 -0.10191464307170861 -0.6555074755397641
FixedParameters: 0 0 0
#Transform 109
Transform: MatrixOffsetTransformBase_double_3_3
Parameters: 0.9999970971595521 0.0017142092344642054 -0.0017216345614078181 -0.001707611673396938 0.9999898161805563 0.004125972354615676 0.0017283484134095947 -0.004123029429183467 0.9999902577763394 0.05500144148969355 -0.13201670804582477 -0.6289170761511684
FixedParameters: 0 0 0
#Transform 110
Transform: MatrixOffsetTransformBase_double_3_3
Parameters: 0.9999965025230393 0.0016436951687876951 -0.0021902966922354122 -0.0016349189528395492 0.9999921326490552 0.003723623251242314 0.0021960968617257804 -0.0037203788601384985 0.9999906631503958 0.061313233477648055 -0.12140879650766578 -0.6743433289869643
FixedParameters: 0 0 0
#Transform 111
Transform: MatrixOffsetTransformBase_double_3_3
Parameters: 0.9999987284364177 0.0014183438071485965 -0.0011222224372739063 -0.0014137670494892536 0.9999886404850883 0.004503601053447798 0.001128407322433841 -0.004501400593121568 0.9999895426929621 0.03603635810854655 -0.11317574238010764 -0.626003750780697
FixedParameters: 0 0 0
#Transform 112
Transform: MatrixOffsetTransformBase_double_3_3
Parameters: 0.9999980569534352 0.0012568211910500603 -0.001167514304783832 -0.0012529227040804529 0.9999912914986074 0.00400747732494143 0.0011719995120640409 -0.0040055280947646765 0.9999916611961999 0.03025266615044586 -0.1184564376267474 -0.7037119281087882
FixedParameters: 0 0 0
#Transform 113
Transform: MatrixOffsetTransformBase_double_3_3
Parameters: 0.9999946919552117 0.0019656189791116994 -0.0025385682032839753 -0.0019538009567028982 0.9999871464666477 0.00464210719580381 0.0025476894085692276 -0.0046378956382555625 0.9999864859332208 0.049605693338691026 -0.18635717073746605 -0.5115776155723069
FixedParameters: 0 0 0
#Transform 114
Transform: MatrixOffsetTransformBase_double_3_3
