#Insight Transform File V1.0
#Transform 0
Transform: MatrixOffsetTransformBase_double_3_3
Parameters: 0.999998995317602 0.0003303112774465974 -0.0009464134248597347 -0.00032755653287006465 0.9999963328992097 0.0025473916916871897 0.0009472421204589378 -0.0025476080270843138 0.9999966828824538 0.04024630938511109 -0.20949395992495567 -0.2981461525163098
FixedParameters: 0 0 0
#Transform 1
Transform: MatrixOffsetTransformBase_double_3_3
Parameters: 0.9999996021785267 0.00013515536306511525 -0.0006162784616051104 -0.00013318304261387604 0.9999942357626338 0.0032791576571098574 0.0006163111171830471 -0.0032788427502036394 0.9999948626729322 0.013519841581100422 -0.30118594893156114 -0.30239119571859874
FixedParameters: 0 0 0
#Transform 2
Transform: MatrixOffsetTransformBase_double_3_3
Parameters: 0.9999998404531186 0.0002898227574531221 -0.00027475944136894396 -0.0002895710923380463 0.9999971224271449 0.0024070800575530793 0.0002752318389021409 -0.0024069207297185424 0.999997130708838 -0.019784837039878767 -0.16129487194513104 -0.2304633914613845
FixedParameters: 0 0 0
#Transform 3
Transform: MatrixOffsetTransformBase_double_3_3
Parameters: 0.9999991639020718 0.0006808997792843644 -0.0006107634142879997 -0.0006792725340181795 0.9999985236641631 0.0013924205809240087 0.0006116602733121134 -0.0013925779842679092 0.999998762124788 0.011690774387787428 -0.06745048028135159 -0.31898369036397867
FixedParameters: 0 0 0
#Transform 4
Transform: MatrixOffsetTransformBase_double_3_3
Parameters: 0.9999991198996068 0.0009342473547704796 -0.0000855202939205644 -0.0009340718447234336 0.999997570352249 0.0018860807164791243 0.00008704958242341169 -0.0018859195107729099 0.999998435546941 0.0034714506801378775 -0.16520177506646405 -0.22883048806092177
FixedParameters: 0 0 0
#Transform 5
Transform: MatrixOffsetTransformBase_double_3_3
Parameters: 0.9999995913327241 0.0006367415380040684 0.00005590225416089911 -0.0006370753140163025 0.9999970388982017 0.002356965432340305 -0.000053897043932440994 -0.002357035367771612 0.9999974415180773 -0.0022077077490081365 -0.15230874019002272 -0.3106510589463056
FixedParameters: 0 0 0
#Transform 6
Transform: MatrixOffsetTransformBase_double_3_3
Parameters: 0.9999993545397683 0.0007388442348470366 -0.0003159588161929301 -0.000737812487512104 0.9999984028644259 0.001747234773544784 0.00031754135743737767 -0.0017467670434828109 0.9999988476486691 0.010223797257438605 -0.1572835301054738 -0.2427440710957285
FixedParameters: 0 0 0
#Transform 7
Transform: MatrixOffsetTransformBase_double_3_3
Parameters: 0.999999456729465 0.0006679143981488133 -0.0003110174385105881 -0.0006681393781244322 0.999998704144385 0.001360208006796662 0.0003119122696136439 -0.0013597918745904963 0.9999990533829991 -0.0020013802950984427 -0.17206048355623693 -0.2635818570154811
FixedParameters: 0 0 0
#Transform 8
Transform: MatrixOffsetTransformBase_double_3_3
Parameters: 0.9999991880690265 0.0008972457214634094 0.00008116181514777085 -0.0008977927702991232 0.9999970185773571 0.002483854425210222 -0.00007869729704522224 -0.002484147441226367 0.9999968289536146 -0.010910596636691139 -0.163911420704423 -0.25840261116863417
FixedParameters: 0 0 0
#Transform 9
Transform: MatrixOffsetTransformBase_double_3_3
Parameters: 0.999999241831418 0.0008130399939297763 0.0003123306198110393 -0.0008132344985524257 0.9999981239608425 0.001792747408412454 -0.00031048686581390083 -0.0017932538473302145 0.9999986881639479 0.001591327694640654 -0.14825543146585574 -0.2893034037950315
FixedParameters: 0 0 0
#Transform 10
Transform: MatrixOffsetTransformBase_double_3_3
Parameters: 0.9999997877525599 0.0008400102512539254 -0.0007116090019126475 -0.0008388795331419806 0.9999988995988328 0.0015465231285438225 0.0007132823648515114 -0.001545476546945021 0.9999981079182653 0.049747832501864764 -0.1471974010649717 -0.2228216146939701
FixedParameters: 0 0 0
#Transform 11
Transform: MatrixOffsetTransformBase_double_3_3
Parameters: 0.9999998163685668 0.0008077837813864119 -0.0007291036441136327 -0.0008063577404188126 0.999998163939797 0.0017635951083624646 0.0007300307965389647 -0.001763406242225346 0.9999984325551913 0.032863834415593374 -0.15416120252855592 -0.22840083599521677
FixedParameters: 0 0 0
#Transform 12
Transform: MatrixOffsetTransformBase_double_3_3
Parameters: 0.9999993188887352 0.0008252572533776504 6.737417431025388e-8 -0.0008253313584009474 0.9999990032834085 0.0011470007286671635 8.286708433747737e-7 -0.0011470001018514392 0.9999996843850618 0.008841605169891409 -0.13960194839214068 -0.20077280307654632
FixedParameters: 0 0 0
#Transform 13
Transform: MatrixOffsetTransformBase_double_3_3
Parameters: 0.9999992608021173 0.0008677449966388534 -0.0009930846289325217 -0.0008661082132198105 0.9999994955214623 0.0008238668285688172 0.0009945124620138876 -0.0008231324840544951 0.9999994089759952 0.02848571997914462 -0.07748116822389761 -0.22850171453977453
FixedParameters: 0 0 0
#Transform 14
Transform: MatrixOffsetTransformBase_double_3_3
Parameters: 0.9999996597552041 0.0005774792380228791 -0.00008223387245303486 -0.0005773952247134381 0.9999994074873197 0.0005090473492685293 0.0000828217060121092 -0.0005089520406165449 0.9999997341061947 0.026677195370950813 -0.06026865915691815 -0.2193047008683351
FixedParameters: 0 0 0
#Transform 15
Transform: MatrixOffsetTransformBase_double_3_3
Parameters: 0.9999992855708322 0.0007156974467571162 -0.00045011300589843303 -0.0007147887622594726 0.9999992959665361 0.0010923226170891503 0.00045067791624580624 -0.0010916783332525215 0.999999604674159 0.03547569240744508 -0.06172191448123954 -0.21673303296694257
FixedParameters: 0 0 0
#Transform 16
Transform: MatrixOffsetTransformBase_double_3_3
Parameters: 0.9999991960697638 0.0007263073529996116 -0.0011298989134974045 -0.0007253125637640543 0.9999995621249704 0.0009148262153892972 0.0011303042179244519 -0.0009141744946123548 0.9999989613226041 0.05033142217848763 -0.07034733563199325 -0.21972592871767915
FixedParameters: 0 0 0
#Transform 17
Transform: MatrixOffsetTransformBase_double_3_3
Parameters: 0.9999993634719918 0.000469204143567864 -0.000645743084569204 -0.00046864203969736135 0.9999994618035358 0.0004933081239797688 0.000645208729204102 -0.0004936915233913347 0.999999414584316 0.03997179167421905 -0.06358852636007839 -0.20317716050141144
FixedParameters: 0 0 0
#Transform 18
Transform: MatrixOffsetTransformBase_double_3_3
Parameters: 0.999998956927274 0.000911266317741557 -0.00046013370058729314 -0.0009117881217052148 0.9999998972422037 0.0005163451554437287 0.0004611493794580315 -0.0005156549163297941 0.999999527172877 0.030026703008488198 -0.06214634018456877 -0.2120008896156662
FixedParameters: 0 0 0
#Transform 19
Transform: MatrixOffsetTransformBase_double_3_3
Parameters: 0.9999996821030599 0.0009217901781407691 -0.0006842521310843994 -0.0009206756825910247 0.9999994147829996 0.0008136366837743353 0.0006857509823913709 -0.000813363349284571 0.9999999437551146 0.02608762766507766 -0.1321890470439655 -0.1979170907348191
FixedParameters: 0 0 0
#Transform 20
Transform: MatrixOffsetTransformBase_double_3_3
Parameters: 0.9999988539966818 0.001180253955668312 -0.0013240100929030679 -0.0011798156482442873 0.9999995053601083 0.00016656803681350252 0.001324400690375822 -0.00016443157479252568 0.9999992938561568 0.047809163749562344 -0.058133071436955674 -0.21758918151643059
FixedParameters: 0 0 0
#Transform 21
Transform: MatrixOffsetTransformBase_double_3_3
Parameters: 0.9999996118362371 0.0009647603747560499 -0.000676011307900319 -0.0009641901396921726 0.9999985224412944 0.0012136580644953182 0.0006774298889868816 -0.0012133414614695498 0.9999991442289627 0.04076288714954046 -0.1447667412181346 -0.19713969743528992
FixedParameters: 0 0 0
#Transform 22
Transform: MatrixOffsetTransformBase_double_3_3
Parameters: 0.9999989806138095 0.0007550274542935287 -0.0012038766219139734 -0.0007546746906984278 0.9999993395919687 0.0001469890684745595 0.0012040977972698416 -0.0001460106265552541 0.9999995980976102 0.05211640859590716 -0.042737287405785196 -0.2098793715026659
FixedParameters: 0 0 0
#Transform 23
Transform: MatrixOffsetTransformBase_double_3_3
Parameters: 0.999998813825966 0.0009688930282495951 -0.0011168755536164665 -0.0009680178129503774 0.9999992278163425 0.0008720878584459607 0.0011176413712295733 -0.0008709125842216031 0.9999990669836256 0.06409138063149555 -0.07110299604251225 -0.2390031745193255
FixedParameters: 0 0 0
#Transform 24
Transform: MatrixOffsetTransformBase_double_3_3
Parameters: 0.999999169336132 0.0006964598381505265 -0.0011601424303068905 -0.000696512376424122 0.9999992526024579 0.0004398887977014182 0.0011598324392765008 -0.00043911218835569754 0.9999995304127951 0.08610683994766077 -0.04723416629140331 -0.23611271098639008
FixedParameters: 0 0 0
#Transform 25
Transform: MatrixOffsetTransformBase_double_3_3
Parameters: 0.9999996008244668 0.0008688234808158601 -0.0008024601126479559 -0.0008675961064900167 0.9999977677395412 0.0020987051810631013 0.0008042595861219813 -0.002098298970227716 0.9999980256593118 0.06207790661244417 -0.12769954765835223 -0.2231670822602041
FixedParameters: 0 0 0
#Transform 26
Transform: MatrixOffsetTransformBase_double_3_3
Parameters: 0.9999984378768083 0.000561627867757765 -0.0014986744108729372 -0.0005597030015540151 0.999999666860865 0.0009749211999483948 0.00149984213130261 -0.0009740792556062194 0.9999988717135633 0.0790202424066564 -0.04170702622836586 -0.22994530960382065
FixedParameters: 0 0 0
#Transform 27
Transform: MatrixOffsetTransformBase_double_3_3
Parameters: 0.9999984274666429 0.001005158161879186 -0.0012499054486586458 -0.0010039984694171936 0.9999991195003591 0.0008932615998570037 0.0012507764213300898 -0.0008917382233164656 0.9999987148525652 0.07694321321172026 -0.05563282427327465 -0.2265859438306137
FixedParameters: 0 0 0
#Transform 28
Transform: MatrixOffsetTransformBase_double_3_3
Parameters: 0.999998244893963 0.001172195544448696 -0.0011751855845871762 -0.0011721732198585462 0.9999995511245816 0.000010383163302152276 0.0011752078617269538 -0.000008616822347387587 0.9999996935890187 0.07019332586568794 -0.05771891302899235 -0.21815726502701693
FixedParameters: 0 0 0
#Transform 29
Transform: MatrixOffsetTransformBase_double_3_3
Parameters: 0.9999979862728436 0.0009574709616716876 -0.0014478328899847318 -0.0009567261887854463 0.9999990710047701 0.0009724675680241879 0.0014488453132227288 -0.0009705343794725318 0.9999990276400069 0.06648919340635473 -0.14021865427844205 -0.2155371146684928
FixedParameters: 0 0 0
#Transform 30
Transform: MatrixOffsetTransformBase_double_3_3
Parameters: 0.9999984877326304 0.0010419347843740022 -0.0011948854003453477 -0.0010407371537474702 0.9999995572967669 0.0005332500981439642 0.0011949972441458866 -0.0005317501823033227 0.9999993633228909 0.07877576113077112 -0.049492873161369744 -0.24262924934608066
FixedParameters: 0 0 0
#Transform 31
Transform: MatrixOffsetTransformBase_double_3_3
Parameters: 0.9999982773177343 0.001209165214793502 -0.0011226484723210254 -0.0012081929983271344 0.9999985614610124 0.0009103686866773347 0.0011239260697262492 -0.0009096308098949651 0.9999990596558685 0.06848743425753412 -0.06015298651968237 -0.2280268806611332
FixedParameters: 0 0 0
#Transform 32
Transform: MatrixOffsetTransformBase_double_3_3
Parameters: 0.9999985732690302 0.0009665204899216672 -0.0015787863719422886 -0.0009661526122053388 0.999999977853997 0.00011753120292672115 0.0015790115334392263 -0.00011546846148700884 0.9999985682708465 0.08244004075230293 -0.039064778818172385 -0.24414276465493856
FixedParameters: 0 0 0
#Transform 33
Transform: MatrixOffsetTransformBase_double_3_3
Parameters: 0.9999983382168866 0.001105142332002739 -0.0012001513764941444 -0.001104020820247122 0.9999988706510692 0.0009143316796675627 0.00120124724813996 -0.0009126678926521942 0.9999987986002113 0.06572476893374812 -0.14764214494283578 -0.21030882283696428
FixedParameters: 0 0 0
#Transform 34
Transform: MatrixOffsetTransformBase_double_3_3
Parameters: 0.9999992603311452 0.0010223612333945821 -0.0008335910748722135 -0.001021332564307593 0.9999981793449395 0.0013048573842848882 0.0008343376883859745 -0.001304141773125947 0.9999986775440849 0.06366354315093758 -0.13456241659631019 -0.2842598542977015
FixedParameters: 0 0 0
#Transform 35
Transform: MatrixOffsetTransformBase_double_3_3
Parameters: 0.9999983559367037 0.0011510226099757971 -0.001148491731895574 -0.0011501518109938347 0.999998886512206 0.0008463276492363253 0.0011495151761635879 -0.0008446723458030853 0.9999990396827653 0.04832628136884409 -0.16267599012319067 -0.19972725435577843
FixedParameters: 0 0 0
#Transform 36
Transform: MatrixOffsetTransformBase_double_3_3
Parameters: 0.9999995574995029 0.0009358926015285747 -0.0007527319767218877 -0.0009365636691413359 0.9999999189375732 -0.00044537014299740607 0.0007518968656448651 0.00044662928485698916 0.9999992407304482 0.06369459776860253 -0.022026802156673853 -0.21023925031796864
FixedParameters: 0 0 0
#Transform 37
Transform: MatrixOffsetTransformBase_double_3_3
Parameters: 0.9999991571327829 0.0011897224020600923 -0.0006532639703007025 -0.0011899710911625581 0.9999991817447172 0.0006307029777373047 0.0006538409769614351 -0.0006292972581548179 0.9999991815878365 0.0474502822303009 -0.04966714005909978 -0.21119410040233788
FixedParameters: 0 0 0
#Transform 38
Transform: MatrixOffsetTransformBase_double_3_3
Parameters: 0.9999992187774894 0.0011355736569450988 -0.0007012096215549253 -0.001135682333000189 0.9999996239531574 -0.00007727287140983641 0.0007010336044360506 0.0000777270065698693 0.9999995828119845 0.040668388436643 -0.030112901581532014 -0.2540435417551379
FixedParameters: 0 0 0
#Transform 39
Transform: MatrixOffsetTransformBase_double_3_3
Parameters: 0.9999986616545312 0.001498464462762729 -0.0003051876952209579 -0.0014981267458430128 0.9999982938636018 0.0006753828097792597 0.00030621321690261897 -0.0006746162853545623 0.9999994565411213 0.04807341943615029 -0.05535249990049351 -0.1841997331571008
FixedParameters: 0 0 0
#Transform 40
Transform: MatrixOffsetTransformBase_double_3_3
Parameters: 0.9999984050164381 0.0011920693765217125 -0.0010834913619303785 -0.0011921733899371361 0.9999994270064964 -0.00004769714258572033 0.0010833769238977322 0.00004830280007735166 0.9999999734024225 0.05852448387550169 -0.02586251874775769 -0.20881038253882878
FixedParameters: 0 0 0
#Transform 41
Transform: MatrixOffsetTransformBase_double_3_3
Parameters: 0.9999983304615886 0.0012864832059197038 -0.0010076739309675489 -0.0012856350752149192 0.9999989867530189 0.0004583075646024948 0.001007854783033366 -0.0004576929879524655 0.9999999241804296 0.04782869984641991 -0.03528354143213619 -0.18342581928048673
FixedParameters: 0 0 0
#Transform 42
Transform: MatrixOffsetTransformBase_double_3_3
Parameters: 0.9999982516491607 0.0012585061231356392 -0.0014712250540762839 -0.0012589903059506496 0.9999989861726568 -0.0005281374063951655 0.0014708155094391875 0.0005298631857777181 0.9999987057936308 0.08908483542863621 -0.020374551458729684 -0.26528193532186606
FixedParameters: 0 0 0
#Transform 43
Transform: MatrixOffsetTransformBase_double_3_3
Parameters: 0.9999991549331656 0.000931834244957184 -0.0009883077082437715 -0.0009311590167457573 0.9999999409256823 0.0003419265362490653 0.0009889439252959943 -0.00034107348991667397 0.9999999807633226 0.06920870192762152 -0.056275821106382296 -0.20142972563367323
FixedParameters: 0 0 0
#Transform 44
Transform: MatrixOffsetTransformBase_double_3_3
Parameters: 0.9999988925988188 0.001137661244217987 -0.0009017355759008024 -0.0011375070338111406 0.9999996182026812 0.00008595667009299313 0.0009019301080236907 -0.00008504313929232066 0.9999992597758308 0.06333067316890606 -0.049989743769558004 -0.2209614584113666
FixedParameters: 0 0 0
#Transform 45
Transform: MatrixOffsetTransformBase_double_3_3
Parameters: 0.9999982367050543 0.001238746670512796 -0.0011085127055412154 -0.0012379260360997574 0.9999991800880698 0.0003703841900509347 0.0011094290805421252 -0.000369615143801863 0.9999997828172869 0.07514910757166149 -0.04085831086220537 -0.17288829067339861
FixedParameters: 0 0 0
#Transform 46
Transform: MatrixOffsetTransformBase_double_3_3
Parameters: 0.9999998568378873 0.0010644831294615439 -0.0001001928922149123 -0.0010645013466881704 0.9999998529539024 -0.0000909682024480829 0.00009999915912548976 0.00009103176998988272 0.9999999873219795 0.0566089384396804 -0.02792829815881248 -0.1795573986036345
FixedParameters: 0 0 0
#Transform 47
Transform: MatrixOffsetTransformBase_double_3_3
Parameters: 0.999999179783642 0.0009794749309659317 -0.0009279224269002383 -0.0009799453184038019 0.9999992740035107 -0.0008310861524379598 0.0009272153787525602 0.000831914894758437 0.9999995229939864 0.08726890623452732 -0.012538909662339393 -0.14090321952319584
FixedParameters: 0 0 0
#Transform 48
Transform: MatrixOffsetTransformBase_double_3_3
Parameters: 0.9999994255030373 0.0011498962754431608 -0.0005026434605980521 -0.001149131069932071 0.9999989757744627 0.000835503088149267 0.0005035659689244323 -0.0008344959720740647 0.9999990552788346 0.05984606452929597 -0.050961102013090454 -0.16275791408709495
FixedParameters: 0 0 0
#Transform 49
Transform: MatrixOffsetTransformBase_double_3_3
Parameters: 0.9999991201589062 0.0009761757920974055 -0.0009633108734745123 -0.0009759267793808226 0.9999998216222072 -0.0003880549755184287 0.0009624775066195458 0.00038894588757289184 0.9999999966721342 0.0791164145485368 -0.02097993716546398 -0.1866383492648822
FixedParameters: 0 0 0
#Transform 50
Transform: MatrixOffsetTransformBase_double_3_3
Parameters: 0.9999996642100681 0.0010109468853265835 -0.0005601576930728615 -0.0010107137737574107 0.9999999293376824 0.00020849159041594345 0.0005605782030389561 -0.00020750825189815025 0.9999996483446082 0.06255272846128435 -0.05259209939522691 -0.15236369827715635
FixedParameters: 0 0 0
#Transform 51
Transform: MatrixOffsetTransformBase_double_3_3
Parameters: 0.9999995050088878 0.0010797403028571838 -0.0005732898798549955 -0.0010804011805722556 0.9999994156585831 -0.0006414557613295263 0.0005729002585703887 0.000642544193883432 0.999999265022162 0.06506825944026673 -0.02340058102851117 -0.19223796995350995
FixedParameters: 0 0 0
#Transform 52
Transform: MatrixOffsetTransformBase_double_3_3
Parameters: 0.9999998386177771 0.0009872924898788433 -0.000431601765105815 -0.0009875240549731554 0.9999998933772302 -0.00035464886057778866 0.0004318978946094995 0.0003553519523633447 0.9999996931902592 0.06840051481350429 -0.04166354373531078 -0.15851013482371457
FixedParameters: 0 0 0
#Transform 53
Transform: MatrixOffsetTransformBase_double_3_3
Parameters: 0.9999996727486355 0.0010055206656815786 -0.000562299198330098 -0.0010058685378884857 0.9999998123980426 -0.00030950382677467914 0.0005616766780632338 0.000309495911362076 0.9999996687703063 0.06422050636618337 -0.037119929554677356 -0.19343682691925324
FixedParameters: 0 0 0
#Transform 54
Transform: MatrixOffsetTransformBase_double_3_3
Parameters: 0.9999995827624623 0.0010412209719982812 -0.0005767151329377702 -0.001042234493627261 0.999998947950566 -0.0009443943519186482 0.000575744498128645 0.0009446061457834415 0.9999998506501049 0.06953552781516237 0.004940201761684193 -0.1946555320714083
FixedParameters: 0 0 0
#Transform 55
Transform: MatrixOffsetTransformBase_double_3_3
Parameters: 0.9999996725205564 0.0010322893972923382 -0.0005123404314012515 -0.0010316957411774508 0.9999997112789284 -0.00046654655297144465 0.0005122987610245972 0.00046745443846801793 0.9999995250631346 0.06425121932427658 -0.04516114086193568 -0.1878443903803344
FixedParameters: 0 0 0
#Transform 56
Transform: MatrixOffsetTransformBase_double_3_3
Parameters: 0.999998607837328 0.001262524805987623 -0.000893566907263671 -0.001264861512439517 0.9999957971953827 -0.00255394011671356 0.0008899522889279438 0.0025550556560377247 0.9999957596834659 0.06035723753238642 -0.01402928316191776 -0.27064422128279375
FixedParameters: 0 0 0
#Transform 57
Transform: MatrixOffsetTransformBase_double_3_3
Parameters: 0.999999573245911 0.0011264420288241035 -0.0003973446056912887 -0.0011262814105031885 0.9999996848846884 0.0002023729479240094 0.00039779966075937794 -0.00020162686318152268 0.9999998067533173 0.06399491556338432 -0.050188779998805444 -0.19427051010923435
FixedParameters: 0 0 0
#Transform 58
Transform: MatrixOffsetTransformBase_double_3_3
Parameters: 0.9999993322816785 0.0009455557279773775 -0.0008795696277106978 -0.0009458995705841597 0.9999999869891987 -0.00019523734922309577 0.0008791998528596478 0.000195762374752384 0.9999992688523314 0.07624759089313216 -0.035787606423440366 -0.23265258969163938
FixedParameters: 0 0 0
#Transform 59
Transform: MatrixOffsetTransformBase_double_3_3
Parameters: 0.9999990135990019 0.0009930409898250131 0.00001642006291527955 -0.0009930353153945856 0.9999989846325431 -0.0001710163006104909 -0.000016759677837024774 0.00017098335204403237 0.9999999704845178 0.051421184453346314 -0.03117002146989023 -0.14655127438561522
FixedParameters: 0 0 0
#Transform 60
Transform: MatrixOffsetTransformBase_double_3_3
Parameters: 0.9999982117766089 0.0012774957426368238 -0.0010754548980956048 -0.0012774440532199178 0.9999990681483374 -0.0004736213850156934 0.0010751647895829704 0.0004753799842956846 0.9999996933268489 0.08517616474865974 -0.04133010590274466 -0.21003569854096327
FixedParameters: 0 0 0
#Transform 61
Transform: MatrixOffsetTransformBase_double_3_3
Parameters: 0.9999994632021082 0.0010639891736325675 -0.0006370506664844483 -0.0010635445172051665 0.9999996744205774 -0.0004333975876025242 0.0006360523429706944 0.0004346023379636771 0.9999994120696827 0.05832770351061356 -0.017399041011941563 -0.1713307530992978
FixedParameters: 0 0 0
#Transform 62
Transform: MatrixOffsetTransformBase_double_3_3
Parameters: 0.9999986748634758 0.001298498951813002 -0.001280330569049101 -0.001299941041763585 0.9999982719468776 -0.000981331038210867 0.0012786998121198402 0.0009836670310697238 0.9999984723042495 0.08296736009172889 -0.023195415395676378 -0.13771999735926954
FixedParameters: 0 0 0
#Transform 63
Transform: MatrixOffsetTransformBase_double_3_3
Parameters: 0.999998594594438 0.0013074272494086935 -0.001302396914914916 -0.001307658597478778 0.9999989650595384 -0.0004992921614493662 0.0013020102755264959 0.0005017087829911754 0.9999991285336488 0.06520378337971522 -0.019748699220059507 -0.1527279533764414
FixedParameters: 0 0 0
#Transform 64
Transform: MatrixOffsetTransformBase_double_3_3
Parameters: 0.9999989015272638 0.0013605398245356772 -0.0004973958757628256 -0.0013605288827034344 0.9999991432024699 0.000011601965446750295 0.0004974258134991935 -0.000010398010380857636 0.9999997580829492 0.06216430647539539 -0.031085003537327793 -0.13800612869697204
FixedParameters: 0 0 0
#Transform 65
Transform: MatrixOffsetTransformBase_double_3_3
Parameters: 0.999998446038081 0.0013026932551407832 -0.0009252704262262427 -0.0013039583513719609 0.9999987016685126 -0.0007237889311998147 0.0009243790964009822 0.0007252108745326863 0.9999996945685306 0.06258429640051588 0.009759657717310688 -0.17050369371398233
FixedParameters: 0 0 0
#Transform 66
Transform: MatrixOffsetTransformBase_double_3_3
Parameters: 0.9999989720935063 0.0011778458127571232 -0.0008003655514738377 -0.0011788813007499108 0.999999111810282 -0.0006471259848616628 0.0007988395765472326 0.000647872141063266 0.9999990217716453 0.05921823247551572 -0.030437443821085708 -0.13794859117412273
FixedParameters: 0 0 0
#Transform 67
Transform: MatrixOffsetTransformBase_double_3_3
Parameters: 0.9999993560187789 0.0010534420603098723 -0.0007312291710900069 -0.0010539362222003704 0.9999987405489472 -0.0010712302419926267 0.0007298922708978845 0.0010727698124626955 0.9999993171004755 0.06019999427287814 0.008436232337729166 -0.17983757249932353
FixedParameters: 0 0 0
#Transform 68
Transform: MatrixOffsetTransformBase_double_3_3
Parameters: 0.9999999766292492 0.0009595744123519351 -0.00032029456887596353 -0.0009598648451467364 0.999999867199159 -0.00045376768836172254 0.000319423147669494 0.0004542321032637575 0.9999996971980398 0.057431039673815576 -0.024169361280073076 -0.08103584230212846
FixedParameters: 0 0 0
#Transform 69
Transform: MatrixOffsetTransformBase_double_3_3
Parameters: 0.9999986003536244 0.0013463099480387755 -0.0007662705120565662 -0.001347532463154648 0.9999977131702213 -0.0015479642830952822 0.0007640184879627789 0.0015490367100473856 0.9999990914719468 0.06319112258313453 0.008484513520372161 -0.15530848197586522
FixedParameters: 0 0 0
#Transform 70
Transform: MatrixOffsetTransformBase_double_3_3
Parameters: 0.9999985872957102 0.0013159183109303682 -0.0008256592563416733 -0.001316848914680495 0.9999987117260907 -0.001213983728031276 0.0008233839697258817 0.001215016213707787 0.9999989255463816 0.05385831843803146 -0.020669985094201593 -0.08841105409567263
FixedParameters: 0 0 0
#Transform 71
Transform: MatrixOffsetTransformBase_double_3_3
Parameters: 0.9999987769925055 0.0013077028613388978 -0.0007167903637883348 -0.0013083530716801357 0.9999972633986848 -0.002004138915297368 0.0007143867672441311 0.002005861405118964 0.9999974735310109 0.05775091853571723 -0.016587757837186246 -0.14197669692268278
FixedParameters: 0 0 0
#Transform 72
Transform: MatrixOffsetTransformBase_double_3_3
Parameters: 0.9999993044786062 0.001219682800266904 -0.00045652988059782427 -0.0012198436313658207 0.9999984473218204 -0.0014345192213907482 0.0004549485541650672 0.0014354814764838408 0.9999987387020428 0.05380353194983911 -0.03326553337538485 -0.08637307348330125
FixedParameters: 0 0 0
#Transform 73
Transform: MatrixOffsetTransformBase_double_3_3
Parameters: 0.9999988816553921 0.001765177792583156 -0.000052308292457452815 -0.0017651153163018853 0.9999973353525622 -0.0015930595338047582 0.000049676092304589926 0.001592940482195937 0.9999984709975483 0.057324437526887095 0.0011596756553018395 -0.1907969635533533
FixedParameters: 0 0 0
#Transform 74
Transform: MatrixOffsetTransformBase_double_3_3
Parameters: 0.9999994071726627 0.0011617946305893744 -0.0004921942087843086 -0.00116304114184418 0.999998550566751 -0.0014204980982546744 0.0004908861531028688 0.001420502558892589 0.9999988209610122 0.061568792308833054 -0.005445011680450307 -0.11367028696041359
FixedParameters: 0 0 0
#Transform 75
Transform: MatrixOffsetTransformBase_double_3_3
Parameters: 0.9999994410675828 0.0012145329788188861 0.0002881543970586382 -0.0012146802958571004 0.99999879960851 -0.0013394320188800796 -0.0002903361621948581 0.001339568603914612 0.9999990529349894 0.03136026079504006 -0.004785438780231743 -0.1665816221737515
FixedParameters: 0 0 0
#Transform 76
Transform: MatrixOffsetTransformBase_double_3_3
Parameters: 0.9999992868279636 0.0013084439180813064 0.000007546198265651535 -0.001309258831460741 0.9999980527329154 -0.001817093351290447 -0.000010234525581432731 0.0018179093047981654 0.9999986274701497 0.05551342452130825 -0.021738441797239716 -0.115348360073952
FixedParameters: 0 0 0
#Transform 77
Transform: MatrixOffsetTransformBase_double_3_3
Parameters: 0.9999989866269425 0.0009593459126209755 0.0003062419005405739 -0.000958084683349513 0.9999978047519793 -0.001810294715083982 -0.00030771808082500127 0.001809706103010858 0.9999986296663511 0.059249900808552525 0.0073639918864216725 -0.03522402041583916
FixedParameters: 0 0 0
#Transform 78
Transform: MatrixOffsetTransformBase_double_3_3
Parameters: 0.999998703421237 0.0013230457447610407 0.0007389945332363346 -0.0013214320784872284 0.9999961074901237 -0.0022849839366444885 -0.0007418943366872043 0.002284014602910639 0.9999971580344849 0.038290651716607726 0.04195793782422186 -0.0733643440792946
FixedParameters: 0 0 0
#Transform 79
Transform: MatrixOffsetTransformBase_double_3_3
Parameters: 0.99999899173982 0.001415472383800303 0.00007620952124379135 -0.00141436095273657 0.9999905198684662 -0.004180188938030668 -0.000082055166703812 0.004179815472908466 0.9999915268828984 0.051681069820617154 0.021017970311049794 -0.12457894284318627
FixedParameters: 0 0 0
#Transform 80
Transform: MatrixOffsetTransformBase_double_3_3
Parameters: 0.9999980761141845 0.0016994962251818656 -0.00018761536820011834 -0.0017004095813956746 0.9999909100295329 -0.0038977627797096154 0.00018134277492217688 0.003898240464547606 0.9999927771263115 0.06055599316579219 0.04480694545665642 -0.08033365080727606
FixedParameters: 0 0 0
#Transform 81
Transform: MatrixOffsetTransformBase_double_3_3
Parameters: 0.9999989072386214 0.0013966165626769788 -0.0003772279797890504 -0.0013981144569460559 0.9999912711825474 -0.0038335429013842126 0.0003714252858251049 0.0038334507618867503 0.9999922445129703 0.05406546575510163 0.014010812848255227 -0.09312276543347764
FixedParameters: 0 0 0
#Transform 82
Transform: MatrixOffsetTransformBase_double_3_3
Parameters: 0.9999984831624729 0.0014552560503051286 0.0006313200508347543 -0.0014530390270660505 0.9999914402212144 -0.003810928592388199 -0.0006371912950621739 0.0038100727430766673 0.9999930029921921 0.031411618671072006 -0.02345369922632301 -0.07502766420692808
FixedParameters: 0 0 0
#Transform 83
Transform: MatrixOffsetTransformBase_double_3_3
Parameters: 0.9999981276727775 0.001933611987032074 0.0003645681055417724 -0.0019317700598923473 0.9999828961523715 -0.005516868065936778 -0.0003756948749232527 0.005516127047123953 0.9999843674810072 0.048254471476511185 0.018899170918999175 -0.12192536742293214
FixedParameters: 0 0 0
#Transform 84
Transform: MatrixOffsetTransformBase_double_3_3
Parameters: 0.9999989177628875 0.0014777439638025418 -0.0009477140133724826 -0.0014819341238259457 0.9999904176404881 -0.004038596721121973 0.0009415165147201553 0.0040404037412754695 0.9999918648419536 0.06369883348091321 0.0020505466955995644 -0.08110384081766142
FixedParameters: 0 0 0
#Transform 85
Transform: MatrixOffsetTransformBase_double_3_3
Parameters: 0.9999987257787459 0.0014416594648254512 -0.0004419594487677794 -0.0014435703294611525 0.9999913131231506 -0.0038204382929611924 0.0004368430808572623 0.0038215565424991604 0.9999922124705172 0.0732385237473494 -0.01728081574991336 -0.10676381860864126
FixedParameters: 0 0 0
#Transform 86
Transform: MatrixOffsetTransformBase_double_3_3
Parameters: 0.9999982718975696 0.0019298290066636491 -0.000057862116620167796 -0.0019304851559621868 0.9999677338093085 -0.0077800492701014246 0.00004286116015946303 0.007779944625785018 0.9999694793911067 0.05779289056015102 0.03360421505298916 -0.16778096061193537
FixedParameters: 0 0 0
#Transform 87
Transform: MatrixOffsetTransformBase_double_3_3
Parameters: 0.9999983418414485 0.0019009153838617915 -0.00021417180494301402 -0.0019015032282923554 0.9999820231435442 -0.005774757581357148 0.00020310669704544856 0.005775251855497487 0.999983616776592 0.06154507473824822 0.01042218715744525 -0.11855721713352807
FixedParameters: 0 0 0
#Transform 88
Transform: MatrixOffsetTransformBase_double_3_3
Parameters: 0.9999985230384588 0.0014462279202239953 0.0006204837663225204 -0.0014426213523763038 0.9999788564304629 -0.006334981043966792 -0.0006294338072620672 0.006334014843178956 0.9999794139988468 0.031361906452787025 0.021663225656809004 -0.14062278165148712
FixedParameters: 0 0 0
#Transform 89
Transform: MatrixOffsetTransformBase_double_3_3
Parameters: 0.9999984377129134 0.0015329953124041586 -0.00046097998137273707 -0.0015364364247736095 0.999965262772461 -0.00814236656171241 0.00044872518735533076 0.008142624441678833 0.9999665721185421 0.05634289200447995 0.04903754860254139 -0.20660054189629307
FixedParameters: 0 0 0
#Transform 90
Transform: MatrixOffsetTransformBase_double_3_3
Parameters: 0.9999982050510969 0.0017658520830378672 0.0008227072032723444 -0.0017611803173426448 0.9999835813128153 -0.005427543342714419 -0.0008324989994320863 0.005426452318737424 0.999984718614336 0.0524252910772276 0.021855693663368925 -0.110971911262709
FixedParameters: 0 0 0
#Transform 91
Transform: MatrixOffsetTransformBase_double_3_3
Parameters: 0.9999980076481784 0.0019283132540837088 0.0005227731718141659 -0.0019249405101782388 0.9999738225020877 -0.006972108981043779 -0.0005363001087188224 0.0069718965056907445 0.9999759662618611 0.05420367434069817 0.00901514811977222 -0.17329487824746082
FixedParameters: 0 0 0
#Transform 92
Transform: MatrixOffsetTransformBase_double_3_3
Parameters: 0.9999984221661593 0.001567082378405964 -0.00034876336826716663 -0.0015690071183759049 0.9999853704128598 -0.005211537114686193 0.00034131764585560196 0.0052124696724207276 0.9999867214260968 0.059495691449555466 0.04301354490988274 -0.0839747793873471
FixedParameters: 0 0 0
#Transform 93
Transform: MatrixOffsetTransformBase_double_3_3
Parameters: 0.9999976177383431 0.0019288614511398126 0.0008142651915238341 -0.0019238554153461764 0.9999821398996883 -0.005594662086808755 -0.0008244735363804365 0.005593333243158319 0.999983891634721 0.04288195460371469 0.04139957293335783 -0.12501309916794412
FixedParameters: 0 0 0
#Transform 94
Transform: MatrixOffsetTransformBase_double_3_3
Parameters: 0.9999984063983421 0.0015350078738724804 0.00048755928744579637 -0.0015323161153807463 0.9999859620110274 -0.005172839093885509 -0.0004952227161543852 0.005172171055203026 0.9999869344300768 0.02874856218099353 0.027067628565490054 -0.084137993329648
FixedParameters: 0 0 0
#Transform 95
Transform: MatrixOffsetTransformBase_double_3_3
Parameters: 0.999998172745448 0.0016801179881374558 0.00006916676669015798 -0.0016794709936798571 0.9999799077998234 -0.006022195354941334 -0.00007935157631630877 0.0060217963430329036 0.9999817353189707 0.056903860928173344 0.017455869348225406 -0.10438422532014613
FixedParameters: 0 0 0
#Transform 96
Transform: MatrixOffsetTransformBase_double_3_3
Parameters: 0.9999984987889247 0.001688341166377125 0.0008068644909605666 -0.0016838229475306956 0.9999836962802171 -0.005441452217298165 -0.0008158630131486285 0.005440544127961688 0.9999845930766732 0.03282436053912363 0.02439160453201339 -0.07384598566858358
FixedParameters: 0 0 0
#Transform 97
Transform: MatrixOffsetTransformBase_double_3_3
Parameters: 0.9999973463599621 0.002036256070593355 0.000712483491229789 -0.0020310955893718297 0.9999738054889711 -0.007014627559310191 -0.0007266018084435001 0.0070133793377464 0.9999751471061151 0.020048812987724318 0.016218390385276393 -0.09952244748087935
FixedParameters: 0 0 0
#Transform 98
Transform: MatrixOffsetTransformBase_double_3_3
Parameters: 0.9999978341439781 0.0020338268200496756 -0.00017101711473922412 -0.002035033793660035 0.9999745147315586 -0.006879819840123438 0.00015698358714676737 0.006880188081795399 0.9999766493391845 0.05637570763643396 0.04691260994820823 -0.11108553156272194
FixedParameters: 0 0 0
#Transform 99
Transform: MatrixOffsetTransformBase_double_3_3
Parameters: 0.9999985918919025 0.001783148549354047 0.0004771399010131301 -0.0017811264334357515 0.9999830757893655 -0.005460936691369295 -0.00048633100204280527 0.0054600588709533965 0.9999848815110274 0.01918276614370029 0.01960231779598587 -0.0740824127032198
FixedParameters: 0 0 0
#Transform 100
Transform: MatrixOffsetTransformBase_double_3_3
Parameters: 0.9999974340095449 0.002077204623478511 0.0005010097530688223 -0.002074480254640941 0.999981858043192 -0.0057362122913940244 -0.0005125558229373419 0.005734797962895638 0.9999837833711818 0.03964552135084887 0.03535594339564341 -0.10190236728516311
FixedParameters: 0 0 0
#Transform 101
Transform: MatrixOffsetTransformBase_double_3_3
Parameters: 0.9999987930635357 0.0017015413180280165 -0.0005595372031272868 -0.0017038577562343482 0.9999839410789078 -0.005392126128017163 0.000549923171861159 0.005392876931984952 0.9999856933862123 0.04493464490533938 0.008360073660284684 -0.08385138747122767
FixedParameters: 0 0 0
#Transform 102
Transform: MatrixOffsetTransformBase_double_3_3
Parameters: 0.9999971650271593 0.0020225641837624503 0.00086297192597693 -0.0020171186254135196 0.9999793643437601 -0.006058840662037185 -0.0008750284801711673 0.0060571581233353905 0.9999814012005059 0.01895615787555016 0.03756307353539512 -0.09338469889885914
FixedParameters: 0 0 0
#Transform 103
Transform: MatrixOffsetTransformBase_double_3_3
Parameters: 0.9999982380865766 0.0016323426904994547 0.00031322400430287795 -0.0016303925595888113 0.9999857428234221 -0.005156667509454982 -0.00032092215353287756 0.005155333910004931 0.9999863261941866 0.018698877881789144 0.02252090402829765 -0.0539141787459414
FixedParameters: 0 0 0
#Transform 104
Transform: MatrixOffsetTransformBase_double_3_3
Parameters: 0.9999981426333163 0.001958314888055393 -0.00014974643567984908 -0.001959233736032244 0.9999749543406034 -0.006869875395678654 0.00013679313993533973 0.006870137606167573 0.9999767931989362 0.04888701978897814 0.04754741913484395 -0.08654142629237072
FixedParameters: 0 0 0
#Transform 105
Transform: MatrixOffsetTransformBase_double_3_3
Parameters: 0.9999986183726033 0.0018348356653846035 0.0001248336953558993 -0.0018338867622990532 0.9999864664386819 -0.004915387520124104 -0.00013381593413258738 0.004914613993317607 0.9999878371439531 0.022231015422477185 0.00984383524922805 -0.053093070662626474
FixedParameters: 0 0 0
#Transform 106
Transform: MatrixOffsetTransformBase_double_3_3
Parameters: 0.9999984720373182 0.0018211871401940301 -0.0004608340519996214 -0.001824002677153504 0.9999695565446338 -0.007552243372811865 0.00044703899892432295 0.007552759795124736 0.9999718332290635 0.05721795982863398 0.024519955217030542 -0.11244256093719684
FixedParameters: 0 0 0
#Transform 107
Transform: MatrixOffsetTransformBase_double_3_3
Parameters: 0.9999986564006417 0.0017817594025767603 -0.00040992447068572487 -0.0017845693273149475 0.9999821400018376 -0.005627350683648086 0.00039974987694917503 0.005628644953878673 0.9999841671010116 0.035747030914933475 0.019866533958136756 -0.043692822566853806
FixedParameters: 0 0 0
#Transform 108
Transform: MatrixOffsetTransformBase_double_3_3
Parameters: 0.9999976351349135 0.002031302706866806 0.0004889671208743044 -0.002027542631575477 0.9999691307603272 -0.007604163176073403 -0.0005034991453236431 0.007602838707236895 0.9999708761383903 0.03688848535144018 0.035742747837332445 -0.09498257981645963
FixedParameters: 0 0 0
#Transform 109
Transform: MatrixOffsetTransformBase_double_3_3
Parameters: 0.9999980849588871 0.00166279443749007 0.00038785468173279443 -0.001660423664064798 0.9999817807052054 -0.0058758078423021 -0.0003971836322094868 0.005875193096099088 0.9999822606016042 0.018467997466942165 0.039087374462695834 -0.0404461230142914
FixedParameters: 0 0 0
#Transform 110
Transform: MatrixOffsetTransformBase_double_3_3
Parameters: 0.9999982893997843 0.0019138059747282204 0.0002187063297526906 -0.001912581166930871 0.9999830703524604 -0.0055075826294835595 -0.00022965852079805652 0.005507414506347272 0.9999845534343652 0.029091067153458994 0.02003032851158082 -0.05121071894394902
FixedParameters: 0 0 0
#Transform 111
Transform: MatrixOffsetTransformBase_double_3_3
Parameters: 0.9999979646047888 0.001742087888343049 0.00001778458022035431 -0.0017420857707374645 0.9999831314359411 -0.005558192265640027 -0.00002710468185750947 0.0055588037579414745 0.999984038822456 0.02201858371660137 0.044520925683301016 -0.01240394618685059
FixedParameters: 0 0 0
#Transform 112
Transform: MatrixOffsetTransformBase_double_3_3
Parameters: 0.9999980128669036 0.0019965405436551263 -0.000025673663780296878 -0.001996812492943142 0.9999770629063249 -0.006476111612652477 0.000012850808015177407 0.006475889472317697 0.9999790718385381 0.031859684387697484 0.021550890369667286 -0.04489525216118295
FixedParameters: 0 0 0
#Transform 113
Transform: MatrixOffsetTransformBase_double_3_3
Parameters: 0.9999969835111794 0.0023735030206951456 0.0006192151836364432 -0.0023689359158074216 0.9999744102824317 -0.006716647099139994 -0.0006357331434648101 0.006715349749939745 0.9999773627850624 0.04402321423469857 0.03952121960266197 -0.0497113084698384
FixedParameters: 0 0 0
#Transform 114
Transform: MatrixOffsetTransformBase_double_3_3
