#Insight Transform File V1.0
#Transform 0
Transform: MatrixOffsetTransformBase_double_3_3
Parameters: 0.999997118350675 0.00041267494779477693 -0.00238985935965548 -0.00041652769382638136 0.9999990125566026 -0.0016568399069601392 0.0023891538363616663 0.001658161377029399 0.9999956111678906 0.07149670007424902 -0.17719912658940018 -0.15196117076975213
FixedParameters: 0 0 0
#Transform 1
Transform: MatrixOffsetTransformBase_double_3_3
Parameters: 0.999996311317439 0.0012001754496259558 -0.0022906857122677376 -0.0012046784044468684 0.9999976773245949 -0.0019061450620182635 0.002288760600502754 0.0019088551365231687 0.9999953568611486 0.0581622219015685 -0.1580029975545898 -0.2074191726064072
FixedParameters: 0 0 0
#Transform 2
Transform: MatrixOffsetTransformBase_double_3_3
Parameters: 0.9999969021335121 0.0009376266124627776 -0.0022842256745142604 -0.0009414517164462154 0.999998632575659 -0.0015266783547391999 0.0022831018955809927 0.0015293230550651044 0.999996599978175 0.044873593168745174 -0.18980103584380004 -0.200162679392335
FixedParameters: 0 0 0
#Transform 3
Transform: MatrixOffsetTransformBase_double_3_3
Parameters: 0.9999993346853187 0.0009822535634528488 -0.0008373059659318844 -0.0009832979235091348 0.9999973707502617 -0.001913177322380194 0.0008353732934305674 0.0019148211932998316 0.9999976371365786 -0.004140725948857948 -0.17841598663956404 -0.19754205467836528
FixedParameters: 0 0 0
#Transform 4
Transform: MatrixOffsetTransformBase_double_3_3
Parameters: 0.9999985054663225 0.0012009275621638316 -0.001025719443755043 -0.001203272862400993 0.9999964668734802 -0.0022367612873781945 0.001023166069968043 0.002238237686873909 0.9999970257639273 0.006055801359309498 -0.17320735639002294 -0.19410767372816906
FixedParameters: 0 0 0
#Transform 5
Transform: MatrixOffsetTransformBase_double_3_3
Parameters: 0.9999994679349294 0.0009600619902194522 -0.0007810052264021284 -0.0009615187722667607 0.9999982645473514 -0.0016762510400401692 0.0007796940684530569 0.001677750546851084 0.999998578721135 0.012799399071568018 -0.19139477983081576 -0.1411830712648907
FixedParameters: 0 0 0
#Transform 6
Transform: MatrixOffsetTransformBase_double_3_3
Parameters: 0.9999995362361983 0.0007808168743900119 -0.000924168111096072 -0.0007820760239736352 0.9999987061868759 -0.0012652710204623802 0.000923104968369961 0.0012657279943776995 0.9999986270676341 0.0027603668894897737 -0.18229273221017195 -0.1679667459011256
FixedParameters: 0 0 0
#Transform 7
Transform: MatrixOffsetTransformBase_double_3_3
Parameters: 0.9999949835209613 0.000524207720316713 -0.0031209303857429546 -0.0005299288836463718 0.9999979719151848 -0.0019000143817386184 0.0031204281092711943 0.001901984175882096 0.9999927839822402 0.06422276618597778 -0.153258470963209 -0.2615561645718003
FixedParameters: 0 0 0
#Transform 8
Transform: MatrixOffsetTransformBase_double_3_3
Parameters: 0.9999997789039342 0.0006794035176087823 -0.0008709955083383192 -0.0006814897823845864 0.9999979789649118 -0.001864400687883433 0.0008703694586230587 0.0018645990222881242 0.9999978472108273 0.019612056878486328 -0.16786775585133284 -0.20101309289687208
FixedParameters: 0 0 0
#Transform 9
Transform: MatrixOffsetTransformBase_double_3_3
Parameters: 1.0000001269004783 0.0005854065031205008 -0.0007282620127093419 -0.0005862402520987975 0.9999988498645377 -0.0013135667105314136 0.000727637753661286 0.0013134330385174559 0.9999988264693837 0.01057539979680655 -0.1458293786717917 -0.27375617122517326
FixedParameters: 0 0 0
#Transform 10
Transform: MatrixOffsetTransformBase_double_3_3
Parameters: 0.9999976328691206 0.001015501316942357 -0.0020821747579232216 -0.0010192534959687495 0.9999980560436291 -0.0016577863711580987 0.002080546553504151 0.0016602116206154566 0.9999960722557475 0.06406829115573487 -0.16359559578008032 -0.19487037230916826
FixedParameters: 0 0 0
#Transform 11
Transform: MatrixOffsetTransformBase_double_3_3
Parameters: 0.9999970806698188 -0.00013210481685800986 -0.0024294193403135446 0.00012990544119038727 0.9999998623517489 -0.0010680747275789437 0.0024294533521381423 0.0010679281683579483 0.9999969370633685 0.04486262386919293 -0.2058033746658623 -0.22137189109302824
FixedParameters: 0 0 0
#Transform 12
Transform: MatrixOffsetTransformBase_double_3_3
Parameters: 0.9999945050496726 0.00027871937194287117 -0.0032275007836919997 -0.00028327508587010447 0.9999986513493558 -0.0014896778181398979 0.003227250071698792 0.001491321652822425 0.9999934105068026 0.056309688571474226 -0.14313314916338982 -0.2724862994826509
FixedParameters: 0 0 0
#Transform 13
Transform: MatrixOffsetTransformBase_double_3_3
Parameters: 0.9999978592183589 0.00024817665224666447 -0.00225349926928068 -0.00025120062926132987 0.999999040161185 -0.001352266815039041 0.0022535746831893696 0.0013527322610002446 0.9999961605395176 0.05650650411904223 -0.1895940549214714 -0.18794142941715108
FixedParameters: 0 0 0
#Transform 14
Transform: MatrixOffsetTransformBase_double_3_3
Parameters: 0.9999956338925263 0.0001653520753532923 -0.003056072819861862 -0.00016697393113773598 0.9999995744229572 -0.0005910774353625609 0.0030557123712652294 0.00059192304963393 0.9999953597231368 0.05386298866433492 -0.1770085550690652 -0.3411285929003043
FixedParameters: 0 0 0
#Transform 15
Transform: MatrixOffsetTransformBase_double_3_3
Parameters: 0.9999990367637305 0.0006056212495280784 -0.0007722735668723201 -0.0006069799384458579 0.9999991324419907 -0.001578613708093729 0.0007712735669418542 0.0015793862373430223 0.9999979178359375 0.013423574123891058 -0.16449451402321813 -0.1753393032500128
FixedParameters: 0 0 0
#Transform 16
Transform: MatrixOffsetTransformBase_double_3_3
Parameters: 0.99999606835387 0.0005527593804728489 -0.0027615466509314113 -0.0005595393173334013 0.9999961987633094 -0.0025201239103997686 0.0027601622404563645 0.002521874976999794 0.9999931586662285 0.07964414425951816 -0.11990946724381502 -0.20419485876196575
FixedParameters: 0 0 0
#Transform 17
Transform: MatrixOffsetTransformBase_double_3_3
Parameters: 0.9999977321335559 0.000543007434731606 -0.002230022918004431 -0.0005462721863990798 0.999998534225543 -0.0014206078601459865 0.0022292258722954876 0.0014213900558869702 0.9999961594217902 0.08967546048128838 -0.17453027411271194 -0.15435711216674974
FixedParameters: 0 0 0
#Transform 18
Transform: MatrixOffsetTransformBase_double_3_3
Parameters: 0.9999965503375887 0.0007775926372048046 -0.002417479875775853 -0.0007815585307887377 0.999998423313965 -0.001677939181013846 0.0024165275756547213 0.0016800611726525139 0.999995488927994 0.09136984712181118 -0.13821140855522174 -0.20810919010256157
FixedParameters: 0 0 0
#Transform 19
Transform: MatrixOffsetTransformBase_double_3_3
Parameters: 0.9999995652699691 0.000568809135303537 -0.0010542724759605327 -0.000570341842161515 0.9999987446346356 -0.0017114005341557909 0.0010531550075034396 0.0017126008747642696 0.9999979587387628 0.021875303095328036 -0.15341898111590524 -0.14468678979029903
FixedParameters: 0 0 0
#Transform 20
Transform: MatrixOffsetTransformBase_double_3_3
Parameters: 0.9999982366470522 0.0004039761349710051 -0.001897359782811468 -0.00040685928626320463 0.9999983040672394 -0.0015690604125247753 0.0018968379967369978 0.0015699387299066003 0.9999970059131287 0.07239171391317711 -0.1341384196772708 -0.20888244939644096
FixedParameters: 0 0 0
#Transform 21
Transform: MatrixOffsetTransformBase_double_3_3
Parameters: 0.9999956104594327 0.0004541344640036401 -0.003030364521833537 -0.0004583744594439447 0.9999987757155065 -0.0013702765240978382 0.003029782352632185 0.0013717216607910532 0.9999940754539202 0.0609326532442509 -0.1432301235979594 -0.20426125157702302
FixedParameters: 0 0 0
#Transform 22
Transform: MatrixOffsetTransformBase_double_3_3
Parameters: 0.9999964863686814 0.0007942898725565713 -0.0024257661831914145 -0.00079768274666803 0.9999987678546379 -0.0015378871277471617 0.002423985811641521 0.0015391144065878132 0.9999959845369374 0.05743640457562549 -0.13937462929871458 -0.18025004854759175
FixedParameters: 0 0 0
#Transform 23
Transform: MatrixOffsetTransformBase_double_3_3
Parameters: 0.9999985879607742 0.0013437307550339462 -0.00077878000004419 -0.001344851426008005 0.9999979538776231 -0.0014660288502095636 0.0007767485267683862 0.0014669700384976753 0.9999983328354254 0.05259038755650636 -0.14980351686159565 -0.11568308034149766
FixedParameters: 0 0 0
#Transform 24
Transform: MatrixOffsetTransformBase_double_3_3
Parameters: 0.9999969933486302 0.0010278346243378686 -0.001987276813076836 -0.0010315405378992205 0.9999977911125513 -0.0019968609590020198 0.0019858243293839834 0.0019991422033267814 0.9999962182037092 0.048383820578067116 -0.1433600642645274 -0.1832283439319582
FixedParameters: 0 0 0
#Transform 25
Transform: MatrixOffsetTransformBase_double_3_3
Parameters: 0.9999965682681384 0.0003440049572935743 -0.0027042527956442244 -0.00034920578189919914 0.9999987988768874 -0.0017138042048012864 0.0027037335149336698 0.001714195477432276 0.9999948937847397 0.04790268638632256 -0.15244004189791838 -0.15445607047166732
FixedParameters: 0 0 0
#Transform 26
Transform: MatrixOffsetTransformBase_double_3_3
Parameters: 0.9999970096163201 0.0009867511898735393 -0.0024528990483200057 -0.000990031051670127 0.9999985779504696 -0.0015134004084144531 0.0024515697366220904 0.0015166014601770972 0.999995841202456 0.04848556918669544 -0.12748474241237773 -0.23363370899818392
FixedParameters: 0 0 0
#Transform 27
Transform: MatrixOffsetTransformBase_double_3_3
Parameters: 0.9999960778028502 0.0010249927180438312 -0.0024231796680819584 -0.0010289545716265364 0.9999979098039304 -0.0016733285366016676 0.0024214058457290733 0.0016756707485017508 0.9999955600858154 0.061946503101268036 -0.1520290922600651 -0.20286899561499183
FixedParameters: 0 0 0
#Transform 28
Transform: MatrixOffsetTransformBase_double_3_3
Parameters: 0.9999955119346958 0.0011956302001010994 -0.0026568368832674345 -0.0011970827739833365 0.9999988146068113 -0.0006626317200697507 0.0026560808791538056 0.0006653682432645885 0.9999958155342302 0.06484999336802844 -0.15936550577994524 -0.33136548425819967
FixedParameters: 0 0 0
#Transform 29
Transform: MatrixOffsetTransformBase_double_3_3
Parameters: 0.9999981859212302 0.0010090364765558569 -0.0013396025481434764 -0.001011280401224308 0.9999982075237881 -0.0012705519538734472 0.0013389460592160682 0.0012714478972830762 0.9999987475124216 0.012835327165774402 -0.1638099017969239 -0.19656813020571917
FixedParameters: 0 0 0
#Transform 30
Transform: MatrixOffsetTransformBase_double_3_3
Parameters: 0.9999987612374638 0.0008637952502385572 -0.00122157703627586 -0.0008659322595304023 0.9999980780202562 -0.001757937078302227 0.001220364704823116 0.0017590624562579538 0.9999974985653151 0.010233139723766271 -0.14767857487851188 -0.19354385240831107
FixedParameters: 0 0 0
#Transform 31
Transform: MatrixOffsetTransformBase_double_3_3
Parameters: 0.9999992286205746 0.0011106016229663388 -0.0007333705430546184 -0.001111829840368943 0.9999980182893117 -0.0016302601220508778 0.00073165820259879 0.001630738189007594 0.9999978932679314 -0.008532192290061857 -0.15670002882430367 -0.13154276173865753
FixedParameters: 0 0 0
#Transform 32
Transform: MatrixOffsetTransformBase_double_3_3
Parameters: 0.9999968395575487 0.00042994894154343034 -0.0026411303514318296 -0.00043419102127600744 0.9999982825992085 -0.0015725254211123585 0.0026404395059322415 0.0015744741682985897 0.9999956051429648 0.048445891173429345 -0.13665534099568788 -0.21241576981643107
FixedParameters: 0 0 0
#Transform 33
Transform: MatrixOffsetTransformBase_double_3_3
Parameters: 0.9999993595403248 0.0009596436787025022 -0.0008479607080414519 -0.0009609232165443751 0.9999979240311315 -0.0014391783564354499 0.0008471073871122571 0.001439819531929995 0.9999982911883025 0.00010505913660097121 -0.12908546357500938 -0.19332181236120505
FixedParameters: 0 0 0
#Transform 34
Transform: MatrixOffsetTransformBase_double_3_3
Parameters: 0.9999990464860269 0.0010301888581559658 -0.0009447073551478147 -0.0010310221291959239 0.9999988310310465 -0.001012020258416485 0.0009435350765690751 0.0010129797207750202 0.9999991651410052 0.009459037021116501 -0.1485764827841507 -0.23391769762585568
FixedParameters: 0 0 0
#Transform 35
Transform: MatrixOffsetTransformBase_double_3_3
Parameters: 0.9999994849835511 0.0009445109649204087 -0.0007894390785786354 -0.0009456144165003519 0.9999991044049805 -0.001383329946633885 0.0007877387876637439 0.0013836705810737898 0.9999985524303718 0.007243822818693957 -0.12908645481046221 -0.18170898139753433
FixedParameters: 0 0 0
#Transform 36
Transform: MatrixOffsetTransformBase_double_3_3
Parameters: 0.999999641004959 0.0011347260012805464 -0.0002665491203006867 -0.0011353348208448996 0.9999985937800807 -0.0014527803317810478 0.0002652439951176084 0.001453220607801356 0.9999988248018499 -0.02298860320424012 -0.15390978441355685 -0.15918346725142385
FixedParameters: 0 0 0
#Transform 37
Transform: MatrixOffsetTransformBase_double_3_3
Parameters: 0.9999989274657851 0.0009070620112219898 -0.0011174477053210916 -0.0009089680961461048 0.9999982100881258 -0.0013719777202016864 0.0011168665388902712 0.0013730199417783112 0.9999979498650655 0.009709076437957265 -0.1279969755251642 -0.1697562656030982
FixedParameters: 0 0 0
#Transform 38
Transform: MatrixOffsetTransformBase_double_3_3
Parameters: 0.9999993925321248 0.0008242179800966608 -0.0009634056994347431 -0.0008255453055777185 0.9999979636117223 -0.0018091992639673038 0.0009622498479876212 0.001809801130936775 0.9999978803311792 -0.0056318341133163585 -0.15278645914256117 -0.13878202057070155
FixedParameters: 0 0 0
#Transform 39
Transform: MatrixOffsetTransformBase_double_3_3
Parameters: 0.9999995357039256 0.0008174144113276483 -0.0008922987454821266 -0.0008189863862604958 0.999999032486772 -0.0014863453433773405 0.0008907809337241063 0.0014866543628799522 0.9999980838494416 -0.03108868217447025 -0.13441554832940028 -0.2115822951537325
FixedParameters: 0 0 0
#Transform 40
Transform: MatrixOffsetTransformBase_double_3_3
Parameters: 0.9999985866105585 0.0010393903478315258 -0.0011546376850514993 -0.001040475044813119 0.9999988642511836 -0.0014037947610620188 0.001153545907948498 0.001405208546630718 0.9999987771102206 -0.03506253663975656 -0.1579883560408888 -0.14838370913508925
FixedParameters: 0 0 0
#Transform 41
Transform: MatrixOffsetTransformBase_double_3_3
Parameters: 0.9999993938687315 0.0012154337621281353 -0.0003582422232514606 -0.0012161039682620429 0.9999980818506222 -0.0011655583740739495 0.00035740153944339217 0.0011654418596252075 0.9999995952358011 -0.026789282168522277 -0.13212216296639667 -0.19071587178400762
FixedParameters: 0 0 0
#Transform 42
Transform: MatrixOffsetTransformBase_double_3_3
Parameters: 0.9999992587716776 0.000727648361809236 -0.0011005974271159485 -0.0007289254865250589 0.9999989527698498 -0.0015601934745855806 0.0011001538400322284 0.001560809680898334 0.999998435671575 -0.02290934862821814 -0.14452549057642727 -0.14822643917477762
FixedParameters: 0 0 0
#Transform 43
Transform: MatrixOffsetTransformBase_double_3_3
Parameters: 0.9999988515946654 0.0010432618961327635 -0.0002446455407251271 -0.0010437963474620123 0.9999983133481254 -0.0012637451480254358 0.00024300413407183288 0.0012642540258266804 0.9999993428532402 -0.03288847092150604 -0.14487882141058606 -0.18476590679601657
FixedParameters: 0 0 0
#Transform 44
Transform: MatrixOffsetTransformBase_double_3_3
Parameters: 0.9999996324304679 0.0008306751199771483 -0.000822677154254158 -0.0008321466778925311 0.9999993350119297 -0.0009443097446920345 0.0008221032565181435 0.0009446906608289868 0.9999995132566973 -0.034092528461044935 -0.13622358713061544 -0.16399087764725095
FixedParameters: 0 0 0
#Transform 45
Transform: MatrixOffsetTransformBase_double_3_3
Parameters: 0.9999990834838782 0.0009511582392459355 0.00010602899587407684 -0.0009516758411727911 0.9999979014425832 -0.001481100618874437 -0.00010677188219139064 0.001480898156665189 0.999998795317805 -0.04341985883048949 -0.14378943294398994 -0.14709540018917266
FixedParameters: 0 0 0
#Transform 46
Transform: MatrixOffsetTransformBase_double_3_3
Parameters: 0.9999993647707011 0.000995573536244818 -0.0008027470857707431 -0.0009967248208307975 0.9999979925319932 -0.0013901932600625527 0.0008008914921404813 0.0013908041533269716 0.999998505258678 -0.0038933626415200706 -0.14080780629764433 -0.15641677952748978
FixedParameters: 0 0 0
#Transform 47
Transform: MatrixOffsetTransformBase_double_3_3
Parameters: 0.9999994333514322 0.0009995997536747384 -0.0007531078582295993 -0.0010008133341070705 0.9999984227009383 -0.0015773220353360179 0.0007518635414846715 0.0015776774206448102 0.9999980336340586 -0.028244181058795448 -0.13823261787905494 -0.10929655136291672
FixedParameters: 0 0 0
#Transform 48
Transform: MatrixOffsetTransformBase_double_3_3
Parameters: 0.9999990023924658 0.0014133525533413759 0.000017600581232023483 -0.0014131458339584498 0.9999986200804214 -0.001173108440300455 -0.00001892279192751569 0.0011728934973811722 0.9999996304496639 -0.015815540490081048 -0.12915113086050667 -0.1733890797963511
FixedParameters: 0 0 0
#Transform 49
Transform: MatrixOffsetTransformBase_double_3_3
Parameters: 0.9999997265351588 0.0010724373624031946 -0.00035083190057777253 -0.0010734881040032698 0.99999821763423 -0.0016197056574188406 0.000348352136407455 0.001620292531492526 0.9999982600987835 -0.030601145355376502 -0.15116469087148232 -0.09173389648744035
FixedParameters: 0 0 0
#Transform 50
Transform: MatrixOffsetTransformBase_double_3_3
Parameters: 0.999999781687973 0.0010655387601659118 -0.0002891802234168421 -0.0010653863352889149 0.9999977258686684 -0.0017486868461111943 0.0002873656332543444 0.0017483145612293555 0.9999989413061791 -0.036526273950414634 -0.14005742820722844 -0.1666582480667529
FixedParameters: 0 0 0
#Transform 51
Transform: MatrixOffsetTransformBase_double_3_3
Parameters: 0.9999997706774908 0.000999159517003235 -0.0004798059059657168 -0.0010011419849410624 0.9999968892184364 -0.0022425151103711294 0.00047731349782521935 0.0022424858038838646 0.9999978238289629 -0.028066151287148955 -0.1398135370032776 -0.13605151195832832
FixedParameters: 0 0 0
#Transform 52
Transform: MatrixOffsetTransformBase_double_3_3
Parameters: 0.9999995008118268 0.0012244275452729016 0.00001398688531370826 -0.0012242218050245732 0.9999984750709267 -0.0014211001797007627 -0.00001547314336285641 0.001420900784919174 0.9999989872539855 -0.04460664245539192 -0.1499997920082592 -0.1649677433227481
FixedParameters: 0 0 0
#Transform 53
Transform: MatrixOffsetTransformBase_double_3_3
Parameters: 0.9999992143733555 0.0008778786723890566 -0.00012189149252330906 -0.0008781397662780508 0.9999981630926351 -0.0017508945974780282 0.00012080997558453521 0.001751107692108969 0.9999989192688759 -0.039569869721717055 -0.1419377338182528 -0.16993249958322565
FixedParameters: 0 0 0
#Transform 54
Transform: MatrixOffsetTransformBase_double_3_3
Parameters: 0.9999992879527103 0.0008392668058187913 0.00008852030475435116 -0.0008389680462854454 0.9999988952368322 -0.0012170816096478965 -0.0000895669195452933 0.0012179187460991947 0.9999994281016376 -0.04862865951535866 -0.1676262301407263 -0.1545485296744573
FixedParameters: 0 0 0
#Transform 55
Transform: MatrixOffsetTransformBase_double_3_3
Parameters: 0.9999997658987055 0.0008295655633664117 -0.0007384142572571384 -0.0008310755289022372 0.9999990657416453 -0.0010783805107991151 0.0007376198931996101 0.0010786195203022486 0.9999993738311075 -0.03050199742729376 -0.12056293604724999 -0.1758834619653129
FixedParameters: 0 0 0
#Transform 56
Transform: MatrixOffsetTransformBase_double_3_3
Parameters: 0.9999996146739691 0.0006150392827052292 0.00008477932794821989 -0.0006149265402376065 0.9999996701527976 -0.00018205884092656333 -0.0000840071595128932 0.00018294161227261352 0.9999998779090077 -0.04030879304960422 -0.14121300598112896 -0.17121201953312948
FixedParameters: 0 0 0
#Transform 57
Transform: MatrixOffsetTransformBase_double_3_3
Parameters: 0.9999993168396809 0.0008208931561072307 0.00009725805191833317 -0.0008206170402401863 0.9999993296213718 -0.000995161484524068 -0.00009789471761314376 0.0009948379858364526 0.9999990071681898 -0.03590654227221535 -0.13230859137688356 -0.18476634777259449
FixedParameters: 0 0 0
#Transform 58
Transform: MatrixOffsetTransformBase_double_3_3
Parameters: 0.9999995505032668 0.0005065660554372992 -0.0004391894378624304 -0.0005068996931856178 0.9999995988215988 -0.0003797773200153731 0.0004388043210736246 0.0003802222286232032 0.9999996628818393 0.01378435523099597 -0.1242615893327752 -0.19530495824682248
FixedParameters: 0 0 0
#Transform 59
Transform: MatrixOffsetTransformBase_double_3_3
Parameters: 0.9999997208101989 0.00048139957516133596 -0.00021895701238547208 -0.0004810827438763098 0.9999983410419906 -0.0015578939976087641 0.0002173755250362708 0.0015581039787673362 0.9999985250402273 0.0017301992754141793 -0.1328513355491765 -0.0824853360377773
FixedParameters: 0 0 0
#Transform 60
Transform: MatrixOffsetTransformBase_double_3_3
Parameters: 0.9999998206236181 0.0004079754072997565 -0.0001133712265154229 -0.00040819920379887127 0.9999990136621304 -0.0013489539649590293 0.00011326684421256574 0.0013490464532577434 0.9999991673571045 0.012345995556543699 -0.15287156173847904 -0.07629863128263992
FixedParameters: 0 0 0
#Transform 61
Transform: MatrixOffsetTransformBase_double_3_3
Parameters: 0.9999995884869877 0.0003723535622185164 0.0005220510921281197 -0.0003727329227879685 0.9999995119304339 -0.000591194379251439 -0.0005224094996656176 0.0005908052724898499 0.9999993779947598 -0.0508740512595125 -0.1673382848581042 -0.0558929351188624
FixedParameters: 0 0 0
#Transform 62
Transform: MatrixOffsetTransformBase_double_3_3
Parameters: 0.999999909312031 0.000294274236680017 0.00006395806705466523 -0.000294209874442293 0.9999996614175 -0.0005020186905625584 -0.00006425348598266472 0.0005019809653748208 0.9999997438867039 -0.03655536892318878 -0.17755748167532204 -0.03650276854740753
FixedParameters: 0 0 0
#Transform 63
Transform: MatrixOffsetTransformBase_double_3_3
Parameters: 0.9999995578497103 0.000664947299874814 0.000007594654481555149 -0.000664842364439673 0.9999985158722309 -0.0014290049890923612 -0.000008498287645546324 0.0014289942890859664 0.999998957893985 -0.046519606670756275 -0.17450605815649567 -0.06269384282772705
FixedParameters: 0 0 0
#Transform 64
Transform: MatrixOffsetTransformBase_double_3_3
Parameters: 0.9999994182261323 0.0008036488313204854 0.000967218308350755 -0.0008023784868762314 0.9999987357347164 -0.0016437849235528823 -0.0009686973025058559 0.001643216928656363 0.9999982802982422 -0.06730741885587577 -0.11613139821490392 -0.05796032046460198
FixedParameters: 0 0 0
#Transform 65
Transform: MatrixOffsetTransformBase_double_3_3
Parameters: 0.9999994982591565 0.0005897858396771128 0.0003921447216251551 -0.0005895022186060535 0.9999984037796464 -0.0015262373802420182 -0.0003928663298341138 0.001526761074833488 0.9999984340744625 -0.047356241437583435 -0.12369940678134128 -0.05121836253732681
FixedParameters: 0 0 0
#Transform 66
Transform: MatrixOffsetTransformBase_double_3_3
Parameters: 0.9999994531588114 0.0011570134147029325 0.00045622862483857155 -0.0011566166081298987 0.9999978500607293 -0.0013465279352468384 -0.00045726755937263466 0.0013454711885146076 0.9999989796646378 -0.04700523579404603 -0.08138273695078624 -0.07239296016638264
FixedParameters: 0 0 0
#Transform 67
Transform: MatrixOffsetTransformBase_double_3_3
Parameters: 0.9999995385458569 0.0004423648036099856 0.0005160604076987244 -0.0004411733842146694 0.9999996492138378 -0.0010752285798642791 -0.0005160135741568453 0.0010747726414142011 0.9999995780799332 -0.0429772551765808 -0.10962112679804648 -0.04584451882196561
FixedParameters: 0 0 0
#Transform 68
Transform: MatrixOffsetTransformBase_double_3_3
Parameters: 0.9999991302473826 0.0008775149644639071 0.001048456546445551 -0.0008763175913474304 0.9999981245490445 -0.001481845024943626 -0.001049894337797937 0.0014811548436565874 0.9999986160098188 -0.08306316902994126 -0.11957475281015206 -0.07509345562540659
FixedParameters: 0 0 0
#Transform 69
Transform: MatrixOffsetTransformBase_double_3_3
Parameters: 0.9999987761116752 0.0008331081032604054 0.0012367954972077213 -0.0008312810317756852 0.9999981142157258 -0.0015109542614589605 -0.0012381490453306687 0.0015100445214232538 0.9999980986723014 -0.0940424907935693 -0.10689997481289026 -0.08396067237835325
FixedParameters: 0 0 0
#Transform 70
Transform: MatrixOffsetTransformBase_double_3_3
Parameters: 0.9999983098862013 0.0009939244171046587 0.0013048854022596288 -0.0009916992886349512 0.9999986566921394 -0.0012032209747651207 -0.0013061945416508857 0.0012017785578614243 0.9999987611791544 -0.07502557755897499 -0.14761109136090056 -0.05919679038818515
FixedParameters: 0 0 0
#Transform 71
Transform: MatrixOffsetTransformBase_double_3_3
Parameters: 0.9999993541395245 0.0006289341162162476 0.0005002668011099673 -0.0006283417861252389 0.9999983397879859 -0.0015053139397901982 -0.0005010804267701558 0.001504684454441227 0.9999984843007795 -0.0584262077414337 -0.12128814667077847 -0.07701508736406026
FixedParameters: 0 0 0
#Transform 72
Transform: MatrixOffsetTransformBase_double_3_3
Parameters: 0.999999582503795 0.0005176580790499268 0.00038661302918429984 -0.0005181408232725432 0.9999994192990136 -0.0005592001453687545 -0.00038611346516893505 0.0005587999505163449 0.9999995382427279 -0.055737766166387814 -0.15499689536393646 -0.022928210073288824
FixedParameters: 0 0 0
#Transform 73
Transform: MatrixOffsetTransformBase_double_3_3
Parameters: 0.999998522699793 0.0012292566622488798 0.000982904265214919 -0.0012282010755927518 0.9999984212597766 -0.0014672166308966478 -0.0009843509802713144 0.0014657859773984094 0.9999988001868746 -0.06168981875384816 -0.12137641676669375 -0.08028336283251747
FixedParameters: 0 0 0
#Transform 74
Transform: MatrixOffsetTransformBase_double_3_3
Parameters: 0.999998818186274 0.0007966276088643282 0.0012438330068158393 -0.0007946673293953462 0.9999990290232426 -0.001555997606016088 -0.0012451477544088336 0.0015550038250371906 0.9999979499950425 -0.08281412457137094 -0.13453929529271136 -0.06073961131905037
FixedParameters: 0 0 0
#Transform 75
Transform: MatrixOffsetTransformBase_double_3_3
Parameters: 0.9999988178272466 0.000954185292778112 0.0011274700680624537 -0.000953105890048162 0.9999984219829281 -0.0013260012974417312 -0.0011288376712209666 0.001324999475938879 0.9999988819395448 -0.08012350187907202 -0.1296962884070183 -0.0469627620287838
FixedParameters: 0 0 0
#Transform 76
Transform: MatrixOffsetTransformBase_double_3_3
Parameters: 0.9999983851068519 0.001171138973333592 0.0011151644472102624 -0.0011695962540182237 0.9999985104392852 -0.0015113203145317444 -0.001116544150504033 0.0015106815376610266 0.9999983084174231 -0.07509414139103399 -0.11166110676435892 -0.0463812486678421
FixedParameters: 0 0 0
#Transform 77
Transform: MatrixOffsetTransformBase_double_3_3
Parameters: 0.9999993094434121 0.0006656898876017012 0.0004973341755398178 -0.0006653375885328502 0.9999989365605243 -0.0012733313783438727 -0.0004979499987818848 0.0012726690026290538 0.9999991318224714 -0.048259774061605754 -0.11394465117602692 -0.05082766628655122
FixedParameters: 0 0 0
#Transform 78
Transform: MatrixOffsetTransformBase_double_3_3
Parameters: 0.9999996261472612 0.0006088086697524985 0.000056612512494243684 -0.0006086767346361523 0.9999993046295804 -0.0011510352358212045 -0.000058013839393649275 0.001150965457876199 0.9999996719138591 -0.018223894946814312 -0.09112548914747265 -0.037626150343555764
FixedParameters: 0 0 0
#Transform 79
Transform: MatrixOffsetTransformBase_double_3_3
Parameters: 0.9999992242928966 0.0007307046112257809 0.0004915699578340145 -0.0007298858623253107 0.9999984489660942 -0.0017603670891890577 -0.0004930627545413023 0.0017606345886861802 0.9999985765975207 -0.051205089893159084 -0.1339310929037083 -0.04990402826696538
FixedParameters: 0 0 0
#Transform 80
Transform: MatrixOffsetTransformBase_double_3_3
Parameters: 0.9999995770760701 0.001100171227708047 0.00046107355940789164 -0.0010998435181675638 0.9999982903386453 -0.0012575143491297819 -0.00046176486567071396 0.0012574857922296873 0.999999124122502 -0.040027304379862017 -0.11076900175335425 -0.027358897218405787
FixedParameters: 0 0 0
#Transform 81
Transform: MatrixOffsetTransformBase_double_3_3
Parameters: 0.9999989846159882 0.0007634499995580689 0.0006576770653840277 -0.0007625428159887825 0.9999985023785514 -0.0013845016243608232 -0.0006587104654496755 0.0013834972240697185 0.999998651324184 -0.046955158814299125 -0.125079893289751 -0.03741175793841478
FixedParameters: 0 0 0
#Transform 82
Transform: MatrixOffsetTransformBase_double_3_3
Parameters: 0.9999992002262845 0.0009565239667792844 0.0009407315168249821 -0.0009551690820946439 0.9999987147885242 -0.001205905931091114 -0.0009419574879465908 0.0012050929399142207 0.9999985789763248 -0.07411073460933437 -0.11430446484658319 -0.03608332839932871
FixedParameters: 0 0 0
#Transform 83
Transform: MatrixOffsetTransformBase_double_3_3
Parameters: 0.9999993912458964 0.0008958140727534776 0.0008975526126235306 -0.0008953920504108553 0.9999985104920587 -0.0012998040679556844 -0.0008987188765870019 0.0012981953206303576 0.9999985059502571 -0.06272557922089561 -0.13652555633699137 -0.022293206488555484
FixedParameters: 0 0 0
#Transform 84
Transform: MatrixOffsetTransformBase_double_3_3
Parameters: 0.9999984025618909 0.0009865708019829076 0.0012742484610378268 -0.0009850026225501185 0.9999982547371835 -0.0013651817432765861 -0.0012757781621794047 0.0013638178552915908 0.9999984241006561 -0.07698405083382909 -0.11665714489402035 -0.03989788481196399
FixedParameters: 0 0 0
#Transform 85
Transform: MatrixOffsetTransformBase_double_3_3
Parameters: 0.9999988017046423 0.0010118301577269043 0.0010834294001098573 -0.0010106588640997913 0.9999980450951681 -0.001422021421259162 -0.0010851438575570887 0.0014209783592388503 0.9999987152813012 -0.08088096882627838 -0.13391492426687535 -0.04149897982557604
FixedParameters: 0 0 0
#Transform 86
Transform: MatrixOffsetTransformBase_double_3_3
Parameters: 0.9999981166124733 0.0011171176432244242 0.001278586193634708 -0.0011160405071684784 0.9999985523505582 -0.0011684411264053923 -0.0012800340099721776 0.0011675573641701797 0.9999978358131948 -0.08178120447864501 -0.1116499600519063 -0.043634633236166565
FixedParameters: 0 0 0
#Transform 87
Transform: MatrixOffsetTransformBase_double_3_3
Parameters: 0.9999986328654032 0.0010548503497243326 0.0011201194214807099 -0.0010529280127084468 0.9999983694883492 -0.0012661866246946457 -0.0011217082407917317 0.0012648105547131694 0.9999980603972669 -0.0726449874577213 -0.12432061365224456 -0.04812467775282414
FixedParameters: 0 0 0
#Transform 88
Transform: MatrixOffsetTransformBase_double_3_3
Parameters: 0.9999988938623356 0.0007215242966873193 0.0012592155585633813 -0.000719756080930838 0.9999984359914309 -0.001460832645577198 -0.0012601600360434813 0.0014601669787197707 0.9999981917465178 -0.07208291237721198 -0.11063899515690423 -0.07981727994017263
FixedParameters: 0 0 0
#Transform 89
Transform: MatrixOffsetTransformBase_double_3_3
Parameters: 0.9999988934340693 0.0008505750315879002 0.0011754083721798496 -0.0008499087175196005 0.9999990807195268 -0.001131006520614597 -0.001177166893279928 0.0011299928328107056 0.9999982566527845 -0.07669996648412791 -0.1290216547507157 -0.0492066413381167
FixedParameters: 0 0 0
#Transform 90
Transform: MatrixOffsetTransformBase_double_3_3
Parameters: 0.9999988223523296 0.0009264515942687228 0.001148433172825304 -0.0009241544337418675 0.9999978747421858 -0.0018310692328377537 -0.0011506601970060555 0.0018299284427556323 0.9999972461448065 -0.0640391863976646 -0.10865278455626992 -0.10702835143031564
FixedParameters: 0 0 0
#Transform 91
Transform: MatrixOffsetTransformBase_double_3_3
Parameters: 0.9999985504827278 0.0011578500015334934 0.00105311696067226 -0.0011566141181542679 0.9999986269008296 -0.0014552275055220443 -0.001054326201441835 0.0014537752746304061 0.9999986924327204 -0.061291767877733605 -0.12308426351822277 -0.08061318397119521
FixedParameters: 0 0 0
#Transform 92
Transform: MatrixOffsetTransformBase_double_3_3
Parameters: 0.999998594005253 0.0009011744137431426 0.0012623875971096354 -0.0008998513043510177 0.9999986377696102 -0.0012810627546941539 -0.0012635332989582497 0.0012799380263274485 0.9999986768708898 -0.07765706622647883 -0.12121517582878027 -0.06865458928740509
FixedParameters: 0 0 0
#Transform 93
Transform: MatrixOffsetTransformBase_double_3_3
Parameters: 0.9999982735178369 0.0009699762905284121 0.0013366889533812949 -0.0009676619714731184 0.9999987420971607 -0.0015503026560711175 -0.0013375341760223955 0.0015486983860029668 0.9999977295125222 -0.07763433522900698 -0.12042659632433583 -0.0818733977162509
FixedParameters: 0 0 0
#Transform 94
Transform: MatrixOffsetTransformBase_double_3_3
Parameters: 0.9999984654177687 0.0008068728468074425 0.001372691191040488 -0.0008045648820914119 0.9999990620894865 -0.0011740313752292009 -0.001373503639002549 0.0011729686100433179 0.9999986491211198 -0.09297726066368739 -0.12982897045519337 -0.06878528095538172
FixedParameters: 0 0 0
#Transform 95
Transform: MatrixOffsetTransformBase_double_3_3
Parameters: 0.9999989877403986 0.0011126123283589217 0.0008798966120782434 -0.0011112169176439395 0.999997494572649 -0.0018309856589702328 -0.0008818101845554021 0.001830013361109259 0.999997791700124 -0.0807300738094483 -0.11596141444478292 -0.10596446050561781
FixedParameters: 0 0 0
#Transform 96
Transform: MatrixOffsetTransformBase_double_3_3
Parameters: 0.9999987956871502 0.001194524919095719 0.0008816352906577594 -0.0011931473838294653 0.999997970313358 -0.0012990590433950983 -0.0008836571093666556 0.0012979381421947545 0.9999984531699823 -0.07563103468999088 -0.13363828675957734 -0.0509241294176519
FixedParameters: 0 0 0
#Transform 97
Transform: MatrixOffsetTransformBase_double_3_3
Parameters: 0.9999983009756578 0.0010616909855659536 0.0012535007886094187 -0.0010590761317631346 0.9999977113427684 -0.0018042557562606143 -0.0012561650856323294 0.0018027444401658155 0.9999980843985079 -0.07983382797274885 -0.12796838301474622 -0.0641743477134753
FixedParameters: 0 0 0
#Transform 98
Transform: MatrixOffsetTransformBase_double_3_3
Parameters: 0.9999980325578355 0.000960510761375491 0.0014299243049597087 -0.0009583975510464737 0.9999981895785474 -0.001407296926018764 -0.0014314627388552531 0.0014057014487621616 0.999997886492113 -0.08375413159643585 -0.09931198202100688 -0.07075556977567032
FixedParameters: 0 0 0
#Transform 99
Transform: MatrixOffsetTransformBase_double_3_3
Parameters: 0.9999988707901482 0.0009817120941858991 0.0014714902575856089 -0.0009801243024507287 0.9999987136410204 -0.001189369181653313 -0.0014726613881193618 0.0011876311056226996 0.9999983320809568 -0.10203898727712613 -0.11931828929425592 -0.06236480803347888
FixedParameters: 0 0 0
#Transform 100
Transform: MatrixOffsetTransformBase_double_3_3
Parameters: 0.9999982664854327 0.0011508414357784612 0.0015521937092198674 -0.0011483964948078298 0.9999979685992492 -0.001697717897363546 -0.001553856431352048 0.001696283590001929 0.9999975382562195 -0.08672098567132025 -0.09775636674194743 -0.0884050783160859
FixedParameters: 0 0 0
#Transform 101
Transform: MatrixOffsetTransformBase_double_3_3
Parameters: 0.9999984427985397 0.001156815813497728 0.0011046758394335154 -0.001155042978211738 0.9999984438230736 -0.001179209611271298 -0.001105326309863121 0.0011787914741291095 0.9999992188900465 -0.08236743729082718 -0.11564625568030351 -0.04155432840759943
FixedParameters: 0 0 0
#Transform 102
Transform: MatrixOffsetTransformBase_double_3_3
Parameters: 0.9999983195599841 0.0008307361743498214 0.001411075597789658 -0.0008272047575228637 0.9999973319182486 -0.002252096647169008 -0.0014125693688623161 0.0022509058229161077 0.9999968491121044 -0.07472671491471772 -0.08959257407724408 -0.09060857158374347
FixedParameters: 0 0 0
#Transform 103
Transform: MatrixOffsetTransformBase_double_3_3
Parameters: 0.9999992618437814 0.0008224744876830761 0.0010302015296023914 -0.0008219453731953169 0.9999989221127611 -0.001184847478141307 -0.001030988009729732 0.0011831527463068842 0.999998536016951 -0.07792259972130466 -0.10850809370003844 -0.04534443760358897
FixedParameters: 0 0 0
#Transform 104
Transform: MatrixOffsetTransformBase_double_3_3
Parameters: 0.9999983926344037 0.0011534693569483388 0.0011306017972480494 -0.001150689539193059 0.9999982055585112 -0.0015973100036855148 -0.001132205178354847 0.0015956896376257412 0.9999980894453724 -0.07831466132361697 -0.11361192012209642 -0.07360363221791033
FixedParameters: 0 0 0
#Transform 105
Transform: MatrixOffsetTransformBase_double_3_3
Parameters: 0.999999043856288 0.0009230293017226883 0.0010505320464141033 -0.0009214844597173866 0.9999985300076545 -0.0016439768978194769 -0.001052402994054029 0.0016430240218347908 0.9999981116564254 -0.0823564936772101 -0.10054224275775425 -0.06303234874867769
FixedParameters: 0 0 0
#Transform 106
Transform: MatrixOffsetTransformBase_double_3_3
Parameters: 0.9999986369542386 0.0009517251898445766 0.0012069992155416332 -0.0009505727766309331 0.9999985745964621 -0.0012690741565909297 -0.0012082517691610671 0.0012679267890906287 0.9999988441690191 -0.08776885766077669 -0.11291068683198091 -0.07202624079417319
FixedParameters: 0 0 0
#Transform 107
Transform: MatrixOffsetTransformBase_double_3_3
Parameters: 0.9999986700265331 0.0008487047904664218 0.0012686703537671616 -0.0008470049749707977 0.999998346009375 -0.0014230010108858965 -0.0012699219892409225 0.0014219985484580505 0.9999982770009447 -0.09123344365542607 -0.10804832088693672 -0.05214231185910023
FixedParameters: 0 0 0
#Transform 108
Transform: MatrixOffsetTransformBase_double_3_3
Parameters: 0.9999981063810932 0.0008400109218785793 0.0014792263806827268 -0.0008381238033755013 0.9999987369672328 -0.0012841665633715194 -0.0014802197550024799 0.0012828332828968558 0.9999980746656293 -0.09665202780647064 -0.1082832041427082 -0.04958363281279787
FixedParameters: 0 0 0
#Transform 109
Transform: MatrixOffsetTransformBase_double_3_3
Parameters: 0.999999191554726 0.0008631801076769279 0.00025133602522040905 -0.0008629428273628585 0.9999977455189281 -0.002122299606569983 -0.0002529236494088917 0.002121701073121693 0.9999974402545194 -0.05283780395359372 -0.06852302268970334 -0.05713023166974551
FixedParameters: 0 0 0
#Transform 110
Transform: MatrixOffsetTransformBase_double_3_3
Parameters: 0.9999996235096202 0.000546990625735566 0.00027859351444045903 -0.0005463497276153974 0.9999996951413634 -0.0010031532064649212 -0.0002786934977345204 0.0010028485542409454 0.9999999163481026 -0.062040327384792704 -0.09219664945632644 -0.0004032638676392253
FixedParameters: 0 0 0
#Transform 111
Transform: MatrixOffsetTransformBase_double_3_3
Parameters: 0.9999992603605659 0.0006521026903276953 0.0011465110030149542 -0.0006502438311692373 0.9999979632558023 -0.001643671054182172 -0.0011474908966190435 0.00164332715812672 0.9999978949175028 -0.08407972586887524 -0.10787046149273749 -0.06876333006006519
FixedParameters: 0 0 0
#Transform 112
Transform: MatrixOffsetTransformBase_double_3_3
Parameters: 0.9999993098844848 0.0009067190033581769 0.0009317469684460073 -0.0009051730884912177 0.9999985198431615 -0.0013198504482251766 -0.0009330591850954408 0.0013191476048471928 0.999998307880581 -0.0689018164105164 -0.09990695282434103 -0.04478852630039398
FixedParameters: 0 0 0
#Transform 113
Transform: MatrixOffsetTransformBase_double_3_3
Parameters: 0.9999994335937039 0.0007046160038953051 0.0002650380620382562 -0.0007036609841177787 0.9999987980232417 -0.0016432686537685565 -0.0002663552254886008 0.0016427311526236998 0.9999982366686533 -0.04432411984970486 -0.10799645298075689 -0.06498233995104385
FixedParameters: 0 0 0
