#Insight Transform File V1.0
#Transform 0
Transform: MatrixOffsetTransformBase_double_3_3
Parameters: 0.9999918305836774 -0.0019874684422160963 -0.0034956849648063205 0.001947723516849824 0.9999356179595849 -0.011207042121059246 0.003517844543305007 0.011199964848564115 0.9999311668288068 -0.1564612436795727 -0.23786131798360088 -0.6118986584959032
FixedParameters: 0 0 0
#Transform 1
Transform: MatrixOffsetTransformBase_double_3_3
Parameters: 0.9999930713977278 -0.001426654736795343 -0.0034487855743439368 0.0014023117847554263 0.9999735000558682 -0.007087797261342316 0.0034584926344195426 0.007083201226821906 0.9999691611224012 -0.12239380480990292 -0.39744974825042334 -0.5097617724881189
FixedParameters: 0 0 0
#Transform 2
Transform: MatrixOffsetTransformBase_double_3_3
Parameters: 0.999994257060261 -0.0016236346219467381 -0.0028473994814159484 0.0015953094222625596 0.9999509772073633 -0.009811044173429456 0.0028630291657312846 0.009806963206778346 0.9999478416727515 -0.14366771859964445 -0.11501952589388509 -0.6277603693676497
FixedParameters: 0 0 0
#Transform 3
Transform: MatrixOffsetTransformBase_double_3_3
Parameters: 0.9999984062992444 -0.001847581695119806 -0.00042309873227260107 0.0018442112274807108 0.9999578508070037 -0.008937986978753643 0.00044012224546476867 0.008937000153082075 0.9999597944610299 -0.05571467143334985 -0.138959676918887 -0.6218445667966677
FixedParameters: 0 0 0
#Transform 4
Transform: MatrixOffsetTransformBase_double_3_3
Parameters: 0.9999992984470161 -0.0011813891547251792 0.0005536466481747267 0.0011869417892592957 0.9999420754268529 -0.010699515991393543 -0.0005404342140972303 0.01070047616862399 0.9999422364524485 -0.08796941771423405 -0.13458221167550732 -0.6100146972360676
FixedParameters: 0 0 0
#Transform 5
Transform: MatrixOffsetTransformBase_double_3_3
Parameters: 0.9999993419589078 -0.00040810104370684247 0.001221260989220702 0.00041992134429109517 0.9999525517673152 -0.009710326173384243 -0.0012172600122967996 0.009711671241341396 0.9999521786501009 -0.0986777800454206 -0.07901716372018086 -0.5279689846545068
FixedParameters: 0 0 0
#Transform 6
Transform: MatrixOffsetTransformBase_double_3_3
Parameters: 0.9999991280432958 0.00035663860473365513 0.0008632413851326615 -0.0003489737254205594 0.9999662237296113 -0.008225304105784204 -0.000865882856764399 0.008224694063721893 0.9999656007607729 -0.1368943190285563 -0.07416981235559206 -0.5800144907161382
FixedParameters: 0 0 0
#Transform 7
Transform: MatrixOffsetTransformBase_double_3_3
Parameters: 0.9999992499938498 -0.0005106899479249433 0.0006990534198272265 0.0005158342987758213 0.9999799476897848 -0.006294612812238087 -0.0006960229066690517 0.006294386813525565 0.9999800600462007 -0.07642451711485876 -0.12404998863786432 -0.5105772725537321
FixedParameters: 0 0 0
#Transform 8
Transform: MatrixOffsetTransformBase_double_3_3
Parameters: 0.9999992829275541 -0.00036550754299033997 0.0012583274120193176 0.00037543351092548323 0.9999665067296247 -0.008206532859526217 -0.0012554713559479898 0.008207464176977236 0.9999650641983793 -0.08643003808354877 -0.05678027082154813 -0.6013658548987593
FixedParameters: 0 0 0
#Transform 9
Transform: MatrixOffsetTransformBase_double_3_3
Parameters: 0.999999703395282 -0.00043317074147276153 0.0010531096612380717 0.0004417137544092583 0.9999662883813473 -0.008216538761852576 -0.0010494859766174297 0.008217458556038115 0.9999653745348093 -0.056395258721366304 -0.07225253641362883 -0.5051555958189624
FixedParameters: 0 0 0
#Transform 10
Transform: MatrixOffsetTransformBase_double_3_3
Parameters: 0.9999988610550691 -0.0009415978851361402 0.0011188192675633609 0.0009514981739292664 0.999965358534237 -0.008219909936980213 -0.0011109340058401082 0.008221078503406781 0.9999653470199333 -0.011724595247599723 -0.09336176922198547 -0.5137095280625772
FixedParameters: 0 0 0
#Transform 11
Transform: MatrixOffsetTransformBase_double_3_3
Parameters: 0.9999992541431376 -0.0008071702699738656 0.0010459750557392964 0.0008166684674917318 0.9999636238356312 -0.008517129163952364 -0.0010388355430575983 0.008517879853195576 0.9999635319233425 -0.044338466615386096 0.010236516510204297 -0.5314099080225532
FixedParameters: 0 0 0
#Transform 12
Transform: MatrixOffsetTransformBase_double_3_3
Parameters: 0.999999453499946 -0.000055002082007786697 0.0007372150220504582 0.000059775860393461836 0.9999816595956812 -0.006027953894992444 -0.0007368277041883773 0.006028038500228483 0.9999811197121332 -0.09439821386898473 -0.09712449711314264 -0.5442488842392237
FixedParameters: 0 0 0
#Transform 13
Transform: MatrixOffsetTransformBase_double_3_3
Parameters: 0.9999990589606074 -0.0006314643548233367 0.001241900917979961 0.0006411919226815033 0.9999719287111278 -0.007516186010514181 -0.001236885625177868 0.007516821312201993 0.9999711329992358 -0.06164014819961494 -0.02678877630987131 -0.5719892998164084
FixedParameters: 0 0 0
#Transform 14
Transform: MatrixOffsetTransformBase_double_3_3
Parameters: 0.9999984231807009 -0.0009053518133289384 0.0013254982446958552 0.0009151008482290013 0.9999734147746002 -0.007181761008342363 -0.0013189442568923618 0.007183226039910479 0.9999728304897918 -0.010547037247292224 -0.06803761467115521 -0.5154912337169719
FixedParameters: 0 0 0
#Transform 15
Transform: MatrixOffsetTransformBase_double_3_3
Parameters: 0.9999978523152444 -0.0010266741373974985 0.0017593228692445683 0.0010411972009459472 0.9999651352036961 -0.008273122985239217 -0.0017498543241365465 0.008274867221811644 0.9999637965553898 -0.05155677491890742 0.011567460080428305 -0.5750702785582718
FixedParameters: 0 0 0
#Transform 16
Transform: MatrixOffsetTransformBase_double_3_3
Parameters: 0.9999981616472001 -0.0008095661637064355 0.0014770515680743866 0.0008225073970049516 0.9999660613346613 -0.008251771773054861 -0.001470749231747463 0.0082532352872213 0.9999648903260351 -0.062120750070306485 -0.03247819663347684 -0.4983661200755307
FixedParameters: 0 0 0
#Transform 17
Transform: MatrixOffsetTransformBase_double_3_3
Parameters: 0.9999975495334449 -0.0007433378754779622 0.0022129961433399485 0.0007623441363289949 0.9999656846859454 -0.00821294030464051 -0.0022067735650110965 0.008215054555195056 0.9999639228378026 -0.05937397446706427 0.0014232788698507193 -0.5910827196463799
FixedParameters: 0 0 0
#Transform 18
Transform: MatrixOffsetTransformBase_double_3_3
Parameters: 0.9999954413747674 -0.0010481924972332766 0.0029083276339994645 0.0010623428337847812 0.9999875271143636 -0.004871479738884438 -0.00290371346425779 0.0048745157270997375 0.9999834216292496 0.042909007542249356 -0.14055621124373374 -0.4354308989241247
FixedParameters: 0 0 0
#Transform 19
Transform: MatrixOffsetTransformBase_double_3_3
Parameters: 0.9999953900812966 -0.0011693749398586446 0.002691292238563438 0.0011905093288072728 0.9999667854210675 -0.008011375013821681 -0.00268178825489531 0.008014617743000718 0.9999641860425232 0.03857470056915702 0.0009877745451234432 -0.5541233778640446
FixedParameters: 0 0 0
#Transform 20
Transform: MatrixOffsetTransformBase_double_3_3
Parameters: 0.9999958089944657 -0.0010318371724109268 0.002669536214351843 0.0010478199380498116 0.9999816012424083 -0.006054945375278981 -0.002663257209538839 0.00605705785697605 0.9999778566382316 0.05109106675165265 -0.07936070162196529 -0.40653496460726046
FixedParameters: 0 0 0
#Transform 21
Transform: MatrixOffsetTransformBase_double_3_3
Parameters: 0.9999958433217847 -0.0010182170452694486 0.002668664971032829 0.0010366284472328494 0.9999738922877607 -0.0071008075265885096 -0.002660861548320374 0.007103185972543835 0.9999710727946457 0.014766484176476524 0.009601880540259344 -0.5849329834815222
FixedParameters: 0 0 0
#Transform 22
Transform: MatrixOffsetTransformBase_double_3_3
Parameters: 0.9999966122330036 -0.0006733648291505283 0.0026334659504752412 0.0006887583657826089 0.9999831661910109 -0.005739619307710164 -0.002629176115202395 0.005741383721182547 0.9999805386795559 0.04984342187893276 -0.08028154267158527 -0.43300935220111114
FixedParameters: 0 0 0
#Transform 23
Transform: MatrixOffsetTransformBase_double_3_3
Parameters: 0.9999949455875059 -0.0011564094508069488 0.0029521109803961037 0.0011780399921310074 0.9999724706844434 -0.007384111168188934 -0.0029442745933045216 0.007387896363977298 0.999968367093354 0.018870440615600614 -0.03393811991078621 -0.5289111193878568
FixedParameters: 0 0 0
#Transform 24
Transform: MatrixOffsetTransformBase_double_3_3
Parameters: 0.9999946587841952 -0.0011062240744927735 0.0030196790526059243 0.001118076677288941 0.9999915703134125 -0.003927997566371855 -0.0030149787515585413 0.003931005130632381 0.9999882063209004 0.002273027998995758 -0.09800811252264907 -0.4624417113263064
FixedParameters: 0 0 0
#Transform 25
Transform: MatrixOffsetTransformBase_double_3_3
Parameters: 0.9999939650427085 -0.0007408025577555746 0.0035336588471345863 0.0007482991931478769 0.9999968615661032 -0.0022474146038606313 -0.0035319043932021694 0.0022505843329089503 0.9999909874313214 0.06649624004005261 -0.22566473874580595 -0.36669992741965984
FixedParameters: 0 0 0
#Transform 26
Transform: MatrixOffsetTransformBase_double_3_3
Parameters: 0.9999913223178578 -0.0004113639893624871 0.004184406171679053 0.0004205159254649087 0.9999978792854124 -0.0020759394880104365 -0.004183287911178898 0.002077057838333868 0.9999888192863452 0.012625394397318246 -0.11366128314051593 -0.34565508931241595
FixedParameters: 0 0 0
#Transform 27
Transform: MatrixOffsetTransformBase_double_3_3
Parameters: 0.9999909672032592 -0.0009578725100539543 0.004136739241549977 0.0009884286907273208 0.9999719878670278 -0.007418768255855468 -0.004130170709293746 0.007422231656340039 0.9999638496839904 0.017870202337149976 0.0158643556135587 -0.5387369607981185
FixedParameters: 0 0 0
#Transform 28
Transform: MatrixOffsetTransformBase_double_3_3
Parameters: 0.9999902938225775 -0.0004736368972642845 0.0044136089490425445 0.0004829480815303014 0.9999976805389686 -0.002116401931248707 -0.004413007712254871 0.002118596989026944 0.9999876456192858 0.03202066835542894 -0.10291097420611095 -0.37208715681933313
FixedParameters: 0 0 0
#Transform 29
Transform: MatrixOffsetTransformBase_double_3_3
Parameters: 0.9999917312569919 -0.00041800345924686256 0.004134385736710347 0.0004290938977314622 0.9999966184337716 -0.002593957434015026 -0.004133441639151544 0.002596039219391222 0.9999876447012096 0.009065550881118156 -0.08293212694086094 -0.38971732919384294
FixedParameters: 0 0 0
#Transform 30
Transform: MatrixOffsetTransformBase_double_3_3
Parameters: 0.9999921940981455 -0.0011080580023761423 0.0038178327037372067 0.001120312829402469 0.9999947178782521 -0.0031578744474419773 -0.0038148322795835098 0.003161126103610884 0.9999875112095822 0.013711366090518595 -0.0683516637230639 -0.42055963732940427
FixedParameters: 0 0 0
#Transform 31
Transform: MatrixOffsetTransformBase_double_3_3
Parameters: 0.9999924726409763 -0.00045766141833132124 0.003913644562293881 0.00046667850308268846 0.9999966256842959 -0.0023498722128777183 -0.00391289623607711 0.002351127295557448 0.9999897971995794 0.016229975248407413 -0.13623627257661042 -0.351668390396469
FixedParameters: 0 0 0
#Transform 32
Transform: MatrixOffsetTransformBase_double_3_3
Parameters: 0.9999920616071953 -0.0010178791901940848 0.003860157989079847 0.00104215097131074 0.9999790750200338 -0.006324847344572004 -0.0038540486718590767 0.00632915357756067 0.9999729236033891 0.017468820878335123 0.02729579478092603 -0.47004532231548524
FixedParameters: 0 0 0
#Transform 33
Transform: MatrixOffsetTransformBase_double_3_3
Parameters: 0.9999903140923658 -0.00064421096971272 0.004389992463218893 0.0006546111594819221 0.9999973757688205 -0.0023636641918190204 -0.004388174209118799 0.0023673382032313173 0.9999877470671404 0.04210410815684895 -0.1190022278425289 -0.3334978578012908
FixedParameters: 0 0 0
#Transform 34
Transform: MatrixOffsetTransformBase_double_3_3
Parameters: 0.9999897918696474 -0.001428725348760998 0.004262307181892374 0.0014559867287754881 0.9999776308277545 -0.006486620087739786 -0.004252955369050372 0.006493378587324211 0.9999699195380756 0.03570697965471936 0.029128153961210046 -0.4665224048274723
FixedParameters: 0 0 0
#Transform 35
Transform: MatrixOffsetTransformBase_double_3_3
Parameters: 0.9999940815806703 -0.0005075583948557388 0.0032650983059015126 0.0005140243775727891 0.9999974183234811 -0.0019473772796761157 -0.0032640578189002604 0.0019486213599314572 0.9999930738241988 0.026341152721414574 -0.07565290583184492 -0.2797926688627541
FixedParameters: 0 0 0
#Transform 36
Transform: MatrixOffsetTransformBase_double_3_3
Parameters: 0.9999920911131389 -0.0004704257643858914 0.003960552228414958 0.00048344614286759515 0.9999949166157857 -0.0032218230663046687 -0.003959376999955291 0.003224180327254439 0.9999873988921792 0.002550142841386105 -0.03567936880391187 -0.4072497495619132
FixedParameters: 0 0 0
#Transform 37
Transform: MatrixOffsetTransformBase_double_3_3
Parameters: 0.9999895023622236 -0.0008689259858860472 0.004442986494102549 0.0008772662813646002 0.999997241174486 -0.002011577715495122 -0.004441880265934256 0.002015424319198794 0.9999881527694353 0.031194134817155827 -0.05539128583025388 -0.3860519350598537
FixedParameters: 0 0 0
#Transform 38
Transform: MatrixOffsetTransformBase_double_3_3
Parameters: 0.9999941998943183 -0.0014928019494736574 0.0030940660748358367 0.001499195304333334 0.9999971539807013 -0.001910864228009096 -0.0030904475452346474 0.0019151348472250251 0.9999937267492754 0.06297814155125536 -0.061022274428836454 -0.2905694152759679
FixedParameters: 0 0 0
#Transform 39
Transform: MatrixOffsetTransformBase_double_3_3
Parameters: 0.9999926615375689 -0.0004576702274928401 0.0038895438551690554 0.0004814294126624281 0.9999808197819695 -0.006121883454100946 -0.0038867767113206866 0.006124114814721776 0.9999738585179612 -0.012720783345500308 0.04556650816242325 -0.4398717458869186
FixedParameters: 0 0 0
#Transform 40
Transform: MatrixOffsetTransformBase_double_3_3
Parameters: 0.999993200661076 -0.00116088460048253 0.003528596619887986 0.001169365791731294 0.9999960955614519 -0.0025780479811530754 -0.0035259797031660426 0.002581956947060593 0.9999907922189651 0.03576185477231775 -0.06096535256811819 -0.34131909862287557
FixedParameters: 0 0 0
#Transform 41
Transform: MatrixOffsetTransformBase_double_3_3
Parameters: 0.9999938860501438 -0.0008957469375956318 0.0035088497483573666 0.0009033834884088785 0.9999968981016203 -0.002142860393552215 -0.0035067562582471734 0.002146138390040908 0.9999917901499307 0.04120481675316512 -0.0754419533085553 -0.30349728642599416
FixedParameters: 0 0 0
#Transform 42
Transform: MatrixOffsetTransformBase_double_3_3
Parameters: 0.9999888865988454 -0.0008304644278987795 0.004519402194913848 0.0008387118720517199 0.9999975566680417 -0.0019486847813144914 -0.004517570789200513 0.0019523161970047276 0.9999877209807608 0.005983445695150635 -0.03559441741354874 -0.40335365583149496
FixedParameters: 0 0 0
#Transform 43
Transform: MatrixOffsetTransformBase_double_3_3
Parameters: 0.9999924064586545 -0.0003001530510649016 0.003937317916410171 0.000303318480757974 0.9999998024452884 -0.0007985224503365973 -0.003937310524815705 0.0007994784460057525 0.99999232720564 0.023528106254175896 -0.12509571727153457 -0.28476119960355106
FixedParameters: 0 0 0
#Transform 44
Transform: MatrixOffsetTransformBase_double_3_3
Parameters: 0.9999882253761466 -0.0008545318433219448 0.00480009545751135 0.0008657544593255089 0.9999974961527474 -0.0021621296252683497 -0.004798782488878292 0.0021658686914327596 0.9999863633685654 0.03026874404928037 -0.05060769186157188 -0.41276055502008546
FixedParameters: 0 0 0
#Transform 45
Transform: MatrixOffsetTransformBase_double_3_3
Parameters: 0.9999931672300012 -0.001166177968025938 0.0035314939621157804 0.0011687926645624139 0.9999990459297938 -0.0008350337814981845 -0.0035309997771876722 0.0008389686276842057 0.99999372015521 0.05193605999227202 -0.06126388140916106 -0.2941952741653324
FixedParameters: 0 0 0
#Transform 46
Transform: MatrixOffsetTransformBase_double_3_3
Parameters: 0.9999869282451279 -0.0007526834971932852 0.004950263389282254 0.0007614792240777383 0.9999980038047016 -0.0018343446121657225 -0.004948907711667411 0.001837657200287779 0.999986182596981 0.024756184249426383 -0.021289734105238267 -0.41530749507674614
FixedParameters: 0 0 0
#Transform 47
Transform: MatrixOffsetTransformBase_double_3_3
Parameters: 0.9999869899735918 -0.0006688963281936499 0.00515380882369522 0.0006743523582531146 0.9999992352870044 -0.0011344633175186525 -0.00515323244820692 0.0011375393256650157 0.9999861736731738 0.03424542025209121 -0.015537644771129067 -0.3747312638141267
FixedParameters: 0 0 0
#Transform 48
Transform: MatrixOffsetTransformBase_double_3_3
Parameters: 0.9999895827822833 -0.0009984403575917086 0.004518874314347266 0.0009983861412168219 0.9999988930944603 0.000008085240599003951 -0.00451888630165512 -0.000003914622412864999 0.999989689616177 0.06018768088476634 -0.06397303621173478 -0.2851782953562463
FixedParameters: 0 0 0
#Transform 49
Transform: MatrixOffsetTransformBase_double_3_3
Parameters: 0.9999880276640855 -0.0001244407886970575 0.004894462081094294 0.00012397740534244358 0.9999996394203376 0.00014873717856786484 -0.0048946690616046545 -0.00014726407316459356 0.999988344435902 0.0590625309437911 -0.046154892217856514 -0.32429988919699326
FixedParameters: 0 0 0
#Transform 50
Transform: MatrixOffsetTransformBase_double_3_3
Parameters: 0.9999914435560383 0.00020409799535829566 0.004184814953707169 -0.0002085597672299497 0.9999998457290626 0.0010035359880009587 -0.004185081484795966 -0.0010044634505780858 0.9999905817862977 -0.03787188164862698 -0.0063872556580975015 -0.4546673486497923
FixedParameters: 0 0 0
#Transform 51
Transform: MatrixOffsetTransformBase_double_3_3
Parameters: 0.9999912696098722 -0.00028978714092178965 0.004201017380028362 0.0002824665058457044 0.9999987014239188 0.0016156884786322212 -0.004200992301897271 -0.0016153111140773946 0.9999903484801211 0.02961400185360219 -0.06709104682259692 -0.3337041921463424
FixedParameters: 0 0 0
#Transform 52
Transform: MatrixOffsetTransformBase_double_3_3
Parameters: 0.999989338751911 -0.00035717856932091494 0.0046402992534139865 0.0003524237609831526 0.9999991984125071 0.0010624690170183693 -0.004640918146098487 -0.0010605317820116256 0.9999888867613089 0.03213388106993875 -0.043072180286756634 -0.3167974439117671
FixedParameters: 0 0 0
#Transform 53
Transform: MatrixOffsetTransformBase_double_3_3
Parameters: 0.9999907727275953 -0.00040245216061093794 0.004366467290860351 0.0003998191680899119 0.9999997972899156 0.0006602387739458038 -0.004366521616381973 -0.0006587623236189166 0.9999901055520983 0.019608547327152337 -0.0059810756760469985 -0.43434070309405115
FixedParameters: 0 0 0
#Transform 54
Transform: MatrixOffsetTransformBase_double_3_3
Parameters: 0.9999869464655737 -0.00125521900135278 0.0048452673749912545 0.0012506829909447797 0.9999991292031601 0.0010146756080283703 -0.004846682352626356 -0.00100832688986921 0.9999877709819894 0.08177939076908558 -0.03546823728702009 -0.3249962284307202
FixedParameters: 0 0 0
#Transform 55
Transform: MatrixOffsetTransformBase_double_3_3
Parameters: 0.9999932141956958 -0.00020525645426882223 0.003569594957748108 0.00020345391010191736 0.9999993495775885 0.000528822542067986 -0.003570151384236318 -0.0005281769561132632 0.9999933059921701 -0.04689275972798157 -0.1272511929400224 -0.398032557912515
FixedParameters: 0 0 0
#Transform 56
Transform: MatrixOffsetTransformBase_double_3_3
Parameters: 0.9999925977240876 -0.0009203065609255393 0.0036819135614471125 0.0009149090288022106 0.9999977204633537 0.0016063913937812146 -0.003682924132695321 -0.001603608423845937 0.9999917251896634 -0.04371152518372412 -0.1982225112416387 -0.4967858850595377
FixedParameters: 0 0 0
#Transform 57
Transform: MatrixOffsetTransformBase_double_3_3
Parameters: 0.9999944201418847 -0.0011761162496046632 0.0031929277651476873 0.0011664337231415797 0.9999956935121507 0.0028572213465966056 -0.0031970369974825626 -0.0028537762918028897 0.9999904187958921 0.05700934396794821 -0.24497837200895844 -0.36170755245524333
FixedParameters: 0 0 0
#Transform 58
Transform: MatrixOffsetTransformBase_double_3_3
Parameters: 0.9999906414264311 -0.0016158869979864886 0.003968136089304023 0.0016066082147280494 0.99999667079746 0.0021262980952248545 -0.003972227327695733 -0.002119698780894491 0.9999899563261198 0.047438162049189714 -0.15217946299470952 -0.42964034889151037
FixedParameters: 0 0 0
#Transform 59
Transform: MatrixOffsetTransformBase_double_3_3
Parameters: 0.9999895337770517 -0.0016605511148222252 0.004208611085986082 0.0016538209025547855 0.9999977413443348 0.0014690755981870696 -0.004210377749504892 -0.0014619249514107036 0.9999904970273094 0.024396671880921872 -0.08121681630014166 -0.43907791270899565
FixedParameters: 0 0 0
#Transform 60
Transform: MatrixOffsetTransformBase_double_3_3
Parameters: 0.9999941016825833 -0.0009835999557590057 0.0033057209556772186 0.0009793422400852056 0.9999987124745415 0.0012670612962054073 -0.0033079005036364753 -0.0012639386797825558 0.999994186216974 0.026358783642493222 -0.19967138718715205 -0.3565300345525628
FixedParameters: 0 0 0
#Transform 61
Transform: MatrixOffsetTransformBase_double_3_3
Parameters: 0.9999902371919289 -0.000973774348351717 0.0043374526415686215 0.0009687884662348383 0.9999993788252064 0.0009375594733243009 -0.004338794174061562 -0.0009324365294303971 0.9999901099119232 0.010746903633730653 -0.10053687637409325 -0.4932992178563609
FixedParameters: 0 0 0
#Transform 62
Transform: MatrixOffsetTransformBase_double_3_3
Parameters: 0.9999889417304281 -0.0014335793745753854 0.004472616808169616 0.0014240921464335888 0.9999970152214113 0.0021496610005952432 -0.004475355694045312 -0.002143341548302785 0.9999877115177321 0.07451750043344418 -0.18532253235908058 -0.3899216433385533
FixedParameters: 0 0 0
#Transform 63
Transform: MatrixOffsetTransformBase_double_3_3
Parameters: 0.9999861409091271 -0.000844237353348882 0.005113438740105203 0.0008353456004551808 0.99999838653594 0.0016922027601802836 -0.005114682715007803 -0.001687795148393595 0.9999850421343415 0.043262459284363786 -0.21480215522645096 -0.38709406161459015
FixedParameters: 0 0 0
#Transform 64
Transform: MatrixOffsetTransformBase_double_3_3
Parameters: 0.999989803838454 -0.0013054318562144228 0.004415214463794739 0.001300408667586527 0.9999985636420741 0.0011870212547349934 -0.004416195928036062 -0.0011819803897682446 0.9999894340981968 -0.009438773151828173 -0.13136555763105662 -0.47966899043116484
FixedParameters: 0 0 0
#Transform 65
Transform: MatrixOffsetTransformBase_double_3_3
Parameters: 0.9999901193057446 -0.001353821607934825 0.004247712239998689 0.0013448843561031122 0.9999967335751319 0.0022938054470919844 -0.004251655485759616 -0.00228819593196547 0.9999878882997901 0.05244986690296116 -0.19921732416096916 -0.3695913532172739
FixedParameters: 0 0 0
#Transform 66
Transform: MatrixOffsetTransformBase_double_3_3
Parameters: 0.9999889183901686 -0.0009355389072825377 0.0046048971255635215 0.0009224842403638261 0.9999960790244841 0.0026698216080394688 -0.004607784119041368 -0.0026651736438088325 0.9999856081620938 0.03729108343456744 -0.20250154450017988 -0.3421673513033596
FixedParameters: 0 0 0
#Transform 67
Transform: MatrixOffsetTransformBase_double_3_3
Parameters: 0.9999836957601798 -0.001138623023889095 0.00565765648790767 0.0011313256032606485 0.9999985257824502 0.0013027532933451436 -0.005658841561773942 -0.001296246463998313 0.9999827925480071 0.02618144977617476 -0.09667897395368641 -0.4675388696467593
FixedParameters: 0 0 0
#Transform 68
Transform: MatrixOffsetTransformBase_double_3_3
Parameters: 0.999984120225754 -0.0013939518193270143 0.005471672315281694 0.0013835538967011556 0.9999966601116852 0.001931792518375497 -0.005473802457043364 -0.001924206548651608 0.99998302568199 0.05851089217975414 -0.15775853345236612 -0.3888058681678359
FixedParameters: 0 0 0
#Transform 69
Transform: MatrixOffsetTransformBase_double_3_3
Parameters: 0.9999861346405491 -0.0010022915038046497 0.005084966157558092 0.0009996903628598256 0.9999995761407341 0.0004520276278725255 -0.005086206479260886 -0.0004469703065480002 0.999987154397389 0.07210330217063188 -0.20409991430899765 -0.31640182326384547
FixedParameters: 0 0 0
#Transform 70
Transform: MatrixOffsetTransformBase_double_3_3
Parameters: 0.9999903908097286 -0.00014781457101599644 0.004425747642223034 0.00014789424515816425 1.000000538925509 -0.000008887855222988739 -0.004425744985065824 0.00000911197178418699 0.999989851722703 0.03529631867405669 -0.22766136215285826 -0.42731017113305825
FixedParameters: 0 0 0
#Transform 71
Transform: MatrixOffsetTransformBase_double_3_3
Parameters: 0.9999885164823576 -0.0005434602805612503 0.00471039160548524 0.0005376873891633253 0.9999990549938048 0.0013822314104215971 -0.004711105336200928 -0.001379771647500222 0.9999876471391325 0.09137225907150537 -0.2757153495719251 -0.3556271675020639
FixedParameters: 0 0 0
#Transform 72
Transform: MatrixOffsetTransformBase_double_3_3
Parameters: 0.9999870110651772 -0.001131188977778484 0.004869033257423009 0.0011217428472576785 0.9999980988950146 0.0018340875442664217 -0.004871564988229137 -0.0018289099190338665 0.9999862033428097 0.10271240014972705 -0.23132065879485708 -0.3458410727740642
FixedParameters: 0 0 0
#Transform 73
Transform: MatrixOffsetTransformBase_double_3_3
Parameters: 0.9999785651061056 -0.001463280438314279 0.006347848295392891 0.001458281239393337 0.9999980826916863 0.0007352514307990277 -0.0063486940078985865 -0.0007267455181756699 0.9999794136837848 0.09411721340218548 -0.0940102290280862 -0.44777121120426955
FixedParameters: 0 0 0
#Transform 74
Transform: MatrixOffsetTransformBase_double_3_3
Parameters: 0.9999853747421875 -0.0012154682614624115 0.005305475643026457 0.0012085604378211457 0.9999983526204476 0.0013525672117044585 -0.005306980937184547 -0.0013454352655297153 0.9999853824881336 0.11622413186536562 -0.18982555964267078 -0.31858242507696843
FixedParameters: 0 0 0
#Transform 75
Transform: MatrixOffsetTransformBase_double_3_3
Parameters: 0.9999856431804678 -0.0013736974384248523 0.005241314553542451 0.0013636139858182465 0.9999974084149019 0.0017821695084919431 -0.0052436029514392095 -0.0017748272722440672 0.9999849085953296 0.10081732882936478 -0.2003579087368621 -0.3627173286037646
FixedParameters: 0 0 0
#Transform 76
Transform: MatrixOffsetTransformBase_double_3_3
Parameters: 0.9999811485708935 -0.0016118746724683812 0.00585268612022245 0.0016043659888664754 0.999997997307454 0.0011948303637362157 -0.005854578525004288 -0.0011851668695274375 0.999982319039512 0.11121887521437657 -0.10416755433311664 -0.40553708915349773
FixedParameters: 0 0 0
#Transform 77
Transform: MatrixOffsetTransformBase_double_3_3
Parameters: 0.9999838091373552 -0.0009495242850999402 0.005682105735869311 0.0009393725338527973 0.9999975493291361 0.0018078362215670218 -0.005684261104996282 -0.001802160876874237 0.9999817437043332 0.15866071979830565 -0.21656983562709797 -0.3425393393840608
FixedParameters: 0 0 0
#Transform 78
Transform: MatrixOffsetTransformBase_double_3_3
Parameters: 0.9999834806845165 -0.0008489045008638215 0.0056393354131892524 0.0008409223768928004 0.9999992913353578 0.0013672068470979293 -0.005639876453653133 -0.001361794449660364 0.9999834655954496 0.13943667031931284 -0.19203386879976847 -0.3469880866599624
FixedParameters: 0 0 0
#Transform 79
Transform: MatrixOffsetTransformBase_double_3_3
Parameters: 0.9999796511908257 -0.0011850374380917613 0.006320145425686425 0.0011777112961625725 0.9999983411354983 0.001247529060324326 -0.006321488999423706 -0.0012394739135670463 0.9999792174340677 0.10505286306087669 -0.10907901800102593 -0.4131454718013572
FixedParameters: 0 0 0
#Transform 80
Transform: MatrixOffsetTransformBase_double_3_3
Parameters: 0.9999840984092166 -0.0013835229346581082 0.005384220313428015 0.0013713393499832278 0.9999968640157679 0.002128441464940456 -0.005386849506056234 -0.0021215551067272354 0.9999832030707122 0.15712393959674387 -0.2273787059556298 -0.3196660302383947
FixedParameters: 0 0 0
#Transform 81
Transform: MatrixOffsetTransformBase_double_3_3
Parameters: 0.9999833654930768 -0.0009655693811833534 0.005630328704915118 0.0009533639388717539 0.9999969651065325 0.002196873459955423 -0.005632639777158224 -0.0021911266134040652 0.9999817730242395 0.17665662699590712 -0.24452956041611174 -0.340974392864851
FixedParameters: 0 0 0
#Transform 82
Transform: MatrixOffsetTransformBase_double_3_3
Parameters: 0.9999750077106265 -0.0014948920373642229 0.006910723728677848 0.0014889131856386983 0.999998506337275 0.0009738254477136832 -0.0069118488380732436 -0.0009631800973506632 0.9999756253596586 0.1572718161040001 -0.12661520371437973 -0.40712999863650623
FixedParameters: 0 0 0
#Transform 83
Transform: MatrixOffsetTransformBase_double_3_3
Parameters: 0.9999840350655556 -0.0008424323655903635 0.005679367551247615 0.0008334423630792285 0.9999983825156606 0.0016192301014749388 -0.005680653131623605 -0.0016147707480056173 0.9999824231238039 0.15180437887772769 -0.23906799284303304 -0.30827544914784255
FixedParameters: 0 0 0
#Transform 84
Transform: MatrixOffsetTransformBase_double_3_3
Parameters: 0.9999825207439307 -0.0006053027691156876 0.00592568733885378 0.0005948488510905815 0.9999984796246132 0.0017583330132944774 -0.005926541303196888 -0.0017546674573954424 0.9999808704744788 0.14951175593597554 -0.21683120944972245 -0.3464663554173626
FixedParameters: 0 0 0
#Transform 85
Transform: MatrixOffsetTransformBase_double_3_3
Parameters: 0.9999768893872784 -0.0008019621549213169 0.006742930445584177 0.0007916644678059802 0.9999985557766046 0.001534907354734355 -0.0067441177920394245 -0.0015290916649936814 0.9999756395076081 0.1483842752228952 -0.16884396757752995 -0.40194158997719853
FixedParameters: 0 0 0
#Transform 86
Transform: MatrixOffsetTransformBase_double_3_3
Parameters: 0.9999818060538826 -0.0012532681030069629 0.005968525352911649 0.0012377449671986337 0.9999957620706261 0.00262699216580331 -0.005971701294884399 -0.002620006264413277 0.9999782783313385 0.17497247703188634 -0.2212007872596331 -0.3100968606200496
FixedParameters: 0 0 0
#Transform 87
Transform: MatrixOffsetTransformBase_double_3_3
Parameters: 0.9999800263003465 0.00006225451236517251 0.00640068564916913 -0.00007566682536345429 0.9999982336753933 0.0020749192354014567 -0.006400641374387063 -0.0020750807952759354 0.9999771812773701 0.14870960005576705 -0.21342945646080125 -0.36938797004674484
FixedParameters: 0 0 0
#Transform 88
Transform: MatrixOffsetTransformBase_double_3_3
Parameters: 0.9999799528605865 -0.0004318772222853856 0.006313402810227318 0.00042223937913599217 0.9999986019952575 0.0014939751116443134 -0.006314238669987671 -0.0014910227003598897 0.9999788957090826 0.10763886076458107 -0.20115712775877626 -0.36696819481818466
FixedParameters: 0 0 0
#Transform 89
Transform: MatrixOffsetTransformBase_double_3_3
Parameters: 0.9999757802058741 0.0007300670844722632 0.006977560845449497 -0.0007155765493715388 0.9999972485710386 -0.002111764760943796 -0.006979042737885461 0.0021072366249902386 0.9999736315320881 0.13476905495660674 -0.3353489385575017 -0.3573895913167888
FixedParameters: 0 0 0
#Transform 90
Transform: MatrixOffsetTransformBase_double_3_3
Parameters: 0.9999744948595617 0.0002933049235344645 0.007100578014129212 -0.0003025056269930095 0.9999991529400653 0.0012142499984416633 -0.00710023037162742 -0.0012157465918617993 0.9999743894355151 0.1859552291940787 -0.34690104676114686 -0.3969487768522413
FixedParameters: 0 0 0
#Transform 91
Transform: MatrixOffsetTransformBase_double_3_3
Parameters: 0.9999723752322289 -0.0010017256053631667 0.007390498983594551 0.0009933017627800694 0.9999983722142654 0.0012746971365248383 -0.007391780583011081 -0.001267308934869038 0.9999717720820919 0.24662382129014304 -0.36903340450838584 -0.36060186994068033
FixedParameters: 0 0 0
#Transform 92
Transform: MatrixOffsetTransformBase_double_3_3
Parameters: 0.9999696201540514 -0.000043592253963847414 0.007770637851481534 0.00003744212931123332 0.999999251348567 0.0008614997471163011 -0.007769928319818145 -0.0008615046276942984 0.9999698844148878 0.21686566428853382 -0.29419059930451397 -0.41925531306088715
FixedParameters: 0 0 0
#Transform 93
Transform: MatrixOffsetTransformBase_double_3_3
Parameters: 0.9999708275528747 -0.0005812147164945261 0.007604845669420496 0.000572676364936545 0.9999988578029082 0.001104153367789712 -0.007605508143843101 -0.001099844757616153 0.9999705409081083 0.20817533955285228 -0.2114885899221406 -0.4263630933049427
FixedParameters: 0 0 0
#Transform 94
Transform: MatrixOffsetTransformBase_double_3_3
Parameters: 0.9999787523481135 -0.0011784325149644297 0.0063919953649051 0.0011653833359570153 0.9999970503843474 0.0021695845631163335 -0.006394528032816184 -0.0021624213500403833 0.9999773187289036 0.2400228496741761 -0.24909248038642318 -0.3549959960159299
FixedParameters: 0 0 0
#Transform 95
Transform: MatrixOffsetTransformBase_double_3_3
Parameters: 0.9999796790885058 -0.00110439166898128 0.006332695208652875 0.0010905200219222602 0.9999973545291656 0.0021770124791410383 -0.006334751595440162 -0.0021699898910394755 0.9999778762410034 0.2502539694944659 -0.24257039176799822 -0.35901294626189895
FixedParameters: 0 0 0
#Transform 96
Transform: MatrixOffsetTransformBase_double_3_3
Parameters: 0.9999754766864435 -0.0010909354754679251 0.006879677162875148 0.0010804307784653743 0.9999985560474604 0.001520091917701888 -0.006881715960550956 -0.001512908504834043 0.9999753210354815 0.20839869198643157 -0.17778917876850642 -0.39784614361416004
FixedParameters: 0 0 0
#Transform 97
Transform: MatrixOffsetTransformBase_double_3_3
Parameters: 0.9999786562410257 -0.0011641987996112602 0.006479602667298365 0.0011503029410794823 0.9999966157567849 0.002281760203226235 -0.0064825012813941275 -0.0022742457520424086 0.9999766617767208 0.2143275047461799 -0.2569532965946024 -0.3415547934087044
FixedParameters: 0 0 0
#Transform 98
Transform: MatrixOffsetTransformBase_double_3_3
Parameters: 0.9999709830321895 -0.001139590727600392 0.007531270258372527 0.0011253662430574267 0.9999978594463728 0.0019208819711198921 -0.007533067020123549 -0.0019121212631765527 0.9999697775219641 0.21134055607268465 -0.20682004027716516 -0.4369581841636432
FixedParameters: 0 0 0
#Transform 99
Transform: MatrixOffsetTransformBase_double_3_3
Parameters: 0.9999758687030839 -0.0009530093049157932 0.006872150114400374 0.0009358394908547744 0.9999958774694241 0.0025452512549267725 -0.006873932755212009 -0.002538748720542411 0.9999730675295372 0.23648249428948986 -0.25221852875061757 -0.3584079007116685
FixedParameters: 0 0 0
#Transform 100
Transform: MatrixOffsetTransformBase_double_3_3
Parameters: 0.9999737457351004 -0.0007726872864494863 0.0072564245038846155 0.000762280525473504 0.9999984821072171 0.0015018348962209382 -0.007257641543185097 -0.0014961688529958883 0.9999727695578333 0.2028225536426902 -0.23103609305537987 -0.38707093082504684
FixedParameters: 0 0 0
#Transform 101
Transform: MatrixOffsetTransformBase_double_3_3
Parameters: 0.9999767768955826 -0.0011391610309390422 0.006627437610756345 0.0011242735593131644 0.9999965932509731 0.0023059280627865664 -0.00663027422090165 -0.002298074554188817 0.9999755850964629 0.17231751810163587 -0.19829549598230756 -0.39724765060810796
FixedParameters: 0 0 0
#Transform 102
Transform: MatrixOffsetTransformBase_double_3_3
Parameters: 0.9999769957120982 -0.0020540253815114224 0.006540656835016053 0.002034943601027198 0.9999930056817474 0.003012277663220181 -0.006547311726433452 -0.0029987219137882215 0.9999739237179648 0.2111410905769162 -0.2593726492466004 -0.32027661207079916
FixedParameters: 0 0 0
#Transform 103
Transform: MatrixOffsetTransformBase_double_3_3
Parameters: 0.9999723434399315 -0.0012026868150949342 0.007294693507429299 0.0011865481941496414 0.9999962670328612 0.002260898825210328 -0.007296895812804204 -0.00225210223615252 0.9999708926681824 0.16550645405317255 -0.18258987277376093 -0.4236787058355844
FixedParameters: 0 0 0
#Transform 104
Transform: MatrixOffsetTransformBase_double_3_3
Parameters: 0.9999784621809875 -0.001354396485256897 0.006457728353346892 0.0013358455633175445 0.9999948900987791 0.002905778453644786 -0.00646169877880398 -0.0028962216028487475 0.9999747402617839 0.21522588984247193 -0.2420733620493678 -0.3387473304230184
FixedParameters: 0 0 0
#Transform 105
Transform: MatrixOffsetTransformBase_double_3_3
Parameters: 0.9999761223677851 -0.0011177523996978415 0.006754564114043693 0.0011027511922173366 0.9999964939422639 0.002344096135065671 -0.006757556492089059 -0.002335909287480037 0.9999746770696193 0.20334661213902905 -0.2088273266768681 -0.35641847595680076
FixedParameters: 0 0 0
#Transform 106
Transform: MatrixOffsetTransformBase_double_3_3
Parameters: 0.9999733639027921 -0.0011377877215918953 0.0071652130748290355 0.0011257273772940027 0.9999977060571206 0.001718096638629485 -0.0071671936867910005 -0.001709904033942028 0.9999727821708266 0.20497341136002944 -0.1829768522492401 -0.40079911721349504
FixedParameters: 0 0 0
#Transform 107
Transform: MatrixOffsetTransformBase_double_3_3
Parameters: 0.9999761071710269 -0.0011044448126336034 0.006831491307816394 0.0010895075313247134 0.9999966673668035 0.0023130900956953304 -0.006834353540347117 -0.00230491400013641 0.9999737766911599 0.20374248062812228 -0.21076550214212375 -0.35217184389293266
FixedParameters: 0 0 0
#Transform 108
Transform: MatrixOffsetTransformBase_double_3_3
Parameters: 0.9999697636322767 -0.0009341937905053717 0.007769304001849775 0.0009269878412635239 0.9999991719208038 0.0009330844773865199 -0.007770254656686621 -0.0009259165311744921 0.9999698637432974 0.15444777823840639 -0.13354481171245425 -0.43927377146049196
FixedParameters: 0 0 0
#Transform 109
Transform: MatrixOffsetTransformBase_double_3_3
Parameters: 0.9999767662757357 -0.0012515840858166366 0.006683049248148823 0.0012360983110028024 0.999997012141722 0.002331601793626986 -0.006686465516025353 -0.0023234002157633826 0.9999749194771697 0.19662358405592784 -0.20272829900787315 -0.3365206590789285
FixedParameters: 0 0 0
#Transform 110
Transform: MatrixOffsetTransformBase_double_3_3
Parameters: 0.9999776550893082 -0.0017672482608401866 0.0064203924947702894 0.0017485644209317684 0.9999942585282938 0.0028701296991997527 -0.006425473978200144 -0.0028588662236726514 0.9999749856366534 0.21174793955994176 -0.19775972426458566 -0.31740710729594923
FixedParameters: 0 0 0
#Transform 111
Transform: MatrixOffsetTransformBase_double_3_3
Parameters: 0.9999768155037968 -0.0011150670389497748 0.0067780067380414305 0.0010984348010932437 0.9999963416942282 0.002540958694061596 -0.0067806046917308445 -0.0025340452478208875 0.9999735958145053 0.179901665447602 -0.15818213831492756 -0.3980151365551876
FixedParameters: 0 0 0
#Transform 112
Transform: MatrixOffsetTransformBase_double_3_3
Parameters: 0.999982882734757 -0.0013272355194252742 0.005688460039292983 0.0013059944130186635 0.9999925019992445 0.003735885923545429 -0.005692824207137084 -0.0037291223348352442 0.9999775172583151 0.15789515732767256 -0.25771758342044393 -0.3015170100283342
FixedParameters: 0 0 0
#Transform 113
Transform: MatrixOffsetTransformBase_double_3_3
Parameters: 0.9999795528047539 -0.000486630399322935 0.006340877437315526 0.0004684241517573743 0.9999954461677721 0.002889306835645228 -0.006342757344085383 -0.002885690355245385 0.9999754311294953 0.16307397744022012 -0.24420127812790327 -0.3653957058191537
FixedParameters: 0 0 0
#Transform 114
Transform: MatrixOffsetTransformBase_double_3_3
Parameters: 0.9999789374532966 -0.0006100436255245161 0.006378793354313324 0.0005906747634135501 0.9999951689721043 0.0030541397431350092 -0.006380764947184523 -0.00304986176639635 0.999975138833797 0.1621290453612687 -0.2088540546073432 -0.3728299854375905
