#Insight Transform File V1.0
#Transform 0
Transform: MatrixOffsetTransformBase_double_3_3
Parameters: 0.9999980890775304 -0.0009077759148880245 -0.0014444719210992085 0.0009056783964345335 0.9999985201209112 -0.001690173097142006 0.0014460397207410418 0.0016888296997786822 0.9999978601231968 -0.20304849775391176 -0.016312730897752203 -0.4587738869810778
FixedParameters: 0 0 0
#Transform 1
Transform: MatrixOffsetTransformBase_double_3_3
Parameters: 0.9999968216554725 -0.000965658272267611 -0.0024990618986125627 0.0009662588164437294 0.9999994833596428 -0.000077969739630257 0.002499040447904742 0.00007603224298188827 0.9999963264379027 -0.19064734611782796 -0.06500500383710062 -0.3325972022890795
FixedParameters: 0 0 0
#Transform 2
Transform: MatrixOffsetTransformBase_double_3_3
Parameters: 0.999999213226903 -0.00015364703677765482 -0.0008735907881855597 0.00015126082142014505 0.9999956314749042 -0.003057134139008072 0.0008740122659290758 0.00305686771465305 0.9999948912009454 -0.2889029051233507 -0.08130679792580509 -0.5709911967169887
FixedParameters: 0 0 0
#Transform 3
Transform: MatrixOffsetTransformBase_double_3_3
Parameters: 0.9999997921520433 0.00044287659018624545 0.0001082046200031096 -0.00044288048461707833 0.9999998035346044 0.000017952078254002135 -0.00010818867538961469 -0.00001804791425147334 0.9999999879694391 -0.27532574739508675 -0.20964132154476545 -0.2991088948970173
FixedParameters: 0 0 0
#Transform 4
Transform: MatrixOffsetTransformBase_double_3_3
Parameters: 0.9999980268163707 -0.0001119571195129808 -0.0017202080959056974 0.00011004469617682174 0.9999990831211883 -0.0008918259511780657 0.0017212212109442415 0.0008911727945529468 0.9999983541504903 -0.24523816658351905 -0.29006165916624127 -0.1777856866553691
FixedParameters: 0 0 0
#Transform 5
Transform: MatrixOffsetTransformBase_double_3_3
Parameters: 0.9999992655097728 -0.00022511841289801944 -0.001297617311367745 0.00022419879736198538 0.9999994397419311 -0.0007341235365163068 0.0012977769014131532 0.0007338759113561244 0.9999987482557079 -0.25249431563352687 -0.20708329147966253 -0.3060375429632529
FixedParameters: 0 0 0
#Transform 6
Transform: MatrixOffsetTransformBase_double_3_3
Parameters: 0.9999981414132948 -0.0008717042136445557 -0.0014487862547870455 0.0008737215080296146 0.9999986844437121 0.0016578766470296546 0.0014473874963186369 -0.0016591266722117137 0.9999979557120172 -0.22898659691664136 -0.20277083000418372 -0.28485330908732465
FixedParameters: 0 0 0
#Transform 7
Transform: MatrixOffsetTransformBase_double_3_3
Parameters: 0.9999987138553659 -0.0002563732101188868 -0.0014901055240966704 0.00025735462748013806 0.9999995273937344 0.000659784611756864 0.0014899366736648412 -0.0006602146275428711 0.9999983152616982 -0.23791621277602815 -0.20667973542742857 -0.21718440694736785
FixedParameters: 0 0 0
#Transform 8
Transform: MatrixOffsetTransformBase_double_3_3
Parameters: 0.9999986225629409 -0.0007673592017117404 -0.0016700504672733886 0.0007684358218682874 0.9999992546964631 0.0006170241522250597 0.0016692723221683916 -0.0006179754517299796 0.9999986052535672 -0.24351552812457555 -0.0938634493541457 -0.31342315504412
FixedParameters: 0 0 0
#Transform 9
Transform: MatrixOffsetTransformBase_double_3_3
Parameters: 0.9999988043936172 -0.000773615538728698 -0.001263446476087245 0.0007759642897689682 0.999999027642821 0.0012521601564453866 0.0012626612426534292 -0.0012528398538240726 0.9999986392354271 -0.22484709690881743 -0.16843141030405206 -0.2382588834482675
FixedParameters: 0 0 0
#Transform 10
Transform: MatrixOffsetTransformBase_double_3_3
Parameters: 0.9999977243771844 -0.0008709509252577284 -0.001875671697948527 0.0008727656574950858 0.9999994464406111 0.001008672465475785 0.001874251831293335 -0.001010328912501579 0.9999982397523355 -0.22640686366077034 -0.08821003572903408 -0.32312768570314176
FixedParameters: 0 0 0
#Transform 11
Transform: MatrixOffsetTransformBase_double_3_3
Parameters: 0.9999988415411785 -0.0008586148961493652 -0.0011921433769580098 0.0008601138754804786 0.9999985413502036 0.0013841148733808595 0.0011910896203172067 -0.0013848854341118044 0.9999984665062042 -0.21808233860573978 -0.0913899873055044 -0.2994534903794772
FixedParameters: 0 0 0
#Transform 12
Transform: MatrixOffsetTransformBase_double_3_3
Parameters: 0.9999987969295068 -0.0006361120536696541 -0.0013406713077666376 0.0006378574780836111 0.9999996822271062 0.0009541458799388336 0.001340610282414738 -0.0009558538192315502 0.9999982906518636 -0.23238930049544138 -0.10141642155392105 -0.28895844859161457
FixedParameters: 0 0 0
#Transform 13
Transform: MatrixOffsetTransformBase_double_3_3
Parameters: 0.9999982477168948 -0.0002811350144382871 -0.0016350057729250136 0.0002826346165345428 0.9999994008850301 0.0007598744223561715 0.001634747517932742 -0.0007601252152227289 0.9999986916312323 -0.24058336411253833 -0.07060530565948397 -0.32566092079471787
FixedParameters: 0 0 0
#Transform 14
Transform: MatrixOffsetTransformBase_double_3_3
Parameters: 0.9999980290326014 -0.0007942266982861592 -0.0020834104170836584 0.0007951056964726077 0.9999994228894179 0.0004468189265304512 0.0020828693992352883 -0.00044818131823043394 0.9999982056300866 -0.21494814586496602 -0.09332282396265157 -0.33725110996017804
FixedParameters: 0 0 0
#Transform 15
Transform: MatrixOffsetTransformBase_double_3_3
Parameters: 0.9999980976244739 -0.0010781443568672472 -0.0016552111173287125 0.0010787519041139573 0.9999985333611571 0.000726521985262657 0.0016549677985252574 -0.0007284788867136793 0.9999985057494266 -0.21783718169821498 -0.08285188441509206 -0.2863968693515204
FixedParameters: 0 0 0
#Transform 16
Transform: MatrixOffsetTransformBase_double_3_3
Parameters: 0.9999977886271865 -0.0009725972951292451 -0.0018072284007593954 0.0009738449794276982 0.9999990643115362 0.0006175185463176414 0.001806195707679322 -0.0006184801943713569 0.9999979604679782 -0.22389152811800273 -0.08536942201762088 -0.38441012854841006
FixedParameters: 0 0 0
#Transform 17
Transform: MatrixOffsetTransformBase_double_3_3
Parameters: 0.9999960521308459 -0.0010666369401274092 -0.002410159849880029 0.0010689091022966749 0.9999995682000299 0.0008438726099373184 0.0024096811361830764 -0.0008461286464672979 0.99999705587719 -0.2086243542257762 -0.07344494068239271 -0.3469123496462885
FixedParameters: 0 0 0
#Transform 18
Transform: MatrixOffsetTransformBase_double_3_3
Parameters: 0.9999942778548575 -0.001531781899034504 -0.0030620969812893612 0.0015350481148449387 0.999997975311976 0.0011470577614026978 0.003060237892844046 -0.0011519424446045368 0.9999946598335616 -0.20088704091941167 -0.10580487384974901 -0.3196496793465684
FixedParameters: 0 0 0
#Transform 19
Transform: MatrixOffsetTransformBase_double_3_3
Parameters: 0.9999946983836722 -0.0014943816681703974 -0.0030111640038874912 0.0014962333107202894 0.9999990152704588 0.0006040819886518334 0.003010676016445921 -0.0006089185383079954 0.9999949474263948 -0.2126635100925256 -0.025492760019417915 -0.39608204786117085
FixedParameters: 0 0 0
#Transform 20
Transform: MatrixOffsetTransformBase_double_3_3
Parameters: 0.9999966923870961 -0.001236155119856806 -0.0021859061822451765 0.0012398480030661836 0.9999980751793811 0.0016675726761928578 0.002184425376284187 -0.0016704281507756435 0.9999960460717425 -0.22548797443086244 -0.08561074187205975 -0.3259301019626122
FixedParameters: 0 0 0
#Transform 21
Transform: MatrixOffsetTransformBase_double_3_3
Parameters: 0.999994357510799 -0.001128789601313216 -0.0032201589828922163 0.0011302317012484243 0.9999989525817905 0.000528311907638801 0.003219302116810914 -0.0005316885435831809 0.9999948431271969 -0.2554092043925493 -0.08562518121226503 -0.39161709230019426
FixedParameters: 0 0 0
#Transform 22
Transform: MatrixOffsetTransformBase_double_3_3
Parameters: 0.999994588818039 -0.0015214841720003758 -0.00284520682132945 0.0015261836605920654 0.9999976319233052 0.0016302503766602305 0.0028430533485408116 -0.0016347503944000308 0.9999946267635375 -0.22992224709992115 -0.09598638492440159 -0.3476343594490743
FixedParameters: 0 0 0
#Transform 23
Transform: MatrixOffsetTransformBase_double_3_3
Parameters: 0.9999975446096295 -0.000997475057657197 -0.0021120321284920102 0.0010004006269952119 0.9999988801174171 0.0015851701552216102 0.0021105297371476835 -0.0015868332204402036 0.9999966336852788 -0.22394709288096237 -0.11899065959848087 -0.36125945509371604
FixedParameters: 0 0 0
#Transform 24
Transform: MatrixOffsetTransformBase_double_3_3
Parameters: 0.9999950005331552 -0.0012750543883989322 -0.0030614797824272794 0.0012791674004348015 0.9999985791617022 0.0011248709884470187 0.0030600972026028086 -0.0011291275718925964 0.9999948811071345 -0.23042319775042586 -0.009796641278228435 -0.4054475255903043
FixedParameters: 0 0 0
#Transform 25
Transform: MatrixOffsetTransformBase_double_3_3
Parameters: 0.9999959367317687 -0.0013302669410844054 -0.0027003964706551783 0.0013346187202388107 0.9999981029694391 0.001653988691322883 0.0026988066038439147 -0.0016570148558010533 0.9999953523799902 -0.2355758038829805 -0.07906027267713966 -0.32604770088491364
FixedParameters: 0 0 0
#Transform 26
Transform: MatrixOffsetTransformBase_double_3_3
Parameters: 0.9999964247273643 -0.0012434266544327256 -0.0022429529588718954 0.0012460650703470493 0.9999987872155345 0.0010264856621819696 0.00224073417564344 -0.0010295117123106379 0.9999965239426384 -0.24913377345036736 -0.013423533264202092 -0.40165338527050665
FixedParameters: 0 0 0
#Transform 27
Transform: MatrixOffsetTransformBase_double_3_3
Parameters: 0.9999969919929543 -0.0013765535799362674 -0.002027975955645329 0.0013796982616042443 0.9999977252596485 0.0016624848849392526 0.0020260411938099673 -0.0016655168275118148 0.9999967289263654 -0.2495804248704303 -0.07778510109005765 -0.3275428338178443
FixedParameters: 0 0 0
#Transform 28
Transform: MatrixOffsetTransformBase_double_3_3
Parameters: 0.9999968650150517 -0.001400383986495288 -0.002274732098613412 0.0014016938418513177 0.9999988162788428 0.00089923155508978 0.002273704856779199 -0.0009017715713826591 0.9999974269299097 -0.25193723628196096 -0.05629069839977774 -0.39047817806151386
FixedParameters: 0 0 0
#Transform 29
Transform: MatrixOffsetTransformBase_double_3_3
Parameters: 0.9999964368377112 -0.001455697449102518 -0.002333380191689215 0.0014578705029676664 0.9999981701711589 0.0010610475750381099 0.0023317790958857455 -0.0010649532513672122 0.9999970067229708 -0.2466432518930617 -0.049104159164926386 -0.386532009853525
FixedParameters: 0 0 0
#Transform 30
Transform: MatrixOffsetTransformBase_double_3_3
Parameters: 0.9999962569838119 -0.0013391094067819196 -0.0024388827861901805 0.001342094316761545 0.9999979690238463 0.0013491473348528904 0.002437913465665431 -0.0013518526660384333 0.9999956402511565 -0.2503522915588263 -0.07317332604466742 -0.34595093214245765
FixedParameters: 0 0 0
#Transform 31
Transform: MatrixOffsetTransformBase_double_3_3
Parameters: 0.9999967473591306 -0.0012902733455926923 -0.0023638714920543296 0.0012928800339277987 0.9999984523105242 0.0011393932465113 0.0023624201430343297 -0.001142607158073461 0.9999966912804718 -0.2544957432879471 -0.011282868668260448 -0.4455508812538227
FixedParameters: 0 0 0
#Transform 32
Transform: MatrixOffsetTransformBase_double_3_3
Parameters: 0.9999938229994403 -0.0013296316960273147 -0.003225841041390349 0.0013342115709998994 0.9999977160116452 0.0014186529402071546 0.0032248775681579128 -0.0014233480020666434 0.999994068490423 -0.24652002424919317 -0.07101870522149056 -0.34823376879032253
FixedParameters: 0 0 0
#Transform 33
Transform: MatrixOffsetTransformBase_double_3_3
Parameters: 0.9999956331326113 -0.0010967262401276323 -0.002676806043137058 0.0010983469381760794 0.9999987965071122 0.0006696752730435407 0.002675673564774056 -0.0006723239104035328 0.9999959361422781 -0.2763663731801529 -0.0183876630092783 -0.43238228740918316
FixedParameters: 0 0 0
#Transform 34
Transform: MatrixOffsetTransformBase_double_3_3
Parameters: 0.9999950098917365 -0.0011398018643792567 -0.002948147977587945 0.0011447752190031136 0.9999978413786249 0.0018162465182739729 0.0029460012671709023 -0.0018197534432297102 0.9999935582434409 -0.25283634402704536 -0.08679505756228423 -0.3640072774531262
FixedParameters: 0 0 0
#Transform 35
Transform: MatrixOffsetTransformBase_double_3_3
Parameters: 0.9999969658454907 -0.0010526731427311772 -0.0024343276298353245 0.0010565186154210045 0.9999978899357674 0.001564046601647634 0.0024326929838533145 -0.0015659534303727185 0.9999961774482843 -0.28768915984984744 -0.060975924343225074 -0.4260033156351284
FixedParameters: 0 0 0
#Transform 36
Transform: MatrixOffsetTransformBase_double_3_3
Parameters: 0.9999966186082242 -0.00125806011567634 -0.0024080224842336485 0.0012611670019849188 0.999998337559819 0.0012224125962629617 0.0024064349793870704 -0.0012255864975564967 0.9999962846907963 -0.2714235875876909 -0.028654594022313518 -0.4183460395221772
FixedParameters: 0 0 0
#Transform 37
Transform: MatrixOffsetTransformBase_double_3_3
Parameters: 0.999995018607408 -0.001535429368977759 -0.0027613437299534166 0.0015390302492095523 0.9999974724179651 0.0013333398152963472 0.00275890402216368 -0.00133765775750877 0.999994979062004 -0.2503070152315132 -0.07094395548901389 -0.4068938210465376
FixedParameters: 0 0 0
#Transform 38
Transform: MatrixOffsetTransformBase_double_3_3
Parameters: 0.9999963468474892 -0.0015035648367618688 -0.002322081821406906 0.0015065366138738779 0.9999981003985642 0.00102595097916805 0.002320313255468285 -0.00103004756820399 0.9999971328781506 -0.25782242058207316 -0.02027626903146995 -0.4911777024174455
FixedParameters: 0 0 0
#Transform 39
Transform: MatrixOffsetTransformBase_double_3_3
Parameters: 0.9999955431505357 -0.0015734981658211491 -0.002445429836925231 0.0015766513405195788 0.9999982006789365 0.0013795676985326466 0.0024437295441564087 -0.0013834359828862886 0.999996525372445 -0.2576802166981622 -0.07350006834877831 -0.40389490549213747
FixedParameters: 0 0 0
#Transform 40
Transform: MatrixOffsetTransformBase_double_3_3
Parameters: 0.9999970310009659 -0.0012450605997390927 -0.0021025115777499213 0.0012467255586558093 0.9999990929178248 0.0008636590625026863 0.0021006965968782816 -0.0008663408027040354 0.9999974416308063 -0.26997962582900925 -0.01507059366171859 -0.5020011720647091
FixedParameters: 0 0 0
#Transform 41
Transform: MatrixOffsetTransformBase_double_3_3
Parameters: 0.9999954836525472 -0.001755656147582835 -0.0023305705468013634 0.0017605708303867795 0.9999972606699676 0.0017891539737549256 0.002327908265921295 -0.0017938470625997183 0.9999958040177017 -0.2650567290703094 -0.08316304364922189 -0.43713493946060566
FixedParameters: 0 0 0
#Transform 42
Transform: MatrixOffsetTransformBase_double_3_3
Parameters: 0.9999966609948862 -0.001369248603850234 -0.0021132446649800283 0.0013717288572736722 0.9999983247473864 0.0014783843424428234 0.002110854251679657 -0.0014816184195094173 0.9999969554343074 -0.2567657606878697 -0.058732829579639656 -0.4867531716666207
FixedParameters: 0 0 0
#Transform 43
Transform: MatrixOffsetTransformBase_double_3_3
Parameters: 0.99999489826118 -0.001637184055024415 -0.0027246074148653153 0.001642499969726791 0.9999961753742992 0.0021781202455595505 0.002720618313947005 -0.0021828816149635777 0.9999942136871464 -0.26207311268419176 -0.06520633232139517 -0.4450570527304478
FixedParameters: 0 0 0
#Transform 44
Transform: MatrixOffsetTransformBase_double_3_3
Parameters: 0.9999942837183877 -0.0016015731919568077 -0.0028551023532613043 0.001606662250205464 0.999996724155684 0.0018659762423096915 0.002852101421025809 -0.0018700212731326549 0.9999935806949969 -0.24085616637258056 -0.05572337747116762 -0.43883318178927766
FixedParameters: 0 0 0
#Transform 45
Transform: MatrixOffsetTransformBase_double_3_3
Parameters: 0.9999956095675031 -0.001094766479067574 -0.0026818261201312695 0.001098883545145691 0.9999984803079042 0.001653505263903815 0.0026800320740276 -0.0016564958345720304 0.9999946511928544 -0.27303187282440433 0.015675096002240707 -0.4751045729676804
FixedParameters: 0 0 0
#Transform 46
Transform: MatrixOffsetTransformBase_double_3_3
Parameters: 0.9999957126887552 -0.0017955309287068304 -0.00225036263778288 0.0018002981351401162 0.9999962142138467 0.0022592082521181722 0.002246208117259303 -0.0022637956579440177 0.999995269667699 -0.25809592720065666 -0.036150898510783236 -0.43521571263495673
FixedParameters: 0 0 0
#Transform 47
Transform: MatrixOffsetTransformBase_double_3_3
Parameters: 0.9999966841113879 -0.0014667864612195292 -0.0022723746082847743 0.001471213612865152 0.9999973080660227 0.001766079960609207 0.00226983333379412 -0.0017689199531701894 0.9999961279167906 -0.28489992449141255 0.031164694635705814 -0.49549239888455077
FixedParameters: 0 0 0
#Transform 48
Transform: MatrixOffsetTransformBase_double_3_3
Parameters: 0.9999955591951799 -0.0010952149128102648 -0.002691132387318495 0.0011005092939104502 0.9999968696450237 0.0020496880829825037 0.002688634506472726 -0.002053310489245508 0.9999942722223212 -0.28425367906142185 -0.04354105309785439 -0.4138363881852314
FixedParameters: 0 0 0
#Transform 49
Transform: MatrixOffsetTransformBase_double_3_3
Parameters: 0.9999898041107987 -0.001460549755393513 -0.004249558170601758 0.0014675545607896203 0.9999972699328596 0.0015933399696726747 0.004248047176008931 -0.0015986582293140705 0.9999894397204607 -0.34903462270609964 -0.14238616358757383 -0.4401455320898009
FixedParameters: 0 0 0
#Transform 50
Transform: MatrixOffsetTransformBase_double_3_3
Parameters: 0.99999161959855 -0.0015260033856911467 -0.00387927073017765 0.0015376281942774135 0.9999945416048392 0.0028282836252265797 0.003875426071284643 -0.002833710625250979 0.9999880487865168 -0.23910764868732315 -0.20023595845370323 -0.35404977041150687
FixedParameters: 0 0 0
#Transform 51
Transform: MatrixOffsetTransformBase_double_3_3
Parameters: 0.9999904220603285 -0.0016687354103910655 -0.004098111403835411 0.0016831873886080208 0.9999927946678824 0.0035033620150869693 0.004091865481925037 -0.003510636378039389 0.9999850291044038 -0.21067320894580632 -0.14245473468710657 -0.37307569301316335
FixedParameters: 0 0 0
#Transform 52
Transform: MatrixOffsetTransformBase_double_3_3
Parameters: 0.9999900034038314 -0.0015764677514696964 -0.004184389387295362 0.0015903811019156752 0.9999936313475802 0.003130938463968169 0.004179633360957687 -0.0031370596149349617 0.9999867280041467 -0.22706255866776814 -0.022653917189032313 -0.43281694750268684
FixedParameters: 0 0 0
#Transform 53
Transform: MatrixOffsetTransformBase_double_3_3
Parameters: 0.9999876522256758 -0.0016545852216620037 -0.004648973798987333 0.0016704540563625306 0.9999935848651984 0.0032580034650780965 0.004642651381108848 -0.0032659929318731573 0.9999837858981766 -0.2251569284304651 0.005418948119313427 -0.40302178792273935
FixedParameters: 0 0 0
#Transform 54
Transform: MatrixOffsetTransformBase_double_3_3
Parameters: 0.9999885540422571 -0.0016843860613985765 -0.004428245617640102 0.0017013482974217555 0.9999920091822418 0.003637037490794942 0.004421599324890463 -0.003643954447498765 0.9999830381727132 -0.2525600161801833 0.0003614002663141491 -0.43461439455532513
FixedParameters: 0 0 0
#Transform 55
Transform: MatrixOffsetTransformBase_double_3_3
Parameters: 0.99998699173046 -0.0019022134395765434 -0.004624922328586675 0.0019206702826689245 0.9999907387292803 0.0038378641225557675 0.004617238148971932 -0.0038471299251940927 0.9999817231178163 -0.26225905377582137 0.07348827669197533 -0.46913787398706575
FixedParameters: 0 0 0
#Transform 56
Transform: MatrixOffsetTransformBase_double_3_3
Parameters: 0.9999879063218234 -0.0017908580605545269 -0.004570433337646655 0.0018073070516468916 0.9999919435045199 0.003574512495333637 0.004563405160389344 -0.003583486999734764 0.9999833441010763 -0.24020928859562218 0.02863242693943846 -0.43002477751896606
FixedParameters: 0 0 0
#Transform 57
Transform: MatrixOffsetTransformBase_double_3_3
Parameters: 0.9999883564803077 -0.0017882578037978023 -0.0045216418707816316 0.0018024430438413988 0.9999936953796733 0.0030355858262057223 0.004516067006351673 -0.0030434115612175405 0.9999851838361975 -0.256044797292418 0.07712440899381079 -0.48634421672453243
FixedParameters: 0 0 0
#Transform 58
Transform: MatrixOffsetTransformBase_double_3_3
Parameters: 0.9999902514411747 -0.0018428871372900171 -0.0040441936861766465 0.0018603630104180922 0.9999892068875396 0.004269743805296516 0.004035371233730735 -0.00427825245557506 0.9999825100709487 -0.23296343575410106 0.026748301653711337 -0.4537625401246288
FixedParameters: 0 0 0
#Transform 59
Transform: MatrixOffsetTransformBase_double_3_3
Parameters: 0.9999896927742258 -0.0015460780697875577 -0.004349411162749217 0.0015628660949882443 0.9999912325105806 0.003909805613773215 0.004343265751791076 -0.003916195513500448 0.9999828368408452 -0.23574705985066657 0.028749306617925185 -0.45490916641112733
FixedParameters: 0 0 0
#Transform 60
Transform: MatrixOffsetTransformBase_double_3_3
Parameters: 0.9999877483745122 -0.0018976245909918272 -0.004544113575029322 0.0019137940920171666 0.9999916815437533 0.0034370419605335156 0.004537661444432111 -0.0034459491060977454 0.9999833788037497 -0.26375423949946253 0.09466815159991882 -0.5076428347684754
FixedParameters: 0 0 0
#Transform 61
Transform: MatrixOffsetTransformBase_double_3_3
Parameters: 0.9999878338288433 -0.001992858811584312 -0.0046035599261062396 0.0020104620417413514 0.9999904494860583 0.0038514625923119494 0.004596283994187637 -0.0038605354254073743 0.9999816465807536 -0.23337601210688774 0.07351508528020645 -0.4376088520831303
FixedParameters: 0 0 0
#Transform 62
Transform: MatrixOffsetTransformBase_double_3_3
Parameters: 0.999989141391803 -0.0014809775410083185 -0.004434385444473976 0.001492362536649953 0.9999955181311598 0.0024651672434580774 0.004430888824207672 -0.0024718309378537195 0.99998743619567 -0.24793928127205334 0.07752410321516834 -0.5052919828954145
FixedParameters: 0 0 0
#Transform 63
Transform: MatrixOffsetTransformBase_double_3_3
Parameters: 0.9999863678275434 -0.001954196376887236 -0.004776718836348114 0.0019689625322437225 0.9999929565799578 0.003243477322802585 0.00476982607760075 -0.0032525260473987294 0.9999833120324868 -0.23801702326215946 0.08615436659880515 -0.4338485762978621
FixedParameters: 0 0 0
#Transform 64
Transform: MatrixOffsetTransformBase_double_3_3
Parameters: 0.9999891308665941 -0.0016062137307590416 -0.0043922294423376414 0.0016191398880326452 0.9999943297804905 0.0030014826628765034 0.004386890927039711 -0.003008517916788467 0.9999857408948801 -0.24510048295064735 0.07796914674105437 -0.4736077226761637
FixedParameters: 0 0 0
#Transform 65
Transform: MatrixOffsetTransformBase_double_3_3
Parameters: 0.9999913580212112 -0.0015024253623695581 -0.003922105332058198 0.0015150172060409575 0.99999354574199 0.003172308979524918 0.003917693841302934 -0.0031776852935396505 0.9999866509082528 -0.26216961359764923 0.13403302185469101 -0.5071690875059574
FixedParameters: 0 0 0
#Transform 66
Transform: MatrixOffsetTransformBase_double_3_3
Parameters: 0.9999882335469323 -0.0017400850773864563 -0.004553718410163476 0.0017561318469252862 0.9999917057885188 0.003632774930843935 0.004548007951622561 -0.0036412276903262653 0.9999830719663364 -0.25278242226784187 0.06858616296830178 -0.43161927801308764
FixedParameters: 0 0 0
#Transform 67
Transform: MatrixOffsetTransformBase_double_3_3
Parameters: 0.9999887377027131 -0.0012071698166685096 -0.004561416334781289 0.0012213559892538005 0.9999942066519236 0.003155250716599306 0.004557285537854429 -0.003160749234003002 0.9999845849621929 -0.2773468256637983 0.10276141756988011 -0.4960883860790375
FixedParameters: 0 0 0
#Transform 68
Transform: MatrixOffsetTransformBase_double_3_3
Parameters: 0.999986808344131 -0.0016309265750168375 -0.004953062983007412 0.0016470688463245732 0.9999938191993504 0.003084948030975726 0.004947461124595195 -0.003093046022508872 0.9999829051457394 -0.27370602455580695 0.12318397620435917 -0.4593429916851335
FixedParameters: 0 0 0
#Transform 69
Transform: MatrixOffsetTransformBase_double_3_3
Parameters: 0.9999883392509831 -0.0012319195812032111 -0.004705275212499425 0.0012464822282885805 0.9999946425098019 0.003080128213344746 0.004702158198375231 -0.00308587646990649 0.9999846867913762 -0.26551726133220654 0.10337288096658881 -0.4416082370207306
FixedParameters: 0 0 0
#Transform 70
Transform: MatrixOffsetTransformBase_double_3_3
Parameters: 0.9999929726818274 -0.0010426926389618674 -0.003597474289426471 0.001054875703024941 0.9999935219209152 0.0034503456878230143 0.003593431568294021 -0.0034536551738979793 0.999987617995469 -0.27849877015523816 0.1400730961651817 -0.5083146497165814
FixedParameters: 0 0 0
#Transform 71
Transform: MatrixOffsetTransformBase_double_3_3
Parameters: 0.9999897177542779 -0.0011901046301184335 -0.004456735999878875 0.0012034972121074826 0.9999951145885686 0.003010288524324889 0.004453877776388766 -0.003015714201439784 0.999985446681707 -0.28148531963755374 0.07679758249933855 -0.4307944121489413
FixedParameters: 0 0 0
#Transform 72
Transform: MatrixOffsetTransformBase_double_3_3
Parameters: 0.9999903567009009 -0.001306127221131499 -0.004115167526754424 0.0013165698299107932 0.9999961611970917 0.0024230267983376685 0.004112479051041127 -0.0024279709431776764 0.9999884293366691 -0.27883948893340005 0.10446560147627793 -0.5430712785441898
FixedParameters: 0 0 0
#Transform 73
Transform: MatrixOffsetTransformBase_double_3_3
Parameters: 0.9999875467916374 -0.0012642489474006952 -0.004884218236548879 0.0012769206930574083 0.9999958164028785 0.0026897522950607156 0.004880743150900206 -0.0026962500790610466 0.9999842257658533 -0.2575436701595777 0.08169679429040855 -0.44157636687562274
FixedParameters: 0 0 0
#Transform 74
Transform: MatrixOffsetTransformBase_double_3_3
Parameters: 0.999992112355732 -0.0010792766892669893 -0.0037044965873856 0.0010889374408287326 0.9999965403770767 0.0026101035156546604 0.0037015206835788596 -0.0026139002031296543 0.9999899268070368 -0.2786873740736695 0.10037403376773568 -0.5079056045789514
FixedParameters: 0 0 0
#Transform 75
Transform: MatrixOffsetTransformBase_double_3_3
Parameters: 0.9999931344299549 -0.0013572959379790338 -0.0034671867994540396 0.001370038976498027 0.9999927949984491 0.003469361090191747 0.0034627175372856653 -0.003473636905387212 0.999988236658025 -0.2749363404857803 0.13441216570855374 -0.4875948584340506
FixedParameters: 0 0 0
#Transform 76
Transform: MatrixOffsetTransformBase_double_3_3
Parameters: 0.9999908742791076 -0.0013640850205256863 -0.004033255512994212 0.0013799381560751418 0.9999917941242776 0.003877723917861009 0.004027301408824686 -0.0038832734161415305 0.9999839633550407 -0.2544198236128068 0.09631162661146675 -0.42498459309234704
FixedParameters: 0 0 0
#Transform 77
Transform: MatrixOffsetTransformBase_double_3_3
Parameters: 0.9999940052261994 -0.0011029056715011357 -0.003282889251561819 0.0011134395800754654 0.9999940091545282 0.0032033114578430832 0.0032796289486686967 -0.0032066870806346237 0.9999894519120852 -0.28876890745446815 0.16133395163139141 -0.5190611779810297
FixedParameters: 0 0 0
#Transform 78
Transform: MatrixOffsetTransformBase_double_3_3
Parameters: 0.9999923655058478 -0.0006499853619780583 -0.00390021712259944 0.0006644989035478724 0.9999926930270442 0.003881613138687817 0.003897836294866063 -0.0038843902316062773 0.9999845168564875 -0.27867565462562993 0.10820692929384279 -0.42571446589532513
FixedParameters: 0 0 0
#Transform 79
Transform: MatrixOffsetTransformBase_double_3_3
Parameters: 0.999991649888963 -0.0008340024071392879 -0.003956380137582226 0.0008489111487086189 0.9999918477122676 0.0038551532733840377 0.00395359869785164 -0.0038578481080478177 0.9999850567550838 -0.2729730742351535 0.13122956995096047 -0.4845727566179221
FixedParameters: 0 0 0
#Transform 80
Transform: MatrixOffsetTransformBase_double_3_3
Parameters: 0.9999907617753208 -0.001300670561950407 -0.004189044789128757 0.00131663073544861 0.9999910401829257 0.00398114421098647 0.004183651949448758 -0.003986862613657771 0.9999839767749289 -0.2642565238162291 0.1703820247773109 -0.4775768099350586
FixedParameters: 0 0 0
#Transform 81
Transform: MatrixOffsetTransformBase_double_3_3
Parameters: 0.9999895985792997 -0.001198258692458305 -0.00435534892461328 0.0012146774543190708 0.9999919282306479 0.003901370943026866 0.004349977909052772 -0.003906635115206336 0.9999831876214935 -0.267501968207597 0.12318066089332547 -0.4117488078965579
FixedParameters: 0 0 0
#Transform 82
Transform: MatrixOffsetTransformBase_double_3_3
Parameters: 0.9999923568449118 -0.001049250713265143 -0.0036797808874219524 0.0010645743964047113 0.9999908791855308 0.004044254497236999 0.0036757511845866156 -0.004048738508607791 0.9999847291095572 -0.2830583640983946 0.18906921438001234 -0.4839693240558347
FixedParameters: 0 0 0
#Transform 83
Transform: MatrixOffsetTransformBase_double_3_3
Parameters: 0.9999920576322688 -0.001024750667617983 -0.003727529580220217 0.0010394887340356388 0.9999907569799394 0.004069468311073576 0.0037228337139850105 -0.004073532383743861 0.9999851461638656 -0.27533610678021603 0.13155644224239893 -0.4496645563040005
FixedParameters: 0 0 0
#Transform 84
Transform: MatrixOffsetTransformBase_double_3_3
Parameters: 0.9999919845050019 -0.0012670153286578648 -0.0036622328140714488 0.001280947381260882 0.99999205557231 0.0038744269248940366 0.0036568795181354664 -0.0038785770817895138 0.9999858741869525 -0.30185957076022873 0.18978738856807809 -0.5072768539924652
FixedParameters: 0 0 0
#Transform 85
Transform: MatrixOffsetTransformBase_double_3_3
Parameters: 0.9999931652711178 -0.0009465898268259179 -0.0035967338680203114 0.0009610932412039902 0.9999911341564734 0.004160720238916338 0.003593487246745855 -0.004164288404509081 0.9999853779965273 -0.3161860970955246 0.12009809881676858 -0.3977644004596641
FixedParameters: 0 0 0
#Transform 86
Transform: MatrixOffsetTransformBase_double_3_3
Parameters: 0.9999916073051779 -0.0012266782770604895 -0.0038584570466444713 0.0012400902692073263 0.9999930788549641 0.003481497434296932 0.003854217751612545 -0.003485500412260839 0.9999862587404369 -0.30878790438995907 0.1207966394645581 -0.4901502876664807
FixedParameters: 0 0 0
#Transform 87
Transform: MatrixOffsetTransformBase_double_3_3
Parameters: 0.9999905533533426 -0.0015118035643689296 -0.004019698605349828 0.0015289719914043146 0.9999903043078718 0.004134145593858357 0.0040139524784929565 -0.004140850196925644 0.9999830109462214 -0.27706980834432215 0.09013388799658628 -0.423020900470064
FixedParameters: 0 0 0
#Transform 88
Transform: MatrixOffsetTransformBase_double_3_3
Parameters: 0.9999934910021093 -0.0014979013186478367 -0.003356684053418449 0.0015115401646922729 0.9999902964982365 0.00401186927597455 0.0033499417148270174 -0.004017122083335961 0.999985961879688 -0.3017807753590631 0.1568104509027819 -0.5075032792536831
FixedParameters: 0 0 0
#Transform 89
Transform: MatrixOffsetTransformBase_double_3_3
Parameters: 0.9999915142823249 -0.0016104222406964006 -0.0037272948712403883 0.0016254984838157138 0.999989766629885 0.004179030861247546 0.003720597329812438 -0.004184964978960398 0.9999837691250202 -0.26592596460169204 0.1463532206196163 -0.45512414164382164
FixedParameters: 0 0 0
#Transform 90
Transform: MatrixOffsetTransformBase_double_3_3
Parameters: 0.9999957387276185 -0.001111564774692333 -0.002832807097339695 0.001123636547643247 0.999989698127844 0.004303616861279919 0.0028283534417289213 -0.004306382450759871 0.9999869742953494 -0.27629144437761965 0.1682792339286152 -0.5158971705225923
FixedParameters: 0 0 0
#Transform 91
Transform: MatrixOffsetTransformBase_double_3_3
Parameters: 0.9999948530844737 -0.0012937123174883646 -0.0030782413496809316 0.0013070360364701933 0.99998819454325 0.004644782417023013 0.0030718351422166787 -0.004649218517647102 0.9999844689652954 -0.2927874474487169 0.19592871104181597 -0.48829320508903606
FixedParameters: 0 0 0
#Transform 92
Transform: MatrixOffsetTransformBase_double_3_3
Parameters: 0.9999947029969226 -0.0013270923990889181 -0.0029215841915467677 0.0013403714843660502 0.9999878682231421 0.004688859141464968 0.002915567128582269 -0.004692140973301284 0.9999848328376807 -0.2780600102415747 0.16041273439732606 -0.4732203525150993
FixedParameters: 0 0 0
#Transform 93
Transform: MatrixOffsetTransformBase_double_3_3
Parameters: 0.9999922896115996 -0.001793419451683368 -0.003390061823195732 0.001810723113530142 0.9999869649740626 0.004875763015014717 0.0033812848533868625 -0.00488124259115108 0.9999827246278462 -0.26700809017697225 0.20267501260066467 -0.5051413238338256
FixedParameters: 0 0 0
#Transform 94
Transform: MatrixOffsetTransformBase_double_3_3
Parameters: 0.9999932756018377 -0.001283375156035958 -0.0034752370310694794 0.0012983888486409996 0.9999900139461273 0.004356437738839064 0.0034696639008252226 -0.0043605639805570084 0.9999842682931263 -0.2568593509964785 0.16813860212481302 -0.48302187586949685
FixedParameters: 0 0 0
#Transform 95
Transform: MatrixOffsetTransformBase_double_3_3
Parameters: 0.9999930404255465 -0.0013676450673374958 -0.0034768925023364954 0.0013811710284807426 0.9999918998733065 0.0038561446794246057 0.003471625277071162 -0.0038608559708506185 0.9999863642905961 -0.30431378008415777 0.19809750328874998 -0.5184608219154541
FixedParameters: 0 0 0
#Transform 96
Transform: MatrixOffsetTransformBase_double_3_3
Parameters: 0.9999933817315834 -0.0011220305432591998 -0.0033705098990325032 0.0011364297018836194 0.9999897350186112 0.004279171285480998 0.0033653641757430595 -0.004283822948672578 0.9999849839699937 -0.28145730657863055 0.12759994093109128 -0.45209659725168194
FixedParameters: 0 0 0
#Transform 97
Transform: MatrixOffsetTransformBase_double_3_3
Parameters: 0.9999951648259068 -0.0009094661871938865 -0.003001733283306678 0.0009223043732803672 0.9999900122515227 0.004410065569220301 0.0029970206999454675 -0.004412940474429 0.9999862295983819 -0.3028375416610629 0.20052337376499452 -0.5363731649187429
FixedParameters: 0 0 0
#Transform 98
Transform: MatrixOffsetTransformBase_double_3_3
Parameters: 0.9999945108896672 -0.001106095978778702 -0.003043900994067008 0.0011197523375873564 0.9999876505261603 0.004751393211295307 0.003039001029609123 -0.0047546017103883564 0.9999836779962883 -0.3056173790191963 0.16716118611171282 -0.48266310828294934
FixedParameters: 0 0 0
#Transform 99
Transform: MatrixOffsetTransformBase_double_3_3
Parameters: 0.9999959114230045 -0.000696676274466653 -0.0029330368882023116 0.0007088264908141079 0.9999907459336512 0.004226609315372554 0.0029302925143518356 -0.0042293880073244194 0.9999864132918398 -0.31908146504949286 0.1805707662028766 -0.531132755424693
FixedParameters: 0 0 0
#Transform 100
Transform: MatrixOffsetTransformBase_double_3_3
Parameters: 0.9999948367641307 -0.0009097006552722472 -0.0032147666562848693 0.0009247542647266486 0.9999879992707023 0.0047420305876168245 0.0032107590188338196 -0.004744969542005928 0.9999838355295692 -0.3019006112158138 0.18736330714114047 -0.48984033164556706
FixedParameters: 0 0 0
#Transform 101
Transform: MatrixOffsetTransformBase_double_3_3
Parameters: 0.9999962214176982 -0.0004685122476441005 -0.0027493746829890683 0.0004799319124986742 0.9999904603944433 0.004407371526697346 0.002747406637729676 -0.004408636438158642 0.9999868997960253 -0.29116589640835855 0.20453396936258628 -0.518843992803184
FixedParameters: 0 0 0
#Transform 102
Transform: MatrixOffsetTransformBase_double_3_3
Parameters: 0.9999961573652935 -0.0007009387352974522 -0.0027113360519040474 0.0007141096544752874 0.9999886296134499 0.004579748511003928 0.0027078815868974743 -0.004582240973773605 0.9999855563761533 -0.3030933624062584 0.2300020481048648 -0.5127813438311506
FixedParameters: 0 0 0
#Transform 103
Transform: MatrixOffsetTransformBase_double_3_3
Parameters: 0.9999949182218637 -0.0011913534317602994 -0.002943237073589781 0.0012046094922010147 0.9999886778321683 0.004511256128727104 0.0029377631661222977 -0.004514740148723051 0.9999855057585882 -0.27290537943474646 0.2103466100170408 -0.4923973896277545
FixedParameters: 0 0 0
#Transform 104
Transform: MatrixOffsetTransformBase_double_3_3
Parameters: 0.9999951491107669 -0.0002641753277666072 -0.0029633072834919522 0.00027628223320715626 0.9999913594550225 0.004067067007309549 0.0029621660647380474 -0.004067933058891554 0.9999877003329564 -0.3019608629541892 0.2856797012573651 -0.5426631510399176
FixedParameters: 0 0 0
#Transform 105
Transform: MatrixOffsetTransformBase_double_3_3
Parameters: 0.9999940394592123 -0.0008614774079159771 -0.0033495099409866966 0.0008764146144466846 0.999990107346692 0.004412070592222067 0.0033453782418896632 -0.004414933375744723 0.9999849738244494 -0.28013092279825 0.1892251767528137 -0.49313727491346526
FixedParameters: 0 0 0
#Transform 106
Transform: MatrixOffsetTransformBase_double_3_3
Parameters: 0.9999952437833967 -0.0010457001206718726 -0.002943632538380056 0.001054354908301313 0.9999946620108328 0.0031156935159978583 0.0029397741355638466 -0.0031183099148654747 0.9999911502894916 -0.31215778224401447 0.10254311178137243 -0.5335682359401375
FixedParameters: 0 0 0
#Transform 107
Transform: MatrixOffsetTransformBase_double_3_3
Parameters: 0.9999926836952119 -0.001349678606600614 -0.0035347591065305415 0.001363322925901576 0.9999912514035952 0.003949297313050271 0.003529547967312899 -0.00395370579205695 0.9999862033412807 -0.30178498427892464 0.07206054538001183 -0.4723511157441749
FixedParameters: 0 0 0
#Transform 108
Transform: MatrixOffsetTransformBase_double_3_3
Parameters: 0.9999937354701136 -0.0009851400142000836 -0.003506061380586127 0.0009997249242185782 0.999991204477823 0.004139500631538007 0.003502364960265017 -0.004143501312093928 0.9999852266789651 -0.2874741817663704 0.15801568387198017 -0.4922459193208084
FixedParameters: 0 0 0
#Transform 109
Transform: MatrixOffsetTransformBase_double_3_3
Parameters: 0.9999940790046138 -0.0008071234715858863 -0.0033574203033812145 0.0008189052249063785 0.9999933076885018 0.0035162477568514428 0.003353743224716631 -0.0035187493057529384 0.9999880255637313 -0.29341652337400603 0.18552893757261302 -0.5302687681784448
FixedParameters: 0 0 0
#Transform 110
Transform: MatrixOffsetTransformBase_double_3_3
Parameters: 0.999994470373956 -0.0006687787671146283 -0.0031750152984250045 0.0006823704886005361 0.9999908074950628 0.004131831179987472 0.0031726297763396724 -0.004133164753713642 0.9999865075479092 -0.2690392551889431 0.16494782952221954 -0.47053726672184837
FixedParameters: 0 0 0
#Transform 111
Transform: MatrixOffsetTransformBase_double_3_3
Parameters: 0.999993638523125 -0.0009140996575512351 -0.003394991788741877 0.0009249487094625292 0.9999944439074412 0.00316885603402145 0.0033920187650685134 -0.0031721421313290477 0.9999890903683565 -0.2940706365396295 0.2561615269407582 -0.5659714756941696
FixedParameters: 0 0 0
#Transform 112
Transform: MatrixOffsetTransformBase_double_3_3
Parameters: 0.9999955747487608 -0.0006381947693863705 -0.003002768370906986 0.0006523960252617188 0.9999893791935519 0.00463470384549694 0.003000154141934095 -0.004636293673536351 0.9999842195144477 -0.2800151676439384 0.20110509775963692 -0.498295535810243
FixedParameters: 0 0 0
#Transform 113
Transform: MatrixOffsetTransformBase_double_3_3
Parameters: 0.9999931055788904 -0.0010391383622066462 -0.0034371694714147552 0.0010537443031669353 0.999990538126577 0.004226352389587795 0.0034328446567104816 -0.004229644696707585 0.9999848152215709 -0.27239720857076577 0.2236909883776974 -0.5439372322323237
FixedParameters: 0 0 0
#Transform 114
Transform: MatrixOffsetTransformBase_double_3_3
Parameters: 0.9999944425962349 -0.0011178718099008247 -0.0032105704284387877 0.0011291812520992184 0.9999926301930615 0.003550342204755058 0.0032066021798428006 -0.0035536552918853104 0.9999885788517452 -0.2797944228049971 0.27356795292328684 -0.566724829380874
FixedParameters: 0 0 0
