#Insight Transform File V1.0
#Transform 0
Transform: MatrixOffsetTransformBase_double_3_3
Parameters: 0.9999988822223201 -0.0006980083346956802 -0.0016218823365294177 0.0007022397382524794 0.9999966419921347 0.0024681722343620205 0.001620092062730911 -0.0024688290655328904 0.9999960532145077 -0.21181511109271867 -0.07617219868440372 -0.3398517010896853
FixedParameters: 0 0 0
#Transform 1
Transform: MatrixOffsetTransformBase_double_3_3
Parameters: 0.9999993332744803 0.0003429712402746416 -0.001244627041891895 -0.00034336826148966383 0.9999997180394273 -0.00015937609284349952 0.001244517572654882 0.00015962368635549784 0.9999995643547228 -0.24492438453995646 -0.24137209164246087 -0.3996901600514775
FixedParameters: 0 0 0
#Transform 2
Transform: MatrixOffsetTransformBase_double_3_3
Parameters: 0.9999962984354275 0.0010889546849716673 -0.002348385555089719 -0.001087161175420065 0.9999986694861301 0.0008389782067156903 0.002349563072411508 -0.0008360218243053663 0.9999972261343952 -0.33287022588963566 -0.30506299099234013 -0.36785004717879133
FixedParameters: 0 0 0
#Transform 3
Transform: MatrixOffsetTransformBase_double_3_3
Parameters: 0.999992781637326 -0.00010946815927779629 -0.003768845501293504 0.00010577234123596706 1.0000000077642155 -0.00090534084286506 0.0037695150775123617 0.0009046581524321529 0.9999921358181904 -0.3130489760132633 -0.2902027792056998 -0.36243289553976865
FixedParameters: 0 0 0
#Transform 4
Transform: MatrixOffsetTransformBase_double_3_3
Parameters: 0.9999959576112731 -0.0009504472950985751 -0.00267152513493759 0.0009412693960835398 0.9999929456337827 -0.0035288852423033257 0.0026755107018724793 0.0035261115430282874 0.9999901253490591 -0.3031292946372872 -0.29115989927842634 -0.6684858019811344
FixedParameters: 0 0 0
#Transform 5
Transform: MatrixOffsetTransformBase_double_3_3
Parameters: 0.9999954638811301 -0.0005619349371113245 -0.0028670252304398335 0.0005546215305418268 0.9999969520461445 -0.0026499613762000773 0.0028686218821417863 0.0026490431485522714 0.9999924720684484 -0.31243034367732037 -0.3914366450082696 -0.5854637232977495
FixedParameters: 0 0 0
#Transform 6
Transform: MatrixOffsetTransformBase_double_3_3
Parameters: 0.9999922742684634 -0.001205869259931153 -0.003777554684566133 0.0012044051866306612 0.9999987726316086 -0.000587270339771212 0.0037784540742702394 0.0005827320047015749 0.9999928171828396 -0.2808028587999587 -0.36179098391600917 -0.4254105075493442
FixedParameters: 0 0 0
#Transform 7
Transform: MatrixOffsetTransformBase_double_3_3
Parameters: 0.9999973918542918 -0.0004585060134597417 -0.0023238139809706217 0.00045681693845500617 0.9999999211147351 -0.0009637290658869868 0.0023231994030271873 0.0009622732086999874 0.9999966159966628 -0.27354030766929327 -0.35189325738065236 -0.5930271264904405
FixedParameters: 0 0 0
#Transform 8
Transform: MatrixOffsetTransformBase_double_3_3
Parameters: 0.9999944731279842 -0.0006496933412315586 -0.003178794952486207 0.0006493945233274713 0.9999997207383242 -0.00004822590522499115 0.003178856010838152 0.000045773575027163727 0.9999947479717224 -0.26189291755414956 -0.31388560486631434 -0.430749840217274
FixedParameters: 0 0 0
#Transform 9
Transform: MatrixOffsetTransformBase_double_3_3
Parameters: 0.999995033834223 -0.0007299672273441897 -0.0029038971623864406 0.0007269984807846001 0.9999995447902701 -0.001021445290802614 0.0029048726449876793 0.0010185554937803265 0.9999954082381435 -0.2734245088219893 -0.25126266360312854 -0.5384525124207329
FixedParameters: 0 0 0
#Transform 10
Transform: MatrixOffsetTransformBase_double_3_3
Parameters: 0.9999938900059892 -0.0010740288405849036 -0.0034579422600025085 0.0010763279756411891 0.9999988332057588 0.0006154273038536384 0.0034569548291885307 -0.0006195718594089183 0.9999942941859398 -0.26984624521445255 -0.22628703027089614 -0.4648887617034063
FixedParameters: 0 0 0
#Transform 11
Transform: MatrixOffsetTransformBase_double_3_3
Parameters: 0.9999951591818077 -0.0005277812648101099 -0.003092283535868359 0.000530258791649538 0.9999987875492183 0.001037202984430774 0.003091866126407017 -0.001038797277259973 0.9999942167389307 -0.25933916315004524 -0.2827224574188705 -0.426318343093655
FixedParameters: 0 0 0
#Transform 12
Transform: MatrixOffsetTransformBase_double_3_3
Parameters: 0.9999977861887035 -0.0007074471416632739 -0.0019273325288595977 0.0007052907948010547 0.999999673004262 -0.0010270558737317526 0.001927456878960333 0.0010259459310568708 0.9999980057756883 -0.28857359655143 -0.17665337040514828 -0.6139538493132193
FixedParameters: 0 0 0
#Transform 13
Transform: MatrixOffsetTransformBase_double_3_3
Parameters: 0.9999952915561309 -0.0004955154041118863 -0.0029091003027951023 0.0004992064474379766 0.9999991471710444 0.0013112242699858945 0.0029084760632276272 -0.0013127759102444236 0.9999947016878138 -0.2664428584024421 -0.30429902489697724 -0.42058561246557247
FixedParameters: 0 0 0
#Transform 14
Transform: MatrixOffsetTransformBase_double_3_3
Parameters: 0.9999964614038882 -0.00013483949889092628 -0.0027425902892094884 0.00013866096991178525 0.9999988370943212 0.001446325234739726 0.002741890101200721 -0.0014466754948966598 0.9999954395739548 -0.2691208258313793 -0.3116037276714536 -0.4175915577608862
FixedParameters: 0 0 0
#Transform 15
Transform: MatrixOffsetTransformBase_double_3_3
Parameters: 0.9999966829234361 -0.00045295965999991985 -0.0026668080780811523 0.0004570346217830432 0.9999980595158058 0.0016874573944050952 0.0026661230529632434 -0.0016885420647490823 0.9999949247061303 -0.2972412611772768 -0.22731921548762557 -0.46546735280200835
FixedParameters: 0 0 0
#Transform 16
Transform: MatrixOffsetTransformBase_double_3_3
Parameters: 0.9999952324243421 -0.0004962648738773371 -0.0029191179106337123 0.0005008762605588765 0.9999982263232574 0.0016333835825732834 0.0029183396260502553 -0.0016346167205564532 0.9999946661733649 -0.2790568261003017 -0.32741128460259006 -0.42745626945414017
FixedParameters: 0 0 0
#Transform 17
Transform: MatrixOffsetTransformBase_double_3_3
Parameters: 0.9999950419037106 -0.0005022615242466116 -0.0029505548280364794 0.0005057722475379366 0.9999988169486979 0.0014291842441797875 0.0029499643837862816 -0.0014308164122345535 0.9999941351428465 -0.28083734866251575 -0.285556541057602 -0.4554896989075701
FixedParameters: 0 0 0
#Transform 18
Transform: MatrixOffsetTransformBase_double_3_3
Parameters: 0.9999952361157518 -0.0006584891656017037 -0.0028863857496636237 0.0006650909971854526 0.9999971722138492 0.0021678992624071802 0.002884536815339152 -0.0021690991032927154 0.9999936590894871 -0.30423649864870583 -0.26249239794792345 -0.42629859173378293
FixedParameters: 0 0 0
#Transform 19
Transform: MatrixOffsetTransformBase_double_3_3
Parameters: 0.9999943602738752 -0.0007071448875353248 -0.0031844549179937624 0.0007143148760618883 0.9999969545128296 0.002208713981168009 0.0031825056590643855 -0.002210284424739334 0.9999926419464639 -0.27727182183342336 -0.3345966771131259 -0.3690587966764127
FixedParameters: 0 0 0
#Transform 20
Transform: MatrixOffsetTransformBase_double_3_3
Parameters: 0.9999960253665461 -0.00005882845004123754 -0.002995653899355409 0.00006557742185654399 0.9999973243242392 0.00233454301340294 0.002994584058280172 -0.0023354579440977574 0.9999927965507469 -0.31504015151986664 -0.2653082512640168 -0.46097074099830593
FixedParameters: 0 0 0
#Transform 21
Transform: MatrixOffsetTransformBase_double_3_3
Parameters: 0.9999913054584318 -0.0008421679079817686 -0.00399832558134382 0.0008502798242139693 0.9999970332449081 0.0021221278477696615 0.003996262685965861 -0.0021258740404108967 0.9999902494099937 -0.29438020014264055 -0.29214323691473965 -0.3891876897509121
FixedParameters: 0 0 0
#Transform 22
Transform: MatrixOffsetTransformBase_double_3_3
Parameters: 0.9999948710617684 -0.0005673221372936849 -0.0032874098852763716 0.0005643745907262793 0.999999294135863 -0.0007488530488541922 0.003287915978648889 0.0007471451132247675 0.9999944579159237 -0.3431021347406329 -0.2904485894657398 -0.5932934666577552
FixedParameters: 0 0 0
#Transform 23
Transform: MatrixOffsetTransformBase_double_3_3
Parameters: 0.9999904811527497 -0.0007463124917398792 -0.004354510517508234 0.0007487904505203751 0.9999993415002882 0.0006224226234995411 0.0043540881989004195 -0.000625578265063681 0.9999903608960132 -0.3044365839862593 -0.3344797042803265 -0.41627351526972234
FixedParameters: 0 0 0
#Transform 24
Transform: MatrixOffsetTransformBase_double_3_3
Parameters: 0.999991636392907 -0.0005542735887562629 -0.004006967417207225 0.0005599238844775768 0.9999994885997489 0.0011961084561465385 0.0040063145590823815 -0.001197889051236939 0.9999912821655916 -0.3016839275814647 -0.3459754341536865 -0.4119007557780634
FixedParameters: 0 0 0
#Transform 25
Transform: MatrixOffsetTransformBase_double_3_3
Parameters: 0.9999938547276531 -0.0005896295781276693 -0.0034347586622860576 0.0005898325880391669 0.99999979611503 0.00017198144830393725 0.003434724825328784 -0.0001740199000916931 0.9999939987542102 -0.30455982133884163 -0.33004331227930095 -0.566382456989956
FixedParameters: 0 0 0
#Transform 26
Transform: MatrixOffsetTransformBase_double_3_3
Parameters: 0.9999918319369598 -0.00039796730820958355 -0.004124160133593815 0.00040261996364508257 0.9999990817748429 0.000921885545663137 0.004123932221546814 -0.0009231102101749655 0.9999910481459535 -0.3020600999074645 -0.440162367805101 -0.5478889951622108
FixedParameters: 0 0 0
#Transform 27
Transform: MatrixOffsetTransformBase_double_3_3
Parameters: 0.9999842526113237 -0.000960407076607652 -0.005461194273608248 0.0009400253979945438 0.9999927512409483 -0.003581504453945672 0.005464762016585744 0.0035764895456566193 0.9999788826309572 -0.3507757214486702 -0.4941148631670842 -0.7384353263193333
FixedParameters: 0 0 0
#Transform 28
Transform: MatrixOffsetTransformBase_double_3_3
Parameters: 0.9999887408417882 -0.0006655357817834109 -0.0047768252574831305 0.0006540419376381321 0.9999967885118737 -0.002442111971476396 0.004778003198280788 0.002438891126938042 0.999986040154899 -0.36101661413475483 -0.4534174985455337 -0.6936257587150862
FixedParameters: 0 0 0
#Transform 29
Transform: MatrixOffsetTransformBase_double_3_3
Parameters: 0.9999863609153228 -0.0001583252005673948 -0.005254957178473174 0.00014906849162938198 0.9999989694683888 -0.0016475105650085031 0.005255087196416497 0.0016464878334198352 0.9999849661905265 -0.33074466221981424 -0.46998340833536645 -0.6493071244926227
FixedParameters: 0 0 0
#Transform 30
Transform: MatrixOffsetTransformBase_double_3_3
Parameters: 0.9999891650940009 -0.00021012253924967722 -0.004667800085175496 0.0002070781089518423 0.9999991844644909 -0.0007670426884196502 0.004668424445318682 0.0007659589319673199 0.9999888055774301 -0.3379452552732545 -0.425814041152492 -0.6413358358533543
FixedParameters: 0 0 0
#Transform 31
Transform: MatrixOffsetTransformBase_double_3_3
Parameters: 0.999988518447362 -0.0004038795069739157 -0.004829079226923364 0.0003997565270000318 0.9999991535145953 -0.0008358692513436294 0.0048290694315439595 0.0008341297180673723 0.9999879704753255 -0.3422060657264865 -0.43477864822533263 -0.6189603635969689
FixedParameters: 0 0 0
#Transform 32
Transform: MatrixOffsetTransformBase_double_3_3
Parameters: 0.99998911080312 0.00007623752233539981 -0.004677558120978291 -0.00007856231315550057 0.9999995034051734 -0.00037167568825566266 0.004678315737913477 0.00037232157620270545 0.9999893306297738 -0.37655178210791007 -0.36522899268386766 -0.6424877586009217
FixedParameters: 0 0 0
#Transform 33
Transform: MatrixOffsetTransformBase_double_3_3
Parameters: 0.9999860795305561 -0.00026237295087961916 -0.005277507425407313 0.00026081458440988675 0.9999996081809428 -0.0002419157774834757 0.005277463309073611 0.0002400827298232877 0.9999863551874654 -0.3394474566549235 -0.3963053421242222 -0.5442850195625368
FixedParameters: 0 0 0
#Transform 34
Transform: MatrixOffsetTransformBase_double_3_3
Parameters: 0.9999900526401047 -0.00013916308685304535 -0.004463781169302546 0.00013753968440612335 0.9999996520930257 -0.0005318839147297749 0.0044644031584728 0.0005321190911159457 0.9999898344950221 -0.37742307547355836 -0.3542509062827861 -0.6558606793988986
FixedParameters: 0 0 0
#Transform 35
Transform: MatrixOffsetTransformBase_double_3_3
Parameters: 0.9999850730843387 0.000005648933578821804 -0.005378265469835884 -0.0000046067018026085295 0.9999995314107994 0.0001885204257397466 0.005378437617134669 -0.00018847923244891263 0.9999854706085801 -0.35620729406510065 -0.405786960108216 -0.5734362138624078
FixedParameters: 0 0 0
#Transform 36
Transform: MatrixOffsetTransformBase_double_3_3
Parameters: 0.9999910789544292 -0.00009942189210156833 -0.004112529498364403 0.00009635760210916205 1.000000350908099 -0.0007320034516799523 0.004112162183798017 0.0007319978384378312 0.999991656393109 -0.3869572004548729 -0.34040547068474325 -0.6709968778766608
FixedParameters: 0 0 0
#Transform 37
Transform: MatrixOffsetTransformBase_double_3_3
Parameters: 0.9999903219621062 0.00018384410679222096 -0.004432278401073784 -0.00018576619732439602 0.9999994770716134 -0.0003273867281857745 0.004431986962721398 0.0003286111884292231 0.9999906297226279 -0.36352829698016365 -0.413842650776175 -0.5900451060237799
FixedParameters: 0 0 0
#Transform 38
Transform: MatrixOffsetTransformBase_double_3_3
Parameters: 0.9999900870447485 0.0003006271748061815 -0.0044523615730594195 -0.0003015384292425835 0.9999994538171855 -0.00021203392202720495 0.004452063106114724 0.0002139657457020938 0.9999895424898568 -0.35618408569995097 -0.4212124286626846 -0.5788352027313408
FixedParameters: 0 0 0
#Transform 39
Transform: MatrixOffsetTransformBase_double_3_3
Parameters: 0.9999884969952871 -0.00040012988253851155 -0.004831480563199005 0.0003992599816187807 0.9999998155822468 -0.00019286067114548944 0.004831463840608284 0.00019113972651871314 0.9999886076845863 -0.3528044652252049 -0.35881046539358863 -0.5867188341878062
FixedParameters: 0 0 0
#Transform 40
Transform: MatrixOffsetTransformBase_double_3_3
Parameters: 0.9999864301491848 -0.0001896855058023737 -0.0052471214719969515 0.0001901231908564701 0.9999998136868228 0.00022944067546909475 0.005247374728338326 -0.00022956347783126274 0.9999865111206292 -0.33240773586391015 -0.4294440180130863 -0.5181419086906232
FixedParameters: 0 0 0
#Transform 41
Transform: MatrixOffsetTransformBase_double_3_3
Parameters: 0.999992163503335 0.0000946829482109734 -0.003978472877490525 -0.00009680464871120718 0.9999995669347352 -0.0003901892069854418 0.00397822789523934 0.00039080845760036675 0.9999922915880178 -0.359297928904283 -0.3514747659042854 -0.6324695345666527
FixedParameters: 0 0 0
#Transform 42
Transform: MatrixOffsetTransformBase_double_3_3
Parameters: 0.9999859037321956 -0.00027312665601086244 -0.0052932929227188594 0.00027688171814308426 0.999999130535919 0.0007260082087699737 0.005293573904677507 -0.0007279915788030722 0.9999857161313253 -0.31897280652739823 -0.36026308722235 -0.5115918838261706
FixedParameters: 0 0 0
#Transform 43
Transform: MatrixOffsetTransformBase_double_3_3
Parameters: 0.9999840490505142 -0.0005144883841480724 -0.0055397211432909104 0.0005212683659335886 0.9999992684076082 0.0012487054221038685 0.005538632499516213 -0.0012512950522545752 0.9999836556168075 -0.3254740189687908 -0.36165858218035396 -0.4836681955798099
FixedParameters: 0 0 0
#Transform 44
Transform: MatrixOffsetTransformBase_double_3_3
Parameters: 0.999988126838112 -0.0004019936899726792 -0.004869304615935143 0.0004063900637897883 0.9999992788069816 0.0007541004326633571 0.004869204915368058 -0.0007558953791496625 0.9999877079774853 -0.35003698807066996 -0.28455855500079963 -0.5816817254522135
FixedParameters: 0 0 0
#Transform 45
Transform: MatrixOffsetTransformBase_double_3_3
Parameters: 0.9999822370248689 -0.0007027628370161346 -0.005854102049060969 0.0007164590535654422 0.999997069685809 0.0023607561681572298 0.005852145918580518 -0.0023652445868673766 0.9999799996865606 -0.3089589339785732 -0.32645835731015893 -0.45010263652363847
FixedParameters: 0 0 0
#Transform 46
Transform: MatrixOffsetTransformBase_double_3_3
Parameters: 0.9999867407638575 -0.0007528140837096325 -0.005068691006958367 0.0007585994126679602 0.9999994738080582 0.00115235108028941 0.005067968084517103 -0.0011556505978082 0.9999866035038086 -0.3441040724808033 -0.29072725945458444 -0.5728881146989124
FixedParameters: 0 0 0
#Transform 47
Transform: MatrixOffsetTransformBase_double_3_3
Parameters: 0.9999816080915287 -0.0009086047437302836 -0.006047382168514073 0.0009183095457167384 0.9999978865011395 0.001628692257801545 0.006045118216653335 -0.0016343068339529365 0.9999803979541085 -0.31990914706987894 -0.2922184387195017 -0.5168604854634822
FixedParameters: 0 0 0
#Transform 48
Transform: MatrixOffsetTransformBase_double_3_3
Parameters: 0.9999862230843601 -0.0007929923327382182 -0.005113358908067722 0.0008106669383308019 0.9999935700264138 0.0034611091775935687 0.005110868348720675 -0.0034658885497575453 0.9999806611689265 -0.3219842654433478 -0.34600165177693043 -0.4587715129365222
FixedParameters: 0 0 0
#Transform 49
Transform: MatrixOffsetTransformBase_double_3_3
Parameters: 0.9999851539892214 -0.0007501290345715175 -0.0054114839602060535 0.0007756596028615229 0.999988183760543 0.004741416128264758 0.005407686326936938 -0.004745580415894568 0.9999739680717307 -0.3631962223845733 -0.33675764350981297 -0.46359817789921465
FixedParameters: 0 0 0
#Transform 50
Transform: MatrixOffsetTransformBase_double_3_3
Parameters: 0.9999854488237859 -0.0011639904318649376 -0.005215018831063676 0.001183788205629982 0.9999922375667725 0.0038642038378778887 0.005210498498680428 -0.0038708040068135274 0.9999792957891115 -0.3606607767548553 -0.29630923810337606 -0.5147827987837559
FixedParameters: 0 0 0
#Transform 51
Transform: MatrixOffsetTransformBase_double_3_3
Parameters: 0.9999810620965403 -0.0012994968876633547 -0.006020726134989279 0.0013234525346921347 0.9999916342349127 0.003937237354084189 0.006015459394394232 -0.003944765020661989 0.9999743644752229 -0.3316461425098538 -0.3411423201381325 -0.45783886803310736
FixedParameters: 0 0 0
#Transform 52
Transform: MatrixOffsetTransformBase_double_3_3
Parameters: 0.9999841717500735 -0.0007060294003470198 -0.005686015408437689 0.0007230517518325705 0.9999958719411532 0.002983652283600313 0.0056836570019432545 -0.002987351286682205 0.9999794731918047 -0.3783888276421834 -0.275435758769504 -0.5844245669231327
FixedParameters: 0 0 0
#Transform 53
Transform: MatrixOffsetTransformBase_double_3_3
Parameters: 0.9999855440813216 -0.0009587161397192428 -0.005247669602767972 0.0009822219285886265 0.9999900947507538 0.004398258132527283 0.005243042244250568 -0.004403742862237464 0.9999767112611397 -0.34894514046969505 -0.3294165634145543 -0.47769475907477954
FixedParameters: 0 0 0
#Transform 54
Transform: MatrixOffsetTransformBase_double_3_3
Parameters: 0.9999861838178966 -0.0011367776758675389 -0.005051933994183477 0.0011508903180498231 0.9999962213797159 0.0026453742371492783 0.005049073184546807 -0.0026516252951396813 0.9999839332163949 -0.3581696222945112 -0.29449764301706693 -0.6074171952284786
FixedParameters: 0 0 0
#Transform 55
Transform: MatrixOffsetTransformBase_double_3_3
Parameters: 0.9999864583206933 -0.0014745656458507765 -0.005036628206116047 0.0014923815768588782 0.9999924754419575 0.003493792774930893 0.005031285792448957 -0.0035012059178717303 0.9999815176276722 -0.3345783804482494 -0.30457326629337445 -0.5288629720398887
FixedParameters: 0 0 0
#Transform 56
Transform: MatrixOffsetTransformBase_double_3_3
Parameters: 0.9999862317120328 -0.0011894388758429961 -0.0050354078559699785 0.001210798795328728 0.9999901325110986 0.0042560803538199965 0.005029915146533243 -0.00426191510446583 0.9999778206510607 -0.3452915234948932 -0.3030655117547383 -0.517639671432903
FixedParameters: 0 0 0
#Transform 57
Transform: MatrixOffsetTransformBase_double_3_3
Parameters: 0.9999875965441473 -0.0012537478612479624 -0.004881608830453835 0.0012750519067771804 0.9999898888083095 0.004265952685943569 0.004876358486496138 -0.004272045810144232 0.9999792586227358 -0.3543487223487176 -0.2557150561313364 -0.5045314782182544
FixedParameters: 0 0 0
#Transform 58
Transform: MatrixOffsetTransformBase_double_3_3
Parameters: 0.999988996493728 -0.0009608097612173102 -0.0045911922469757255 0.0009797948927760618 0.9999907622039074 0.004194394308122434 0.004587437041415023 -0.004199610485293687 0.9999810043031733 -0.3367391042283572 -0.32987919549896105 -0.47536854662995154
FixedParameters: 0 0 0
#Transform 59
Transform: MatrixOffsetTransformBase_double_3_3
Parameters: 0.9999904267246366 -0.0010375477292937484 -0.004300342885616391 0.0010553233788700277 0.9999915497183978 0.003974150519321984 0.004296884892951601 -0.003978850471119483 0.999983251618159 -0.3579195358022105 -0.24121181518994206 -0.543808003927893
FixedParameters: 0 0 0
#Transform 60
Transform: MatrixOffsetTransformBase_double_3_3
Parameters: 0.9999867558066337 -0.001178989330917718 -0.005084866100889889 0.001200791510090077 0.9999903038405896 0.004355077633600629 0.005079395124946511 -0.004360927145440813 0.999977467178295 -0.3381873594551479 -0.3053572075808262 -0.4570604253642614
FixedParameters: 0 0 0
#Transform 61
Transform: MatrixOffsetTransformBase_double_3_3
Parameters: 0.9999878635457768 -0.0011570145964030203 -0.00477466245945204 0.0011697990155464957 0.9999955082720692 0.002763432459853221 0.0047715936150397355 -0.002769571260899939 0.999985048097498 -0.33165063115198734 -0.23283339040240492 -0.6077881708322366
FixedParameters: 0 0 0
#Transform 62
Transform: MatrixOffsetTransformBase_double_3_3
Parameters: 0.9999873595329628 -0.0013585576920463263 -0.004877950566036056 0.0013780027571774107 0.999991927963853 0.0038762541597452127 0.004872538774004755 -0.003882744109724112 0.9999803302293125 -0.32563701579381643 -0.27417524263761095 -0.5132688396689957
FixedParameters: 0 0 0
#Transform 63
Transform: MatrixOffsetTransformBase_double_3_3
Parameters: 0.999988496355152 -0.0010373854203223017 -0.004628930710476323 0.0010562272049228917 0.9999919101694783 0.003931972100965492 0.004624742491336601 -0.003937026984286024 0.9999816253147708 -0.33948775945482623 -0.2808572711064272 -0.5258499944184649
FixedParameters: 0 0 0
#Transform 64
Transform: MatrixOffsetTransformBase_double_3_3
Parameters: 0.9999908526239829 -0.0011280863247611506 -0.004107777984310284 0.0011466358798862077 0.9999901355303068 0.004375784490019158 0.004102853746738074 -0.004380219854745959 0.9999823829493608 -0.3478154803461848 -0.2440164896660093 -0.5414083763665616
FixedParameters: 0 0 0
#Transform 65
Transform: MatrixOffsetTransformBase_double_3_3
Parameters: 0.9999872237660541 -0.0013821868411887585 -0.004782113357899165 0.0014041944020458566 0.9999883939064154 0.004635268639711282 0.004775074207649468 -0.004641732202852578 0.9999777979931046 -0.32945125196177116 -0.3342269777890863 -0.4847733249322346
FixedParameters: 0 0 0
#Transform 66
Transform: MatrixOffsetTransformBase_double_3_3
Parameters: 0.9999908137791839 -0.0010661245663910407 -0.004129412932934555 0.0010850463792190194 0.9999886552576511 0.004538037994039845 0.0041238648261376736 -0.0045429540869587615 0.9999809258773841 -0.35450527790860065 -0.2506168136298612 -0.5685357925558776
FixedParameters: 0 0 0
#Transform 67
Transform: MatrixOffsetTransformBase_double_3_3
Parameters: 0.9999880200894314 -0.0009881361083711995 -0.0047965859060952465 0.0010099548976609308 0.9999889920696157 0.004637197249034747 0.004791230469786969 -0.004641808557012378 0.9999779775827583 -0.3286427162322809 -0.2915350467386162 -0.49501914594094387
FixedParameters: 0 0 0
#Transform 68
Transform: MatrixOffsetTransformBase_double_3_3
Parameters: 0.9999874742557375 -0.0014877171171895818 -0.004828354139606186 0.0015104666572498052 0.9999879884722404 0.004751696330845212 0.004821137351377052 -0.0047593103940493375 0.9999772556468967 -0.33357315041126867 -0.2976958589436691 -0.531165901324556
FixedParameters: 0 0 0
#Transform 69
Transform: MatrixOffsetTransformBase_double_3_3
Parameters: 0.9999876271384723 -0.0009944416898271195 -0.004836095643302014 0.0010162796151110718 0.9999883626401723 0.004703124675742992 0.004830719106555242 -0.0047078759630267975 0.9999769805198748 -0.3660283165275757 -0.22410499480243118 -0.5605869632677951
FixedParameters: 0 0 0
#Transform 70
Transform: MatrixOffsetTransformBase_double_3_3
Parameters: 0.9999873044421513 -0.0003959927777919719 -0.004953401957207575 0.0004238960810909584 0.9999840679468295 0.005636039812029259 0.0049515752402438246 -0.005637959059157233 0.9999716840663697 -0.35387421667881824 -0.31753836372632804 -0.4652579326255477
FixedParameters: 0 0 0
#Transform 71
Transform: MatrixOffsetTransformBase_double_3_3
Parameters: 0.9999900569927057 -0.0009173024878801649 -0.00437040077521711 0.0009368581533142186 0.9999895766131056 0.004472598467648858 0.0043664938547090335 -0.004476401781346506 0.9999804376779459 -0.377407673544937 -0.2175641229324441 -0.5669230557131328
FixedParameters: 0 0 0
#Transform 72
Transform: MatrixOffsetTransformBase_double_3_3
Parameters: 0.9999860352340263 -0.0006630136982981274 -0.005150195023411499 0.0006903638010794556 0.9999861198370746 0.005254724140982325 0.005146691148246787 -0.005258273223892829 0.9999726530719024 -0.3636992098662404 -0.26752320875368696 -0.4760108842199884
FixedParameters: 0 0 0
#Transform 73
Transform: MatrixOffsetTransformBase_double_3_3
Parameters: 0.9999897764121433 -0.00021618927321580034 -0.004492022239879819 0.00023937095400186083 0.9999873894928074 0.005050712903891003 0.004490509567757772 -0.005051288577171326 0.9999773611265789 -0.3735948240281033 -0.2800136263089428 -0.5196521350978571
FixedParameters: 0 0 0
#Transform 74
Transform: MatrixOffsetTransformBase_double_3_3
Parameters: 0.9999880890721571 -0.0003119387529812519 -0.00477615570912827 0.0003361978623913214 0.9999872515320435 0.004947550841364973 0.004774892371828706 -0.004949446834040666 0.9999768616670833 -0.42085570249464865 -0.2288929563348887 -0.5605323013613059
FixedParameters: 0 0 0
#Transform 75
Transform: MatrixOffsetTransformBase_double_3_3
Parameters: 0.9999858653811973 -0.0006207283075963606 -0.005362050740039938 0.0006494867354373958 0.9999857219559709 0.005378004487866267 0.0053581821322808195 -0.0053820009004053315 0.9999712537558407 -0.37358127498856675 -0.27645561427746657 -0.473385838473547
FixedParameters: 0 0 0
#Transform 76
Transform: MatrixOffsetTransformBase_double_3_3
Parameters: 0.9999859901421935 -0.0003991102150872894 -0.0051817627770053805 0.00041951891034554424 0.9999917097506886 0.0039981454869932875 0.005180092214747089 -0.004000852110747022 0.9999782880566928 -0.4129588452144475 -0.22218408343523777 -0.6055874595106161
FixedParameters: 0 0 0
#Transform 77
Transform: MatrixOffsetTransformBase_double_3_3
Parameters: 0.9999871169347357 -0.0007862171923607393 -0.004925793746804758 0.0008112838090958052 0.9999862466745317 0.0051452485694535866 0.004921996758614081 -0.005148753730150307 0.9999748863498531 -0.37527847365596756 -0.2691084233214127 -0.5219512427485569
FixedParameters: 0 0 0
#Transform 78
Transform: MatrixOffsetTransformBase_double_3_3
Parameters: 0.9999902096317294 -0.0004962763850681415 -0.004532388036004979 0.0005170815407044686 0.999988713898916 0.0047054089527138465 0.004530377826657791 -0.004707588457708356 0.9999781929847557 -0.38999253251085975 -0.26617765674073723 -0.5535088250462934
FixedParameters: 0 0 0
#Transform 79
Transform: MatrixOffsetTransformBase_double_3_3
Parameters: 0.9999871656243705 -0.0005110997407799262 -0.005057157873417944 0.0005352304827042304 0.9999881191395337 0.0047575903912668305 0.005054292537098917 -0.004760403674184233 0.999975749802258 -0.40648029262413843 -0.21429579415760713 -0.5419783121934927
FixedParameters: 0 0 0
#Transform 80
Transform: MatrixOffsetTransformBase_double_3_3
Parameters: 0.999988573142986 -0.00006831337365014432 -0.004839346713044448 0.00009246855150198347 0.9999877289678992 0.004889567590552674 0.004839519080173382 -0.004890423962781859 0.9999760194506178 -0.40812087937810304 -0.24025272711197942 -0.5368931052129398
FixedParameters: 0 0 0
#Transform 81
Transform: MatrixOffsetTransformBase_double_3_3
Parameters: 0.999985553019529 -0.0003970883713781322 -0.0053184772758286935 0.00042414395461754005 0.9999869524696563 0.005076251447192093 0.005316932258298543 -0.005078748435063896 0.9999730378389399 -0.41558537907771154 -0.18167718489375773 -0.5485338452016606
FixedParameters: 0 0 0
#Transform 82
Transform: MatrixOffsetTransformBase_double_3_3
Parameters: 0.9999878539771107 -0.00038518453533383933 -0.004898553083959501 0.0004116975880512618 0.9999861266572995 0.005355952089046573 0.004896738767613752 -0.005358049141881427 0.9999733316573844 -0.40700606383154536 -0.22530718884380008 -0.5099590270886836
FixedParameters: 0 0 0
#Transform 83
Transform: MatrixOffsetTransformBase_double_3_3
Parameters: 0.9999829373388638 -0.00015830676797125656 -0.005747743065588329 0.00018119512403704766 0.9999922177592315 0.003920852172936501 0.005747200079445286 -0.003922146548211158 0.9999759628874796 -0.453050185790957 -0.14145607178514297 -0.6412659270926611
FixedParameters: 0 0 0
#Transform 84
Transform: MatrixOffsetTransformBase_double_3_3
Parameters: 0.9999873565953177 -0.0003606924050954587 -0.004951326916321391 0.00038731473753513126 0.999985311344799 0.005327243726488379 0.0049488103182982355 -0.005329747242528132 0.9999732587215714 -0.4113776918061234 -0.20947237683243713 -0.5108338819546816
FixedParameters: 0 0 0
#Transform 85
Transform: MatrixOffsetTransformBase_double_3_3
Parameters: 0.9999868086869249 -0.0004019494764300116 -0.005101834954947339 0.0004265920102527504 0.9999891160264128 0.004765957515980274 0.005099999467566417 -0.004768042591979521 0.9999752435266585 -0.4342428039956303 -0.1908951231957161 -0.5695785823761099
FixedParameters: 0 0 0
#Transform 86
Transform: MatrixOffsetTransformBase_double_3_3
Parameters: 0.9999879105210809 -0.0005042887316773941 -0.004881823009030458 0.0005283113119257847 0.9999877255591327 0.004899550221182908 0.004879861800299594 -0.004902448942860044 0.9999761447863387 -0.442680707171462 -0.18547344122264064 -0.5395227620869605
FixedParameters: 0 0 0
#Transform 87
Transform: MatrixOffsetTransformBase_double_3_3
Parameters: 0.9999872786969888 -0.00004800129221736358 -0.004972217539580649 0.00007421979394031349 0.9999855932696848 0.005298822715776308 0.004971068280999508 -0.005299173195472295 0.9999735259056597 -0.42624829207926496 -0.22627940905184118 -0.47125712319474644
FixedParameters: 0 0 0
#Transform 88
Transform: MatrixOffsetTransformBase_double_3_3
Parameters: 0.9999895611214594 -0.00023634834887682537 -0.00451490223001051 0.000260580741158503 0.9999863192074877 0.00525061344554506 0.004513251421397129 -0.005251386258202123 0.9999760952516356 -0.4378247917596241 -0.1220779213128651 -0.5723006124325707
FixedParameters: 0 0 0
#Transform 89
Transform: MatrixOffsetTransformBase_double_3_3
Parameters: 0.9999874439291667 -0.0002202210988330593 -0.004950319434153136 0.00024863731155835855 0.9999843226039313 0.005608939081307912 0.00494932877776556 -0.0056100606396057295 0.9999721874648252 -0.4286313363310086 -0.1972048757684064 -0.47335678187663177
FixedParameters: 0 0 0
#Transform 90
Transform: MatrixOffsetTransformBase_double_3_3
Parameters: 0.999987952405896 -0.00015104909170567267 -0.005002722334397065 0.00017752971999014948 0.9999870106355042 0.005177279792292294 0.0050013347030424685 -0.0051777241379313554 0.9999743280426011 -0.426794585654946 -0.16612976781749467 -0.5255362522874378
FixedParameters: 0 0 0
#Transform 91
Transform: MatrixOffsetTransformBase_double_3_3
Parameters: 0.9999871806142829 -0.0004069193517537101 -0.005065247688389683 0.00043416851387846606 0.9999860195329625 0.005366942235628364 0.005062372095227792 -0.005369060115802987 0.9999725294338352 -0.42558670070812354 -0.09618514121203248 -0.5172123126276915
FixedParameters: 0 0 0
#Transform 92
Transform: MatrixOffsetTransformBase_double_3_3
Parameters: 0.9999871657254715 -0.0003557145047102973 -0.004970313062530494 0.000382832395918708 0.9999840616871593 0.005537432792913577 0.00496901762240519 -0.00553956848137796 0.9999727532157118 -0.4299352011512383 -0.17959511785605287 -0.5007856334519829
FixedParameters: 0 0 0
#Transform 93
Transform: MatrixOffsetTransformBase_double_3_3
Parameters: 0.9999895285615579 -0.00043856327479489435 -0.004503327791593319 0.0004621562747700079 0.999985655823214 0.005392712759570345 0.004500753663601109 -0.005395297501190999 0.99997568149023 -0.43943550922294605 -0.05381816755949842 -0.5876278894134401
FixedParameters: 0 0 0
#Transform 94
Transform: MatrixOffsetTransformBase_double_3_3
Parameters: 0.999987573297427 -0.0005224420393609174 -0.005015401718760454 0.0005510139343969545 0.999983856352037 0.0057313823583653445 0.005012212759469475 -0.005734623250224724 0.999970981377489 -0.4161581407296211 -0.18201869845138674 -0.4921840754887086
FixedParameters: 0 0 0
#Transform 95
Transform: MatrixOffsetTransformBase_double_3_3
Parameters: 0.9999919302666413 -0.0003734846587230047 -0.004114731847779318 0.0003950843430653834 0.999985523368151 0.005420791764235738 0.004112509008219194 -0.005422211854342468 0.999976620871464 -0.40124409893957136 -0.1814125292575568 -0.5326864685257817
FixedParameters: 0 0 0
#Transform 96
Transform: MatrixOffsetTransformBase_double_3_3
Parameters: 0.9999901638290712 -0.0004052886383458099 -0.004321120333372723 0.00043147290697060416 0.9999815191896368 0.006034899544433203 0.00431852462785904 -0.006036101804598931 0.9999727891043733 -0.41851332477936865 -0.07713179412179727 -0.5672690800871152
FixedParameters: 0 0 0
#Transform 97
Transform: MatrixOffsetTransformBase_double_3_3
Parameters: 0.9999902300885414 -0.00021065399840596054 -0.004327289098443493 0.00023573250509175965 0.9999831886324551 0.0058036014360945964 0.004325997255839515 -0.0058043978767096105 0.9999736677444089 -0.3958399298076358 -0.17846701031696455 -0.4937021595264639
FixedParameters: 0 0 0
#Transform 98
Transform: MatrixOffsetTransformBase_double_3_3
Parameters: 0.9999897374529203 -0.0003731402617426791 -0.00448582024686132 0.0003978302433368289 0.9999841469369536 0.005536002312114069 0.004483835752627606 -0.005537989637448115 0.9999742730422853 -0.41784610497948904 -0.08137451974134535 -0.58644798849528
FixedParameters: 0 0 0
#Transform 99
Transform: MatrixOffsetTransformBase_double_3_3
Parameters: 0.9999918969525537 -0.00037316033302398137 -0.00411876933901154 0.00039578246894455096 0.9999837414687561 0.005658988061495063 0.0041165312769794 -0.005661019400604983 0.9999760834547152 -0.36314017110619545 -0.1561695360685036 -0.49980823889208637
FixedParameters: 0 0 0
#Transform 100
Transform: MatrixOffsetTransformBase_double_3_3
Parameters: 0.9999945229677006 -0.0002245184623665964 -0.00322908047301067 0.00024229472118183522 0.9999833696048439 0.005705110575489891 0.003227680207347912 -0.005705882453014871 0.9999780472420182 -0.3525495618499832 -0.10550095624843436 -0.5316155011880994
FixedParameters: 0 0 0
#Transform 101
Transform: MatrixOffsetTransformBase_double_3_3
Parameters: 0.999993829120338 -0.0002667847282147478 -0.003478583227275777 0.00028615387857484 0.9999843982234674 0.005525070124389159 0.0034767910968430287 -0.005525922452972815 0.9999783679856916 -0.346705603735046 -0.03137453085398079 -0.5533201052599424
FixedParameters: 0 0 0
#Transform 102
Transform: MatrixOffsetTransformBase_double_3_3
Parameters: 0.9999929356754652 -0.0003317984456782735 -0.0038671948436327023 0.00035329602451144963 0.999984690871257 0.0055000471022877695 0.0038650300252871164 -0.005500954237598693 0.9999777331107328 -0.35371879786021054 -0.0717029235954243 -0.5004324660664707
FixedParameters: 0 0 0
#Transform 103
Transform: MatrixOffsetTransformBase_double_3_3
Parameters: 0.9999932775371444 -0.00028003790635153464 -0.003555485816585705 0.00029962868118156794 0.9999856266402923 0.005412006280637233 0.0035545969227140854 -0.005412996392244324 0.9999790599543888 -0.3774848791480281 -0.03855029356721218 -0.5797294907332287
FixedParameters: 0 0 0
#Transform 104
Transform: MatrixOffsetTransformBase_double_3_3
Parameters: 0.9999917517906005 -0.00035493789014240845 -0.00401527844955203 0.0003782633458093504 0.9999821959022697 0.005892894757358824 0.00401307149050169 -0.005894096448019304 0.9999740883706603 -0.36286878994391714 -0.06774369310157624 -0.5118787540906027
FixedParameters: 0 0 0
#Transform 105
Transform: MatrixOffsetTransformBase_double_3_3
Parameters: 0.9999940882568976 -0.000260248700623498 -0.0034411262058276085 0.00027993025557296016 0.999984511180197 0.005605108916872686 0.0034403467875613954 -0.005605896899797985 0.9999787331029862 -0.3623611432531533 -0.07495733715445851 -0.5437534602551892
FixedParameters: 0 0 0
#Transform 106
Transform: MatrixOffsetTransformBase_double_3_3
Parameters: 0.9999938910881923 -0.0003447417035809175 -0.003604402241891332 0.00036519857512911475 0.9999837309083482 0.005756758437761439 0.0036019182905657255 -0.0057582458581890705 0.9999768617758643 -0.3923181002686249 -0.04404282204552601 -0.5474794562285012
FixedParameters: 0 0 0
#Transform 107
Transform: MatrixOffsetTransformBase_double_3_3
Parameters: 0.9999912896729635 -0.0003850563869739407 -0.004190781299912865 0.0004087357986992336 0.9999834026541009 0.005687903661484334 0.004188379565639761 -0.005690094426094 0.9999751567776382 -0.373385237003788 -0.098443915678601 -0.49519360480705643
FixedParameters: 0 0 0
#Transform 108
Transform: MatrixOffsetTransformBase_double_3_3
Parameters: 0.9999927444754735 -0.0003144922803973828 -0.0037626267895630615 0.0003345172308511548 0.9999851451401555 0.005456983757546052 0.0037606883660236175 -0.005458019042116791 0.9999780300516875 -0.39076809956358716 -0.04820412117355488 -0.5822390725433308
FixedParameters: 0 0 0
#Transform 109
Transform: MatrixOffsetTransformBase_double_3_3
Parameters: 0.9999910778992762 -0.00036868592262770123 -0.00409714210075276 0.0003927665701078882 0.999982346480416 0.0058670085059982224 0.004094788045576151 -0.0058689924963704065 0.9999748636810164 -0.3771468957242945 -0.08851236974744836 -0.5243760078585638
FixedParameters: 0 0 0
#Transform 110
Transform: MatrixOffsetTransformBase_double_3_3
Parameters: 0.99999307898553 0.0004114760988364149 -0.0035705513934573786 -0.0003922603452702327 0.99998451174367 0.005568532843419793 0.003573503419168278 -0.005566475304987967 0.9999785724035077 -0.4232913099874196 -0.012564634404782282 -0.6421789796514616
FixedParameters: 0 0 0
#Transform 111
Transform: MatrixOffsetTransformBase_double_3_3
Parameters: 0.9999942436130869 0.0007436687023047041 -0.0031941357778787448 -0.000741527375802425 0.9999993814525295 0.0008261307515357585 0.003194885552388802 -0.0008228706241913408 0.9999945025552902 -0.41120320858316006 -0.2664845560172182 -0.6459279621247163
FixedParameters: 0 0 0
#Transform 112
Transform: MatrixOffsetTransformBase_double_3_3
Parameters: 0.9999960352384674 -0.00016993143390668517 -0.002816956815616711 0.0001720199213431608 0.9999993998073684 0.000720217807818585 0.0028170508601268853 -0.0007207813409155217 0.9999955971891502 -0.35200187555197715 -0.439255358847376 -0.6381728022951876
FixedParameters: 0 0 0
#Transform 113
Transform: MatrixOffsetTransformBase_double_3_3
Parameters: 0.9999932627452831 -0.000571895735125671 -0.003661873085838836 0.0005872130764675943 0.9999906747798508 0.004244082353732942 0.0036596754003474434 -0.004246919528969523 0.9999845391310198 -0.356574858395291 -0.3513738410423457 -0.55298188639307
FixedParameters: 0 0 0
#Transform 114
Transform: MatrixOffsetTransformBase_double_3_3
Parameters: 0.9999909201041547 -0.00010375331776724562 -0.0043665688550624075 0.00012807026560521034 0.9999850978639285 0.005551064785841081 0.004366410809549085 -0.005550942101270467 0.9999751942315463 -0.3644688421017719 -0.327647962598121 -0.5025871499665158
FixedParameters: 0 0 0
#Transform 115
