#Insight Transform File V1.0
#Transform 0
Transform: MatrixOffsetTransformBase_double_3_3
Parameters: 0.9999927736983135 -0.0017712664121281225 -0.0034764067450573795 0.0017691803260132524 0.9999981853984953 -0.0007282653620149793 0.003478462949486718 0.0007217345816725729 0.999993537045664 -0.22990623487110895 -0.1690661571922476 -0.3617830104259525
FixedParameters: 0 0 0
#Transform 1
Transform: MatrixOffsetTransformBase_double_3_3
Parameters: 0.9999882273428276 -0.001726555863551707 -0.004559938902820356 0.0017127538967470917 0.999994388007177 -0.0029721461444387476 0.004564809414206161 0.002964854870060485 0.9999852152047854 -0.2545289534141659 -0.34689392918595274 -0.32004347524289756
FixedParameters: 0 0 0
#Transform 2
Transform: MatrixOffsetTransformBase_double_3_3
Parameters: 0.9999882709451143 -0.0018020456467525738 -0.0044140198857087875 0.0017812198701692278 0.9999877640758255 -0.004606216638602861 0.00442201060468378 0.004598785809688921 0.9999801403806459 -0.2278459824278798 -0.38191514184232744 -0.36233615033914646
FixedParameters: 0 0 0
#Transform 3
Transform: MatrixOffsetTransformBase_double_3_3
Parameters: 0.9999930414708983 -0.0011177744850340084 -0.0035651517879023544 0.0011135957952904895 0.9999987234735327 -0.001254863320801991 0.003566111250976404 0.0012511393286566697 0.9999931779640068 -0.23057530143668714 -0.3236747888656737 -0.3161034307223929
FixedParameters: 0 0 0
#Transform 4
Transform: MatrixOffsetTransformBase_double_3_3
Parameters: 0.9999909934516318 -0.0012578356076290514 -0.004052421512334759 0.0012526811591145868 0.9999987326485243 -0.001124802360799787 0.004054557487011142 0.0011191936795233448 0.9999907430277513 -0.2601834990732783 -0.15580372940061693 -0.40185876071029725
FixedParameters: 0 0 0
#Transform 5
Transform: MatrixOffsetTransformBase_double_3_3
Parameters: 0.9999921518801335 -0.0010880491713871412 -0.003696274622750918 0.0010842047135199218 0.9999992497579754 -0.001054899703796075 0.003697881177882246 0.0010511009568784924 0.99999268449462 -0.20696642407945376 -0.14249132994693525 -0.3737583164728733
FixedParameters: 0 0 0
#Transform 6
Transform: MatrixOffsetTransformBase_double_3_3
Parameters: 0.9999946176201933 -0.000731154888271253 -0.0032935706416063197 0.0007304045139031788 0.9999997380806702 -0.00026442982214724964 0.003293785555118779 0.00026257067473592355 0.9999947406745906 -0.21597660775745453 -0.10902232857158367 -0.4266126187355468
FixedParameters: 0 0 0
#Transform 7
Transform: MatrixOffsetTransformBase_double_3_3
Parameters: 0.9999961767750121 -0.0004756144006118857 -0.002756265870982927 0.00047752289515999173 0.9999996131431359 0.0005243566753621864 0.002755935683972758 -0.0005256418178550271 0.9999960123815645 -0.23132939215933845 -0.09744575611807704 -0.3836371493537314
FixedParameters: 0 0 0
#Transform 8
Transform: MatrixOffsetTransformBase_double_3_3
Parameters: 0.9999978599834537 -0.0005176863267704859 -0.001967910447077141 0.0005095228276942374 0.999991537040853 -0.0040326742691712825 0.001969705091138389 0.0040313227914375305 0.9999898087407629 -0.26082562141913 -0.05397654047888523 -0.567352058339992
FixedParameters: 0 0 0
#Transform 9
Transform: MatrixOffsetTransformBase_double_3_3
Parameters: 0.9999943996956591 -0.0005013596862792672 -0.003368814935798103 0.0005020704863585347 0.9999997432527645 0.00010434456884822474 0.003368709075362814 -0.00010665424715364247 0.999994634182721 -0.2024241441705783 -0.11578730819428529 -0.38407799915881924
FixedParameters: 0 0 0
#Transform 10
Transform: MatrixOffsetTransformBase_double_3_3
Parameters: 0.999994265769133 -0.000014421012931719636 -0.003276276334325939 0.000015321980336428678 0.9999999580037451 0.00013781808743942858 0.003276272247783975 -0.00013718033046131173 0.9999942699532305 -0.23794918567276113 -0.03564624320937071 -0.41614882806629794
FixedParameters: 0 0 0
#Transform 11
Transform: MatrixOffsetTransformBase_double_3_3
Parameters: 0.999994966978804 0.00033359372729657656 -0.003304665847626245 -0.00033207404150020997 0.9999995549857263 0.0003799958104294676 0.003305088350063299 -0.00037800270767249233 0.9999941247112198 -0.27625917489552876 -0.10222173364986986 -0.3454604381951043
FixedParameters: 0 0 0
#Transform 12
Transform: MatrixOffsetTransformBase_double_3_3
Parameters: 0.9999942738217688 0.00037160592364442473 -0.0032541295891275433 -0.00036946786615943677 1.000000043104125 0.0006579637761931212 0.003253971861214347 -0.0006570366464079547 0.9999943661024836 -0.3129915162484167 -0.09520442351491454 -0.39212539346772246
FixedParameters: 0 0 0
#Transform 13
Transform: MatrixOffsetTransformBase_double_3_3
Parameters: 0.9999957478381428 0.0008878856047648716 -0.002731971419432001 -0.0008858598304230983 0.999999215784814 0.0007640136096803973 0.0027326789199695876 -0.0007609869661310831 0.9999963692381522 -0.28217608542614414 -0.2080603621890731 -0.3665827089033513
FixedParameters: 0 0 0
#Transform 14
Transform: MatrixOffsetTransformBase_double_3_3
Parameters: 0.9999956129350139 0.0008370585517542444 -0.002946836745294524 -0.0008338659300090819 0.9999991828884027 0.001240083102349021 0.002948602462179046 -0.0012379195534812648 0.9999953597932 -0.3315529139418629 -0.10539068814634334 -0.4539541442191677
FixedParameters: 0 0 0
#Transform 15
Transform: MatrixOffsetTransformBase_double_3_3
Parameters: 0.9999950118066505 0.0005540263457779029 -0.0031110821686855953 -0.0005497475774475883 0.9999990385795002 0.0015074767627439312 0.0031126106549655844 -0.001505526344692365 0.9999944341243605 -0.31747707740760234 -0.18098181779548383 -0.3904036085279614
FixedParameters: 0 0 0
#Transform 16
Transform: MatrixOffsetTransformBase_double_3_3
Parameters: 0.9999941953033884 0.0007989244291475133 -0.0031884351834001487 -0.0007915531962728075 0.9999974150975013 0.0023181559315641753 0.003190355582139092 -0.002315845127788735 0.9999920431820907 -0.37049617348841934 -0.16153068980626983 -0.4191267237614653
FixedParameters: 0 0 0
#Transform 17
Transform: MatrixOffsetTransformBase_double_3_3
Parameters: 0.999995875354207 0.0003675026300656044 -0.0029983569475706415 -0.00036030329676511137 0.9999976169458603 0.0022438203100693666 0.002999039867801774 -0.0022421801434194533 0.9999931962737619 -0.3030065439547798 -0.18298736281626304 -0.3974100560430429
FixedParameters: 0 0 0
#Transform 18
Transform: MatrixOffsetTransformBase_double_3_3
Parameters: 0.9999950996554696 0.00011939673041598921 -0.003144183757186552 -0.00011463971755640852 0.9999993112459332 0.0015670979811675256 0.0031444161356891424 -0.0015669044106401964 0.9999938774129317 -0.31231164956196267 -0.0914748821347331 -0.43396911583823794
FixedParameters: 0 0 0
#Transform 19
Transform: MatrixOffsetTransformBase_double_3_3
Parameters: 0.999995215728046 -0.000170285120033398 -0.0029586463027575158 0.0001749830486841822 0.9999983018221273 0.0016263569675267209 0.0029589357730869137 -0.0016266433474015074 0.999994622885893 -0.2986911144244999 -0.0941729739281385 -0.41481381030618536
FixedParameters: 0 0 0
#Transform 20
Transform: MatrixOffsetTransformBase_double_3_3
Parameters: 0.9999942704067831 -0.000017937226556026314 -0.0034247170722899165 0.000025554643959350477 0.9999982121812017 0.0021438227796099496 0.003424829886138427 -0.0021441785920250367 0.9999918647133995 -0.3234222601224701 -0.07653291405790696 -0.4152599857664683
FixedParameters: 0 0 0
#Transform 21
Transform: MatrixOffsetTransformBase_double_3_3
Parameters: 0.9999936846197754 -0.00016714237548008036 -0.0035049729842585122 0.000173060007253726 0.9999991295021015 0.0016874408234522076 0.0035054201526099667 -0.0016875626492827422 0.9999928597783162 -0.30046395775421786 -0.10487279052320275 -0.39918090279113017
FixedParameters: 0 0 0
#Transform 22
Transform: MatrixOffsetTransformBase_double_3_3
Parameters: 0.9999938493276715 0.00013224306315247933 -0.00348303135333907 -0.0001267291568703673 0.9999985309927161 0.0018063483371255629 0.0034837051220586264 -0.001805653095575871 0.9999917950355437 -0.3188808280089148 -0.039239916571176536 -0.44830990438578056
FixedParameters: 0 0 0
#Transform 23
Transform: MatrixOffsetTransformBase_double_3_3
Parameters: 0.9999947583221976 -0.00032569448871938594 -0.0033367455789248945 0.00033277724641349565 0.9999976763950231 0.0020949077146850403 0.003336557548587432 -0.002095092100624557 0.9999923038435435 -0.302514112220976 -0.09650643473052867 -0.43088177388617055
FixedParameters: 0 0 0
#Transform 24
Transform: MatrixOffsetTransformBase_double_3_3
Parameters: 0.9999929798173187 -0.00048284436178011174 -0.0035757820840793663 0.000488502293206686 0.9999983489895783 0.001617437622764284 0.0035752316992445 -0.0016185625322975572 0.9999923949590062 -0.32462265345968433 -0.015997503693228055 -0.46624809481100726
FixedParameters: 0 0 0
#Transform 25
Transform: MatrixOffsetTransformBase_double_3_3
Parameters: 0.9999950966829614 0.0004301676994279066 -0.0031172783311609778 -0.0004572156041109143 0.9999609764398998 -0.008855866152403358 0.003113692079480634 0.008857146484990391 0.9999562414820536 -0.3291332246812573 -0.019794272519874312 -0.3253601870966065
FixedParameters: 0 0 0
#Transform 26
Transform: MatrixOffsetTransformBase_double_3_3
Parameters: 0.9999954473540641 0.00012440184461129768 -0.003088265301658442 -0.0001290384289284951 0.9999992805861135 -0.0015758813413618844 0.0030880002422163607 0.001576121693806054 0.9999941991965058 -0.3279596553418571 -0.009464626238298024 -0.4292725896323901
FixedParameters: 0 0 0
#Transform 27
Transform: MatrixOffsetTransformBase_double_3_3
Parameters: 0.9999954600672957 -0.0003970513912866587 -0.0030629845290596727 0.0004002331055813783 0.9999989819375332 0.0010016167219912553 0.003062696279107171 -0.0010023814259673136 0.9999944701186808 -0.28865217122498166 -0.08871172220744938 -0.3692457991194402
FixedParameters: 0 0 0
#Transform 28
Transform: MatrixOffsetTransformBase_double_3_3
Parameters: 0.9999950961809018 -0.0006461233250910332 -0.0030800235405949636 0.0006471954265963005 0.9999994826509767 0.0004928475949747269 0.003079725058993201 -0.0004951536089562447 0.999995125456174 -0.3024505703458402 0.03955222865604924 -0.4303306032275742
FixedParameters: 0 0 0
#Transform 29
Transform: MatrixOffsetTransformBase_double_3_3
Parameters: 0.9999933596876134 -0.0004986994384119393 -0.003659361422237244 0.0005025691076908673 0.9999995073554045 0.0012013440754495563 0.0036590089430039315 -0.0012026597509466885 0.9999929627090831 -0.282333298737214 0.014753733313881412 -0.3781600923176853
FixedParameters: 0 0 0
#Transform 30
Transform: MatrixOffsetTransformBase_double_3_3
Parameters: 0.999994933307941 -0.00010168973991365424 -0.003325104824404455 0.00010321926880874493 0.9999997460087625 0.00022955449192418875 0.0033250576975673574 -0.00023044269307856413 0.9999940814996461 -0.3067153999508605 0.03737204655823234 -0.4302742079531754
FixedParameters: 0 0 0
#Transform 31
Transform: MatrixOffsetTransformBase_double_3_3
Parameters: 0.9999936981619243 -0.00046711780978713824 -0.0034760542170082756 0.00047083187595101474 0.9999994088369212 0.0012423777361806332 0.0034757393911077628 -0.0012436252534597236 0.9999931992127257 -0.2886688382811826 0.02597135424500152 -0.3946432432864242
FixedParameters: 0 0 0
#Transform 32
Transform: MatrixOffsetTransformBase_double_3_3
Parameters: 0.9999963880626407 -0.00034239078497414984 -0.0027375970414151474 0.00034353806368071966 0.9999995062046206 0.0005687614957350651 0.0027375468242564964 -0.0005702395328659737 0.9999962331958496 -0.30262615989565234 0.044478932972424445 -0.4420718594642352
FixedParameters: 0 0 0
#Transform 33
Transform: MatrixOffsetTransformBase_double_3_3
Parameters: 0.9999946548738611 -0.00018507040977519182 -0.0032107687741619877 0.00019045678046178941 0.99999819491179 0.001605292153390614 0.00321101672371245 -0.001606704797542241 0.999993301478911 -0.31742833001186455 0.046519838649402345 -0.40714408024801685
FixedParameters: 0 0 0
#Transform 34
Transform: MatrixOffsetTransformBase_double_3_3
Parameters: 0.9999904237459691 -0.0005997952282188915 -0.004267929450932427 0.0006075657012057507 0.9999979280142096 0.0019479633731883383 0.004267107572895456 -0.0019510388385767796 0.9999888945844769 -0.3583923937968052 0.06499250290967495 -0.4204903169319181
FixedParameters: 0 0 0
#Transform 35
Transform: MatrixOffsetTransformBase_double_3_3
Parameters: 0.9999794046868342 -0.00007715621077366511 -0.006449026565774153 0.00007744509655347918 1.0000005352082222 -0.000054139964639154936 0.006448864710463672 0.000053864178700346876 0.9999788636467182 -0.3040950086295595 -0.002166211399327267 -0.41512865091145557
FixedParameters: 0 0 0
#Transform 36
Transform: MatrixOffsetTransformBase_double_3_3
Parameters: 0.9999901576234049 0.0000741891893295181 -0.004340280186088709 -0.0000653559484954725 0.9999974325161796 0.0020788981519120064 0.004340131307721182 -0.0020780996023090914 0.9999880847375824 -0.3082529164755812 0.022295699851653694 -0.42142381775502713
FixedParameters: 0 0 0
#Transform 37
Transform: MatrixOffsetTransformBase_double_3_3
Parameters: 0.9999934177586314 0.00036023733972640403 -0.0035286882787995562 -0.00035276670946342596 0.9999975706159245 0.0022241838148874538 0.003529664515249035 -0.002222816403032263 0.9999909591944467 -0.3375589144749256 0.049530457012792795 -0.4275471839490024
FixedParameters: 0 0 0
#Transform 38
Transform: MatrixOffsetTransformBase_double_3_3
Parameters: 0.9999938382349274 -0.00007849829941249066 -0.003486316845776777 0.00008573748184222563 0.9999975494442468 0.0023347517088087577 0.0034864799196732566 -0.002334253648275497 0.9999913889500984 -0.3116569178064026 0.023237501268283722 -0.3709154418215945
FixedParameters: 0 0 0
#Transform 39
Transform: MatrixOffsetTransformBase_double_3_3
Parameters: 0.9999936572500112 0.00010436424751250584 -0.0036515672906414945 -0.00009656972167310996 0.999997452092932 0.002058627544746061 0.0036512015669544254 -0.0020583718726444322 0.9999917302768746 -0.32814267943719244 0.08951957055279536 -0.45738069205663123
FixedParameters: 0 0 0
#Transform 40
Transform: MatrixOffsetTransformBase_double_3_3
Parameters: 0.9999937765326258 -0.0004982019962784284 -0.0036024717821085996 0.0005074802476319771 0.9999964830755286 0.002542362505082718 0.0036004607993797236 -0.002543636295841145 0.9999903596985029 -0.31488653446669446 0.0777228646023076 -0.41642255103998593
FixedParameters: 0 0 0
#Transform 41
Transform: MatrixOffsetTransformBase_double_3_3
Parameters: 0.9999939674953181 0.0006937423697870146 -0.0035426188884838013 -0.000679816275368912 0.9999917532073865 0.0040323900610441665 0.003545611645781012 -0.004029612953845352 0.9999857161157313 -0.3920010276224417 0.024188531495681787 -0.4148924160311509
FixedParameters: 0 0 0
#Transform 42
Transform: MatrixOffsetTransformBase_double_3_3
Parameters: 0.9999937886418566 0.0003810969032081243 -0.003614734363050108 -0.00036705836521684805 0.9999919794214154 0.0039444455197562844 0.003616126042601679 -0.0039425540651683855 0.9999857066139503 -0.34996892703442484 -0.04808481273630605 -0.33947173332131797
FixedParameters: 0 0 0
#Transform 43
Transform: MatrixOffsetTransformBase_double_3_3
Parameters: 0.9999913198151813 0.0015197177441797706 -0.003790608249650472 -0.001510378956342139 0.9999953337339171 0.0025156182987781384 0.0037948262678954878 -0.0025093785199999663 0.9999893607044055 -0.36657160420760704 0.0016206984565911853 -0.3854393208528535
FixedParameters: 0 0 0
#Transform 44
Transform: MatrixOffsetTransformBase_double_3_3
Parameters: 0.9999939422974327 0.0008717539878115312 -0.0032089201691199226 -0.000861668798756233 0.9999953134141689 0.0030594013685683596 0.0032118112631080277 -0.003056598295270413 0.9999899260607782 -0.34051423039416306 0.04265278878249035 -0.3999367977186097
FixedParameters: 0 0 0
#Transform 45
Transform: MatrixOffsetTransformBase_double_3_3
Parameters: 0.9999961659246829 0.0009872642360027354 -0.002619186271407634 -0.000977190672393856 0.9999935194930499 0.0035888578596930953 0.002622669406689235 -0.0035871419265228743 0.9999898988117121 -0.324108057424354 0.04184391112795538 -0.375593084317984
FixedParameters: 0 0 0
#Transform 46
Transform: MatrixOffsetTransformBase_double_3_3
Parameters: 0.999995081702914 0.0006178164141196393 -0.0030882111403582554 -0.000606401978101038 0.9999936177061575 0.0035536496277729646 0.0030903206702552356 -0.00355135204130011 0.9999892233362919 -0.3441572673167457 0.09436201402692745 -0.4041597951225526
FixedParameters: 0 0 0
#Transform 47
Transform: MatrixOffsetTransformBase_double_3_3
Parameters: 0.999995100804508 0.0009756009058488662 -0.0031539129834698755 -0.0009644656192146103 0.9999933322024456 0.0034617072655855063 0.003157401676891216 -0.0034592889882619493 0.9999888183575584 -0.3197776082682111 0.07680344015221863 -0.3495393001602167
FixedParameters: 0 0 0
#Transform 48
Transform: MatrixOffsetTransformBase_double_3_3
Parameters: 0.9999939589278971 0.0011327343647868616 -0.0032799144624294715 -0.0011219868168474874 0.9999931416586133 0.0034465169224943137 0.003283640762137032 -0.0034424858719898366 0.9999890879576447 -0.3522972350397424 0.11881219727320058 -0.4339759960379439
FixedParameters: 0 0 0
#Transform 49
Transform: MatrixOffsetTransformBase_double_3_3
Parameters: 0.9999938276150951 0.0008568698960622102 -0.0033818782945815155 -0.0008440973669979743 0.9999924124890647 0.0037616924297185217 0.0033853903023633256 -0.0037593054279261295 0.9999871322276711 -0.3399767343576485 0.07634692889169514 -0.34848420578674677
FixedParameters: 0 0 0
#Transform 50
Transform: MatrixOffsetTransformBase_double_3_3
Parameters: 0.999995869193255 0.0007778851993019769 -0.0027433820879671274 -0.0007683483096081398 0.9999941124754468 0.003298711573220009 0.0027459008672634845 -0.0032962875179998186 0.9999910096050921 -0.29733590754388217 0.08226185778455886 -0.34994539115969303
FixedParameters: 0 0 0
#Transform 51
Transform: MatrixOffsetTransformBase_double_3_3
Parameters: 0.9999966491504246 0.0006121632031579139 -0.002641612447016654 -0.0006020355940544904 0.9999918434486484 0.003943165106508495 0.002643173901794466 -0.0039408344673701745 0.9999887267978042 -0.3018427362284086 0.13696480381541676 -0.3656501308958724
FixedParameters: 0 0 0
#Transform 52
Transform: MatrixOffsetTransformBase_double_3_3
Parameters: 0.9999956981076552 0.0008902213221501027 -0.002740475638675159 -0.0008812753036532454 0.9999947179727637 0.003015017018139804 0.002743063908615554 -0.003011979779837831 0.9999918177014088 -0.33142025594071356 0.15445060795941856 -0.42109889793255206
FixedParameters: 0 0 0
#Transform 53
Transform: MatrixOffsetTransformBase_double_3_3
Parameters: 0.9999942404320759 0.0007616801615793047 -0.003190656655664015 -0.0007508428572920861 0.9999934191378509 0.003530202046200942 0.0031929396497498816 -0.0035278007810432277 0.9999889134576135 -0.31954015159637095 0.12032753065651036 -0.3407383548754126
FixedParameters: 0 0 0
#Transform 54
Transform: MatrixOffsetTransformBase_double_3_3
Parameters: 0.9999937784082881 0.0012061956798030465 -0.0032813728479457265 -0.0011951550328098207 0.9999936676945932 0.003339589354907496 0.003285177055897032 -0.0033354089503368767 0.9999888327768057 -0.35915565280532746 0.16918182478056565 -0.43661329014886974
FixedParameters: 0 0 0
#Transform 55
Transform: MatrixOffsetTransformBase_double_3_3
Parameters: 0.9999946116587074 0.0003914070428869794 -0.003198948733273809 -0.00038055283041795373 0.9999933339059881 0.0036239928328699045 0.0032008322421118295 -0.0036230070019564464 0.9999880180945057 -0.32571280213190335 0.12239630272364366 -0.37453836939690177
FixedParameters: 0 0 0
#Transform 56
Transform: MatrixOffsetTransformBase_double_3_3
Parameters: 0.9999949368294091 0.0008222440609061012 -0.003222734586152222 -0.0008099077453771454 0.999991568429954 0.003879445105055862 0.003226180403792829 -0.0038775507575320167 0.9999872826950329 -0.32220429701962416 0.13748887269440502 -0.3897348876615325
FixedParameters: 0 0 0
#Transform 57
Transform: MatrixOffsetTransformBase_double_3_3
Parameters: 0.9999915083037056 0.0018292272321473698 -0.0036258328478496315 -0.0018199790183336048 0.9999943349531304 0.0026643549878095363 0.003630177483333752 -0.0026576456774975166 0.9999900114235191 -0.348863635614876 0.14866982525572325 -0.3811766877964402
FixedParameters: 0 0 0
#Transform 58
Transform: MatrixOffsetTransformBase_double_3_3
Parameters: 0.999982263235169 0.0019690699247273758 -0.005644317915758133 -0.0019937752497903027 0.9999884980716007 -0.004389880003186658 0.0056357944881337725 0.004401119187728841 0.9999741237948467 -0.32516316677755697 -0.2402235344933814 -0.23004816097726177
FixedParameters: 0 0 0
#Transform 59
Transform: MatrixOffsetTransformBase_double_3_3
Parameters: 0.9999875509937767 0.000997972424806708 -0.004944987945084504 -0.0009977795806726869 0.9999997550683439 0.000021704560843383014 0.004945026868926919 -0.000017294953655849765 0.9999877951650634 -0.32192554311592403 -0.10288593708253302 -0.3542008166393913
FixedParameters: 0 0 0
#Transform 60
Transform: MatrixOffsetTransformBase_double_3_3
Parameters: 0.9999902614211731 0.0013531082436916222 -0.004111606490437162 -0.0013493462168500453 0.9999984725127282 0.0008407649538616502 0.004113395035592828 -0.0008342327331624932 0.9999913860915105 -0.31678668125496756 -0.11741706904240345 -0.2983770941978463
FixedParameters: 0 0 0
#Transform 61
Transform: MatrixOffsetTransformBase_double_3_3
Parameters: 0.9999926286066149 0.0010011293370346779 -0.0037904828179117092 -0.0009985237606810523 0.9999995673085117 0.0007578037261270487 0.0037915197884327784 -0.0007541981031830014 0.9999929182203586 -0.31084656549781187 0.03235476600866605 -0.410030298804557
FixedParameters: 0 0 0
#Transform 62
Transform: MatrixOffsetTransformBase_double_3_3
Parameters: 0.9999918349617327 0.0005539029023722352 -0.003982274333749281 -0.000546347512405117 0.999998056501174 0.001734508508667687 0.0039832320718528125 -0.0017324885917034683 0.9999907683924144 -0.2881553277684503 0.024180979598540375 -0.3568732193969595
FixedParameters: 0 0 0
#Transform 63
Transform: MatrixOffsetTransformBase_double_3_3
Parameters: 0.9999910988797289 0.0006998737776592002 -0.0041726499858919545 -0.0006948751826734349 0.9999989301344361 0.000975226262138057 0.004173533005853016 -0.0009717679402094503 0.9999902733380749 -0.30610079650904254 0.06537087023758659 -0.40061991760255466
FixedParameters: 0 0 0
#Transform 64
Transform: MatrixOffsetTransformBase_double_3_3
Parameters: 0.9999920103555043 0.0005629324554029269 -0.0040832667990344015 -0.0005551984301079904 0.999998118951819 0.0017135997826221716 0.00408423205198975 -0.0017113957244771494 0.9999900260695098 -0.28871851077880706 0.04118431385523991 -0.35689124617819346
FixedParameters: 0 0 0
#Transform 65
Transform: MatrixOffsetTransformBase_double_3_3
Parameters: 0.9999921368058822 0.0008245059489782724 -0.0037660613858805417 -0.0008181830316071163 0.9999982936005327 0.0015402442946062522 0.003767468912283077 -0.0015367542191179195 0.9999921092228208 -0.2882329300697535 0.05584284788460536 -0.3751171700391751
FixedParameters: 0 0 0
#Transform 66
Transform: MatrixOffsetTransformBase_double_3_3
Parameters: 0.9999893172088424 0.0006488638884854246 -0.0045013201964403515 -0.0006435383812166293 0.999999154033929 0.0012874257259639088 0.004502032682310935 -0.00128457645031832 0.9999888555615999 -0.28309195570223267 0.07135922367636738 -0.363264934481748
FixedParameters: 0 0 0
#Transform 67
Transform: MatrixOffsetTransformBase_double_3_3
Parameters: 0.9999924288825939 0.0004865330053009518 -0.003915853329660127 -0.0004793629661412924 0.9999977471594428 0.001840210065634923 0.003916850757564259 -0.0018387893923436094 0.9999909141719164 -0.2789353271168835 0.0815681892295288 -0.3690914969563437
FixedParameters: 0 0 0
#Transform 68
Transform: MatrixOffsetTransformBase_double_3_3
Parameters: 0.9999905281495778 0.0014363258585920434 -0.004050859715252972 -0.0014312534556898669 0.9999980650716022 0.0012998803177865226 0.004052473816322767 -0.0012941209865706405 0.9999910986413038 -0.30060619810075195 0.10784154775483046 -0.391777625039083
FixedParameters: 0 0 0
#Transform 69
Transform: MatrixOffsetTransformBase_double_3_3
Parameters: 0.999991341218746 0.0005954673012855461 -0.004159542838639455 -0.0005875194775431635 0.9999982370940496 0.0019447806824519354 0.004161232852496039 -0.0019422211008656987 0.9999895496963213 -0.27924350796217823 0.08621991077231428 -0.3317766304588474
FixedParameters: 0 0 0
#Transform 70
Transform: MatrixOffsetTransformBase_double_3_3
Parameters: 0.9999914459934719 0.0013871425759467402 -0.0039535521083124935 -0.0013799805141848404 0.9999973511447023 0.001595539725043199 0.003955854984168076 -0.0015904557259256713 0.9999910195327393 -0.29180709570388785 0.14858186874725732 -0.4127623720768554
FixedParameters: 0 0 0
#Transform 71
Transform: MatrixOffsetTransformBase_double_3_3
Parameters: 0.999992143488344 0.0006264276276009862 -0.003932720892899734 -0.0006167812119986247 0.9999963669850834 0.002566595877668082 0.0039336708281422945 -0.002564403653231212 0.9999886128503007 -0.27906948252501707 0.08774331576834982 -0.3463033886541922
FixedParameters: 0 0 0
#Transform 72
Transform: MatrixOffsetTransformBase_double_3_3
Parameters: 0.9999913376949159 0.001123393125236062 -0.003924137936129819 -0.0011160146960999887 0.9999971984175949 0.0018856044863539145 0.003926591132560223 -0.001881395643987066 0.9999910440970683 -0.28946601459206533 0.129198778801765 -0.4129279005456681
FixedParameters: 0 0 0
#Transform 73
Transform: MatrixOffsetTransformBase_double_3_3
Parameters: 0.9999923481975567 0.0010886301692284357 -0.0036697155523923502 -0.0010792977308124122 0.9999961898137485 0.0024399614237628486 0.0036724199586193954 -0.002435035795189472 0.9999902755173158 -0.2769440111422625 0.1140800802213846 -0.3629960809834074
FixedParameters: 0 0 0
#Transform 74
Transform: MatrixOffsetTransformBase_double_3_3
Parameters: 0.999990277389713 0.001046756984097549 -0.0043156627686932614 -0.0010381032515633095 0.9999980144125232 0.0019767092210740134 0.0043181848071760336 -0.0019722906824925224 0.9999884656311467 -0.2799264267175232 0.11111144437411724 -0.38764184880088237
FixedParameters: 0 0 0
#Transform 75
Transform: MatrixOffsetTransformBase_double_3_3
Parameters: 0.9999899422569801 0.0011886210263866446 -0.004200657102388785 -0.0011795414476190426 0.9999971897689275 0.0021021841675017416 0.0042030491418359765 -0.002096815126141821 0.9999889366371256 -0.2831707504185772 0.1407999618472502 -0.4202020884641797
FixedParameters: 0 0 0
#Transform 76
Transform: MatrixOffsetTransformBase_double_3_3
Parameters: 0.9999910053758545 0.000855801777489006 -0.0040326447609057275 -0.0008458858133001802 0.999996046245628 0.0025367808139883374 0.004034719036089961 -0.0025332208921229893 0.9999891066007588 -0.2888706725699848 0.11651495571466342 -0.3420480388275706
FixedParameters: 0 0 0
#Transform 77
Transform: MatrixOffsetTransformBase_double_3_3
Parameters: 0.9999911102588432 0.0017981326614633654 -0.0038284604856563564 -0.0017947849026373958 0.9999983127595966 0.0010216453518872293 0.0038298445135467227 -0.001015359636661023 0.9999927228005474 -0.32485882028835533 0.21420579398203188 -0.42257562487235134
FixedParameters: 0 0 0
#Transform 78
Transform: MatrixOffsetTransformBase_double_3_3
Parameters: 0.9999899688064218 0.0010394413246522097 -0.004236655363393476 -0.0010300703974809706 0.9999964425081159 0.0023507632288045643 0.0042392761151382585 -0.002346238894439412 0.9999884953209939 -0.3090261941581076 0.11661728957027151 -0.34746215849799
FixedParameters: 0 0 0
#Transform 79
Transform: MatrixOffsetTransformBase_double_3_3
Parameters: 0.9999925961735043 0.0016196342457794003 -0.003575429354081484 -0.0016152374834190989 0.9999980878222223 0.0011024897301485925 0.0035765405210708046 -0.0010965098824657626 0.9999930905411043 -0.3096089430340925 0.18686645731823148 -0.43946948271315023
FixedParameters: 0 0 0
#Transform 80
Transform: MatrixOffsetTransformBase_double_3_3
Parameters: 0.9999919975277128 0.0013892161103474445 -0.0037516991634568364 -0.001378473964300772 0.9999954724757149 0.002751068551642616 0.0037549256468105397 -0.0027459330908106427 0.9999894164541072 -0.28648239135559095 0.12968179974143368 -0.3623569586107749
FixedParameters: 0 0 0
#Transform 81
Transform: MatrixOffsetTransformBase_double_3_3
Parameters: 0.9999916684678639 0.0016653080198686463 -0.003682576128982397 -0.0016570664841363257 0.9999970059271628 0.0020398263026048247 0.00368543640486775 -0.0020331746408936424 0.9999913678321898 -0.2815289192015058 0.15303408283007514 -0.40274374461029083
FixedParameters: 0 0 0
#Transform 82
Transform: MatrixOffsetTransformBase_double_3_3
Parameters: 0.9999914253364132 0.0015125302841849295 -0.003910123311702349 -0.00150284984715729 0.999995440096622 0.0025049396521774348 0.003913285778843043 -0.0024980614513240296 0.9999894701585496 -0.298722752095145 0.14157641952766653 -0.3800063737166113
FixedParameters: 0 0 0
#Transform 83
Transform: MatrixOffsetTransformBase_double_3_3
Parameters: 0.9999914652422988 0.0016685931585204115 -0.0038402284163086874 -0.0016588146500800714 0.9999955407818949 0.0025401269248808145 0.0038452749520414245 -0.0025338705544410423 0.9999890516517507 -0.36191183256748616 0.05273663275055185 -0.4373178207629991
FixedParameters: 0 0 0
#Transform 84
Transform: MatrixOffsetTransformBase_double_3_3
Parameters: 0.9999911227896919 0.001057513465782641 -0.003969457911350214 -0.0010473668844867656 0.9999962500149051 0.0026061913564083827 0.003972699524038496 -0.002601807744362805 0.9999883110649548 -0.3402058185760666 0.015220198330382573 -0.3762657967466225
FixedParameters: 0 0 0
#Transform 85
Transform: MatrixOffsetTransformBase_double_3_3
Parameters: 0.9999937940843615 0.0010213089201597681 -0.0034873347427424196 -0.0010116587778094773 0.999995673228185 0.002753361451023756 0.003490518742357347 -0.0027496370237775625 0.9999899792771061 -0.31072224052958575 0.04570476836560999 -0.35329042233837527
FixedParameters: 0 0 0
#Transform 86
Transform: MatrixOffsetTransformBase_double_3_3
Parameters: 0.9999929498404551 0.0013358901513334522 -0.00364204119780709 -0.0013232634316890698 0.9999938587447774 0.0033615512799896607 0.0036469345400379533 -0.00335744802427404 0.9999875184691319 -0.3236307848227682 0.11080897793992506 -0.39289306511953725
FixedParameters: 0 0 0
#Transform 87
Transform: MatrixOffsetTransformBase_double_3_3
Parameters: 0.9999929467840838 0.0013397998699991435 -0.0035012753993275605 -0.0013307219162936273 0.999995665575268 0.0025443818295689258 0.0035044998727871038 -0.002540615299682386 0.9999903525378353 -0.3214333235875415 0.13571213329151988 -0.4086057608506337
FixedParameters: 0 0 0
#Transform 88
Transform: MatrixOffsetTransformBase_double_3_3
Parameters: 0.9999938151999325 0.0010438331262003417 -0.0033304201379834434 -0.0010340498855069072 0.9999949044484949 0.003050280032568936 0.0033345150743731805 -0.003046724000838552 0.9999903239351167 -0.30034592654070025 0.11365776048003795 -0.3704101701133311
FixedParameters: 0 0 0
#Transform 89
Transform: MatrixOffsetTransformBase_double_3_3
Parameters: 0.9999924130527964 0.00198223418600582 -0.0034140250428471 -0.0019744280918313575 0.9999949895447123 0.002449298634497471 0.0034191503549042884 -0.002441703779108073 0.9999914624975837 -0.32544427449317936 0.19314798120068133 -0.4784472835998912
FixedParameters: 0 0 0
#Transform 90
Transform: MatrixOffsetTransformBase_double_3_3
Parameters: 0.9999902291583792 0.0018977413203125416 -0.0038947106722786026 -0.001894466093309097 0.9999982706613543 0.0008471510274421779 0.0038964492365888555 -0.0008398502738643787 0.999992535504761 -0.3339205661866771 0.23728442344264522 -0.4799483597425933
FixedParameters: 0 0 0
#Transform 91
Transform: MatrixOffsetTransformBase_double_3_3
Parameters: 0.9999897946492332 0.0025139975486094036 -0.0037258870226722866 -0.002511565634573417 0.9999962792902997 0.0007728522619202816 0.003728289011502138 -0.0007641486377187312 0.9999933341682125 -0.3432223706106896 0.24398176177409425 -0.513266526222111
FixedParameters: 0 0 0
#Transform 92
Transform: MatrixOffsetTransformBase_double_3_3
Parameters: 0.9999913792313647 0.0018744863402593915 -0.0036203454104921794 -0.0018714717782648586 0.9999981451060822 0.0010343518369810012 0.0036219321361172095 -0.0010276527031655158 0.9999931081893338 -0.32704241956128044 0.23129829344041752 -0.4930171463798274
FixedParameters: 0 0 0
#Transform 93
Transform: MatrixOffsetTransformBase_double_3_3
Parameters: 0.9999918316120744 0.001214507079897264 -0.003961458234769264 -0.0012057972299895742 0.9999967560613112 0.002181836140480342 0.003964153365430376 -0.0021771620432192995 0.9999895750620547 -0.30672615017927285 0.2561178378695672 -0.4903086362988631
FixedParameters: 0 0 0
#Transform 94
Transform: MatrixOffsetTransformBase_double_3_3
Parameters: 0.9999907774250023 0.0014606676607687753 -0.004011101337820135 -0.0014604871682300468 0.9999988369706481 0.00002589982418671477 0.004011167070933253 -0.00001909976078548481 0.9999919394422995 -0.3275289613170429 0.34931396110818014 -0.5614823111156539
FixedParameters: 0 0 0
#Transform 95
Transform: MatrixOffsetTransformBase_double_3_3
Parameters: 0.9999876777966006 0.0014926793894887765 -0.004700180261045758 -0.001491699956259566 0.9999982841857912 0.00021264532245238166 0.004700974217232614 -0.0002053538866240434 0.9999893062489332 -0.31180274413196685 0.26960885125264156 -0.523191159537646
FixedParameters: 0 0 0
#Transform 96
Transform: MatrixOffsetTransformBase_double_3_3
Parameters: 0.9999860177599901 0.002059027196981994 -0.004768589074437153 -0.002061884831380498 0.9999976218382591 -0.0005368210632182568 0.004767985929439163 0.0005471789255723225 0.9999888083897476 -0.3442130939857435 0.34936295545033147 -0.6001165511116113
FixedParameters: 0 0 0
#Transform 97
Transform: MatrixOffsetTransformBase_double_3_3
Parameters: 0.9999860198631023 0.0019795945387865747 -0.004802423022482703 -0.0019750264426676364 0.9999973696061478 0.000943851311430266 0.0048038610624569 -0.00093414853998533 0.9999878868026655 -0.3207332910520364 0.30702011017471875 -0.5341290463130832
FixedParameters: 0 0 0
#Transform 98
Transform: MatrixOffsetTransformBase_double_3_3
Parameters: 0.9999855241927106 0.0021782620208590136 -0.0048717314816285546 -0.0021801602669036073 0.9999979600890895 -0.0002911389638711459 0.004870271184253705 0.0003008574355689575 0.9999883888720116 -0.3181422417566324 0.3673454020086382 -0.574143274423065
FixedParameters: 0 0 0
#Transform 99
Transform: MatrixOffsetTransformBase_double_3_3
Parameters: 0.999988460041905 0.0023229313644053994 -0.0041400956151010524 -0.0023290275738239814 0.9999967449395922 -0.001429720544249502 0.00413749833839621 0.0014392824457673814 0.999990599492411 -0.35583787257534993 0.3561623248082526 -0.6592966657776174
FixedParameters: 0 0 0
#Transform 100
Transform: MatrixOffsetTransformBase_double_3_3
Parameters: 0.9999879448431672 0.0021566352740285217 -0.004517148712334682 -0.0021521867633106013 0.9999974914341008 0.0009897531919473568 0.0045191175522110655 -0.0009802481360683402 0.999989512945066 -0.33117767604178994 0.26449910297560564 -0.5079782686251235
FixedParameters: 0 0 0
#Transform 101
Transform: MatrixOffsetTransformBase_double_3_3
Parameters: 0.999990641891812 0.0019335489400813537 -0.003823294358882009 -0.0019399214634865834 0.999996844186544 -0.0017150024276039177 0.003820543555662079 0.001721998983215095 0.9999908911870711 -0.3302497554371513 0.3550523644010468 -0.6776590067183719
FixedParameters: 0 0 0
#Transform 102
Transform: MatrixOffsetTransformBase_double_3_3
Parameters: 0.9999858987374824 0.001945794379866055 -0.004931297492328844 -0.0019453415530442679 0.9999983729403324 -0.000049053617727251586 0.004930917166317558 0.000058949387002682485 0.9999875199651637 -0.3285089562702552 0.33648812162931563 -0.5608212021903682
FixedParameters: 0 0 0
#Transform 103
Transform: MatrixOffsetTransformBase_double_3_3
Parameters: 0.999991523402776 0.001691828762424288 -0.0036898028746753433 -0.0016980635093208644 0.9999968481110869 -0.001736013374448231 0.0036868282050465636 0.001741986327989914 0.9999916270207467 -0.32323113059092634 0.35258509917140657 -0.6733343081346419
FixedParameters: 0 0 0
#Transform 104
Transform: MatrixOffsetTransformBase_double_3_3
Parameters: 0.9999921504585426 0.0018197263289562898 -0.003396540111994693 -0.0018268024612172298 0.9999956820480037 -0.002205272642349737 0.003393207698366825 0.002211728719299949 0.9999917134148318 -0.3366860568798984 0.42316994593778645 -0.6863308246059461
FixedParameters: 0 0 0
#Transform 105
Transform: MatrixOffsetTransformBase_double_3_3
Parameters: 0.9999880125873364 0.0014593101955643652 -0.004674752949884532 -0.001459775821186263 0.999998390638406 -0.00006471282024120284 0.00467553986563126 0.00007128764682257094 0.9999886127013761 -0.31116516846697095 0.36335509531642174 -0.5563262553576891
FixedParameters: 0 0 0
#Transform 106
Transform: MatrixOffsetTransformBase_double_3_3
Parameters: 0.9999935107330018 0.001427250930701998 -0.0033835847627946463 -0.0014350658801377764 0.9999963882875491 -0.00215248100655438 0.0033813222339340024 0.0021575167158650876 0.9999918343582944 -0.3483467331963084 0.4137109513828676 -0.7138892092200422
FixedParameters: 0 0 0
#Transform 107
Transform: MatrixOffsetTransformBase_double_3_3
Parameters: 0.9999898017207974 0.0011087223861864352 -0.004355753915621818 -0.0011090163516272998 0.9999995637949196 -0.00025776636840513234 0.0043548368859895985 0.00026223701932623356 0.9999911027247972 -0.3134631589992125 0.34899569628335314 -0.5668523116263486
FixedParameters: 0 0 0
#Transform 108
Transform: MatrixOffsetTransformBase_double_3_3
Parameters: 0.9999923126533132 0.0010981228454166995 -0.0036719343868763317 -0.0011033469304679035 0.9999978848261318 -0.0014269460503855413 0.0036699082466264835 0.001431052427985302 0.9999923437304077 -0.28870819835023553 0.3758104668473692 -0.6864942484339167
FixedParameters: 0 0 0
#Transform 109
Transform: MatrixOffsetTransformBase_double_3_3
Parameters: 0.9999839946872977 0.0016551710293929204 -0.005409752034485024 -0.0016534330464356643 0.9999982440167602 0.00036300430937710737 0.005410293199516821 -0.0003539967726871318 0.9999854936237275 -0.3086789871484541 0.4340600840898077 -0.56151527268959
FixedParameters: 0 0 0
#Transform 110
Transform: MatrixOffsetTransformBase_double_3_3
Parameters: 0.999975161367453 0.0032069203791819057 -0.006289397701602901 -0.003205583647356961 0.9999948131009708 0.0003000380552734272 0.006289626975735385 -0.00027996725356152496 0.9999801800628413 -0.4260584330116046 0.06528566456600515 -0.4032723869835877
FixedParameters: 0 0 0
#Transform 111
Transform: MatrixOffsetTransformBase_double_3_3
Parameters: 0.9999840755019087 0.0011074261341583952 -0.005540526003989323 -0.0011004429011120924 0.999998358818655 0.0013904507749457062 0.005541994909512824 -0.0013845535152600952 0.9999838663322783 -0.33302299255841206 -0.011852577462988734 -0.3749381800560485
FixedParameters: 0 0 0
#Transform 112
Transform: MatrixOffsetTransformBase_double_3_3
Parameters: 0.9999826966177654 0.0017613831202590298 -0.005674293200388758 -0.0017548522879437848 0.9999973715184952 0.0012332296964565337 0.005676846432427958 -0.0012227717088344747 0.9999833091019195 -0.32473380613046743 0.051209726934985156 -0.4438664373600716
FixedParameters: 0 0 0
#Transform 113
Transform: MatrixOffsetTransformBase_double_3_3
Parameters: 0.9999799576644346 0.0018407776725624181 -0.0060544429002585545 -0.0018409888254856588 0.9999982690731014 0.00008362408382345254 0.006053914897207754 -0.00007238128565342783 0.9999816764227978 -0.36081525026240513 0.18109270498941044 -0.5326377736877674
FixedParameters: 0 0 0
#Transform 114
Transform: MatrixOffsetTransformBase_double_3_3
