#Insight Transform File V1.0
#Transform 0
Transform: MatrixOffsetTransformBase_double_3_3
Parameters: 0.9999991891274439 -0.000327350559150453 -0.0016443369372491428 0.00032892229778704805 0.9999990251696868 0.001376628385272749 0.00164394387770268 -0.0013773719416448893 0.9999973716946204 -0.21424490081702174 0.05027017358960961 -0.3060598207939762
FixedParameters: 0 0 0
#Transform 1
Transform: MatrixOffsetTransformBase_double_3_3
Parameters: 0.9999984241097243 -0.00031930008744014156 -0.0018638486683977425 0.0003214763931266804 0.9999990591645347 0.001376739163803653 0.0018634769473279695 -0.001377262455254269 0.9999975726797995 -0.19860626511501778 0.0231940400763051 -0.2704058301344361
FixedParameters: 0 0 0
#Transform 2
Transform: MatrixOffsetTransformBase_double_3_3
Parameters: 0.9999994875103777 0.00007102320963418631 -0.0012275541236064335 -0.00006904038980671848 0.9999984319690872 0.001610253132021372 0.0012281200474956156 -0.0016097457071944932 0.9999978713379477 -0.2068877528744224 0.044450256161198354 -0.3377910157779951
FixedParameters: 0 0 0
#Transform 3
Transform: MatrixOffsetTransformBase_double_3_3
Parameters: 0.9999996243372813 0.0002988960586386172 -0.0005351775075708871 -0.00029864419824734723 0.9999991815134022 0.0013151601826436043 0.0005351480760708524 -0.0013148404034991068 0.9999989843712742 -0.20453772988487628 0.028587150578886167 -0.31084974366071094
FixedParameters: 0 0 0
#Transform 4
Transform: MatrixOffsetTransformBase_double_3_3
Parameters: 0.9999991506082653 0.0005807406035048988 -0.0007159974370418674 -0.0005793864731251265 0.9999981628852779 0.0018714157722510005 0.000716367432800464 -0.0018705849119099172 0.9999979864320059 -0.1923961612613425 0.019164926216447498 -0.3194999707120161
FixedParameters: 0 0 0
#Transform 5
Transform: MatrixOffsetTransformBase_double_3_3
Parameters: 0.9999991305484697 0.0008683575279234681 -0.0003389198797727061 -0.0008683229626375133 0.9999972379814617 0.0020022942743993244 0.0003405961151377888 -0.0020017042262489293 0.9999978765522385 -0.16976449863032883 0.05398982393593599 -0.35803160304656956
FixedParameters: 0 0 0
#Transform 6
Transform: MatrixOffsetTransformBase_double_3_3
Parameters: 1.0000000116187904 0.0007187803910221422 -0.0006866350890692467 -0.0007170544096097332 0.999998066597329 0.0020953259069951824 0.0006888279710669718 -0.002094673891649107 0.9999971669602697 -0.15753379910820797 0.015076936786542205 -0.28114059347048226
FixedParameters: 0 0 0
#Transform 7
Transform: MatrixOffsetTransformBase_double_3_3
Parameters: 0.9999997134538418 0.0004758895736999976 0.00024444607371434273 -0.00047706391638027923 0.9999975376077362 0.0020578828973908114 -0.0002434703001474294 -0.002058115382410547 0.9999977051121307 -0.15019575191416834 0.06905772360600793 -0.3676830419557291
FixedParameters: 0 0 0
#Transform 8
Transform: MatrixOffsetTransformBase_double_3_3
Parameters: 0.9999998420297134 0.0002575899502539246 0.0003030185642535569 -0.0002579224163624512 0.9999971898811194 0.002177920223064622 -0.00030206598551285347 -0.0021780761913146873 0.999997164777113 -0.11893457029127319 0.05866601191017651 -0.27594490550528405
FixedParameters: 0 0 0
#Transform 9
Transform: MatrixOffsetTransformBase_double_3_3
Parameters: 0.9999985230181513 0.0010998580216895898 0.0015060213850323367 -0.001103434526090086 0.9999957904134233 0.002712452432524798 -0.0015028656994010073 -0.002713547606910588 0.999995011826864 -0.08704340854453108 0.08121637641312418 -0.35385453898271635
FixedParameters: 0 0 0
#Transform 10
Transform: MatrixOffsetTransformBase_double_3_3
Parameters: 0.9999984765935814 0.0007657407321792246 0.0013914464668030274 -0.000770053369961358 0.9999955101483365 0.0028450698327397717 -0.0013897280082475515 -0.0028459279901518475 0.9999947726679641 -0.1013278408898799 0.09893647152765084 -0.2740100943235433
FixedParameters: 0 0 0
#Transform 11
Transform: MatrixOffsetTransformBase_double_3_3
Parameters: 0.999998839846206 0.0003635922341143519 0.0014242278902179858 -0.0003676765244133722 0.9999959485085358 0.0028186470367643213 -0.0014228472749311758 -0.0028193525823395904 0.9999949977765964 -0.11425914688577166 0.1264024507942736 -0.3501724752155013
FixedParameters: 0 0 0
#Transform 12
Transform: MatrixOffsetTransformBase_double_3_3
Parameters: 0.999998089113859 0.00026754407773375074 0.0016849858559981768 -0.00027182397687537446 0.9999958055909919 0.0030247152973069957 -0.0016843755205106135 -0.003025288516373126 0.9999939822061193 -0.09278492643217362 0.11990367804963853 -0.27619145832741765
FixedParameters: 0 0 0
#Transform 13
Transform: MatrixOffsetTransformBase_double_3_3
Parameters: 0.9999988952551604 0.0004464140189452087 0.0013807574458200174 -0.00044940071099500606 0.9999957735059132 0.002867520467713408 -0.0013790397373633814 -0.0028674791001022937 0.9999946765958104 -0.07326600190249621 0.12535975023233448 -0.24397882984925445
FixedParameters: 0 0 0
#Transform 14
Transform: MatrixOffsetTransformBase_double_3_3
Parameters: 0.9999988161336133 0.0003592342643048437 0.0014331453311138952 -0.00036409188999318536 0.9999946421089005 0.0033546517768507644 -0.0014325550221124448 -0.0033553527512061865 0.9999936618841017 -0.09285569485611234 0.1732553012551108 -0.3456633771339739
FixedParameters: 0 0 0
#Transform 15
Transform: MatrixOffsetTransformBase_double_3_3
Parameters: 0.9999989244987932 0.0004903947030495801 0.001355096407843538 -0.000493889508601749 0.999995114641631 0.0031095025843607405 -0.0013528863178538476 -0.0031104998553779517 0.9999944655928682 -0.07137858188461621 0.14213804179692602 -0.2524947493856473
FixedParameters: 0 0 0
#Transform 16
Transform: MatrixOffsetTransformBase_double_3_3
Parameters: 0.9999983614969582 0.000534979641290863 0.0015341578415990868 -0.0005395337496529749 0.9999953444722735 0.0030923154635648376 -0.0015316859435864855 -0.0030926851115161413 0.999993889852156 -0.1100961934538276 0.1647642687605071 -0.3406415738554358
FixedParameters: 0 0 0
#Transform 17
Transform: MatrixOffsetTransformBase_double_3_3
Parameters: 0.9999984203135914 0.00017952260810878733 0.0015964046373815207 -0.00018502202921813571 0.9999938260561926 0.0036288789946216093 -0.0015951175454907859 -0.0036291252793616557 0.9999922548562937 -0.09240709271358583 0.16364075844774106 -0.3244876939613306
FixedParameters: 0 0 0
#Transform 18
Transform: MatrixOffsetTransformBase_double_3_3
Parameters: 0.9999983243906341 0.000579027988266957 0.0015299039253642865 -0.0005843787427701941 0.9999935281566338 0.003627280344783379 -0.0015276897303888018 -0.003628723520336885 0.9999924713479096 -0.04935466915003417 0.16507446323845443 -0.33307976973931375
FixedParameters: 0 0 0
#Transform 19
Transform: MatrixOffsetTransformBase_double_3_3
Parameters: 0.9999986537735015 0.0003472783551092527 0.0014920667791972172 -0.0003535500960580673 0.9999904050213824 0.004415646819990432 -0.0014901633662047626 -0.004416356398844801 0.9999892464129259 -0.08866707277591956 0.23415823265810332 -0.32777085164350694
FixedParameters: 0 0 0
#Transform 20
Transform: MatrixOffsetTransformBase_double_3_3
Parameters: 0.9999984284861276 0.0004500536608598484 0.0015395021655385606 -0.00045486260890422023 0.9999938502055408 0.0034844414794187872 -0.0015373702289420415 -0.0034845561386200596 0.9999922947193552 -0.08877181879198304 0.24537191457980612 -0.3219472605414069
FixedParameters: 0 0 0
#Transform 21
Transform: MatrixOffsetTransformBase_double_3_3
Parameters: 0.9999989403848913 -0.00008712663634999273 0.001432406224458653 0.00008060766922787237 0.9999915869653262 0.004054285475960012 -0.0014329518664717225 -0.004053709719798293 0.9999904834552769 -0.09038467814089302 0.27719210623769186 -0.3515863633520411
FixedParameters: 0 0 0
#Transform 22
Transform: MatrixOffsetTransformBase_double_3_3
Parameters: 0.9999999625950112 -0.00013963087277520312 0.0010091154175797148 0.0001358500501185225 0.9999899126052545 0.00448330885678383 -0.0010092306333684652 -0.00448269540456725 0.9999898551803277 -0.049087519239179755 0.25846649832934077 -0.30960165471509526
FixedParameters: 0 0 0
#Transform 23
Transform: MatrixOffsetTransformBase_double_3_3
Parameters: 0.9999979726780509 0.00018533238248189278 0.0017303329615668216 -0.00019098413802438082 0.9999944878697425 0.003391842324915073 -0.0017290923382498908 -0.0033921578030211286 0.9999924733961482 -0.06517501912433943 0.3037176861520692 -0.36793475622013716
FixedParameters: 0 0 0
#Transform 24
Transform: MatrixOffsetTransformBase_double_3_3
Parameters: 0.9999987006957645 0.0004062152198618411 0.0017700835670438828 -0.00041314533038171224 0.9999919981731336 0.003858608421855897 -0.0017690985202478545 -0.003859387463092445 0.9999909186411653 -0.05322028225759823 0.2885534509070027 -0.3396102096165521
FixedParameters: 0 0 0
#Transform 25
Transform: MatrixOffsetTransformBase_double_3_3
Parameters: 0.9999988506848957 0.00034368271847998405 0.00174116856163545 -0.000352848254961225 0.9999850701762891 0.005464732738239664 -0.0017390640809086845 -0.005465273899141726 0.9999840475293704 -0.08451937806728438 0.25164697388427726 -0.36462610146529073
FixedParameters: 0 0 0
#Transform 26
Transform: MatrixOffsetTransformBase_double_3_3
Parameters: 0.9999982837838288 0.00016986269518375028 0.001920346705602512 -0.00017877588025101628 0.999987702774616 0.004932000397709552 -0.0019193438961866954 -0.0049319988397895365 0.9999859314239823 -0.10317122461769657 0.25874393704400234 -0.4285035194114215
FixedParameters: 0 0 0
#Transform 27
Transform: MatrixOffsetTransformBase_double_3_3
Parameters: 0.9999982807793845 -0.00044159732971651067 0.0018773080947495344 0.0004327451191347941 0.9999909341145397 0.0043290188895646065 -0.001879327954327254 -0.004327983199413465 0.999988874621103 -0.07489692616951515 0.20416425773183278 -0.3972093619793071
FixedParameters: 0 0 0
#Transform 28
Transform: MatrixOffsetTransformBase_double_3_3
Parameters: 0.9999989982234596 -0.000014380337004822738 0.0017322922574487963 0.000006132354058986991 0.9999887576560571 0.004704383827369596 -0.0017327650336702576 -0.004704619449583725 0.9999879756334531 -0.0506235629970746 0.21976034391816768 -0.3268190901461736
FixedParameters: 0 0 0
#Transform 29
Transform: MatrixOffsetTransformBase_double_3_3
Parameters: 0.9999978709165789 0.0005152950442195715 0.0022051792427317325 -0.0005271832713241882 0.9999867939462082 0.005117326053531629 -0.002202702039396163 -0.005117675224762364 0.9999846989414145 -0.09167943854886573 0.23201514616263808 -0.40794624897357323
FixedParameters: 0 0 0
#Transform 30
Transform: MatrixOffsetTransformBase_double_3_3
Parameters: 0.999998539770372 0.00017473987556058655 0.0018516062861811085 -0.00018378278221650287 0.9999886001256146 0.0048368351830465894 -0.0018514039953374936 -0.004837163547782464 0.9999861461989352 -0.07517505909606825 0.23088265369145233 -0.35188687374554206
FixedParameters: 0 0 0
#Transform 31
Transform: MatrixOffsetTransformBase_double_3_3
Parameters: 0.9999975681962826 0.0005049389740214009 0.002043632532174715 -0.0005142624784179712 0.9999878468543133 0.004893294507752666 -0.0020415022395836573 -0.0048947054144072855 0.9999858185304801 -0.06082454242091728 0.2072060786576202 -0.358772478317249
FixedParameters: 0 0 0
#Transform 32
Transform: MatrixOffsetTransformBase_double_3_3
Parameters: 0.9999955328954672 0.0008169115258570764 0.0029666439152719838 -0.000830320149710135 0.9999888450580072 0.004558365583211793 -0.00296250164547165 -0.00456062965264023 0.9999851094643126 -0.06665149802410042 0.31352282444730406 -0.44330296949010517
FixedParameters: 0 0 0
#Transform 33
Transform: MatrixOffsetTransformBase_double_3_3
Parameters: 0.9999967598675857 0.0004276787911800576 0.0024611630314250966 -0.00044042472718315323 0.9999869872690992 0.004993602220800919 -0.0024588702029464797 -0.004994395989759537 0.9999848921469755 -0.06145744061404912 0.2705429596490063 -0.33575117975395585
FixedParameters: 0 0 0
#Transform 34
Transform: MatrixOffsetTransformBase_double_3_3
Parameters: 0.9999969637869522 0.0005192437791821657 0.0026009465772869186 -0.0005321770812958118 0.9999876526045727 0.004917305485850981 -0.0025989737893937284 -0.00491869735648498 0.9999849373427557 -0.07401043490385462 0.29478441699068014 -0.40150862527622166
FixedParameters: 0 0 0
#Transform 35
Transform: MatrixOffsetTransformBase_double_3_3
Parameters: 0.9999961170541704 0.0001569331494569492 0.0026190701381825898 -0.0001691964831553065 0.9999876484402439 0.005041078123312309 -0.002617838222632146 -0.005040925740159935 0.9999836448222713 -0.06079235246525627 0.29763765371966144 -0.38146680324878446
FixedParameters: 0 0 0
#Transform 36
Transform: MatrixOffsetTransformBase_double_3_3
Parameters: 0.9999968515664958 0.0004371348482806486 0.0024403149770521274 -0.00044931360552911737 0.9999871855112823 0.00508639364162658 -0.0024390041704780217 -0.005086607879491473 0.9999839206691866 -0.031042735206625593 0.29658126137822194 -0.3647411635240161
FixedParameters: 0 0 0
#Transform 37
Transform: MatrixOffsetTransformBase_double_3_3
Parameters: 0.9999960181518749 0.0005072223774561577 0.0027793948895510692 -0.0005214679349584231 0.999987378910189 0.005046244381425008 -0.0027765859762293264 -0.005047760301126442 0.9999836943741208 -0.06507463111076106 0.39255688747789463 -0.4276792682084505
FixedParameters: 0 0 0
#Transform 38
Transform: MatrixOffsetTransformBase_double_3_3
Parameters: 0.9999963214445682 0.0004720259306377919 0.0027305369613284803 -0.0004850710977669914 0.9999877098029883 0.0049163651893315286 -0.002728213812412144 -0.004917635688354682 0.9999842574741636 -0.04341679872067061 0.2891097695923719 -0.3565240946034862
FixedParameters: 0 0 0
#Transform 39
Transform: MatrixOffsetTransformBase_double_3_3
Parameters: 0.999993191385809 0.000976685394394447 0.003585626029208202 -0.0009918443980132933 0.9999899846330559 0.0042896169595949 -0.00358088676969726 -0.0042933805579672135 0.9999843725222771 -0.0583903814306268 0.40527410500122585 -0.44295356092210625
FixedParameters: 0 0 0
#Transform 40
Transform: MatrixOffsetTransformBase_double_3_3
Parameters: 0.9999954579786022 0.0005231165807449672 0.0030444074146324836 -0.0005373065622770666 0.9999882059667241 0.004759223509954114 -0.003041912904950012 -0.004760773322978362 0.9999839364622315 -0.05104466162660515 0.3290679499366149 -0.3865658877790139
FixedParameters: 0 0 0
#Transform 41
Transform: MatrixOffsetTransformBase_double_3_3
Parameters: 0.9999950647963672 0.0005344605473469884 0.00310638082706014 -0.0005483940684799351 0.9999899153462235 0.004464157709224037 -0.0031039287789599297 -0.004465842915597262 0.9999852766995926 -0.049261448053655954 0.3863548394360663 -0.3960579007785441
FixedParameters: 0 0 0
#Transform 42
Transform: MatrixOffsetTransformBase_double_3_3
Parameters: 0.9999943134119337 0.0004728874189405626 0.0033854832193186747 -0.0004873336092975806 0.9999915376092744 0.004171384000054984 -0.00338386008876375 -0.004172621347797445 0.999985964359495 -0.06749403962638212 0.45419690042990624 -0.4306511247662428
FixedParameters: 0 0 0
#Transform 43
Transform: MatrixOffsetTransformBase_double_3_3
Parameters: 0.9999963996994078 0.0008182992502455957 0.002435319476658922 -0.0008310539084054227 0.9999867056368833 0.005182471730118876 -0.002430953518108812 -0.005184536462607581 0.9999839562261821 -0.042760875171609314 0.3426391265675903 -0.38042694679653266
FixedParameters: 0 0 0
#Transform 44
Transform: MatrixOffsetTransformBase_double_3_3
Parameters: 0.9999947418027519 0.0008438936172052252 0.0030898552984803475 -0.0008580546265048641 0.9999893427852513 0.004498179773654826 -0.0030855656615786575 -0.004500815635215399 0.9999849077289275 -0.06925416351687375 0.460535261965461 -0.46461439755151446
FixedParameters: 0 0 0
#Transform 45
Transform: MatrixOffsetTransformBase_double_3_3
Parameters: 0.9999955712578791 0.0007930256528849135 0.0029665565167999825 -0.0008065308047905025 0.9999902001474296 0.0044082693939200834 -0.002962701352895349 -0.004410727665884573 0.9999854834623583 -0.05061299540555808 0.3606653646397433 -0.38502610464576037
FixedParameters: 0 0 0
#Transform 46
Transform: MatrixOffsetTransformBase_double_3_3
Parameters: 0.9999948909468273 0.0008190411727469181 0.003230919165747877 -0.0008332815646164747 0.9999896713430023 0.004466139903295807 -0.003227075909107413 -0.004468855983288694 0.9999843021997231 -0.04686452914511108 0.4583266062160618 -0.45461115151978504
FixedParameters: 0 0 0
#Transform 47
Transform: MatrixOffsetTransformBase_double_3_3
Parameters: 0.9999940178496322 0.0004658689849603601 0.003430289981711996 -0.00047925035306813134 0.9999918825262102 0.0039864156710426035 -0.003427918810782572 -0.003988585967692138 0.9999863347829002 -0.034804324403808096 0.4331334652365655 -0.43751246702524327
FixedParameters: 0 0 0
#Transform 48
Transform: MatrixOffsetTransformBase_double_3_3
Parameters: 0.999993707758651 0.0005790082177855958 0.0034578601296115217 -0.0005947932656708979 0.9999890280861036 0.004563145517695072 -0.0034552262102333577 -0.004564854692064496 0.9999840191349589 -0.06676078364463933 0.359748228730453 -0.40257113226310537
FixedParameters: 0 0 0
#Transform 49
Transform: MatrixOffsetTransformBase_double_3_3
Parameters: 0.9999946249512712 0.0005507825970511601 0.003173615041138095 -0.0005673847187170008 0.9999868016594555 0.0051010633120737725 -0.0031706334507999065 -0.005102933064291992 0.9999817620284789 -0.06635724209893112 0.4112600985983619 -0.4598355433395511
FixedParameters: 0 0 0
#Transform 50
Transform: MatrixOffsetTransformBase_double_3_3
Parameters: 0.9999959133790859 0.0007569036653451012 0.002917924070181542 -0.0007700714897582488 0.9999894279740763 0.004592446370817349 -0.0029142774285653935 -0.004595557421606777 0.999985275397253 -0.052770878437087276 0.30743356382841114 -0.3691653504961181
FixedParameters: 0 0 0
#Transform 51
Transform: MatrixOffsetTransformBase_double_3_3
Parameters: 0.9999928426037755 0.0009835092020816308 0.0036320359438181456 -0.000998064143968185 0.9999912484428792 0.004015547644696665 -0.003627613457830834 -0.004019450258303137 0.999985313312389 -0.06602349303582855 0.4116146004126904 -0.4666291249173611
FixedParameters: 0 0 0
#Transform 52
Transform: MatrixOffsetTransformBase_double_3_3
Parameters: 0.9999952042343475 0.0006866558782945367 0.0028851641125994237 -0.000700194396491156 0.9999878107001936 0.0048796710976536095 -0.002881933388292515 -0.004882328385731577 0.9999837448261929 -0.049902384596308025 0.38514492887870233 -0.43472383991789343
FixedParameters: 0 0 0
#Transform 53
Transform: MatrixOffsetTransformBase_double_3_3
Parameters: 0.999993954601174 0.001141808091287441 0.0032774585406232758 -0.0011584664123172024 0.9999863869486479 0.00517201607577078 -0.0032715767992725123 -0.0051759870739125635 0.9999810265649278 -0.05992132920306403 0.3677385444940455 -0.4292562817361585
FixedParameters: 0 0 0
#Transform 54
Transform: MatrixOffsetTransformBase_double_3_3
Parameters: 0.999991164237264 0.0007849099860984132 0.004027571033702727 -0.0008006837173873529 0.9999912808429127 0.004160153091696817 -0.004024035499932254 -0.0041638528357917926 0.9999832385858505 -0.060786418513743 0.4620455166498232 -0.46801198233029595
FixedParameters: 0 0 0
#Transform 55
Transform: MatrixOffsetTransformBase_double_3_3
Parameters: 0.9999917973879708 0.0013181746890424638 0.0038033696322809264 -0.0013371532136657082 0.9999870256731641 0.004891208590420526 -0.003796565859725976 -0.0048957890774444235 0.9999808785611185 -0.07338003732422749 0.3124458983183871 -0.4167667704434308
FixedParameters: 0 0 0
#Transform 56
Transform: MatrixOffsetTransformBase_double_3_3
Parameters: 0.9999896415775189 0.0007499623594478249 0.004449234739582677 -0.0007702417407365996 0.9999884616390545 0.004715296237900707 -0.00444580847193499 -0.0047187029431905725 0.999978679290375 -0.08286810254406873 0.43211728015727147 -0.5294429677404651
FixedParameters: 0 0 0
#Transform 57
Transform: MatrixOffsetTransformBase_double_3_3
Parameters: 0.9999931228988581 0.0010755513134557276 0.0037042343100433524 -0.0010941192009015456 0.9999859329008658 0.005122126749513317 -0.003698490720533171 -0.0051268673635583295 0.9999796684876969 -0.04446305331009626 0.3703640291935102 -0.44988387181076916
FixedParameters: 0 0 0
#Transform 58
Transform: MatrixOffsetTransformBase_double_3_3
Parameters: 0.9999936376460545 0.0010260404959104854 0.0035084241124858306 -0.0010417074991315972 0.999989779876102 0.0044323217551115734 -0.0035039498174160486 -0.004435674906103554 0.9999835367483261 -0.055775538891296605 0.4530425723485223 -0.4526802225497022
FixedParameters: 0 0 0
#Transform 59
Transform: MatrixOffsetTransformBase_double_3_3
Parameters: 0.9999900121205902 0.0007985738712241638 0.0043984718392220444 -0.0008178758609395204 0.9999902985414877 0.004415097214015951 -0.004395722332452521 -0.004417908387517766 0.9999807022251229 -0.08126171689474404 0.4770909169781419 -0.5116247736384736
FixedParameters: 0 0 0
#Transform 60
Transform: MatrixOffsetTransformBase_double_3_3
Parameters: 0.9999905634009201 0.0013132263567699292 0.004087952659412374 -0.0013319787509419988 0.999988270660164 0.004642050264814013 -0.004082025966494758 -0.004647952839895109 0.9999811402448266 -0.07363482428306156 0.3885481774788815 -0.4443909536625057
FixedParameters: 0 0 0
#Transform 61
Transform: MatrixOffsetTransformBase_double_3_3
Parameters: 0.9999864045249564 0.0011409035946583904 0.005029374879091578 -0.0011619376774242248 0.9999903127862378 0.004228363004126018 -0.005024360308397106 -0.004234636302645423 0.9999782801587886 -0.1082792140736899 0.46349999540120734 -0.5343130944014547
FixedParameters: 0 0 0
#Transform 62
Transform: MatrixOffsetTransformBase_double_3_3
Parameters: 0.999992672570833 0.0010964607407381902 0.0037584483594859442 -0.0011152814669493465 0.9999868118251481 0.004951129104969781 -0.0037526982901442533 -0.0049548678271146285 0.9999807958540324 -0.05721910747695347 0.37016837630508803 -0.4385396109992854
FixedParameters: 0 0 0
#Transform 63
Transform: MatrixOffsetTransformBase_double_3_3
Parameters: 0.9999900468342194 0.0010564913309760076 0.004339804859312664 -0.0010743269573288373 0.9999908957149929 0.004172030028864737 -0.004336114473761809 -0.004176976946376559 0.9999822978641664 -0.08400663723601554 0.4620103214253106 -0.4968411269266255
FixedParameters: 0 0 0
#Transform 64
Transform: MatrixOffsetTransformBase_double_3_3
Parameters: 0.9999911972922111 0.0010586424131871605 0.004084287501230405 -0.001080001448771485 0.9999859265579032 0.005228119930625635 -0.004078816618569852 -0.0052328879015877405 0.9999785538154913 -0.0908258779533071 0.4384589315995271 -0.4608676622371206
FixedParameters: 0 0 0
#Transform 65
Transform: MatrixOffsetTransformBase_double_3_3
Parameters: 0.9999888725496505 0.0010880053842217245 0.004684618681286893 -0.0011117964849710778 0.999986788965886 0.005045665754706552 -0.004678583275399833 -0.00505133246655734 0.9999761082687004 -0.0697039837992861 0.4490969673455112 -0.5200244174839952
FixedParameters: 0 0 0
#Transform 66
Transform: MatrixOffsetTransformBase_double_3_3
Parameters: 0.9999905880335466 0.0009088301144362259 0.004311046226576798 -0.0009298277199697334 0.9999882022066127 0.004815548126981206 -0.004306747281479209 -0.004820451748279664 0.9999789590852298 -0.0820684167681236 0.47195441880757016 -0.49746917577887473
FixedParameters: 0 0 0
#Transform 67
Transform: MatrixOffsetTransformBase_double_3_3
Parameters: 0.9999901160388591 0.0007812280984110727 0.004390238885316366 -0.0008017348618525498 0.9999896393672302 0.004580035544381078 -0.004386389862079291 -0.0045839631053711805 0.9999794868011432 -0.08044946205488657 0.4561364990668011 -0.4896944323552219
FixedParameters: 0 0 0
#Transform 68
Transform: MatrixOffsetTransformBase_double_3_3
Parameters: 0.9999902294972611 0.00015933332369267607 0.004443398039586379 -0.0001771292652828361 0.999992483393802 0.003925818049564739 -0.004442999830753734 -0.003926178084786819 0.9999819188958355 -0.075550600159346 0.5269217257789904 -0.5427622621508164
FixedParameters: 0 0 0
#Transform 69
Transform: MatrixOffsetTransformBase_double_3_3
Parameters: 0.9999937215271221 -0.0005050392825689289 0.0036089263298542205 0.0004864983523335727 0.999986540362113 0.00516674285955554 -0.0036111999839690133 -0.005165254296744359 0.9999798055344201 -0.03391473232369435 0.4268258848282187 -0.4631889535589693
FixedParameters: 0 0 0
#Transform 70
Transform: MatrixOffsetTransformBase_double_3_3
Parameters: 0.9999908690824667 0.00017698311571088903 0.004370011439963085 -0.00019806829374135223 0.9999885710597005 0.004705772520447182 -0.004369679620105499 -0.004707218570477345 0.9999789953232331 -0.10731578325342639 0.5126136775634222 -0.5403408511075867
FixedParameters: 0 0 0
#Transform 71
Transform: MatrixOffsetTransformBase_double_3_3
Parameters: 0.9999910607825073 0.00044995231058338127 0.0040909854423689445 -0.00046876535489343756 0.9999896053435613 0.004608493395799884 -0.004088999146833415 -0.004610509434023913 0.9999809600396135 -0.07580156765511958 0.4481795908099002 -0.500551411026791
FixedParameters: 0 0 0
#Transform 72
Transform: MatrixOffsetTransformBase_double_3_3
Parameters: 0.9999911721105393 0.0006542126654411427 0.004049605395420384 -0.0006692663337122959 0.9999931277913147 0.0035618288436989887 -0.004047272741838489 -0.003564167849759353 0.9999856542056266 -0.09004376548492132 0.4890389923791503 -0.569839230411759
FixedParameters: 0 0 0
#Transform 73
Transform: MatrixOffsetTransformBase_double_3_3
Parameters: 0.9999920777671517 0.0003688335532056003 0.003845221918553586 -0.000383904437616113 0.9999926481887692 0.0039037571230096657 -0.0038438505676186797 -0.003905244977204264 0.9999849390996344 -0.08195728770897404 0.506074548582518 -0.5379538829272548
FixedParameters: 0 0 0
#Transform 74
Transform: MatrixOffsetTransformBase_double_3_3
Parameters: 0.9999930224580087 0.0006282681153937498 0.003818689636583766 -0.000644811471594574 0.9999907791308553 0.004359746541592241 -0.003816031254206686 -0.004362258229094557 0.9999832063410548 -0.07095683477898262 0.4837713373588315 -0.5130825992971495
FixedParameters: 0 0 0
#Transform 75
Transform: MatrixOffsetTransformBase_double_3_3
Parameters: 0.9999887703998942 0.0005642598600611053 0.004680577159654608 -0.0005776043230317002 0.9999954178375949 0.002898201129151734 -0.004679649237808253 -0.0029007973152647415 0.9999845382376552 -0.09903889238159991 0.5825390465557518 -0.554102283092206
FixedParameters: 0 0 0
#Transform 76
Transform: MatrixOffsetTransformBase_double_3_3
Parameters: 0.9999904207240725 0.00046658269635032777 0.0042849872054802965 -0.00048565900023176827 0.9999902629631132 0.004315665609919611 -0.004282955184447913 -0.004317332571179 0.9999818930778694 -0.08411228987723973 0.5091551102537863 -0.4872317218840294
FixedParameters: 0 0 0
#Transform 77
Transform: MatrixOffsetTransformBase_double_3_3
Parameters: 0.9999884848432057 0.0001732661487123462 0.004846057685264136 -0.00018964104225450702 0.9999945499403247 0.0033510523162439965 -0.004845593932084554 -0.0033519471262432043 0.9999824696050991 -0.10476758622367299 0.6068738022193969 -0.5637464811056674
FixedParameters: 0 0 0
#Transform 78
Transform: MatrixOffsetTransformBase_double_3_3
Parameters: 0.9999916468559055 -0.00016670489471943683 0.004162558052084532 0.00014985766720826768 0.9999917495892544 0.00411808975967326 -0.004162813444159124 -0.00411691456442026 0.9999829893456289 -0.0802374633678653 0.5711764644809278 -0.4931061818659259
FixedParameters: 0 0 0
#Transform 79
Transform: MatrixOffsetTransformBase_double_3_3
Parameters: 0.9999939479027703 -0.00010369431777951677 0.0036111753294916327 0.00008767731105750036 0.9999898392342697 0.004471407784634895 -0.003611798096086081 -0.0044705880519452235 0.9999831286748997 -0.047773954012555464 0.5749166099990788 -0.5084586603375101
FixedParameters: 0 0 0
#Transform 80
Transform: MatrixOffsetTransformBase_double_3_3
Parameters: 0.9999899805336014 0.00021580858705935225 0.004355697094944538 -0.00023338382013033852 0.9999911510310378 0.0040927564933103955 -0.004354951497223399 -0.004093242490941729 0.9999823239091737 -0.08811030050691215 0.6041338900495674 -0.5641050906105676
FixedParameters: 0 0 0
#Transform 81
Transform: MatrixOffsetTransformBase_double_3_3
Parameters: 0.9999944744013353 -0.00027267015949310365 0.003384052770968713 0.0002579113130226848 0.9999896394046506 0.0044648209528345695 -0.0033850330805654245 -0.0044641740880814185 0.9999839711850371 -0.03334116519759789 0.5733536015604699 -0.4819614276238582
FixedParameters: 0 0 0
#Transform 82
Transform: MatrixOffsetTransformBase_double_3_3
Parameters: 0.9999895197793877 -0.00026759511067786154 0.004626857095785135 0.00024866472194039365 0.9999920700799786 0.004035848163136624 -0.0046280626218280965 -0.004035150403456478 0.9999808788773691 -0.060990106777069286 0.6390849438109285 -0.5969259072085009
FixedParameters: 0 0 0
#Transform 83
Transform: MatrixOffsetTransformBase_double_3_3
Parameters: 0.9999878357016929 -0.00016100234941345318 0.004913222137302821 0.00014079119762828258 0.9999921721233412 0.0039316980037420735 -0.004913530647480939 -0.003930293427749448 0.9999797577843538 -0.056131742847910004 0.609795523349149 -0.5311959497035161
FixedParameters: 0 0 0
#Transform 84
Transform: MatrixOffsetTransformBase_double_3_3
Parameters: 0.9999881260672817 -0.000015680310040943344 0.004885988885739358 -7.728963862972324e-7 0.9999940380047797 0.003551001087067407 -0.004886149374402637 -0.003551006516086891 0.9999818686036055 -0.07707045954134628 0.6003623715373294 -0.5385045370665438
FixedParameters: 0 0 0
#Transform 85
Transform: MatrixOffsetTransformBase_double_3_3
Parameters: 0.9999866884012969 -0.00023709645242014563 0.005124015143331991 0.00021707591587976467 0.9999933910715272 0.0037513221314112166 -0.0051248406828011675 -0.0037496796032845114 0.9999801645391776 -0.08606736688136607 0.6117600335118709 -0.5622979557401777
FixedParameters: 0 0 0
#Transform 86
Transform: MatrixOffsetTransformBase_double_3_3
Parameters: 0.9999933291040289 -0.0006978957911251341 0.003490284883160125 0.0006803863767453956 0.9999872844492133 0.005052223246834492 -0.003494228458688206 -0.005050778376781029 0.9999810088553116 -0.035873471290940984 0.5518097854548358 -0.49017827564365746
FixedParameters: 0 0 0
#Transform 87
Transform: MatrixOffsetTransformBase_double_3_3
Parameters: 0.9999884988315824 -0.0003659931754553473 0.0047293734165635 0.000346170832927769 0.9999911040073126 0.004269509574693547 -0.004730890479196126 -0.004267496686304634 0.9999799542421975 -0.06130549876581881 0.6423862179713495 -0.6054317658901596
FixedParameters: 0 0 0
#Transform 88
Transform: MatrixOffsetTransformBase_double_3_3
Parameters: 0.9999935192440856 -0.000810399382461691 0.0035809676028277105 0.0007943463406191811 0.9999898997879128 0.004446860191264057 -0.0035847422604244326 -0.0044441436117611255 0.9999840941703887 -0.03823356044070181 0.6204665025040441 -0.5217788455247643
FixedParameters: 0 0 0
#Transform 89
Transform: MatrixOffsetTransformBase_double_3_3
Parameters: 0.9999894283636424 -0.000455667657441208 0.0046224078020606725 0.00043761720152976977 0.9999931637589675 0.0037507182665652283 -0.004623553519284123 -0.003748279822245959 0.9999821468610072 -0.06106086389929999 0.6190396669331761 -0.5343290555560998
FixedParameters: 0 0 0
#Transform 90
Transform: MatrixOffsetTransformBase_double_3_3
Parameters: 0.9999899636217716 -0.0001933135726322068 0.00458224584221204 0.00017600307838084098 0.9999929883218707 0.0036646673402770114 -0.004583366345944227 -0.003664330599424531 0.9999831179556283 -0.08087122623295784 0.6970408003707718 -0.6153318767297833
FixedParameters: 0 0 0
#Transform 91
Transform: MatrixOffsetTransformBase_double_3_3
Parameters: 0.9999901597668378 -0.0006937101392013189 0.004284818604057074 0.0006761996157621927 0.9999908146554394 0.004117450322734639 -0.0042874383222405625 -0.004114547399171109 0.9999824619057426 -0.056473865323368955 0.6475312906956816 -0.5170631814211504
FixedParameters: 0 0 0
#Transform 92
Transform: MatrixOffsetTransformBase_double_3_3
Parameters: 0.9999869491838556 -0.00031239862229339495 0.004995558166819254 0.00029273423525742 0.9999918282775606 0.003927698309755673 -0.004996241489687126 -0.003926302033808782 0.9999802779349967 -0.0622054818092721 0.6940238582744627 -0.6216519090914545
FixedParameters: 0 0 0
#Transform 93
Transform: MatrixOffsetTransformBase_double_3_3
Parameters: 0.9999896847750143 -0.0002602144956513901 0.004609427995269008 0.00024178006036086648 0.9999925506843247 0.003997783951493139 -0.0046105566343052524 -0.003996218907206167 0.9999811817637096 -0.06851616126591864 0.6526811874417433 -0.5476496815325191
FixedParameters: 0 0 0
#Transform 94
Transform: MatrixOffsetTransformBase_double_3_3
Parameters: 0.9999930603439506 -0.0010762441543128453 0.003574877992310266 0.0010622163526690727 0.9999918029356163 0.0038956686549504183 -0.0035795054989516207 -0.0038923294608912695 0.999985930723149 -0.04262019030986153 0.6277109225532342 -0.5461046637600759
FixedParameters: 0 0 0
#Transform 95
Transform: MatrixOffsetTransformBase_double_3_3
Parameters: 0.9999899886026141 -0.0006512459527750167 0.004537560738345664 0.0006334909424288414 0.9999924932467358 0.003915431950758552 -0.004539570357610477 -0.003912569782740571 0.9999818562787274 -0.07803247828363169 0.7151032885588364 -0.6365696444540134
FixedParameters: 0 0 0
#Transform 96
Transform: MatrixOffsetTransformBase_double_3_3
Parameters: 0.9999895117475731 -0.0005808079630586833 0.0045990675380435 0.0005639553049734302 0.9999936626435125 0.0036391484733375723 -0.004601028535564114 -0.0036368512061383806 0.9999823787878092 -0.05216203263097441 0.6714786863844466 -0.5637959458751851
FixedParameters: 0 0 0
#Transform 97
Transform: MatrixOffsetTransformBase_double_3_3
Parameters: 0.9999883948383875 -0.0006849721566846716 0.004704455941835603 0.0006697886089547552 0.9999942228904922 0.0032580392105753253 -0.0047074786086017915 -0.003253961514848941 0.999983968697993 -0.036759308570836424 0.705336527736236 -0.6453284076795285
FixedParameters: 0 0 0
#Transform 98
Transform: MatrixOffsetTransformBase_double_3_3
Parameters: 0.999989300690224 -0.0005966414324054925 0.00451021503991008 0.0005797405659559201 0.9999922853156914 0.003825337806892981 -0.0045126800951327825 -0.003822663858288111 0.9999827691579004 -0.06932613591105508 0.7113330576195125 -0.6045859881121203
FixedParameters: 0 0 0
#Transform 99
Transform: MatrixOffsetTransformBase_double_3_3
Parameters: 0.9999888123693437 -0.0005684741096843773 0.0046758951391186986 0.0005507187071674234 0.9999926527208158 0.0037812989637656946 -0.004678092253614492 -0.003778697743468451 0.9999815826004856 -0.041359127252817984 0.6502428034635699 -0.5812245666721765
FixedParameters: 0 0 0
#Transform 100
Transform: MatrixOffsetTransformBase_double_3_3
Parameters: 0.9999895828387445 -0.0009275907759797415 0.004533759234179148 0.0009080829633200166 0.9999903316970538 0.004347709959003215 -0.004538072371670547 -0.004343294209453896 0.9999804840025962 -0.045256683602417525 0.7195969760500844 -0.6471189551699581
FixedParameters: 0 0 0
#Transform 101
Transform: MatrixOffsetTransformBase_double_3_3
Parameters: 0.9999922864497987 -0.0006988809800820918 0.003901904325645082 0.0006845853277287484 0.9999931110455099 0.0037088530069276926 -0.0039044894636958752 -0.0037061506120625587 0.9999856840759628 -0.04541626230420093 0.6336078290115381 -0.5614697767177574
FixedParameters: 0 0 0
#Transform 102
Transform: MatrixOffsetTransformBase_double_3_3
Parameters: 0.9999907402011646 -0.0007485863702885148 0.004207209244146656 0.000735512782570392 0.9999947233117047 0.003178441710496832 -0.004209209211427874 -0.0031745583928058096 0.9999858364419465 -0.07097484975433588 0.7148360742853725 -0.6540680530951164
FixedParameters: 0 0 0
#Transform 103
Transform: MatrixOffsetTransformBase_double_3_3
Parameters: 0.999989662929363 -0.0008009598842119688 0.004438050609659544 0.0007828345824032284 0.9999921375552576 0.003934031350885908 -0.004441089059826271 -0.003929968654947269 0.9999826038495414 -0.042957037504407936 0.7098502926674541 -0.6201406995531897
FixedParameters: 0 0 0
#Transform 104
Transform: MatrixOffsetTransformBase_double_3_3
Parameters: 0.9999915238463198 -0.0008499102001467148 0.0040929611067192714 0.000843177392142653 0.9999979644007675 0.0015878124708730845 -0.004094696804352528 -0.0015841854099180042 0.9999905286319178 -0.0841840438818906 0.5512720830375741 -0.5796808280517212
FixedParameters: 0 0 0
#Transform 105
Transform: MatrixOffsetTransformBase_double_3_3
Parameters: 0.9999950959080338 -0.0009862431925825306 0.002988372382232645 0.0009743458442119909 0.9999913111801008 0.004138383257789396 -0.0029926134646136963 -0.004135617425203547 0.9999865549562008 -0.12310864208839689 0.4184547067865054 -0.5936718053711161
FixedParameters: 0 0 0
#Transform 106
Transform: MatrixOffsetTransformBase_double_3_3
Parameters: 0.9999954026351415 -0.0011116415989108747 0.0027131764792529597 0.0010991145848661186 0.9999871705725393 0.004917423326635695 -0.0027183730093542817 -0.004913574636746493 0.9999839073967308 -0.08690970839336387 0.4246976095540873 -0.5752238134272147
FixedParameters: 0 0 0
#Transform 107
Transform: MatrixOffsetTransformBase_double_3_3
Parameters: 0.9999951581251861 -0.0013684707185533272 0.0026402218401926237 0.0013565740769950383 0.999988424167341 0.004592883282564769 -0.002645736248461486 -0.004589113778316417 0.9999855790940279 -0.07594753990645131 0.5728105508962642 -0.5887574411408139
FixedParameters: 0 0 0
#Transform 108
Transform: MatrixOffsetTransformBase_double_3_3
Parameters: 0.9999933874232804 -0.0013129099071038529 0.0032996699855499887 0.0013011170320037903 0.9999924285989596 0.0037589671800994373 -0.003304634315974173 -0.0037540391437311804 0.9999877360277766 -0.08236131018070125 0.6409842736397167 -0.618887601883614
FixedParameters: 0 0 0
#Transform 109
Transform: MatrixOffsetTransformBase_double_3_3
Parameters: 0.9999937381944551 -0.0010539563903661654 0.0033394523440114154 0.0010401000856690252 0.9999908044597199 0.00417031674123855 -0.0033434963575199655 -0.004166687944020114 0.9999861806733962 -0.061899289748609476 0.6561576644077292 -0.5953290433445062
FixedParameters: 0 0 0
#Transform 110
Transform: MatrixOffsetTransformBase_double_3_3
Parameters: 0.9999902748714223 -0.0004877460649011251 0.004414414276219963 0.00047325420566045415 0.9999944005115622 0.003281606117128494 -0.004416008167653728 -0.0032793897444022 0.9999843508491582 -0.10477906454943309 0.6781457012370424 -0.6808324385975908
FixedParameters: 0 0 0
#Transform 111
Transform: MatrixOffsetTransformBase_double_3_3
Parameters: 0.999992464076184 -0.0011288799975963323 0.0037767037523767514 0.0011145650004403132 0.9999928111557322 0.003749083949782628 -0.003780424871037538 -0.003744917437406098 0.9999855726898613 -0.08123751718287053 0.6468865251705012 -0.6265821636863365
FixedParameters: 0 0 0
#Transform 112
Transform: MatrixOffsetTransformBase_double_3_3
Parameters: 0.9999952710359162 -0.0007547320830238154 0.0028567068655035175 0.0007421638323345222 0.9999900887691076 0.004446762471613769 -0.0028594921771182605 -0.004445246053719265 0.9999866481157674 -0.07373751337445356 0.673325618580705 -0.5806750808109342
FixedParameters: 0 0 0
#Transform 113
Transform: MatrixOffsetTransformBase_double_3_3
Parameters: 0.9999956712553851 -0.0010033091925298562 0.0027057731842528047 0.0009908525715088155 0.9999894048524522 0.004491120650069874 -0.0027106859054039996 -0.0044878752336327266 0.9999859549140617 -0.10345616805113877 0.7002710346548042 -0.6212002530210015
FixedParameters: 0 0 0
#Transform 114
Transform: MatrixOffsetTransformBase_double_3_3
Parameters: 0.9999942059793347 -0.001251787402231303 0.0030375336867735554 0.0012385751306675955 0.9999893871570864 0.004505268280557806 -0.003043078588439544 -0.004501736150663127 0.9999852554626255 -0.0432588246149237 0.6429590541871306 -0.589347982866741
FixedParameters: 0 0 0
#Transform 115
