#Insight Transform File V1.0
#Transform 0
Transform: MatrixOffsetTransformBase_double_3_3
Parameters: 0.9999970554987466 -0.0006281076908146834 -0.0023557049192551222 0.0006268906920165492 0.9999993848733603 -0.0004714780797951097 0.0023562953971571787 0.0004695212971196847 0.9999972278847182 -0.19086774593550615 -0.23113294959007646 -0.2497571470697295
FixedParameters: 0 0 0
#Transform 1
Transform: MatrixOffsetTransformBase_double_3_3
Parameters: 0.9999971613168289 -0.0005091355129425612 -0.002139966129612958 0.0005088637331715947 0.9999997368866587 -0.00006408907999100667 0.002140030772558482 0.00006291055898416704 0.9999974163656139 -0.2013370010930231 -0.2503391963362418 -0.22283249016174977
FixedParameters: 0 0 0
#Transform 2
Transform: MatrixOffsetTransformBase_double_3_3
Parameters: 0.9999997535246685 -0.00029051945741897275 -0.0010778607817818985 0.00029048026439854535 0.9999996832856318 -0.0004823134673821637 0.001078140823927857 0.00048168714905572594 0.9999996055905915 -0.1962393212065905 -0.1524978486992694 -0.31070740978441336
FixedParameters: 0 0 0
#Transform 3
Transform: MatrixOffsetTransformBase_double_3_3
Parameters: 0.9999975521162388 -3.775108188227669e-7 -0.002108998987836687 -3.775108188227669e-7 0.9999999679590795 -0.0001789995560934705 0.002108998987836687 0.0001789995560934705 0.9999975200752542 -0.17885472979133965 -0.16542555583806973 -0.23680209338941438
FixedParameters: 0 0 0
#Transform 4
Transform: MatrixOffsetTransformBase_double_3_3
Parameters: 0.9999978661909051 -0.0004925453619238194 -0.001972113514334098 0.000493454684753831 0.9999997038205619 0.0002300272989988132 0.0019728862411896447 -0.00023097218582217657 0.9999980561098698 -0.2047445753670729 -0.2411216918296759 -0.31797182717312467
FixedParameters: 0 0 0
#Transform 5
Transform: MatrixOffsetTransformBase_double_3_3
Parameters: 0.9999996180925382 -0.0003411956096198668 -0.00112494166845531 0.00034080523439032975 0.9999998536166769 -0.00017338355394792818 0.001125059995524885 0.0001736163030847825 0.9999997042715891 -0.20956912765986146 -0.14622890653150478 -0.321207474191624
FixedParameters: 0 0 0
#Transform 6
Transform: MatrixOffsetTransformBase_double_3_3
Parameters: 0.9999994656853137 -0.00020861277868140007 -0.0012208960534957024 0.00020838811463328078 0.999999705025365 -0.0005012547953604704 0.0012211051795404935 0.0005017456374656007 0.9999992576552691 -0.19926605217415272 -0.18841805592150251 -0.2224481861747165
FixedParameters: 0 0 0
#Transform 7
Transform: MatrixOffsetTransformBase_double_3_3
Parameters: 0.9999973320034405 -0.0004695506004931173 -0.002334091398436121 0.0004694491934632075 0.9999997425131515 0.0001919048316019899 0.0023339106403828065 -0.00019309646095345888 0.9999975153774946 -0.2059039957343316 -0.24432862984374992 -0.25073674334312557
FixedParameters: 0 0 0
#Transform 8
Transform: MatrixOffsetTransformBase_double_3_3
Parameters: 0.9999985606973383 -0.00016727595892011284 -0.0018468854476912653 0.0001667234008741309 0.9999994946294161 -0.0006913089715282841 0.0018471162417104713 0.000690692073476948 0.999998111104301 -0.2090203005224538 -0.15883460896762358 -0.25124406031274304
FixedParameters: 0 0 0
#Transform 9
Transform: MatrixOffsetTransformBase_double_3_3
Parameters: 0.9999981338038236 -0.00024106722412615888 -0.0019518683971502606 0.0002399322813138846 0.9999996429505741 -0.0005474692474455835 0.0019511315042721467 0.000546530575600845 0.9999978924348636 -0.20541449498847442 -0.19977063545179874 -0.24078180060368481
FixedParameters: 0 0 0
#Transform 10
Transform: MatrixOffsetTransformBase_double_3_3
Parameters: 0.9999976088681634 -0.0004392018669768363 -0.0022799627383433335 0.00043879830673428143 0.9999997994464801 -0.00008900070949277288 0.002280040441390036 0.0000879988658906272 0.9999977937572746 -0.19475638803343998 -0.22176101509369062 -0.2940032804084751
FixedParameters: 0 0 0
#Transform 11
Transform: MatrixOffsetTransformBase_double_3_3
Parameters: 0.9999972417864152 -0.0003633174285443718 -0.002150778169150818 0.0003616824507624287 0.9999994934371149 -0.0006127795072736262 0.002151222232091593 0.0006122200303482437 0.9999979980363144 -0.20574033070809605 -0.14859995733893072 -0.25700274753661745
FixedParameters: 0 0 0
#Transform 12
Transform: MatrixOffsetTransformBase_double_3_3
Parameters: 0.999998570369789 -0.00036301219303623745 -0.001815998857716094 0.00036298858502277313 0.9999998681885293 -0.000006659199797932127 0.0018160035767187852 0.000006340781616329129 0.9999987020968643 -0.2182992273476998 -0.21812547089066925 -0.2686615556111036
FixedParameters: 0 0 0
#Transform 13
Transform: MatrixOffsetTransformBase_double_3_3
Parameters: 0.9999984324935143 -0.0004262238059953956 -0.0018399487963813275 0.0004267748442255148 0.9999998032140867 -0.00012278548727646807 0.0018400528624247863 0.0001212159666210203 0.999998599511584 -0.2254576938964732 -0.14534272131733417 -0.29837974102549936
FixedParameters: 0 0 0
#Transform 14
Transform: MatrixOffsetTransformBase_double_3_3
Parameters: 0.9999984449449758 -0.0003273066594150105 -0.0018567704019153955 0.00032569200149682695 0.9999993977819276 -0.0007046057952968471 0.0018572301138921013 0.000703393174358292 0.9999980559309954 -0.2210154451383488 -0.16336793032408536 -0.23310493092959916
FixedParameters: 0 0 0
#Transform 15
Transform: MatrixOffsetTransformBase_double_3_3
Parameters: 0.9999995190654353 -0.00042898954263514164 -0.0011390048811158384 0.0004280111841273974 0.9999998162975893 0.000009512502936757727 0.0011389967391116128 -0.000009488626924366658 0.9999997025875305 -0.2151307011968271 -0.20721306104776716 -0.29998323893100576
FixedParameters: 0 0 0
#Transform 16
Transform: MatrixOffsetTransformBase_double_3_3
Parameters: 0.9999986362211524 -0.00045928058929262756 -0.0014675989728977616 0.00045771980204856996 0.9999990285217111 -0.0008726719582122976 0.0014673990561226752 0.0008723262596012209 0.9999980851877723 -0.23515041925276137 -0.13571794674859916 -0.2953811486135862
FixedParameters: 0 0 0
#Transform 17
Transform: MatrixOffsetTransformBase_double_3_3
Parameters: 0.9999970492291038 -0.000546605053935813 -0.0021565934308073412 0.0005453932755478246 0.9999991476030439 -0.0007451780146460654 0.0021574064253967362 0.0007438225693306362 0.9999977930637282 -0.2518435652921198 -0.18860032520628067 -0.26400015971660196
FixedParameters: 0 0 0
#Transform 18
Transform: MatrixOffsetTransformBase_double_3_3
Parameters: 0.9999990309238738 -0.00022579331284784625 -0.0013848706631319667 0.0002252061020224859 0.9999996208206983 -0.000573312266493828 0.0013851290860551102 0.0005726876316795977 0.9999987534449565 -0.23223098566468536 -0.19812984604159567 -0.31483076086527717
FixedParameters: 0 0 0
#Transform 19
Transform: MatrixOffsetTransformBase_double_3_3
Parameters: 0.9999988226129355 -0.0004811248867103662 -0.001394611965498322 0.00048087474991743685 0.9999991181966907 -0.0008066709162135837 0.0013953878188560473 0.0008063289254966939 0.9999984035312824 -0.23181540947264523 -0.1346007360526471 -0.2929231214326222
FixedParameters: 0 0 0
#Transform 20
Transform: MatrixOffsetTransformBase_double_3_3
Parameters: 0.9999980927449512 -0.0005957772691262253 -0.001884755309877242 0.000594224029245822 0.9999994762308448 -0.00041212072126744814 0.001885245589839491 0.0004118775672861705 0.9999982770269371 -0.23650469645720307 -0.21866852764500777 -0.250219933387541
FixedParameters: 0 0 0
#Transform 21
Transform: MatrixOffsetTransformBase_double_3_3
Parameters: 0.9999986946139929 -0.0005594680596785189 -0.0017298501450063847 0.0005585321290968897 0.9999996143485648 -0.0002709666983908468 0.0017301525641943217 0.00027003255581032877 0.9999989339251417 -0.24010909287653703 -0.22271891657614162 -0.3096480534365469
FixedParameters: 0 0 0
#Transform 22
Transform: MatrixOffsetTransformBase_double_3_3
Parameters: 0.9999979828668222 -0.0005380939589995847 -0.0019304166718976219 0.0005359056164225378 0.9999995354895223 -0.0010850365002889545 0.0019315814256725032 0.001083962604496512 0.9999970950949939 -0.24735386143002813 -0.14072161111495518 -0.24886487805211743
FixedParameters: 0 0 0
#Transform 23
Transform: MatrixOffsetTransformBase_double_3_3
Parameters: 0.9999974602878506 -0.0005699780223124574 -0.002053005161739527 0.000570021135289184 0.9999996749896553 0.000009829762693662899 0.002052993191745988 -0.000011170183970071968 0.9999977850776753 -0.2480893629192309 -0.23441554445955148 -0.2825428961097316
FixedParameters: 0 0 0
#Transform 24
Transform: MatrixOffsetTransformBase_double_3_3
Parameters: 0.9999970991520989 -0.0005038631078268478 -0.002155565378606006 0.0005011375385912309 0.9999990009978676 -0.0008640821826409105 0.0021564336990439036 0.0008639153987488772 0.9999976051627713 -0.24580101335997995 -0.15220398025439863 -0.2734286700287498
FixedParameters: 0 0 0
#Transform 25
Transform: MatrixOffsetTransformBase_double_3_3
Parameters: 0.9999975980620558 -0.0005194340682149508 -0.0020323794514188606 0.0005175650239083278 0.9999992971483346 -0.0011980549625450498 0.0020336212606225836 0.001196946739363242 0.9999974328950286 -0.23903124848257562 -0.1513193323452242 -0.22174824083836597
FixedParameters: 0 0 0
#Transform 26
Transform: MatrixOffsetTransformBase_double_3_3
Parameters: 0.999997815414329 -0.0006646693104626927 -0.0021777955440851846 0.0006633298408365953 0.9999994645478687 -0.0003084451848999075 0.002178203903971194 0.00030655279842815267 0.9999971617545114 -0.2629772054958437 -0.23643508008072445 -0.2738640581128635
FixedParameters: 0 0 0
#Transform 27
Transform: MatrixOffsetTransformBase_double_3_3
Parameters: 0.9999974778327962 -0.00036239905529714063 -0.0020957571848820274 0.0003616015590688982 0.9999994233989136 -0.0006677588677926193 0.0020952404563820788 0.0006672417232930733 0.9999971633201007 -0.2569448334087525 -0.14976389034976023 -0.3117949186942468
FixedParameters: 0 0 0
#Transform 28
Transform: MatrixOffsetTransformBase_double_3_3
Parameters: 0.999997996894703 -0.0004723871745179387 -0.002186486804261729 0.00047061403408963634 0.9999995863119832 -0.0010920320576551007 0.0021865160912853203 0.001090970182799738 0.9999970278319223 -0.2492319329889341 -0.17738770373368595 -0.22145807761705782
FixedParameters: 0 0 0
#Transform 29
Transform: MatrixOffsetTransformBase_double_3_3
Parameters: 0.9999973843907151 -0.0008820623390904616 -0.0019589714500317986 0.0008819369631677727 0.9999992210515826 -0.00003272775581895636 0.001959027897996991 0.00003127207671657744 0.9999981612912359 -0.2500970411684733 -0.222675906595029 -0.23676429733757232
FixedParameters: 0 0 0
#Transform 30
Transform: MatrixOffsetTransformBase_double_3_3
Parameters: 0.9999979399446897 -0.0005189997687345052 -0.0021885282093346992 0.0005170004575243428 0.9999998971918533 -0.0009141343625407702 0.002189474597380895 0.0009128665541392565 0.9999973737850638 -0.2784368756841644 -0.15078722722583393 -0.24693043811632265
FixedParameters: 0 0 0
#Transform 31
Transform: MatrixOffsetTransformBase_double_3_3
Parameters: 0.999994117503361 -0.00025976677168452583 -0.003437643802737619 0.00025423455460510446 0.9999990115633158 -0.0013868823966022646 0.0034373564666815557 0.0013861155134526338 0.9999932611651938 -0.26665371391564463 -0.18243495913226582 -0.21786513968288546
FixedParameters: 0 0 0
#Transform 32
Transform: MatrixOffsetTransformBase_double_3_3
Parameters: 0.9999962588833742 -0.0005670873925293963 -0.0027237750035160988 0.0005659136364123919 0.9999995198756992 -0.0003995429558279391 0.0027242270715611624 0.0003984566557196526 0.9999964206053905 -0.26349726589393185 -0.22755711940584433 -0.2998887386193161
FixedParameters: 0 0 0
#Transform 33
Transform: MatrixOffsetTransformBase_double_3_3
Parameters: 0.9999982560171342 -0.00026666068966786914 -0.0016347294907862935 0.0002653383653719865 0.9999998969865015 -0.0010164357564371816 0.0016352700029072383 0.001015565936242551 0.9999982945151429 -0.25882136771195974 -0.16351165228607556 -0.33716616233262187
FixedParameters: 0 0 0
#Transform 34
Transform: MatrixOffsetTransformBase_double_3_3
Parameters: 0.9999975939013593 -0.000522822023137831 -0.0020327879538800235 0.0005221773245051287 0.9999995633732374 -0.0004050622202279472 0.0020332106566392015 0.00040393773386858964 0.999997703287297 -0.2782918575183544 -0.1620667042252535 -0.32408994124384094
FixedParameters: 0 0 0
#Transform 35
Transform: MatrixOffsetTransformBase_double_3_3
Parameters: 0.999997428202641 -0.00045023615403382277 -0.0020905195914818343 0.00044776456733097665 0.999999654566274 -0.0010699391162589849 0.002090480004470577 0.0010690618440095147 0.9999974859716574 -0.26611522011211264 -0.2228937607529673 -0.32938139554099166
FixedParameters: 0 0 0
#Transform 36
Transform: MatrixOffsetTransformBase_double_3_3
Parameters: 0.9999973873701171 -0.000593366825259591 -0.002064320799499943 0.0005906329200602748 0.9999993350712592 -0.0011472223366385975 0.0020646782575260035 0.0011457779655332952 0.9999974233701197 -0.2775329404373821 -0.15486690469600717 -0.36807740535839173
FixedParameters: 0 0 0
#Transform 37
Transform: MatrixOffsetTransformBase_double_3_3
Parameters: 0.9999944116807404 -0.000546900841368235 -0.003207336832170546 0.0005430989616228873 0.9999992243134183 -0.0012167486195014063 0.0032086622760817665 0.0012152518896016585 0.9999942300457527 -0.28599199767474204 -0.1663817299030086 -0.30655381456867303
FixedParameters: 0 0 0
#Transform 38
Transform: MatrixOffsetTransformBase_double_3_3
Parameters: 0.9999959366262333 -0.0007908140829786742 -0.0027274747244641646 0.000789186498173996 0.9999999336722095 -0.0006661555213474512 0.0027275254274892317 0.0006638460612056536 0.9999961185013233 -0.2824485260904197 -0.23776264014129822 -0.2890443245403702
FixedParameters: 0 0 0
#Transform 39
Transform: MatrixOffsetTransformBase_double_3_3
Parameters: 0.999992744787632 -0.0008991894229796594 -0.0036669730815609854 0.0008948091584349177 0.9999988900781874 -0.0011442889035946765 0.003668022732972627 0.0011407093876010935 0.9999922440889126 -0.29419952995320386 -0.16309514096191435 -0.31557291038340907
FixedParameters: 0 0 0
#Transform 40
Transform: MatrixOffsetTransformBase_double_3_3
Parameters: 0.9999929771250703 -0.0005561000299027488 -0.003703384864332239 0.000551900452945637 0.9999994676294586 -0.0011080514068357399 0.003703611425275977 0.001105947913358104 0.9999920585892985 -0.2863533156709508 -0.1609628478239955 -0.25592840605226286
FixedParameters: 0 0 0
#Transform 41
Transform: MatrixOffsetTransformBase_double_3_3
Parameters: 0.999992831789752 -0.000905290015213964 -0.0037879792604782465 0.0009007090266979399 0.9999989020270859 -0.001134420620059753 0.00378902456305236 0.0011305785609495725 0.9999923646404952 -0.2843904971471005 -0.2407662465426199 -0.2627122992250861
FixedParameters: 0 0 0
#Transform 42
Transform: MatrixOffsetTransformBase_double_3_3
Parameters: 0.9999958386726973 -0.0005104515005096351 -0.002810554941471774 0.0005085491062630988 0.9999989800238019 -0.0008724321328669685 0.0028114435116527664 0.0008715677166637131 0.9999953378781589 -0.26251592367464127 -0.20131855173484325 -0.35641263084299624
FixedParameters: 0 0 0
#Transform 43
Transform: MatrixOffsetTransformBase_double_3_3
Parameters: 0.9999933710885418 -0.0005107219998361429 -0.0035166029976305144 0.0005082776688377682 0.9999991413314562 -0.0007747915975601033 0.0035173917056619854 0.0007732077645050417 0.9999930316019586 -0.27815705794247947 -0.14966265799667156 -0.27722029426819006
FixedParameters: 0 0 0
#Transform 44
Transform: MatrixOffsetTransformBase_double_3_3
Parameters: 0.9999922503800667 -0.0005040998083006029 -0.003807591117032082 0.0005009011714205029 1.0000000848936716 -0.0008149140199914843 0.003807409190925149 0.0008130874659178694 0.9999928402884135 -0.27403017145867636 -0.20498824438624297 -0.28690676036033835
FixedParameters: 0 0 0
#Transform 45
Transform: MatrixOffsetTransformBase_double_3_3
Parameters: 0.9999952501908387 -0.0006162129210233482 -0.003061155914040504 0.0006117845854493648 0.9999987282460748 -0.0013778798017460557 0.0030618462592858766 0.001375120271765223 0.9999947324296545 -0.28638423989369244 -0.1555226000981662 -0.32659766245106425
FixedParameters: 0 0 0
#Transform 46
Transform: MatrixOffsetTransformBase_double_3_3
Parameters: 0.99999049172054 -0.0009411679847444973 -0.004197845357734873 0.000935831225870694 0.9999986038453481 -0.0012329401688450524 0.004199155955703884 0.0012290595459368162 0.9999908571385312 -0.2750841519128784 -0.18678021412415546 -0.22858489771344637
FixedParameters: 0 0 0
#Transform 47
Transform: MatrixOffsetTransformBase_double_3_3
Parameters: 0.9999928374461948 -0.0006670031198741223 -0.003703459121587459 0.0006639952103335393 0.9999998993854642 -0.0008124650440166094 0.0037045385657814567 0.0008095350054900215 0.9999926226141563 -0.269361790825414 -0.19260769823516455 -0.3060426634537521
FixedParameters: 0 0 0
#Transform 48
Transform: MatrixOffsetTransformBase_double_3_3
Parameters: 0.999992261503274 -0.0005015681414675251 -0.003806399610538229 0.0004964325093842617 0.9999993109930156 -0.0012008986996334488 0.0038065972155029554 0.001199099796954562 0.999992070500308 -0.27486880994253227 -0.11626194939032075 -0.2981455845473562
FixedParameters: 0 0 0
#Transform 49
Transform: MatrixOffsetTransformBase_double_3_3
Parameters: 0.9999908680063935 -0.0006197831008040411 -0.004212591003166534 0.0006172177022618462 0.9999991811936694 -0.0006616057530380346 0.004213408045702244 0.0006593942462947384 0.9999908142884241 -0.27711289208525614 -0.19555072731758116 -0.3027353410937508
FixedParameters: 0 0 0
#Transform 50
Transform: MatrixOffsetTransformBase_double_3_3
Parameters: 0.9999966513102114 -0.0003793290494024468 -0.0026843929523050424 0.0003746715161642168 0.9999982577092935 -0.0016130112495045298 0.002684608780316082 0.0016119871304521468 0.9999951932781369 -0.29077470630518576 -0.17714460695316347 -0.4136360783138713
FixedParameters: 0 0 0
#Transform 51
Transform: MatrixOffsetTransformBase_double_3_3
Parameters: 0.99999587473991 -0.0005739882517881064 -0.0027921827838389346 0.000570010059448 0.9999986321984526 -0.0014295972328615928 0.002792816990733734 0.0014274026072256328 0.9999951613070285 -0.3008977741093588 -0.16366042128274216 -0.3431093213758203
FixedParameters: 0 0 0
#Transform 52
Transform: MatrixOffsetTransformBase_double_3_3
Parameters: 0.999992750500908 -0.0007386159919851196 -0.003701677776142281 0.0007373841325271774 0.9999992648210416 -0.00043773254038355136 0.0037023220528587786 0.00043526836846786656 0.9999931046137523 -0.2956436448776998 -0.24656313502049443 -0.3156225413548981
FixedParameters: 0 0 0
#Transform 53
Transform: MatrixOffsetTransformBase_double_3_3
Parameters: 0.999994004981207 -0.0006814463462716894 -0.0032452769972575873 0.0006775528857500732 0.9999994104315427 -0.0010632050903655538 0.0032457202592031244 0.0010607944446617463 0.9999943388551659 -0.28238149409951063 -0.2001953423963272 -0.34359103845216055
FixedParameters: 0 0 0
#Transform 54
Transform: MatrixOffsetTransformBase_double_3_3
Parameters: 0.9999911358779068 -0.0005610490736990922 -0.004068166826465124 0.0005549493062582246 0.9999984774570122 -0.0014882692206512709 0.00406882632475596 0.001485728758383052 0.9999902360648744 -0.2900310587326942 -0.1366509729592451 -0.2748910427791458
FixedParameters: 0 0 0
#Transform 55
Transform: MatrixOffsetTransformBase_double_3_3
Parameters: 0.9999905430037783 -0.0010706111002298764 -0.004279101931140189 0.0010673915385527603 0.9999991457349316 -0.0008455761731098143 0.004279905345808241 0.000841426546659335 0.9999909742751368 -0.2994635506387766 -0.22376249822373495 -0.27799714434692646
FixedParameters: 0 0 0
#Transform 56
Transform: MatrixOffsetTransformBase_double_3_3
Parameters: 0.9999925868882715 -0.0006912031966488823 -0.003733040028911302 0.0006857978925675617 0.9999985841161427 -0.0013945699549801581 0.003733958886585142 0.0013924289027401509 0.9999921190734377 -0.2884259604290662 -0.14812168752995092 -0.3410286783602885
FixedParameters: 0 0 0
#Transform 57
Transform: MatrixOffsetTransformBase_double_3_3
Parameters: 0.9999900937874442 -0.0008436675134088203 -0.004265098848126844 0.0008333316258326017 0.9999971621291542 -0.002267576612027177 0.004267898951012037 0.002264421651156534 0.9999886620885027 -0.2850174287410141 -0.15230061599551448 -0.2422256281061408
FixedParameters: 0 0 0
#Transform 58
Transform: MatrixOffsetTransformBase_double_3_3
Parameters: 0.9999894471872885 -0.0010295413440129515 -0.004415245558394511 0.0010214562108137699 0.9999980310662533 -0.0017105272288817103 0.004416748683687892 0.0017054699682591268 0.9999885815636955 -0.2817929180773575 -0.23061709511517847 -0.26467856595526484
FixedParameters: 0 0 0
#Transform 59
Transform: MatrixOffsetTransformBase_double_3_3
Parameters: 0.9999914288545754 -0.0007050276580260612 -0.004132145156157864 0.0006999732392839621 0.9999990266121875 -0.0012179027678566792 0.004132854347121678 0.001215096575999865 0.9999904424846257 -0.28392912869051656 -0.18379831358879528 -0.36168687621977824
FixedParameters: 0 0 0
#Transform 60
Transform: MatrixOffsetTransformBase_double_3_3
Parameters: 0.9999898641602059 -0.0008219141673228411 -0.004523571712220998 0.000814084586032584 0.999998270101959 -0.0017517017293107737 0.004524433910913685 0.001747300420774778 0.9999884725170877 -0.2835447299075753 -0.15325199781824494 -0.30255989832660646
FixedParameters: 0 0 0
#Transform 61
Transform: MatrixOffsetTransformBase_double_3_3
Parameters: 0.9999904388258773 -0.0007229396163234952 -0.004247328168001124 0.000719060467958328 0.999999619896008 -0.0009290625784547967 0.004247665629858904 0.0009259376557717677 0.9999900984090209 -0.2816696147474147 -0.23843303270231786 -0.377344402133474
FixedParameters: 0 0 0
#Transform 62
Transform: MatrixOffsetTransformBase_double_3_3
Parameters: 0.999994460261498 -0.0005113044259621139 -0.003205999451553343 0.0005046932216520591 0.9999978748011086 -0.001967628146417842 0.003206997420147293 0.0019653703353364935 0.9999928511911527 -0.28287678410846695 -0.15420059443512457 -0.3745549624619997
FixedParameters: 0 0 0
#Transform 63
Transform: MatrixOffsetTransformBase_double_3_3
Parameters: 0.9999932242440556 -0.0004532297300267573 -0.003683480514748634 0.0004497675473550261 0.999999477089463 -0.001149664390993896 0.0036845176126503007 0.0011473377322145 0.9999921090381614 -0.27831881002202863 -0.152312037018973 -0.3519448887505945
FixedParameters: 0 0 0
#Transform 64
Transform: MatrixOffsetTransformBase_double_3_3
Parameters: 0.9999887629269737 -0.0008532961669227618 -0.00463757822080544 0.0008507045235805477 1.0000000290658084 -0.0004969510483713421 0.004638421705242281 0.0004930478503498729 0.9999892438092227 -0.2878454757870941 -0.22729099863718716 -0.3300790602358319
FixedParameters: 0 0 0
#Transform 65
Transform: MatrixOffsetTransformBase_double_3_3
Parameters: 0.9999939268360539 -0.0001815757252067237 -0.003469763897662569 0.0001774252994248325 0.9999992293300529 -0.0013186238804131771 0.0034702372417517407 0.001318378144366883 0.999993220606921 -0.25321878010619514 -0.18190324504804778 -0.39955383335181693
FixedParameters: 0 0 0
#Transform 66
Transform: MatrixOffsetTransformBase_double_3_3
Parameters: 0.999991054768289 -0.0005039740931356807 -0.004206169344031306 0.0004970252729596275 0.9999980005224671 -0.0016591042632317014 0.004206829009573358 0.0016568935367664121 0.9999895562933292 -0.255921958845974 -0.15463341216559456 -0.298898608487292
FixedParameters: 0 0 0
#Transform 67
Transform: MatrixOffsetTransformBase_double_3_3
Parameters: 0.9999883175519237 -0.000610658363946028 -0.004723524731972009 0.0006073416211991239 0.999999029263188 -0.0007758768660845158 0.004723468079044655 0.0007731236116150445 0.9999880885812173 -0.26245411077891845 -0.21420927277831936 -0.3035673189499164
FixedParameters: 0 0 0
#Transform 68
Transform: MatrixOffsetTransformBase_double_3_3
Parameters: 0.9999938814498008 -0.0004589925280263476 -0.003592493681798798 0.0004550088514484039 0.9999995568244736 -0.0011116421363733745 0.0035935091404559285 0.0011103581195424529 0.9999928559741372 -0.24834963896864792 -0.14025906185318604 -0.3628016271887162
FixedParameters: 0 0 0
#Transform 69
Transform: MatrixOffsetTransformBase_double_3_3
Parameters: 0.9999902062090391 -0.0006712060236732545 -0.004398206862456182 0.0006657903257328785 0.9999991512442892 -0.0011859396669615626 0.004398789876342112 0.001182058850720875 0.999989251240226 -0.2555178137475167 -0.19157134138177412 -0.24412164484097332
FixedParameters: 0 0 0
#Transform 70
Transform: MatrixOffsetTransformBase_double_3_3
Parameters: 0.9999901090809249 -0.0008093587122167578 -0.004270550234186306 0.0008076397815539845 1.0000000410669765 -0.000554454442224901 0.00427044363220722 0.0005505490159910832 0.9999904574968566 -0.2674801122417563 -0.18407856046776772 -0.35469555123398777
FixedParameters: 0 0 0
#Transform 71
Transform: MatrixOffsetTransformBase_double_3_3
Parameters: 0.9999898196526681 -0.0007693449605379199 -0.004537764983127027 0.000762659884504324 0.9999987952944541 -0.0016194792001620053 0.0045382437797024085 0.0016165269286141986 0.9999887884694287 -0.28101546748065687 -0.1277585955493663 -0.278213788994222
FixedParameters: 0 0 0
#Transform 72
Transform: MatrixOffsetTransformBase_double_3_3
Parameters: 0.9999879879696809 -0.0007900548359560866 -0.0048361751146619855 0.0007849416534935413 0.9999992867644933 -0.0010478085918631816 0.004836821785594012 0.001043191066348537 0.9999875150517307 -0.25989660445064544 -0.1988347761560476 -0.29248292319792313
FixedParameters: 0 0 0
#Transform 73
Transform: MatrixOffsetTransformBase_double_3_3
Parameters: 0.9999898609850885 -0.0005260755455276386 -0.004456405156896456 0.0005209224416230411 0.9999994286184815 -0.0011403336447602384 0.004457597695568641 0.001137667144257239 0.9999898377100754 -0.25675203231794796 -0.1579686911617415 -0.36425251999959585
FixedParameters: 0 0 0
#Transform 74
Transform: MatrixOffsetTransformBase_double_3_3
Parameters: 0.9999902383894894 -0.0005759391304971678 -0.004407843002496902 0.0005670625523644033 0.9999975626044242 -0.002028519582864933 0.004409160450665025 0.002026480632604736 0.9999884542232619 -0.269738728838945 -0.17603690948337203 -0.34940164662739903
FixedParameters: 0 0 0
#Transform 75
Transform: MatrixOffsetTransformBase_double_3_3
Parameters: 0.9999929979665582 -0.0005011801407767757 -0.003708439368134395 0.0004968211456041437 0.9999994808632765 -0.0011278511478902784 0.0037085641192251924 0.0011261500476521572 0.9999929768345427 -0.26123062564673205 -0.2531371620899705 -0.3445865776094479
FixedParameters: 0 0 0
#Transform 76
Transform: MatrixOffsetTransformBase_double_3_3
Parameters: 0.9999921484118725 -0.0005184983649331895 -0.00381839028933173 0.0005145007618897401 0.9999993455361504 -0.0011789735398940251 0.003819607168040554 0.0011770284993594365 0.9999920274939015 -0.2485253520279258 -0.17086304979136457 -0.36249106748347515
FixedParameters: 0 0 0
#Transform 77
Transform: MatrixOffsetTransformBase_double_3_3
Parameters: 0.9999895249447874 -0.00047312785156914376 -0.004500152857838701 0.00046587193465874393 0.9999985179081552 -0.0018071158997929166 0.004500848703021908 0.0018048899052068377 0.9999884837155134 -0.25295596779481855 -0.15613065001353732 -0.25183162904322387
FixedParameters: 0 0 0
#Transform 78
Transform: MatrixOffsetTransformBase_double_3_3
Parameters: 0.999988436703646 -0.0007089149028715023 -0.00480227757778781 0.0007040841219916224 0.9999994532959332 -0.0010253934620279136 0.004802723791961453 0.0010216074895546172 0.9999878882894326 -0.24218982775214215 -0.2191168278565243 -0.3143822327917718
FixedParameters: 0 0 0
#Transform 79
Transform: MatrixOffsetTransformBase_double_3_3
Parameters: 0.999989235589109 -0.0007297128291346741 -0.00449791304613067 0.0007232847345112576 0.9999982446271722 -0.0014942678777063348 0.00449908165897142 0.0014907315272143467 0.9999885358248032 -0.2618002194883644 -0.1336972243453829 -0.35675921155541346
FixedParameters: 0 0 0
#Transform 80
Transform: MatrixOffsetTransformBase_double_3_3
Parameters: 0.9999879616213295 -0.0005529520340671825 -0.004973343996895743 0.0005470503659392706 0.9999992658753208 -0.0011977357218055742 0.004973660157063309 0.001195264828495989 0.9999868325017311 -0.24872300335043462 -0.16567328568410744 -0.33391181357178823
FixedParameters: 0 0 0
#Transform 81
Transform: MatrixOffsetTransformBase_double_3_3
Parameters: 0.99999027377034 -0.00042724592337888695 -0.00430648121565226 0.00042175523953063865 0.9999993362674392 -0.0012188278803329353 0.0043065153036451085 0.0012171716416803557 0.9999899704404037 -0.2468281263475518 -0.19463725773505303 -0.38459068200508284
FixedParameters: 0 0 0
#Transform 82
Transform: MatrixOffsetTransformBase_double_3_3
Parameters: 0.9999907614444559 -0.0004684063783673951 -0.004361212789137308 0.0004605946395069108 0.9999989010186043 -0.00169902593813142 0.004361790240644442 0.001696974079329421 0.9999890939859916 -0.2600405556701446 -0.13779081793549608 -0.36508338001461027
FixedParameters: 0 0 0
#Transform 83
Transform: MatrixOffsetTransformBase_double_3_3
Parameters: 0.9999876980233259 -0.0007688612393161028 -0.004970943966055758 0.0007621398077033271 0.9999985095930946 -0.0013818052688116802 0.0049720567608260895 0.0013781938475570345 0.999986379605598 -0.26174518316221906 -0.18640652510296718 -0.34328266190919976
FixedParameters: 0 0 0
#Transform 84
Transform: MatrixOffsetTransformBase_double_3_3
Parameters: 0.9999928167427963 -0.00006990441306701469 -0.0038958692065723 0.00006209825558774911 0.9999978808103506 -0.0020282579196663573 0.0038961369727602492 0.002028743640007292 0.9999907062653148 -0.2689236517868778 -0.23583772691000604 -0.43555113045219684
FixedParameters: 0 0 0
#Transform 85
Transform: MatrixOffsetTransformBase_double_3_3
Parameters: 0.9999929561106482 -0.00046181539976387453 -0.0038510709649461805 0.0004541859409902985 0.9999976733758897 -0.0020297630737186627 0.003851929538808166 0.0020282350799642854 0.9999900490171154 -0.26309715298052083 -0.12958920713505506 -0.444866725845813
FixedParameters: 0 0 0
#Transform 86
Transform: MatrixOffsetTransformBase_double_3_3
Parameters: 0.9999895115660605 -0.0006468662725679373 -0.0044800119291954375 0.0006391334790403451 0.9999982379837566 -0.0015338781321321644 0.004480982733382865 0.0015311161784439412 0.9999885764518434 -0.26519866656956026 -0.1992426542116874 -0.4213695093871621
FixedParameters: 0 0 0
#Transform 87
Transform: MatrixOffsetTransformBase_double_3_3
Parameters: 0.9999894943147867 -0.0005123197330454087 -0.004609082652984589 0.0005036793390039491 0.9999984838909105 -0.0018063409027828442 0.004609916543181611 0.001803657624148868 0.9999874943363141 -0.2641811412749462 -0.22744801621954025 -0.4331386865800084
FixedParameters: 0 0 0
#Transform 88
Transform: MatrixOffsetTransformBase_double_3_3
Parameters: 0.9999890100523302 -0.0003084818505285901 -0.004571171594909639 0.00029551672630634944 0.9999964531150134 -0.002731379658791882 0.004571820826620317 0.0027296184575767413 0.9999856455758296 -0.22571268904239616 -0.1333530773123357 -0.4670554050510276
FixedParameters: 0 0 0
#Transform 89
Transform: MatrixOffsetTransformBase_double_3_3
Parameters: 0.9999874933669891 -0.0006389400786539377 -0.0050096183062849535 0.0006280590507579995 0.9999978309644907 -0.0021851752486965973 0.005011384821566846 0.00218182689826683 0.9999851269812718 -0.2494607447764281 -0.17199277878563635 -0.4747888021209121
FixedParameters: 0 0 0
#Transform 90
Transform: MatrixOffsetTransformBase_double_3_3
Parameters: 0.9999892444218839 -0.0006238577360851958 -0.00451278159382131 0.000615137631395536 0.9999977628266964 -0.0019647959194851318 0.004514213760949155 0.001961203670672727 0.9999877748107789 -0.24526667290386683 -0.23598314132169662 -0.4692874581648141
FixedParameters: 0 0 0
#Transform 91
Transform: MatrixOffsetTransformBase_double_3_3
Parameters: 0.9999894061597826 -0.000530321153924489 -0.004506796926207008 0.000520676658361854 0.9999974797090906 -0.002291371229255984 0.004508203730434941 0.0022886338208124592 0.9999874381714637 -0.2613883690439138 -0.16481226527457693 -0.4559768053171638
FixedParameters: 0 0 0
#Transform 92
Transform: MatrixOffsetTransformBase_double_3_3
Parameters: 0.9999874266551175 -0.00066647598424801 -0.0049123210498269575 0.0006535275994543228 0.9999961178322533 -0.0025402396891594826 0.004913672558448527 0.0025377544716942042 0.9999844156961885 -0.26399244736562366 -0.14873002066926233 -0.44006976439854384
FixedParameters: 0 0 0
#Transform 93
Transform: MatrixOffsetTransformBase_double_3_3
Parameters: 0.999986357698676 -0.0006302504009851769 -0.005122987745781271 0.0006217475044950987 0.9999980143962677 -0.001612205210249571 0.005124004103525013 0.001608790549470229 0.9999851558511615 -0.2538655520768174 -0.21160384784604958 -0.44117323727301994
FixedParameters: 0 0 0
#Transform 94
Transform: MatrixOffsetTransformBase_double_3_3
Parameters: 0.999986909616019 -0.0006767942910621375 -0.004963270996485702 0.000663204672446599 0.999996907537679 -0.0025793261142335864 0.00496472487287251 0.002575674305262017 0.9999847149594352 -0.26729807450146836 -0.17827994203206288 -0.46366069102313645
FixedParameters: 0 0 0
#Transform 95
Transform: MatrixOffsetTransformBase_double_3_3
Parameters: 0.9999821450976131 -0.0006843161818343148 -0.0058638885178864866 0.0006666829805579152 0.9999947904529228 -0.003124963252559081 0.005866107737536872 0.0031210395529452724 0.9999778481602262 -0.334037545131352 -0.12343414154251775 -0.4551051478209871
FixedParameters: 0 0 0
#Transform 96
Transform: MatrixOffsetTransformBase_double_3_3
Parameters: 0.999983088178827 -0.0007164293829726348 -0.005691951360776965 0.0006995690838948185 0.9999951696598351 -0.002888027176206185 0.005694037974187656 0.0028839658132459884 0.999979260375577 -0.3220715216140917 -0.20158342751123826 -0.453801743410736
FixedParameters: 0 0 0
#Transform 97
Transform: MatrixOffsetTransformBase_double_3_3
Parameters: 0.9999845963370532 -0.0009328090425648431 -0.005525522703675654 0.0009171895720584986 0.9999959645837886 -0.0026821103812423855 0.005528479822907451 0.0026768853350658743 0.9999812721856685 -0.3237280142010661 -0.2591645238063478 -0.4752425767204045
FixedParameters: 0 0 0
#Transform 98
Transform: MatrixOffsetTransformBase_double_3_3
Parameters: 0.9999851135506611 -0.0004962255216503849 -0.0054445441189061635 0.00047977301181596077 0.9999958813681706 -0.0029816572259054224 0.0054454526251179 0.0029783428591329763 0.9999804712105793 -0.29986694846327566 -0.20368849092659502 -0.4661815889109988
FixedParameters: 0 0 0
#Transform 99
Transform: MatrixOffsetTransformBase_double_3_3
Parameters: 0.9999794799908333 -0.0005996579219197702 -0.006337447320694627 0.0005823449959903468 0.9999967442477348 -0.002629746049229316 0.006338553657329141 0.0026262544352267823 0.9999769228103667 -0.3170633325967174 -0.14541973063948888 -0.4600213927276968
FixedParameters: 0 0 0
#Transform 100
Transform: MatrixOffsetTransformBase_double_3_3
Parameters: 0.999979547431625 -0.000499505880015924 -0.006418816938923208 0.00048449287931561484 0.9999969232180091 -0.002417161028798172 0.006420193818904561 0.002413844167434125 0.9999769547827771 -0.3103565854385124 -0.2227398968245211 -0.4261240465041993
FixedParameters: 0 0 0
#Transform 101
Transform: MatrixOffsetTransformBase_double_3_3
Parameters: 0.999983160824973 -0.0007636727476716111 -0.005679778063199841 0.0007473278740840713 0.9999958148962345 -0.00293729278792696 0.005681212896549138 0.002932709465005513 0.9999791172938066 -0.3256481271919256 -0.16765768461587527 -0.46973726805879323
FixedParameters: 0 0 0
#Transform 102
Transform: MatrixOffsetTransformBase_double_3_3
Parameters: 0.9999798497098004 -0.000597887437829752 -0.006308330436487944 0.0005791149993516673 0.9999956163498425 -0.00283670987780208 0.00630966727323714 0.002833284088444796 0.999976158733493 -0.31709590236708607 -0.1746209618465855 -0.4049270387709498
FixedParameters: 0 0 0
#Transform 103
Transform: MatrixOffsetTransformBase_double_3_3
Parameters: 0.9999826491080651 -0.0006187490132200607 -0.005828450597057528 0.0006032481729137864 0.9999962231898248 -0.0025325580364558837 0.005829542894233507 0.0025284349365663214 0.999979618945351 -0.3103979787106823 -0.20275593511686907 -0.4485082879515403
FixedParameters: 0 0 0
#Transform 104
Transform: MatrixOffsetTransformBase_double_3_3
Parameters: 0.999981643045911 -0.0005469765988833069 -0.006004567437840942 0.0005310209708729998 0.999996631134375 -0.002662238923393681 0.006006435485895849 0.0026587649304318814 0.9999788552273368 -0.3179187273196362 -0.11068782479823369 -0.4538943106740021
FixedParameters: 0 0 0
#Transform 105
Transform: MatrixOffsetTransformBase_double_3_3
Parameters: 0.9999768544901874 -0.0005842632732623744 -0.006767696175293801 0.0005687369648429144 0.9999975825564072 -0.0022569007565335208 0.0067692962229248125 0.0022530965774108067 0.9999741017598223 -0.31672343047810614 -0.16383973625245574 -0.4138599916735899
FixedParameters: 0 0 0
#Transform 106
Transform: MatrixOffsetTransformBase_double_3_3
Parameters: 0.9999777741500199 -0.000798948848615397 -0.0066020904091752515 0.0007830493515782757 0.9999965395978836 -0.0024182233635516048 0.006603911776064949 0.0024127772918814206 0.9999755651241538 -0.3135226865409493 -0.18961418554049203 -0.449674634238832
FixedParameters: 0 0 0
#Transform 107
Transform: MatrixOffsetTransformBase_double_3_3
Parameters: 0.99998323566174 -0.00045453654251891435 -0.00579280056550148 0.0004384656997934364 0.9999966101243437 -0.0026825850370985863 0.0057941951715644365 0.002680411383000462 0.9999792445155599 -0.30272033535169385 -0.13760260937881696 -0.43902132245786163
FixedParameters: 0 0 0
#Transform 108
Transform: MatrixOffsetTransformBase_double_3_3
Parameters: 0.9999824564176633 -0.0005775135053803573 -0.005848873107080786 0.0005654896673900611 0.9999978003262701 -0.0019693412074786205 0.005850122554560207 0.0019666551565977576 0.9999809099763075 -0.29809890711698017 -0.20868503497923996 -0.40220651031795285
FixedParameters: 0 0 0
#Transform 109
Transform: MatrixOffsetTransformBase_double_3_3
Parameters: 0.9999786934337002 -0.0006608957980608559 -0.006470293113800498 0.0006441012171430806 0.9999967568344605 -0.0026132228790075544 0.006472700506502025 0.002608777479558703 0.9999753017891208 -0.3090333546989825 -0.180152326865624 -0.42523670161621396
FixedParameters: 0 0 0
#Transform 110
Transform: MatrixOffsetTransformBase_double_3_3
Parameters: 0.9999806625952306 -0.0004195685047872378 -0.006257718000838108 0.00040043362494042743 0.9999950567756107 -0.0031275659280645602 0.006259281765662142 0.0031254338883044716 0.9999750555758614 -0.31549965017777026 -0.13380390706848289 -0.4312559348360594
FixedParameters: 0 0 0
#Transform 111
Transform: MatrixOffsetTransformBase_double_3_3
Parameters: 0.9999764506961545 -0.0004484686459757288 -0.006880885952656816 0.0004315307828633408 0.9999963623252865 -0.0025400291468538824 0.0068821198626650044 0.0025369733458336066 0.9999732002261329 -0.3012212190703849 -0.1993844858980509 -0.4155673080187938
FixedParameters: 0 0 0
#Transform 112
Transform: MatrixOffsetTransformBase_double_3_3
Parameters: 0.9999807007685348 -0.000181387153512707 -0.006266520013712878 0.00016361395346246947 0.9999962723085788 -0.0027750788548440083 0.006266477228712757 0.0027739168838407245 0.9999760325905217 -0.2833975708000054 -0.21256994300483711 -0.4737616249016696
FixedParameters: 0 0 0
#Transform 113
Transform: MatrixOffsetTransformBase_double_3_3
Parameters: 0.999979861348016 -0.000248006108378884 -0.006409225083081893 0.0002269976958055114 0.9999942047277731 -0.00327752128547172 0.006409781684150072 0.0032764767203437685 0.9999741788903199 -0.3039633769432015 -0.12253414483842562 -0.49025862668928255
FixedParameters: 0 0 0
#Transform 114
Transform: MatrixOffsetTransformBase_double_3_3
