#Insight Transform File V1.0
#Transform 0
Transform: MatrixOffsetTransformBase_double_3_3
Parameters: 0.9999980133175568 -0.00043006504620789524 -0.0021915785090762126 0.000432934744836517 0.9999990195447772 0.0013390541433264947 0.002190422518822987 -0.0013399449795216366 0.9999964052472045 -0.25814825718924794 -0.2891768212362109 -0.24118011525889926
FixedParameters: 0 0 0
#Transform 1
Transform: MatrixOffsetTransformBase_double_3_3
Parameters: 0.999997403157151 -0.0001976446539173901 -0.002134755978282249 0.00019535411521966604 0.9999994262638842 -0.001239420088437212 0.00213524290521799 0.0012385810335479397 0.9999969066452165 -0.2658511794114844 -0.27585959751134226 -0.18277868761109062
FixedParameters: 0 0 0
#Transform 2
Transform: MatrixOffsetTransformBase_double_3_3
Parameters: 0.9999978785658921 -0.0003876212264081676 -0.0019926846212939956 0.0003853786151646206 0.9999991888358659 -0.0008137690276416372 0.00199331345680148 0.0008132284370650374 0.9999973661662933 -0.2567773018048456 -0.19037650181434174 -0.15879839514414584
FixedParameters: 0 0 0
#Transform 3
Transform: MatrixOffsetTransformBase_double_3_3
Parameters: 0.9999997740386977 -0.00010701921699098017 -0.001102096207209191 0.00010798188093539961 1.0000001954531113 0.0008908820689980002 0.0011019047490213613 -0.0008901189992493922 0.9999989926039311 -0.21572967709718682 -0.3371562541193498 -0.17580051888567994
FixedParameters: 0 0 0
#Transform 4
Transform: MatrixOffsetTransformBase_double_3_3
Parameters: 0.9999988369868225 -0.00030078244443709236 -0.001752695570883049 0.0002992168371803846 0.9999998757096564 -0.0010175264357651691 0.0017533057713728548 0.001016474634920892 0.9999978926960645 -0.23995064654017995 -0.23521302456360615 -0.16806508439671575
FixedParameters: 0 0 0
#Transform 5
Transform: MatrixOffsetTransformBase_double_3_3
Parameters: 0.999997601900635 -0.00024028761348851658 -0.0020837376580619 0.0002377143234659102 0.999999738370484 -0.0010974984021377306 0.002083262264872983 0.0010975024861393534 0.9999974545135761 -0.23921277870311997 -0.1811984247939762 -0.16432988213139765
FixedParameters: 0 0 0
#Transform 6
Transform: MatrixOffsetTransformBase_double_3_3
Parameters: 0.9999983785237361 -0.000009161794806475039 -0.0019029903125123945 0.000006838174601936329 0.9999997094388533 -0.001136014954998715 0.0019030084885139945 0.0011359845069960346 0.9999970880906225 -0.22628136310997604 -0.25204434964165046 -0.18058611699476046
FixedParameters: 0 0 0
#Transform 7
Transform: MatrixOffsetTransformBase_double_3_3
Parameters: 0.9999979543546931 0.00003822819758376186 -0.0020110335873165337 -0.00003977158231539595 0.999999222317651 -0.0008809210960520063 0.002010964869373007 0.0008810779539230993 0.9999971797143297 -0.22121569793570472 -0.2582568723123728 -0.20826447781271895
FixedParameters: 0 0 0
#Transform 8
Transform: MatrixOffsetTransformBase_double_3_3
Parameters: 0.9999992946020055 -0.0001445574375388741 -0.001297828211124779 0.00014244223373121963 0.9999995394062147 -0.0012001867376803161 0.0012981726114191035 0.001199814211361955 0.9999988751926471 -0.22192998635671302 -0.16953698952630702 -0.12634935118242652
FixedParameters: 0 0 0
#Transform 9
Transform: MatrixOffsetTransformBase_double_3_3
Parameters: 0.9999993752825247 -0.000040585919944305546 -0.001274013668547587 0.00004041402089795165 0.9999998927346642 0.0003249488026249445 0.001273987343540488 -0.00032505199665277157 0.9999992712974967 -0.20362466904281007 -0.3219888921223344 -0.14420446676746224
FixedParameters: 0 0 0
#Transform 10
Transform: MatrixOffsetTransformBase_double_3_3
Parameters: 0.9999993167269188 -0.00009435448480086353 -0.0012939745566903542 0.00009364537262950579 0.9999999160880636 -0.0002741214282417403 0.0012940260687028023 0.00027387815618295326 0.999999250486903 -0.20141892113861104 -0.25641043322494284 -0.18687511745028473
FixedParameters: 0 0 0
#Transform 11
Transform: MatrixOffsetTransformBase_double_3_3
Parameters: 0.9999983528778735 -0.0006930206790884882 -0.0014720496935167852 0.0006909786631725558 0.9999986373777224 -0.0013730186880904645 0.0014729492350392358 0.001371980746641488 0.9999979479840884 -0.1798314468960598 -0.19003396618970214 -0.10928830088315067
FixedParameters: 0 0 0
#Transform 12
Transform: MatrixOffsetTransformBase_double_3_3
Parameters: 0.9999986298531692 -0.00029514162717398073 -0.001510971992508804 0.00029485907028103855 0.9999999042326863 -0.00009344561659445107 0.0015110271574879026 0.00009355412555333817 0.9999987081361396 -0.18595755451597995 -0.3409455954044631 -0.10415842845021928
FixedParameters: 0 0 0
#Transform 13
Transform: MatrixOffsetTransformBase_double_3_3
Parameters: 0.999998111559454 -0.0006684073737046525 -0.0018551332809572134 0.0006665923457427572 0.9999988709350197 -0.0012982383274730742 0.0018558654455384524 0.0012967612323178978 0.999996873608162 -0.19746330088813124 -0.21808156665311174 -0.1652878070548951
FixedParameters: 0 0 0
#Transform 14
Transform: MatrixOffsetTransformBase_double_3_3
Parameters: 0.999999413185821 -0.00023853914731969002 -0.001236896746478523 0.00023746172007885712 0.999999753695897 -0.00043529406829952106 0.0012371040445248594 0.0004357052553914321 0.9999992801697912 -0.1925252377397726 -0.2391916462371313 -0.1874100675220376
FixedParameters: 0 0 0
#Transform 15
Transform: MatrixOffsetTransformBase_double_3_3
Parameters: 0.9999989802639867 -0.0002548041779673269 -0.0017188824364833771 0.00025419519150374155 0.9999997162055471 -0.00046843776559392196 0.0017191206486647142 0.00046756279392785795 0.9999988260098693 -0.18701631501174631 -0.24591432831202553 -0.19461468932065884
FixedParameters: 0 0 0
#Transform 16
Transform: MatrixOffsetTransformBase_double_3_3
Parameters: 0.9999989018163566 -0.00017123002626749 -0.0014387358906448038 0.000168770673498854 0.9999985685985234 -0.0015502437428143614 0.0014382628918816278 0.0015497546520592425 0.9999975282150443 -0.1930385967702506 -0.1771383899681922 -0.11882331241433519
FixedParameters: 0 0 0
#Transform 17
Transform: MatrixOffsetTransformBase_double_3_3
Parameters: 0.9999986287949117 -0.00009473299832523455 -0.001536954336504913 0.00009326823820153887 0.9999997641122326 -0.00047614371714325564 0.0015370439184513199 0.00047685475971786877 0.9999984105790423 -0.1895339625483956 -0.2564160552607717 -0.1563255380755777
FixedParameters: 0 0 0
#Transform 18
Transform: MatrixOffsetTransformBase_double_3_3
Parameters: 0.9999975371069252 -0.00017982433179274636 -0.0021047599854610998 0.0001771766084878233 0.9999991685124969 -0.0013413758658637229 0.002105238902335375 0.0013416243787984835 0.9999967693441265 -0.19139622295389813 -0.24713601125309026 -0.15857350097985545
FixedParameters: 0 0 0
#Transform 19
Transform: MatrixOffsetTransformBase_double_3_3
Parameters: 0.9999982486682476 -0.00029102667798251475 -0.0019145422766486332 0.000288971436498167 0.9999984163352056 -0.0015815556211937172 0.001915459256418567 0.0015804449214723876 0.9999968332026028 -0.22344250975409352 -0.18102472569779593 -0.1593598210728686
FixedParameters: 0 0 0
#Transform 20
Transform: MatrixOffsetTransformBase_double_3_3
Parameters: 0.9999963643757948 -0.00023378374034150178 -0.0025656561025956958 0.0002302155022362569 0.9999987705468427 -0.001475594821914619 0.002565340503851727 0.0014744044288803326 0.9999952425707048 -0.20766562367495567 -0.2853420141273375 -0.11845536792721134
FixedParameters: 0 0 0
#Transform 21
Transform: MatrixOffsetTransformBase_double_3_3
Parameters: 0.9999963041665626 -0.00040815239528389714 -0.0025554975235364433 0.00040484796500214894 0.9999993132319086 -0.001234038880769012 0.0025555003615358265 0.001232961255003245 0.9999959478836402 -0.2229858161374949 -0.2858493981845385 -0.13279494769759026
FixedParameters: 0 0 0
#Transform 22
Transform: MatrixOffsetTransformBase_double_3_3
Parameters: 0.9999980624455796 -0.00029509465020145076 -0.0019625370150230005 0.0002919068795495916 0.9999984285024249 -0.0015765752662501762 0.001962462423054546 0.0015764232753144548 0.9999966632331714 -0.23428644580147306 -0.17953960502164534 -0.13184179103426175
FixedParameters: 0 0 0
#Transform 23
Transform: MatrixOffsetTransformBase_double_3_3
Parameters: 0.9999974378570031 -0.00029217501127236253 -0.0021155626626764975 0.0002898248851845382 0.9999986638150056 -0.0015006157670268598 0.002116435954965945 0.0015003842532152307 0.9999962710339524 -0.2273462343033259 -0.26290803080796366 -0.11905103772883763
FixedParameters: 0 0 0
#Transform 24
Transform: MatrixOffsetTransformBase_double_3_3
Parameters: 0.9999975105454891 -0.00011141478165616902 -0.0021158234835653776 0.00010758643801159525 0.9999983846234081 -0.0016132315002263908 0.0021161768415325715 0.001613768094176573 0.999996919149544 -0.23605023058487973 -0.24633560016127376 -0.14955462347097637
FixedParameters: 0 0 0
#Transform 25
Transform: MatrixOffsetTransformBase_double_3_3
Parameters: 0.9999969206668248 -0.00015297627457191854 -0.0024607552080984545 0.0001490247702952135 0.9999983673548278 -0.0016153705747200423 0.002461243090762216 0.0016156273495430784 0.9999953336239186 -0.2507409848184068 -0.191030999613929 -0.13664316532775445
FixedParameters: 0 0 0
#Transform 26
Transform: MatrixOffsetTransformBase_double_3_3
Parameters: 0.9999977257825744 -0.000042711784189451735 -0.002066945462168111 0.00004028796717870068 0.9999992769305814 -0.0013120862628198697 0.002067054358168594 0.0013119147018191086 0.9999970061575713 -0.26360720644322555 -0.287092790479349 -0.15271625075617123
FixedParameters: 0 0 0
#Transform 27
Transform: MatrixOffsetTransformBase_double_3_3
Parameters: 0.9999979830500595 0.00012039735468116568 -0.0022361983950319048 -0.00012460337131194702 0.9999983896692173 -0.0016107252355197976 0.0022368036992665968 0.0016112731797322498 0.9999964027314469 -0.2681589749222155 -0.2449178350696002 -0.1811915871413845
FixedParameters: 0 0 0
#Transform 28
Transform: MatrixOffsetTransformBase_double_3_3
Parameters: 0.9999976078161792 -0.0001837032733273498 -0.0023146329339109963 0.00017929740120893898 0.9999978400542907 -0.002031420843738282 0.0023153703712655675 0.002031580495815045 0.9999955137551724 -0.2705611255280189 -0.20034781857876283 -0.12876061153126273
FixedParameters: 0 0 0
#Transform 29
Transform: MatrixOffsetTransformBase_double_3_3
Parameters: 0.9999972309163139 0.00025347219172735977 -0.0021691791992902503 -0.0002545283184470591 0.9999994391627279 -0.0007044496460359497 0.0021688213123852353 0.0007045515000089171 0.9999977991111633 -0.24640064056799815 -0.28854424536640977 -0.12061602507684199
FixedParameters: 0 0 0
#Transform 30
Transform: MatrixOffsetTransformBase_double_3_3
Parameters: 0.9999975584827187 0.00016993128311232694 -0.002100249443166666 -0.00017306895130489612 0.9999988360639828 -0.0014606392366094485 0.0021007483188792923 0.0014613597091944256 0.9999964533713552 -0.24676872953425288 -0.28174846036577605 -0.15323381058995267
FixedParameters: 0 0 0
#Transform 31
Transform: MatrixOffsetTransformBase_double_3_3
Parameters: 0.9999988648460656 -0.00035009101819452566 -0.0017353800735006037 0.0003469091109841794 0.9999987083619568 -0.0017806052769167822 0.0017366210843626855 0.0017803952827709078 0.9999968161126425 -0.25803664726713293 -0.17036674526777063 -0.09974966875482494
FixedParameters: 0 0 0
#Transform 32
Transform: MatrixOffsetTransformBase_double_3_3
Parameters: 0.9999985693277765 -0.0001523841990404468 -0.0018458867626033203 0.00015061519702836839 0.9999994145477825 -0.0007502790971227454 0.001846114012604872 0.0007497197591189264 0.9999980297797728 -0.25084353134379 -0.261159558091137 -0.06447771714456962
FixedParameters: 0 0 0
#Transform 33
Transform: MatrixOffsetTransformBase_double_3_3
Parameters: 0.9999979250753134 0.00014285971672888526 -0.0020131537225166565 -0.0001451404232615819 0.9999988492941241 -0.0010627097972570202 0.002013847578374489 0.0010632896861382042 0.999997815841336 -0.24234569293437858 -0.2817691763239054 -0.10881611501653765
FixedParameters: 0 0 0
#Transform 34
Transform: MatrixOffsetTransformBase_double_3_3
Parameters: 0.9999982455518031 -0.00026541090863155275 -0.0019196692997770289 0.00026359103341356497 0.9999993537555448 -0.0012555090502745136 0.001919333461552262 0.0012554936312641942 0.9999977392284642 -0.2605946375740018 -0.16657107852984154 -0.09538433417637293
FixedParameters: 0 0 0
#Transform 35
Transform: MatrixOffsetTransformBase_double_3_3
Parameters: 0.999999710466744 -0.0003850343207676555 -0.001068628045894492 0.0003839657040097584 0.9999989151359241 -0.0009684103775995386 0.001068372437952402 0.0009675887007856953 0.9999989212829227 -0.2409667244392324 -0.24714463374199624 -0.04239330222429771
FixedParameters: 0 0 0
#Transform 36
Transform: MatrixOffsetTransformBase_double_3_3
Parameters: 0.9999987536303288 0.0005162198140043812 -0.0017265340406820817 -0.0005177805570807275 0.99999966871696 -0.0010311080310904436 0.0017254674679465336 0.0010318927176315926 0.9999979569257794 -0.2350730988629266 -0.3606355136100774 -0.12814835756087462
FixedParameters: 0 0 0
#Transform 37
Transform: MatrixOffsetTransformBase_double_3_3
Parameters: 0.9999989868912303 -0.0001656727357910582 -0.0009927218208668257 0.00016332632579098942 0.9999981337139577 -0.0016851624086743466 0.0009932761853943205 0.0016848357119528022 0.9999981747249227 -0.21585354509925025 -0.16787427456628734 -0.08791277235168593
FixedParameters: 0 0 0
#Transform 38
Transform: MatrixOffsetTransformBase_double_3_3
Parameters: 0.9999987198953707 -0.00016064145237612654 -0.0015018254998263995 0.00015935916870261346 0.9999997797489274 -0.0010932413032195755 0.0015011752604848644 0.0010927608219672051 0.9999985508442819 -0.21551740926911123 -0.25725831827148227 -0.040438442373513794
FixedParameters: 0 0 0
#Transform 39
Transform: MatrixOffsetTransformBase_double_3_3
Parameters: 0.9999988690205474 0.000263934023861138 -0.0017493134905601224 -0.00026606809787071945 0.9999995338308619 -0.001181536458957821 0.00174968729373696 0.0011814636969233988 0.9999975433019201 -0.21529547678321137 -0.2958710295724387 -0.11219211316782207
FixedParameters: 0 0 0
#Transform 40
Transform: MatrixOffsetTransformBase_double_3_3
Parameters: 0.9999992751665183 -0.0002770794332339606 -0.001283552767737506 0.0002749192699883667 0.9999982994228592 -0.001620353482114661 0.0012844470074252056 0.001619644714362188 0.9999977269410589 -0.21167073542946468 -0.16210925488526584 -0.08968196538546636
FixedParameters: 0 0 0
#Transform 41
Transform: MatrixOffsetTransformBase_double_3_3
Parameters: 0.9999995728664949 -0.00028373932141215 -0.001160819922970184 0.00028326084333219755 0.999999513858485 -0.0006373291934961571 0.0011601811018634386 0.0006366711893862062 0.9999992474694406 -0.21570085862018118 -0.2553061388264837 -0.03745685532442167
FixedParameters: 0 0 0
#Transform 42
Transform: MatrixOffsetTransformBase_double_3_3
Parameters: 0.9999997755999555 -0.0002347307846074886 -0.001081626351196482 0.0002332699802925421 0.9999983852416557 -0.0016002530150113555 0.001081375152142324 0.001599746871902232 0.9999982703536308 -0.20346605083013003 -0.19365335104956216 -0.06589929954108698
FixedParameters: 0 0 0
#Transform 43
Transform: MatrixOffsetTransformBase_double_3_3
Parameters: 0.99999985800518 -0.00020736562575916596 -0.0010487309097336054 0.00020563533047747353 0.999999262153083 -0.001302216053001038 0.0010482686366583471 0.0013017830219305407 0.999998205442911 -0.204966239637713 -0.24841217808744886 -0.03442083929991213
FixedParameters: 0 0 0
#Transform 44
Transform: MatrixOffsetTransformBase_double_3_3
Parameters: 0.9999993057205796 -0.0005062478273311577 -0.0006618096974517746 0.0005057513277456878 0.9999996033393311 -0.0003753346586312168 0.0006621891971349284 0.00037466471519055595 0.9999994211314832 -0.224102659457742 -0.2447442650275775 -0.03422673943006771
FixedParameters: 0 0 0
#Transform 45
Transform: MatrixOffsetTransformBase_double_3_3
Parameters: 0.999999312789639 -0.0005147657968400089 -0.0006493938085983965 0.0005142337458804838 0.9999993464266365 -0.0011783346603600608 0.000650606485506144 0.0011786658103348686 0.9999991886366486 -0.21053499975104728 -0.1792404848283553 -0.019020743647459426
FixedParameters: 0 0 0
#Transform 46
Transform: MatrixOffsetTransformBase_double_3_3
Parameters: 0.9999998884790596 -0.0003049113007742726 -0.00013619848208995617 0.0003050883726794821 0.9999994831742766 0.0006509581715277696 0.00013580137230253777 -0.0006510411314833593 0.9999995577032366 -0.18821761787064872 -0.24535324738975817 -0.04672631107803227
FixedParameters: 0 0 0
#Transform 47
Transform: MatrixOffsetTransformBase_double_3_3
Parameters: 0.9999994448243177 -0.00032608825328186617 -0.0006699565843828597 0.00032591137338314755 0.9999998763000707 -0.00013221834429177605 0.0006700426483335796 0.0001317815045419105 0.9999995336762669 -0.20131520128170166 -0.23400988615232166 -0.023556709057956482
FixedParameters: 0 0 0
#Transform 48
Transform: MatrixOffsetTransformBase_double_3_3
Parameters: 0.9999998995440906 -0.0002701483264664165 -0.00016575820057213158 0.0002698511867342823 0.9999991260757876 -0.000895044013134828 0.0001662415001364462 0.0008949543732156366 0.9999991714197469 -0.19821880423583593 -0.16464882944339365 -0.018391773690837
FixedParameters: 0 0 0
#Transform 49
Transform: MatrixOffsetTransformBase_double_3_3
Parameters: 0.9999998612510193 -0.00018198762448660893 -0.00032500687043631176 0.0001820123244831462 0.9999999654320049 0.00003794084468095916 0.0003249930384382509 -0.00003805914466437433 0.9999998929310148 -0.19216303553541536 -0.22766901878661372 -0.024597008000014853
FixedParameters: 0 0 0
#Transform 50
Transform: MatrixOffsetTransformBase_double_3_3
Parameters: 0.9999994771766401 -0.0004318029231624609 -0.0011563285269932165 0.00042919695404077863 0.9999983841875891 -0.0015594971808186382 0.0011566708270091997 0.001558501433772143 0.9999982320245819 -0.20917601940290353 -0.24419051203533115 -0.08963421044053632
FixedParameters: 0 0 0
#Transform 51
Transform: MatrixOffsetTransformBase_double_3_3
Parameters: 0.9999993209142177 -0.00020021324616975334 -0.0012805019170641415 0.00019678768508130112 0.9999966655051492 -0.002509253755792032 0.00128049799306404 0.0025087453957789055 0.9999960652241339 -0.2231032302475171 -0.18976971701940215 -0.09584764755975073
FixedParameters: 0 0 0
#Transform 52
Transform: MatrixOffsetTransformBase_double_3_3
Parameters: 0.9999999878000156 -0.000057829879366581564 0.00009410480131457823 0.00005816997160985465 0.9999987241501117 -0.0018089958420019047 -0.00009389495716447355 0.0018090067460097043 0.9999987186781077 -0.17739779099852626 -0.16750585666746076 -0.06855682730439128
FixedParameters: 0 0 0
#Transform 53
Transform: MatrixOffsetTransformBase_double_3_3
Parameters: 0.9999997398750806 -0.00030190825345252 0.00041106721862917806 0.000302091559395722 0.9999998590670438 -0.0002228758089410391 -0.0004109325266709129 0.00022312405286411974 0.9999997813500676 -0.1573920071155186 -0.24980778849197804 -0.01855909053986693
FixedParameters: 0 0 0
#Transform 54
Transform: MatrixOffsetTransformBase_double_3_3
Parameters: 0.9999997332632294 -0.0004674382869201719 -0.00021906690519274126 0.0004675616018887573 0.9999977934307235 -0.001997102451238473 0.00021993410197182302 0.0019968972182907558 0.9999979638066799 -0.15384182852646688 -0.22183999470142624 -0.03653865729465622
FixedParameters: 0 0 0
#Transform 55
Transform: MatrixOffsetTransformBase_double_3_3
Parameters: 0.9999992463955949 -0.0008629815528262229 0.00009416303267467007 0.0008630170847981766 0.999999219510616 -0.00018891872888153545 -0.00009383681893215907 0.00018908097275347215 0.9999999554430353 -0.22474221720230503 -0.23702507148513519 0.008963861843383825
FixedParameters: 0 0 0
#Transform 56
Transform: MatrixOffsetTransformBase_double_3_3
Parameters: 0.9999876776366805 -0.004929583391587243 0.00015576227010280063 0.004929415269606561 0.9999839073011138 -0.0027912662572814545 -0.00014224064865644488 0.0027917352672275648 0.9999961852617029 -0.6711410483676161 -0.2654368598923327 0.24458448708506353
FixedParameters: 0 0 0
#Transform 57
Transform: MatrixOffsetTransformBase_double_3_3
Parameters: 0.9999994912025794 -0.0012279823280349678 0.000028779754531974434 0.0012280185230381518 0.999999088789544 -0.0006349650368627155 -0.000028220193482745577 0.0006350350328688735 0.9999995959625886 -0.41408348508187487 -0.12984146599286817 0.031054655693566247
FixedParameters: 0 0 0
#Transform 58
Transform: MatrixOffsetTransformBase_double_3_3
Parameters: 0.9999995961648326 -0.0011523659669640007 -0.0002764824982378301 0.0011516363483353071 0.9999989384022658 -0.0013173200741006955 0.00027751687112912256 0.0013166818655507679 0.9999991887794817 -0.3688809625622582 -0.09902664767935221 0.0350885766532798
FixedParameters: 0 0 0
#Transform 59
Transform: MatrixOffsetTransformBase_double_3_3
Parameters: 0.9999998492102934 -0.0010563519787301961 -0.00018500278021610646 0.0010566483378106378 0.9999973060306028 -0.0018911962813356034 0.00018699952475809148 0.0018918032615003583 0.9999983876278964 -0.31365547519665427 -0.12691682049657516 0.031048026915058813
FixedParameters: 0 0 0
#Transform 60
Transform: MatrixOffsetTransformBase_double_3_3
Parameters: 0.9999976295143473 -0.0007849964542199362 -0.0021808515250792285 0.000779006890752825 0.9999958369452076 -0.0027487056283647684 0.0021821494151804477 0.0027472937472546592 0.9999936895140399 -0.338743178315255 -0.18312778841567479 -0.04048807192430104
FixedParameters: 0 0 0
#Transform 61
Transform: MatrixOffsetTransformBase_double_3_3
Parameters: 0.9999988455367131 -0.0008515347561851535 -0.001195490012268029 0.0008474640606871045 0.9999955551623106 -0.002954016906423539 0.001198508020637282 0.002952983199297065 0.9999948440022237 -0.3421255607214988 -0.11678184853329299 -0.05279856873848132
FixedParameters: 0 0 0
#Transform 62
Transform: MatrixOffsetTransformBase_double_3_3
Parameters: 0.9999977183590747 -0.001083457878106566 -0.0017630467837966416 0.0010765415607403496 0.9999924452636076 -0.003659903892943249 0.0017669502551814 0.0036580914781575275 0.9999914964322435 -0.3426012722615468 -0.17923891630921673 -0.06812918109545762
FixedParameters: 0 0 0
#Transform 63
Transform: MatrixOffsetTransformBase_double_3_3
Parameters: 0.9999977005881752 -0.0008906187028624121 -0.002122403986031511 0.0008823804148749192 0.999991754776741 -0.004057883076967255 0.002126597084043099 0.004056116318541023 0.9999890271370828 -0.3452337872479063 -0.2174990909576877 -0.10005568833990708
FixedParameters: 0 0 0
#Transform 64
Transform: MatrixOffsetTransformBase_double_3_3
Parameters: 0.9999987800030894 -0.0005741096201814433 -0.0013748776500657211 0.0005688900272343435 0.9999928832481493 -0.003713786647361058 0.0013771221970429726 0.0037132138733668636 0.9999923164781549 -0.34427158849872797 -0.139665542287446 -0.062301125906856214
FixedParameters: 0 0 0
#Transform 65
Transform: MatrixOffsetTransformBase_double_3_3
Parameters: 0.999997888042951 -0.0012574257357196423 -0.0018787169440329461 0.0012515746765875842 0.9999937571079156 -0.0034173627345414227 0.0018832877286044335 0.003414643282226588 0.9999927927047401 -0.34148428732748926 -0.22004158211917968 -0.05937465231470185
FixedParameters: 0 0 0
#Transform 66
Transform: MatrixOffsetTransformBase_double_3_3
Parameters: 0.9999982566022423 -0.0010797307419145054 -0.0012558016026897182 0.0010762687158065434 0.999995034800003 -0.002967355132305671 0.0012591984718332895 0.002966643954694338 0.9999946155762323 -0.3065620516598244 -0.22411703000088323 -0.044015187032002245
FixedParameters: 0 0 0
#Transform 67
Transform: MatrixOffsetTransformBase_double_3_3
Parameters: 0.9999985349023861 -0.0010855602148596866 -0.0015127393191012042 0.0010804428764609184 0.9999947609546171 -0.0030116402517156226 0.0015152611702833297 0.003010360915115929 0.9999946416455612 -0.3222247677633874 -0.16056872529904354 -0.045992153558600535
FixedParameters: 0 0 0
#Transform 68
Transform: MatrixOffsetTransformBase_double_3_3
Parameters: 0.9999984181335838 -0.0012305029021740322 -0.0010330259067696612 0.001228496942042393 0.9999966343285774 -0.0024202742623698347 0.0010359754724336247 0.002418730420498894 0.9999970758088267 -0.2961055656399054 -0.1841267159408062 -0.026457070796638504
FixedParameters: 0 0 0
#Transform 69
Transform: MatrixOffsetTransformBase_double_3_3
Parameters: 0.9999956603881467 -0.0019271107222598983 -0.002371858260320679 0.0019218906171183379 0.9999956630151466 -0.002154567860428141 0.0023761432614368815 0.0021504302993159375 0.9999947308321215 -0.2288030412028803 -0.19273578964579485 -0.04755194718264022
FixedParameters: 0 0 0
#Transform 70
Transform: MatrixOffsetTransformBase_double_3_3
Parameters: 0.9999972461147313 -0.001320812315623585 -0.001734343914540383 0.0013161851336498025 0.9999955775474622 -0.0027732891415920093 0.001738653696653153 0.002770709980721409 0.9999943005540213 -0.22629742136365394 -0.14180611579226365 -0.05861164258344331
FixedParameters: 0 0 0
#Transform 71
Transform: MatrixOffsetTransformBase_double_3_3
Parameters: 0.9999988108765462 -0.0010691410407003225 -0.0010226886531636622 0.0010648579756223674 0.9999915357820166 -0.004041095783562364 0.0010273111204062806 0.00403990842398631 0.9999916236460593 -0.24655865270220545 -0.2275684934576674 -0.12088057740201918
FixedParameters: 0 0 0
#Transform 72
Transform: MatrixOffsetTransformBase_double_3_3
Parameters: 0.9999995700761722 -0.0008169109347381716 -0.0008734331778466477 0.000812092119132137 0.9999838922722005 -0.0056077124242496145 0.0008775678783666453 0.005607286221196013 0.9999837891821874 -0.22410966325240622 -0.1836857370681031 -0.16653343715853453
FixedParameters: 0 0 0
#Transform 73
Transform: MatrixOffsetTransformBase_double_3_3
Parameters: 0.999998097547655 -0.001320321568796839 -0.0017773223665180557 0.0013146799370844012 0.9999926474240347 -0.0035533450774112504 0.0017816819306140886 0.0035506560701184043 0.9999922166008274 -0.22562319464614689 -0.2066812392754258 -0.08744296471222412
FixedParameters: 0 0 0
#Transform 74
Transform: MatrixOffsetTransformBase_double_3_3
Parameters: 0.9999967395108392 -0.001487457355078497 -0.002012241695919563 0.0014805423497832868 0.9999935224675627 -0.0032069879488212253 0.002016755656501159 0.003204008890417289 0.9999926665080214 -0.23723192895275247 -0.2075875969251797 -0.10558263469771134
FixedParameters: 0 0 0
#Transform 75
Transform: MatrixOffsetTransformBase_double_3_3
Parameters: 0.9999981909506975 -0.0013728117230827226 -0.0013872928539844383 0.0013661902857559254 0.999987133880482 -0.004898905149638009 0.0013937085752700141 0.004897096541275602 0.9999870759204703 -0.2561800377016539 -0.1852436058597391 -0.11854780383788466
FixedParameters: 0 0 0
#Transform 76
Transform: MatrixOffsetTransformBase_double_3_3
Parameters: 0.9999981939010825 -0.001378347296830055 -0.0013806915818449388 0.0013726549886502414 0.9999880673026575 -0.004587899616015021 0.0013863104980868998 0.004586093580544354 0.9999880452306763 -0.24379843484140906 -0.26750549515423927 -0.10479954619177079
FixedParameters: 0 0 0
#Transform 77
Transform: MatrixOffsetTransformBase_double_3_3
Parameters: 0.9999990416704646 -0.001082440688075183 -0.0008874044562153002 0.0010765613526770833 0.9999805205395108 -0.006108959535535801 0.0008935928415291955 0.006108036927787178 0.9999808928754095 -0.23884943419935212 -0.2857161801094463 -0.2480974715208646
FixedParameters: 0 0 0
#Transform 78
Transform: MatrixOffsetTransformBase_double_3_3
Parameters: 0.9999986925213741 -0.0010276190070065843 -0.0011189567457856378 0.0010203804188166023 0.9999821469922254 -0.00590014881575699 0.0011250390321050133 0.005898850940902226 0.9999819366842491 -0.2377154620203612 -0.21721415347691675 -0.2000196588554104
FixedParameters: 0 0 0
#Transform 79
Transform: MatrixOffsetTransformBase_double_3_3
Parameters: 0.9999981563729693 -0.001351684810232797 -0.0010084231997518657 0.001345311316711906 0.9999836361946173 -0.005617364815003791 0.0010165710185825942 0.005615634084676994 0.9999834294976976 -0.23873934276845432 -0.31972105608716106 -0.18421628869238305
FixedParameters: 0 0 0
#Transform 80
Transform: MatrixOffsetTransformBase_double_3_3
Parameters: 0.9999986335639043 -0.0011619885269132147 -0.001008138949477654 0.0011560122543823697 0.9999816099859375 -0.005920171065024132 0.00101486163870011 0.00591982638516654 0.9999819301378053 -0.2362114569842646 -0.29052498632930224 -0.19337509276809328
FixedParameters: 0 0 0
#Transform 81
Transform: MatrixOffsetTransformBase_double_3_3
Parameters: 0.9999998403888857 -0.0009776270666747087 -0.00045236573131376235 0.0009743754209329356 0.9999827426827271 -0.005771444786526177 0.0004576308281340586 0.005770556620050424 0.9999834882421265 -0.22685662773541537 -0.19136828902985314 -0.22100189149381322
FixedParameters: 0 0 0
#Transform 82
Transform: MatrixOffsetTransformBase_double_3_3
Parameters: 0.9999986713588513 -0.0014865706833193854 -0.0010582178220547175 0.0014804312902979803 0.9999852942226258 -0.005245574460701358 0.00106577837731256 0.005243423484343502 0.999985367162638 -0.2278609071949944 -0.23813952468044874 -0.1749952784653317
FixedParameters: 0 0 0
#Transform 83
Transform: MatrixOffsetTransformBase_double_3_3
Parameters: 0.9999986394088171 -0.001189687032786146 -0.0009720805076357512 0.0011843135746344416 0.9999826076433312 -0.005830157175614531 0.0009789198672832328 0.005828841317067144 0.999982065016518 -0.21317268369021747 -0.31064933599428457 -0.2114161683804383
FixedParameters: 0 0 0
#Transform 84
Transform: MatrixOffsetTransformBase_double_3_3
Parameters: 0.9999991593429624 -0.0009039223089122971 -0.00015366843315400315 0.0009030811804697673 0.9999823615740953 -0.005901139824933454 0.00015833164506339143 0.005900857930120285 0.9999821535592333 -0.21025647044696427 -0.1964047482722009 -0.21142454501884345
FixedParameters: 0 0 0
#Transform 85
Transform: MatrixOffsetTransformBase_double_3_3
Parameters: 0.9999979250905198 -0.0015517368560836403 -0.0012909447945312178 0.001545263570963507 0.9999855411162031 -0.0052030049387931975 0.0012990555144287862 0.00520099429206649 0.9999852619492411 -0.21321047863958142 -0.2741089989480656 -0.1362112858660396
FixedParameters: 0 0 0
#Transform 86
Transform: MatrixOffsetTransformBase_double_3_3
Parameters: 0.9999976573517908 -0.0014872136529053333 -0.001459696453472024 0.0014807854013738023 0.9999897563808247 -0.004248169818689583 0.0014663030999350509 0.0042468276112049945 0.999989818267801 -0.21160396353577937 -0.27591664861583354 -0.1138519749725333
FixedParameters: 0 0 0
#Transform 87
Transform: MatrixOffsetTransformBase_double_3_3
Parameters: 0.9999997346243573 -0.0010552436815455645 -0.00038998280370184263 0.0010527571611649072 0.9999833075418426 -0.005708412945891794 0.00039601537062535863 0.005707584495764968 0.9999832640178358 -0.19652457866699535 -0.24242863272249338 -0.20732288119765485
FixedParameters: 0 0 0
#Transform 88
Transform: MatrixOffsetTransformBase_double_3_3
Parameters: 0.9999990136039507 -0.0012995780104859236 -0.0011386678338331606 0.0012944228645060515 0.9999874641475535 -0.004884484399909563 0.0011453370215692923 0.0048835220287932295 0.9999878421929921 -0.21310592247233728 -0.23627828055968791 -0.15195002739994834
FixedParameters: 0 0 0
#Transform 89
Transform: MatrixOffsetTransformBase_double_3_3
Parameters: 0.9999984109089466 -0.0013443116765691299 -0.0008834731440152115 0.0013406855394145763 0.999987553621478 -0.004863191054130355 0.0008905290353701063 0.004861809443452482 0.9999875691624744 -0.21363632372649022 -0.290024722994346 -0.12297302247735331
FixedParameters: 0 0 0
#Transform 90
Transform: MatrixOffsetTransformBase_double_3_3
Parameters: 0.9999987730938805 -0.0013907472994581884 -0.0005420039598272462 0.0013872535380025045 0.9999867142178561 -0.005035760173161521 0.0005489926807391135 0.005035244765946774 0.9999873459811193 -0.21483048707024466 -0.2563709046523144 -0.2010229066370215
FixedParameters: 0 0 0
#Transform 91
Transform: MatrixOffsetTransformBase_double_3_3
Parameters: 0.9999983835505496 -0.0011712472926563324 -0.0011155172531173527 0.0011657512216307875 0.999988619587951 -0.004692309729323278 0.0011214825243158184 0.004691695780097011 0.9999887339379931 -0.20174812149333832 -0.20021671188490586 -0.1042216243048415
FixedParameters: 0 0 0
#Transform 92
Transform: MatrixOffsetTransformBase_double_3_3
Parameters: 0.999997896300056 -0.0014854116404184063 -0.0013772564952112313 0.0014805851340156883 0.9999935734704867 -0.003199044817309259 0.00138274178939593 0.0031969517260019465 0.9999938683593891 -0.19558384385260297 -0.2455134121864404 -0.08947039265821388
FixedParameters: 0 0 0
#Transform 93
Transform: MatrixOffsetTransformBase_double_3_3
Parameters: 0.9999983606174838 -0.0014843291271117028 -0.0006605695190402701 0.0014806688002138107 0.9999866868616204 -0.005011987530460018 0.000668428717968162 0.005011017276222012 0.9999874431188058 -0.1846479713308895 -0.24295801106157455 -0.1570865849821388
FixedParameters: 0 0 0
#Transform 94
Transform: MatrixOffsetTransformBase_double_3_3
Parameters: 0.9999972232096771 -0.0014160845701334474 0.0016646300408825682 0.0014179151039474746 0.9999986673045302 -0.0011496427712024966 -0.0016633681010107745 0.001152358552926588 0.9999979062976077 -0.09508783095279227 -0.15019491234282611 -0.021055650588365893
FixedParameters: 0 0 0
#Transform 95
Transform: MatrixOffsetTransformBase_double_3_3
Parameters: 0.999996807870338 -0.0016361820230863017 0.0018748406909640492 0.001635816398160025 0.9999983139950344 0.0000990671920244574 -0.0018751597108997231 -0.00009593218365658888 0.999998474863002 -0.06257957897987865 -0.25314577455228005 -0.028333773271384644
FixedParameters: 0 0 0
#Transform 96
Transform: MatrixOffsetTransformBase_double_3_3
Parameters: 0.9999968709101678 -0.0017330875740241614 0.0017678957460531032 0.0017339134055230775 0.9999987281992897 -0.000514936546092765 -0.0017671050365754054 0.000518064479982469 0.9999986091652179 -0.08856547996180097 -0.17364169281623276 -0.03327980363332017
FixedParameters: 0 0 0
#Transform 97
Transform: MatrixOffsetTransformBase_double_3_3
Parameters: 0.999997269665529 -0.001797649854720762 0.0012239824929533814 0.001799347794112903 0.9999975487852648 -0.0011017995926541192 -0.0012220149988164941 0.0011041987263822666 0.9999982876605652 -0.11286384159107854 -0.154707335223236 -0.0467287950972235
FixedParameters: 0 0 0
#Transform 98
Transform: MatrixOffsetTransformBase_double_3_3
Parameters: 0.9999970820610361 -0.0018699865843855314 0.0011921629321972164 0.0018720116718146003 0.9999966415593778 -0.0016897718751844302 -0.0011888370717772036 0.0016912267340558449 0.9999977249125374 -0.13185025768339642 -0.2195573284558492 -0.049849616297066746
FixedParameters: 0 0 0
#Transform 99
Transform: MatrixOffsetTransformBase_double_3_3
Parameters: 0.9999977896852257 -0.0015613415310930209 0.0016654979058484656 0.0015636580236435952 0.9999970065790396 -0.0015963996394254833 -0.001662505709137293 0.0015985996519483727 0.9999976790851993 -0.12737989211296963 -0.15731995339304206 -0.04588993660517815
FixedParameters: 0 0 0
#Transform 100
Transform: MatrixOffsetTransformBase_double_3_3
Parameters: 0.9999979712400358 -0.0015556697432020452 0.0007806549101988592 0.0015553277056146878 0.9999984027575153 -0.00042078617035329205 -0.0007803436225744042 0.0004222143056303547 0.9999992131575376 -0.16589304100735092 -0.22924262746710156 -0.004587023891701847
FixedParameters: 0 0 0
#Transform 101
Transform: MatrixOffsetTransformBase_double_3_3
Parameters: 0.999998780324406 -0.001303739262224492 0.000721471074226822 0.0013032609073920871 0.9999991702042694 -0.00036106004849971587 -0.0007215286422066526 0.0003619410001910674 0.9999993487552069 -0.15658362528155578 -0.21200654484667325 -0.010214468961308398
FixedParameters: 0 0 0
#Transform 102
Transform: MatrixOffsetTransformBase_double_3_3
Parameters: 0.9999987944684297 -0.0012476313889276556 0.0008061216163570273 0.001248367588858574 0.999997554190546 -0.0016989955525735909 -0.0008038796595674027 0.0017000048354788842 0.9999984636694607 -0.13518869054551885 -0.14200161552072643 -0.027169773058943747
FixedParameters: 0 0 0
#Transform 103
Transform: MatrixOffsetTransformBase_double_3_3
Parameters: 0.9999987481759234 -0.0013887109121611283 0.0011503496659018425 0.0013892893625573229 0.999999007425101 -0.00025040231750650204 -0.0011496509984233083 0.00025259702100970664 0.9999996142465166 -0.12630207829285212 -0.19830467909466165 -0.041000577339460165
FixedParameters: 0 0 0
#Transform 104
Transform: MatrixOffsetTransformBase_double_3_3
Parameters: 0.9999991073713863 -0.0011727883775867673 0.0007189804647275799 0.0011742116309564027 0.99999777523604 -0.0016871577091744586 -0.0007170198972183977 0.0016878428573523995 0.999998636815264 -0.1411134975592745 -0.1506891050895689 -0.12445109578843017
FixedParameters: 0 0 0
#Transform 105
Transform: MatrixOffsetTransformBase_double_3_3
Parameters: 0.9999980690966803 -0.00115128083381629 0.0012664766125607466 0.00115471995992782 0.9999970523792387 -0.002148540542207641 -0.001264521008634595 0.0021494587897034193 0.9999967802993881 -0.14377731239260072 -0.17525730826959318 -0.14396836994018258
FixedParameters: 0 0 0
#Transform 106
Transform: MatrixOffsetTransformBase_double_3_3
Parameters: 0.999998151404142 -0.001257955089843952 0.001125410227854746 0.0012610410991883082 0.9999950776737832 -0.00270758260763542 -0.0011215875073830874 0.002709412707467509 0.9999954017613992 -0.14210321470956444 -0.22811360318664242 -0.14545459560892482
FixedParameters: 0 0 0
#Transform 107
Transform: MatrixOffsetTransformBase_double_3_3
Parameters: 0.9999984696249291 -0.001286931966245914 0.001369888606043386 0.0012890660910573175 0.9999963144831294 -0.0022412363037480954 -0.0013661132061460867 0.0022427602788993198 0.9999961020002478 -0.1410444252298646 -0.17068246105023377 -0.09161169815270398
FixedParameters: 0 0 0
#Transform 108
Transform: MatrixOffsetTransformBase_double_3_3
Parameters: 0.9999973575023652 -0.0014520236314791008 0.0015918052994369197 0.0014539772731151253 0.9999983449781814 -0.0012416886006658056 -0.001590194587737005 0.0012433120543633464 0.9999979249062595 -0.13533814382016374 -0.19998936556720537 -0.07129928115624296
FixedParameters: 0 0 0
#Transform 109
Transform: MatrixOffsetTransformBase_double_3_3
Parameters: 0.9999987507564152 -0.0011254753707766745 0.00099087494239333 0.0011285247995103324 0.9999962196998065 -0.0025508855737142845 -0.0009881238477314476 0.00255211591101029 0.9999965107198763 -0.13817489946364958 -0.1940869250670687 -0.11798658906032244
FixedParameters: 0 0 0
#Transform 110
Transform: MatrixOffsetTransformBase_double_3_3
Parameters: 0.9999985697405499 -0.001214755271254911 0.0009767966891965209 0.001217243552456955 0.9999962290342412 -0.0022998126272255775 -0.0009742018650714615 0.0023011850462339094 0.9999967560908605 -0.15140697360965305 -0.16622553011576713 -0.08039926992452706
FixedParameters: 0 0 0
#Transform 111
Transform: MatrixOffsetTransformBase_double_3_3
Parameters: 0.999998929891795 -0.0013530497834454568 0.000489633493002875 0.0013539490815740296 0.9999973811145733 -0.0019453394211250755 -0.00048636566453567366 0.0019466604383139414 0.9999979749346583 -0.14700834210194103 -0.23005826908095628 -0.06854419828354708
FixedParameters: 0 0 0
#Transform 112
Transform: MatrixOffsetTransformBase_double_3_3
Parameters: 0.9999977848661828 -0.0014960778558094844 0.0014061144485285394 0.0014989205862700236 0.9999964310829158 -0.0020788958241884834 -0.0014028848382775122 0.0020811023089935777 0.9999967009687697 -0.14833627402724403 -0.19504531395844538 -0.08730994782621337
FixedParameters: 0 0 0
#Transform 113
Transform: MatrixOffsetTransformBase_double_3_3
Parameters: 0.9999972312704969 -0.0017308171580374004 0.0016652712890739176 0.001733181835881629 0.999997280137473 -0.0013101167676609663 -0.001662728247316867 0.0013128808733099686 0.9999975110653602 -0.13591050054169784 -0.16987967139071714 -0.043971211887139816
FixedParameters: 0 0 0
#Transform 114
