#Insight Transform File V1.0
#Transform 0
Transform: MatrixOffsetTransformBase_double_3_3
Parameters: 0.9999988921840566 -0.0007431947857937315 0.0007448040573472243 0.0007448051393469239 0.9999992768209499 -0.0010814461639427578 -0.0007441947845162726 0.001081553979912843 0.9999992760769502 -0.1677041365303893 -0.16407831429091857 -0.33030730914225614
FixedParameters: 0 0 0
#Transform 1
Transform: MatrixOffsetTransformBase_double_3_3
Parameters: 0.9999997980159782 -0.0005717070506806333 0.0009354050149572878 0.0005732941693327335 0.999996655025667 -0.0024524636954148904 -0.0009345963241345547 0.0024535342731802174 0.9999961085557868 -0.16795664723542814 -0.1593848248411831 -0.40213518819030014
FixedParameters: 0 0 0
#Transform 2
Transform: MatrixOffsetTransformBase_double_3_3
Parameters: 0.999998908823229 -0.0006119334317997221 0.0013104369614947281 0.0006150658341347197 0.9999971409824757 -0.0023411975477942667 -0.0013085639356964637 0.0023418043070528613 0.9999968025713314 -0.17175986468909343 -0.15850922923600308 -0.38317579941247004
FixedParameters: 0 0 0
#Transform 3
Transform: MatrixOffsetTransformBase_double_3_3
Parameters: 0.9999987656265886 -0.0010865979806043906 0.0014328254972720777 0.0010894037784639312 0.9999980005666268 -0.0016774410610265068 -0.0014311741633547443 0.0016785570989706373 0.9999971336866703 -0.16000592170880168 -0.21228371867955786 -0.3517722064350437
FixedParameters: 0 0 0
#Transform 4
Transform: MatrixOffsetTransformBase_double_3_3
Parameters: 0.9999986774165832 -0.0009124377717758158 0.0012206706356157056 0.0009155633322203636 0.9999956294121497 -0.0029208866774370445 -0.001218330116282814 0.0029221159306118813 0.999994977626057 -0.15999110578668763 -0.20948850691533494 -0.361746929737663
FixedParameters: 0 0 0
#Transform 5
Transform: MatrixOffsetTransformBase_double_3_3
Parameters: 0.9999980423024506 -0.0008981511551368306 0.0014663639088348763 0.0009018494486685739 0.9999962914731988 -0.0026256830785226356 -0.0014646361945864644 0.002627320985758135 0.9999959537801505 -0.1461952919948999 -0.12770910724773898 -0.3433407523559424
FixedParameters: 0 0 0
#Transform 6
Transform: MatrixOffsetTransformBase_double_3_3
Parameters: 0.999998937875927 -0.0011767995963351627 0.0012950029527928454 0.0011792004954460172 0.9999977206108708 -0.0016994748154681104 -0.0012929965697002065 0.0017015234835627013 0.9999974338588575 -0.13256533603154708 -0.18582485694109607 -0.3829430360870276
FixedParameters: 0 0 0
#Transform 7
Transform: MatrixOffsetTransformBase_double_3_3
Parameters: 0.9999970694550919 -0.001266245821622246 0.002080513897267503 0.0012717545188523662 0.9999957250125475 -0.0027673633283290706 -0.002076487418637438 0.0027696385802501748 0.9999940152008554 -0.12559340966562615 -0.21180371273213439 -0.3700932173368585
FixedParameters: 0 0 0
#Transform 8
Transform: MatrixOffsetTransformBase_double_3_3
Parameters: 0.9999961347788358 -0.001058566976598029 0.002396848438650307 0.001064430850297453 0.9999956639673415 -0.0026834562066979082 -0.002394148167551676 0.002686541866382449 0.9999930523161477 -0.1259616268133783 -0.13445160596610606 -0.3697173202590136
FixedParameters: 0 0 0
#Transform 9
Transform: MatrixOffsetTransformBase_double_3_3
Parameters: 0.9999972042110903 -0.0013594218005775866 0.0019870791620530087 0.001360576367085479 0.9999985199615296 -0.000792298303300991 -0.0019859194795472973 0.0007957015888504184 0.9999974233759971 -0.10486861217560772 -0.18809980036328966 -0.2496541603895821
FixedParameters: 0 0 0
#Transform 10
Transform: MatrixOffsetTransformBase_double_3_3
Parameters: 0.9999964530455168 0.00006690944203316598 0.0025576731114606618 -0.00005208840179789101 0.9999854243508299 -0.0054381518664852095 -0.00255832023338361 0.005437847464521453 0.9999818844762515 -0.12149934363702641 -0.17485690185435487 -0.23469894498265376
FixedParameters: 0 0 0
#Transform 11
Transform: MatrixOffsetTransformBase_double_3_3
Parameters: 0.999992720017636 -0.0006044116408620365 0.0038617957227184744 0.0006225888433610775 0.9999898662838888 -0.004554633233707358 -0.003859205458224849 0.004557370111342126 0.9999823390726426 -0.09116914515919916 -0.038435106741872005 -0.22333600190862057
FixedParameters: 0 0 0
#Transform 12
Transform: MatrixOffsetTransformBase_double_3_3
Parameters: 0.99999583843197 -0.0007309431022972978 0.002761488767486957 0.0007440584141613182 0.9999880735671948 -0.004729962400449717 -0.0027585104871074248 0.004732033433322877 0.9999849998208673 -0.0924237142995139 -0.06903399993026937 -0.13305753634989514
FixedParameters: 0 0 0
#Transform 13
Transform: MatrixOffsetTransformBase_double_3_3
Parameters: 0.9999939371086505 -0.000011875283921001183 0.0034732831755343464 0.00004612154950639256 0.9999514659699682 -0.009824893517263435 -0.0034727133258740405 0.009825094951143356 0.9999454047605812 -0.18291711993987292 -0.23761820476018158 -0.5825915045186321
FixedParameters: 0 0 0
#Transform 14
Transform: MatrixOffsetTransformBase_double_3_3
Parameters: 0.9999921994361668 0.00046340423826675593 0.0038193121411060744 -0.00042259994057740623 0.9999440330496834 -0.010572690475040898 -0.0038236792506112353 0.01057130451283267 0.9999366249979155 -0.12623383498390695 -0.20290445278560298 -0.3834831063426094
FixedParameters: 0 0 0
#Transform 15
Transform: MatrixOffsetTransformBase_double_3_3
Parameters: 0.9999912042720891 -0.00040555996082529937 0.004078224669166612 0.0004464382676353701 0.9999503894352646 -0.00992026434980664 -0.004073771742167683 0.009921737197475525 0.9999429566689356 -0.08855705497468591 -0.16593956481075622 -0.3824974148105156
FixedParameters: 0 0 0
#Transform 16
Transform: MatrixOffsetTransformBase_double_3_3
Parameters: 0.999992940985073 -0.0005820514156504067 0.0037041607964658704 0.0006199463625962151 0.9999475116635295 -0.01025177407761953 -0.0036978363356431764 0.010254222807163699 0.9999401750708954 -0.08885085163763051 -0.26737654006278433 -0.3809542062413982
FixedParameters: 0 0 0
#Transform 17
Transform: MatrixOffsetTransformBase_double_3_3
Parameters: 0.9999934229680649 -0.0005474726624878628 0.003643515608313889 0.0005835323217652209 0.999952459054798 -0.009756940032090926 -0.003638478986297426 0.009759058122518387 0.9999455216233979 -0.08980738602281235 -0.23208119798250948 -0.3923090102095017
FixedParameters: 0 0 0
#Transform 18
Transform: MatrixOffsetTransformBase_double_3_3
Parameters: 0.9999922150601406 -0.0009297581034760043 0.0037309596162546687 0.0009652429545938752 0.9999546650294816 -0.009455470226688656 -0.0037220381282363686 0.009458532129008526 0.999948675649812 -0.08874966877077384 -0.14610826544758027 -0.4189985397622138
FixedParameters: 0 0 0
#Transform 19
Transform: MatrixOffsetTransformBase_double_3_3
Parameters: 0.9999943053687903 -0.0007064258556325713 0.003346043152302458 0.0007385729474919462 0.9999525103986721 -0.009743587481410297 -0.0033389612559101742 0.009746417522366291 0.999946859806763 -0.09206856150052545 -0.23151021473162814 -0.3962130297332891
FixedParameters: 0 0 0
#Transform 20
Transform: MatrixOffsetTransformBase_double_3_3
Parameters: 0.9999945370896854 -0.0009465562215508374 0.00325051841010913 0.0009714474036683179 0.9999686684494457 -0.00783488607527537 -0.003243487715228575 0.007838113943679642 0.9999640449378667 -0.06567228149494042 -0.13435866280234166 -0.29305486717164797
FixedParameters: 0 0 0
#Transform 21
Transform: MatrixOffsetTransformBase_double_3_3
Parameters: 0.9999950393721342 -0.0007449631448996291 0.0028994861953364178 0.0007660325732603556 0.9999736917156895 -0.007260817109994447 -0.002893513155533195 0.0072631937827119485 0.9999698726625366 -0.06257234467047113 -0.0796434591460411 -0.2795994613390036
FixedParameters: 0 0 0
#Transform 22
Transform: MatrixOffsetTransformBase_double_3_3
Parameters: 0.9999959646473824 -0.0010517312913324803 0.0028160379452009717 0.0010722691688830098 0.999970664634226 -0.007562016692682555 -0.002807972800094338 0.0075649894859334465 0.9999678850071214 -0.06081521516250632 -0.1658110902919816 -0.2608397342679325
FixedParameters: 0 0 0
#Transform 23
Transform: MatrixOffsetTransformBase_double_3_3
Parameters: 0.9999960938362747 -0.0008483490977614856 0.002680622180390284 0.0008686529046902498 0.9999697716147383 -0.007711698526420323 -0.0026743787308722 0.007714295874387815 0.9999663395221027 -0.090183258993207 -0.18243429206792428 -0.3285256678354074
FixedParameters: 0 0 0
#Transform 24
Transform: MatrixOffsetTransformBase_double_3_3
Parameters: 0.9999941833204179 -0.0009663278677261685 0.003298930573414264 0.0009926749505848739 0.9999665102920193 -0.008093769503813252 -0.0032910721531407942 0.008096224539961458 0.9999616124927188 -0.07940461006207045 -0.08421370091610925 -0.31831943490898595
FixedParameters: 0 0 0
#Transform 25
Transform: MatrixOffsetTransformBase_double_3_3
Parameters: 0.9999945589142998 -0.0009228508086718064 0.0030966064091567476 0.0009471532782758166 0.9999670031432761 -0.008130114824450998 -0.003089400190012424 0.00813289885466577 0.9999623105442287 -0.08158347065538862 -0.17596332524254876 -0.33860808246384977
FixedParameters: 0 0 0
#Transform 26
Transform: MatrixOffsetTransformBase_double_3_3
Parameters: 0.9999945813930028 -0.0007087923743903821 0.003148950813191933 0.0007392063649690887 0.9999532558783918 -0.009601718170684045 -0.003142045321601534 0.009604272968052645 0.9999488856491825 -0.077030641057803 -0.20663132453123012 -0.40157841698029983
FixedParameters: 0 0 0
#Transform 27
Transform: MatrixOffsetTransformBase_double_3_3
Parameters: 0.9999947945313231 -0.0006775194772641554 0.0032784492854963762 0.0007074753079794378 0.9999559166919058 -0.00930473078925253 -0.003271560185182002 0.009307266769736372 0.9999516703550954 -0.07478718638189719 -0.15418350323376728 -0.39655531910423747
FixedParameters: 0 0 0
#Transform 28
Transform: MatrixOffsetTransformBase_double_3_3
Parameters: 0.9999959617361415 -0.0008943032689004462 0.002690649174671551 0.000917689855745125 0.9999638259627218 -0.008445561616753165 -0.0026823429399232546 0.008448429638630397 0.9999604293970515 -0.07460144146827474 -0.2343623017876979 -0.36874756261154573
FixedParameters: 0 0 0
#Transform 29
Transform: MatrixOffsetTransformBase_double_3_3
Parameters: 0.9999955560068121 -0.0007174666706438334 0.002815891977675588 0.0007435342120044109 0.9999554638457135 -0.009432943995094553 -0.0028091085647044514 0.00943505315915279 0.999951087139668 -0.07956605626530688 -0.21295453002095144 -0.402703081550257
FixedParameters: 0 0 0
#Transform 30
Transform: MatrixOffsetTransformBase_double_3_3
Parameters: 0.9999955260163733 -0.0007423526086354968 0.002814614598539632 0.0007666504984735654 0.9999615687897799 -0.00876587844744387 -0.0028083848996322564 0.008768121095690539 0.9999572333732363 -0.05894311328513879 -0.17102712709505852 -0.3523750380911821
FixedParameters: 0 0 0
#Transform 31
Transform: MatrixOffsetTransformBase_double_3_3
Parameters: 0.9999978546100515 -0.0008197853223014527 0.0021153566587049856 0.0008352114195705932 0.9999703856036427 -0.007675256797612814 -0.002108651856503044 0.007677752213921074 0.9999686097450001 -0.07653034413266369 -0.24425782242872174 -0.3656290387943244
FixedParameters: 0 0 0
#Transform 32
Transform: MatrixOffsetTransformBase_double_3_3
Parameters: 0.9999953323174391 -0.0007305222117281854 0.0028519116947729934 0.0007574770269746069 0.9999560474423453 -0.009293873206923025 -0.002845080415060142 0.00929611187153497 0.9999524868571436 -0.07860507242651238 -0.1673497079220283 -0.4072278902141022
FixedParameters: 0 0 0
#Transform 33
Transform: MatrixOffsetTransformBase_double_3_3
Parameters: 0.9999952298683261 -0.0010453369477625319 0.002945597662230516 0.0010716673314618262 0.9999586762383551 -0.009064886780749366 -0.002936403420986331 0.009068113027835051 0.999954147007235 -0.09481282692603088 -0.1430901420678765 -0.41059361859019816
FixedParameters: 0 0 0
#Transform 34
Transform: MatrixOffsetTransformBase_double_3_3
Parameters: 0.9999958548054951 -0.0007800540894581618 0.002745623218238349 0.0008029396169509973 0.999964365468321 -0.008365828825952295 -0.002738378025348661 0.008368169488593593 0.9999614732377642 -0.08238849975158757 -0.19631431369603547 -0.40990369125591997
FixedParameters: 0 0 0
#Transform 35
Transform: MatrixOffsetTransformBase_double_3_3
Parameters: 0.9999948460071811 -0.0009243722520332155 0.0032093853417367777 0.0009536244411545127 0.9999593447936067 -0.00892998612458076 -0.0032006116221005286 0.0089330052447997 0.9999549542792884 -0.08174129685214382 -0.20235203830402781 -0.41199956781595404
FixedParameters: 0 0 0
#Transform 36
Transform: MatrixOffsetTransformBase_double_3_3
Parameters: 0.9999953969142122 -0.0009499880843271946 0.002774983313655966 0.0009730124962231635 0.99996510946045 -0.008303333400270656 -0.0027670134501919055 0.00830566213594529 0.9999613553755865 -0.06858032915080514 -0.14041920693416898 -0.3873564570697283
FixedParameters: 0 0 0
#Transform 37
Transform: MatrixOffsetTransformBase_double_3_3
Parameters: 0.9999962179586225 -0.0008776882426223695 0.0024519973256757104 0.0008963115688477615 0.9999690073442931 -0.007885832166439611 -0.002445005543591091 0.007888175881467976 0.9999657988672542 -0.08619950573455526 -0.21083985956852302 -0.41238254436701993
FixedParameters: 0 0 0
#Transform 38
Transform: MatrixOffsetTransformBase_double_3_3
Parameters: 0.9999966535171946 -0.0008945474463470232 0.0025583212201235567 0.0009174593811934524 0.9999578680759121 -0.009180686712021099 -0.002550683022507777 0.009183315582921384 0.9999541633086433 -0.09028602127023078 -0.21630417670702684 -0.4639717627855049
FixedParameters: 0 0 0
#Transform 39
Transform: MatrixOffsetTransformBase_double_3_3
Parameters: 0.9999967096550069 -0.0009100854627146429 0.0023372517547852033 0.0009309124050998385 0.9999597975859179 -0.008962856893212686 -0.0023287486787700283 0.008965152037026539 0.9999572019159977 -0.08172757335137248 -0.17943931752033393 -0.41663134399932744
FixedParameters: 0 0 0
#Transform 40
Transform: MatrixOffsetTransformBase_double_3_3
Parameters: 0.9999969124044368 -0.000864488747780077 0.002518135399126299 0.0008845110712791095 0.9999666973631202 -0.008155800918621423 -0.0025108685444046176 0.008158198861519535 0.9999631392957875 -0.09441673381232363 -0.21744106814121267 -0.43797409278964494
FixedParameters: 0 0 0
#Transform 41
Transform: MatrixOffsetTransformBase_double_3_3
Parameters: 0.999996224990949 -0.0009828355272372667 0.002410319669129462 0.0010031608552214931 0.9999647881579734 -0.008378613684497745 -0.002401676681136169 0.008381392086495586 0.9999619852809757 -0.15775976332759 -0.18724052533782753 -0.40374445637934286
FixedParameters: 0 0 0
#Transform 42
Transform: MatrixOffsetTransformBase_double_3_3
Parameters: 0.999996911526677 -0.0006842050236184386 0.0023705051966197836 0.0007028000417328177 0.9999685061155577 -0.00793735771811513 -0.0023654949801278427 0.007938642196984877 0.9999653795468747 -0.13380168618162713 -0.1564604055952401 -0.4403649352659613
FixedParameters: 0 0 0
#Transform 43
Transform: MatrixOffsetTransformBase_double_3_3
Parameters: 0.9999964343899663 -0.0006984550678832694 0.0026606675483315566 0.0007165410946015457 0.9999779389032999 -0.006599116219458907 -0.0026553284440051354 0.0066008773312367245 0.9999743744157497 -0.10162221390351078 -0.21993503460866748 -0.36413011794246586
FixedParameters: 0 0 0
#Transform 44
Transform: MatrixOffsetTransformBase_double_3_3
Parameters: 0.9999961278582793 -0.00047136888041459654 0.002765596572927196 0.0004926332870948092 0.9999720480124498 -0.007463669522698708 -0.0027624006716226164 0.00746533406337818 0.9999686405270588 -0.12473092317611645 -0.22980094505689408 -0.40676693869646385
FixedParameters: 0 0 0
#Transform 45
Transform: MatrixOffsetTransformBase_double_3_3
Parameters: 0.9999964933599941 -0.0006566010079956532 0.0026598643297600535 0.000676401087006193 0.9999732649662891 -0.00729922793947106 -0.0026551332748017695 0.0073007704427834955 0.9999696467855562 -0.10970254346587183 -0.13114963913440647 -0.3639140506275709
FixedParameters: 0 0 0
#Transform 46
Transform: MatrixOffsetTransformBase_double_3_3
Parameters: 0.9999964746746254 -0.0008366497431936456 0.0024130235970830118 0.0008513554097243547 0.9999818490630976 -0.00595196685679906 -0.0024089748109368957 0.005954036672873757 0.9999797484290219 -0.09242417201683395 -0.18703035170022986 -0.3477651155265846
FixedParameters: 0 0 0
#Transform 47
Transform: MatrixOffsetTransformBase_double_3_3
Parameters: 0.9999963911087311 -0.0005585000710253993 0.002701678561135842 0.0005754968483866486 0.9999786616520957 -0.006481471009768833 -0.0026973278905075516 0.006482532278166026 0.9999756957449856 -0.10004959760264853 -0.19430827595539313 -0.35614425906088343
FixedParameters: 0 0 0
#Transform 48
Transform: MatrixOffsetTransformBase_double_3_3
Parameters: 0.9999972034984472 -0.0006970429080541624 0.0020764243992035356 0.0007129525140097499 0.9999702966685224 -0.007693541101523015 -0.002070574996219865 0.007695464778517645 0.9999684942295275 -0.10037167410689563 -0.1393850758632027 -0.2840543179369348
FixedParameters: 0 0 0
#Transform 49
Transform: MatrixOffsetTransformBase_double_3_3
Parameters: 0.999995151671865 -0.0014458074250812503 0.0027855175427693984 0.0014641879431956486 0.9999770846585477 -0.006539948954999102 -0.0027754800952600267 0.006544040308353462 0.9999744704292383 -0.10300643578985103 -0.18388509721047797 -0.3205112325085082
FixedParameters: 0 0 0
#Transform 50
Transform: MatrixOffsetTransformBase_double_3_3
Parameters: 0.9999939445578461 -0.001265152073596151 0.0032338349669792142 0.0012848431262007546 0.9999806128564057 -0.006142883352503663 -0.0032251650353921145 0.00614711867227897 0.9999758086985262 -0.07853300256908824 -0.17812215386412333 -0.358782169323959
FixedParameters: 0 0 0
#Transform 51
Transform: MatrixOffsetTransformBase_double_3_3
Parameters: 0.9999943267045118 -0.0004143836560585509 0.0033917110678803844 0.00043661008592792746 0.999979171444374 -0.0063745532639329795 -0.003388285467979376 0.006376438180328266 0.9999738602510777 -0.18255498380895574 -0.13938699738017135 -0.3650615128257755
FixedParameters: 0 0 0
#Transform 52
Transform: MatrixOffsetTransformBase_double_3_3
Parameters: 0.9999960764146351 -0.0025529460279636366 -0.0006372093951964434 0.0025530504958664484 0.9999964754602637 0.00008137341429733497 0.0006367907035859573 -0.00008262594113209422 0.9999995875063686 -0.47410923516626724 -0.16569979360623677 0.24149681487256203
FixedParameters: 0 0 0
#Transform 53
Transform: MatrixOffsetTransformBase_double_3_3
Parameters: 0.9999991384751997 -0.0013620731632508294 -0.00007975363327211668 0.0013619258483537657 0.9999983077307801 -0.0009151087675673806 0.00008124609322925968 0.0009148894857206038 0.9999991562951872 -0.4035105594930428 -0.13746935619397505 0.0912439045124529
FixedParameters: 0 0 0
#Transform 54
Transform: MatrixOffsetTransformBase_double_3_3
Parameters: 0.9999990796941395 -0.00095901185547116 -0.00002453965130172733 0.0009589878554747771 0.9999998499190234 -0.0004800239026575181 0.000025460291162981377 0.0004799759526647445 0.9999997689750356 -0.3337759879271829 -0.13529398748868005 0.02717887096520144
FixedParameters: 0 0 0
#Transform 55
Transform: MatrixOffsetTransformBase_double_3_3
Parameters: 0.9999985074158306 -0.0015779895139275666 -0.00005030447734697955 0.0015780088139173407 0.9999984726668489 0.000192920804784006 0.00004969536966970548 -0.0001930786047003982 0.9999999602510607 -0.349156592519293 -0.2244720499973738 -0.005544908954931316
FixedParameters: 0 0 0
#Transform 56
Transform: MatrixOffsetTransformBase_double_3_3
Parameters: 0.9999979437511178 -0.002013999724649126 -0.000007046307599924754 0.0020140000466491075 0.9999979432711179 0.000022985854694909164 0.000006953663605184895 -0.000023014050693308255 0.9999999994220012 -0.35426733733058313 -0.20015210111137094 -0.0008995787198387006
FixedParameters: 0 0 0
#Transform 57
Transform: MatrixOffsetTransformBase_double_3_3
Parameters: 0.9999987509347372 -0.0017980611138811299 0.0001271565494572361 0.0017979413908176158 0.9999985467606288 0.00046922945492875953 -0.0001278448738223959 -0.0004697709632160326 0.9999997633132743 -0.27727539190719597 -0.09600593998729323 -0.015262699930829626
FixedParameters: 0 0 0
#Transform 58
Transform: MatrixOffsetTransformBase_double_3_3
Parameters: 0.9999978165923008 -0.002273991291405019 0.00011121578681442886 0.0022740123814220504 0.9999978198883035 -0.00009474737751505099 -0.00011078372646551029 0.00009525220592273479 0.9999999786540468 -0.29130184179184937 -0.19855954233543116 -0.0013932824820415135
FixedParameters: 0 0 0
#Transform 59
Transform: MatrixOffsetTransformBase_double_3_3
Parameters: 0.999998247349688 -0.001797695138478901 0.0007217627567729786 0.0017983065465202166 0.999998587415711 -0.00042370282063163613 -0.0007202380526699471 0.000424295540671689 0.9999993003827594 -0.2804109129953787 -0.1507311722764797 -0.02789793398500251
FixedParameters: 0 0 0
#Transform 60
Transform: MatrixOffsetTransformBase_double_3_3
Parameters: 0.9999972377337524 -0.0021118193692595657 0.001141187951652618 0.002113181452483542 0.9999974640377896 -0.0010345914911243004 -0.0011388108442617355 0.001037407998587436 0.9999986271009809 -0.23992541994390137 -0.0996431738454504 -0.04510934198692951
FixedParameters: 0 0 0
#Transform 61
Transform: MatrixOffsetTransformBase_double_3_3
Parameters: 0.9999975547875644 -0.0020529938057083966 0.0004800234622236995 0.00205300484570348 0.9999977850554619 -0.000011014531094727873 -0.00047997624324472825 0.000011985412662350112 0.9999997694675782 -0.23835218462244256 -0.17571597257672522 -0.014116393364432156
FixedParameters: 0 0 0
#Transform 62
Transform: MatrixOffsetTransformBase_double_3_3
Parameters: 0.9999976374664349 -0.0020329292853623264 0.00047929770895137065 0.0020330696323084337 0.9999978454453552 -0.00014602584292659147 -0.0004787020401801054 0.00014697345856271038 0.9999997490966244 -0.24668489105465596 -0.19481104514611047 -0.021789662017866362
FixedParameters: 0 0 0
#Transform 63
Transform: MatrixOffsetTransformBase_double_3_3
Parameters: 0.9999980543999946 -0.0016799618892544348 0.0003511740331308807 0.001680034897184609 0.9999981667848872 -0.00010341011709671645 -0.00035082459346509094 0.00010458947596875657 0.9999998659832621 -0.2624303979268774 -0.12576720568830524 -0.01443614507971347
FixedParameters: 0 0 0
#Transform 64
Transform: MatrixOffsetTransformBase_double_3_3
Parameters: 0.9999973276033157 -0.0021369917371027087 0.00032504614528929384 0.0021370057120933057 0.999997432766245 -0.000021305416664427065 -0.0003249542543511236 0.000021694468402649525 0.999999893912589 -0.25911551724603044 -0.21985903333931844 -0.012815694672980271
FixedParameters: 0 0 0
#Transform 65
Transform: MatrixOffsetTransformBase_double_3_3
Parameters: 0.9999972741774541 -0.0021549247915717226 0.00028655303608618584 0.0021550717954553138 0.9999972899244416 -0.0002563829529770813 -0.00028544536696331987 0.000257615612000971 0.9999998521554128 -0.26265001084981066 -0.19590792038160032 -0.02664463375275261
FixedParameters: 0 0 0
#Transform 66
Transform: MatrixOffsetTransformBase_double_3_3
Parameters: 0.9999980791604026 -0.001613842715631058 0.0005624475687630916 0.0016141546253198198 0.9999983179981643 -0.0002770923775040599 -0.0005615517996569326 0.0002779065136916762 0.9999996071498778 -0.2361344174430826 -0.11645969730396644 -0.02163983652255297
FixedParameters: 0 0 0
#Transform 67
Transform: MatrixOffsetTransformBase_double_3_3
Parameters: 0.999997988041335 -0.0019418493631641492 0.0004905971037441086 0.0019421510211320183 0.9999981340753195 -0.00030704777129484366 -0.0004904027717648079 0.0003079528751984366 0.9999996648531563 -0.24729545102479733 -0.2060016774316864 -0.016360417967433705
FixedParameters: 0 0 0
#Transform 68
Transform: MatrixOffsetTransformBase_double_3_3
Parameters: 0.9999980440106928 -0.0017150672581486847 -0.00012104961410829015 0.0017149325141841841 0.9999987513025064 -0.000554208529988319 0.00012195155087066604 0.0005547917838346552 0.9999996777672623 -0.2677534920120479 -0.14505440707819162 -0.030468318575401554
FixedParameters: 0 0 0
#Transform 69
Transform: MatrixOffsetTransformBase_double_3_3
Parameters: 0.9999979380694417 -0.001983929706962913 0.000354394072088268 0.001984070443948652 0.9999980243374331 -0.00019829724590599137 -0.0003546064220667501 0.00019870390386478355 0.9999998349272496 -0.25727888690613554 -0.13320518630087008 -0.007156744372650792
FixedParameters: 0 0 0
#Transform 70
Transform: MatrixOffsetTransformBase_double_3_3
Parameters: 0.9999967681345148 -0.002448903018715423 0.0004844882163808483 0.00244909613466296 0.9999969625904621 -0.00019881402998891552 -0.0004835110656463073 0.0002001846646165602 0.9999997259437113 -0.2518962098068016 -0.2048864147476479 -0.01368054600672508
FixedParameters: 0 0 0
#Transform 71
Transform: MatrixOffsetTransformBase_double_3_3
Parameters: 0.999998423486786 -0.0014904218530185451 0.0005954498394639776 0.0014915781565709451 0.9999988311599809 -0.0009721138374074956 -0.0005935498415562924 0.0009728866377766853 0.9999997008123963 -0.26343416709643463 -0.11960354557162134 -0.007033873041308425
FixedParameters: 0 0 0
#Transform 72
Transform: MatrixOffsetTransformBase_double_3_3
Parameters: 0.9999978309750716 -0.0020047419729211442 0.00038633833256331387 0.0020052572836044436 0.9999975344142539 -0.0006672263289345338 -0.00038566165397918844 0.0006677741905978278 0.9999994054471041 -0.24718491391996622 -0.141961394376537 -0.024994191003173682
FixedParameters: 0 0 0
#Transform 73
Transform: MatrixOffsetTransformBase_double_3_3
Parameters: 0.9999976655239894 -0.002196492686058385 0.0007135688301236121 0.002197510137216832 0.999997663384989 -0.0007134337021025688 -0.0007114315107907687 0.0007145644332786569 0.9999989825471944 -0.26535760595672286 -0.20958685090757 -0.058159851616821356
FixedParameters: 0 0 0
#Transform 74
Transform: MatrixOffsetTransformBase_double_3_3
Parameters: 0.9999986992622383 -0.001648546713776446 0.0007631476134111271 0.0016504533628849047 0.9999966367681211 -0.0019077430505206514 -0.0007598514622236278 0.0019092552426066712 0.9999977777401857 -0.25277485701975877 -0.16364163882478522 -0.08609680112316198
FixedParameters: 0 0 0
#Transform 75
Transform: MatrixOffsetTransformBase_double_3_3
Parameters: 0.999997844134232 -0.0019373526567354029 0.0006349753700222091 0.0019376453846782478 0.9999972067093565 -0.0010187716400866828 -0.0006330248034030539 0.0010202283928022542 0.9999995586618976 -0.22860618517819375 -0.19124753543491124 -0.031127539781692803
FixedParameters: 0 0 0
#Transform 76
Transform: MatrixOffsetTransformBase_double_3_3
Parameters: 0.9999974419374169 -0.0020995640201738547 0.00038836141047194896 0.002099435896151266 0.9999973264653964 -0.001124187734205391 -0.00038663752616801113 0.001125814848492267 0.9999995842157945 -0.26508171790501933 -0.20991497145571714 -0.04399084096013439
FixedParameters: 0 0 0
#Transform 77
Transform: MatrixOffsetTransformBase_double_3_3
Parameters: 0.9999976742863727 -0.0016991528645876161 0.0011986231077156404 0.0017018483553785622 0.9999977274403882 -0.0015419641644632551 -0.001196375354056075 0.0015440368680714554 0.9999981851385226 -0.25338605173625695 -0.14205881015344346 -0.06841596069693878
FixedParameters: 0 0 0
#Transform 78
Transform: MatrixOffsetTransformBase_double_3_3
Parameters: 0.9999974032435821 -0.0020131626889062985 0.0012423589177619038 0.0020138381508713723 0.9999974908595777 -0.0006734998041756472 -0.001241642700798937 0.0006755013480721543 0.9999990024814994 -0.20943723960832017 -0.22050957356660206 -0.04172714657572385
FixedParameters: 0 0 0
#Transform 79
Transform: MatrixOffsetTransformBase_double_3_3
Parameters: 0.999997607846047 -0.002175231351607302 0.0008130609923454603 0.0021757700939898567 0.9999973694328775 -0.000946233902910045 -0.0008109384118382396 0.0009487669207087126 0.9999994428973501 -0.24828127261760358 -0.2266988420064706 -0.05767386544140152
FixedParameters: 0 0 0
#Transform 80
Transform: MatrixOffsetTransformBase_double_3_3
Parameters: 0.999997376760866 -0.002177300797920131 0.0009396249227226613 0.002177701789249043 0.9999977019661327 -0.0007449563440467298 -0.0009383760846983083 0.0007470456977605117 0.9999995617596583 -0.24256979295969927 -0.13792134797569133 -0.05635973579261133
FixedParameters: 0 0 0
#Transform 81
Transform: MatrixOffsetTransformBase_double_3_3
Parameters: 0.9999965946392871 -0.0025934545867365164 0.0008237252652735259 0.002594548513997175 0.9999968289215573 -0.0006638658330490845 -0.0008212752384500777 0.0006661329736617718 0.9999998812670747 -0.23914354825660666 -0.20101597165455587 -0.028705993606138236
FixedParameters: 0 0 0
#Transform 82
Transform: MatrixOffsetTransformBase_double_3_3
Parameters: 0.9999968082812595 -0.0022943606636249324 0.0013877148779250321 0.0022966397435592936 0.9999963323590643 -0.0011808171731026486 -0.0013852860089292622 0.0011841826094823851 0.9999986793040264 -0.2691326727627228 -0.21126651132550478 -0.06312384992615705
FixedParameters: 0 0 0
#Transform 83
Transform: MatrixOffsetTransformBase_double_3_3
Parameters: 0.9999973084121726 -0.0021269118655062244 0.0010801463595988433 0.0021280903008483593 0.9999974556502155 -0.0010077043565667597 -0.0010788530542233576 0.0010102976373196667 0.9999988165946107 -0.2273693655379958 -0.11263124011057357 -0.033450202536513984
FixedParameters: 0 0 0
#Transform 84
Transform: MatrixOffsetTransformBase_double_3_3
Parameters: 0.9999972964837934 -0.0022552861443378247 0.0007860532321740178 0.002255714847538622 0.9999970846086942 -0.000909229772867823 -0.000783948214188063 0.000910770915589668 0.9999995556718515 -0.23032240024501505 -0.20093762633544543 -0.03770537760944137
FixedParameters: 0 0 0
#Transform 85
Transform: MatrixOffsetTransformBase_double_3_3
Parameters: 0.9999978402219829 -0.0017882056267175678 0.0009802794195751165 0.001790792811373078 0.9999964377927117 -0.0018322475268301756 -0.0009767191044253165 0.001833749583049597 0.9999976826440649 -0.24735024776963144 -0.17931013110194272 -0.07024775092996549
FixedParameters: 0 0 0
#Transform 86
Transform: MatrixOffsetTransformBase_double_3_3
Parameters: 0.9999981432151643 -0.001486660753917491 0.0008044783832921086 0.0014873380224892235 0.9999970132688787 -0.0016658055076361998 -0.0008025236925281478 0.0016661951213898293 0.9999985788258888 -0.23792560704194443 -0.12884842747648406 -0.052965705388601236
FixedParameters: 0 0 0
#Transform 87
Transform: MatrixOffsetTransformBase_double_3_3
Parameters: 0.9999972177526002 -0.0019932643415519835 0.0008996288914021162 0.0019937333103410707 0.9999973584645371 -0.000816208282919588 -0.0008983715079676101 0.0008177926002070592 0.999999524307563 -0.24798536175256913 -0.19879315908534068 -0.03528236732451262
FixedParameters: 0 0 0
#Transform 88
Transform: MatrixOffsetTransformBase_double_3_3
Parameters: 0.9999985303374396 -0.001464239122127671 0.0005709544939445375 0.001464760453997049 0.9999980743455537 -0.0013341653147183048 -0.0005690457394227854 0.00133483484655055 0.9999988942073484 -0.2640795708496313 -0.18020780318596508 -0.08751690307032334
FixedParameters: 0 0 0
#Transform 89
Transform: MatrixOffsetTransformBase_double_3_3
Parameters: 0.9999977371636373 -0.0018834737379480916 0.0008454051060202048 0.0018855229928621924 0.9999961815964618 -0.00180640909878461 -0.0008415926310404336 0.0018085882526298776 0.9999980214474866 -0.23459916952802473 -0.164363043119522 -0.060379073735802535
FixedParameters: 0 0 0
#Transform 90
Transform: MatrixOffsetTransformBase_double_3_3
Parameters: 0.9999978378307778 -0.001599953608654342 0.0012655917252097425 0.0016020480671081387 0.9999978156267729 -0.0016179763105592354 -0.001263407675736535 0.001620025247003169 0.999997779870765 -0.2303074362624784 -0.24826433697629113 -0.09066988820380573
FixedParameters: 0 0 0
#Transform 91
Transform: MatrixOffsetTransformBase_double_3_3
Parameters: 0.9999977012039833 -0.0018175851782229362 0.0009974138063496996 0.001820414917687721 0.9999958008883427 -0.002426189411111866 -0.000992584359263139 0.002427809228805495 0.9999961196312824 -0.27337092269273455 -0.24593587852895382 -0.17877102168115755
FixedParameters: 0 0 0
#Transform 92
Transform: MatrixOffsetTransformBase_double_3_3
Parameters: 0.999998261687138 -0.0017486394711718888 0.000824168424588133 0.0017523643149913932 0.9999901625161817 -0.004094564875104809 -0.0008178299944919494 0.00409643921102038 0.9999915527418608 -0.3087717315407872 -0.23053013759138707 -0.32858798177639414
FixedParameters: 0 0 0
#Transform 93
Transform: MatrixOffsetTransformBase_double_3_3
Parameters: 0.9999976175093729 -0.0018945900059085463 0.0008912821443481352 0.0018974069285367043 0.999990655658292 -0.003839317515198795 -0.0008837189043465052 0.003841682930886553 0.9999924628280535 -0.28180254391656945 -0.2822059740760494 -0.2630391315239109
FixedParameters: 0 0 0
#Transform 94
Transform: MatrixOffsetTransformBase_double_3_3
Parameters: 0.9999980500343645 -0.0020963110673996688 0.0007446175769951612 0.00209968933931235 0.9999914105226401 -0.0036304467451023707 -0.0007363797318926472 0.003632553894919116 0.9999932638052378 -0.287715007097205 -0.3106545160501497 -0.2807083887641113
FixedParameters: 0 0 0
#Transform 95
Transform: MatrixOffsetTransformBase_double_3_3
Parameters: 0.9999981070802403 -0.0018943242033296365 0.0011427881261322826 0.0018986736184072289 0.9999895439501185 -0.0041048390059973 -0.0011342139910079916 0.0041071573605716855 0.9999908444894409 -0.26627051292825854 -0.18651441995966422 -0.21430466565760753
FixedParameters: 0 0 0
#Transform 96
Transform: MatrixOffsetTransformBase_double_3_3
Parameters: 0.9999951132497509 -0.0023585184871240963 0.001822811624385193 0.0023634801993810137 0.999994364190712 -0.0024597039683634807 -0.001817186016093899 0.0024642980366013614 0.9999956261207773 -0.24056535644001542 -0.22894457550468417 -0.12018996979635688
FixedParameters: 0 0 0
#Transform 97
Transform: MatrixOffsetTransformBase_double_3_3
Parameters: 0.9999970778131428 -0.002028827910187289 0.0008972039899348814 0.0020321717614800944 0.9999912886910984 -0.0035471852809939586 -0.0008907954982067198 0.003548815830161486 0.9999936123999121 -0.2612547260708453 -0.27516966244064633 -0.19127281620936287
FixedParameters: 0 0 0
#Transform 98
Transform: MatrixOffsetTransformBase_double_3_3
Parameters: 0.999998107370949 -0.0017078878070309446 0.0009874017118048559 0.001711113025198365 0.9999930919723539 -0.003159313647302102 -0.000982597637024081 0.003160681374100883 0.9999940441455177 -0.23591035473668853 -0.18432402654288182 -0.1944419444432981
FixedParameters: 0 0 0
#Transform 99
Transform: MatrixOffsetTransformBase_double_3_3
Parameters: 0.9999980966316441 -0.001778603525785861 0.0013185951276580704 0.0017823993174372293 0.9999951682283701 -0.0025796557702856206 -0.001314404156834778 0.0025823438414550723 0.9999956052435602 -0.22585768167218134 -0.2651134544399696 -0.14731630083285552
FixedParameters: 0 0 0
#Transform 100
Transform: MatrixOffsetTransformBase_double_3_3
Parameters: 0.9999968091674498 -0.002267652770456928 0.0010244430703215872 0.002270349545602558 0.9999920964441952 -0.0032786847950542967 -0.0010175606289499245 0.003280318118142499 0.9999942023823091 -0.23735350097912544 -0.2384037675114854 -0.17778130857099939
FixedParameters: 0 0 0
#Transform 101
Transform: MatrixOffsetTransformBase_double_3_3
Parameters: 0.9999961493750437 -0.002387673503984806 0.0010716875718831018 0.002392324784656214 0.9999888528541278 -0.004052450621457777 -0.0010623093405619003 0.004055550906572211 0.9999914264913927 -0.22710991909667655 -0.18226048378504345 -0.17270704460659658
FixedParameters: 0 0 0
#Transform 102
Transform: MatrixOffsetTransformBase_double_3_3
Parameters: 0.9999965040802948 -0.0025541717636424406 0.0009863600781460534 0.0025568309888591603 0.9999931749512678 -0.0028784915919544693 -0.0009786403298078943 0.00288151317160951 0.999995740250371 -0.2338041828659243 -0.23788943479941338 -0.1825782423342588
FixedParameters: 0 0 0
#Transform 103
Transform: MatrixOffsetTransformBase_double_3_3
Parameters: 0.9999971946749594 -0.002076463262629453 0.0007035301515318643 0.0020785339627487505 0.9999915469136342 -0.00362354806276029 -0.0006954702890675185 0.0036254544978701238 0.9999933736337393 -0.2595918432152615 -0.2491876579666581 -0.2139624817798449
FixedParameters: 0 0 0
#Transform 104
Transform: MatrixOffsetTransformBase_double_3_3
Parameters: 0.9999970808713192 -0.002303226202770227 0.0007841708909690486 0.0023067714823414333 0.999985203061106 -0.0048452032873207785 -0.0007728306775393004 0.0048467921996804275 0.9999879100550151 -0.245312135947799 -0.16262712161855575 -0.20172358110481525
FixedParameters: 0 0 0
#Transform 105
Transform: MatrixOffsetTransformBase_double_3_3
Parameters: 0.9999970847437079 -0.0020849907152292887 0.0007533750928564509 0.002088008476116319 0.9999895302075007 -0.004013434504944449 -0.0007456225008536316 0.004015562181749645 0.9999913219596526 -0.24456364909741524 -0.2515695758203549 -0.20524552614394054
FixedParameters: 0 0 0
#Transform 106
Transform: MatrixOffsetTransformBase_double_3_3
Parameters: 0.9999985901723276 -0.001645797995198779 0.0008373253913378983 0.001649202311086801 0.9999915438973499 -0.003838627750467315 -0.0008306741776953975 0.003840375792950252 0.9999925626072143 -0.2585696808213811 -0.265314847255425 -0.20654277060867798
FixedParameters: 0 0 0
#Transform 107
Transform: MatrixOffsetTransformBase_double_3_3
Parameters: 0.9999975059877542 -0.0019823866067948 0.0012503456979267163 0.001987613243020628 0.999991362284787 -0.0036995270161333353 -0.001242652654706754 0.0037024756435173538 0.999992748759908 -0.24029830507568306 -0.18763010776639533 -0.1922020456393767
FixedParameters: 0 0 0
#Transform 108
Transform: MatrixOffsetTransformBase_double_3_3
Parameters: 0.9999961249897316 -0.002471972801095313 0.001328522593507928 0.0024760271236643626 0.999992634612659 -0.0030387249950113177 -0.00132047813042633 0.003042278650139626 0.999995001006742 -0.22944407935374045 -0.2795955304687965 -0.1695394824213423
FixedParameters: 0 0 0
#Transform 109
Transform: MatrixOffsetTransformBase_double_3_3
Parameters: 0.9999968654080627 -0.002355919874284233 0.0007644441226119693 0.0023580810371284394 0.9999939697479313 -0.002733207014662508 -0.0007575559999212874 0.0027347943812825754 0.9999959460937033 -0.25542738282196353 -0.24836307418026138 -0.16282758566757138
FixedParameters: 0 0 0
#Transform 110
Transform: MatrixOffsetTransformBase_double_3_3
Parameters: 0.9999970528769743 -0.002193893477339742 0.0010655776625975047 0.0021981082957448356 0.9999859835215367 -0.004814671254426284 -0.0010554256320304278 0.004817329009051152 0.999987681304297 -0.28141716343694156 -0.19999252287331615 -0.1902358268100528
FixedParameters: 0 0 0
#Transform 111
Transform: MatrixOffsetTransformBase_double_3_3
Parameters: 0.9999959929258546 -0.0024361415704297505 0.0017527742410855423 0.002440861832730711 0.9999933363731223 -0.0027757336090253777 -0.001746225874280734 0.0027802659592745475 0.9999942219213666 -0.24005944260281353 -0.20422090840985163 -0.11937383198259965
FixedParameters: 0 0 0
#Transform 112
Transform: MatrixOffsetTransformBase_double_3_3
Parameters: 0.9999949667534246 -0.0024101496116727492 0.0017955266583035779 0.002414850659000514 0.9999938573508191 -0.002703676716260647 -0.0017894701514579703 0.002708325560606982 0.9999944644646033 -0.2650282807818627 -0.24368962962803664 -0.10684482973871923
FixedParameters: 0 0 0
#Transform 113
Transform: MatrixOffsetTransformBase_double_3_3
Parameters: 0.999996361219952 -0.0021791697346292484 0.0017002086123538843 0.002183829092188197 0.9999931413003299 -0.00284429528141758 -0.0016937914730931005 0.002847699320903613 0.9999940204396809 -0.23766284638703894 -0.1493413450907326 -0.09114360103811237
FixedParameters: 0 0 0
#Transform 114
Transform: MatrixOffsetTransformBase_double_3_3
