#Insight Transform File V1.0
#Transform 0
Transform: MatrixOffsetTransformBase_double_3_3
Parameters: 0.999999548416248 2.1033588440928371e-7 0.0006719996307005869 2.1033588440928371e-7 0.9999999020310538 -0.00031299982799000555 -0.0006719996307005869 0.00031299982799000555 0.9999994504473019 -0.20912812337898856 -0.04523453181903392 -0.23232645679856034
FixedParameters: 0 0 0
#Transform 1
Transform: MatrixOffsetTransformBase_double_3_3
Parameters: 0.9999992325995888 -0.000004999996162997944 0.0008759993277572398 0.000004999996162997944 0.9999999999749999 4.379996638786199e-9 -0.0008759993277572398 4.379996638786199e-9 0.9999992326245888 -0.19813171451539802 -0.05128495447998205 -0.2673995751068503
FixedParameters: 0 0 0
#Transform 2
Transform: MatrixOffsetTransformBase_double_3_3
Parameters: 0.9999995506691429 -0.0001820631264448475 0.0006449818679952055 0.00018293670604393122 0.9999999570899564 0.00009811798997021405 -0.0006450176379787895 -0.0000978825650782588 0.9999995743711321 -0.19107706636557964 -0.05593558094307127 -0.31467322732535763
FixedParameters: 0 0 0
#Transform 3
Transform: MatrixOffsetTransformBase_double_3_3
Parameters: 0.9999996420935505 0.00013859940255296914 0.0005818576161714331 -0.0001384004814373576 0.9999999199167121 -0.001030081496675907 -0.0005821429263372533 0.0010299202825822104 0.9999996003745263 -0.18661194955001292 -0.013510524172446026 -0.3156410285691891
FixedParameters: 0 0 0
#Transform 4
Transform: MatrixOffsetTransformBase_double_3_3
Parameters: 0.9999994050993677 0.0002491100761242078 0.0007299619501010436 -0.0002488896162603863 0.9999999151980524 -0.00015118167661477602 -0.0007300371480545938 0.0001508181368393353 0.9999994442993433 -0.1783229559424484 -0.03586018788699619 -0.27921450805142456
FixedParameters: 0 0 0
#Transform 5
Transform: MatrixOffsetTransformBase_double_3_3
Parameters: 0.999998975815066 0.0001188702312766538 0.0010050143049539762 -0.00011912952100677803 0.9999999691980322 0.0001288802708579343 -0.0010049836029859317 -0.0001291194606089792 0.9999989733350686 -0.16992698095731384 -0.04749980419813937 -0.28848417374446456
FixedParameters: 0 0 0
#Transform 6
Transform: MatrixOffsetTransformBase_double_3_3
Parameters: 0.999998476318935 -0.00020693016323099182 0.0015751396809228376 0.00020806901310953957 0.9999994959029309 -0.0006786726276950704 -0.0015748578962003176 0.0006793262520514311 0.9999980583343466 -0.14436443626155437 -0.0022911210473353094 -0.2819066235485934
FixedParameters: 0 0 0
#Transform 7
Transform: MatrixOffsetTransformBase_double_3_3
Parameters: 0.999999270615532 -0.0000720016494827889 0.0008509992352905188 0.00007199824548527173 0.9999999948120039 0.0000020612704965319737 -0.0008509995232903086 -0.0000019387265859141547 0.9999992757955283 -0.1576514724212501 -0.06347439338027527 -0.33172296080894625
FixedParameters: 0 0 0
#Transform 8
Transform: MatrixOffsetTransformBase_double_3_3
Parameters: 0.999999800858568 -0.00019214714250788737 0.0010781530440154465 0.00019285361763108716 0.9999993364714869 -0.0007917923700779814 -0.001077848315962306 0.0007912074009759708 0.9999992114424651 -0.16564516938217366 -0.06654833142658845 -0.36550907591607995
FixedParameters: 0 0 0
#Transform 9
Transform: MatrixOffsetTransformBase_double_3_3
Parameters: 0.9999992938456272 -0.00012104838092034222 0.0008311388447207146 0.0001219525169048088 0.9999996742116206 -0.001144899429330187 -0.0008318606087083145 0.0011451014843267156 0.9999989975816322 -0.1593883924990962 -0.031813106575327765 -0.34204360609631124
FixedParameters: 0 0 0
#Transform 10
Transform: MatrixOffsetTransformBase_double_3_3
Parameters: 0.9999992818324616 -0.00029339462355380504 0.0007952237909837459 0.0002936054094909804 0.999999333975446 -0.0007617668379555825 -0.0007947767901169744 0.0007612335031145428 0.9999997880923106 -0.15261646084948666 -0.09200239665224785 -0.3363515820244771
FixedParameters: 0 0 0
#Transform 11
Transform: MatrixOffsetTransformBase_double_3_3
Parameters: 0.9999993539061979 -0.00020138659409596138 0.0012670979196086148 0.00020261305024270722 0.999999724940242 -0.00048374363988005955 -0.0012669023835852186 0.00048425550794130474 0.9999991604541746 -0.14295351118468602 -0.032063334462719695 -0.33776969326351036
FixedParameters: 0 0 0
#Transform 12
Transform: MatrixOffsetTransformBase_double_3_3
Parameters: 0.9999990565648071 -0.00011004744295872947 0.0009651087815674637 0.00011095331903247492 1.000000012632885 -0.0009878939304223545 -0.0009648905435496975 0.0009871071953583082 0.9999990936178103 -0.16081422042833537 -0.025762114142679593 -0.32657841323140246
FixedParameters: 0 0 0
#Transform 13
Transform: MatrixOffsetTransformBase_double_3_3
Parameters: 0.9999999721500064 -0.00014696465354217396 0.00007906569099998387 0.0001470352795260953 0.9999997785820505 -0.00044698828523909406 -0.00007893427302990233 0.00044701151123380646 0.999999793950047 -0.16142052954944575 -0.07320826858064322 -0.37482457873151986
FixedParameters: 0 0 0
#Transform 14
Transform: MatrixOffsetTransformBase_double_3_3
Parameters: 0.9999997584694923 -0.000320275281259017 0.0010672182764211995 0.00032172426768998694 0.9999994359183962 -0.0006786570158519818 -0.0010667823582915451 0.0006793420300557246 0.9999994004693857 -0.14834545506518282 -0.049215695121745284 -0.33070854777822944
FixedParameters: 0 0 0
#Transform 15
Transform: MatrixOffsetTransformBase_double_3_3
Parameters: 0.9999995351738168 -0.00017800676693526153 0.0006582689646246415 0.00017899261120385532 0.999998691056443 -0.0015088817565477573 -0.0006577302520243169 0.0015091166623734783 0.9999982899547408 -0.16161640419301193 -0.029395348655725684 -0.34053327987442117
FixedParameters: 0 0 0
#Transform 16
Transform: MatrixOffsetTransformBase_double_3_3
Parameters: 0.9999997612636665 -0.0001753244122425956 0.0004562600028507661 0.00017567508509107034 0.9999987758380924 -0.0014809195600969732 -0.0004557401720753841 0.0014810796160278133 0.9999985987021689 -0.17421091459937088 -0.08955172442816206 -0.36846050003551056
FixedParameters: 0 0 0
#Transform 17
Transform: MatrixOffsetTransformBase_double_3_3
Parameters: 0.9999994688157574 -0.0005473295900450496 0.00048076429790356424 0.0005486706654032036 0.9999987522751003 -0.0013957362919929386 -0.00048023482915697096 0.0013952629202194967 0.9999988216990671 -0.18395826576458774 -0.08845541298428827 -0.37677195198085656
FixedParameters: 0 0 0
#Transform 18
Transform: MatrixOffsetTransformBase_double_3_3
Parameters: 0.9999994106285324 0.00033520869928105595 0.0006904146935586604 -0.00033379088778499964 0.9999988273553282 -0.0017492320970121222 -0.0006915851099681595 0.0017497698182002575 0.9999984617642004 -0.16839207835867853 -0.029918449674084968 -0.36110990113783714
FixedParameters: 0 0 0
#Transform 19
Transform: MatrixOffsetTransformBase_double_3_3
Parameters: 0.9999998174797415 0.000134288573603904 0.00040590444672094274 -0.00013471195231260188 0.9999994763889765 -0.0007110543207652012 -0.0004050957062773896 0.0007109452408402527 0.999999330049077 -0.1594386471558238 -0.07247283282571004 -0.3422922346610875
FixedParameters: 0 0 0
#Transform 20
Transform: MatrixOffsetTransformBase_double_3_3
Parameters: 0.9999999053760702 -0.0000677584496792551 0.00030005451716481283 0.0000682414493205559 0.9999993473514845 -0.0008049790021831491 -0.000299945037246118 0.0008050198021528488 0.999999261975548 -0.16714579692045106 -0.12549848663320518 -0.3580586983690779
FixedParameters: 0 0 0
#Transform 21
Transform: MatrixOffsetTransformBase_double_3_3
Parameters: 0.99999976639143 0.00017275358851106447 0.00045171219313548303 -0.00017224738402528409 0.9999981880200334 -0.0016680765015114967 -0.0004512876545667437 0.001667920733669731 0.9999980139242103 -0.18316647925064444 -0.06684199322967288 -0.34525887776902664
FixedParameters: 0 0 0
#Transform 22
Transform: MatrixOffsetTransformBase_double_3_3
Parameters: 0.9999992845225731 0.00010833712423150388 0.0008388283879951897 -0.00010666239066076424 0.9999984476057877 -0.0015940902034097966 -0.000839171097907348 0.001593909818456032 0.9999987552407088 -0.16712811843166264 -0.03772643882007287 -0.3306679702969717
FixedParameters: 0 0 0
#Transform 23
Transform: MatrixOffsetTransformBase_double_3_3
Parameters: 0.999999905043739 0.00016833398038313725 0.0002577822407789293 -0.0001686657594587888 0.9999992945816 -0.0012950438972930095 -0.0002582186558784397 0.0012949569512731842 0.9999992564095913 -0.17192570050546863 -0.09523869491728476 -0.3825265883213973
FixedParameters: 0 0 0
#Transform 24
Transform: MatrixOffsetTransformBase_double_3_3
Parameters: 0.9999989296856121 0.0002140023056241072 0.0010123694607826535 -0.00021099816821235277 0.9999951635998567 -0.0029652142272891106 -0.0010126295895585369 0.0029647839136598526 0.9999951835978397 -0.17329795882922383 -0.03424463442441095 -0.3837545041000112
FixedParameters: 0 0 0
#Transform 25
Transform: MatrixOffsetTransformBase_double_3_3
Parameters: 0.9999995477668923 0.00047989158141382613 0.0004710937336445683 -0.00047910883743435527 0.9999981960849278 -0.001890226510424803 -0.0004719067256232459 0.0018907743414104353 0.9999982036929276 -0.18789272318970518 -0.06638981697109614 -0.3998988788400055
FixedParameters: 0 0 0
#Transform 26
Transform: MatrixOffsetTransformBase_double_3_3
Parameters: 0.9999994745853719 0.00013926356911534427 0.0007117538565773181 -0.00013773774162104244 0.9999988301881628 -0.0017750995430551094 -0.0007112455334126435 0.001774902456991262 0.9999983431380051 -0.18134443418800572 -0.12505047289273818 -0.4006955107975614
FixedParameters: 0 0 0
#Transform 27
Transform: MatrixOffsetTransformBase_double_3_3
Parameters: 0.9999990016347006 0.00006763281880834786 0.0009968243736528182 -0.00006436665672101812 0.9999970207466476 -0.0026410668696161257 -0.0009971729856621393 0.002640935265612607 0.9999960310926213 -0.17218197448397632 -0.029455790584265173 -0.3708984134135136
FixedParameters: 0 0 0
#Transform 28
Transform: MatrixOffsetTransformBase_double_3_3
Parameters: 0.9999998505262563 -0.0001924629992198093 0.000335308610959657 0.00019353633845142843 0.9999983963472971 -0.0016019341982091873 -0.00033469023940233607 0.001602063508116617 0.999998321371351 -0.18000238337279484 -0.07783830056858676 -0.3702093968158806
FixedParameters: 0 0 0
#Transform 29
Transform: MatrixOffsetTransformBase_double_3_3
Parameters: 0.9999997491785927 0.00013972994164151552 0.0004807883898218227 -0.00013927010589609375 0.9999986777331858 -0.0015170665001086792 -0.0004812117725874259 0.0015179323006293474 0.9999984658323032 -0.20249680099988154 -0.10400401117489366 -0.4362956460130505
FixedParameters: 0 0 0
#Transform 30
Transform: MatrixOffsetTransformBase_double_3_3
Parameters: 0.9999991780736297 0.0005685008103742424 -0.000706018992850569 -0.0005714985642210237 0.9999931115900343 -0.0035445945131645394 0.0007039782526778994 0.0035443982154364988 0.9999929394652729 -0.26849659449838725 -0.062208514811047166 -0.454097688665442
FixedParameters: 0 0 0
#Transform 31
Transform: MatrixOffsetTransformBase_double_3_3
Parameters: 0.9999993023463121 0.0005685243064990657 -0.0006123069963285422 -0.0005704734283546057 0.999991273111146 -0.004049649064501361 0.0006096940332033725 0.004050344995735685 0.9999912241191999 -0.2771870186690535 -0.11843705096330837 -0.44896245294582116
FixedParameters: 0 0 0
#Transform 32
Transform: MatrixOffsetTransformBase_double_3_3
Parameters: 0.999999468141204 0.0005986217996036167 -0.0004169855152137777 -0.0005993782279758828 0.9999946651888402 -0.0033127534603267787 0.0004150165282447674 0.0033132518305720453 0.9999948509339317 -0.20946847373653554 -0.14133908885897029 -0.4689403237771188
FixedParameters: 0 0 0
#Transform 33
Transform: MatrixOffsetTransformBase_double_3_3
Parameters: 0.9999997017340343 0.0005386365520755937 -0.00008922319147344816 -0.0005393627285677797 0.9999916855146012 -0.00412595590347899 0.00008677534381435273 0.004126050767543287 0.9999919682927929 -0.20096911167880194 -0.06524707114952832 -0.45091656146253456
FixedParameters: 0 0 0
#Transform 34
Transform: MatrixOffsetTransformBase_double_3_3
Parameters: 0.9999997429993077 0.0004896370559789983 -0.0001303704928115112 -0.0004903645359165654 0.999995931078635 -0.0027979365498790876 0.00012962844487519429 0.0027980639498681537 0.9999961542796159 -0.2127326294869505 -0.12329830606304881 -0.44653699555077253
FixedParameters: 0 0 0
#Transform 35
Transform: MatrixOffsetTransformBase_double_3_3
Parameters: 0.9999993860351578 0.00011440316989134582 -0.0007752367451807139 -0.0001165961700106961 0.9999977430575667 -0.002059909108485047 0.0007747608855887965 0.00206008813333152 0.9999971557730706 -0.20876610836647558 -0.16342252117991052 -0.4744359734286405
FixedParameters: 0 0 0
#Transform 36
Transform: MatrixOffsetTransformBase_double_3_3
Parameters: 0.9999996030209338 0.0003656590511217546 -0.0005129587783186172 -0.0003673409677129427 0.9999960195938049 -0.002616811971949406 0.0005120408805417242 0.00261618763510116 0.9999968912595931 -0.2367433569251176 -0.11785135548367975 -0.44998506956176243
FixedParameters: 0 0 0
#Transform 37
Transform: MatrixOffsetTransformBase_double_3_3
Parameters: 0.9999998214571637 0.00035140129729785505 -0.00023489779042634902 -0.0003515986571604213 0.9999963586315751 -0.0025529160882489005 0.0002341030289797898 0.0025530809421341026 0.9999964271935273 -0.23589916440400316 -0.13756037156679213 -0.45060434670392624
FixedParameters: 0 0 0
#Transform 38
Transform: MatrixOffsetTransformBase_double_3_3
Parameters: 0.9999996101176921 0.0003130096303227689 -0.0005405746172651698 -0.00031398927256789965 0.9999985418244247 -0.001832831438619861 0.0005394253259775886 0.001833170018704582 0.9999983485063764 -0.23097776484888755 -0.1647199071681058 -0.489225011476492
FixedParameters: 0 0 0
#Transform 39
Transform: MatrixOffsetTransformBase_double_3_3
Parameters: 0.9999996031391107 0.00037095706828589966 0.0005093041588350233 -0.0003700433842162303 0.9999983358410142 -0.001878189353214081 -0.0005096957588648832 0.001877811813185293 0.9999982135210047 -0.22774216518821788 -0.14906329571013544 -0.485198594004828
FixedParameters: 0 0 0
#Transform 40
Transform: MatrixOffsetTransformBase_double_3_3
Parameters: 0.9999995871655688 0.0006312455586082713 0.00011768845797883066 -0.0006317530702373193 0.9999972831212529 -0.0020780736890887 -0.00011931297279143585 0.002077924023198094 0.9999976678709717 -0.2160730116171692 -0.0836273556793401 -0.4536260061223345
FixedParameters: 0 0 0
#Transform 41
Transform: MatrixOffsetTransformBase_double_3_3
Parameters: 0.9999990670880602 0.00026010978421747054 0.0009304122538149243 -0.00025789089137769685 0.9999977936201521 -0.002267241896282446 -0.0009305865628023375 0.002266759896317251 0.9999969948702098 -0.2242135097798723 -0.17319685557781384 -0.49429309194323423
FixedParameters: 0 0 0
#Transform 42
Transform: MatrixOffsetTransformBase_double_3_3
Parameters: 0.9999997506011433 0.00027333263014375184 0.00041813169506597664 -0.0002716676177885777 0.9999947878640654 -0.0031841131538568068 -0.00041886697978121563 0.0031838850709451387 0.9999946869781045 -0.23940344301003336 -0.16241602718903891 -0.5194956626130107
FixedParameters: 0 0 0
#Transform 43
Transform: MatrixOffsetTransformBase_double_3_3
Parameters: 0.9999997786949055 0.0009418676562803047 0.0005779680636735234 -0.0009401333475911235 0.9999947332019004 -0.0032225453605782767 -0.0005810318868910283 0.0032214547381448837 0.9999942828647214 -0.23319743315633445 -0.07527901538753667 -0.5052159080750442
FixedParameters: 0 0 0
#Transform 44
Transform: MatrixOffsetTransformBase_double_3_3
Parameters: 0.9999994428372573 0.0006906352263894191 0.00028245159430777256 -0.000690363442277504 0.9999974921504542 -0.0022431971677025785 -0.0002845491811715158 0.0022428056535413613 0.9999978885686174 -0.2259862328051696 -0.1564214940270574 -0.5242671797351051
FixedParameters: 0 0 0
#Transform 45
Transform: MatrixOffsetTransformBase_double_3_3
Parameters: 0.999999831888622 0.0004011875723726692 0.0000851195490601616 -0.0004008122277428117 0.9999970211723938 -0.0021950323213896328 -0.00008587994031030896 0.002194963750457253 0.9999971746632421 -0.2431986975145719 -0.1580265420055298 -0.5382283953400275
FixedParameters: 0 0 0
#Transform 46
Transform: MatrixOffsetTransformBase_double_3_3
Parameters: 0.9999996351156922 0.0001765124653754739 0.0005775399896224755 -0.00017448605381889407 0.9999961152644624 -0.0026181011551060906 -0.0005784589074213977 0.0026178982771504844 0.99999681198031 -0.23203996088020062 -0.08310736791108297 -0.48517132041365585
FixedParameters: 0 0 0
#Transform 47
Transform: MatrixOffsetTransformBase_double_3_3
Parameters: 0.9999993701398631 0.0006887708812784533 0.0003941548216438109 -0.0006902279216930708 0.9999947526887181 0.00312572865620291 -0.0003918440585721863 -0.003126270603985177 0.9999950736505892 -0.2382100170496244 -0.09480838887081688 -0.2428295052534395
FixedParameters: 0 0 0
#Transform 48
Transform: MatrixOffsetTransformBase_double_3_3
Parameters: 0.9999984784502597 -0.0005133995805854105 0.0018047974032274461 0.0005025994715048454 0.9999799190720922 0.006310920829447629 -0.001808208939464054 -0.0063100854048999235 0.9999789136554329 -0.21930970761691526 -0.2628791249510982 -0.1585541976557323
FixedParameters: 0 0 0
#Transform 49
Transform: MatrixOffsetTransformBase_double_3_3
Parameters: 0.9999986750138639 0.0006846860096394422 0.0013626834763517744 -0.0006903113851012778 0.9999922899560696 0.003903066204100595 -0.001359316143878127 -0.0039039375854819374 0.9999919102849035 -0.19169850977274905 -0.10214819793449692 -0.16928893984434978
FixedParameters: 0 0 0
#Transform 50
Transform: MatrixOffsetTransformBase_double_3_3
Parameters: 0.9999992657305795 0.00031498161904003374 0.0007968007661472535 -0.0003170182887234588 0.9999964789750126 0.002533748866160323 -0.0007961992752407474 -0.0025342522550820773 0.9999969444179404 -0.20106235320939447 -0.08014505187745158 -0.1597490843871867
FixedParameters: 0 0 0
#Transform 51
Transform: MatrixOffsetTransformBase_double_3_3
Parameters: 0.9999992947343164 0.0005020283762917273 0.0006734731630966477 -0.0005039692317876694 0.9999951620796481 0.0029296588762051123 -0.0006715255816093834 -0.0029303354113322587 0.999994962831905 -0.19191003351539848 -0.17064585892538275 -0.1956880472102256
FixedParameters: 0 0 0
#Transform 52
Transform: MatrixOffsetTransformBase_double_3_3
Parameters: 0.9999990443360249 0.0006882269803285054 0.0006947605367017515 -0.0006897707741255596 0.999996997235968 0.002554524534889569 -0.0006922397414002761 -0.002555480179382964 0.9999969910139649 -0.19578589373169564 -0.12204249287732694 -0.19556178406837432
FixedParameters: 0 0 0
#Transform 53
Transform: MatrixOffsetTransformBase_double_3_3
Parameters: 0.9999995208183975 0.0005056492453984782 0.001106078304684206 -0.0005083509433952641 0.9999972209434002 0.0021264387404703817 -0.0011049220306855816 -0.002126559719470238 0.9999972558604001 -0.21738457070631512 -0.052154786670556064 -0.11671802797901876
FixedParameters: 0 0 0
#Transform 54
Transform: MatrixOffsetTransformBase_double_3_3
Parameters: 0.9999993685126937 -0.0007912460064089147 0.0000748228692373399 0.0007897509251643931 0.9998811700563621 0.015401071335857488 -0.00008717328025725944 -0.015400943268836544 0.9998817884214631 -0.24226907276224097 0.2814964776176083 0.35319088413373834
FixedParameters: 0 0 0
#Transform 55
Transform: MatrixOffsetTransformBase_double_3_3
Parameters: 0.9999980997962639 0.0006966280288626738 -0.001554278460712387 -0.00068537378466465 0.9999769071851895 0.0068280747168767844 0.0015587141884256066 -0.006826923608470223 0.9999749619561922 -0.3943854056665117 -0.05696453482477182 -0.5195653490495431
FixedParameters: 0 0 0
#Transform 56
Transform: MatrixOffsetTransformBase_double_3_3
Parameters: 0.9999985498305224 0.00009882627603436892 -0.0015624091243530138 -0.00008817608692289833 0.9999804518933331 0.006288146951815128 0.0015625850003548546 -0.00628785475981207 0.9999790192083181 -0.3324817007001144 -0.12195104665291012 -0.5050886430812511
FixedParameters: 0 0 0
#Transform 57
Transform: MatrixOffsetTransformBase_double_3_3
Parameters: 0.9999990037049205 0.0003647583986113184 -0.0013649503792753602 -0.00035724186951515996 0.9999836126888187 0.005679491837456667 0.0013670510137432962 -0.005679505576453188 0.9999828770380051 -0.3055981188053778 -0.1720113000563117 -0.47658613689100093
FixedParameters: 0 0 0
#Transform 58
Transform: MatrixOffsetTransformBase_double_3_3
Parameters: 0.9999981737995428 0.0008554515074319536 -0.0017589143345107768 -0.0008475475483376997 0.9999882395851675 0.0048005001945994686 0.0017630879360885858 -0.004798501191322718 0.999986863497977 -0.31051596553228933 -0.06941307952239129 -0.44645839699262524
FixedParameters: 0 0 0
#Transform 59
Transform: MatrixOffsetTransformBase_double_3_3
Parameters: 0.9999984000882216 0.0007580708468298084 -0.0014232554297753568 -0.0007509304803761487 0.9999878140735142 0.0049620756303973956 0.00142674238802021 -0.004960925290646517 0.9999863527108306 -0.3442835585907318 -0.10169500751436544 -0.5000832321518516
FixedParameters: 0 0 0
#Transform 60
Transform: MatrixOffsetTransformBase_double_3_3
Parameters: 0.9999998340077818 0.0010182514715338835 -0.0003594779282694156 -0.0010167487982536301 0.9999939826647966 0.0034613690220307585 0.0003635221057149898 -0.003461633367255977 0.9999938872917152 -0.3549795984165627 -0.060858340904204056 -0.5711611221011452
FixedParameters: 0 0 0
#Transform 61
Transform: MatrixOffsetTransformBase_double_3_3
Parameters: 0.9999994976349064 0.00010917955594923949 -0.000700663602741081 -0.00010682243636053373 0.999995316210636 0.0031100758663222985 0.0007003353677983547 -0.0031099245573486998 0.9999948371737195 -0.368824104728219 -0.001529959165381456 -0.5573612739881355
FixedParameters: 0 0 0
#Transform 62
Transform: MatrixOffsetTransformBase_double_3_3
Parameters: 0.9999995142609285 0.0006119310094539808 -0.0010543043718637744 -0.0006090704720268354 0.9999959127676497 0.0027776429387459784 0.0010556957085851434 -0.0027773547798036857 0.999995172451798 -0.370145817365227 -0.07149104298558484 -0.6046421073995987
FixedParameters: 0 0 0
#Transform 63
Transform: MatrixOffsetTransformBase_double_3_3
Parameters: 0.9999987334591316 0.000778785413158581 -0.0012883200546300211 -0.0007752134769239398 0.9999977285030656 0.002161001601956659 0.0012906774757848805 -0.002159997716890714 0.999996669420996 -0.36845281902108695 -0.04452832902374837 -0.6478054124599169
FixedParameters: 0 0 0
#Transform 64
Transform: MatrixOffsetTransformBase_double_3_3
Parameters: 0.999998529214917 0.0009324347588862239 -0.001265208860100542 -0.0009295625273763511 0.9999974333821041 0.0019241785926517499 0.0012677904196600161 -0.0019228203678835216 0.9999976961190592 -0.34342975252114627 -0.0396537118808169 -0.5847150175250135
FixedParameters: 0 0 0
#Transform 65
Transform: MatrixOffsetTransformBase_double_3_3
Parameters: 0.999999166514273 0.0009086778810904935 -0.0010034827685730795 -0.0009073208375825931 0.9999983832909798 0.0016719124997459972 0.0010055173073345452 -0.0016700883260632644 0.9999981987339107 -0.3465770686462406 -0.11108230420059328 -0.5902961632868369
FixedParameters: 0 0 0
#Transform 66
Transform: MatrixOffsetTransformBase_double_3_3
Parameters: 0.9999995262007052 0.0010218365524035514 -0.0006556975028070518 -0.001021163751470445 0.9999983309108241 0.001275670052166069 0.0006563023297469166 -0.00127432984329932 0.9999989440377632 -0.3201018846128676 -0.02884702514089099 -0.5623853324176906
FixedParameters: 0 0 0
#Transform 67
Transform: MatrixOffsetTransformBase_double_3_3
Parameters: 0.9999990779847708 0.000854903796835337 -0.0004372368031760494 -0.0008540966069790089 0.9999980138529603 0.002063374977739076 0.00043876247590449435 -0.0020626264348723093 0.9999975521800424 -0.327596335885346 -0.07534378708638201 -0.5427322980590077
FixedParameters: 0 0 0
#Transform 68
Transform: MatrixOffsetTransformBase_double_3_3
Parameters: 0.9999994452342446 0.0011935366652300083 -0.0003602289509925462 -0.0011934648542126663 0.9999983718129852 0.0014844311024787978 0.0003617724573652913 -0.001484569393512194 0.9999986659360565 -0.34027936967716244 -0.14022776770680423 -0.585736480185119
FixedParameters: 0 0 0
#Transform 69
Transform: MatrixOffsetTransformBase_double_3_3
Parameters: 0.9999993005175903 0.0011074985891002833 -0.0006881987965767002 -0.0011065023293223841 0.9999992510976015 0.000723761838648469 0.0006888006264425317 -0.0007232374987653625 0.9999990025156568 -0.3487650184826947 -0.05119802240577087 -0.6256430512994484
FixedParameters: 0 0 0
#Transform 70
Transform: MatrixOffsetTransformBase_double_3_3
Parameters: 0.9999991512396109 0.0011077488816950232 -0.0007889499724894183 -0.0011062511993182261 0.9999988748975411 0.0009488738207241513 0.0007900499527661589 -0.0009481258665359759 0.9999994770366929 -0.3423299788642993 -0.10891871144737308 -0.6319595550391028
FixedParameters: 0 0 0
#Transform 71
Transform: MatrixOffsetTransformBase_double_3_3
Parameters: 0.9999996390830759 0.00105389862966996 -0.0005002148148619906 -0.0010541026297918436 0.9999998474672006 -0.00020347291756841297 0.0004997847826050605 0.00020452691819814391 0.9999997083841173 -0.3474419782568674 -0.08781395967234573 -0.6549262775539972
FixedParameters: 0 0 0
#Transform 72
Transform: MatrixOffsetTransformBase_double_3_3
Parameters: 0.9999994923537522 0.0011307823530991015 -0.00047851652488045985 -0.0011312187672230265 0.9999995124457579 -0.00045645905461697873 0.00047748392158723985 0.00045654029164004704 0.9999995631237721 -0.3436192881534055 -0.07511813855562366 -0.6398051684111863
FixedParameters: 0 0 0
#Transform 73
Transform: MatrixOffsetTransformBase_double_3_3
Parameters: 0.9999994679580889 0.0005808492422238583 -0.0004411984158103577 -0.0005811504450284788 0.9999995458170382 -0.0003417435573231696 0.00044080159306776243 0.0003412559996394308 0.9999996888969456 -0.3290691360932243 -0.14821021420884506 -0.6406449563980203
FixedParameters: 0 0 0
#Transform 74
Transform: MatrixOffsetTransformBase_double_3_3
Parameters: 0.9999985890285642 0.0015408523443666204 -0.00019118618822058954 -0.001541145524072531 0.9999980331891218 -0.0007697056679060499 0.00018981458959644402 0.0007692927903202087 0.9999993715797793 -0.33677822823139536 -0.08456855894424109 -0.5972140691213639
FixedParameters: 0 0 0
#Transform 75
Transform: MatrixOffsetTransformBase_double_3_3
Parameters: 0.9999997527598601 0.0009575650786341751 -0.0005747256924137645 -0.0009584352627892382 0.9999995076718164 -0.000757449484974396 0.0005732733641549654 0.0007585492691703729 0.9999990959607431 -0.34407241994600213 -0.10561926343311256 -0.6291647005559184
FixedParameters: 0 0 0
#Transform 76
Transform: MatrixOffsetTransformBase_double_3_3
Parameters: 0.9999994856740548 0.0011066034295602967 -0.000538816396623657 -0.0011063977175722758 0.9999992317500697 -0.0007374041910594976 0.0005381843076604647 0.0007375958930483345 0.9999991661110734 -0.3372238350533223 -0.1701215952155053 -0.6731196015299901
FixedParameters: 0 0 0
#Transform 77
Transform: MatrixOffsetTransformBase_double_3_3
Parameters: 0.9999994522859182 0.0012187748625944904 -0.0002491043232967417 -0.0012192251448788205 0.999998693201439 -0.0009056973539019276 0.000247895493533427 0.000906303197284487 1.0000001174113384 -0.34276140830561985 -0.08508530902530254 -0.6537797580482163
FixedParameters: 0 0 0
#Transform 78
Transform: MatrixOffsetTransformBase_double_3_3
Parameters: 0.9999987300764228 0.0011067647081304363 -0.0002142140646051618 -0.0011062331283820514 0.9999985722484976 -0.0010967639028641597 0.00021278640328092267 0.0010972363786405203 0.9999997510079397 -0.329377698266228 -0.15393223319256322 -0.6458850745583646
FixedParameters: 0 0 0
#Transform 79
Transform: MatrixOffsetTransformBase_double_3_3
Parameters: 0.9999996667567337 0.0011065681802952896 -0.00033044871855969043 -0.0011064321213016472 0.9999980621748087 -0.0013086347558536723 0.00032955189960159464 0.0013093650468195492 0.9999991776177564 -0.33262043310502065 -0.08460835982477022 -0.6766642520938717
FixedParameters: 0 0 0
#Transform 80
Transform: MatrixOffsetTransformBase_double_3_3
Parameters: 0.999999111673705 0.0012963002890606721 -0.0004549976513312823 -0.001297699516692662 0.9999979431070125 -0.0015404105128573574 0.0004530002938566063 0.0015415881885476176 0.9999984192018874 -0.3477147948345447 -0.13322185118252605 -0.7212020332674314
FixedParameters: 0 0 0
#Transform 81
Transform: MatrixOffsetTransformBase_double_3_3
Parameters: 0.9999986005859397 0.000396242660382016 -0.0018003882109103066 -0.00039775904236316487 0.9999998888367734 -0.0009762858776890292 0.001800612868055667 0.0009767154779669947 0.9999978046414247 -0.41403132888262917 -0.15200314557822026 -0.8329780762304466
FixedParameters: 0 0 0
#Transform 82
Transform: MatrixOffsetTransformBase_double_3_3
Parameters: 0.9999983530000275 0.0013792717534749836 -0.0013209545270094398 -0.0013837280732181038 0.9999922320091277 -0.003585176246306109 0.0013160463714951497 0.003586819277474005 0.9999924021090415 -0.4082337008546517 -0.16645153695122872 -0.9050966026143641
FixedParameters: 0 0 0
#Transform 83
Transform: MatrixOffsetTransformBase_double_3_3
Parameters: 0.9999984417888915 0.001637172003878648 -0.0009372010903005881 -0.001638827944255463 0.9999964988306227 -0.0019534663968467265 0.0009337997765806136 0.0019545311014460436 0.9999973067173187 -0.41962005595370044 -0.08252566177931442 -0.8211894059558631
FixedParameters: 0 0 0
#Transform 84
Transform: MatrixOffsetTransformBase_double_3_3
Parameters: 0.9999981438963518 0.0015406840251116897 -0.0012179364017111103 -0.001542316469958395 0.9999969985477577 -0.0019031260771007104 0.001215066356222494 0.0019048765560086367 0.9999978948982224 -0.4459463164848074 -0.18151584612618876 -0.801520604684498
FixedParameters: 0 0 0
#Transform 85
Transform: MatrixOffsetTransformBase_double_3_3
Parameters: 0.9999865116712233 0.004096980494884903 -0.0031148713775433308 -0.004109019596421836 0.9999841997712724 -0.0038622512693996017 0.003099126139688156 0.003874747570729069 0.9999873810098285 -0.5937795177176923 -0.22659584730733684 -0.8610905182834898
FixedParameters: 0 0 0
#Transform 86
Transform: MatrixOffsetTransformBase_double_3_3
Parameters: 0.9999843483341422 0.004341064231390627 -0.0034362256269349057 -0.004356929874962458 0.9999794585325071 -0.0046430999780911735 0.0034157750636427437 0.004657899706960508 0.9999836349373414 -0.6016991340356128 -0.12230402586808964 -0.8411848160207995
FixedParameters: 0 0 0
#Transform 87
Transform: MatrixOffsetTransformBase_double_3_3
Parameters: 0.9999906998759386 0.0034330052455802604 -0.0027415264691336796 -0.003438995566003704 0.9999913977068715 -0.0021855920176412345 0.002733476703908453 0.002194404237793076 0.999993709919649 -0.5478387890996146 -0.14575898500606854 -0.7750680921108284
FixedParameters: 0 0 0
#Transform 88
Transform: MatrixOffsetTransformBase_double_3_3
Parameters: 0.9999864794784626 0.003942312752986142 -0.0034613508748160106 -0.003946692277792267 0.999991602045745 -0.0013493582305839147 0.003455653307165368 0.0013626425540956737 0.9999931999327687 -0.5626070638429042 -0.13882042586783427 -0.7641875477431057
FixedParameters: 0 0 0
#Transform 89
Transform: MatrixOffsetTransformBase_double_3_3
Parameters: 0.9999874538996938 0.0039733944460682655 -0.002958999737809771 -0.0039866037655499585 0.9999829092683127 -0.004266253758870458 0.002941994270350872 0.004277739975724222 0.9999860442998163 -0.610953534961638 -0.10116535689375894 -0.8388055188852945
FixedParameters: 0 0 0
#Transform 90
Transform: MatrixOffsetTransformBase_double_3_3
Parameters: 0.9999864520362433 0.004145962183833403 -0.0030593750960486795 -0.004158028722587253 0.9999832054345786 -0.003937331965379304 0.0030426237937786395 0.003950667720002078 0.9999881360040695 -0.5807456509027134 -0.09582837132332145 -0.8003436021089243
FixedParameters: 0 0 0
#Transform 91
Transform: MatrixOffsetTransformBase_double_3_3
Parameters: 0.999986968309872 0.004012069015410389 -0.003306648561964267 -0.00401993525595422 0.9999890995492903 -0.0023957391801888005 0.003297351518139625 0.002409261068842612 0.9999913246527269 -0.5770707724962136 -0.14549522032065454 -0.8059146035908924
FixedParameters: 0 0 0
#Transform 92
Transform: MatrixOffsetTransformBase_double_3_3
Parameters: 0.9999969718896196 0.0017715322857079516 -0.0013750695608618793 -0.0017764631972286224 0.9999899726089778 -0.00398356568125671 0.0013679307183469332 0.003986431785653088 0.9999912386748279 -0.4428931105003926 -0.09644621150938804 -0.8336917264839059
FixedParameters: 0 0 0
#Transform 93
Transform: MatrixOffsetTransformBase_double_3_3
Parameters: 0.9999883370582492 0.003978336856631908 -0.0027984992649745183 -0.0039856671323702615 0.9999894528969706 -0.0023798754153723837 0.0027895009941579572 0.002391127000645508 0.9999935028515884 -0.5731043387220893 -0.12196473835459187 -0.7935417848595563
FixedParameters: 0 0 0
#Transform 94
Transform: MatrixOffsetTransformBase_double_3_3
Parameters: 0.9999862967117085 0.0041973519524297325 -0.003013479314103375 -0.004207645038484737 0.999986047473707 -0.0032013642351073914 0.0030005158240341014 0.003214638289178325 0.9999906665117316 -0.5821331271665287 -0.198940625123754 -0.8365276184785415
FixedParameters: 0 0 0
#Transform 95
Transform: MatrixOffsetTransformBase_double_3_3
Parameters: 0.9999874133514338 0.0042622825192669056 -0.0025331177049807197 -0.004273714015280978 0.9999817595378889 -0.004240224951746555 0.0025148777491273804 0.004250770031302329 0.9999876049103169 -0.5751030511873978 -0.11688169985906427 -0.832771461944688
FixedParameters: 0 0 0
#Transform 96
Transform: MatrixOffsetTransformBase_double_3_3
Parameters: 0.99998995159167 0.00340947498956752 -0.0027249239100983996 -0.0034145216247231775 0.9999922392972871 -0.0020247156932488436 0.0027180745202443576 0.0020342873096474354 0.9999944744999132 -0.5551870407476827 -0.13137300263559837 -0.8046293159581666
FixedParameters: 0 0 0
#Transform 97
Transform: MatrixOffsetTransformBase_double_3_3
Parameters: 0.9999856123733545 0.004125980936352652 -0.003370996106533165 -0.004139017558497398 0.9999839374609785 -0.003864101538884921 0.0033550019504899006 0.003877897028747039 0.9999867053109478 -0.6137215682681756 -0.19639250287079335 -0.876288362715016
FixedParameters: 0 0 0
#Transform 98
Transform: MatrixOffsetTransformBase_double_3_3
Parameters: 0.9999853112951981 0.00421848663050053 -0.0033002133533822104 -0.004235510347467839 0.9999789365124614 -0.00501209611421234 0.0032787779319050714 0.005026905898923801 0.9999819833338133 -0.603714288134384 -0.0939260632139991 -0.8786217383027406
FixedParameters: 0 0 0
#Transform 99
Transform: MatrixOffsetTransformBase_double_3_3
Parameters: 0.9999858221165391 0.004061189718547816 -0.0035611115293086534 -0.004077809988721941 0.9999816273394951 -0.004443541510553596 0.0035428844111176938 0.004458451583709805 0.9999835715205156 -0.5972238358681068 -0.19621057506245165 -0.8530508989986743
FixedParameters: 0 0 0
#Transform 100
Transform: MatrixOffsetTransformBase_double_3_3
Parameters: 0.9999885856465699 0.0042376245153779735 -0.0023352584595305696 -0.0042463746162587504 0.9999840631551822 -0.0035921233354852655 0.0023207369987071585 0.003602874255652793 0.9999906382528384 -0.5698269409060686 -0.19417682602630748 -0.8524537160993617
FixedParameters: 0 0 0
#Transform 101
Transform: MatrixOffsetTransformBase_double_3_3
Parameters: 0.99998736437407 0.0039618252595989495 -0.002989539339069468 -0.0039751775872990894 0.9999827142068709 -0.00441417106368505 0.002972457400011731 0.004425831519676606 0.9999855769243778 -0.5751457143722973 -0.09615570104776339 -0.8564044879914121
FixedParameters: 0 0 0
#Transform 102
Transform: MatrixOffsetTransformBase_double_3_3
Parameters: 0.9999869224314274 0.00383376301960891 -0.0032224078173740535 -0.0038442266992285714 0.9999860608065293 -0.0034866534564722425 0.00320858834004559 0.003499342271246531 0.9999884593144621 -0.592473130190541 -0.1616723352351528 -0.8316108406196889
FixedParameters: 0 0 0
#Transform 103
Transform: MatrixOffsetTransformBase_double_3_3
Parameters: 0.9999858612005628 0.004034149222671159 -0.0035865150239561155 -0.0040468610649025336 0.99998577514848 -0.003584540016055757 0.003572491776462902 0.003598466291455663 0.9999872880139358 -0.6000802529010514 -0.15878648339810297 -0.8466592962998334
FixedParameters: 0 0 0
#Transform 104
Transform: MatrixOffsetTransformBase_double_3_3
Parameters: 0.9999833220714204 0.003897186710867806 -0.0041822872119765975 -0.0039048060709445053 0.9999902888862613 -0.0018606978138714578 0.00417470515585621 0.0018772987354295355 0.9999890468067159 -0.6104115348943253 -0.08992432031911335 -0.7269316985663323
FixedParameters: 0 0 0
#Transform 105
Transform: MatrixOffsetTransformBase_double_3_3
Parameters: 0.9999882822792706 0.004367059504408449 -0.0021552093046665363 -0.004375942179792974 0.999981538215738 -0.004160617392712729 0.0021377899568735146 0.004170384435035975 0.9999890409192181 -0.5635505250657928 -0.10484269151319836 -0.8178045101529392
FixedParameters: 0 0 0
#Transform 106
Transform: MatrixOffsetTransformBase_double_3_3
Parameters: 0.9999872881467228 0.004222798085511638 -0.0026225026381556443 -0.00423320708507984 0.9999838902565372 -0.003897948166778921 0.0026064985202820207 0.003908056608330714 0.9999889307498125 -0.5598514916130455 -0.08743090521119257 -0.8104518800947176
FixedParameters: 0 0 0
#Transform 107
Transform: MatrixOffsetTransformBase_double_3_3
Parameters: 0.9999909644873265 0.0036114563021633476 -0.002448714710486232 -0.0036155419732564536 0.9999914903655959 -0.0018531642673833843 0.0024412868726809214 0.0018628343823374226 0.9999955697576859 -0.5479863397992375 -0.13336383904801608 -0.7447428070936581
FixedParameters: 0 0 0
#Transform 108
Transform: MatrixOffsetTransformBase_double_3_3
Parameters: 0.9999864021940809 0.004603914372863906 -0.002324099558966453 -0.004609083265771008 0.9999869729038496 -0.002187316884350089 0.002313899903096318 0.002197681995153231 0.9999948151046745 -0.5588046392499422 -0.12257735017767857 -0.7332233126914929
FixedParameters: 0 0 0
#Transform 109
Transform: MatrixOffsetTransformBase_double_3_3
Parameters: 0.999987664444554 0.004633286500197879 -0.001967147294568997 -0.0046377194321112055 0.9999867302907293 -0.0023999086536044254 0.001955854988600314 0.0024090938727130027 0.9999953708173571 -0.5675514892557203 -0.08298913777824168 -0.639140782827397
FixedParameters: 0 0 0
#Transform 110
Transform: MatrixOffsetTransformBase_double_3_3
Parameters: 0.9999975062927656 0.001888932471151759 -0.0009620673688409657 -0.0018910652788809443 0.999995794626983 -0.0021511857588520033 0.0009579309023661958 0.002153814564518209 0.9999974451317736 -0.41280457185938246 -0.1440365357669151 -0.7388702665964502
FixedParameters: 0 0 0
#Transform 111
Transform: MatrixOffsetTransformBase_double_3_3
Parameters: 0.9999981341191299 0.0020095912578375736 -0.0009093474633793948 -0.0020124120408383708 0.9999948855596738 -0.002658177807815046 0.0009036529273214497 0.002659823763566042 0.9999961079509744 -0.4105682089182352 -0.12196387597445835 -0.7452191002860786
FixedParameters: 0 0 0
#Transform 112
Transform: MatrixOffsetTransformBase_double_3_3
Parameters: 0.9999974937526109 0.0020508112827540533 -0.0005492349944890933 -0.0020521900389067925 0.9999896830614106 -0.004012880456041102 0.0005417675170779398 0.004014118657280213 0.9999915941642361 -0.40811420831458634 -0.0948539324456874 -0.7332479729295613
FixedParameters: 0 0 0
#Transform 113
Transform: MatrixOffsetTransformBase_double_3_3
Parameters: 0.9999976561277435 0.0020236259513880385 -0.0011181305236474721 -0.0020263761887449115 0.9999937365938096 -0.003025742832798335 0.001111871124559298 0.0030282586020395305 0.9999945940052327 -0.38702815383703637 -0.1526238796668764 -0.7665944930194968
FixedParameters: 0 0 0
#Transform 114
Transform: MatrixOffsetTransformBase_double_3_3
