#Insight Transform File V1.0
#Transform 0
Transform: MatrixOffsetTransformBase_double_3_3
Parameters: 0.9999998075348445 0.001092000881828932 0 -0.001092000881828932 0.9999998075348445 0 0 0 0.9999999999999998 0.07869019334140148 -0.14640127912583978 0.000003000000006636583
FixedParameters: 0 0 0
#Transform 1
Transform: MatrixOffsetTransformBase_double_3_3
Parameters: 0.9999998465228701 0.0010740009091664718 0 -0.0010740009091664718 0.9999998465228701 0 0 0 1 0.09275709238853835 -0.18379679069280996 0
FixedParameters: 0 0 0
#Transform 2
Transform: MatrixOffsetTransformBase_double_3_3
Parameters: 0.9999998252760306 0.00041799992696538076 0 -0.00041799992696538076 0.9999998252760306 0 0 0 1 0.10280650970729255 -0.143326018256559 0
FixedParameters: 0 0 0
#Transform 3
Transform: MatrixOffsetTransformBase_double_3_3
Parameters: 0.9999994299753248 0.0007549995696313703 0 -0.0007549995696313703 0.9999994299753248 0 0 0 1 0.11786895923732743 -0.10296310368933348 0
FixedParameters: 0 0 0
#Transform 4
Transform: MatrixOffsetTransformBase_double_3_3
Parameters: 0.9999996519001212 0.0005899997946210715 0 -0.0005899997946210715 0.9999996519001212 0 0 0 1 0.09136666155011142 -0.17596002745457895 0
FixedParameters: 0 0 0
#Transform 5
Transform: MatrixOffsetTransformBase_double_3_3
Parameters: 0.9999997222710771 0.0005269998536368577 0 -0.0005269998536368577 0.9999997222710771 0 0 0 1 0.10654948577649748 -0.11847451231203365 -0.000005999999999062311
FixedParameters: 0 0 0
#Transform 6
Transform: MatrixOffsetTransformBase_double_3_3
Parameters: 0.9999997589190579 0.0004909998816292574 0 -0.0004909998816292574 0.9999997589190579 0 0 0 1 0.09917684583827224 -0.17291462205504615 0
FixedParameters: 0 0 0
#Transform 7
Transform: MatrixOffsetTransformBase_double_3_3
Parameters: 0.9999963531877296 0.00012227115790449172 0.002575489028581974 -0.00011073023655380835 0.9999908369196062 -0.004376302035376019 -0.002575508646585969 0.00437570193825379 0.9999872172518688 0.0912367626606283 -0.20023011927564482 -0.0317958212697107
FixedParameters: 0 0 0
#Transform 8
Transform: MatrixOffsetTransformBase_double_3_3
Parameters: 0.9999908725415019 -0.002275367460066127 0.003734573195250656 0.0022916363400072503 0.9999882167476952 -0.004187481211806192 -0.0037254304344738506 0.004195516289246575 0.9999845181375719 0.1390742309596078 -0.2520631173120478 -0.015514143738300845
FixedParameters: 0 0 0
#Transform 9
Transform: MatrixOffsetTransformBase_double_3_3
Parameters: 0.9999962790355846 -0.0020072964863351995 0.0019210297694214646 0.002014703708757113 0.9999917337853257 -0.003494142895025668 -0.0019139687890192727 0.003497855117237116 0.9999921011033464 0.10828760317609465 -0.28950426331145707 -0.013307930708819526
FixedParameters: 0 0 0
#Transform 10
Transform: MatrixOffsetTransformBase_double_3_3
Parameters: 0.9999964604782009 -0.0013783588248287412 0.00215355355675973 0.0013876421925168103 0.9999909469099497 -0.004016023120432766 -0.0021484410892357894 0.004018972817427213 0.999989232789115 0.13718568982821466 -0.212701314947509 0.014974638617417213
FixedParameters: 0 0 0
#Transform 11
Transform: MatrixOffsetTransformBase_double_3_3
Parameters: 0.9999971454691995 -0.0017466532627840954 0.0016745466508033189 0.0017503486242180706 0.9999951853104388 -0.0025980773851769336 -0.0016704561652160167 0.0026009261402823855 0.9999954453065399 0.11315705956693023 -0.23639464034906155 0.0020276767362901182
FixedParameters: 0 0 0
#Transform 12
Transform: MatrixOffsetTransformBase_double_3_3
Parameters: 0.9999990177923801 -0.0010029755643477121 0.0009880790960012644 0.0010060238111908324 0.9999945936640592 -0.0030650078157590617 -0.0009849204912000277 0.003065989699386414 0.9999946295020455 0.10975603805974288 -0.23941345639863698 0.0008787099843203805
FixedParameters: 0 0 0
#Transform 13
Transform: MatrixOffsetTransformBase_double_3_3
Parameters: 0.9999992269357699 -0.0007870388888628992 0.0010741749082691513 0.0007899597137379098 0.999995766172103 -0.0027581525146657634 -0.0010718239581746466 0.0027598446380140223 0.9999952365743069 0.10734950455228898 -0.16206923560449127 0.020387937594236405
FixedParameters: 0 0 0
#Transform 14
Transform: MatrixOffsetTransformBase_double_3_3
Parameters: 0.9999968949344394 -0.0018759693518636093 0.001259524103346478 0.0018790281081291576 0.9999956668683329 -0.0024086410071078768 -0.0012544745299080955 0.0024113610523440196 0.9999966118294149 0.09862565813736524 -0.23345731434093864 0.02009359908247177
FixedParameters: 0 0 0
#Transform 15
Transform: MatrixOffsetTransformBase_double_3_3
Parameters: 0.9999972848416362 -0.0020126806445152777 0.0008142660072246298 0.002014318021948666 0.999996314921972 -0.0016213636499298602 -0.000811734201100757 0.0016226376064890095 0.9999987081401438 0.09353817800193553 -0.20024077355236614 0.02203147912612735
FixedParameters: 0 0 0
#Transform 16
Transform: MatrixOffsetTransformBase_double_3_3
Parameters: 0.9999982573076468 -0.0017414972346714215 0.0008431105364206193 0.0017425022367410599 0.9999967774155443 -0.001784534111653523 -0.0008398898441974519 0.00178646590278738 0.9999981038606361 0.0949582774967439 -0.1810346368283433 0.0200420057828552
FixedParameters: 0 0 0
#Transform 17
Transform: MatrixOffsetTransformBase_double_3_3
Parameters: 0.9999985450549577 -0.0014210138854143023 0.0006601255395442816 0.0014219849557428378 0.9999977428145123 -0.0014950624522120839 -0.0006578738301012667 0.0014959359906080599 0.9999983291971068 0.12197442517752677 -0.1140035739430374 0.01873347430513661
FixedParameters: 0 0 0
#Transform 18
Transform: MatrixOffsetTransformBase_double_3_3
Parameters: 0.9999980075245133 -0.0014898521049663293 0.0008789463682465575 0.0014911463200611283 0.9999980714644685 -0.0013056910497724168 -0.0008770516885717362 0.0013073083686412305 0.9999985221721533 0.12531974372701882 -0.22657022448763087 0.02259004822721522
FixedParameters: 0 0 0
#Transform 19
Transform: MatrixOffsetTransformBase_double_3_3
Parameters: 0.9999987928177363 -0.0013401693689701407 0.0006417380688129744 0.0013408301870440889 0.999998522144706 -0.0012961412480432236 -0.0006392621495359094 0.001296858430123479 0.9999989088457492 0.12237201859586833 -0.22522548387344443 0.017319868810062644
FixedParameters: 0 0 0
#Transform 20
Transform: MatrixOffsetTransformBase_double_3_3
Parameters: 0.9999985731481565 -0.0012391669591478153 0.0009444094852931174 0.001240832404807981 0.9999976852003376 -0.0019428305215651706 -0.0009415895988685157 0.0019441691642920205 0.9999973335524096 0.12115630446251657 -0.1630046352181438 0.030898294397758264
FixedParameters: 0 0 0
#Transform 21
Transform: MatrixOffsetTransformBase_double_3_3
Parameters: 0.9999984791977043 -0.0014904702387607052 0.0005474454732190177 0.0014905308737934034 0.999998838474898 -0.0009691860126495725 -0.0005465553887390249 0.000969816621989639 0.9999997608583954 0.14775214092976796 -0.20237144295337828 0.048798783776135224
FixedParameters: 0 0 0
#Transform 22
Transform: MatrixOffsetTransformBase_double_3_3
Parameters: 0.9999989038965604 -0.0012401695418381546 0.0007473789982163562 0.0012408290126195163 0.9999982257267851 -0.0011110734796382505 -0.0007456213657990762 0.001111925547355759 0.9999992073044598 0.13931184649138117 -0.20141791634317485 0.024349327847431823
FixedParameters: 0 0 0
#Transform 23
Transform: MatrixOffsetTransformBase_double_3_3
Parameters: 0.9999991092814063 -0.0014899378526377356 0.0008189370104283487 0.001491063837111302 0.9999980897039775 -0.0012987806162408672 -0.0008170631956402598 0.001300219077845855 0.99999864217321 0.14764145954328 -0.1393573896952205 0.02422204763557545
FixedParameters: 0 0 0
#Transform 24
Transform: MatrixOffsetTransformBase_double_3_3
Parameters: 0.999998775988381 -0.0014909768105395285 0.000031095831235397984 0.0014910216455052642 0.9999982366937932 -0.0007349539733205728 -0.00002990406114619345 0.0007350449242510646 0.9999994588448592 0.13260788453759176 -0.19812212255766326 0.015436049989389744
FixedParameters: 0 0 0
#Transform 25
Transform: MatrixOffsetTransformBase_double_3_3
Parameters: 0.9999986743503951 -0.001820973150066851 0.00009851884743410779 0.0018210290100999827 0.9999986027293526 -0.0002848211409348757 -0.00009748087681846021 0.00028517805714657206 0.9999999091711277 0.10612998742169566 -0.1991138501621066 0.003337137153295089
FixedParameters: 0 0 0
#Transform 26
Transform: MatrixOffsetTransformBase_double_3_3
Parameters: 0.9999998209945226 -0.0009840866194217928 0.00045896310483983354 0.000984913125293647 0.9999970547199514 -0.0019935480089093415 -0.00045703691513848053 0.001994449811769521 0.9999978141968336 0.09893516483479914 -0.12380807068525712 0.014419751416497206
FixedParameters: 0 0 0
#Transform 27
Transform: MatrixOffsetTransformBase_double_3_3
Parameters: 0.9999986617830569 -0.0014904098123238502 0.0003425801295516311 0.001490591747445228 0.9999977837684709 -0.0017304928234947391 -0.00034042149811150445 0.001730510837506757 0.9999988887402083 0.1187812082583406 -0.1709802669975602 0.014661949240704075
FixedParameters: 0 0 0
#Transform 28
Transform: MatrixOffsetTransformBase_double_3_3
Parameters: 0.999999249554831 -0.0012398187732348437 0.00046118861392794116 0.0012411836377463213 0.9999958536730468 -0.0025704285889730817 -0.00045881118777888727 0.00257056985192252 0.9999961809179294 0.11655498662462094 -0.23361173909131594 0.019524221225992733
FixedParameters: 0 0 0
#Transform 29
Transform: MatrixOffsetTransformBase_double_3_3
Parameters: 0.9999990398976438 -0.0012397159156512408 0.0006514491187252195 0.0012402834197302755 0.999997561767438 -0.0019741941889396633 -0.0006485511123216235 0.001975806191164162 0.9999976768684541 0.12875904510653413 -0.1560644764105632 0.0217821192680816
FixedParameters: 0 0 0
#Transform 30
Transform: MatrixOffsetTransformBase_double_3_3
Parameters: 0.9999984185242321 -0.0018919292211146896 0.000044148149531577894 0.0018920706610651328 0.999996651431851 -0.0016639185170040137 -0.000040851565686619515 0.0016640793369476663 0.9999982292952984 0.07488107143983314 -0.24762006994896524 0.01158063272845311
FixedParameters: 0 0 0
#Transform 31
Transform: MatrixOffsetTransformBase_double_3_3
Parameters: 0.9999988063103664 -0.0017455936673739026 0.00038444348052229187 0.001746405083531191 0.9999913390089189 -0.003689333725157413 -0.00037755969618790753 0.00368966418522147 0.9999932423742879 0.0844615553750856 -0.19664805865848223 0.021421464649407085
FixedParameters: 0 0 0
#Transform 32
Transform: MatrixOffsetTransformBase_double_3_3
Parameters: 0.9999985101778622 -0.0018510815366982892 0.000251854101821146 0.0018519214383746721 0.9999918670595125 -0.0037015420818964865 -0.0002451455274186502 0.003702462281637534 0.9999932333766128 0.08119803728617114 -0.26115061876623713 0.020398379174963566
FixedParameters: 0 0 0
#Transform 33
Transform: MatrixOffsetTransformBase_double_3_3
Parameters: 0.9999971469286877 -0.002201352065993617 -0.00008864841405260127 0.0022006463821683288 0.9999907610712686 -0.0037942049696382514 0.00009734967989835912 0.0037937955837396057 0.9999925968448142 0.05897824555414388 -0.2800818951307207 0.013625198860424348
FixedParameters: 0 0 0
#Transform 34
Transform: MatrixOffsetTransformBase_double_3_3
Parameters: 0.9999982657558757 -0.0019226651232670806 -0.00019247720698541593 0.0019223384540210137 0.999992791474752 -0.0033933784470968668 0.00019852335253973667 0.0033926267455306395 0.9999944492780009 0.07637199524505434 -0.17551245125658 0.007489489824706652
FixedParameters: 0 0 0
#Transform 35
Transform: MatrixOffsetTransformBase_double_3_3
Parameters: 0.9999979582429791 -0.002010138915992718 -0.00003712746797371981 0.0020098619769183227 0.9999922702724511 -0.0034190825204836175 0.00004387190578550867 0.0034189197104398813 0.9999943087489986 0.08429323341799488 -0.2565420523019668 0.005489863033716347
FixedParameters: 0 0 0
#Transform 36
Transform: MatrixOffsetTransformBase_double_3_3
Parameters: 0.999998632721835 -0.0017877322227878006 -0.0004135840579078443 0.0017862706831944413 0.9999895798691596 -0.0041507461331298364 0.0004204180286823161 0.004150255764930755 0.9999915993669797 0.06635122823445272 -0.24898950762110417 0.002528331097607861
FixedParameters: 0 0 0
#Transform 37
Transform: MatrixOffsetTransformBase_double_3_3
Parameters: 0.999998806647988 -0.0017862442475888233 -0.00005566783752517132 0.00178575575261054 0.9999899590873813 -0.004105104125499118 0.00006333096718449107 0.004104891591508567 0.9999911453593286 0.09131806446988833 -0.15940143831394948 0.02358354218674208
FixedParameters: 0 0 0
#Transform 38
Transform: MatrixOffsetTransformBase_double_3_3
Parameters: 0.9999979298891706 -0.0019439306710209575 -0.0005390841940506819 0.0019420650365362772 0.9999915546455144 -0.0035600552308799505 0.0005469164620854559 0.0035589451245915515 0.9999940350561587 0.07288867078909789 -0.2652273684930009 -0.0024735753225968438
FixedParameters: 0 0 0
#Transform 39
Transform: MatrixOffsetTransformBase_double_3_3
Parameters: 0.9999991216241257 -0.0015887943980647308 -0.0005945879306403966 0.0015862049692432025 0.9999876754704944 -0.004669948721599161 0.0006024136811232131 0.004669048471313545 0.9999888374368631 0.0625923475085699 -0.20645607579417913 -0.012882039524214406
FixedParameters: 0 0 0
#Transform 40
Transform: MatrixOffsetTransformBase_double_3_3
Parameters: 0.9999980514537071 -0.001558697894096449 -0.0007201865661205862 0.0015563006772063837 0.9999916425743478 -0.003733124816252832 0.0007258133481681178 0.0037318726623549276 0.999992545658553 0.050322945901356775 -0.23448861136570542 -0.009664681964807187
FixedParameters: 0 0 0
#Transform 41
Transform: MatrixOffsetTransformBase_double_3_3
Parameters: 0.9999986841308749 -0.00151978050741466 -0.0010027917470629287 0.0015152176868820102 0.999987129789526 -0.0047515262546790555 0.001010209601928867 0.00474947150743919 0.9999884195596765 0.05834528510014536 -0.2946913209740387 -0.03138323361768869
FixedParameters: 0 0 0
#Transform 42
Transform: MatrixOffsetTransformBase_double_3_3
Parameters: 0.9999985991634545 -0.001734582708686587 -0.0006269016377922988 0.0017314182590728955 0.9999902234825366 -0.0040960945491881826 0.0006340967177351081 0.00409490922620916 0.9999918292558629 0.07040929094448245 -0.21518507802110776 0.012575165898681462
FixedParameters: 0 0 0
#Transform 43
Transform: MatrixOffsetTransformBase_double_3_3
Parameters: 0.9999987043936824 -0.0017872058371092123 -0.0003193319607719743 0.0017857983630215507 0.9999918767774062 -0.0037325779824455025 0.0003256682516685058 0.00373242568432781 0.9999929643702467 0.06659117027888328 -0.25988850347309267 0.01785486298646788
FixedParameters: 0 0 0
#Transform 44
Transform: MatrixOffsetTransformBase_double_3_3
Parameters: 0.9999979524041265 -0.0015581814712008846 -0.0007877345538451949 0.0015548187133850647 0.999990380627548 -0.004025228019527836 0.0007932628799664623 0.0040237671833455125 0.9999911784395552 0.06486913878832468 -0.24500476729163267 -0.004404888355765024
FixedParameters: 0 0 0
#Transform 45
Transform: MatrixOffsetTransformBase_double_3_3
Parameters: 0.9999986094310159 -0.001461966047607771 -0.0005033265046495635 0.0014600359255890762 0.9999917838184137 -0.003883742324791623 0.0005086741494719848 0.0038832637855390558 0.9999926623128772 0.07038578840483467 -0.18423437709684265 0.01056496505154314
FixedParameters: 0 0 0
#Transform 46
Transform: MatrixOffsetTransformBase_double_3_3
Parameters: 0.9999985906231749 -0.0017245594876142075 -0.0006593458119398515 0.0017224429711763093 0.9999911182740985 -0.003862143751825112 0.000665656471227125 0.003860860100953038 0.999992649833139 0.059661060603957594 -0.2632737835404271 -0.005019056979691072
FixedParameters: 0 0 0
#Transform 47
Transform: MatrixOffsetTransformBase_double_3_3
Parameters: 0.9999989206765904 -0.001550176767708353 -0.0008211643357558863 0.0015468201616956215 0.9999859831726869 -0.0050622771843544115 0.0008298399043734173 0.005060720590884767 0.9999866995829032 0.06304010817339645 -0.19885523428372665 -0.012031930351156461
FixedParameters: 0 0 0
#Transform 48
Transform: MatrixOffsetTransformBase_double_3_3
Parameters: 0.9999991341005287 -0.0012700563762733283 -0.0005028369934803365 0.0012679431051580788 0.9999908368720023 -0.004068639388607834 0.0005081628902505761 0.004068356423726303 0.9999911917088539 0.06830662206795068 -0.25238935460302514 0.017347327566824333
FixedParameters: 0 0 0
#Transform 49
Transform: MatrixOffsetTransformBase_double_3_3
Parameters: 0.9999974338363802 -0.0020383961236256974 -0.0006404199864859922 0.002036604095357468 0.9999910063900049 -0.0037213123124107965 0.0006475810945617705 0.0037196879990740806 0.9999927430772958 0.05354852860256187 -0.2631893867574462 0.014031850174518468
FixedParameters: 0 0 0
#Transform 50
Transform: MatrixOffsetTransformBase_double_3_3
Parameters: 0.9999986844612293 -0.0014627983297505788 -0.00041876730052200036 0.0014611999155386953 0.9999896850276664 -0.004263615409775734 0.000425233832333603 0.004263381474891078 0.9999906443961935 0.08230372632628757 -0.18874941648989818 0.008538677933998429
FixedParameters: 0 0 0
#Transform 51
Transform: MatrixOffsetTransformBase_double_3_3
Parameters: 0.9999988636760363 -0.0016367739956747878 -0.0006773403751073972 0.0016332306131595989 0.9999907373336814 -0.004073116070206784 0.0006836591651591753 0.004072890823919762 0.9999919474932236 0.07301355780822405 -0.24570350038455047 0.008872925847271063
FixedParameters: 0 0 0
#Transform 52
Transform: MatrixOffsetTransformBase_double_3_3
Parameters: 0.9999983790688487 -0.0017884718440855072 -0.0006492323268937454 0.0017865304370050866 0.9999914671815626 -0.0037871661688792533 0.0006557691291645253 0.003785833468824047 0.9999922365955944 0.06245856730311061 -0.2580368879178536 0.006637800974658603
FixedParameters: 0 0 0
#Transform 53
Transform: MatrixOffsetTransformBase_double_3_3
Parameters: 0.9999952441206796 -0.0018048612481851801 -0.0023445994643739878 0.0017861344766358625 0.9999664545319097 -0.008022225301552792 0.00235939979722747 0.008017779120897217 0.999965146403011 0.004395670136574381 -0.25379448422027906 -0.13786518476135257
FixedParameters: 0 0 0
#Transform 54
Transform: MatrixOffsetTransformBase_double_3_3
Parameters: 0.9999661123089284 -0.0010330628143462768 -0.008112706252645607 0.0008009246837365329 0.9995886915858823 -0.02867945937111212 0.00813930864120391 0.02867155301691824 0.9995554860346677 -0.22414653284818087 -0.8342836143555985 -0.48806315190179816
FixedParameters: 0 0 0
#Transform 55
Transform: MatrixOffsetTransformBase_double_3_3
Parameters: 0.9999640069659936 -0.0008002804402174324 -0.008446870323714438 0.0005637094832868562 0.9996063668875456 -0.028056766915054605 0.008466143375612982 0.028050229809106573 0.999570304294349 -0.22987159758118025 -0.8541884253841516 -0.44495129404154454
FixedParameters: 0 0 0
#Transform 56
Transform: MatrixOffsetTransformBase_double_3_3
Parameters: 0.9999748813646799 -0.0013138341459293264 -0.007027832124050371 0.001122157081087622 0.9996280604840007 -0.02723155470581431 0.007061170087890784 0.0272223909330808 0.9996039094738806 -0.18859523913583587 -0.7348479551856286 -0.3300734629924307
FixedParameters: 0 0 0
#Transform 57
Transform: MatrixOffsetTransformBase_double_3_3
Parameters: 0.9999708041919215 -0.0019082616576736144 -0.007386135683317005 0.0017207381829189503 0.9996789974642935 -0.02527744999326103 0.007431858313646009 0.025263558052945737 0.9996533876238687 -0.19282838518758183 -0.7691444167682988 -0.23015957497540285
FixedParameters: 0 0 0
#Transform 58
Transform: MatrixOffsetTransformBase_double_3_3
Parameters: 0.9999713876545676 -0.0015531782534227625 -0.007429263774824632 0.001381805092348251 0.9997344356579951 -0.022990923092367894 0.00746373590203501 0.022980064474616622 0.9997081310315978 -0.20992148467861682 -0.7013142894829798 -0.26953252180200593
FixedParameters: 0 0 0
#Transform 59
Transform: MatrixOffsetTransformBase_double_3_3
Parameters: 0.9999642143385371 -0.0012208146624565067 -0.00838427462739924 0.0010451957694911766 0.9997803023672261 -0.020941508438323996 0.008407724024721258 0.020932480632124974 0.9997450844232519 -0.19687625235823702 -0.6087894279557275 -0.2140376470791523
FixedParameters: 0 0 0
#Transform 60
Transform: MatrixOffsetTransformBase_double_3_3
Parameters: 0.9999669174907794 -0.001742967136442895 -0.007939978057803837 0.0015750303021002565 0.9997757484999463 -0.021112191880997392 0.007975015018429408 0.02109878553479335 0.9997451712527274 -0.187328840015482 -0.6739515158250668 -0.20561273897126853
FixedParameters: 0 0 0
#Transform 61
Transform: MatrixOffsetTransformBase_double_3_3
Parameters: 0.999967379869783 -0.0017417222360951545 -0.00791113305742834 0.0015752783621339867 0.9997771212028181 -0.02103215360729019 0.007945883505189068 0.02101885141793666 0.9997480030164771 -0.190935888563871 -0.6457586827928168 -0.2315824787640679
FixedParameters: 0 0 0
#Transform 62
Transform: MatrixOffsetTransformBase_double_3_3
Parameters: 0.9999710127563832 -0.0017164592011034204 -0.007418687496716882 0.0015755317450654152 0.9998172636915239 -0.019032239805032776 0.007450327582276388 0.019019762882206477 0.9997916956338799 -0.17462830966140075 -0.5513872801481483 -0.12267454184993198
FixedParameters: 0 0 0
#Transform 63
Transform: MatrixOffsetTransformBase_double_3_3
Parameters: 0.9999728983807182 -0.0013024426744912393 -0.00723909445132777 0.0011685600352273054 0.999827688954163 -0.018544964028307794 0.007261912615929263 0.018536046246291075 0.9998016405621932 -0.1642818681852134 -0.6092568743029858 -0.16988374449069
FixedParameters: 0 0 0
#Transform 64
Transform: MatrixOffsetTransformBase_double_3_3
Parameters: 0.9999757412527055 -0.0011427094565412041 -0.00685247969720577 0.0010112969690989559 0.9998181096889754 -0.019048392191055568 0.006872505827425558 0.019040608832970145 0.9997951710447239 -0.17154580035385436 -0.5996068433688038 -0.17959059598257454
FixedParameters: 0 0 0
#Transform 65
Transform: MatrixOffsetTransformBase_double_3_3
Parameters: 0.9999748239130307 -0.0012969943111783753 -0.0070352851129096535 0.0011610076341383984 0.9998131143344445 -0.019300662594436913 0.007058719723428685 0.01929133922425196 0.9997889594516022 -0.16307723876094826 -0.5807756266058561 -0.10852297902580688
FixedParameters: 0 0 0
#Transform 66
Transform: MatrixOffsetTransformBase_double_3_3
Parameters: 0.9999725382106637 -0.0017101838067622235 -0.0072484279934489195 0.0015748239198700746 0.9998249726204297 -0.01861491147635438 0.007278564738602254 0.018603048459741377 0.9997999069982636 -0.18204494303896013 -0.6284321142507991 -0.1550176485823016
FixedParameters: 0 0 0
#Transform 67
Transform: MatrixOffsetTransformBase_double_3_3
Parameters: 0.9999733801305575 -0.0014019977362706398 -0.0071172652100336565 0.00127000904518709 0.999827486914311 -0.018516525460439588 0.007141734225521334 0.018507473529588585 0.9998034371986775 -0.19099914524467465 -0.626969534144564 -0.18750553097865463
FixedParameters: 0 0 0
#Transform 68
Transform: MatrixOffsetTransformBase_double_3_3
Parameters: 0.999979474520895 -0.0016322980106471617 -0.0061532842909170805 0.0015237065752051063 0.9998441645207184 -0.017563721018074168 0.006180705351039699 0.01755425626231577 0.9998266196509962 -0.1494416569638588 -0.5393285182583156 -0.12183477223304351
FixedParameters: 0 0 0
#Transform 69
Transform: MatrixOffsetTransformBase_double_3_3
Parameters: 0.999979412698442 -0.0016189151466399238 -0.006242525729290839 0.0015090974763115254 0.9998449269787221 -0.017571796141305378 0.006269480244479962 0.017562225615781923 0.9998262323170259 -0.13285227064879734 -0.616604119178902 -0.15032728826032837
FixedParameters: 0 0 0
#Transform 70
Transform: MatrixOffsetTransformBase_double_3_3
Parameters: 0.9999757073850083 -0.0013196546496238746 -0.006895310837973024 0.0011953298064687637 0.9998366935904207 -0.01805169842165796 0.006918703173957115 0.018042325732448846 0.9998135638646944 -0.17011125829084506 -0.6103384029557191 -0.17856357600574313
FixedParameters: 0 0 0
#Transform 71
Transform: MatrixOffsetTransformBase_double_3_3
Parameters: 0.9999716917585569 -0.001280549067251847 -0.007461240811925016 0.0011394569842692066 0.9998228147710163 -0.01881105252516258 0.007483757287785678 0.018801967195341867 0.999795435037434 -0.1568775254813346 -0.5539304088660089 -0.1502294999393996
FixedParameters: 0 0 0
#Transform 72
Transform: MatrixOffsetTransformBase_double_3_3
Parameters: 0.9999762410937634 -0.0014852860747629067 -0.006674563289998532 0.0013657013468093208 0.9998397982114642 -0.017841522796356594 0.006700419662988298 0.017831455048705508 0.9998181037586096 -0.14785953668797447 -0.5911002194639821 -0.1780994917579477
FixedParameters: 0 0 0
#Transform 73
Transform: MatrixOffsetTransformBase_double_3_3
Parameters: 0.9999755719910194 -0.0011697783898920052 -0.006859880756876848 0.0010452158471728633 0.999834902067121 -0.01816560837113711 0.006880112230821682 0.018157389905596847 0.9998109273962966 -0.1515563767946304 -0.5772382260947069 -0.17942824424405046
FixedParameters: 0 0 0
#Transform 74
Transform: MatrixOffsetTransformBase_double_3_3
Parameters: 0.9999786252224512 -0.0016871306781391304 -0.006366339593103498 0.0015748745487769156 0.999844537073126 -0.01757741635336487 0.006394664564408748 0.01756660130946646 0.9998254830944489 -0.13780811698272544 -0.5592512969220707 -0.14917824702190785
FixedParameters: 0 0 0
#Transform 75
Transform: MatrixOffsetTransformBase_double_3_3
Parameters: 0.9999746143235186 -0.001699634301953353 -0.006963761938602597 0.0015753669378754595 0.9998393805160208 -0.017863436034198862 0.00699325232755546 0.017852579314853328 0.9998163581504443 -0.145381596928857 -0.639023631187186 -0.12632984310194217
FixedParameters: 0 0 0
#Transform 76
Transform: MatrixOffsetTransformBase_double_3_3
Parameters: 0.9999729599340708 -0.0015356853354540302 -0.0071190546723217864 0.0014053180644570272 0.999831164120227 -0.018325486992740163 0.007145940527141629 0.018315508262858913 0.9998064492198585 -0.14490052391619201 -0.5596387205315239 -0.12831599999549326
FixedParameters: 0 0 0
#Transform 77
Transform: MatrixOffsetTransformBase_double_3_3
Parameters: 0.9999802989674551 -0.001676642785718343 -0.005990473756240973 0.001575349910807213 0.9998558092462894 -0.016931766474231297 0.006018524778293116 0.016922238275591302 0.9998383963836024 -0.15198770541518059 -0.595159128166614 -0.14850206837846258
FixedParameters: 0 0 0
#Transform 78
Transform: MatrixOffsetTransformBase_double_3_3
Parameters: 0.9999827649891336 -0.0016585265863825341 -0.005610982403215379 0.001575473423047625 0.999888744550434 -0.014858097880901257 0.0056350216912067624 0.014848911936758184 0.9998737392505668 -0.1201461732185578 -0.49013821553491255 -0.11535139039960995
FixedParameters: 0 0 0
#Transform 79
Transform: MatrixOffsetTransformBase_double_3_3
Parameters: 0.9999801639468329 -0.0019614433170747256 -0.005915016820626985 0.0018975526535641488 0.9999389956876588 -0.010881438626450645 0.005935987011168807 0.01086957123184177 0.9999236058594627 -0.09999316930236546 -0.5110527781762357 -0.0883820071198329
FixedParameters: 0 0 0
#Transform 80
Transform: MatrixOffsetTransformBase_double_3_3
Parameters: 0.9999817877160673 -0.0016384878349601617 -0.005790410112255591 0.001575513725035727 0.9999385649918645 -0.010952321629186426 0.005807596762143305 0.010942682905810228 0.9999235178098383 -0.10405348012260163 -0.5837608708797575 -0.1337682316317199
FixedParameters: 0 0 0
#Transform 81
Transform: MatrixOffsetTransformBase_double_3_3
Parameters: 0.9999850369371669 -0.0022832757617390746 -0.004974898456869653 0.002211719605682183 0.9998950040478793 -0.014286203890092596 0.005007092993650457 0.01427476805447156 0.9998851440778279 -0.08900438179669834 -0.5626218417358473 -0.1502708344433188
FixedParameters: 0 0 0
#Transform 82
Transform: MatrixOffsetTransformBase_double_3_3
Parameters: 0.999984253578715 -0.0023891671841121463 -0.005102576707667846 0.0023118253147495103 0.9998833552151961 -0.015076035677959999 0.005138425304471015 0.0150639626663424 0.9998736591918971 -0.07841240687591267 -0.4907897897727622 -0.12232156675050021
FixedParameters: 0 0 0
#Transform 83
Transform: MatrixOffsetTransformBase_double_3_3
Parameters: 0.9999838725124446 -0.0022225742345649358 -0.0053095975587017265 0.0021454392871575628 0.9998944904301591 -0.01438363967717686 0.005340404545611425 0.01437237864441614 0.9998829032560287 -0.0851374352286598 -0.5216291569968803 -0.12119542139943462
FixedParameters: 0 0 0
#Transform 84
Transform: MatrixOffsetTransformBase_double_3_3
Parameters: 0.9999880896259483 -0.002188173935465615 -0.004372857662064385 0.0021308255982223005 0.9999124950561734 -0.013036476301803218 0.004401145598090115 0.013027527928580755 0.9999059120135384 -0.03335767140684709 -0.4499500741083722 -0.06132947659730803
FixedParameters: 0 0 0
#Transform 85
Transform: MatrixOffsetTransformBase_double_3_3
Parameters: 0.9999882954762155 -0.002216089017216615 -0.0043353010537853995 0.0021569150667881255 0.9999057249330344 -0.013587520794528315 0.004364700465349312 0.01357749724349434 0.9998985824803097 -0.04922304033412672 -0.4441526686828894 -0.05670034516349176
FixedParameters: 0 0 0
#Transform 86
Transform: MatrixOffsetTransformBase_double_3_3
Parameters: 0.9999843704135797 -0.002419193186625847 -0.004977365138192648 0.0023527987525405946 0.9999095761425201 -0.013261913244164283 0.00500962597557255 0.013250083063425419 0.9998993331162094 -0.044745493962750515 -0.507016582586516 -0.07509582170611395
FixedParameters: 0 0 0
#Transform 87
Transform: MatrixOffsetTransformBase_double_3_3
Parameters: 0.999985936091912 -0.002424918761351947 -0.004814801481394518 0.0023640811184968886 0.9999171961711149 -0.012617558345761655 0.0048452031713243394 0.012606426382252005 0.9999086000622656 -0.0559236632234672 -0.42187658450203 -0.03887338298723364
FixedParameters: 0 0 0
#Transform 88
Transform: MatrixOffsetTransformBase_double_3_3
Parameters: 0.9999835928174666 -0.0026764290362448167 -0.0050243072230271675 0.00261857321794993 0.9999295755278549 -0.011600348907170566 0.005054697395434805 0.011586663629735398 0.9999201874481843 -0.06563393480216462 -0.5109402818878124 -0.06727137285741946
FixedParameters: 0 0 0
#Transform 89
Transform: MatrixOffsetTransformBase_double_3_3
Parameters: 0.9999850644310654 -0.0020617605216544013 -0.00516570683907133 0.0020042402416151515 0.9999376639856254 -0.010968515621968386 0.005188286098946383 0.010958465149359362 0.9999259949082403 -0.058658068801619834 -0.5483421460856732 -0.10235179213485424
FixedParameters: 0 0 0
#Transform 90
Transform: MatrixOffsetTransformBase_double_3_3
Parameters: 0.9999816820266523 -0.0023586771704759 -0.005545597341544416 0.002280310523129861 0.9998995592597275 -0.013972896356652116 0.005578389265135944 0.013959092795875387 0.9998870020404792 -0.07749725430539911 -0.5064429471020588 -0.09973391692452083
FixedParameters: 0 0 0
#Transform 91
Transform: MatrixOffsetTransformBase_double_3_3
Parameters: 0.9999776859977592 -0.0023869498499094685 -0.006214332481656566 0.002281051008110527 0.9998527318835154 -0.017001552304087873 0.006253667090381785 0.016986449566113147 0.9998363139027172 -0.09761873611694227 -0.5212503104879147 -0.2160611995915218
FixedParameters: 0 0 0
#Transform 92
Transform: MatrixOffsetTransformBase_double_3_3
Parameters: 0.9999989055429532 -0.0011634755111113208 -0.0008606633223255115 0.0011615267557626876 0.999995408798122 -0.002871001866375055 0.0008633372554317561 0.0028699977097106913 0.999995017163253 -0.289914216239481 -0.3485878949097696 0.19971775113954493
FixedParameters: 0 0 0
#Transform 93
Transform: MatrixOffsetTransformBase_double_3_3
Parameters: 0.9999977149391689 -0.0022977298669241723 0.00006958202267962804 0.0022982719671008644 0.99998833016411 -0.004169850969125035 -0.00006041658969223844 0.004170149709222406 0.9999916067751781 0.06427577153743869 -0.1686247696347749 0.2827630758843469
FixedParameters: 0 0 0
#Transform 94
Transform: MatrixOffsetTransformBase_double_3_3
Parameters: 0.9999924297415801 -0.0034794444099774634 -0.001860145787708658 0.00347255470327469 0.9999860250221381 -0.003989491800095114 0.0018748601536166829 0.003983508828879651 0.9999906201026074 0.03696305993737781 -0.13335277800655376 0.1059090208286051
FixedParameters: 0 0 0
#Transform 95
Transform: MatrixOffsetTransformBase_double_3_3
Parameters: 0.9999882904025243 -0.0034723726636444736 -0.0034134092186233747 0.0034536228774954543 0.9999791917073046 -0.005373848736624864 0.0034325884445467695 0.005362140738776149 0.9999794671471599 0.10126820645976409 -0.2627241677744081 0.08593307944404671
FixedParameters: 0 0 0
#Transform 96
Transform: MatrixOffsetTransformBase_double_3_3
Parameters: 0.9999839173069617 -0.0030711227510114747 -0.004759617093255692 0.0030328866702015716 0.9999638673819639 -0.00799556476469058 0.004783380109623476 0.007981438812283047 0.9999564145722213 -0.0031199761494207223 -0.25950794410991307 -0.000018882150186527724
FixedParameters: 0 0 0
#Transform 97
Transform: MatrixOffsetTransformBase_double_3_3
Parameters: 0.999987348360465 -0.00243820843282424 -0.004439541091359702 0.0023947941426280717 0.9999499316799867 -0.009712755830500118 0.004462456440102394 0.00970124350012223 0.999942959341152 -0.00938060038171784 -0.27345040731015047 0.03535115448649151
FixedParameters: 0 0 0
#Transform 98
Transform: MatrixOffsetTransformBase_double_3_3
Parameters: 0.9999824042250425 -0.002442788791432378 -0.005350436479301522 0.0023942066587904487 0.9999576979542417 -0.008919966572044342 0.005372552286228068 0.008907032282672145 0.9999458007858191 -0.017108283612941477 -0.3848028209322223 0.006006155744330499
FixedParameters: 0 0 0
#Transform 99
Transform: MatrixOffsetTransformBase_double_3_3
Parameters: 0.9999794725683933 -0.0029139809590226677 -0.005660014230308489 0.002849017545887515 0.9999306570822516 -0.01145536558323044 0.005692986135588367 0.011438650513991271 0.9999187364430889 -0.036063770815701446 -0.3634285992230417 -0.0452439980077628
FixedParameters: 0 0 0
#Transform 100
Transform: MatrixOffsetTransformBase_double_3_3
Parameters: 0.9999814841910214 -0.00291107457761309 -0.005295814466178966 0.0028479342381782353 0.9999257692096362 -0.011879308556619924 0.00532918555037856 0.011863712488114297 0.9999158372022195 -0.04480422545080387 -0.42270049608713123 0.01210518644151648
FixedParameters: 0 0 0
#Transform 101
Transform: MatrixOffsetTransformBase_double_3_3
Parameters: 0.9999839431532846 -0.0023482225948650327 -0.005151972661701091 0.0022877787731439103 0.9999297119767403 -0.011663974192128654 0.0051790214274712995 0.011652025931788433 0.9999184018324184 -0.028988319171375565 -0.4442804357601773 -0.009478839976367226
FixedParameters: 0 0 0
#Transform 102
Transform: MatrixOffsetTransformBase_double_3_3
Parameters: 0.99998291487541 -0.002336626082290605 -0.005255737456944698 0.0022723681396979566 0.999922300957093 -0.012269146790145574 0.005284260184447525 0.012256856263961545 0.9999108377465175 -0.04245718901496787 -0.37651533969930995 -0.01974663909547303
FixedParameters: 0 0 0
#Transform 103
Transform: MatrixOffsetTransformBase_double_3_3
Parameters: 0.9999829230228322 -0.0024616843404836396 -0.005293497392220604 0.0023943231624278696 0.9999183307821897 -0.012566890822002824 0.005323494155698562 0.01255411150009511 0.999907044756505 -0.04628056619034737 -0.40353509387145436 -0.0488648821578721
FixedParameters: 0 0 0
#Transform 104
Transform: MatrixOffsetTransformBase_double_3_3
Parameters: 0.999980483119799 -0.002467590220992354 -0.005781553923899324 0.0023944031267793707 0.9999182818940154 -0.012529083831840471 0.005812438811861224 0.012514897462451277 0.9999045850994672 -0.04415190477766373 -0.4311355963117762 -0.0497318378975109
FixedParameters: 0 0 0
#Transform 105
Transform: MatrixOffsetTransformBase_double_3_3
Parameters: 0.9999739361966468 -0.0018889043648834271 -0.0069636682006058255 0.0017890911565068045 0.9998955852582009 -0.014324830616887696 0.006990334995034777 0.014312167574108591 0.9998732857233509 -0.14278067793152616 -0.4825872031770757 -0.067899082378446
FixedParameters: 0 0 0
#Transform 106
Transform: MatrixOffsetTransformBase_double_3_3
Parameters: 0.9999712331904186 -0.0019512312519716808 -0.007277607796898224 0.0018497760911923287 0.9999016104193131 -0.01389085398739933 0.007303384219868471 0.013877141048863095 0.9998770678746715 -0.20451218568466345 -0.43690070567532757 -0.13685089786152105
FixedParameters: 0 0 0
#Transform 107
Transform: MatrixOffsetTransformBase_double_3_3
Parameters: 0.9999703197828198 -0.002944406797933307 -0.00714239612996538 0.0028536015010108304 0.9999162086444415 -0.012634755710366333 0.007178597031542483 0.012614236837739644 0.9998943377739055 -0.12171441267442162 -0.4606318801404541 -0.08342503656032818
FixedParameters: 0 0 0
#Transform 108
Transform: MatrixOffsetTransformBase_double_3_3
Parameters: 0.999969416047944 -0.002295630814715612 -0.007437443349056908 0.0022013746423405773 0.9999166831804912 -0.012706750501694331 0.007465551694311767 0.012690239232642588 0.9998912113060091 -0.11933542694100652 -0.4391005071564251 -0.11665087389287976
FixedParameters: 0 0 0
#Transform 109
Transform: MatrixOffsetTransformBase_double_3_3
Parameters: 0.9999791408878632 -0.0025137821145005427 -0.005876985999422696 0.002440220658271065 0.9999190933656362 -0.012527607089213834 0.005908015664908624 0.012513414191960198 0.9999045059242364 -0.0844876312155094 -0.41148713517408453 -0.04933771719483104
FixedParameters: 0 0 0
#Transform 110
Transform: MatrixOffsetTransformBase_double_3_3
Parameters: 0.9999740372025484 -0.0026589717599182186 -0.0067002860461505215 0.002575036982629707 0.9999188676849494 -0.012509587687480872 0.0067327197666062 0.01249243165954488 0.9998996030014236 -0.09125087756228822 -0.4783356895616464 -0.06081337525631625
FixedParameters: 0 0 0
#Transform 111
Transform: MatrixOffsetTransformBase_double_3_3
Parameters: 0.9999695318060047 -0.0025399966595150963 -0.007417508152347975 0.0024400098916918947 0.9999068859812698 -0.013459517191205807 0.007450493268743129 0.013440493601443256 0.9998818187547703 -0.13363149197286361 -0.4457019345113906 -0.07442199807948668
FixedParameters: 0 0 0
#Transform 112
Transform: MatrixOffsetTransformBase_double_3_3
Parameters: 0.9999754695424938 -0.0029133712255984723 -0.006327942224255276 0.0028356224034402984 0.999921060428165 -0.012202228275067709 0.006363043161888898 0.012183746238375287 0.9999050562674818 -0.07597185262484629 -0.4229205253685677 -0.06107063497127285
FixedParameters: 0 0 0
#Transform 113
Transform: MatrixOffsetTransformBase_double_3_3
Parameters: 0.9999721521858158 -0.0034466677605760727 -0.006555277679649984 0.0033713343916369916 0.999929402233034 -0.011367407244335237 0.006593709845988907 0.011345580257316683 0.999913798055889 -0.07978377358831779 -0.4514529899969091 -0.02848235186296222
FixedParameters: 0 0 0
#Transform 114
Transform: MatrixOffsetTransformBase_double_3_3
Parameters: 0.9999689723520676 -0.003297130545779211 -0.007152691088599684 0.0032058831945374257 0.9999140519671921 -0.012714320075145103 0.007193303385239369 0.012691671410268921 0.9998931700496042 -0.09073457530233497 -0.449124974569969 -0.06309824424076282
FixedParameters: 0 0 0
#Transform 115
Transform: MatrixOffsetTransformBase_double_3_3
Parameters: 0.9999726100237896 -0.0018996969580024202 -0.007125991083464024 0.0018233021096431194 0.9999410209637464 -0.010754288428986718 0.007146005728392083 0.010740719978679635 0.9999165616443904 -0.02546529083598159 -0.2324363292896976 -0.19648310280831538
FixedParameters: 0 0 0
#Transform 116
Transform: MatrixOffsetTransformBase_double_3_3
Parameters: 0.9999668473694896 -0.002067322278882959 -0.007866562588750178 0.0019716840628049423 0.9999245520895673 -0.012105905407864881 0.007890429033292182 0.012090082439124279 0.9998955566657024 -0.007715422652424309 -0.40368971439544055 -0.28439700431583503
FixedParameters: 0 0 0
#Transform 117
Transform: MatrixOffsetTransformBase_double_3_3
