#Insight Transform File V1.0
#Transform 0
Transform: MatrixOffsetTransformBase_double_3_3
Parameters: 0.9999938760247408 -0.0026080492789352493 -0.002514773218742734 0.0026029510326899333 0.999994187287695 -0.002009557841528839 0.0025192265290835186 0.0020024416985822287 0.9999946406316278 -0.16030958891494151 -0.2338975856152672 -0.2148884754202669
FixedParameters: 0 0 0
#Transform 1
Transform: MatrixOffsetTransformBase_double_3_3
Parameters: 0.9999962245638978 -0.001616490135432415 -0.0022718118184146163 0.0016125075061501992 0.9999964907709836 -0.001977671415715492 0.0022751907255024626 0.0019733302633178486 0.9999959285668025 -0.15052087180070828 -0.21861780105531636 -0.2917981483087999
FixedParameters: 0 0 0
#Transform 2
Transform: MatrixOffsetTransformBase_double_3_3
Parameters: 0.9999959014473822 -0.002222714779263016 -0.00203895888702385 0.0022192855132430484 0.9999957547322956 -0.0018225335725411593 0.0020430433534297547 0.001817467419557004 0.9999965218927476 -0.1477209068892904 -0.19035618230164175 -0.19218623134808865
FixedParameters: 0 0 0
#Transform 3
Transform: MatrixOffsetTransformBase_double_3_3
Parameters: 0.9999945861425842 -0.0022555381053969512 -0.0025159389681844386 0.0022504624836858357 0.9999956749529513 -0.0018056724087362438 0.002519061064236973 0.0017993285115975618 0.999995413151863 -0.14692389112533988 -0.2395733550494441 -0.18889830279373143
FixedParameters: 0 0 0
#Transform 4
Transform: MatrixOffsetTransformBase_double_3_3
Parameters: 0.9999953547041183 -0.0020373817092881486 -0.0023434678889893514 0.002031616684775226 0.9999944623562649 -0.0027227762757107946 0.0023495356187917434 0.0027172283244054525 0.9999940954729142 -0.13744276163026825 -0.21210791126658535 -0.2913718327628487
FixedParameters: 0 0 0
#Transform 5
Transform: MatrixOffsetTransformBase_double_3_3
Parameters: 0.9999932532387552 -0.002786522777511707 -0.002642190874253135 0.0027814798409954303 0.999993891623327 -0.0020913651769530308 0.0026478141362891307 0.002083637736032607 0.9999946462550029 -0.2084328548609733 -0.2335191794545466 -0.1628998976935634
FixedParameters: 0 0 0
#Transform 6
Transform: MatrixOffsetTransformBase_double_3_3
Parameters: 0.9999910871313452 -0.00249633765872442 -0.003268647048837141 0.002487659455285185 0.9999932924634403 -0.002553152992412446 0.003274351336496608 0.0025448477478201823 0.999991799788053 -0.23071508397794105 -0.272328697310968 -0.22998682296670836
FixedParameters: 0 0 0
#Transform 7
Transform: MatrixOffsetTransformBase_double_3_3
Parameters: 0.9999939770775994 -0.002556659034053976 -0.00254733402009402 0.0025513431226563835 0.9999951391123422 -0.0018305113139465011 0.002551666375862986 0.001823488411457908 0.9999951620803569 -0.18893428024290415 -0.17728874400577865 -0.16339640970079472
FixedParameters: 0 0 0
#Transform 8
Transform: MatrixOffsetTransformBase_double_3_3
Parameters: 0.9999896992029267 -0.003513576165753481 -0.0029926394111225636 0.003509426376234912 0.9999923360178917 -0.0015325187908079283 0.0029973671148526134 0.0015224847661360903 0.9999946966397556 -0.1611236584879805 -0.21261931053642513 -0.11381047645693343
FixedParameters: 0 0 0
#Transform 9
Transform: MatrixOffsetTransformBase_double_3_3
Parameters: 0.9999880439433331 -0.003097518831571991 -0.003789682684150624 0.0030904801319457907 0.999993472122816 -0.0017247327124415295 0.0037953199226521427 0.0017132645624212612 0.9999916618636547 -0.2307415041783969 -0.26354651742288127 -0.16055842493689454
FixedParameters: 0 0 0
#Transform 10
Transform: MatrixOffsetTransformBase_double_3_3
Parameters: 0.9999900346613071 -0.0024665315103550678 -0.003589518612561854 0.0024594691562781702 0.9999956266357842 -0.0018228459816328297 0.003593476594484082 0.0018141541589996426 0.999991794103828 -0.23186253307837035 -0.21845671819957602 -0.2217612448832682
FixedParameters: 0 0 0
#Transform 11
Transform: MatrixOffsetTransformBase_double_3_3
Parameters: 0.9999927360616717 -0.0018991893795768738 -0.0034145634402152213 0.0018928097450684371 0.9999961218118187 -0.0018154753163934388 0.0034174345726438555 0.0018085217881990926 0.9999920475370486 -0.22145967941878553 -0.17077383600674523 -0.19187411305186686
FixedParameters: 0 0 0
#Transform 12
Transform: MatrixOffsetTransformBase_double_3_3
Parameters: 0.9999889553115583 -0.002936750867530262 -0.0035242169968707267 0.002931250873898046 0.9999947330412728 -0.001635348908317321 0.00352878483522631 0.0016256552784405733 0.9999929051717305 -0.20493088089317268 -0.2587935326387907 -0.16580069025768296
FixedParameters: 0 0 0
#Transform 13
Transform: MatrixOffsetTransformBase_double_3_3
Parameters: 0.9999913179640586 -0.0025948793334368697 -0.003154170771963005 0.0025891181533173237 0.9999948107175248 -0.0018671824476473415 0.0031588286122511697 0.001858819073925476 0.9999935656707151 -0.16674689544133514 -0.20009575043843597 -0.17762379451419008
FixedParameters: 0 0 0
#Transform 14
Transform: MatrixOffsetTransformBase_double_3_3
Parameters: 0.9999909216221909 -0.003019137142945455 -0.0029938280123985883 0.0030138620920398982 0.9999939611561366 -0.0017190385602223824 0.002999171643302916 0.0017099605823849143 0.9999940814161344 -0.15288714805721781 -0.21229373021981246 -0.12145644197602223
FixedParameters: 0 0 0
#Transform 15
Transform: MatrixOffsetTransformBase_double_3_3
Parameters: 0.9999912228251778 -0.003096428312514403 -0.002680890011527774 0.0030925673524564434 0.9999936982149324 -0.0016553045333913589 0.002686108097903106 0.001646696279721261 0.9999950729802412 -0.1469312825883975 -0.25021740912927726 -0.11839990563190383
FixedParameters: 0 0 0
#Transform 16
Transform: MatrixOffsetTransformBase_double_3_3
Parameters: 0.9999927382787838 -0.0026310338331579208 -0.002887608416656976 0.002623966155438849 0.9999931766917044 -0.002436594240397673 0.0028943938944271928 0.002429401951701185 0.9999927225557866 -0.12672735675492675 -0.1795332478227465 -0.10612893539976653
FixedParameters: 0 0 0
#Transform 17
Transform: MatrixOffsetTransformBase_double_3_3
Parameters: 0.9999911328969674 -0.0031151118250166356 -0.00285735033030796 0.003108888843703476 0.9999927507442689 -0.002140901247642634 0.0028636479795888826 0.0021320973974437918 0.9999932528400521 -0.13061452158061115 -0.23077290335007206 -0.09991395724252072
FixedParameters: 0 0 0
#Transform 18
Transform: MatrixOffsetTransformBase_double_3_3
Parameters: 0.9999912668610251 -0.0030430921316581326 -0.002733335681430134 0.003037901366888128 0.9999932882665987 -0.0018663176730316126 0.002739658545841385 0.0018576769504022722 0.9999940444816914 -0.1458275233653552 -0.23401732151191368 -0.0872135422958138
FixedParameters: 0 0 0
#Transform 19
Transform: MatrixOffsetTransformBase_double_3_3
Parameters: 0.9999943257257318 -0.002324509538967084 -0.0025038959842877493 0.0023194909225039803 0.9999947770715036 -0.002200819142492225 0.0025091035366553464 0.0021951789083433475 0.999993886210954 -0.14514939897689771 -0.19490097528748151 -0.15064674892003893
FixedParameters: 0 0 0
#Transform 20
Transform: MatrixOffsetTransformBase_double_3_3
Parameters: 0.9999930675489912 -0.0025017690755635433 -0.0025834236109256487 0.0024962302890641575 0.9999947775841456 -0.0022344645114629317 0.002588574203390034 0.0022275396288385734 0.9999943351891054 -0.1543309946546998 -0.1849178376625673 -0.12694323716939948
FixedParameters: 0 0 0
#Transform 21
Transform: MatrixOffsetTransformBase_double_3_3
Parameters: 0.9999931702137882 -0.002714804419627935 -0.002731247738600798 0.002709201259888866 0.9999941421054367 -0.002125415429320207 0.0027367575302775604 0.002118586126762915 0.9999940222933568 -0.15144017339891036 -0.22737095171804356 -0.14095982523789985
FixedParameters: 0 0 0
#Transform 22
Transform: MatrixOffsetTransformBase_double_3_3
Parameters: 0.9999911040652557 -0.003257741356834755 -0.0026980857133343077 0.0032522604925980716 0.9999928913873113 -0.00212879506714398 0.0027059162879585945 0.002120204943071147 0.9999941856270754 -0.14816636641398873 -0.23814908597864815 -0.1421721733776593
FixedParameters: 0 0 0
#Transform 23
Transform: MatrixOffsetTransformBase_double_3_3
Parameters: 0.999991588698507 -0.00277224730736295 -0.0029541518842868494 0.002765753912544642 0.9999938699167945 -0.002116188522685394 0.002959850973005058 0.0021088125657558643 0.999993793420785 -0.11870709578172978 -0.15243017307264495 -0.14054339344032485
FixedParameters: 0 0 0
#Transform 24
Transform: MatrixOffsetTransformBase_double_3_3
Parameters: 0.9999919734527347 -0.0028534837696582264 -0.0026240479742925707 0.0028475133659646794 0.9999935148501393 -0.0020914879940281414 0.00262995171601187 0.0020845113987233007 0.9999947390736663 -0.11770517283966342 -0.2035785870173612 -0.07942855789677594
FixedParameters: 0 0 0
#Transform 25
Transform: MatrixOffsetTransformBase_double_3_3
Parameters: 0.9999923103871369 -0.003169621255452106 -0.0023758508366032768 0.0031643811726276587 0.9999931986766157 -0.0019455341026589936 0.002382151525999401 0.0019384654368489241 0.9999955689468932 -0.12234887252408555 -0.24659980467228593 -0.12177225824888183
FixedParameters: 0 0 0
#Transform 26
Transform: MatrixOffsetTransformBase_double_3_3
Parameters: 0.999991898279839 -0.0034678085351281343 -0.0020184721878593846 0.0034641916228597166 0.9999924391950287 -0.0018870083217562318 0.002025528674334028 0.001879991747295585 0.9999963639054051 -0.11393525446635522 -0.1722735243682365 -0.07836252843294744
FixedParameters: 0 0 0
#Transform 27
Transform: MatrixOffsetTransformBase_double_3_3
Parameters: 0.999991341594576 -0.0032803288663964068 -0.002428161921855221 0.0032766695947757363 0.9999930794068708 -0.0017849720407598973 0.0024338400018183146 0.001777031893413121 0.9999959182273523 -0.11187090066803762 -0.22967780749206668 -0.08471458097312734
FixedParameters: 0 0 0
#Transform 28
Transform: MatrixOffsetTransformBase_double_3_3
Parameters: 0.99999337752334 -0.0030546846852717822 -0.0020716410377958705 0.0030493150339410413 0.9999911830856135 -0.0027423349062022733 0.0020793599828338 0.0027356659860334706 0.9999941901142386 -0.12012692107090572 -0.2589779089338151 -0.10631551746675427
FixedParameters: 0 0 0
#Transform 29
Transform: MatrixOffsetTransformBase_double_3_3
Parameters: 0.9999934752308364 -0.0030753352126720104 -0.002016890288173281 0.003069666303459756 0.9999915927037621 -0.0026422071236672415 0.002025110093131107 0.0026367880123321454 0.9999939485486037 -0.10992672803357095 -0.169143346036293 -0.061690329012833445
FixedParameters: 0 0 0
#Transform 30
Transform: MatrixOffsetTransformBase_double_3_3
Parameters: 0.9999925084437254 -0.003096197422360367 -0.0022147524217531658 0.003090803700246506 0.9999929428747345 -0.0023458629885208947 0.0022222455429113446 0.0023391370623789113 0.9999945909017693 -0.10368518963002771 -0.2528480984278758 -0.0843589833377223
FixedParameters: 0 0 0
#Transform 31
Transform: MatrixOffsetTransformBase_double_3_3
Parameters: 0.999992775625504 -0.003075280992675298 -0.0024009797448124033 0.0030697220089072616 0.9999917423295471 -0.0026143891189073006 0.002409024431476717 0.0026076103021901655 0.999993398580478 -0.09839835204080316 -0.2244426157807311 -0.0937398402033125
FixedParameters: 0 0 0
#Transform 32
Transform: MatrixOffsetTransformBase_double_3_3
Parameters: 0.9999928499800624 -0.003239997853537124 -0.0019112385356912778 0.0032360009485830257 0.9999921534584191 -0.002091198654574805 0.0019177637213512206 0.0020858002923380727 0.999995972819464 -0.08428846159146985 -0.17563164031992073 -0.030441014020354373
FixedParameters: 0 0 0
#Transform 33
Transform: MatrixOffsetTransformBase_double_3_3
Parameters: 0.9999928849074969 -0.0032913968470029867 -0.00181184087957742 0.0032876014623542007 0.9999926747486272 -0.0018749687934701248 0.0018181568146647426 0.0018690278611504898 0.9999962013664424 -0.0709062252265511 -0.22176797116202351 -0.024906568492568226
FixedParameters: 0 0 0
#Transform 34
Transform: MatrixOffsetTransformBase_double_3_3
Parameters: 0.9999921958124731 -0.0035838750119911262 -0.0013996606102154464 0.0035811248459926676 0.9999919692604733 -0.0020510283648503347 0.0014073381832111433 0.0020459722418531686 0.9999968338064706 -0.0732386341670832 -0.20685538264716286 -0.02933600263337155
FixedParameters: 0 0 0
#Transform 35
Transform: MatrixOffsetTransformBase_double_3_3
Parameters: 0.9999969117092663 -0.0025553056900243245 -0.0007479576774544004 0.002554694913179922 0.9999963054984207 -0.000408911962827829 0.0007490425601780216 0.0004070871202927159 0.9999992732826645 -0.04017226048334521 -0.1213847351564965 -0.02971625786010179
FixedParameters: 0 0 0
#Transform 36
Transform: MatrixOffsetTransformBase_double_3_3
Parameters: 0.9999957051322954 -0.0027887448992725706 -0.0007191112672460375 0.0027882520194540327 0.9999951509554993 -0.0010370091362061238 0.0007218890512233454 0.0010349908989491748 0.9999994075799322 -0.05601368827881004 -0.2068205592018444 -0.024421942280511644
FixedParameters: 0 0 0
#Transform 37
Transform: MatrixOffsetTransformBase_double_3_3
Parameters: 0.9999941051359165 -0.003116096682338664 -0.0017836039576395817 0.003113904646115431 0.9999932934348339 -0.0017355643797473024 0.0017894005902299019 0.0017304344322248758 0.9999968051011915 -0.08602468231563876 -0.22029887423363448 -0.04223009667957456
FixedParameters: 0 0 0
#Transform 38
Transform: MatrixOffsetTransformBase_double_3_3
Parameters: 0.9999946119729491 -0.0031982646767467434 -0.0003998741862677658 0.0031977317471888573 0.9999943312131822 -0.0006652817240879227 0.0004021243364010603 0.0006637169243860674 0.999999397637979 -0.035986741263457134 -0.14360479986609676 -0.0071310522583019065
FixedParameters: 0 0 0
#Transform 39
Transform: MatrixOffsetTransformBase_double_3_3
Parameters: 0.9999932806463651 -0.0032003361297152553 -0.0018642868283499053 0.00319766717547281 0.9999935765393919 -0.0017889735515085245 0.001869713710842878 0.0017830284309684756 0.9999963244846415 -0.05791163813474043 -0.23114062718424577 -0.02980030505844411
FixedParameters: 0 0 0
#Transform 40
Transform: MatrixOffsetTransformBase_double_3_3
Parameters: 0.9999943924954785 -0.002514456489748491 -0.0020705955886629887 0.0025095404918058636 0.9999940651718818 -0.002153205670872875 0.002075399734743437 0.0021477908885448363 0.9999950779956338 -0.08136560873907683 -0.18608267674986223 -0.05665144182370341
FixedParameters: 0 0 0
#Transform 41
Transform: MatrixOffsetTransformBase_double_3_3
Parameters: 0.9999983319422514 -0.001592648171243195 -0.000364176350967894 0.0015913517410012365 0.9999973202240625 -0.001773582822011854 0.0003668231844618847 0.0017734190689812923 0.999998721101324 -0.06788894192253281 -0.16556342507615796 0.06382165845666066
FixedParameters: 0 0 0
#Transform 42
Transform: MatrixOffsetTransformBase_double_3_3
Parameters: 0.9999996667817171 -0.0010056264890303623 -0.0005678931835275583 0.0010043740824624222 0.9999987766713136 -0.0011015712435392812 0.0005691072000780891 0.0011014285574745758 0.9999994635046251 -0.07889996565313595 -0.1843392550739793 0.039004494135340906
FixedParameters: 0 0 0
#Transform 43
Transform: MatrixOffsetTransformBase_double_3_3
Parameters: 0.9999983365320413 -0.0015726800593697868 -0.00043755890618086255 0.0015713185168317126 0.9999971185563491 -0.0015526884608353206 0.0004394399701611119 0.0015523098162418816 0.9999983974599758 -0.043370518644621825 -0.19508637378056903 0.0677005578310883
FixedParameters: 0 0 0
#Transform 44
Transform: MatrixOffsetTransformBase_double_3_3
Parameters: 0.9999990802539015 -0.0003151030673117189 -0.0009056165918937083 0.00031389695679663994 0.9999994187827655 -0.001217284900586384 0.0009063823995858127 0.0012177150264134505 0.9999986968570558 -0.050696769859669644 -0.13264055224709637 0.011195692339185825
FixedParameters: 0 0 0
#Transform 45
Transform: MatrixOffsetTransformBase_double_3_3
Parameters: 0.9999994504390406 -0.0005895528749005025 -0.00044927564148995714 0.0005894475529069518 0.9999991408180597 -0.0012292654247296284 0.0004497252234624284 0.001229735463700847 0.9999992862780509 -0.05877831913443288 -0.11609462433193585 0.04962887305190122
FixedParameters: 0 0 0
#Transform 46
Transform: MatrixOffsetTransformBase_double_3_3
Parameters: 0.9999993172143261 -0.001287682748546263 -0.00015544622571030933 0.0012873150406557613 0.9999897273421817 -0.004314201769291641 0.0001615561118908715 0.004314793628115394 0.9999903598829935 -0.1308584768591885 -0.1492554088196698 0.18244042108541692
FixedParameters: 0 0 0
#Transform 47
Transform: MatrixOffsetTransformBase_double_3_3
Parameters: 0.9999982471628309 -0.0014199748876544092 0.0008583578970323266 0.001422023569959943 0.999996394612459 -0.002362782735059743 -0.0008546408182923485 0.002364216911573583 0.9999966802633622 0.05938593284288629 -0.1318217088467435 0.11013850831956518
FixedParameters: 0 0 0
#Transform 48
Transform: MatrixOffsetTransformBase_double_3_3
Parameters: 0.9999969397731823 -0.0024301269821984687 0.0003934240363283707 0.0024308720211687913 0.9999941130472949 -0.0022310503751284743 -0.00038857668452145977 0.0022319510320925975 0.9999978675111455 0.1373536282737291 -0.06841735344509914 0.09502346844467979
FixedParameters: 0 0 0
#Transform 49
Transform: MatrixOffsetTransformBase_double_3_3
Parameters: 0.9999977460513249 -0.0022920276217441135 -0.000024584166614234095 0.0022919728137093033 0.9999966358096197 -0.001054059391468701 0.000027415710412643142 0.0010539402073930031 0.9999998884066857 0.1084375507717823 -0.14006844835842003 0.049989214400483206
FixedParameters: 0 0 0
#Transform 50
Transform: MatrixOffsetTransformBase_double_3_3
Parameters: 0.9999983547637159 -0.001510622099919763 0.0006024661889992489 0.001512376598085756 0.9999964552105363 -0.0022930928339492188 -0.0005985329256271232 0.0022939081480263554 0.9999973792456237 0.022566362622086444 -0.151371089588082 0.09738368659556329
FixedParameters: 0 0 0
#Transform 51
Transform: MatrixOffsetTransformBase_double_3_3
Parameters: 0.9999981191906854 -0.0012538215789537914 0.0011438069701175538 0.0012601767012036646 0.9999840812538047 -0.005415562180675302 -0.0011371897891872629 0.00541742941739819 0.9999843605654641 -0.04765574754188151 -0.22229577556004187 0.07197547408706839
FixedParameters: 0 0 0
#Transform 52
Transform: MatrixOffsetTransformBase_double_3_3
Parameters: 0.9999981843166453 -0.0006251773951980862 0.0018503208272702824 0.000631826774975969 0.9999929888176936 -0.00368983971440338 -0.0018486824683394392 0.003690164550587938 0.999991963165111 0.0028992030232757315 -0.10004625588905469 0.16314287944399553
FixedParameters: 0 0 0
#Transform 53
Transform: MatrixOffsetTransformBase_double_3_3
Parameters: 0.9999987994813467 -0.0004827142865250058 0.0017222085035233628 0.0004872881482778169 0.9999965671480034 -0.0024891652751217177 -0.0017217936802736986 0.0024898356215251704 0.999995837081564 0.029722676377417656 -0.1883978481456552 0.11504867625581028
FixedParameters: 0 0 0
#Transform 54
Transform: MatrixOffsetTransformBase_double_3_3
Parameters: 0.9999995475962054 0.0003899822871711115 0.00054801223151591 -0.000390017359155209 0.9999998468760696 0.00003178626558721717 -0.0005479872715272276 -0.000032213705393404 0.9999996986721368 0.011709606003407202 -0.10963318384231968 0.006401061185400181
FixedParameters: 0 0 0
#Transform 55
Transform: MatrixOffsetTransformBase_double_3_3
Parameters: 0.9999999483969718 0.00019303543489646689 -0.00011894246929964052 -0.00019396451076601805 0.9999998737539822 0.0002980230441554679 0.00011905779528344794 -0.00029797699116193403 0.9999998970349792 -0.01317139010750168 -0.05662344222413651 -0.026489075735483425
FixedParameters: 0 0 0
#Transform 56
Transform: MatrixOffsetTransformBase_double_3_3
Parameters: 0.9999995955712113 -0.0006019293707459181 -0.00020520637886626414 0.0006020700006724982 0.9999995199472506 0.0003428764109917691 0.00020479340708186763 -0.00034312323086290987 0.9999998403260832 -0.009660030926809782 -0.0716279144112093 -0.028585931997000102
FixedParameters: 0 0 0
#Transform 57
Transform: MatrixOffsetTransformBase_double_3_3
Parameters: 0.9999989206313404 -0.0014419990089052787 -0.0000025046974943795283 0.0014420004089049962 0.9999987981353652 0.00034999669534656 0.000001495297698145932 -0.00035000246334539566 0.9999998774961472 0.017084321510793643 -0.17764968038981976 -0.022337197836520772
FixedParameters: 0 0 0
#Transform 58
Transform: MatrixOffsetTransformBase_double_3_3
Parameters: 0.999999786150999 -0.0004158844728891611 0.00020323617896925384 0.00041511508130191905 0.9999995047361502 -0.000567915450328629 -0.00020276417122247335 0.0005680841432381297 0.9999996361670798 -0.028764158993752176 -0.166274105555118 0.0372733310249771
FixedParameters: 0 0 0
#Transform 59
Transform: MatrixOffsetTransformBase_double_3_3
Parameters: 0.9999995825735587 0.0006459882972903791 -0.000010727389375873931 -0.0006460119432978203 0.9999993148064746 -0.001125993894346552 0.000010272596232752033 0.001126007460350821 0.9999997320126058 -0.07734888868546363 -0.0760900984625863 0.0409957933620575
FixedParameters: 0 0 0
#Transform 60
Transform: MatrixOffsetTransformBase_double_3_3
Parameters: 0.999999946022018 0.00011289237219482816 -0.00020305982199973294 -0.00011310755212276916 0.9999997063310984 -0.0005299768835224012 0.0002029400420398446 0.0005300227615070376 0.9999996778911079 -0.06836205827643482 -0.1542751245533509 0.011569490246344571
FixedParameters: 0 0 0
#Transform 61
Transform: MatrixOffsetTransformBase_double_3_3
Parameters: 0.9999999461180243 0.00020893607328802436 -0.0001011320421562385 -0.0002090637372301535 0.9999995568952008 -0.0006319786045203066 0.000100867866275991 0.000632020822501169 0.9999995903751856 -0.058762834186950386 -0.1146642382705636 0.010771262484141175
FixedParameters: 0 0 0
#Transform 62
Transform: MatrixOffsetTransformBase_double_3_3
Parameters: 0.9999999728150177 0.000016869936932747797 -0.0001640133734016506 -0.00001713004076211084 0.9999993708624128 -0.0007929966917672083 0.0001639864114193386 0.0007930022677635503 0.9999993442554301 -0.07904184672817394 -0.10409382112575827 0.02167948289395838
FixedParameters: 0 0 0
#Transform 63
Transform: MatrixOffsetTransformBase_double_3_3
Parameters: 0.9999998815820488 -0.00014316989983260498 -0.0003129222216795722 0.0001428299819730818 0.99999968470213 -0.0005430445345776142 0.00031307751961539264 0.0005429550166146089 0.9999996071821622 -0.04711177342326778 -0.1621692907392145 0.005964020751278554
FixedParameters: 0 0 0
#Transform 64
Transform: MatrixOffsetTransformBase_double_3_3
Parameters: 0.9999999510568659 0.0002110529879499379 0.00006683263170136572 -0.00021094751902142386 0.9999993266302892 -0.0007930135995015936 -0.00006616727815233715 0.0007929855365206145 0.9999993667292619 -0.017885191701537906 -0.11050090465077744 0.02408788114715321
FixedParameters: 0 0 0
#Transform 65
Transform: MatrixOffsetTransformBase_double_3_3
Parameters: 0.9999996328383316 0.0002285891415872054 -0.0005611671212739459 -0.00022941044484558004 0.9999994117355311 -0.0007318708701308504 0.000560831865576677 0.0007321278078988393 0.999999149455768 -0.01508513522540511 -0.03978352436639909 0.005630987705515622
FixedParameters: 0 0 0
#Transform 66
Transform: MatrixOffsetTransformBase_double_3_3
Parameters: 0.9999999750620014 -0.00014301305599546894 -0.00006697211078323498 0.00014298692599711417 0.9999999415260035 -0.00019500956872161248 0.00006702788077972355 0.000194990406722819 0.9999999574860026 0.015959014976445474 -0.13159363276277247 0.0030749208704747844
FixedParameters: 0 0 0
#Transform 67
Transform: MatrixOffsetTransformBase_double_3_3
Parameters: 0.9999998917228561 0.00010720053879452159 0.00031093082197828584 -0.00010779934848056437 0.9999995724190237 -0.0006450332498076477 -0.0003110694969055783 0.0006449663848427052 0.9999994872540682 -0.009333027029896357 -0.1656716693709228 0.02363702373003207
FixedParameters: 0 0 0
#Transform 68
Transform: MatrixOffsetTransformBase_double_3_3
Parameters: 0.9999995816915084 0.0006459753865374084 -0.000031512245513960927 -0.0006460253455350524 0.999999953834491 -0.0007929799366050397 0.000031487688515118974 0.0007930206346031205 0.9999993701585183 -0.029604576487102463 -0.08415977536513708 0.02047575099390997
FixedParameters: 0 0 0
#Transform 69
Transform: MatrixOffsetTransformBase_double_3_3
Parameters: 0.999999849589987 0.00031288812627335526 -0.00022915296784985472 -0.0003131118591863137 0.9999996633990594 -0.0004889281327863863 0.00022884716696882412 0.0004880714871196576 0.9999997089270418 -0.05163499663767368 -0.16383196047148374 0.00042422441414657897
FixedParameters: 0 0 0
#Transform 70
Transform: MatrixOffsetTransformBase_double_3_3
Parameters: 0.9999993861019805 0.0003125717690821306 -0.0007181858519955949 -0.00031242822122124484 0.9999995471278246 -0.0005957754066253466 0.0007188133513874762 0.0005962244691901534 0.9999991285422302 -0.013919820665108773 -0.1609538584657173 -0.014523648017089386
FixedParameters: 0 0 0
#Transform 71
Transform: MatrixOffsetTransformBase_double_3_3
Parameters: 0.999999729898746 -0.0011079351882895313 0.00020635337568420602 0.0011080664103719988 0.9999996708927088 -0.00031877163333423746 -0.00020564757924064332 0.000318228129992669 0.9999998561218251 0.029400169152808076 -0.0935409112955341 0.013185265823182135
FixedParameters: 0 0 0
#Transform 72
Transform: MatrixOffsetTransformBase_double_3_3
Parameters: 0.9999980200221874 -0.001726008154028902 -0.000029525288358307677 0.0017259916540298195 0.9999989452971358 -0.0002750514897063333 0.000030474588305523827 0.00027494792971209154 0.9999999234750815 0.06995369704311827 -0.1233482982100611 -0.0013745149201440654
FixedParameters: 0 0 0
#Transform 73
Transform: MatrixOffsetTransformBase_double_3_3
Parameters: 0.999999947096865 -0.00002116555481642585 -0.00022898468518904984 0.00002183442043140528 0.9999994768091357 -0.000723004621815284 0.000229015774171154 0.0007229947748209521 0.9999994248301656 0.051264908559076616 -0.0767062541547574 0.006073538747997986
FixedParameters: 0 0 0
#Transform 74
Transform: MatrixOffsetTransformBase_double_3_3
Parameters: 0.9999991346037768 -0.0009260151886263415 -0.0000888332402457834 0.000925983148655107 0.9999991101247989 -0.0001800822523226941 0.00008916659994649406 0.00017991742447067606 0.9999999596790361 0.044530048368031316 -0.07302693232313118 0.0037079031500724113
FixedParameters: 0 0 0
#Transform 75
Transform: MatrixOffsetTransformBase_double_3_3
Parameters: 0.9999990023233607 -0.0008524058640410805 -0.000520335456042383 0.000852594403926958 0.9999996656229593 -0.0007794439412047312 0.0005206645048432106 0.0007795564881366068 0.9999991214592887 0.0371176897162826 -0.15041101246023914 0.005765453509326335
FixedParameters: 0 0 0
#Transform 76
Transform: MatrixOffsetTransformBase_double_3_3
Parameters: 0.9999998117361958 0.0001416214226863875 -0.0004101306393849798 -0.00014237828189910784 0.999999127907907 -0.0009229408199634197 0.00040986850765764745 0.0009230572598422997 0.9999989799720611 0.02814848348276655 -0.0989338806607094 0.0016317487711177137
FixedParameters: 0 0 0
#Transform 77
Transform: MatrixOffsetTransformBase_double_3_3
Parameters: 0.9999999765870043 0.00014202300149438927 0.00005694262137285552 -0.00014197694550298465 0.9999998166200342 -0.00040400801860038753 -0.000057057357351442456 0.00040399183060340856 0.9999998335350311 0.03567508793709351 -0.06708339013681552 0.01162574851262832
FixedParameters: 0 0 0
#Transform 78
Transform: MatrixOffsetTransformBase_double_3_3
Parameters: 0.9999998921980651 -0.00006922626313008694 -0.00032095116088007216 0.00006877365340383753 0.9999994982143035 -0.0007050217225838266 0.00032104845082122865 0.0007049774246106191 0.9999993999343629 0.02170558702243852 -0.14985981392700864 0.013845215631860697
FixedParameters: 0 0 0
#Transform 79
Transform: MatrixOffsetTransformBase_double_3_3
Parameters: 0.9999997047637146 0.00051284955272739 -0.00018042715053489053 -0.000512150266419072 0.9999990434553687 -0.0008329070161503666 0.00018057332539030526 0.0008330920289673657 0.999999273531141 -0.00466679269734982 -0.14176548690370794 -0.0008143888770746344
FixedParameters: 0 0 0
#Transform 80
Transform: MatrixOffsetTransformBase_double_3_3
Parameters: 0.9999998066378587 0.00014224661047399753 0.0004159155673213381 -0.00014275323419788187 0.9999996280449559 -0.0005930591647760852 -0.00041608457222922846 0.0005929406048407017 0.9999994752950393 0.01591589638083235 -0.07864760586210195 0.012892379903377105
FixedParameters: 0 0 0
#Transform 81
Transform: MatrixOffsetTransformBase_double_3_3
Parameters: 0.9999998566350872 0.0001417605317402758 -0.0003510966303615624 -0.00014223929544895334 0.9999995147122953 -0.0006819497430410827 0.00035090294247941943 0.0006820494269804262 0.9999994116753579 0.02028264757794318 -0.16441897916861592 -0.002974251152537022
FixedParameters: 0 0 0
#Transform 82
Transform: MatrixOffsetTransformBase_double_3_3
Parameters: 0.999999839919456 0.00023966682124505618 -0.00032024976218490426 -0.00023933410299344218 0.9999998589574702 -0.0010409243071860762 0.00032075112256405177 0.0010410778273021739 0.9999998135974361 0.01598673336586387 -0.10771727077452908 0.0012571315370735192
FixedParameters: 0 0 0
#Transform 83
Transform: MatrixOffsetTransformBase_double_3_3
Parameters: 0.9999997940750297 0.00014160462437092398 -0.00043113019381707984 -0.0001423950783339197 0.9999991389470605 -0.0009169387550744476 0.00043086976582927154 0.0009170611590687173 0.9999999733500214 0.0185650975500522 -0.11591698865885292 0.012513569312005757
FixedParameters: 0 0 0
#Transform 84
Transform: MatrixOffsetTransformBase_double_3_3
Parameters: 0.9999999448670359 0.00014185554363544404 -0.0001871095021698223 -0.00014214427144744842 0.9999993838524012 -0.0007719729433552932 0.0001868902543125783 0.0007720260513207137 0.9999993690474109 0.03047189413800311 -0.15963868577362916 0.007423954325417981
FixedParameters: 0 0 0
#Transform 85
Transform: MatrixOffsetTransformBase_double_3_3
Parameters: 0.9999996138575974 0.0005557175008130985 -0.0002775664467383298 -0.0005562830461385675 0.9999996525016198 -0.0010188465743419446 0.00027743331766171453 0.001019155154519531 0.9999998846317534 -0.00011690973876454791 -0.14171756645527012 0.006930778096858603
FixedParameters: 0 0 0
#Transform 86
Transform: MatrixOffsetTransformBase_double_3_3
Parameters: 1.0000000195378047 -0.00002032051667218894 -0.000989955357917421 0.000017679389285087867 0.9999975052944844 -0.0023440186870617246 0.0009900444299642008 0.0023439810670419672 0.9999965255539699 -0.09096964711717703 -0.10071770958315085 0.07985072476219557
FixedParameters: 0 0 0
#Transform 87
Transform: MatrixOffsetTransformBase_double_3_3
Parameters: 0.9999996172899098 0.000142482056053994 0.0006018856414816265 -0.0001425176520175326 0.9999993380931957 -0.0008010852654391643 -0.0006021139262477917 0.0008009136956149054 0.9999989959955462 -0.11890557180308292 -0.024509944842279197 0.00781976454534572
FixedParameters: 0 0 0
#Transform 88
Transform: MatrixOffsetTransformBase_double_3_3
Parameters: 0.9999991780099192 0.0008818157141153673 0.00021061248059214152 -0.0008811862754871739 0.9999924542488909 -0.0038431864778467875 -0.0002133877199528199 0.0038428127200675643 0.9999921863510493 -0.12866728997148869 -0.05786662797757458 -0.05254125657502584
FixedParameters: 0 0 0
#Transform 89
Transform: MatrixOffsetTransformBase_double_3_3
Parameters: 0.9999998916569467 -0.00014970018687999754 -0.00029364411353414787 0.000148301365582106 0.9999972991003946 -0.002383044313490662 0.0002933542504724189 0.002382956850472036 0.9999972351593809 -0.10134267305041078 -0.1257867110805364 -0.0435589041194504
FixedParameters: 0 0 0
#Transform 90
Transform: MatrixOffsetTransformBase_double_3_3
Parameters: 0.9999999699270282 -0.00014708735455069144 -0.00009186011715910888 0.0001469123707142093 0.9999990739908653 -0.0009510126353034186 0.00009213971089783579 0.0009509855873286944 0.999999087135853 -0.0706141840370833 -0.16824815853705388 -0.0055815956880422846
FixedParameters: 0 0 0
#Transform 91
Transform: MatrixOffsetTransformBase_double_3_3
Parameters: 0.9999998757100227 0.00003263881466160731 -0.00035103389274839756 -0.00003336117325167902 0.9999999400690754 -0.001028989257548525 0.00035096597869292077 0.0010290124235674484 0.9999998179569757 -0.07056940279260004 -0.1729578718603335 -0.0006951443063769602
FixedParameters: 0 0 0
#Transform 92
Transform: MatrixOffsetTransformBase_double_3_3
Parameters: 0.9999991270890215 0.00017196252936657562 -0.0013573877397637438 -0.00017503870873090637 0.9999979612448835 -0.00223776462303217 0.001357611150790204 0.0022382356770879602 0.9999961485386688 -0.07185938971495887 -0.09897038917505085 -0.03237494063286306
FixedParameters: 0 0 0
#Transform 93
Transform: MatrixOffsetTransformBase_double_3_3
Parameters: 0.9999995292146088 0.000039174538023829517 -0.0006850475678778936 -0.00003982538907406783 0.9999995464136102 -0.0012049733780102627 0.0006849523728705457 0.0012050274930144396 0.9999990787485741 -0.03545631205219024 -0.12913989033852147 0.005441978644228129
FixedParameters: 0 0 0
#Transform 94
Transform: MatrixOffsetTransformBase_double_3_3
Parameters: 1.0000000098418331 0.000011229862612843826 -0.0009950096967159831 -0.000011770123834764675 0.9999994007915828 -0.0007739885989280686 0.0009949918947086706 0.0007740114839374689 0.9999994108975871 -0.023384252087268464 -0.13390112102997875 -0.011629633256617922
FixedParameters: 0 0 0
#Transform 95
Transform: MatrixOffsetTransformBase_double_3_3
Parameters: 0.9999987750063948 -0.00042072549353820596 -0.001745868526818785 0.0004152751590569034 0.9999965055273616 -0.0027057295618021938 0.00174713033139323 0.0027052694835927407 0.9999946299825079 -0.012437421956846606 -0.06379337912176197 -0.0468494039406977
FixedParameters: 0 0 0
#Transform 96
Transform: MatrixOffsetTransformBase_double_3_3
Parameters: 0.9999991178082056 -0.00013222738641165442 -0.000929825569237137 0.00013077218632056266 0.9999992403071292 -0.0013201219354606242 0.0009301727290203035 0.0013198773456133933 0.9999983926996587 0.013154362449569135 -0.11653627530027677 -0.0018211840686319647
FixedParameters: 0 0 0
#Transform 97
Transform: MatrixOffsetTransformBase_double_3_3
Parameters: 0.9999987124934213 0.0002926830366204702 -0.0014836584645314852 -0.0002963172632108973 0.9999979135608518 -0.002235564838480077 0.0014833414573055268 0.0022364386221028977 0.9999967995150578 0.007702792817383397 -0.1415377432522007 -0.027290249200703443
FixedParameters: 0 0 0
#Transform 98
Transform: MatrixOffsetTransformBase_double_3_3
Parameters: 0.9999998562824111 0.0006888726348030604 -0.0008179513447701029 -0.0006901281187443808 0.9999986215684687 -0.0013794356425271149 0.0008170490128122767 0.0013795629765211638 0.9999984286724778 -0.027151744262226885 -0.0696296102135392 0.009571383056339755
FixedParameters: 0 0 0
#Transform 99
Transform: MatrixOffsetTransformBase_double_3_3
Parameters: 0.9999996656475573 0.0005641162613840326 0.00012748717552128926 -0.0005638844664212667 0.9999998556225269 -0.0009090720459725789 -0.00012751252851721668 0.0009089282259956811 0.9999991574626389 0.03495581829507444 -0.12125070573762287 0.046737341049265524
FixedParameters: 0 0 0
#Transform 100
Transform: MatrixOffsetTransformBase_double_3_3
Parameters: 0.9999999229260108 0.00018494905255285988 -0.00020704548151261222 -0.00018505089653884717 0.999999905259013 -0.00024596167115813373 0.00020695446152513568 0.00024603826114759575 0.9999998966350143 0.05556151537818721 -0.14530247285854614 0.0136397171067415
FixedParameters: 0 0 0
#Transform 101
Transform: MatrixOffsetTransformBase_double_3_3
Parameters: 0.9999997055830664 0.0005038208645136457 -0.000201448845212478 -0.0005041790464820189 0.9999999521030446 -0.0008908986173354696 0.00020055071729178085 0.00089110122531758 0.999999165718114 0.06893267670633918 -0.07249274856830823 0.005031410989715823
FixedParameters: 0 0 0
#Transform 102
Transform: MatrixOffsetTransformBase_double_3_3
Parameters: 0.9999998869438387 0.0002961422914175205 0.00015973611912936116 -0.00029585806267529814 0.9999991185035356 -0.000891046551876678 -0.00015926359155791402 0.0008909521279623145 0.999999180679479 0.07567087568185116 -0.13520464960369338 0.042154042690214055
FixedParameters: 0 0 0
#Transform 103
Transform: MatrixOffsetTransformBase_double_3_3
Parameters: 0.999999948204936 -0.0002179321793824062 0.00006722061111587683 0.0002170677875836563 0.9999999285489178 -0.001011986396136133 -0.00006678039070908676 0.0010120155411630649 0.9999999713659575 0.09158853289315516 -0.16456956428972092 0.04010905634555684
FixedParameters: 0 0 0
#Transform 104
Transform: MatrixOffsetTransformBase_double_3_3
Parameters: 0.9999997756749588 -0.00042618463586113265 -0.00020662022305416422 0.00042581555486818104 1.0000000237519542 -0.000891088164982849 0.00020737978103965886 0.0008919118009671199 0.9999991623789707 0.1303782350189806 -0.08567163019439761 0.011631704957949296
FixedParameters: 0 0 0
#Transform 105
Transform: MatrixOffsetTransformBase_double_3_3
Parameters: 0.9999994203548477 -0.0006455014793173914 -0.00040419974760910743 0.0006444983194350081 0.9999990463738917 -0.0012402610795840766 0.00040479934853880644 0.0012397392746452559 0.9999992987788622 0.09568618178325039 -0.11116668912112004 0.015409969426556813
FixedParameters: 0 0 0
#Transform 106
Transform: MatrixOffsetTransformBase_double_3_3
Parameters: 0.9999999329579012 -0.0006012296604063844 -0.000840122626099333 0.0005997711942482895 0.9999985004907639 -0.0014625051403021401 0.0008408790907000038 0.0014624956982946429 0.9999991546502831 0.07883596485811495 -0.15797291149077353 0.004738975076492125
FixedParameters: 0 0 0
#Transform 107
Transform: MatrixOffsetTransformBase_double_3_3
Parameters: 0.9999981936544637 -0.0004866968604110749 -0.0018895291438312146 0.0004773058514257991 0.9999864659667309 -0.005128910593807201 0.001891473061621169 0.005128088134896069 0.999985124273876 0.051565294320965904 -0.12246089026862705 -0.044768030022524385
FixedParameters: 0 0 0
#Transform 108
Transform: MatrixOffsetTransformBase_double_3_3
Parameters: 0.99999903263187 -0.00033206077217593085 -0.0009256198202527904 0.00033093930548942497 0.9999995779367176 -0.0011453071118415368 0.0009263792870404896 0.0011456931737336175 0.9999988303529266 0.10188575762332164 -0.17722516547289047 -0.001997938839934932
FixedParameters: 0 0 0
#Transform 109
Transform: MatrixOffsetTransformBase_double_3_3
Parameters: 0.9999964949180672 -0.0002971538441792849 -0.002533169985010159 0.00029084711618925657 0.9999959413813313 -0.002823745315329129 0.0025338302106950577 0.0028232556105628475 0.9999926091719216 0.0531866879505003 -0.17443121215067947 -0.048263041933452655
FixedParameters: 0 0 0
#Transform 110
Transform: MatrixOffsetTransformBase_double_3_3
Parameters: 0.99999683602206 0.00028801577424194006 -0.0024659448114456397 -0.000295984877046866 0.9999944268156309 -0.0032382782519599237 0.002465053519026675 0.0032387181106731788 0.9999914333665822 0.02051064257103974 -0.14818016689440583 -0.038587849918457096
FixedParameters: 0 0 0
#Transform 111
Transform: MatrixOffsetTransformBase_double_3_3
Parameters: 0.9999984389149085 0.0007352187270093953 -0.0017380300372619242 -0.0007397809373827243 0.99999587981726 -0.002751718156020401 0.0017359700895448816 0.0027532802378058313 0.9999944065474625 -0.006114871138777289 -0.23243545270855748 -0.04357708886047362
FixedParameters: 0 0 0
#Transform 112
Transform: MatrixOffsetTransformBase_double_3_3
Parameters: 0.9999961133804237 0.0010664486259577305 -0.002783680283030573 -0.0010755527289111172 0.9999930639694342 -0.0034320204583532174 0.0027803256859423356 0.0034349795383131483 0.9999904714445932 -0.003250588539629007 -0.23653327598240992 -0.08706453280926496
FixedParameters: 0 0 0
#Transform 113
Transform: MatrixOffsetTransformBase_double_3_3
Parameters: 0.9999961725626538 0.0009650580598136952 -0.002428395731525251 -0.0009809375153005432 0.9999778483762458 -0.0065716428356342735 0.002421604525744712 0.006574361939546404 0.9999759144163084 -0.02000299848286602 -0.20331088396270047 -0.1129542495457514
