#Insight Transform File V1.0
#Transform 0
Transform: MatrixOffsetTransformBase_double_3_3
Parameters: 0.999998563558793 -0.0015253084246787578 0.0010534563437767119 0.0015266953780305856 0.9999980824303241 -0.0016083955726616571 -0.0010515456629144205 0.0016096078108431943 0.9999983033535395 -0.2376315362289887 -0.181521684210594 -0.47097927342120727
FixedParameters: 0 0 0
#Transform 1
Transform: MatrixOffsetTransformBase_double_3_3
Parameters: 0.99999789749603 -0.0017513787578733728 0.001016798604913266 0.0017536222706520574 0.9999973783238499 -0.001596220830020731 -0.0010142011090117197 0.0015977801635619487 0.9999984183442108 -0.23136917422900183 -0.12577664046179393 -0.46425615548203325
FixedParameters: 0 0 0
#Transform 2
Transform: MatrixOffsetTransformBase_double_3_3
Parameters: 0.9999979698472652 -0.0014735896178459205 0.0009272418527489346 0.001474407437745855 0.9999975123598805 -0.0015206339075657309 -0.0009247564690920725 0.0015223637562388774 0.9999978275604566 -0.22033257030668096 -0.21394907136621555 -0.4507599413772567
FixedParameters: 0 0 0
#Transform 3
Transform: MatrixOffsetTransformBase_double_3_3
Parameters: 0.9999978793994755 -0.0015141091240710863 0.0009101507580040321 0.0015158884884963308 0.9999963783686474 -0.002079621711769513 -0.0009068483517826424 0.002080374470680264 0.9999968482229674 -0.2253256290075143 -0.16366595504581483 -0.47637517069510693
FixedParameters: 0 0 0
#Transform 4
Transform: MatrixOffsetTransformBase_double_3_3
Parameters: 0.9999985632272154 -0.0015456680822398831 0.0002173663262940869 0.0015463294737235102 0.9999972659212282 -0.0015306648839534338 -0.00021463247242850745 0.0015313327554320022 0.9999986093821794 -0.21116297356270763 -0.14947850059873247 -0.44201719842445186
FixedParameters: 0 0 0
#Transform 5
Transform: MatrixOffsetTransformBase_double_3_3
Parameters: 0.9999980395306519 -0.001558180631315658 0.0007298931015955847 0.0015598169973553083 0.9999953319988955 -0.002496863402783369 -0.000726105884132632 0.0024981333102620336 0.9999962324988166 -0.24144117520066288 -0.19002584520941923 -0.548568401427417
FixedParameters: 0 0 0
#Transform 6
Transform: MatrixOffsetTransformBase_double_3_3
Parameters: 0.999999677739741 -0.0011226958263040924 -0.00024787308003291185 0.0011223056079466822 0.9999959781723524 -0.0027862816390223245 0.00025112766801386723 0.0027857215095092877 0.9999961759315334 -0.28457847696023464 -0.15464672831234338 -0.6008154800879169
FixedParameters: 0 0 0
#Transform 7
Transform: MatrixOffsetTransformBase_double_3_3
Parameters: 0.9999994888911831 -0.00121057913716666 0.00021538395222280758 0.0012104216580699845 0.9999976596890601 -0.0019687415095976093 -0.00021261820552493366 0.0019682596053017722 0.9999980792053178 -0.25239468228188855 -0.20124968112379804 -0.5664690832309134
FixedParameters: 0 0 0
#Transform 8
Transform: MatrixOffsetTransformBase_double_3_3
Parameters: 0.9999988307926942 -0.0016987310330330923 0.0005320694396909759 0.0017002692081825273 0.9999953780523589 -0.0023940983705885914 -0.0005279305172888764 0.0023948998446664546 0.999996985458515 -0.22009657878000155 -0.21255187261540698 -0.6273883361351551
FixedParameters: 0 0 0
#Transform 9
Transform: MatrixOffsetTransformBase_double_3_3
Parameters: 0.9999983507388794 -0.0015404937959972405 0.0005264240024700131 0.0015415026110974545 0.9999943826574188 -0.002870190689009212 -0.0005215755647944491 0.002871805659568782 0.9999954827654375 -0.18838966055960782 -0.11939757868566403 -0.6227852531421263
FixedParameters: 0 0 0
#Transform 10
Transform: MatrixOffsetTransformBase_double_3_3
Parameters: 0.999997243931345 -0.0020818153924935545 0.0006498050777272826 0.0020831820083625874 0.9999963234254333 -0.0018266511969466835 -0.0006451935281692207 0.0018283480377840704 0.9999982409812496 -0.17845289173889967 -0.24153772696664078 -0.6890209029491103
FixedParameters: 0 0 0
#Transform 11
Transform: MatrixOffsetTransformBase_double_3_3
Parameters: 0.999997129853016 -0.0025292968213339075 0.0006882904686258202 0.0025307033352595766 0.9999934163812122 -0.0024852651426608553 -0.0006817087419736457 0.0024877312525305286 0.9999963480760571 -0.21313559463122544 -0.2309225587570296 -0.7536079099673572
FixedParameters: 0 0 0
#Transform 12
Transform: MatrixOffsetTransformBase_double_3_3
Parameters: 0.9999974537979536 -0.002097211621056995 0.0003853095703974333 0.0020977853716168237 0.9999953795105451 -0.0020541953570582983 -0.000380690929940771 0.0020548020455928573 0.9999976323338168 -0.24176460794741672 -0.21521007820287252 -0.7261102629036031
FixedParameters: 0 0 0
#Transform 13
Transform: MatrixOffsetTransformBase_double_3_3
Parameters: 0.99999739829978 -0.002087052078724806 0.0004960026778558416 0.002087946572475676 0.9999959655221792 -0.0019169688260955338 -0.0004919970999714549 0.0019180312797996244 0.9999980791495904 -0.20677080455692476 -0.23296862916998862 -0.6830288325204066
FixedParameters: 0 0 0
#Transform 14
Transform: MatrixOffsetTransformBase_double_3_3
Parameters: 0.9999975042342241 -0.002296191882943538 0.0004729423368335388 0.0022968088302877054 0.9999957796962619 -0.0017159189822350412 -0.0004690584336668816 0.0017170822908839996 0.9999988317789645 -0.23461590130544607 -0.24326890298529236 -0.7181140721191497
FixedParameters: 0 0 0
#Transform 15
Transform: MatrixOffsetTransformBase_double_3_3
Parameters: 0.9999983139421144 -0.001545572816459976 0.000546055307875432 0.0015464266488303632 0.9999957297279934 -0.002622161124477359 -0.0005419449700923929 0.0026238431772070223 0.999996823912468 -0.229219275886706 -0.17595655346102035 -0.7454487253912419
FixedParameters: 0 0 0
#Transform 16
Transform: MatrixOffsetTransformBase_double_3_3
Parameters: 0.9999975979983308 -0.002236007383579541 0.0006345141224580564 0.002236994702707848 0.9999965300111922 -0.0015705845721047573 -0.0006304870259347165 0.001571413752212513 0.9999981318984003 -0.22279263367521196 -0.25634339937364814 -0.7138855814588965
FixedParameters: 0 0 0
#Transform 17
Transform: MatrixOffsetTransformBase_double_3_3
Parameters: 0.9999977620218031 -0.002209501459271114 0.0005955927145644228 0.002211502638988687 0.9999947102217088 -0.0025296894140823837 -0.0005904053357043603 0.0025313110736638698 0.999996244901259 -0.22754239544940447 -0.202672590393135 -0.770200989825895
FixedParameters: 0 0 0
#Transform 18
Transform: MatrixOffsetTransformBase_double_3_3
Parameters: 0.9999974217591467 -0.002147132301479075 0.0009840854342645468 0.0021488678371391666 0.9999957684744704 -0.001900889858706238 -0.000979914425081449 0.0019031085402717038 0.9999974180631471 -0.2078975754688912 -0.18369777251912467 -0.7080137417482746
FixedParameters: 0 0 0
#Transform 19
Transform: MatrixOffsetTransformBase_double_3_3
Parameters: 0.9999965227153296 -0.002620661357873421 0.0007815063986981507 0.0026213412882594486 0.9999951753665648 -0.0017179583553662244 -0.0007774953714209009 0.0017200445085506322 0.9999984374064166 -0.21459889415366717 -0.2811989660140597 -0.6918619712589447
FixedParameters: 0 0 0
#Transform 20
Transform: MatrixOffsetTransformBase_double_3_3
Parameters: 0.9999970728212075 -0.002279990730549855 0.0008533854160141907 0.002282009163537579 0.999994222688637 -0.002360058290394752 -0.0008486145044068758 0.0023619405634507634 0.9999967014613937 -0.22832465206217023 -0.21583020481838844 -0.7691482601474178
FixedParameters: 0 0 0
#Transform 21
Transform: MatrixOffsetTransformBase_double_3_3
Parameters: 0.9999968442959999 -0.002262391064849161 0.0010175869875189694 0.00226461077758977 0.9999963659078402 -0.0015837010884035352 -0.001014413937460278 0.0015853005319371916 0.9999984570945378 -0.21557734374941617 -0.23635544625273042 -0.7304496461443506
FixedParameters: 0 0 0
#Transform 22
Transform: MatrixOffsetTransformBase_double_3_3
Parameters: 0.9999969469681158 -0.0022864917287528388 0.0009088037768503431 0.0022875084189372583 0.9999960040429446 -0.0016619264794612806 -0.0009051971961961358 0.001664075107851026 0.9999984117723815 -0.22637741768360797 -0.2798577204684989 -0.7559938452476018
FixedParameters: 0 0 0
#Transform 23
Transform: MatrixOffsetTransformBase_double_3_3
Parameters: 0.9999978407247765 -0.0020290097808653706 0.0010209675810414326 0.0020309920448924336 0.9999960609619567 -0.0019529326390688865 -0.001017034319019279 0.0019550697912543383 0.9999981435090861 -0.19665587708125543 -0.1827119742243184 -0.7325099728676463
FixedParameters: 0 0 0
#Transform 24
Transform: MatrixOffsetTransformBase_double_3_3
Parameters: 0.9999956488583321 -0.002712652607239097 0.0009956804615885576 0.002714349335914619 0.9999957967993038 -0.0013553030128152402 -0.0009923187152314496 0.0013576974643573314 0.9999981718648497 -0.19006404998228277 -0.23543783047126965 -0.696414632408235
FixedParameters: 0 0 0
#Transform 25
Transform: MatrixOffsetTransformBase_double_3_3
Parameters: 0.9999957597989755 -0.0025804128061796645 0.0016071653911359112 0.00258259055570155 0.9999957340549457 -0.0016108580504120987 -0.0016028374411240418 0.0016151446963761373 0.9999978221863636 -0.18373868964368967 -0.18377878483720167 -0.7359336295871941
FixedParameters: 0 0 0
#Transform 26
Transform: MatrixOffsetTransformBase_double_3_3
Parameters: 0.9999952176005904 -0.002568476004526454 0.00147764913697182 0.002570522030840731 0.9999963336607618 -0.0010292067510895792 -0.0014753482446183957 0.0010337944987942722 0.9999987559491338 -0.16197643476586165 -0.15923623931098518 -0.7080284666588739
FixedParameters: 0 0 0
#Transform 27
Transform: MatrixOffsetTransformBase_double_3_3
Parameters: 0.9999946462431124 -0.0026851741891678643 0.0017732867574186283 0.002687825469434622 0.9999952370661718 -0.0015932424053035287 -0.0017687141079585527 0.0015977580197578658 0.9999973179193812 -0.18499449922754252 -0.2061925925415835 -0.7412339407063939
FixedParameters: 0 0 0
#Transform 28
Transform: MatrixOffsetTransformBase_double_3_3
Parameters: 0.9999957267865135 -0.0024852728982580116 0.0014476903720559665 0.002488724895837575 0.9999952559244344 -0.0018844054663770377 -0.0014423068971521225 0.0018885929130800776 0.9999973530797864 -0.1304710759951746 -0.13097178943476706 -0.728124794676873
FixedParameters: 0 0 0
#Transform 29
Transform: MatrixOffsetTransformBase_double_3_3
Parameters: 0.9999952009104469 -0.0027948490653247437 0.0009952382594571995 0.0027951510112821046 0.9999958458293557 -0.0011572235485824095 -0.0009917622269480682 0.0011597772282217911 0.9999986708289569 -0.12441932564946967 -0.2097607620888624 -0.689455864649176
FixedParameters: 0 0 0
#Transform 30
Transform: MatrixOffsetTransformBase_double_3_3
Parameters: 0.999995218629513 -0.002753132923418748 0.0010966938168984143 0.002754862378231128 0.9999945101419996 -0.001702985730556684 -0.0010913054115986418 0.001706011496478885 0.9999978978346732 -0.13087769025605667 -0.13783042261619016 -0.7028276517155803
FixedParameters: 0 0 0
#Transform 31
Transform: MatrixOffsetTransformBase_double_3_3
Parameters: 0.9999965935706151 -0.0023997363592222097 0.000805771265142861 0.0024002625352882567 0.9999957719405119 -0.0015700714830801496 -0.0008022304466984065 0.0015719306933135234 0.9999988855339027 -0.1486300187643934 -0.1825138707440601 -0.6903823852562425
FixedParameters: 0 0 0
#Transform 32
Transform: MatrixOffsetTransformBase_double_3_3
Parameters: 0.9999962555424411 -0.0025987126566760425 0.0009953652124663663 0.0026002858250129724 0.9999955655587319 -0.0012934160628417667 -0.0009916324960396585 0.0012965812775076694 0.9999983359295643 -0.16001471413858326 -0.20262002683034552 -0.7137909964872478
FixedParameters: 0 0 0
#Transform 33
Transform: MatrixOffsetTransformBase_double_3_3
Parameters: 0.9999964003289236 -0.0025708059216550862 0.000995090103740147 0.002572194299593334 0.999995942565944 -0.0012004447026063368 -0.0009919082048816723 0.001203554282468028 0.9999985681498272 -0.14479122621887086 -0.12467162920461305 -0.6981642263126702
FixedParameters: 0 0 0
#Transform 34
Transform: MatrixOffsetTransformBase_double_3_3
Parameters: 0.9999950689970083 -0.0028178516661754778 0.0009952535402246714 0.0028191466548322633 0.9999957220118352 -0.0011531996143637022 -0.000991742790155137 0.001156799982409485 0.9999986789290515 -0.14250247573077957 -0.23065234060150885 -0.6858697852754858
FixedParameters: 0 0 0
#Transform 35
Transform: MatrixOffsetTransformBase_double_3_3
Parameters: 0.9999968392064114 -0.002483576438803679 0.0009955593086653134 0.002485425247407505 0.9999957737506397 -0.0014315298292428183 -0.0009924387153340136 0.001434469024612989 0.9999979584701717 -0.1451282382182626 -0.13612977816393368 -0.7378021241960369
FixedParameters: 0 0 0
#Transform 36
Transform: MatrixOffsetTransformBase_double_3_3
Parameters: 0.9999947094603557 -0.003175265956601333 0.001099125898860789 0.003175735756724374 0.9999944686042929 -0.0006675131738215278 -0.0010978770625337188 0.0006704897736010982 0.9999993457295702 -0.14213632643939889 -0.1844545450591255 -0.6776568312608902
FixedParameters: 0 0 0
#Transform 37
Transform: MatrixOffsetTransformBase_double_3_3
Parameters: 0.9999958190199156 -0.0028620932563729433 0.000994621386605237 0.002862912361176388 0.9999959679220618 -0.0009141572076794513 -0.0009923801304068313 0.0009168450143158698 0.9999991748112073 -0.1494457427200615 -0.20798572049329778 -0.6916527964482952
FixedParameters: 0 0 0
#Transform 38
Transform: MatrixOffsetTransformBase_double_3_3
Parameters: 0.9999956118255051 -0.002830382904365253 0.0011739088028272795 0.002831618807237851 0.9999950796271292 -0.001378682963406151 -0.0011700923861327343 0.0013823188489732342 0.9999987206247 -0.14578090782070774 -0.11686723564498891 -0.6904505547388737
FixedParameters: 0 0 0
#Transform 39
Transform: MatrixOffsetTransformBase_double_3_3
Parameters: 0.9999951712277338 -0.0029729526261623672 0.0009951356429667823 0.0029740479232272686 0.9999950462997262 -0.0010530455663982363 -0.0009918645147729518 0.001055953927570571 0.9999989009819548 -0.14834500393928352 -0.23283759798128756 -0.6836696989790028
FixedParameters: 0 0 0
#Transform 40
Transform: MatrixOffsetTransformBase_double_3_3
Parameters: 0.9999946267304645 -0.0030184610489801104 0.0011241345403053525 0.003019534216713096 0.999994010082618 -0.0013676126447258398 -0.0011198654773675331 0.0013713872987866724 0.9999988655764098 -0.1635532160733817 -0.18825793222067944 -0.7238485532603818
FixedParameters: 0 0 0
#Transform 41
Transform: MatrixOffsetTransformBase_double_3_3
Parameters: 0.9999964972513643 -0.002411026528489123 0.0012998074341626004 0.0024119737334280275 0.9999966229043561 -0.0007478674697626518 -0.0012981925882667579 0.0007511325595520538 0.999998750844219 -0.14335175132254108 -0.18353290184742832 -0.684869721348619
FixedParameters: 0 0 0
#Transform 42
Transform: MatrixOffsetTransformBase_double_3_3
Parameters: 0.9999954657137018 -0.0027448148407446774 0.0014142481533409397 0.0027471849909128402 0.9999950646996734 -0.0015451219146264362 -0.001409749260021743 0.001549876637963784 0.9999976114898539 -0.1497445551426182 -0.21911136815734267 -0.709770978521405
FixedParameters: 0 0 0
#Transform 43
Transform: MatrixOffsetTransformBase_double_3_3
Parameters: 0.9999935053756276 -0.003239096062622194 0.0014143664509970767 0.0032419014137514447 0.9999936833655723 -0.0013454230823962978 -0.0014096332784661986 0.001349574285107813 0.9999981904881734 -0.13833294392679818 -0.12420600298966633 -0.7400907883547205
FixedParameters: 0 0 0
#Transform 44
Transform: MatrixOffsetTransformBase_double_3_3
Parameters: 0.9999921647339152 -0.0035822189516742007 0.0014145125416169164 0.0035847757905961932 0.9999925721397435 -0.0012569386060528277 -0.00140948567673633 0.0012620584448942147 0.9999984199042778 -0.12924884740067455 -0.2071624969551351 -0.6950917183111613
FixedParameters: 0 0 0
#Transform 45
Transform: MatrixOffsetTransformBase_double_3_3
Parameters: 0.9999936351457976 -0.0031726293281581688 0.0015169649204275107 0.0031743682157452783 0.9999934811959227 -0.0015621932646783332 -0.0015120350054331916 0.001566805829930507 0.9999972586128535 -0.12363190062542628 -0.15181777485148018 -0.7355584252525631
FixedParameters: 0 0 0
#Transform 46
Transform: MatrixOffsetTransformBase_double_3_3
Parameters: 0.9999920882926542 -0.0037071137085188627 0.00147275867936013 0.003708888499301393 0.9999926032908814 -0.0012805484006119 -0.001468240196367867 0.0012864536762156196 0.9999981902403448 -0.09736686703750763 -0.1615885991578665 -0.6792717430111423
FixedParameters: 0 0 0
#Transform 47
Transform: MatrixOffsetTransformBase_double_3_3
Parameters: 0.9999912847146137 -0.003580971586372452 0.0019725070517694005 0.003584029366130263 0.9999928017114936 -0.001533943723505404 -0.0019674908061667077 0.0015410588379418577 0.9999967551641804 -0.12393555344634422 -0.20339161044887533 -0.711357907718309
FixedParameters: 0 0 0
#Transform 48
Transform: MatrixOffsetTransformBase_double_3_3
Parameters: 0.9999938643257276 -0.003047701657345567 0.0016871623038520558 0.0030503017233484207 0.9999948403307287 -0.0013628620094960607 -0.0016828385038473097 0.0013671371795007535 0.9999972975337315 -0.13044517243245934 -0.13432712851958684 -0.7272990980721374
FixedParameters: 0 0 0
#Transform 49
Transform: MatrixOffsetTransformBase_double_3_3
Parameters: 0.9999924639330019 -0.003582881205732386 0.0016424487822548203 0.003584123506971515 0.9999936919762269 -0.0006801190703823991 -0.0016405536953645722 0.0006858837561323648 0.9999988389733606 -0.14327932650758157 -0.2130409436736045 -0.6998125157375199
FixedParameters: 0 0 0
#Transform 50
Transform: MatrixOffsetTransformBase_double_3_3
Parameters: 0.9999940279329976 -0.0032111405690092914 0.0012886414295521845 0.0032128585679060385 0.9999935949880236 -0.001442868307283093 -0.0012843587158095772 0.001447132812026795 0.9999982568787436 -0.11551338310052017 -0.1418626785421253 -0.748394970619259
FixedParameters: 0 0 0
#Transform 51
Transform: MatrixOffsetTransformBase_double_3_3
Parameters: 0.9999932707400288 -0.0034246138986832797 0.0014157843654148449 0.003426383928656124 0.9999924148645254 -0.0016861593445151965 -0.001409216413226253 0.0016908364218010702 0.9999971537947755 -0.10307023875677146 -0.14328642756431975 -0.6944070746382494
FixedParameters: 0 0 0
#Transform 52
Transform: MatrixOffsetTransformBase_double_3_3
Parameters: 0.9999921453861726 -0.003584918623415783 0.0014152830954488559 0.003587081277359931 0.9999929693381514 -0.001470934780011594 -0.001409715108592655 0.0014760652698790938 0.9999978336250257 -0.11353119353067598 -0.22686442412515362 -0.7258088150729236
FixedParameters: 0 0 0
#Transform 53
Transform: MatrixOffsetTransformBase_double_3_3
Parameters: 0.9999925177381215 -0.003650353606939349 0.0010765974324790449 0.003651644972155832 0.9999923200470884 -0.001531080361667825 -0.0010704034214406909 0.0015349190923113433 0.9999984974941238 -0.13120447133636048 -0.12248507506099315 -0.7459117331319192
FixedParameters: 0 0 0
#Transform 54
Transform: MatrixOffsetTransformBase_double_3_3
Parameters: 0.9999933371554636 -0.0034153504314984196 0.001413985978015581 0.003416646051466364 0.9999929690124726 -0.001164176638196289 -0.0014100130061138793 0.0011698234540565774 0.9999986443553324 -0.11395464453974569 -0.20434597246446629 -0.6972404203979465
FixedParameters: 0 0 0
#Transform 55
Transform: MatrixOffsetTransformBase_double_3_3
Parameters: 0.9999941378968644 -0.0027230218685655293 0.0018563733316696413 0.0027259766882661634 0.9999949994364857 -0.0016029482591119776 -0.0018526249313179806 0.001608053459866992 0.9999969831796133 -0.11056571293677564 -0.19637299669282982 -0.7495173113640732
FixedParameters: 0 0 0
#Transform 56
Transform: MatrixOffsetTransformBase_double_3_3
Parameters: 0.9999934334624146 -0.0031585496694668484 0.0016098126271280363 0.003160447738782119 0.9999936964661812 -0.0015209209040284557 -0.0016051855972349946 0.001526078729450362 0.999997094875165 -0.10221261512973001 -0.1526765592177668 -0.7008644748328408
FixedParameters: 0 0 0
#Transform 57
Transform: MatrixOffsetTransformBase_double_3_3
Parameters: 0.9999912218533965 -0.0036974205405217314 0.0017633083607240879 0.0036985736378538792 0.9999925237186427 -0.0008914855796678775 -0.0017596889158204045 0.0008985136805973301 0.999998096078415 -0.08145097886907138 -0.18063317418803138 -0.6941465336152817
FixedParameters: 0 0 0
#Transform 58
Transform: MatrixOffsetTransformBase_double_3_3
Parameters: 0.9999919842948922 -0.0035141254936346383 0.0016331978036629592 0.0035168729002942613 0.9999925330228241 -0.0017602701419199545 -0.0016268020944553243 0.0017657307222434424 0.9999972349042416 -0.09247232398995209 -0.11785366613428039 -0.7343895070945337
FixedParameters: 0 0 0
#Transform 59
Transform: MatrixOffsetTransformBase_double_3_3
Parameters: 0.9999922492032529 -0.0034528793064613037 0.0016823547983160218 0.0034541192260370166 0.999993481900831 -0.001258198265457891 -0.001678641576586647 0.001264805519196959 0.9999975845204272 -0.0828761780339704 -0.1942042337199723 -0.6966899534849205
FixedParameters: 0 0 0
#Transform 60
Transform: MatrixOffsetTransformBase_double_3_3
Parameters: 0.9999923669516011 -0.0035271730905540198 0.0017865964433710214 0.003529831967818179 0.9999930342121693 -0.001582707048749599 -0.0017814039799493944 0.0015892967993610821 0.9999973019188032 -0.10158915949696734 -0.1898717899108533 -0.7067321539884119
FixedParameters: 0 0 0
#Transform 61
Transform: MatrixOffsetTransformBase_double_3_3
Parameters: 0.9999917690094734 -0.0036845807877503916 0.001628756584310484 0.0036884188250636495 0.9999909828072046 -0.0021010104779012636 -0.0016212437087398087 0.002106991664947842 0.9999969325202404 -0.09904480654525116 -0.13934295646100736 -0.7100389537307734
FixedParameters: 0 0 0
#Transform 62
Transform: MatrixOffsetTransformBase_double_3_3
Parameters: 0.999991892883996 -0.0036663207015251355 0.0016327737020194076 0.0036676773152999873 0.9999924942108961 -0.0010260196597183405 -0.001629226982608033 0.0010319814647288994 0.9999982809809358 -0.09227447238146169 -0.18632502345738544 -0.720167068706985
FixedParameters: 0 0 0
#Transform 63
Transform: MatrixOffsetTransformBase_double_3_3
Parameters: 0.9999931388142166 -0.003035696258439321 0.0019092565613840864 0.003039298486343943 0.9999937754636695 -0.001728207566958705 -0.001903737666126449 0.0017347895863028043 0.9999963671474424 -0.11449780141700217 -0.12475899934392487 -0.7579136108411859
FixedParameters: 0 0 0
#Transform 64
Transform: MatrixOffsetTransformBase_double_3_3
Parameters: 0.999990205826801 -0.0038925666968603664 0.0019089656715965287 0.0038944283000788456 0.9999912149563774 -0.001271577587178618 -0.0019040371966655531 0.0012784235793045998 0.9999977396026383 -0.08158381988594954 -0.1735993298863434 -0.7524671321024954
FixedParameters: 0 0 0
#Transform 65
Transform: MatrixOffsetTransformBase_double_3_3
Parameters: 0.9999907983424977 -0.0041175947135364726 0.001498872133081165 0.004119408146195296 0.9999911542638233 -0.0009368350169622573 -0.001494129318742714 0.0009431617547495895 0.9999988768728872 -0.09365613593044486 -0.21569529390590958 -0.7906305317900149
FixedParameters: 0 0 0
#Transform 66
Transform: MatrixOffsetTransformBase_double_3_3
Parameters: 0.9999946453751882 -0.0032037902968078597 0.0010437246868203669 0.003205212954226074 0.99999437973111 -0.0011606611971958145 -0.001040274197806038 0.0011643393962770825 0.9999985628223398 -0.0711563002721789 -0.13994270463527414 -0.7730772100206735
FixedParameters: 0 0 0
#Transform 67
Transform: MatrixOffsetTransformBase_double_3_3
Parameters: 0.9999910162202207 -0.004118816636614743 0.000135571726589695 0.004119175181322742 0.9999902031608827 -0.001352452604555707 -0.0001294256725950727 0.001353544138666756 0.9999991518285949 -0.1461157509141202 -0.23545828553027093 -0.7070350396080016
FixedParameters: 0 0 0
#Transform 68
Transform: MatrixOffsetTransformBase_double_3_3
Parameters: 0.9999923725609364 -0.003811506131919613 0.0003189210120615882 0.0038114879479385394 0.9999910590463034 -0.0015527946628249138 -0.0003130786391424293 0.0015542035393585308 0.9999984867725726 -0.19409545108359794 -0.3027133466468399 -0.7578708132662229
FixedParameters: 0 0 0
#Transform 69
Transform: MatrixOffsetTransformBase_double_3_3
Parameters: 0.9999936242028591 -0.0034668445280214366 0.0005966648362491857 0.0034691575676853038 0.9999876356971403 -0.0036509544018629384 -0.0005843343897102159 0.0036530501354644367 0.99999331410977 -0.1567829832345211 -0.2274027118923243 -0.8544975472659502
FixedParameters: 0 0 0
#Transform 70
Transform: MatrixOffsetTransformBase_double_3_3
Parameters: 0.9999936264665971 -0.003598853145335015 0.000649023602559402 0.003601148410415622 0.9999878842478939 -0.003338685621848509 -0.0006369754508871491 0.003341315249086534 0.9999944308789758 -0.12990459855187453 -0.26718474356300703 -0.842636505904494
FixedParameters: 0 0 0
#Transform 71
Transform: MatrixOffsetTransformBase_double_3_3
Parameters: 0.9999917110050847 -0.0038645075153635956 0.0011630327227303836 0.0038694915953611498 0.9999849334258077 -0.0038855302989173088 -0.0011479665687834856 0.0038894670043356657 0.9999915520401487 -0.1355661135302313 -0.3055268853700426 -0.8349634385082112
FixedParameters: 0 0 0
#Transform 72
Transform: MatrixOffsetTransformBase_double_3_3
Parameters: 0.9999910949396527 -0.00394393839921557 0.001161872685387959 0.003948059266128094 0.9999860701409784 -0.003513443216820965 -0.0011481281570150674 0.0035175585437349525 0.9999933071310687 -0.10158922561731742 -0.17313688751522704 -0.7882108247659261
FixedParameters: 0 0 0
#Transform 73
Transform: MatrixOffsetTransformBase_double_3_3
Parameters: 0.9999920464332968 -0.0037235429410589294 0.0010447899029013853 0.0037254528010551863 0.9999905560510801 -0.002358125198666354 -0.0010352064589380496 0.002362872189171531 0.9999963464110369 -0.11262972714422403 -0.24098045731979312 -0.7599392705224659
FixedParameters: 0 0 0
#Transform 74
Transform: MatrixOffsetTransformBase_double_3_3
Parameters: 0.9999898961513753 -0.004063749283058328 0.001608875452897126 0.0040702483978402055 0.999984221927312 -0.003900489553778232 -0.0015931241122729965 0.003906512196722728 0.9999911993309306 -0.1308547535995217 -0.27948633483535446 -0.853274171509014
FixedParameters: 0 0 0
#Transform 75
Transform: MatrixOffsetTransformBase_double_3_3
Parameters: 0.9999925096670134 -0.003658261407935939 0.0010510961585478804 0.003662735895627124 0.9999867984846842 -0.0035761758519464713 -0.0010379014494074144 0.0035798226828797513 0.9999931068448388 -0.13511304848077543 -0.23325196118457825 -0.8415863329277187
FixedParameters: 0 0 0
#Transform 76
Transform: MatrixOffsetTransformBase_double_3_3
Parameters: 0.9999893842561725 -0.004453185279883917 0.001334187129437199 0.004458823708929615 0.9999839450631637 -0.0036300903052334304 -0.001318809529585283 0.003635912174313149 0.9999920415766651 -0.14043694150873876 -0.33560479736111404 -0.8474994139079683
FixedParameters: 0 0 0
#Transform 77
Transform: MatrixOffsetTransformBase_double_3_3
Parameters: 0.9999916516474939 -0.0038730262442845153 0.0011611154824068695 0.003878972605622193 0.9999790452660182 -0.005187537920809043 -0.0011408860490620648 0.005191460571712455 0.9999857439861454 -0.13755129228600538 -0.25563415116501176 -0.8939653197990367
FixedParameters: 0 0 0
#Transform 78
Transform: MatrixOffsetTransformBase_double_3_3
Parameters: 0.9999906890364035 -0.004338943891075216 0.0006989011263166619 0.004340060839028218 0.9999863327726867 -0.0029709969269150313 -0.0006861026013967002 0.0029740071864834466 0.9999956846146659 -0.1331722167197853 -0.30501915910822675 -0.8246411357941668
FixedParameters: 0 0 0
#Transform 79
Transform: MatrixOffsetTransformBase_double_3_3
Parameters: 0.9999890937527915 -0.004510922153541741 0.0012478825360417397 0.004518082862160176 0.9999737512533241 -0.005730425757169379 -0.00122211855021866 0.005735576730333584 0.9999826070073258 -0.13557305072686177 -0.2744737703778952 -0.9037367496803341
FixedParameters: 0 0 0
#Transform 80
Transform: MatrixOffsetTransformBase_double_3_3
Parameters: 0.9999935121695854 -0.003458473648746773 0.0012347568007422174 0.0034635302134265206 0.9999874346939607 -0.003683750695236082 -0.001222242120160136 0.0036882544304041977 0.9999929040810226 -0.14556632009021087 -0.23722767515762655 -0.8372557438852937
FixedParameters: 0 0 0
#Transform 81
Transform: MatrixOffsetTransformBase_double_3_3
Parameters: 0.9999906211277623 -0.004365959670706036 0.0005630524448331859 0.004368040060930804 0.9999834160709838 -0.0036745754250076543 -0.0005469460010930171 0.003677422831315292 0.9999931788890387 -0.15460533375519958 -0.3747103743280178 -0.8474719232554975
FixedParameters: 0 0 0
#Transform 82
Transform: MatrixOffsetTransformBase_double_3_3
Parameters: 0.9999903630548244 -0.004233712663593834 0.0008437948106379322 0.004238279186099393 0.999977584799208 -0.005143472772089359 -0.000821205903083751 0.005146525789758793 0.9999868356162064 -0.14774232321468617 -0.32863187154821105 -0.9095795815143077
FixedParameters: 0 0 0
#Transform 83
Transform: MatrixOffsetTransformBase_double_3_3
Parameters: 0.9999904002509344 -0.004231511101169565 0.0008346992788283735 0.004233479960982702 0.9999860827835372 -0.0029984932924547133 -0.0008212998939057616 0.003002502355037978 0.999995311355974 -0.12909069768359416 -0.274826041191389 -0.7964373068011952
FixedParameters: 0 0 0
#Transform 84
Transform: MatrixOffsetTransformBase_double_3_3
Parameters: 0.9999901752362412 -0.004268176851270308 0.0007796109420790295 0.004270822531754749 0.9999844011183663 -0.0036547056138160196 -0.0007643878310455217 0.0036582977721160244 0.9999930339056842 -0.14407582422505527 -0.3325564737784674 -0.8449010880058268
FixedParameters: 0 0 0
#Transform 85
Transform: MatrixOffsetTransformBase_double_3_3
Parameters: 0.99999015823379 -0.004292271344331087 0.0006443427838624119 0.004296725650774941 0.9999737229374625 -0.005900291418567546 -0.0006186498195340894 0.005903715428677432 0.9999827671133941 -0.1535502385693519 -0.23237025483457785 -0.909293795251088
FixedParameters: 0 0 0
#Transform 86
Transform: MatrixOffsetTransformBase_double_3_3
Parameters: 0.9999886270846233 -0.004654824500800987 0.0008397881090104938 0.004658169578916543 0.9999817242903849 -0.0038181316798974203 -0.0008212121363687865 0.003821866196026429 0.9999927177327645 -0.14057042178505696 -0.3222143585216912 -0.8589718209055803
FixedParameters: 0 0 0
#Transform 87
Transform: MatrixOffsetTransformBase_double_3_3
Parameters: 0.9999898239617655 -0.004413040807866568 0.0008377388160299435 0.0044159551942006435 0.9999838027120753 -0.0035633372524651067 -0.0008212631831413427 0.0035666609708461046 0.9999936025971986 -0.15669859428508914 -0.36156951860276365 -0.8595076153773391
FixedParameters: 0 0 0
#Transform 88
Transform: MatrixOffsetTransformBase_double_3_3
Parameters: 0.9999932621914075 -0.003469754668382012 0.0008355921752947917 0.003473242695141132 0.9999866173598663 -0.003914123887694293 -0.000821406673274429 0.00391687620050422 0.999991982335496 -0.1432487463907819 -0.23308473844647892 -0.8521059470446204
FixedParameters: 0 0 0
#Transform 89
Transform: MatrixOffsetTransformBase_double_3_3
Parameters: 0.9999919490667144 -0.004044633614951508 0.0008335684131788683 0.004046366115556981 0.9999874570437374 -0.002857649432252874 -0.0008214320649425712 0.002861344777411366 0.9999951384559883 -0.14344606461033038 -0.3013196064851229 -0.8029166735818478
FixedParameters: 0 0 0
#Transform 90
Transform: MatrixOffsetTransformBase_double_3_3
Parameters: 0.9999909139189503 -0.004238272789425068 0.00035283861710409386 0.004238723959229564 0.999988687779915 -0.0020845224507118295 -0.0003431639872964107 0.002085472468300157 0.9999975316510827 -0.14558351669985825 -0.30806111192542573 -0.8121242145115275
FixedParameters: 0 0 0
#Transform 91
Transform: MatrixOffsetTransformBase_double_3_3
Parameters: 0.9999916393135558 -0.004027906843131262 0.0003691349442280151 0.004029093929800895 0.9999876958633312 -0.003011539598801273 -0.0003568630683054834 0.0030134643048869937 0.999995793010899 -0.12702852867209913 -0.23518108297257356 -0.7910569703578005
FixedParameters: 0 0 0
#Transform 92
Transform: MatrixOffsetTransformBase_double_3_3
Parameters: 0.999990674407031 -0.004373380647691567 0.0004431890749020787 0.004374625854528569 0.9999898657724875 -0.0014140753525107657 -0.000436810584614596 0.001415924493753718 0.9999988041634957 -0.11888150774410633 -0.2818467958315125 -0.756948842819611
FixedParameters: 0 0 0
#Transform 93
Transform: MatrixOffsetTransformBase_double_3_3
Parameters: 0.9999915019637956 -0.004043336462053832 0.000383069366349252 0.004044663577643994 0.9999905887153895 -0.0017474662410905042 -0.0003759274251732624 0.0017495356460107594 0.9999987987110405 -0.12950418742946113 -0.2525739203865953 -0.7459412345126566
FixedParameters: 0 0 0
#Transform 94
Transform: MatrixOffsetTransformBase_double_3_3
Parameters: 0.9999922370928777 -0.003919418407694309 0.000631893598631994 0.003921580991405569 0.9999892589912754 -0.0025225412231999855 -0.0006211028160727378 0.0025254536298111325 0.9999962368923436 -0.11019392482498347 -0.19691394658808292 -0.743549318732974
FixedParameters: 0 0 0
#Transform 95
Transform: MatrixOffsetTransformBase_double_3_3
Parameters: 0.9999897793349932 -0.004454883297363247 0.0006112054092668597 0.0044561207358436135 0.9999887572465963 -0.001840295919393602 -0.0006037956903904443 0.0018427093873304983 0.9999982397942775 -0.11191305414388353 -0.22737353929913695 -0.7219356089075859
FixedParameters: 0 0 0
#Transform 96
Transform: MatrixOffsetTransformBase_double_3_3
Parameters: 0.9999889588468921 -0.00476671637620152 0.0005639781007074018 0.004768288289234752 0.999985969226927 -0.0023013377136880337 -0.0005530236005069195 0.0023036630542164994 0.9999973865304315 -0.10499737106664497 -0.2825245029779353 -0.801146359282896
FixedParameters: 0 0 0
#Transform 97
Transform: MatrixOffsetTransformBase_double_3_3
Parameters: 0.9999901101237426 -0.004330034677822533 0.0003752989164909086 0.004330962742175855 0.9999874397336033 -0.00260839857246227 -0.00036370223157150354 0.002609598834625925 0.999996056547599 -0.12143641358687773 -0.2128701043917971 -0.8025887970541277
FixedParameters: 0 0 0
#Transform 98
Transform: MatrixOffsetTransformBase_double_3_3
Parameters: 0.9999885924476112 -0.004766426863705226 0.000831077094748348 0.004767574197667605 0.9999866503156748 -0.0019020594136300204 -0.0008219242380484771 0.0019059393215027952 0.9999976916533126 -0.10259857609857193 -0.294745735595086 -0.7588668993283818
FixedParameters: 0 0 0
#Transform 99
Transform: MatrixOffsetTransformBase_double_3_3
Parameters: 0.9999876252025579 -0.004764656125485593 0.001292391729720832 0.004768345975988017 0.9999855202398418 -0.0025968692138118987 -0.001280605727310176 0.002603133508967158 0.9999955848504845 -0.13362647048006693 -0.32186074754514493 -0.8071054804636333
FixedParameters: 0 0 0
#Transform 100
Transform: MatrixOffsetTransformBase_double_3_3
Parameters: 0.9999902608134172 -0.004244035912712843 0.0013146124636130203 0.00424696667010212 0.9999888476232297 -0.002261439210375009 -0.001304384477254491 0.002267558239187768 0.9999961572122006 -0.10651709257626862 -0.22481137632952652 -0.8061191760155708
FixedParameters: 0 0 0
#Transform 101
Transform: MatrixOffsetTransformBase_double_3_3
Parameters: 0.999988347547594 -0.004666697005399909 0.0009345281635568961 0.0046683010274242345 0.9999882585026483 -0.0013966527634615238 -0.0009274730958482646 0.001400343704216445 0.9999981774216149 -0.10376557755304816 -0.30053304349060284 -0.7701415930521591
FixedParameters: 0 0 0
#Transform 102
Transform: MatrixOffsetTransformBase_double_3_3
Parameters: 0.9999877632311114 -0.004650394662755405 0.0016165141495403078 0.004652603075097682 0.99998775516611 -0.0016114989717630154 -0.0016084897072966156 0.0016185001668481168 0.9999977915816656 -0.10838599203829347 -0.1892124371878765 -0.747487799296195
FixedParameters: 0 0 0
#Transform 103
Transform: MatrixOffsetTransformBase_double_3_3
Parameters: 0.9999884189067565 -0.0044571241404741556 0.0016460876947422198 0.004459877415793194 0.9999898186239187 -0.0011376719588289878 -0.0016419088692579936 0.0011453315877165556 0.999997994218866 -0.09207004443803157 -0.20803982620078898 -0.7396507060359596
FixedParameters: 0 0 0
#Transform 104
Transform: MatrixOffsetTransformBase_double_3_3
Parameters: 0.9999904521811818 -0.004184190765067944 0.0014283199291283768 0.004185815680427571 0.9999908702165317 -0.001268034489011591 -0.0014236815892473052 0.0012739701799782041 0.9999983510597911 -0.08717013513589222 -0.18146648343052618 -0.7304701819861208
FixedParameters: 0 0 0
#Transform 105
Transform: MatrixOffsetTransformBase_double_3_3
Parameters: 0.9999886739556523 -0.004653738779498273 0.0012931646513978943 0.00465526062088561 0.999987258954222 -0.0017509991060829422 -0.0012848365637506153 0.0017569984886677112 0.9999972619331949 -0.09008864320402665 -0.2346638244060415 -0.7060938146053672
FixedParameters: 0 0 0
#Transform 106
Transform: MatrixOffsetTransformBase_double_3_3
Parameters: 0.9999863946361273 -0.004886020186083173 0.001652808453682021 0.004889978552331715 0.9999852701616245 -0.0024119495467849424 -0.0016411894468230813 0.0024200507432004074 0.9999954502671203 -0.06472690724254448 -0.19035489424327068 -0.7536678904209566
FixedParameters: 0 0 0
#Transform 107
Transform: MatrixOffsetTransformBase_double_3_3
Parameters: 0.9999852819077173 -0.005293446834663164 0.00130341826347259 0.005295556480529853 0.9999840969322304 -0.00196412739290628 -0.0012935842154325487 0.0019708773336793027 0.999997442788713 -0.04778389667568206 -0.18285206260421205 -0.7369365906629781
FixedParameters: 0 0 0
#Transform 108
Transform: MatrixOffsetTransformBase_double_3_3
Parameters: 0.9999873849282158 -0.004765512982197084 0.0013796124220716267 0.004768482262552361 0.9999870102941709 -0.0018034443097834196 -0.0013703843729674838 0.001810553640634056 0.9999978440944671 -0.09182003979911713 -0.27823800505109375 -0.7417379832178597
FixedParameters: 0 0 0
#Transform 109
Transform: MatrixOffsetTransformBase_double_3_3
Parameters: 0.9999853442392708 -0.005248242429387839 0.0010547670891928214 0.005249752175713947 0.9999846572035775 -0.00166748642569864 -0.0010462300440034276 0.0016735146510078736 0.9999981058495746 -0.05871083215863848 -0.19408076971225796 -0.7632672818516255
FixedParameters: 0 0 0
#Transform 110
Transform: MatrixOffsetTransformBase_double_3_3
Parameters: 0.9999843848322905 -0.005463124414885049 0.0013307287130108533 0.005464877112558098 0.9999841436241979 -0.0014107503047398075 -0.0013222709347629966 0.0014182464186183778 0.9999982395586108 -0.06003494653232622 -0.266625840639378 -0.7113082096371528
FixedParameters: 0 0 0
#Transform 111
Transform: MatrixOffsetTransformBase_double_3_3
Parameters: 0.9999848139396613 -0.005138155342602919 0.0019455243561864158 0.005140841566718135 0.9999854420194545 -0.0014590200404304 -0.0019384757755080658 0.001468982017149141 0.9999970852906194 -0.04306030922496973 -0.2712478368435711 -0.7173835414648977
FixedParameters: 0 0 0
#Transform 112
Transform: MatrixOffsetTransformBase_double_3_3
Parameters: 0.9999851210542546 -0.0052127526515091975 0.0016463279110417396 0.005215252710005832 0.9999848915472089 -0.001976443785618997 -0.0016356750769255623 0.0019845562902305394 0.9999963846804921 -0.032467163785540265 -0.1663114718031835 -0.7052962002346419
FixedParameters: 0 0 0
#Transform 113
Transform: MatrixOffsetTransformBase_double_3_3
Parameters: 0.9999844272231124 -0.005367878618514152 0.0013256190585881455 0.005370121990176684 0.9999845959450872 -0.0016019059680265184 -0.0013173790498276835 0.001609096347944875 0.9999976759711194 -0.03607690009033604 -0.2759933916116495 -0.7000380545636489
FixedParameters: 0 0 0
#Transform 114
Transform: MatrixOffsetTransformBase_double_3_3
Parameters: 0.9999866178315252 -0.004764105002759538 0.0019196866006952367 0.004767889536817076 0.9999861539957631 -0.0020278732381670017 -0.0019103126675065335 0.0020371271504173076 0.999996201659606 -0.03305914140734956 -0.1439745976118445 -0.719416630326549
FixedParameters: 0 0 0
