#Insight Transform File V1.0
#Transform 0
Transform: MatrixOffsetTransformBase_double_3_3
Parameters: 0.9999990242875386 -0.0010356673975893452 0.0009503635426932585 0.0010353336992885368 0.9999998048882425 -0.00035001671451816347 -0.0009506376559403544 0.0003509852023911947 0.9999999736983946 -0.2429794324830965 -0.10370830827542932 -0.32306095483140496
FixedParameters: 0 0 0
#Transform 1
Transform: MatrixOffsetTransformBase_double_3_3
Parameters: 0.9999999624689709 -0.0007221833938243714 0.0007188225365774299 0.0007228168452478728 0.9999991840864507 -0.0011374812264767192 -0.0007171788474785218 0.0011375187375017978 0.999999190568455 -0.2584543495490692 -0.07995123203140508 -0.3242372491412482
FixedParameters: 0 0 0
#Transform 2
Transform: MatrixOffsetTransformBase_double_3_3
Parameters: 0.9999992745867322 -0.0008781878914082356 0.000976830679196087 0.0008778117466950346 0.9999991920597949 0.0001928574669520017 -0.0009771687089383497 -0.0001921418544976346 0.999999008414935 -0.2531649234772573 -0.1516879149985897 -0.35098518741530427
FixedParameters: 0 0 0
#Transform 3
Transform: MatrixOffsetTransformBase_double_3_3
Parameters: 0.9999993598092748 -0.0005354288636009493 0.0005945147613793913 0.000535571493663177 0.9999997897174625 -0.0009606826291338747 -0.0005944855293666377 0.0009613193394116635 0.9999997230474332 -0.2417637793555656 -0.10419682930589147 -0.3838206258226222
FixedParameters: 0 0 0
#Transform 4
Transform: MatrixOffsetTransformBase_double_3_3
Parameters: 0.9999988199818814 -0.0010351333148119737 0.0010528527613251058 0.0010358667839160008 0.9999992495859426 -0.0008229104727126097 -0.0010521472912250495 0.0008240902018799295 0.9999992140899375 -0.23621741050271794 -0.09793678030719377 -0.3387959940703382
FixedParameters: 0 0 0
#Transform 5
Transform: MatrixOffsetTransformBase_double_3_3
Parameters: 0.999999347111269 -0.0007438947067754522 0.001048074753318041 0.0007441044068461445 0.9999994364642991 -0.0000992202214482766 -0.0010489259536049904 0.00010078038997422734 0.9999998906474523 -0.22893756713622793 -0.16298971682238061 -0.4302935357781479
FixedParameters: 0 0 0
#Transform 6
Transform: MatrixOffsetTransformBase_double_3_3
Parameters: 0.9999983054259138 -0.0008290750476638829 0.0020016312626203944 0.0008329249894269125 0.9999974619475275 -0.0019603370117102425 -0.0020003712430433853 0.0019626626817752517 0.9999961484979262 -0.2399187696804006 -0.10504739871063862 -0.44276965813253355
FixedParameters: 0 0 0
#Transform 7
Transform: MatrixOffsetTransformBase_double_3_3
Parameters: 0.9999995871938732 -0.0004463850118886286 0.00046259396394334525 0.000446613932847032 0.9999990317369741 -0.0013297937063669067 -0.000461406274159157 0.0013302062722919405 0.9999990176549766 -0.24612541170904478 -0.14560454593527083 -0.3892471355686098
FixedParameters: 0 0 0
#Transform 8
Transform: MatrixOffsetTransformBase_double_3_3
Parameters: 0.9999997101167415 -0.0010352323982338342 0.00046770328991278614 0.0010357671842360211 0.9999982217127353 -0.0016445160517256474 -0.00046529649290294304 0.0016454821737295986 0.9999980763517349 -0.25679337690156956 -0.18215838843285326 -0.41655106150892607
FixedParameters: 0 0 0
#Transform 9
Transform: MatrixOffsetTransformBase_double_3_3
Parameters: 0.9999991420246307 -0.0002622392498002174 0.0008885207733525227 0.000264759281818706 0.9999980022415268 -0.001981764897730246 -0.0008874762601738277 0.0019822328733622753 0.9999972831300923 -0.28592579877283697 -0.11560225469160912 -0.4243594547388483
FixedParameters: 0 0 0
#Transform 10
Transform: MatrixOffsetTransformBase_double_3_3
Parameters: 0.9999998351236847 -0.0005077209709798524 0.0009526826649844389 0.0005092780440288591 0.9999989377786563 -0.0013425150832539034 -0.0009513168339414511 0.0013434832672843758 0.9999982900466361 -0.27939708561072507 -0.18144622332334848 -0.4850486338462332
FixedParameters: 0 0 0
#Transform 11
Transform: MatrixOffsetTransformBase_double_3_3
Parameters: 0.9999987541765789 -0.0010330925320234598 0.0014760408833446098 0.0010359099454616087 0.9999980410139616 -0.0019714751180862906 -0.0014739608045445391 0.0019725269009964884 0.999996935577005 -0.25334413940566947 -0.10735751999715148 -0.45993143818616034
FixedParameters: 0 0 0
#Transform 12
Transform: MatrixOffsetTransformBase_double_3_3
Parameters: 0.9999997818976559 -0.0005257258934540753 0.0009706910372298688 0.0005272731145437022 0.9999989988286104 -0.0013124885430294013 -0.0009693084481497787 0.0013135099530885693 0.999998335130572 -0.25169185917512493 -0.15384667286183173 -0.4991387149789972
FixedParameters: 0 0 0
#Transform 13
Transform: MatrixOffsetTransformBase_double_3_3
Parameters: 0.9999986346393969 -0.0013653393663658326 0.001224738202134028 0.0013666618278194895 0.9999988424414683 -0.0005393271190107023 -0.0012242629209709875 0.0005406724574722071 0.999999208997594 -0.3449830727907113 -0.17991787087639466 -0.5822109906818014
FixedParameters: 0 0 0
#Transform 14
Transform: MatrixOffsetTransformBase_double_3_3
Parameters: 0.9999992253955593 -0.0005085348468798934 0.0007183289744147899 0.0005094646557698304 0.9999993216634444 -0.0006476337648150693 -0.0007176698202017286 0.0006473646891363082 0.9999990652207505 -0.3143237736015294 -0.16433343373265075 -0.572027913249002
FixedParameters: 0 0 0
#Transform 15
Transform: MatrixOffsetTransformBase_double_3_3
Parameters: 0.9999974483507754 -0.0016211113987412138 0.0013870386039707707 0.0016218888937703459 0.999998959852832 -0.0006397520339707865 -0.0013859598379303505 0.0006422484580643247 0.9999986667348212 -0.30680616572198005 -0.26075777283394075 -0.5650479950300564
FixedParameters: 0 0 0
#Transform 16
Transform: MatrixOffsetTransformBase_double_3_3
Parameters: 0.9999991025810332 -0.0007303332753846473 0.0011680434743829885 0.0007316653244728957 0.9999984293079885 -0.0014261467574823554 -0.0011669571993110227 0.0014278536435954365 0.999998600611 -0.2795222197990199 -0.16290676902492862 -0.5912874883143218
FixedParameters: 0 0 0
#Transform 17
Transform: MatrixOffsetTransformBase_double_3_3
Parameters: 0.9999989442928324 -0.0013335933028168333 0.0005260316469701173 0.001334406251285157 0.999998622141043 -0.0007732983702552424 -0.0005249679486657863 0.0007737004049923079 0.9999991255477139 -0.2752872373592652 -0.21138450424638222 -0.5819665152725975
FixedParameters: 0 0 0
#Transform 18
Transform: MatrixOffsetTransformBase_double_3_3
Parameters: 0.9999989870376824 -0.0013486360056670253 0.0004401166660389009 0.001349363378886896 0.999998495441534 -0.0008274072111094698 -0.00043888406966631054 0.0008275929831656252 1.0000001220830257 -0.3036007835439989 -0.2425674270390914 -0.6186790092089467
FixedParameters: 0 0 0
#Transform 19
Transform: MatrixOffsetTransformBase_double_3_3
Parameters: 0.9999997817642091 -0.0006173282417332645 0.0009151301068185889 0.0006186716583246047 0.9999982764875464 -0.0018274350383936028 -0.0009138706962642264 0.0018285653618911443 0.9999978221003464 -0.3078461457918422 -0.13558319257899143 -0.6070370112519612
FixedParameters: 0 0 0
#Transform 20
Transform: MatrixOffsetTransformBase_double_3_3
Parameters: 0.9999991356331209 -0.0005219124299284903 0.0007697380892158782 0.0005230863929161226 0.9999987290114716 -0.0014135973629834315 -0.000768260982489662 0.0014134009681527927 0.9999984106567462 -0.30833483287435115 -0.2017114315119386 -0.620720053122156
FixedParameters: 0 0 0
#Transform 21
Transform: MatrixOffsetTransformBase_double_3_3
Parameters: 0.9999999008382281 -0.0007841335171533464 0.0006959784415569003 0.0007848674004080591 0.9999988307958568 -0.0012464543056134555 -0.0006950226812251796 0.001246545546645123 0.9999989625159025 -0.32288003128870457 -0.2323749345566739 -0.6665334223011712
FixedParameters: 0 0 0
#Transform 22
Transform: MatrixOffsetTransformBase_double_3_3
Parameters: 0.9999992870907053 -0.0011085157855830563 0.000696369384067107 0.0011094841382867798 0.9999972097471957 -0.0021352304637194297 -0.0006936328360783969 0.00213577197711296 0.9999979566037385 -0.34142558133358136 -0.14770684877257167 -0.6479585062776465
FixedParameters: 0 0 0
#Transform 23
Transform: MatrixOffsetTransformBase_double_3_3
Parameters: 0.9999996773494324 -0.0005618615126121015 0.0000829445456899001 0.0005621388775709367 0.999998858392554 -0.001680953666523589 -0.00008205509982190595 0.0016810463965098263 0.9999981674306564 -0.33572613352775704 -0.23390420009472734 -0.6604626783853007
FixedParameters: 0 0 0
#Transform 24
Transform: MatrixOffsetTransformBase_double_3_3
Parameters: 0.999999055843902 -0.0008919520718480466 -0.0003858048050809593 0.0008910485557588559 0.9999961413118399 -0.002462343613780226 0.00038719545067908835 0.0024626544824668476 0.9999967867031893 -0.39032276539059296 -0.2432980315061286 -0.7148150637847976
FixedParameters: 0 0 0
#Transform 25
Transform: MatrixOffsetTransformBase_double_3_3
Parameters: 0.9999997871587434 -0.00027110062262680534 0.00037365412297248816 0.0002718977396139468 0.9999971229977862 -0.002408898878141426 -0.00037234603599358926 0.0024091014171381585 0.9999970575807872 -0.3358369349615913 -0.22660965915935094 -0.6787398306624937
FixedParameters: 0 0 0
#Transform 26
Transform: MatrixOffsetTransformBase_double_3_3
Parameters: 0.9999989601503331 -0.0012164108829580073 0.0007485887759865282 0.0012175900084746291 0.9999969968954728 -0.0021260916685253545 -0.0007464128640331744 0.0021269110878843742 0.9999979192298771 -0.34989390885098715 -0.27678599340815424 -0.7230944817876122
FixedParameters: 0 0 0
#Transform 27
Transform: MatrixOffsetTransformBase_double_3_3
Parameters: 0.9999982735291164 -0.000806019697846455 0.0014412333662397751 0.0008099800383962317 0.999995707419056 -0.002763836388920383 -0.001438766731143024 0.002764163434800622 0.9999952866792101 -0.340593901634648 -0.19100073166752907 -0.733665787241037
FixedParameters: 0 0 0
#Transform 28
Transform: MatrixOffsetTransformBase_double_3_3
Parameters: 0.9999981490337642 -0.0013277353264482255 0.0010428877002579139 0.0013302627329947686 0.9999965096467069 -0.0021726154565759963 -0.0010401105288550048 0.0021743837665590795 0.999997191166315 -0.35780429581384965 -0.24344864413713196 -0.7342704383792977
FixedParameters: 0 0 0
#Transform 29
Transform: MatrixOffsetTransformBase_double_3_3
Parameters: 0.9999990555812838 -0.0010334540792606693 0.0009368159271803753 0.0010355432965273603 0.9999955232325237 -0.0027210315009259765 -0.0009331851354547726 0.002721966019597963 0.9999957191964549 -0.3671830010521546 -0.24711092921955924 -0.7418815716047646
FixedParameters: 0 0 0
#Transform 30
Transform: MatrixOffsetTransformBase_double_3_3
Parameters: 0.9999994777900124 -0.0005836149793247955 0.0010868245790305936 0.0005873862044157753 0.9999949383601067 -0.0031173624905874745 -0.0010851739754284568 0.003117634200521981 0.9999941017733082 -0.39314871378543614 -0.20955312893350708 -0.7048951601908584
FixedParameters: 0 0 0
#Transform 31
Transform: MatrixOffsetTransformBase_double_3_3
Parameters: 0.9999994352019986 -0.00008980628128274377 0.0007462673404643646 0.00009219277078535613 0.9999953480988505 -0.0029399322472648502 -0.000745732260575885 0.0029400680192365534 0.9999957998627564 -0.33619770110293246 -0.3203090215961879 -0.7215248600443545
FixedParameters: 0 0 0
#Transform 32
Transform: MatrixOffsetTransformBase_double_3_3
Parameters: 0.9999998381853307 -0.00011072900409915694 0.0003863662785234206 0.00011227295056675791 0.9999941568669695 -0.0032909538876597162 -0.000386632380259309 0.003291040077574171 0.9999940199171053 -0.334108688294819 -0.19476757576281045 -0.7167736440093933
FixedParameters: 0 0 0
#Transform 33
Transform: MatrixOffsetTransformBase_double_3_3
Parameters: 0.9999997340580954 -0.0006921757350479868 0.000887210856939032 0.0006948239999195001 0.9999943588793858 -0.0031873830337827216 -0.0008847897839707069 0.003187611919685188 0.9999940548245154 -0.3518173382289973 -0.2606470778402894 -0.6992932760719839
FixedParameters: 0 0 0
#Transform 34
Transform: MatrixOffsetTransformBase_double_3_3
Parameters: 0.9999989293125633 -0.0008994209177859445 0.0011230699376591862 0.0009025787576687046 0.9999969050882792 -0.002297987987974571 -0.0011209280344169888 0.0022990098346130435 0.9999964580054375 -0.3424673971873773 -0.29238948258453945 -0.7318032831471868
FixedParameters: 0 0 0
#Transform 35
Transform: MatrixOffsetTransformBase_double_3_3
Parameters: 0.9999995804888967 0.00015594532132091744 0.001181357505185695 -0.00015105612099733587 0.9999914621333595 -0.004185180483987485 -0.001181642309204544 0.004184817760963479 0.9999900897472689 -0.3528229558108791 -0.2209061791530047 -0.7635926765258034
FixedParameters: 0 0 0
#Transform 36
Transform: MatrixOffsetTransformBase_double_3_3
Parameters: 0.9999999905964894 -0.0003268460095190315 -0.0009500261642355826 0.00032415439775599643 0.9999959299863209 -0.002994311056766595 0.0009509752642098675 0.0029936922791313977 0.9999951324835024 -0.4100751585479543 -0.28721260319761655 -0.7490756346635834
FixedParameters: 0 0 0
#Transform 37
Transform: MatrixOffsetTransformBase_double_3_3
Parameters: 0.9999991654857627 0.00017681827493054464 0.0008964479938425916 -0.00017418286280956405 0.9999950907266679 -0.0031431565279644975 -0.0008965511917690128 0.003142841855188856 0.999994317813219 -0.39309211670324373 -0.24178365245347777 -0.7320652147068785
FixedParameters: 0 0 0
#Transform 38
Transform: MatrixOffsetTransformBase_double_3_3
Parameters: 0.9999996045570081 -0.00009794696380407637 0.0006213271971084571 0.00010005178513369473 0.9999940671447718 -0.003304938089383439 -0.000620672807316879 0.003305061047344277 0.999994691303573 -0.3403351260026426 -0.20546083176823515 -0.6962058594859712
FixedParameters: 0 0 0
#Transform 39
Transform: MatrixOffsetTransformBase_double_3_3
Parameters: 0.9999999818855381 -0.00005362449310320212 0.0001231642219214887 0.0000533780949373122 0.9999956885086477 -0.0030509955351118822 -0.00012383776037495488 0.0030510087501207797 0.9999956761186393 -0.3445551766504593 -0.31222274378161785 -0.7310115867181963
FixedParameters: 0 0 0
#Transform 40
Transform: MatrixOffsetTransformBase_double_3_3
Parameters: 0.9999996363960313 0.0004696569251196889 0.00037795030125688126 -0.0004683429284338979 0.9999906655473494 -0.004372180881894635 -0.00038005125835339636 0.004371825377709093 0.999990741867389 -0.35261961702545364 -0.2036149456830998 -0.7303984924516271
FixedParameters: 0 0 0
#Transform 41
Transform: MatrixOffsetTransformBase_double_3_3
Parameters: 0.9999999648058079 0.0001125030077888284 0.00015062570090890672 -0.00011149917194305169 0.9999948651905112 -0.003335019721903649 -0.00015037274669578142 0.0033349860098752454 0.9999948550845026 -0.3484932677990997 -0.24269488523285077 -0.7096927724265925
FixedParameters: 0 0 0
#Transform 42
Transform: MatrixOffsetTransformBase_double_3_3
Parameters: 0.999999611116163 0.00046941028140543673 0.00041039269428108557 -0.0004685912195286154 0.999994018531004 -0.003429193124284004 -0.0004116095780980785 0.0034298076041915917 0.9999940695709963 -0.35826070644134234 -0.28200928364483957 -0.7231851768341073
FixedParameters: 0 0 0
#Transform 43
Transform: MatrixOffsetTransformBase_double_3_3
Parameters: 0.9999995679668905 0.0004701106202510993 0.0004588475105190199 -0.0004688887066292368 0.9999897205188788 -0.004589219466569024 -0.0004611566046941759 0.004588787523349197 0.9999897293478833 -0.4050783242885956 -0.23109742547110557 -0.7280843594990074
FixedParameters: 0 0 0
#Transform 44
Transform: MatrixOffsetTransformBase_double_3_3
Parameters: 0.9999992148156394 0.0004702739884832541 0.0007505796430764374 -0.00046872439240257957 0.9999956168134522 -0.003027354349609155 -0.0007524220011723537 0.003026648689572417 0.9999952724894343 -0.37651807989969654 -0.31025891964820573 -0.7421607999609989
FixedParameters: 0 0 0
#Transform 45
Transform: MatrixOffsetTransformBase_double_3_3
Parameters: 0.9999990291397562 0.0004718315347444351 0.0008649199529224537 -0.00046816739676552155 0.9999901983746271 -0.004425406783008551 -0.000867079471731294 0.004424592739457566 0.999989669315919 -0.3652941830668368 -0.23598937321814617 -0.7643785887570544
FixedParameters: 0 0 0
#Transform 46
Transform: MatrixOffsetTransformBase_double_3_3
Parameters: 0.9999992406171058 0.0002370211033591954 0.000838151242901049 -0.00023397525061627722 0.9999929628917578 -0.003603196172907481 -0.0008398482546435048 0.003602801004200314 0.9999933144284974 -0.4015559900012846 -0.19488100695554067 -0.7011334252516974
FixedParameters: 0 0 0
#Transform 47
Transform: MatrixOffsetTransformBase_double_3_3
Parameters: 0.9999997025983447 -0.0004983242030603737 0.00022053338446037047 0.0004996772033944951 0.9999952953462564 -0.003074891478339587 -0.00021946452419641707 0.003075111038393807 0.9999954959483058 -0.35525067572137914 -0.33612400635877293 -0.7187495326641056
FixedParameters: 0 0 0
#Transform 48
Transform: MatrixOffsetTransformBase_double_3_3
Parameters: 0.9999996381396619 0.0000826263851512328 0.0005956415236407284 -0.00008037201868328103 0.999990562789778 -0.004408050383004306 -0.0005963600277898724 0.004407953234984141 0.9999902142137058 -0.346002296603217 -0.23744726151338114 -0.7465829193461104
FixedParameters: 0 0 0
#Transform 49
Transform: MatrixOffsetTransformBase_double_3_3
Parameters: 0.9999995285360818 0.00046963516063866116 0.0005004698461451798 -0.0004683623630624868 0.9999941328501176 -0.0032632322895576387 -0.0005025305428399641 0.0032627618820838646 0.999994101308153 -0.33983878944376045 -0.2550334328535513 -0.6995218993600645
FixedParameters: 0 0 0
#Transform 50
Transform: MatrixOffsetTransformBase_double_3_3
Parameters: 0.9999997657421431 -2.9727581847803437e-7 0.00048400383645854543 0.0000017027109602940388 0.9999936236418935 -0.0035179978518471875 -0.0004839968004628417 0.0035179988198465965 0.9999933893860367 -0.3425998272561941 -0.3232422777869459 -0.7462441648373215
FixedParameters: 0 0 0
#Transform 51
Transform: MatrixOffsetTransformBase_double_3_3
Parameters: 0.9999995793329012 0.0004698824515340612 0.00044702985821030197 -0.0004681178886634921 0.9999911273535211 -0.004201210721840649 -0.0004489708840679274 0.0042017904957981226 0.9999911466105198 -0.35135959494449764 -0.225307338159368 -0.7452723975715401
FixedParameters: 0 0 0
#Transform 52
Transform: MatrixOffsetTransformBase_double_3_3
Parameters: 0.9999997498750451 0.00036407317925676055 0.00034286389959133616 -0.00036292629927485264 0.9999951022171185 -0.00312512516670128 -0.00034413577957127225 0.0031248754417052193 0.9999951163571182 -0.33945983705466176 -0.30529968878718705 -0.7323613502403532
FixedParameters: 0 0 0
#Transform 53
Transform: MatrixOffsetTransformBase_double_3_3
Parameters: 0.9999995802281103 0.00046987780392899873 0.00044602986955671366 -0.0004681220920488329 0.9999911315546869 -0.004201210273250937 -0.00044797042542426315 0.004200790985279555 0.9999911517066856 -0.3578240294257853 -0.23787496188451485 -0.7453797765864323
FixedParameters: 0 0 0
#Transform 54
Transform: MatrixOffsetTransformBase_double_3_3
Parameters: 0.9999999315365771 0.00010626171471111035 -0.00023932921019660612 -0.00010673730590227074 0.9999954590617794 -0.003086975906787136 0.0002386716789323163 0.0030870268138075982 0.9999954132827609 -0.3605254064220276 -0.2544296079076247 -0.727903019463227
FixedParameters: 0 0 0
#Transform 55
Transform: MatrixOffsetTransformBase_double_3_3
Parameters: 0.9999991722540835 0.0004715366226394917 0.0007778671346298827 -0.00046846248000439957 0.9999891628485276 -0.004540366144094303 -0.0007801352256228589 0.00454063387997543 0.999989776904255 -0.37143743467791523 -0.24379801302876558 -0.7622607745104801
FixedParameters: 0 0 0
#Transform 56
Transform: MatrixOffsetTransformBase_double_3_3
Parameters: 0.999999503404068 -0.0003109521533957001 0.0011833383901982033 0.0003160460248601383 0.999990685803533 -0.004267629356901663 -0.0011816623447163564 0.0042683707871148165 0.9999903857724466 -0.38844523363673034 -0.25269646949678304 -0.7402176402659961
FixedParameters: 0 0 0
#Transform 57
Transform: MatrixOffsetTransformBase_double_3_3
Parameters: 0.9999998464331395 -0.00035744680673164056 0.00016123198962362387 0.0003575523367300852 0.9999940110212255 -0.0034439428292401993 -0.00015976952364517893 0.0034440575872385073 0.9999941130672241 -0.3407746663712743 -0.31834850492843714 -0.7340313218390975
FixedParameters: 0 0 0
#Transform 58
Transform: MatrixOffsetTransformBase_double_3_3
Parameters: 0.9999992746516084 -0.00013611033085269796 0.0008404725169702552 0.0001388913063173053 0.9999941543374353 -0.0034388838613723023 -0.000840526785940293 0.003439115000244689 0.999993466801815 -0.3097332609947756 -0.19954175790098816 -0.7306351615657718
FixedParameters: 0 0 0
#Transform 59
Transform: MatrixOffsetTransformBase_double_3_3
Parameters: 0.9999995821007522 -0.0004466192584917424 0.00046732277431666645 0.0004473820376010605 0.9999950504140438 -0.002957788710250061 -0.00046667831506918845 0.0029582062097625555 0.9999950321340654 -0.34095883848168285 -0.2895774075833941 -0.7355335051368144
FixedParameters: 0 0 0
#Transform 60
Transform: MatrixOffsetTransformBase_double_3_3
Parameters: 0.9999998516411108 -0.0001565511861580435 0.00035164872985631447 0.0001584503687613035 0.9999919677294554 -0.004123948374372209 -0.00035134966060384483 0.004124059097465679 0.9999918689833721 -0.3387985705879686 -0.21841244176455632 -0.7487069042386025
FixedParameters: 0 0 0
#Transform 61
Transform: MatrixOffsetTransformBase_double_3_3
Parameters: 0.999999425867489 0.000360714824226521 0.000666538227418576 -0.0003582874175345507 0.9999913179925178 -0.004068240631754162 -0.0006674634963011625 0.004068761055688122 0.9999920023424311 -0.3511979715337361 -0.22718192964613593 -0.7228001907391501
FixedParameters: 0 0 0
#Transform 62
Transform: MatrixOffsetTransformBase_double_3_3
Parameters: 0.9999999880368035 -0.00008123924012779071 -0.00007373723390211907 0.00008076310736733747 0.9999945022955636 -0.003239004364427098 0.00007326195714123517 0.003238992457433089 0.999994503454563 -0.3425661424003579 -0.32392957318046456 -0.7287524913483736
FixedParameters: 0 0 0
#Transform 63
Transform: MatrixOffsetTransformBase_double_3_3
Parameters: 0.9999993986400725 0.0006001113191493757 0.0004914320487027599 -0.0005978895933071993 0.9999902713259373 -0.004286292236992194 -0.000493566701629505 0.004285702219565241 0.9999903875718245 -0.3419292281904376 -0.2215719480404772 -0.7639799250055859
FixedParameters: 0 0 0
#Transform 64
Transform: MatrixOffsetTransformBase_double_3_3
Parameters: 0.9999997289442178 -0.0006710121173004807 0.0009059673073348799 0.0006749880394517617 0.9999901076884319 -0.004408390954508215 -0.0009030327624851434 0.004409608417860748 0.9999897424953261 -0.35756589835004604 -0.2755568884317938 -0.7693197694618732
FixedParameters: 0 0 0
#Transform 65
Transform: MatrixOffsetTransformBase_double_3_3
Parameters: 0.9999994628890787 -0.001045268328458471 0.0006663058750887241 0.0010487310783350262 0.9999909828224832 -0.004113305663108806 -0.0006616921665884337 0.004113696084320384 0.9999916381388382 -0.34955565019211576 -0.33704583931182697 -0.7840662877566729
FixedParameters: 0 0 0
#Transform 66
Transform: MatrixOffsetTransformBase_double_3_3
Parameters: 0.9999998514741163 -0.00005710834445326412 0.0003812879475805308 0.00005889017306336832 0.999987365131856 -0.004962974411686405 -0.00038071224002960514 0.004963018607651931 0.9999872233339667 -0.33015836033489165 -0.22160442170805084 -0.795495616763418
FixedParameters: 0 0 0
#Transform 67
Transform: MatrixOffsetTransformBase_double_3_3
Parameters: 0.9999999922310479 0.00003670945119503069 -0.00008013377891332301 -0.00003729009167263132 0.9999938289359784 -0.0036290000250015064 0.00007986523269243271 0.003629005945006376 0.9999938239049744 -0.33239005214156236 -0.27515528671870015 -0.7716831580781758
FixedParameters: 0 0 0
#Transform 68
Transform: MatrixOffsetTransformBase_double_3_3
Parameters: 1.0000000173867736 -0.0009517419403608594 0.0002763715403224023 0.0009532618628035177 0.9999890245103394 -0.004589740822424823 -0.00027262753176871755 0.004590263747921166 0.9999898564231291 -0.3483481584075747 -0.31831866458333025 -0.790603999627848
FixedParameters: 0 0 0
#Transform 69
Transform: MatrixOffsetTransformBase_double_3_3
Parameters: 0.99999999657505 -0.00004882517213307388 0.000032266141644102316 0.00004917339626953214 0.9999853928873272 -0.005441000564159729 -0.0000317329234351506 0.005441003700160957 0.9999853942643276 -0.33382877929638255 -0.21256548901513383 -0.7828645083922936
FixedParameters: 0 0 0
#Transform 70
Transform: MatrixOffsetTransformBase_double_3_3
Parameters: 0.9999998630370487 -0.0001677245757201718 0.0003296521894384687 0.00016927689205957887 0.9999929714081022 -0.0038729480697506508 -0.00032934698017512065 0.0038730591118464625 0.999992891230033 -0.3198403567621142 -0.2501802507876505 -0.7606382581774653
FixedParameters: 0 0 0
#Transform 71
Transform: MatrixOffsetTransformBase_double_3_3
Parameters: 0.9999994710457176 -0.0003933521770379333 0.0006117105827789979 0.00039564835432014735 0.9999900607226593 -0.004333758915265023 -0.0006102910392227479 0.004334240997114323 0.9999908430304146 -0.3241780964479659 -0.327831789099136 -0.8076852098622993
FixedParameters: 0 0 0
#Transform 72
Transform: MatrixOffsetTransformBase_double_3_3
Parameters: 0.9999999742826068 -0.00006835523659792374 0.00014530508328277876 0.00006864342666790165 0.9999902638412487 -0.004441991218598146 -0.00014469652913501048 0.00444201108360297 0.9999902475082447 -0.3397542439706456 -0.24845305832896258 -0.7970913184771433
FixedParameters: 0 0 0
#Transform 73
Transform: MatrixOffsetTransformBase_double_3_3
Parameters: 0.9999998431590362 -0.0002751554317533409 0.0002848183160256221 0.0002758447977727659 0.9999951091179028 -0.002968921983658404 -0.000284182393007703 0.002969078743662822 0.9999961040779308 -0.3349099984322663 -0.28900829639799497 -0.8011576060945202
FixedParameters: 0 0 0
#Transform 74
Transform: MatrixOffsetTransformBase_double_3_3
Parameters: 0.9999999669434616 -0.0001434113540943245 0.00011175948996997232 0.00014458462413600195 0.9999860478429673 -0.005284984203735655 -0.00011023740991590429 0.005285016171736791 0.9999860562579675 -0.3389540454694071 -0.22036760642841102 -0.8246462067548208
FixedParameters: 0 0 0
#Transform 75
Transform: MatrixOffsetTransformBase_double_3_3
Parameters: 0.9999997173702949 -0.00017400262411882732 0.0005026957141190973 0.00017599454393702534 0.9999921607349846 -0.003975912289119556 -0.0005013041142461084 0.003976087989103519 0.9999919393550049 -0.3332000517248588 -0.22331980259086492 -0.7812715045079841
FixedParameters: 0 0 0
#Transform 76
Transform: MatrixOffsetTransformBase_double_3_3
Parameters: 0.999999883508858 -0.00028148591390770976 0.0001937492235591844 0.0002815122919291607 0.9999968504583916 -0.002658947929288238 -0.00019225220534179136 0.0026590565883766004 0.9999968924514256 -0.3329607274931732 -0.2960605958860043 -0.7790462407929368
FixedParameters: 0 0 0
#Transform 77
Transform: MatrixOffsetTransformBase_double_3_3
Parameters: 0.9999995768710869 -0.00020328380285476448 0.0006179001633798526 0.00020571659840353058 0.9999906068740634 -0.004398875741255202 -0.0006171009621995765 0.004399128300312172 0.9999902673859868 -0.3236936013631606 -0.22436369446133142 -0.7926079339106167
FixedParameters: 0 0 0
#Transform 78
Transform: MatrixOffsetTransformBase_double_3_3
Parameters: 0.999999649126542 -0.00028926045441727394 0.0005169771500226733 0.0002907396108694026 0.9999945724369904 -0.0033678519054400075 -0.0005160237037312364 0.003368151476531576 0.9999943897639344 -0.31963703449559944 -0.2851517760782798 -0.8073468284207195
FixedParameters: 0 0 0
#Transform 79
Transform: MatrixOffsetTransformBase_double_3_3
Parameters: 0.9999995125848176 -0.00029579860430969295 0.001183312179258801 0.00030119992522835453 0.9999905683952962 -0.004397646477955673 -0.0011816865629823146 0.004398352433075742 0.9999892591850736 -0.33172428251282327 -0.34613864904770253 -0.8338115346156201
FixedParameters: 0 0 0
#Transform 80
Transform: MatrixOffsetTransformBase_double_3_3
Parameters: 0.999999830570218 -0.00010418914598737281 0.00039847766539040526 0.00010580857661937672 0.9999893136741022 -0.004546954767010317 -0.0003975227961970205 0.004547038346939714 0.9999891662942265 -0.34179261364351987 -0.24887671830531133 -0.7940744566438553
FixedParameters: 0 0 0
#Transform 81
Transform: MatrixOffsetTransformBase_double_3_3
Parameters: 0.9999993888788432 -0.0006064880839614465 0.0004928659021510364 0.0006085119208511977 0.9999951875880722 -0.0030727017956139863 -0.0004911321972454802 0.003073299576581422 0.9999953145810653 -0.338618266866348 -0.3147301896786985 -0.7876518930031722
FixedParameters: 0 0 0
#Transform 82
Transform: MatrixOffsetTransformBase_double_3_3
Parameters: 0.9999999581371538 -0.00016746466007274612 0.00011776481160009471 0.0001675362700129115 0.999989178252161 -0.00455997665085277 -0.00011723720204094566 0.00456001601381988 0.9999891925021491 -0.3341454349027231 -0.27881735401730623 -0.7951689154104713
FixedParameters: 0 0 0
#Transform 83
Transform: MatrixOffsetTransformBase_double_3_3
Parameters: 0.9999995610485946 -0.0002022856374810871 0.0011828166393458301 0.00020671095342307202 0.9999920619356092 -0.003986759899429423 -0.0011811859552617386 0.003987243337750816 0.999991706624373 -0.3413047520823369 -0.21641659321420548 -0.7405577636677663
FixedParameters: 0 0 0
#Transform 84
Transform: MatrixOffsetTransformBase_double_3_3
Parameters: 0.9999999727817565 -0.00012568809190012848 0.00010636956851905094 0.0001263136724914972 0.9999953581417708 -0.002936984725551999 -0.00010662944034930181 0.002937011563534468 0.9999953626757678 -0.3411625910035383 -0.32840425846764276 -0.7368051772359507
FixedParameters: 0 0 0
#Transform 85
Transform: MatrixOffsetTransformBase_double_3_3
Parameters: 0.9999999654476177 -0.00016355247593019355 0.0000878383640169616 0.00016444830071619677 0.9999867687767701 -0.005118984509164743 -0.00008715931917917347 0.005119013209157888 0.9999867880167655 -0.3348725966985171 -0.23139705562834934 -0.7515803495594611
FixedParameters: 0 0 0
#Transform 86
Transform: MatrixOffsetTransformBase_double_3_3
Parameters: 0.9999999770496578 0.00013779264562119604 -0.00006245963622275157 -0.00013820927098287883 0.999994872026226 -0.0033329943374546347 0.00006253972229227626 0.00333301158746961 0.9999948871642392 -0.3441938716360369 -0.26250913668246767 -0.7376878044682229
FixedParameters: 0 0 0
#Transform 87
Transform: MatrixOffsetTransformBase_double_3_3
Parameters: 0.9999994243567878 -0.0007424340941981981 0.00015768862601668167 0.0007425633862400278 0.9999933478608217 -0.003619886161134435 -0.00015431365292478347 0.003619117821885856 0.9999938748319923 -0.3693426040020995 -0.33332914912566025 -0.7658140913467122
FixedParameters: 0 0 0
#Transform 88
Transform: MatrixOffsetTransformBase_double_3_3
Parameters: 0.9999996120577455 -0.000058554235329263084 0.0006202356592652149 0.00006044481943675749 0.9999924412573377 -0.003943964264245002 -0.0006197663232385295 0.003944038044249198 0.9999920603953161 -0.3542374952067746 -0.2321024097406621 -0.7609043919727156
FixedParameters: 0 0 0
#Transform 89
Transform: MatrixOffsetTransformBase_double_3_3
Parameters: 0.9999999707588306 -0.00010260623568383672 0.00013629727844591244 0.00010339575137361928 0.9999956257125381 -0.0028919848556778964 -0.00013670152228707644 0.0028920129746668475 0.9999956176895411 -0.3604054710323368 -0.2860125565038061 -0.7714318468793095
FixedParameters: 0 0 0
#Transform 90
Transform: MatrixOffsetTransformBase_double_3_3
Parameters: 0.9999995520191517 -0.0002231872051090887 0.0011829184886778296 0.00022780873004922677 0.9999913841802576 -0.004069732291285351 -0.0011810829187016054 0.004070265373278446 0.999991037899262 -0.39248557300695097 -0.24173748260137984 -0.8057237730834999
FixedParameters: 0 0 0
#Transform 91
Transform: MatrixOffsetTransformBase_double_3_3
Parameters: 0.9999996025668623 0.0000194844542823056 0.0011819479998028063 -0.000015515367632209055 0.9999953089722409 -0.0029480192501109576 -0.0011820511797937102 0.0029479778801146054 0.9999949121512758 -0.4033472890306484 -0.25320781619846855 -0.7711286916847371
FixedParameters: 0 0 0
#Transform 92
Transform: MatrixOffsetTransformBase_double_3_3
Parameters: 0.9999998394431238 -0.00014187178128938007 0.00037442955552009343 0.0001431300222320457 0.9999958894401645 -0.0030149491507795354 -0.00037457027562552 0.0030150558838594986 0.9999957694960746 -0.3547678178994573 -0.2942925046073128 -0.7956011612204748
FixedParameters: 0 0 0
#Transform 93
Transform: MatrixOffsetTransformBase_double_3_3
Parameters: 0.9999995801799281 0.00015673498813840436 0.0011813820991140966 -0.00015226639979659974 0.9999919200059135 -0.004007183667001259 -0.0011816202702389122 0.004006818580809932 0.9999915479267187 -0.37678725546136604 -0.2152630022847859 -0.7831005660291055
FixedParameters: 0 0 0
#Transform 94
Transform: MatrixOffsetTransformBase_double_3_3
Parameters: 0.9999992864083058 -0.0005600700184963151 0.0011833911835351673 0.0005629281359275117 0.999996549176893 -0.002476335976598404 -0.0011816095092663705 0.002477663925798748 0.9999964661498804 -0.36463892284201904 -0.30143986119217914 -0.7787652704257226
FixedParameters: 0 0 0
#Transform 95
Transform: MatrixOffsetTransformBase_double_3_3
Parameters: 0.9999980810977632 -0.0009265779458459843 0.001435513980612977 0.0009324209815459693 0.999992832439931 -0.003781667911617977 -0.0014314832145097807 0.0037823327974700473 0.999991641484196 -0.37079274526828954 -0.2544595352266157 -0.7873385023545296
FixedParameters: 0 0 0
#Transform 96
Transform: MatrixOffsetTransformBase_double_3_3
Parameters: 0.9999990351453162 -0.0008318601478319264 0.0011283209892294429 0.0008351386754586613 0.9999955462538418 -0.0027850583659481004 -0.0011256775531429772 0.0027859370783120166 0.9999949708462582 -0.3405893970093956 -0.22379648245889427 -0.7304665679388478
FixedParameters: 0 0 0
#Transform 97
Transform: MatrixOffsetTransformBase_double_3_3
Parameters: 0.9999988251756572 -0.0012016672526302672 0.0008542913806604558 0.0012043357325288086 0.9999960643317275 -0.002735975282268685 -0.0008517073397903472 0.0027370276056230282 0.999995783935633 -0.3558143686499733 -0.33020703791039807 -0.764532608999815
FixedParameters: 0 0 0
#Transform 98
Transform: MatrixOffsetTransformBase_double_3_3
Parameters: 0.9999993300445998 -0.00113205935013889 0.0006235369916037436 0.0011339400072355595 0.999994969393057 -0.003121296858124928 -0.0006194625192277925 0.003122705180946165 0.9999948668219972 -0.35041583709927693 -0.18844204656275565 -0.7381772228675914
FixedParameters: 0 0 0
#Transform 99
Transform: MatrixOffsetTransformBase_double_3_3
Parameters: 0.9999998015137083 -0.000353364536590389 0.0002708311655631853 0.0003546358869451018 0.9999973521740247 -0.00234990507563471 -0.00027016736237798106 0.0023500965896881432 0.9999974043200395 -0.3361848429763796 -0.2635238602647121 -0.7371238084239593
FixedParameters: 0 0 0
#Transform 100
Transform: MatrixOffsetTransformBase_double_3_3
Parameters: 0.9999994843325637 -0.0007704816533828923 0.0009600266309189033 0.0007735183311697976 0.9999965081228124 -0.0026252603008104485 -0.0009579720777099202 0.0026267409996817517 0.999996184425622 -0.3536545091135821 -0.2571552110602937 -0.7646699614563346
FixedParameters: 0 0 0
#Transform 101
Transform: MatrixOffsetTransformBase_double_3_3
Parameters: 0.9999995749101696 -0.00038185992645302705 0.0005288245050629388 0.00038313771907589467 0.999997201043728 -0.0021567959795276083 -0.0005271744018413265 0.0021571998990922866 0.9999970685658708 -0.32276542002141184 -0.20904529113840908 -0.6982001546211904
FixedParameters: 0 0 0
#Transform 102
Transform: MatrixOffsetTransformBase_double_3_3
Parameters: 0.9999995271181717 -0.0010719764200572458 0.000568932571250089 0.0010730234943503326 0.9999976025346329 -0.0018013908782278682 -0.0005670672767279739 0.0018026092395689005 0.9999984301678646 -0.3487973343703459 -0.24899561936456394 -0.7006887429115523
FixedParameters: 0 0 0
#Transform 103
Transform: MatrixOffsetTransformBase_double_3_3
Parameters: 0.9999982626138746 -0.0007736922211765736 0.0014627541781921064 0.0007773055216957908 0.9999972796817334 -0.002261867248021557 -0.0014602450358315523 0.0022631340372035904 0.9999967450966566 -0.36524950301730996 -0.2301227632329983 -0.7000187616627329
FixedParameters: 0 0 0
#Transform 104
Transform: MatrixOffsetTransformBase_double_3_3
Parameters: 0.9999999297179978 -0.00032881784747674695 0.0009807348218565865 0.00033118304178194344 0.9999979360140546 -0.002225677523218909 -0.0009802656583993246 0.0022263246548496246 0.9999970835322238 -0.3552234061573074 -0.2183250014368241 -0.6927242319237905
FixedParameters: 0 0 0
#Transform 105
Transform: MatrixOffsetTransformBase_double_3_3
Parameters: 0.9999985377331346 -0.001286499878420293 0.0008981515139086352 0.0012884985519082664 0.9999975484273881 -0.001670844747957579 -0.0008958473974989112 0.0016721545246220363 0.9999984014751695 -0.34347564435157096 -0.2745465335731012 -0.7253975720901451
FixedParameters: 0 0 0
#Transform 106
Transform: MatrixOffsetTransformBase_double_3_3
Parameters: 0.9999989351779541 -0.0009613120455965649 0.0014634306496206753 0.0009646893175203757 0.9999967070836852 -0.002522592367955796 -0.0014605713379919126 0.0025234081884205153 0.9999954970049958 -0.3355708239897979 -0.19818995299834796 -0.7266191238864366
FixedParameters: 0 0 0
#Transform 107
Transform: MatrixOffsetTransformBase_double_3_3
Parameters: 0.9999991709371474 -0.000987260598438992 0.0009238620695562464 0.0009897393874960425 0.9999974715237938 -0.0018840864622800043 -0.0009221364092127001 0.0018849112349662552 0.9999975967277461 -0.33209519017955813 -0.23396717268889233 -0.7086550871362363
FixedParameters: 0 0 0
#Transform 108
Transform: MatrixOffsetTransformBase_double_3_3
Parameters: 0.9999987252533984 -0.0011948263633563137 0.0013599127109009067 0.001196172211580868 0.9999980123752794 -0.0015983756146883495 -0.0013570883024296549 0.0016006237920634567 0.99999759607121 -0.32306574663294896 -0.28982655351379094 -0.7272722680237251
FixedParameters: 0 0 0
#Transform 109
Transform: MatrixOffsetTransformBase_double_3_3
Parameters: 0.9999996947733023 -0.0007432480343771881 0.000867503574958306 0.0007447524517909591 0.999997362019211 -0.0020203537537250823 -0.0008664963233508033 0.0020216438512223674 0.9999971638662883 -0.30918228716588203 -0.19937857008990534 -0.7000165281276765
FixedParameters: 0 0 0
#Transform 110
Transform: MatrixOffsetTransformBase_double_3_3
Parameters: 0.9999984347213914 -0.0009862852761500739 0.0012613418984083141 0.0009887139371457707 0.9999981766014979 -0.00135875445812615 -0.0012606568836915821 0.0013602449345098062 0.9999985616363387 -0.30555221475492544 -0.26349650819643955 -0.6642999265576321
FixedParameters: 0 0 0
#Transform 111
Transform: MatrixOffsetTransformBase_double_3_3
Parameters: 0.9999994219582632 -0.0007522984513300925 0.0010062750728963023 0.00075370207411247 0.9999985684297874 -0.0016922434902541278 -0.0010047261640329425 0.0016927577755407894 0.99999812440754 -0.3010325361629498 -0.24459554399003025 -0.7172113665434381
FixedParameters: 0 0 0
#Transform 112
Transform: MatrixOffsetTransformBase_double_3_3
Parameters: 0.9999992504258741 -0.0007974628245743917 0.001055164021075143 0.0007995366948359441 0.9999982380897464 -0.0014571576337737608 -0.0010538363919077051 0.0014578416718600304 0.9999987637208128 -0.31579270444684937 -0.21797946337025564 -0.7043465720905289
FixedParameters: 0 0 0
#Transform 113
Transform: MatrixOffsetTransformBase_double_3_3
Parameters: 0.9999983282274524 -0.0014779510551238097 0.0006982223730555862 0.0014790469351021339 0.9999975535231745 -0.0015029684068004299 -0.0006957765213358247 0.0015040294368112443 0.9999982536775217 -0.35825934683549576 -0.3020659261804468 -0.7671537966943021
FixedParameters: 0 0 0
#Transform 114
Transform: MatrixOffsetTransformBase_double_3_3
