#Insight Transform File V1.0
#Transform 0
Transform: MatrixOffsetTransformBase_double_3_3
Parameters: 0.9999969499556641 0.0009734427573207132 0.002258856943515177 -0.000972017158735223 0.9999992895515912 -0.0007713272301183433 -0.0022594762946832846 0.0007696741959168085 0.9999974730607566 0.25629112960568534 -0.2033533883273435 -0.18199507546536609
FixedParameters: 0 0 0
#Transform 1
Transform: MatrixOffsetTransformBase_double_3_3
Parameters: 0.9999961599629759 0.0009575622189710552 0.002433515350489737 -0.0009560972146182954 0.9999997170682791 -0.0005074540158797325 -0.0024345429689138598 0.0005045452238894785 0.9999969308222568 0.27158426006346303 -0.2619835253648688 -0.16554125914723272
FixedParameters: 0 0 0
#Transform 2
Transform: MatrixOffsetTransformBase_double_3_3
Parameters: 0.999997398316053 0.0007197764248994883 0.002254796279115301 -0.0007172724239656547 0.999999350228945 -0.0010117457540211802 -0.0022553695092616907 0.0010102542086408706 0.9999970038417467 0.25383046675850096 -0.14828907887937248 -0.26598758622212415
FixedParameters: 0 0 0
#Transform 3
Transform: MatrixOffsetTransformBase_double_3_3
Parameters: 0.9999970068094279 0.0006819747386531257 0.00255517980050528 -0.0006793235281042957 0.999999580620117 -0.0009219242599041375 -0.002555553930097253 0.0009200763581777294 0.9999967297033998 0.2670294482242497 -0.1665642410708017 -0.21944130135999274
FixedParameters: 0 0 0
#Transform 4
Transform: MatrixOffsetTransformBase_double_3_3
Parameters: 0.999996990551347 0.0010531757841285832 0.002429039827058197 -0.0010523966682781396 0.999999380594701 -0.0005846874072133329 -0.002429388802775064 0.000582314603429418 0.9999969290095069 0.2778692171262378 -0.24224858890458734 -0.17568304948936486
FixedParameters: 0 0 0
#Transform 5
Transform: MatrixOffsetTransformBase_double_3_3
Parameters: 0.9999974612859227 0.0006621289756783024 0.0020250230276654853 -0.0006599762418025895 0.9999993721153776 -0.0010394649408966145 -0.0020255170688411404 0.001038536441407903 0.999997930124376 0.26337837812398845 -0.12659148127643505 -0.24648449565555097
FixedParameters: 0 0 0
#Transform 6
Transform: MatrixOffsetTransformBase_double_3_3
Parameters: 0.9999966612627098 0.0005509307611817447 0.0024565230497409015 -0.0005485802012511896 1.0000001811577865 -0.0006824719338564544 -0.0024573316733299123 0.0006805266654031569 0.9999965512203042 0.26876311140803466 -0.21069184425203957 -0.20317797263292903
FixedParameters: 0 0 0
#Transform 7
Transform: MatrixOffsetTransformBase_double_3_3
Parameters: 0.999997356834378 0.0006456587180057003 0.0022859362111759493 -0.0006444278298406695 0.9999992976109067 -0.0004886555938246676 -0.0022866244353250335 0.0004863438413729923 0.9999975839111073 0.27662124367243734 -0.24290420879934516 -0.17229434266725718
FixedParameters: 0 0 0
#Transform 8
Transform: MatrixOffsetTransformBase_double_3_3
Parameters: 0.9999963239594792 0.0006220747859564642 0.002700027732498767 -0.0006198482323477803 0.9999998777027181 -0.0007938617168785564 -0.002700132951227361 0.0007921391385629015 0.9999961885556163 0.2676635163079055 -0.13320259634895137 -0.2520433671956539
FixedParameters: 0 0 0
#Transform 9
Transform: MatrixOffsetTransformBase_double_3_3
Parameters: 0.999996925492834 0.0006540213832626721 0.00215594288711833 -0.000651545224002079 0.9999998501237503 -0.0008205293463113689 -0.0021560738668915586 0.0008184706848461815 0.9999977322068653 0.26237982199646126 -0.22515088443032027 -0.15772185903992408
FixedParameters: 0 0 0
#Transform 10
Transform: MatrixOffsetTransformBase_double_3_3
Parameters: 0.9999979254880049 0.0006541427381478143 0.0021559083120833867 -0.000651425103336627 0.9999997552032925 -0.0008765291667416006 -0.0021561124038601046 0.0008744705026430058 0.9999976372825038 0.26254647413482246 -0.16590578792292376 -0.21070343873893194
FixedParameters: 0 0 0
#Transform 11
Transform: MatrixOffsetTransformBase_double_3_3
Parameters: 0.9999977552681071 0.00021734729118212936 0.0022797231267043675 -0.0002159949862872762 0.999999638662324 -0.0005156749417709813 -0.002280005820804389 0.0005153247329313659 0.9999975851247286 0.25724217039412167 -0.13508722608641222 -0.21336942663620562
FixedParameters: 0 0 0
#Transform 12
Transform: MatrixOffsetTransformBase_double_3_3
Parameters: 0.9999977134644223 0.0006185467348964081 0.002214312646640887 -0.0006179549135684614 0.9999993775148337 -0.00035949445710678485 -0.002214815856587165 0.0003585052646219791 0.9999970781875835 0.27292993814775457 -0.20155560981326914 -0.13078303838720728
FixedParameters: 0 0 0
#Transform 13
Transform: MatrixOffsetTransformBase_double_3_3
Parameters: 0.9999963442350349 0.00056489656025945 0.0027088499588779854 -0.0005637993642192688 0.9999992384503005 -0.0005827732240638525 -0.002708627233361032 0.0005812281913494324 0.9999964283347857 0.2653668273509737 -0.14920837586223 -0.17928422909946562
FixedParameters: 0 0 0
#Transform 14
Transform: MatrixOffsetTransformBase_double_3_3
Parameters: 0.9999972356360478 0.00022402883112176934 0.0023904327157710844 -0.00022321845916444666 0.9999998726118389 -0.00016971521608073747 -0.002390508523625637 0.00016928383705775568 0.9999973055638169 0.2599680043898758 -0.14720481348562942 -0.14097738369216017
FixedParameters: 0 0 0
#Transform 15
Transform: MatrixOffsetTransformBase_double_3_3
Parameters: 0.9999960412219787 0.0007505292882215205 0.002719785039434182 -0.0007485135204708357 1.0000000111383185 -0.0005662230852751526 -0.002719693065732887 0.0005637767905777025 0.9999963916327582 0.2771082070083537 -0.21257974855522832 -0.12036393241916699
FixedParameters: 0 0 0
#Transform 16
Transform: MatrixOffsetTransformBase_double_3_3
Parameters: 0.9999971282941248 0.00048804583273349186 0.0023738623246970657 -0.00048713091552030297 0.9999995409657979 -0.0004163386821628007 -0.0023733285771477225 0.00041466175598343924 0.9999972420473399 0.23943010766143402 -0.11723951992223647 -0.22236642861798828
FixedParameters: 0 0 0
#Transform 17
Transform: MatrixOffsetTransformBase_double_3_3
Parameters: 0.9999973216437305 0.0006445802441037027 0.0022940941701319493 -0.0006435616008233843 0.999999428035872 -0.00022266168799218305 -0.0022943801367166323 0.00022133710093442255 0.9999977950402913 0.2607734991926094 -0.1923252091478247 -0.14033637000390797
FixedParameters: 0 0 0
#Transform 18
Transform: MatrixOffsetTransformBase_double_3_3
Parameters: 0.999997276824188 0.0004852568157185821 0.0023423561878193654 -0.0004866092866952798 0.999999185961975 0.0007266808597792968 -0.0023425287800744278 -0.0007283196509333331 0.9999970323479807 0.26492928443984454 -0.20429773517714978 -0.12081468167907872
FixedParameters: 0 0 0
#Transform 19
Transform: MatrixOffsetTransformBase_double_3_3
Parameters: 0.9999978023116955 0.000157568444660855 0.002274456122654403 -0.00015821912226599377 0.9999997950132233 0.0003624600543935333 -0.002274282342647869 -0.0003625405180166866 0.9999977444854657 0.2601779700232072 -0.11394295403832189 -0.164633806524364
FixedParameters: 0 0 0
#Transform 20
Transform: MatrixOffsetTransformBase_double_3_3
Parameters: 0.9999977499054474 0.0006488943656259465 0.002197681238689209 -0.0006497551060656645 0.9999992880790672 0.0004224473756850797 -0.0021970726022361655 -0.00042355187836350117 0.999997103968445 0.2604399998281508 -0.21095587281169514 -0.10752384086332256
FixedParameters: 0 0 0
#Transform 21
Transform: MatrixOffsetTransformBase_double_3_3
Parameters: 0.9999966086711904 0.0006215799043337013 0.002646982309439482 -0.0006226957802997207 1.0000001593474375 0.0005871698298392167 -0.0026461320594297444 -0.0005888321613705255 0.9999967578336157 0.26147494602524546 -0.12406448438939321 -0.22205770736051988
FixedParameters: 0 0 0
#Transform 22
Transform: MatrixOffsetTransformBase_double_3_3
Parameters: 0.9999976938675733 0.0006458914527758202 0.00221130958330588 -0.000648161982706016 0.9999984250845182 0.0014294440691191984 -0.0022102200971215566 -0.0014305557979222838 0.9999961789759035 0.2561003621326563 -0.1278584889079042 -0.18976626532180774
FixedParameters: 0 0 0
#Transform 23
Transform: MatrixOffsetTransformBase_double_3_3
Parameters: 0.9999983287107349 0.0006720508163536428 0.0017947674525030403 -0.0006735186661022014 0.9999995594847766 0.000964730466868971 -0.0017933496894203173 -0.0009662699388117008 0.9999979048430133 0.24903874975676388 -0.17387266273958346 -0.13651829120547632
FixedParameters: 0 0 0
#Transform 24
Transform: MatrixOffsetTransformBase_double_3_3
Parameters: 0.9999975003263601 0.0006438101523159891 0.00225506007793441 -0.0006460231520267715 0.9999991084871966 0.0011674208179263332 -0.0022543738701401787 -0.0011685799070074096 0.9999966633856284 0.23979828921770263 -0.08814646616269783 -0.18482864271817334
FixedParameters: 0 0 0
#Transform 25
Transform: MatrixOffsetTransformBase_double_3_3
Parameters: 0.9999980300012481 0.0005567622760664655 0.002158532274160124 -0.0005591916331088289 0.9999994977706412 0.001038670563047281 -0.0021582524237994576 -0.001039330106053192 0.9999973731846259 0.2693021777645299 -0.17604833787821406 -0.14254412955619955
FixedParameters: 0 0 0
#Transform 26
Transform: MatrixOffsetTransformBase_double_3_3
Parameters: 0.999997732042528 0.0006467707482076623 0.0022022290971360926 -0.0006493489595784991 0.9999988328062389 0.0012784475691194272 -0.0022013916775774035 -0.001279552258961661 0.9999966275488166 0.2543886899587875 -0.07594750038552434 -0.22810445629676224
FixedParameters: 0 0 0
#Transform 27
Transform: MatrixOffsetTransformBase_double_3_3
Parameters: 0.999998520767865 0.0006739458981264554 0.001739443433596665 -0.0006772083104075444 0.9999981882344277 0.0018157624030918224 -0.001737809376984671 -0.0018172369981300576 0.9999967331788336 0.24873669587530856 -0.1230357224901013 -0.178430327086204
FixedParameters: 0 0 0
#Transform 28
Transform: MatrixOffsetTransformBase_double_3_3
Parameters: 0.9999983964403258 0.000671463032953971 0.0017754821552079937 -0.0006743646241262072 0.9999975888975462 0.001974742125127091 -0.0017745827216137033 -0.001976256455011302 0.9999960023307258 0.24309617065381417 -0.1449980320005011 -0.1863480654627665
FixedParameters: 0 0 0
#Transform 29
Transform: MatrixOffsetTransformBase_double_3_3
Parameters: 0.9999975004370077 0.000641150939721033 0.002255817400844235 -0.0006456284820574114 0.9999969662571211 0.0023464239881578405 -0.0022544379627769022 -0.0023475767223582605 0.9999945173299227 0.25146468029841174 -0.07521219583567529 -0.21144667254928606
FixedParameters: 0 0 0
#Transform 30
Transform: MatrixOffsetTransformBase_double_3_3
Parameters: 0.9999976931917376 0.0007518098163782342 0.0019347270849458752 -0.00075549196423454 0.9999973206338194 0.0019994168893999673 -0.0019324734868943032 -0.0020005822923372663 0.9999963725431756 0.25561425884359323 -0.14717315844340817 -0.17597664004786395
FixedParameters: 0 0 0
#Transform 31
Transform: MatrixOffsetTransformBase_double_3_3
Parameters: 0.999998210812094 0.0006667705904876231 0.0018289105126788417 -0.0006717727975934533 0.9999957864169579 0.002765708882563854 -0.0018269080399232554 -0.0027662880975599866 0.9999941228480955 0.24778577014124892 -0.06960840141891822 -0.27198123392393825
FixedParameters: 0 0 0
#Transform 32
Transform: MatrixOffsetTransformBase_double_3_3
Parameters: 0.9999985266257216 0.0006736524562316275 0.001737609122846254 -0.0006766821159789239 0.9999972668933839 0.002054705917305659 -0.0017365927578133023 -0.0020562954303184264 0.9999968095531618 0.2648570332611939 -0.16037800133688052 -0.16508547094808534
FixedParameters: 0 0 0
#Transform 33
Transform: MatrixOffsetTransformBase_double_3_3
Parameters: 0.9999979623149791 0.0008666580582198111 0.0018130011013025174 -0.0008715073331210069 0.9999970140610517 0.0024723608523304352 -0.001810461859277514 -0.0024736424208023494 0.9999957167572024 0.26787941668339954 -0.09225980996534133 -0.19600173393692444
FixedParameters: 0 0 0
#Transform 34
Transform: MatrixOffsetTransformBase_double_3_3
Parameters: 0.9999984359702209 0.0006702471478424858 0.0017652223009018287 -0.000674887139018892 0.9999952107771196 0.0030457511905707738 -0.001762764974381322 -0.003047249444495921 0.999993662807084 0.2601010419423915 -0.05661344106394495 -0.2386884957024762
FixedParameters: 0 0 0
#Transform 35
Transform: MatrixOffsetTransformBase_double_3_3
Parameters: 0.9999983854060068 0.0004008672131334248 0.0015664741439891518 -0.00040378793181470305 0.9999981438873552 0.0019073073541764768 -0.0015657595821655672 -0.0019076929780329627 0.9999969643940791 0.2686560744446638 -0.14095891054674325 -0.1334685025480553
FixedParameters: 0 0 0
#Transform 36
Transform: MatrixOffsetTransformBase_double_3_3
Parameters: 0.9999974608091428 0.0007268803883327828 0.0020025123927688796 -0.0007343062597457223 0.9999938220029924 0.0033954124814255873 -0.002000189064100095 -0.003396587716184514 0.9999925730809076 0.26702582366391425 -0.017607628120174468 -0.2794246402795295
FixedParameters: 0 0 0
#Transform 37
Transform: MatrixOffsetTransformBase_double_3_3
Parameters: 0.9999986910120594 0.0006756039701653111 0.001689123523852911 -0.0006795443890232418 0.9999963001087072 0.002679794310833851 -0.0016871909852813477 -0.0026812074573662956 0.9999950207003451 0.2654060867137531 -0.11148837491909092 -0.19047523858506565
FixedParameters: 0 0 0
#Transform 38
Transform: MatrixOffsetTransformBase_double_3_3
Parameters: 0.9999976175010004 0.0006560486205254494 0.0019878857041372242 -0.0006615804442582234 0.999994246535377 0.003194565139332174 -0.0019862554403195314 -0.003195434244994834 0.9999929548433681 0.26617146822705706 -0.0853597169657121 -0.23511776231352144
FixedParameters: 0 0 0
#Transform 39
Transform: MatrixOffsetTransformBase_double_3_3
Parameters: 0.9999988233895749 0.0006769599360299738 0.001648689424827643 -0.0006819953179458902 0.9999939259846812 0.0033988177887397386 -0.001646708521899676 -0.0034001823818802304 0.9999927841185516 0.2442780536069762 -0.06446430241017254 -0.24472338182290798
FixedParameters: 0 0 0
#Transform 40
Transform: MatrixOffsetTransformBase_double_3_3
Parameters: 0.9999982741915253 0.0006865110632688433 0.0015018243623666299 -0.0006909338707855487 0.9999943797973512 0.003175902508496163 -0.0014991488382211774 -0.003177094792510146 0.9999937140335978 0.2599569926723575 -0.11935503028078642 -0.21893987520502378
FixedParameters: 0 0 0
#Transform 41
Transform: MatrixOffsetTransformBase_double_3_3
Parameters: 0.9999977791720944 0.00033602744289681766 0.0017628207434712045 -0.00034314426861522266 0.9999915471763017 0.004035280096287161 -0.0017616612680337236 -0.004035720807422989 0.9999906613126442 0.22546147311132358 -0.007508762989132833 -0.3286012309011568
FixedParameters: 0 0 0
#Transform 42
Transform: MatrixOffsetTransformBase_double_3_3
Parameters: 0.9999981267652905 0.000682994641563677 0.0015518995205201576 -0.0006875206113549637 0.9999937132258853 0.0034288745642368224 -0.0015488399562944277 -0.0034301248170284238 0.9999928905148205 0.24901098771483987 -0.08366053467993595 -0.23695493960107683
FixedParameters: 0 0 0
#Transform 43
Transform: MatrixOffsetTransformBase_double_3_3
Parameters: 0.9999984600161986 0.0006705093177022781 0.0017583018125923956 -0.0006754546170460737 0.9999945972137796 0.0031447531050404973 -0.0017557087074712243 -0.003146243417507917 0.9999930744066332 0.26791690846903293 -0.11006092656833744 -0.21246765203454743
FixedParameters: 0 0 0
#Transform 44
Transform: MatrixOffsetTransformBase_double_3_3
Parameters: 0.9999986790106299 0.00048635686422735 0.0017564608858937787 -0.0004941818480130583 0.9999906151094776 0.004253018181968007 -0.0017538714710556179 -0.004253983042668358 0.9999898791778888 0.2474250570045058 -0.00029908998926941877 -0.3142092910303518
FixedParameters: 0 0 0
#Transform 45
Transform: MatrixOffsetTransformBase_double_3_3
Parameters: 0.9999987008745514 0.0006754928239681845 0.0016862473991201487 -0.0006800103608128655 0.9999953253600036 0.0028557930148753533 -0.00168407533993644 -0.0028572027013573087 0.9999940562957785 0.26374628813188394 -0.0914331349036388 -0.1822309233404269
FixedParameters: 0 0 0
#Transform 46
Transform: MatrixOffsetTransformBase_double_3_3
Parameters: 0.9999984232145692 0.00032844385426249596 0.0015713212126906408 -0.0003323951361609024 0.9999963453748169 0.0025474162807785986 -0.001570398735948981 -0.0025475798071285527 0.9999950983080838 0.27119762485631327 -0.06008045793049632 -0.12117187814028796
FixedParameters: 0 0 0
#Transform 47
Transform: MatrixOffsetTransformBase_double_3_3
Parameters: 0.9999988326730989 0.0001746022176653573 0.001461657828415476 -0.00017866302457719197 0.9999962096983062 0.0027756797358354235 -0.0014614383544883365 -0.0027753214876506116 0.9999952161330848 0.2419620264137592 0.03180214013916327 -0.18476955154785912
FixedParameters: 0 0 0
#Transform 48
Transform: MatrixOffsetTransformBase_double_3_3
Parameters: 0.9999989305038292 -0.000172700883488898 0.0014280492792691046 0.0001693234310484292 0.9999963178643609 0.0025801834872398316 -0.0014286944791487772 -0.0025798133510734067 0.9999952998188292 0.26453412462943504 -0.07081999038902609 -0.14111518466170025
FixedParameters: 0 0 0
#Transform 49
Transform: MatrixOffsetTransformBase_double_3_3
Parameters: 0.9999982901154968 0.0003788508876059468 0.0016017427765914409 -0.0003835434348728407 0.9999954323152339 0.0030603279416459017 -0.0016011094112768722 -0.0030606742996419217 0.999994124416297 0.27460144864910774 0.007100168636242188 -0.17274083551259878
FixedParameters: 0 0 0
#Transform 50
Transform: MatrixOffsetTransformBase_double_3_3
Parameters: 0.9999997563707915 -0.0000475583011447149 0.0011142026330011351 0.00004476561898228053 0.9999957258211086 0.003045052094973119 -0.0011142465340393828 -0.003044949224543167 0.9999944864469699 0.257216256706144 0.018593413050723484 -0.16137266281999985
FixedParameters: 0 0 0
#Transform 51
Transform: MatrixOffsetTransformBase_double_3_3
Parameters: 0.9999988188006202 0.00036411968515856865 0.0014315937371994424 -0.0003684648909569859 0.9999950252220869 0.0032834729923686343 -0.0014298899941574397 -0.003283528169190919 0.9999932307608027 0.26368604861180245 -0.02485091084865587 -0.16700742785994294
FixedParameters: 0 0 0
#Transform 52
Transform: MatrixOffsetTransformBase_double_3_3
Parameters: 0.99999969617107 0.0003897498967267589 0.001073424205058303 -0.0003934018485452203 0.9999950747728158 0.0031255784262339895 -0.0010717963844834807 -0.003126418445303529 0.9999940776020992 0.25737758073562134 0.028836408397111768 -0.15664309731687354
FixedParameters: 0 0 0
#Transform 53
Transform: MatrixOffsetTransformBase_double_3_3
Parameters: 0.9999994283943666 0.0005313208519836795 0.0011352974955365811 -0.00053497779220059 0.9999957552547795 0.002983392402362374 -0.001133934747254307 -0.002983609277831173 0.9999948705436148 0.2620816489707778 0.00288023259820136 -0.14511833679895858
FixedParameters: 0 0 0
#Transform 54
Transform: MatrixOffsetTransformBase_double_3_3
Parameters: 0.9999990297045817 0.0007046435667435214 0.0012143070708504774 -0.0007079617824028626 0.9999950630062766 0.003062138701638538 -0.001211740207201088 -0.0030628592643490923 0.9999942088389555 0.2449248154126451 0.035839030960204354 -0.17104671691451756
FixedParameters: 0 0 0
#Transform 55
Transform: MatrixOffsetTransformBase_double_3_3
Parameters: 0.9999996576917893 0.0007250563570845386 0.000904046116485905 -0.0007263755690939276 0.9999979228397863 0.0018683407565175114 -0.0009022137387234402 -0.0018686586233038066 0.9999977522601864 0.2274898481797294 -0.04835494827867137 -0.032805510487435185
FixedParameters: 0 0 0
#Transform 56
Transform: MatrixOffsetTransformBase_double_3_3
Parameters: 0.9999997165146153 0.0007264201031294344 0.0008697606474778497 -0.0007281052623019474 0.999995842431102 0.0027613677485032323 -0.0008675617987781173 -0.002762631239805781 0.999995616764428 0.20613034295301702 0.009295526500082474 -0.1054049758487281
FixedParameters: 0 0 0
#Transform 57
Transform: MatrixOffsetTransformBase_double_3_3
Parameters: 0.999999174517775 0.0005763954254797101 0.00070224980915582 -0.0005784338024172436 0.9999958428045285 0.002960593935826157 -0.0007007087951121229 -0.0029604110593899266 0.9999958025362732 0.20599936321484336 -0.01909601971551922 -0.10032294605568381
FixedParameters: 0 0 0
#Transform 58
Transform: MatrixOffsetTransformBase_double_3_3
Parameters: 0.9999994390053485 0.0007166156524058182 0.0010236372922735148 -0.0007196438293731782 0.9999954040518545 0.0030032627692603425 -0.0010211420344400813 -0.0030037382234777074 0.9999949928782975 0.22273063197347653 -0.07378928593220735 -0.1536251855381181
FixedParameters: 0 0 0
#Transform 59
Transform: MatrixOffsetTransformBase_double_3_3
Parameters: 0.9999988741019705 0.0007926404529237333 0.001223977799611049 -0.0007971785982402378 0.9999899180081675 0.004403023435723331 -0.0012206141158391305 -0.004403973707727764 0.9999891742734148 0.20518752627631898 -0.005709589083409128 -0.24736551105083038
FixedParameters: 0 0 0
#Transform 60
Transform: MatrixOffsetTransformBase_double_3_3
Parameters: 0.9999987037271654 0.0009992161633295658 0.0011392107538239881 -0.0010033992490059394 0.999992259234689 0.0036978545860800946 -0.0011355597847911138 -0.0036991393751857615 0.9999920866013796 0.23305564013118385 -0.15683418095679258 -0.16194559868607428
FixedParameters: 0 0 0
#Transform 61
Transform: MatrixOffsetTransformBase_double_3_3
Parameters: 0.9999985415680198 0.000774296312581403 0.0013633727713213948 -0.0007809482900673672 0.999988967785704 0.004728939476040521 -0.0013596543152281507 -0.0047300640097732854 0.9999878371478216 0.2349581049997056 -0.04640774596670383 -0.28626466104597625
FixedParameters: 0 0 0
#Transform 62
Transform: MatrixOffsetTransformBase_double_3_3
Parameters: 0.9999982143336378 0.0009256699624403171 0.0013885982086466232 -0.0009310833972418309 0.9999902950354946 0.004216649492947436 -0.0013854026730739989 -0.004218350260262772 0.9999903445038288 0.23609287918736754 -0.06824543005684802 -0.2310371414440482
FixedParameters: 0 0 0
#Transform 63
Transform: MatrixOffsetTransformBase_double_3_3
Parameters: 0.9999985011013697 0.0010379533321662508 0.0011927157634830242 -0.0010425240469113006 0.9999890604170283 0.004559758527639443 -0.0011878630477222965 -0.004561241944780997 0.9999888441193863 0.25938468523121117 -0.13520176911110582 -0.20075205818402253
FixedParameters: 0 0 0
#Transform 64
Transform: MatrixOffsetTransformBase_double_3_3
Parameters: 0.9999988610974326 0.00026854958906403104 0.0017514205292702546 -0.00027980069082065694 0.9999791103930017 0.006384395933057639 -0.0017492636511335106 -0.006384599586744047 0.9999782261578728 0.26137014669403413 0.04231949337203389 -0.4053956709743005
FixedParameters: 0 0 0
#Transform 65
Transform: MatrixOffsetTransformBase_double_3_3
Parameters: 0.9999985659667797 0.0009617138119050884 0.0012286253759774624 -0.0009682740068044972 0.9999855570362987 0.005238809704294592 -0.0012231484841572638 -0.005240182705130679 0.9999851038397295 0.275951431848128 -0.15809579127051165 -0.23259091579507185
FixedParameters: 0 0 0
#Transform 66
Transform: MatrixOffsetTransformBase_double_3_3
Parameters: 0.9999993128828147 0.0009495741469964715 0.0008861724674232997 -0.0009528690282857654 0.9999906497136428 0.004287213925216242 -0.0008827696825816579 -0.0042877852167073 0.9999898976762496 0.29398139090851316 -0.18983946030702725 -0.185552665181703
FixedParameters: 0 0 0
#Transform 67
Transform: MatrixOffsetTransformBase_double_3_3
Parameters: 0.9999986119140534 0.0010548535211636978 0.0015082283323027154 -0.0010633069093210522 0.9999852966941563 0.005245341303739805 -0.0015026896092438348 -0.005247655571050898 0.9999852632866589 0.29630584556767303 -0.07486150271137149 -0.2499207872992173
FixedParameters: 0 0 0
#Transform 68
Transform: MatrixOffsetTransformBase_double_3_3
Parameters: 0.9999992381917048 0.0005080217289020517 0.0007094696306673098 -0.0005127945027066182 0.9999842559099444 0.005610639085949533 -0.0007065585818154026 -0.0056113618443345 0.9999840151268772 0.29164192628670094 -0.04762353268752406 -0.2593809983964235
FixedParameters: 0 0 0
#Transform 69
Transform: MatrixOffsetTransformBase_double_3_3
Parameters: 0.9999990409310049 0.0004316022797203718 0.0008790133567205638 -0.00043680968492540667 0.9999828179238754 0.005910618820733064 -0.0008765787508967223 -0.005910388148352576 0.999982354318626 0.32860594257006426 -0.19058795100855264 -0.24405614502437345
FixedParameters: 0 0 0
#Transform 70
Transform: MatrixOffsetTransformBase_double_3_3
Parameters: 0.9999995206429513 0.00026181327550028205 0.0006413981685634 -0.00026516753367288054 0.9999834756276879 0.005783833075271694 -0.0006391110863045163 -0.0057841704797231205 0.9999831351150841 0.32690235109512855 -0.1212045095032721 -0.24400746822645658
FixedParameters: 0 0 0
#Transform 71
Transform: MatrixOffsetTransformBase_double_3_3
Parameters: 0.9999990488183029 0.0002151677658089273 0.0009511342475689577 -0.0002208473030135348 0.9999805156136096 0.006199734212773228 -0.0009500715720768036 -0.006200267095856388 0.9999806524394563 0.2963465591431458 0.003786522424647387 -0.31427304132623135
FixedParameters: 0 0 0
#Transform 72
Transform: MatrixOffsetTransformBase_double_3_3
Parameters: 0.9999992689627641 -0.00011164886672848184 0.0008475135195251158 0.00010631946121950723 0.9999809640867005 0.006085030738282274 -0.0008485433444171874 -0.006084964294500887 0.9999812497573832 0.3298704457655788 -0.14830635106075363 -0.2621186823167676
FixedParameters: 0 0 0
#Transform 73
Transform: MatrixOffsetTransformBase_double_3_3
Parameters: 0.9999996296736173 0.00012122701082082186 0.0011644015925289242 -0.0001281533068286804 0.9999818984203783 0.006002793880319171 -0.001163487767524539 -0.006002209584589913 0.9999816705464658 0.34971308537062384 -0.13442065873296372 -0.24046111450461183
FixedParameters: 0 0 0
#Transform 74
Transform: MatrixOffsetTransformBase_double_3_3
Parameters: 0.999999924681117 0.00019215888372045854 0.0010189076114521683 -0.00019873780128042823 0.9999778163088913 0.006718803246824806 -0.0010178624871937734 -0.0067192013319507735 0.999976817376111 0.3009958635458645 -0.0023201690700034305 -0.3351524716141938
FixedParameters: 0 0 0
#Transform 75
Transform: MatrixOffsetTransformBase_double_3_3
Parameters: 0.9999996039346842 -0.00025952055397233037 0.0005730715643475649 0.0002554945902283139 0.9999759604979086 0.006930149710281809 -0.000575405466055891 -0.006930846927676676 0.9999755786368842 0.3262250156106461 -0.1375573825392138 -0.2928553626905597
FixedParameters: 0 0 0
#Transform 76
Transform: MatrixOffsetTransformBase_double_3_3
Parameters: 1.0000000889685943 -0.0004099377427110076 0.0008617570705550899 0.0004039014585747559 0.9999763451281759 0.006895354696138459 -0.0008650166560340421 -0.006895644992518948 0.9999756468499694 0.32405564334999326 -0.07995224414275981 -0.30635943609860306
FixedParameters: 0 0 0
#Transform 77
Transform: MatrixOffsetTransformBase_double_3_3
Parameters: 0.9999992419374798 0.00023485679540814067 0.0008384404311386074 -0.00024063322886520044 0.9999745517445163 0.007094792367385305 -0.0008367076664384316 -0.00709419766384245 0.9999740251178723 0.3299896950787655 -0.03659303675925685 -0.3199163601210273
FixedParameters: 0 0 0
#Transform 78
Transform: MatrixOffsetTransformBase_double_3_3
Parameters: 0.9999996516116866 0.00015264705371585523 0.0005703329041161951 -0.0001563252303255103 0.9999769393913736 0.006784910594019575 -0.0005689975102995908 -0.006785086605598782 0.9999766387216104 0.3277468999356472 -0.11840360316112708 -0.281409319129196
FixedParameters: 0 0 0
#Transform 79
Transform: MatrixOffsetTransformBase_double_3_3
Parameters: 0.9999994190906482 0.0001515750727904046 0.0007467599026495975 -0.00015643249165529297 0.9999730265410745 0.0073448835523959866 -0.0007461382105238187 -0.007345113464156949 0.999972493050516 0.3037405115040599 -0.049628231620744145 -0.3319015798726923
FixedParameters: 0 0 0
#Transform 80
Transform: MatrixOffsetTransformBase_double_3_3
Parameters: 0.99999968120973 0.00016222996137448074 0.000541041772386422 -0.00016627096396070804 0.9999718571719789 0.007490909173427145 -0.0005393419382200227 -0.007491086628567595 0.9999715923237844 0.2999449836121073 0.010682407471463762 -0.34994652753212563
FixedParameters: 0 0 0
#Transform 81
Transform: MatrixOffsetTransformBase_double_3_3
Parameters: 0.9999994624922323 0.0002711914146489854 0.0006806115268115089 -0.000277127520948388 0.9999726894243313 0.007431817067095649 -0.0006792938757322817 -0.0074321899002881275 0.9999723022278857 0.31955299099811896 -0.15076721927167114 -0.3178822179026355
FixedParameters: 0 0 0
#Transform 82
Transform: MatrixOffsetTransformBase_double_3_3
Parameters: 0.9999993605379903 -0.00012106272188264225 0.0007906807566219634 0.00011516576425334025 0.9999720797499433 0.007477091760845343 -0.0007910929713903493 -0.007476904927632415 0.9999714681741493 0.32106380161002335 -0.05199175634457731 -0.3292618690107503
FixedParameters: 0 0 0
#Transform 83
Transform: MatrixOffsetTransformBase_double_3_3
Parameters: 0.9999990883302327 -0.00019605492826593168 0.0009349689678054 0.00018856129395980136 0.9999700655256926 0.00767812092067989 -0.0009355106335484428 -0.007678872577517995 0.9999701023653507 0.3142591912557151 -0.028916882667076038 -0.3494653388516298
FixedParameters: 0 0 0
#Transform 84
Transform: MatrixOffsetTransformBase_double_3_3
Parameters: 0.9999981305799004 0.0006796977157452167 0.001551408114881049 -0.0006878894135660999 0.9999836415020112 0.0056368734656322625 -0.0015481564107846977 -0.0056371254144384 0.9999829369959482 0.333196539821742 -0.13004731331658093 -0.15692149008125966
FixedParameters: 0 0 0
#Transform 85
Transform: MatrixOffsetTransformBase_double_3_3
Parameters: 0.999999274784794 0.0007112531340514529 0.0011046825419276656 -0.0007143985486482402 0.9999946743221803 0.0032882147052942373 -0.0011017528079741341 -0.003289787514353923 0.9999939653458764 0.31774416254026505 -0.12469077869891976 -0.10441041636583748
FixedParameters: 0 0 0
#Transform 86
Transform: MatrixOffsetTransformBase_double_3_3
Parameters: 0.9999989147320044 0.0007003409765938745 0.0012629407638181218 -0.000705514193206814 0.9999916407108944 0.004099110355145874 -0.0012598756191544741 -0.00409989075450562 0.9999906620574259 0.3036435809362956 -0.13321582193317738 -0.17718458317376928
FixedParameters: 0 0 0
#Transform 87
Transform: MatrixOffsetTransformBase_double_3_3
Parameters: 0.9999991923294796 0.0008697837839555816 0.0010251783473084997 -0.0008738860103234915 0.9999916116478801 0.004070106418921041 -0.0010218364409235094 -0.0040708981181960535 0.9999914425705239 0.3016860991777861 -0.13558835415383896 -0.18870178175848196
FixedParameters: 0 0 0
#Transform 88
Transform: MatrixOffsetTransformBase_double_3_3
Parameters: 0.9999993576263121 0.0004903246374780596 0.0011842458918464994 -0.0004961111763732814 0.999984784386969 0.005474358887787155 -0.0011814246828566828 -0.005475644090503037 0.9999846214994654 0.2736997235721361 -0.030118096091314328 -0.31122916451018057
FixedParameters: 0 0 0
#Transform 89
Transform: MatrixOffsetTransformBase_double_3_3
Parameters: 0.9999989132253156 -0.0002275242489026852 0.0010173751207437568 0.00022201138412666945 0.999984418412489 0.005620231689704526 -0.0010185476752483527 -0.005620767040562406 0.9999833142635172 0.31216601687115997 -0.18185553889716743 -0.25671454122040416
FixedParameters: 0 0 0
#Transform 90
Transform: MatrixOffsetTransformBase_double_3_3
Parameters: 0.9999988109317843 0.00021144396719838688 0.0014645889287165437 -0.00021868260207321652 0.9999880883910898 0.004879622809597299 -0.00146307320362562 -0.004879377884658968 0.9999871031874505 0.34366441083784594 -0.15667488333657786 -0.2104079924929323
FixedParameters: 0 0 0
#Transform 91
Transform: MatrixOffsetTransformBase_double_3_3
Parameters: 0.9999989564200658 -0.00005003224756781797 0.0014287717276103137 0.000041603988288175656 0.9999840075676519 0.00574401176467669 -0.0014288236359789857 -0.005743999237443356 0.9999829611396934 0.314774018867638 -0.0032671478940216048 -0.34256941460061796
FixedParameters: 0 0 0
#Transform 92
Transform: MatrixOffsetTransformBase_double_3_3
Parameters: 0.9999985438558457 -0.0003177507645866468 0.0018321148328697453 0.00030573633696279277 0.9999799593920138 0.006241448291646849 -0.0018333571947442863 -0.006240542401868311 0.9999786835343103 0.36112313902334847 -0.18227103901259056 -0.3206366732334658
FixedParameters: 0 0 0
#Transform 93
Transform: MatrixOffsetTransformBase_double_3_3
Parameters: 0.9999984379722875 0.0002577359269618803 0.0018695614667548304 -0.00026851647179955163 0.9999855813032099 0.005319385128772926 -0.0018682247692590093 -0.0053196124868003375 0.9999842620705623 0.4102048654321493 -0.21327274196369217 -0.24409187469652238
FixedParameters: 0 0 0
#Transform 94
Transform: MatrixOffsetTransformBase_double_3_3
Parameters: 0.9999984114771749 -0.00032775349861899035 0.0015749286753797475 0.0003183279990317314 0.9999812237416742 0.006138450273655907 -0.0015773030696632781 -0.006137550364129114 0.999979836885115 0.36495582344321065 -0.06985277467255457 -0.34631958893380954
FixedParameters: 0 0 0
#Transform 95
Transform: MatrixOffsetTransformBase_double_3_3
Parameters: 0.9999991357691231 -0.00037773906302188533 0.0013120784286369989 0.00037033214428505425 0.9999804728268997 0.006196430478625177 -0.0013141832849065795 -0.006195566557080513 0.9999798813560162 0.3382024852696759 -0.07249974507402612 -0.31623539204018414
FixedParameters: 0 0 0
#Transform 96
Transform: MatrixOffsetTransformBase_double_3_3
Parameters: 0.9999981846918259 0.00016321573158235936 0.0016702337325067446 -0.0001733591690726254 0.9999813710868594 0.006045597304716571 -0.0016686041150973969 -0.00604540303831777 0.9999807167432618 0.40566967735198034 -0.16463032704393754 -0.27047462109736387
FixedParameters: 0 0 0
#Transform 97
Transform: MatrixOffsetTransformBase_double_3_3
Parameters: 0.9999981540793986 -0.00033198253002649544 0.0016538123770600674 0.00032147236049817553 0.9999807904742477 0.006173477971446829 -0.0016562549018519738 -0.006172514869313472 0.9999791510111787 0.3989682170283828 -0.1077072645019399 -0.28162346598172405
FixedParameters: 0 0 0
#Transform 98
Transform: MatrixOffsetTransformBase_double_3_3
Parameters: 0.9999988327622553 -0.0005015758615965116 0.001707670044886662 0.0004908936156416354 0.9999785524566499 0.0065777940189038625 -0.0017104916803522981 -0.006577209161018262 0.9999767522677683 0.32109487827288774 0.03084985182695732 -0.35636176212587145
FixedParameters: 0 0 0
#Transform 99
Transform: MatrixOffsetTransformBase_double_3_3
Parameters: 0.9999972173310281 -0.0006090415375724767 0.0023266555640922165 0.00059226479721088 0.9999739329895262 0.0071962271086001214 -0.002330298504539017 -0.007194778035991299 0.999971732374005 0.3761002278352237 -0.12515236203712732 -0.32256605210848477
FixedParameters: 0 0 0
#Transform 100
Transform: MatrixOffsetTransformBase_double_3_3
Parameters: 0.9999976440588044 -0.0003839906384545045 0.0020510338628606825 0.00036981281752431687 0.9999746529208691 0.0070866527663966256 -0.0020544875748870154 -0.007085342166720791 0.9999725670120433 0.41652465080848344 -0.09057806807848579 -0.3076552546724969
FixedParameters: 0 0 0
#Transform 101
Transform: MatrixOffsetTransformBase_double_3_3
Parameters: 0.9999979296838128 -0.000867185390925929 0.001821304460380811 0.0008542711658230345 0.9999732799425174 0.007287517559664565 -0.0018280274125348943 -0.0072864807637633075 0.9999714474978746 0.369260673650075 0.027866585912065034 -0.3713559692622539
FixedParameters: 0 0 0
#Transform 102
Transform: MatrixOffsetTransformBase_double_3_3
Parameters: 0.9999975040247516 -0.0004998195309859437 0.0020601998983590408 0.00048453971476374724 0.99997185832172 0.007547906265310864 -0.0020646841050988773 -0.00754710581740968 0.999969714349015 0.40733013138166996 -0.12253022346672537 -0.31028839035363376
FixedParameters: 0 0 0
#Transform 103
Transform: MatrixOffsetTransformBase_double_3_3
Parameters: 0.9999980949037999 0.00009045062500406864 0.0017017316814980559 -0.00010204796041697129 0.9999755277060519 0.006961718589550234 -0.0017016763039737089 -0.006962282972653777 0.9999746270538186 0.42763209416524717 -0.06523542258065618 -0.27897484088769886
FixedParameters: 0 0 0
#Transform 104
Transform: MatrixOffsetTransformBase_double_3_3
Parameters: 0.9999973540080939 -0.000514230193356112 0.0020932796219910524 0.0004980660068186672 0.9999706456688078 0.007626941706509398 -0.0020970563951325494 -0.007626050513543696 0.9999683795675047 0.39721252709937005 0.009137596821787497 -0.37281287845824806
FixedParameters: 0 0 0
#Transform 105
Transform: MatrixOffsetTransformBase_double_3_3
Parameters: 0.9999971830903877 -0.001121766329153259 0.0021349917350364945 0.0011058890534385024 0.9999719056483011 0.0073482645467538785 -0.0021434219874287208 -0.007345721792323623 0.9999703191109839 0.4495551500529871 -0.10636281981980744 -0.29645607127280016
FixedParameters: 0 0 0
#Transform 106
Transform: MatrixOffsetTransformBase_double_3_3
Parameters: 0.999996185780457 -0.00035311369623220433 0.0025862167513330562 0.00033402550729054253 0.9999730532967813 0.0073417125460161145 -0.002589136405575656 -0.007341282597088786 0.9999693356387529 0.44583376609121217 -0.020153615470889008 -0.3181136674971867
FixedParameters: 0 0 0
#Transform 107
Transform: MatrixOffsetTransformBase_double_3_3
Parameters: 0.9999970613367655 -0.001001620480135321 0.0022216913128987473 0.0009838537019852777 0.99996817459028 0.007936098534115671 -0.0022293911225726576 -0.007933902441804516 0.9999659561194901 0.44530694759689027 -0.01048046364677191 -0.33920846085351286
FixedParameters: 0 0 0
#Transform 108
Transform: MatrixOffsetTransformBase_double_3_3
Parameters: 0.9999977417917301 -0.001207280247062008 0.0019495211656650599 0.0011917452136889419 0.9999696417723521 0.007685234673677377 -0.0019590800715905783 -0.0076827689154886775 0.999969010381498 0.4744015225280833 -0.08006591845784783 -0.2976826882714221
FixedParameters: 0 0 0
#Transform 109
Transform: MatrixOffsetTransformBase_double_3_3
Parameters: 0.9999977742190027 -0.00047924769047361917 0.0022348500498323588 0.00046174269859159984 0.9999683465320328 0.00790287453074568 -0.002239221914070673 -0.007901124669257895 0.9999665423728599 0.4230912999173313 0.018590522988077396 -0.3814692704149394
FixedParameters: 0 0 0
#Transform 110
Transform: MatrixOffsetTransformBase_double_3_3
Parameters: 0.999997567224118 -0.00034147664879348704 0.0020777418677326237 0.00032428493661461804 0.9999687915766137 0.007947581434974482 -0.002080087702623832 -0.007947427124774004 0.9999664479324618 0.41628376713896387 -0.051090418602328214 -0.3290043327239687
FixedParameters: 0 0 0
#Transform 111
Transform: MatrixOffsetTransformBase_double_3_3
Parameters: 0.9999961866938607 -0.0012992762299058045 0.0022636989183782803 0.0012813935278620388 0.9999674784771784 0.008003824523363387 -0.0022742401264788793 -0.008001184660934552 0.9999656258619175 0.45736912807601016 -0.04109492207248877 -0.32279244749801705
FixedParameters: 0 0 0
#Transform 112
Transform: MatrixOffsetTransformBase_double_3_3
Parameters: 0.9999979517085178 -0.0005255081866332553 0.002184363275585073 0.0005066819566126313 0.9999628298615247 0.008601009351515199 -0.002189119268677636 -0.00859998194311578 0.9999601817988473 0.4100757693571069 0.035490904831988246 -0.41601544042352145
FixedParameters: 0 0 0
#Transform 113
Transform: MatrixOffsetTransformBase_double_3_3
Parameters: 0.9999969730744577 -0.0008511334732930081 0.0023028753383960484 0.0008323679358428 0.9999666932952462 0.008104769757223067 -0.0023094015760184335 -0.00810223547675809 0.9999649439586534 0.46098946054770806 -0.07770480051907214 -0.33091986469977996
FixedParameters: 0 0 0
#Transform 114
Transform: MatrixOffsetTransformBase_double_3_3
