#Insight Transform File V1.0
#Transform 0
Transform: MatrixOffsetTransformBase_double_3_3
Parameters: 0.9999982796420518 -0.00018382642807847886 0.0016391813269463994 0.00018721828962687439 0.999997893074165 -0.002252756651858853 -0.0016385825860716968 0.002253246347658007 0.9999962345234433 0.23132978969481144 -0.2480938309488323 -0.22654760349718117
FixedParameters: 0 0 0
#Transform 1
Transform: MatrixOffsetTransformBase_double_3_3
Parameters: 0.9999983904116884 -0.00023140867237416893 0.001885906501176896 0.00023605407007384923 0.9999964810086537 -0.002555673466390386 -0.001885008429952199 0.0025553250751301007 0.9999948482134875 0.21241733316956868 -0.14381204831448713 -0.3035484137758715
FixedParameters: 0 0 0
#Transform 2
Transform: MatrixOffsetTransformBase_double_3_3
Parameters: 0.9999993363393928 0.000036169608090623495 0.0012891927268988072 -0.00003401980662645059 0.9999980222516519 -0.001995105095249 -0.0012895106746585326 0.0019948961914222282 0.9999973540239584 0.2189952080619264 -0.2874059019917041 -0.24473567671924457
FixedParameters: 0 0 0
#Transform 3
Transform: MatrixOffsetTransformBase_double_3_3
Parameters: 0.99999840655999 -0.000026469695921555714 0.0016101348423930198 0.000029616178826788053 0.9999983660740855 -0.0019070141160867221 -0.0016102058056868484 0.0019069860193278096 0.9999967671762806 0.2146628293161399 -0.2699223550641392 -0.23185337547451468
FixedParameters: 0 0 0
#Transform 4
Transform: MatrixOffsetTransformBase_double_3_3
Parameters: 0.9999977460117538 -0.00123958407596103 0.0016482833267729452 0.0012469897515848551 0.9999902319447544 -0.004282008148602509 -0.0016430396144719 0.004283995894342821 0.9999898256645513 0.20714963793857066 -0.16642776636649614 -0.39404471072006686
FixedParameters: 0 0 0
#Transform 5
Transform: MatrixOffsetTransformBase_double_3_3
Parameters: 1.0000000008053318 -0.000180516725290356 0.00098328791943626 0.00018271355772621751 0.9999974208360075 -0.0021328805027430314 -0.0009826317602165838 0.0021331191396935165 0.9999974805793549 0.2099672562701329 -0.2607030862999693 -0.24038864527236115
FixedParameters: 0 0 0
#Transform 6
Transform: MatrixOffsetTransformBase_double_3_3
Parameters: 0.9999991817989986 -0.0004073720425217593 0.0016284492071093368 0.00041118161949061245 0.9999971811111503 -0.002377392812091081 -0.0016277381484127121 0.0023786070918598717 0.9999956908959534 0.217159673124101 -0.2091238963109845 -0.23926958769560258
FixedParameters: 0 0 0
#Transform 7
Transform: MatrixOffsetTransformBase_double_3_3
Parameters: 0.9999993543298795 -0.0005214227128939053 0.0011720304242332613 0.0005263174195312607 0.9999913916075138 -0.004170382154016057 -0.0011699538183095174 0.004170616088175531 0.9999901764239107 0.2088135716507793 -0.11677243573134888 -0.4590271083773274
FixedParameters: 0 0 0
#Transform 8
Transform: MatrixOffsetTransformBase_double_3_3
Parameters: 0.9999991838449839 -0.00017504933554685146 0.0008864304002593618 0.00017667536212830404 0.9999977946443829 -0.0020439042720349354 -0.0008858300859940358 0.0020440975420967164 0.9999980333145696 0.20039199397882612 -0.2047085675362723 -0.26628899724546784
FixedParameters: 0 0 0
#Transform 9
Transform: MatrixOffsetTransformBase_double_3_3
Parameters: 1.0000001880684308 0.00009488058961832201 0.0008958997179260858 -0.00009315444027296729 0.9999976807399342 -0.002077144084261906 -0.0008964088808649678 0.0020768571708890127 0.9999978794567177 0.2121596103181389 -0.23388903906005964 -0.24327885723049292
FixedParameters: 0 0 0
#Transform 10
Transform: MatrixOffsetTransformBase_double_3_3
Parameters: 0.9999990791935006 0.000002635010201235057 0.0013862505788165343 0.0000030218549808263005 0.9999911696914787 -0.0042230599383158915 -0.0013856065378852762 0.0042229420711185905 0.9999902418594129 0.218357724603905 -0.15074220118259518 -0.42092881749674405
FixedParameters: 0 0 0
#Transform 11
Transform: MatrixOffsetTransformBase_double_3_3
Parameters: 0.9999998253293447 0.00007533321459489234 0.0010810735664879736 -0.00007267148029931682 0.9999973583174583 -0.002154138541542415 -0.0010815109825777845 0.0021538601000537783 0.9999971875692835 0.2067118919085118 -0.24151229441554278 -0.21224322803804796
FixedParameters: 0 0 0
#Transform 12
Transform: MatrixOffsetTransformBase_double_3_3
Parameters: 0.9999995658159885 -0.0003461909751568253 0.0011463028211091456 0.00034995092120449357 0.9999954063821793 -0.0029216558934245934 -0.001145445199066879 0.002921342215569535 0.9999950890725331 0.22109815854334158 -0.15737825984371057 -0.20097670254729394
FixedParameters: 0 0 0
#Transform 13
Transform: MatrixOffsetTransformBase_double_3_3
Parameters: 0.9999990805913406 -0.0002025915395549836 0.0013706681671445192 0.00020566180206706817 0.999997064474247 -0.0022127775350300333 -0.001369942619499982 0.0022132185638844143 0.9999962213714161 0.21513469689348597 -0.06594865168899844 -0.28367848397063256
FixedParameters: 0 0 0
#Transform 14
Transform: MatrixOffsetTransformBase_double_3_3
Parameters: 0.99999898658602 0.00022215961765725215 0.0014012316809477964 -0.00022037179982970108 0.9999991320551004 -0.0013503695841055943 -0.0014019477121113848 0.0013496309309209073 0.999998209526836 0.22065462027110527 -0.2065112479084803 -0.178469547086209
FixedParameters: 0 0 0
#Transform 15
Transform: MatrixOffsetTransformBase_double_3_3
Parameters: 0.9999993297686135 0.000029302816069199723 0.0008181046245160162 -0.00002875472873281743 0.999999109648564 -0.0009450828275906209 -0.0008182187952406775 0.0009449169228545953 0.9999994340697282 0.2081138448324964 -0.08214608450758476 -0.3289666351500813
FixedParameters: 0 0 0
#Transform 16
Transform: MatrixOffsetTransformBase_double_3_3
Parameters: 0.9999994981694781 0.00024189264575101457 0.000666099340000123 -0.00024096287541205128 0.9999987156465349 -0.0014921601681906205 -0.0006658808268967902 0.001491838590768589 0.9999983303938411 0.21117099372480652 -0.19644363670279574 -0.1813904827041597
FixedParameters: 0 0 0
#Transform 17
Transform: MatrixOffsetTransformBase_double_3_3
Parameters: 0.9999999721100339 0.00004551575915542075 0.0010132225897494624 -0.0000424989670554741 0.9999967315498604 -0.0025041040911048043 -0.0010125633489337952 0.002503896537922566 0.9999967005036353 0.2031322038952652 -0.134463841332078 -0.16974879908786988
FixedParameters: 0 0 0
#Transform 18
Transform: MatrixOffsetTransformBase_double_3_3
Parameters: 0.9999989888663728 -0.00018141753667231774 0.00098917498817224 0.0001825243824563948 0.9999985086386569 -0.0015688794979684326 -0.000988722575153126 0.0015691210140802367 0.99999855670052 0.2181656554415099 -0.043278625223720724 -0.3506263858697025
FixedParameters: 0 0 0
#Transform 19
Transform: MatrixOffsetTransformBase_double_3_3
Parameters: 0.9999992328141143 -0.00041884286423443553 0.0007692267184648133 0.0004198447512984815 0.9999981722233062 -0.0019106777093626515 -0.0007687408375172913 0.0019113226467936603 0.999997756739985 0.21438565499467188 -0.16873539431207973 -0.23320274527716833
FixedParameters: 0 0 0
#Transform 20
Transform: MatrixOffsetTransformBase_double_3_3
Parameters: 0.999999224608113 -0.0001731528197897331 0.0008635840349987085 0.0001748452895047822 0.9999965984790528 -0.002714850713703837 -0.000862817136114642 0.002715151106077923 0.9999958836440482 0.2125334913901753 -0.1166109812685363 -0.25450651240007005
FixedParameters: 0 0 0
#Transform 21
Transform: MatrixOffsetTransformBase_double_3_3
Parameters: 0.9999991953833444 -0.0005254875100630434 0.0007271082322954119 0.0005265453145003135 0.9999974755801853 -0.0020606166339559237 -0.0007260568426741858 0.0020613810232903984 0.9999972243553876 0.2056706659510894 -0.08119602500491396 -0.19762134049264546
FixedParameters: 0 0 0
#Transform 22
Transform: MatrixOffsetTransformBase_double_3_3
Parameters: 0.9999995727062774 -0.00016033801184290062 0.0006339017804276698 0.00016137763145681987 0.9999972332967957 -0.002395898323671687 -0.0006332495605709361 0.0023961021547025466 0.9999968577586089 0.18799378440553483 -0.168673116699523 -0.09273753541842211
FixedParameters: 0 0 0
#Transform 23
Transform: MatrixOffsetTransformBase_double_3_3
Parameters: 0.9999993291465088 0.000010761474603116804 0.0008189147063253949 -0.000008127311497858791 0.9999960079645391 -0.002827006678704648 -0.0008190867181621948 0.0028269912078308715 0.9999953372953255 0.20104022886154382 -0.04902594847244757 -0.20943387205497288
FixedParameters: 0 0 0
#Transform 24
Transform: MatrixOffsetTransformBase_double_3_3
Parameters: 0.9999994799891022 -0.00005511468829872081 0.0007190266393393694 0.00005635928602504689 0.9999969198869018 -0.002254018496913965 -0.0007188939893267071 0.0022539802378835905 0.9999973990590897 0.19032343360319715 -0.09533841700248047 -0.13132277126011616
FixedParameters: 0 0 0
#Transform 25
Transform: MatrixOffsetTransformBase_double_3_3
Parameters: 0.9999996837186157 0.00021774623972122797 0.0005182862585308841 -0.00021648151659216757 0.999997199609236 -0.002181171932191743 -0.0005192926184174853 0.00218082825417195 0.9999979705753019 0.19224775234488334 -0.16957497793356424 -0.06252374546862427
FixedParameters: 0 0 0
#Transform 26
Transform: MatrixOffsetTransformBase_double_3_3
Parameters: 0.9999997193677623 0.0002045629000188847 0.0004884197488621044 -0.000203157454245094 0.9999969166660575 -0.0024580991237702077 -0.0004894812347567692 0.0024578997672853875 0.9999967191573376 0.20886724761012943 -0.05054892348039175 -0.2260701690832434
FixedParameters: 0 0 0
#Transform 27
Transform: MatrixOffsetTransformBase_double_3_3
Parameters: 0.9999998784716138 -0.00014229923127671837 0.0003184381080521608 0.0001429328568266979 0.9999964004261432 -0.002564952999312607 -0.00031776579220309893 0.0025650437317781133 0.9999963195820152 0.1867639956981435 -0.10548017294148337 -0.17745050047346922
FixedParameters: 0 0 0
#Transform 28
Transform: MatrixOffsetTransformBase_double_3_3
Parameters: 0.9999998459964824 0.00007623252137220027 0.0003849578661531588 -0.00007434917117836326 0.9999970162955428 -0.0024450286753155623 -0.00038532603936874775 0.0024449706790208303 0.9999968736341879 0.1995976267888011 -0.10838027654901339 -0.17415386369417263
FixedParameters: 0 0 0
#Transform 29
Transform: MatrixOffsetTransformBase_double_3_3
Parameters: 0.9999998789023062 0.00010911470085321438 0.0010529390654385438 -0.00010733387207935176 0.9999978489860749 -0.0022671149675374744 -0.0010536076752059058 0.0022668869868291905 0.9999967513177229 0.20724104459698367 -0.01423392020969061 -0.21898099462198672
FixedParameters: 0 0 0
#Transform 30
Transform: MatrixOffsetTransformBase_double_3_3
Parameters: 0.9999997288343092 -0.00015236948981152691 0.0004981920832403384 0.00015321454446353991 0.9999958313203786 -0.0028539232552859117 -0.0004974385562007244 0.002854075379344949 0.9999956068515795 0.20351960740629238 -0.1478568337428925 -0.08841120420414939
FixedParameters: 0 0 0
#Transform 31
Transform: MatrixOffsetTransformBase_double_3_3
Parameters: 0.9999999473053939 -0.00013479985923557417 0.0001856179618916451 0.0001347187434396893 0.9999976549629429 -0.0023079765476470976 -0.00018605346052489032 0.0023080266332709334 0.99999763859299 0.1991730665483118 -0.12523921957595974 -0.06328984886191336
FixedParameters: 0 0 0
#Transform 32
Transform: MatrixOffsetTransformBase_double_3_3
Parameters: 0.9999996878434356 0.0001620980622439132 0.0005349886239231546 -0.00016001305518159416 0.9999953480769991 -0.002937083767041694 -0.0005349957309037218 0.0029369114393172843 0.9999950878042589 0.2118427525665112 -0.03046166114921789 -0.24504052133596588
FixedParameters: 0 0 0
#Transform 33
Transform: MatrixOffsetTransformBase_double_3_3
Parameters: 0.9999997548861066 0.0001228596758987801 0.00047978070468844856 -0.0001226842381240334 0.9999975746381883 -0.00232606023351363 -0.0004794722118480805 0.0023259424635718104 0.9999973596744479 0.20772823980688315 -0.0867371477567076 -0.15054215223405265
FixedParameters: 0 0 0
#Transform 34
Transform: MatrixOffsetTransformBase_double_3_3
Parameters: 0.9999997894304408 0.0004441442974139945 -0.00011413001188809293 -0.0004449247558666042 0.9999953517231203 -0.0029069479110028565 0.00011354196548604704 0.002907049118580751 0.9999955363815078 0.20301342195612904 -0.13406339377138465 -0.06696468462459393
FixedParameters: 0 0 0
#Transform 35
Transform: MatrixOffsetTransformBase_double_3_3
Parameters: 0.9999992164720048 -0.000005760568649035316 0.0008850750780699108 0.00000825374726405988 0.9999953899224026 -0.0030999939041191985 -0.0008852095532337686 0.003100006307849415 0.9999946064989275 0.2018553381315229 -0.0417177576275094 -0.15155984813179657
FixedParameters: 0 0 0
#Transform 36
Transform: MatrixOffsetTransformBase_double_3_3
Parameters: 0.9999996171872757 0.00041144234030903863 0.0004620905542005598 -0.0004101235778807459 0.999996236624173 -0.002568187987608689 -0.00046326140540458666 0.002567807867232208 0.9999961913030311 0.21863268075215103 -0.0960760077313978 -0.07648406034986976
FixedParameters: 0 0 0
#Transform 37
Transform: MatrixOffsetTransformBase_double_3_3
Parameters: 0.9999996635631097 -0.000027823802760709792 0.0005793537693103288 0.000028992818039543056 0.9999965353485851 -0.002731984668027737 -0.000579317158815691 0.002732017583259791 0.9999962005313177 0.22092788859602308 -0.061552664319620476 -0.1344519896235994
FixedParameters: 0 0 0
#Transform 38
Transform: MatrixOffsetTransformBase_double_3_3
Parameters: 0.999999585336879 0.00040966685801166274 0.0004968617249808739 -0.0004077481622363762 0.999995830634672 -0.002990209272252388 -0.0004983672777044968 0.002990795478881293 0.9999958684662876 0.22678906824526734 -0.047538165764407836 -0.09957258661935953
FixedParameters: 0 0 0
#Transform 39
Transform: MatrixOffsetTransformBase_double_3_3
Parameters: 0.9999991178937505 0.00022071335759973315 0.000912945484914903 -0.00021875058670194268 0.9999964056892885 -0.002747200954950277 -0.0009133323735817494 0.0027467996618935203 0.9999956201528711 0.23737928923995355 -0.08955479091527252 -0.13119619980855646
FixedParameters: 0 0 0
#Transform 40
Transform: MatrixOffsetTransformBase_double_3_3
Parameters: 0.9999999005644847 -0.0003152874489687059 -0.000003857410653445368 0.00031532410451527455 0.9999966536969872 -0.002692003244072143 0.0000045567796926550815 0.0026920005903680877 0.9999967531028027 0.21982008308543755 -0.03215992628376796 -0.18812365231001138
FixedParameters: 0 0 0
#Transform 41
Transform: MatrixOffsetTransformBase_double_3_3
Parameters: 0.9999997866076683 -0.00015285971958102417 0.0004360662510564024 0.00015435431253028783 0.9999957910662111 -0.002860932161388219 -0.0004352466148972334 0.0028610660010826086 0.999995624870378 0.2397383625688434 -0.12783029807921764 -0.08072715651523765
FixedParameters: 0 0 0
#Transform 42
Transform: MatrixOffsetTransformBase_double_3_3
Parameters: 0.9999997471178765 -0.0005892966295208972 0.0009514432880703038 0.000592540685808342 0.999994292337131 -0.003218497487174246 -0.0009498133428914754 0.0032195025732735735 0.9999947307985887 0.24838672394335504 -0.031161225934567938 -0.20736038691448755
FixedParameters: 0 0 0
#Transform 43
Transform: MatrixOffsetTransformBase_double_3_3
Parameters: 0.9999997266342057 -0.00010094262883233986 0.0005131455320529929 0.0001022480640872913 0.9999946276913716 -0.003218946367018742 -0.000512610071287619 0.0032190505785869503 0.9999943749756799 0.23562570538261696 -0.07171125769268372 -0.1268562328057783
FixedParameters: 0 0 0
#Transform 44
Transform: MatrixOffsetTransformBase_double_3_3
Parameters: 0.9999999827667921 -0.00010180778071646604 0.00008345762135008576 0.00010140784773861212 0.9999930403460329 -0.0035990509088956735 -0.00008278555004388754 0.0035989493954968685 0.9999940367341655 0.23008425700516 -0.12945147612251162 -0.036709645550317305
FixedParameters: 0 0 0
#Transform 45
Transform: MatrixOffsetTransformBase_double_3_3
Parameters: 0.9999996633573417 -0.0003388278588121467 0.0004708083273050252 0.00034113588669413853 0.9999939611645404 -0.003452839655796902 -0.0004695179508907662 0.0034531593504184346 0.9999938557051339 0.2470881193291916 -0.021003919394360082 -0.2099500557120848
FixedParameters: 0 0 0
#Transform 46
Transform: MatrixOffsetTransformBase_double_3_3
Parameters: 0.9999998156097204 -0.0003507508640201177 -0.0002478988800389944 0.00035004330887909626 0.9999933715409115 -0.0036750885924691085 0.00024853712976562035 0.0036749146415599593 0.9999934327145534 0.22723067491315874 -0.09358805944006576 -0.08286722449571471
FixedParameters: 0 0 0
#Transform 47
Transform: MatrixOffsetTransformBase_double_3_3
Parameters: 0.9999994011613355 -0.0006027846245967386 0.0004853855243722349 0.000604752991034791 0.999991850665132 -0.003972707316991356 -0.00048270304767054624 0.003973291820670029 0.9999919809122819 0.24815136845826657 -0.017886051699832706 -0.16869370942583828
FixedParameters: 0 0 0
#Transform 48
Transform: MatrixOffsetTransformBase_double_3_3
Parameters: 0.9999990130880031 -0.0007015905141848248 0.0007036299704898209 0.0007041557559951811 0.999989857895701 -0.00454351067822318 -0.0007004741671534804 0.004544497589184758 0.9999898590596215 0.2239646637033701 -0.01993079346610216 -0.2426874989265002
FixedParameters: 0 0 0
#Transform 49
Transform: MatrixOffsetTransformBase_double_3_3
Parameters: 0.9999997990990472 -0.00044649400572209334 -0.00003964872638675265 0.00044626855587976495 0.9999907976093 -0.004243017681233828 0.00004144025433079855 0.004242981483359547 0.9999909952314276 0.20952026872407714 -0.10208520908065566 -0.07748633796335014
FixedParameters: 0 0 0
#Transform 50
Transform: MatrixOffsetTransformBase_double_3_3
Parameters: 0.9999995830593258 -0.0003823256044226753 0.0005203302132332049 0.00038560294556104935 0.9999827880288681 -0.0059268010362269336 -0.0005179534418688564 0.0059262067362566215 0.9999825475562438 0.21788928626571646 -0.04108389262901824 -0.2529059476014339
FixedParameters: 0 0 0
#Transform 51
Transform: MatrixOffsetTransformBase_double_3_3
Parameters: 0.999999603261799 -0.0006243973650280702 -0.00008373529235038665 0.0006236362874773552 0.9999845690118643 -0.00548105199314064 0.00008758110352525136 0.0054809450859492695 0.9999849510867458 0.21172047770761537 -0.034117839923865745 -0.22981129059749605
FixedParameters: 0 0 0
#Transform 52
Transform: MatrixOffsetTransformBase_double_3_3
Parameters: 0.9999997273892436 -0.0002852121931173206 -0.00043746542146566125 0.0002828208872544391 0.9999924271680769 -0.003936125723744202 0.0004387622764910539 0.003935876857981441 0.9999923158969495 0.20887839206909575 -0.11814648421416507 -0.0806476184695839
FixedParameters: 0 0 0
#Transform 53
Transform: MatrixOffsetTransformBase_double_3_3
Parameters: 0.9999997718055973 -0.0004354190358022235 0.00019643339121202505 0.0004363035619120918 0.999989451780056 -0.004511912679560498 -0.0001945559460678756 0.004512083096420767 0.9999896035471534 0.22194217987642162 -0.0443109221645841 -0.11619363660554427
FixedParameters: 0 0 0
#Transform 54
Transform: MatrixOffsetTransformBase_double_3_3
Parameters: 0.9999997293214764 -0.000514548659721832 -0.00007787066476298214 0.0005138766627552836 0.9999858949502447 -0.005369981689327681 0.0000803986248820863 0.005370018707022438 0.9999851601497697 0.21400937562114564 -0.000793402827156342 -0.16533561616982695
FixedParameters: 0 0 0
#Transform 55
Transform: MatrixOffsetTransformBase_double_3_3
Parameters: 0.9999998564369841 -0.0002675540286903422 -0.00026823103096670496 0.0002665014102954214 0.9999925229989433 -0.003925073817121559 0.0002693882741867287 0.003924930256252485 0.9999925220524131 0.22051092798831462 -0.07629477298952736 -0.06357467974437725
FixedParameters: 0 0 0
#Transform 56
Transform: MatrixOffsetTransformBase_double_3_3
Parameters: 0.9999999512546589 -0.00019140972581388127 0.0001094865377971138 0.0001922329335061803 0.9999937551303701 -0.0034939782265144756 -0.00010914432825923381 0.003494020163846291 0.9999937799831237 0.23048486827931924 -0.047105879851002896 -0.05871727342662325
FixedParameters: 0 0 0
#Transform 57
Transform: MatrixOffsetTransformBase_double_3_3
Parameters: 0.999999394624777 -0.00034830879588470875 0.000695670722914476 0.00035135461348143163 0.999993028865495 -0.003584815304796672 -0.0006942792722115035 0.0035851831509079377 0.9999936612285959 0.22503124058282253 0.05289909210458177 -0.19534488765543756
FixedParameters: 0 0 0
#Transform 58
Transform: MatrixOffsetTransformBase_double_3_3
Parameters: 0.999999670474133 -0.000040032288715442164 0.0005726579701704843 0.00004202666507881793 0.9999938530538112 -0.0034849754272889694 -0.000572490606387071 0.0034850224114461384 0.9999935269021336 0.2053125478331026 -0.009568232133958077 -0.1079627685301432
FixedParameters: 0 0 0
#Transform 59
Transform: MatrixOffsetTransformBase_double_3_3
Parameters: 0.9999998714570598 0.00023517861212903006 0.00027062885492367214 -0.0002345159076862977 0.9999948641939448 -0.00317506321111332 -0.0002711812041692969 0.0031749359675114983 0.9999948459642736 0.2131224315839262 -0.05900706932109756 -0.030075293225308997
FixedParameters: 0 0 0
#Transform 60
Transform: MatrixOffsetTransformBase_double_3_3
Parameters: 0.9999999422165298 -0.00022688783553204768 -0.00007982450927440242 0.00022641218854589165 0.999994792985967 -0.003340020893839009 0.00008034029443125956 0.0033399845915235912 0.9999948379500271 0.21657870749596952 -0.0009781976472567067 -0.08816598106075446
FixedParameters: 0 0 0
#Transform 61
Transform: MatrixOffsetTransformBase_double_3_3
Parameters: 0.9999998067727343 0.000022495543054292267 0.0004388380373900462 -0.000020501753339586305 0.999983725520299 -0.005681007440971747 -0.0004392602307877045 0.00568098856119955 0.9999835332292868 0.19968045625829234 0.01087953164248745 -0.34908369864635347
FixedParameters: 0 0 0
#Transform 62
Transform: MatrixOffsetTransformBase_double_3_3
Parameters: 0.9999996679855531 -0.0004920838748118923 -0.0002998355713694325 0.000490982300115925 0.9999931496189898 -0.0036891486577170784 0.0003015249411190901 0.003688853067175736 0.9999933008233528 0.20734521820645568 -0.04836580681345026 -0.18095162199442427
FixedParameters: 0 0 0
#Transform 63
Transform: MatrixOffsetTransformBase_double_3_3
Parameters: 0.9999997115490344 -0.000022037799870223698 0.0005366072100258042 0.00002368906194939328 0.999994446234897 -0.003398988807248378 -0.0005365703968666531 0.0033990133429571898 0.9999941588364595 0.20403875256849346 -0.06998024140891346 -0.0873711434138329
FixedParameters: 0 0 0
#Transform 64
Transform: MatrixOffsetTransformBase_double_3_3
Parameters: 0.9999995893490307 -0.000565735232430041 0.0003015054662723187 0.0005668386712424565 0.9999792567637132 -0.006435832812331399 -0.0002983870324110539 0.0064361725238750375 0.9999794874926032 0.20604027030525174 0.021591281245392224 -0.28796130732627034
FixedParameters: 0 0 0
#Transform 65
Transform: MatrixOffsetTransformBase_double_3_3
Parameters: 0.999999706021331 -0.0005299621299339649 0.00011328379783050916 0.000531155818396126 0.9999885726278791 -0.004810943938483053 -0.00011017520168997716 0.00481106249734662 0.9999888416494601 0.21023856811659414 -0.005393674597343079 -0.22526083362521376
FixedParameters: 0 0 0
#Transform 66
Transform: MatrixOffsetTransformBase_double_3_3
Parameters: 0.99999945134273 -0.0006343197324861198 0.0003821926877018277 0.0006361067185217275 0.9999934091685695 -0.0034997525048475753 -0.000379802602543114 0.003499243570595008 0.9999935491093885 0.21513611011343414 -0.07474067053858846 -0.10700348767025503
FixedParameters: 0 0 0
#Transform 67
Transform: MatrixOffsetTransformBase_double_3_3
Parameters: 0.9999993085660976 -0.001012040274674467 0.0008170510038911093 0.001016112378879685 0.9999879282536649 -0.004806170581012403 -0.0008115328071264228 0.004806829134075784 0.9999881751428926 0.23325269154202033 -0.007571563990524055 -0.1668750719246077
FixedParameters: 0 0 0
#Transform 68
Transform: MatrixOffsetTransformBase_double_3_3
Parameters: 0.9999995210126175 -0.0006281420474394208 0.0002904882492766987 0.0006293754658325946 0.999993260196624 -0.003652819568888882 -0.0002879503057014419 0.0036531832680205545 0.9999935718954546 0.2087140207775775 0.03338308078279795 -0.26181940368468304
FixedParameters: 0 0 0
#Transform 69
Transform: MatrixOffsetTransformBase_double_3_3
Parameters: 0.9999996548267183 -0.0005236652799107394 0.0002662015858500754 0.0005246576552823536 0.9999932854890379 -0.0035268587846428445 -0.00026455992684232943 0.0035271369894041144 0.9999934898152374 0.20175782408931298 -0.057134933618115724 -0.14948902629710403
FixedParameters: 0 0 0
#Transform 70
Transform: MatrixOffsetTransformBase_double_3_3
Parameters: 0.999999836591343 -0.0004014462283402133 0.00005073440166138187 0.00040087111337048197 0.9999934946057845 -0.0036529820571942345 -0.000048861069740035265 0.0036530220093346985 0.9999936530627371 0.211906410368087 -0.03003085433617514 -0.07517163358943435
FixedParameters: 0 0 0
#Transform 71
Transform: MatrixOffsetTransformBase_double_3_3
Parameters: 0.9999998431187732 -0.0003864184289679248 0.00008787865444205719 0.00038629082147735377 0.9999902745500789 -0.004309963570477755 -0.00008660405220060324 0.0043100309815289825 0.9999904162183926 0.2134640073104208 0.10880486702336611 -0.07354447029865696
FixedParameters: 0 0 0
#Transform 72
Transform: MatrixOffsetTransformBase_double_3_3
Parameters: 0.9999999243155097 -0.0001102194262922825 0.00025225341011571924 0.00011104557654360824 0.9999939316424425 -0.0036219716759233467 -0.0002515114006192893 0.0036210344417016635 0.999993762040743 0.20192600615816048 0.02676739163057107 -0.0377309001206072
FixedParameters: 0 0 0
#Transform 73
Transform: MatrixOffsetTransformBase_double_3_3
Parameters: 0.9999999251766245 -0.0001328457075128966 -0.00023880758246849561 0.0001322374028225901 0.9999947129404546 -0.0033570340320576222 0.00023975677836279461 0.0033569706012593 0.9999946732589327 0.20751502590444204 0.0009365153289166983 -0.010860679015166852
FixedParameters: 0 0 0
#Transform 74
Transform: MatrixOffsetTransformBase_double_3_3
Parameters: 0.9999996945026994 -0.00019904335221489544 -0.0005156805437449602 0.0001964322209627706 0.9999895213603043 -0.0045210993097072605 0.0005165888708055346 0.00452089518865826 0.9999892940734224 0.20204761951043793 0.09340240286006463 -0.04813915191564888
FixedParameters: 0 0 0
#Transform 75
Transform: MatrixOffsetTransformBase_double_3_3
Parameters: 0.999999735087127 -0.00032301965926263333 -0.0004007581621242874 0.0003215127730822532 0.9999946880927565 -0.0031951281845824034 0.0004018785152508357 0.0031948695201851063 0.9999946308982987 0.19587266256688451 0.024806445665504384 -0.013163222960912435
FixedParameters: 0 0 0
#Transform 76
Transform: MatrixOffsetTransformBase_double_3_3
Parameters: 0.9999998738935505 -0.00008273232641335973 -0.000345194679951705 0.00008157752657736547 0.9999952837652623 -0.0031160290657791523 0.0003457659785443931 0.003115972298840114 0.9999951711643108 0.2062040699781562 0.02920177651992617 -0.007503197905165848
FixedParameters: 0 0 0
#Transform 77
Transform: MatrixOffsetTransformBase_double_3_3
Parameters: 0.9999997135975132 0.0001009576898142324 -0.0005252536351499831 -0.00010272135071567855 0.9999899907407819 -0.004471946050772106 0.0005255189437797958 0.004472053059624802 0.9999897250898674 0.17760776736282935 0.12858715831524137 -0.06743225311036838
FixedParameters: 0 0 0
#Transform 78
Transform: MatrixOffsetTransformBase_double_3_3
Parameters: 0.9999994166514071 -0.000008316791988044604 -0.0007636592167055835 0.000005116754170269953 0.9999944263114982 -0.0034020053583618537 0.0007638235311861037 0.003401995097486475 0.9999938430599742 0.20275339043442386 0.04843121449667365 -0.023151090191959156
FixedParameters: 0 0 0
#Transform 79
Transform: MatrixOffsetTransformBase_double_3_3
Parameters: 0.9999997338076557 -0.00038651137905356813 -0.00034210231022190095 0.00038522567633584865 0.999993489310115 -0.003507134243122635 0.0003428720087520223 0.0035078628968558123 0.9999936393182144 0.2096058667422369 0.06092327906561934 -0.011113725930215423
FixedParameters: 0 0 0
#Transform 80
Transform: MatrixOffsetTransformBase_double_3_3
Parameters: 0.9999996187464558 -0.0006169603548303896 0.000019836119903493443 0.0006174008568903835 0.9999842036386196 -0.0055149854626422926 -0.000017021534037407268 0.005515008209719716 0.9999845842245514 0.1957210040863515 0.13369413541670383 -0.16085127735867388
FixedParameters: 0 0 0
#Transform 81
Transform: MatrixOffsetTransformBase_double_3_3
Parameters: 0.9999999228807379 -0.0001523696737881281 -0.00023181334746907317 0.00015159452179813257 0.9999924226277738 -0.0038150330275595543 0.0002330322855858493 0.003814962377912366 0.9999923917141926 0.20972070952053912 0.04794753145232278 -0.06642027648848625
FixedParameters: 0 0 0
#Transform 82
Transform: MatrixOffsetTransformBase_double_3_3
Parameters: 0.9999998316870294 -0.0002808112755395397 -0.0002990701998675716 0.0002796328527477355 0.9999930010614624 -0.0037310839272844676 0.0003002222913444422 0.003730915990664635 0.9999929898058092 0.20701442144866178 0.015616470501981894 -0.017105098997717505
FixedParameters: 0 0 0
#Transform 83
Transform: MatrixOffsetTransformBase_double_3_3
Parameters: 0.9999999632971563 -0.0001594751451454418 -0.00010583800157245552 0.00015949691226191148 0.9999881697717806 -0.0048790178338998375 0.00010645534004555374 0.004878983974862153 0.9999881839507951 0.20347781588547775 0.12009640105539177 -0.08999950773755927
FixedParameters: 0 0 0
#Transform 84
Transform: MatrixOffsetTransformBase_double_3_3
Parameters: 0.9999998135055705 -0.0004184670965726927 0.00010737448223767149 0.0004186226229062224 0.9999881467113078 -0.0048659566175791105 -0.00010535696552238043 0.004866045654188626 0.9999883105886959 0.19463595410991275 0.10647225266995974 -0.07085318736108093
FixedParameters: 0 0 0
#Transform 85
Transform: MatrixOffsetTransformBase_double_3_3
Parameters: 0.9999997977194066 -0.00014143287793758638 -0.0004265507514178838 0.00014040028820795834 0.9999934059908324 -0.0035460578523624914 0.0004276687510501221 0.0035459374771799126 0.9999932434330321 0.19836166021771362 0.019261884861919043 -0.013416610925062855
FixedParameters: 0 0 0
#Transform 86
Transform: MatrixOffsetTransformBase_double_3_3
Parameters: 0.9999997267554848 -0.0001375935057362588 -0.0005042902598135725 0.000136048458776744 0.9999892058201829 -0.004558065073939611 0.0005047172034602488 0.00455792701903901 0.9999889700251003 0.19288342319511287 0.09122573820977209 -0.051304451713306776
FixedParameters: 0 0 0
#Transform 87
Transform: MatrixOffsetTransformBase_double_3_3
Parameters: 0.9999998374592131 -0.00034949028920491977 -0.0002005428986763261 0.00034882850008067736 0.99999068777908 -0.004265069143968729 0.00020258231297145627 0.004264928387248679 0.9999907690737745 0.19060585762163385 0.13308960402298453 -0.10050024536863589
FixedParameters: 0 0 0
#Transform 88
Transform: MatrixOffsetTransformBase_double_3_3
Parameters: 0.9999990913254848 -0.00011255378537929948 -0.0009467185781437597 0.00010954135898022479 0.9999930672562277 -0.0037311040023510836 0.0009467862017139996 0.003730893732015614 0.9999921832524636 0.18686995738386258 0.03696035813649701 -0.017685042706531817
FixedParameters: 0 0 0
#Transform 89
Transform: MatrixOffsetTransformBase_double_3_3
Parameters: 0.9999999938990594 0.000029031308209117035 -0.00007251330057202028 -0.00002965745615423283 0.9999902934353158 -0.004324994797804925 0.00007225946940340602 0.004324999045069382 0.999990289065616 0.17971120703396082 0.10339373165356847 -0.055195957514271754
FixedParameters: 0 0 0
#Transform 90
Transform: MatrixOffsetTransformBase_double_3_3
Parameters: 0.9999995166933175 -0.0003833438122037317 -0.0005802034929066224 0.0003811257736298876 0.9999929334832557 -0.003731221428029202 0.0005811778692720562 0.0037307775054357464 0.9999927423917718 0.1781693569871834 0.13492189165765467 -0.055762419496616644
FixedParameters: 0 0 0
#Transform 91
Transform: MatrixOffsetTransformBase_double_3_3
Parameters: 0.9999998227413671 0.00014620603930039116 -0.00039446618227368036 -0.0001481025400246542 0.9999930614770803 -0.0035939382837609224 0.00039446598335528304 0.0035940543776345688 0.9999929275345957 0.1748335832932355 0.020089274428272574 -0.004587262242480961
FixedParameters: 0 0 0
#Transform 92
Transform: MatrixOffsetTransformBase_double_3_3
Parameters: 0.9999999622587251 0.0001228449975909989 0.000150063702700134 -0.00012272857965456565 0.9999932800645431 -0.0037020195102035955 -0.00015103212908335108 0.003701982538628988 0.9999932724844649 0.188104293105809 0.10204689093303898 -0.08783279208041961
FixedParameters: 0 0 0
#Transform 93
Transform: MatrixOffsetTransformBase_double_3_3
Parameters: 0.9999999675995572 0.000010992885453022013 -0.00017966675558367694 -0.000011355707700406744 0.9999926508807572 -0.0037879966382458052 0.00017964140529389423 0.0037880006523183865 0.9999926187379505 0.1725733101098541 0.10948389407609227 -0.056570301409507806
FixedParameters: 0 0 0
#Transform 94
Transform: MatrixOffsetTransformBase_double_3_3
Parameters: 0.9999998316771517 0.0003696543902258863 -0.00017843068062942704 -0.00036974649672287584 0.9999954649002724 -0.0028979328716117955 0.00017734543890508925 0.0028980644015477383 0.9999955699409214 0.17016765131998568 0.024701304002405777 -0.00621505158402158
FixedParameters: 0 0 0
#Transform 95
Transform: MatrixOffsetTransformBase_double_3_3
Parameters: 0.9999998188071187 0.00037134992330939 -0.0002083773309561784 -0.0003716093686624625 0.9999955502961827 -0.0028829216667331306 0.00020729292135130065 0.0028830760792183732 0.999995645104216 0.17404709133076324 0.06403401190411273 -0.007834750807646174
FixedParameters: 0 0 0
#Transform 96
Transform: MatrixOffsetTransformBase_double_3_3
Parameters: 0.9999996643546123 0.0003834592336972183 -0.0004345861344441637 -0.000385306244491338 0.9999907989125614 -0.004364836683978961 0.00043234730328833935 0.004365169919315272 0.9999907587788042 0.16756152965508875 0.14848699853463643 -0.05609884136283938
FixedParameters: 0 0 0
#Transform 97
Transform: MatrixOffsetTransformBase_double_3_3
Parameters: 0.9999998097250291 0.000372305063837385 -0.0002275389047006905 -0.0003729074778420717 0.9999943147185494 -0.00339791669064763 0.00022606420999661344 0.0033980857056384803 0.9999944021226381 0.17429679704972045 0.03355510825716124 -0.012553836277234609
FixedParameters: 0 0 0
#Transform 98
Transform: MatrixOffsetTransformBase_double_3_3
Parameters: 0.9999996729928067 0.00011072895741227878 -0.0005606568895916632 -0.00011219295303812521 0.9999957945214218 -0.00303193954528419 0.0005610978448160103 0.003032064576097636 0.9999954923673233 0.1730159495076009 0.08177050735922364 -0.011310236561399734
FixedParameters: 0 0 0
#Transform 99
Transform: MatrixOffsetTransformBase_double_3_3
Parameters: 0.9999999102144642 0.00027395227291979353 -0.00012026699096620152 -0.0002752423198379616 0.9999880709898729 -0.004883967613060369 0.00011958119609568818 0.004884033473949889 0.9999881320217185 0.1867542253070411 0.1576327219511029 -0.04537373205384654
FixedParameters: 0 0 0
#Transform 100
Transform: MatrixOffsetTransformBase_double_3_3
Parameters: 0.9999998535208049 0.0003658015846018228 -0.00011295619601673463 -0.00036583256238731853 0.9999914879037716 -0.004046957146575533 0.0001120510514787687 0.004047039457081486 0.9999916090775544 0.17588459331194883 0.10546565310903588 -0.011645890292228955
FixedParameters: 0 0 0
#Transform 101
Transform: MatrixOffsetTransformBase_double_3_3
Parameters: 0.999999792235081 0.00037440969980922297 -0.000260114088417134 -0.0003747180562355614 0.9999970948887258 -0.002400903095525944 0.00025937297679169176 0.00240109767616941 0.9999971677252901 0.17846551245595776 0.05506665627051177 0.003649701503434244
FixedParameters: 0 0 0
#Transform 102
Transform: MatrixOffsetTransformBase_double_3_3
Parameters: 0.9999997719785072 0.00037585996425127576 -0.00029467795425062906 -0.00037636346518713106 0.9999914802659313 -0.0040468875635949544 0.0002937487908725592 0.004047108877058503 0.9999915351731041 0.17700343884418146 0.09931996414333355 -0.023104842348217858
FixedParameters: 0 0 0
#Transform 103
Transform: MatrixOffsetTransformBase_double_3_3
Parameters: 0.9999998992116031 0.00030856766628564156 -0.000074047085890164 -0.00030921418376434867 0.9999918644936105 -0.004004976943533238 0.0000725710978152675 0.004005022232038906 0.9999919545418465 0.15683668821898777 0.10749386562343943 -0.024715398866604232
FixedParameters: 0 0 0
#Transform 104
Transform: MatrixOffsetTransformBase_double_3_3
Parameters: 0.999999226579166 0.0004029275036989161 -0.00078188188295888 -0.0004061181472643329 0.9999925094870689 -0.00392268135502466 0.000779884545475476 0.003922320161767995 0.9999919449494954 0.17871069536732875 0.07547163698700388 -0.0033261809403910547
FixedParameters: 0 0 0
#Transform 105
Transform: MatrixOffsetTransformBase_double_3_3
Parameters: 0.9999997142250663 0.0003800304210597825 -0.0003758640958667522 -0.00038179975337251985 0.9999882157071354 -0.004861858250016914 0.00037427515063825944 0.004862143989643859 0.9999882201362719 0.15254994066525285 0.15350309963112352 -0.05814817872470712
FixedParameters: 0 0 0
#Transform 106
Transform: MatrixOffsetTransformBase_double_3_3
Parameters: 0.9999998232970473 0.00037074530779832894 -0.00019846898314181683 -0.00037102791952391975 0.9999953328437448 -0.0030869278149834242 0.00019723666940439435 0.003087074576340297 0.999995431261741 0.1749636861696473 0.07255432145058194 -0.002573103176700897
FixedParameters: 0 0 0
#Transform 107
Transform: MatrixOffsetTransformBase_double_3_3
Parameters: 0.999999720902747 0.0003797507420958119 -0.000367714974634967 -0.00038106739260156895 0.9999901593377288 -0.004437861225730623 0.000365455293768507 0.004438140130803285 0.999990169674288 0.16097669847384566 0.118288096959418 -0.03371577893673816
FixedParameters: 0 0 0
#Transform 108
Transform: MatrixOffsetTransformBase_double_3_3
Parameters: 0.9999991966334486 0.0006382776443017697 -0.0006291095263291644 -0.0006414223692562008 0.9999880409682131 -0.004748657799528343 0.0006262048329468509 0.0047493426124370075 0.9999890493982789 0.16004738385086625 0.12531606963825936 -0.03309173405142474
FixedParameters: 0 0 0
#Transform 109
Transform: MatrixOffsetTransformBase_double_3_3
Parameters: 0.999999698362895 0.0003817584646565563 -0.000395217826262314 -0.0003823826235632928 0.9999943174807169 -0.00324584713432019 0.0003938542700573834 0.0032461486152294203 0.9999943078071022 0.1629533261321967 0.06608302751224926 -0.0040795732755043446
FixedParameters: 0 0 0
#Transform 110
Transform: MatrixOffsetTransformBase_double_3_3
Parameters: 0.9999994422103777 0.00039374690555136766 -0.0006347194572310807 -0.00039680626576091125 0.9999849116859173 -0.0054707485115534915 0.0006326280136897508 0.005471249466443971 0.9999846663971937 0.15777785592520388 0.15416072765067668 -0.08268203291937937
FixedParameters: 0 0 0
#Transform 111
Transform: MatrixOffsetTransformBase_double_3_3
Parameters: 0.9999992988080373 0.0012600162488201202 -0.0003364175964052701 -0.0012619602767629313 0.9999854971322967 -0.00528851819134428 0.00033018632534667695 0.005288484213940937 0.9999858647837797 0.14915403430435958 0.15562227346687507 -0.06492804984338818
FixedParameters: 0 0 0
#Transform 112
Transform: MatrixOffsetTransformBase_double_3_3
Parameters: 0.9999993352327935 0.0006036338714362703 -0.0005480616543795691 -0.0006053893863361779 0.9999946680038764 -0.0033206679277047596 0.0005461621737977621 0.0033203364335333413 0.9999946157098056 0.1550661275959868 0.050545680550115435 -0.0002818861987634591
FixedParameters: 0 0 0
#Transform 113
Transform: MatrixOffsetTransformBase_double_3_3
Parameters: 0.9999992064918396 0.00073494392687507 -0.0005031319985891254 -0.0007371587930843894 0.9999913609842221 -0.004019624965881992 0.0005003281910072769 0.00401937060145096 0.9999915326281995 0.16653199702508914 0.07888659146402688 0.004223950726583325
FixedParameters: 0 0 0
#Transform 114
