#Insight Transform File V1.0
#Transform 0
Transform: MatrixOffsetTransformBase_double_3_3
Parameters: 0.9999981447536714 -0.0007244975547116254 0.0015262419702786849 0.0007260783347093537 0.9999988587418417 -0.0008250078028134364 -0.0015261020653908938 0.0008259918600994065 0.9999989231107 0.19917645005942575 -0.13854456954902616 -0.2451442416294327
FixedParameters: 0 0 0
#Transform 1
Transform: MatrixOffsetTransformBase_double_3_3
Parameters: 0.9999980287875573 -0.0011075983951681463 0.0013211593753916391 0.0011079432350323333 0.9999995734712747 -0.0005075335967219471 -0.00132009207889143 0.00050946653658486 0.9999989381712756 0.21993886183257416 -0.14241755188911043 -0.16670211479157615
FixedParameters: 0 0 0
#Transform 2
Transform: MatrixOffsetTransformBase_double_3_3
Parameters: 0.9999993338692573 -0.0005429350485483496 0.0011710473693924699 0.0005438529839605947 0.9999995545756643 -0.0003914226558150366 -0.0011706213485373194 0.0003925767014656342 0.9999994719659151 0.23113572160799833 -0.12683664835121533 -0.13184724056988273
FixedParameters: 0 0 0
#Transform 3
Transform: MatrixOffsetTransformBase_double_3_3
Parameters: 0.9999989387553954 -0.0008649860445022406 0.0011457074071147884 0.0008668928379909737 0.9999987690582205 -0.0012420642884228353 -0.0011446130923853306 0.0012429361990229024 0.9999990820815597 0.21691543983739336 -0.023543662225662843 -0.21614439311970557
FixedParameters: 0 0 0
#Transform 4
Transform: MatrixOffsetTransformBase_double_3_3
Parameters: 0.9999986020429852 -0.0010885252465200463 0.001487453443652044 0.0010887525600187444 0.9999997796050278 -0.0003913742201474765 -0.001487657496834734 0.0003926271113812371 0.9999985151094317 0.23646496232208847 -0.08381972275162752 -0.16047554980445966
FixedParameters: 0 0 0
#Transform 5
Transform: MatrixOffsetTransformBase_double_3_3
Parameters: 0.9999982300749805 -0.0013342103399821754 0.0014110468570519442 0.0013347719372112684 0.999999031726088 -0.000552110475068944 -0.0014096302166517044 0.0005538887161684533 0.999998586730785 0.24088568945070676 -0.07399385800316338 -0.1679754390589352
FixedParameters: 0 0 0
#Transform 6
Transform: MatrixOffsetTransformBase_double_3_3
Parameters: 0.9999973144898855 -0.001516270286907231 0.0015448061042113988 0.0015162980949865162 0.9999988192012689 -0.000007650592651509136 -0.001544778812497544 0.000010349359007184866 0.9999984951266611 0.22998087360500108 -0.049387580182184365 -0.2180446175392916
FixedParameters: 0 0 0
#Transform 7
Transform: MatrixOffsetTransformBase_double_3_3
Parameters: 0.999998096875183 -0.0011618869918460827 0.001597854700714498 0.001161736790134162 0.9999997663878097 0.000047863416533705516 -0.001597963911998746 -0.00004613640436663957 0.9999983260697362 0.24194796111221706 -0.13331856396476383 -0.1413037267482622
FixedParameters: 0 0 0
#Transform 8
Transform: MatrixOffsetTransformBase_double_3_3
Parameters: 0.9999970786684523 -0.0015045627812281324 0.001912488374094827 0.0015055341336034545 0.9999987922298063 -0.00025217359128749256 -0.0019117238104048423 0.0002558248919003192 0.9999981574071382 0.2461284666510295 -0.0810404387267738 -0.18553592544955677
FixedParameters: 0 0 0
#Transform 9
Transform: MatrixOffsetTransformBase_double_3_3
Parameters: 0.9999978068808448 -0.001072520070882924 0.001744367012284377 0.0010721711781931005 0.9999989655121599 0.00010075909146454315 -0.0017445814823306937 -0.00009924046791217472 0.9999988213690884 0.2261498779950557 -0.030624851969065503 -0.25770883248223697
FixedParameters: 0 0 0
#Transform 10
Transform: MatrixOffsetTransformBase_double_3_3
Parameters: 0.9999974200103757 -0.00159281450738519 0.0014298410874622686 0.001592354923623538 0.9999985624737198 0.0001412841301687215 -0.0014292887744792552 -0.0001387166469453277 0.9999988183365084 0.23866274807494392 -0.14983482113989055 -0.15015027906017053
FixedParameters: 0 0 0
#Transform 11
Transform: MatrixOffsetTransformBase_double_3_3
Parameters: 0.999997682446919 -0.0014406760568074898 0.001497781301871447 0.001440980370448709 0.9999988531894606 -0.0004338354765925506 -0.0014965870881335117 0.0004361639225091071 0.9999984508073944 0.24921137340450628 -0.10799848465653383 -0.10915112021561413
FixedParameters: 0 0 0
#Transform 12
Transform: MatrixOffsetTransformBase_double_3_3
Parameters: 0.9999963387785982 -0.0018283504287875698 0.0018215755786162402 0.001829112549132736 0.9999986744551141 -0.0004656558257967458 -0.0018209250877908396 0.0004683451289270654 0.9999982281445917 0.2557492266811323 -0.03674674106672171 -0.17918493768570443
FixedParameters: 0 0 0
#Transform 13
Transform: MatrixOffsetTransformBase_double_3_3
Parameters: 0.9999979767645854 -0.001410000225303869 0.0017420141437075219 0.0014105802574630336 0.9999989429038652 -0.0004345961398922668 -0.001741841916225596 0.00043740505708354804 0.9999986536675981 0.24719189810180353 -0.11367773620918342 -0.12805893515636058
FixedParameters: 0 0 0
#Transform 14
Transform: MatrixOffsetTransformBase_double_3_3
Parameters: 0.9999979663361138 -0.0013293233623002639 0.001125975058594347 0.0013298091691737652 0.9999988565112757 -0.0006585001807696556 -0.0011242806668421445 0.0006604990841397387 0.9999992399439378 0.23668934559410104 -0.07646743036858084 -0.10744981832407063
FixedParameters: 0 0 0
#Transform 15
Transform: MatrixOffsetTransformBase_double_3_3
Parameters: 0.9999972082266283 -0.0013279929984065027 0.0017403535172791024 0.0013290412813540225 0.9999986207937386 -0.0008567411042291195 -0.0017391906314150971 0.0008592594118249849 0.9999981151022934 0.23699094290800815 0.001303457203562175 -0.16422625155013293
FixedParameters: 0 0 0
#Transform 16
Transform: MatrixOffsetTransformBase_double_3_3
Parameters: 0.9999973220463637 -0.0014975308859016539 0.0018534687604177674 0.0014975827845866575 0.9999988790450794 -0.000012276482305770275 -0.001853426830141985 0.000015723442705131707 0.9999984426095094 0.24703321458589755 -0.11686642990150631 -0.11391103941218716
FixedParameters: 0 0 0
#Transform 17
Transform: MatrixOffsetTransformBase_double_3_3
Parameters: 0.9999972435588425 -0.0016631744374198875 0.001729694506434016 0.0016628108978569973 0.9999983819021997 -0.00018217303638165538 -0.0017291434942964048 0.0001848277646472815 0.9999987943120496 0.25345943039596364 -0.06701154521628894 -0.09782184499700008
FixedParameters: 0 0 0
#Transform 18
Transform: MatrixOffsetTransformBase_double_3_3
Parameters: 0.9999973953437732 -0.0017305881772419788 0.0016154604648926393 0.001731085658877283 0.9999981024031381 -0.00015225612126357896 -0.001614927368258507 0.00015574306919823727 0.9999992455093591 0.23530544598105507 -0.024587362269215873 -0.1936787361905914
FixedParameters: 0 0 0
#Transform 19
Transform: MatrixOffsetTransformBase_double_3_3
Parameters: 0.9999971123532243 -0.0014569191535971763 0.0016629542491447345 0.001456464461904716 0.9999988244052237 0.00042037105379216094 -0.0016631174148828878 -0.00041763031923885974 0.9999989368250016 0.2584786352770294 -0.11947991306961114 -0.1259658223465152
FixedParameters: 0 0 0
#Transform 20
Transform: MatrixOffsetTransformBase_double_3_3
Parameters: 0.9999975747590532 -0.0017444974104695087 0.00154336001744747 0.001744691861820409 0.9999980708193057 -0.00006130039905601764 -0.0015431402001604467 0.00006469916886361893 0.9999984960021923 0.2722292771560575 -0.07104657673912129 -0.07332981694382568
FixedParameters: 0 0 0
#Transform 21
Transform: MatrixOffsetTransformBase_double_3_3
Parameters: 0.99999634455897 -0.0017853270464499472 0.0018627941692488219 0.0017839226991509432 0.9999979251126513 0.0003622789900841819 -0.0018630844315064548 -0.00035971994759591286 0.9999981588046216 0.2752103365715328 -0.03987314170640843 -0.07699791320770544
FixedParameters: 0 0 0
#Transform 22
Transform: MatrixOffsetTransformBase_double_3_3
Parameters: 0.9999955670960609 -0.00199124371020147 0.0021132837862103343 0.0019914683655136525 0.999998237811423 0.00018522334346642716 -0.0021139533198639765 -0.00018077724983430604 0.9999972623066623 0.2616827254487788 -0.04896216525466457 -0.09251160373858625
FixedParameters: 0 0 0
#Transform 23
Transform: MatrixOffsetTransformBase_double_3_3
Parameters: 0.999996514228136 -0.001756610041816549 0.0018439314010630023 0.0017563039273751997 0.9999981482900823 0.00008419362456874024 -0.00184422297442211 -0.00008180579564996682 0.9999983521604792 0.2441928602347474 0.006506619763769095 -0.13343450586587835
FixedParameters: 0 0 0
#Transform 24
Transform: MatrixOffsetTransformBase_double_3_3
Parameters: 0.9999964268586451 -0.0020489409763622735 0.0015409043540074133 0.002047199175486472 0.9999976023851767 0.0011752285495607376 -0.001543596094014714 -0.001171771754209086 0.9999980702632537 0.263273300613335 -0.0912105085403141 -0.11471268626742415
FixedParameters: 0 0 0
#Transform 25
Transform: MatrixOffsetTransformBase_double_3_3
Parameters: 0.9999959093564393 -0.0018405840000928894 0.002168351467027903 0.0018353735445232311 0.9999954864985736 0.0025269462855916705 -0.002173284499491792 -0.0025230566896347548 0.9999946715544186 0.2821760507695785 0.02035966174406667 -0.19266891656840812
FixedParameters: 0 0 0
#Transform 26
Transform: MatrixOffsetTransformBase_double_3_3
Parameters: 0.9999966267514245 -0.0020192291396641483 0.001815515310962143 0.0020145206323416514 0.9999944815963512 0.002587680034485333 -0.0018206588917512826 -0.002584318163751473 0.9999947703207405 0.2700073332007662 0.03638009469140968 -0.1656976888297379
FixedParameters: 0 0 0
#Transform 27
Transform: MatrixOffsetTransformBase_double_3_3
Parameters: 0.9999966457041091 -0.002284583435045809 0.0014610857185117176 0.0022820062273710617 0.9999956965078275 0.00182441418458279 -0.001465239755771428 -0.0018215859647703336 0.9999973025202964 0.27018133621845664 0.006881290558311548 -0.10844054796038449
FixedParameters: 0 0 0
#Transform 28
Transform: MatrixOffsetTransformBase_double_3_3
Parameters: 0.9999963534893335 -0.0018383763190094114 0.0018077110585249959 0.0018337523234497155 0.9999951783916171 0.002576334134533724 -0.0018118772569047097 -0.002572667209630161 0.9999949189497661 0.2796990116577689 0.07297183141805874 -0.17259403119280137
FixedParameters: 0 0 0
#Transform 29
Transform: MatrixOffsetTransformBase_double_3_3
Parameters: 0.9999964545936614 -0.0020897773299068186 0.001782694425292775 0.0020862705461958393 0.9999956795325684 0.0017737348134141892 -0.0017869196754259362 -0.0017692602444957309 0.9999964986292535 0.30215632458433106 0.011359626466273198 -0.09109871242384315
FixedParameters: 0 0 0
#Transform 30
Transform: MatrixOffsetTransformBase_double_3_3
Parameters: 0.9999954945620138 -0.002540049931337562 0.0017473775382386154 0.002536462646610034 0.999994459949282 0.0020835151571674745 -0.0017527133754762223 -0.0020784844553397644 0.9999963734617197 0.2990425123460767 0.08853578811242357 -0.11520741388540046
FixedParameters: 0 0 0
#Transform 31
Transform: MatrixOffsetTransformBase_double_3_3
Parameters: 0.9999942538151171 -0.002788630665403197 0.0017236863268358799 0.0027849330233714943 0.9999940945407126 0.001854887468710327 -0.0017288422778823508 -0.0018501124099603028 0.9999972957380087 0.3040993322930632 0.030176063557107113 -0.08093681615736159
FixedParameters: 0 0 0
#Transform 32
Transform: MatrixOffsetTransformBase_double_3_3
Parameters: 0.9999937262256527 -0.0031119982652386417 0.001609079935864522 0.003109137129183052 0.9999936358778823 0.0017272084521128203 -0.0016146392095874825 -0.0017217904276088589 0.9999971425265993 0.3078273504025901 0.07128745077220344 -0.08557490392385603
FixedParameters: 0 0 0
#Transform 33
Transform: MatrixOffsetTransformBase_double_3_3
Parameters: 0.9999941322184257 -0.0026125719174211444 0.002010126292967698 0.0026084103750415658 0.9999946399802536 0.002202333592387265 -0.002016322165121426 -0.00219666896266163 0.9999958165942433 0.3078395441702071 0.07304984114409763 -0.08644060260179742
FixedParameters: 0 0 0
#Transform 34
Transform: MatrixOffsetTransformBase_double_3_3
Parameters: 0.9999955507767236 -0.002704638962184019 0.001460958669901023 0.0027014967044092448 0.9999939431388022 0.0019970872781421914 -0.001466574827643961 -0.001992908981104956 0.9999966475688643 0.3255503611398609 0.03535107731563869 -0.056002636052383536
FixedParameters: 0 0 0
#Transform 35
Transform: MatrixOffsetTransformBase_double_3_3
Parameters: 0.9999938021067141 -0.003177500928212637 0.001761218339276728 0.003173943014452549 0.9999931158733801 0.001775799118096423 -0.001767310372492577 -0.0017701960251796447 0.999996399158395 0.3243448058839391 0.13026108225621158 -0.09178047111375065
FixedParameters: 0 0 0
#Transform 36
Transform: MatrixOffsetTransformBase_double_3_3
Parameters: 0.9999934032465672 -0.003235630027526928 0.0017687959625093581 0.003231918479773001 0.9999926560539223 0.0020599292561625376 -0.001774874868163956 -0.0020540723563591615 0.9999962846535784 0.32493072680868806 0.03278038777476411 -0.07561641694773868
FixedParameters: 0 0 0
#Transform 37
Transform: MatrixOffsetTransformBase_double_3_3
Parameters: 0.999995498628384 -0.002552125656108186 0.001728311889724871 0.002549147297443723 0.9999939489093606 0.0022014916745809535 -0.001733246210594397 -0.0021975088943330875 0.9999958740828058 0.3398151238421576 0.05372032434831908 -0.06209551971767269
FixedParameters: 0 0 0
#Transform 38
Transform: MatrixOffsetTransformBase_double_3_3
Parameters: 0.9999949638829307 -0.0026321660389173286 0.0017627537466375855 0.002628515733027829 0.9999940452806616 0.0020827199455556375 -0.0017684702116578749 -0.002078278011289028 0.9999962616150613 0.2797475300662029 0.12812905176645017 -0.11984754122597963
FixedParameters: 0 0 0
#Transform 39
Transform: MatrixOffsetTransformBase_double_3_3
Parameters: 0.9999933741026731 -0.0030132945767173827 0.0018824979052671606 0.003009972212484103 0.9999928260820926 0.0021128175018645112 -0.0018889210858955795 -0.0021071803008934423 0.9999956437873976 0.31591589095533834 0.040989318418994 -0.07716161380682252
FixedParameters: 0 0 0
#Transform 40
Transform: MatrixOffsetTransformBase_double_3_3
Parameters: 0.9999928939137387 -0.00331046063146999 0.002036323216247428 0.003306148850049225 0.99999271305123 0.002181952616946925 -0.0020434533628812894 -0.002175050962029898 0.9999956890832483 0.34149391404801577 0.054816517316254476 -0.0707167114370435
FixedParameters: 0 0 0
#Transform 41
Transform: MatrixOffsetTransformBase_double_3_3
Parameters: 0.999992875650579 -0.0031098848826832705 0.0021104722696611527 0.003104793867417207 0.9999925236712366 0.0022897111143234117 -0.0021173979915794215 -0.0022832875708898026 0.9999948957673336 0.303952188238398 0.13054479799809826 -0.11514234885819974
FixedParameters: 0 0 0
#Transform 42
Transform: MatrixOffsetTransformBase_double_3_3
Parameters: 0.9999934387624746 -0.0030351861936522774 0.00208531726601579 0.0030311914265225277 0.9999938159765148 0.0018444762103281692 -0.0020912601209452006 -0.0018385217620871808 0.9999958405165663 0.33695539054276935 0.026170488603995068 -0.05273568796482664
FixedParameters: 0 0 0
#Transform 43
Transform: MatrixOffsetTransformBase_double_3_3
Parameters: 0.9999901278042909 -0.003944147268351113 0.002076396706301736 0.003940550128306885 0.999990179088838 0.0021935321952935363 -0.0020853186056326643 -0.0021854698387088756 0.9999953608315081 0.3634968011309354 0.104832237385736 -0.07566195661800634
FixedParameters: 0 0 0
#Transform 44
Transform: MatrixOffsetTransformBase_double_3_3
Parameters: 0.9999918783545105 -0.0035280655105617846 0.0019168520763776888 0.0035232351463587697 0.9999910529812382 0.0024360346400720614 -0.0019257220106270987 -0.002428964130479924 0.9999949911986941 0.31712134271697323 0.12508050742056298 -0.08631436201676479
FixedParameters: 0 0 0
#Transform 45
Transform: MatrixOffsetTransformBase_double_3_3
Parameters: 0.9999921559952585 -0.003023793615954297 0.002387147744496567 0.003017509024599813 0.9999921203310109 0.0026913115045594516 -0.002395984036648748 -0.002684688570403035 0.9999935848964093 0.30598341440470733 0.0585876463097037 -0.08431028938724694
FixedParameters: 0 0 0
#Transform 46
Transform: MatrixOffsetTransformBase_double_3_3
Parameters: 0.9999922328398503 -0.0031884800545972643 0.002366504039891336 0.0031838171326337037 0.9999926528819754 0.0021636398846349297 -0.002372924762139147 -0.002156364612748679 0.9999952487006742 0.2966100906111393 0.1375598018300792 -0.09790018556439861
FixedParameters: 0 0 0
#Transform 47
Transform: MatrixOffsetTransformBase_double_3_3
Parameters: 0.9999913069775203 -0.0033950567423972717 0.0022723492534269195 0.003389944510902985 0.9999914360907618 0.0025569305720110416 -0.0022812704047084553 -0.002549070833278204 0.9999938351897181 0.331732796900468 0.06477901479931347 -0.05536438710242919
FixedParameters: 0 0 0
#Transform 48
Transform: MatrixOffsetTransformBase_double_3_3
Parameters: 0.9999911172985946 -0.003793940929729173 0.0018673525019410127 0.003790380696286161 0.9999904184797284 0.0021614201616064754 -0.0018754371104103286 -0.002154578526086963 0.9999953848415343 0.32605121309235585 0.12988597189367113 -0.0697507875744634
FixedParameters: 0 0 0
#Transform 49
Transform: MatrixOffsetTransformBase_double_3_3
Parameters: 0.9999925620239012 -0.0031119047565118262 0.0021806070150011685 0.0031061456906102502 0.9999920822774792 0.0025839352773743066 -0.002188311026116088 -0.0025770660770442835 0.9999941617122142 0.3110958102702597 0.0934958097533638 -0.030358742877751865
FixedParameters: 0 0 0
#Transform 50
Transform: MatrixOffsetTransformBase_double_3_3
Parameters: 0.9999929154690801 -0.0033057697025589737 0.002038978504763772 0.0033002144733184973 0.999991233683245 0.0026979521701140236 -0.0020474384308491406 -0.0026910502452285184 0.9999941610376295 0.28411051305968726 0.15485338839009444 -0.08832610752624248
FixedParameters: 0 0 0
#Transform 51
Transform: MatrixOffsetTransformBase_double_3_3
Parameters: 0.9999936200668921 -0.0028044579269580175 0.002124837163656472 0.0027979430266089917 0.9999924449680874 0.0028420451996910776 -0.0021333989503643366 -0.002835956351570662 0.9999940551702823 0.26846697739770775 0.09941311604453063 -0.07732444180051345
FixedParameters: 0 0 0
#Transform 52
Transform: MatrixOffsetTransformBase_double_3_3
Parameters: 0.9999947234866934 -0.0025591483729877373 0.0021740660003014144 0.002553157479976997 0.999992441680831 0.0028875847175976674 -0.002181409698970809 -0.002881416229919699 0.9999936410411995 0.26458299020026743 0.08464397838905313 -0.02606352921570476
FixedParameters: 0 0 0
#Transform 53
Transform: MatrixOffsetTransformBase_double_3_3
Parameters: 0.9999948678327663 -0.002708439449972409 0.0016729983714209617 0.0027038771067645876 0.9999930715362186 0.0024306127725166604 -0.0016789173344155383 -0.0024263883457257135 0.9999960010223335 0.2465913486225162 0.15447015972253553 -0.0653200637937772
FixedParameters: 0 0 0
#Transform 54
Transform: MatrixOffsetTransformBase_double_3_3
Parameters: 0.9999950787551733 -0.002577094097445988 0.0018108784309359824 0.00257219421983859 0.999993756375975 0.0026298073228032195 -0.001818122271117573 -0.0026251919166692048 0.9999945148110415 0.25435843548113724 0.09623417267106049 -0.03525043978869746
FixedParameters: 0 0 0
#Transform 55
Transform: MatrixOffsetTransformBase_double_3_3
Parameters: 0.9999947126659977 -0.0026304243397586896 0.0020901924864082 0.0026251299525581646 0.9999937072099717 0.0025985835964275547 -0.002096492449776967 -0.0025934212715847324 0.9999945269508641 0.2802405447352072 0.12397048758089113 -0.014899796934329856
FixedParameters: 0 0 0
#Transform 56
Transform: MatrixOffsetTransformBase_double_3_3
Parameters: 0.9999941540330644 -0.0029257879833705486 0.001812834914294422 0.0029218822676123114 0.9999934853891426 0.002079448222594843 -0.0018187539106375484 -0.0020745509991292876 0.9999960407527914 0.25904864553301366 0.1735370060305712 -0.02286684749604717
FixedParameters: 0 0 0
#Transform 57
Transform: MatrixOffsetTransformBase_double_3_3
Parameters: 0.9999948072210767 -0.0028376615437204827 0.0017717843142816797 0.002834790828682881 0.9999938239223307 0.0018531097567092841 -0.0017770528052528877 -0.001847890842249518 0.9999971345723372 0.2469841257912151 0.1169780641064051 -0.005556804064738685
FixedParameters: 0 0 0
#Transform 58
Transform: MatrixOffsetTransformBase_double_3_3
Parameters: 0.9999948879595112 -0.0026139284385419707 0.002068291313885481 0.0026090042486444785 0.999993043097545 0.002550431329414911 -0.0020752541287305153 -0.002545568352716847 0.9999948601977362 0.23392259007849248 0.1804706725944243 -0.08895516838714457
FixedParameters: 0 0 0
#Transform 59
Transform: MatrixOffsetTransformBase_double_3_3
Parameters: 0.9999943878563775 -0.0027655091220284756 0.0017216230680953174 0.002761781029208482 0.9999928586442797 0.0024098440770176574 -0.0017276458713650037 -0.0024051579053711025 0.9999959370474667 0.22931097499683517 0.08144489032768831 -0.045624927338664634
FixedParameters: 0 0 0
#Transform 60
Transform: MatrixOffsetTransformBase_double_3_3
Parameters: 0.99999405380859 -0.0024133038121495025 0.0022634176372007832 0.002407022673035799 0.9999934469939167 0.0028384826011437422 -0.0022696829222290374 -0.0028325218605818325 0.9999935266052477 0.2594820701231271 0.10214063783503491 -0.0248715722852495
FixedParameters: 0 0 0
#Transform 61
Transform: MatrixOffsetTransformBase_double_3_3
Parameters: 0.9999932626154178 -0.0029390669039787835 0.002024834167257953 0.0029338657003836295 0.9999918104643327 0.0026440403423874936 -0.0020320058432251958 -0.0026389598645747553 0.9999944970376584 0.2553955142004867 0.18060249336771506 -0.044510904635316706
FixedParameters: 0 0 0
#Transform 62
Transform: MatrixOffsetTransformBase_double_3_3
Parameters: 0.9999940860310869 -0.002698504076999062 0.0019061967193707394 0.002692531160947585 0.9999924007264844 0.0027642241405602397 -0.001913799927118059 -0.0027587736376264507 0.9999944334754112 0.2682405817357818 0.0786747077435308 -0.026067094498358756
FixedParameters: 0 0 0
#Transform 63
Transform: MatrixOffsetTransformBase_double_3_3
Parameters: 0.9999942467788632 -0.0026951475357601547 0.0018680441623871139 0.002689389514254317 0.999991403189386 0.0032641773952966843 -0.0018762066247586565 -0.0032588248294111513 0.9999925687041065 0.25272026095288425 0.12908181634887228 -0.12534596893112848
FixedParameters: 0 0 0
#Transform 64
Transform: MatrixOffsetTransformBase_double_3_3
Parameters: 0.9999939561774807 -0.002923859192458164 0.0021198252491993084 0.002917421234382943 0.9999915276425371 0.003051344400326103 -0.002129228506424259 -0.00304465536053327 0.999992847824069 0.2485941005407426 0.06527051273573647 -0.0523620332339334
FixedParameters: 0 0 0
#Transform 65
Transform: MatrixOffsetTransformBase_double_3_3
Parameters: 0.9999907534534164 -0.0032484926427969636 0.0027735707616312107 0.003238611372548798 0.9999889918853533 0.003471104559735011 -0.002785483015799834 -0.0034618916180777226 0.9999897281552126 0.27637291252365515 0.1384040483028457 -0.0027190292362604396
FixedParameters: 0 0 0
#Transform 66
Transform: MatrixOffsetTransformBase_double_3_3
Parameters: 0.9999933193598789 -0.0029462505132944097 0.0022365781740145293 0.0029389159039639847 0.9999912871471118 0.0030796801382975136 -0.002245284692065656 -0.0030733241691579816 0.9999931023857244 0.23843648874468215 0.17931706240351275 -0.10393006300304819
FixedParameters: 0 0 0
#Transform 67
Transform: MatrixOffsetTransformBase_double_3_3
Parameters: 0.9999940305853834 -0.002876299478578853 0.0019226310024172692 0.0028703796808444023 0.9999912924380978 0.0029696173878505927 -0.001931339735815629 -0.0029643829538398628 0.9999941318770691 0.25250642270414403 0.07479479572195658 -0.03784200721533182
FixedParameters: 0 0 0
#Transform 68
Transform: MatrixOffsetTransformBase_double_3_3
Parameters: 0.9999945398431315 -0.0025367991103496714 0.0022410611319237128 0.00252948986004305 0.9999905337998612 0.0035247095668717934 -0.002250385033437915 -0.003519289814095855 0.9999911969294075 0.23051070492257963 0.12512995568350505 -0.0969446376534222
FixedParameters: 0 0 0
#Transform 69
Transform: MatrixOffsetTransformBase_double_3_3
Parameters: 0.9999947158271066 -0.002616047489171278 0.0018551384440805515 0.0026096869933161155 0.9999912668936815 0.0031959334669154973 -0.0018634851574602048 -0.0031910635652877065 0.9999930519539998 0.22927854049501661 0.11600442602583882 -0.07483903983870732
FixedParameters: 0 0 0
#Transform 70
Transform: MatrixOffsetTransformBase_double_3_3
Parameters: 0.999994657257163 -0.002331941828386361 0.002429715414484428 0.0023229882969712833 0.9999905587357336 0.0037946866314392674 -0.002438788035988339 -0.0037893130841838638 0.9999893398099753 0.23451356453961125 0.10849177926003506 -0.036977007586287414
FixedParameters: 0 0 0
#Transform 71
Transform: MatrixOffsetTransformBase_double_3_3
Parameters: 0.9999945390302644 -0.0026366879752401833 0.002123567399554838 0.0026299421064183005 0.9999917078131357 0.003118681665494248 -0.0021315772375976177 -0.0031133158601142144 0.9999924122102383 0.2509851682827957 0.14970369035121678 -0.05088386290294977
FixedParameters: 0 0 0
#Transform 72
Transform: MatrixOffsetTransformBase_double_3_3
Parameters: 0.9999940866648411 -0.0024606574957687804 0.0024203204497959137 0.0024535142345980918 0.999992110155705 0.003037917778967017 -0.002427772912877211 -0.0030320817316633816 0.9999925539634147 0.25730045939391744 0.09161996356519353 -0.03657414718524876
FixedParameters: 0 0 0
#Transform 73
Transform: MatrixOffsetTransformBase_double_3_3
Parameters: 0.9999942982443523 -0.002358008488162658 0.002267254201451909 0.002352569018119837 0.9999936844580443 0.0026613080431287933 -0.0022733727540627715 -0.002655696738906796 0.9999944784665599 0.2526366519254424 0.11339360824770495 -0.11226119495876219
FixedParameters: 0 0 0
#Transform 74
Transform: MatrixOffsetTransformBase_double_3_3
Parameters: 0.999995802101915 -0.0021932001895774316 0.0020948893036755655 0.0021882788528517594 0.9999952410837651 0.002294612672589867 -0.0020996461477773855 -0.00229038833824783 0.9999950498653472 0.2595658297970971 0.085378216773492 -0.10685881363423277
FixedParameters: 0 0 0
#Transform 75
Transform: MatrixOffsetTransformBase_double_3_3
Parameters: 0.9999939651994783 -0.002461848293167776 0.0026409647174425502 0.002455403627619707 0.9999941981036955 0.0024764635792051473 -0.0026467205574221987 -0.002469539280141965 0.9999935355720938 0.2839766892621469 0.015544747412008064 -0.08121348378143978
FixedParameters: 0 0 0
#Transform 76
Transform: MatrixOffsetTransformBase_double_3_3
Parameters: 0.999993770147257 -0.0024097010499802684 0.0025343673021956835 0.0024037175698940873 0.99999427183308 0.00230406695376046 -0.0025400959907306794 -0.0022979303335943085 0.9999939090720976 0.265710384788008 0.09329438917445998 -0.1116355709348511
FixedParameters: 0 0 0
#Transform 77
Transform: MatrixOffsetTransformBase_double_3_3
Parameters: 0.9999916265629725 -0.0030367790491883906 0.002855302518693742 0.003029036792947132 0.9999922186407313 0.0026717042039985164 -0.0028630228095797663 -0.002663297643013804 0.9999921767177967 0.29614168791559337 0.021829820273268297 -0.08343483168196997
FixedParameters: 0 0 0
#Transform 78
Transform: MatrixOffsetTransformBase_double_3_3
Parameters: 0.9999933803998098 -0.002586371145301099 0.0026325567767918547 0.00257938080039466 0.9999930587588093 0.002765772650503741 -0.0026393625364441787 -0.0027582320639676847 0.9999930642593308 0.30134705811749996 0.08782494947713815 -0.13003475002078346
FixedParameters: 0 0 0
#Transform 79
Transform: MatrixOffsetTransformBase_double_3_3
Parameters: 0.9999917104099764 -0.003251587698840621 0.002591783995940192 0.0032447577634339814 0.9999913144750741 0.0025745186638629416 -0.0026000786407206927 -0.0025654798142562274 0.999993186059992 0.28172644019289805 0.16241978300350013 -0.14040973141345603
FixedParameters: 0 0 0
#Transform 80
Transform: MatrixOffsetTransformBase_double_3_3
Parameters: 0.9999919017339559 -0.002744164379913212 0.0027509859320031752 0.002735298653181471 0.9999910294911537 0.0031565159926947306 -0.0027597431134041978 -0.003149480097713195 0.9999909893126139 0.3140097037734222 0.027936891563072663 -0.0819631015659752
FixedParameters: 0 0 0
#Transform 81
Transform: MatrixOffsetTransformBase_double_3_3
Parameters: 0.9999945551462195 -0.002469917942077144 0.002311447782869114 0.0024643278074094645 0.9999932988639628 0.002642730565132527 -0.0023180696659791697 -0.002637266718398819 0.9999933170255098 0.32880610628167517 0.06235000669217072 -0.05063798733580427
FixedParameters: 0 0 0
#Transform 82
Transform: MatrixOffsetTransformBase_double_3_3
Parameters: 0.9999926471371599 -0.0031860880976373506 0.0022803750419483396 0.0031810614068475537 0.9999919506754981 0.0025294198257407446 -0.0022880574863408804 -0.00252258272726872 0.9999939350339787 0.3192651168429137 0.19894870597096315 -0.11991252116311557
FixedParameters: 0 0 0
#Transform 83
Transform: MatrixOffsetTransformBase_double_3_3
Parameters: 0.9999865419693645 -0.0043806284945716294 0.002695929400011861 0.004374170958304072 0.9999878713690546 0.002385162493442214 -0.0027063596984420336 -0.0023728378794359573 0.9999933512267161 0.4269413618611395 0.11246980285378072 -0.06570891545842983
FixedParameters: 0 0 0
#Transform 84
Transform: MatrixOffsetTransformBase_double_3_3
Parameters: 0.9999840690384307 -0.004750833243366318 0.0030593103655547917 0.004742528317885476 0.9999850302628491 0.002710900175241622 -0.0030724632847311606 -0.002696096771358701 0.9999914208160178 0.4542130681596319 0.13133267892771983 -0.06542954568219272
FixedParameters: 0 0 0
#Transform 85
Transform: MatrixOffsetTransformBase_double_3_3
Parameters: 0.9999866499199517 -0.0042913682842783095 0.0028167226247567518 0.004283537143070647 0.999987236325821 0.0028583876885856507 -0.002828670128212329 -0.00284661807162518 0.9999921399252 0.36847811776451067 0.22738162932304817 -0.10855756174130704
FixedParameters: 0 0 0
#Transform 86
Transform: MatrixOffsetTransformBase_double_3_3
Parameters: 0.9999872941007448 -0.0038592356429398306 0.0031329702060994844 0.00384771668306571 0.999986941527434 0.003466204851209055 -0.003146010876434529 -0.0034547988781110234 0.9999894022206155 0.4261917920349134 0.11033227755773112 -0.07538613879583522
FixedParameters: 0 0 0
#Transform 87
Transform: MatrixOffsetTransformBase_double_3_3
Parameters: 0.9999845796408561 -0.004790089223416964 0.002734217327376907 0.004780995655767787 0.9999840149540711 0.0031515274934183213 -0.002749809586154438 -0.0031384742793387 0.9999917824322113 0.4196049721372077 0.12522618354674364 -0.04366298477485486
FixedParameters: 0 0 0
#Transform 88
Transform: MatrixOffsetTransformBase_double_3_3
Parameters: 0.9999889976094 -0.003731809502134191 0.002841570702379357 0.0037239929432696705 0.9999886477281208 0.0028517109585678713 -0.0028522776548793693 -0.002841288912586469 0.9999921446353852 0.3306838128443985 0.23573311334476443 -0.09334480914853316
FixedParameters: 0 0 0
#Transform 89
Transform: MatrixOffsetTransformBase_double_3_3
Parameters: 0.9999816613081906 -0.00515671830099614 0.003121462322029371 0.005147609928808152 0.9999820305607319 0.0030755402471571228 -0.0031374452593680184 -0.0030594629536589424 0.999990811410045 0.4495959437985704 0.10196719572051904 -0.06265100605354235
FixedParameters: 0 0 0
#Transform 90
Transform: MatrixOffsetTransformBase_double_3_3
Parameters: 0.9999823080460157 -0.0046558921158274865 0.0036075601434076713 0.004643330580214956 0.9999828591184635 0.0035469912928727046 -0.0036236637229828833 -0.0035300121120735647 0.9999874066553636 0.4650550019609767 0.14682944601469217 -0.029962605497217965
FixedParameters: 0 0 0
#Transform 91
Transform: MatrixOffsetTransformBase_double_3_3
Parameters: 0.9999848938737002 -0.004688244751029445 0.002850204226894381 0.004678324111726013 0.9999826277256773 0.0035067311595366885 -0.0028673615998078385 -0.0034932633756486822 0.9999897659077948 0.4241671765913111 0.22882294924534108 -0.08129910104051419
FixedParameters: 0 0 0
#Transform 92
Transform: MatrixOffsetTransformBase_double_3_3
Parameters: 0.9999857335962502 -0.004202340539624641 0.0032567987545365465 0.004189691564310366 0.9999837542562746 0.003938869892463316 -0.0032729944690324075 -0.003925135188844499 0.9999870577340471 0.4520413158836334 0.1408989836018577 -0.052987851895466065
FixedParameters: 0 0 0
#Transform 93
Transform: MatrixOffsetTransformBase_double_3_3
Parameters: 0.9999784576407521 -0.00505225962953382 0.004125311728481574 0.0050340946278668265 0.9999769895174156 0.004461994803929781 -0.004147064454013211 -0.004441008959082976 0.9999818357844036 0.486284845416435 0.16922816643318583 -0.01979942355247033
FixedParameters: 0 0 0
#Transform 94
Transform: MatrixOffsetTransformBase_double_3_3
Parameters: 0.9999836926765852 -0.004311008845260468 0.0037046353735653444 0.004293704432333287 0.9999804555601942 0.0044780346233227256 -0.0037241224250538505 -0.004461960469593941 0.9999832748160304 0.4349584296653859 0.2570980306611972 -0.05363316223315451
FixedParameters: 0 0 0
#Transform 95
Transform: MatrixOffsetTransformBase_double_3_3
Parameters: 0.99997886528214 -0.004936943283126627 0.00433130086605049 0.0049137201185948404 0.9999743118870607 0.005276477656642263 -0.0043577942659601895 -0.005255525495134625 0.9999770908840434 0.47036971460583743 0.17119972016622853 -0.025237263880498517
FixedParameters: 0 0 0
#Transform 96
Transform: MatrixOffsetTransformBase_double_3_3
Parameters: 0.9999818081688796 -0.004397759945756438 0.004105181861653438 0.004374083046817253 0.9999743236793683 0.00562706213707323 -0.004130084409924063 -0.005609927031974125 0.9999753483969874 0.4690597632469604 0.2251402546082204 -0.02842831559514991
FixedParameters: 0 0 0
#Transform 97
Transform: MatrixOffsetTransformBase_double_3_3
Parameters: 0.9999839539256469 -0.00403828336652751 0.004091334888617874 0.004015498784824461 0.9999757669209384 0.005667460648286472 -0.004113472049090899 -0.0056515374956025224 0.9999751260926573 0.4468409496067096 0.23413663802136853 -0.024424043307433863
FixedParameters: 0 0 0
#Transform 98
Transform: MatrixOffsetTransformBase_double_3_3
Parameters: 0.9999788189493658 -0.004320173034446649 0.004849462093294334 0.004288825681051719 0.9999700562400243 0.00646171100453246 -0.004877088578885001 -0.0064402935192790015 0.9999675301346431 0.47114589989189426 0.22508404552769434 -0.02544622156932519
FixedParameters: 0 0 0
#Transform 99
Transform: MatrixOffsetTransformBase_double_3_3
Parameters: 0.9999824488905746 -0.004448552483883404 0.003970190655719524 0.004423607024136037 0.9999709547396854 0.006203731711902631 -0.003997654064147029 -0.006185265463996649 0.9999727490898455 0.46743445750411183 0.27002639617175817 -0.011338230425621987
FixedParameters: 0 0 0
#Transform 100
Transform: MatrixOffsetTransformBase_double_3_3
Parameters: 0.9999819178197409 -0.003991951452166343 0.004488539110975915 0.003961059130643897 0.999968407055981 0.006926731523948286 -0.004515647836861199 -0.0069092725868287325 0.9999657912787792 0.46334610365477147 0.2773051600221663 -0.003282376166808376
FixedParameters: 0 0 0
#Transform 101
Transform: MatrixOffsetTransformBase_double_3_3
Parameters: 0.9999854270013175 -0.003528995630437438 0.0040146563044179745 0.0035057962070411887 0.9999763411395117 0.005848968139161657 -0.004035304996226956 -0.005835027916882098 0.9999748268869526 0.4258118459730298 0.29901554694203014 -0.040922224777901306
FixedParameters: 0 0 0
#Transform 102
Transform: MatrixOffsetTransformBase_double_3_3
Parameters: 0.9999765242961618 -0.00490540115252522 0.004733880285784049 0.00486763099993267 0.9999563767883904 0.007959190497443036 -0.004773249582042976 -0.007936800447937556 0.9999568027087732 0.47602369630158137 0.22796759286288193 -0.011697019126614805
FixedParameters: 0 0 0
#Transform 103
Transform: MatrixOffsetTransformBase_double_3_3
Parameters: 0.9999736260919307 -0.004650907382646083 0.005544112989044268 0.004607192184341415 0.9999579754291299 0.007893361528652866 -0.005581403550604766 -0.007867630820157533 0.999953442607859 0.5047932039012721 0.2989097471442079 0.0018321615501264432
FixedParameters: 0 0 0
#Transform 104
Transform: MatrixOffsetTransformBase_double_3_3
Parameters: 0.9999807995575103 -0.004319829137006634 0.004420087194477936 0.004288430419431238 0.9999656870652442 0.0070749794350271275 -0.00445100238122334 -0.0070560178172250285 0.99996526773154 0.46699545939377174 0.3008066594666161 -0.030428625018942057
FixedParameters: 0 0 0
#Transform 105
Transform: MatrixOffsetTransformBase_double_3_3
Parameters: 0.9999757037461681 -0.004410777271590333 0.005370214237427003 0.004362961827396165 0.9999520414828051 0.008792306672639964 -0.0054094100672345295 -0.008768683378860609 0.9999464631564724 0.49804837779385025 0.2659057765154529 0.02048834966606705
FixedParameters: 0 0 0
#Transform 106
Transform: MatrixOffsetTransformBase_double_3_3
Parameters: 0.9999800488277735 -0.004230477632055607 0.004588455363520772 0.00419834411225097 0.9999682382294858 0.006802229035610223 -0.004617857340190678 -0.006782768947687194 0.9999665325363463 0.4617239093781791 0.3269808662417688 -0.012597984256814243
FixedParameters: 0 0 0
#Transform 107
Transform: MatrixOffsetTransformBase_double_3_3
Parameters: 0.9999793223136106 -0.004553210654253442 0.004576934300188552 0.0045167308897299824 0.9999591604168047 0.007786725402752291 -0.004612327721826662 -0.00776526579593801 0.9999592265252704 0.46608517530042093 0.2876964387266554 -0.0017690072965308445
FixedParameters: 0 0 0
#Transform 108
Transform: MatrixOffsetTransformBase_double_3_3
Parameters: 0.9999782904991572 -0.004562056226991599 0.00478545512996996 0.004521770351292741 0.9999552294116848 0.008344667392890547 -0.004822734368436747 -0.00832334548907196 0.9999541459383082 0.4873573992499587 0.3149952613562732 -0.0017836786144584948
FixedParameters: 0 0 0
#Transform 109
Transform: MatrixOffsetTransformBase_double_3_3
Parameters: 0.9999820031983465 -0.004276650595824916 0.004207695241976133 0.004245335880842455 0.9999624547100165 0.007522939936380597 -0.004239767316862956 -0.007505054708398198 0.9999626255265155 0.4503085208449562 0.32673821053312224 -0.020754744493302724
FixedParameters: 0 0 0
#Transform 110
Transform: MatrixOffsetTransformBase_double_3_3
Parameters: 0.9999604144968933 -0.005188760287189539 0.0072566453137244994 0.005015126342723622 0.9997067120050862 0.023711415480809912 -0.0073779632993772855 -0.02367461660838749 0.9996928052800658 0.5423182737239785 0.6452605194121332 0.422898749639927
FixedParameters: 0 0 0
#Transform 111
Transform: MatrixOffsetTransformBase_double_3_3
Parameters: 0.9999626524318306 -0.006179412990841217 0.0060136280990580725 0.006036851847533475 0.9997064408215252 0.023457054127733863 -0.006156285873741035 -0.023419920430249395 0.999706314270322 0.5338097485179389 0.776997649664338 0.3755494354458051
FixedParameters: 0 0 0
#Transform 112
Transform: MatrixOffsetTransformBase_double_3_3
Parameters: 0.9999692222098446 -0.005200693154130325 0.005807743047903696 0.00509672526060756 0.9998294454668373 0.01775782710751224 -0.005899152509957836 -0.017728163811307512 0.9998250896752662 0.5176817750484304 0.6762721012048445 0.19469985908776266
FixedParameters: 0 0 0
#Transform 113
Transform: MatrixOffsetTransformBase_double_3_3
Parameters: 0.999964338469731 -0.00560576995671569 0.006263629752778899 0.005480236256325895 0.9997851473186806 0.019970608571198686 -0.006374148350776806 -0.0199353755635994 0.9997808537129228 0.5472737078367516 0.6402970625094611 0.24950265658432613
FixedParameters: 0 0 0
#Transform 114
Transform: MatrixOffsetTransformBase_double_3_3
Parameters: 0.9999737826880117 -0.005637444983994211 0.00451989673376176 0.005585308289677053 0.9999170100391102 0.011589755826166455 -0.00458555556573453 -0.0115642396092746 0.999922706361927 0.4863983341320477 0.5679247569863719 -0.023317464642161667
FixedParameters: 0 0 0
#Transform 115
Transform: MatrixOffsetTransformBase_double_3_3
