#Insight Transform File V1.0
#Transform 0
Transform: MatrixOffsetTransformBase_double_3_3
Parameters: 0.9999993235094364 0.00046208110628325914 0.0012095337229567863 -0.0004620798955379816 0.999999730796674 -6.216208852244387e-7 -0.0012095341844009172 3.783784381788946e-7 0.9999995927124175 0.2209145190428785 -0.1327882996827725 -0.1809783595065113
FixedParameters: 0 0 0
#Transform 1
Transform: MatrixOffsetTransformBase_double_3_3
Parameters: 0.9999986368312553 0.0008159360837321964 0.0013028488609044791 -0.0008164193830652456 0.9999992437584295 0.0001848737878213519 -0.0013025460578374455 -0.00018612569367667392 0.9999993242525665 0.253294918275202 -0.1608704953872575 -0.15717896822624766
FixedParameters: 0 0 0
#Transform 2
Transform: MatrixOffsetTransformBase_double_3_3
Parameters: 0.9999992632195833 0.0005101101706670784 0.0006903386766753737 -0.0005097870356602224 0.9999996851960141 -0.00023435191318325194 -0.0006905773320000483 0.00023364771637760656 0.9999994685116557 0.25020279112742116 -0.15383430410385301 -0.09675019048178513
FixedParameters: 0 0 0
#Transform 3
Transform: MatrixOffsetTransformBase_double_3_3
Parameters: 0.9999996458059348 0.0002770825819017072 0.0011302301064336833 -0.00027581315822902415 0.9999995526093716 -0.0005613748359138832 -0.0011305405567328113 0.000561624412264268 0.9999994626324062 0.2646602548321937 -0.06180571519513478 -0.17735550608226447
FixedParameters: 0 0 0
#Transform 4
Transform: MatrixOffsetTransformBase_double_3_3
Parameters: 0.9999993186994853 0.0006177073355836205 0.0005474830580216375 -0.0006175145827876765 0.9999995875802689 -0.00017633807357274323 -0.000547700456362551 0.0001756616757060958 0.9999996691672607 0.2538284653155216 -0.06248253892131572 -0.16836197798232888
FixedParameters: 0 0 0
#Transform 5
Transform: MatrixOffsetTransformBase_double_3_3
Parameters: 0.9999991259456164 0.0006684777453513699 0.0011946512285353015 -0.0006681635278889374 0.9999994803702152 -0.0001318610711181084 -0.0011948269960599589 0.0001311386944580148 0.9999996109911083 0.27279747716443126 -0.13978066333999095 -0.12215156921307369
FixedParameters: 0 0 0
#Transform 6
Transform: MatrixOffsetTransformBase_double_3_3
Parameters: 0.9999991601398015 0.0002964960184575602 0.0008673509888041557 -0.00029669613347068393 0.9999994380674273 0.000690683819233158 -0.000866881785806573 -0.000691316590200379 0.9999997671098949 0.2723072253893548 -0.08616638164644996 -0.09998710099816321
FixedParameters: 0 0 0
#Transform 7
Transform: MatrixOffsetTransformBase_double_3_3
Parameters: 0.9999998719208361 0.0004696455859596895 0.0009523584496832789 -0.0004700246731996603 0.9999996736296289 -0.00032544759773896204 -0.000952723148268816 0.0003245525233526794 0.9999989870412956 0.2583415367674462 -0.03968361355312311 -0.18695707685228058
FixedParameters: 0 0 0
#Transform 8
Transform: MatrixOffsetTransformBase_double_3_3
Parameters: 0.9999993783139414 0.00033380553153255653 0.001228926260591291 -0.00033359906595952063 0.9999998851038715 -0.00008446925436653846 -0.0012289823221415435 0.00008353064000448523 0.9999994790982366 0.27028511443741365 -0.16556003713695588 -0.14646260720762427
FixedParameters: 0 0 0
#Transform 9
Transform: MatrixOffsetTransformBase_double_3_3
Parameters: 0.9999990981028142 0.00019220716307361783 0.00093002837558708 -0.00019215508023122255 0.9999999622823545 -0.000028178709819852432 -0.000930039137411805 0.000027821239629167993 0.9999991342524611 0.2836866181793738 -0.13761596322397907 -0.09866799194290365
FixedParameters: 0 0 0
#Transform 10
Transform: MatrixOffsetTransformBase_double_3_3
Parameters: 1.0000000159347726 -0.0000582566217169436 0.0009902887626026913 0.00005840909353693823 0.9999996625526985 -0.000581001745103539 -0.0009902802861321556 0.0005809988731672322 0.9999996782593772 0.25344289484799276 -0.05552538792032635 -0.26909994438371143
FixedParameters: 0 0 0
#Transform 11
Transform: MatrixOffsetTransformBase_double_3_3
Parameters: 0.9999995862145497 0.000576452411925575 0.0010399460127336925 -0.0005762184085431718 0.9999995959792721 -0.00011260275212662124 -0.0010400756873574684 0.00011239692692351783 0.9999989649230876 0.2582746021000446 -0.1657315080517492 -0.19331078888875197
FixedParameters: 0 0 0
#Transform 12
Transform: MatrixOffsetTransformBase_double_3_3
Parameters: 0.9999993896574394 0.0003830132376053599 0.0012098114608241116 -0.0003828329702602684 0.99999979213494 -0.00007452594888675279 -0.0012098685157947127 0.0000744739593450533 0.9999995864221688 0.2718494920325014 -0.14470549179145564 -0.15438120206150074
FixedParameters: 0 0 0
#Transform 13
Transform: MatrixOffsetTransformBase_double_3_3
Parameters: 0.9999988015778534 0.0004177798236996395 0.001423122208784145 -0.000416932832703154 0.9999996686864546 -0.0003186563521507743 -0.0014223898243738446 0.00031834332083490596 0.9999989300069534 0.2609647333400602 -0.08862172293160597 -0.19617133841559564
FixedParameters: 0 0 0
#Transform 14
Transform: MatrixOffsetTransformBase_double_3_3
Parameters: 0.9999990271576745 0.0006061606581519941 0.0012670481593389257 -0.0006056702640165683 0.9999995397391284 -0.0001938303192262278 -0.0012672826478609747 0.00019316928979368903 0.9999994125342112 0.26258470021676317 -0.05973772516558995 -0.23621642919907515
FixedParameters: 0 0 0
#Transform 15
Transform: MatrixOffsetTransformBase_double_3_3
Parameters: 0.9999997197150841 0.0006115588438697024 0.0009519874257784705 -0.0006116806923272246 0.9999996218252255 0.00006341768725497132 -0.0009519091376871178 -0.00006458214834471898 0.9999990896981492 0.2589806036405946 -0.14743606952356458 -0.18409539047361534
FixedParameters: 0 0 0
#Transform 16
Transform: MatrixOffsetTransformBase_double_3_3
Parameters: 0.9999992271837024 0.0002957209018213242 0.0008278676519206716 -0.0002951098542142512 0.9999997765684115 -0.00036924426189365034 -0.0008280856680559878 0.00036875506728063084 0.9999991782935382 0.275355551511808 -0.08667662561708767 -0.1405494266462739
FixedParameters: 0 0 0
#Transform 17
Transform: MatrixOffsetTransformBase_double_3_3
Parameters: 0.9999990427187562 0.0003722615445076013 0.001348592639757539 -0.0003731043406002881 0.9999997077669223 0.00031243439693916936 -0.0013483597124811914 -0.0003125649437256267 0.9999991396395479 0.254858578639201 -0.02065424941309857 -0.33282910657523246
FixedParameters: 0 0 0
#Transform 18
Transform: MatrixOffsetTransformBase_double_3_3
Parameters: 0.9999993337504839 0.00010902099010944531 0.0008089273738799351 -0.00010941735057554933 0.9999999280464651 0.00024491147457551127 -0.0008088738562706091 -0.0002450881695506349 0.9999992856541061 0.2751466656045807 -0.12729401635225202 -0.21595262856835973
FixedParameters: 0 0 0
#Transform 19
Transform: MatrixOffsetTransformBase_double_3_3
Parameters: 0.9999994491658053 0.00013370946271118347 0.0012381260347581547 -0.0001339050836737344 0.9999999793719394 0.00007877508501415859 -0.0012381048928809632 -0.00007922482696844785 0.9999994573119095 0.29481276865126915 -0.12932340016362787 -0.17847998677943622
FixedParameters: 0 0 0
#Transform 20
Transform: MatrixOffsetTransformBase_double_3_3
Parameters: 0.9999997221586141 0.000158007191151546 0.001119319416821387 -0.00015778220363066005 0.9999999092843638 -0.0001002394270259721 -0.0011193511532848904 0.00010076051509762263 0.9999997926740484 0.2768855122393603 -0.06385250484569838 -0.22986047194400783
FixedParameters: 0 0 0
#Transform 21
Transform: MatrixOffsetTransformBase_double_3_3
Parameters: 0.999999342613244 0.0005471142555132696 0.0011653550021531753 -0.00054656880831483 0.9999996497251687 -0.00023469637036838825 -0.001165610923557651 0.00023330329634889402 0.999999583376477 0.2785121821702745 -0.1342018654416819 -0.1865769592412505
FixedParameters: 0 0 0
#Transform 22
Transform: MatrixOffsetTransformBase_double_3_3
Parameters: 0.9999983262998261 0.0008737593628014018 0.001382114913580834 -0.0008733626586345407 0.9999991606129612 -0.00014426994893863843 -0.0013823656245923164 0.0001427295647996596 0.999999124502557 0.27734374635006986 -0.10713865827329982 -0.21600778226708428
FixedParameters: 0 0 0
#Transform 23
Transform: MatrixOffsetTransformBase_double_3_3
Parameters: 0.9999984500753868 0.0007166263639835789 0.0014270139394671857 -0.0007166334976343685 0.9999994307499572 0.0000019146361339428264 -0.0014270103553861706 -0.0000030853561166985233 0.9999990193129641 0.2801599806275732 -0.0790520182705734 -0.2065709179415336
FixedParameters: 0 0 0
#Transform 24
Transform: MatrixOffsetTransformBase_double_3_3
Parameters: 0.9999991992036696 0.0001788938404721842 0.001330056493726661 -0.00017898616193202333 0.9999998033979915 0.0004097030772014093 -0.0013298504560369383 -0.00041029744530433204 0.999999059605362 0.31536120118971667 -0.12442645089119253 -0.16351547464702776
FixedParameters: 0 0 0
#Transform 25
Transform: MatrixOffsetTransformBase_double_3_3
Parameters: 0.9999984987631182 0.00016152125843834053 0.0015732593384459473 -0.00016042937605024833 0.9999998571949851 -0.0003473119046891182 -0.0015733710551262394 0.00034668696988724573 0.9999984007504676 0.30156262652390353 -0.0662154404117814 -0.20209747480721774
FixedParameters: 0 0 0
#Transform 26
Transform: MatrixOffsetTransformBase_double_3_3
Parameters: 0.9999990142454495 0.0006298489882754412 0.001260851984921783 -0.0006298478613652773 0.9999993911860706 0.0003951434691175093 -0.0012602944670971551 -0.00039585684842225605 0.9999993102187326 0.2836111795265879 -0.08280524359125252 -0.1958605971407934
FixedParameters: 0 0 0
#Transform 27
Transform: MatrixOffsetTransformBase_double_3_3
Parameters: 0.9999994393586169 0.0006412935388630084 0.001072093437109286 -0.0006418198581950656 0.9999994724502536 0.00024524942067403327 -0.0010717784318604417 -0.0002457502744580148 0.9999998463681469 0.3005585297207176 -0.12174233077925578 -0.17678335161649272
FixedParameters: 0 0 0
#Transform 28
Transform: MatrixOffsetTransformBase_double_3_3
Parameters: 0.9999984278630837 0.0005987255176437689 0.0017926693228091583 -0.0005987488204837132 0.9999995893036507 0.000005804732216362074 -0.0017926615383660695 -0.000007195247345929967 0.9999988384751894 0.29342241618985554 -0.056943969836609654 -0.2710835357743093
FixedParameters: 0 0 0
#Transform 29
Transform: MatrixOffsetTransformBase_double_3_3
Parameters: 0.999999532188219 0.0006442772738954181 0.0010260201861650357 -0.0006442916371186928 0.9999995848483538 0.000006338943465827862 -0.0010260111653780713 -0.000007661035984637965 0.9999989472423334 0.2848840287871468 -0.09009867703306895 -0.21632117946234075
FixedParameters: 0 0 0
#Transform 30
Transform: MatrixOffsetTransformBase_double_3_3
Parameters: 0.9999979928631985 0.0006084032071921349 0.0016240940788002773 -0.0006081178732829434 0.9999995261537883 0.00021894984752082736 -0.001623767744860055 -0.00022005083519451712 0.9999983703485917 0.31304629740927226 -0.1390122598025556 -0.1658205405027502
FixedParameters: 0 0 0
#Transform 31
Transform: MatrixOffsetTransformBase_double_3_3
Parameters: 0.999998040029056 0.0005018702670570075 0.0016458103111811936 -0.0005016997915869674 0.9999996292747146 0.00025111181249698467 -0.0016454986059202866 -0.00025188878282158406 0.9999982842495213 0.2893899847611152 -0.0400956196549771 -0.2591296783117656
FixedParameters: 0 0 0
#Transform 32
Transform: MatrixOffsetTransformBase_double_3_3
Parameters: 0.9999988481845182 0.0006051023853067382 0.0016692419350069934 -0.0006060834039675612 0.9999991667226662 0.0005929224476796321 -0.0016684643947357956 -0.0005930762132138889 0.999997978164648 0.3003238973658853 -0.09427268794384247 -0.25741446917449196
FixedParameters: 0 0 0
#Transform 33
Transform: MatrixOffsetTransformBase_double_3_3
Parameters: 0.9999981325440906 0.0003553291754301197 0.0016552995956650946 -0.0003565562518447923 0.9999994042394252 0.0006892924389121716 -0.001655747326589983 -0.0006907077919801954 0.9999987761040976 0.3022257706714413 -0.11909229953089095 -0.197568223876587
FixedParameters: 0 0 0
#Transform 34
Transform: MatrixOffsetTransformBase_double_3_3
Parameters: 0.9999988154832156 0.0006043639269406588 0.0016792749376194286 -0.0006056337944666804 0.999999125508782 0.0006748620953717227 -0.0016783982756936563 -0.0006761373278853858 0.9999987773737469 0.3053401039296233 -0.035847163941923554 -0.29032451683610816
FixedParameters: 0 0 0
#Transform 35
Transform: MatrixOffsetTransformBase_double_3_3
Parameters: 0.9999982392585924 0.0006111896696293308 0.00154501991978393 -0.0006137644228675034 0.9999982629846946 0.001498986613232861 -0.0015440633386811797 -0.0014990110815502264 0.9999974822702291 0.29368286226132057 -0.07162463194181612 -0.20834332788953702
FixedParameters: 0 0 0
#Transform 36
Transform: MatrixOffsetTransformBase_double_3_3
Parameters: 0.999998174059853 0.0006106468014859935 0.0015666699875731289 -0.0006117557116415585 0.9999995876748756 0.000990980860501041 -0.0015653393598676327 -0.0009920205892257478 0.9999986202371853 0.28358656370797064 -0.047578536225557855 -0.21575993930213144
FixedParameters: 0 0 0
#Transform 37
Transform: MatrixOffsetTransformBase_double_3_3
Parameters: 0.9999984423961562 -0.00008820203293996782 0.001884117125033932 0.00008658815379537581 0.9999995036652883 0.0012230478010968257 -0.0018841529743679366 -0.0012229552804518679 0.9999979472655599 0.289094246406961 -0.026051744503064356 -0.2647516336427458
FixedParameters: 0 0 0
#Transform 38
Transform: MatrixOffsetTransformBase_double_3_3
Parameters: 0.9999987435318293 0.0006224327166629354 0.0013671589319349238 -0.0006236341515327788 0.9999991364709765 0.0011910865565017692 -0.0013665538676984924 -0.0011919151902532593 0.9999987677118171 0.30110923526883937 -0.10401922011568843 -0.19887720973578382
FixedParameters: 0 0 0
#Transform 39
Transform: MatrixOffsetTransformBase_double_3_3
Parameters: 0.999997909586451 0.00015880064171243637 0.0020163710122346468 -0.00016263265306120124 0.999998832532622 0.001445552912912193 -0.0020157877671602405 -0.0014454447910371565 0.9999968981102955 0.3002669070991857 -0.020795179950312104 -0.2494174476353237
FixedParameters: 0 0 0
#Transform 40
Transform: MatrixOffsetTransformBase_double_3_3
Parameters: 0.9999982354750635 0.00016332874488794063 0.0019335673887826343 -0.00016694943226202563 0.9999990487224372 0.0017106215355703475 -0.0019328243611657706 -0.0017113784342325244 0.999996331701354 0.28906533752567043 -0.010476346451369523 -0.26093790956993246
FixedParameters: 0 0 0
#Transform 41
Transform: MatrixOffsetTransformBase_double_3_3
Parameters: 0.999998598264615 0.00016993392332305133 0.0018366866795948337 -0.00017284981211937854 0.9999991295499657 0.0013375635657412802 -0.001836109592703895 -0.0013374368952897009 0.9999978908971215 0.31304480364178744 -0.0697273586081053 -0.1937417926203011
FixedParameters: 0 0 0
#Transform 42
Transform: MatrixOffsetTransformBase_double_3_3
Parameters: 0.9999975753973412 0.0008859021693955755 0.002153745683352618 -0.0008888011854994873 0.9999991489007454 0.0013950237696510603 -0.0021530867530561203 -0.001396977921757872 0.9999965288552671 0.313496261080914 -0.035921746737571425 -0.195210231265591
FixedParameters: 0 0 0
#Transform 43
Transform: MatrixOffsetTransformBase_double_3_3
Parameters: 0.9999993450390173 0.0002047224929395843 0.0012696747471252691 -0.00020637242808905338 0.9999998213948954 0.0010657388947455798 -0.0012701754529073944 -0.0010662609541663218 0.9999982509310101 0.2919154550756389 -0.01819734228007519 -0.1407244692630627
FixedParameters: 0 0 0
#Transform 44
Transform: MatrixOffsetTransformBase_double_3_3
Parameters: 0.9999974959756076 0.0003483075386862348 0.0020938289391412195 -0.0003496189103122063 0.9999997682430586 0.001028149062051821 -0.002092933200253942 -0.001028853932250294 0.9999976121022032 0.30054131509616866 -0.029749000262413006 -0.13550999061727964
FixedParameters: 0 0 0
#Transform 45
Transform: MatrixOffsetTransformBase_double_3_3
Parameters: 0.9999984582804589 0.00025157378600704325 0.0015740274144477387 -0.00025259088229905924 0.9999999873950318 0.0009755452107202273 -0.001574414975712948 -0.0009764572824151191 0.9999985657297132 0.303694810015827 0.019542849201371837 -0.1644398077523448
FixedParameters: 0 0 0
#Transform 46
Transform: MatrixOffsetTransformBase_double_3_3
Parameters: 0.9999975581578455 0.0006361413746870992 0.002009342862308323 -0.0006388266190906947 0.9999985008318317 0.0014275972538544818 -0.002008341886280192 -0.0014294023117636598 0.999996976095685 0.3094569101679667 -0.06356899432398677 -0.1471629023466221
FixedParameters: 0 0 0
#Transform 47
Transform: MatrixOffsetTransformBase_double_3_3
Parameters: 0.9999978543951517 0.00042740377679283294 0.001990491986340049 -0.0004300155518948935 0.9999993892829544 0.0011720252136855625 -0.0019903662872802455 -0.0011729756900656849 0.9999977155950184 0.3019629062515321 0.006814587544951678 -0.16655732550213997
FixedParameters: 0 0 0
#Transform 48
Transform: MatrixOffsetTransformBase_double_3_3
Parameters: 0.9999990213876891 0.0001770976903320507 0.0017169180012429183 -0.00017991973234311848 0.9999989426382805 0.0014036298195361369 -0.001716298314221817 -0.0014033681172331697 0.9999971391229966 0.2979911374577 -0.03447594750646488 -0.132957381713652
FixedParameters: 0 0 0
#Transform 49
Transform: MatrixOffsetTransformBase_double_3_3
Parameters: 0.9999981883633128 0.0007763948964198985 0.0017915781642032992 -0.0007789352543564232 0.9999988405020496 0.0015615422391572764 -0.0017899690540557184 -0.0015624599582086465 0.9999974681625252 0.3055981137737831 0.005185820678661912 -0.18640953653617487
FixedParameters: 0 0 0
#Transform 50
Transform: MatrixOffsetTransformBase_double_3_3
Parameters: 0.999998874814839 0.0007892562984832986 0.0015819268410673234 -0.0007919803995924474 0.9999990310867928 0.0015107462201108743 -0.001580416425108659 -0.0015122534640032298 0.9999972744580325 0.30289637616918696 -0.044067060292249494 -0.1576847449668719
FixedParameters: 0 0 0
#Transform 51
Transform: MatrixOffsetTransformBase_double_3_3
Parameters: 0.9999980485124741 0.0007923724039779308 0.0015242478306069919 -0.000794686655278085 0.9999980834577947 0.0017807257194165371 -0.0015232398334137135 -0.0017812764658412875 0.9999976211192019 0.2843040726049395 -0.04250317390109615 -0.14166814818906914
FixedParameters: 0 0 0
#Transform 52
Transform: MatrixOffsetTransformBase_double_3_3
Parameters: 0.9999982750707284 0.0007163506378249873 0.0017923432376779106 -0.0007207106789488122 0.9999981451893537 0.002068651142252971 -0.0017901895507758973 -0.002070350746592141 0.9999965642002768 0.2862635646729501 0.05028638275453545 -0.22078747570084545
FixedParameters: 0 0 0
#Transform 53
Transform: MatrixOffsetTransformBase_double_3_3
Parameters: 0.9999985625700522 0.0006920636622682611 0.0013993187535555568 -0.0006954860332177236 0.9999970037485384 0.002335967673672064 -0.0013978952964407876 -0.0023370337521716744 0.999996640332206 0.2921793721091177 -0.05874819813394083 -0.17604915603750726
FixedParameters: 0 0 0
#Transform 54
Transform: MatrixOffsetTransformBase_double_3_3
Parameters: 0.9999988009304694 0.0007860921738020508 0.0016067185300897516 -0.0007902412811472883 0.9999967053323635 0.0025716737135893647 -0.0016044226535176919 -0.0025733300717528315 0.9999958600436165 0.30694436884495246 0.012827700584495005 -0.18090691653335966
FixedParameters: 0 0 0
#Transform 55
Transform: MatrixOffsetTransformBase_double_3_3
Parameters: 0.9999984827469603 0.0007985032375597526 0.001371485081066944 -0.0008038815734570757 0.9999905318758238 0.004214839951416617 -0.001367369065099439 -0.004216159751280937 0.9999904098117082 0.27353113613276037 0.10564272784991147 -0.31784940168977016
FixedParameters: 0 0 0
#Transform 56
Transform: MatrixOffsetTransformBase_double_3_3
Parameters: 0.9999980660183535 0.0010312267312733631 0.001367404155975125 -0.001036421385552542 0.9999939660047379 0.0034495864999405657 -0.001364025440184017 -0.0034514173633562253 0.9999932880115483 0.2715459173237065 -0.007014421271378524 -0.22508581837918484
FixedParameters: 0 0 0
#Transform 57
Transform: MatrixOffsetTransformBase_double_3_3
Parameters: 0.9999987839765784 0.0007837238544569945 0.0016127117753681295 -0.0007899058008443059 0.9999924434624454 0.0038496682572257412 -0.0016102904005318723 -0.0038503366416116347 0.9999916953618007 0.290872185288066 0.0823731226244746 -0.24736294818750082
FixedParameters: 0 0 0
#Transform 58
Transform: MatrixOffsetTransformBase_double_3_3
Parameters: 0.9999991189859377 0.00037405584972807684 0.001319386117014306 -0.0003798607738132066 0.9999916714429475 0.004138498912057864 -0.0013179659688261683 -0.00413850012143438 0.9999901930200633 0.27979490078894287 0.10195390654907044 -0.27409709924850745
FixedParameters: 0 0 0
#Transform 59
Transform: MatrixOffsetTransformBase_double_3_3
Parameters: 0.9999979797149223 0.0013647707489152683 0.0010763095220139454 -0.0013687124777925182 0.999991313989667 0.0038335247916980036 -0.0010705832672310675 -0.0038344731220667505 0.999992266491089 0.2720709869996085 0.05766793742320431 -0.2020611882031602
FixedParameters: 0 0 0
#Transform 60
Transform: MatrixOffsetTransformBase_double_3_3
Parameters: 0.9999988207943799 0.0006474929580559559 0.0013265522184025963 -0.0006525889831167981 0.9999925219277318 0.0038721346761078773 -0.0013242158183843094 -0.0038728648244458486 0.9999913062274522 0.3004772107468625 0.12833303849292577 -0.228678204563451
FixedParameters: 0 0 0
#Transform 61
Transform: MatrixOffsetTransformBase_double_3_3
Parameters: 0.9999993148297591 0.0003275114996941009 0.0012558065874751633 -0.00033070326281396233 0.9999954387246819 0.0029075270792743163 -0.0012556517504465348 -0.0029084720228645528 0.9999949631370016 0.31016055143361143 0.11039081257536054 -0.12266096710357033
FixedParameters: 0 0 0
#Transform 62
Transform: MatrixOffsetTransformBase_double_3_3
Parameters: 0.9999998361227115 -0.00038356411412984916 0.0010086938421419171 0.0003824133072447017 0.9999997800239739 0.0010363866982062223 -0.0010084298487362327 -0.0010356141623705725 0.9999989095046995 0.3197773851331789 0.15628506734232417 -0.0002352875670510457
FixedParameters: 0 0 0
#Transform 63
Transform: MatrixOffsetTransformBase_double_3_3
Parameters: 0.9999998284761613 0.00016750861519736267 0.0003787673074823649 -0.00016817271449588367 0.9999992027021287 0.0008769356272469581 -0.00037847291473268996 -0.0008770627228493338 0.9999990875174796 0.2894620289239356 0.16796364754512183 -0.03623272680178502
FixedParameters: 0 0 0
#Transform 64
Transform: MatrixOffsetTransformBase_double_3_3
Parameters: 0.9999998874312171 -0.000023488489331575805 0.0003351912415435712 0.000022297122452800494 0.9999981399976472 0.0016910060206298122 -0.0003342704243587246 -0.001690990694897386 0.9999980284732924 0.3159417461378098 0.1350372076952624 -0.04178737312116709
FixedParameters: 0 0 0
#Transform 65
Transform: MatrixOffsetTransformBase_double_3_3
Parameters: 1.0000000686027213 0.00003603915590271347 0.0009640158539776764 -0.00003770396762321053 0.9999982775977257 0.0019289641911257177 -0.0009647532319537496 -0.0019290353067526814 0.9999973489151486 0.3162054573988229 0.17322200010299582 -0.11101621318350396
FixedParameters: 0 0 0
#Transform 66
Transform: MatrixOffsetTransformBase_double_3_3
Parameters: 0.9999995584454121 0.000021470687767922755 0.001200572671748082 -0.00002322010899974185 0.9999980984366854 0.001975915085307846 -0.0012003064426235933 -0.0019760871377633923 0.9999976508419367 0.29739052626969453 0.13653952527072022 -0.10727427766407516
FixedParameters: 0 0 0
#Transform 67
Transform: MatrixOffsetTransformBase_double_3_3
Parameters: 0.9999992114158602 -0.00037052701401464345 0.0012846851346823233 0.00036823120123672125 0.9999976317079844 0.002058415433363117 -0.001286027584229498 -0.00205758426704223 0.9999971089678241 0.3212713340443827 0.08367294709275086 -0.08589799437234547
FixedParameters: 0 0 0
#Transform 68
Transform: MatrixOffsetTransformBase_double_3_3
Parameters: 0.9999984284426626 -0.0005762666435219976 0.0017998445555367977 0.0005713321270386532 0.9999966730720893 0.0024629181906367786 -0.0018014350593278591 -0.0024620815466363383 0.9999956275295752 0.36046991289342145 0.13408219014401368 -0.11077817473520213
FixedParameters: 0 0 0
#Transform 69
Transform: MatrixOffsetTransformBase_double_3_3
Parameters: 0.9999987192967112 -0.0006215465562546594 0.0013764881283734817 0.0006179846938939621 0.9999976925946225 0.0019967969890509474 -0.0013778460038615622 -0.0019962013129307676 0.9999970546685176 0.35994850651294996 0.09131832431103248 -0.06536923159676178
FixedParameters: 0 0 0
#Transform 70
Transform: MatrixOffsetTransformBase_double_3_3
Parameters: 0.999998993652017 -0.0008380937863555344 0.001142090008616287 0.0008354131947315932 0.9999988515716628 0.0015839599981410588 -0.0011436824642807408 -0.0015830403325809775 0.9999981271298807 0.3570949035826345 0.11182596698346003 -0.03972255834108296
FixedParameters: 0 0 0
#Transform 71
Transform: MatrixOffsetTransformBase_double_3_3
Parameters: 0.9999979334740007 -0.0011998806822303841 0.001904551681327166 0.001195393496557053 0.9999967339666619 0.002441231956199885 -0.0019071049145366317 -0.002438771300507396 0.999995292266576 0.37037368494662815 0.2605900182899603 -0.1176285136460109
FixedParameters: 0 0 0
#Transform 72
Transform: MatrixOffsetTransformBase_double_3_3
Parameters: 0.9999984582573934 -0.0008447902342266258 0.001681318519094985 0.0008417366556177509 0.9999970432828589 0.0020773038475407 -0.0016835851364867941 -0.00207569611444907 0.9999967912534766 0.3715305771149673 0.17973443655233723 -0.08080418378449394
FixedParameters: 0 0 0
#Transform 73
Transform: MatrixOffsetTransformBase_double_3_3
Parameters: 0.9999987492657227 -0.0004907418904804851 0.0017348619411218214 0.0004858415992811883 0.9999958047285004 0.002832733581211083 -0.0017363333498049912 -0.00283226839463864 0.9999948983740105 0.3657208010295392 0.12923930717843746 -0.09134950685613319
FixedParameters: 0 0 0
#Transform 74
Transform: MatrixOffsetTransformBase_double_3_3
Parameters: 0.9999977600760926 -0.0004208471855159277 0.0020157772314686223 0.0004147802955732036 0.9999964523911871 0.0027277282029781608 -0.00201676163893632 -0.0027272731219710467 0.99999442912551 0.38174472079059285 0.19254649960437575 -0.08788599529883356
FixedParameters: 0 0 0
#Transform 75
Transform: MatrixOffsetTransformBase_double_3_3
Parameters: 0.999999501567228 -0.0008357986801173183 0.0008941015651229193 0.0008343060325007533 0.9999964058431876 0.0024407495794929387 -0.0008960030636033212 -0.0024402477111819393 0.9999961836281835 0.36537510103147497 0.2801392457119647 -0.0687551358451941
FixedParameters: 0 0 0
#Transform 76
Transform: MatrixOffsetTransformBase_double_3_3
Parameters: 0.999999215979597 -0.0005808169511430364 0.0012026575522248008 0.0005789430562849713 0.9999977324511776 0.0019986425962163004 -0.0012037991773500662 -0.0019983585080053726 0.9999974955103047 0.4219722557968879 0.1717221969957876 -0.03404594805303418
FixedParameters: 0 0 0
#Transform 77
Transform: MatrixOffsetTransformBase_double_3_3
Parameters: 0.9999990601098989 0.00003127493271224808 0.0013926550128809145 -0.00003468275456735588 0.9999959026337617 0.0030159544248390055 -0.0013921595502325507 -0.0030160462649787 0.9999939649123343 0.3750188929284519 0.2452005382886 -0.08999023429251451
FixedParameters: 0 0 0
#Transform 78
Transform: MatrixOffsetTransformBase_double_3_3
Parameters: 0.999998968665778 -0.00011299201011568426 0.0014207158089321941 0.00010893760388748661 0.9999948596880414 0.00318309833227768 -0.0014211256814997326 -0.0031829013899987643 0.9999938459390179 0.3664718333661341 0.2088741504856415 -0.07745175414959249
FixedParameters: 0 0 0
#Transform 79
Transform: MatrixOffsetTransformBase_double_3_3
Parameters: 0.9999976982025991 -0.00027104154693393247 0.0020560782289859325 0.0002638553534525766 0.9999946762687827 0.0032034296803778242 -0.00205743567501466 -0.0032025663275873154 0.9999925034540255 0.40792529897083796 0.19462354888665345 -0.053386440615142305
FixedParameters: 0 0 0
#Transform 80
Transform: MatrixOffsetTransformBase_double_3_3
Parameters: 0.9999980381096812 -0.00009870625671271684 0.0017181900913278932 0.00009244906703258038 0.9999942853412619 0.0032730446554585305 -0.0017185192128741406 -0.003272952988557433 0.9999933276448085 0.38289079614288823 0.27083609201582703 -0.08765113093633659
FixedParameters: 0 0 0
#Transform 81
Transform: MatrixOffsetTransformBase_double_3_3
Parameters: 0.9999974436719488 -0.0008231213274471085 0.0022087319032457393 0.0008149336611141854 0.9999938537549018 0.003406696774276366 -0.0022118995168740724 -0.0034052988768026524 0.9999913881605119 0.4563249843753425 0.20090143198592614 -0.04377154959637153
FixedParameters: 0 0 0
#Transform 82
Transform: MatrixOffsetTransformBase_double_3_3
Parameters: 0.9999978403372202 -0.00073726468154952 0.0019016479020127397 0.0007310164724722596 0.9999943862015908 0.0031852811712376125 -0.0019039713433451411 -0.0031837170733613057 0.9999931719882922 0.3909079035879728 0.2934768318192198 -0.09253436149160166
FixedParameters: 0 0 0
#Transform 83
Transform: MatrixOffsetTransformBase_double_3_3
Parameters: 0.9999989520925615 -0.0007729431407847583 0.001204519721553918 0.0007697453477309244 0.9999961198577193 0.002519873132626957 -0.0012062321343335053 -0.0025191249779383945 0.9999961364526392 0.43269747509229717 0.21300293535357184 -0.02594737923681123
FixedParameters: 0 0 0
#Transform 84
Transform: MatrixOffsetTransformBase_double_3_3
Parameters: 0.9999969918415414 -0.0008666344162643214 0.0020632207186417556 0.0008612707679167035 0.999995975159665 0.0027216726891245366 -0.0020655700463293016 -0.0027203283366440956 0.9999942089509837 0.4621553492079613 0.2596240849014748 -0.013266858237031443
FixedParameters: 0 0 0
#Transform 85
Transform: MatrixOffsetTransformBase_double_3_3
Parameters: 0.9999981385211023 -0.0009506881126691066 0.0013992788223284567 0.0009477297050431431 0.9999968207448713 0.002084271828805266 -0.0014010597855377165 -0.0020827250845516163 0.9999966358227249 0.4484418389007061 0.314774176880789 -0.02283250328243014
FixedParameters: 0 0 0
#Transform 86
Transform: MatrixOffsetTransformBase_double_3_3
Parameters: 0.9999980082943908 -0.000981446594824671 0.0014243401548032614 0.0009780723044390445 0.9999972922095531 0.0021933992428730467 -0.0014264620109654493 -0.002191599099513622 0.9999961019573227 0.42308801456985634 0.2660692329141199 -0.0090997161450872
FixedParameters: 0 0 0
#Transform 87
Transform: MatrixOffsetTransformBase_double_3_3
Parameters: 0.9999986761913107 -0.0005177251444563938 0.0014340052403146644 0.0005142330177964579 0.9999982149253434 0.0018926844129281556 -0.0014348413709221789 -0.0018923155152452617 0.9999972981431037 0.4342714394569498 0.2955100872217429 -0.020673352019656477
FixedParameters: 0 0 0
#Transform 88
Transform: MatrixOffsetTransformBase_double_3_3
Parameters: 0.9999987982640318 -0.0005783404864127204 0.0013669574247398442 0.000574860419052417 0.999997326940476 0.002324733836836519 -0.0013674636445812419 -0.0023242685362993773 0.9999966646971639 0.36895158485737056 0.31950266126499116 -0.044301097342213325
FixedParameters: 0 0 0
#Transform 89
Transform: MatrixOffsetTransformBase_double_3_3
Parameters: 0.9999985071882181 -0.0009434668289137937 0.0012661498514197215 0.0009411132290101864 0.9999984861073313 0.0013001376108851895 -0.0012675413208026434 -0.001298861504359941 0.999998643678084 0.4154718184885269 0.21661916004222803 -0.011085019308424648
FixedParameters: 0 0 0
#Transform 90
Transform: MatrixOffsetTransformBase_double_3_3
Parameters: 0.9999966350329125 -0.001506155840930344 0.0020240108282087257 0.0014994960657516677 0.9999945436864683 0.0030639974405348366 -0.0020288668783897323 -0.0030610039450047755 0.9999933334559756 0.4430517442979891 0.33186836030024836 -0.06869813537579716
FixedParameters: 0 0 0
#Transform 91
Transform: MatrixOffsetTransformBase_double_3_3
Parameters: 0.9999984322274994 -0.0012121222811335955 0.00104808085698928 0.0012105667484811886 0.9999979137096523 0.0016372744538518322 -0.001049930502461207 -0.001635726000288211 0.9999981622455401 0.43395837922149383 0.22943201211742803 -0.01099056971368384
FixedParameters: 0 0 0
#Transform 92
Transform: MatrixOffsetTransformBase_double_3_3
Parameters: 0.9999980050035817 -0.0015198479420713425 0.0016384648833317936 0.0015160664419074017 0.9999965118561932 0.0023165006840162733 -0.0016422626148384703 -0.0023144995668058846 0.9999957700385715 0.47140234755789834 0.30627208026346864 -0.029542217678425686
FixedParameters: 0 0 0
#Transform 93
Transform: MatrixOffsetTransformBase_double_3_3
Parameters: 0.9999977704508427 -0.0014976544628287 0.0017277359397649703 0.001493792572624753 0.9999956563560085 0.0025085390321629986 -0.0017319457648633187 -0.002506461593470455 0.9999955389445785 0.44348498663563873 0.32080659399795763 -0.02582354779011098
FixedParameters: 0 0 0
#Transform 94
Transform: MatrixOffsetTransformBase_double_3_3
Parameters: 0.9999965231300862 -0.0015391324882896389 0.0020264525403154454 0.0015319949934037142 0.9999931164444136 0.003423067139031191 -0.002032552352407506 -0.0034199315446878584 0.9999919932592156 0.469277127874534 0.3337902556821035 -0.0651015243227846
FixedParameters: 0 0 0
#Transform 95
Transform: MatrixOffsetTransformBase_double_3_3
Parameters: 0.9999981739492908 -0.0008370671914417502 0.001457871839817244 0.0008329328100097645 0.9999958331950145 0.002745162654405345 -0.0014602214637561932 -0.0027438374076047337 0.9999952761544443 0.42896650038053963 0.33149186463569436 -0.02605625135223022
FixedParameters: 0 0 0
#Transform 96
Transform: MatrixOffsetTransformBase_double_3_3
Parameters: 0.9999974553990327 -0.0006970454367375423 0.0022488001683188255 0.0006893149625291246 0.999995036845597 0.0032574498101816396 -0.002251902179590624 -0.0032565527381695977 0.9999922023619684 0.43266233001860144 0.33770457272061094 0.0010020755968156436
FixedParameters: 0 0 0
#Transform 97
Transform: MatrixOffsetTransformBase_double_3_3
Parameters: 0.9999987499773322 -0.0007616904416506691 0.0012927325199699542 0.0007583761003713844 0.9999974550088776 0.002007926640800843 -0.0012936689653431207 -0.002007072255658472 0.9999972348455738 0.3994360093807501 0.3537115180015604 -0.00006905822095859548
FixedParameters: 0 0 0
#Transform 98
Transform: MatrixOffsetTransformBase_double_3_3
Parameters: 0.9999934526228937 -0.0010277453771013571 0.003389655618857832 0.0010181056879012336 0.999994883790846 0.002877122860804583 -0.0033929489523278323 -0.002873874040844958 0.9999900317545654 0.4369424303347671 0.3481264106882236 0.06357995137346961
FixedParameters: 0 0 0
#Transform 99
Transform: MatrixOffsetTransformBase_double_3_3
Parameters: 0.9999989563339176 -0.0004623740194593748 0.0013523066139601199 0.00046073332758721897 0.9999988525964594 0.0017136248790118047 -0.0013537099810394784 -0.00171237590422825 0.9999972349913351 0.34052148451546316 0.3796185813886268 0.02452644069231269
FixedParameters: 0 0 0
#Transform 100
Transform: MatrixOffsetTransformBase_double_3_3
Parameters: 0.9999992529764711 -0.0005405665861812783 0.001206280805406365 0.0005384555203905224 0.9999989541215674 0.001677655035411403 -0.0012069740139664532 -0.0016773460223240624 0.9999976708345486 0.3356231063594066 0.3848190769576689 0.003922766426867952
FixedParameters: 0 0 0
#Transform 101
Transform: MatrixOffsetTransformBase_double_3_3
Parameters: 0.9999986124710886 -0.0005764407262604113 0.001747896854991642 0.0005729764872183229 0.9999972605995798 0.0021158898432040996 -0.0017490929864676147 -0.002115109862965446 0.9999964011741087 0.3659283162381115 0.30300730349178195 0.024118011955010843
FixedParameters: 0 0 0
#Transform 102
Transform: MatrixOffsetTransformBase_double_3_3
Parameters: 0.9999993791551702 -0.0003335694348784843 0.001228944334348282 0.00033136997568366253 0.9999980604927415 0.0016833483156430962 -0.0012289465755685566 -0.001682649544429038 0.9999976536819788 0.3310090924002793 0.3870681593289049 -0.007226712359113208
FixedParameters: 0 0 0
#Transform 103
Transform: MatrixOffsetTransformBase_double_3_3
Parameters: 0.9999998210895331 -0.0004888351520189264 0.0009690673018826611 0.000487906882252406 0.9999984909458286 0.0015084147075632298 -0.0009704216191892454 -0.0015075859202601655 0.9999987820109416 0.34222674406863973 0.28016216026851737 0.0018086699413544238
FixedParameters: 0 0 0
#Transform 104
Transform: MatrixOffsetTransformBase_double_3_3
Parameters: 0.9999980948459264 -0.00031363094873815484 0.0019514024693656222 0.00030893712059176993 0.999998079503266 0.002210551848469071 -0.001951543191151964 -0.002210448292419974 0.9999952427009889 0.38181769848173985 0.29194919291396104 0.024519314391255875
FixedParameters: 0 0 0
#Transform 105
Transform: MatrixOffsetTransformBase_double_3_3
Parameters: 0.9999980654487127 -0.0007136631676938253 0.001557233002205272 0.0007106423137567094 0.9999979017208658 0.0019120535257512242 -0.0015587794088827236 -0.0019109458128337767 0.9999968560523671 0.340847182853409 0.40122055107990207 0.001112422423190651
FixedParameters: 0 0 0
#Transform 106
Transform: MatrixOffsetTransformBase_double_3_3
Parameters: 0.9999984635514902 -0.0009015094969974048 0.001313009749145066 0.000898508359399373 0.9999972472463268 0.0022371855012394345 -0.001314861098386548 -0.0022358133535424693 0.9999962124245205 0.32957223179735706 0.38996551356807174 -0.005997329948598917
FixedParameters: 0 0 0
#Transform 107
Transform: MatrixOffsetTransformBase_double_3_3
Parameters: 0.9999983035288447 -0.0007150257712311551 0.001477912352508739 0.0007128861453447619 0.9999973361188651 0.002053999508275492 -0.001479609110771586 -0.002052999332636238 0.9999965336733236 0.38940181056629797 0.28646064360100354 0.006271142409431718
FixedParameters: 0 0 0
#Transform 108
Transform: MatrixOffsetTransformBase_double_3_3
Parameters: 0.9999971188190457 -0.0005107110226520808 0.0021495638502712702 0.0005051135531366999 0.9999968130983685 0.0024489757981605645 -0.0021507563314970197 -0.002448021378356355 0.9999943153904479 0.4149645267203539 0.37352524058563574 0.004753546262676878
FixedParameters: 0 0 0
#Transform 109
Transform: MatrixOffsetTransformBase_double_3_3
Parameters: 0.9999982454525932 -0.0011396466413387402 0.0015667943527637803 0.0011363759381454674 0.9999966375555632 0.002278732426208796 -0.001569745439979317 -0.0022772673356462256 0.9999962293064197 0.3960896922676511 0.48094558207294824 0.004438102318530923
FixedParameters: 0 0 0
#Transform 110
Transform: MatrixOffsetTransformBase_double_3_3
Parameters: 0.999997936465607 -0.0009068388510817555 0.0018000283932156488 0.0009020301581849775 0.9999955185935264 0.002964578078107752 -0.001803037581282249 -0.0029634236658577645 0.9999938472187037 0.40334816889627234 0.3679934499078996 0.01586264486360278
FixedParameters: 0 0 0
#Transform 111
Transform: MatrixOffsetTransformBase_double_3_3
Parameters: 0.9999954380701239 -0.0008059709656597927 0.002812553017476668 0.0007946790809418076 0.9999915750615056 0.004114026215027246 -0.0028164283838297242 -0.004111980716268733 0.9999880292268674 0.4097498823494732 0.4177404651983494 0.03116232822641507
FixedParameters: 0 0 0
#Transform 112
Transform: MatrixOffsetTransformBase_double_3_3
Parameters: 0.9999996203895816 -0.00003385771098019686 0.0011741266692086114 0.00003252235110580085 0.9999985985599629 0.0018440392913787393 -0.001174071154773873 -0.001843961354166014 0.9999972211484474 0.3260638903033879 0.5378573106693665 0.02379814183120743
FixedParameters: 0 0 0
#Transform 113
Transform: MatrixOffsetTransformBase_double_3_3
Parameters: 0.9999973802128678 -0.0003140103513774424 0.002349932813576449 0.0003058517371538597 0.9999942043577145 0.0034225523847579153 -0.0023505812991154408 -0.0034214507552513124 0.999991755575124 0.3521763268050222 0.38235807960948875 0.03380542106904727
FixedParameters: 0 0 0
#Transform 114
Transform: MatrixOffsetTransformBase_double_3_3
