#Insight Transform File V1.0
#Transform 0
Transform: MatrixOffsetTransformBase_double_3_3
Parameters: 0.9999985462316738 0.000025155619492304933 0.001566248045637569 -0.000025155617851656056 1.0000000028844434 -9.860203609851625e-8 -0.0015662480454151566 -9.860203761813402e-8 0.9999985433472446 0.27367250482225813 -0.15889888948507291 -0.13324186270604343
FixedParameters: 0 0 0
#Transform 1
Transform: MatrixOffsetTransformBase_double_3_3
Parameters: 0.9999983426439532 -0.00037411003658427774 0.001586717868178066 0.00037439694282760926 0.9999996994258004 -0.0004044654773491113 -0.001586474029092554 0.00040553465332944516 0.9999983151680137 0.2747383365891949 -0.0814382233503892 -0.15607985429656424
FixedParameters: 0 0 0
#Transform 2
Transform: MatrixOffsetTransformBase_double_3_3
Parameters: 0.99999809050606 -0.00014867319093642026 0.001971645697146358 0.00014771495571583594 0.9999999260243498 0.0002431733096009206 -0.0019717177194048547 -0.0002428257336892295 0.9999980463838265 0.2574529414026614 -0.14864105843304287 -0.15370721774021945
FixedParameters: 0 0 0
#Transform 3
Transform: MatrixOffsetTransformBase_double_3_3
Parameters: 0.9999984838437064 -0.00035545048748676574 0.0018410770247867419 0.0003551875270619411 0.9999998226789656 0.0003425396855771534 -0.0018412611123622153 -0.000342461054503293 0.9999984265519168 0.2802723327733645 -0.22913684435151538 -0.16150386613405487
FixedParameters: 0 0 0
#Transform 4
Transform: MatrixOffsetTransformBase_double_3_3
Parameters: 0.9999983400838358 -0.0006068937522727756 0.0018141378802535744 0.0006074293751796792 0.9999996813350015 0.00012798732747330843 -0.0018142334011038007 -0.00012701409210461728 0.9999986262361971 0.287148712951506 -0.1791303098495831 -0.14086999767246766
FixedParameters: 0 0 0
#Transform 5
Transform: MatrixOffsetTransformBase_double_3_3
Parameters: 0.9999978877322271 -0.000837852992984047 0.0021000631569083683 0.0008381847947060609 0.9999994169214874 -0.00007835128448221984 -0.002099930750660391 0.00007964822279134948 0.9999974583288362 0.29282844023694565 -0.11845922381753837 -0.215151647936068
FixedParameters: 0 0 0
#Transform 6
Transform: MatrixOffsetTransformBase_double_3_3
Parameters: 0.9999976410884827 -0.0007904728829311991 0.0021756379751697924 0.0007894061151693645 0.9999992205981859 0.00047554469213088174 -0.002176328323383603 -0.0004734550745971247 0.9999979701895733 0.2855204752507632 -0.09995472330096788 -0.21084406528397892
FixedParameters: 0 0 0
#Transform 7
Transform: MatrixOffsetTransformBase_double_3_3
Parameters: 0.9999976460108121 -0.0010769044536260532 0.002048504064246283 0.0010758373992803322 0.9999999028307736 0.0002471524150346599 -0.002048035400134298 -0.0002448473500315171 0.9999976221481582 0.30163978645275336 -0.1708085508540762 -0.17043350993039041
FixedParameters: 0 0 0
#Transform 8
Transform: MatrixOffsetTransformBase_double_3_3
Parameters: 0.9999976627071416 -0.0011786909352458383 0.001987201497878618 0.0011781554323861735 0.9999995955980417 0.0003722901291937364 -0.0019870183442341994 -0.000369711146408401 0.999997791826324 0.29793737032491663 -0.12178148315983606 -0.13785518713643796
FixedParameters: 0 0 0
#Transform 9
Transform: MatrixOffsetTransformBase_double_3_3
Parameters: 0.999996761858307 -0.001244646016141768 0.00238492934382093 0.0012436762901534915 0.9999994665460026 0.0004138598111656233 -0.002385896472763976 -0.00041113983199229237 0.999996954999326 0.3042529917414356 -0.026914710994915936 -0.1920453952642589
FixedParameters: 0 0 0
#Transform 10
Transform: MatrixOffsetTransformBase_double_3_3
Parameters: 0.9999968043300567 -0.0014779274060888973 0.0020025068322691974 0.0014778420896304912 0.9999989238064116 0.0002719115353044532 -0.002003247064250766 -0.0002690887832541705 0.9999977341828818 0.3160835861418292 -0.16079293056735366 -0.13734486919112499
FixedParameters: 0 0 0
#Transform 11
Transform: MatrixOffsetTransformBase_double_3_3
Parameters: 0.9999967824783337 -0.0014846820788655267 0.0020033048302089745 0.0014841832122161511 0.9999989620794938 0.00012592499768419863 -0.0020036744551446403 -0.0001230741972949867 0.999997789398431 0.31172767661269063 -0.14421155282930442 -0.12459902421485936
FixedParameters: 0 0 0
#Transform 12
Transform: MatrixOffsetTransformBase_double_3_3
Parameters: 0.9999975895805152 -0.0012763965522275995 0.001944835214056883 0.0012757678173998318 0.9999994845088697 -0.00009357129063638364 -0.0019446520647604046 0.00009643026666831395 0.9999980870215496 0.30387307425868926 -0.08355173571194996 -0.19500365481815152
FixedParameters: 0 0 0
#Transform 13
Transform: MatrixOffsetTransformBase_double_3_3
Parameters: 0.9999965943511276 -0.0012843990829577035 0.002399197476928975 0.001282744050747617 0.9999989768294766 0.0007499722837660747 -0.002400002135448845 -0.0007470278612819528 0.9999964970148565 0.3036343192512305 -0.08069303780567338 -0.20196089823785712
FixedParameters: 0 0 0
#Transform 14
Transform: MatrixOffsetTransformBase_double_3_3
Parameters: 0.9999961907707042 -0.0012453109584794637 0.002293124149724126 0.0012450747625758314 0.9999996314810636 0.000052747469097898236 -0.0022932524055899323 -0.000050252241280739074 0.9999975539852484 0.3200502052739296 -0.2007584037771153 -0.1409124002216231
FixedParameters: 0 0 0
#Transform 15
Transform: MatrixOffsetTransformBase_double_3_3
Parameters: 0.9999972785762015 -0.001307120512311804 0.002003432657069009 0.0013061240297822967 0.9999991813680176 0.0004845659046397305 -0.0020036373113180616 -0.0004814345041088894 0.9999976306294877 0.32051106922020267 -0.13571931827013373 -0.1296606372441289
FixedParameters: 0 0 0
#Transform 16
Transform: MatrixOffsetTransformBase_double_3_3
Parameters: 0.9999966952092185 -0.0011809505512536665 0.0022156465991228546 0.0011810358564114864 0.9999996882554023 0.00020750620814170145 -0.002216073864432777 -0.00020449510680402294 0.9999979220817893 0.31408874650642815 -0.043077197277682444 -0.20175562960395155
FixedParameters: 0 0 0
#Transform 17
Transform: MatrixOffsetTransformBase_double_3_3
Parameters: 0.9999956585954711 -0.0016515800201705505 0.0023695199653739943 0.0016503150759136932 0.9999983019835555 0.0004668078880748078 -0.002369997805076881 -0.0004631918443304406 0.9999969241612064 0.3267897025344837 -0.14217535300460327 -0.14881965931481034
FixedParameters: 0 0 0
#Transform 18
Transform: MatrixOffsetTransformBase_double_3_3
Parameters: 0.9999960439952189 -0.0013745329201066965 0.002463323246385904 0.0013734888566983674 0.9999991347246667 0.0004042770468638199 -0.002463371782727152 -0.0004007234041393873 0.999996585257342 0.33142733069222174 -0.13089122667123831 -0.14533489715137193
FixedParameters: 0 0 0
#Transform 19
Transform: MatrixOffsetTransformBase_double_3_3
Parameters: 0.9999945383806409 -0.0015855325762868587 0.0028191755547906307 0.0015844698362404558 0.9999984520985089 0.000534305885366182 -0.002819745150752263 -0.0005296952343317729 0.9999955202321272 0.3425769365307332 -0.0517514062849358 -0.1699913405206388
FixedParameters: 0 0 0
#Transform 20
Transform: MatrixOffsetTransformBase_double_3_3
Parameters: 0.9999962392531875 -0.0012553813185269573 0.0024872088371301337 0.0012530840172248132 0.9999991919056848 0.0006519526088571842 -0.0024877830509730365 -0.0006490469108964975 0.9999972010458849 0.36902954063965865 -0.13081989676614114 -0.1368467585458859
FixedParameters: 0 0 0
#Transform 21
Transform: MatrixOffsetTransformBase_double_3_3
Parameters: 0.9999952932740046 -0.0013104409637473614 0.0028266708020939554 0.0013094665397179253 0.9999992661531841 0.0005165403395327312 -0.00282690320692944 -0.0005134614783622593 0.9999954966689416 0.355874388353584 -0.10741966918072876 -0.15498270502504852
FixedParameters: 0 0 0
#Transform 22
Transform: MatrixOffsetTransformBase_double_3_3
Parameters: 0.9999950663954892 -0.0012721314385383525 0.002883561045173149 0.001269445511472137 0.9999986271146611 0.0009764391984849324 -0.0028848616613618735 -0.0009725612450510665 0.9999955399747881 0.33933705678941806 -0.03424995334718517 -0.2258065564515448
FixedParameters: 0 0 0
#Transform 23
Transform: MatrixOffsetTransformBase_double_3_3
Parameters: 0.9999956248276776 -0.0015645576652776483 0.0026319620617527998 0.0015631832899312688 0.9999984060221471 0.0006309536064230473 -0.002632812564659536 -0.0006270472378978181 0.9999964275210288 0.3458662309432441 -0.1577424359686006 -0.1505927750827425
FixedParameters: 0 0 0
#Transform 24
Transform: MatrixOffsetTransformBase_double_3_3
Parameters: 0.9999941056157348 -0.0016018827942084395 0.0030540480369905644 0.0015991054254750644 0.9999978150592559 0.000937665815972745 -0.003055864812719134 -0.0009323323767230635 0.9999945421030271 0.3673799493495693 -0.1357585789164517 -0.16192520243687625
FixedParameters: 0 0 0
#Transform 25
Transform: MatrixOffsetTransformBase_double_3_3
Parameters: 0.9999932878107254 -0.001007130373778178 0.0034202495047426394 0.0010021695618954122 0.9999984401771483 0.0013020877102520242 -0.003421626141021394 -0.00129791034203975 0.9999934676241579 0.35667804982242046 -0.06698965054411588 -0.2383330255389211
FixedParameters: 0 0 0
#Transform 26
Transform: MatrixOffsetTransformBase_double_3_3
Parameters: 0.9999940095568837 -0.0012299326452860008 0.0030787580484297767 0.0012246701314933721 0.9999979777231268 0.0016475529290472038 -0.0030805041014827813 -0.0016434461384215865 0.9999936164761444 0.3633172971683649 -0.11210292402186894 -0.19662524721891828
FixedParameters: 0 0 0
#Transform 27
Transform: MatrixOffsetTransformBase_double_3_3
Parameters: 0.9999952192033126 -0.0012390446958323008 0.002871647283037838 0.001235990040015875 0.9999989642641973 0.000870331151701223 -0.002872681240052271 -0.0008676679108096941 0.9999957446144093 0.37600542513496293 -0.13462937510895756 -0.14367625538575624
FixedParameters: 0 0 0
#Transform 28
Transform: MatrixOffsetTransformBase_double_3_3
Parameters: 0.9999907687299833 -0.0014702082228059646 0.004008802864646182 0.001462601073275321 0.9999973497030759 0.001683422697205443 -0.004011379157977739 -0.0016775738597222187 0.9999907708425262 0.3641593531058902 -0.07077685092636443 -0.23516925188012294
FixedParameters: 0 0 0
#Transform 29
Transform: MatrixOffsetTransformBase_double_3_3
Parameters: 0.9999948152870072 -0.0009556676844542928 0.003204813734042597 0.0009509154156572943 0.9999980048107877 0.0015117691833300834 -0.003206398864159921 -0.0015092283258952358 0.9999932472444703 0.3737494100398351 -0.10953745207633858 -0.16280830620048903
FixedParameters: 0 0 0
#Transform 30
Transform: MatrixOffsetTransformBase_double_3_3
Parameters: 0.999992120013988 -0.0015763820126890576 0.003520510263520832 0.0015708947556184473 0.9999972405972306 0.0016152046805481476 -0.003523232954520686 -0.001609795573954742 0.9999926790810182 0.39202230024893936 -0.10931838875758615 -0.1734116663969303
FixedParameters: 0 0 0
#Transform 31
Transform: MatrixOffsetTransformBase_double_3_3
Parameters: 0.9999875005398252 -0.0011297404118546933 0.004921685277950853 0.0011181472909504082 0.9999963417908839 0.002384836211082278 -0.004924331632460006 -0.0023791624627229127 0.9999848108156998 0.38306208417159837 -0.01776943429516109 -0.372220750263466
FixedParameters: 0 0 0
#Transform 32
Transform: MatrixOffsetTransformBase_double_3_3
Parameters: 0.999991526643186 -0.0014137129142254622 0.003933468224456911 0.001405030666581184 0.9999963671115181 0.0022320907652814068 -0.003937222413113702 -0.002226910037711187 0.9999902181338175 0.36136736724169793 -0.1535033667093728 -0.27369742274443354
FixedParameters: 0 0 0
#Transform 33
Transform: MatrixOffsetTransformBase_double_3_3
Parameters: 0.9999913379121749 -0.00115780721772851 0.003914226313372458 0.0011496756342481746 0.9999971600041584 0.002173114243162119 -0.0039167044993429065 -0.0021678870408321158 0.9999897557146086 0.3617955078133832 -0.13432708327688658 -0.2560323996794409
FixedParameters: 0 0 0
#Transform 34
Transform: MatrixOffsetTransformBase_double_3_3
Parameters: 0.9999889033633628 -0.001034955099851571 0.0045850251439512445 0.0010246837149366624 0.9999973056100846 0.002204141316104073 -0.004587968169680304 -0.0021988576516675865 0.999986904486004 0.3681350063252893 -0.048593050672977256 -0.33957569362175377
FixedParameters: 0 0 0
#Transform 35
Transform: MatrixOffsetTransformBase_double_3_3
Parameters: 0.9999927812766798 -0.0015389215390381296 0.0035842957901899147 0.0015318591949882944 0.9999966270166535 0.0020841689886214113 -0.003588216722666236 -0.002078831582977121 0.9999914889318515 0.36239780652354625 -0.10992831999413966 -0.2812674666123627
FixedParameters: 0 0 0
#Transform 36
Transform: MatrixOffsetTransformBase_double_3_3
Parameters: 0.9999935766337982 -0.0013936581619225328 0.0033885150873344027 0.0013882741673221645 0.999998030424458 0.0015154324156651106 -0.0033904311558399392 -0.0015105669771844424 0.9999929678542436 0.36322169405337945 -0.13456978656846275 -0.22113152699562022
FixedParameters: 0 0 0
#Transform 37
Transform: MatrixOffsetTransformBase_double_3_3
Parameters: 0.9999891437845687 -0.0013864759430261154 0.0043511545897824385 0.0013776737906116368 0.9999972986263358 0.002032501355979932 -0.004354234232450467 -0.0020265002410375446 0.9999886073629917 0.38854866785754893 -0.08205356038405398 -0.2893824816220274
FixedParameters: 0 0 0
#Transform 38
Transform: MatrixOffsetTransformBase_double_3_3
Parameters: 0.9999908064762787 -0.0016416008486612838 0.004061834837625398 0.0016331491069360047 0.9999961338562474 0.002127197739241797 -0.004065260337566556 -0.002119802614974499 0.9999896540615509 0.3765001195574911 -0.05130778414155657 -0.2729141243423072
FixedParameters: 0 0 0
#Transform 39
Transform: MatrixOffsetTransformBase_double_3_3
Parameters: 0.9999906635414313 -0.0016053942310677027 0.0040938289403599695 0.0015950565708206038 0.9999963575022198 0.002340158898684941 -0.004097779958050789 -0.0023338370201877665 0.9999883828433319 0.3968694755857598 -0.10930610422909126 -0.24514552982847704
FixedParameters: 0 0 0
#Transform 40
Transform: MatrixOffsetTransformBase_double_3_3
Parameters: 0.9999875918130247 -0.0016167373983392841 0.004668525609081141 0.0016068711673686753 0.9999963571875279 0.0021099552105077954 -0.004671726796283475 -0.0021020422638377972 0.9999863640951636 0.3802048524005812 -0.03347908845034908 -0.3327478383686753
FixedParameters: 0 0 0
#Transform 41
Transform: MatrixOffsetTransformBase_double_3_3
Parameters: 0.9999892108229269 -0.001515469657737174 0.004415139697805325 0.0015057257494295977 0.9999962110646321 0.0022161016758669855 -0.004418237864058931 -0.0022098997483718935 0.9999882049521003 0.3866574422536786 -0.06194532526406249 -0.29119998820078763
FixedParameters: 0 0 0
#Transform 42
Transform: MatrixOffsetTransformBase_double_3_3
Parameters: 0.9999893105018668 -0.0016326959749560313 0.004361424439697495 0.0016216190579467233 0.9999954541181826 0.00251058775547508 -0.004365935976070244 -0.0025034102919407678 0.9999872862026555 0.3942123640231472 -0.12419138564543175 -0.27757488864740765
FixedParameters: 0 0 0
#Transform 43
Transform: MatrixOffsetTransformBase_double_3_3
Parameters: 0.9999906959397701 -0.0014681895855602565 0.004140907244146525 0.0014603113438207908 0.999996571705203 0.0019035496526234805 -0.0041440019628181364 -0.0018974488647614807 0.9999899003957637 0.3960817950873974 -0.08039602793864731 -0.2679652586078447
FixedParameters: 0 0 0
#Transform 44
Transform: MatrixOffsetTransformBase_double_3_3
Parameters: 0.9999856339716363 -0.001488506947244651 0.005113866337418599 0.0014754867652755344 0.9999963155655281 0.002429890420601072 -0.005117350650716424 -0.0024221062928305587 0.9999835473615822 0.386383576501089 -0.018777274029702085 -0.3523162432496747
FixedParameters: 0 0 0
#Transform 45
Transform: MatrixOffsetTransformBase_double_3_3
Parameters: 0.9999891160659474 -0.0017240413181399542 0.004349102512734525 0.0017140646087851553 0.9999963503383011 0.002270030307205767 -0.004352309005628051 -0.0022629700166463887 0.9999874916134758 0.3848810927357533 -0.13069141697776843 -0.2745764821593042
FixedParameters: 0 0 0
#Transform 46
Transform: MatrixOffsetTransformBase_double_3_3
Parameters: 0.99998761487599 -0.0021165728300126187 0.004461807425269692 0.0021053689898204706 0.9999950948339998 0.002455981241829705 -0.004466514021147049 -0.00244701759436889 0.9999865002494653 0.42696639518152324 -0.08725839922763612 -0.25354518346382804
FixedParameters: 0 0 0
#Transform 47
Transform: MatrixOffsetTransformBase_double_3_3
Parameters: 0.9999858965333698 -0.0016972494586170502 0.005022079048546299 0.0016866180512554027 0.9999966098552951 0.002236818106479667 -0.0050259272055556995 -0.0022281890165765025 0.9999853184676921 0.39968557066070787 -0.02672349541566632 -0.3380213865348196
FixedParameters: 0 0 0
#Transform 48
Transform: MatrixOffsetTransformBase_double_3_3
Parameters: 0.9999885191776702 -0.0019110975136005129 0.00433881008335971 0.0019025175013916745 0.9999963227733747 0.002121830102283853 -0.004343297690589121 -0.002113172865374123 0.9999882287252309 0.38521548039507536 -0.11166104384790287 -0.262991970910079
FixedParameters: 0 0 0
#Transform 49
Transform: MatrixOffsetTransformBase_double_3_3
Parameters: 0.9999876167445453 -0.001866682018709592 0.00467961186369257 0.0018552014012109175 0.9999948952174796 0.0024841471816235347 -0.004684137567094036 -0.0024758494192270233 0.9999854206388982 0.4232178891706013 -0.10714975076245992 -0.28040071317742843
FixedParameters: 0 0 0
#Transform 50
Transform: MatrixOffsetTransformBase_double_3_3
Parameters: 0.9999871206083334 -0.0017674457510332045 0.004664048125866305 0.0017572271027885664 0.9999962699370465 0.0022566575625770843 -0.004668340426739036 -0.002248345423308387 0.9999867030760287 0.390182174172935 -0.03491990998391259 -0.31899387695116843
FixedParameters: 0 0 0
#Transform 51
Transform: MatrixOffsetTransformBase_double_3_3
Parameters: 0.999990292248455 -0.0017023762176375393 0.00409971370782892 0.0016921543066337696 0.9999955441053874 0.002444509380304341 -0.004104412029027052 -0.0024374897369814075 0.9999888311067875 0.3722616187644263 -0.09373819388886773 -0.2870484563774909
FixedParameters: 0 0 0
#Transform 52
Transform: MatrixOffsetTransformBase_double_3_3
Parameters: 0.9999867056262596 -0.0018757100746460234 0.0048758340058188705 0.0018615512011529868 0.9999938465526552 0.0028634902627020647 -0.004881695678095897 -0.0028545030454308826 0.9999835111860157 0.40934245185451346 -0.08579890407284552 -0.302579450459433
FixedParameters: 0 0 0
#Transform 53
Transform: MatrixOffsetTransformBase_double_3_3
Parameters: 0.9999882512541843 -0.0013687413499300944 0.004677107628941553 0.001356035468662093 0.9999950501790478 0.0027287402656028734 -0.004680768364807411 -0.002722258373753353 0.9999853442626312 0.37652547157142635 -0.02781415202593962 -0.334890116290822
FixedParameters: 0 0 0
#Transform 54
Transform: MatrixOffsetTransformBase_double_3_3
Parameters: 0.9999897265331065 -0.0015584130456916796 0.004340941909753938 0.0015471963365028866 0.9999955493844718 0.002538231411932032 -0.004345167592433888 -0.0025317669204366344 0.9999873246137685 0.36826556691366363 -0.06082202037023876 -0.2938002999593152
FixedParameters: 0 0 0
#Transform 55
Transform: MatrixOffsetTransformBase_double_3_3
Parameters: 0.9999882779702967 -0.0021339182185728693 0.004378385821063797 0.002122215246738042 0.9999944449838634 0.0025598757686013593 -0.004383616754035407 -0.0025501204503639505 0.9999867768475627 0.42589668063865815 -0.09271935425086042 -0.25066573386114044
FixedParameters: 0 0 0
#Transform 56
Transform: MatrixOffsetTransformBase_double_3_3
Parameters: 0.9999818193572542 -0.002338369353690189 0.005451256472461235 0.002324729371648932 0.9999948713570945 0.0023279827646029566 -0.005456379089650648 -0.002315012667555863 0.9999821691767738 0.45661170151508657 -0.046016641153002524 -0.29607514891691267
FixedParameters: 0 0 0
#Transform 57
Transform: MatrixOffsetTransformBase_double_3_3
Parameters: 0.9999868630032918 -0.00236127056310818 0.004422785261771433 0.0023509508240670334 0.9999944376872341 0.0023779887284788304 -0.0044283238824018994 -0.0023680112537677322 0.9999871629713006 0.4535026291685682 -0.058355418193158926 -0.2403231610552723
FixedParameters: 0 0 0
#Transform 58
Transform: MatrixOffsetTransformBase_double_3_3
Parameters: 0.9999816871802198 -0.002455970942870451 0.005502657651824333 0.0024417232717468015 0.9999933313898552 0.002542694028445286 -0.005509256848182156 -0.0025293004720493006 0.9999814930750637 0.5038631549870445 -0.04429993178433733 -0.2856236781099284
FixedParameters: 0 0 0
#Transform 59
Transform: MatrixOffsetTransformBase_double_3_3
Parameters: 0.9999845694437214 -0.0021066556363205547 0.005195563006027512 0.002093304026910275 0.9999944677247393 0.0026051837391860774 -0.0052006615161542535 -0.002594820598664435 0.9999835815789153 0.42071342958244884 0.010178563641190408 -0.31424537736742764
FixedParameters: 0 0 0
#Transform 60
Transform: MatrixOffsetTransformBase_double_3_3
Parameters: 0.9999838344000871 -0.0036023480746656114 0.0044934281797116195 0.003589853817161878 0.9999899552827858 0.0026688769572701526 -0.0045028709827979714 -0.002653122927437801 0.999986717133172 0.4511088763719897 -0.11514162726511756 -0.263330967023478
FixedParameters: 0 0 0
#Transform 61
Transform: MatrixOffsetTransformBase_double_3_3
Parameters: 0.999988114828954 -0.0020388899001957325 0.004441679820842352 0.002027409233632876 0.9999946689667054 0.002392527457785204 -0.004446804188543676 -0.002383465057095975 0.9999870407079816 0.4471662477305074 -0.07808527957800493 -0.23465067127821726
FixedParameters: 0 0 0
#Transform 62
Transform: MatrixOffsetTransformBase_double_3_3
Parameters: 0.9999831767134272 -0.002208334914593134 0.005286487180750719 0.002194789743532763 0.9999942270591669 0.002578914032248629 -0.005291997244248086 -0.002568086485884545 0.9999827037179667 0.4720776269683 -0.0004567006734532697 -0.311685858533977
FixedParameters: 0 0 0
#Transform 63
Transform: MatrixOffsetTransformBase_double_3_3
Parameters: 0.9999844460388435 -0.0026204926614516503 0.004968921125746442 0.002606486412559198 0.9999932311483957 0.0027784469359562122 -0.0049755924841677545 -0.002765556441495426 0.9999838467625285 0.4480848569131979 -0.057884351778085374 -0.2765129611592556
FixedParameters: 0 0 0
#Transform 64
Transform: MatrixOffsetTransformBase_double_3_3
Parameters: 0.9999883881735823 -0.002275115775234658 0.004175991869316345 0.002265465112928437 0.999994590841987 0.0021990432019764125 -0.004180431286698287 -0.002189955483902259 0.9999891656081921 0.4552415090708877 -0.0990086658789977 -0.20972418497848366
FixedParameters: 0 0 0
#Transform 65
Transform: MatrixOffsetTransformBase_double_3_3
Parameters: 0.9999855173975586 -0.0026616964534990177 0.004732450717881387 0.002652317103146429 0.9999941350493027 0.002125088670849873 -0.004738064988851864 -0.0021119134853717567 0.999986406183093 0.49585247605365623 -0.04068687891695788 -0.24029076666188587
FixedParameters: 0 0 0
#Transform 66
Transform: MatrixOffsetTransformBase_double_3_3
Parameters: 0.9999845855593701 -0.0023714734279307423 0.004978858067307735 0.0023587804649687623 0.9999936113192166 0.0025521685573838895 -0.004985141586174512 -0.002540827271176431 0.9999840048069298 0.44268764778725256 -0.022477894174883772 -0.26405982792974214
FixedParameters: 0 0 0
#Transform 67
Transform: MatrixOffsetTransformBase_double_3_3
Parameters: 0.9999846647264443 -0.003234654256086081 0.004569004359113787 0.00322501895017902 0.9999930079638015 0.0021074620069410563 -0.0045749890517278085 -0.002092540088758886 0.9999868366797651 0.4840571472948483 -0.08517243438380717 -0.22727125459663
FixedParameters: 0 0 0
#Transform 68
Transform: MatrixOffsetTransformBase_double_3_3
Parameters: 0.9999813484173 -0.002358366087474122 0.00557580833790459 0.0023436313602904595 0.9999936884813616 0.002553322238533301 -0.005581960616317533 -0.002539670299157276 0.9999806904909636 0.46055931813546636 -0.006833834312374165 -0.3475260489236973
FixedParameters: 0 0 0
#Transform 69
Transform: MatrixOffsetTransformBase_double_3_3
Parameters: 0.9999835414431951 -0.0024826654276599177 0.005127955474130793 0.0024686787929743 0.9999933839382632 0.002696092769963021 -0.005134454989302861 -0.002683904180381641 0.9999826851698838 0.436356559822741 -0.05629622087681696 -0.29591225002371857
FixedParameters: 0 0 0
#Transform 70
Transform: MatrixOffsetTransformBase_double_3_3
Parameters: 0.9999857871065286 -0.003027112195174537 0.004364918819675368 0.0030156817892015245 0.9999917154353004 0.0026318281342464084 -0.0043720837072525115 -0.0026181743579544725 0.9999872902939869 0.4457223127138974 -0.09571435053429411 -0.23892869721042587
FixedParameters: 0 0 0
#Transform 71
Transform: MatrixOffsetTransformBase_double_3_3
Parameters: 0.9999850330678484 -0.00255022560628644 0.004739793896203821 0.0025373054835809744 0.9999924230452074 0.002797512729961829 -0.004746177909887345 -0.002785489070860743 0.999985024929883 0.4370572581895402 -0.01620416452337281 -0.28230051545229173
FixedParameters: 0 0 0
#Transform 72
Transform: MatrixOffsetTransformBase_double_3_3
Parameters: 0.9999868429086095 -0.002119310643127926 0.0046545439404277085 0.0021046124424099876 0.9999924597451865 0.003259275838539029 -0.004661350383327847 -0.003248728604410646 0.9999842059227899 0.41433085009074944 -0.016736496950798596 -0.3007846453940175
FixedParameters: 0 0 0
#Transform 73
Transform: MatrixOffsetTransformBase_double_3_3
Parameters: 0.9999828132638222 -0.0035845376870077303 0.004619154227322145 0.003572515430143479 0.999990690355847 0.002552247794256342 -0.004628664361704416 -0.00253575176609485 0.999986178905634 0.5072226716904567 -0.07488946663124807 -0.2046260604919894
FixedParameters: 0 0 0
#Transform 74
Transform: MatrixOffsetTransformBase_double_3_3
Parameters: 0.999980828103732 -0.0040584837730132895 0.00476407026715124 0.004050333536440967 0.9999906081618969 0.0017691020898471937 -0.004771814683897622 -0.0017498976939175973 0.9999870281962687 0.5637513827852842 0.0001609184126891705 -0.10573304614928247
FixedParameters: 0 0 0
#Transform 75
Transform: MatrixOffsetTransformBase_double_3_3
Parameters: 0.9999760489948447 -0.0035306965167299464 0.005872910232232105 0.0035099677618154767 0.9999876322605792 0.0034959351099091637 -0.005884226532439904 -0.00347506946368336 0.9999771189388463 0.5247218465024872 0.08261738602915614 -0.3021600174177621
FixedParameters: 0 0 0
#Transform 76
Transform: MatrixOffsetTransformBase_double_3_3
Parameters: 0.9999771219383992 -0.003514024859185511 0.005703558640119031 0.0034916127990423968 0.9999862258873217 0.0038332941194965664 -0.0057170579865904216 -0.0038127017662927323 0.9999766649742087 0.5341853220906927 -0.011773846154738976 -0.28631330914065245
FixedParameters: 0 0 0
#Transform 77
Transform: MatrixOffsetTransformBase_double_3_3
Parameters: 0.9999772709551229 -0.003376999024618695 0.005772413492466942 0.003359192203201755 0.9999899325010961 0.003145757195563384 -0.005783427509519558 -0.0031262481150524934 0.9999786691772841 0.5632947913541813 -0.018204527913169954 -0.2275691831906812
FixedParameters: 0 0 0
#Transform 78
Transform: MatrixOffsetTransformBase_double_3_3
Parameters: 0.9999692096143373 -0.0034057198822730925 0.007013738741619682 0.0033808376368959585 0.9999880252611242 0.003586651344668068 -0.007025475145716666 -0.0035623502289018477 0.9999686297771977 0.5468105532266208 0.08785941414889464 -0.3721411439781974
FixedParameters: 0 0 0
#Transform 79
Transform: MatrixOffsetTransformBase_double_3_3
Parameters: 0.9999729845483324 -0.0034071636982433025 0.006587842189832302 0.003382010339844206 0.9999865093695776 0.003912334333249723 -0.0066017453258152255 -0.003889669344974256 0.9999710390279626 0.49812010905270654 0.02356359849709122 -0.3681247699385892
FixedParameters: 0 0 0
#Transform 80
Transform: MatrixOffsetTransformBase_double_3_3
Parameters: 0.9999754818093696 -0.003591672126392622 0.006051070583417599 0.0035675288897753033 0.9999861233786796 0.003921925769342673 -0.006065668435737072 -0.0039000689407631475 0.9999737661137162 0.536169163340503 -0.01561323764217093 -0.307729784519978
FixedParameters: 0 0 0
#Transform 81
Transform: MatrixOffsetTransformBase_double_3_3
Parameters: 0.9999711584188109 -0.0035518229652473734 0.006650451037717897 0.003529159785270961 0.9999884193905492 0.0033895791588326313 -0.0066620263199075845 -0.0033664221541455097 0.9999719168665192 0.5393544643483494 0.05694804782726237 -0.34182561461393846
FixedParameters: 0 0 0
#Transform 82
Transform: MatrixOffsetTransformBase_double_3_3
Parameters: 0.9999743328852025 -0.0035716890131973853 0.006238082527643022 0.003548503554816683 0.9999861787286977 0.003804356413552562 -0.006250630098687296 -0.003781648437293221 0.9999733799651169 0.5090436134727412 0.04951523742424513 -0.3367556106768319
FixedParameters: 0 0 0
#Transform 83
Transform: MatrixOffsetTransformBase_double_3_3
Parameters: 0.9999759294553343 -0.004033004252618714 0.005639695806551873 0.0040110109404328746 0.9999845869893984 0.0038291405494405295 -0.005655128240680646 -0.003806859667288248 0.9999771877607614 0.5360620744955469 -0.0014116193677295996 -0.2855815056754807
FixedParameters: 0 0 0
#Transform 84
Transform: MatrixOffsetTransformBase_double_3_3
Parameters: 0.9999715602133544 -0.003638518567151057 0.006572243603218522 0.0036136617845876845 0.9999861390170515 0.0038948742459689947 -0.006586824192858727 -0.003871133946254164 0.9999712652475458 0.5630004157304143 0.053151022147190474 -0.3146544845321415
FixedParameters: 0 0 0
#Transform 85
Transform: MatrixOffsetTransformBase_double_3_3
Parameters: 0.9999713444519868 -0.0040685480440512695 0.006410643223355899 0.004046014312185979 0.9999848283100533 0.003652183265779471 -0.006425716926758259 -0.0036268202495714427 0.9999730237394107 0.5319783680556469 0.11303220937641356 -0.33277557860775175
FixedParameters: 0 0 0
#Transform 86
Transform: MatrixOffsetTransformBase_double_3_3
Parameters: 0.9999789096363116 -0.0038675462775405846 0.005304073264192772 0.0038480006809724155 0.9999860322889379 0.0036570269472119693 -0.005318049006834181 -0.0036369736037801456 0.9999792757522449 0.5299894817841135 -0.008698430553664593 -0.2730926532485256
FixedParameters: 0 0 0
#Transform 87
Transform: MatrixOffsetTransformBase_double_3_3
Parameters: 0.9999726074714859 -0.003477146673281355 0.006580257447676971 0.0034513678829337447 0.9999857178558157 0.003959768447463104 -0.006594035023533674 -0.003937230464313511 0.9999707077623418 0.5686534874424609 0.05050428485948544 -0.3181441092006594
FixedParameters: 0 0 0
#Transform 88
Transform: MatrixOffsetTransformBase_double_3_3
Parameters: 0.9999722052685955 -0.0035031086669007785 0.006521196422461326 0.0034764840453257407 0.999985769386673 0.004055791174843594 -0.006534847502829763 -0.004033210973487661 0.9999707193306699 0.5156818484725676 0.12019873358178756 -0.35568328719492115
FixedParameters: 0 0 0
#Transform 89
Transform: MatrixOffsetTransformBase_double_3_3
Parameters: 0.9999728013959716 -0.0041949129539284955 0.006050282412229176 0.004169444384489186 0.99998330095545 0.004095712234291823 -0.0060669801866228956 -0.004070286794988283 0.999973158075907 0.5121323866132172 -0.011650180763794538 -0.32038741401321147
FixedParameters: 0 0 0
#Transform 90
Transform: MatrixOffsetTransformBase_double_3_3
Parameters: 0.9999780480134525 -0.0037856682575529493 0.005533784821601043 0.0037657809985990696 0.9999858835606544 0.0036273376468670612 -0.005546876252153672 -0.003606661290022191 0.9999779986989786 0.5350152917309288 0.010291340027876572 -0.25587976209762076
FixedParameters: 0 0 0
#Transform 91
Transform: MatrixOffsetTransformBase_double_3_3
Parameters: 0.9999725698026363 -0.004185260852292207 0.006076104650684974 0.004160094262862448 0.9999827250653793 0.0040537000883000135 -0.006092374329020748 -0.004028294450981219 0.9999731848197059 0.5247667776176428 0.0745486836500504 -0.31027738545824946
FixedParameters: 0 0 0
#Transform 92
Transform: MatrixOffsetTransformBase_double_3_3
Parameters: 0.9999754655998054 -0.0040667038232779324 0.005744380545986503 0.004045790194115849 0.9999855284998307 0.00366676070930793 -0.0057587520902490676 -0.003643248144299782 0.999977218597853 0.5265241278706725 0.087890147069416 -0.29730958264703133
FixedParameters: 0 0 0
#Transform 93
Transform: MatrixOffsetTransformBase_double_3_3
Parameters: 0.9999733226963446 -0.004174947827424615 0.006020731523993377 0.004152731591032677 0.999984020941979 0.003768418606402639 -0.006035613876780699 -0.0037435875171809366 0.9999750861813888 0.5659346653398103 0.006188521998893748 -0.23086682041733297
FixedParameters: 0 0 0
#Transform 94
Transform: MatrixOffsetTransformBase_double_3_3
Parameters: 0.9999695005858745 -0.004476123308223362 0.006439055815393136 0.004453299333791657 0.9999834892941969 0.003651053536806094 -0.006455072023121358 -0.0036219516390806825 0.9999725625142613 0.5825907441106608 0.0840008542566153 -0.2645416025944911
FixedParameters: 0 0 0
#Transform 95
Transform: MatrixOffsetTransformBase_double_3_3
Parameters: 0.9999704499442639 -0.003930502381777604 0.0066408994581006785 0.0039048727725188143 0.9999849841354722 0.003905126416344433 -0.006655818681374879 -0.003878877108437137 0.9999701699013605 0.5588901983338701 0.10393463742587983 -0.3192829513281623
FixedParameters: 0 0 0
#Transform 96
Transform: MatrixOffsetTransformBase_double_3_3
Parameters: 0.9999752540227601 -0.004274192638265739 0.005610376317807462 0.004251309665344408 0.999982550218455 0.004095444026670961 -0.005627795604257194 -0.004071559965245934 0.9999763532899241 0.5349601868187364 -0.0006311605920501506 -0.2778169326573021
FixedParameters: 0 0 0
#Transform 97
Transform: MatrixOffsetTransformBase_double_3_3
Parameters: 0.9999742091924495 -0.003985535122831897 0.005992172455576186 0.003962114691013017 0.999984509727145 0.003891150412207438 -0.0060076032012562515 -0.003866849092918734 0.9999746056824903 0.5711386566127601 0.052776921931894094 -0.2857098728060663
FixedParameters: 0 0 0
#Transform 98
Transform: MatrixOffsetTransformBase_double_3_3
Parameters: 0.9999728500610812 -0.0042079389490719335 0.006119221729848958 0.004181688717433429 0.9999823803629387 0.004195018867189752 -0.006136793979818355 -0.0041689766571054235 0.9999724908335311 0.5318818132572147 0.08849528803860096 -0.2911483240653041
FixedParameters: 0 0 0
#Transform 99
Transform: MatrixOffsetTransformBase_double_3_3
Parameters: 0.9999754365524297 -0.004186919767535439 0.005659737608747602 0.004167936265266316 0.9999855986943623 0.0033801616320297823 -0.005673718121688451 -0.0033568384785867475 0.9999781439276503 0.575137457440519 0.006874659544436668 -0.1857591163726795
FixedParameters: 0 0 0
#Transform 100
Transform: MatrixOffsetTransformBase_double_3_3
Parameters: 0.9999721418877789 -0.004528362646064722 0.00594531382423583 0.004510574904853342 0.9999849268914766 0.003041338146569858 -0.005959573965999119 -0.003013660059970308 0.9999778831916364 0.57458888457478 0.06425217241728376 -0.1674849127353042
FixedParameters: 0 0 0
#Transform 101
Transform: MatrixOffsetTransformBase_double_3_3
Parameters: 0.9999741166274406 -0.003993186061322015 0.0059945694065317665 0.003971728223953301 0.9999852672273748 0.00364821060533823 -0.00600918915470962 -0.003623789851745343 0.9999754079762112 0.5608013137427008 0.1104444705457297 -0.26081991940624505
FixedParameters: 0 0 0
#Transform 102
Transform: MatrixOffsetTransformBase_double_3_3
Parameters: 0.9999759506986383 -0.003895971262131272 0.005732908601695765 0.0038755614375551714 0.9999854180008825 0.0037216718577377794 -0.005747404174190584 -0.0036993344859286847 0.9999769966283145 0.5456309811895466 0.046933786004785816 -0.22405455972827326
FixedParameters: 0 0 0
#Transform 103
Transform: MatrixOffsetTransformBase_double_3_3
Parameters: 0.9999724592392942 -0.003916584399617987 0.006260954898217403 0.0038926818082115977 0.9999848756910132 0.00392267345689206 -0.006275976261351764 -0.0038983347599181456 0.9999729989617382 0.5836154235432502 0.1159563882128225 -0.29606890691110266
FixedParameters: 0 0 0
#Transform 104
Transform: MatrixOffsetTransformBase_double_3_3
Parameters: 0.9999708916384616 -0.004351464771111895 0.006258356378257499 0.004327180705436339 0.9999832546548412 0.003950519390757461 -0.006276009278729747 -0.003923484096030654 0.9999726364616034 0.5578120482318809 0.07691730163315924 -0.2889012286222936
FixedParameters: 0 0 0
#Transform 105
Transform: MatrixOffsetTransformBase_double_3_3
Parameters: 0.9999749288310685 -0.0038713433544237826 0.006006461395326534 0.0038505390689725126 0.9999865688276447 0.0035915263764278726 -0.006020759407207298 -0.003567480783685753 0.9999757339283792 0.559703881599404 0.04024000102562297 -0.2301460589268487
FixedParameters: 0 0 0
#Transform 106
Transform: MatrixOffsetTransformBase_double_3_3
Parameters: 0.9999744190017339 -0.00371397596347301 0.0060653991214728135 0.0036932217200464873 0.999987688769233 0.003310729051861902 -0.006077672776451216 -0.003288265202647224 0.9999759565163066 0.6091711052128232 0.07598813631608436 -0.2250078969517375
FixedParameters: 0 0 0
#Transform 107
Transform: MatrixOffsetTransformBase_double_3_3
Parameters: 0.9999751974194278 -0.004630089012167452 0.005325906469915161 0.004612784015812518 0.9999846573659389 0.0032413793327544863 -0.005340709289100629 -0.0032166251172540405 0.9999806868434398 0.5721626538947078 0.09110969131759816 -0.1893254667921127
FixedParameters: 0 0 0
#Transform 108
Transform: MatrixOffsetTransformBase_double_3_3
Parameters: 0.999972276522011 -0.0042394952041667384 0.006144116723942604 0.0042160981978881466 0.9999839017665162 0.0037133204086647956 -0.006160063554709354 -0.0036866703227991862 0.9999739943149855 0.5457504928010906 0.17156682390624667 -0.2665201106565007
FixedParameters: 0 0 0
#Transform 109
Transform: MatrixOffsetTransformBase_double_3_3
Parameters: 0.9999766039587275 -0.003983225059746333 0.005525533157354093 0.003962998480351298 0.9999858009756151 0.0035734628159249035 -0.0055396787527728945 -0.0035515351486627295 0.9999784198028747 0.5303532046978034 0.06463672478437843 -0.22903822385730166
FixedParameters: 0 0 0
#Transform 110
Transform: MatrixOffsetTransformBase_double_3_3
Parameters: 0.9999760044905437 -0.0037533074719292283 0.0057362312030177194 0.0037330682203567654 0.9999861678334331 0.0036228568427088548 -0.005749988793836389 -0.0036011412379727964 0.9999767431842915 0.548523922368858 0.03439948280085048 -0.22234176231582126
FixedParameters: 0 0 0
#Transform 111
Transform: MatrixOffsetTransformBase_double_3_3
Parameters: 0.9999756218520774 -0.004239771658812531 0.005513519890098662 0.004220017232957948 0.9999850018979489 0.00353889862232052 -0.005529194782667789 -0.003515099249998252 0.9999787401254795 0.5426913711040413 0.14564600740041556 -0.24833463908346687
FixedParameters: 0 0 0
#Transform 112
Transform: MatrixOffsetTransformBase_double_3_3
Parameters: 0.9999747894735425 -0.004540073999608364 0.005531561533760762 0.004519008457160892 0.9999825698864101 0.003809708927558657 -0.005548687375333831 -0.0037852910652996855 0.9999773771014925 0.5472568770487669 0.06976417451406292 -0.23795327589630233
FixedParameters: 0 0 0
#Transform 113
Transform: MatrixOffsetTransformBase_double_3_3
Parameters: 0.999975987603442 -0.004429456648007918 0.005233344039565106 0.004414636378979007 0.9999860336668371 0.002976898095735432 -0.005246584485787144 -0.0029541033296093464 0.9999813653066043 0.5742633533454153 0.06579360378462695 -0.18520276785024237
FixedParameters: 0 0 0
#Transform 114
Transform: MatrixOffsetTransformBase_double_3_3
Parameters: 0.9999748091553049 -0.00473289684865617 0.0052715770146916155 0.004714971432166039 0.9999835568827854 0.003421734079049922 -0.005287689599437042 -0.003397268199630432 0.9999800025253937 0.5553931153763756 0.1365960691842787 -0.22978131362103227
FixedParameters: 0 0 0
#Transform 115
Transform: MatrixOffsetTransformBase_double_3_3
