#Insight Transform File V1.0
#Transform 0
Transform: MatrixOffsetTransformBase_double_3_3
Parameters: 0.9999985485719715 -0.0016529206252696637 0.0008482737752682284 0.0016525368706985155 0.9999977734062508 0.0007454063986851167 -0.000848678907149455 -0.0007435947588123604 0.99999966660369 0.211694571354613 -0.048638976107341136 -0.15593825505769132
FixedParameters: 0 0 0
#Transform 1
Transform: MatrixOffsetTransformBase_double_3_3
Parameters: 0.9999985970342095 -0.0016516727782851935 0.0008216927901663788 0.0016507025527225648 0.9999980647609931 0.0011254210424699387 -0.0008233505308541264 -0.0011235793253954254 0.999999003269384 0.24204912464882966 -0.10780825391171334 -0.11250636404075465
FixedParameters: 0 0 0
#Transform 2
Transform: MatrixOffsetTransformBase_double_3_3
Parameters: 0.9999985636280165 -0.0016524855544389717 0.0008401989627818522 0.0016520229179850072 0.9999976916524654 0.000799392634480596 -0.0008407818316701616 -0.0007976081893793438 0.9999995967695554 0.2295643682685835 0.005671673922137188 -0.229711785177372
FixedParameters: 0 0 0
#Transform 3
Transform: MatrixOffsetTransformBase_double_3_3
Parameters: 0.9999979826333539 -0.001916876612980544 0.000585204521611603 0.0019164187461978611 0.9999970813995299 0.0011411861558127678 -0.0005875206170137488 -0.001139813012578067 0.9999992997510461 0.23534605453657775 -0.12980333487789153 -0.11712429369133304
FixedParameters: 0 0 0
#Transform 4
Transform: MatrixOffsetTransformBase_double_3_3
Parameters: 0.9999980393915429 -0.0018270331447036254 0.0007901739601415177 0.0018243492291051039 0.9999959940704459 0.0021755092140587975 -0.000794061645464694 -0.002173491441175214 0.9999975883988639 0.25262948887768744 -0.009759621573394384 -0.17854350284665088
FixedParameters: 0 0 0
#Transform 5
Transform: MatrixOffsetTransformBase_double_3_3
Parameters: 0.9999977182257774 -0.002087995131552692 0.0009593246030280757 0.002086449039448027 0.9999957506837643 0.0022381337242423013 -0.000964491981374383 -0.0022358674063921932 0.9999969591758437 0.26319617673384244 -0.0376737215313625 -0.167427854738321
FixedParameters: 0 0 0
#Transform 6
Transform: MatrixOffsetTransformBase_double_3_3
Parameters: 0.9999976748188774 -0.0018206817982828847 0.0010059216759901925 0.0018182100359163504 0.9999971345388546 0.0016348990229343927 -0.0010088136114200729 -0.0016331008399402894 0.9999982003589001 0.2700779935126718 -0.002848356983676581 -0.1323150637130368
FixedParameters: 0 0 0
#Transform 7
Transform: MatrixOffsetTransformBase_double_3_3
Parameters: 0.9999975129943909 -0.0020456787850167556 0.0005491257102931213 0.0020448990055751755 0.9999958086879108 0.0022502514427453144 -0.0005532176797036347 -0.002248752984089608 0.9999975837721317 0.2702275454494725 0.012292360549238879 -0.1517575357584917
FixedParameters: 0 0 0
#Transform 8
Transform: MatrixOffsetTransformBase_double_3_3
Parameters: 0.9999968790166887 -0.0024727768342339006 0.0010030610071798023 0.002471151686715674 0.9999952257737361 0.0016846130048858918 -0.0010072725595674271 -0.001682385610083749 0.9999979848866166 0.3173064319946661 -0.020325125672684408 -0.11127579857277681
FixedParameters: 0 0 0
#Transform 9
Transform: MatrixOffsetTransformBase_double_3_3
Parameters: 0.9999969048468873 -0.002252212519352163 0.0010119456565141625 0.0022499587139034704 0.9999952449778956 0.0019513493118505504 -0.0010156151050698303 -0.001948652613258238 0.9999980548468267 0.279487663747517 0.0984400624460875 -0.13991350468972996
FixedParameters: 0 0 0
#Transform 10
Transform: MatrixOffsetTransformBase_double_3_3
Parameters: 0.9999973078523824 -0.002240507502604821 0.0008201588656871878 0.0022388918345614475 0.9999950915416752 0.0020169119175663386 -0.0008240817873469277 -0.002016089799687003 0.9999980837437416 0.2956332797202208 -0.00858479896709241 -0.11923397234706101
FixedParameters: 0 0 0
#Transform 11
Transform: MatrixOffsetTransformBase_double_3_3
Parameters: 0.9999966588882861 -0.002373270991861687 0.0008408262495768525 0.002372980578255481 0.9999959121237549 0.0012531237530015657 -0.0008436552393631727 -0.0012508753798103137 0.9999986117517214 0.33585800077149486 0.07916198349168724 -0.060712403670905246
FixedParameters: 0 0 0
#Transform 12
Transform: MatrixOffsetTransformBase_double_3_3
Parameters: 0.999997986628788 -0.0021171253584358544 0.0007277129470218197 0.0021168240353472375 0.9999964579149213 0.0014546651072838354 -0.0007307536714060602 -0.001452333722326643 0.999998303383807 0.3343913931412601 0.0655692729508246 -0.08190850105754066
FixedParameters: 0 0 0
#Transform 13
Transform: MatrixOffsetTransformBase_double_3_3
Parameters: 0.999996230684389 -0.0024300000996859755 0.0009289152911158399 0.0024289854555954817 0.9999959531547415 0.0015223908878729889 -0.0009331949260181361 -0.0015206089836484332 0.9999986475948559 0.33240943139901447 0.10106445263275532 -0.08009499151371813
FixedParameters: 0 0 0
#Transform 14
Transform: MatrixOffsetTransformBase_double_3_3
Parameters: 0.9999968934376995 -0.0023936270975623607 0.0006140205913875537 0.002392823330671346 0.9999966405527748 0.0013196581855713235 -0.0006172799078216121 -0.001318342119819134 0.9999987733558743 0.3597877735072075 0.082153957934608 -0.06371660395602419
FixedParameters: 0 0 0
#Transform 15
Transform: MatrixOffsetTransformBase_double_3_3
Parameters: 0.9999975736302568 -0.0023134651010503562 0.000273231021026409 0.0023131558264323994 0.9999974888483908 0.0004568144241939853 -0.00027434483831461595 -0.0004561854632671031 0.9999996679968566 0.3591741524899845 0.06282676027505829 -0.01615666413152894
FixedParameters: 0 0 0
#Transform 16
Transform: MatrixOffsetTransformBase_double_3_3
Parameters: 0.999998017784694 -0.0021893267358052836 0.0004367633037701852 0.002188271268319084 0.9999973145155392 0.001003084197426271 -0.0004381593235802046 -0.0010029182911958298 0.9999996912458303 0.3291128356409274 0.13168385124025406 -0.03969275547082418
FixedParameters: 0 0 0
#Transform 17
Transform: MatrixOffsetTransformBase_double_3_3
Parameters: 0.9999953672566108 -0.002781537224680742 0.0009459273963906652 0.0027806665202026112 0.9999955038293477 0.0013888833294278397 -0.0009495334058056723 -0.0013861171243833084 0.9999980131043215 0.3927946064120391 0.1037736832856524 -0.03152060432769588
FixedParameters: 0 0 0
#Transform 18
Transform: MatrixOffsetTransformBase_double_3_3
Parameters: 0.9999971810966252 -0.002165670247607435 0.0010621394977653237 0.002164150035178071 0.9999959662754682 0.0015703688525102455 -0.0010658196699955423 -0.0015676295277451333 0.9999982912918115 0.36538471364548286 0.16814405096272367 -0.06683536965141457
FixedParameters: 0 0 0
#Transform 19
Transform: MatrixOffsetTransformBase_double_3_3
Parameters: 0.9999967036398119 -0.0025439667578561233 0.0009090316614203096 0.0025420181726417417 0.9999954910873845 0.0014884453670018158 -0.0009125448179890672 -0.0014865551916590433 0.9999987872286668 0.38114877067111763 0.112872145269165 -0.06286232431867234
FixedParameters: 0 0 0
#Transform 20
Transform: MatrixOffsetTransformBase_double_3_3
Parameters: 0.9999976862013304 -0.00212174735805574 0.0009016650697498631 0.002119863156443994 0.9999963760522415 0.00149798177528164 -0.0009049607484671521 -0.0014960177936097982 0.9999988281233447 0.42333656966951594 0.1255262083616202 -0.04391979242275568
FixedParameters: 0 0 0
#Transform 21
Transform: MatrixOffsetTransformBase_double_3_3
Parameters: 0.999994421221616 -0.002856939593496049 0.0015543346500509452 0.0028538378258866114 0.9999934549484797 0.0021655833299125057 -0.0015604633054945522 -0.0021614173560989478 0.9999966047714364 0.39015431714967974 0.1819395243178974 -0.08491751007764492
FixedParameters: 0 0 0
#Transform 22
Transform: MatrixOffsetTransformBase_double_3_3
Parameters: 0.9999952215341095 -0.0028371535011895294 0.0008529535870244252 0.0028362759504558777 0.9999947438500352 0.0015426145026915528 -0.0008575876363293392 -0.0015403858563747819 0.9999987252257156 0.40164142872353636 0.11878352605512532 -0.03597506401408168
FixedParameters: 0 0 0
#Transform 23
Transform: MatrixOffsetTransformBase_double_3_3
Parameters: 0.9999974857172415 -0.002276972853014567 0.0005740732286763305 0.002276302642284941 0.99999625125481 0.0012954352125363819 -0.0005769157065231293 -0.001294563946967607 0.9999988804076423 0.3698657030040522 0.15069303857789862 -0.05378438993180623
FixedParameters: 0 0 0
#Transform 24
Transform: MatrixOffsetTransformBase_double_3_3
Parameters: 0.9999952068483263 -0.0024389721814645463 0.001686378013917442 0.002434996407309514 0.9999938587014606 0.002550194603060489 -0.0016925134037655439 -0.0025468066908538867 0.9999953583895363 0.4409824454551341 0.08656182886048214 -0.14559347321187488
FixedParameters: 0 0 0
#Transform 25
Transform: MatrixOffsetTransformBase_double_3_3
Parameters: 0.9999913689537974 -0.003936534148087863 0.0014623350356735374 0.0039322920494043 0.9999896331641609 0.0022881467302933445 -0.0014711533301895192 -0.0022818524716850946 0.9999962932819048 0.5060573236973056 0.08347811593570498 -0.11969679949901035
FixedParameters: 0 0 0
#Transform 26
Transform: MatrixOffsetTransformBase_double_3_3
Parameters: 0.9999912721607893 -0.003479283943085661 0.002150462367111315 0.003473514484913135 0.9999906833572023 0.002390636055125829 -0.002158776345917475 -0.0023833622458469678 0.9999951932059576 0.501225742245424 0.11234487033732421 -0.10821151780235994
FixedParameters: 0 0 0
#Transform 27
Transform: MatrixOffsetTransformBase_double_3_3
Parameters: 0.9999951590971722 -0.00274235673191389 0.0011496023865273845 0.0027399280455785656 0.9999945010992106 0.001793348300800711 -0.001154316860405111 -0.0017906495571933245 0.9999972354546414 0.461415326117006 0.12512672686455062 -0.07515559263781313
FixedParameters: 0 0 0
#Transform 28
Transform: MatrixOffsetTransformBase_double_3_3
Parameters: 0.9999889685437823 -0.004438122616514965 0.0015274794420299075 0.0044352236676813254 0.999988455634643 0.0020783007669279638 -0.0015366703803502172 -0.0020717025460767063 0.9999969015958402 0.4965868900914501 0.15528949455335805 -0.06780954270278983
FixedParameters: 0 0 0
#Transform 29
Transform: MatrixOffsetTransformBase_double_3_3
Parameters: 0.9999933073578653 -0.003302135246246404 0.0013371824386816868 0.0032994934853886647 0.9999925075721713 0.0019716784904236923 -0.001344017045603509 -0.0019673195190764298 0.9999970418968819 0.46417492979547603 0.2124823080253293 -0.06811997276656712
FixedParameters: 0 0 0
#Transform 30
Transform: MatrixOffsetTransformBase_double_3_3
Parameters: 0.9999880823893293 -0.004699356455064796 0.0013537958731099442 0.0046972304662675 0.9999874403129184 0.0017139407377352658 -0.0013617097105811465 -0.0017080605061520829 0.9999977869931433 0.5245169615218543 0.17257498060783405 -0.017397055441435327
FixedParameters: 0 0 0
#Transform 31
Transform: MatrixOffsetTransformBase_double_3_3
Parameters: 0.9999906582234649 -0.004226078918492948 0.0012164659683318968 0.004224512702711438 0.9999895907553834 0.0017015916983733337 -0.0012236580119894165 -0.0016964103675460515 0.9999982942306147 0.5059053913446974 0.218216115670387 -0.041157001391340486
FixedParameters: 0 0 0
#Transform 32
Transform: MatrixOffsetTransformBase_double_3_3
Parameters: 0.999993014395253 -0.003591796294166184 0.0010411682219359348 0.0035897786160984887 0.9999906691747503 0.0021730648192287497 -0.001048599250595213 -0.0021699336831509514 0.9999969143556657 0.4431858868671128 0.21841634374756325 -0.07753223103100026
FixedParameters: 0 0 0
#Transform 33
Transform: MatrixOffsetTransformBase_double_3_3
Parameters: 0.9999889835839783 -0.004438281573193859 0.001148531487870994 0.004436020867155676 0.9999888562171961 0.0016696659010412979 -0.0011562187486560515 -0.0016643314613328242 0.9999975695600327 0.5056018143234411 0.14791427864410878 -0.03497468220049882
FixedParameters: 0 0 0
#Transform 34
Transform: MatrixOffsetTransformBase_double_3_3
Parameters: 0.9999908853264671 -0.004342317373685569 0.0005106268788656304 0.004340989245559226 0.999989115089513 0.0018007810869991314 -0.0005182116952900367 -0.0017992204351240798 0.9999982901980572 0.5126223352298496 0.19888631386960753 -0.01815545025546328
FixedParameters: 0 0 0
#Transform 35
Transform: MatrixOffsetTransformBase_double_3_3
Parameters: 0.9999882331390708 -0.004680872937454549 0.0009268192961727944 0.004678155451160641 0.9999864764809244 0.0022129700080927295 -0.000937406564917615 -0.0022080270490502235 0.9999969839766485 0.44405272481189684 0.2630799129593555 -0.08003457475594189
FixedParameters: 0 0 0
#Transform 36
Transform: MatrixOffsetTransformBase_double_3_3
Parameters: 0.9999883672715477 -0.004653033084331166 0.0009913947025466628 0.004651345717910398 0.9999880752506186 0.001615242854971978 -0.0009982982407937021 -0.0016107601204713856 0.999998088445265 0.501922970954098 0.17086002745006112 -0.025628638946116666
FixedParameters: 0 0 0
#Transform 37
Transform: MatrixOffsetTransformBase_double_3_3
Parameters: 0.9999850841899437 -0.005018143320051605 0.0021746928402130734 0.005014129235457708 0.9999848599221397 0.002163510253485275 -0.0021860044341784138 -0.0021524861582311663 0.9999949102672477 0.5557495641817809 0.24592230863520115 0.037992370583666
FixedParameters: 0 0 0
#Transform 38
Transform: MatrixOffsetTransformBase_double_3_3
Parameters: 0.9999876091001942 -0.00495273268386083 0.0009280061468363942 0.004951242610906766 0.9999861826985456 0.0016182871572643157 -0.0009359065548805168 -0.0016137123710546278 0.999998203453821 0.504413781011209 0.3291208418165894 -0.017495177897842495
FixedParameters: 0 0 0
#Transform 39
Transform: MatrixOffsetTransformBase_double_3_3
Parameters: 0.9999886089712565 -0.004667995979794583 0.001265247972185885 0.004665950859467974 0.9999874495579231 0.0017784820916525515 -0.0012726584397145788 -0.001772522799557287 0.9999978545622816 0.5238687792869428 0.22566182395701162 -0.00614240434070723
FixedParameters: 0 0 0
#Transform 40
Transform: MatrixOffsetTransformBase_double_3_3
Parameters: 0.9999914917599101 -0.004149619506633605 0.0005387291742041388 0.004148323197717887 0.999989933850796 0.0017337345903300216 -0.0005460584512619404 -0.0017312654771698965 0.9999985547657224 0.49182979752623623 0.267004873553077 -0.03617790064048165
FixedParameters: 0 0 0
#Transform 41
Transform: MatrixOffsetTransformBase_double_3_3
Parameters: 0.9999886423545133 -0.004784086368763497 0.0006857748048490308 0.004782658590330996 0.9999861182971481 0.0020519101217192567 -0.0006952857652745153 -0.0020480917675499283 0.9999981189959364 0.49602344495471584 0.20790617225524954 -0.009987067369110036
FixedParameters: 0 0 0
#Transform 42
Transform: MatrixOffsetTransformBase_double_3_3
Parameters: 0.9999895584036473 -0.004550325214707139 0.0008566298257295254 0.004549662787452581 0.9999887675247553 0.0013414628101615644 -0.0008627112856568874 -0.0013375389699486762 0.9999992023353041 0.5055159260626567 0.25188720911745577 -0.0028350901628328984
FixedParameters: 0 0 0
#Transform 43
Transform: MatrixOffsetTransformBase_double_3_3
Parameters: 0.9999903302379132 -0.00438601026633862 0.0006553019002473564 0.004385605193764912 0.9999895610301052 0.0015534372326722959 -0.00066280747219724 -0.0015505624577309834 0.9999989517739574 0.5051176833337365 0.2827348160108869 -0.011231976614936912
FixedParameters: 0 0 0
#Transform 44
Transform: MatrixOffsetTransformBase_double_3_3
Parameters: 0.9999890265732747 -0.0045766654558435154 0.0010149018656306352 0.004574303058414861 0.999987865219128 0.001879217955412002 -0.0010229755827302124 -0.0018747857804288504 0.9999981150444119 0.5277565122572128 0.2220341826504324 -0.006880918205553144
FixedParameters: 0 0 0
#Transform 45
Transform: MatrixOffsetTransformBase_double_3_3
Parameters: 0.9999910688171337 -0.0042072456779887685 0.0004807787231977571 0.004206072557528209 0.9999892328566489 0.0018115256726686513 -0.0004889683375429486 -0.0018104708923641286 0.9999982764904856 0.4873461319580201 0.3024069119055923 -0.034058900126296976
FixedParameters: 0 0 0
#Transform 46
Transform: MatrixOffsetTransformBase_double_3_3
Parameters: 0.9999877213388304 -0.0048330153697651295 0.0009603051371401285 0.0048305247196544 0.9999857836235293 0.0020492761048930136 -0.000970983771901585 -0.0020447182423969854 0.9999975572494277 0.5171426751248873 0.2134676857091904 -0.0006362483180168965
FixedParameters: 0 0 0
#Transform 47
Transform: MatrixOffsetTransformBase_double_3_3
Parameters: 0.9999891942363947 -0.00461023749654104 0.0007425704071241008 0.004608642395349021 0.9999868331786701 0.002046994785841319 -0.0007523249814297052 -0.002044003306615756 0.999997992867184 0.49226007031482766 0.32542836446384626 -0.014604162792380748
FixedParameters: 0 0 0
#Transform 48
Transform: MatrixOffsetTransformBase_double_3_3
Parameters: 0.9999865912668909 -0.005097790221600067 0.0006467980611936555 0.005096647203106226 0.9999836335374834 0.0025780589589904992 -0.0006599092210916813 -0.0025749423160644075 0.9999966809119617 0.48608085575926907 0.3107728888217878 -0.03161196498918173
FixedParameters: 0 0 0
#Transform 49
Transform: MatrixOffsetTransformBase_double_3_3
Parameters: 0.9999881231754959 -0.004539645420745989 0.0015049168623842977 0.00453566752437454 0.9999846072211107 0.0030443602981464132 -0.0015191821613057847 -0.0030376343511132817 0.999994020460203 0.5083333432122146 0.2786422233766075 -0.01684466349868785
FixedParameters: 0 0 0
#Transform 50
Transform: MatrixOffsetTransformBase_double_3_3
Parameters: 0.9999903607853183 -0.0043376587989022615 0.0009076790159152533 0.00433501194075557 0.9999870102131436 0.0027315112894779753 -0.0009201926670594202 -0.0027274841603072905 0.999995450143338 0.4856455848761243 0.37383888649286234 -0.051353909085776195
FixedParameters: 0 0 0
#Transform 51
Transform: MatrixOffsetTransformBase_double_3_3
Parameters: 0.9999868379442809 -0.005095929622359383 0.001092845465795259 0.0050925201555008974 0.9999826621451986 0.002962339607187385 -0.0011077876251436227 -0.002956658897776736 0.999994658365652 0.48579317417025436 0.2696853365275871 -0.025206653026643266
FixedParameters: 0 0 0
#Transform 52
Transform: MatrixOffsetTransformBase_double_3_3
Parameters: 0.9999884150125198 -0.0047755944558645754 0.0008816314411018535 0.0047735292309563325 0.999985363063818 0.0024838510238658768 -0.0008941739842683812 -0.0024801460291770314 0.9999967312165621 0.4885630664955869 0.3104796962724947 -0.005440199980540683
FixedParameters: 0 0 0
#Transform 53
Transform: MatrixOffsetTransformBase_double_3_3
Parameters: 0.9999858901572969 -0.005214392165517851 0.0013836619640668238 0.0052110506413248865 0.9999821217626244 0.003035997351407166 -0.0013999479824916697 -0.0030290028888310463 0.9999943761052431 0.5005494528038383 0.36017932600792335 -0.008850748354532811
FixedParameters: 0 0 0
#Transform 54
Transform: MatrixOffsetTransformBase_double_3_3
Parameters: 0.9999882567868714 -0.004792804459495883 0.0008792621185028207 0.004790143337790535 0.9999847570230732 0.002758915567256638 -0.0008925274707700811 -0.002755081368168953 0.9999952975554504 0.5016006742007733 0.3136844216595591 -0.00550758091770831
FixedParameters: 0 0 0
#Transform 55
Transform: MatrixOffsetTransformBase_double_3_3
Parameters: 0.9999870015786148 -0.005053165225102515 0.0006808591197068209 0.005051238831683742 0.9999831467972008 0.002931206521749885 -0.0006953087221856743 -0.0029277977662951205 0.9999956906800564 0.4498569487369224 0.38964103241247017 -0.052510964652242365
FixedParameters: 0 0 0
#Transform 56
Transform: MatrixOffsetTransformBase_double_3_3
Parameters: 0.9999873912107945 -0.004916160126232477 0.0012006765948754457 0.004912389463359042 0.9999839855952879 0.002873610700783319 -0.0012146771016977537 -0.00286738919924813 0.9999949259359256 0.48778141839166267 0.288923425303679 -0.009443043731323542
FixedParameters: 0 0 0
#Transform 57
Transform: MatrixOffsetTransformBase_double_3_3
Parameters: 0.9999884277318958 -0.004359472294940687 0.0021370472139284297 0.004348647556720866 0.9999784322092238 0.00502274802689439 -0.0021590703915260177 -0.005013261485959805 0.9999856342136186 0.5266028330882051 0.3725819573808167 0.011695073058874073
FixedParameters: 0 0 0
#Transform 58
Transform: MatrixOffsetTransformBase_double_3_3
Parameters: 0.9999918813310528 -0.003935301639119325 0.001277074756801076 0.003931726726795057 0.9999874916969629 0.0030634238601455616 -0.001288880481974482 -0.0030585779495649473 0.9999946500623134 0.4726981336702494 0.371758797831248 -0.04012499810136205
FixedParameters: 0 0 0
#Transform 59
Transform: MatrixOffsetTransformBase_double_3_3
Parameters: 0.9999882190942313 -0.004776568305755481 0.0009819003555717283 0.0047736155143668305 0.999983970170805 0.003092338840535176 -0.0009971980926654811 -0.003087662141709864 0.9999951525614585 0.4876147809503948 0.312305248922101 -0.0015422573887491353
FixedParameters: 0 0 0
#Transform 60
Transform: MatrixOffsetTransformBase_double_3_3
Parameters: 0.999986891811798 -0.005095094077895019 0.0010704465875746145 0.005092622481366975 0.9999834452538329 0.002645164295859169 -0.0010841535201645402 -0.0026398373009284895 0.9999964808223465 0.445331522079087 0.35199259049072396 -0.016228099572003885
FixedParameters: 0 0 0
#Transform 61
Transform: MatrixOffsetTransformBase_double_3_3
Parameters: 0.9999881451416531 -0.004780005905129758 0.0010033975941124667 0.004776720378829143 0.9999835014095543 0.003162444067257235 -0.001018386288767552 -0.0031575569204971565 0.9999946723600521 0.46504568354518483 0.2991653006833701 -0.010190055234502893
FixedParameters: 0 0 0
#Transform 62
Transform: MatrixOffsetTransformBase_double_3_3
Parameters: 0.9999888721987401 -0.004727075255726051 0.0008825886343374518 0.004725101773117453 0.9999844012086125 0.002921813458133013 -0.0008969701382443783 -0.0029171838286435325 0.9999954239025929 0.4649752248461283 0.3482162490673488 -0.00014750681039288338
FixedParameters: 0 0 0
#Transform 63
Transform: MatrixOffsetTransformBase_double_3_3
Parameters: 0.9999913309476063 -0.004084545858414383 0.0009920934635347515 0.004082157813301017 0.9999875233482988 0.0028435072621493945 -0.001003083205686736 -0.0028394962060891427 0.9999956592410474 0.4672399733848067 0.3468123022996821 -0.011655844632528556
FixedParameters: 0 0 0
#Transform 64
Transform: MatrixOffsetTransformBase_double_3_3
Parameters: 0.9999876353644724 -0.004860573395492977 0.00132023156036944 0.0048543167758936575 0.9999795626002052 0.00416008189102459 -0.001340296150914289 -0.004153918070575788 0.9999905110978972 0.4828872635901149 0.352136147148272 0.013026610551023055
FixedParameters: 0 0 0
#Transform 65
Transform: MatrixOffsetTransformBase_double_3_3
Parameters: 0.9999907382625586 -0.0041472687443484335 0.0010306084196805977 0.004144264702174757 0.9999870593035741 0.0030057893065349936 -0.0010422978730280877 -0.0030012130546109017 0.9999946368044808 0.4579066865362478 0.36556732162542005 -0.011963530058778815
FixedParameters: 0 0 0
#Transform 66
Transform: MatrixOffsetTransformBase_double_3_3
Parameters: 0.9999866632428236 -0.004795670688954431 0.0018270208763803463 0.004787217309075033 0.9999778862957976 0.004664376299527609 -0.0018491233376030161 -0.004655626068055488 0.9999873452142757 0.4949425968751484 0.34221469149565564 0.024063638220013672
FixedParameters: 0 0 0
#Transform 67
Transform: MatrixOffsetTransformBase_double_3_3
Parameters: 0.9999934921035398 -0.003508932814054922 0.0010935482809312684 0.0035057036731631786 0.9999890339421958 0.0029921653776133136 -0.0011033078033210347 -0.002988833071751247 0.9999945718854075 0.41182796909886576 0.39389337099964905 -0.014754284765928105
FixedParameters: 0 0 0
#Transform 68
Transform: MatrixOffsetTransformBase_double_3_3
Parameters: 0.9999956120569524 -0.0028411960029600127 0.0005614323410533196 0.0028390630859720686 0.9999884669426817 0.003946855265262374 -0.0005726882253286278 -0.0039451465106702804 0.9999920030887816 0.33161241129603525 0.311964054655391 -0.023524852821438458
FixedParameters: 0 0 0
#Transform 69
Transform: MatrixOffsetTransformBase_double_3_3
Parameters: 0.9999978960858151 -0.001764824957343986 0.0009953920750928895 0.0017607807963010654 0.9999927424063719 0.003348821395902417 -0.001001026728697653 -0.003346176646570026 0.9999937420881414 0.30703858043375476 0.2490248972174669 -0.06056856475179018
FixedParameters: 0 0 0
#Transform 70
Transform: MatrixOffsetTransformBase_double_3_3
Parameters: 0.9999969311184898 -0.0020867616893783243 0.0008455762011245623 0.0020842021799718927 0.9999935872452123 0.0030298963508622948 -0.0008510445013417184 -0.0030281071884541155 0.9999949941150545 0.30682169536343906 0.2117476493600492 -0.07679928548699877
FixedParameters: 0 0 0
#Transform 71
Transform: MatrixOffsetTransformBase_double_3_3
Parameters: 0.9999966726351197 -0.002684755930444989 0.0003437735166907318 0.0026840216303156677 0.9999914136785606 0.0032381779214128853 -0.00035305316168072467 -0.003237819677733289 0.9999942895832427 0.34300605767001 0.2571615093415147 -0.05762320986231373
FixedParameters: 0 0 0
#Transform 72
Transform: MatrixOffsetTransformBase_double_3_3
Parameters: 0.9999966467184838 -0.002460708546598989 0.000546076332511259 0.0024591374908135687 0.9999928311602035 0.0028685354772487737 -0.0005530802117291603 -0.002867462345129107 0.999995364656714 0.31201750963744246 0.32828654919921973 -0.088424493742707
FixedParameters: 0 0 0
#Transform 73
Transform: MatrixOffsetTransformBase_double_3_3
Parameters: 0.9999951180178609 -0.0030782939249988255 0.0006372096152385624 0.003075824256331772 0.9999886373108337 0.0037422817189275565 -0.0006490737518889274 -0.0037397176322657016 0.999992490380769 0.4001223082193661 0.2744161295953802 -0.0667356123987588
FixedParameters: 0 0 0
#Transform 74
Transform: MatrixOffsetTransformBase_double_3_3
Parameters: 0.9999946167255649 -0.003055592525059621 0.0010222258296228943 0.0030521139265416064 0.9999883859655534 0.003803388412433051 -0.0010341672587394603 -0.003799613728810783 0.9999923277681685 0.3698318503372633 0.3729164130509446 -0.10714031921740741
FixedParameters: 0 0 0
#Transform 75
Transform: MatrixOffsetTransformBase_double_3_3
Parameters: 0.9999939494916337 -0.0032644454468755287 0.0011814683406254052 0.0032589631642311132 0.9999859129510209 0.004085123011615219 -0.0011948299596396673 -0.004080870409495743 0.9999906945503934 0.3866632064824529 0.30848276263655805 -0.09302302940388074
FixedParameters: 0 0 0
#Transform 76
Transform: MatrixOffsetTransformBase_double_3_3
Parameters: 0.9999938343322647 -0.0035514323088664643 0.0007438869162589589 0.0035481804133971205 0.9999846664869603 0.004231031065954474 -0.0007587041301258978 -0.004227965587269296 0.9999903902412562 0.4046110532428884 0.34056385562405467 -0.051802243473602516
FixedParameters: 0 0 0
#Transform 77
Transform: MatrixOffsetTransformBase_double_3_3
Parameters: 0.9999964598260621 -0.0024222201012443763 0.0008207597032714284 0.0024191442952604366 0.9999917424097238 0.003393182033846212 -0.0008290178510552435 -0.0033908191438267524 0.9999937059807434 0.3581692123135838 0.34935664074077977 -0.08410796270139542
FixedParameters: 0 0 0
#Transform 78
Transform: MatrixOffsetTransformBase_double_3_3
Parameters: 0.9999969815629718 -0.0025569143404903963 0.000693961217605387 0.002553959913939249 0.9999898855883688 0.003833973504613869 -0.0007033909865033134 -0.0038320333593958172 0.9999927120109177 0.3323496342944736 0.3061055896181415 -0.028947262748275193
FixedParameters: 0 0 0
#Transform 79
Transform: MatrixOffsetTransformBase_double_3_3
Parameters: 0.9999969353563053 -0.0023030994850798897 0.000871471424166105 0.0023007938331453506 0.9999917367599649 0.003329140250866773 -0.0008785701043122646 -0.00332686085545969 0.9999940473297798 0.3424416055584061 0.3405598418241169 -0.04631384595195698
FixedParameters: 0 0 0
#Transform 80
Transform: MatrixOffsetTransformBase_double_3_3
Parameters: 0.9999938077078038 -0.0035727516666062484 0.0006531946902238051 0.0035702066880853676 0.9999841380132536 0.004274722329638915 -0.0006685095302523139 -0.004272270326507462 0.9999901438344236 0.3996640616265239 0.3488304424554656 -0.04959524921834202
FixedParameters: 0 0 0
#Transform 81
Transform: MatrixOffsetTransformBase_double_3_3
Parameters: 0.9999948864396718 -0.0033215883296401497 0.00028338891457190386 0.003320506456935129 0.999986191583639 0.003978261127279711 -0.0002967122923088571 -0.003976735513391824 0.9999920536439458 0.3893574914406486 0.3438208919133956 -0.06647816711428334
FixedParameters: 0 0 0
#Transform 82
Transform: MatrixOffsetTransformBase_double_3_3
Parameters: 0.9999968608604969 -0.0026028137753271786 0.0006043232878637469 0.0025997329481912135 0.999986600815299 0.004443770204979006 -0.0006162797991794983 -0.004442225777628171 0.9999897792996051 0.340647460778186 0.3419685133487036 -0.08799731283440337
FixedParameters: 0 0 0
#Transform 83
Transform: MatrixOffsetTransformBase_double_3_3
Parameters: 0.9999952085942339 -0.0028928657728775203 0.0011931297433800125 0.0028866733808193224 0.9999826607859181 0.0051216603604806454 -0.0012073325028710816 -0.005118340166668622 0.9999861185336804 0.37125636301232134 0.314988815349281 -0.022312897287591227
FixedParameters: 0 0 0
#Transform 84
Transform: MatrixOffsetTransformBase_double_3_3
Parameters: 0.9999960889301865 -0.002468930873256831 0.0009029238941953198 0.0024654246555326086 0.9999893647637027 0.003837367639547104 -0.0009126332749969848 -0.003835630399364555 0.9999922865503006 0.3414364020619871 0.36998857381195194 -0.05742239535092608
FixedParameters: 0 0 0
#Transform 85
Transform: MatrixOffsetTransformBase_double_3_3
Parameters: 0.9999933242050966 -0.0034678610504604557 0.0008061970137907542 0.003463939561354921 0.9999826513128587 0.004854193200556585 -0.0008225707385885533 -0.004851809442183233 0.9999875692350738 0.39210196119380214 0.33286803517998464 -0.015116185936975057
FixedParameters: 0 0 0
#Transform 86
Transform: MatrixOffsetTransformBase_double_3_3
Parameters: 0.9999963262039397 -0.002583446236218039 0.001000451696798692 0.0025780501329102762 0.999985413741904 0.004806786152388852 -0.0010129800466559876 -0.004804213632863381 0.9999877264474251 0.35633106851756224 0.352154272406338 -0.018310853741098754
FixedParameters: 0 0 0
#Transform 87
Transform: MatrixOffsetTransformBase_double_3_3
Parameters: 0.9999966096328279 -0.002653495532533724 0.0005904775619009056 0.0026506838816278532 0.9999835614150464 0.005051767426757642 -0.0006040548491301014 -0.005050230113366416 0.9999870226084178 0.3379602167055822 0.36119084841052995 -0.04141051269829177
FixedParameters: 0 0 0
#Transform 88
Transform: MatrixOffsetTransformBase_double_3_3
Parameters: 0.9999973306734743 -0.0020036401014885694 0.0012860320992806205 0.001994786422428269 0.9999733933131854 0.006985650596110629 -0.0013003893097873647 -0.006983340207922177 0.9999743696160183 0.316671904008345 0.3552853188352145 0.017087039337582155
FixedParameters: 0 0 0
#Transform 89
Transform: MatrixOffsetTransformBase_double_3_3
Parameters: 0.9999965821812221 -0.002451265763147541 0.0006395125173320747 0.0024487820953073653 0.9999893860741589 0.0038377040434653398 -0.0006491520310741714 -0.0038362958895855684 0.9999927508138347 0.28390863139209443 0.2890066845908734 -0.027453432115692067
FixedParameters: 0 0 0
#Transform 90
Transform: MatrixOffsetTransformBase_double_3_3
Parameters: 0.9999963996431157 -0.0025228718003812004 0.00048479011705934206 0.0025211037846946914 0.9999881408704268 0.004196421087873624 -0.0004947962116863876 -0.004195581288980697 0.9999910457176208 0.28858491478942483 0.2789329197898667 -0.037458185033202085
FixedParameters: 0 0 0
#Transform 91
Transform: MatrixOffsetTransformBase_double_3_3
Parameters: 0.9999971208989697 -0.0021366444792639914 0.000561401170684819 0.002133111580125589 0.9999847002799065 0.005182339277145835 -0.0005723686728922742 -0.005181667917770659 0.9999867139079255 0.2810620130124306 0.2815686427861124 -0.16482523057048581
FixedParameters: 0 0 0
#Transform 92
Transform: MatrixOffsetTransformBase_double_3_3
Parameters: 0.9999974623247561 -0.0023009328853167725 0.0004948278263098868 0.002297591739291057 0.9999819238651196 0.005554276375874571 -0.0005072109278881323 -0.005552728557977615 0.9999848551469231 0.2969590957073933 0.21839317980351325 -0.062733011710435
FixedParameters: 0 0 0
#Transform 93
Transform: MatrixOffsetTransformBase_double_3_3
Parameters: 0.9999983872246954 -0.0018340353811306877 0.0004998088558014431 0.0018312250725145832 0.9999849835245157 0.005168989800134437 -0.0005085925765624384 -0.005168016320116764 0.9999869764791599 0.2824255051234701 0.2885508310443896 -0.16305245907143728
FixedParameters: 0 0 0
#Transform 94
Transform: MatrixOffsetTransformBase_double_3_3
Parameters: 0.9999965789850723 -0.002523506599286874 0.00023181431341348538 0.002521759172846545 0.9999791211989411 0.005963786197100154 -0.0002468098685636264 -0.005963216541082998 0.9999823303587194 0.28707102184175426 0.2286678230086494 -0.12428968171145982
FixedParameters: 0 0 0
#Transform 95
Transform: MatrixOffsetTransformBase_double_3_3
Parameters: 0.9999977872915247 -0.0022801795674905504 -0.00011735346960860267 0.00228063132275406 0.9999835440555688 0.005219865126575109 0.00010552472015312572 -0.005220136573123806 0.9999867459848605 0.2739720641194623 0.26944576067073456 -0.18103861014465394
FixedParameters: 0 0 0
#Transform 96
Transform: MatrixOffsetTransformBase_double_3_3
Parameters: 0.9999974411564538 -0.002356336855954074 -0.00007168919512965065 0.002357319258334568 0.9999800479283314 0.005864023936025968 0.00005708445571165296 -0.005863972227043039 0.9999826195718263 0.29878345817236607 0.25530296035123 -0.09016075215295416
FixedParameters: 0 0 0
#Transform 97
Transform: MatrixOffsetTransformBase_double_3_3
Parameters: 0.9999962468196818 -0.002568031127990525 0.0003981882370325269 0.0025659849623181855 0.999983426002684 0.005205226726622464 -0.0004107577427883377 -0.0052047808593268866 0.9999866362692127 0.30191702639068296 0.29711010554358097 -0.03014114048882277
FixedParameters: 0 0 0
#Transform 98
Transform: MatrixOffsetTransformBase_double_3_3
Parameters: 0.9999956170651165 -0.0028803301029049857 0.0002933825415080256 0.0028786528823778177 0.9999770270090225 0.0060610515507626556 -0.0003111372757836314 -0.006059948573396937 0.9999821299068357 0.2966172923914172 0.34546530637598494 -0.09389757481652339
FixedParameters: 0 0 0
#Transform 99
Transform: MatrixOffsetTransformBase_double_3_3
Parameters: 0.9999969692694106 -0.002233692938287942 0.0002024482414938241 0.0022328326184521967 0.9999844508228521 0.005158645484625517 -0.00021339150333674205 -0.0051583545515304086 0.9999862977808355 0.29194847060932716 0.29046736515886096 -0.09480456980250551
FixedParameters: 0 0 0
#Transform 100
Transform: MatrixOffsetTransformBase_double_3_3
Parameters: 0.9999976033121529 -0.002322883041076909 -0.000045508742735054434 0.002322571672058485 0.9999843369963796 0.005026026474248005 0.00003413938621284206 -0.005025974663975523 0.9999877445710073 0.2767366318651199 0.3158915679919687 -0.12958799926072118
FixedParameters: 0 0 0
#Transform 101
Transform: MatrixOffsetTransformBase_double_3_3
Parameters: 0.9999965584984262 -0.002503312137342205 0.0004187828816605485 0.0025001896150254324 0.9999717264164737 0.0070762489413311105 -0.00043598010924417315 -0.007074748256780609 0.9999747052869504 0.28917156277476863 0.30889726683044216 0.006693680730506912
FixedParameters: 0 0 0
#Transform 102
Transform: MatrixOffsetTransformBase_double_3_3
Parameters: 0.9999960910483715 -0.002608954489414927 0.00032153825349674064 0.0026070634047277415 0.9999855903711691 0.004760094528868185 -0.00033326834205383074 -0.004758906119842796 0.9999881946589122 0.26010793074334515 0.3366113104298307 -0.031652162703750264
FixedParameters: 0 0 0
#Transform 103
Transform: MatrixOffsetTransformBase_double_3_3
Parameters: 0.9999966629063889 -0.0025144269628336103 0.00012022596355680895 0.0025136811855851486 0.9999742931613644 0.006740507364036578 -0.00013702968179078585 -0.00674049835521346 0.9999774998499449 0.2811564172312444 0.3068314700152257 -0.015452545916687654
FixedParameters: 0 0 0
#Transform 104
Transform: MatrixOffsetTransformBase_double_3_3
Parameters: 0.9999976628281493 -0.002297706026539757 0.00023790954338539987 0.0022965238941099683 0.9999750219038125 0.006689742541216771 -0.00025349150736486817 -0.006689251478041815 0.9999771410232465 0.2700276234404697 0.3442299825696864 -0.051489392929610744
FixedParameters: 0 0 0
#Transform 105
Transform: MatrixOffsetTransformBase_double_3_3
Parameters: 0.9999969671992361 -0.0021993283899677148 0.0004412997330411311 0.0021966647778947556 0.9999704230481588 0.007403115015466977 -0.00045657494405177226 -0.0074018976218149235 0.9999729484057507 0.2765400799703883 0.3257942705651544 -0.009456193213850383
FixedParameters: 0 0 0
#Transform 106
Transform: MatrixOffsetTransformBase_double_3_3
Parameters: 0.9999951080056138 -0.002948532049926909 0.00044503752753571765 0.002944991369408903 0.9999647971992415 0.00785058883319905 -0.0004680464634788303 -0.00784941045817674 0.9999690636390419 0.3373407709211165 0.36611219298418973 0.009853479407553323
FixedParameters: 0 0 0
#Transform 107
Transform: MatrixOffsetTransformBase_double_3_3
Parameters: 0.9999971604221415 -0.0024121289241447862 0.00015278984900822585 0.0024103152427053486 0.9999790479883467 0.006015566319743121 -0.00016676665362352905 -0.006015433537090789 0.9999817391938147 0.25841557381890823 0.35565656884176633 -0.10544578237326618
FixedParameters: 0 0 0
#Transform 108
Transform: MatrixOffsetTransformBase_double_3_3
Parameters: 0.9999969873600719 -0.0023444924896341723 -0.0007182226383444467 0.0023495620020011353 0.9999721173903473 0.007091505697318062 0.0007016624437500595 -0.00709349007549849 0.9999742614708794 0.279181999366898 0.2934314090093153 -0.026267393998224975
FixedParameters: 0 0 0
#Transform 109
Transform: MatrixOffsetTransformBase_double_3_3
Parameters: 0.9999974091451196 -0.002113790893619947 -0.00034964354096385174 0.0021158474196640987 0.9999825555432597 0.0054733897505804124 0.0003384098709175247 -0.005474608064658583 0.9999849237441739 0.2644810223742837 0.3655989319335333 -0.12482142843060728
FixedParameters: 0 0 0
#Transform 110
Transform: MatrixOffsetTransformBase_double_3_3
Parameters: 0.9999963522408897 -0.0026935086066640934 -0.0006263135933331475 0.0026977493645743565 0.9999738063870289 0.006770571727195834 0.0006085948504381835 -0.006772434042766298 0.9999768381637874 0.2620559551435093 0.29048241998964386 -0.08944039402196324
FixedParameters: 0 0 0
#Transform 111
Transform: MatrixOffsetTransformBase_double_3_3
Parameters: 0.9999983767510948 -0.0018909176808042058 -0.00021566651837206345 0.0018928839132373988 0.9999775938955245 0.006388717713113931 0.00020347042269318615 -0.00638927388209834 0.999979143360393 0.26919849695202913 0.31858118119330925 -0.05223281068653307
FixedParameters: 0 0 0
#Transform 112
Transform: MatrixOffsetTransformBase_double_3_3
Parameters: 0.99999786269689 -0.002236558519620921 -0.0003690361896597508 0.0022384038448287724 0.9999762371329571 0.006537366290399388 0.0003546335339764659 -0.006538630290209797 0.9999781336749946 0.24525076257737055 0.3315882018391676 -0.0914370747001243
FixedParameters: 0 0 0
#Transform 113
Transform: MatrixOffsetTransformBase_double_3_3
Parameters: 0.9999964315945908 -0.002532782222537285 0.00039478163074685836 0.002529000278600193 0.9999716222064072 0.007073200598896122 -0.00041243535810440323 -0.007071795333556265 0.9999747674891647 0.2612651509942765 0.33090353868641387 0.007379001478440728
FixedParameters: 0 0 0
#Transform 114
Transform: MatrixOffsetTransformBase_double_3_3
Parameters: 0.9999986386186677 -0.0017942576489344312 -0.0003781362044164517 0.0017958059745479947 0.9999830235311057 0.005544446290968487 0.00036809292126697475 -0.005545548995974925 0.9999841205395043 0.24238844985434582 0.3773324786960046 -0.07005195030528455
FixedParameters: 0 0 0
#Transform 115
Transform: MatrixOffsetTransformBase_double_3_3
