#Insight Transform File V1.0
#Transform 0
Transform: MatrixOffsetTransformBase_double_3_3
Parameters: 0.9999987530901591 -0.0011903266252991417 0.0013527868332712124 0.001190323921291165 0.9999997015291787 0.0000016172910414224972 -0.0013527892150011348 -3.827064655875789e-7 0.9999990515590783 0.19176439211923935 -0.13085787364289558 -0.20611173557117013
FixedParameters: 0 0 0
#Transform 1
Transform: MatrixOffsetTransformBase_double_3_3
Parameters: 0.9999989630950218 -0.001150064130496369 0.0013098221072621987 0.0011493238210871445 0.9999997290087956 0.0002605129463402536 -0.0013094217092912558 -0.00025948754931885004 0.9999990988860555 0.2035854720342769 -0.15867734618666418 -0.17301573628520828
FixedParameters: 0 0 0
#Transform 2
Transform: MatrixOffsetTransformBase_double_3_3
Parameters: 0.9999970885613183 -0.0013073015704860196 0.0017893382601253652 0.0013085113294817054 0.9999991099008302 -0.00059970886316945 -0.0017888250096879442 0.0006012914711099604 0.9999982574589386 0.20691214386579304 -0.09090847991967621 -0.24251531872907606
FixedParameters: 0 0 0
#Transform 3
Transform: MatrixOffsetTransformBase_double_3_3
Parameters: 0.9999964012285696 -0.001528042178504342 0.002064726484055124 0.0015292110802510683 0.9999985838077374 -0.0005088926390340864 -0.0020642233009008732 0.0005121069755328889 0.9999972961997567 0.2048918827087789 -0.08274950458896058 -0.2220868454807885
FixedParameters: 0 0 0
#Transform 4
Transform: MatrixOffsetTransformBase_double_3_3
Parameters: 0.9999980114546285 -0.0010572295975586087 0.0016949092830761052 0.001057454318499261 0.9999995150639401 -0.0006542650783898513 -0.0016936417188425886 0.0006567365703153139 0.9999986370285556 0.20250930016995028 -0.15991490775157047 -0.17770098363911302
FixedParameters: 0 0 0
#Transform 5
Transform: MatrixOffsetTransformBase_double_3_3
Parameters: 0.9999974853609633 -0.0015508093554488136 0.0017632962302086789 0.001552715219399297 0.9999980627001241 -0.0008053161617311774 -0.0017618492301124209 0.0008086820245231871 0.9999981201626015 0.19933913593067132 -0.1051543761354452 -0.21887342026175816
FixedParameters: 0 0 0
#Transform 6
Transform: MatrixOffsetTransformBase_double_3_3
Parameters: 0.9999978624922178 -0.001226738074174905 0.0016225339174791174 0.0012279805773880916 0.999999465302614 -0.00038200123282062376 -0.001621593761725624 0.0003839970174829982 0.9999981038122976 0.19613153405047967 -0.09665761444203724 -0.21320400346444046
FixedParameters: 0 0 0
#Transform 7
Transform: MatrixOffsetTransformBase_double_3_3
Parameters: 0.9999974956428268 -0.0015067149173886892 0.001798242465312205 0.001506892735153992 0.9999988142525655 -0.0003093397910549217 -0.001798364285540198 0.0003116618758693193 0.9999984885690107 0.19616519165319346 -0.1411514077487368 -0.14504784753167144
FixedParameters: 0 0 0
#Transform 8
Transform: MatrixOffsetTransformBase_double_3_3
Parameters: 0.9999978552342834 -0.0013900843378410236 0.0017921605738540113 0.0013903909922927439 0.9999991276049924 -0.0003465578460249627 -0.0017922519044836739 0.00034844373243878013 0.9999984861159725 0.2050066010721565 -0.08065771832440305 -0.24682931723184254
FixedParameters: 0 0 0
#Transform 9
Transform: MatrixOffsetTransformBase_double_3_3
Parameters: 0.9999975483679824 -0.0011104712521167574 0.002053893381655302 0.001111038086408629 0.9999988726166412 -0.0001368296856977952 -0.0020535868143305965 0.00013916935639442934 0.9999976376636582 0.19301423706207288 -0.05279433406120404 -0.260572621121824
FixedParameters: 0 0 0
#Transform 10
Transform: MatrixOffsetTransformBase_double_3_3
Parameters: 0.9999973464569327 -0.0013903273257230954 0.0016494012395395752 0.0013902118661027322 0.9999991843265584 0.000036300125728062904 -0.0016494985596351174 -0.00003369968843956739 0.9999981596805712 0.1892211405421449 -0.12861737955959995 -0.15323848613051894
FixedParameters: 0 0 0
#Transform 11
Transform: MatrixOffsetTransformBase_double_3_3
Parameters: 0.9999976208301037 -0.001497063444426609 0.0017718230488001504 0.0014973104502613082 0.999998815999791 -0.0003503966903394551 -0.0017708298325319015 0.0003526034072473816 0.9999985577254765 0.2084777097903867 -0.06430136965656175 -0.160439676862822
FixedParameters: 0 0 0
#Transform 12
Transform: MatrixOffsetTransformBase_double_3_3
Parameters: 0.9999956839713607 -0.0017412825798737456 0.002298510343774606 0.001742448842486555 0.9999979999739463 -0.0004561010249765074 -0.0022979723389299047 0.0004598988293950876 0.9999972644687258 0.20813240627688856 -0.02291452808019301 -0.23188234167933786
FixedParameters: 0 0 0
#Transform 13
Transform: MatrixOffsetTransformBase_double_3_3
Parameters: 0.9999979404819418 -0.0014442446617626763 0.0017240453939854534 0.0014443738150008616 0.9999989723861138 0.0002534387406012556 -0.0017247140222841715 -0.0002505619963971695 0.9999988410874648 0.20284574403697775 -0.09821973370277703 -0.1492318615420345
FixedParameters: 0 0 0
#Transform 14
Transform: MatrixOffsetTransformBase_double_3_3
Parameters: 0.9999965592897759 -0.0015478766493772827 0.002011517163208487 0.0015490680704756427 0.9999984868704668 -0.0005429341388389561 -0.002009890183235003 0.0005460638903581339 0.9999974794589858 0.20304620651435812 -0.04898059910141228 -0.21447595418824505
FixedParameters: 0 0 0
#Transform 15
Transform: MatrixOffsetTransformBase_double_3_3
Parameters: 0.9999973422209589 -0.0014534288566994047 0.0015954043724242047 0.0014529469800638002 0.9999989838446078 0.00015232537523031386 -0.001595843236409418 -0.00014967381523554174 0.9999983127745322 0.19316345551148117 -0.06454644173578572 -0.16032993450446043
FixedParameters: 0 0 0
#Transform 16
Transform: MatrixOffsetTransformBase_double_3_3
Parameters: 0.9999973366155096 -0.001212225547770333 0.002047897795785131 0.001212925860552991 0.9999996223386439 -0.00016956872382725696 -0.002047483095868661 0.00017243035529205392 0.9999976557951759 0.19730923553889568 -0.04695878753341276 -0.24819260070911753
FixedParameters: 0 0 0
#Transform 17
Transform: MatrixOffsetTransformBase_double_3_3
Parameters: 0.9999972746648178 -0.001514391659168342 0.0018525514675935975 0.0015146639699810066 0.9999988819239009 -0.0000722428743879372 -0.0018523288333793077 0.00007475672419285373 0.9999983819364656 0.17999419628789326 -0.014621698126020988 -0.2597670225622011
FixedParameters: 0 0 0
#Transform 18
Transform: MatrixOffsetTransformBase_double_3_3
Parameters: 0.9999963791600136 -0.0015720199676035218 0.0020370514845434113 0.0015711703828390298 0.9999986677346159 0.00021015252818960134 -0.002037706841002212 -0.0002068459437938111 0.9999976244810636 0.19508572871694696 -0.12429009715047812 -0.1455336722014806
FixedParameters: 0 0 0
#Transform 19
Transform: MatrixOffsetTransformBase_double_3_3
Parameters: 0.9999962052026343 -0.0015774994407048565 0.002075678731062958 0.001576246646358859 0.9999986119330586 0.0002892239780660985 -0.0020755871963115944 -0.0002857752433986574 0.9999974279570255 0.187702146132267 -0.03534352348168568 -0.1973074763854754
FixedParameters: 0 0 0
#Transform 20
Transform: MatrixOffsetTransformBase_double_3_3
Parameters: 0.9999967780576005 -0.0019384869375904305 0.001569727957144573 0.0019375980095276836 0.9999981420709542 0.0005830577042197152 -0.001570926297976899 -0.0005809428391658836 0.9999989585378036 0.18444559860846255 -0.03592828677518867 -0.17723141768884432
FixedParameters: 0 0 0
#Transform 21
Transform: MatrixOffsetTransformBase_double_3_3
Parameters: 0.9999968882098623 -0.0015960153956971496 0.0018877319775708076 0.001595564014641473 0.999998234517229 0.000633964996861705 -0.001888633804832546 -0.0006310360006511681 0.9999978535783122 0.18556006962280946 -0.04523842422163682 -0.1906617148185603
FixedParameters: 0 0 0
#Transform 22
Transform: MatrixOffsetTransformBase_double_3_3
Parameters: 0.9999959532049801 -0.0016932548664388711 0.002275725403381541 0.0016926769419220858 0.9999980132421978 0.0005547462667589639 -0.0022764792853400104 -0.0005502552242227302 0.9999973294485524 0.17508135524482782 0.03418456995956376 -0.2454295921887848
FixedParameters: 0 0 0
#Transform 23
Transform: MatrixOffsetTransformBase_double_3_3
Parameters: 0.9999971305707647 -0.0015510835109363258 0.0018608163292736291 0.0015492132109991548 0.9999987291364018 0.001023896377953963 -0.0018628695356559758 -0.0010211029990016829 0.9999973104192786 0.1843443168850598 -0.07009104634622076 -0.17143943228943215
FixedParameters: 0 0 0
#Transform 24
Transform: MatrixOffsetTransformBase_double_3_3
Parameters: 0.9999964256821324 -0.0015304762091630816 0.002057349059901504 0.0015299400075638693 0.9999987110594374 0.0003601000066673285 -0.002057388677286094 -0.0003569008883957739 0.9999974575774959 0.1873500497465983 -0.01078627908701435 -0.21476697172228398
FixedParameters: 0 0 0
#Transform 25
Transform: MatrixOffsetTransformBase_double_3_3
Parameters: 0.9999966349730803 -0.0019676262959274294 0.001578477423180976 0.0019675997089996767 0.9999981972810741 0.00032617651112235024 -0.0015796951006830109 -0.00032282292963509845 0.999998227091603 0.1616905381119551 0.010495572708222767 -0.20390970518072038
FixedParameters: 0 0 0
#Transform 26
Transform: MatrixOffsetTransformBase_double_3_3
Parameters: 0.9999964723268837 -0.0018116640851693281 0.002060176386868433 0.0018111407798676211 0.9999985992161261 0.0005987475196839037 -0.00206122235519045 -0.0005952538577246383 0.9999971602909674 0.18007710406951105 -0.022818105851143855 -0.16826807583157688
FixedParameters: 0 0 0
#Transform 27
Transform: MatrixOffsetTransformBase_double_3_3
Parameters: 0.9999954583130852 -0.0025445888716530826 0.0017515990155836478 0.002543202880353492 0.9999964031093741 0.00064853443138288 -0.001752832497458902 -0.0006444659267899125 0.9999982192769454 0.16729571660756903 0.04852499820869127 -0.24373487428387364
FixedParameters: 0 0 0
#Transform 28
Transform: MatrixOffsetTransformBase_double_3_3
Parameters: 0.9999959787634749 -0.0020193542368244777 0.0019859107154115443 0.002017409504476935 0.9999972410047279 0.0009639651897876481 -0.0019876790010097335 -0.0009600352167954268 0.999997886866391 0.17713208993008323 -0.05521978329140609 -0.1580385383853553
FixedParameters: 0 0 0
#Transform 29
Transform: MatrixOffsetTransformBase_double_3_3
Parameters: 0.9999939662624585 -0.00243443515454759 0.00247122467107255 0.0024285922629615586 0.9999940909717497 0.00252398026591015 -0.0024770798416455355 -0.002518024542707456 0.9999941643383644 0.18499099340095881 0.0741031750587382 -0.2886105321010177
FixedParameters: 0 0 0
#Transform 30
Transform: MatrixOffsetTransformBase_double_3_3
Parameters: 0.9999946692551683 -0.0024504591360203515 0.0020803170335817766 0.002444287226581228 0.9999935800804669 0.002596116170405796 -0.0020867256444988425 -0.0025908826408459346 0.9999946366359337 0.1831031378955572 0.04211321994978334 -0.21737169805103917
FixedParameters: 0 0 0
#Transform 31
Transform: MatrixOffsetTransformBase_double_3_3
Parameters: 0.9999947817828418 -0.0025157971482291284 0.001972304994912419 0.0025112996660826862 0.9999946709819785 0.0020770395946133682 -0.001977505320684319 -0.0020719579375063565 0.9999955036743862 0.1744359436833065 0.03245714166087055 -0.16637977550989547
FixedParameters: 0 0 0
#Transform 32
Transform: MatrixOffsetTransformBase_double_3_3
Parameters: 0.9999949679236806 -0.002509187439794143 0.0021761557242716877 0.0025022395231075792 0.9999910806715795 0.0033184829728872406 -0.0021843133330826446 -0.003313514625499739 0.9999918954269764 0.18224466695706099 0.11763464307389881 -0.2783629356575972
FixedParameters: 0 0 0
#Transform 33
Transform: MatrixOffsetTransformBase_double_3_3
Parameters: 0.9999935387528412 -0.00284484628332267 0.0020898768892696163 0.0028394876114038363 0.9999924563887178 0.0026140306485989417 -0.00209737524492147 -0.0026079691065351365 0.9999944476570128 0.17449694005034644 0.04757446213163519 -0.21145797363423924
FixedParameters: 0 0 0
#Transform 34
Transform: MatrixOffsetTransformBase_double_3_3
Parameters: 0.99999427044103 -0.002490968663832895 0.0023506763689974215 0.002484019072585906 0.9999929191366452 0.0028748767637111275 -0.0023575617801623963 -0.002869122785756198 0.9999928544553538 0.17973677016689749 0.07358685909743201 -0.2263333625071482
FixedParameters: 0 0 0
#Transform 35
Transform: MatrixOffsetTransformBase_double_3_3
Parameters: 0.9999948299401863 -0.00261163581407225 0.002085655313483 0.002604444808001558 0.9999907454839678 0.003281466792578458 -0.0020943552656623407 -0.003275529921639292 0.99999258722489 0.18447090510575492 0.12387046554027847 -0.26517325715687434
FixedParameters: 0 0 0
#Transform 36
Transform: MatrixOffsetTransformBase_double_3_3
Parameters: 0.9999942537585629 -0.0026540558817446996 0.0019246049518618432 0.0026489204371967284 0.9999929758920533 0.002521190171904525 -0.0019306789961951716 -0.002516807273466662 0.9999945870971033 0.17926365126385235 0.02574319484551779 -0.18776681734799183
FixedParameters: 0 0 0
#Transform 37
Transform: MatrixOffsetTransformBase_double_3_3
Parameters: 0.9999932403889753 -0.0027684295961955614 0.002257465405364045 0.002761546032831126 0.9999907234280385 0.003172277609204119 -0.0022655341575365446 -0.003166722257373987 0.9999924253865956 0.18712840384083052 0.11100772602318898 -0.2640689096046458
FixedParameters: 0 0 0
#Transform 38
Transform: MatrixOffsetTransformBase_double_3_3
Parameters: 0.999994027807381 -0.002596047737066174 0.0020574531770228693 0.0025905194812622656 0.9999920356488021 0.002924363442881918 -0.0020642047541038224 -0.002918639586373291 0.9999939217420241 0.18098655109277217 0.0635247689415479 -0.21990241686069112
FixedParameters: 0 0 0
#Transform 39
Transform: MatrixOffsetTransformBase_double_3_3
Parameters: 0.9999930208938358 -0.0026672106497490026 0.0024213590071782386 0.0026598917638158254 0.9999918418509589 0.0030724818798699496 -0.0024302458554259997 -0.003065517090667512 0.9999923414184525 0.18205320435932038 0.0762550151901138 -0.22912919523830055
FixedParameters: 0 0 0
#Transform 40
Transform: MatrixOffsetTransformBase_double_3_3
Parameters: 0.999993081907062 -0.002816279618649305 0.0022331177784902963 0.0028090304729838137 0.9999906493311564 0.003288373622771665 -0.0022421384286538176 -0.003281625575563475 0.9999918500005675 0.18201199191831563 0.10876485051143447 -0.2626205361334968
FixedParameters: 0 0 0
#Transform 41
Transform: MatrixOffsetTransformBase_double_3_3
Parameters: 0.9999932156451176 -0.002903482650789915 0.0020863285905863747 0.0028977027575741478 0.9999912945621111 0.0029431445761877867 -0.0020949831129046807 -0.002936855612142325 0.9999936337897675 0.1815927676872917 0.027123266967109316 -0.18937337324561554
FixedParameters: 0 0 0
#Transform 42
Transform: MatrixOffsetTransformBase_double_3_3
Parameters: 0.9999932955095221 -0.0030240711833047266 0.0021352975396412414 0.003016468711683615 0.9999890212265377 0.0035055484819895913 -0.0021459978203172397 -0.003499450086627852 0.9999917391163435 0.1800975305257282 0.13629153781141667 -0.24850617729924807
FixedParameters: 0 0 0
#Transform 43
Transform: MatrixOffsetTransformBase_double_3_3
Parameters: 0.9999938814390227 -0.0029275466875476504 0.002132999633711188 0.0029221472686481948 0.9999923306301407 0.0025573333173113666 -0.0021396009923626393 -0.0025516689181914534 0.9999944997985724 0.1861505803697412 0.05506698851013425 -0.1653567537328371
FixedParameters: 0 0 0
#Transform 44
Transform: MatrixOffsetTransformBase_double_3_3
Parameters: 0.9999931423928304 -0.0027537975837389228 0.0025049593521491347 0.002744585888349879 0.9999904763867699 0.0035219265293334676 -0.0025147876286391374 -0.003515076953157323 0.9999909061471528 0.193148548444654 0.1058059105504725 -0.2556641901065575
FixedParameters: 0 0 0
#Transform 45
Transform: MatrixOffsetTransformBase_double_3_3
Parameters: 0.9999913044972495 -0.0031983828270061737 0.002542727994443922 0.003189148911763386 0.9999880056227438 0.0036462246926562414 -0.002554417862161859 -0.0036377707863892023 0.9999897703643935 0.16983741417402598 0.1467696790757742 -0.27379418571064207
FixedParameters: 0 0 0
#Transform 46
Transform: MatrixOffsetTransformBase_double_3_3
Parameters: 0.999993738721462 -0.0029215551543028463 0.0019302314427092418 0.002916152912601012 0.9999918647047646 0.002824785410289181 -0.0019383637835830682 -0.0028192144717927164 0.9999939465685341 0.1674596166312199 0.04216811958153244 -0.1864893036962627
FixedParameters: 0 0 0
#Transform 47
Transform: MatrixOffsetTransformBase_double_3_3
Parameters: 0.9999920985822126 -0.003141745793102176 0.00245621636938031 0.003132298427841265 0.9999885897117395 0.003614809718616621 -0.002467357710788332 -0.003607189564691325 0.999990430042379 0.1758210352624019 0.14676994285571254 -0.2903308264909015
FixedParameters: 0 0 0
#Transform 48
Transform: MatrixOffsetTransformBase_double_3_3
Parameters: 0.9999928168479695 -0.003134498912031787 0.002087629063181046 0.003128656598094936 0.9999912320019724 0.0027176925253233272 -0.0020962887337241487 -0.002711304136486438 0.9999938477552717 0.17718522384743096 0.06437617574974297 -0.17296073454404848
FixedParameters: 0 0 0
#Transform 49
Transform: MatrixOffsetTransformBase_double_3_3
Parameters: 0.9999926183600287 -0.0031102348675155324 0.0023896593310660068 0.003103601311039931 0.9999913423127006 0.0027375244894881426 -0.0023972487520738848 -0.0027304772015248058 0.9999933264452749 0.1760443838167447 0.08819431959055635 -0.18105268930941065
FixedParameters: 0 0 0
#Transform 50
Transform: MatrixOffsetTransformBase_double_3_3
Parameters: 0.9999916501551802 -0.0032381479897787653 0.0024220054335906357 0.0032301031269862056 0.9999900882418857 0.0029909348298732055 -0.0024319269214295672 -0.0029830618147672627 0.9999927174726095 0.1840752365911129 0.1581992051996366 -0.2137482695073203
FixedParameters: 0 0 0
#Transform 51
Transform: MatrixOffsetTransformBase_double_3_3
Parameters: 0.9999891405528686 -0.003811514719070775 0.0025170149541716815 0.003805863478539322 0.9999910069502693 0.002021814295084051 -0.0025240968604601025 -0.002012188586311796 0.9999949969680257 0.20362467488932623 0.1043688620813441 -0.11067342293242177
FixedParameters: 0 0 0
#Transform 52
Transform: MatrixOffsetTransformBase_double_3_3
Parameters: 0.9999891904784028 -0.003655367295223147 0.002729187966017756 0.003651497054803379 0.9999923191017167 0.0013901332206636419 -0.0027340796113664383 -0.001379866262427594 0.999995034905559 0.2131783770426523 0.14856742004550938 -0.09684628553091557
FixedParameters: 0 0 0
#Transform 53
Transform: MatrixOffsetTransformBase_double_3_3
Parameters: 0.999988130444206 -0.0038680021765724396 0.0028119546736837483 0.0038635177331958048 0.999990508375735 0.001792040511256518 -0.002818423618534419 -0.0017809604751852434 0.9999942388606714 0.1857769835623202 0.14269955582983584 -0.10467183147078174
FixedParameters: 0 0 0
#Transform 54
Transform: MatrixOffsetTransformBase_double_3_3
Parameters: 0.9999893268517951 -0.0036380202954295338 0.002727296708581629 0.003633607794067108 0.9999916236079801 0.001662021348295871 -0.0027330599056081466 -0.0016519796337361031 0.9999952119121831 0.17773916187226746 0.11950874062478078 -0.09742553447715352
FixedParameters: 0 0 0
#Transform 55
Transform: MatrixOffsetTransformBase_double_3_3
Parameters: 0.9999895426789723 -0.003433976251989032 0.0031084456539887794 0.003425409588668843 0.9999904596265139 0.0028987165733297404 -0.003118712792484013 -0.0028872888346227546 0.9999913440146195 0.18655536412813944 0.19262677302879183 -0.20005012837411584
FixedParameters: 0 0 0
#Transform 56
Transform: MatrixOffsetTransformBase_double_3_3
Parameters: 0.9999906328299843 -0.0034350068807047635 0.002562718505727562 0.0034294914285086897 0.9999920775966129 0.002164959084759492 -0.00257020582636516 -0.002156041386184339 0.9999942196581795 0.17779076883776668 0.08128597416308025 -0.11854469281870195
FixedParameters: 0 0 0
#Transform 57
Transform: MatrixOffsetTransformBase_double_3_3
Parameters: 0.9999910786773281 -0.003279735725831995 0.002676267342277676 0.003272789527638394 0.9999905497703446 0.002875874895408116 -0.0026855651295990463 -0.0028671262971525016 0.9999920377712395 0.18017232226127078 0.1399284600291537 -0.16121518551628355
FixedParameters: 0 0 0
#Transform 58
Transform: MatrixOffsetTransformBase_double_3_3
Parameters: 0.9999888209462192 -0.003505569370563922 0.0031449112988985997 0.003494499135443152 0.99998783728644 0.003550069177165098 -0.0031570327095793525 -0.003538934588226475 0.999988856467754 0.16736247029768947 0.17101901538842412 -0.19693012682283495
FixedParameters: 0 0 0
#Transform 59
Transform: MatrixOffsetTransformBase_double_3_3
Parameters: 0.9999904222492937 -0.003041656670776463 0.003053880766726853 0.003032780088586189 0.9999912317199974 0.002847259606417303 -0.003062627795496852 -0.002837737391044745 0.9999910308176576 0.16552552080617033 0.07079096102012272 -0.14344332867845822
FixedParameters: 0 0 0
#Transform 60
Transform: MatrixOffsetTransformBase_double_3_3
Parameters: 0.9999898515809302 -0.002835108549381911 0.0034805893917238123 0.0028231999688069775 0.9999912510613638 0.003212714858129878 -0.003489102030288059 -0.0032022882753601142 0.9999890242408189 0.16185251765480757 0.16323689090232563 -0.21967856385163032
FixedParameters: 0 0 0
#Transform 61
Transform: MatrixOffsetTransformBase_double_3_3
Parameters: 0.9999910529354318 -0.0028086357496152517 0.0031715012092775703 0.002798927869598035 0.9999923985526625 0.002881818058950235 -0.003180115644260607 -0.002873182895956325 0.9999910942592727 0.15101649929442829 0.08778558088592092 -0.15219170264670367
FixedParameters: 0 0 0
#Transform 62
Transform: MatrixOffsetTransformBase_double_3_3
Parameters: 0.9999918764650976 -0.002632746999774093 0.003192365401737704 0.002623622415597602 0.9999920269414995 0.002928250835292641 -0.0032001543835968515 -0.002919748945887257 0.999990749862377 0.1426805821544832 0.15306240565712415 -0.20596791551399463
FixedParameters: 0 0 0
#Transform 63
Transform: MatrixOffsetTransformBase_double_3_3
Parameters: 0.9999906259339336 -0.003056141784223982 0.0031678895742795277 0.00304685580930846 0.9999905670816458 0.0029575963182377277 -0.0031763346287803367 -0.0029484032616448053 0.9999906183132276 0.14758176528636113 0.10103651890601384 -0.1637791816023224
FixedParameters: 0 0 0
#Transform 64
Transform: MatrixOffsetTransformBase_double_3_3
Parameters: 0.99998738073222 -0.0034098935904873836 0.003603939250044928 0.0033992131219393778 0.999988918257324 0.0032012121194529355 -0.003614941162938778 -0.003188787223545729 0.9999880462492936 0.18776968437838093 0.1658693188013558 -0.1991573454662614
FixedParameters: 0 0 0
#Transform 65
Transform: MatrixOffsetTransformBase_double_3_3
Parameters: 0.9999882430231849 -0.003703491867802665 0.003168603720349003 0.003695911628137865 0.9999903676077558 0.0023837825076577154 -0.003177739265790523 -0.0023722183533507607 0.9999925655624058 0.19074100187806664 0.16108495203846473 -0.1616867587359252
FixedParameters: 0 0 0
#Transform 66
Transform: MatrixOffsetTransformBase_double_3_3
Parameters: 0.9999874605495408 -0.0037474540681002983 0.0033911935424121636 0.0037375370548240376 0.9999894974711383 0.0027017548383330287 -0.003400853340888412 -0.002689243981693852 0.9999904315219186 0.19184768585581935 0.09772360790049106 -0.13471571668937088
FixedParameters: 0 0 0
#Transform 67
Transform: MatrixOffsetTransformBase_double_3_3
Parameters: 0.9999863944200817 -0.0038776219296022384 0.003401862570168727 0.0038643496030883852 0.9999848980366319 0.003872245783346072 -0.003415989457968092 -0.0038597552199827884 0.9999866041572412 0.1893308895035517 0.22904002817156766 -0.25248089406227336
FixedParameters: 0 0 0
#Transform 68
Transform: MatrixOffsetTransformBase_double_3_3
Parameters: 0.9999856261923981 -0.003688478105071058 0.003843071816166589 0.003675072728844406 0.9999872808424425 0.0034711030090788034 -0.003855770249019409 -0.0034568956312011068 0.9999863465204671 0.19375892599971678 0.11254027723551019 -0.17911218430809583
FixedParameters: 0 0 0
#Transform 69
Transform: MatrixOffsetTransformBase_double_3_3
Parameters: 0.9999871814615702 -0.003437853859845373 0.00374140127305711 0.0034247372919047935 0.9999875629076334 0.00353372581020249 -0.0037537983674700228 -0.0035212710830272234 0.9999867318145246 0.19170499434072497 0.15509661865905855 -0.20495423406865143
FixedParameters: 0 0 0
#Transform 70
Transform: MatrixOffsetTransformBase_double_3_3
Parameters: 0.9999870077678803 -0.0036773345796715165 0.0033863936596041835 0.0036641283396824224 0.9999860959804303 0.0038975005117504943 -0.003401152185132796 -0.003884500570887621 0.9999866317175006 0.17553159355151138 0.20613137607449517 -0.23173762440431744
FixedParameters: 0 0 0
#Transform 71
Transform: MatrixOffsetTransformBase_double_3_3
Parameters: 0.9999863129886992 -0.0035984341490569384 0.0038390492673508474 0.003586240098728242 0.9999884716639678 0.00307367766352791 -0.003850387203533453 -0.0030593181112999954 0.9999880343190792 0.18805144735415524 0.11386006322885578 -0.1572146585073142
FixedParameters: 0 0 0
#Transform 72
Transform: MatrixOffsetTransformBase_double_3_3
Parameters: 0.9999866505654914 -0.003593679393486775 0.0036653385003400417 0.0035795208937008933 0.9999860014922572 0.0038680981081184243 -0.0036791713920239335 -0.0038549013689337525 0.99998582640311 0.1934473568893793 0.20938952411039224 -0.2478822109965222
FixedParameters: 0 0 0
#Transform 73
Transform: MatrixOffsetTransformBase_double_3_3
Parameters: 0.9999825672072318 -0.004605684082108223 0.0037714797988937536 0.004591787824816463 0.9999830377552166 0.0034464960576423495 -0.0037873518969788115 -0.0034284965671375067 0.9999868963860498 0.19172797903388528 0.157850273908835 -0.16015701288961282
FixedParameters: 0 0 0
#Transform 74
Transform: MatrixOffsetTransformBase_double_3_3
Parameters: 0.9999825684083649 -0.004463608165627334 0.003808596049546781 0.004450751959071257 0.9999845318574399 0.003415129520818967 -0.0038241575273137325 -0.0033978705711017534 0.9999868277990659 0.20268585885341395 0.17950824860656667 -0.156068983131874
FixedParameters: 0 0 0
#Transform 75
Transform: MatrixOffsetTransformBase_double_3_3
Parameters: 0.9999864071177187 -0.0036576715329837404 0.0037703102502251703 0.003643199858394238 0.9999851469942284 0.003926661163098824 -0.003784005717241568 -0.003913341066887205 0.9999855269851224 0.1789810020047895 0.2363158889949375 -0.22787694788283375
FixedParameters: 0 0 0
#Transform 76
Transform: MatrixOffsetTransformBase_double_3_3
Parameters: 0.9999860271232739 -0.003938775629044893 0.0035292536143960523 0.003926538204784468 0.9999854278502431 0.0036038984638977964 -0.0035437380428505185 -0.00359010245436419 0.9999877221874017 0.19709758464445315 0.14392720653860636 -0.1687946964079714
FixedParameters: 0 0 0
#Transform 77
Transform: MatrixOffsetTransformBase_double_3_3
Parameters: 0.9999826103686456 -0.004394616999067237 0.004009813989515229 0.004380346097272671 0.9999843614395714 0.0035376897535340443 -0.004024918004180211 -0.003520310486242094 0.9999853409484202 0.2187328765940606 0.2408611441786519 -0.20745651584847735
FixedParameters: 0 0 0
#Transform 78
Transform: MatrixOffsetTransformBase_double_3_3
Parameters: 0.9999834603532054 -0.004314965386724432 0.003862793937967118 0.004300331286923544 0.9999836898434911 0.0037177314661938493 -0.0038788895561171427 -0.0037012630336633046 0.9999852494243137 0.2077512710526861 0.18381198188401981 -0.17114131012776568
FixedParameters: 0 0 0
#Transform 79
Transform: MatrixOffsetTransformBase_double_3_3
Parameters: 0.9999823034970428 -0.0044377240685623915 0.0038732556682691275 0.004426091336378886 0.9999857151227546 0.002959257871131292 -0.0038867225186420776 -0.0029427393645644687 0.9999881713915727 0.22150173044590815 0.21170819574439292 -0.08178780149944487
FixedParameters: 0 0 0
#Transform 80
Transform: MatrixOffsetTransformBase_double_3_3
Parameters: 0.9999825182795739 -0.004419328155814284 0.003993460207930269 0.00440863173319413 0.9999860066364986 0.002761657915863233 -0.004006071529714992 -0.0027443395543416127 0.9999883534690824 0.22020810385377843 0.24300462282687363 -0.08805905019397642
FixedParameters: 0 0 0
#Transform 81
Transform: MatrixOffsetTransformBase_double_3_3
Parameters: 0.9999829113453625 -0.004410192165122339 0.0038264536599914687 0.004398902941069605 0.99998669244471 0.002820999403953632 -0.0038385982508915097 -0.002803999968264491 0.9999883984240253 0.22294322343162776 0.2180482852693899 -0.07760593328929133
FixedParameters: 0 0 0
#Transform 82
Transform: MatrixOffsetTransformBase_double_3_3
Parameters: 0.9999813943174205 -0.0044266687515744476 0.004124151245728527 0.004412950998886007 0.999984919509484 0.0032672638598667536 -0.004139143666385124 -0.0032487329981408866 0.9999862454395108 0.20809232999445726 0.29796697203312306 -0.17572146750063666
FixedParameters: 0 0 0
#Transform 83
Transform: MatrixOffsetTransformBase_double_3_3
Parameters: 0.9999817188888617 -0.004477781862796815 0.004028809226867602 0.004463731407856542 0.9999839323593852 0.003494109226841041 -0.004044107589418726 -0.003475890110538976 0.9999854957877832 0.21741797443490896 0.19493369141626715 -0.12010490060848156
FixedParameters: 0 0 0
#Transform 84
Transform: MatrixOffsetTransformBase_double_3_3
Parameters: 0.9999807129518871 -0.004586721105188814 0.004153360674563505 0.004570095938907019 0.9999818392252888 0.0039241213853162815 -0.004171227227333404 -0.003904873833543744 0.9999832267142628 0.22178432637088008 0.2486471552764442 -0.17880805215202145
FixedParameters: 0 0 0
#Transform 85
Transform: MatrixOffsetTransformBase_double_3_3
Parameters: 0.9999783762114673 -0.004814936872878059 0.0044088612871378595 0.004797100970032135 0.9999807949493336 0.0040543113901327504 -0.004428633006719593 -0.00403268985668908 0.9999818809907552 0.21692026901177996 0.2491011262600722 -0.14660619484641302
FixedParameters: 0 0 0
#Transform 86
Transform: MatrixOffsetTransformBase_double_3_3
Parameters: 0.9999790361664765 -0.004549744682727754 0.004611361720111318 0.004532211965020351 0.9999826489724171 0.0037498747315186237 -0.004628284820870765 -0.003729124601241557 0.9999824190849005 0.22761174735242662 0.248410394927987 -0.03175335757235587
FixedParameters: 0 0 0
#Transform 87
Transform: MatrixOffsetTransformBase_double_3_3
Parameters: 0.9999803466652291 -0.004630076697688845 0.004268796725689976 0.004614439920751921 0.999983791335619 0.0034778379073090657 -0.004283995682124048 -0.003458163501686193 0.9999845009662668 0.21342266326870174 0.3048350546293932 -0.07793501802390779
FixedParameters: 0 0 0
#Transform 88
Transform: MatrixOffsetTransformBase_double_3_3
Parameters: 0.9999788303484191 -0.004522273945858252 0.0047662259846981605 0.004506840313293035 0.9999839986303184 0.003317391069841878 -0.00478110209694198 -0.0032966074108542673 0.999982958929534 0.20958821583727172 0.26604302316333417 -0.07680346279948935
FixedParameters: 0 0 0
#Transform 89
Transform: MatrixOffsetTransformBase_double_3_3
Parameters: 0.9999805703138703 -0.004564708283411465 0.004311937769115791 0.004549724095829825 0.9999833120371465 0.0034896394665245023 -0.004327733907204439 -0.003470362248460798 0.9999850371589082 0.1973836025564566 0.3224749587955671 -0.15210653627801207
FixedParameters: 0 0 0
#Transform 90
Transform: MatrixOffsetTransformBase_double_3_3
Parameters: 0.9999798269059762 -0.00442504287796982 0.004646328822662317 0.00440573913648889 0.9999809272307209 0.004226389528278196 -0.0046653444405715516 -0.004205607173138455 0.999980349853316 0.20520370881121153 0.24056784891435257 -0.09873621600972626
FixedParameters: 0 0 0
#Transform 91
Transform: MatrixOffsetTransformBase_double_3_3
Parameters: 0.9999779168648805 -0.0047486244557221466 0.004640284838781077 0.004730557204861137 0.9999808408413744 0.003884936345972874 -0.0046589108419461435 -0.0038630617621621607 0.9999820598357418 0.20063288704875504 0.32057401609290537 -0.14100049720788377
FixedParameters: 0 0 0
#Transform 92
Transform: MatrixOffsetTransformBase_double_3_3
Parameters: 0.999980962139047 -0.004573211753946136 0.0041377202480815355 0.004555810114757575 0.9999801837655915 0.004264938863445762 -0.004157474218340571 -0.004246059571069008 0.9999825593113811 0.18764443514839968 0.3202858155395063 -0.1550888385844047
FixedParameters: 0 0 0
#Transform 93
Transform: MatrixOffsetTransformBase_double_3_3
Parameters: 0.9999806550531437 -0.004248152297561799 0.00461468874060372 0.004225390199779154 0.9999788978993566 0.004938426207727699 -0.004636061351961017 -0.004918572234726158 0.9999771761640222 0.19905835251218207 0.24199795633214194 -0.13817694406678527
FixedParameters: 0 0 0
#Transform 94
Transform: MatrixOffsetTransformBase_double_3_3
Parameters: 0.9999801973295318 -0.004123589328312611 0.00466861593503183 0.004100858497459279 0.9999794722610384 0.004985071297147398 -0.004689088116064393 -0.004965929659517469 0.999976213076656 0.19414623080923832 0.3480052491166816 -0.18528185220404225
FixedParameters: 0 0 0
#Transform 95
Transform: MatrixOffsetTransformBase_double_3_3
Parameters: 0.9999823704204706 -0.003920533681120933 0.004388221809964138 0.0038969963528758234 0.9999775957164025 0.005499022045531536 -0.0044096379098394495 -0.005481986758891111 0.9999754824989221 0.18186895363658095 0.32789629233525375 -0.18742405863957856
FixedParameters: 0 0 0
#Transform 96
Transform: MatrixOffsetTransformBase_double_3_3
Parameters: 0.999981505468955 -0.003957186782565892 0.004672318037608286 0.003932200040069769 0.999976996214384 0.005534242029579764 -0.004694282266899989 -0.005515758444029087 0.9999734569637856 0.19766360112771508 0.2808060061023099 -0.12889105760474706
FixedParameters: 0 0 0
#Transform 97
Transform: MatrixOffsetTransformBase_double_3_3
Parameters: 0.9999794854957595 -0.00457384931565369 0.004426757438090033 0.004546888413959873 0.9999713381539213 0.006019203137000127 -0.004453954738714217 -0.005999792117686552 0.999971917806487 0.19374196388980636 0.37501938062993645 -0.2071206534640595
FixedParameters: 0 0 0
#Transform 98
Transform: MatrixOffsetTransformBase_double_3_3
Parameters: 0.9999753008100326 -0.0045755087394841725 0.005269243608612916 0.004546042335871878 0.9999744591820577 0.005595822283238953 -0.0052943831192070944 -0.005572184596167873 0.9999704782323326 0.21873848728735368 0.31996416765028357 -0.037383212084463935
FixedParameters: 0 0 0
#Transform 99
Transform: MatrixOffsetTransformBase_double_3_3
Parameters: 0.9999744724652758 -0.0046113728419770236 0.005409437679101883 0.004581919968392659 0.9999737880533012 0.005542594467361668 -0.005434426648692578 -0.0055184010072684975 0.9999695103365441 0.21799469322300524 0.4220281397967369 -0.06922125960174697
FixedParameters: 0 0 0
#Transform 100
Transform: MatrixOffsetTransformBase_double_3_3
Parameters: 0.9999783716843145 -0.004259274185542202 0.004948906855463608 0.004227227655587361 0.9999703282912694 0.006403770603537598 -0.004975250857815279 -0.00638222874623149 0.9999673007929087 0.20791928554167782 0.4158322440566309 -0.1482566234045919
FixedParameters: 0 0 0
#Transform 101
Transform: MatrixOffsetTransformBase_double_3_3
Parameters: 0.9999790867721345 -0.004321829771742497 0.004819740690622122 0.004295475687118628 0.9999754717715905 0.005597656451938819 -0.004844209596409699 -0.005577342986190899 0.9999721735500885 0.22109985457913695 0.34867978802373045 -0.07346609709162522
FixedParameters: 0 0 0
#Transform 102
Transform: MatrixOffsetTransformBase_double_3_3
Parameters: 0.9999823523313818 -0.0037821021528618576 0.004620228191264747 0.003751606655380515 0.9999717885232502 0.006493154410662609 -0.004644283454364645 -0.0064758465130676235 0.99996846468811 0.2020110925982408 0.4268323269147629 -0.21067260831259205
FixedParameters: 0 0 0
#Transform 103
Transform: MatrixOffsetTransformBase_double_3_3
Parameters: 0.9999805277191912 -0.003951439254360712 0.0048845455911707665 0.0039183575278429646 0.9999695231512276 0.006801986099104901 -0.004910970594207582 -0.0067830177061321065 0.999964726454736 0.2067824439849204 0.34399967718943003 -0.17881442316840435
FixedParameters: 0 0 0
#Transform 104
Transform: MatrixOffsetTransformBase_double_3_3
Parameters: 0.999979800646661 -0.00373748989896664 0.0051218339655094616 0.0037064291595070094 0.9999750475957387 0.006025692768763691 -0.005143756592589616 -0.006006304526041922 0.9999683671729335 0.20312008084323452 0.33775457110550633 -0.13184992631056502
FixedParameters: 0 0 0
#Transform 105
Transform: MatrixOffsetTransformBase_double_3_3
Parameters: 0.9999799355194869 -0.0043101710989934695 0.004526189532162462 0.004280472927853131 0.9999693272935382 0.006518332271229582 -0.004554310176133984 -0.006498667739467806 0.9999688853566603 0.18892930014540354 0.4585820568355672 -0.21006690918052584
FixedParameters: 0 0 0
#Transform 106
Transform: MatrixOffsetTransformBase_double_3_3
Parameters: 0.9999811399301866 -0.0037988297565965845 0.004840458805449419 0.0037670739473987616 0.9999711370547427 0.0065350001095784704 -0.004864914482158647 -0.006515993634870196 0.9999668369033995 0.20248756534684276 0.3271099902662087 -0.14747510624948745
FixedParameters: 0 0 0
#Transform 107
Transform: MatrixOffsetTransformBase_double_3_3
Parameters: 0.9999807196713277 -0.0038834738573078247 0.004816827887310468 0.0038519421454700146 0.9999715116237037 0.006537388962764679 -0.004841410836070283 -0.006518616769306387 0.9999669767185645 0.20193714103265847 0.38138790180016713 -0.1575911537153587
FixedParameters: 0 0 0
#Transform 108
Transform: MatrixOffsetTransformBase_double_3_3
Parameters: 0.9999793331617066 -0.004001371681352571 0.005065288655556268 0.003961292436546818 0.9999619152137237 0.007719820498317535 -0.005096359368586127 -0.007700169112103097 0.9999575268230991 0.18753468687908992 0.4378121825451302 -0.20659708582033431
FixedParameters: 0 0 0
#Transform 109
Transform: MatrixOffsetTransformBase_double_3_3
Parameters: 0.9999818851775847 -0.0035003897689387014 0.004884381610019182 0.003467655530623015 0.9999708266715088 0.006791642197358332 -0.004908608095279388 -0.006774357165830747 0.9999650384431447 0.1933959492751285 0.36469715017051385 -0.14397119427508187
FixedParameters: 0 0 0
#Transform 110
Transform: MatrixOffsetTransformBase_double_3_3
Parameters: 0.9999779380336865 -0.004495240421950409 0.00498536041074129 0.0044549907815172535 0.999957518867343 0.008121179702227296 -0.0050214584642158284 -0.008098834096599637 0.9999548712094076 0.1895921019354745 0.4992519533285673 -0.2112552528894298
FixedParameters: 0 0 0
#Transform 111
Transform: MatrixOffsetTransformBase_double_3_3
Parameters: 0.9999776870241343 -0.004192952078861514 0.005266040057963418 0.004150363046466979 0.9999577346644487 0.008207646926115766 -0.005299760343890698 -0.008186361314076268 0.9999525668945388 0.20718819981443914 0.4377586693422444 -0.14010963735343296
FixedParameters: 0 0 0
#Transform 112
Transform: MatrixOffsetTransformBase_double_3_3
Parameters: 0.9999753690489138 -0.0040648865629811255 0.005753997483875043 0.004015853717755592 0.9999562354116469 0.008424737421813287 -0.005788072030152246 -0.008401249448029849 0.9999475723484987 0.21498229299824345 0.47619507313643794 -0.023625300445374364
FixedParameters: 0 0 0
#Transform 113
Transform: MatrixOffsetTransformBase_double_3_3
Parameters: 0.9999784849014579 -0.003538256883042933 0.005567665232201598 0.003492200081292034 0.999959289689765 0.008283974716844923 -0.0055960376673181616 -0.008264024892961616 0.9999502732300167 0.20037911415691667 0.5274496587525448 -0.10860658598765838
FixedParameters: 0 0 0
#Transform 114
Transform: MatrixOffsetTransformBase_double_3_3
Parameters: 0.9999832095142288 -0.0029721549132143907 0.0048945435491204135 0.0029322135175604714 0.9999616915893722 0.008216941975918289 -0.004918564559208537 -0.008202063730071124 0.9999547227214899 0.1891185876037298 0.5099527185472255 -0.19965396547578962
FixedParameters: 0 0 0
#Transform 115
Transform: MatrixOffsetTransformBase_double_3_3
