#Insight Transform File V1.0
#Transform 0
Transform: MatrixOffsetTransformBase_double_3_3
Parameters: 0.9999989647875854 -0.0009527904340256893 -0.0010613955704790107 0.0009512087418297591 0.999998252781497 -0.0016860115628525131 0.0010636047657526719 0.00168498856072579 0.9999980301784693 0.03409505572693661 -0.282350266550381 -0.05449824856596308
FixedParameters: 0 0 0
#Transform 1
Transform: MatrixOffsetTransformBase_double_3_3
Parameters: 0.9999996160000953 -0.0005186796424156711 -0.0010561775245153514 0.000516321026204603 0.9999982056819693 -0.0015895460792455056 0.0010568226585730832 0.0015894526002371405 0.9999983572949827 0.023636640075153537 -0.21410847336335337 -0.05691822294956239
FixedParameters: 0 0 0
#Transform 2
Transform: MatrixOffsetTransformBase_double_3_3
Parameters: 0.9999992540162127 -0.0006362742937056714 -0.0011583010282570363 0.0006347267506358537 0.9999993872382187 -0.0010997360746148638 0.001158698494274968 0.0010992636195935493 0.9999984489761763 0.05646087239115616 -0.34000797326851284 -0.03365699952826162
FixedParameters: 0 0 0
#Transform 3
Transform: MatrixOffsetTransformBase_double_3_3
Parameters: 0.999998409988133 -0.0007286281931664845 -0.0017493238205354223 0.0007263741189378158 0.9999996058417852 -0.0009302726490804577 0.0017496769727279214 0.0009297271217830972 0.9999980743449501 0.07057799363572315 -0.2612516142352348 -0.04925361540843198
FixedParameters: 0 0 0
#Transform 4
Transform: MatrixOffsetTransformBase_double_3_3
Parameters: 0.9999998299744602 -0.0005644538838483991 -0.0009227230544786278 0.0005635456513144397 0.9999994398402309 -0.0004925203695579266 0.0009232780308049043 0.0004914792249458266 0.9999999060065049 0.06640056317196752 -0.34935631150689517 -0.018160045630253308
FixedParameters: 0 0 0
#Transform 5
Transform: MatrixOffsetTransformBase_double_3_3
Parameters: 0.9999985427514142 -0.000428441183439822 -0.0015078742055177738 0.0004275590039186738 0.9999997312597693 -0.0002926449731507351 0.0015081245853818665 0.00029235412430860945 0.9999986403793614 0.05939782437602048 -0.27911800846358403 -0.05532395454120831
FixedParameters: 0 0 0
#Transform 6
Transform: MatrixOffsetTransformBase_double_3_3
Parameters: 0.9999981198372819 -0.0011911839010450935 -0.001208817875748191 0.0011908151560094799 0.9999995582624208 -0.00015343978181928526 0.0012091811307832743 0.00015155994263772951 0.9999995150624166 0.07888623482227786 -0.30264666064138623 -0.028739378006207517
FixedParameters: 0 0 0
#Transform 7
Transform: MatrixOffsetTransformBase_double_3_3
Parameters: 0.9999989215180687 -0.0009640985403627773 -0.0010719121828123793 0.0009639023641836399 1.0000000623311105 -0.00009203340103993695 0.0010720885949734695 0.00009096658306577632 0.9999998424429097 0.08121132456837188 -0.2652724140454126 -0.03815119822617419
FixedParameters: 0 0 0
#Transform 8
Transform: MatrixOffsetTransformBase_double_3_3
Parameters: 0.9999986619632049 -0.0012059695110638808 -0.0009400385392392777 0.0012060306110431621 0.9999995445069056 0.00003186631619434731 0.0009399601492658592 -0.000033133596764621025 0.9999991153440511 0.10294203852343742 -0.3356190072904326 -0.02167461937037274
FixedParameters: 0 0 0
#Transform 9
Transform: MatrixOffsetTransformBase_double_3_3
Parameters: 0.999998118436888 -0.0014510515757543817 -0.0008809141813515046 0.001450947617846389 0.9999988911172043 -0.000059278220536120525 0.0008810853991999692 0.00005872155702879264 0.999999220357913 0.10903234329065015 -0.2849772467142202 -0.03060459767418422
FixedParameters: 0 0 0
#Transform 10
Transform: MatrixOffsetTransformBase_double_3_3
Parameters: 0.9999974663854787 -0.001910093901644497 -0.0009398085191060871 0.001910905901203082 0.9999983399860037 -0.00010079608720574527 0.0009401906198983713 0.00009920434407104056 0.9999991063995872 0.12887087222674154 -0.32319565682175266 -0.018014482687590316
FixedParameters: 0 0 0
#Transform 11
Transform: MatrixOffsetTransformBase_double_3_3
Parameters: 0.9999970236569315 -0.002256804434811716 -0.0009404711311688261 0.0022561975648238675 0.9999978645169149 0.00020787872583761768 0.0009405279101676892 -0.00021012320879267607 0.9999990717778907 0.1291602246970598 -0.3063002557004353 -0.04749948141903815
FixedParameters: 0 0 0
#Transform 12
Transform: MatrixOffsetTransformBase_double_3_3
Parameters: 0.9999969600849619 -0.002480930327020476 -0.0009401856931847176 0.0024810714030140514 0.9999968390009673 0.0000736675526452403 0.000940813540156126 -0.00007633432152379784 0.9999991098338638 0.14475759226802154 -0.31194648291617 -0.023381343612456362
FixedParameters: 0 0 0
#Transform 13
Transform: MatrixOffsetTransformBase_double_3_3
Parameters: 0.99999790606233 -0.002106827388606767 -0.0008094512738929753 0.0021071736405583845 0.9999975147483844 0.00021329476219569092 0.000808549478018986 -0.00021470389399878877 0.9999992997221351 0.13326864590153775 -0.3541395575389714 -0.014595188311645302
FixedParameters: 0 0 0
#Transform 14
Transform: MatrixOffsetTransformBase_double_3_3
Parameters: 0.9999970573840236 -0.0022927079132536543 -0.0008278114777657924 0.002293293784213855 0.9999976168249856 0.00035310260001332504 0.0008271880308081439 -0.0003548975208913939 0.9999991899268786 0.15082450288014115 -0.29671131928327554 -0.021621545665865938
FixedParameters: 0 0 0
#Transform 15
Transform: MatrixOffsetTransformBase_double_3_3
Parameters: 0.9999955312548816 -0.0028627924152740433 -0.0005221313375802419 0.0028632049220161577 0.9999956467968095 0.0003945065463671661 0.0005208667013708518 -0.0003964926581255128 0.999999571617356 0.16027940508733707 -0.39388020604189933 -0.009863434086341272
FixedParameters: 0 0 0
#Transform 16
Transform: MatrixOffsetTransformBase_double_3_3
Parameters: 0.9999966283789393 -0.0024507502362352642 -0.0006040101267600656 0.002451248123965519 0.9999968224348342 0.0004115205850468354 0.0006029880493138057 -0.00041347894398583774 0.9999994656314023 0.14373381059822066 -0.3008386616546517 -0.027398919242486386
FixedParameters: 0 0 0
#Transform 17
Transform: MatrixOffsetTransformBase_double_3_3
Parameters: 0.9999962813847293 -0.002745624331206127 -0.0004234420401177445 0.0027463750698233803 0.999995668258042 0.0008888399208452616 0.0004205568995886675 -0.0008901575481734995 0.9999990307053277 0.16400905423434153 -0.3881024473994614 -0.009685110753110848
FixedParameters: 0 0 0
#Transform 18
Transform: MatrixOffsetTransformBase_double_3_3
Parameters: 0.9999961425630856 -0.0026169784870428577 -0.00009353873882669778 0.0026170170090081928 0.9999961088691159 0.0002057558158452001 0.00009346053189707435 -0.0002062451944048199 0.9999999488216605 0.1518047734116692 -0.34398356198340707 -0.007320706560037138
FixedParameters: 0 0 0
#Transform 19
Transform: MatrixOffsetTransformBase_double_3_3
Parameters: 0.9999972185082122 -0.0024019630425315386 -0.00011975148343478965 0.002401037849420016 0.9999971348192022 0.00031271337969432936 0.000119248141374117 -0.00031328733876351413 0.9999998877505341 0.15610465077496372 -0.30493276903108324 -0.004386342192489678
FixedParameters: 0 0 0
#Transform 20
Transform: MatrixOffsetTransformBase_double_3_3
Parameters: 0.9999963401278779 -0.002756924921616289 -0.00024286203181141233 0.0027570767266530496 0.9999963009648685 0.0003123316296341538 0.00024213614563563195 -0.00031366877495795666 0.9999998432247262 0.15789033122250373 -0.325048631230473 -0.010484413012036953
FixedParameters: 0 0 0
#Transform 21
Transform: MatrixOffsetTransformBase_double_3_3
Parameters: 0.999996887290569 -0.002620644243999796 -0.0004939036769123479 0.002621360082257653 0.9999966032634667 0.0007257078214120697 0.0004920979762619044 -0.0007262921356225492 0.999999229873413 0.1547540559589038 -0.3224208147873071 -0.0026129915960666494
FixedParameters: 0 0 0
#Transform 22
Transform: MatrixOffsetTransformBase_double_3_3
Parameters: 0.9999960862560469 -0.0025936573209136395 -0.0004340524858607758 0.0025933423290835536 0.9999966480637438 0.000790877021380321 0.00043194956099514833 -0.0007911229992476342 0.9999991868283744 0.13932707903869357 -0.34106824077279896 -0.019225444063991404
FixedParameters: 0 0 0
#Transform 23
Transform: MatrixOffsetTransformBase_double_3_3
Parameters: 0.999997068717387 -0.0023845995815241984 -0.0004939348526691522 0.002385399721052263 0.9999966532336321 0.0008108236657629515 0.0004920639927726158 -0.0008121752779657487 0.99999909841819 0.15194252436718614 -0.2683323866037597 -0.012084439587667362
FixedParameters: 0 0 0
#Transform 24
Transform: MatrixOffsetTransformBase_double_3_3
Parameters: 0.9999971709014194 -0.002407893374065081 -0.00017547073058840073 0.0024081070500219593 0.9999968288154883 0.0006105790517795596 0.00017453055677813637 -0.0006104218548112834 0.9999995966639297 0.1455064194162219 -0.3183016365648115 -0.0051792081340948926
FixedParameters: 0 0 0
#Transform 25
Transform: MatrixOffsetTransformBase_double_3_3
Parameters: 0.9999967244930456 -0.0026969520878907345 -0.00004218771181082743 0.0026970490119224647 0.9999953290455886 0.001181890475910897 0.000039811987033095646 -0.0011821116299832954 0.9999996011909873 0.15498433171013914 -0.2968084886632738 0.006573932310672603
FixedParameters: 0 0 0
#Transform 26
Transform: MatrixOffsetTransformBase_double_3_3
Parameters: 0.9999962404279694 -0.0025989003186863706 -0.00007068765834854827 0.0025990961405349734 0.9999952316237494 0.0014188205130531977 0.00006731168295864967 -0.0014191791747759019 0.99999898167385 0.1568909490485879 -0.3066239052168527 0.004933672070919215
FixedParameters: 0 0 0
#Transform 27
Transform: MatrixOffsetTransformBase_double_3_3
Parameters: 0.9999966892714401 -0.002488736719182643 -0.00034091769367350795 0.0024892606597087903 0.9999962112008725 0.0007701532194722314 0.0003390821403335853 -0.000770845741845913 0.9999992907290873 0.16937679678878226 -0.2693053044330327 -0.010200412965602368
FixedParameters: 0 0 0
#Transform 28
Transform: MatrixOffsetTransformBase_double_3_3
Parameters: 0.999996935890185 -0.0026508368165870616 -0.00019129769640322602 0.00265116695464816 0.9999962213560527 0.0008664956533612692 0.00018970350110819018 -0.0008665056883631264 0.9999992128856063 0.17692030982547635 -0.3382053135617582 -0.003133009817801735
FixedParameters: 0 0 0
#Transform 29
Transform: MatrixOffsetTransformBase_double_3_3
Parameters: 0.9999960784565983 -0.0025984448831200065 -0.00041349111558123424 0.0025985505860432086 0.9999954427940602 0.0013429298123047518 0.00040950893647445554 -0.001344068381477533 0.9999990256724571 0.16372797611491308 -0.25104760795534276 -0.022220310203877602
FixedParameters: 0 0 0
#Transform 30
Transform: MatrixOffsetTransformBase_double_3_3
Parameters: 0.9999969999103152 -0.00244581324593383 -0.00013249236679599096 0.0024461873819191346 0.9999959778823554 0.001427680125923862 0.00012950657491326634 -0.0014283209778986905 0.9999989436502389 0.16651026319351558 -0.31257868104408715 0.017508484805929925
FixedParameters: 0 0 0
#Transform 31
Transform: MatrixOffsetTransformBase_double_3_3
Parameters: 0.999997903088365 -0.001997324885079862 0.00032902627796206797 0.0019966728051275012 0.9999970358434285 0.0009886589587707634 -0.00033097235381989197 -0.000987340938867055 0.9999999149552183 0.15630391408065236 -0.23304171796557682 -0.01230720761810744
FixedParameters: 0 0 0
#Transform 32
Transform: MatrixOffsetTransformBase_double_3_3
Parameters: 0.9999974144973732 -0.002096661793270645 0.0004368291465765656 0.002095335330428864 0.9999963191213297 0.001512917894974734 -0.00044016955265984364 -0.0015120797017066144 0.9999985200594079 0.14096380957005294 -0.30834181827029283 0.01779992493828786
FixedParameters: 0 0 0
#Transform 33
Transform: MatrixOffsetTransformBase_double_3_3
Parameters: 0.9999964318670109 -0.00254133248956142 0.00032843494290095605 0.002541666548699648 0.9999965226840486 0.0010098387928546173 -0.00033156369919558375 -0.0010081614011605402 0.999999873017435 0.1400880227989063 -0.2313671614649735 -0.01122742717973324
FixedParameters: 0 0 0
#Transform 34
Transform: MatrixOffsetTransformBase_double_3_3
Parameters: 0.9999952475132031 -0.002957936700967744 -0.000053537508207525785 0.002958061084944993 0.9999948197962815 0.0011958470972692028 0.00005046195277007153 -0.0011961547292129338 0.9999995668754131 0.15087942516740327 -0.2531740482119744 -0.000713796732981109
FixedParameters: 0 0 0
#Transform 35
Transform: MatrixOffsetTransformBase_double_3_3
Parameters: 0.9999972484638563 -0.0023959208247694838 -0.00010482301233942677 0.002396078351717396 0.999996680055044 0.0007607506774516617 0.0001021762982145841 -0.0007612466492876647 0.9999994101671414 0.13700284921536365 -0.22698290703083046 -0.024862081096415523
FixedParameters: 0 0 0
#Transform 36
Transform: MatrixOffsetTransformBase_double_3_3
Parameters: 0.9999976531789685 -0.002309919443604815 -0.00010480842520177633 0.0023100815246113126 0.9999970508019442 0.0007827597523808875 0.00010219096209684205 -0.0007832379224000573 0.9999993761990376 0.13421488240619794 -0.23129663956387958 -0.012005700635171479
FixedParameters: 0 0 0
#Transform 37
Transform: MatrixOffsetTransformBase_double_3_3
Parameters: 0.9999971804893236 -0.0021238958918554816 0.000555585878781199 0.002123105134174609 0.9999969066764341 0.0016081834529824862 -0.0005584129466402742 -0.001606817870533597 0.9999981056889504 0.1252424468294322 -0.26860297289790935 -0.0012219983531309708
FixedParameters: 0 0 0
#Transform 38
Transform: MatrixOffsetTransformBase_double_3_3
Parameters: 0.9999978618989984 -0.0022622051237978676 0.0001366743958082727 0.002262797933213425 0.9999967201771982 0.0014703134406845715 -0.0001403261603681469 -0.0014696867262452469 0.9999988199136699 0.14765610175138022 -0.2236613142980559 -0.020098023492565176
FixedParameters: 0 0 0
#Transform 39
Transform: MatrixOffsetTransformBase_double_3_3
Parameters: 0.9999962091132264 -0.0025962045989182956 0.00022060026158284896 0.002596795043537111 0.9999964034731008 0.000924575762103854 -0.00022240120142018164 -0.0009244255082008563 0.9999990962353624 0.1361578786158475 -0.254472996843333 -0.027648941204148514
FixedParameters: 0 0 0
#Transform 40
Transform: MatrixOffsetTransformBase_double_3_3
Parameters: 0.9999978359045634 -0.002266761685408891 -0.00016630701885847428 0.0022662415340402703 0.9999967357387838 0.0014586272987001357 0.0001626956232991501 -0.0014583729815199062 0.999998845713279 0.12081355323626042 -0.23564835780040028 -0.016563656090340828
FixedParameters: 0 0 0
#Transform 41
Transform: MatrixOffsetTransformBase_double_3_3
Parameters: 0.9999963869375327 -0.0027589542305978027 -0.0000331300828344762 0.0027590470446113464 0.9999951468843516 0.0014969142194358003 0.00002886961621277161 -0.001497085277460762 0.9999987580248787 0.12852379874992437 -0.2836090142995431 -0.010865171729150802
FixedParameters: 0 0 0
#Transform 42
Transform: MatrixOffsetTransformBase_double_3_3
Parameters: 0.9999977516604972 -0.002273535213518123 -0.00028375780793069255 0.002273467226516702 0.9999961004234627 0.0016523586355351946 0.0002802438738572495 -0.0016526408945410941 0.9999981897145063 0.1375050277883645 -0.23835154050729557 -0.008118015634295261
FixedParameters: 0 0 0
#Transform 43
Transform: MatrixOffsetTransformBase_double_3_3
Parameters: 0.9999970933409649 -0.002425819912051729 -0.00014701502260680186 0.0024261816252500526 0.9999965694586778 0.0012426476083307087 0.00014398397294490897 -0.0012433535747177827 0.9999994337772482 0.13248909195992553 -0.27661881119374243 -0.019976672565562126
FixedParameters: 0 0 0
#Transform 44
Transform: MatrixOffsetTransformBase_double_3_3
Parameters: 0.9999975413863518 -0.0022768564746935335 0.00052329022840356 0.0022761438677746906 0.999996162263509 0.0016301949063404794 -0.0005277093539002751 -0.0016288023004990806 0.9999980685762916 0.10894871753140478 -0.22795646217915078 -0.007155629743550662
FixedParameters: 0 0 0
#Transform 45
Transform: MatrixOffsetTransformBase_double_3_3
Parameters: 0.9999980013863773 -0.0021997361110780438 0.0003989678762028563 0.0021992656397771034 0.9999958004579694 0.0018338822740568363 -0.0004030334618034392 -0.0018331182695681346 0.9999984774686816 0.10882134536049648 -0.2971084685746206 -0.0007469466273590797
FixedParameters: 0 0 0
#Transform 46
Transform: MatrixOffsetTransformBase_double_3_3
Parameters: 0.9999975342099378 -0.0023341210972197984 0.00013391062627053982 0.0023338794472842744 0.9999967514091465 0.0008953145001160169 -0.0001360884916894511 -0.0008946843202841587 0.9999991807494985 0.10811797653406074 -0.22291677889094785 -0.0212921241423345
FixedParameters: 0 0 0
#Transform 47
Transform: MatrixOffsetTransformBase_double_3_3
Parameters: 0.9999967728931507 -0.0024950580817746063 0.0000438012276663707 0.0024949414197595137 0.9999961314360678 0.0012821135848613524 -0.00004719842010585042 -0.0012818865398319804 0.9999993544024847 0.12749928998616156 -0.2842923379904789 -0.03416884110455953
FixedParameters: 0 0 0
#Transform 48
Transform: MatrixOffsetTransformBase_double_3_3
Parameters: 0.9999972806943578 -0.0023832286114582424 0.0002003185161115802 0.0023827750329983395 0.9999970545431285 0.0011254815151742334 -0.00020268266350869117 -0.0011255211632144344 0.9999996926438034 0.1076447293491185 -0.19509192232206374 -0.010998735840090035
FixedParameters: 0 0 0
#Transform 49
Transform: MatrixOffsetTransformBase_double_3_3
Parameters: 0.9999968128354718 -0.002487086589757046 0.00004215757692816405 0.002486913306753231 0.9999950239964323 0.001947111090868653 -0.000046841980031298404 -0.0019468897478637796 0.9999982072005023 0.13943823183386428 -0.30557481398470543 0.0024963477754198493
FixedParameters: 0 0 0
#Transform 50
Transform: MatrixOffsetTransformBase_double_3_3
Parameters: 0.9999971534869578 -0.0024005517792372493 -0.00029171312551984943 0.002400448752261788 0.9999958459202694 0.0015463037907017959 0.0002882883633355583 -0.0015466960856083591 0.9999985242326312 0.128660260921464 -0.246535575441726 -0.021517383993156614
FixedParameters: 0 0 0
#Transform 51
Transform: MatrixOffsetTransformBase_double_3_3
Parameters: 0.9999962716055951 -0.0027762502247679686 0.00014631882545231156 0.0027757477970548534 0.9999944512066345 0.0016864114690632104 -0.00015167951439137134 -0.0016855842215355668 0.9999981351995311 0.12631823488158034 -0.2762086348647159 0.0005323181490979323
FixedParameters: 0 0 0
#Transform 52
Transform: MatrixOffsetTransformBase_double_3_3
Parameters: 0.99999659755684 -0.002526188375867795 0.00014576106529917194 0.002525810185885181 0.9999959757858686 0.0012823724690476496 -0.0001492377411393446 -0.0012816272990819058 0.9999993347167142 0.11074615729279458 -0.23235253505545472 -0.013137964314836381
FixedParameters: 0 0 0
#Transform 53
Transform: MatrixOffsetTransformBase_double_3_3
Parameters: 0.9999962086038545 -0.002566720554873246 0.00045293560162919873 0.0025652795683039197 0.9999959081509444 0.0015841674395330994 -0.0004570621423958819 -0.0015828323769321152 0.9999982854972337 0.1067857710497151 -0.24719984424875463 -0.0040126333599204145
FixedParameters: 0 0 0
#Transform 54
Transform: MatrixOffsetTransformBase_double_3_3
Parameters: 0.9999962309312207 -0.0027337643508239516 0.0005431712113994356 0.0027332378026820323 0.9999955665510417 0.0014014902757398012 -0.0005468277663849768 -0.0013995107542062663 0.9999987415688976 0.12182720802348967 -0.24056725811607294 -0.0032537456990695546
FixedParameters: 0 0 0
#Transform 55
Transform: MatrixOffsetTransformBase_double_3_3
Parameters: 0.9999967493236324 -0.0024912187847781347 0.0002124557667253225 0.0024907828179059244 0.9999967524626316 0.0010215322025701969 -0.00021454240011369204 -0.001020468545881974 0.9999989119749987 0.12180142403022387 -0.224083768665011 -0.00871273754376034
FixedParameters: 0 0 0
#Transform 56
Transform: MatrixOffsetTransformBase_double_3_3
Parameters: 0.9999966138689805 -0.0025232053960848595 0.0001413637113989553 0.0025227916842768465 0.9999955565364712 0.0014413608431241183 -0.00014563753041565286 -0.0014416367389960862 0.9999989014829188 0.12728555546699738 -0.2590753945744666 -0.011133708970319844
FixedParameters: 0 0 0
#Transform 57
Transform: MatrixOffsetTransformBase_double_3_3
Parameters: 0.9999975410918392 -0.002334059930288715 0.00010570666769544686 0.002333941821261122 0.99999724496377 0.0005542482054848036 -0.00010729507706653487 -0.0005547510606022819 0.9999996811873393 0.10897146147726744 -0.20412116021148563 -0.010407488523483721
FixedParameters: 0 0 0
#Transform 58
Transform: MatrixOffsetTransformBase_double_3_3
Parameters: 0.99999741387986 -0.002124615499896691 -0.00026706752911366305 0.0021253819993832766 0.9999964006755385 0.0014434351451627857 0.0002639326472134598 -0.0014435635220767969 0.9999988458149008 0.11387523051027415 -0.2712131104379978 -0.0074773994685557454
FixedParameters: 0 0 0
#Transform 59
Transform: MatrixOffsetTransformBase_double_3_3
Parameters: 0.999997880416387 -0.0022575009527348883 0.00014859129417455136 0.0022574999377347783 0.9999921321107613 0.003282342759291603 -0.00015640958102559234 -0.003281654218216653 0.9999942051819872 0.11330257744806715 -0.206468937290893 -0.09094171867988621
FixedParameters: 0 0 0
#Transform 60
Transform: MatrixOffsetTransformBase_double_3_3
Parameters: 0.9999964922618483 -0.0025509832866345778 -0.000013020331110423841 0.002551017958634872 0.9999960086008441 0.0015759723263656293 0.000008979559076154546 -0.001576028448366105 0.9999985160968655 0.12232599375228403 -0.27108190300666024 -0.01959650374843136
FixedParameters: 0 0 0
#Transform 61
Transform: MatrixOffsetTransformBase_double_3_3
Parameters: 0.9999983009590154 -0.0019087632951626191 -0.0002349295987444588 0.0019092362102949634 0.9999973346037451 0.0010105534638008514 0.00023307150522447595 -0.0010104468777710237 0.9999999241324699 0.07062511018716577 -0.17594346357353174 -0.04482947104357038
FixedParameters: 0 0 0
#Transform 62
Transform: MatrixOffsetTransformBase_double_3_3
Parameters: 0.9999978347716488 -0.002027841148684709 -0.00022940074456167706 0.0020281576264813053 0.9999974097309219 0.0006905357901852294 0.0002285980450775807 -0.0006914646135882646 0.9999994700775977 0.09333940168728816 -0.28224525913513787 -0.01302269937711742
FixedParameters: 0 0 0
#Transform 63
Transform: MatrixOffsetTransformBase_double_3_3
Parameters: 0.9999983530115312 -0.0019090554428186346 0.00005094772905631019 0.001908943642796567 0.9999972000893037 0.001075099239208309 -0.00005305208347167787 -0.001074900703169121 0.9999998416698253 0.06383207010007652 -0.23636589804013397 -0.031947077343048136
FixedParameters: 0 0 0
#Transform 64
Transform: MatrixOffsetTransformBase_double_3_3
Parameters: 0.9999987598959795 -0.001799989432146579 -0.000010960188290859733 0.00180001121215908 0.999997574073299 0.0010889822470471601 0.000009039783188597726 -0.0010890182470678234 0.9999998139775849 0.06853206132451817 -0.21170687370550922 -0.031009785897282427
FixedParameters: 0 0 0
#Transform 65
Transform: MatrixOffsetTransformBase_double_3_3
Parameters: 0.9999976582959925 -0.0020830569150373235 0.00005176480524295379 0.0020829431769796626 0.9999975097739172 0.0010731108800298504 -0.00005423493049522129 -0.0010728900819179134 0.9999998458601015 0.08424086398983377 -0.2431129089904971 -0.03763555939769958
FixedParameters: 0 0 0
#Transform 66
Transform: MatrixOffsetTransformBase_double_3_3
Parameters: 0.9999978430085912 -0.0020380681021561547 0.00005869487209485755 0.002037933513080267 0.9999975673844357 0.0011311226937787888 -0.000060304838002630074 -0.0011308801716420438 0.9999997172956481 0.07934928674451669 -0.17774874114790862 -0.036705181446762936
FixedParameters: 0 0 0
#Transform 67
Transform: MatrixOffsetTransformBase_double_3_3
Parameters: 0.9999982274033105 -0.0019364163820359786 0.00015383784743400823 0.0019355819239359876 0.9999941443208215 0.0026663028114964618 -0.00015916062507182344 -0.0026656968434238502 0.9999968679331478 0.05970465300276828 -0.20641494844365127 -0.11610638082895264
FixedParameters: 0 0 0
#Transform 68
Transform: MatrixOffsetTransformBase_double_3_3
Parameters: 0.9999989106788496 -0.0014146694184232107 0.0002958203849015154 0.0014143315561343669 0.9999969434201678 0.002248422759212099 -0.000299181406774906 -0.0022485811293474923 0.9999978557279477 0.06680773568756138 -0.19268373001548866 -0.1080680355827468
FixedParameters: 0 0 0
#Transform 69
Transform: MatrixOffsetTransformBase_double_3_3
Parameters: 0.9999992309851004 -0.0013075781123399132 0.0002449368885777582 0.0013064230124836093 0.9999968020853 0.0023433235301635437 -0.0002480615048941134 -0.00234267917868587 0.9999974495757799 0.04837289560954616 -0.20740623628239518 -0.10091893323821921
FixedParameters: 0 0 0
#Transform 70
Transform: MatrixOffsetTransformBase_double_3_3
Parameters: 0.9999989431782886 -0.001293325493334312 0.0006202432121347092 0.0012916747933319696 0.9999967818795948 0.002132802117967778 -0.0006227557326161812 -0.002132195538334385 0.999997066176423 0.0346200851736711 -0.1757875313749082 -0.12408552039268272
FixedParameters: 0 0 0
#Transform 71
Transform: MatrixOffsetTransformBase_double_3_3
Parameters: 0.9999984774061293 -0.0015569434217158258 0.001048120150663969 0.0015550581656193002 0.9999971526520616 0.0018516328018039832 -0.0010508804738052983 -0.0018503667507391611 0.9999974723410779 0.04485511689733812 -0.17800518142445299 -0.12326593861619983
FixedParameters: 0 0 0
#Transform 72
Transform: MatrixOffsetTransformBase_double_3_3
Parameters: 0.9999991311145331 -0.0013282237926981715 0.00032408457141905415 0.001327776306852239 0.9999987610046606 0.0006894306736319382 -0.00032491588413283677 -0.0006895688005843814 0.9999994192894337 0.031610342181281226 0.0022071625568429454 -0.18378601420477025
FixedParameters: 0 0 0
#Transform 73
Transform: MatrixOffsetTransformBase_double_3_3
Parameters: 0.9999966795608807 -0.0026888456187758895 -0.0003003998957560856 0.002689157398903297 0.9999964983408066 0.0005201941175732881 0.0002986006420208345 -0.0005208048328228522 0.9999996393790902 0.13819665320637853 -0.28715719527170336 -0.023989517053024656
FixedParameters: 0 0 0
#Transform 74
Transform: MatrixOffsetTransformBase_double_3_3
Parameters: 0.9999969518064272 -0.0024413927422457147 0.0002978011558025485 0.002440607751061718 0.99999632409328 0.0013107311182263847 -0.0003011990295989868 -0.0013102689561180574 0.9999991928859525 0.11382522620590407 -0.28115970271510093 -0.049400312322077866
FixedParameters: 0 0 0
#Transform 75
Transform: MatrixOffsetTransformBase_double_3_3
Parameters: 0.999998138062886 -0.001965066691297534 0.000024055910376250228 0.001964933343323165 0.9999948084945259 0.0025160514693935918 -0.000028943814436753654 -0.002515947324413609 0.9999966690271681 0.07991732249703887 -0.17635405464733367 -0.16689723129985623
FixedParameters: 0 0 0
#Transform 76
Transform: MatrixOffsetTransformBase_double_3_3
Parameters: 0.9999977031874902 -0.002005043916300288 0.00052603586293857 0.0020039556725259104 0.9999960714578285 0.0019780582858951374 -0.0005299636761242283 -0.0019769415301266716 0.9999978107014679 0.09422160446258943 -0.18875171325683482 -0.11890536447805289
FixedParameters: 0 0 0
#Transform 77
Transform: MatrixOffsetTransformBase_double_3_3
Parameters: 0.9999987800922174 -0.0017399071093444685 0.00043842134871953603 0.0017390944479001222 0.9999967408191026 0.0020577660911430475 -0.0004425794059930739 -0.0020572335878518864 0.9999975726455574 0.08008711241369326 -0.12811520088142458 -0.17068103271959956
FixedParameters: 0 0 0
#Transform 78
Transform: MatrixOffsetTransformBase_double_3_3
Parameters: 0.9999985915216354 -0.001846044658362804 0.00002604262165405187 0.001845956548360591 0.999997025870596 0.0016020503702349675 -0.000028957214727250914 -0.0016019488402324177 0.9999984328366315 0.09302654756592688 -0.15668765627050618 -0.14909431769376624
FixedParameters: 0 0 0
#Transform 79
Transform: MatrixOffsetTransformBase_double_3_3
Parameters: 0.9999987365656382 -0.0014616273887756552 0.00035543217923277807 0.0014613725306105692 0.9999977752030155 0.0017575227774432117 -0.00035856936026490107 -0.0017574792644150256 0.9999987837386688 0.07686894982823844 -0.09596859163585236 -0.167977899437048
FixedParameters: 0 0 0
#Transform 80
Transform: MatrixOffsetTransformBase_double_3_3
Parameters: 0.9999983292906941 -0.0017202152455764333 0.000843525760582549 0.0017187833336380991 0.9999969725957001 0.0014394511767440513 -0.0008464744843962691 -0.0014385452174157593 0.9999982152527789 0.07062528711186644 -0.09911582871821167 -0.14942534777239302
FixedParameters: 0 0 0
#Transform 81
Transform: MatrixOffsetTransformBase_double_3_3
Parameters: 0.9999978775479649 -0.0015679323845974255 0.0012898680705331986 0.0015670689002897974 0.9999990216553725 0.0007230231035869011 -0.0012911315439833283 -0.0007209773808580846 0.9999988133232983 0.06958337993992814 -0.06647729660078028 -0.1308674808701369
FixedParameters: 0 0 0
#Transform 82
Transform: MatrixOffsetTransformBase_double_3_3
Parameters: 0.9999980670311319 -0.0018518682335430647 0.0012261852370367497 0.0018501341702362977 0.999997260344524 0.0015222726951642873 -0.0012288159920192513 -0.0015197284792470003 0.999998179794217 0.043976588720013865 -0.11345535004723217 -0.14952336910302222
FixedParameters: 0 0 0
#Transform 83
Transform: MatrixOffsetTransformBase_double_3_3
Parameters: 0.9999983411947302 -0.0010498075703088226 0.0015988142609856414 0.0010481910962067214 0.999998621566748 0.001131677811479979 -0.001600186052072287 -0.0011293220573311829 0.9999981635647189 0.043092092256060255 -0.08338802157658165 -0.19758790483052735
FixedParameters: 0 0 0
#Transform 84
Transform: MatrixOffsetTransformBase_double_3_3
Parameters: 0.9999963323312441 -0.0007594312654538351 0.0026628786160788295 0.0007585684531897375 0.9999993976741823 0.00016302062289887923 -0.002663124532154102 -0.00016097818027370928 0.9999968821694123 -0.003258263935464356 -0.06124859122708415 -0.2200570117446432
FixedParameters: 0 0 0
#Transform 85
Transform: MatrixOffsetTransformBase_double_3_3
Parameters: 0.9999975680055169 -0.0011694034954518292 0.0020157664173363616 0.00116959709355405 0.9999995922675857 0.00020135822931831315 -0.002016234218583363 -0.0001986427978845496 0.9999978957376899 0.046099435629855634 -0.0841246458375764 -0.2457003476055064
FixedParameters: 0 0 0
#Transform 86
Transform: MatrixOffsetTransformBase_double_3_3
Parameters: 0.9999982597667462 -0.0014490648157549433 0.0012806673342620383 0.0014469342064698859 0.9999973079700654 0.0016118553061293187 -0.0012833327953676217 -0.0016101426287040207 0.9999977611499135 0.06040212818930968 -0.10772350001208508 -0.23906372129744113
FixedParameters: 0 0 0
#Transform 87
Transform: MatrixOffsetTransformBase_double_3_3
Parameters: 0.9999956232833338 -0.0029840866705614934 0.0006873073616806676 0.0029829174952181715 0.9999946243561861 0.0015740588765123685 -0.000691693488720101 -0.0015719446150831914 0.9999990502492713 0.08994577114242475 -0.12078293442037591 -0.11404767984841158
FixedParameters: 0 0 0
#Transform 88
Transform: MatrixOffsetTransformBase_double_3_3
Parameters: 0.9999948610555678 -0.0032045252800567523 0.0009317704676182295 0.0032034741258507348 0.9999930692852165 0.0016339936192473487 -0.0009372315616885525 -0.0016310053196616704 0.9999984616412734 0.1043534746534931 -0.21438306218330183 -0.10508739020737323
FixedParameters: 0 0 0
#Transform 89
Transform: MatrixOffsetTransformBase_double_3_3
Parameters: 0.9999957061404061 -0.002769305897639561 0.0012750039953342666 0.0027666941100809883 0.9999940801203036 0.001806534307986427 -0.0012799965015789373 -0.0018034620446819873 0.9999971099566313 0.09756568637669716 -0.13575110363861143 -0.1354033681847966
FixedParameters: 0 0 0
#Transform 90
Transform: MatrixOffsetTransformBase_double_3_3
Parameters: 0.9999946012702474 -0.0029685550215424344 0.0012589856236451104 0.0029664401186114135 0.9999930872030125 0.002028744634570048 -0.0012650129385986012 -0.0020242546428395156 0.9999973006348829 0.12098844294749256 -0.2143882365040355 -0.10604518092956994
FixedParameters: 0 0 0
#Transform 91
Transform: MatrixOffsetTransformBase_double_3_3
Parameters: 0.9999950609434968 -0.0029363553583709413 0.0011479899612354522 0.0029336419987272848 0.999993193478742 0.0020493776448569723 -0.0011540088244449999 -0.0020456212543502952 0.9999974829251788 0.11281691244350611 -0.12006634935090688 -0.13136997127551808
FixedParameters: 0 0 0
#Transform 92
Transform: MatrixOffsetTransformBase_double_3_3
Parameters: 0.9999943845654069 -0.0033236018520038982 0.0007539818650902897 0.003322403507899154 0.9999924949366649 0.0021135188464373508 -0.0007600216126582881 -0.00211148779656494 0.9999979642667071 0.13778609694992383 -0.1856025618350401 -0.08819890069074177
FixedParameters: 0 0 0
#Transform 93
Transform: MatrixOffsetTransformBase_double_3_3
Parameters: 0.9999953109888138 -0.0029239079944710614 0.00037395564099498027 0.0029230912248751377 0.9999926474041314 0.002410103215662877 -0.00038004404098289954 -0.002408898889258687 0.9999970521569524 0.1371776381189278 -0.0981950971922032 -0.1461537290650341
FixedParameters: 0 0 0
#Transform 94
Transform: MatrixOffsetTransformBase_double_3_3
Parameters: 0.9999946666919913 -0.003317302138221776 0.0005745380071198996 0.0033157011262544894 0.999991938253343 0.0022509183599423283 -0.0005814623263033808 -0.002249084468834342 0.9999976033907657 0.1354903058293928 -0.2101379429105208 -0.09626419937136177
FixedParameters: 0 0 0
#Transform 95
Transform: MatrixOffsetTransformBase_double_3_3
Parameters: 0.9999957851018334 -0.002839769047151686 0.001072698692484523 0.0028372330027273537 0.9999923250992543 0.002574054775692231 -0.0010793028365895319 -0.0025709462961721187 0.9999962244349067 0.14279198407574256 -0.17474069941559378 -0.12350522733865432
FixedParameters: 0 0 0
#Transform 96
Transform: MatrixOffsetTransformBase_double_3_3
Parameters: 0.9999947979906549 -0.003008011502500651 0.001074380573115885 0.003005986741904447 0.999993466619578 0.0018702380083360256 -0.0010796177674848597 -0.0018667609117467483 0.9999973487648866 0.12814930949031123 -0.09863228428496029 -0.11640370898803098
FixedParameters: 0 0 0
#Transform 97
Transform: MatrixOffsetTransformBase_double_3_3
Parameters: 0.9999935834194649 -0.003288229601642622 0.001266648070493529 0.0032847703512043098 0.9999917421552316 0.0025431772882390717 -0.0012753501425961447 -0.002538822968687348 0.999995927840762 0.13850861501103395 -0.23144932280635544 -0.08535652670597926
FixedParameters: 0 0 0
#Transform 98
Transform: MatrixOffsetTransformBase_double_3_3
Parameters: 0.9999949419053059 -0.0029154039972522795 0.0012473969133193668 0.002913594554810841 0.9999938077210291 0.0019246446125431125 -0.001253606117834186 -0.0019213554197406693 0.9999977383009879 0.11000900654168788 -0.13128612906768922 -0.13514237103056814
FixedParameters: 0 0 0
#Transform 99
Transform: MatrixOffsetTransformBase_double_3_3
Parameters: 0.9999954623177401 -0.002716993186072954 0.001074970811850548 0.0027150031939947817 0.9999941952669639 0.0018529251705437387 -0.001080028182966409 -0.0018500721762990079 0.9999974109308581 0.12270891634975101 -0.16109810242333822 -0.12006292748145597
FixedParameters: 0 0 0
#Transform 100
Transform: MatrixOffsetTransformBase_double_3_3
Parameters: 0.9999962289285884 -0.0025719313500206227 0.0010753943209149803 0.0025700706559844354 0.9999951804565682 0.0017927706348669899 -0.0010796062419968968 -0.00179023011281758 0.9999976295086157 0.10748365171448881 -0.07170436467640684 -0.19371119956727512
FixedParameters: 0 0 0
#Transform 101
Transform: MatrixOffsetTransformBase_double_3_3
Parameters: 0.9999964985984273 -0.002704852793737035 0.00042967618594461326 0.0027041500362987975 0.9999948106513747 0.0019691700309677576 -0.000435323836466469 -0.0019678306311325115 0.9999979379393248 0.15439974592776196 -0.16598361247564242 -0.13293828595500656
FixedParameters: 0 0 0
#Transform 102
Transform: MatrixOffsetTransformBase_double_3_3
Parameters: 0.9999957095816835 -0.0028441910396460766 0.00044546557623878513 0.00284380912738267 0.99999289175174 0.002650280016905131 -0.00045353599480497416 -0.002648723248831424 0.9999967780674205 0.16059806413731792 -0.15046389440402663 -0.13274139289006825
FixedParameters: 0 0 0
#Transform 103
Transform: MatrixOffsetTransformBase_double_3_3
Parameters: 0.999995887283286 -0.002844294139175549 0.0010105735886274702 0.002842712084945648 0.9999938045876668 0.002261883828405415 -0.0010164291101795965 -0.0022591200262568143 0.9999968629300444 0.1225281516720571 -0.09992375319363589 -0.15399869133275956
FixedParameters: 0 0 0
#Transform 104
Transform: MatrixOffsetTransformBase_double_3_3
Parameters: 0.9999960575066617 -0.0026303296176545176 0.0010109597865614996 0.00262867027002126 0.9999938071841588 0.002298666034957545 -0.0010170423782171483 -0.0022963333884730977 0.9999966932765212 0.13876295986720777 -0.12946830210013616 -0.13999338021801577
FixedParameters: 0 0 0
#Transform 105
Transform: MatrixOffsetTransformBase_double_3_3
Parameters: 0.9999953041219095 -0.002665097962163773 0.0012625778430568775 0.002662901076151994 0.9999951491359793 0.0016613691756692892 -0.0012664196853287091 -0.0016576319043504193 0.9999976470878555 0.10834053748894235 -0.06592628924531141 -0.13334311396964438
FixedParameters: 0 0 0
#Transform 106
Transform: MatrixOffsetTransformBase_double_3_3
Parameters: 0.9999958812227628 -0.002523057335198174 0.0013240839165047696 0.002520940096318281 0.9999952292411078 0.0015543435176879044 -0.0013279147434781032 -0.001550655159639198 0.999997831458731 0.10176586057882275 -0.12532605907274785 -0.10494313384734255
FixedParameters: 0 0 0
#Transform 107
Transform: MatrixOffsetTransformBase_double_3_3
Parameters: 0.9999978791276182 -0.0018515548183957646 0.001300373939614996 0.0018494477002137177 0.9999967320694305 0.0019614111621585792 -0.001304629771022164 -0.0019595905942732727 0.9999974599171843 0.04937100863605792 0.003269507165796881 -0.22088152354687907
FixedParameters: 0 0 0
#Transform 108
Transform: MatrixOffsetTransformBase_double_3_3
Parameters: 0.9999967212412394 -0.002500137713761542 0.0010142025257408806 0.0024988650201645487 0.9999965003191358 0.001120538553620855 -0.001016796420957622 -0.0011174620581777357 0.9999987165941754 0.09129412870730391 -0.006492116595765651 -0.18031269267706307
FixedParameters: 0 0 0
#Transform 109
Transform: MatrixOffsetTransformBase_double_3_3
Parameters: 0.9999965105440262 -0.0025065640801192933 0.0010991741867515121 0.0025034386627986933 0.9999943169848011 0.0023267600726752887 -0.0011048249813311614 -0.0023242390344166844 0.9999963776260126 0.10380185256927632 -0.22683268056007933 -0.17257242003238105
FixedParameters: 0 0 0
#Transform 110
Transform: MatrixOffsetTransformBase_double_3_3
Parameters: 0.9999968171569739 -0.0024685124980010488 0.00030081273284900015 0.0024674844180918028 0.9999950308508694 0.0016967458518164441 -0.0003051866682084192 -0.001696250241342268 0.9999980300756871 0.10437622819608805 -0.03362031947008859 -0.18242569543282627
FixedParameters: 0 0 0
#Transform 111
Transform: MatrixOffsetTransformBase_double_3_3
Parameters: 0.9999940017604974 -0.0034761346788748522 0.0009562731152600054 0.0034738633187435977 0.9999909803553226 0.0022253354385951118 -0.0009647264997484997 -0.002221659935382716 0.9999971334666783 0.13202292718531794 -0.26420769063680893 -0.1490286200634614
FixedParameters: 0 0 0
#Transform 112
Transform: MatrixOffsetTransformBase_double_3_3
Parameters: 0.9999972868505539 -0.002336228127711842 0.0005053604749617615 0.0023347725750466203 0.9999947155963786 0.00241518755779818 -0.0005116386378310313 -0.0024138123481696767 0.9999969116003824 0.08989166186235309 -0.1385579910691206 -0.24811908823180318
FixedParameters: 0 0 0
#Transform 113
Transform: MatrixOffsetTransformBase_double_3_3
Parameters: 0.9999964328359235 -0.0023574201753930476 0.0010043392443408973 0.002355581523016695 0.9999946748635197 0.0024033735618062433 -0.0010096622655353957 -0.002401627553398467 0.9999962139219979 0.10565201038012617 -0.14060246931089182 -0.16672368466308285
FixedParameters: 0 0 0
#Transform 114
