#Insight Transform File V1.0
#Transform 0
Transform: MatrixOffsetTransformBase_double_3_3
Parameters: 0.9999960749663931 0.0008059922237793484 -0.0028763935520055746 -0.0008180101413208784 0.9999908932041415 -0.0041756660923300895 0.0028736100542588626 0.004178335128004973 0.9999872868688784 0.02604718688159835 -0.3265320917161887 -0.1818244049265445
FixedParameters: 0 0 0
#Transform 1
Transform: MatrixOffsetTransformBase_double_3_3
Parameters: 0.9999925978408181 0.000920281023795667 -0.003815318852590331 -0.000937719377848642 0.9999885421468059 -0.0046454567021121575 0.003810684646576252 0.004648541324121527 0.9999818660857855 -0.0016085173475630654 -0.24863282887682203 -0.2178328696799383
FixedParameters: 0 0 0
#Transform 2
Transform: MatrixOffsetTransformBase_double_3_3
Parameters: 0.9999940024310373 0.0016554779593415006 -0.0028732508532497833 -0.0016675246508855428 0.9999891991052189 -0.004361234774930798 0.002866750822495804 0.004365771861759072 0.9999867227463128 -0.00784051616302861 -0.341433116362424 -0.17271461135982236
FixedParameters: 0 0 0
#Transform 3
Transform: MatrixOffsetTransformBase_double_3_3
Parameters: 0.9999930256682815 0.0009031720560300581 -0.003486872814937368 -0.0009178296232072841 0.9999900658264768 -0.0042538247170164365 0.003483124397983767 0.0042561709534836845 0.9999847495292156 0.005981568238226487 -0.24124617215930755 -0.19460374743566433
FixedParameters: 0 0 0
#Transform 4
Transform: MatrixOffsetTransformBase_double_3_3
Parameters: 0.9999951263710882 0.0010492329417146802 -0.0029618363226801277 -0.001059767067607434 0.9999926565413478 -0.0036358784808312706 0.002958164791066044 0.0036391211574904312 0.9999890068657313 -0.023617001674182347 -0.3309165506542513 -0.14348250996293643
FixedParameters: 0 0 0
#Transform 5
Transform: MatrixOffsetTransformBase_double_3_3
Parameters: 0.9999935775325087 0.0014298161259045053 -0.0033736185264871235 -0.0014421837453376485 0.9999916379439703 -0.0039091608151490004 0.0033673846167566455 0.003913840962448169 0.9999863396974997 -0.04162002943634491 -0.23950305404483174 -0.17594651086733393
FixedParameters: 0 0 0
#Transform 6
Transform: MatrixOffsetTransformBase_double_3_3
Parameters: 0.9999929454998334 0.0014842090466922505 -0.00358448906454489 -0.0014957937417742946 0.9999947046733643 -0.003009662199278833 0.0035805117560834786 0.0030153381192185294 0.9999890904034783 -0.027196149639806322 -0.33955932667821287 -0.15649110194873117
FixedParameters: 0 0 0
#Transform 7
Transform: MatrixOffsetTransformBase_double_3_3
Parameters: 0.9999918938801126 0.0016517115676639219 -0.0036574847567071543 -0.0016652899833094082 0.9999909611334804 -0.003906939354337207 0.003651515181061196 0.003913061428923028 0.9999853563036905 -0.026410717510472637 -0.19087752270263536 -0.17837473859925979
FixedParameters: 0 0 0
#Transform 8
Transform: MatrixOffsetTransformBase_double_3_3
Parameters: 0.9999925629115327 0.001131804750114735 -0.0036271942185004025 -0.0011421946645356065 0.9999957998384177 -0.002809876966050691 0.0036237996966697506 0.0028141213945885655 0.9999889483017778 -0.023032220760939026 -0.3285041077270705 -0.13651763424256558
FixedParameters: 0 0 0
#Transform 9
Transform: MatrixOffsetTransformBase_double_3_3
Parameters: 0.9999925697684129 0.0014834979634448765 -0.00349690265875479 -0.0014955024102768348 0.9999939473274264 -0.0032887972336466593 0.00349209721421931 0.003294207415627059 0.9999889543447529 -0.019149111691902476 -0.25131701469631196 -0.19769256567828108
FixedParameters: 0 0 0
#Transform 10
Transform: MatrixOffsetTransformBase_double_3_3
Parameters: 0.9999949559601515 0.001488531482956023 -0.0029712508266783602 -0.0014954666744280884 0.9999960302293794 -0.002175568029786553 0.002967751652935625 0.002180429051818355 0.9999934383318294 -0.054028400245286434 -0.2772544647389452 -0.12365078226872583
FixedParameters: 0 0 0
#Transform 11
Transform: MatrixOffsetTransformBase_double_3_3
Parameters: 0.9999906402855556 0.001795921494792016 -0.0038905283296843344 -0.001810075246067839 0.9999916338090835 -0.003617989992162091 0.0038834691070380356 0.0036250066158286273 0.9999857757578665 -0.03779767438147985 -0.22593947162894779 -0.1861358979839025
FixedParameters: 0 0 0
#Transform 12
Transform: MatrixOffsetTransformBase_double_3_3
Parameters: 0.9999940186587918 0.0009967515173526344 -0.0033144929282639983 -0.0010052495173296597 0.9999968003510759 -0.0024876850324384264 0.0033125089236350916 0.0024913186924217325 0.9999918230219893 -0.043944417555536575 -0.3141743215149404 -0.11982467073265468
FixedParameters: 0 0 0
#Transform 13
Transform: MatrixOffsetTransformBase_double_3_3
Parameters: 0.9999919723951662 0.001479979268506507 -0.0038518077019701253 -0.0014950248166231523 0.9999915537868571 -0.003900275647781448 0.0038461961738239575 0.003905726525808916 0.9999849515359789 -0.053639982608927994 -0.21193234209221146 -0.20330803349048665
FixedParameters: 0 0 0
#Transform 14
Transform: MatrixOffsetTransformBase_double_3_3
Parameters: 0.9999903439870713 0.0016656836052995137 -0.0039851686670196165 -0.0016783115535649565 0.9999936438703565 -0.0030883407962259157 0.003979828954175921 0.0030956583586413127 0.9999875790566699 -0.03579192617698368 -0.3000646799464448 -0.14986368771243974
FixedParameters: 0 0 0
#Transform 15
Transform: MatrixOffsetTransformBase_double_3_3
Parameters: 0.9999909983561469 0.0008197580213073039 -0.004281558574861947 -0.0008332385720843939 0.9999947470867535 -0.0030914615948458807 0.00427844498852762 0.0030955364795921723 0.9999861116540526 -0.07312782007110741 -0.3149632430194771 -0.1733951090663055
FixedParameters: 0 0 0
#Transform 16
Transform: MatrixOffsetTransformBase_double_3_3
Parameters: 0.9999943339758373 0.0012387813190380432 -0.0030215571734718044 -0.001245219786646339 0.9999972179311097 -0.0020572493483655705 0.003019442596272023 0.0020607522996965236 0.9999936370477714 -0.08683555844149282 -0.29780294436100974 -0.1268189517157623
FixedParameters: 0 0 0
#Transform 17
Transform: MatrixOffsetTransformBase_double_3_3
Parameters: 0.9999907051872762 0.0014822232094119183 -0.0041346028430935405 -0.001495778762372805 0.999994222334785 -0.003088844706818749 0.004130394800484824 0.0030951513827310448 0.9999863617986481 -0.07375878113671774 -0.2849071203162623 -0.17335853546673263
FixedParameters: 0 0 0
#Transform 18
Transform: MatrixOffsetTransformBase_double_3_3
Parameters: 0.9999941545876152 0.0014888270245347998 -0.0031029693434398843 -0.0014951710437685322 0.9999968138131322 -0.001987372534487819 0.003100031161868491 0.00199262744450975 0.9999934205434724 -0.061558631214708726 -0.3038075420440549 -0.1214188287084852
FixedParameters: 0 0 0
#Transform 19
Transform: MatrixOffsetTransformBase_double_3_3
Parameters: 0.9999924220655063 0.0013435302633535702 -0.003711174668857937 -0.0013554705806037356 0.999994615218389 -0.003089995684606831 0.0037068279561265015 0.003095006341908229 0.9999886796082936 -0.07262642863081226 -0.2306283769271147 -0.17956021236062725
FixedParameters: 0 0 0
#Transform 20
Transform: MatrixOffsetTransformBase_double_3_3
Parameters: 0.9999916936070982 0.0020721276652666946 -0.0034659197714349455 -0.0020818703450598596 0.999993560648292 -0.0028468068187645066 0.003460078725957077 0.0028541922035755373 0.9999898821618806 -0.07362297655792815 -0.2820840218243035 -0.1560226477815263
FixedParameters: 0 0 0
#Transform 21
Transform: MatrixOffsetTransformBase_double_3_3
Parameters: 0.9999934618438479 0.0014858925300229578 -0.0033660350817911145 -0.0014951086822325747 0.9999954478041085 -0.0027049854530285457 0.0033619639812567845 0.0027100135906884875 0.9999903528534398 -0.08553653748947454 -0.28184845867271235 -0.1625238445916608
FixedParameters: 0 0 0
#Transform 22
Transform: MatrixOffsetTransformBase_double_3_3
Parameters: 0.9999923035684962 0.001484376373840715 -0.0036733109221915995 -0.0014956205700668553 0.9999944075023514 -0.002890528168065083 0.0036686882475097456 0.002896467807656299 0.999989151292713 -0.07773826913073378 -0.22998008499071432 -0.16278697873450199
FixedParameters: 0 0 0
#Transform 23
Transform: MatrixOffsetTransformBase_double_3_3
Parameters: 0.9999930530758937 0.0014863660737798959 -0.0034257586474237558 -0.0014956333849541238 0.9999954189181723 -0.0025188930499436034 0.003422239499496808 0.0025241034673548525 0.9999909181775447 -0.0855978459519946 -0.2960982557981424 -0.14539252140443182
FixedParameters: 0 0 0
#Transform 24
Transform: MatrixOffsetTransformBase_double_3_3
Parameters: 0.9999899613965675 0.0015536694758615298 -0.004198213597136696 -0.0015653322366598384 0.9999952751891207 -0.0026974572876555703 0.00419379067617931 0.002703544707725926 0.9999881007023235 -0.08534537374234219 -0.21827510167742048 -0.17571931609838032
FixedParameters: 0 0 0
#Transform 25
Transform: MatrixOffsetTransformBase_double_3_3
Parameters: 0.9999915021851706 0.0017362137505618467 -0.003805483782962644 -0.0017457905009821818 0.9999953459485503 -0.0025703805310010215 0.003801522792479952 0.002576624411490939 0.9999899103397709 -0.0844359130751684 -0.3218540446891893 -0.16222314191763587
FixedParameters: 0 0 0
#Transform 26
Transform: MatrixOffsetTransformBase_double_3_3
Parameters: 0.9999885254855774 0.001749784685317003 -0.004406267541602301 -0.0017622102963826315 0.9999939133710043 -0.0029962681760065807 0.004400729709247125 0.00300473337596367 0.9999856059679716 -0.08043471107167477 -0.2633669783818249 -0.19055352092365752
FixedParameters: 0 0 0
#Transform 27
Transform: MatrixOffsetTransformBase_double_3_3
Parameters: 0.9999906866808121 0.002155032109540565 -0.003830060537520573 -0.0021639678863009095 0.9999948468486318 -0.0023387341157297954 0.0038249410585120373 0.0023472651924104143 0.9999898604676494 -0.061298236141865914 -0.2721176840381787 -0.1667927479282696
FixedParameters: 0 0 0
#Transform 28
Transform: MatrixOffsetTransformBase_double_3_3
Parameters: 0.999990425736532 0.0018169455110625746 -0.004033906229940117 -0.0018300585212041958 0.9999931836223515 -0.0032356484821941442 0.004028093503320618 0.003242349657755485 0.9999862597208049 -0.08384400649774193 -0.22958720087297024 -0.19935736409375693
FixedParameters: 0 0 0
#Transform 29
Transform: MatrixOffsetTransformBase_double_3_3
Parameters: 0.9999914217742419 0.0021537965004551876 -0.0035971284103262003 -0.0021642033498135756 0.9999932787250567 -0.0028352375895620515 0.00359086953632059 0.002842756578763461 0.9999890231207726 -0.07429075713412203 -0.2763275268434313 -0.1559202820837413
FixedParameters: 0 0 0
#Transform 30
Transform: MatrixOffsetTransformBase_double_3_3
Parameters: 0.9999897964187803 0.0015545046444326261 -0.004217743528999234 -0.0015704899079616776 0.9999920454884174 -0.0036724145904930006 0.0042112559421611274 0.00367958500252457 0.9999847247523433 -0.07917738075981617 -0.2589848346434849 -0.20433020345042507
FixedParameters: 0 0 0
#Transform 31
Transform: MatrixOffsetTransformBase_double_3_3
Parameters: 0.9999899693169378 0.0017210366201277831 -0.004008153844516019 -0.001732964611796971 0.9999940982060157 -0.002983081093268083 0.004003838399615409 0.0029899179097735537 0.9999870326247278 -0.061043792856580126 -0.22348122414248905 -0.17848309616621805
FixedParameters: 0 0 0
#Transform 32
Transform: MatrixOffsetTransformBase_double_3_3
Parameters: 0.999990259598498 0.001849151944757547 -0.004039906473252436 -0.001861851681383567 0.9999934255249032 -0.0031795096710908904 0.004034094265508266 0.0031864910979847623 0.9999865709420257 -0.057622054916379284 -0.26695105955981546 -0.17732326006034782
FixedParameters: 0 0 0
#Transform 33
Transform: MatrixOffsetTransformBase_double_3_3
Parameters: 0.9999892501109046 0.0021140065318143346 -0.004034887679829755 -0.0021289893581096825 0.9999906681250809 -0.003714447533997578 0.004027107835349653 0.003723551201708571 0.9999849198294205 -0.0708763201053273 -0.21950324836356572 -0.20803746586645389
FixedParameters: 0 0 0
#Transform 34
Transform: MatrixOffsetTransformBase_double_3_3
Parameters: 0.9999913269346087 0.0019338022547180397 -0.00359650234875367 -0.0019441954975811392 0.999994188799397 -0.002834033058710919 0.003590498457099736 0.0028409687346215382 0.9999900352182529 -0.063122039594532 -0.28385340118309443 -0.1735757526049042
FixedParameters: 0 0 0
#Transform 35
Transform: MatrixOffsetTransformBase_double_3_3
Parameters: 0.9999885608797143 0.0017129394813508465 -0.004416831776194331 -0.0017330583572290799 0.999988364903735 -0.004542396853952051 0.004408166097108227 0.004549602486192134 0.9999798633016316 -0.07630323749458512 -0.1820739916482097 -0.26459179548420764
FixedParameters: 0 0 0
#Transform 36
Transform: MatrixOffsetTransformBase_double_3_3
Parameters: 0.9999921741656728 0.0017226906882306227 -0.003585972770569855 -0.0017323102918592793 0.9999947385359732 -0.0028738130557720678 0.003581032668138649 0.002880194129495806 0.9999898812516163 -0.05453473209894355 -0.2951713843218471 -0.17158754935715592
FixedParameters: 0 0 0
#Transform 37
Transform: MatrixOffsetTransformBase_double_3_3
Parameters: 0.9999872000102198 0.0017151840033654603 -0.004675571254471143 -0.0017328130173873012 0.9999914886847655 -0.003808945569351817 0.004668423906894874 0.003817054772601912 0.9999816331001077 -0.0691241592889611 -0.21051188211426108 -0.24570097658281043
FixedParameters: 0 0 0
#Transform 38
Transform: MatrixOffsetTransformBase_double_3_3
Parameters: 0.9999900789978363 0.0017960094411682104 -0.0039614537905865495 -0.0018079892560756506 0.999993580902009 -0.003024864430171018 0.0039565390039578464 0.003032132757227572 0.9999871543510325 -0.06771380097234214 -0.3207135085819033 -0.16724851218337733
FixedParameters: 0 0 0
#Transform 39
Transform: MatrixOffsetTransformBase_double_3_3
Parameters: 0.9999878813781351 0.001715568415180427 -0.004601537724747187 -0.0017324346027747164 0.9999916559590585 -0.003787075964732242 0.004595466218653406 0.003794931755735218 0.9999824817513837 -0.07243804226395412 -0.2318749125823274 -0.22248673344003578
FixedParameters: 0 0 0
#Transform 40
Transform: MatrixOffsetTransformBase_double_3_3
Parameters: 0.9999907101698055 0.00178871697863806 -0.004011399307283175 -0.0018032822118061128 0.9999920757328213 -0.0035597994260726552 0.004004599118204715 0.0035671962741579987 0.9999852371847425 -0.06143462032545699 -0.22660070952512967 -0.18436408086328981
FixedParameters: 0 0 0
#Transform 41
Transform: MatrixOffsetTransformBase_double_3_3
Parameters: 0.9999914794067094 0.0018536315813780248 -0.0036173326441778383 -0.001864368098073565 0.9999943157534215 -0.002865281095365633 0.0036116674947555293 0.0028717198889821756 0.9999897069642645 -0.07452668829981235 -0.31492477411504183 -0.17707201709727372
FixedParameters: 0 0 0
#Transform 42
Transform: MatrixOffsetTransformBase_double_3_3
Parameters: 0.9999885003811142 0.001957217044360283 -0.004434554660152684 -0.0019727886910914797 0.9999930064107726 -0.0033322911104608946 0.004428442093902933 0.0033407070655584155 0.9999842293195422 -0.06874949698053001 -0.21144881643526503 -0.20504582132170412
FixedParameters: 0 0 0
#Transform 43
Transform: MatrixOffsetTransformBase_double_3_3
Parameters: 0.9999895957575862 0.0018234081747707058 -0.004252129554216034 -0.001832592815378473 0.9999955643075804 -0.0022532321554055764 0.004247877904083057 0.00226077026718731 0.9999888432792086 -0.0710386192093182 -0.32360315003194273 -0.18346481709849627
FixedParameters: 0 0 0
#Transform 44
Transform: MatrixOffsetTransformBase_double_3_3
Parameters: 0.999990337136787 0.0015318869964539674 -0.004161479381304244 -0.0015441091787102945 0.9999941547432423 -0.0029086019110454967 0.004156522014011484 0.002915395078076352 0.9999872227952313 -0.066033660182228 -0.22391837405739068 -0.2080494315281669
FixedParameters: 0 0 0
#Transform 45
Transform: MatrixOffsetTransformBase_double_3_3
Parameters: 0.9999904734062336 0.0017228740992210692 -0.0040693011618384775 -0.0017331238087977922 0.9999948163560882 -0.0024859692745549853 0.004064697402172717 0.0024930249114449915 0.9999882617648354 -0.05763703111340135 -0.29931957041465296 -0.175667439042428
FixedParameters: 0 0 0
#Transform 46
Transform: MatrixOffsetTransformBase_double_3_3
Parameters: 0.9999889491770427 0.0018215514725133351 -0.004210839626204801 -0.0018354449998713989 0.999993445264864 -0.003191305663457129 0.004205153596695291 0.0031996944262581667 0.9999860813117943 -0.04288814149880693 -0.22409987408781262 -0.22195769524256548
FixedParameters: 0 0 0
#Transform 47
Transform: MatrixOffsetTransformBase_double_3_3
Parameters: 0.9999927554891529 0.0012733588748206769 -0.0036909962187676375 -0.0012816442903278958 0.9999968806423841 -0.0023402893838574998 0.003688011092982025 0.0023447161154712963 0.9999909001647997 -0.05506116020899299 -0.26943526076314583 -0.1809344000204618
FixedParameters: 0 0 0
#Transform 48
Transform: MatrixOffsetTransformBase_double_3_3
Parameters: 0.999991984912241 0.0012600500765432086 -0.0039275337390142105 -0.0012709533856659723 0.9999956171326125 -0.002787033986356737 0.003924473463330992 0.002791970765298436 0.9999888050494137 -0.0490776538374007 -0.2511706419610249 -0.20182322146132492
FixedParameters: 0 0 0
#Transform 49
Transform: MatrixOffsetTransformBase_double_3_3
Parameters: 0.9999920398732478 0.001149699814006161 -0.0036932212144463483 -0.0011592985134607817 0.9999958829702306 -0.0027877413588931615 0.003689779066566108 0.002792265078049986 0.999989588596621 -0.05007533852138124 -0.2520977861273366 -0.16642330849805376
FixedParameters: 0 0 0
#Transform 50
Transform: MatrixOffsetTransformBase_double_3_3
Parameters: 0.9999908152408764 0.0013076370745939386 -0.004059028037567719 -0.0013163625588751098 0.9999969540528881 -0.002304679148794011 0.00405597311906882 0.002310326091564692 0.9999892120010896 -0.05024661186087087 -0.26792949335782623 -0.19187382378417794
FixedParameters: 0 0 0
#Transform 51
Transform: MatrixOffsetTransformBase_double_3_3
Parameters: 0.9999921857285687 0.001388607705719615 -0.0035896460266718997 -0.001397390989873315 0.999995208196557 -0.002615002551410807 0.0035863536328633715 0.0026199987710852405 0.9999902748418407 -0.06228640816878794 -0.26645666403301504 -0.16652217665262015
FixedParameters: 0 0 0
#Transform 52
Transform: MatrixOffsetTransformBase_double_3_3
Parameters: 0.9999910130987889 0.0010932483321310573 -0.003973806967522238 -0.0011067506645031954 0.9999938044528656 -0.0034596331733510763 0.003970190511422566 0.003464371633481673 0.999986237567657 -0.038224803666707885 -0.2232781359310252 -0.2244710715773266
FixedParameters: 0 0 0
#Transform 53
Transform: MatrixOffsetTransformBase_double_3_3
Parameters: 0.9999910738162086 0.0009904335928427562 -0.003993136161114221 -0.0010035642278634935 0.9999940960226815 -0.003146018079437305 0.0039898590128544294 0.0031499771771268804 0.999987157867483 -0.03924530063878251 -0.2557387077594484 -0.1841022287096905
FixedParameters: 0 0 0
#Transform 54
Transform: MatrixOffsetTransformBase_double_3_3
Parameters: 0.9999938615502925 0.0014624488317915864 -0.0033163420398377545 -0.0014695553655527252 0.9999966592411669 -0.002276141951938641 0.0033136614400418427 0.002280861586100637 0.9999918191289242 -0.02887122511147311 -0.3378014849724451 -0.16507929017575407
FixedParameters: 0 0 0
#Transform 55
Transform: MatrixOffsetTransformBase_double_3_3
Parameters: 0.9999924295418464 0.0006492913392861717 -0.003761862746593181 -0.0006607074905373301 0.9999954626787876 -0.00284653412488282 0.0037591325044463646 0.0028484604045753356 0.9999887502743439 -0.0443723677238097 -0.24454014402776636 -0.18669102634034118
FixedParameters: 0 0 0
#Transform 56
Transform: MatrixOffsetTransformBase_double_3_3
Parameters: 0.9999918830198684 0.0005985542201080512 -0.004093544615330842 -0.0006084491237467322 0.9999961204874267 -0.002551530936281751 0.0040924637249333635 0.0025534712259952593 0.9999887319377094 -0.005894565596676671 -0.30917284471313167 -0.16675990975232935
FixedParameters: 0 0 0
#Transform 57
Transform: MatrixOffsetTransformBase_double_3_3
Parameters: 0.9999903848443407 0.00046700868462493626 -0.004404397468662521 -0.00047998951350074887 0.9999950732398512 -0.002948913352089786 0.004402603802232394 0.0029510834924003026 0.9999859064907635 -0.0057321130518630525 -0.22631811624253828 -0.23511726049234483
FixedParameters: 0 0 0
#Transform 58
Transform: MatrixOffsetTransformBase_double_3_3
Parameters: 0.9999900971780009 0.000673151818870993 -0.0044103609516415185 -0.0006818472524893662 0.9999975149245283 -0.0020050128055858945 0.004408642128519285 0.0020079877127974536 0.9999885301198894 0.000850841311290651 -0.2995724897633494 -0.18474194658544718
FixedParameters: 0 0 0
#Transform 59
Transform: MatrixOffsetTransformBase_double_3_3
Parameters: 0.9999922334170432 0.0008061134278617728 -0.0038880641464381486 -0.0008158867173284584 0.9999968728425878 -0.002541849465944973 0.0038859385648142286 0.0025451542164697657 0.999989421708895 0.017276162712832388 -0.22276042652433148 -0.18391828767661877
FixedParameters: 0 0 0
#Transform 60
Transform: MatrixOffsetTransformBase_double_3_3
Parameters: 0.9999901923969572 0.000682132472264026 -0.00428258240212124 -0.0006918683321117072 0.9999972172731258 -0.0023030593314140348 0.004281415998259294 0.0023059428360727484 0.9999883536141749 0.008485564747317653 -0.2891868741107828 -0.1836562920362752
FixedParameters: 0 0 0
#Transform 61
Transform: MatrixOffsetTransformBase_double_3_3
Parameters: 0.9999908685597453 0.0007022119351691009 -0.004079042516544789 -0.0007137869829629101 0.9999951436963903 -0.0028891105153666056 0.004076949545655969 0.0028918849952423694 0.9999870147894738 0.00300790712353205 -0.23113907807588419 -0.23208031204485735
FixedParameters: 0 0 0
#Transform 62
Transform: MatrixOffsetTransformBase_double_3_3
Parameters: 0.9999909300289701 0.0007946853735526626 -0.004293923022398629 -0.0008053133632317829 0.9999965879578642 -0.0024005641992661058 0.004292079001107292 0.0024044330398773454 0.9999877979934754 -0.007554021149687173 -0.2907702673889787 -0.20699328197790123
FixedParameters: 0 0 0
#Transform 63
Transform: MatrixOffsetTransformBase_double_3_3
Parameters: 0.9999900402876265 0.0009642470329563682 -0.004246143275827106 -0.0009787515743220356 0.9999945585095599 -0.0032378748460059887 0.004242847913334394 0.00324212196306337 0.9999854864337095 0.008310581093880387 -0.18988759569228364 -0.24100431934456878
FixedParameters: 0 0 0
#Transform 64
Transform: MatrixOffsetTransformBase_double_3_3
Parameters: 0.9999912129350699 0.0005775916544482696 -0.0040564957241773685 -0.0005884045974317024 0.9999960757182635 -0.002564634721342853 0.004054503755917302 0.0025673634543292405 0.9999889684329039 -0.004940914619822934 -0.3431760101853598 -0.18144636666856684
FixedParameters: 0 0 0
#Transform 65
Transform: MatrixOffsetTransformBase_double_3_3
Parameters: 0.9999911348333557 0.0008846658897110715 -0.004010515314397854 -0.0008963329017107244 0.9999952150328583 -0.0028254278661922934 0.004007480399999223 0.002828567935500792 0.9999879358550976 -0.010526097032638404 -0.279327594771658 -0.2341403749768176
FixedParameters: 0 0 0
#Transform 66
Transform: MatrixOffsetTransformBase_double_3_3
Parameters: 0.9999910366236289 0.0009769890990873637 -0.00400119627949043 -0.0009900100139849197 0.9999944506407665 -0.003251066140659612 0.003997797586344297 0.0032549332065502654 0.999986421821146 -0.0025082759100030216 -0.24333302947994184 -0.20860659862820796
FixedParameters: 0 0 0
#Transform 67
Transform: MatrixOffsetTransformBase_double_3_3
Parameters: 0.9999917989767383 0.0003677330830110792 -0.004131112001486492 -0.0003802642787729186 0.9999950421416764 -0.0029684533735833043 0.004129890805509701 0.00297054300254359 0.9999871208708272 0.009727316449186674 -0.25450652273650576 -0.2157813763880796
FixedParameters: 0 0 0
#Transform 68
Transform: MatrixOffsetTransformBase_double_3_3
Parameters: 0.9999910938113789 0.0009096594582341704 -0.004132184456412477 -0.0009243412225385247 0.9999941076915204 -0.0034692149693293295 0.004129817673945329 0.0034737912830997046 0.9999858832939473 0.028139091166124786 -0.194288246904037 -0.2267097206584623
FixedParameters: 0 0 0
#Transform 69
Transform: MatrixOffsetTransformBase_double_3_3
Parameters: 0.999991731907408 0.0004507186712969697 -0.00400828419294167 -0.00046128103926512735 0.9999958677866122 -0.0028141737806481317 0.004006716897243166 0.0028158286423297933 0.9999880155681228 0.011751965193028013 -0.27079951104838074 -0.1856467612995658
FixedParameters: 0 0 0
#Transform 70
Transform: MatrixOffsetTransformBase_double_3_3
Parameters: 0.9999903765527667 0.000401368171832325 -0.004296488391253864 -0.00041763470401402574 0.9999935898801976 -0.003638241137968387 0.004295508021122374 0.003639759595172046 0.9999843018169521 0.0034581436496523565 -0.2013986641847083 -0.2373413524312582
FixedParameters: 0 0 0
#Transform 71
Transform: MatrixOffsetTransformBase_double_3_3
Parameters: 0.9999915274068379 0.000838399901914589 -0.004095018166271306 -0.0008535990641862205 0.9999935642584825 -0.003564537577967285 0.004091983603821235 0.0035684638311372975 0.9999855231069902 0.015525635217528588 -0.2390280023561786 -0.22077291691957157
FixedParameters: 0 0 0
#Transform 72
Transform: MatrixOffsetTransformBase_double_3_3
Parameters: 0.9999918834065892 0.0009312199821683097 -0.004030916233720004 -0.0009487818415821152 0.9999907690219918 -0.004163211564635188 0.004027085963666836 0.004166786154551301 0.9999834196450524 0.004967037668151875 -0.17412011889500434 -0.3037930931232893
FixedParameters: 0 0 0
#Transform 73
Transform: MatrixOffsetTransformBase_double_3_3
Parameters: 0.9999908618466662 0.0007533106661634835 -0.00430977466243569 -0.0007686904073541113 0.9999931565990376 -0.0036407225646234533 0.004306231490318362 0.003643279398151366 0.9999841766976715 0.029884756587179595 -0.23297582752111623 -0.2529171498291589
FixedParameters: 0 0 0
#Transform 74
Transform: MatrixOffsetTransformBase_double_3_3
Parameters: 0.9999900706811137 0.0014391372187296286 -0.004225816643425048 -0.0014588629186019805 0.9999877725282452 -0.004700881520267274 0.004219184307804194 0.004707118454910731 0.9999800424556871 0.029345159730596038 -0.17379957491760933 -0.3052750794312118
FixedParameters: 0 0 0
#Transform 75
Transform: MatrixOffsetTransformBase_double_3_3
Parameters: 0.9999906335206716 0.0009225620822330898 -0.0043029940561690756 -0.0009404392107913653 0.9999907537527023 -0.004284994524579591 0.00429900729615254 0.004289007366602777 0.9999811226752466 0.037136440978272844 -0.24139462527801925 -0.25401081166424433
FixedParameters: 0 0 0
#Transform 76
Transform: MatrixOffsetTransformBase_double_3_3
Parameters: 0.999989131062746 0.0014385492556962282 -0.004335838269108934 -0.0014584485147594586 0.9999876231739687 -0.004716726971896671 0.004329164283093892 0.004723278356929805 0.9999799505831011 0.017310264459737823 -0.17993385903393744 -0.31855864616974827
FixedParameters: 0 0 0
#Transform 77
Transform: MatrixOffsetTransformBase_double_3_3
Parameters: 0.9999931008361533 0.0008547052480095449 -0.0036288777268369665 -0.0008702941367329954 0.9999890733564831 -0.004490872424249589 0.003625128099144018 0.0044941290539829105 0.9999836620169262 0.030027155698959973 -0.2491182816195021 -0.2535745838997059
FixedParameters: 0 0 0
#Transform 78
Transform: MatrixOffsetTransformBase_double_3_3
Parameters: 0.999990955704 0.000980408797040661 -0.004133180152709197 -0.001002589507919586 0.999985695094926 -0.005224901457994752 0.00412781490167359 0.00522909232646034 0.9999776169638838 -0.00013183322126053554 -0.15461205017152224 -0.3126898972660115
FixedParameters: 0 0 0
#Transform 79
Transform: MatrixOffsetTransformBase_double_3_3
Parameters: 0.9999925574220672 0.0007063380932076669 -0.003865270915740745 -0.000724666969279412 0.9999895892481122 -0.004570235992044117 0.0038627290280666103 0.004572765435710057 0.9999821705632262 0.04610732654484195 -0.19951626336766992 -0.25158755159422697
FixedParameters: 0 0 0
#Transform 80
Transform: MatrixOffsetTransformBase_double_3_3
Parameters: 0.9999885154449946 0.000699928788892288 -0.004689654269266248 -0.0007240751122931128 0.9999861245180344 -0.005133658913486862 0.004686341932091995 0.005136334715204141 0.9999756538659669 0.004908477480057627 -0.12852119074355528 -0.3216783287242322
FixedParameters: 0 0 0
#Transform 81
Transform: MatrixOffsetTransformBase_double_3_3
Parameters: 0.9999893294540915 0.0008520904848286975 -0.004465843732642115 -0.0008719097616833685 0.9999893651500712 -0.0044581512489679665 0.004462154614716682 0.0044618472628895215 0.9999801807072362 0.018829733373621593 -0.19582278305966838 -0.23343616201812267
FixedParameters: 0 0 0
#Transform 82
Transform: MatrixOffsetTransformBase_double_3_3
Parameters: 0.9999901546925962 0.001280518915063317 -0.004147751703418111 -0.0012994843902184039 0.9999894529984054 -0.004456655151382477 0.0041422473619219516 0.004461349360658429 0.9999819359273623 0.012828467614525607 -0.20273657349007124 -0.2771215685033468
FixedParameters: 0 0 0
#Transform 83
Transform: MatrixOffsetTransformBase_double_3_3
Parameters: 0.9999910159929914 0.0014394989469456439 -0.003989091794364226 -0.0014585014723574113 0.9999869586706901 -0.004890226201312798 0.003981911728830792 0.004895776304725135 0.9999801739101859 -0.007157985165932246 -0.12149086689325372 -0.27303521613897885
FixedParameters: 0 0 0
#Transform 84
Transform: MatrixOffsetTransformBase_double_3_3
Parameters: 0.9999930141832193 0.0009994488721510057 -0.0037399228531883335 -0.0010135531852613106 0.9999918313772037 -0.0038912399171128283 0.0037360861788940714 0.0038947645761391865 0.9999858716620864 0.02181822952678658 -0.23281617932242682 -0.22628497520017277
FixedParameters: 0 0 0
#Transform 85
Transform: MatrixOffsetTransformBase_double_3_3
Parameters: 0.999990723476076 0.0014364977348005385 -0.004148860065391372 -0.0014585047032819984 0.9999844303135087 -0.005426000555499464 0.004141142911469196 0.005432000483993918 0.9999763443564946 -0.005216028609055456 -0.11715215750434993 -0.28468771604073595
FixedParameters: 0 0 0
#Transform 86
Transform: MatrixOffsetTransformBase_double_3_3
Parameters: 0.9999940466171872 0.0013732949503836023 -0.0031725306745813905 -0.0013867090110943154 0.9999910274032525 -0.0040066243895933735 0.003167467130690591 0.004010373655512518 0.9999868828523419 0.014883791879512387 -0.206715067173306 -0.22760417985200831
FixedParameters: 0 0 0
#Transform 87
Transform: MatrixOffsetTransformBase_double_3_3
Parameters: 0.9999930993025941 0.001454890008984892 -0.003284179637192567 -0.0014701048066328357 0.999986752761998 -0.004907200818529514 0.003276817769620849 0.004912796358883495 0.9999821299086626 -0.01659364997379953 -0.170414581941273 -0.27545664177156937
FixedParameters: 0 0 0
#Transform 88
Transform: MatrixOffsetTransformBase_double_3_3
Parameters: 0.9999922584425974 0.0011058726255860163 -0.00381060376539296 -0.0011251231611184443 0.9999865248674388 -0.005020751608863002 0.0038043973492213044 0.005025246220987313 0.9999802720112658 0.020373063847628714 -0.1559878980712739 -0.25652156920399705
FixedParameters: 0 0 0
#Transform 89
Transform: MatrixOffsetTransformBase_double_3_3
Parameters: 0.9999924832914675 0.0011634337170117928 -0.0036283303480571507 -0.001182562386680814 0.9999844961396163 -0.005394746343366442 0.0036216688603513685 0.005399250678462796 0.9999787313143325 -0.014712939250145496 -0.15434561273475822 -0.29612158353242535
FixedParameters: 0 0 0
#Transform 90
Transform: MatrixOffsetTransformBase_double_3_3
Parameters: 0.999993166635036 0.0007392329566931162 -0.0036452740673407792 -0.0007597673024624343 0.9999839421458504 -0.005699273208651172 0.0036407289152930243 0.005701734130301346 0.9999772322943511 0.03845755355824565 -0.13666857407642397 -0.286747264294803
FixedParameters: 0 0 0
#Transform 91
Transform: MatrixOffsetTransformBase_double_3_3
Parameters: 0.9999941150663295 0.0008846932976231542 -0.003331916204202894 -0.000903308211027277 0.9999849669122678 -0.005497027449175818 0.0033270847749452665 0.005499980660778293 0.9999796804686093 0.04098945946920196 -0.1472999267720212 -0.30838691753641
FixedParameters: 0 0 0
#Transform 92
Transform: MatrixOffsetTransformBase_double_3_3
Parameters: 0.9999939952646597 0.0007973027553763122 -0.0035167602241467865 -0.0008187005663781835 0.9999826604818267 -0.0058881638924427404 0.0035122426662349635 0.0058908433989492285 0.9999769614923688 0.024703707499199368 -0.07775017065884526 -0.3062267554335989
FixedParameters: 0 0 0
#Transform 93
Transform: MatrixOffsetTransformBase_double_3_3
Parameters: 0.9999909650305194 0.0010408909689851292 -0.004117396324268431 -0.0010621103416229116 0.9999865719976959 -0.0051286765072225795 0.004111606756547452 0.005132329400570309 0.9999787483586677 0.016842237382775238 -0.20319335406763628 -0.2645783537705739
FixedParameters: 0 0 0
#Transform 94
Transform: MatrixOffsetTransformBase_double_3_3
Parameters: 0.9999933654818197 0.0010989381088490362 -0.0035253159594258524 -0.0011190611832531815 0.9999833253256161 -0.005694092281431684 0.0035186820899519495 0.005697904165129384 0.9999771505971057 0.030125478465350852 -0.11852881006127802 -0.30021562661865175
FixedParameters: 0 0 0
#Transform 95
Transform: MatrixOffsetTransformBase_double_3_3
Parameters: 0.9999919964601308 0.0010577327527076697 -0.003858333935070371 -0.0010762650301931289 0.9999868912289972 -0.00499488751784278 0.003852670231922008 0.004999115236953526 0.9999801646878208 0.04419881988312113 -0.15419192426489303 -0.27378145554642686
FixedParameters: 0 0 0
#Transform 96
Transform: MatrixOffsetTransformBase_double_3_3
Parameters: 0.9999922332733366 0.00089791651062352 -0.0038677185892474946 -0.0009180872213549467 0.9999861768179158 -0.005194490660467303 0.0038632825422069343 0.005197510491175662 0.9999790590402462 0.018856563673310234 -0.16371068064341898 -0.29355796696698633
FixedParameters: 0 0 0
#Transform 97
Transform: MatrixOffsetTransformBase_double_3_3
Parameters: 0.9999927619632034 0.0009853878791098408 -0.003777174064976181 -0.001005612907546851 0.9999860102640499 -0.005194243188572226 0.0037718287168962755 0.00519775830025518 0.9999797542892752 0.04585690878944604 -0.1323797196557308 -0.2990990845743511
FixedParameters: 0 0 0
#Transform 98
Transform: MatrixOffsetTransformBase_double_3_3
Parameters: 0.9999921900757089 0.0008284803357655972 -0.0037583522893753084 -0.0008475168342733015 0.9999862938625075 -0.005194851074322938 0.0037536428732079293 0.0051981461886413055 0.9999788884385341 0.017561857015209625 -0.15879083131741822 -0.31094725893481723
FixedParameters: 0 0 0
#Transform 99
Transform: MatrixOffsetTransformBase_double_3_3
Parameters: 0.999991504684526 0.0016132487402829411 -0.0037272508839653407 -0.0016397476555142323 0.9999744811438017 -0.006915944450467469 0.00371574303120766 0.006922050673216437 0.9999692769117203 -0.1101411519475306 0.0023795941961424205 -0.5159567887398282
FixedParameters: 0 0 0
#Transform 100
Transform: MatrixOffsetTransformBase_double_3_3
Parameters: 0.9999898506306941 0.001609642184809361 -0.004190392337585803 -0.0016393516991006565 0.9999741499023534 -0.007011199102834567 0.004178600233836231 0.007018794760096735 0.9999662786151905 -0.12424191537027696 -0.09476596789149028 -0.3384474015585539
FixedParameters: 0 0 0
#Transform 101
Transform: MatrixOffsetTransformBase_double_3_3
Parameters: 0.9999935717338232 0.0010333514026499228 -0.0033701499876215985 -0.0010496545067427304 0.9999874718900402 -0.004942494913461392 0.00336585152306981 0.004945510532848503 0.9999822130943651 -0.06666685618279189 -0.41173965164634296 -0.3077205345293663
FixedParameters: 0 0 0
#Transform 102
Transform: MatrixOffsetTransformBase_double_3_3
Parameters: 0.9999941802872924 0.0010893037465786633 -0.0031035540686759422 -0.0011046985637466083 0.9999861724988461 -0.005060598712160488 0.00309844793294199 0.005063402372916253 0.9999827596283606 -0.03748882149450594 -0.2359594243926182 -0.35386309775876157
FixedParameters: 0 0 0
#Transform 103
Transform: MatrixOffsetTransformBase_double_3_3
Parameters: 0.9999929908086744 0.0010893729928099772 -0.003580791698404582 -0.0011046278765890242 0.9999897257319359 -0.004365074803633004 0.0035762104187712527 0.0043689261003247585 0.9999841233793844 -0.03853542395359 -0.2548499489991656 -0.29569679232696444
FixedParameters: 0 0 0
#Transform 104
Transform: MatrixOffsetTransformBase_double_3_3
Parameters: 0.9999937108458856 0.0010863649000687166 -0.0033331305424362375 -0.0011046346600208847 0.9999834843210698 -0.005594349907063508 0.003326869576222281 0.005597646016070331 0.9999785954330263 -0.04485411903274894 -0.1410416749779415 -0.3407596804665616
FixedParameters: 0 0 0
#Transform 105
Transform: MatrixOffsetTransformBase_double_3_3
Parameters: 0.9999925817907582 0.0010867442945487879 -0.0036385008977544006 -0.0011052523259091256 0.9999865880975279 -0.005019012611553474 0.003632494768531643 0.005022981698057324 0.9999805723403111 -0.0397762530761554 -0.14785918511580576 -0.29496077523947406
FixedParameters: 0 0 0
#Transform 106
Transform: MatrixOffsetTransformBase_double_3_3
Parameters: 0.9999922482220842 0.0010866128059492095 -0.0038172826255427564 -0.001105384938242021 0.9999875661540111 -0.004817817855149311 0.003811717089455945 0.004822179316217342 0.9999812168289122 -0.032179702366903484 -0.10034396465593431 -0.28630121997183267
FixedParameters: 0 0 0
#Transform 107
Transform: MatrixOffsetTransformBase_double_3_3
Parameters: 0.9999933146154506 0.0013193918876032481 -0.003308266972675791 -0.0013356045748809968 0.9999879402493586 -0.00471961309685436 0.0033017299605638023 0.004724387940936161 0.9999837794032873 -0.013970789400616468 -0.12182247923645662 -0.3229336767214477
FixedParameters: 0 0 0
#Transform 108
Transform: MatrixOffsetTransformBase_double_3_3
Parameters: 0.9999917237327359 0.0010876372982768071 -0.003884903905625807 -0.0011053627071234869 0.9999897986973406 -0.004469746007496397 0.0038800967171417453 0.004474260407768257 0.9999829270763605 0.0070080553136477874 -0.10030661648083594 -0.28479385032777316
FixedParameters: 0 0 0
#Transform 109
Transform: MatrixOffsetTransformBase_double_3_3
Parameters: 0.9999923294743203 0.0014745873239629973 -0.0036736316276074123 -0.0014904129172643166 0.9999888076741406 -0.004468560546895793 0.003667373508511044 0.004474443680866549 0.9999835328003737 0.0034556862770926955 -0.13601634971743692 -0.2939853116562148
FixedParameters: 0 0 0
#Transform 110
Transform: MatrixOffsetTransformBase_double_3_3
Parameters: 0.999993372547461 0.0012707425457357383 -0.003465750828329536 -0.001289261921152057 0.999985551481062 -0.005271569644021699 0.0034592505146734008 0.005275433744195083 0.9999802008680526 -0.014814650159834741 -0.1157532859367052 -0.29636401296696135
FixedParameters: 0 0 0
#Transform 111
Transform: MatrixOffsetTransformBase_double_3_3
Parameters: 0.9999927893457103 0.0017063121657293612 -0.003506678567904526 -0.0017226923156496382 0.9999889988399521 -0.00447599460830194 0.003499319930549447 0.0044820065076769606 0.9999836672650719 -0.011576207166157815 -0.2027628594317008 -0.2945120758971598
FixedParameters: 0 0 0
#Transform 112
Transform: MatrixOffsetTransformBase_double_3_3
Parameters: 0.9999932328137441 0.0014916763528332185 -0.0032470145398040533 -0.0015083216968545246 0.9999842180534404 -0.005339136990041275 0.003238989877204265 0.005343866090626781 0.9999809509104177 -0.0035249309805323037 -0.12841701382866688 -0.3431635418588712
FixedParameters: 0 0 0
#Transform 113
Transform: MatrixOffsetTransformBase_double_3_3
Parameters: 0.9999931174621665 0.0014115655335575706 -0.0034481900006592624 -0.0014294345564639134 0.9999863631177999 -0.005059108381578997 0.003440810134980964 0.0050638943029644124 0.9999815162603842 -0.01107835224534881 -0.17901403162184693 -0.3149745335479821
FixedParameters: 0 0 0
#Transform 114
Transform: MatrixOffsetTransformBase_double_3_3
