#Insight Transform File V1.0
#Transform 0
Transform: MatrixOffsetTransformBase_double_3_3
Parameters: 0.9999999058095908 0.0005463791973325039 -0.000892227884900262 -0.0005496195006213949 0.9999911916541246 -0.004062511612939672 0.0008897748199245097 0.0040634881533281085 0.9999916980733261 -0.03691457355527916 -0.214212971671202 -0.1465088136992989
FixedParameters: 0 0 0
#Transform 1
Transform: MatrixOffsetTransformBase_double_3_3
Parameters: 0.9999990783333235 0.00011164193991365796 -0.0013815293050213424 -0.00011736149998113179 0.999989794535098 -0.004603846183962325 0.0013814750889733077 0.004603162551356632 0.9999888990893048 -0.03961261602191257 -0.1524949322685245 -0.19918327768709787
FixedParameters: 0 0 0
#Transform 2
Transform: MatrixOffsetTransformBase_double_3_3
Parameters: 0.9999985662596802 0.0005446008527169676 -0.0014620219030651467 -0.0005493976903004991 0.9999930477071594 -0.003694201744264069 0.0014599795592424658 0.003695800084125299 0.9999922123862318 -0.03747577012045156 -0.25477117554703455 -0.1566875558707892
FixedParameters: 0 0 0
#Transform 3
Transform: MatrixOffsetTransformBase_double_3_3
Parameters: 0.9999983731906074 0.0005422404707086556 -0.0015277756585279786 -0.0005497554221844126 0.9999868597310069 -0.005083165982177357 0.0015242244481933687 0.00508383238286484 0.9999858291554901 -0.035489083713159175 -0.17863952427782692 -0.20976143772350042
FixedParameters: 0 0 0
#Transform 4
Transform: MatrixOffsetTransformBase_double_3_3
Parameters: 0.9999996342503783 0.00013115860026293209 -0.0011615568295806516 -0.00013583906444993745 0.9999916015363413 -0.004168844797254355 0.0011604437062983542 0.0041691547843329705 0.9999902714310039 -0.029259950743735885 -0.21992808285664012 -0.15235670577213511
FixedParameters: 0 0 0
#Transform 5
Transform: MatrixOffsetTransformBase_double_3_3
Parameters: 0.9999964060087796 -0.0006544044450296777 -0.0024830227656583038 0.0006435965603792392 0.9999895105334503 -0.004590616113512695 0.0024859806316573437 0.004589391208098975 0.9999867589505211 0.011918634663643957 -0.14806947232278844 -0.2016822623025405
FixedParameters: 0 0 0
#Transform 6
Transform: MatrixOffsetTransformBase_double_3_3
Parameters: 0.9999988769005037 -0.00014635810367610096 -0.0014494690277067647 0.0001406396624384659 0.9999933189353007 -0.0036962088039658395 0.0014505297799363424 0.0036957926538757724 0.9999922370200666 0.032184634961637926 -0.20886034596078673 -0.15335569913276004
FixedParameters: 0 0 0
#Transform 7
Transform: MatrixOffsetTransformBase_double_3_3
Parameters: 0.9999971074333723 -0.00044541699574847263 -0.0021660843850816445 0.0004365791307692856 0.9999909220219871 -0.004345959211251576 0.002168917131716022 0.004345047469047397 0.9999884184174265 0.020535937748377364 -0.14969921220236415 -0.18668837607796718
FixedParameters: 0 0 0
#Transform 8
Transform: MatrixOffsetTransformBase_double_3_3
Parameters: 0.9999982838077008 -0.00019253614653083357 -0.0019182596072394769 0.00018446433363310488 0.9999925352007883 -0.003928363948964428 0.0019187404716503973 0.0039276406703463536 0.9999908900733826 0.04518592902827834 -0.19637016344579195 -0.1470527740916907
FixedParameters: 0 0 0
#Transform 9
Transform: MatrixOffsetTransformBase_double_3_3
Parameters: 0.9999978679023568 -0.0005574274936937962 -0.002195630297265001 0.00054757272520874 0.9999902819549044 -0.004291213368996977 0.002198371880512738 0.0042907856688023235 0.9999887603732118 0.024159168630575323 -0.14121624359817986 -0.20713138823896315
FixedParameters: 0 0 0
#Transform 10
Transform: MatrixOffsetTransformBase_double_3_3
Parameters: 0.9999982581133661 -0.00014777881260487187 -0.001649492800427715 0.00014222401665731275 0.9999937114174089 -0.0035022406649365696 0.0016495085344275667 0.0035027623059316454 0.9999930115814154 0.03718446573616063 -0.23466158728699327 -0.13173855452825478
FixedParameters: 0 0 0
#Transform 11
Transform: MatrixOffsetTransformBase_double_3_3
Parameters: 0.9999989024858105 -0.0005559320228965176 -0.0016697088560138603 0.0005490676601440132 0.9999914845986749 -0.004148924208485149 0.0016722929718029592 0.004148077743899104 0.9999899975996452 0.04872068574023558 -0.15293284044325617 -0.18351566474061087
FixedParameters: 0 0 0
#Transform 12
Transform: MatrixOffsetTransformBase_double_3_3
Parameters: 0.9999988211267126 -0.0009296807760956896 -0.0015215435949529356 0.0009243206695679116 0.9999922314422931 -0.003730410463353109 0.0015244581186961677 0.003728586807513772 0.9999917712353337 0.041285012450870795 -0.24053403894419034 -0.1457817647194588
FixedParameters: 0 0 0
#Transform 13
Transform: MatrixOffsetTransformBase_double_3_3
Parameters: 0.999997778802506 -0.0003956244850156357 -0.0020161338073204577 0.000386374116204274 0.9999880749991451 -0.004772784843065381 0.00201786553160029 0.0047712075406321575 0.9999861595650477 0.040840398504556674 -0.1600835375769094 -0.20924586710945903
FixedParameters: 0 0 0
#Transform 14
Transform: MatrixOffsetTransformBase_double_3_3
Parameters: 0.9999983201340685 -0.0006019148388987054 -0.0015226751107906861 0.0005960878514185313 0.9999925750776092 -0.0038819151550860105 0.0015243251752098362 0.0038810899918764017 0.9999916128183649 0.036526391974561534 -0.2431341117265191 -0.1347260072927412
FixedParameters: 0 0 0
#Transform 15
Transform: MatrixOffsetTransformBase_double_3_3
Parameters: 0.9999975811455512 -0.0008830584087801085 -0.00190728985127246 0.0008749383206947767 0.999990410418242 -0.0042216779775535816 0.0019117104032301204 0.004220321060873535 0.999989536851448 0.04510157410983595 -0.164449946464444 -0.1943717455822025
FixedParameters: 0 0 0
#Transform 16
Transform: MatrixOffsetTransformBase_double_3_3
Parameters: 0.999999459257099 -0.0007920143435901326 -0.0009555094143330636 0.000788984272003413 0.9999944494374357 -0.003150754116431084 0.0009584903649426943 0.003150241095670366 0.9999941584775713 0.044013050036269874 -0.21227849685074318 -0.12189733074227149
FixedParameters: 0 0 0
#Transform 17
Transform: MatrixOffsetTransformBase_double_3_3
Parameters: 0.9999982750446311 -0.0007661350762038619 -0.0017719324961176133 0.0007588676725758654 0.9999912299570223 -0.004024351951755441 0.00177406836930218 0.004022648110608207 0.9999906678219738 0.035766105255291336 -0.13489767445381062 -0.17854456679135922
FixedParameters: 0 0 0
#Transform 18
Transform: MatrixOffsetTransformBase_double_3_3
Parameters: 0.9999983204085353 -0.0006000179478954163 -0.0015230328407684303 0.0005949823694792886 0.9999948023908471 -0.0032929132879771406 0.0015249673936966505 0.0032920921015831264 0.9999938368143839 0.05011366524678351 -0.22928062611423172 -0.13525367583226
FixedParameters: 0 0 0
#Transform 19
Transform: MatrixOffsetTransformBase_double_3_3
Parameters: 0.9999986031771485 -0.0005052445889258117 -0.0017729523365062195 0.0004977603359795535 0.9999920734290882 -0.004083891999327324 0.0017740481185232328 0.0040831131656044765 0.9999901796153304 0.042283847794962526 -0.15432635566193653 -0.16878386767908182
FixedParameters: 0 0 0
#Transform 20
Transform: MatrixOffsetTransformBase_double_3_3
Parameters: 0.9999975835439383 -0.0007420979551530457 -0.0019663349674514724 0.0007349043542244334 0.9999934441117057 -0.0036074522457582446 0.001968662533457692 0.003606546234145077 0.9999911184266989 0.05683749952585515 -0.17911717353015888 -0.14256865629677407
FixedParameters: 0 0 0
#Transform 21
Transform: MatrixOffsetTransformBase_double_3_3
Parameters: 0.9999983066453525 -0.0003647145126383226 -0.001886714607141828 0.00035828489588360417 0.999993213465131 -0.003557680763625008 0.0018882866885928426 0.0035573160957523536 0.9999917814756311 0.04395239814137142 -0.16205960984987655 -0.19547628345522128
FixedParameters: 0 0 0
#Transform 22
Transform: MatrixOffsetTransformBase_double_3_3
Parameters: 0.9999987137823726 -0.0003765220169711291 -0.0017736281875768431 0.00036948129253181746 0.9999933515162766 -0.003675660801402971 0.0017743701277285154 0.0036753373893368578 0.999991343558866 0.04067188795855259 -0.1435406581732792 -0.15376779041191924
FixedParameters: 0 0 0
#Transform 23
Transform: MatrixOffsetTransformBase_double_3_3
Parameters: 0.999999010571242 -0.0003196495145686256 -0.0013736969236533792 0.0003133483361755568 0.9999909994443706 -0.004111430855555749 0.0013752991932276435 0.004110560795329948 0.9999902103600729 0.026127515570024684 -0.17682379168003592 -0.17185263191878164
FixedParameters: 0 0 0
#Transform 24
Transform: MatrixOffsetTransformBase_double_3_3
Parameters: 0.9999975553619438 -0.0008534765491147178 -0.0019277062606089886 0.00084552286177608 0.9999922626543802 -0.0038756376109076564 0.0019312899149593065 0.0038743593764960734 0.9999902613233016 0.05666250457134936 -0.13518875428992772 -0.16483642302215173
FixedParameters: 0 0 0
#Transform 25
Transform: MatrixOffsetTransformBase_double_3_3
Parameters: 0.9999980896007546 -0.0004561800212803233 -0.0019243125440845958 0.0004488213809530593 0.9999928860088162 -0.003729871470749828 0.001925687759332641 0.0037291293366159706 0.9999913851245454 0.044491055047032546 -0.18494715523391392 -0.16846733991465612
FixedParameters: 0 0 0
#Transform 26
Transform: MatrixOffsetTransformBase_double_3_3
Parameters: 0.9999974328399314 -0.0003830214838277618 -0.00232837420058402 0.00037298031861874735 0.9999903455024897 -0.004302879145043834 0.002329626913485339 0.00430211840810376 0.9999880641126693 0.032580423466313846 -0.13213312124813115 -0.18833948932868338
FixedParameters: 0 0 0
#Transform 27
Transform: MatrixOffsetTransformBase_double_3_3
Parameters: 0.9999982149457969 -0.00031476707699793394 -0.0019199030057226577 0.00030723326650586053 0.9999934881827429 -0.0035235954427363034 0.0019210946314841483 0.003523400886775244 0.9999918965710615 0.042314884126568586 -0.1945798657428668 -0.1715568698047889
FixedParameters: 0 0 0
#Transform 28
Transform: MatrixOffsetTransformBase_double_3_3
Parameters: 0.9999970807127011 -0.0003980287517252436 -0.002400359624120193 0.00038797307131520424 0.9999914022850814 -0.004176946130613366 0.002401642376937889 0.004176058931047817 0.9999887918984174 0.016313361481564925 -0.1252398287991383 -0.21081757277603685
FixedParameters: 0 0 0
#Transform 29
Transform: MatrixOffsetTransformBase_double_3_3
Parameters: 0.9999982969533832 -0.00029233933078157614 -0.0019018863232803732 0.0002856614679997381 0.9999930360971916 -0.0038575514719637193 0.0019031159707926148 0.0038574518209222065 0.9999905000931353 0.03231394314060765 -0.20552638373899867 -0.17126313090433598
FixedParameters: 0 0 0
#Transform 30
Transform: MatrixOffsetTransformBase_double_3_3
Parameters: 0.9999987151991505 -0.0006468314747930981 -0.001693029129082289 0.0006391691110591239 0.9999892281537657 -0.004622089719187538 0.0016959724161324707 0.004620910577766813 0.9999877702562453 0.004805408259812793 -0.13128558924307754 -0.22208466685675887
FixedParameters: 0 0 0
#Transform 31
Transform: MatrixOffsetTransformBase_double_3_3
Parameters: 0.9999995791002781 0.00011218261079436253 -0.0011864657525871394 -0.00011681940919918896 0.9999914950975725 -0.004060863461543086 0.0011865357755932529 0.0040611351725668085 0.9999911004185381 0.017749391160577943 -0.1630544593180474 -0.162828667504769
FixedParameters: 0 0 0
#Transform 32
Transform: MatrixOffsetTransformBase_double_3_3
Parameters: 0.9999989989259718 0.0002453357062453393 -0.001393370982832146 -0.00025266168716239204 0.9999846547530499 -0.005502651892467785 0.0013916304743270133 0.005503345361270615 0.9999837776812995 -0.03328419109411129 -0.1341209312250129 -0.25171827288916404
FixedParameters: 0 0 0
#Transform 33
Transform: MatrixOffsetTransformBase_double_3_3
Parameters: 0.9999983799553341 -0.0001798974808287915 -0.0016082420753710926 0.0001730986336757765 0.9999905818201875 -0.004288281013356682 0.0016097557378467128 0.004287713036928679 0.9999890240797562 0.03162614468698166 -0.1353229100891582 -0.1908491686671283
FixedParameters: 0 0 0
#Transform 34
Transform: MatrixOffsetTransformBase_double_3_3
Parameters: 0.9999993256721619 0.0004306677375667468 -0.001220253581115488 -0.0004373320158502378 0.9999868286158798 -0.0051944716268669654 0.0012177447232558367 0.005194529725886873 0.9999855310024351 -0.024311428824574932 -0.12556554560761413 -0.197344444773492
FixedParameters: 0 0 0
#Transform 35
Transform: MatrixOffsetTransformBase_double_3_3
Parameters: 0.9999993121363494 -0.00019167824208756744 -0.0012850213372384218 0.00018432181070470482 0.9999869764353537 -0.005195242113819822 0.0012859746715472215 0.005194758762663256 0.9999853592598299 0.016316737633900402 -0.06413146615835785 -0.2319143373671011
FixedParameters: 0 0 0
#Transform 36
Transform: MatrixOffsetTransformBase_double_3_3
Parameters: 0.9999989982920023 -0.000054490440687628975 -0.0009997652791409448 0.0000495128885382885 0.9999898281025694 -0.004491053232482736 0.0009992323532320216 0.004490949282500501 0.999989831802569 0.03731967816598569 -0.16051435309194062 -0.17124369589127753
FixedParameters: 0 0 0
#Transform 37
Transform: MatrixOffsetTransformBase_double_3_3
Parameters: 0.999999221040629 0.0003649723251990178 -0.001282730859768774 -0.0003710296088495865 0.9999887509365044 -0.004702528237064288 0.0012812697946118516 0.004702471796058227 0.9999882428274499 0.017831453269891995 -0.08801450655221288 -0.23975689680646894
FixedParameters: 0 0 0
#Transform 38
Transform: MatrixOffsetTransformBase_double_3_3
Parameters: 0.999999501786197 0.0000031161698124095062 -0.001224022839909416 -0.00000788373758529599 0.9999920797948803 -0.003989994658638695 0.001223978949883889 0.003990008122646526 0.9999915816415907 0.03206767410826217 -0.14485216005968482 -0.15047297786421154
FixedParameters: 0 0 0
#Transform 39
Transform: MatrixOffsetTransformBase_double_3_3
Parameters: 0.999999934369193 0.000022230843907388725 -0.00103211401425286 -0.000026768645542069173 0.9999896456362193 -0.004620975357971707 0.0010318875851213936 0.0046210259260010675 0.9999885812056012 0.019982061009301333 -0.09878398232176266 -0.22982928922724
FixedParameters: 0 0 0
#Transform 40
Transform: MatrixOffsetTransformBase_double_3_3
Parameters: 0.9999996087045206 -0.0005748451902506292 -0.001029863207511073 0.0005711549333596055 0.9999927624545779 -0.0037295885502041993 0.0010321372298276964 0.003729407019258752 0.9999920278197987 0.059979676772044854 -0.1119548908089456 -0.15198970565937486
FixedParameters: 0 0 0
#Transform 41
Transform: MatrixOffsetTransformBase_double_3_3
Parameters: 0.9999994467735175 -0.000505351345762868 -0.000545831598529494 0.0005026471305841974 0.9999902559101064 -0.004300272253491299 0.0005481660140939795 0.004299720876066555 0.9999902107171534 0.033808207547693314 -0.10155752023240439 -0.1892321510907351
FixedParameters: 0 0 0
#Transform 42
Transform: MatrixOffsetTransformBase_double_3_3
Parameters: 0.9999992241416883 -0.000517896708998579 -0.0007129042365543199 0.0005151059166775634 0.9999912657876247 -0.004058369382621049 0.000714096174264328 0.004057632332800368 0.9999920234774402 0.044653122849808824 -0.11629398071931973 -0.15976748787001327
FixedParameters: 0 0 0
#Transform 43
Transform: MatrixOffsetTransformBase_double_3_3
Parameters: 0.9999996360241995 -0.000059743366674961485 -0.0011667672193596817 0.00005425968506228487 0.9999914724572875 -0.004065065242178522 0.0011662306372997307 0.004064932259163663 0.9999911149792476 0.026206866679430618 -0.12068256048763715 -0.20020116151270884
FixedParameters: 0 0 0
#Transform 44
Transform: MatrixOffsetTransformBase_double_3_3
Parameters: 0.9999982820928438 -0.0006169898666939263 -0.0015285956119165446 0.0006110083819877324 0.9999922917891382 -0.003915940519651976 0.0015314038647786053 0.003915061672695145 0.9999913278761855 0.05449987793338096 -0.09531322907477602 -0.17408503222078764
FixedParameters: 0 0 0
#Transform 45
Transform: MatrixOffsetTransformBase_double_3_3
Parameters: 0.9999983533029767 -0.0006618023052254498 -0.0017915022914001375 0.0006551989585225351 0.999992168082255 -0.003795179869254488 0.0017934996723102748 0.003793819134315708 0.99999138863429 0.033411580215513936 -0.10675643156849901 -0.2073995750422739
FixedParameters: 0 0 0
#Transform 46
Transform: MatrixOffsetTransformBase_double_3_3
Parameters: 0.9999992558791259 -0.0006271809125503639 -0.000592700070656777 0.0006248210481051655 0.999993117142569 -0.0036733722013936885 0.0005942986872809436 0.003672629136568382 0.9999931567775597 0.0467452103995214 -0.08761483984231688 -0.1658697536666267
FixedParameters: 0 0 0
#Transform 47
Transform: MatrixOffsetTransformBase_double_3_3
Parameters: 0.9999996132330594 -0.0004386902151450762 -0.00044032185039752906 0.0004373065466270411 0.9999921238900807 -0.0038321899335699333 0.0004426786868732621 0.0038318031789841625 0.9999921208110841 0.0447439380008916 -0.13520660881326307 -0.16506237840772542
FixedParameters: 0 0 0
#Transform 48
Transform: MatrixOffsetTransformBase_double_3_3
Parameters: 0.9999988012130723 -0.00041245958881479006 -0.0017404820229544415 0.00040654305257358984 0.9999930718628387 -0.0037097121792342863 0.0017415201209967617 0.003709286291216924 0.9999912084587629 0.036820611702083283 -0.09232405231354335 -0.17175485172396066
FixedParameters: 0 0 0
#Transform 49
Transform: MatrixOffsetTransformBase_double_3_3
Parameters: 0.9999987514270527 -0.00045843723762963566 -0.0017433196759535235 0.00045156298075048557 0.9999931694403388 -0.0036917923001441016 0.001744678500127304 0.003690205253941134 0.9999913349191043 0.04090413489385014 -0.12817421133532036 -0.1704590601618321
FixedParameters: 0 0 0
#Transform 50
Transform: MatrixOffsetTransformBase_double_3_3
Parameters: 0.9999982093492691 -0.0004541365345500878 -0.00189353891325385 0.00044786526733768886 0.999994302204383 -0.003239852928492101 0.0018944609549910254 0.0032391445326940263 0.9999929183577773 0.030756453154893393 -0.10188110314066989 -0.19242712678067164
FixedParameters: 0 0 0
#Transform 51
Transform: MatrixOffsetTransformBase_double_3_3
Parameters: 0.9999999630610313 -0.0005191056062762591 -0.0008761679477913958 0.0005158946699137367 0.9999931934701586 -0.003541453643773522 0.0008778328954978966 0.0035405459453883513 0.9999936921453703 0.040372306907372035 -0.14495278649279442 -0.16971276563532456
FixedParameters: 0 0 0
#Transform 52
Transform: MatrixOffsetTransformBase_double_3_3
Parameters: 0.9999984735689736 -0.00046415483952573717 -0.0015204352990679183 0.00045884546658835616 0.9999943016530226 -0.003389702779021695 0.0015215633580546143 0.003388298891038252 0.9999932011880357 0.04824688800853494 -0.09918882089034753 -0.16984570453057302
FixedParameters: 0 0 0
#Transform 53
Transform: MatrixOffsetTransformBase_double_3_3
Parameters: 0.9999986090210358 -0.0005071981758459182 -0.0017702370106640756 0.0005018028878902691 0.9999934989271835 -0.0034998944466191296 0.001771768022219027 0.003499107498333882 0.9999926169908638 0.03693128097015119 -0.12430309264905759 -0.17862874444223564
FixedParameters: 0 0 0
#Transform 54
Transform: MatrixOffsetTransformBase_double_3_3
Parameters: 0.9999995250133955 -0.000380328419312006 -0.0011535828288091016 0.00037667453060853526 0.9999927979272594 -0.00374943805401658 0.0011544212171999645 0.003749564470075516 0.9999926094671714 0.04057040350504337 -0.10127819365861512 -0.16807973660793607
FixedParameters: 0 0 0
#Transform 55
Transform: MatrixOffsetTransformBase_double_3_3
Parameters: 0.9999985765097986 -0.000339367447978453 -0.0018188245131434619 0.00033263271675624574 0.99999364055617 -0.003499611136739629 0.0018201761865894635 0.0034993884276661434 0.9999924428587748 0.0488863288798882 -0.11829503502561067 -0.2021233490801393
FixedParameters: 0 0 0
#Transform 56
Transform: MatrixOffsetTransformBase_double_3_3
Parameters: 0.9999979581882854 -0.0007076743515151226 -0.0018813890488769177 0.0006983212415922705 0.9999861116924496 -0.0051383220661355075 0.001885612416035895 0.0051366738488539876 0.9999850583029088 0.03167558975890472 -0.009355357670543185 -0.28847668375497904
FixedParameters: 0 0 0
#Transform 57
Transform: MatrixOffsetTransformBase_double_3_3
Parameters: 0.9999981185694712 -0.001082307513688348 -0.0013076237901317924 0.001076689918397603 0.9999914118395119 -0.004053414298675328 0.001312373174686706 0.004051585998231621 0.9999908610576793 0.06677693633196213 -0.15981682729018587 -0.16538251765996392
FixedParameters: 0 0 0
#Transform 58
Transform: MatrixOffsetTransformBase_double_3_3
Parameters: 0.9999979403279036 -0.0006484309200581465 -0.0019074867615562125 0.0006375675490184664 0.9999847419256405 -0.005463227926858779 0.001911512234941471 0.005462772290815173 0.9999835091575224 0.04937016586950449 -0.09503676850702902 -0.3319116074634394
FixedParameters: 0 0 0
#Transform 59
Transform: MatrixOffsetTransformBase_double_3_3
Parameters: 0.9999980925603215 -0.0009096244871971773 -0.0014422187847976176 0.0009023762257416199 0.9999853216660903 -0.0052783074554424375 0.0014467825953066028 0.005277689999914751 0.9999850559112936 0.09008384257097646 -0.09522886657408947 -0.24618072678306646
FixedParameters: 0 0 0
#Transform 60
Transform: MatrixOffsetTransformBase_double_3_3
Parameters: 0.9999984342818107 -0.0013046089433031336 -0.0009291732536824279 0.0012993913759773094 0.9999811663109708 -0.00601221254024026 0.0009368273492924651 0.006010782984246944 0.9999809910340942 0.08940558666644449 -0.016621452848553986 -0.35827391140171017
FixedParameters: 0 0 0
#Transform 61
Transform: MatrixOffsetTransformBase_double_3_3
Parameters: 0.9999987486287378 -0.0013784068134595543 -0.0011624455463980323 0.0013715903745753332 0.999983930564294 -0.0054946044049984 0.0011705527910177952 0.005492396505740269 0.9999844604705957 0.11810077448457434 -0.036826774426160114 -0.2739996371530964
FixedParameters: 0 0 0
#Transform 62
Transform: MatrixOffsetTransformBase_double_3_3
Parameters: 0.9999980872388836 -0.001353726397525792 -0.001039584026487516 0.0013472697278333052 0.9999840412695528 -0.005490410840507064 0.0010474112801147255 0.005488592328593676 0.9999847762335177 0.098616088804377 0.004732388511754948 -0.3363728803988266
FixedParameters: 0 0 0
#Transform 63
Transform: MatrixOffsetTransformBase_double_3_3
Parameters: 0.9999976089895122 -0.0017365527809279663 -0.0011733589751634552 0.0017294486052519288 0.9999830605702715 -0.0055630407461832315 0.0011826370401283564 0.005560957764864629 0.9999836761930702 0.13368707727133256 0.00206440145998954 -0.27055838249511055
FixedParameters: 0 0 0
#Transform 64
Transform: MatrixOffsetTransformBase_double_3_3
Parameters: 0.9999979408206144 -0.0017426579950692088 -0.0010106057189767821 0.001736339646913053 0.9999770580000982 -0.006551768407924763 0.0010223969082681973 0.006550231961886791 0.9999780506081228 0.1285942279888559 0.04931232413808573 -0.33423618906398644
FixedParameters: 0 0 0
#Transform 65
Transform: MatrixOffsetTransformBase_double_3_3
Parameters: 0.9999989449880432 -0.0014303875467037354 0.00009029247121428171 0.001431610526936897 0.9999731978711345 -0.007193879697514922 -0.00007970297119539094 0.007194122967561301 0.9999742384333327 0.13044982049335374 0.05811899689538791 -0.40609848205738786
FixedParameters: 0 0 0
#Transform 66
Transform: MatrixOffsetTransformBase_double_3_3
Parameters: 0.9999975039561515 -0.0020578468380064528 -0.0005107437643683302 0.0020541516583831706 0.9999707081263803 -0.007421070928056037 0.0005262573191833921 0.0074199388235587065 0.9999726664772406 0.13377876756243268 0.11087580916854733 -0.4339224133506576
FixedParameters: 0 0 0
#Transform 67
Transform: MatrixOffsetTransformBase_double_3_3
Parameters: 0.9999971134771903 -0.0021675807577853433 -0.0004353322627954779 0.0021644173782021246 0.9999801148305508 -0.00584795280559736 0.00044766386747605095 0.005847040213583055 0.9999826115068542 0.1479661577334639 -0.03271687833442627 -0.32568503531602744
FixedParameters: 0 0 0
#Transform 68
Transform: MatrixOffsetTransformBase_double_3_3
Parameters: 0.9999979831667392 -0.0022159703671971818 -0.00032587998964842934 0.0022140311954617076 0.9999800055066499 -0.005923738756488767 0.00033912136749888707 0.0059232657650654585 0.9999828012251518 0.14647085837920315 0.037246343216224886 -0.34687823332370726
FixedParameters: 0 0 0
#Transform 69
Transform: MatrixOffsetTransformBase_double_3_3
Parameters: 0.9999970866350868 -0.0021847454218692536 0.00037632648548889763 0.0021862568957467096 0.9999790558145488 -0.006096194519744022 -0.00036367838951435657 0.006096811812693974 0.9999816953753347 0.15692280728895014 0.0009182963891163354 -0.33979691504710274
FixedParameters: 0 0 0
#Transform 70
Transform: MatrixOffsetTransformBase_double_3_3
Parameters: 0.9999974553520967 -0.002121889118111474 0.00020484929341806575 0.002123111168459974 0.9999823247677818 -0.005582580880017094 -0.00019314923908149306 0.005583425641257999 0.9999847902134851 0.17314844381489536 0.03066701055787746 -0.3203249194813509
FixedParameters: 0 0 0
#Transform 71
Transform: MatrixOffsetTransformBase_double_3_3
Parameters: 0.999997278615916 -0.002353817037622562 0.0004272066118345944 0.002355186772814054 0.9999835874029978 -0.00518300489365004 -0.0004157973075691152 0.005183989759068706 0.9999859534586011 0.16810067360886194 0.030968553069229188 -0.32950551604436384
FixedParameters: 0 0 0
#Transform 72
Transform: MatrixOffsetTransformBase_double_3_3
Parameters: 0.9999968996752402 -0.002440925901634307 0.0003766984960662177 0.002443076971565468 0.9999815697736042 -0.005609099515081483 -0.0003633014252668591 0.005609906612430861 0.9999843962958275 0.17509929246990907 0.05313225846548164 -0.3178951254039646
FixedParameters: 0 0 0
#Transform 73
Transform: MatrixOffsetTransformBase_double_3_3
Parameters: 0.9999972050508141 -0.002189193785194125 -0.000024368247088221802 0.002189801464847202 0.9999784301025328 -0.006227067210981144 0.00003863655794247479 0.006226929266059896 0.9999802230675092 0.13231640994035843 0.09039251098450052 -0.4447749074715688
FixedParameters: 0 0 0
#Transform 74
Transform: MatrixOffsetTransformBase_double_3_3
Parameters: 0.9999978351662376 -0.0022253531214394494 0.0004619406333222133 0.002227647455580118 0.9999802687991606 -0.005810983895279386 -0.00044906177453259274 0.0058120122593424365 0.9999830186673292 0.1648579387780842 0.07767166146835791 -0.37066645272400933
FixedParameters: 0 0 0
#Transform 75
Transform: MatrixOffsetTransformBase_double_3_3
Parameters: 0.9999964214002945 -0.002695780853275933 0.0005597428417106411 0.002698223882160675 0.9999796668502272 -0.005835512685328531 -0.0005442631121046632 0.005836490213682543 0.9999826360323023 0.19599084783104104 0.0042203295537603935 -0.32842146520910376
FixedParameters: 0 0 0
#Transform 76
Transform: MatrixOffsetTransformBase_double_3_3
Parameters: 0.9999957770116348 -0.002793226818139038 0.0006494437139894328 0.002796768905188348 0.9999785778659624 -0.005882203594907452 -0.00063255741805634 0.005883786823588565 0.999981979083129 0.19417729341230938 0.041282737910776746 -0.35305172473381674
FixedParameters: 0 0 0
#Transform 77
Transform: MatrixOffsetTransformBase_double_3_3
Parameters: 0.9999955650285036 -0.0029243440528449803 0.0009406035222299326 0.002928655474710831 0.9999835352055072 -0.0049882707367606815 -0.0009253967991218497 0.004991731633061179 0.9999872291839628 0.20391334568003572 0.025937167098845748 -0.323087809748543
FixedParameters: 0 0 0
#Transform 78
Transform: MatrixOffsetTransformBase_double_3_3
Parameters: 0.9999954937098293 -0.0029359545167757023 0.0009418758535217604 0.0029410420093071293 0.9999811724535183 -0.005401255869876242 -0.0009251221274785843 0.0054047420979256595 0.9999849358846511 0.20462289255360133 0.09467337147029298 -0.347602787392006
FixedParameters: 0 0 0
#Transform 79
Transform: MatrixOffsetTransformBase_double_3_3
Parameters: 0.9999956500374243 -0.0027504670939825946 0.0008852092657185488 0.0027555307650267468 0.9999827796103122 -0.005160583271997512 -0.000870789802592819 0.005162417580013506 0.9999865877923454 0.2119523217903776 0.05794060454894634 -0.31704383759202415
FixedParameters: 0 0 0
#Transform 80
Transform: MatrixOffsetTransformBase_double_3_3
Parameters: 0.9999960598294225 -0.002707511868524437 0.0007797598421662022 0.0027124918576878535 0.9999798296016309 -0.0058149091784694485 -0.0007642367785397299 0.005817093458979736 0.999982577794273 0.20425296982556063 0.07854189502045017 -0.34233598431379164
FixedParameters: 0 0 0
#Transform 81
Transform: MatrixOffsetTransformBase_double_3_3
Parameters: 0.999995945595386 -0.002700325545059668 0.0008735805776162427 0.0027046751693606866 0.9999815901296929 -0.00539365824924308 -0.0008594203298917842 0.0053963417268118475 0.9999851428751217 0.22475932887445538 0.07308273676845545 -0.31728496801704864
FixedParameters: 0 0 0
#Transform 82
Transform: MatrixOffsetTransformBase_double_3_3
Parameters: 0.9999962380099705 -0.002766179129742671 0.0003325030291615754 0.00276782111148668 0.99997994972451 -0.00560209989261237 -0.0003174957255012684 0.0056038984583319665 0.9999845004628004 0.22148178267610774 0.12293037156416631 -0.33045395367378205
FixedParameters: 0 0 0
#Transform 83
Transform: MatrixOffsetTransformBase_double_3_3
Parameters: 0.999995568168977 -0.0027063599442371205 0.0010526147072391103 0.0027116399534242944 0.9999815603524391 -0.00539316671489083 -0.0010383870348186378 0.005395831289471329 0.9999848060207102 0.21665332331841114 0.0834744666172611 -0.3843956396739827
FixedParameters: 0 0 0
#Transform 84
Transform: MatrixOffsetTransformBase_double_3_3
Parameters: 0.999993424242315 -0.003222378975491499 0.0014809001832419432 0.0032306178001881144 0.9999772788906272 -0.00585524908555874 -0.0014621013119063813 0.005859744786573482 0.999981523970864 0.25616160167325575 0.09882682972926204 -0.38275391803999526
FixedParameters: 0 0 0
#Transform 85
Transform: MatrixOffsetTransformBase_double_3_3
Parameters: 0.9999924329800594 -0.003655573232603887 0.001485413629232122 0.003664424000181362 0.9999726884158477 -0.006393608504671846 -0.0014615905909112286 0.006399394682664365 0.9999789129640668 0.265839929079263 0.17193481009338996 -0.47992155014806315
FixedParameters: 0 0 0
#Transform 86
Transform: MatrixOffsetTransformBase_double_3_3
Parameters: 0.9999909054143246 -0.0041032586542643894 0.0011219550497447326 0.004109742603141552 0.9999732120606597 -0.00607444418292058 -0.0010970480632165917 0.00607855663884267 0.999980844628515 0.29187665931260653 0.10088303466581294 -0.3867196561737103
FixedParameters: 0 0 0
#Transform 87
Transform: MatrixOffsetTransformBase_double_3_3
Parameters: 0.9999863521058747 -0.004645270221131612 0.002250462574511505 0.004658728858955259 0.9999729933680499 -0.0056835931995261515 -0.002224531329851289 0.005694411191384399 0.9999816283159367 0.32595299754768803 -0.01786772835188799 -0.3610516794708616
FixedParameters: 0 0 0
#Transform 88
Transform: MatrixOffsetTransformBase_double_3_3
Parameters: 0.9999872365408216 -0.004659147088070747 0.0017484781085365783 0.0046688465621458385 0.9999730180137114 -0.0056729090739192104 -0.0017215223103278887 0.005681093379982571 0.999982760936787 0.3188054218990999 0.056042669168419934 -0.3756436361766191
FixedParameters: 0 0 0
#Transform 89
Transform: MatrixOffsetTransformBase_double_3_3
Parameters: 0.9999884497334103 -0.004300268661803737 0.0020132492663135436 0.004312736703585994 0.999974066780508 -0.005859385431624493 -0.001988741886775923 0.005868620276203897 0.9999806089489184 0.32266344682452086 0.047034520258122825 -0.39204260650897993
FixedParameters: 0 0 0
#Transform 90
Transform: MatrixOffsetTransformBase_double_3_3
Parameters: 0.999987204259855 -0.004471661476960535 0.002407933419963895 0.004485335730113758 0.9999739452923723 -0.005562266362864061 -0.00238306464569046 0.00557272315356946 0.9999812640335668 0.3418548788250604 0.0869012094629511 -0.3672514205338331
FixedParameters: 0 0 0
#Transform 91
Transform: MatrixOffsetTransformBase_double_3_3
Parameters: 0.9999891525551826 -0.004085264984024194 0.002039739520815684 0.004098725148306263 0.9999683064727819 -0.006774707755500375 -0.002011263399490379 0.006782284720467061 0.9999749484744932 0.2807356737351654 0.14036291042611992 -0.476417607369072
FixedParameters: 0 0 0
#Transform 92
Transform: MatrixOffsetTransformBase_double_3_3
Parameters: 0.9999860886874276 -0.004806081839197934 0.002193750453371165 0.004819919192915467 0.9999680145945719 -0.0063835168209903 -0.002163248869176635 0.006394487421937653 0.9999774340211025 0.33560255689626217 0.10976266684704683 -0.39269295296017503
FixedParameters: 0 0 0
#Transform 93
Transform: MatrixOffsetTransformBase_double_3_3
Parameters: 0.9999881024402845 -0.004217229958804509 0.0022615524572677406 0.00423376490997839 0.9999633876424663 -0.0074625090119856165 -0.0022294476292881032 0.007471486100107945 0.9999692004636606 0.269967215544213 0.14569590559619883 -0.49693466264689334
FixedParameters: 0 0 0
#Transform 94
Transform: MatrixOffsetTransformBase_double_3_3
Parameters: 0.9999819354004212 -0.005381127657466256 0.002666326515754292 0.005397871271669015 0.9999653877862912 -0.006361724796733481 -0.002631673742916995 0.006376278914125127 0.9999764177143772 0.34081190724168664 0.08048506761662111 -0.39942253668371563
FixedParameters: 0 0 0
#Transform 95
Transform: MatrixOffsetTransformBase_double_3_3
Parameters: 0.9999858049591923 -0.004868373413519522 0.0021205661793014838 0.0048816250749966214 0.9999673140843172 -0.006469739284488251 -0.0020884387079936188 0.006479258529394286 0.9999766511192444 0.3116388885420349 0.07414158043695807 -0.4415775632291741
FixedParameters: 0 0 0
#Transform 96
Transform: MatrixOffsetTransformBase_double_3_3
Parameters: 0.9999848468005769 -0.004535050104530227 0.0030964211567648006 0.004554943925462202 0.9999684421374575 -0.006465993607865136 -0.0030665805493668304 0.006480004942112921 0.9999746037051267 0.3628455423555579 0.0770352308649791 -0.41088919882230357
FixedParameters: 0 0 0
#Transform 97
Transform: MatrixOffsetTransformBase_double_3_3
Parameters: 0.9999817385108059 -0.005218834628325268 0.003166154232644476 0.0052401639421052965 0.999963465550714 -0.0067135351488377395 -0.003130847387144757 0.006730465991188525 0.9999729005219247 0.35463817870734715 0.13387748989050863 -0.44981115404540617
FixedParameters: 0 0 0
#Transform 98
Transform: MatrixOffsetTransformBase_double_3_3
Parameters: 0.9999801468867231 -0.0052200490467303766 0.003550439490242557 0.005249949089174656 0.999950528884302 -0.008479529413187506 -0.003505557186573503 0.00849846859473575 0.9999574877448709 0.3163099319604328 0.1607068442960582 -0.5065373906159039
FixedParameters: 0 0 0
#Transform 99
Transform: MatrixOffsetTransformBase_double_3_3
Parameters: 0.9999581410241613 -0.008000222700908555 0.004455887826425627 0.008029781366961093 0.9999455507749906 -0.006705500436210808 -0.00440210662996898 0.0067414995838390186 0.9999671764275659 0.42105652672364613 0.17741487700288872 -0.4869066587861539
FixedParameters: 0 0 0
#Transform 100
Transform: MatrixOffsetTransformBase_double_3_3
Parameters: 0.999975300008653 -0.005996738606513576 0.003568774761510363 0.006029263318734676 0.9999408568558291 -0.00909871052132815 -0.0035142202613662617 0.00912030199111341 0.9999524715944791 0.30144346093334207 0.19028628887814136 -0.6052532380857514
FixedParameters: 0 0 0
#Transform 101
Transform: MatrixOffsetTransformBase_double_3_3
Parameters: 0.9999478062259868 -0.009232522024164294 0.004466442430341997 0.009271489172289716 0.9999197988701467 -0.008674043975710526 -0.004385552126474761 0.008714946381239489 0.9999518119458222 0.4311663020526737 0.1287451702760194 -0.5150283335538148
FixedParameters: 0 0 0
#Transform 102
Transform: MatrixOffsetTransformBase_double_3_3
Parameters: 0.9999362748910837 -0.0102422147333554 0.004671447427798679 0.010282761302310936 0.9999079941798714 -0.008789512301144393 -0.00458054131469336 0.008837465689679368 0.9999499174018902 0.5073111355675621 0.017622815570163652 -0.5549577885810635
FixedParameters: 0 0 0
#Transform 103
Transform: MatrixOffsetTransformBase_double_3_3
Parameters: 0.999932992248353 -0.010106471925394753 0.005644427777779333 0.01015751897869283 0.999907900199512 -0.008995265344576597 -0.005552555710637178 0.009052719350025338 0.9999432182628051 0.5098530479326087 0.12822948460831185 -0.558012857721323
FixedParameters: 0 0 0
#Transform 104
Transform: MatrixOffsetTransformBase_double_3_3
Parameters: 0.9999296953324315 -0.010271896356588525 0.0059824066469784274 0.010328117203009945 0.9999024827459669 -0.009425878288525164 -0.005884601778150483 0.00948611552304828 0.9999373704575367 0.4889905420685352 0.11963604456109067 -0.5372359458525438
FixedParameters: 0 0 0
#Transform 105
Transform: MatrixOffsetTransformBase_double_3_3
Parameters: 0.9999282306578761 -0.010369857265337372 0.006019065441031264 0.010429140262322601 0.999896629845351 -0.009878935492178711 -0.00591593491131733 0.00994106102821118 0.9999331727639584 0.4920108414920037 0.14970023692039547 -0.5972082341908589
FixedParameters: 0 0 0
#Transform 106
Transform: MatrixOffsetTransformBase_double_3_3
Parameters: 0.9999041092534643 -0.01152786322232893 0.007615026879555684 0.011614130190591668 0.9998679254778707 -0.011365647185117258 -0.007482978602337676 0.011452360173350332 0.9999068322322834 0.5604735461683674 0.15400788095200824 -0.6271079177691234
FixedParameters: 0 0 0
#Transform 107
Transform: MatrixOffsetTransformBase_double_3_3
Parameters: 0.9998834070830632 -0.012463819863844587 0.00878857722097737 0.012580178164490427 0.9998309793254092 -0.013406003924311235 -0.008620437432808718 0.013515022059465434 0.9998720197967492 0.5466502105310269 0.17926906069226334 -0.7003630998421784
FixedParameters: 0 0 0
#Transform 108
Transform: MatrixOffsetTransformBase_double_3_3
Parameters: 0.999869386746764 -0.013458820599552302 0.008970717421509638 0.013583177821906932 0.9998092439695421 -0.014042989996673822 -0.008779300155687076 0.014163015492995791 0.9998613076779731 0.6209901813278407 0.14813453176314795 -0.7184666785089888
FixedParameters: 0 0 0
#Transform 109
Transform: MatrixOffsetTransformBase_double_3_3
Parameters: 0.9998648479340686 -0.013763783415305321 0.009038912944502795 0.013899227028462025 0.9997881803622435 -0.015184423858899952 -0.008828095780990686 0.015308582495960985 0.9998436974063926 0.5938733570687305 0.15660078287710633 -0.779117995268308
FixedParameters: 0 0 0
#Transform 110
Transform: MatrixOffsetTransformBase_double_3_3
Parameters: 0.9998482214804006 -0.014418091400532356 0.009740817169389099 0.014556884333627855 0.9997913391642795 -0.014342373308305201 -0.009531161959515807 0.014482611779641393 0.9998493891887873 0.6271908822746894 0.1679096597208911 -0.7579917053663081
FixedParameters: 0 0 0
#Transform 111
Transform: MatrixOffsetTransformBase_double_3_3
Parameters: 0.9998204627914401 -0.015726296504928534 0.010544158409185472 0.015897685217728073 0.9997403493718173 -0.016305297562928894 -0.01028483903677584 0.016469697239633742 0.9998119289715456 0.586957921775408 0.15878279620493174 -0.8768382095158387
FixedParameters: 0 0 0
#Transform 112
Transform: MatrixOffsetTransformBase_double_3_3
Parameters: 0.9998148725467464 -0.015927472918831648 0.010788804896065709 0.016086514554020218 0.9997610496186771 -0.014769167717252351 -0.010551182974015182 0.014939807394974478 0.999832445764403 0.6935914391344227 0.13167372233016295 -0.7566386588476064
FixedParameters: 0 0 0
#Transform 113
Transform: MatrixOffsetTransformBase_double_3_3
Parameters: 0.9998357841776757 -0.015305774420959815 0.009743800595361856 0.015432220422363559 0.999794686978618 -0.013118795215654452 -0.009540223135422254 0.013267208464590157 0.9998669428467064 0.6950489115758103 0.12961605531165787 -0.7676836833986016
FixedParameters: 0 0 0
#Transform 114
Transform: MatrixOffsetTransformBase_double_3_3
Parameters: 0.9998383582946053 -0.015329856486010632 0.00941345155716527 0.015438160883834253 0.9998147762460473 -0.011526546469687298 -0.009234563260801998 0.011669460360214743 0.9998895239430402 0.7229703541888597 0.007201012602422452 -0.5996188175126917
FixedParameters: 0 0 0
#Transform 115
Transform: MatrixOffsetTransformBase_double_3_3
