#Insight Transform File V1.0
#Transform 0
Transform: MatrixOffsetTransformBase_double_3_3
Parameters: 0.9999940981858434 -0.00016567548853340156 -0.003445862533383163 0.00013932177285986246 0.9999724732869822 -0.007450528486107593 0.0034471348121398347 0.007449477290482408 0.9999666179854997 -0.0032042777821885693 -0.20717656479442326 -0.2173452749569691
FixedParameters: 0 0 0
#Transform 1
Transform: MatrixOffsetTransformBase_double_3_3
Parameters: 0.9999931825811555 0.00017449283122870834 -0.003713125471913787 -0.0001975074310694494 0.9999812110630005 -0.00606230449270316 0.0037118701936315287 0.006062685560485274 0.9999744628368591 -0.003268028899952924 -0.3272700465493159 -0.1894499197976529
FixedParameters: 0 0 0
#Transform 2
Transform: MatrixOffsetTransformBase_double_3_3
Parameters: 0.9999938892298469 -0.00011142165859405369 -0.003619331189107654 0.00008658303932171942 0.9999774742777192 -0.0067463571164362145 0.003619667031233025 0.00674664043654198 0.9999703831100719 0.004580036332455961 -0.18908345272522809 -0.2146644411863008
FixedParameters: 0 0 0
#Transform 3
Transform: MatrixOffsetTransformBase_double_3_3
Parameters: 0.9999927769355225 -0.00037335991275414074 -0.0038835590744947133 0.00034663575115950935 0.9999768266728273 -0.006786400173909532 0.003886444695610502 0.0067846029385917675 0.9999698628107215 0.008882824370843423 -0.13009948680945627 -0.22589843805762655
FixedParameters: 0 0 0
#Transform 4
Transform: MatrixOffsetTransformBase_double_3_3
Parameters: 0.99999276411027 -0.00023337260239885153 -0.0038966177242975887 0.00020963213179393095 0.9999808441244348 -0.006253866218747729 0.0038973880778039524 0.006253139814270255 0.9999727063610858 0.01718116290993521 -0.23032412661736146 -0.20161516081803654
FixedParameters: 0 0 0
#Transform 5
Transform: MatrixOffsetTransformBase_double_3_3
Parameters: 0.9999931834984851 -0.000027884931490798746 -0.0037168955895383908 -8.821619206194277e-7 0.9999717263524159 -0.00750104717702481 0.003717098143520164 0.007501946810943857 0.9999649102150294 -0.029145201362311468 -0.13385348979987555 -0.28768338765115686
FixedParameters: 0 0 0
#Transform 6
Transform: MatrixOffsetTransformBase_double_3_3
Parameters: 0.9999921444269372 -0.0006007635554043227 -0.0038074756870596933 0.0005772378467811002 0.9999819400597394 -0.005977241376325435 0.0038105155073312434 0.005974754317739582 0.9999747783378117 -0.010080830137326302 -0.2919846302205684 -0.22445530162954697
FixedParameters: 0 0 0
#Transform 7
Transform: MatrixOffsetTransformBase_double_3_3
Parameters: 0.9999918437534926 -0.0007093145913690986 -0.004080683424574879 0.0006776847335774144 0.9999707120095848 -0.007669835922563941 0.004086319836418327 0.007667172000802168 0.9999625176650894 -0.014327461183881951 -0.1301763993410816 -0.35296217263029916
FixedParameters: 0 0 0
#Transform 8
Transform: MatrixOffsetTransformBase_double_3_3
Parameters: 0.9999922021604744 -0.0006513924926070785 -0.003920867286419015 0.0006256045978236259 0.9999786919763968 -0.006474505353172939 0.003925133417706644 0.006471495615264522 0.9999717095112891 -0.0002391723491967923 -0.24234071638785792 -0.2549471736190583
FixedParameters: 0 0 0
#Transform 9
Transform: MatrixOffsetTransformBase_double_3_3
Parameters: 0.9999911570384957 -0.0006189125401221299 -0.004057131845725798 0.0005930905166031903 0.9999798830639032 -0.006384465303795566 0.004060868772248084 0.006382545719013598 0.9999717745866 -0.009831989450361789 -0.3026872326157104 -0.2537605804671159
FixedParameters: 0 0 0
#Transform 10
Transform: MatrixOffsetTransformBase_double_3_3
Parameters: 0.9999929121600314 -0.0008716009392504949 -0.00365067815267978 0.0008483956126303217 0.9999799871286987 -0.006188138846360784 0.0036563190586427555 0.006184854751546725 0.9999743785047241 -0.011008209479257403 -0.19159370442756085 -0.22691961506285452
FixedParameters: 0 0 0
#Transform 11
Transform: MatrixOffsetTransformBase_double_3_3
Parameters: 0.9999917787118692 -0.0007456334850388038 -0.003957801864767669 0.0007233661645589641 0.9999837931529799 -0.0057169105766739494 0.003962198037257256 0.005714093266360196 0.9999756508580733 -0.014293837125805453 -0.20689096154498543 -0.2218641002190651
FixedParameters: 0 0 0
#Transform 12
Transform: MatrixOffsetTransformBase_double_3_3
Parameters: 0.9999932594812164 -0.0008120939582893197 -0.003616547223057928 0.0007919045086305069 0.9999845261824711 -0.005553903776947741 0.0036214535291621357 0.005551098838744764 0.999978072084703 -0.008851990871647786 -0.12293794655363399 -0.24861632989924942
FixedParameters: 0 0 0
#Transform 13
Transform: MatrixOffsetTransformBase_double_3_3
Parameters: 0.9999904681476189 -0.0003722912660186261 -0.00428847615838146 0.00034170258717726405 0.9999750069267647 -0.007062529895727918 0.004291518133172311 0.007060466797547975 0.9999657299744521 -0.024734196640267214 -0.09536533266904712 -0.27111025144178313
FixedParameters: 0 0 0
#Transform 14
Transform: MatrixOffsetTransformBase_double_3_3
Parameters: 0.9999919921266314 -0.000610298151906826 -0.003825124187756046 0.0005926963587175743 0.9999887704362309 -0.004783306035931472 0.003828876977222805 0.004780702121607607 0.9999814861703249 -0.025660461855551375 -0.15323280376829018 -0.16690368703493164
FixedParameters: 0 0 0
#Transform 15
Transform: MatrixOffsetTransformBase_double_3_3
Parameters: 0.9999926927272461 -0.0004937482405755716 -0.0037502159925830547 0.00048025320906136884 0.9999933305034122 -0.0036658287946080247 0.003751785730991825 0.00366417529217744 0.9999864975726328 -0.020105517868742595 -0.24430597529202203 -0.1574018674796065
FixedParameters: 0 0 0
#Transform 16
Transform: MatrixOffsetTransformBase_double_3_3
Parameters: 0.9999928615405344 -0.000816042743325048 -0.0038045508620781093 0.0007949613677521293 0.9999847975279874 -0.005529071167626281 0.003808455781185462 0.005525938815529391 0.9999779567470402 -0.027015865330213273 -0.12639192403807442 -0.21572848741051587
FixedParameters: 0 0 0
#Transform 17
Transform: MatrixOffsetTransformBase_double_3_3
Parameters: 0.9999948769299754 -0.0007863862720609153 -0.0032410223048778023 0.0007746133849394241 0.9999927983063055 -0.0038215350225078164 0.0032439853656836574 0.003818473444575423 0.9999878936040058 -0.0012385686456468648 -0.1617585740785188 -0.15666955363448665
FixedParameters: 0 0 0
#Transform 18
Transform: MatrixOffsetTransformBase_double_3_3
Parameters: 0.9999938727629987 -0.0006685148257865901 -0.003417192457300851 0.0006544804529743797 0.9999905337635194 -0.00424726184790303 0.0034208099477369275 0.0042447384842963926 0.999985281694338 0.016596617397013347 -0.12552553897432972 -0.1764223368365947
FixedParameters: 0 0 0
#Transform 19
Transform: MatrixOffsetTransformBase_double_3_3
Parameters: 0.9999947003824242 -0.0005839301100623765 -0.0033107464028506355 0.0005710737401604561 0.99999242517038 -0.0039049131666123106 0.0033122555605434385 0.0039030883517746006 0.9999867925717941 0.034145686697755195 -0.16022475111330436 -0.14875697386857212
FixedParameters: 0 0 0
#Transform 20
Transform: MatrixOffsetTransformBase_double_3_3
Parameters: 0.9999924675363705 -0.0007140559996979655 -0.0037443457726447295 0.0006999420793613757 0.9999924187974003 -0.0037536467969355725 0.003747651840615398 0.003751349919345442 0.9999858860374102 0.04429900634390549 -0.117816588399549 -0.17114261860372437
FixedParameters: 0 0 0
#Transform 21
Transform: MatrixOffsetTransformBase_double_3_3
Parameters: 0.9999936486821162 -0.001014588993267121 -0.003510389058752838 0.001002414790484611 0.9999931377697058 -0.003585544517143572 0.0035136180433474697 0.0035824607566656338 0.9999878206134333 0.049688884242925724 -0.15022161753866214 -0.1588349018071824
FixedParameters: 0 0 0
#Transform 22
Transform: MatrixOffsetTransformBase_double_3_3
Parameters: 0.9999939855074483 -0.000678323402462327 -0.003543287852093394 0.0006646765451607574 0.9999912192924009 -0.004042378062263311 0.0035457149532577754 0.004039617763213645 0.9999851066305052 0.03819057259671865 -0.07425380017313898 -0.19132234584105845
FixedParameters: 0 0 0
#Transform 23
Transform: MatrixOffsetTransformBase_double_3_3
Parameters: 0.999992866249831 -0.0006935076627616763 -0.0038278715487644974 0.0006754903884132806 0.9999896280777131 -0.004573622718830176 0.0038311306699026254 0.004570380088707927 0.9999824314147836 0.0359781440543685 -0.14262505612418863 -0.17705334820033158
FixedParameters: 0 0 0
#Transform 24
Transform: MatrixOffsetTransformBase_double_3_3
Parameters: 0.999993650114213 -0.000908347259120264 -0.003394718225767162 0.0008956511663168077 0.9999929694545989 -0.003637061518399378 0.003398276704750104 0.003633934198172041 0.9999872467858426 0.04149212071560271 -0.10009301583872343 -0.15740325702078906
FixedParameters: 0 0 0
#Transform 25
Transform: MatrixOffsetTransformBase_double_3_3
Parameters: 0.9999948396187075 -0.0002402161389624735 -0.003332142394008583 0.0002277854319448585 0.9999935092721705 -0.003665779409680093 0.0033328578612973787 0.0036652197874542038 0.9999874584037282 0.05617612882277001 -0.157348611684057 -0.15353141069164167
FixedParameters: 0 0 0
#Transform 26
Transform: MatrixOffsetTransformBase_double_3_3
Parameters: 0.9999940631615868 -0.0004825664211077553 -0.0032714583477959423 0.0004714292371902637 0.9999943427474842 -0.003230560256787775 0.0032735393000331366 0.0032284382825656177 0.999989860967127 0.03993189455066215 -0.09820546624214899 -0.1443949301750962
FixedParameters: 0 0 0
#Transform 27
Transform: MatrixOffsetTransformBase_double_3_3
Parameters: 0.9999937712237669 -0.000685673898452382 -0.003429294908157248 0.0006713291980747235 0.9999916553160061 -0.003986326565158673 0.0034317032748848687 0.003984671339345874 0.9999863472726066 0.041194777514462544 -0.09813072039642634 -0.1634878722142048
FixedParameters: 0 0 0
#Transform 28
Transform: MatrixOffsetTransformBase_double_3_3
Parameters: 0.9999947190018198 -0.0008256019417449043 -0.003098458544598447 0.0008164004335997907 0.9999947313958215 -0.0030985463316093717 0.0031005446698580625 0.003096456922349348 0.999990798488332 0.05439881194426732 -0.12679560414530044 -0.13244442897651254
FixedParameters: 0 0 0
#Transform 29
Transform: MatrixOffsetTransformBase_double_3_3
Parameters: 0.9999933777445518 -0.00031902317061573073 -0.0035388488760064057 0.00030597950171664203 0.999993363531554 -0.003680106593254377 0.003539148583958133 0.0036788946994495736 0.9999869365905892 0.057019890077199875 -0.11850103205308926 -0.17374070754227944
FixedParameters: 0 0 0
#Transform 30
Transform: MatrixOffsetTransformBase_double_3_3
Parameters: 0.9999951507699967 -0.0007982118250374052 -0.003035332033203806 0.0007877882246953704 0.99999406132217 -0.0033644069788615486 0.003037665778832604 0.0033615910653094446 0.9999894697969003 0.05071656684950199 -0.10002417709112876 -0.1335562322778685
FixedParameters: 0 0 0
#Transform 31
Transform: MatrixOffsetTransformBase_double_3_3
Parameters: 0.9999948715977657 -0.0007381624686976486 -0.0032534914116156923 0.0007178426233681612 0.999980122512785 -0.006193364310487038 0.0032575078147042266 0.006191624235315165 0.9999750540951972 0.044528052898570536 -0.05364809081102351 -0.20026681458271867
FixedParameters: 0 0 0
#Transform 32
Transform: MatrixOffsetTransformBase_double_3_3
Parameters: 0.9999945664180626 -0.0008157571652247293 -0.003125727015236208 0.0008072424306022088 0.9999954958268031 -0.0028025376654769616 0.0031272730588045227 0.002799463333335375 0.9999913793149526 0.07788873430126841 -0.16945664908148217 -0.12401532150454386
FixedParameters: 0 0 0
#Transform 33
Transform: MatrixOffsetTransformBase_double_3_3
Parameters: 0.9999929405485489 -0.0004813043809497344 -0.003850399264585612 0.00045968921354191456 0.9999841807955469 -0.005532810941171594 0.003853604447684072 0.005530186179272051 0.9999775640862792 0.05208118943934892 -0.09227501104061275 -0.20708877796973013
FixedParameters: 0 0 0
#Transform 34
Transform: MatrixOffsetTransformBase_double_3_3
Parameters: 0.9999941920743087 -0.0011811373340846493 -0.003068113904851512 0.0011708598854278233 0.9999937104566529 -0.003304609165877104 0.0030718814211596443 0.0033003884938927483 0.9999896684945407 0.07673544599741433 -0.12073271361803961 -0.14743674848186572
FixedParameters: 0 0 0
#Transform 35
Transform: MatrixOffsetTransformBase_double_3_3
Parameters: 0.9999926499644038 -0.0007850471592056517 -0.0037058073734272737 0.0007649521408727161 0.9999851688207473 -0.005407871375217657 0.003710187535884174 0.0054051239158128175 0.9999780200478979 0.0633483194344393 -0.08713705422181306 -0.24579769078363256
FixedParameters: 0 0 0
#Transform 36
Transform: MatrixOffsetTransformBase_double_3_3
Parameters: 0.9999929596090923 -0.000980580620926677 -0.003616811956743363 0.0009654214475276253 0.9999905157680606 -0.004307523891309491 0.003620190535169542 0.004303482227603409 0.999984368852466 0.05159466752054698 -0.12697898573540556 -0.1809144481489824
FixedParameters: 0 0 0
#Transform 37
Transform: MatrixOffsetTransformBase_double_3_3
Parameters: 0.9999921190124322 -0.0007994055444368594 -0.0037737698386116156 0.0007835934370305613 0.9999917229002466 -0.004081991181980682 0.003777229321232018 0.004079014520586431 0.9999850948661422 0.024575187602422943 -0.18910415568323913 -0.16200970572509732
FixedParameters: 0 0 0
#Transform 38
Transform: MatrixOffsetTransformBase_double_3_3
Parameters: 0.9999934689625684 -0.0009307832350958681 -0.0035584244232667733 0.0009172140765780082 0.9999921575959385 -0.003873290992510948 0.0035625790022623988 0.0038697111447913903 0.9999863341201412 0.027437864941205703 -0.12206161694906825 -0.15732715906631256
FixedParameters: 0 0 0
#Transform 39
Transform: MatrixOffsetTransformBase_double_3_3
Parameters: 0.9999913836290728 -0.0005407818317924219 -0.004040529461681605 0.0005222197707125388 0.9999891226845501 -0.004648149113358565 0.004042469274271937 0.0046458529548434905 0.9999810713042506 0.044094389107726784 -0.1324274332354065 -0.19232949338646677
FixedParameters: 0 0 0
#Transform 40
Transform: MatrixOffsetTransformBase_double_3_3
Parameters: 0.9999939290013073 -0.0008258238818870583 -0.0035197873559820654 0.0008111763912799652 0.9999919203982645 -0.003926881046403919 0.0035232134447613847 0.003924116308968067 0.9999861892932879 0.01927202358868385 -0.10758185818492905 -0.16423598712947296
FixedParameters: 0 0 0
#Transform 41
Transform: MatrixOffsetTransformBase_double_3_3
Parameters: 0.9999916007266058 -0.0009528247930475494 -0.004060860815730823 0.0009351756927859208 0.9999898629079891 -0.004388836037091375 0.0040651435492502705 0.004385165019788953 0.9999822459232869 0.04170855226625747 -0.13196986324749105 -0.1941101305520192
FixedParameters: 0 0 0
#Transform 42
Transform: MatrixOffsetTransformBase_double_3_3
Parameters: 0.999992743544584 -0.0012240573438047548 -0.003709066357048156 0.0012099456877374133 0.9999910635690997 -0.004058518387769205 0.003713939964452855 0.004054484515606539 0.9999847693182855 0.06048791418648136 -0.09626959899811993 -0.17987532028992348
FixedParameters: 0 0 0
#Transform 43
Transform: MatrixOffsetTransformBase_double_3_3
Parameters: 0.9999908510614927 -0.0010421915590533956 -0.004130450874395176 0.0010238043047383911 0.9999895551291753 -0.004404266750169967 0.0041355454797117296 0.004399727902560683 0.9999815403843968 0.04399146438355217 -0.11557286881453877 -0.19328341938791027
FixedParameters: 0 0 0
#Transform 44
Transform: MatrixOffsetTransformBase_double_3_3
Parameters: 0.9999900421220737 -0.0012263660136130844 -0.004295397404194903 0.00120363098231175 0.9999849787135567 -0.005438226927282914 0.004302605828778131 0.005432780232575422 0.9999759733180804 0.05154783938284879 -0.06460165383469985 -0.20099461277763453
FixedParameters: 0 0 0
#Transform 45
Transform: MatrixOffsetTransformBase_double_3_3
Parameters: 0.9999932695699288 -0.0004939960515369982 -0.0036727529707316323 0.0004770085397537487 0.9999893642274386 -0.004626782471237509 0.0036742448665369504 0.0046252154634419925 0.9999821052243858 0.05579074020403141 -0.11997127437663835 -0.17784474998831
FixedParameters: 0 0 0
#Transform 46
Transform: MatrixOffsetTransformBase_double_3_3
Parameters: 0.9999941068789094 -0.0006102587499624371 -0.0033944690318707914 0.0005957431210653838 0.9999910046504354 -0.004200048977639452 0.00339653306785151 0.004197953970644016 0.9999858387539808 0.05496039383524476 -0.11279503717594253 -0.16531821834112748
FixedParameters: 0 0 0
#Transform 47
Transform: MatrixOffsetTransformBase_double_3_3
Parameters: 0.9999918518465849 -0.0010380600910473471 -0.0038821694629698495 0.0010159414775159853 0.9999837051616013 -0.00567999381081329 0.00388783222443412 0.00567601392037854 0.9999766664932953 0.04227254489407528 -0.12883886276813428 -0.22847340486346468
FixedParameters: 0 0 0
#Transform 48
Transform: MatrixOffsetTransformBase_double_3_3
Parameters: 0.9999937860695945 -0.000778763715838955 -0.003407107411541566 0.0007652338950732166 0.999992378902931 -0.003746629620379838 0.003409889723876463 0.003743366867159789 0.9999873569461314 0.057241718484448256 -0.13091167316162 -0.1662955313218788
FixedParameters: 0 0 0
#Transform 49
Transform: MatrixOffsetTransformBase_double_3_3
Parameters: 0.9999936842886711 -0.0007958784433350493 -0.0035614006958690457 0.00077512083394528 0.999982054690531 -0.005860799616461776 0.0035656052923658944 0.005857201290180759 0.9999769730137219 0.04038223766333715 -0.11829086043027814 -0.22346158952684902
FixedParameters: 0 0 0
#Transform 50
Transform: MatrixOffsetTransformBase_double_3_3
Parameters: 0.9999931162923448 -0.0004721836363537224 -0.0035584023824257343 0.00045981858378155524 0.9999940658437744 -0.003423657731368435 0.0035595926417107317 0.003422340720159579 0.9999876164516487 0.048040729410885774 -0.1236422747588648 -0.17357812531872696
FixedParameters: 0 0 0
#Transform 51
Transform: MatrixOffsetTransformBase_double_3_3
Parameters: 0.9999943192361429 -0.000638248625524954 -0.003357214755640773 0.0006177460108935698 0.9999812684033775 -0.006029108047602914 0.0033617859975585865 0.006026888473642818 0.9999763764134656 0.05296993195236155 -0.08698434781834408 -0.22148969111725592
FixedParameters: 0 0 0
#Transform 52
Transform: MatrixOffsetTransformBase_double_3_3
Parameters: 0.9999948960015532 -0.0007388198509456307 -0.003091198271957606 0.0007271768095898263 0.9999928549299649 -0.003823268462957823 0.003094801352996101 0.0038207341022273595 0.9999878255135153 0.058521232319321825 -0.09526673057159485 -0.1768335536543475
FixedParameters: 0 0 0
#Transform 53
Transform: MatrixOffsetTransformBase_double_3_3
Parameters: 0.999993518424439 -0.00043043293983306913 -0.0035062590554042895 0.0004155659951348773 0.999991887710485 -0.004115486163844326 0.00350874036985603 0.00411451879927835 0.9999857639949021 0.05765542874183893 -0.103310193276414 -0.18330335310272972
FixedParameters: 0 0 0
#Transform 54
Transform: MatrixOffsetTransformBase_double_3_3
Parameters: 0.9999938526199165 -0.0009754140735598928 -0.003492363378046647 0.0009555884718736329 0.9999829559368447 -0.005842377502872415 0.0034976415269565545 0.00583862857109531 0.9999766729611904 0.06118256685036272 -0.05388409280014628 -0.23911305566558383
FixedParameters: 0 0 0
#Transform 55
Transform: MatrixOffsetTransformBase_double_3_3
Parameters: 0.999993774874692 -0.001001175744945991 -0.0034962542366867777 0.0009878251280924326 0.9999928243411329 -0.0037684793618243924 0.0034997458587407394 0.0037645217904963336 0.9999865772904581 0.07213311394214372 -0.1455501391242251 -0.18967601872465423
FixedParameters: 0 0 0
#Transform 56
Transform: MatrixOffsetTransformBase_double_3_3
Parameters: 0.99999393991818 -0.0009083852152569926 -0.0034975177925834094 0.0008876120355135009 0.9999808671161605 -0.00611114521993641 0.0035034905862474726 0.0061078582439199865 0.999975419859819 0.07247711163415715 -0.07451665124035856 -0.251624165503074
FixedParameters: 0 0 0
#Transform 57
Transform: MatrixOffsetTransformBase_double_3_3
Parameters: 0.9999929134857248 -0.0005941486341761549 -0.003705758332633708 0.0005798492075580792 0.9999920858462678 -0.003818173334877671 0.00370823951700579 0.0038158212904208593 0.999985688473465 0.08444356392902819 -0.0896502113859583 -0.1721473643370075
FixedParameters: 0 0 0
#Transform 58
Transform: MatrixOffsetTransformBase_double_3_3
Parameters: 0.9999924108810829 -0.0004735574615498776 -0.0037901318090796444 0.0004504436359646499 0.9999801846614181 -0.006213753211164644 0.0037928727015561305 0.006212249815451795 0.9999740224365951 0.06809909433803796 -0.06621459801438334 -0.22432526298017308
FixedParameters: 0 0 0
#Transform 59
Transform: MatrixOffsetTransformBase_double_3_3
Parameters: 0.999993301557178 -0.00048722688419636315 -0.0035300632120953794 0.00047277390165788644 0.9999915366508219 -0.004029692162740445 0.0035319310803556448 0.004028302378034892 0.9999852990116317 0.05665615069663943 -0.11381052308807682 -0.1763272626278649
FixedParameters: 0 0 0
#Transform 60
Transform: MatrixOffsetTransformBase_double_3_3
Parameters: 0.9999919034118531 -0.0005059530326209626 -0.003980027924524235 0.00048204700453729907 0.9999815632398447 -0.006016965537210706 0.003982971809672528 0.00601503176377017 0.999973954730046 0.06378094579655169 -0.10323215105061934 -0.23263519775207442
FixedParameters: 0 0 0
#Transform 61
Transform: MatrixOffsetTransformBase_double_3_3
Parameters: 0.999994028652403 -0.0006103389309379864 -0.0034054624253623826 0.0005956585883453987 0.9999909205744308 -0.004210054949070522 0.0034085385123247035 0.004207946080410785 0.9999856764487902 0.07074215127086347 -0.09330674742322742 -0.172492586714867
FixedParameters: 0 0 0
#Transform 62
Transform: MatrixOffsetTransformBase_double_3_3
Parameters: 0.999992204392014 -0.0006299764141731444 -0.003924225402703774 0.000606027548219399 0.9999813282389433 -0.006107425278165387 0.003927773148400646 0.006105572670323678 0.9999732964916294 0.06209840644494591 -0.04918943203720971 -0.22727390640716294
FixedParameters: 0 0 0
#Transform 63
Transform: MatrixOffsetTransformBase_double_3_3
Parameters: 0.9999943662223867 -0.0006901558881874357 -0.00318717975572722 0.0006768441966318645 0.9999915088204087 -0.0041271818874178655 0.0031898200386307864 0.004124823177610659 0.9999868093938005 0.052624576459493255 -0.1030220164657436 -0.17303273640824557
FixedParameters: 0 0 0
#Transform 64
Transform: MatrixOffsetTransformBase_double_3_3
Parameters: 0.9999932495918037 -0.000311781157168251 -0.0035572369897901323 0.00029121969289727103 0.9999827972708163 -0.005841070331566214 0.0035587588544779116 0.005839924831553916 0.99997622866948 0.05162030510506099 -0.11646607100739459 -0.2106828672603882
FixedParameters: 0 0 0
#Transform 65
Transform: MatrixOffsetTransformBase_double_3_3
Parameters: 0.9999931125419619 -0.0002974207284659069 -0.0037144214991552634 0.00027657579853582355 0.9999847057947968 -0.005497064634137513 0.0037165765149412685 0.005495931920249992 0.9999779830754643 0.07099248004456626 -0.09377237848035236 -0.21429812515286528
FixedParameters: 0 0 0
#Transform 66
Transform: MatrixOffsetTransformBase_double_3_3
Parameters: 0.999993657581018 -0.0007116013501105742 -0.0035823930850617147 0.0006883933869645645 0.999978160322246 -0.00658550989075733 0.0035876107986683114 0.006582490827827724 0.9999717979132872 0.06104942509917066 -0.06603622687607924 -0.2477371587670234
FixedParameters: 0 0 0
#Transform 67
Transform: MatrixOffsetTransformBase_double_3_3
Parameters: 0.9999894105030592 -0.0009008764242562035 -0.004447425542402844 0.0008781261267042968 0.9999867785781112 -0.005142959760703498 0.004451571497321183 0.005139044002780623 0.9999767715223083 0.05847489170831466 -0.08194272984485451 -0.21786955689870524
FixedParameters: 0 0 0
#Transform 68
Transform: MatrixOffsetTransformBase_double_3_3
Parameters: 0.9999916418636511 -0.0007978441561471929 -0.003965041575550454 0.000783154679502218 0.9999923686943862 -0.0037441351710815296 0.003967958510487091 0.003740864089273997 0.9999852603469777 0.0523621828255898 -0.11643540528523033 -0.19636987986160648
FixedParameters: 0 0 0
#Transform 69
Transform: MatrixOffsetTransformBase_double_3_3
Parameters: 0.9999934392502121 -0.00024347869274747862 -0.00367482173690834 0.00022552620281676545 0.9999876690032704 -0.005027862575789935 0.003675179669966772 0.005027138974671808 0.999980218236054 0.051184425902718544 -0.047298635461686445 -0.23297008412883713
FixedParameters: 0 0 0
#Transform 70
Transform: MatrixOffsetTransformBase_double_3_3
Parameters: 0.9999938120711356 -0.00026027886683191817 -0.0034818210949788078 0.00024372537647859854 0.9999890853593203 -0.004674877353370746 0.003482177072964901 0.004674122403400239 0.9999830244405572 0.04892172280830209 -0.08570843294536701 -0.1899819347970606
FixedParameters: 0 0 0
#Transform 71
Transform: MatrixOffsetTransformBase_double_3_3
Parameters: 0.9999908981876234 -0.0007274033869317536 -0.004191837021644119 0.0006975946471130289 0.9999729506781724 -0.007249985527792121 0.00419716630721484 0.007247008262707927 0.9999648641943757 0.03672193631153675 0.07144639136325281 -0.28344593931861084
FixedParameters: 0 0 0
#Transform 72
Transform: MatrixOffsetTransformBase_double_3_3
Parameters: 0.9999904172896094 -0.0012810470847403382 -0.004235503599570925 0.001255948258127842 0.9999814800680203 -0.005911373305446906 0.0042434936486274435 0.005905617559287649 0.9999731155801486 0.025369686833343508 -0.17768286691929802 -0.23254945771299163
FixedParameters: 0 0 0
#Transform 73
Transform: MatrixOffsetTransformBase_double_3_3
Parameters: 0.9999914479792206 -0.0012207747026217275 -0.004007329815173533 0.0012022240077653769 0.9999886155887158 -0.004683860250627525 0.0040136732005439 0.004679142714121005 0.999980999059669 0.021747806930619618 -0.1650833591333054 -0.20250151588741971
FixedParameters: 0 0 0
#Transform 74
Transform: MatrixOffsetTransformBase_double_3_3
Parameters: 0.9999897940545156 -0.0010238719938026792 -0.004489624091094148 0.000999129617936452 0.9999857432302456 -0.005315542942959088 0.004495373437316221 0.005311454500667828 0.9999755835755519 0.011341064512151888 -0.062359914991915844 -0.23210188768061357
FixedParameters: 0 0 0
#Transform 75
Transform: MatrixOffsetTransformBase_double_3_3
Parameters: 0.9999919010611716 -0.0010960488640082006 -0.003987083103569017 0.00107895150858291 0.999989350556064 -0.004526340491765635 0.003991922898670914 0.004521663243734332 0.9999816169517054 0.022270448014666044 -0.10151128056513414 -0.1844318557518534
FixedParameters: 0 0 0
#Transform 76
Transform: MatrixOffsetTransformBase_double_3_3
Parameters: 0.9999905547442537 -0.0006873267596156545 -0.004239909708674285 0.000667678163685993 0.9999897790934145 -0.004557873001806057 0.004242083838223899 0.004555126382375038 0.9999802518623881 0.01327327880592577 -0.046603258881248166 -0.2067392264191028
FixedParameters: 0 0 0
#Transform 77
Transform: MatrixOffsetTransformBase_double_3_3
Parameters: 0.9999917653218585 -0.0007938268138195128 -0.003950459183244415 0.0007761754843967878 0.9999900389591325 -0.004512105301427459 0.003953540740540269 0.004508900600079821 0.9999820367437674 0.01311436095039653 -0.060939744071674795 -0.19956581149718033
FixedParameters: 0 0 0
#Transform 78
Transform: MatrixOffsetTransformBase_double_3_3
Parameters: 0.9999907282563203 -0.0006206035266118093 -0.004345664098483551 0.0006043964993499468 0.9999920361375028 -0.0038206624612140004 0.004348343025857424 0.0038183373388895043 0.9999835147123136 0.014973338870206021 -0.04369713153003829 -0.19560111573126449
FixedParameters: 0 0 0
#Transform 79
Transform: MatrixOffsetTransformBase_double_3_3
Parameters: 0.999992870874355 -0.0004829772600213706 -0.0035911458795523884 0.00046902412177643303 0.9999926334294189 -0.0038917110316644262 0.0035928501410937373 0.0038902914220464704 0.9999859574592157 0.019172522501463618 -0.06936088468405899 -0.17664656275877633
FixedParameters: 0 0 0
#Transform 80
Transform: MatrixOffsetTransformBase_double_3_3
Parameters: 0.999992702643981 -0.0006367312752952366 -0.003859118048451046 0.0006182722610094608 0.999989514992032 -0.00459342231240206 0.00386188169614073 0.004591577334274048 0.9999820051574405 0.012845097850345155 -0.026059812391508785 -0.193366531891769
FixedParameters: 0 0 0
#Transform 81
Transform: MatrixOffsetTransformBase_double_3_3
Parameters: 0.9999918401764942 -0.0005141928934671894 -0.003986693977168521 0.0004968060369779976 0.9999899324224407 -0.0045630179753838145 0.003989306200242018 0.004560986072326645 0.9999812836631974 0.025402515622744204 -0.07296492087361628 -0.2048174189225449
FixedParameters: 0 0 0
#Transform 82
Transform: MatrixOffsetTransformBase_double_3_3
Parameters: 0.9999931531438565 -0.00045711547249622646 -0.003554839993198923 0.00044088509069164394 0.999988633202911 -0.0048136001760431665 0.0035571621091709644 0.004812406858057534 0.9999821895519885 0.02250733999274246 -0.07585645648593697 -0.17977928385796815
FixedParameters: 0 0 0
#Transform 83
Transform: MatrixOffsetTransformBase_double_3_3
Parameters: 0.9999923750742666 -0.00008572847292866595 -0.003823590227217248 0.00006427364619678327 0.9999856068093511 -0.0054212870252511045 0.0038234033922195827 0.005420713490258272 0.9999779931334464 0.01466213655652382 -0.07821786830766086 -0.2140248688890125
FixedParameters: 0 0 0
#Transform 84
Transform: MatrixOffsetTransformBase_double_3_3
Parameters: 0.9999925512937757 -0.00031388383447829386 -0.003917837445278637 0.0002991147626677875 0.9999924773487666 -0.0037992006477352274 0.003919165940441495 0.0037977985915633524 0.9999852165278766 0.021125373660822788 -0.10266360837029254 -0.1723776988266934
FixedParameters: 0 0 0
#Transform 85
Transform: MatrixOffsetTransformBase_double_3_3
Parameters: 0.9999918694132206 -0.0004822163982993075 -0.00411045616640479 0.0004597816031184506 0.9999855854059683 -0.005403937504659275 0.0041135458464954715 0.005402063959391511 0.9999768985050903 -0.001521274798207628 -0.04825936016607102 -0.21088445748638662
FixedParameters: 0 0 0
#Transform 86
Transform: MatrixOffsetTransformBase_double_3_3
Parameters: 0.9999927802347638 0.00008845499880909048 -0.003900493189233394 -0.00010754511150110539 0.9999878749995027 -0.0050116200359633725 0.003899510924580338 0.0050113844438067386 0.9999796744420506 0.0023828785054575974 -0.09561673354005507 -0.17773965278648518
FixedParameters: 0 0 0
#Transform 87
Transform: MatrixOffsetTransformBase_double_3_3
Parameters: 0.9999905715930375 0.00009433221603487868 -0.004291556511270579 -0.00011766812037472673 0.999986088927509 -0.005281543083301491 0.004291436713309903 0.0052824528920028405 0.9999766829925965 0.0033321226329405818 -0.034004892100441 -0.21046351110850026
FixedParameters: 0 0 0
#Transform 88
Transform: MatrixOffsetTransformBase_double_3_3
Parameters: 0.9999912412860561 0.0002255573714584641 -0.00420814750645599 -0.00024544210310550396 0.9999883392552104 -0.004858012783781762 0.00420685912963656 0.004858994536406174 0.9999796914627102 -0.014141405556983955 -0.05799960127023951 -0.20471815822097028
FixedParameters: 0 0 0
#Transform 89
Transform: MatrixOffsetTransformBase_double_3_3
Parameters: 0.9999920824578851 -0.00030041960490071476 -0.003978721189831959 0.0002825831713315312 0.9999907523579917 -0.004378158632789587 0.00397927330078767 0.0043768388508954575 0.9999820047626935 0.012522093023065395 -0.01343660503128774 -0.19445810233983707
FixedParameters: 0 0 0
#Transform 90
Transform: MatrixOffsetTransformBase_double_3_3
Parameters: 0.9999911563085079 0.000013342167455269784 -0.00410415057314709 -0.00003865643165399341 0.9999819028092083 -0.006007888831191827 0.004103838157440833 0.006008102238991174 0.9999730604695222 -0.011900457050160185 -0.02823307043809109 -0.23080578469013346
FixedParameters: 0 0 0
#Transform 91
Transform: MatrixOffsetTransformBase_double_3_3
Parameters: 0.9999910771851397 0.0006515607034521216 -0.004300990377620618 -0.0006704414784040634 0.999990118903533 -0.004520159633359533 0.0042980128897358045 0.004522843634058564 0.9999800699401719 -0.02085335349430295 -0.07202049480927997 -0.1669082973047864
FixedParameters: 0 0 0
#Transform 92
Transform: MatrixOffsetTransformBase_double_3_3
Parameters: 0.9999897236118428 0.00042589145437008823 -0.004482457201378581 -0.00045111180468249444 0.9999844136860927 -0.0056020373263823715 0.004480543296747775 0.005603967660018593 0.9999745218688325 -0.02174070684604601 -0.064127243773342 -0.23020104048080725
FixedParameters: 0 0 0
#Transform 93
Transform: MatrixOffsetTransformBase_double_3_3
Parameters: 0.9999914209033136 0.00006478495202025315 -0.0040714362642004145 -0.00008821120885797501 0.9999834809410464 -0.005701689242725654 0.0040705638582809395 0.005702312105668163 0.999975913548745 -0.0051765364975295824 -0.03689597738646455 -0.20959157958654373
FixedParameters: 0 0 0
#Transform 94
Transform: MatrixOffsetTransformBase_double_3_3
Parameters: 0.9999898951185253 0.0005599859169624599 -0.004334763187377654 -0.0005810126309692181 0.9999881614765967 -0.004847527434520261 0.0043322304229427505 0.004850472005700692 0.9999787075414387 -0.002271555243268608 -0.09361841710797592 -0.1856746099097677
FixedParameters: 0 0 0
#Transform 95
Transform: MatrixOffsetTransformBase_double_3_3
Parameters: 0.9999906132912719 -0.000005076082623810169 -0.004403040990326442 -0.000019075742618153067 0.9999851005473366 -0.005467971238579053 0.004402964438271791 0.005468032880623058 0.9999757139366354 -0.018333657124188107 0.00002229804474040975 -0.2239262715890078
FixedParameters: 0 0 0
#Transform 96
Transform: MatrixOffsetTransformBase_double_3_3
Parameters: 0.999992231931423 0.0008971219110208834 -0.003868481923001225 -0.0009118787322883225 0.9999923746514837 -0.0038465039286668477 0.0038645208353188924 0.003849498482938678 0.9999852428364546 -0.01845818395915444 -0.0924773197467772 -0.15796507148859007
FixedParameters: 0 0 0
#Transform 97
Transform: MatrixOffsetTransformBase_double_3_3
Parameters: 0.9999879776716788 0.0006562535919370584 -0.004857253798013523 -0.0006867431611708707 0.9999794478837323 -0.006330739642002943 0.004852749124569957 0.006334260004568094 0.9999683273921061 -0.015284707627372995 0.013774082321276637 -0.24889259051531099
FixedParameters: 0 0 0
#Transform 98
Transform: MatrixOffsetTransformBase_double_3_3
Parameters: 0.999990035249973 -0.0002087342731116014 -0.0045738992023616355 0.00018326588721489622 0.9999843149177503 -0.005625896486154993 0.004575104427829971 0.005625103257846755 0.9999734270005193 -0.028938332969829617 -0.03309722777071045 -0.19666345165839516
FixedParameters: 0 0 0
#Transform 99
Transform: MatrixOffsetTransformBase_double_3_3
Parameters: 0.9999911363148305 0.000370739669242378 -0.004089503628977667 -0.000387259732068684 0.9999920436822168 -0.0039754488471210325 0.00408848941866365 0.003977548331701003 0.9999834672810176 -0.02596715386702897 -0.13061335711481092 -0.1664768705227715
FixedParameters: 0 0 0
#Transform 100
Transform: MatrixOffsetTransformBase_double_3_3
Parameters: 0.9999905281070054 0.0005271596221951845 -0.004381188120221912 -0.0005528428264746849 0.9999828920055707 -0.0058996379729478405 0.004377815484821508 0.005901367903179083 0.9999730033215326 -0.03160260511242541 -0.051367788182844265 -0.22069068028852712
FixedParameters: 0 0 0
#Transform 101
Transform: MatrixOffsetTransformBase_double_3_3
Parameters: 0.9999913982364598 0.0001940787295550495 -0.004069789546125642 -0.0002099228249881992 0.9999926514105731 -0.003912179663869317 0.004069208880073119 0.003912823757927577 0.9999841312558025 -0.013448205493745036 -0.09719179871756012 -0.17319762259846527
FixedParameters: 0 0 0
#Transform 102
Transform: MatrixOffsetTransformBase_double_3_3
Parameters: 0.9999897066846383 0.00014898484241747482 -0.004502668522170534 -0.00016801359491634105 0.9999911367554504 -0.004223286406892441 0.004501329663346513 0.004223713550836296 0.9999808936847967 -0.00003037759020685371 -0.02804668009318334 -0.20445883051239377
FixedParameters: 0 0 0
#Transform 103
Transform: MatrixOffsetTransformBase_double_3_3
Parameters: 0.9999912758344363 0.0006402244440488595 -0.004039205775227567 -0.0006537718731829929 0.9999939463844769 -0.0034093877994409876 0.004036791916094559 0.003412613000282583 0.9999860594403097 -0.027259078710514473 -0.06818835193952566 -0.15458131551579868
FixedParameters: 0 0 0
#Transform 104
Transform: MatrixOffsetTransformBase_double_3_3
Parameters: 0.9999904649448441 0.0009141901636172914 -0.00420713086063172 -0.0009328084525080198 0.999989139222564 -0.004471115755294434 0.0042028691539457205 0.0044748824622492045 0.9999813098868152 -0.04476273530409003 -0.010610106098368988 -0.2017255955768178
FixedParameters: 0 0 0
#Transform 105
Transform: MatrixOffsetTransformBase_double_3_3
Parameters: 0.9999903538808568 0.0008955515473695013 -0.004340845080723691 -0.0009144463996308398 0.9999911055480661 -0.004249072701169347 0.004337149797694727 0.004253926358520866 0.9999810974922794 -0.04937344782844377 -0.03283599634363554 -0.17555563850567069
FixedParameters: 0 0 0
#Transform 106
Transform: MatrixOffsetTransformBase_double_3_3
Parameters: 0.9999903844343349 0.0006117358441910456 -0.004270919407289779 -0.0006252612646355751 0.9999949701531294 -0.003104358592947344 0.0042690772627740296 0.0031076406130845897 0.9999861196754559 -0.03641152113068813 -0.10280362409889676 -0.15884346517479742
FixedParameters: 0 0 0
#Transform 107
Transform: MatrixOffsetTransformBase_double_3_3
Parameters: 0.999990316147209 0.0003388322493834289 -0.0044233480605443435 -0.0003561727166507548 0.9999928091868225 -0.0038814630671915452 0.004422650037372566 0.0038825370894558517 0.9999823668502529 -0.014825218386164352 -0.03361224480175906 -0.18369360086389008
FixedParameters: 0 0 0
#Transform 108
Transform: MatrixOffsetTransformBase_double_3_3
Parameters: 0.9999917386615632 0.0006770548402790846 -0.003975573891619895 -0.0006919435162818548 0.9999923899933008 -0.0037592786687446417 0.0039724257318879885 0.0037617191127616184 0.9999850657412511 -0.03082246784153142 -0.07672133124462732 -0.16630991157872188
FixedParameters: 0 0 0
#Transform 109
Transform: MatrixOffsetTransformBase_double_3_3
Parameters: 0.9999911437982025 0.0007698083331628688 -0.004154842280375386 -0.0007851914115691837 0.9999930180837646 -0.0036557691749652837 0.00415215482500321 0.0036592279161572774 0.9999843709037849 -0.03045398542502653 -0.04222682855177595 -0.17788300841665716
FixedParameters: 0 0 0
#Transform 110
Transform: MatrixOffsetTransformBase_double_3_3
Parameters: 0.9999887974899616 0.0002324106311961778 -0.004811520251737386 -0.000262590272052959 0.999981103390253 -0.006150805213004653 0.004809475458814844 0.006151186448990211 0.9999690233947106 -0.015128978905366353 0.05762239568892369 -0.22817942707126804
FixedParameters: 0 0 0
#Transform 111
Transform: MatrixOffsetTransformBase_double_3_3
Parameters: 0.9999921847315406 -0.000026163397700348734 -0.003848930502471494 0.000012839924473075639 0.9999943065644619 -0.0034190744029804314 0.0038490638694037 0.0034199242845484104 0.9999864920564342 -0.019704742807135744 -0.062151853820381575 -0.11562165881484532
FixedParameters: 0 0 0
#Transform 112
Transform: MatrixOffsetTransformBase_double_3_3
Parameters: 0.9999902921191525 0.0008493073418992996 -0.004241153393864767 -0.0008596940371887506 0.9999969092976998 -0.0025203782005821583 0.004238843266022803 0.002523624407360087 0.9999876617673323 -0.059590120931488855 -0.2025276918680703 -0.15485819778585608
FixedParameters: 0 0 0
#Transform 113
Transform: MatrixOffsetTransformBase_double_3_3
Parameters: 0.9999911624456382 0.00013641891752854017 -0.004221460656789923 -0.0001505770108850116 0.9999946302529907 -0.0032163921694512974 0.004220537377962313 0.003217603596225106 0.999985833882633 -0.02443661996514379 -0.08712136052398023 -0.15995179122805325
FixedParameters: 0 0 0
#Transform 114
Transform: MatrixOffsetTransformBase_double_3_3
