#Insight Transform File V1.0
#Transform 0
Transform: MatrixOffsetTransformBase_double_3_3
Parameters: 0.9999932621956491 0.00158468355019855 -0.0031976361778929983 -0.001600317483344082 0.9999874668811125 -0.00479291633290137 0.003190362366964256 0.0047980893142730505 0.9999838012361406 -0.07311469841882001 -0.16902996375172563 -0.14202367428190144
FixedParameters: 0 0 0
#Transform 1
Transform: MatrixOffsetTransformBase_double_3_3
Parameters: 0.9999934992805368 0.0021482089230031804 -0.00298098664593813 -0.0021617907313446092 0.9999868817943705 -0.004630585949406911 0.002971013933687429 0.004637412621578525 0.9999846692053148 -0.07861303883213111 -0.207307806721019 -0.15738172853652088
FixedParameters: 0 0 0
#Transform 2
Transform: MatrixOffsetTransformBase_double_3_3
Parameters: 0.9999947852841428 0.0016480419896911078 -0.0029155099038682742 -0.0016629586472887048 0.9999858548388115 -0.005136185510277846 0.002906496160421689 0.005140823927682783 0.9999831215360371 -0.0747812474058378 -0.10238715644750584 -0.15314749769143532
FixedParameters: 0 0 0
#Transform 3
Transform: MatrixOffsetTransformBase_double_3_3
Parameters: 0.9999952160152202 0.0018936482549806494 -0.0024896725755542506 -0.0019043509791134728 0.9999875361341478 -0.004564277693427756 0.0024813269829090235 0.004569717692937294 0.9999859646051562 -0.06892822407684207 -0.1930367590334754 -0.12903386760781643
FixedParameters: 0 0 0
#Transform 4
Transform: MatrixOffsetTransformBase_double_3_3
Parameters: 0.9999931792471332 0.0017723602515827737 -0.0032680791785951978 -0.0017886417605001983 0.9999858297218163 -0.005096190251167758 0.003258921451954257 0.005101811694175044 0.9999813493960135 -0.057768795957017005 -0.10772443400131237 -0.16115618954285083
FixedParameters: 0 0 0
#Transform 5
Transform: MatrixOffsetTransformBase_double_3_3
Parameters: 0.9999941726609332 0.001592215891043921 -0.003208382349358296 -0.0016067840829819052 0.9999881570075908 -0.00461087579091007 0.0032006236344677957 0.004616127078573726 0.9999844465122955 -0.07320925501993258 -0.21051939583819035 -0.13646791048945772
FixedParameters: 0 0 0
#Transform 6
Transform: MatrixOffsetTransformBase_double_3_3
Parameters: 0.9999936923855413 0.0015485344091826006 -0.0033027219211041485 -0.001567468120787337 0.9999832290578913 -0.005595860339030497 0.0032942767941581946 0.005601138582871732 0.9999787762293381 -0.07327256825743689 -0.12024932361322271 -0.1822679183841842
FixedParameters: 0 0 0
#Transform 7
Transform: MatrixOffsetTransformBase_double_3_3
Parameters: 0.9999952467368648 0.001674832175974109 -0.002635772182881097 -0.0016871704663679382 0.9999877973018346 -0.004621574368373829 0.002628227850863201 0.004625423224872794 0.9999856956091082 -0.048441524956771786 -0.17981003733355294 -0.1255273710788174
FixedParameters: 0 0 0
#Transform 8
Transform: MatrixOffsetTransformBase_double_3_3
Parameters: 0.9999937545187632 0.001838496992236164 -0.0031411270444361215 -0.0018535047350542913 0.9999861587693246 -0.004940210348018806 0.003131877311466562 0.004945790421810249 0.9999827287872236 -0.04078203046408646 -0.16182209175886442 -0.18144254017455808
FixedParameters: 0 0 0
#Transform 9
Transform: MatrixOffsetTransformBase_double_3_3
Parameters: 0.9999924496189468 0.0015931057802719918 -0.003465813817850327 -0.0016098917582268277 0.9999866254270442 -0.004876455475833447 0.0034581846355978374 0.004882544362640644 0.9999822046956363 -0.020900857405209194 -0.142971475326803 -0.1518960557162643
FixedParameters: 0 0 0
#Transform 10
Transform: MatrixOffsetTransformBase_double_3_3
Parameters: 0.9999930480169024 0.001855151016844587 -0.0032420201410728426 -0.001875850705922701 0.9999780070128526 -0.006439966674558257 0.003229980962629683 0.006446040361808789 0.9999740153097163 -0.019608849489017643 -0.054167852393320004 -0.20882165930022722
FixedParameters: 0 0 0
#Transform 11
Transform: MatrixOffsetTransformBase_double_3_3
Parameters: 0.9999944341457889 0.0012394544898768503 -0.003005039024540047 -0.00125354410722262 0.99998697201555 -0.004843254966661278 0.0029989603438623186 0.004846739014037614 0.9999835137101469 -0.0018597631434573714 -0.19142585979309956 -0.11848642344222071
FixedParameters: 0 0 0
#Transform 12
Transform: MatrixOffsetTransformBase_double_3_3
Parameters: 0.9999947310713583 0.0012420554311365648 -0.002954051947045419 -0.0012539450423306397 0.9999910641590647 -0.004045318523991032 0.0029489505642459005 0.004048685519178744 0.9999879102599523 0.005455278637626293 -0.23695547327609745 -0.13145572529826666
FixedParameters: 0 0 0
#Transform 13
Transform: MatrixOffsetTransformBase_double_3_3
Parameters: 0.9999949602141603 0.0007355645185354018 -0.003240240776242384 -0.0007544359999287958 0.9999830287096018 -0.005692581537817708 0.0032357573722871028 0.00569440621098554 0.9999780989858501 0.0012485319921324844 -0.10667989585668636 -0.1687595449080419
FixedParameters: 0 0 0
#Transform 14
Transform: MatrixOffsetTransformBase_double_3_3
Parameters: 0.9999958624932876 -0.00006602428962203637 -0.002851729508867075 0.000052976778499111525 0.9999891433852242 -0.004566170011019379 0.0028522729288721948 0.0045668306190256025 0.9999860129591948 0.02532750712035181 -0.1610215196118645 -0.143868507881038
FixedParameters: 0 0 0
#Transform 15
Transform: MatrixOffsetTransformBase_double_3_3
Parameters: 0.999995522372093 -0.0005264890929205807 -0.003033522009833322 0.0005115154489732245 0.99998893936828 -0.004774576561732872 0.003035477473262978 0.004773426718892211 0.9999840004686693 0.04277737977187712 -0.08733349794901812 -0.1672357979891217
FixedParameters: 0 0 0
#Transform 16
Transform: MatrixOffsetTransformBase_double_3_3
Parameters: 0.9999969109942817 -0.0005733075537090464 -0.0025999672409599134 0.0005646946861587137 0.9999938740779141 -0.0035784832079821635 0.0026020390312572065 0.00357752325091772 0.9999904325980982 0.05582358827372502 -0.17730902739282328 -0.11711864846806463
FixedParameters: 0 0 0
#Transform 17
Transform: MatrixOffsetTransformBase_double_3_3
Parameters: 0.9999959474152382 -0.0006658579289482726 -0.002758163475417963 0.0006531355915792807 0.9999900964462878 -0.004298816636414323 0.002761831899505944 0.004296176182790553 0.9999869137429466 0.05030547651031725 -0.11390547838990983 -0.13324808859664472
FixedParameters: 0 0 0
#Transform 18
Transform: MatrixOffsetTransformBase_double_3_3
Parameters: 0.9999967965015383 -0.0006120819114655534 -0.0026134295897442214 0.0006009212762986875 0.9999906714075444 -0.004238583347812738 0.0026155703213926063 0.004237411935005141 0.9999872036001137 0.054121970623128846 -0.15834351917486345 -0.13290612505385013
FixedParameters: 0 0 0
#Transform 19
Transform: MatrixOffsetTransformBase_double_3_3
Parameters: 0.9999971518969456 -0.0007497216091709448 -0.0022991749905179157 0.0007412791270270556 0.9999920724760623 -0.0037917142963776558 0.002301827400934774 0.00379028423169206 0.9999903359194441 0.048486946764001004 -0.1331920300505658 -0.11310632673217924
FixedParameters: 0 0 0
#Transform 20
Transform: MatrixOffsetTransformBase_double_3_3
Parameters: 0.9999966808932677 -0.0005144990675240137 -0.0024602374052157118 0.0005054974167368314 0.9999938131869726 -0.0034542542598629614 0.0024627599845956027 0.003452743523234336 0.9999910142806608 0.05672106912844299 -0.14934268107786863 -0.11785558135522933
FixedParameters: 0 0 0
#Transform 21
Transform: MatrixOffsetTransformBase_double_3_3
Parameters: 0.9999968331396841 -0.000715254821673995 -0.0023782353313122322 0.0007057469804432607 0.999992370788984 -0.003889689618084186 0.002380761632576419 0.0038883083294865006 0.9999892135559035 0.05321365100022035 -0.13706755105602042 -0.12190726101948712
FixedParameters: 0 0 0
#Transform 22
Transform: MatrixOffsetTransformBase_double_3_3
Parameters: 0.9999976375709352 -0.000595039002928599 -0.0022378792540906707 0.0005869629028762832 0.9999937625530311 -0.003590324723627785 0.0022401226577719014 0.0035896782111432815 0.999991098690035 0.04293022767454602 -0.15816722987867138 -0.11750432645223441
FixedParameters: 0 0 0
#Transform 23
Transform: MatrixOffsetTransformBase_double_3_3
Parameters: 0.9999972703313814 -0.0006356494487419837 -0.0023076356279867834 0.0006263480285654513 0.9999925655082805 -0.003747456488904894 0.0023103637296251595 0.0037455425194570253 0.999990632163828 0.04590168553730223 -0.12349096191978504 -0.11610388638375468
FixedParameters: 0 0 0
#Transform 24
Transform: MatrixOffsetTransformBase_double_3_3
Parameters: 0.9999973064887449 -0.00041807798500680316 -0.0023494025444023865 0.0004089241404596537 0.9999929100300412 -0.0038629726289165283 0.002350596852865186 0.003862029166550933 0.9999895584857424 0.050856352030876906 -0.16168246181439372 -0.11743208850192843
FixedParameters: 0 0 0
#Transform 25
Transform: MatrixOffsetTransformBase_double_3_3
Parameters: 0.9999968686537275 -0.0005195823145970152 -0.0024209640952987986 0.0005104193365937002 0.9999920847456815 -0.003956248959960296 0.0024230388017523947 0.003955754283852145 0.9999894838531128 0.054998034030390386 -0.12169808969072449 -0.11209635495950465
FixedParameters: 0 0 0
#Transform 26
Transform: MatrixOffsetTransformBase_double_3_3
Parameters: 0.9999971015820301 -0.0005820239040630639 -0.002357791078235236 0.0005729774578032788 0.9999930357861156 -0.003825363849285015 0.0023602089793737756 0.0038246391889437867 0.9999898043845941 0.03531285452255872 -0.1496585725658406 -0.10849202254119916
FixedParameters: 0 0 0
#Transform 27
Transform: MatrixOffsetTransformBase_double_3_3
Parameters: 0.999996863483993 -0.000629688622641724 -0.0021772190637189817 0.0006203107522402455 0.9999898289984428 -0.004448360427321087 0.002179778471372274 0.004446637286901025 0.9999874737366024 0.03634889857271162 -0.08660036119208314 -0.13165471453628186
FixedParameters: 0 0 0
#Transform 28
Transform: MatrixOffsetTransformBase_double_3_3
Parameters: 0.9999974377813879 -0.0007468695460064029 -0.0022370582809413866 0.0007381315812760218 0.999991751169865 -0.003962660367729571 0.0022399418831923934 0.00396133617607352 0.9999892915705038 0.03584280207914503 -0.13926276153671324 -0.1164985828059173
FixedParameters: 0 0 0
#Transform 29
Transform: MatrixOffsetTransformBase_double_3_3
Parameters: 0.999996136440154 -0.0005825934418310299 -0.0025543838209922632 0.0005714097685570638 0.9999900916077628 -0.004536479670934798 0.0025566184112458534 0.004535530599402375 0.9999868939119689 0.03741915865136036 -0.09005978872798437 -0.1619043574662271
FixedParameters: 0 0 0
#Transform 30
Transform: MatrixOffsetTransformBase_double_3_3
Parameters: 0.9999961270395774 -0.0006576345189805602 -0.002537519814879144 0.0006483608808402022 0.9999921677046408 -0.003796655079627242 0.0025404767530976475 0.0037943391355889995 0.9999891475635031 0.06688795702463324 -0.11546659040624263 -0.12714566383337456
FixedParameters: 0 0 0
#Transform 31
Transform: MatrixOffsetTransformBase_double_3_3
Parameters: 0.9999961115232119 -0.000503143157197823 -0.0025758478705174338 0.00049185454685693 0.9999900510767868 -0.0043252812105335605 0.002578150770158962 0.004323717082456234 0.9999876576141989 0.05176423594629398 -0.12841979521692792 -0.15216322409800398
FixedParameters: 0 0 0
#Transform 32
Transform: MatrixOffsetTransformBase_double_3_3
Parameters: 0.9999961405075223 -0.0005299901597840026 -0.0025647509218395164 0.000519007118051266 0.9999903764254852 -0.004284342485612218 0.0025672443338275322 0.004282650739655808 0.9999870671354827 0.03340690793606882 -0.070703593713489 -0.1573454829198937
FixedParameters: 0 0 0
#Transform 33
Transform: MatrixOffsetTransformBase_double_3_3
Parameters: 0.9999967255069614 -0.000526680723497019 -0.002448937996996992 0.0005163182723460894 0.9999921135984491 -0.003952277811968924 0.002451059432232614 0.003950722449796174 0.9999893830321459 0.029348175637565532 -0.16498740262588285 -0.11667785795823704
FixedParameters: 0 0 0
#Transform 34
Transform: MatrixOffsetTransformBase_double_3_3
Parameters: 0.9999959971088053 -0.0006681970070472706 -0.002748824875373757 0.0006548030113670429 0.9999885414339833 -0.004798819033431601 0.0027521726782938306 0.00479718009447073 0.9999844137140819 0.03624712383411577 -0.09052249241899801 -0.15734903133633793
FixedParameters: 0 0 0
#Transform 35
Transform: MatrixOffsetTransformBase_double_3_3
Parameters: 0.999997370263047 -0.0004448633519512939 -0.002105352732425998 0.0004371377813457795 0.9999928664336091 -0.0037339280250541836 0.0021066456966905294 0.0037330705235419496 0.9999906256608836 0.04282215130834288 -0.17241023332485383 -0.11058744504713047
FixedParameters: 0 0 0
#Transform 36
Transform: MatrixOffsetTransformBase_double_3_3
Parameters: 0.999994746718498 -0.0007078812187268716 -0.003122662610480215 0.0006931169878357201 0.9999888229361406 -0.0047641896855608445 0.0031263356247019144 0.004761812228417344 0.9999835510618222 0.02017730580415389 -0.09872510453774908 -0.1658911672938217
FixedParameters: 0 0 0
#Transform 37
Transform: MatrixOffsetTransformBase_double_3_3
Parameters: 0.9999971013622646 -0.0006116298626531372 -0.0023507708781070995 0.000603374474627238 0.999993169317681 -0.0036694277100454424 0.002352228742581887 0.0036685706183542197 0.9999900087988196 0.03234997718152499 -0.1365502026201426 -0.11192815916960797
FixedParameters: 0 0 0
#Transform 38
Transform: MatrixOffsetTransformBase_double_3_3
Parameters: 0.9999953621621933 -0.0006848759235126177 -0.002858180282655285 0.0006731247561654907 0.9999912914267266 -0.00415394365319865 0.0028608200959579074 0.004152060425982761 0.9999875756773006 0.0365314915346886 -0.11683914023191733 -0.1626221384012183
FixedParameters: 0 0 0
#Transform 39
Transform: MatrixOffsetTransformBase_double_3_3
Parameters: 0.9999962472648426 -0.0004953817199324133 -0.0027399657646882147 0.0004836175818865231 0.999991517028824 -0.004153340698201589 0.0027420310856962715 0.004151657244195021 0.9999872435168073 0.03686913074236031 -0.10002197171273508 -0.1286115693886103
FixedParameters: 0 0 0
#Transform 40
Transform: MatrixOffsetTransformBase_double_3_3
Parameters: 0.9999962028956759 -0.0006761737392849212 -0.0027092357011018935 0.0006658282280926507 0.9999915587596919 -0.004122820413648241 0.0027117674646383876 0.004121182896301243 0.9999876621438661 0.04460246643337484 -0.1126962091674244 -0.15511456396463075
FixedParameters: 0 0 0
#Transform 41
Transform: MatrixOffsetTransformBase_double_3_3
Parameters: 0.9999957646714308 -0.0005044854598676988 -0.0028249722019691166 0.0004935155941118026 0.9999912348068352 -0.0040644083285046664 0.0028270281004240615 0.004063587961121192 0.9999874974836438 0.05489531143719262 -0.09839933679118928 -0.13128795048793052
FixedParameters: 0 0 0
#Transform 42
Transform: MatrixOffsetTransformBase_double_3_3
Parameters: 0.999996080148557 -0.00035282686241298156 -0.002606556118568121 0.0003421714441521172 0.9999916358772822 -0.0041529074901787075 0.0026084421202602947 0.004152095269311274 0.9999879575388826 0.0465648465140589 -0.12336571536479823 -0.1460193496833
FixedParameters: 0 0 0
#Transform 43
Transform: MatrixOffsetTransformBase_double_3_3
Parameters: 0.9999962928452213 -0.0004557683322942485 -0.0025497502148413096 0.0004432350643162425 0.99998774270119 -0.005006149886501774 0.002551250205197719 0.005004856964194565 0.9999844396514049 0.043381780286978255 -0.08907234336409431 -0.16337741210244872
FixedParameters: 0 0 0
#Transform 44
Transform: MatrixOffsetTransformBase_double_3_3
Parameters: 0.9999966962857015 -0.0005440606152516513 -0.002451136439228364 0.0005309388239763893 0.9999853499102458 -0.005326315459508909 0.0024538613984165262 0.005324679000596999 0.9999826240130584 0.05714526872880299 -0.109117524720034 -0.15868953612124415
FixedParameters: 0 0 0
#Transform 45
Transform: MatrixOffsetTransformBase_double_3_3
Parameters: 0.9999962294953781 -0.0005981629044208181 -0.002722287228362935 0.0005808337840801031 0.9999799620016098 -0.006300608348143898 0.00272671500774959 0.006299396128490489 0.9999768865239521 0.04820036494018609 -0.04954772156048648 -0.2335174271036493
FixedParameters: 0 0 0
#Transform 46
Transform: MatrixOffsetTransformBase_double_3_3
Parameters: 0.9999969534409598 -0.0006558174526382218 -0.00236976103438187 0.0006441828992076562 0.9999877470118278 -0.004983542354768067 0.0023732389858095128 0.004982459380634906 0.9999845454594342 0.06215288729136148 -0.12048487434653055 -0.150537268080015
FixedParameters: 0 0 0
#Transform 47
Transform: MatrixOffsetTransformBase_double_3_3
Parameters: 0.9999976801153153 -0.0011133533451507306 -0.0020201561642731757 0.0010986485853109673 0.9999744937651072 -0.007092238710570805 0.002027841681325358 0.007089761559587044 0.9999726203883633 0.057155358342726004 -0.12324001241466931 -0.24049872228417257
FixedParameters: 0 0 0
#Transform 48
Transform: MatrixOffsetTransformBase_double_3_3
Parameters: 0.9999977408886079 -0.0013083461148978208 -0.0018831145946196896 0.0012936480110474755 0.9999705768331627 -0.007599460931175315 0.001893884885501538 0.007596546982231185 0.9999697029692798 0.05306995856447827 -0.07632931703889767 -0.2708404980751169
FixedParameters: 0 0 0
#Transform 49
Transform: MatrixOffsetTransformBase_double_3_3
Parameters: 0.9999973966328096 -0.0017954620987230736 -0.001542613132979038 0.0017835441407517585 0.9999661468737511 -0.00804177021136221 0.0015563906084777976 0.008039224445009159 0.9999659482508013 0.05927677557488664 -0.10595895964441127 -0.29025423841122233
FixedParameters: 0 0 0
#Transform 50
Transform: MatrixOffsetTransformBase_double_3_3
Parameters: 0.9999953011957268 -0.0025270067354059575 -0.0018203487685183148 0.002511998769645594 0.9999634680859929 -0.008198612198658495 0.0018406517488997586 0.008194388126163032 0.99996446530011 0.08316135429460303 -0.052110334795003155 -0.3149028676683088
FixedParameters: 0 0 0
#Transform 51
Transform: MatrixOffsetTransformBase_double_3_3
Parameters: 0.999994578374318 -0.002651650628308026 -0.0018410761039744947 0.0026373500937432025 0.9999653976772059 -0.007914898233142943 0.0018619260883400122 0.00791010546728879 0.9999669630691583 0.0865991331807976 -0.08369617154026798 -0.2678073117108255
FixedParameters: 0 0 0
#Transform 52
Transform: MatrixOffsetTransformBase_double_3_3
Parameters: 0.9999933119914516 -0.00336407859624825 -0.0015397411263154371 0.003350919557023872 0.9999588879711687 -0.008419219836388773 0.0015682591178047783 0.008413784506817798 0.9999637460454666 0.10191481798071322 -0.04609149350936548 -0.3222596821430983
FixedParameters: 0 0 0
#Transform 53
Transform: MatrixOffsetTransformBase_double_3_3
Parameters: 0.9999905990674073 -0.004295281978414984 -0.0009760271374995785 0.00428572402268364 0.9999478009047881 -0.009318278117471412 0.0010159699038089231 0.009313731217793466 0.9999562177555965 0.11029333662791885 -0.11666829915495214 -0.3324913915049308
FixedParameters: 0 0 0
#Transform 54
Transform: MatrixOffsetTransformBase_double_3_3
Parameters: 0.9999851175875111 -0.005530538673762655 -0.0005411552042705997 0.005525472495543897 0.9999375500911216 -0.009742147079532101 0.0005948551801875768 0.009739867042733346 0.9999527872298254 0.16032604808555107 -0.05620553213854862 -0.3845991759172449
FixedParameters: 0 0 0
#Transform 55
Transform: MatrixOffsetTransformBase_double_3_3
Parameters: 0.9999754913223208 -0.006962472590040541 0.00018806010156035473 0.0069635173941325216 0.9999261545301985 -0.009916924871379304 -0.00011894401862789686 0.009918062604390522 0.9999506160809393 0.1978261290821166 -0.10225892100247336 -0.3917139563608174
FixedParameters: 0 0 0
#Transform 56
Transform: MatrixOffsetTransformBase_double_3_3
Parameters: 0.9999708294886227 -0.007680858789523364 0.00042503707849161947 0.0076841485565968285 0.9999121694193128 -0.010806049411312852 -0.0003419725276366822 0.01080894218637745 0.9999410457699576 0.21494229788984853 -0.07286933865381684 -0.43660134205794066
FixedParameters: 0 0 0
#Transform 57
Transform: MatrixOffsetTransformBase_double_3_3
Parameters: 0.9999637562942193 -0.008525306399456143 0.000751168719485223 0.008532697668698176 0.9999039349659798 -0.010919991077836963 -0.0006578351925463274 0.010926009035476619 0.9999401859808806 0.2553630105892637 -0.10003979454339174 -0.3999259061722853
FixedParameters: 0 0 0
#Transform 58
Transform: MatrixOffsetTransformBase_double_3_3
Parameters: 0.9999530892600514 -0.009521345349241017 0.0018014898603774961 0.009543666523069753 0.9998776111426716 -0.012421397026999355 -0.001683497037563008 0.012438619800897872 0.9999214489158668 0.27981115329258444 -0.04663868511026692 -0.48319604037631336
FixedParameters: 0 0 0
#Transform 59
Transform: MatrixOffsetTransformBase_double_3_3
Parameters: 0.999940066759747 -0.010677737878481136 0.00263146218033896 0.010705259208194257 0.9998820074581466 -0.010971491353829398 -0.002513555784442 0.010998502536343933 0.9999367043404381 0.3219231999597554 -0.09972089051463229 -0.3934013347202949
FixedParameters: 0 0 0
#Transform 60
Transform: MatrixOffsetTransformBase_double_3_3
Parameters: 0.9999400611749624 -0.01064411811633251 0.0027638117000005104 0.010674893698353893 0.9998777947315705 -0.011412186221222111 -0.0026421947536399825 0.011440815152195728 0.9999311202025984 0.3208438923183792 -0.11806506257941862 -0.42827572321236573
FixedParameters: 0 0 0
#Transform 61
Transform: MatrixOffsetTransformBase_double_3_3
Parameters: 0.9999392668850727 -0.010731903821656381 0.002560397809877194 0.010759107913186823 0.9998841987913928 -0.010818119599567999 -0.0024436039972687623 0.010844893319694548 0.9999384111452698 0.3400853949629976 -0.09622367182501534 -0.38675292146938034
FixedParameters: 0 0 0
#Transform 62
Transform: MatrixOffsetTransformBase_double_3_3
Parameters: 0.9999370901116137 -0.010948513460920847 0.0022428506864217166 0.010972480980401142 0.9998822477952612 -0.010740060396808646 -0.0021251419559081964 0.010763938693335551 0.9999396174142936 0.32039392323981986 -0.11334161305860846 -0.40327917564658833
FixedParameters: 0 0 0
#Transform 63
Transform: MatrixOffsetTransformBase_double_3_3
Parameters: 0.9999271485891549 -0.011643847981403074 0.0030437580972531675 0.011674145745715703 0.9998810531005935 -0.010082202667116099 -0.0029262433725259426 0.01011681119204233 0.9999450829577075 0.3613111519764942 -0.07085267688188424 -0.368750538324079
FixedParameters: 0 0 0
#Transform 64
Transform: MatrixOffsetTransformBase_double_3_3
Parameters: 0.9999286057790394 -0.011582923149671333 0.003039047271135749 0.011613091449767328 0.9998785712420515 -0.010418458393387954 -0.002917970006469207 0.01045255215922894 0.9999412213678613 0.3611791399348476 -0.1294728619741221 -0.3971565591317159
FixedParameters: 0 0 0
#Transform 65
Transform: MatrixOffsetTransformBase_double_3_3
Parameters: 0.9999210288420304 -0.012142005802857483 0.003246051999323572 0.012175003364250061 0.9998726895020863 -0.010347302233503984 -0.0031199529770369805 0.010385708425911291 0.9999413963213828 0.40143175626815264 -0.08119873988282222 -0.3828202566339485
FixedParameters: 0 0 0
#Transform 66
Transform: MatrixOffsetTransformBase_double_3_3
Parameters: 0.9999251152126878 -0.011780136875593192 0.0033330808757088813 0.011813858512510919 0.9998767338993709 -0.010328397176084496 -0.0032109145083841577 0.010367601669151435 0.9999412053581256 0.3714013241252019 -0.1258293554338792 -0.382573539005989
FixedParameters: 0 0 0
#Transform 67
Transform: MatrixOffsetTransformBase_double_3_3
Parameters: 0.9999200940893913 -0.012229486962675224 0.003054982811217419 0.012261488990232074 0.9998690862381326 -0.010514372474461587 -0.00292600189082425 0.01055161762152223 0.9999401048072313 0.3812200587126 -0.05938121121518236 -0.39841467301693
FixedParameters: 0 0 0
#Transform 68
Transform: MatrixOffsetTransformBase_double_3_3
Parameters: 0.9999219020742406 -0.012042544519588697 0.003474945300243639 0.012078469417415293 0.9998702398098527 -0.010669867781602898 -0.00334606214293917 0.010711138102677169 0.999937073111458 0.3787788337770479 -0.1153107736855219 -0.4114585316558106
FixedParameters: 0 0 0
#Transform 69
Transform: MatrixOffsetTransformBase_double_3_3
Parameters: 0.9999221549794338 -0.011983491299022167 0.003496937068118796 0.012024511886358148 0.9998580877960432 -0.011802873972899548 -0.0033550574465343315 0.011844131433318313 0.999924456148238 0.3939334183965144 -0.04511589520230075 -0.47125653389709043
FixedParameters: 0 0 0
#Transform 70
Transform: MatrixOffsetTransformBase_double_3_3
Parameters: 0.9999176605677328 -0.012204422888599619 0.00404685365426303 0.01225558503006715 0.9998440174553477 -0.012718454031909273 -0.0038911342972726484 0.012767543668831255 0.9999108484319398 0.39437516368306547 -0.09911329829546389 -0.4879925407143588
FixedParameters: 0 0 0
#Transform 71
Transform: MatrixOffsetTransformBase_double_3_3
Parameters: 0.9999141527304015 -0.012331184541692028 0.004334133824859168 0.01238880766749443 0.9998311994951694 -0.013575472512173628 -0.0041658747930762175 0.01362754189622403 0.9998989185143389 0.41729382173490137 -0.04933789641263786 -0.5156406414091492
FixedParameters: 0 0 0
#Transform 72
Transform: MatrixOffsetTransformBase_double_3_3
Parameters: 0.9999128265421362 -0.012442662033178493 0.004397869507472106 0.01249734098233241 0.9998432418172103 -0.01255212727044148 -0.0042411232059642034 0.012605864514988862 0.9999110960448593 0.40833898708829963 -0.09942914861504448 -0.4667322016073996
FixedParameters: 0 0 0
#Transform 73
Transform: MatrixOffsetTransformBase_double_3_3
Parameters: 0.9999142109537108 -0.01251076218863918 0.003906687836447903 0.012561234985021454 0.9998352658090613 -0.013112060490419396 -0.0037413136783473583 0.013159944077140488 0.9999068063799602 0.4466309124015453 -0.014495189625364446 -0.4883809918104731
FixedParameters: 0 0 0
#Transform 74
Transform: MatrixOffsetTransformBase_double_3_3
Parameters: 0.9999129452305364 -0.012352336182983566 0.004523297343561605 0.012406638023943215 0.9998502928507349 -0.012031922504537985 -0.0043736925990593535 0.012087071567075745 0.9999177662091359 0.45133195407206017 -0.11705179400748023 -0.43792077769796833
FixedParameters: 0 0 0
#Transform 75
Transform: MatrixOffsetTransformBase_double_3_3
Parameters: 0.9999102974074784 -0.012711781894075404 0.004256357996375128 0.012764207614800653 0.9998372934236086 -0.012717810011238924 -0.00409365146195277 0.012771181447832946 0.9999101317445014 0.43792318443148304 -0.04934702984269279 -0.5097340259262069
FixedParameters: 0 0 0
#Transform 76
Transform: MatrixOffsetTransformBase_double_3_3
Parameters: 0.9999123743359025 -0.012482509509500337 0.004450970420449953 0.012535496642577212 0.9998469882836796 -0.012200272099703072 -0.004298037954317823 0.012254722303561175 0.9999153382994592 0.45965867772875413 -0.09657020758092472 -0.4330414476574447
FixedParameters: 0 0 0
#Transform 77
Transform: MatrixOffsetTransformBase_double_3_3
Parameters: 0.9999044125628421 -0.013086184300900909 0.004396758833225911 0.013141819090298962 0.9998304583369472 -0.012915451373229898 -0.004227246242388147 0.012971556676563656 0.9999068557345083 0.4626134589333475 -0.08051019289875683 -0.4951624282566627
FixedParameters: 0 0 0
#Transform 78
Transform: MatrixOffsetTransformBase_double_3_3
Parameters: 0.9999045293072675 -0.01297993115132872 0.0047939134755635455 0.013040081855083475 0.999834122324006 -0.01272071327905507 -0.004628102885870764 0.012781304487218136 0.9999082019686717 0.4756481159384407 -0.07482188453258232 -0.4478285960261985
FixedParameters: 0 0 0
#Transform 79
Transform: MatrixOffsetTransformBase_double_3_3
Parameters: 0.9999095623483318 -0.01257316512706487 0.004727545406571378 0.012631835962315284 0.9998409121409771 -0.012629428544566414 -0.0045674606837747085 0.012687578800654896 0.9999091475722027 0.4374879810411727 -0.1063487516231163 -0.4955980384420826
FixedParameters: 0 0 0
#Transform 80
Transform: MatrixOffsetTransformBase_double_3_3
Parameters: 0.9999046990610533 -0.013158225949561281 0.004259848505779177 0.01321277480994417 0.9998302049811736 -0.012852950508371088 -0.004089146520148666 0.01290804604917873 0.999908649928123 0.45592299389767277 -0.0368222938133016 -0.4997144807919369
FixedParameters: 0 0 0
#Transform 81
Transform: MatrixOffsetTransformBase_double_3_3
Parameters: 0.9998925490543655 -0.014024703249801809 0.00421381348075374 0.014069302854568623 0.9998417746157078 -0.01091988418426622 -0.004060186507225698 0.010978118790375939 0.9999309931622348 0.4746482194563697 -0.12682273095940388 -0.3958435504290918
FixedParameters: 0 0 0
#Transform 82
Transform: MatrixOffsetTransformBase_double_3_3
Parameters: 0.9998892688355837 -0.014063776926834415 0.004788225833158642 0.014116220797072351 0.9998395337512875 -0.01105363619602459 -0.004631781350753338 0.01111937544488614 0.9999278928700155 0.4792874960075437 -0.05570414197771356 -0.43975685728518954
FixedParameters: 0 0 0
#Transform 83
Transform: MatrixOffsetTransformBase_double_3_3
Parameters: 0.9998912805847479 -0.014173289449405768 0.004102762913066574 0.01421771939616846 0.9998379723090386 -0.01108388181820439 -0.003944240928036467 0.011141122796990637 0.9999303118422864 0.49494043486895123 -0.15539297460567525 -0.3834484391034749
FixedParameters: 0 0 0
#Transform 84
Transform: MatrixOffsetTransformBase_double_3_3
Parameters: 0.9998915073417659 -0.013834259630950743 0.0050095395793551874 0.013890733494612978 0.9998373803139288 -0.011473647930673084 -0.004850466402777969 0.011541344129934903 0.9999212589021935 0.49074002911324044 -0.07168150051587929 -0.4596637123224383
FixedParameters: 0 0 0
#Transform 85
Transform: MatrixOffsetTransformBase_double_3_3
Parameters: 0.9998892993626928 -0.01404232284769469 0.004948880538754659 0.014099690321107765 0.9998333593302354 -0.01161151554003385 -0.0047851234481034325 0.011679494950552649 0.9999206803377053 0.5213190862238548 -0.12379694358793358 -0.42483512938370893
FixedParameters: 0 0 0
#Transform 86
Transform: MatrixOffsetTransformBase_double_3_3
Parameters: 0.9998864326712432 -0.014213707737947494 0.005051611301295876 0.014279294642197739 0.9998116032728166 -0.013132358212334369 -0.004864377854726756 0.013203640597693182 0.9999010021985208 0.5047325524520261 -0.09417137955469457 -0.511130791134164
FixedParameters: 0 0 0
#Transform 87
Transform: MatrixOffsetTransformBase_double_3_3
Parameters: 0.9998788072909292 -0.014360064164833352 0.005997586017371753 0.014440930434445132 0.9998023585033841 -0.013677040812734005 -0.005799408336097102 0.013761941737580162 0.999887959152924 0.5383307387967875 -0.09429878288970883 -0.49794537651209225
FixedParameters: 0 0 0
#Transform 88
Transform: MatrixOffsetTransformBase_double_3_3
Parameters: 0.9998709313074006 -0.014366410804527488 0.007256021174282821 0.014473597586060769 0.9997847185676907 -0.01485790610702443 -0.007040979378807705 0.014961093695112629 0.9998635728509017 0.5556575259851826 -0.10475906519687328 -0.5481326625425851
FixedParameters: 0 0 0
#Transform 89
Transform: MatrixOffsetTransformBase_double_3_3
Parameters: 0.9998473971623405 -0.01587290754446183 0.0073245085854392695 0.015986101725049915 0.999747989621901 -0.015791338094916833 -0.0070715046870874305 0.015906691244033794 0.999848955529166 0.5795081594599054 -0.06938176470627866 -0.5864439611576131
FixedParameters: 0 0 0
#Transform 90
Transform: MatrixOffsetTransformBase_double_3_3
Parameters: 0.9998436779332064 -0.01591104963616569 0.0077545858759519104 0.016026971619318407 0.9997572191143134 -0.015128081424414077 -0.0075124134832565545 0.015249913388217703 0.9998549846885386 0.5796578262935697 -0.07322394181753111 -0.574462395476047
FixedParameters: 0 0 0
#Transform 91
Transform: MatrixOffsetTransformBase_double_3_3
Parameters: 0.9998425304690366 -0.016106949805003698 0.007416767930101373 0.016213042682749635 0.9997637877795622 -0.014467022419176736 -0.007182226013831331 0.014584973180970528 0.9998676779524137 0.578320545351076 -0.08776669052100772 -0.5313405544390122
FixedParameters: 0 0 0
#Transform 92
Transform: MatrixOffsetTransformBase_double_3_3
Parameters: 0.9998434363505575 -0.016171694703638086 0.007212892540850709 0.016270300152618034 0.9997702266219365 -0.013927822097703683 -0.006986117258293676 0.014043173460623328 0.9998769715674289 0.5825887885004022 -0.13259829404499612 -0.5197421577868369
FixedParameters: 0 0 0
#Transform 93
Transform: MatrixOffsetTransformBase_double_3_3
Parameters: 0.9998466265267221 -0.016312035923867357 0.006424023003261779 0.016399974477592602 0.9997691135910466 -0.013887780296683883 -0.006195976812549925 0.01399121894094347 0.9998828448763174 0.5849260625218875 -0.07258189135535531 -0.5034911415684178
FixedParameters: 0 0 0
#Transform 94
Transform: MatrixOffsetTransformBase_double_3_3
Parameters: 0.9998445965649598 -0.016231559934760487 0.006850350103181827 0.01632141624373797 0.9997771126725072 -0.013358264004777397 -0.006631663386248769 0.013467730710202713 0.9998876227125839 0.5818485519575489 -0.15471970421728543 -0.46105739702061044
FixedParameters: 0 0 0
#Transform 95
Transform: MatrixOffsetTransformBase_double_3_3
Parameters: 0.9998410737829935 -0.016435733680150756 0.006911189259334562 0.016527268156486394 0.9997742343782087 -0.013362900392023768 -0.006689803724359992 0.013475093134983778 0.9998866555251646 0.5837852160595531 -0.07337265536294524 -0.5100098330046023
FixedParameters: 0 0 0
#Transform 96
Transform: MatrixOffsetTransformBase_double_3_3
Parameters: 0.9998468051756205 -0.016199240299867922 0.006690543910170484 0.016282774061949487 0.9997874959152423 -0.012662013215685265 -0.006483470438907704 0.01276899739761687 0.9998979033339473 0.5855729937303238 -0.15435000607160987 -0.4546368378702539
FixedParameters: 0 0 0
#Transform 97
Transform: MatrixOffsetTransformBase_double_3_3
Parameters: 0.9998400292257179 -0.016337570509354905 0.007351126319723704 0.016436452087621598 0.9997717299180495 -0.013676379698586634 -0.007125884931712588 0.013795644703912605 0.9998798954926409 0.6290912788285397 -0.07184405076750977 -0.5181613931841014
FixedParameters: 0 0 0
#Transform 98
Transform: MatrixOffsetTransformBase_double_3_3
Parameters: 0.9998411836951264 -0.016123114911032525 0.007605269082241143 0.01622689238659328 0.9997731287217261 -0.013802781896571041 -0.00738074384551852 0.013923211489740392 0.9998756405123166 0.6133936542094034 -0.12345568182773548 -0.4918528893336571
FixedParameters: 0 0 0
#Transform 99
Transform: MatrixOffsetTransformBase_double_3_3
Parameters: 0.9998387559288624 -0.016539965705111227 0.007046113658182557 0.016650035601444707 0.9997353220959251 -0.01585524669467383 -0.00678190162695953 0.01596975556327917 0.9998499454885891 0.6049613846579547 -0.053062128955318144 -0.5777892912724241
FixedParameters: 0 0 0
#Transform 100
Transform: MatrixOffsetTransformBase_double_3_3
Parameters: 0.9998244703241711 -0.01694281579066887 0.007964448235296276 0.01707516832800114 0.9997120772928714 -0.016830941364798315 -0.007677537962070873 0.016964038279311314 0.9998262515372106 0.613361787927289 -0.11148952338429297 -0.5861151301353971
FixedParameters: 0 0 0
#Transform 101
Transform: MatrixOffsetTransformBase_double_3_3
Parameters: 0.9998170296990372 -0.01738594744696028 0.007916235226782349 0.01752001787019581 0.9996984720877541 -0.0171894380022412 -0.007614745539360458 0.017325545167763662 0.9998208165688521 0.6246866653194445 -0.032194272055832585 -0.6352353586955957
FixedParameters: 0 0 0
#Transform 102
Transform: MatrixOffsetTransformBase_double_3_3
Parameters: 0.9998240951522654 -0.01700020886517666 0.007929163548164765 0.017132785739117612 0.9997086827198705 -0.016991141706360003 -0.007637846348926377 0.017123858683313568 0.999824402268293 0.6324205131419518 -0.10796805868446313 -0.6046897404971077
FixedParameters: 0 0 0
#Transform 103
Transform: MatrixOffsetTransformBase_double_3_3
Parameters: 0.9998129812473435 -0.01753560271264113 0.008091897923801846 0.017674385445192738 0.9996931554292028 -0.017360212048125035 -0.007785083983293903 0.01749977373399498 0.9998161134296027 0.6442247745491727 -0.033620370272231526 -0.6585279333989575
FixedParameters: 0 0 0
#Transform 104
Transform: MatrixOffsetTransformBase_double_3_3
Parameters: 0.9998103617952868 -0.017616029703752322 0.008263147020579868 0.017759956299170213 0.9996857146427912 -0.017685600663470944 -0.00794886642585097 0.01782840834289336 0.9998099154622889 0.663570338670965 -0.13176477258036812 -0.6262307628528845
FixedParameters: 0 0 0
#Transform 105
Transform: MatrixOffsetTransformBase_double_3_3
Parameters: 0.9998000807598276 -0.017933150814437356 0.008791293673979876 0.018095845008493844 0.9996596678701746 -0.018808680630339362 -0.008450721212821864 0.018963345444728025 0.999784915613789 0.7086752475962328 -0.009798803311198867 -0.71987598246983
FixedParameters: 0 0 0
#Transform 106
Transform: MatrixOffsetTransformBase_double_3_3
Parameters: 0.9998030104786537 -0.01785988272610306 0.008600558761989827 0.01800210420094584 0.9996976330490144 -0.016739456140804177 -0.008299437471339694 0.016890541156719403 0.9998227934721918 0.7155137358557653 -0.16525730572315922 -0.5966848296872485
FixedParameters: 0 0 0
#Transform 107
Transform: MatrixOffsetTransformBase_double_3_3
Parameters: 0.9998081503839605 -0.017361111209257266 0.009077608416967335 0.017516914831870983 0.9996957847579787 -0.01738632573694595 -0.008773393799528195 0.017541683084512084 0.9998072778088676 0.7165590464479976 -0.15826585291333117 -0.6466321932068553
FixedParameters: 0 0 0
#Transform 108
Transform: MatrixOffsetTransformBase_double_3_3
Parameters: 0.9998071720190544 -0.01741443709719627 0.009029451867395894 0.017560564570716385 0.9997111063765463 -0.016414588690767624 -0.008741549427618156 0.016569410113822236 0.9998240041916006 0.7078622528461267 -0.10652278640856139 -0.6081217960631164
FixedParameters: 0 0 0
#Transform 109
Transform: MatrixOffsetTransformBase_double_3_3
Parameters: 0.9998063774479353 -0.017504000338129648 0.009010650024509315 0.017657024972662406 0.9996966032560751 -0.0171912292113379 -0.00870735033274086 0.017346774047142945 0.99981123512346 0.7275044764279102 -0.0755123033078604 -0.6454955628449142
FixedParameters: 0 0 0
#Transform 110
Transform: MatrixOffsetTransformBase_double_3_3
Parameters: 0.9998042554647479 -0.01771097943483891 0.008833580046679775 0.01785201823128858 0.9997104079734299 -0.016149462254933526 -0.008544404898512659 0.016304519633936962 0.9998301304640788 0.7406082174143478 -0.09474979154610708 -0.5834197397126957
FixedParameters: 0 0 0
#Transform 111
Transform: MatrixOffsetTransformBase_double_3_3
Parameters: 0.999798158519683 -0.017679417071766765 0.009552585210017929 0.017836573045184694 0.9997018381834273 -0.016670986200246412 -0.0092544305705993 0.016838018169586803 0.9998157976176887 0.7658117842329375 -0.05437638918300536 -0.6393385470034474
FixedParameters: 0 0 0
#Transform 112
Transform: MatrixOffsetTransformBase_double_3_3
Parameters: 0.9997925162668984 -0.017743713859035403 0.010029523207422491 0.017907287701890238 0.9997042396048332 -0.016431800448662177 -0.009735467448117433 0.016608182028868088 0.9998143621942632 0.7727890406002018 -0.06731892733257894 -0.6152676890333026
FixedParameters: 0 0 0
#Transform 113
Transform: MatrixOffsetTransformBase_double_3_3
Parameters: 0.999771445661538 -0.019090569788888224 0.009593929563573666 0.019261442012957253 0.9996529507552991 -0.01799832408889726 -0.009247063205474332 0.018178689901748035 0.999791978734392 0.8001172901913378 -0.04968962821732248 -0.6759457055525218
FixedParameters: 0 0 0
#Transform 114
Transform: MatrixOffsetTransformBase_double_3_3
Parameters: 0.9997746136589921 -0.018947529121383273 0.009609383851818285 0.01911048359114791 0.9996692752666798 -0.017216241375640186 -0.009279628425058514 0.01739574782539666 0.9998052308338268 0.8023931058054643 -0.09151786337841372 -0.6314234517752055
FixedParameters: 0 0 0
#Transform 115
Transform: MatrixOffsetTransformBase_double_3_3
Parameters: 0.9997746194098011 -0.018878424393659447 0.009743714950920376 0.01904358081903052 0.9996707413442285 -0.017189318007910147 -0.009416280912027813 0.01737167888838234 0.9998045347492381 0.7950192728614667 -0.04987340834139786 -0.6473072323873197
