#Insight Transform File V1.0
#Transform 0
Transform: MatrixOffsetTransformBase_double_3_3
Parameters: 1 0 0 0 0.9999796898053002 -0.006348998030534462 0 0.006348998030534462 0.9999796898053002 -0.04054400000001124 -0.19946700204476997 -0.23550733332648122
FixedParameters: 0 0 0
#Transform 1
Transform: MatrixOffsetTransformBase_double_3_3
Parameters: 0.9999992401890619 -0.0006854678249881574 0.0005385259329268555 0.000688534690572011 0.9999781521379236 -0.006585633316388559 -0.0005344766594763057 0.006586370477288533 0.9999783362768984 -0.031566026743263365 -0.1660352099733018 -0.2593481225436136
FixedParameters: 0 0 0
#Transform 2
Transform: MatrixOffsetTransformBase_double_3_3
Parameters: 0.9999992777040086 -0.0012449856941636774 -0.0004151519993325084 0.0012420157112129312 0.9999738227080015 -0.007115518251185265 0.00042384848026016134 0.007115474940200566 0.9999741930388708 0.028704430574236994 -0.1241525229139313 -0.3144647469411552
FixedParameters: 0 0 0
#Transform 3
Transform: MatrixOffsetTransformBase_double_3_3
Parameters: 0.9999990778929075 -0.0013235434085560951 0.00041197742146864585 0.0013264569920289954 0.9999809855581806 -0.0060214579926504514 -0.00040402029490817963 0.006021539201635761 0.9999815747350739 0.06728033441412151 -0.16292009730877055 -0.16046265281978833
FixedParameters: 0 0 0
#Transform 4
Transform: MatrixOffsetTransformBase_double_3_3
Parameters: 0.9999991559368696 -0.0013447961152223194 0.0001878271884228186 0.0013462040243754042 0.9999771424034758 -0.006560753397363584 -0.00017917133848165107 0.0065612472004172775 0.9999789191216691 0.06360161129632047 -0.1277978123007273 -0.2553845091570679
FixedParameters: 0 0 0
#Transform 5
Transform: MatrixOffsetTransformBase_double_3_3
Parameters: 0.9999978766460692 -0.0016735022940070473 -0.0005686862382788259 0.0016704946137618742 0.9999890767902778 -0.004373958177283184 0.0005763112983651914 0.00437304372951268 0.9999905446299093 0.10170740900898068 -0.14685158767458972 -0.0925633275268467
FixedParameters: 0 0 0
#Transform 6
Transform: MatrixOffsetTransformBase_double_3_3
Parameters: 0.9999981235082419 -0.0018840603965884183 -0.0005702353639672578 0.0018829397743447987 0.9999915462988122 -0.0035930812421238246 0.0005767683703875114 0.0035919208548715596 0.9999937649812943 0.10723375247152944 -0.08115696784894055 -0.08210478045940306
FixedParameters: 0 0 0
#Transform 7
Transform: MatrixOffsetTransformBase_double_3_3
Parameters: 0.9999972929964163 -0.0020651308889575205 -0.0006654178707089488 0.002062867852934448 0.9999925733235394 -0.003189378517845205 0.0006715800433258415 0.0031876189423823225 0.9999943865409555 0.10624854315501864 -0.1066271638840135 0.009492521013115152
FixedParameters: 0 0 0
#Transform 8
Transform: MatrixOffsetTransformBase_double_3_3
Parameters: 0.9999984321525447 -0.0018878429411741556 0.00007411742394022685 0.0018871570073968212 0.999995680568438 -0.002180862840054926 -0.00006988413431442447 0.002181134641966694 0.9999972380479324 0.1258075681336095 -0.16281128500803277 0.013593106879028483
FixedParameters: 0 0 0
#Transform 9
Transform: MatrixOffsetTransformBase_double_3_3
Parameters: 0.9999971628305305 -0.002191636012401766 -0.0001877089999926927 0.0021903615762863963 0.9999921271980746 -0.0033274208922207233 0.0001952901616789909 0.0033275817372352833 0.9999948910233247 0.11999606986113065 -0.06417780928914851 0.021715392760967234
FixedParameters: 0 0 0
#Transform 10
Transform: MatrixOffsetTransformBase_double_3_3
Parameters: 0.9999987765521445 -0.0014892260522113656 -0.00007777974416428549 0.0014887754463262812 0.9999947512951709 -0.002834118541231278 0.00008121942028708494 0.002833881790291656 0.999995962102862 0.09794122404501593 -0.056417725026349785 -0.01593922110474466
FixedParameters: 0 0 0
#Transform 11
Transform: MatrixOffsetTransformBase_double_3_3
Parameters: 0.9999980984862122 -0.0015529033455025463 -0.0006997899866212368 0.0015510949859712552 0.9999952336149548 -0.002713089896793468 0.0007042096064757145 0.002711910884099057 0.9999961495187173 0.08100247645363368 -0.05616278414196074 0.001248661832335074
FixedParameters: 0 0 0
#Transform 12
Transform: MatrixOffsetTransformBase_double_3_3
Parameters: 0.99999897044978 -0.001420645775016024 0.00010395715492648868 0.0014213540418724485 0.9999928075900292 -0.0034888551247622152 -0.00009904138292298168 0.0034891435877037395 0.9999938165358246 0.058999286479732405 -0.07131029773400144 -0.0195502707375681
FixedParameters: 0 0 0
#Transform 13
Transform: MatrixOffsetTransformBase_double_3_3
Parameters: 0.9999990703997572 -0.0013890534978536829 -0.000014571752645201076 0.001388948293863464 0.9999939072972373 -0.0031880229065957087 0.000018428046286664758 0.00318797706959997 0.9999948363531508 0.07357420072173682 -0.03815092816660126 -0.009910723393915077
FixedParameters: 0 0 0
#Transform 14
Transform: MatrixOffsetTransformBase_double_3_3
Parameters: 0.9999996979926382 -0.0011410412858505988 -0.00000877249951732445 0.0011409597757714599 0.9999929710291067 -0.003705014725243003 0.000013227345842587899 0.003704989623218631 0.9999932727943999 0.05815284415047017 -0.04733322302068643 -0.051007540457206346
FixedParameters: 0 0 0
#Transform 15
Transform: MatrixOffsetTransformBase_double_3_3
Parameters: 0.9999997955110277 -0.001091509195807201 -0.00011214933919281916 0.0010914912808065317 0.9999890504996258 -0.004445123485185544 0.00011685282436866383 0.004444873529176199 0.9999902287676701 0.04232001458444756 -0.060535296998835975 -0.05009997080226469
FixedParameters: 0 0 0
#Transform 16
Transform: MatrixOffsetTransformBase_double_3_3
Parameters: 0.9999990648455562 -0.0009530835701516381 -0.00016381586261943515 0.0009519152212470695 0.9999789462011994 -0.006492161479716873 0.00017018325409934329 0.0064918433417428595 0.9999788255772093 0.01570221407605743 -0.057317342413739425 -0.132196323655549
FixedParameters: 0 0 0
#Transform 17
Transform: MatrixOffsetTransformBase_double_3_3
Parameters: 0.9999998385155728 0.00039970141927120963 -0.000040096484710453764 -0.00040029770719254696 0.9999698695635264 -0.0077439841784101345 0.0000369011951319778 0.007744014978406073 0.9999700280835057 -0.019737569748372152 -0.010033480931184613 -0.2048478634325619
FixedParameters: 0 0 0
#Transform 18
Transform: MatrixOffsetTransformBase_double_3_3
Parameters: 0.9999999167275794 -0.00027467970097881184 -0.00008790343943034555 0.0002743193961532993 0.9999705236568137 -0.007642021049141449 0.00009009895436710713 0.007641972187165112 0.9999705910867811 0.026775683945061246 -0.010807962446065744 -0.18601547487699577
FixedParameters: 0 0 0
#Transform 19
Transform: MatrixOffsetTransformBase_double_3_3
Parameters: 0.9999997280561597 -0.0005146643907104044 -0.00008612027339358083 0.0005133368229355663 0.99997183813989 -0.007543044980662713 0.00008987459275682992 0.0075429545166780555 0.9999710945960162 0.022620559065416046 -0.015850447627713038 -0.15842668215829292
FixedParameters: 0 0 0
#Transform 20
Transform: MatrixOffsetTransformBase_double_3_3
Parameters: 0.9999997880359796 -0.0006795596535897017 -0.0008658928917692902 0.000673440751019254 0.9999715012328508 -0.007552590369325338 0.0008711115766673299 0.007552415270194549 0.9999712045866294 0.03848403233018871 0.1026240063649766 -0.18355547534270045
FixedParameters: 0 0 0
#Transform 21
Transform: MatrixOffsetTransformBase_double_3_3
Parameters: 0.9999989486929796 -0.0012656618710719472 -0.0006710040272960673 0.0012623391809612737 0.999991787870586 -0.003951852509983094 0.0006759934669638839 0.003951149895748232 0.9999919319706341 0.07120917083399547 -0.07776627542538961 -0.025039048749349035
FixedParameters: 0 0 0
#Transform 22
Transform: MatrixOffsetTransformBase_double_3_3
Parameters: 0.9999989743173204 -0.0013922908728904897 -0.0002959890498652656 0.0013907081029660361 0.9999894098738197 -0.004319413129810291 0.0003020088827745821 0.004318581010375745 0.9999902567542442 0.05849110472848906 -0.056455214826428346 -0.03414115208595092
FixedParameters: 0 0 0
#Transform 23
Transform: MatrixOffsetTransformBase_double_3_3
Parameters: 0.9999983310544882 -0.0014345590579397894 -0.0007815001214854582 0.0014314412427158104 0.9999883665429682 -0.004537125114714426 0.0007875018079916449 0.004535876723025149 0.9999898045996104 0.0586176759043866 0.0033604418201633734 -0.06564963306911409
FixedParameters: 0 0 0
#Transform 24
Transform: MatrixOffsetTransformBase_double_3_3
Parameters: 0.9999997718412262 -0.0009897666754537257 -0.0004995577228306135 0.0009862381148656642 0.9999847020624438 -0.0055064964172500805 0.0005044386660273275 0.005506504458253701 0.9999844262113197 0.04035568260752598 0.0014798800284552271 -0.08667068401790345
FixedParameters: 0 0 0
#Transform 25
Transform: MatrixOffsetTransformBase_double_3_3
Parameters: 0.999998891001505 -0.0007216460717941372 -0.0007665841344701092 0.0007183521875718166 0.9999889616738203 -0.00474555770101912 0.0007704176938926968 0.004745451054979546 0.9999888894797936 -0.022883261880735972 0.06032037896963516 -0.06755572527347908
FixedParameters: 0 0 0
#Transform 26
Transform: MatrixOffsetTransformBase_double_3_3
Parameters: 0.9999987878520751 -0.00013550455608243755 -0.0014813326116767812 0.00012749686201384895 0.9999873282995458 -0.005065195680926237 0.0014816647197210993 0.005064806042874242 0.9999861507363886 -0.12344615066990627 0.0935648845532171 -0.09262243522445601
FixedParameters: 0 0 0
#Transform 27
Transform: MatrixOffsetTransformBase_double_3_3
Parameters: 0.9999999774664724 0.00017483941808337438 -0.0009959202880065164 -0.00018016083263376015 0.9999860944610366 -0.005183821227154723 0.000995079954919602 0.005184174632191276 0.9999861349400407 -0.15017093881419896 0.11783957089019736 -0.12059861893133927
FixedParameters: 0 0 0
#Transform 28
Transform: MatrixOffsetTransformBase_double_3_3
Parameters: 0.9999996052880663 0.00063025624921587 -0.000998648751054625 -0.0006357467804043586 0.9999833926086039 -0.0057623696838415076 0.000995353353741102 0.005762631898946024 0.9999827992833674 -0.13187492793622368 0.1232049881698174 -0.12640045053912274
FixedParameters: 0 0 0
#Transform 29
Transform: MatrixOffsetTransformBase_double_3_3
Parameters: 0.9999990382622497 0.00045198812184446606 -0.0008706196772685796 -0.00045700777585432956 0.9999835579113032 -0.0057646065269201805 0.0008673792589077585 0.005765396452764366 0.9999830093154115 -0.12551154861741054 0.11665543126751743 -0.11840833043412147
FixedParameters: 0 0 0
#Transform 30
Transform: MatrixOffsetTransformBase_double_3_3
Parameters: 0.9999989400632607 0.00102591579737964 -0.001003332740059965 -0.0010340889711523413 0.9999664818140488 -0.008089966854737377 0.0009956660130253211 0.008091025861189642 0.9999665437180165 -0.19173750612617368 0.13544493854737993 -0.33875470292778687
FixedParameters: 0 0 0
#Transform 31
Transform: MatrixOffsetTransformBase_double_3_3
Parameters: 0.9999986322235834 0.0009157216915236954 -0.0015905488123217476 -0.0009272764516532324 0.9999746548733383 -0.007105542915944127 0.0015834522792580413 0.007106467794995056 0.9999739854425775 -0.17907408171016925 0.10957743309266732 -0.22609871037586515
FixedParameters: 0 0 0
#Transform 32
Transform: MatrixOffsetTransformBase_double_3_3
Parameters: 0.9999954498164485 0.0019202042900956517 -0.0022047405485933584 -0.00193779581768285 0.9999688624565609 -0.007640762685045605 0.0021902533571097815 0.007645240776195082 0.9999687544795574 -0.2197851903194845 0.18993675305830493 -0.2913265509234009
FixedParameters: 0 0 0
#Transform 33
Transform: MatrixOffsetTransformBase_double_3_3
Parameters: 0.9999941618506588 0.0024713238071446633 -0.0021742564133615727 -0.002489679415244961 0.9999631458213868 -0.008164630058582402 0.0021547391298877994 0.008169368349026906 0.9999646136785951 -0.24447301248663678 0.2650595264893667 -0.3195995385791406
FixedParameters: 0 0 0
#Transform 34
Transform: MatrixOffsetTransformBase_double_3_3
Parameters: 0.9999965086397018 0.00209639627746875 -0.0014484138304885115 -0.002108600894189368 0.9999598840005419 -0.008755974807699556 0.0014295877890045372 0.008759025928129717 0.9999602338304766 -0.19565612497821405 0.278374240596321 -0.31520144901416813
FixedParameters: 0 0 0
#Transform 35
Transform: MatrixOffsetTransformBase_double_3_3
Parameters: 0.9999948568885444 0.001959046922833778 -0.0025110763912246687 -0.0019819521900036794 0.9999559619721424 -0.009171067598288622 0.002492922783637875 0.009175928210839242 0.9999545847825528 -0.18516026189132617 0.245211584785622 -0.36185538574056864
FixedParameters: 0 0 0
#Transform 36
Transform: MatrixOffsetTransformBase_double_3_3
Parameters: 0.9999955043040646 0.0020533865294667616 -0.002297680988702416 -0.002072618526744908 0.9999613060917917 -0.008567276869375766 0.00228032247854878 0.008571721488671151 0.9999603225207264 -0.2291066639014332 0.23167846641341328 -0.29459032988795286
FixedParameters: 0 0 0
#Transform 37
Transform: MatrixOffsetTransformBase_double_3_3
Parameters: 0.9999954807264249 0.002073042893199351 -0.0022852661099335638 -0.002092957981998286 0.9999597727382691 -0.008766261847677924 0.002266735739955022 0.008770743871333352 0.9999589314317707 -0.22835624567993307 0.23040274362510615 -0.30129505980661975
FixedParameters: 0 0 0
#Transform 38
Transform: MatrixOffsetTransformBase_double_3_3
Parameters: 0.9999978557331949 0.0013379229963099268 -0.0018318511213847753 -0.0013540707075758553 0.9999606586370644 -0.008803541292921921 0.0018191476012420315 0.008806455633872314 0.9999591378685686 -0.193176168333693 0.23877754165506815 -0.3207428335131084
FixedParameters: 0 0 0
#Transform 39
Transform: MatrixOffsetTransformBase_double_3_3
Parameters: 0.9999989361496702 0.00010355627346383561 -0.0014327141755033114 -0.0001134454300919131 0.9999785200641156 -0.006592847564420804 0.0014322834723017445 0.006593158421566283 0.9999774797586287 -0.09190036203153795 0.14693849660167757 -0.1752076884750693
FixedParameters: 0 0 0
#Transform 40
Transform: MatrixOffsetTransformBase_double_3_3
Parameters: 0.9999960417297767 0.000005110402941308148 -0.002821066585624966 -0.000019889151663472463 0.9999861423049533 -0.005277965755172294 0.0028209346356006613 0.0052780362801852845 0.9999821843472244 -0.10387101635095064 0.13578717888842107 -0.11121361439738564
FixedParameters: 0 0 0
#Transform 41
Transform: MatrixOffsetTransformBase_double_3_3
Parameters: 0.9999979054254924 -0.0009719895780884116 -0.002037208813884196 0.0009640118856637946 0.9999917121660575 -0.003918974274555832 0.002040794103872683 0.003917026747475688 0.9999904916503805 -0.030723900086030653 0.009632047724522863 -0.064525580371253
FixedParameters: 0 0 0
#Transform 42
Transform: MatrixOffsetTransformBase_double_3_3
Parameters: 0.9999952098184829 -0.00033187308152086064 -0.002946361335118231 0.00031712875831849325 0.9999874273134874 -0.005046957252076667 0.00294763654678978 0.005046044630311728 0.999982847734667 -0.12724846252498878 0.06665578299958952 -0.13434201974504845
FixedParameters: 0 0 0
#Transform 43
Transform: MatrixOffsetTransformBase_double_3_3
Parameters: 0.9999969675323221 -0.00036901785600297263 -0.0022125142450279004 0.00035997995073397713 0.9999912655019378 -0.004074806234134396 0.0022144845667785044 0.004074192586523514 0.9999894987550579 -0.07250029486635867 -0.0074806559754563295 -0.05690723050902591
FixedParameters: 0 0 0
#Transform 44
Transform: MatrixOffsetTransformBase_double_3_3
Parameters: 0.9999958054998236 -0.00016025248320207348 -0.0028582375790815948 0.00014574728399841487 0.9999871161903006 -0.004986437222242568 0.0028587633070527316 0.004985562514290591 0.9999839685084735 -0.08800928826310894 0.09398595229031059 -0.1091934430880599
FixedParameters: 0 0 0
#Transform 45
Transform: MatrixOffsetTransformBase_double_3_3
Parameters: 0.9999967298308106 -0.0006292278783999434 -0.002621804642674141 0.0006197723550578983 0.9999932336145747 -0.003518637671658848 0.0026241986465202994 0.0035173615272077957 0.9999907434496947 -0.06657464834066218 0.022287633870632817 -0.034104956440856427
FixedParameters: 0 0 0
#Transform 46
Transform: MatrixOffsetTransformBase_double_3_3
Parameters: 0.9999971399396768 -0.0003862037058779968 -0.002389530172629863 0.0003767943813373315 0.9999920280431858 -0.0038509087324193675 0.0023914681142995003 0.0038500847739849995 0.9999894590679494 -0.10981440663586284 0.09303353671909065 -0.06663293902077783
FixedParameters: 0 0 0
#Transform 47
Transform: MatrixOffsetTransformBase_double_3_3
Parameters: 0.9999978909711154 -0.000020052517441135502 -0.002026948009869431 0.000013947243700573797 0.9999950834949937 -0.002986031506568072 0.002027049533765343 0.0029859625886387298 0.9999929750441555 -0.10063471646969901 0.066913331402219 -0.031495917824699404
FixedParameters: 0 0 0
#Transform 48
Transform: MatrixOffsetTransformBase_double_3_3
Parameters: 0.9999976233031713 -0.00030400966104701617 -0.0020696971681916703 0.0002949899848447909 0.9999909746205993 -0.004351623874319333 0.0020713037322963963 0.004351383638154139 0.9999887773250885 -0.09772628393626803 0.11414679813091766 -0.06440169660996276
FixedParameters: 0 0 0
#Transform 49
Transform: MatrixOffsetTransformBase_double_3_3
Parameters: 0.99999745978637 -0.0005006883117442335 -0.0020711558209029622 0.0004933119290168043 0.9999929851157487 -0.003711030009678367 0.0020728440753828323 0.003709970432004809 0.9999909389223793 -0.08594602851772493 0.10117466170311218 -0.04698140976194054
FixedParameters: 0 0 0
#Transform 50
Transform: MatrixOffsetTransformBase_double_3_3
Parameters: 0.9999967328670606 -0.000374577301806382 -0.0024755681725673493 0.0003644253530882323 0.9999929058369207 -0.0038679139276102488 0.0024764262753744744 0.003867084151796757 0.9999889117668186 -0.11538681806507611 0.1241672306443462 -0.09710836819240853
FixedParameters: 0 0 0
#Transform 51
Transform: MatrixOffsetTransformBase_double_3_3
Parameters: 0.9999963637857809 -0.0003603798198871666 -0.002550555301937636 0.0003496181459211544 0.9999913211867342 -0.004068905746964988 0.0025524439495806755 0.004068094174118378 0.9999889370231847 -0.12539327517770005 0.08292906429277025 -0.06401490106959784
FixedParameters: 0 0 0
#Transform 52
Transform: MatrixOffsetTransformBase_double_3_3
Parameters: 0.9999973163862533 -0.000015924535697004316 -0.0023839559158937117 0.000006075221988418602 0.9999916691956868 -0.004163029758547968 0.0023840475019839893 0.0041629773104962685 0.9999889858240416 -0.13567580971485427 0.12094000030730001 -0.08897028685501596
FixedParameters: 0 0 0
#Transform 53
Transform: MatrixOffsetTransformBase_double_3_3
Parameters: 0.9999980578849657 -0.0003137733399900005 -0.0022006289773808677 0.0003042238967034103 0.999990190800258 -0.004440679636329324 0.002202372907981068 0.004439319103861076 0.9999874396473112 -0.11295939901066276 0.10532103859328856 -0.08105056661209176
FixedParameters: 0 0 0
#Transform 54
Transform: MatrixOffsetTransformBase_double_3_3
Parameters: 0.9999983219087556 0.00007581545507845161 -0.0016344511265255987 -0.00008518738561584863 0.9999844088474115 -0.005619868719302584 0.0016345462905005927 0.005620131878233436 0.999982743716849 -0.09927018438706625 0.13161067127866488 -0.14212116104857841
FixedParameters: 0 0 0
#Transform 55
Transform: MatrixOffsetTransformBase_double_3_3
Parameters: 1.0000001068622422 0.0005724775648106814 -0.0007522349701092864 -0.0005775207263421175 0.99997246961481 -0.007361564098031575 0.0007477685625242636 0.0073624266099514375 0.9999722377348317 -0.09278076000086344 0.19665224966642825 -0.1994469913732786
FixedParameters: 0 0 0
#Transform 56
Transform: MatrixOffsetTransformBase_double_3_3
Parameters: 0.9999997011547049 0.0005405688346621665 -0.00007996944000164228 -0.0005414309212740968 0.9999845560155226 -0.005490955871238366 0.00007702813432567523 0.005491040808200131 0.9999848425363936 -0.1062127452561441 0.23201970200818778 -0.11189387516895977
FixedParameters: 0 0 0
#Transform 57
Transform: MatrixOffsetTransformBase_double_3_3
Parameters: 0.9999980130846261 0.0012876076874699448 -0.0011533064122777365 -0.001294390894954283 0.999978949347696 -0.006432517565397228 0.0011446962254709628 0.006433484317038692 0.9999782958289386 -0.14488512475764992 0.24763714958358207 -0.18209556491861179
FixedParameters: 0 0 0
#Transform 58
Transform: MatrixOffsetTransformBase_double_3_3
Parameters: 0.9999976546344299 0.0016188155531586435 -0.0013134032740800931 -0.0016281822591972888 0.999974033978767 -0.007022880290286911 0.0013015976662502453 0.007024125798690965 0.9999749601850675 -0.16141081258420797 0.24900358919953192 -0.24711700986021867
FixedParameters: 0 0 0
#Transform 59
Transform: MatrixOffsetTransformBase_double_3_3
Parameters: 0.9999979416005659 0.0011577317216651152 -0.0013111378899769823 -0.0011672663404247764 0.9999688915032044 -0.007857487177138122 0.001301866582265917 0.00785952484051418 0.999968535957139 -0.13956796547284966 0.283509945709838 -0.29991145901239236
FixedParameters: 0 0 0
#Transform 60
Transform: MatrixOffsetTransformBase_double_3_3
Parameters: 0.9999979735314117 0.000581190243392683 -0.0016395091649294457 -0.0005908120287242009 0.9999817821529988 -0.005989038098341338 0.0016364893966500224 0.00598995785451271 0.9999804424842058 -0.10952802973459086 0.19814448720522648 -0.15930657466697085
FixedParameters: 0 0 0
#Transform 61
Transform: MatrixOffsetTransformBase_double_3_3
Parameters: 0.9999994387494192 0.00018414122265178202 -0.0012357346558961254 -0.00018885971522961142 0.999992496650684 -0.003932772642532614 0.0012352676384430302 0.003933233486979721 0.9999920049652071 -0.10104680416348799 0.004363773401792059 -0.0992141726254232
FixedParameters: 0 0 0
#Transform 62
Transform: MatrixOffsetTransformBase_double_3_3
Parameters: 0.9999986738003644 0.00015764287668271204 -0.0015170011436962355 -0.00016735817978055892 0.9999808981495039 -0.006170751822516493 0.0015159957081000688 0.006170244690720182 0.9999796247630155 -0.15565705534588403 0.090034630318101 -0.2219067163286894
FixedParameters: 0 0 0
#Transform 63
Transform: MatrixOffsetTransformBase_double_3_3
Parameters: 0.9999993009562712 -0.00003844030790862653 -0.00130282601544223 0.00003155877282007774 0.9999875653748255 -0.0049430439162996605 0.0013031720253964011 0.004942952706311741 0.9999868687809177 -0.11219291431795853 0.0345894785116343 -0.12857153244956976
FixedParameters: 0 0 0
#Transform 64
Transform: MatrixOffsetTransformBase_double_3_3
Parameters: 0.9999993293889632 0.00043347914016145716 -0.0006948411064353567 -0.00043752179745418153 0.9999783059906414 -0.006519699223358057 0.0006921625569039774 0.006519303269427329 0.9999790147045172 -0.15468136820499012 0.08509540368878277 -0.2514752845289081
FixedParameters: 0 0 0
#Transform 65
Transform: MatrixOffsetTransformBase_double_3_3
Parameters: 0.9999993436120039 0.0004186837859326991 -0.0012168930430413573 -0.0004273168845088659 0.9999770075221642 -0.006841488118483697 0.0012141046375633007 0.006842516444028784 0.9999757089964759 -0.14929480890417324 0.09401585438463655 -0.21248833100142406
FixedParameters: 0 0 0
#Transform 66
Transform: MatrixOffsetTransformBase_double_3_3
Parameters: 0.9999998733473622 0.0005813997364781572 -0.0008883550272171197 -0.0005875977909565077 0.9999721848682908 -0.0074474819259457495 0.000883648201335051 0.007448517674359903 0.9999717415041135 -0.17687064717360101 0.10910213638118194 -0.2928967035272194
FixedParameters: 0 0 0
#Transform 67
Transform: MatrixOffsetTransformBase_double_3_3
Parameters: 0.9999996508574786 0.0002858680528516119 -0.0005171842519548452 -0.00028813126325174176 0.9999918854146747 -0.004126854977069317 0.0005158153441079734 0.0041271514492527295 0.9999917010105603 -0.16848496701982185 0.18683875251420545 -0.06622261279115094
FixedParameters: 0 0 0
#Transform 68
Transform: MatrixOffsetTransformBase_double_3_3
Parameters: 0.9999996091197499 0.0005344286423220943 -0.00032460109255135546 -0.0005355730863099353 0.9999880940258723 -0.004859828000367952 0.0003224008565747313 0.004860174148364275 0.9999882755998704 -0.16674410427181385 0.14858523408665292 -0.11972287306038254
FixedParameters: 0 0 0
#Transform 69
Transform: MatrixOffsetTransformBase_double_3_3
Parameters: 1.0000000051420253 0.000748315997777588 0.0006591339874245227 -0.0007446866124726897 0.9999788992191757 -0.006522500347625793 -0.0006638721993501395 0.0065225127146438695 0.9999790188993506 -0.15254382859771454 0.18259948381890467 -0.20722413711904153
FixedParameters: 0 0 0
#Transform 70
Transform: MatrixOffsetTransformBase_double_3_3
Parameters: 0.9999992046618355 0.0003921751963672137 0.0008010056025801474 -0.0003858245414260408 0.9999706347411 -0.007695315096716972 -0.0008039924025524801 0.007694690742722756 0.9999701420491046 -0.13101866714683297 0.15507699644363981 -0.2546146978616264
FixedParameters: 0 0 0
#Transform 71
Transform: MatrixOffsetTransformBase_double_3_3
Parameters: 0.9999969678246099 0.00041596087475239074 0.002204686752159332 -0.0003980443441471351 0.9999665654097643 -0.008140899796740042 -0.0022073132593684796 0.008140104074979636 0.9999648645402763 -0.1390382861474393 0.17310909027452226 -0.2946937126518634
FixedParameters: 0 0 0
#Transform 72
Transform: MatrixOffsetTransformBase_double_3_3
Parameters: 0.9999928844701912 0.0006022855998253235 0.0038409000138427143 -0.0005617167123448349 0.9999448379622535 -0.010480232710788953 -0.0038470985422217074 0.010478758150698795 0.9999373999027988 -0.2049182661676241 0.22271719774371945 -0.4586805047701432
FixedParameters: 0 0 0
#Transform 73
Transform: MatrixOffsetTransformBase_double_3_3
Parameters: 0.9999888916091985 0.004573883216411982 0.0014789152595907507 -0.004553120148963563 0.9998940738940841 -0.013826898221613444 -0.0015420891456368506 0.013820111137236744 0.9999036188136455 -0.4246573103249176 0.14186814879481346 -0.5767100967849643
FixedParameters: 0 0 0
#Transform 74
Transform: MatrixOffsetTransformBase_double_3_3
Parameters: 0.9999361248739042 0.011249052428602746 0.0005748020759579288 -0.011237927365874374 0.9997993433657825 -0.016562499254543835 -0.0007612013473480588 0.016555476419290453 0.9998623259523088 -0.7042895059586272 0.12942757229038193 -0.810341333360256
FixedParameters: 0 0 0
#Transform 75
Transform: MatrixOffsetTransformBase_double_3_3
Parameters: 0.999962235894144 0.008399937987634835 0.0022811011502651083 -0.008363067162728858 0.9998411029121758 -0.01574568096694334 -0.002412905154573502 0.01572633499244936 0.9998738492946311 -0.6065590584414764 0.05516295217995548 -0.7360363958283784
FixedParameters: 0 0 0
#Transform 76
Transform: MatrixOffsetTransformBase_double_3_3
Parameters: 0.9999733775249433 0.006464817568392957 0.003290801608757619 -0.00641619257032371 0.9998726269125995 -0.01463549655716568 -0.0033841924198747767 0.014613503357441916 0.9998869701112456 -0.5490487352169993 0.072948261118853 -0.6767908202244968
FixedParameters: 0 0 0
#Transform 77
Transform: MatrixOffsetTransformBase_double_3_3
Parameters: 0.9999737635771407 0.006833820849120237 0.002352639893442161 -0.00679718253859123 0.9998590868808643 -0.01531938260994838 -0.0024563658923317327 0.015303604496917339 0.9998797592204928 -0.5694586654062874 0.03354197576005902 -0.7281245131338778
FixedParameters: 0 0 0
#Transform 78
Transform: MatrixOffsetTransformBase_double_3_3
Parameters: 0.9999905761272332 0.00362294628732297 0.0023014133592830746 -0.0035890462302206306 0.9998873344220579 -0.01458639609320486 -0.0023545883737378565 0.014578605592870764 0.9998909184967517 -0.39626395320723873 0.10456738615656036 -0.6048484794295632
FixedParameters: 0 0 0
#Transform 79
Transform: MatrixOffsetTransformBase_double_3_3
Parameters: 0.9999922535247556 0.003597324875991054 -0.0013427000112801273 -0.0036096739592093733 0.9999546166831856 -0.008795220153057634 0.0013112949658111328 0.008799784052399173 0.9999608412262877 -0.4427777579042953 0.18110024530719215 -0.6766328959895986
FixedParameters: 0 0 0
#Transform 80
Transform: MatrixOffsetTransformBase_double_3_3
Parameters: 0.9999881926905226 0.003711042524008543 -0.003005821952821107 -0.003722955803491664 0.9999852834576722 -0.003981857640187564 0.002991178582539781 0.0039931487034887666 0.9999881085874982 -0.3662347697772361 0.2057701609277558 -0.4566823887338387
FixedParameters: 0 0 0
#Transform 81
Transform: MatrixOffsetTransformBase_double_3_3
Parameters: 0.9999922188905144 0.0038921615996221014 -0.000795917347441874 -0.0038878447221735815 0.999979216017139 0.005164137513082932 0.0008150820553120376 -0.00516087065522998 0.9999866994533836 -0.013489032673490442 0.4245080974803983 0.22085303584552207
FixedParameters: 0 0 0
#Transform 82
Transform: MatrixOffsetTransformBase_double_3_3
Parameters: 0.9999962779275695 0.001381334836519874 -0.002194365476311788 -0.0013476690797913943 0.9998845252929851 0.015121008498385397 0.002214629049527408 -0.01511799206339532 0.9998835271653194 -0.06186740070728547 0.8056830522299521 0.9277403181950916
FixedParameters: 0 0 0
#Transform 83
Transform: MatrixOffsetTransformBase_double_3_3
Parameters: 0.9999958985273933 0.0016633218557707782 -0.002309676170824117 -0.0016386713571164475 0.9999431993206835 0.010493825991029462 0.002327320088713647 -0.010489170088850256 0.9999425495997983 -0.059666574974755804 0.47018327202536625 0.5635026741204427
FixedParameters: 0 0 0
#Transform 84
Transform: MatrixOffsetTransformBase_double_3_3
Parameters: 0.9999974980336827 0.00141221689156787 -0.0018728823066461117 -0.0013957828303867055 0.9999615417452862 0.008631635828152653 0.0018851172307809863 -0.008629359491127558 0.9999609822892801 -0.10683891027228754 0.3853584428877639 0.38255388653902855
FixedParameters: 0 0 0
#Transform 85
Transform: MatrixOffsetTransformBase_double_3_3
Parameters: 0.9999960079010127 0.0020621390557144653 -0.001933791254275895 -0.0020428607041465506 0.9999498605622594 0.009846990576859066 0.0019542060389362366 -0.009843010250535343 0.9999492941962135 -0.11754824973232303 0.29219713222626353 0.43768850888521627
FixedParameters: 0 0 0
#Transform 86
Transform: MatrixOffsetTransformBase_double_3_3
Parameters: 0.9999963603262527 0.002165759652535021 -0.0017173114627291736 -0.0021502446268118814 0.9999560936587805 0.009125726867527472 0.0017366915608815789 -0.009122272959143873 0.9999567681338553 -0.14602669662230028 0.3455174586438545 0.3471932154414219
FixedParameters: 0 0 0
#Transform 87
Transform: MatrixOffsetTransformBase_double_3_3
Parameters: 0.9999951987798694 0.0026005769685174015 -0.0014275404558301568 -0.002587427300944937 0.999952343852227 0.009431741502388877 0.0014514645303297814 -0.009428273184446613 0.9999550006439486 -0.1702821540103514 0.2694684852860121 0.4042781645271134
FixedParameters: 0 0 0
#Transform 88
Transform: MatrixOffsetTransformBase_double_3_3
Parameters: 0.9999932984476172 0.0026569280983622244 -0.0023756017750997268 -0.002634077290254343 0.9999508386698424 0.009603323181124253 0.0024003967474720295 -0.009596687937221812 0.9999511348388826 -0.17119165943607584 0.3248251010243166 0.33641778592873095
FixedParameters: 0 0 0
#Transform 89
Transform: MatrixOffsetTransformBase_double_3_3
Parameters: 0.9999909499751348 0.002899035105322834 -0.0031054863633407656 -0.0028659582698447182 0.9999396344955985 0.010589994907421515 0.003136513716037102 -0.010581001767379064 0.9999392026046448 -0.1940811280348811 0.26817177556380045 0.40996632916838394
FixedParameters: 0 0 0
#Transform 90
Transform: MatrixOffsetTransformBase_double_3_3
Parameters: 0.999989675661907 0.003416169463785656 -0.002941740299520447 -0.00338882692733578 0.9999520194876471 0.009192066452513813 0.0029732594661083084 -0.009181940143754752 0.9999538497561458 -0.2246213628496747 0.31406295004421736 0.32757432048876467
FixedParameters: 0 0 0
#Transform 91
Transform: MatrixOffsetTransformBase_double_3_3
Parameters: 0.9999906529691773 0.0037609779404801733 -0.002280534554244412 -0.003738021029116489 0.999943087762129 0.009996626114497704 0.002318470554590164 -0.009988381641902789 0.9999478590659456 -0.2347998692809199 0.27807550731930064 0.3490259860282663
FixedParameters: 0 0 0
#Transform 92
Transform: MatrixOffsetTransformBase_double_3_3
Parameters: 0.9999919822480745 0.0034596242775137118 -0.0020116241468926756 -0.003440373728126965 0.9999474986280055 0.009678002045605696 0.002045380028845352 -0.00967100500692082 0.9999512865214588 -0.2281062589052567 0.34829206474223895 0.33678939378080486
FixedParameters: 0 0 0
#Transform 93
Transform: MatrixOffsetTransformBase_double_3_3
Parameters: 0.9999897524787796 0.003745931868270369 -0.00268620540549201 -0.0037200730555589858 0.9999471127406279 0.009594098872307022 0.0027217989460003355 -0.009583910222146516 0.9999507366045303 -0.23107733971362165 0.33000810467953556 0.33681334560473886
FixedParameters: 0 0 0
#Transform 94
Transform: MatrixOffsetTransformBase_double_3_3
Parameters: 0.9999891490298454 0.0037638990825634715 -0.0027718378957930926 -0.0037401004506642226 0.9999564411839943 0.008577465749382665 0.0028041637333891473 -0.008566544096086193 0.999959745891202 -0.24056609700902243 0.3584080654740802 0.30776720308899996
FixedParameters: 0 0 0
#Transform 95
Transform: MatrixOffsetTransformBase_double_3_3
Parameters: 0.9999883150404094 0.003981946351612775 -0.0026133642112305157 -0.003959053502521245 0.999954142082809 0.008728450379268535 0.002647635286852643 -0.008717561063846675 0.9999589876418868 -0.26907519232588584 0.33529863485368594 0.2930417823729954
FixedParameters: 0 0 0
#Transform 96
Transform: MatrixOffsetTransformBase_double_3_3
Parameters: 0.9999888069561159 0.004286149315195545 -0.0021960262307496327 -0.004266857448737717 0.9999539645371678 0.00865047611929347 0.0022329730559294495 -0.008640535030751562 0.9999603493219384 -0.26068689483669516 0.346301514862958 0.3136107517433402
FixedParameters: 0 0 0
#Transform 97
Transform: MatrixOffsetTransformBase_double_3_3
Parameters: 0.9999881736222458 0.004397353160603671 -0.002118355352815047 -0.004380655163176229 0.9999577678440047 0.00812637755602573 0.0021536519140600424 -0.008117627302229648 0.9999644690093803 -0.25374096988127803 0.3308472940502867 0.3042845539937389
FixedParameters: 0 0 0
#Transform 98
Transform: MatrixOffsetTransformBase_double_3_3
Parameters: 0.9999893707540205 0.004213395273792721 -0.001695511506275535 -0.004201604526466742 0.9999647838775116 0.007250199904634828 0.0017254919300189893 -0.007242805776684627 0.9999725613904072 -0.27360041644409705 0.3408721350688637 0.2518308684167181
FixedParameters: 0 0 0
#Transform 99
Transform: MatrixOffsetTransformBase_double_3_3
Parameters: 0.999990243212027 0.0041662783162775595 -0.0015493705226185346 -0.004153721403676448 0.9999601801701644 0.007846510088117526 0.0015816255968877759 -0.0078394848720191 0.9999680352840383 -0.267989698547197 0.3357117449055096 0.2912988431121448
FixedParameters: 0 0 0
#Transform 100
Transform: MatrixOffsetTransformBase_double_3_3
Parameters: 0.9999871425200029 0.004701039501227079 -0.0016602883877545485 -0.0046889518441067726 0.9999634103805833 0.007183874481925994 0.001694705141860774 -0.007175122478459109 0.9999726397518575 -0.2823468462053995 0.3552309530313096 0.2335490051370357
FixedParameters: 0 0 0
#Transform 101
Transform: MatrixOffsetTransformBase_double_3_3
Parameters: 0.9999887874062308 0.004338151894030733 -0.0018423276407041136 -0.0043248455087420016 0.9999650963146188 0.00708504471846383 0.001872671438960566 -0.007076952909328822 0.9999734081726761 -0.2692387205281932 0.3236260310446397 0.23954615114381284
FixedParameters: 0 0 0
#Transform 102
Transform: MatrixOffsetTransformBase_double_3_3
Parameters: 0.9999897425071885 0.004066279885715135 -0.0019294799073151802 -0.004055714226278226 0.9999774283643412 0.005302878027693099 0.0019515188798829054 -0.005295117104310341 0.999984154688073 -0.29598686110632855 0.3319052734268837 0.17460273476554278
FixedParameters: 0 0 0
#Transform 103
Transform: MatrixOffsetTransformBase_double_3_3
Parameters: 0.9999881259294087 0.004443038319122498 -0.0020332065176825675 -0.004432963955995245 0.999978190614283 0.0049150715550850144 0.002054792644955234 -0.0049059287929695255 0.9999857087143781 -0.2649473491166532 0.41504975460875926 0.15098161101998642
FixedParameters: 0 0 0
#Transform 104
Transform: MatrixOffsetTransformBase_double_3_3
Parameters: 0.999991281595428 0.003895594909015362 -0.0015941583067615652 -0.0038874072931476475 0.9999781689626321 0.00535924704918819 0.0016148445560599874 -0.005352759073330949 0.9999847384625379 -0.26540435272961815 0.24982673329272131 0.18520368869748438
FixedParameters: 0 0 0
#Transform 105
Transform: MatrixOffsetTransformBase_double_3_3
Parameters: 0.9999910803178699 0.003899889585905643 -0.0016464352781797873 -0.003892112506990341 0.9999811155581345 0.004768452429493559 0.0016645645499756933 -0.004761552640907116 0.9999875538245481 -0.27219929436016344 0.30911403778009117 0.15249688125972227
FixedParameters: 0 0 0
#Transform 106
Transform: MatrixOffsetTransformBase_double_3_3
Parameters: 0.9999904466352061 0.00408849046369323 -0.0016837480724530012 -0.004078506134715912 0.999972076202568 0.006187927516470149 0.0017092576025049616 -0.006181071992112465 0.9999798732501123 -0.257731173653724 0.3363775355383609 0.21789778385819147
FixedParameters: 0 0 0
#Transform 107
Transform: MatrixOffsetTransformBase_double_3_3
Parameters: 0.9999911535705066 0.003892417013669018 -0.0016411763810048417 -0.00388158122877268 0.9999682664272865 0.006904428190009766 0.0016678256154530346 -0.006897565894241913 0.9999746380232856 -0.27175585435780647 0.3103252556331455 0.2275268064545628
FixedParameters: 0 0 0
#Transform 108
Transform: MatrixOffsetTransformBase_double_3_3
Parameters: 0.9999910824982245 0.003764828859912084 -0.0016563102521834673 -0.003757167727848457 0.9999817363319066 0.004706260134657995 0.001673686548182893 -0.004699735891416635 0.9999871093353404 -0.2668002896557624 0.30038533682662205 0.1349736826900596
FixedParameters: 0 0 0
#Transform 109
Transform: MatrixOffsetTransformBase_double_3_3
Parameters: 0.9999926106269307 0.003622829570562801 -0.001124385951357208 -0.0036171725336000406 0.9999804550148621 0.005144105984466078 0.0011426144264594792 -0.0051398993587501605 0.9999862747168523 -0.2649191942045519 0.33274986244123284 0.17837270420014306
FixedParameters: 0 0 0
#Transform 110
Transform: MatrixOffsetTransformBase_double_3_3
Parameters: 0.9999919612212907 0.003924816638313373 -0.0007962425799700167 -0.003922185155561887 0.9999863103955293 0.003508153544987151 0.0008097582949659232 -0.003504852356789917 0.9999940595466872 -0.2425336933852691 0.3494741143430815 0.1074073292089679
FixedParameters: 0 0 0
#Transform 111
Transform: MatrixOffsetTransformBase_double_3_3
Parameters: 0.9999932291608209 0.0034955412350676112 -0.0007417606418061484 -0.003494453364220648 0.9999914958766578 0.0020726038872422576 0.0007492369818819579 -0.0020693928266456688 0.9999971551726596 -0.2293264314467649 0.40905197644065083 0.07334404528270966
FixedParameters: 0 0 0
#Transform 112
Transform: MatrixOffsetTransformBase_double_3_3
Parameters: 0.9999953753185606 0.0025776617590197197 -0.001406859222355687 -0.0025713342404962212 0.9999851310884271 0.004717635242861024 0.0014191420777248086 -0.004714359650696067 0.9999877625991495 -0.1519982612374946 0.5913860964318189 0.10602446123526477
FixedParameters: 0 0 0
#Transform 113
Transform: MatrixOffsetTransformBase_double_3_3
Parameters: 0.9999971389787299 0.002303313269639284 -0.0007459547280420167 -0.0023016855415519096 0.9999956131846478 0.0017577220763525584 0.0007500434272614936 -0.001755277531221338 0.999998355196795 -0.152483964754083 0.5976327790425415 0.031551282486177
FixedParameters: 0 0 0
#Transform 114
Transform: MatrixOffsetTransformBase_double_3_3
Parameters: 0.9999976043403733 0.001957152504436706 -0.0007520044999496936 -0.001955846039401001 0.9999968296699451 0.0015314733446281084 0.0007549933537436374 -0.0015295248970662466 0.999998089805015 -0.1371675428226382 0.5834594650356593 0.03466864017210014
FixedParameters: 0 0 0
#Transform 115
Transform: MatrixOffsetTransformBase_double_3_3
