#Insight Transform File V1.0
#Transform 0
Transform: MatrixOffsetTransformBase_double_3_3
Parameters: 0.9999931276231895 -0.0005482370001603838 -0.0035453755499831965 0.0005307598607625479 0.9999880891266695 -0.004860912757482107 0.0035486195293865253 0.004859085516381467 0.9999817988737655 -0.038739852528792085 -0.1192470244521644 -0.24397208652729319
FixedParameters: 0 0 0
#Transform 1
Transform: MatrixOffsetTransformBase_double_3_3
Parameters: 0.9999944645109605 -0.0007180026999283098 -0.003165856373947159 0.0007039998730608511 0.9999899490813255 -0.004422252884330454 0.0031681430897622107 0.004419749372532936 0.9999854246436914 -0.05775547029253403 -0.15357243132091014 -0.19033438930080138
FixedParameters: 0 0 0
#Transform 2
Transform: MatrixOffsetTransformBase_double_3_3
Parameters: 0.9999937865281603 -0.0007153860936828314 -0.0035637519366144917 0.0006996152791522277 0.9999893806272182 -0.004596524883225192 0.003567254629953335 0.004594479652859536 0.9999831682770702 -0.04558581833009612 -0.12419185701557467 -0.21625976418489756
FixedParameters: 0 0 0
#Transform 3
Transform: MatrixOffsetTransformBase_double_3_3
Parameters: 0.9999932674073964 -0.0008273423144779841 -0.0034711437954379207 0.00081065764806895 0.999988187323839 -0.004706841484803621 0.0034748514691955103 0.004704152663155031 0.9999827962645537 -0.044345275580297994 -0.0734961615262506 -0.20144149758240815
FixedParameters: 0 0 0
#Transform 4
Transform: MatrixOffsetTransformBase_double_3_3
Parameters: 0.9999943694125322 -0.00037990113296986427 -0.0033892567877296595 0.0003640992641478615 0.9999888606345024 -0.004691262168437406 0.003390746550278544 0.0046897399858765775 0.9999835068175301 -0.03973213327863334 -0.15877940572781313 -0.20080915826530088
FixedParameters: 0 0 0
#Transform 5
Transform: MatrixOffsetTransformBase_double_3_3
Parameters: 0.9999936474335464 -0.0008421148166870821 -0.0035555290522930965 0.0008228836866220008 0.999985442865119 -0.0053739641327997184 0.0035604743571670985 0.005371040001509044 0.9999794764244454 -0.044808609575568425 -0.09332612530928941 -0.26315545095197024
FixedParameters: 0 0 0
#Transform 6
Transform: MatrixOffsetTransformBase_double_3_3
Parameters: 0.9999926060697154 -0.0006310321832884979 -0.003741164720491301 0.0006139676580925266 0.9999899007060016 -0.004552330132736463 0.003743830765209452 0.004549670681017613 0.999982281794807 -0.03734425430138799 -0.16060844288774945 -0.21918057588553097
FixedParameters: 0 0 0
#Transform 7
Transform: MatrixOffsetTransformBase_double_3_3
Parameters: 0.9999925743271476 -0.0009778642084704216 -0.003803696701077111 0.000957133068542228 0.9999850167431639 -0.005483684252664172 0.0038093035180326836 0.005479318596362866 0.9999774632011821 -0.04118630874874896 -0.09041391555990685 -0.28951663711328024
FixedParameters: 0 0 0
#Transform 8
Transform: MatrixOffsetTransformBase_double_3_3
Parameters: 0.9999926803771373 -0.0005077891770545176 -0.003749763926194446 0.0004912099399297094 0.9999897157521878 -0.004476873104528434 0.0037522354863185974 0.004475125825147619 0.999982895133605 -0.05500131643458417 -0.13091857244751282 -0.22957190671006344
FixedParameters: 0 0 0
#Transform 9
Transform: MatrixOffsetTransformBase_double_3_3
Parameters: 0.999995528859989 -0.0001830641525639859 -0.003072140923042417 0.0001679349551620385 0.999987929584271 -0.004903540243053025 0.0030728618883951483 0.004902461787525392 0.9999835200451137 -0.0603762916197752 -0.16059748375501215 -0.24215277422939607
FixedParameters: 0 0 0
#Transform 10
Transform: MatrixOffsetTransformBase_double_3_3
Parameters: 0.9999974791180868 -0.0001459404940651689 -0.0023452311464659103 0.00013306001252986655 0.9999845429825491 -0.0055173261942956155 0.002345770404488321 0.00551667179326842 0.9999820610214459 -0.08418503847126146 -0.11943872201239003 -0.2977240995723349
FixedParameters: 0 0 0
#Transform 11
Transform: MatrixOffsetTransformBase_double_3_3
Parameters: 0.9999974166073856 0.00027156850582682994 -0.002347472616339275 -0.00028442988236515056 0.9999858589723072 -0.0052973478632449295 0.0023455271856528018 0.005297652526352435 0.9999834301484503 -0.08193800708514232 -0.13811559736633683 -0.2814237184603883
FixedParameters: 0 0 0
#Transform 12
Transform: MatrixOffsetTransformBase_double_3_3
Parameters: 0.9999962083227761 -0.00024187557669370978 -0.002594655860993115 0.00022712306916617184 0.9999830945991963 -0.005731607358782724 0.002596343956909203 0.005731390058922252 0.9999804129029183 -0.08484326350682636 -0.11928780999652133 -0.29521564230499564
FixedParameters: 0 0 0
#Transform 13
Transform: MatrixOffsetTransformBase_double_3_3
Parameters: 0.9999965102660215 -0.0005551774232642983 -0.0026797002050536933 0.0005388194075181065 0.9999812972743977 -0.0060344655771695085 0.002683300916438064 0.006032531987963102 0.999978405963089 -0.06583112400970492 -0.09997589228869685 -0.28572034355690334
FixedParameters: 0 0 0
#Transform 14
Transform: MatrixOffsetTransformBase_double_3_3
Parameters: 0.9999990641782874 0.000050961420116848654 -0.0017123297189440328 -0.00006104239206351469 0.9999826217689572 -0.005862905002051223 0.0017126730461806152 0.005863096807183393 0.9999816922193167 -0.05722176126580791 -0.10051576611384405 -0.3353608865009363
FixedParameters: 0 0 0
#Transform 15
Transform: MatrixOffsetTransformBase_double_3_3
Parameters: 0.999995484820164 -0.0012206723807587786 -0.0026508380371871583 0.001205330952568233 0.9999816651133973 -0.005906219569447268 0.0026571625197922186 0.0059027808907494185 0.9999790927073712 -0.0015202228853610222 -0.08708382539050774 -0.35326021638319105
FixedParameters: 0 0 0
#Transform 16
Transform: MatrixOffsetTransformBase_double_3_3
Parameters: 0.9999941216688203 -0.0009318493842745422 -0.003163953859397281 0.0009171498494910555 0.9999900088978809 -0.004375927478545799 0.0031680423693370608 0.004373073503587835 0.9999858399789423 -0.008539414883202312 -0.16050891211504847 -0.29876081166557356
FixedParameters: 0 0 0
#Transform 17
Transform: MatrixOffsetTransformBase_double_3_3
Parameters: 0.999993986983204 -0.0010164770281955555 -0.003461494956395166 0.00100052694181589 0.9999890197410857 -0.00446949030038883 0.003465506992490666 0.004466504355317754 0.9999840408889672 -0.006949616321890062 -0.08745074333111802 -0.33455815475089423
FixedParameters: 0 0 0
#Transform 18
Transform: MatrixOffsetTransformBase_double_3_3
Parameters: 0.99999431568867 -0.000642243824947697 -0.003204980459516629 0.0006267561843619836 0.9999889967031861 -0.004755034415720329 0.0032080133356521996 0.004752965335310057 0.9999831175788616 -0.01830103552724438 -0.18206781607256062 -0.23681384645661296
FixedParameters: 0 0 0
#Transform 19
Transform: MatrixOffsetTransformBase_double_3_3
Parameters: 0.9999945433914341 -0.0010021276244047965 -0.0032330479265393567 0.0009858758509812746 0.9999871714622524 -0.004985218088156006 0.003237956218989441 0.004982785848446362 0.999982690947103 -0.00046250195023844753 -0.08344430268554959 -0.36377113683246876
FixedParameters: 0 0 0
#Transform 20
Transform: MatrixOffsetTransformBase_double_3_3
Parameters: 0.9999945584514289 -0.0008226394256892587 -0.0032811052464533823 0.0008103597886029304 0.9999937591276421 -0.0035476816698333017 0.003283895899200104 0.0035443213155258464 0.9999886509306144 0.004677090510298854 -0.23993930396845542 -0.23468541465939552
FixedParameters: 0 0 0
#Transform 21
Transform: MatrixOffsetTransformBase_double_3_3
Parameters: 0.99999637058318 -0.0009948693438838476 -0.0025764483140310306 0.0009831268957370715 0.9999888341128023 -0.004604550528812416 0.002581553104964298 0.004601449234245431 0.9999861609483135 0.005353002189650624 -0.1504486912718761 -0.3244404281312683
FixedParameters: 0 0 0
#Transform 22
Transform: MatrixOffsetTransformBase_double_3_3
Parameters: 0.9999949455368499 -0.000751921415926021 -0.0032385735844088948 0.0007360761722109892 0.9999892402666317 -0.004606410523706259 0.003242425874257049 0.004603588624619915 0.999984292881974 0.02307293664456722 -0.10776023779720845 -0.25332853566408176
FixedParameters: 0 0 0
#Transform 23
Transform: MatrixOffsetTransformBase_double_3_3
Parameters: 0.9999943443369982 -0.000505742990958086 -0.003224722099260403 0.0004912538773699793 0.9999898618439601 -0.004571612090682622 0.0032272789184229727 0.004569395747674865 0.9999847031876145 0.007181885174830427 -0.13459711146023778 -0.28530145161742837
FixedParameters: 0 0 0
#Transform 24
Transform: MatrixOffsetTransformBase_double_3_3
Parameters: 0.9999948485380477 -0.0009697629343632202 -0.0031958563371668417 0.000956241843924385 0.999990552370637 -0.004305079601313458 0.0031991449502464598 0.004301921162276574 0.9999852556648984 0.003528069952722035 -0.08022612427110687 -0.35238740260977863
FixedParameters: 0 0 0
#Transform 25
Transform: MatrixOffsetTransformBase_double_3_3
Parameters: 0.999994323138812 -0.0010262259601864485 -0.0032595560188789533 0.0010127756591471815 0.9999899377734952 -0.004363327278353071 0.0032634491910481134 0.00435967702325686 0.9999853396901143 -0.0069501534776321705 -0.14392658622411147 -0.2560936019751239
FixedParameters: 0 0 0
#Transform 26
Transform: MatrixOffsetTransformBase_double_3_3
Parameters: 0.9999931181507492 -0.0007894514119130664 -0.0035015512126626543 0.0007735512082319957 0.9999899365848135 -0.004411737515187538 0.0035044448856946637 0.0044092622790155534 0.999984276231707 0.012545622849373217 -0.08626496682616391 -0.2755075069263313
FixedParameters: 0 0 0
#Transform 27
Transform: MatrixOffsetTransformBase_double_3_3
Parameters: 0.9999937099886775 -0.0010369150699145555 -0.003494903108660854 0.001023085741609493 0.9999911065429967 -0.003980600136133295 0.0034990999081464893 0.003977396260525966 0.9999859383476302 -0.004023463447538234 -0.14137035805454445 -0.22529325129755762
FixedParameters: 0 0 0
#Transform 28
Transform: MatrixOffsetTransformBase_double_3_3
Parameters: 0.9999944837869457 -0.0009150733439384248 -0.0031111839806008666 0.0009019239599941852 0.9999905344975631 -0.0042018285730906725 0.00311481542903313 0.0041981722166623036 0.9999866690381672 0.015927331938470957 -0.12040279297099232 -0.22860468793474809
FixedParameters: 0 0 0
#Transform 29
Transform: MatrixOffsetTransformBase_double_3_3
Parameters: 0.9999942921865527 -0.0007830117326523028 -0.0033307358191273645 0.0007689852141221633 0.9999907156759476 -0.004206583657576773 0.0033342620187522677 0.004203411585813771 0.9999852122210937 0.010931270754369393 -0.15839226274400175 -0.2426197063501263
FixedParameters: 0 0 0
#Transform 30
Transform: MatrixOffsetTransformBase_double_3_3
Parameters: 0.9999930829468925 -0.0007995309147879249 -0.0036436278693871456 0.0007844673498281482 0.9999902207250903 -0.0042618874926928655 0.0036473765521282783 0.0042591129758844624 0.9999845582084814 0.011661155350807917 -0.1133331293253832 -0.24204896978373824
FixedParameters: 0 0 0
#Transform 31
Transform: MatrixOffsetTransformBase_double_3_3
Parameters: 0.9999935067622977 -0.0009240132669806327 -0.0035553879017522732 0.0009099874621630774 0.9999916393353223 -0.003941260898732919 0.003558612997710322 0.003937737311778754 0.9999858278883976 0.011322764323409729 -0.14779819606401645 -0.24651655014208984
FixedParameters: 0 0 0
#Transform 32
Transform: MatrixOffsetTransformBase_double_3_3
Parameters: 0.9999919671054719 -0.0009030770623953046 -0.003770182898496623 0.0008869200297463912 0.9999900341897868 -0.004263372995808689 0.003774811931952484 0.004260620172105714 0.9999836033554892 0.024223868588904907 -0.10598111652178943 -0.2779166864334144
FixedParameters: 0 0 0
#Transform 33
Transform: MatrixOffsetTransformBase_double_3_3
Parameters: 0.9999938268877999 -0.0010530478978397922 -0.0033265832004470823 0.0010389518397365646 0.9999900931374811 -0.004222478066218122 0.003330412548671872 0.004218514795125362 0.9999851082733954 0.0156529069207636 -0.1155353402584467 -0.2507997084620115
FixedParameters: 0 0 0
#Transform 34
Transform: MatrixOffsetTransformBase_double_3_3
Parameters: 0.9999910405396226 -0.0011944929134113371 -0.004065902781745033 0.0011775034700608818 0.9999901032111066 -0.004302828531141515 0.004071102470606778 0.004297177965031621 0.9999829569641737 0.006219479483320356 -0.0628807348898448 -0.30145131250679924
FixedParameters: 0 0 0
#Transform 35
Transform: MatrixOffsetTransformBase_double_3_3
Parameters: 0.9999929037505697 -0.0008570681226313542 -0.0036557297881088502 0.0008429346181038144 0.9999924818215242 -0.0038481092639010965 0.003658268891383275 0.003844892314553411 0.9999858305848053 -0.003329968675942041 -0.13101559830273857 -0.2321079569511113
FixedParameters: 0 0 0
#Transform 36
Transform: MatrixOffsetTransformBase_double_3_3
Parameters: 0.9999907433123137 -0.0007239052303779559 -0.004328208810626477 0.0007071001909423477 0.9999922467030685 -0.0039050985842382768 0.0043307954939249115 0.0039029030031361637 0.999983013908434 0.008889497519689371 -0.06196911981903952 -0.2845503319998244
FixedParameters: 0 0 0
#Transform 37
Transform: MatrixOffsetTransformBase_double_3_3
Parameters: 0.999994172570198 -0.0006821921671943088 -0.0033705546660508633 0.0006698057159924296 0.9999934674861296 -0.0036172790469909647 0.003373443524331174 0.0036147200787426635 0.9999875540125557 -0.01347083142820793 -0.1342867204541136 -0.23107091232803612
FixedParameters: 0 0 0
#Transform 38
Transform: MatrixOffsetTransformBase_double_3_3
Parameters: 0.9999929085050784 -0.0009134731194864023 -0.0036411547165842557 0.0008975292315375009 0.9999901429134341 -0.004248297623478458 0.0036448460991093785 0.004245700092812617 0.9999846912941355 -0.007482751828490564 -0.1077023865905744 -0.2828841950248062
FixedParameters: 0 0 0
#Transform 39
Transform: MatrixOffsetTransformBase_double_3_3
Parameters: 0.9999930212782794 -0.0009827571875532506 -0.003465848105238544 0.0009682442757707865 0.9999909432174537 -0.004256385134917779 0.0034701496798776707 0.004253619013149839 0.9999848677119635 -0.0163562262750645 -0.09466397830858853 -0.26207850843687197
FixedParameters: 0 0 0
#Transform 40
Transform: MatrixOffsetTransformBase_double_3_3
Parameters: 0.9999922850237831 -0.0008292235443860247 -0.0037456597846371813 0.0008137789417686536 0.999991821094885 -0.004064078603898077 0.003748334530051367 0.0040609222325893755 0.999984455855498 -0.010327640282611128 -0.14094536293755766 -0.25854586649423084
FixedParameters: 0 0 0
#Transform 41
Transform: MatrixOffsetTransformBase_double_3_3
Parameters: 0.9999930439477704 -0.0008748763392853939 -0.0036317419439307616 0.000857124699998524 0.9999870532486862 -0.004920146329013236 0.0036362617352399635 0.00491785217736387 0.9999815971235199 -0.009778524105740871 -0.0978631568268753 -0.2906781956660751
FixedParameters: 0 0 0
#Transform 42
Transform: MatrixOffsetTransformBase_double_3_3
Parameters: 0.9999918282988851 -0.0005946021749321251 -0.004100911796046682 0.0005803957057356466 0.9999929811480632 -0.00356140980463366 0.004103094823384202 0.0035585899211976737 0.9999854997629065 -0.017263988500843652 -0.14758599157771357 -0.2619920950734098
FixedParameters: 0 0 0
#Transform 43
Transform: MatrixOffsetTransformBase_double_3_3
Parameters: 0.9999940121520797 -0.0007262768606501492 -0.0035298949021062807 0.0007107255894015872 0.999990773641863 -0.0043265403233799455 0.0035331107022934195 0.0043244655116784336 0.999984818288109 -0.013192956501740127 -0.1169577403242954 -0.30635995010004535
FixedParameters: 0 0 0
#Transform 44
Transform: MatrixOffsetTransformBase_double_3_3
Parameters: 0.9999923624369207 -0.0006780376756379406 -0.003895737277916972 0.0006589626040267223 0.9999876945205687 -0.00488560691967543 0.003899267920695931 0.0048833959085613846 0.9999809507511705 -0.020995383821372116 -0.07851612452958534 -0.2693286886411812
FixedParameters: 0 0 0
#Transform 45
Transform: MatrixOffsetTransformBase_double_3_3
Parameters: 0.9999928821360586 -0.0005070760882660166 -0.0038549207319945973 0.000490924494167032 0.9999913702943005 -0.004169924245948582 0.0038570814290780474 0.004168075925021769 0.9999837504364797 -0.03286357272364171 -0.13573907770187077 -0.2474308148533595
FixedParameters: 0 0 0
#Transform 46
Transform: MatrixOffsetTransformBase_double_3_3
Parameters: 0.9999928182499401 -0.0009191553716340738 -0.0036519704274613697 0.0009028464514931424 0.9999896246792622 -0.004422325715295764 0.0036560255585126717 0.0044196680692282775 0.9999831027870049 -0.034202129932467074 -0.06959230675190042 -0.31769486793804447
FixedParameters: 0 0 0
#Transform 47
Transform: MatrixOffsetTransformBase_double_3_3
Parameters: 0.9999921550573581 -0.000751844764361033 -0.003908798316600429 0.0007351555033418343 0.9999908924766 -0.004308909962802681 0.003912203626644766 0.00430609499811275 0.9999831531279539 -0.030791710667429584 -0.14926355452591622 -0.2529835505478246
FixedParameters: 0 0 0
#Transform 48
Transform: MatrixOffsetTransformBase_double_3_3
Parameters: 0.9999940932028241 -0.0007388127885198078 -0.00321863466643976 0.0007241839464995388 0.9999893047261447 -0.004601357754835238 0.003222364514189962 0.004598646131016842 0.9999844681194686 -0.04071506933249225 -0.08997185249894812 -0.3469781503832081
FixedParameters: 0 0 0
#Transform 49
Transform: MatrixOffsetTransformBase_double_3_3
Parameters: 0.9999920632519262 -0.00036341034871719856 -0.003847394636142518 0.00034558497299051 0.9999894030510117 -0.004525363672509922 0.0038496025242416303 0.004523635071215246 0.9999827176437396 -0.04792113724158753 -0.1269240736480981 -0.2582642077514805
FixedParameters: 0 0 0
#Transform 50
Transform: MatrixOffsetTransformBase_double_3_3
Parameters: 0.9999949313744445 -0.0003622624083184706 -0.003307365029268933 0.00034673924127778 0.9999895897719895 -0.004614173164538209 0.003308636031091041 0.004612827770667982 0.9999837724892269 -0.06487853148914269 -0.08665053292601499 -0.3527693486158654
FixedParameters: 0 0 0
#Transform 51
Transform: MatrixOffsetTransformBase_double_3_3
Parameters: 0.9999917001356292 -0.00018748010434784285 -0.004155169889912394 0.00016752189683292375 0.9999889956176622 -0.004687738398231185 0.00415583397339536 0.004687263176885573 0.999980758766672 -0.057314974026823506 -0.08690429879983697 -0.30975493218838324
FixedParameters: 0 0 0
#Transform 52
Transform: MatrixOffsetTransformBase_double_3_3
Parameters: 0.9999917429897596 0.00030788434381846217 -0.004020426817496149 -0.00032611241150617146 0.999989590792977 -0.004505723542945877 0.004018569678546801 0.0045072719220699015 0.9999815347615348 -0.068388093816381 -0.17642082871643083 -0.31636427462041183
FixedParameters: 0 0 0
#Transform 53
Transform: MatrixOffsetTransformBase_double_3_3
Parameters: 0.9999899805182069 -0.0004616320709783252 -0.0044508106924819974 0.000440371899104027 0.9999881864435424 -0.004860010506040572 0.0044521935689941835 0.004857995199294146 0.999978573769982 -0.0597669202773119 -0.07861411292601872 -0.37888643917966647
FixedParameters: 0 0 0
#Transform 54
Transform: MatrixOffsetTransformBase_double_3_3
Parameters: 0.9999907557281924 0.0005262936678591359 -0.004355303994351505 -0.0005447036043811037 0.9999902574470432 -0.004294668640164236 0.004352702940571333 0.004297331813963042 0.9999815866994423 -0.0910411799283537 -0.1360603011481203 -0.26960460319008916
FixedParameters: 0 0 0
#Transform 55
Transform: MatrixOffsetTransformBase_double_3_3
Parameters: 0.9999911486943154 0.00045062933849823 -0.004201009954902548 -0.00046837128279344635 0.9999906568003071 -0.004373071147765554 0.0041989902098689405 0.0043749309847965 0.9999812277791503 -0.10643527558713117 -0.10591456602702465 -0.3976423131342699
FixedParameters: 0 0 0
#Transform 56
Transform: MatrixOffsetTransformBase_double_3_3
Parameters: 0.9999868026141862 0.0004201720860729301 -0.005101106052068126 -0.00044482631565897563 0.9999881152153237 -0.0048667956334907045 0.005098895182836222 0.004869207184743658 0.9999752919459788 -0.11656109121089742 -0.07921744086260674 -0.3690119476661806
FixedParameters: 0 0 0
#Transform 57
Transform: MatrixOffsetTransformBase_double_3_3
Parameters: 0.999988059980028 0.0010637828050022878 -0.0047755468566294465 -0.0010842195384613885 0.9999909068623707 -0.004232873309330914 0.004771448902136349 0.004238126897963065 0.999979273820971 -0.12775525173132962 -0.1586363457302582 -0.2929018518276649
FixedParameters: 0 0 0
#Transform 58
Transform: MatrixOffsetTransformBase_double_3_3
Parameters: 0.9999880164188082 0.0008809527147204104 -0.004920184159277134 -0.0009040447490499225 0.9999882445928213 -0.004683608329656399 0.004915819559025844 0.0046883870579315316 0.9999768541401653 -0.13077553764905758 -0.09783411414876753 -0.38818565376128333
FixedParameters: 0 0 0
#Transform 59
Transform: MatrixOffsetTransformBase_double_3_3
Parameters: 0.9999915606582317 0.001442474482708903 -0.003789333221175323 -0.0014595265613587323 0.9999898411773593 -0.004362508399923885 0.0037826658737932476 0.004367495470453624 0.9999836126762001 -0.15952230761206465 -0.15722110269452116 -0.28093384062196947
FixedParameters: 0 0 0
#Transform 60
Transform: MatrixOffsetTransformBase_double_3_3
Parameters: 0.999989380183226 0.0009985586858109227 -0.004541541155593988 -0.0010184373498576165 0.9999897056952597 -0.0045004229823604885 0.004536458518070682 0.004505578231891269 0.9999791200401698 -0.14842463662175476 -0.08719191633069556 -0.43144822533153615
FixedParameters: 0 0 0
#Transform 61
Transform: MatrixOffsetTransformBase_double_3_3
Parameters: 0.9999858173772542 0.002022465875842502 -0.004908511760847055 -0.0020435324378718853 0.9999893356972611 -0.004182029808923335 0.004899487228264177 0.004191969695768192 0.9999794193434232 -0.16813976722936275 -0.14318208108781505 -0.3273295732617214
FixedParameters: 0 0 0
#Transform 62
Transform: MatrixOffsetTransformBase_double_3_3
Parameters: 0.9999867764732715 0.0015517973296223652 -0.004981921731290531 -0.001577200151233939 0.9999859180141495 -0.0050592101332787905 0.004973079405033399 0.005066784931355715 0.999974589868539 -0.1726213318861909 -0.0412632286047625 -0.44159154633240405
FixedParameters: 0 0 0
#Transform 63
Transform: MatrixOffsetTransformBase_double_3_3
Parameters: 0.9999821904565884 0.0010270745676324914 -0.005895575446763545 -0.0010529218914708584 0.9999895669244009 -0.004395869999228537 0.005890425409592742 0.004402127598221011 0.9999729206070811 -0.12669211863354235 -0.11723225619485333 -0.3409909305141383
FixedParameters: 0 0 0
#Transform 64
Transform: MatrixOffsetTransformBase_double_3_3
Parameters: 0.9999830135302615 0.0020021167820989134 -0.005475423410215214 -0.002024882304936965 0.9999894522266095 -0.004176986042028959 0.005466580263616787 0.00418801804376559 0.9999765742239131 -0.15820770311458432 -0.17711020144983536 -0.34749080492802875
FixedParameters: 0 0 0
#Transform 65
Transform: MatrixOffsetTransformBase_double_3_3
Parameters: 0.9999868017844252 0.0015469657943931187 -0.004980898537278507 -0.0015690326648778155 0.9999889740578668 -0.004423244086945217 0.004973103849694377 0.004430752598471189 0.9999776306245616 -0.16873536530208355 -0.10023554369260523 -0.3828133446921669
FixedParameters: 0 0 0
#Transform 66
Transform: MatrixOffsetTransformBase_double_3_3
Parameters: 0.9999836992618705 0.00207384311352125 -0.005385586674581641 -0.0020951562374047494 0.999989700773343 -0.00411178645228837 0.0053764205957506665 0.004123220128809261 0.9999770904229451 -0.17582213586808848 -0.15502776872700963 -0.3352952726628047
FixedParameters: 0 0 0
#Transform 67
Transform: MatrixOffsetTransformBase_double_3_3
Parameters: 0.9999852040799456 0.0018900363816351617 -0.005120782924103254 -0.0019109604275529774 0.9999896065634033 -0.004091272552574042 0.005113211957474961 0.004101722482539934 0.9999780345220854 -0.17263957295138255 -0.07834305886315462 -0.3841411045270746
FixedParameters: 0 0 0
#Transform 68
Transform: MatrixOffsetTransformBase_double_3_3
Parameters: 0.9999831647828673 0.0024301194790548987 -0.005284719129631497 -0.00244887547650127 0.9999902680094916 -0.00356811624505287 0.005276276514832117 0.003581880085574393 0.9999793352392262 -0.18216845875926424 -0.13655976781036827 -0.3396170590755645
FixedParameters: 0 0 0
#Transform 69
Transform: MatrixOffsetTransformBase_double_3_3
Parameters: 0.999985658406464 0.0018755640537224721 -0.004982503931950529 -0.0018984313177171756 0.9999881303993283 -0.004501607195822549 0.004973496202801306 0.004511394385244283 0.9999779104217552 -0.1855712942240615 -0.08511228608712429 -0.4015122349071021
FixedParameters: 0 0 0
#Transform 70
Transform: MatrixOffsetTransformBase_double_3_3
Parameters: 0.9999827247400108 0.0022622554315323814 -0.0053995823191739295 -0.0022847466594042923 0.9999890562346931 -0.004209735834852887 0.0053904119096338885 0.0042222672182243536 0.9999761187183422 -0.19399807310500705 -0.13680395203049045 -0.342919493143242
FixedParameters: 0 0 0
#Transform 71
Transform: MatrixOffsetTransformBase_double_3_3
Parameters: 0.9999862464070297 0.0024264639987942207 -0.00456804126805363 -0.0024485325884272147 0.9999846595392717 -0.004933882106237267 0.004555960900896732 0.004945122135522375 0.9999777889023198 -0.1911349110379632 -0.10048522910881275 -0.41743131167690706
FixedParameters: 0 0 0
#Transform 72
Transform: MatrixOffsetTransformBase_double_3_3
Parameters: 0.9999852121945461 0.002427621181139795 -0.004784903201254314 -0.0024483790996209917 0.9999870481110852 -0.00446734724096002 0.0047740925868572206 0.004478652362963594 0.9999781481391675 -0.205672035325847 -0.13594156905462285 -0.36645759699214864
FixedParameters: 0 0 0
#Transform 73
Transform: MatrixOffsetTransformBase_double_3_3
Parameters: 0.9999866185822707 0.002016946968255596 -0.00472334075698845 -0.0020410526924264255 0.9999848982609006 -0.005092425687804217 0.004713654832536099 0.005102573606087353 0.9999757506322512 -0.21043920260486004 -0.08997471116471445 -0.44876169466763827
FixedParameters: 0 0 0
#Transform 74
Transform: MatrixOffsetTransformBase_double_3_3
Parameters: 0.9999840134830217 0.002676607710710556 -0.004880900419295378 -0.002699388947427222 0.9999847486310126 -0.004791901097402278 0.0048681033324545365 0.0048051067602380365 0.9999772129881063 -0.21005725827774313 -0.1498193053167114 -0.3842792425704573
FixedParameters: 0 0 0
#Transform 75
Transform: MatrixOffsetTransformBase_double_3_3
Parameters: 0.9999839555131291 0.0024205712298683794 -0.0051175391406428575 -0.00244842129455263 0.9999811368198939 -0.005555553783031698 0.005103457368454466 0.005568437175395478 0.9999709460818892 -0.21407989930888505 -0.12202253825014964 -0.4235486364912333
FixedParameters: 0 0 0
#Transform 76
Transform: MatrixOffsetTransformBase_double_3_3
Parameters: 0.999983126856663 0.0027640320707311285 -0.005121646202637911 -0.0027909704304024813 0.9999824804034549 -0.005265796187039226 0.005107354224037378 0.00528020767967823 0.9999730365174151 -0.2220266597243068 -0.14231340174598017 -0.3718125656072573
FixedParameters: 0 0 0
#Transform 77
Transform: MatrixOffsetTransformBase_double_3_3
Parameters: 0.9999818740504416 0.002926807241429728 -0.005344094380553582 -0.002956194720717067 0.9999804151055267 -0.005463300524606414 0.005327907952496904 0.005478692747709375 0.9999705942960988 -0.21731074868772282 -0.0921874716705986 -0.42260143343159484
FixedParameters: 0 0 0
#Transform 78
Transform: MatrixOffsetTransformBase_double_3_3
Parameters: 0.9999820917587918 0.0027711595717935297 -0.005313200769137574 -0.0028018418968260095 0.9999794379000105 -0.005806218944275747 0.005296801560309858 0.005820784231563579 0.999969059097955 -0.22372961453064022 -0.1252037857151862 -0.3862888158749769
FixedParameters: 0 0 0
#Transform 79
Transform: MatrixOffsetTransformBase_double_3_3
Parameters: 0.9999834616922502 0.0032438821758683737 -0.004797763773191652 -0.0032701159383947817 0.9999796452233374 -0.005446399274405476 0.004779235874469962 0.00546159205207729 0.9999733233431384 -0.2353407891990713 -0.16017317935094866 -0.4092000157014155
FixedParameters: 0 0 0
#Transform 80
Transform: MatrixOffsetTransformBase_double_3_3
Parameters: 0.9999827716006775 0.002593576337023369 -0.005244653508396214 -0.0026224150292170653 0.9999806413962198 -0.005610344206935743 0.005229352164109938 0.0056246608330105296 0.9999710165261526 -0.23164033235995873 -0.06604552574356148 -0.4513631959893303
FixedParameters: 0 0 0
#Transform 81
Transform: MatrixOffsetTransformBase_double_3_3
Parameters: 0.9999767236853735 0.00305110302899412 -0.006080076304227729 -0.0030788905346481013 0.9999845096264746 -0.004583385081485224 0.0060659207574982115 0.0046026131743261 0.9999710220584964 -0.21739408616090827 -0.1393065602788397 -0.36611730885937277
FixedParameters: 0 0 0
#Transform 82
Transform: MatrixOffsetTransformBase_double_3_3
Parameters: 0.9999812797399008 0.002900509167336651 -0.005413451760047091 -0.0029304951290795613 0.9999796782491669 -0.005633243950780376 0.005397558493763025 0.00564876399589339 0.9999699585777121 -0.22591687160962692 -0.08850747354073008 -0.45839290465046645
FixedParameters: 0 0 0
#Transform 83
Transform: MatrixOffsetTransformBase_double_3_3
Parameters: 0.9999828673701449 0.0027297288641906278 -0.005165571887947327 -0.002759267425183209 0.9999802614580277 -0.005667841985782408 0.005149421315419006 0.00568215195393431 0.9999701936284384 -0.22756810175380338 -0.13289077959767326 -0.3994925514885779
FixedParameters: 0 0 0
#Transform 84
Transform: MatrixOffsetTransformBase_double_3_3
Parameters: 0.9999817849405654 0.0027848511613987772 -0.005334902704768812 -0.002816148506275237 0.9999777291411734 -0.0060280820380689566 0.005318097258574365 0.006042916305530832 0.9999671999659434 -0.2326379299496466 -0.09454325875566383 -0.4486190924587419
FixedParameters: 0 0 0
#Transform 85
Transform: MatrixOffsetTransformBase_double_3_3
Parameters: 0.9999827335022506 0.002704447268260307 -0.0052871877319905225 -0.0027315502439624858 0.9999823844060742 -0.005210650392296309 0.005272822242727908 0.005225352927729323 0.9999728931802759 -0.22639315373406532 -0.12986975130722556 -0.381429374784247
FixedParameters: 0 0 0
#Transform 86
Transform: MatrixOffsetTransformBase_double_3_3
Parameters: 0.9999774715441762 0.0030293375152166757 -0.006029033836159229 -0.003063660028481685 0.9999794587945969 -0.00558165602146324 0.00601196723254676 0.00560033962641798 0.9999664930118525 -0.24061211324904264 -0.11903760760326065 -0.4148033307242116
FixedParameters: 0 0 0
#Transform 87
Transform: MatrixOffsetTransformBase_double_3_3
Parameters: 0.9999812483922531 0.003036116400635436 -0.0053413706615354105 -0.003062883973523786 0.9999822984020921 -0.005031733579097408 0.005326631215799472 0.005048266162557912 0.9999731459894978 -0.24566249420097108 -0.12075598594277892 -0.3863744743221247
FixedParameters: 0 0 0
#Transform 88
Transform: MatrixOffsetTransformBase_double_3_3
Parameters: 0.9999809392150194 0.0027782797891302965 -0.0055983501662465645 -0.0028077226633246868 0.9999828098300484 -0.005129381985301168 0.005583654414163496 0.005144613835679103 0.9999713510047457 -0.2433947178058702 -0.1163770996076181 -0.41716604945105473
FixedParameters: 0 0 0
#Transform 89
Transform: MatrixOffsetTransformBase_double_3_3
Parameters: 0.999982205319608 0.002810589030211258 -0.005185848846628637 -0.002836411264777369 0.9999839536490891 -0.004899373713513033 0.005172141441537381 0.004913619944136166 0.9999741035086466 -0.2346881743476672 -0.08832725717597611 -0.3969092147374056
FixedParameters: 0 0 0
#Transform 90
Transform: MatrixOffsetTransformBase_double_3_3
Parameters: 0.9999791011227505 0.0030381799918758074 -0.005715263743503865 -0.003062820520805858 0.9999857932540893 -0.004338586716059795 0.005702739234997975 0.004356417860627431 0.9999745057618309 -0.24487958562126266 -0.13311508666572536 -0.41529890344158105
FixedParameters: 0 0 0
#Transform 91
Transform: MatrixOffsetTransformBase_double_3_3
Parameters: 0.9999769816595846 0.0030340390756896543 -0.0061493760643570395 -0.003062959153381241 0.9999844748762047 -0.004705276563206094 0.0061346282132953706 0.00472472498679344 0.9999700435563806 -0.23188622905307454 -0.1058225050891366 -0.3873524136387374
FixedParameters: 0 0 0
#Transform 92
Transform: MatrixOffsetTransformBase_double_3_3
Parameters: 0.9999753330142813 0.0030303910707417787 -0.006283825939112717 -0.003063600967799135 0.99998172192206 -0.005185873345558561 0.006267163999121694 0.005205116925843825 0.9999666236810357 -0.24629877286328394 -0.08820212967326313 -0.44667601581762995
FixedParameters: 0 0 0
#Transform 93
Transform: MatrixOffsetTransformBase_double_3_3
Parameters: 0.9999703958658284 0.0035214772871325645 -0.006797727545050083 -0.003564523531404636 0.999973312803592 -0.006401960547414704 0.0067742803339102065 0.006425047358460205 0.9999568149962721 -0.2534867465716246 0.042965399585568775 -0.36247400527470575
FixedParameters: 0 0 0
#Transform 94
Transform: MatrixOffsetTransformBase_double_3_3
Parameters: 0.999972312985474 0.0037241166372655506 -0.006388739492777525 -0.0037508775176910815 0.9999842853722958 -0.00420015108337375 0.00637325049547674 0.00422484988469116 0.9999705366542421 -0.2239752121189298 -0.2641054879309479 -0.22160965359147156
FixedParameters: 0 0 0
#Transform 95
Transform: MatrixOffsetTransformBase_double_3_3
Parameters: 0.9999684389505948 0.004233058858897937 -0.006755698830917307 -0.004257947824176758 0.9999843109808892 -0.0036823536803255383 0.006740311218998169 0.003710652098245296 0.999970799196423 -0.2495313758497133 -0.2581479861845253 -0.29136654030362763
FixedParameters: 0 0 0
#Transform 96
Transform: MatrixOffsetTransformBase_double_3_3
Parameters: 0.9999697129221677 0.004230945065180572 -0.006586459748262169 -0.004258056749645261 0.9999820667696455 -0.00409907778710352 0.006569543810715845 0.0041269195344191545 0.9999698119641475 -0.2619714444152237 -0.11863365741467646 -0.3248817180671608
FixedParameters: 0 0 0
#Transform 97
Transform: MatrixOffsetTransformBase_double_3_3
Parameters: 0.9999674689107828 0.00423285808109324 -0.006827649035449443 -0.004258139219017912 0.999984384840725 -0.003672045925313333 0.006811346363432584 0.0037009514117971195 0.9999699029844865 -0.2586955122838077 -0.15297196923673084 -0.2881513468890802
FixedParameters: 0 0 0
#Transform 98
Transform: MatrixOffsetTransformBase_double_3_3
Parameters: 0.9999677820011499 0.003814049958274744 -0.0071185935818155015 -0.0038429519830891394 0.9999847648236069 -0.004057779240862742 0.00710241745533029 0.004085225480923548 0.999966862256042 -0.2482049185566524 -0.09301782200705588 -0.3273184489238048
FixedParameters: 0 0 0
#Transform 99
Transform: MatrixOffsetTransformBase_double_3_3
Parameters: 0.9999645224348169 0.004306345513907277 -0.007275444379671885 -0.004334655846358622 0.9999838507359243 -0.0037896018733369428 0.007258560346107362 0.003821397385413933 0.99996670741909 -0.24221189527503384 -0.08881200198092642 -0.2904088706817589
FixedParameters: 0 0 0
#Transform 100
Transform: MatrixOffsetTransformBase_double_3_3
Parameters: 0.9999667231254802 0.004282077177460254 -0.006995410038896522 -0.004311924852762437 0.9999811909029586 -0.004267979970122176 0.006977601138152965 0.004298023267498435 0.9999668432455256 -0.25693020477750395 -0.04299106147452392 -0.31900934600162145
FixedParameters: 0 0 0
#Transform 101
Transform: MatrixOffsetTransformBase_double_3_3
Parameters: 0.9999660387207758 0.004079126518133416 -0.00709351584922736 -0.004105874914914609 0.9999848677442864 -0.003778001904915691 0.007078473594411658 0.003807001977920847 0.9999674042643054 -0.25175760084214005 -0.07941125402302873 -0.3066706650615174
FixedParameters: 0 0 0
#Transform 102
Transform: MatrixOffsetTransformBase_double_3_3
Parameters: 0.999965681055241 0.004434723254549296 -0.0070465151804914436 -0.0044642864243923525 0.999981887212185 -0.00414568614553747 0.007027485628511862 0.004176309800769488 0.9999661652684185 -0.25690211536492313 -0.10311645757364829 -0.3260382123739589
FixedParameters: 0 0 0
#Transform 103
Transform: MatrixOffsetTransformBase_double_3_3
Parameters: 0.999967998451072 0.0042221222081878645 -0.006795397338561012 -0.00424987439594772 0.9999821840676816 -0.004093247804753197 0.006777597919107912 0.0041217441738630465 0.9999680706220088 -0.24034158592506571 -0.1345055104256403 -0.30148109771498355
FixedParameters: 0 0 0
#Transform 104
Transform: MatrixOffsetTransformBase_double_3_3
Parameters: 0.9999665459458666 0.0041756438942904366 -0.0070012085768952305 -0.0042113614009328705 0.9999788301933997 -0.00504368391929762 0.006979786144709462 0.005072314599209413 0.9999625478550188 -0.26489857516449433 -0.10308103674090319 -0.32492880344750574
FixedParameters: 0 0 0
#Transform 105
Transform: MatrixOffsetTransformBase_double_3_3
Parameters: 0.9999662812712614 0.0047442019772192786 -0.006723838209644029 -0.00477480184728984 0.9999782964300378 -0.004572050232441028 0.006702164052635888 0.004603952715812576 0.9999668844054007 -0.27246159028437944 -0.1389558226992449 -0.29581821292991606
FixedParameters: 0 0 0
#Transform 106
Transform: MatrixOffsetTransformBase_double_3_3
Parameters: 0.9999649532252128 0.00430759365399031 -0.007245370218807953 -0.00433941075153346 0.9999802450205515 -0.004463715313028067 0.007225639418951656 0.0044942821437070546 0.9999635844203615 -0.26694439073278886 -0.11482610053059261 -0.34130754594700363
FixedParameters: 0 0 0
#Transform 107
Transform: MatrixOffsetTransformBase_double_3_3
Parameters: 0.9999659815728865 0.004747131840246004 -0.006669354105240864 -0.004777859814397201 0.9999782024860266 -0.004469281694357713 0.0066476335998742345 0.00450070523172007 0.9999675478191103 -0.2719614528247547 -0.15780557624474056 -0.321531898643002
FixedParameters: 0 0 0
#Transform 108
Transform: MatrixOffsetTransformBase_double_3_3
Parameters: 0.9999642406265984 0.005033768431513517 -0.006813165386707913 -0.0050732319851891335 0.9999701619342496 -0.0057536406371133985 0.00678384142143508 0.005787354900127646 0.99996047962882 -0.2788374419624233 -0.07163185260678517 -0.35879757500651976
FixedParameters: 0 0 0
#Transform 109
Transform: MatrixOffsetTransformBase_double_3_3
Parameters: 0.9999630543920531 0.005343593945161702 -0.006662682793886874 -0.0053723968021373615 0.9999757499128717 -0.004402365911453102 0.00663931162626648 0.00443863962979114 0.999968221910537 -0.29024485605404493 -0.10081691010080363 -0.30410329771828515
FixedParameters: 0 0 0
#Transform 110
Transform: MatrixOffsetTransformBase_double_3_3
Parameters: 0.9999620615927022 0.0054046066145193115 -0.006835937901349006 -0.005435391185332516 0.999974457771419 -0.004582017359673112 0.006811067266923593 0.0046189859018461584 0.9999662735782662 -0.2952223331687236 -0.0920799295698913 -0.3175929181207806
FixedParameters: 0 0 0
#Transform 111
Transform: MatrixOffsetTransformBase_double_3_3
Parameters: 0.9999617055587381 0.00539300789685768 -0.006943461931590478 -0.005431984653258742 0.9999690344640015 -0.005608498198603719 0.0069125426214790495 0.005646495827969586 0.9999603318906887 -0.3000110213288565 -0.010933690860809975 -0.3699340050823423
FixedParameters: 0 0 0
#Transform 112
Transform: MatrixOffsetTransformBase_double_3_3
Parameters: 0.9999599117985182 0.005763176795975639 -0.006919116923014768 -0.0057918240692266375 0.9999742053096289 -0.004153094268016801 0.006894896715966076 0.004192906660822051 0.9999678777694812 -0.2830403402632271 -0.1264451257958683 -0.2974236712685183
FixedParameters: 0 0 0
#Transform 113
Transform: MatrixOffsetTransformBase_double_3_3
Parameters: 0.9999613148154665 0.005462948562509375 -0.006843896332492702 -0.005494041571994165 0.9999743323510643 -0.004525572878516348 0.006819101055878106 0.004563427404714491 0.9999666764976533 -0.2997002112193172 -0.09753731152868284 -0.31826518622592914
FixedParameters: 0 0 0
#Transform 114
Transform: MatrixOffsetTransformBase_double_3_3
Parameters: 0.9999574126025004 0.0055187908455240275 -0.007424560210784012 -0.005557217516125219 0.9999717394162824 -0.005135963088695468 0.007396445173662865 0.005177044134479555 0.9999594926732108 -0.31598108316337914 -0.027051976865521965 -0.3901384387456375
FixedParameters: 0 0 0
#Transform 115
Transform: MatrixOffsetTransformBase_double_3_3
