#Insight Transform File V1.0
#Transform 0
Transform: MatrixOffsetTransformBase_double_3_3
Parameters: 0.9999964984823172 0.0008697958946666974 -0.002597143337814902 -0.0008852037725168682 0.9999828899975517 -0.005858728303391658 0.0025918589266928625 0.005861281699349792 0.9999799285081209 -0.09351797852679056 -0.20615731963890482 -0.2335783230961681
FixedParameters: 0 0 0
#Transform 1
Transform: MatrixOffsetTransformBase_double_3_3
Parameters: 0.9999969134987508 0.0009799539445407186 -0.0024752056718036768 -0.000993043991549778 0.9999851904028471 -0.005274558698594572 0.0024697960403866704 0.005277436981816448 0.9999830502806822 -0.08129492629835511 -0.26225301446582705 -0.19605165272710678
FixedParameters: 0 0 0
#Transform 2
Transform: MatrixOffsetTransformBase_double_3_3
Parameters: 0.9999962183197867 0.0008061735293211022 -0.0024762063126275093 -0.0008228247733893382 0.999979401710837 -0.00639698212212141 0.0024707838545130734 0.006399011495667223 0.9999759468653127 -0.10265559728021856 -0.1833062654709181 -0.23891445327728889
FixedParameters: 0 0 0
#Transform 3
Transform: MatrixOffsetTransformBase_double_3_3
Parameters: 0.9999970826958181 0.000640366892069848 -0.0023463230729205346 -0.0006566382066684635 0.9999771033426782 -0.006668476144519258 0.0023426732563564287 0.006669517004109769 0.9999750271564951 -0.07954053129012095 -0.18316876744860622 -0.2429750280539622
FixedParameters: 0 0 0
#Transform 4
Transform: MatrixOffsetTransformBase_double_3_3
Parameters: 0.9999976485162784 0.0007450245013522594 -0.0021901522437026617 -0.0007599739681178504 0.999976572233691 -0.006844357023674125 0.0021848496345293813 0.006846649253478166 0.9999743532759444 -0.07879880762534697 -0.14558802552532768 -0.3032577210125993
FixedParameters: 0 0 0
#Transform 5
Transform: MatrixOffsetTransformBase_double_3_3
Parameters: 0.9999959863144442 0.0006928004351590707 -0.002556166984771209 -0.0007081984555615536 0.9999820945173965 -0.00595021105854118 0.0025518295486296498 0.00595178924786498 0.9999790622416957 -0.07941939859695424 -0.18654031685558436 -0.24358407522120729
FixedParameters: 0 0 0
#Transform 6
Transform: MatrixOffsetTransformBase_double_3_3
Parameters: 0.9999963288818843 0.0006002995769977045 -0.002512311845569544 -0.0006136969110388149 0.9999848578869864 -0.0054554758025039335 0.002508687604181541 0.005457523572593123 0.9999819236712915 -0.07995826718928356 -0.20307976462058264 -0.2445200433236039
FixedParameters: 0 0 0
#Transform 7
Transform: MatrixOffsetTransformBase_double_3_3
Parameters: 0.9999968336247479 0.0005994641230541085 -0.0024096625489896735 -0.0006135386254387793 0.9999811864113262 -0.0060365369968957165 0.0024063395830237378 0.006037457936331988 0.9999787557298141 -0.07987251996547684 -0.15748840615692927 -0.2638377586755212
FixedParameters: 0 0 0
#Transform 8
Transform: MatrixOffsetTransformBase_double_3_3
Parameters: 0.999996764466187 0.0006007722554235091 -0.0026220661775411625 -0.0006132264319978966 0.9999871540814288 -0.005046409856335352 0.0026189384656434994 0.005048591168961396 0.9999836554504247 -0.07446848769895098 -0.2846175347371087 -0.2166140911948986
FixedParameters: 0 0 0
#Transform 9
Transform: MatrixOffsetTransformBase_double_3_3
Parameters: 0.9999968881836918 0.0005473590471529424 -0.002610114353358315 -0.0005616423616107807 0.9999841864528382 -0.005612553659629048 0.002606889472126046 0.005613446516970219 0.999980689583502 -0.0801414437345187 -0.18377104038692949 -0.25132562902128086
FixedParameters: 0 0 0
#Transform 10
Transform: MatrixOffsetTransformBase_double_3_3
Parameters: 0.999996847857959 0.0005399113259443184 -0.0024207271658351023 -0.00055209199045407 0.9999877316790744 -0.004996678674679216 0.0024182703911356774 0.004997320792600656 0.9999841757755094 -0.08030429307818565 -0.22647581419001028 -0.18126713401474603
FixedParameters: 0 0 0
#Transform 11
Transform: MatrixOffsetTransformBase_double_3_3
Parameters: 0.9999966549377424 0.0006922106775290023 -0.00242198283796462 -0.0007057892564954295 0.9999830438948023 -0.005697305017529606 0.0024180169591871818 0.005698688210405661 0.9999806760437264 -0.06695214914792302 -0.1465410359841144 -0.23984493753857805
FixedParameters: 0 0 0
#Transform 12
Transform: MatrixOffsetTransformBase_double_3_3
Parameters: 0.9999969534771791 0.0004366623868819143 -0.002419887967204959 -0.00044633770988804266 0.9999905421651629 -0.004272931607810691 0.0024181144437537467 0.0042740675984591775 0.9999878854889849 -0.08091586609671708 -0.18476916067537275 -0.16753908300684373
FixedParameters: 0 0 0
#Transform 13
Transform: MatrixOffsetTransformBase_double_3_3
Parameters: 0.9999957179967643 0.000433207227708862 -0.0028451344034696453 -0.0004467914114278126 0.9999882885522773 -0.00484875055150468 0.0028428668120157735 0.004850253289805462 0.999984393751498 -0.08098507587111214 -0.13676866579686475 -0.2263914315640534
FixedParameters: 0 0 0
#Transform 14
Transform: MatrixOffsetTransformBase_double_3_3
Parameters: 0.9999968462206269 0.0005423272216657351 -0.0024204165872790994 -0.000552674618646998 0.9999902387730845 -0.004410677905051726 0.002418585958574747 0.004412327277686339 0.9999876845111019 -0.06009120854749028 -0.1704185958660105 -0.18180881185544706
FixedParameters: 0 0 0
#Transform 15
Transform: MatrixOffsetTransformBase_double_3_3
Parameters: 0.9999968760874355 0.0005126452880189086 -0.002420865823954115 -0.0005263543759433729 0.9999842649768644 -0.005518739755106852 0.002418131013565094 0.005520253637215078 0.9999816808293867 -0.06829386137552262 -0.17066067756748282 -0.21212453641619788
FixedParameters: 0 0 0
#Transform 16
Transform: MatrixOffsetTransformBase_double_3_3
Parameters: 0.9999972530623675 0.0008256139442135715 -0.002250465520968962 -0.0008343887087278976 0.9999908887194453 -0.0041731329934380995 0.002247536635464858 0.00417486635914462 0.9999885195918463 -0.0787634197079683 -0.1605306130400237 -0.16521347338621695
FixedParameters: 0 0 0
#Transform 17
Transform: MatrixOffsetTransformBase_double_3_3
Parameters: 0.9999967888654696 0.0008083140107233947 -0.0025607200176102365 -0.000819688099315247 0.999989479749663 -0.004565919923905447 0.0025572848824113484 0.004568086009922563 0.9999865938179756 -0.0788333951972362 -0.15882853880741266 -0.21066382340248424
FixedParameters: 0 0 0
#Transform 18
Transform: MatrixOffsetTransformBase_double_3_3
Parameters: 0.9999962970475915 0.0009191499127450009 -0.002420761375933774 -0.0009288462869889476 0.9999915649399367 -0.00407076540094412 0.0024162362842199653 0.004073234809242226 0.999988569545788 -0.07023159888565544 -0.1547199594603228 -0.174313187525712
FixedParameters: 0 0 0
#Transform 19
Transform: MatrixOffsetTransformBase_double_3_3
Parameters: 0.9999958860170852 0.000832504692490038 -0.0029016147263982803 -0.000845499958571856 0.9999907241584638 -0.004308565764322132 0.0028983833263832967 0.00431043200390832 0.9999860180309855 -0.07335201165143701 -0.16373390284077516 -0.21063314755436124
FixedParameters: 0 0 0
#Transform 20
Transform: MatrixOffsetTransformBase_double_3_3
Parameters: 0.999996786260218 0.0009686805616813361 -0.002505406843586819 -0.0009793203622256057 0.9999895981678236 -0.004521562442197057 0.002500596949984574 0.004523438322821939 0.9999862817937188 -0.07814727195338378 -0.16648872314630125 -0.18375259126415244
FixedParameters: 0 0 0
#Transform 21
Transform: MatrixOffsetTransformBase_double_3_3
Parameters: 0.9999961560955859 0.0009683186968780452 -0.0024306832855045695 -0.0009796762177456855 0.9999879150586637 -0.00480863248569778 0.002425313350768045 0.004811362257022126 0.9999849685155519 -0.0811453561734794 -0.1912693119892026 -0.2032279607228702
FixedParameters: 0 0 0
#Transform 22
Transform: MatrixOffsetTransformBase_double_3_3
Parameters: 0.9999965389048218 0.0009659063957901114 -0.0025553744273453635 -0.00097909395965874 0.9999845669542314 -0.005520522963627399 0.0025496350013095278 0.005522487627693527 0.9999819973895291 -0.08218166699873564 -0.14624176656046473 -0.20646507955613913
FixedParameters: 0 0 0
#Transform 23
Transform: MatrixOffsetTransformBase_double_3_3
Parameters: 0.9999965538698278 0.0009686656385038238 -0.0025513320461174774 -0.0009793315042301183 0.9999892842753773 -0.004444515768536321 0.00254667118711106 0.004447481251904151 0.9999867355069206 -0.08393301585039126 -0.20544830146263848 -0.20583426750266653
FixedParameters: 0 0 0
#Transform 24
Transform: MatrixOffsetTransformBase_double_3_3
Parameters: 0.9999954614297761 0.0009640239605826076 -0.002934297352786653 -0.0009799746868197627 0.9999843578803955 -0.005448147903758512 0.0029287034271062843 0.005450846794121831 0.9999807088952563 -0.08877391178870653 -0.12316392878194904 -0.24978188768020004
FixedParameters: 0 0 0
#Transform 25
Transform: MatrixOffsetTransformBase_double_3_3
Parameters: 0.9999959063375262 0.0009687130474055586 -0.0026751147175180542 -0.0009792840202611506 0.9999902259140664 -0.0042203979215899665 0.0026708902131761317 0.004223604957849536 0.9999880296128887 -0.09237683479024383 -0.18014810266807046 -0.17914187720559482
FixedParameters: 0 0 0
#Transform 26
Transform: MatrixOffsetTransformBase_double_3_3
Parameters: 0.9999965255095342 0.001135341598445738 -0.0024872793942681045 -0.0011486559244030165 0.9999844675339504 -0.005496163702567397 0.0024807218503190742 0.005499837209659235 0.9999816013930986 -0.08773640633646096 -0.13582705842495102 -0.2328272370034341
FixedParameters: 0 0 0
#Transform 27
Transform: MatrixOffsetTransformBase_double_3_3
Parameters: 0.999996460174156 0.0009671880716734336 -0.00256986024096436 -0.0009798145116795942 0.9999871469869884 -0.004989502445575718 0.0025651436503472172 0.0049915014136849055 0.9999845025835211 -0.0887726427993698 -0.16732146354955546 -0.21158977642568289
FixedParameters: 0 0 0
#Transform 28
Transform: MatrixOffsetTransformBase_double_3_3
Parameters: 0.9999968829404684 0.0009659885942080372 -0.002486490583533505 -0.0009800158419951994 0.9999832264387019 -0.005640581098530477 0.00248151210725413 0.00564241501663339 0.9999810028595771 -0.08862122351669655 -0.12596038487011185 -0.2274191516705315
FixedParameters: 0 0 0
#Transform 29
Transform: MatrixOffsetTransformBase_double_3_3
Parameters: 0.9999959069125838 0.000967752654019368 -0.002856180018998641 -0.0009792487166503073 0.9999906351870014 -0.004290222752413692 0.002851824406865199 0.004292779532666041 0.9999864375179455 -0.08888400232619631 -0.16921352001358514 -0.20782359292125818
FixedParameters: 0 0 0
#Transform 30
Transform: MatrixOffsetTransformBase_double_3_3
Parameters: 0.9999951758798967 0.0009644551503448169 -0.0028093829329758676 -0.0009795485948070526 0.9999843799172883 -0.0055372720186502924 0.002804615971356519 0.005539728885423318 0.9999804453872533 -0.09931106679874802 -0.14272611904468135 -0.2500490253261063
FixedParameters: 0 0 0
#Transform 31
Transform: MatrixOffsetTransformBase_double_3_3
Parameters: 0.9999965184710857 0.0009657406716296808 -0.00255942760450666 -0.0009792587271675484 0.9999839454199348 -0.005576515358500442 0.0025535792621108025 0.005578487801308482 0.9999813554208737 -0.08871855243394577 -0.1196222933387503 -0.21968745369980525
FixedParameters: 0 0 0
#Transform 32
Transform: MatrixOffsetTransformBase_double_3_3
Parameters: 0.9999961880894739 0.0009656688010984629 -0.0024247541020353787 -0.0009793310438522284 0.9999820429881175 -0.00591564304146943 0.002419245418569916 0.005918353880237972 0.9999791226095216 -0.08877309378952702 -0.14405271933426889 -0.21686450281104896
FixedParameters: 0 0 0
#Transform 33
Transform: MatrixOffsetTransformBase_double_3_3
Parameters: 0.9999966760129474 0.000963582784183708 -0.002322878544774476 -0.0009794181183239241 0.9999749573414113 -0.007076752539728924 0.0023161257878767587 0.007079259395175891 0.999972521006005 -0.13255784585128083 -0.05439189981581194 -0.32411308629868074
FixedParameters: 0 0 0
#Transform 34
Transform: MatrixOffsetTransformBase_double_3_3
Parameters: 0.9999969344453145 0.001229346753230965 -0.0021343384860490963 -0.00124165096814971 0.999981207388531 -0.005937366127601172 0.002126664309594588 0.005939630646850039 0.9999801947828669 -0.1133708691303923 -0.1524039322071502 -0.2223321127449367
FixedParameters: 0 0 0
#Transform 35
Transform: MatrixOffsetTransformBase_double_3_3
Parameters: 0.9999968743067077 0.0009671501360913305 -0.0020471191299864565 -0.0009798475879658464 0.9999795380538018 -0.006285009757031868 0.0020408801589789634 0.006286989466764992 0.9999783077835891 -0.10571066269025664 -0.16789204011929826 -0.25384536383074874
FixedParameters: 0 0 0
#Transform 36
Transform: MatrixOffsetTransformBase_double_3_3
Parameters: 0.9999964142978351 0.0010181631757832615 -0.002355348597033818 -0.0010348419376918561 0.9999736871230366 -0.007158582204920102 0.0023486499156933406 0.007160410936375061 0.9999712088611304 -0.12788529289585426 -0.06525098650477901 -0.3262354303610522
FixedParameters: 0 0 0
#Transform 37
Transform: MatrixOffsetTransformBase_double_3_3
Parameters: 0.999997705979605 0.0009664951566864473 -0.0020883042104713934 -0.0009795045844948707 0.999979101216578 -0.0064759742365435155 0.002081699817492029 0.006478031696094731 0.9999767006757679 -0.11924716378041467 -0.16999636876968793 -0.24537136005838533
FixedParameters: 0 0 0
#Transform 38
Transform: MatrixOffsetTransformBase_double_3_3
Parameters: 0.9999965631391119 0.000964370111040676 -0.0023464839328545956 -0.0009796328091650085 0.9999775657187124 -0.00666872471825404 0.00234051727541506 0.006671280544442317 0.9999750184525247 -0.1435602432078582 -0.07123923386805586 -0.2953183750623367
FixedParameters: 0 0 0
#Transform 39
Transform: MatrixOffsetTransformBase_double_3_3
Parameters: 0.9999968227437993 0.0010995538730998497 -0.002228684346563142 -0.0011134470994982062 0.9999812694778754 -0.006040539583330966 0.0022223132525461637 0.006043464667256998 0.9999795409333283 -0.13919507404510512 -0.1383356215415006 -0.229619191098422
FixedParameters: 0 0 0
#Transform 40
Transform: MatrixOffsetTransformBase_double_3_3
Parameters: 0.9999962911395938 0.0013084178293525245 -0.0024489322375909426 -0.0013245828207921844 0.9999762503040897 -0.0067817832025937825 0.0024400710381572445 0.006785219660537593 0.9999740078354735 -0.14130727008665644 -0.0873677929559733 -0.33279824322571017
FixedParameters: 0 0 0
#Transform 41
Transform: MatrixOffsetTransformBase_double_3_3
Parameters: 0.9999980258371751 0.0011852176980414752 -0.0018897162149603415 -0.001198776820027206 0.9999721422359308 -0.007308753386536629 0.001880288939408088 0.00731124729000543 0.9999720098358529 -0.1556240811734142 -0.067429480225357 -0.26767378406646003
FixedParameters: 0 0 0
#Transform 42
Transform: MatrixOffsetTransformBase_double_3_3
Parameters: 0.9999971958370694 0.0014999907620053764 -0.0015983549307776348 -0.0015120060371306896 0.9999708794150339 -0.0075386070062980325 0.0015866441047568513 0.007541403687258243 0.9999706113889419 -0.14415674601163175 -0.09353947538416207 -0.31182605879723724
FixedParameters: 0 0 0
#Transform 43
Transform: MatrixOffsetTransformBase_double_3_3
Parameters: 0.999996458057608 0.0012425055604558168 -0.0024489562321930395 -0.0012604941998057297 0.999973217483988 -0.007154940178168027 0.002440043251037751 0.007158058850922166 0.9999718080916471 -0.1231247066708363 -0.10397696662415967 -0.26144618972055866
FixedParameters: 0 0 0
#Transform 44
Transform: MatrixOffsetTransformBase_double_3_3
Parameters: 0.9999967132768962 0.0011354411072741976 -0.002448692878336374 -0.0011545614305417818 0.999970041981128 -0.007591198287259357 0.002440305764780349 0.0075937962854315914 0.9999683773530177 -0.16140263526746423 -0.06935091825459949 -0.35406300789721
FixedParameters: 0 0 0
#Transform 45
Transform: MatrixOffsetTransformBase_double_3_3
Parameters: 0.9999965895773112 0.0015939291181331244 -0.001967305258288622 -0.0016090682031248895 0.9999693826689059 -0.007682857115426681 0.001954691416127863 0.007686138295907745 0.9999681019304988 -0.17362281971865912 -0.09505765015907741 -0.32437392053915914
FixedParameters: 0 0 0
#Transform 46
Transform: MatrixOffsetTransformBase_double_3_3
Parameters: 0.9999978595063443 0.0017589191989284632 -0.0010230210202228258 -0.001767079961731415 0.9999666405255746 -0.007952206145655696 0.0010089782777241894 0.00795378862103575 0.9999677164731533 -0.18860894717056453 -0.07631548405151989 -0.36262366748360364
FixedParameters: 0 0 0
#Transform 47
Transform: MatrixOffsetTransformBase_double_3_3
Parameters: 0.9999978377893256 0.001527177216717576 -0.001681734482939468 -0.00154082375679871 0.999969108083734 -0.007649427571637598 0.0016702608395081605 0.0076525696185772586 0.9999696522608965 -0.17073348316556292 -0.09725559471915801 -0.3096408457708577
FixedParameters: 0 0 0
#Transform 48
Transform: MatrixOffsetTransformBase_double_3_3
Parameters: 0.999997271028846 0.0017327757431886265 -0.0013135961440084148 -0.0017432266933948767 0.9999677711764907 -0.007822724119202323 0.0013004012073735973 0.00782426732575616 0.9999680835971979 -0.15723860057299532 -0.09632079286488704 -0.335180642494322
FixedParameters: 0 0 0
#Transform 49
Transform: MatrixOffsetTransformBase_double_3_3
Parameters: 0.9999971839052094 0.0014636198207955886 -0.0016350762939762798 -0.0014773798729579026 0.9999653747840811 -0.008212605207499678 0.0016229199543666899 0.008214396180000175 0.9999648835072181 -0.17181628853749942 -0.05579651514642592 -0.35069210678246066
FixedParameters: 0 0 0
#Transform 50
Transform: MatrixOffsetTransformBase_double_3_3
Parameters: 0.9999971010542431 0.0020009443873660756 -0.0013762144812648261 -0.002012062484230607 0.9999656701011831 -0.008079260835647622 0.0013607848099626485 0.00808275272843173 0.9999668233971025 -0.1574522704963357 -0.08150373393776533 -0.3906901941651171
FixedParameters: 0 0 0
#Transform 51
Transform: MatrixOffsetTransformBase_double_3_3
Parameters: 0.9999975316398784 0.0014275944909164205 -0.0015594469827389297 -0.0014394012163932682 0.9999671997003604 -0.00798277332804423 0.0015475564812799851 0.007985227287519806 0.9999668412484372 -0.14222984185589382 -0.009339711075639912 -0.44751152219315316
FixedParameters: 0 0 0
#Transform 52
Transform: MatrixOffsetTransformBase_double_3_3
Parameters: 0.9999978801708778 0.0017265057574264316 -0.0014624810667361043 -0.0017374913728310309 0.9999720657842769 -0.007205473835476021 0.0014495174124387116 0.007207517488365257 0.9999729456832293 -0.1476203076640843 -0.11427011381364593 -0.3825747953604406
FixedParameters: 0 0 0
#Transform 53
Transform: MatrixOffsetTransformBase_double_3_3
Parameters: 0.9999979269636861 0.0014341096571848198 -0.0014200837460482843 -0.0014448904872074956 0.9999696522262679 -0.0076979691084881514 0.00140891796577485 0.007700041519838128 0.9999697235763142 -0.16228561966528332 -0.02053594713161999 -0.43590494271538205
FixedParameters: 0 0 0
#Transform 54
Transform: MatrixOffsetTransformBase_double_3_3
Parameters: 0.9999985782032887 0.0013778499138059985 -0.0012342922903631553 -0.0013871499871951276 0.9999716598352681 -0.0074442995479364225 0.001223706564781992 0.007445697782145272 0.9999710607071788 -0.15605786394934285 -0.11830596291726181 -0.35567700701831484
FixedParameters: 0 0 0
#Transform 55
Transform: MatrixOffsetTransformBase_double_3_3
Parameters: 0.9999983862765739 0.0008601999195185973 -0.0013688457865372553 -0.0008708011176640481 0.9999686896777689 -0.00790881938644926 0.0013621542137078637 0.007910183106210694 0.9999675741599642 -0.1451673642590663 -0.003840083754411694 -0.4457930926316038
FixedParameters: 0 0 0
#Transform 56
Transform: MatrixOffsetTransformBase_double_3_3
Parameters: 0.999998071620746 0.00046187977391121777 -0.0016474447027310392 -0.00047412403164668823 0.9999725443744851 -0.0073642245276968315 0.0016445514201017062 0.007364765208066942 0.9999710540512214 -0.1195382442863604 -0.005620789805661275 -0.39803162067420317
FixedParameters: 0 0 0
#Transform 57
Transform: MatrixOffsetTransformBase_double_3_3
Parameters: 0.999997660384311 0.0005225206540972095 -0.0022509342019484974 -0.0005344790907262709 0.9999839456618832 -0.005546809264102929 0.002248070443276804 0.005548187007944982 0.9999821646750874 -0.07281404185886231 -0.32264433580056107 -0.30341922739006577
FixedParameters: 0 0 0
#Transform 58
Transform: MatrixOffsetTransformBase_double_3_3
Parameters: 0.9999982962774203 0.0003519006384287116 -0.0018920983865812462 -0.00036309929569207036 0.9999824208448824 -0.005869322069809928 0.0018899016549219062 0.005869674147755329 0.9999809727371071 -0.08227518110814458 -0.2111573169113825 -0.32605666888302665
FixedParameters: 0 0 0
#Transform 59
Transform: MatrixOffsetTransformBase_double_3_3
Parameters: 0.9999974519940799 0.0005765835690463484 -0.0020535259074494507 -0.000588415185974758 0.9999820336037795 -0.006051806034393118 0.0020494752581586765 0.006052196055324828 0.999979164216282 -0.11718118957362833 -0.0867002256555196 -0.36378411288896473
FixedParameters: 0 0 0
#Transform 60
Transform: MatrixOffsetTransformBase_double_3_3
Parameters: 0.9999978792355596 0.000744777329479101 -0.0021365928721178633 -0.000755226513348873 0.9999885028017031 -0.004788401067882135 0.0021334093111108317 0.004789603595017981 0.999986507047818 -0.09052378280470919 -0.12800973872911925 -0.2912963117431957
FixedParameters: 0 0 0
#Transform 61
Transform: MatrixOffsetTransformBase_double_3_3
Parameters: 0.9999983307336314 0.0007229906948958335 -0.0017736982848580612 -0.0007320102861913117 0.9999866184257405 -0.005083707468392889 0.0017703002826304221 0.005085285747569676 0.9999850076805806 -0.1270656171585216 -0.0664405946376121 -0.374807793048177
FixedParameters: 0 0 0
#Transform 62
Transform: MatrixOffsetTransformBase_double_3_3
Parameters: 0.9999983738385902 0.0007221904456371721 -0.0017620525856461794 -0.0007318093406158081 0.9999844072902654 -0.005572721301677266 0.0017579486463753322 0.005574280364160051 0.9999828381957793 -0.1487644170564124 -0.06390406977388352 -0.3516325547638104
FixedParameters: 0 0 0
#Transform 63
Transform: MatrixOffsetTransformBase_double_3_3
Parameters: 0.999998577056482 0.0007212825497768429 -0.0017035774376087472 -0.0007317199806593733 0.9999797880764938 -0.006298761746631449 0.0016994241590534123 0.006300234055473818 0.9999784207506403 -0.14860641120593243 -0.03823820727909322 -0.3730965678855682
FixedParameters: 0 0 0
#Transform 64
Transform: MatrixOffsetTransformBase_double_3_3
Parameters: 0.9999982051791905 0.001257829877160947 -0.0011012434416936964 -0.0012651678254807478 0.9999777018964734 -0.006534615192696339 0.0010927554579506723 0.006535382953311285 0.9999780898732789 -0.1617893226673317 -0.031416758624160934 -0.3631572740312947
FixedParameters: 0 0 0
#Transform 65
Transform: MatrixOffsetTransformBase_double_3_3
Parameters: 0.9999988329077836 0.0012728207836947782 -0.001244422705085488 -0.0012801766011838265 0.9999768760003538 -0.006594416847406762 0.001235585482095165 0.006595582607801228 0.9999779678467232 -0.1721211891329233 -0.045140966417619666 -0.3933316120740784
FixedParameters: 0 0 0
#Transform 66
Transform: MatrixOffsetTransformBase_double_3_3
Parameters: 0.9999987770634964 0.001197589670008023 -0.001337488132479088 -0.0012074092153062353 0.9999747238097201 -0.007058400421660445 0.0013285110119785747 0.007059606327802327 0.9999743929224069 -0.17561678016645033 -0.05011856439521978 -0.43113402779239607
FixedParameters: 0 0 0
#Transform 67
Transform: MatrixOffsetTransformBase_double_3_3
Parameters: 0.9999987052625234 0.0012024137942891902 -0.0009209906486249581 -0.0012105866742087592 0.9999649515767256 -0.00828189671583487 0.0009110058245015189 0.008282107060858536 0.9999655681757948 -0.21224181013735688 -0.05860348100689805 -0.46184971047746615
FixedParameters: 0 0 0
#Transform 68
Transform: MatrixOffsetTransformBase_double_3_3
Parameters: 0.9999975116195746 0.001709377961448891 -0.0012516361920694096 -0.0017196244838310253 0.999962195729044 -0.00853486587948989 0.0012373656721080776 0.008537133355689282 0.999962586486906 -0.25041723789613 -0.05221961095119809 -0.487321756318039
FixedParameters: 0 0 0
#Transform 69
Transform: MatrixOffsetTransformBase_double_3_3
Parameters: 0.9999968442416816 0.0011919642294495694 -0.002175977706585122 -0.0012100360723482993 0.9999645417252251 -0.008306391775557883 0.0021660227162934773 0.0083086066161778 0.9999632708234429 -0.2417402742520096 -0.040724115175976294 -0.5271317851677111
FixedParameters: 0 0 0
#Transform 70
Transform: MatrixOffsetTransformBase_double_3_3
Parameters: 0.9999989354062445 0.000882259390620777 -0.0011336487203847385 -0.0008927443329505459 0.9999628806004782 -0.00862100232450675 0.0011263452449756237 0.008622008112113947 0.9999623913521827 -0.20599680686254374 -0.03116811229220673 -0.5075465371810424
FixedParameters: 0 0 0
#Transform 71
Transform: MatrixOffsetTransformBase_double_3_3
Parameters: 0.9999991853795823 0.0007297855766959498 -0.0005308417077321152 -0.0007342146943575137 0.9999677508231788 -0.007981612535957226 0.0005251558707340601 0.007982385539549103 0.999968007868043 -0.17664004798406552 -0.08982529962995045 -0.4588344839928169
FixedParameters: 0 0 0
#Transform 72
Transform: MatrixOffsetTransformBase_double_3_3
Parameters: 0.9999990560041055 0.0006258338730119942 -0.0007432353835622796 -0.0006321634064242552 0.9999652974965737 -0.00832453592382237 0.0007377623599351663 0.008325467487588691 0.9999651447946122 -0.21872836455438005 -0.012970782134019032 -0.5056705665607382
FixedParameters: 0 0 0
#Transform 73
Transform: MatrixOffsetTransformBase_double_3_3
Parameters: 0.999999613249807 0.000957367338161547 -0.0006859318710475371 -0.0009626348701431923 0.9999658413291018 -0.008260346000541771 0.0006780714250904379 0.008260655465658193 0.9999652978128974 -0.18341266109223398 -0.05718675887789004 -0.4695553160750592
FixedParameters: 0 0 0
#Transform 74
Transform: MatrixOffsetTransformBase_double_3_3
Parameters: 0.9999980062155135 0.0009260158753283168 -0.0017709146234218013 -0.0009409829739022565 0.9999632253417137 -0.008478342896601914 0.0017630831084469699 0.008480641945539581 0.9999619744338356 -0.20395647786868665 0.0898290754066835 -0.5810732555886773
FixedParameters: 0 0 0
#Transform 75
Transform: MatrixOffsetTransformBase_double_3_3
Parameters: 0.9999959170717461 -8.110218175856473e-7 -0.002843092480533993 -0.0000238101196446476 0.9999648578937319 -0.008374964616309892 0.002842899855577318 0.008375030005295185 0.9999607752296501 -0.16906006369308102 0.05832243316416452 -0.5214493375061267
FixedParameters: 0 0 0
#Transform 76
Transform: MatrixOffsetTransformBase_double_3_3
Parameters: 0.9999969033872955 -0.00048213703167309594 -0.0024212276487839673 0.00046785791981515077 0.9999827209774231 -0.005836149987500644 0.002424771414252356 0.005834848120695944 0.9999800756168199 -0.13543883483704633 -0.1644498083173147 -0.4139979926132753
FixedParameters: 0 0 0
#Transform 77
Transform: MatrixOffsetTransformBase_double_3_3
Parameters: 0.9999978832814433 -0.000531674435675719 -0.002198208916214985 0.0005203212459283983 0.9999855535519759 -0.005308153490218467 0.002201792439188309 0.0053068390755950465 0.9999829901877103 -0.10466889825679004 -0.11690827992349284 -0.39470634164602814
FixedParameters: 0 0 0
#Transform 78
Transform: MatrixOffsetTransformBase_double_3_3
Parameters: 0.9999973333496077 -0.0003724003448153008 -0.002127697241603712 0.00035959805850006973 0.9999802448685261 -0.006294780090229093 0.002130304861853184 0.006294221646389826 0.9999778461322166 -0.1392808309715008 -0.06385998414955907 -0.4432069185458971
FixedParameters: 0 0 0
#Transform 79
Transform: MatrixOffsetTransformBase_double_3_3
Parameters: 0.9999967210008062 -0.0004404261965959947 -0.0024666403851684414 0.0004265716519100184 0.9999852127664056 -0.005441070702130452 0.00246935733549907 0.005439930929991751 0.9999823096140523 -0.1135349949527864 -0.08452906878360977 -0.43628776381606826
FixedParameters: 0 0 0
#Transform 80
Transform: MatrixOffsetTransformBase_double_3_3
Parameters: 0.9999960441588952 -0.00015882913981375382 -0.0028162540653841684 0.00014517088668970348 0.9999878686034196 -0.004910427948077764 0.0028167467173525734 0.004909571725132677 0.9999839589706704 -0.12658998569389723 -0.027383029110680468 -0.4502359490475243
FixedParameters: 0 0 0
#Transform 81
Transform: MatrixOffsetTransformBase_double_3_3
Parameters: 0.9999960647152478 -0.000056920977286242726 -0.002816770069331081 0.0000440821981395219 0.9999899567069935 -0.00458714691817091 0.0028162333667815062 0.004586862444879614 0.9999860265229691 -0.1285154805392068 -0.05656125679472268 -0.42785714303987277
FixedParameters: 0 0 0
#Transform 82
Transform: MatrixOffsetTransformBase_double_3_3
Parameters: 0.9999953586907913 0.00011557366615975732 -0.002937691410244224 -0.0001314214155528886 0.9999847139548554 -0.005591640368545444 0.002936310186122805 0.005592365807609216 0.9999801031494503 -0.14405312487552635 0.0037235281179732738 -0.4570469530006278
FixedParameters: 0 0 0
#Transform 83
Transform: MatrixOffsetTransformBase_double_3_3
Parameters: 0.999997247558243 -0.0000028107390322521394 -0.0021800127614135306 -0.000007810662310760031 0.9999874081306307 -0.00495899491459968 0.0021799879664220674 0.004959005814595927 0.9999856557012342 -0.12126323794259974 -0.04758235249619247 -0.40612074311900415
FixedParameters: 0 0 0
#Transform 84
Transform: MatrixOffsetTransformBase_double_3_3
Parameters: 0.9999954548717291 0.0001190596101571924 -0.0029205552881916997 -0.00013194418179337465 0.9999903459166664 -0.004431633978967534 0.002920442965212307 0.004431367035016507 0.9999858322894946 -0.13887372533666564 -0.013645864512497496 -0.4469911770683126
FixedParameters: 0 0 0
#Transform 85
Transform: MatrixOffsetTransformBase_double_3_3
Parameters: 0.9999984439204873 0.00012135309588968046 -0.0018817176811023362 -0.00013164811520691882 0.9999839594234133 -0.005658763454014564 0.0018812859379212837 0.005659239479214186 0.9999824353487741 -0.12934624057459132 -0.0403726954126995 -0.37405639316727957
FixedParameters: 0 0 0
#Transform 86
Transform: MatrixOffsetTransformBase_double_3_3
Parameters: 0.9999982919203702 0.00012052330038174557 -0.0019217551600787131 -0.0001314797080526575 0.999982301050634 -0.005973761169180702 0.0019212498137710285 0.0059732453948666666 0.9999806247236134 -0.12927432230073066 -0.010207343234228006 -0.3945643581378562
FixedParameters: 0 0 0
#Transform 87
Transform: MatrixOffsetTransformBase_double_3_3
Parameters: 0.9999985007661544 0.00004311809700362494 -0.0018702549565365804 -0.00005288042266467092 0.9999860768109499 -0.005283912086072055 0.0018697476922424246 0.005284091606176155 0.9999845821850833 -0.11244430332442334 -0.07566606866204495 -0.3815660834423653
FixedParameters: 0 0 0
#Transform 88
Transform: MatrixOffsetTransformBase_double_3_3
Parameters: 0.9999983347228563 0.0003516101317345048 -0.0018817784519549157 -0.00036139016578810927 0.9999879526605534 -0.004991330324794346 0.0018802191293086118 0.004992671487350229 0.9999855415695539 -0.12000678111186858 -0.04969328650993532 -0.43379691106483165
FixedParameters: 0 0 0
#Transform 89
Transform: MatrixOffsetTransformBase_double_3_3
Parameters: 0.9999976579659765 0.00022754045761465443 -0.002300163179752228 -0.0002384597526766276 0.9999871102608487 -0.004983462290503023 0.0022988408509869236 0.00498353386649032 0.9999848768052451 -0.11057088569219786 -0.048901002014389405 -0.39641668861095525
FixedParameters: 0 0 0
#Transform 90
Transform: MatrixOffsetTransformBase_double_3_3
Parameters: 0.9999968167595303 0.000014404638709277573 -0.0024861396279742595 -0.000029600642787150985 0.9999806485139999 -0.006272949298764224 0.002486863596311464 0.006273058712815186 0.9999774662415176 -0.13678799653966678 0.07327958783042732 -0.5221033678563458
FixedParameters: 0 0 0
#Transform 91
Transform: MatrixOffsetTransformBase_double_3_3
Parameters: 0.999992397121302 -0.000344821914384061 -0.0039349057978368 0.0003201764299898987 0.9999801169306314 -0.00630731175669862 0.003937099674207147 0.0063056942826883065 0.9999727351670207 -0.12066700336610836 0.17031437791631276 -0.5005593702521054
FixedParameters: 0 0 0
#Transform 92
Transform: MatrixOffsetTransformBase_double_3_3
Parameters: 0.9999946101570757 -0.0011465874428050705 -0.0031741256421303414 0.0011334154516256796 0.9999904075207423 -0.00427862202058018 0.0031788772816380073 0.00427537954055136 0.9999856169002223 -0.037646607916684616 -0.15032576925068497 -0.16759591288781905
FixedParameters: 0 0 0
#Transform 93
Transform: MatrixOffsetTransformBase_double_3_3
Parameters: 0.9999956146282721 -0.001334251177502538 -0.0025702191111269678 0.0013247496605112417 0.9999923011373212 -0.003597419534858698 0.0025747809266824452 0.003594579219758098 0.9999904509259072 -0.035659859441338426 -0.40673375662420597 -0.27830800809823586
FixedParameters: 0 0 0
#Transform 94
Transform: MatrixOffsetTransformBase_double_3_3
Parameters: 0.9999973988268349 -0.00006973597398884515 -0.0021437903191866958 0.00006326303205296366 0.999995123378912 -0.0031421423085934235 0.0021442082049888795 0.003141857156728407 0.9999925310501393 -0.09524175338950158 -0.2170418992701002 -0.3911610058578674
FixedParameters: 0 0 0
#Transform 95
Transform: MatrixOffsetTransformBase_double_3_3
Parameters: 0.9999976764824681 0.00003135101243236841 -0.0020791292219447875 -0.000039648358605437226 0.9999934636368725 -0.0036789266341222203 0.002078868012907858 0.0036790742431430895 0.9999911426395445 -0.12968934835288337 -0.12928472458925455 -0.32253572782593665
FixedParameters: 0 0 0
#Transform 96
Transform: MatrixOffsetTransformBase_double_3_3
Parameters: 0.9999982197378378 0.00003443888383999267 -0.001667099592587125 -0.00003956072647769195 0.9999965129162919 -0.0027359381912988924 0.001666897128640976 0.0027360615492660824 0.9999947353917646 -0.12204875864418341 -0.0652016665069084 -0.28413968039733106
FixedParameters: 0 0 0
#Transform 97
Transform: MatrixOffsetTransformBase_double_3_3
Parameters: 0.9999978139548392 0.0000326309903281749 -0.0022771022309707335 -0.00003936857700323681 0.9999961754662161 -0.0027969192389638423 0.0022769008467712184 0.0027970831831262656 0.9999939920130527 -0.10073634004092469 -0.006188865483082395 -0.34239783670912516
FixedParameters: 0 0 0
#Transform 98
Transform: MatrixOffsetTransformBase_double_3_3
Parameters: 0.9999986897076155 -0.00008838182813980333 -0.0015178071674917348 0.00008461983340967647 0.9999980285211356 -0.002228132972984098 0.0015171926140457458 0.0022278704437935773 0.9999967331931956 -0.08208671095302122 0.014764592009612443 -0.29799886976977064
FixedParameters: 0 0 0
#Transform 99
Transform: MatrixOffsetTransformBase_double_3_3
Parameters: 0.9999983513521042 -0.00007173924413766031 -0.0016257570858234024 0.00006625963673820378 0.999993534288632 -0.0035301131551134486 0.0016262442257700138 0.0035298887671380407 0.9999928951627022 -0.10419492797868202 0.02636424946280158 -0.3366624407552763
FixedParameters: 0 0 0
#Transform 100
Transform: MatrixOffsetTransformBase_double_3_3
Parameters: 0.9999984523365748 0.0004310896651224866 -0.0015366702874006202 -0.00043691077887804555 0.9999930044610601 -0.0038473370491540235 0.0015353302065360514 0.0038486703040141886 0.9999918335113047 -0.11934096762885815 0.0034986920124424614 -0.36155575188510625
FixedParameters: 0 0 0
#Transform 101
Transform: MatrixOffsetTransformBase_double_3_3
Parameters: 1.0000001044861118 0.0008974647403916098 -0.00030062498500097053 -0.0008985387200275165 0.9999866812041639 -0.00514873238758015 0.0002963773084859083 0.005149268498897582 0.9999863985119964 -0.17650879156266797 0.04343268409513712 -0.39036236773372934
FixedParameters: 0 0 0
#Transform 102
Transform: MatrixOffsetTransformBase_double_3_3
Parameters: 0.9999990187215038 0.0009710319809461878 0.0001959512377154682 -0.000969966772991223 0.9999859971180542 -0.005202194951058805 -0.0002010483894999681 0.0052018096600750935 0.9999868995920161 -0.17024007195884394 -0.029453072898363075 -0.3829194940739171
FixedParameters: 0 0 0
#Transform 103
Transform: MatrixOffsetTransformBase_double_3_3
Parameters: 0.9999993329714373 0.0008073562194680035 -0.00012136146596477485 -0.0008086414196900175 0.9999851869009937 -0.005399906396815214 0.00011663500514829504 0.005400098700848433 0.9999858256081038 -0.16747422394675482 -0.028671540600726075 -0.42747784973089153
FixedParameters: 0 0 0
#Transform 104
Transform: MatrixOffsetTransformBase_double_3_3
Parameters: 0.9999999062016078 0.0010443239171009403 0.00004959609848958127 -0.0010446738002031588 0.9999802949648783 -0.006133054178781808 -0.00005640805147970448 0.006132943458749461 0.9999813831451964 -0.14760889609921435 -0.04442410352474724 -0.3983997290147272
FixedParameters: 0 0 0
#Transform 105
Transform: MatrixOffsetTransformBase_double_3_3
Parameters: 0.9999998949619188 0.0008424167074678961 0.0006291305384459089 -0.0008375856632351263 0.9999754825684763 -0.006986535251500818 -0.0006348680166604872 0.006986473478433909 0.999975788749808 -0.19819025894088327 0.011676484481199623 -0.45028470658037634
FixedParameters: 0 0 0
#Transform 106
Transform: MatrixOffsetTransformBase_double_3_3
Parameters: 0.9999998291726054 0.000754451211405105 0.0007757358381462886 -0.0007485474107615372 0.999975392600385 -0.007003587379592791 -0.0007812614764924172 0.007002417280672463 0.9999753512903525 -0.19740760519852074 0.034538797674471766 -0.4000095740514382
FixedParameters: 0 0 0
#Transform 107
Transform: MatrixOffsetTransformBase_double_3_3
Parameters: 0.9999999423319479 0.0002887662062377297 0.0009870461610938467 -0.0002822343834011842 0.9999770227949589 -0.006848286140772442 -0.000988956419093222 0.0068477219851819674 0.9999761281490227 -0.22358429939595226 0.06575841723072529 -0.4373306212436461
FixedParameters: 0 0 0
#Transform 108
Transform: MatrixOffsetTransformBase_double_3_3
Parameters: 0.9999996055663773 0.0006119398467321089 0.0010098277643816095 -0.0006050600927440216 0.9999766038350436 -0.006857617686255407 -0.0010141734439007334 0.00685738606712114 0.9999759499546644 -0.20885616180056843 0.02073400200943354 -0.46667876859888224
FixedParameters: 0 0 0
#Transform 109
Transform: MatrixOffsetTransformBase_double_3_3
Parameters: 0.9999997654313241 0.0009946037027463515 0.0004948237521006286 -0.0009913967790995404 0.9999737620199707 -0.007228495973958778 -0.0005021797478780608 0.007228505937963896 0.9999734995758359 -0.21841139371933593 0.04837509886866087 -0.5291592926118227
FixedParameters: 0 0 0
#Transform 110
Transform: MatrixOffsetTransformBase_double_3_3
Parameters: 0.9999996879306303 0.0009825865764894663 0.0005894211195053314 -0.0009774168939498855 0.9999692626043402 -0.007731577834414874 -0.000596575100868188 0.007731415537429327 0.9999698713672859 -0.23593300705549325 0.004631022618397651 -0.5744849739427735
FixedParameters: 0 0 0
#Transform 111
Transform: MatrixOffsetTransformBase_double_3_3
Parameters: 0.9999992280910426 0.0008225024042138628 0.00030840739908682453 -0.0008205011726415683 0.9999678833057416 -0.00802725752940551 -0.0003145968127640161 0.008027745724301174 0.9999674611458319 -0.2055422642570761 0.02691069031340021 -0.5622383690382691
FixedParameters: 0 0 0
#Transform 112
Transform: MatrixOffsetTransformBase_double_3_3
Parameters: 0.9999994688503213 0.0012355155523254143 -0.00006331132951420328 -0.001236491801150593 0.9999648486520584 -0.008343933200749342 0.000053684557377128206 0.008344077812871576 0.9999653729575015 -0.2506442877283206 -0.018570556698307428 -0.6148609968672218
FixedParameters: 0 0 0
#Transform 113
Transform: MatrixOffsetTransformBase_double_3_3
Parameters: 0.9999993844162273 0.0011269314300301632 0.0005876384956888356 -0.0011220655326932424 0.9999644203098063 -0.008325665070479623 -0.0005973628633621631 0.008325332514456595 0.9999653337678696 -0.23161553793018186 -0.04958716130866492 -0.5809604162801776
FixedParameters: 0 0 0
#Transform 114
Transform: MatrixOffsetTransformBase_double_3_3
