#Insight Transform File V1.0
#Transform 0
Transform: MatrixOffsetTransformBase_double_3_3
Parameters: 0.9999927813372894 -0.0025861262130228804 -0.0027444933647659837 0.0025758741828384923 0.9999897701196478 -0.003687096869605407 0.0027535077286866636 0.003679906431073349 0.9999898746726703 0.21674923381752365 0.3403523188743094 -0.10061537905428963
FixedParameters: 0 0 0
#Transform 1
Transform: MatrixOffsetTransformBase_double_3_3
Parameters: 0.9999983665915477 -0.001489380056466266 -0.000644526999505876 0.0014866176779012596 0.9999922617875091 -0.0036779635938284636 0.0006504712795698262 0.0036770366279744336 0.9999930566813839 0.14054495598045946 0.2941328999961428 -0.4443329952555075
FixedParameters: 0 0 0
#Transform 2
Transform: MatrixOffsetTransformBase_double_3_3
Parameters: 0.9999916918388202 -0.002316337950145861 -0.0033081789667578844 0.0023076636550970224 0.9999943142617417 -0.0025216559983109958 0.0033138222687413912 0.0025143458437416237 0.999991696852822 0.1379962011851461 0.2328294426151416 -0.22602540861308995
FixedParameters: 0 0 0
#Transform 3
Transform: MatrixOffsetTransformBase_double_3_3
Parameters: 0.9999996523199767 0.00016662650391195948 0.0005654064021844995 -0.000167374839722938 0.9999970672016297 0.0024299055962323053 -0.0005655947791369175 -0.002430094474184597 0.9999967752997034 0.08097108281414478 0.1419413368747371 -0.33243578005243535
FixedParameters: 0 0 0
#Transform 4
Transform: MatrixOffsetTransformBase_double_3_3
Parameters: 0.9999972581607117 -0.00042914946619323076 0.002134767533295374 0.0004278500705339786 0.9999995264053714 0.0005389142829352457 -0.002135229027819193 -0.0005380845867913462 0.9999971517908215 0.08594961605035678 0.08104367617133335 -0.48463492631342575
FixedParameters: 0 0 0
#Transform 5
Transform: MatrixOffsetTransformBase_double_3_3
Parameters: 0.9999963307201052 -0.0008578785502058363 0.0024356359157351815 0.0008541207179715009 0.9999987327926156 0.0015930858484061417 -0.002437361425383606 -0.001590914552848547 0.9999955289872685 0.07462937606661058 -0.0548721347441159 -0.6247296537652787
FixedParameters: 0 0 0
#Transform 6
Transform: MatrixOffsetTransformBase_double_3_3
Parameters: 0.999996490562188 -0.0007620937019986039 0.0024347892741647514 0.0007549039519420118 0.9999959419871838 0.0029138482809355284 -0.0024372075501837864 -0.0029111528589143114 0.9999925831961572 0.08646414503243705 -0.047821731587177396 -0.4836718742630026
FixedParameters: 0 0 0
#Transform 7
Transform: MatrixOffsetTransformBase_double_3_3
Parameters: 0.9999979828891329 -0.00099453198771509 0.0014245393640066786 0.000990468622345453 0.9999968769193044 0.00247841557651551 -0.001426457214709156 -0.0024765859537993454 0.9999958299254669 0.1119768021638805 -0.03931852857378715 -0.626402030649146
FixedParameters: 0 0 0
#Transform 8
Transform: MatrixOffsetTransformBase_double_3_3
Parameters: 0.9999986026916663 -0.001416796105889224 -0.001178715400362993 0.0014242073770342008 0.9999803435200632 0.006134335751923016 0.0011702856702361512 -0.006135672543211775 0.9999809818986787 0.19152508557870362 -0.14805744733317283 -0.3554721299547339
FixedParameters: 0 0 0
#Transform 9
Transform: MatrixOffsetTransformBase_double_3_3
Parameters: 0.9999968031044821 -0.002241920849711797 -0.0010817924048241395 0.002249078626423083 0.9999755554062131 0.006586584072526741 0.0010672053385642492 -0.006589409708833709 0.9999774431750821 0.1789698066483112 -0.11227033316451696 -0.37256581358007423
FixedParameters: 0 0 0
#Transform 10
Transform: MatrixOffsetTransformBase_double_3_3
Parameters: 0.9999970605109265 -0.0022171933390451796 -0.001011820773129884 0.002222806977414772 0.9999807206076723 0.005773766212085083 0.0009991795238013697 -0.0057762306763693115 0.9999826380161153 0.19859093640931746 -0.08581697928083543 -0.4237092462014189
FixedParameters: 0 0 0
#Transform 11
Transform: MatrixOffsetTransformBase_double_3_3
Parameters: 0.9999958504891721 -0.0028501493158219968 0.00016299803510790064 0.0028488486526270784 0.9999734107930617 0.006668487900356722 -0.0001820022993446906 -0.0066685048093462545 0.9999775007905302 0.1790270427000138 -0.14794915512969453 -0.46216156486367055
FixedParameters: 0 0 0
#Transform 12
Transform: MatrixOffsetTransformBase_double_3_3
Parameters: 0.999993040929749 -0.003369773202231936 -0.0012661080606345724 0.0033782214446160526 0.9999726735851099 0.0065507624846479545 0.0012438878266655693 -0.006555231332619398 0.9999774825667748 0.18806565441101952 -0.1077717761789927 -0.45006741248722903
FixedParameters: 0 0 0
#Transform 13
Transform: MatrixOffsetTransformBase_double_3_3
Parameters: 0.9999935876948551 -0.0031736739553633125 -0.001828333040605802 0.0031863261281040276 0.999968069603209 0.007333227007739948 0.0018046752843920554 -0.007338780155015231 0.9999718824381446 0.167165115605016 -0.1854854431578019 -0.3882662707178568
FixedParameters: 0 0 0
#Transform 14
Transform: MatrixOffsetTransformBase_double_3_3
Parameters: 0.9999941993875482 -0.003319056759129795 -0.0008855849484873519 0.003324948370966718 0.9999717370771698 0.006797094714859051 0.0008634117201010981 -0.006800904973753586 0.9999760081700519 0.1711663401696768 -0.12728593624603945 -0.43485458570897606
FixedParameters: 0 0 0
#Transform 15
Transform: MatrixOffsetTransformBase_double_3_3
Parameters: 0.9999893896678582 -0.0041887384018643 -0.001750629070260186 0.004201256217552297 0.9999665077853963 0.0070597165011980195 0.0017203652925204382 -0.007067277586385407 0.9999730941010753 0.1782387841330575 -0.19425893944870154 -0.4133216328310283
FixedParameters: 0 0 0
#Transform 16
Transform: MatrixOffsetTransformBase_double_3_3
Parameters: 0.9999895625916622 -0.003984865519205039 -0.002135580400389888 0.003998133431850738 0.9999697246861439 0.006654525920798101 0.0021094207538049155 -0.00666347011381804 0.9999751519339084 0.17374601894726993 -0.13910159079502193 -0.4710438650574389
FixedParameters: 0 0 0
#Transform 17
Transform: MatrixOffsetTransformBase_double_3_3
Parameters: 0.9999902940001429 -0.0039117528136419595 -0.0018445178840596338 0.003926247827534447 0.9999619947681145 0.007783830770263882 0.0018144782426445002 -0.007791170668677571 0.9999680065019962 0.16380435310038877 -0.24561301015862114 -0.41371132231088126
FixedParameters: 0 0 0
#Transform 18
Transform: MatrixOffsetTransformBase_double_3_3
Parameters: 0.9999901111098671 -0.003996853925094793 -0.0017067229022889746 0.00400914509136541 0.99996647982296 0.007172225663278627 0.0016782708352367308 -0.0071797760433734 0.99997263951059 0.1766633841765497 -0.15143007699892053 -0.41442867813379536
FixedParameters: 0 0 0
#Transform 19
Transform: MatrixOffsetTransformBase_double_3_3
Parameters: 0.9999882180830789 -0.004445542365317313 -0.001736848568594395 0.004459459973689038 0.9999599115853567 0.007823346413834953 0.0017021476481608798 -0.00783065887650485 0.9999677800240017 0.18181619787731051 -0.18743152517428996 -0.34014905198631595
FixedParameters: 0 0 0
#Transform 20
Transform: MatrixOffsetTransformBase_double_3_3
Parameters: 0.9999891344121076 -0.0041512566433381005 -0.0019052292142643424 0.004165737716919552 0.9999648527205774 0.00726613703230716 0.0018747635441831647 -0.007273856431753364 0.9999715739907418 0.19297921037501453 -0.06210130621180099 -0.37317730687316697
FixedParameters: 0 0 0
#Transform 21
Transform: MatrixOffsetTransformBase_double_3_3
Parameters: 0.999985928466933 -0.004806925211842273 -0.00222820761765278 0.004824069349613378 0.9999581104003982 0.007721353656987901 0.002190792114523627 -0.007731633812055445 0.9999674179392164 0.16038353699200059 -0.13945363524203458 -0.33984742305280946
FixedParameters: 0 0 0
#Transform 22
Transform: MatrixOffsetTransformBase_double_3_3
Parameters: 0.9999863475671318 -0.003989137886350168 -0.003277261018578723 0.004012859427010299 0.9999655033220667 0.007306947539219853 0.003247737224735519 -0.007320054579374451 0.9999678675217338 0.17808321485746603 -0.045016824175050374 -0.37036944351500267
FixedParameters: 0 0 0
#Transform 23
Transform: MatrixOffsetTransformBase_double_3_3
Parameters: 0.9999892840936223 -0.0039024264885478763 -0.002342522859585198 0.0039195729855991375 0.9999637228324351 0.007543893886948186 0.002313477351825904 -0.007553103856530111 0.9999685993600369 0.18849390974229152 -0.09693778869274183 -0.35977429651840254
FixedParameters: 0 0 0
#Transform 24
Transform: MatrixOffsetTransformBase_double_3_3
Parameters: 0.999989818288946 -0.004135558131095003 -0.001755599068178891 0.004147435547065292 0.9999657743270793 0.0071427896680054176 0.0017254035848812048 -0.007150206486113524 0.9999728972452623 0.16297513366757244 -0.04377150293865384 -0.3706062743563905
FixedParameters: 0 0 0
#Transform 25
Transform: MatrixOffsetTransformBase_double_3_3
Parameters: 0.999990435060353 -0.004152012856163581 -0.001525040405637077 0.004163986436693827 0.999959570454253 0.007942728067803549 0.0014919601038838077 -0.007949273013733237 0.9999675841546158 0.1611904636937993 -0.154980508344309 -0.40103149261378945
FixedParameters: 0 0 0
#Transform 26
Transform: MatrixOffsetTransformBase_double_3_3
Parameters: 0.9999888306147043 -0.004364785361004254 -0.0020290602080293963 0.004380216997317281 0.9999617185345853 0.0075562017298411175 0.0019959422918965552 -0.007564801403588315 0.9999697874399779 0.1888153780160735 -0.10607123724572887 -0.3640395081620724
FixedParameters: 0 0 0
#Transform 27
Transform: MatrixOffsetTransformBase_double_3_3
Parameters: 0.9999855493197679 -0.004973143574436529 -0.0021713714107532965 0.004991857793655843 0.9999532242643888 0.008298285719883955 0.002129624987726006 -0.008308715972136968 0.9999634254245043 0.1770752659807755 -0.2159161151559914 -0.3725339550166069
FixedParameters: 0 0 0
#Transform 28
Transform: MatrixOffsetTransformBase_double_3_3
Parameters: 0.9999822154942343 -0.005053838348507673 -0.0030408281007172143 0.005076159059496802 0.9999575915784843 0.007657696332360401 0.0030021798415140106 -0.0076723048594994885 0.9999661167088969 0.19309876987638575 -0.09761904760988216 -0.4052683377216866
FixedParameters: 0 0 0
#Transform 29
Transform: MatrixOffsetTransformBase_double_3_3
Parameters: 0.9999801759503602 -0.005506447799822003 -0.0029158370323423646 0.005531537914364646 0.9999485087274422 0.00847903176063374 0.002868155029120567 -0.008494954499016428 0.9999596050089525 0.1855605068861479 -0.21014634137313237 -0.3893317069600428
FixedParameters: 0 0 0
#Transform 30
Transform: MatrixOffsetTransformBase_double_3_3
Parameters: 0.9999876200808335 -0.004794105119812757 -0.0015483322241783522 0.004805896995337284 0.9999584687120646 0.007773656118028279 0.0015106666233087008 -0.007781339632021654 0.999968169792319 0.16799176237755375 -0.1336778726472403 -0.4197455490735109
FixedParameters: 0 0 0
#Transform 31
Transform: MatrixOffsetTransformBase_double_3_3
Parameters: 0.9999775128631362 -0.0059129280161207606 -0.0032439815969099407 0.005939070919015966 0.9999493264403273 0.008086915272248463 0.0031960192339368218 -0.008106079772438577 0.9999620761987885 0.21790846929769714 -0.12985997317814224 -0.3087903660759679
FixedParameters: 0 0 0
#Transform 32
Transform: MatrixOffsetTransformBase_double_3_3
Parameters: 0.9999820998814537 -0.00554209021086838 -0.0024871389205601865 0.005562919123245172 0.9999490952725809 0.008482324801442386 0.002439860394038054 -0.008496682724177975 0.9999608573976525 0.20566657140449252 -0.12928234801989902 -0.3583679777074167
FixedParameters: 0 0 0
#Transform 33
Transform: MatrixOffsetTransformBase_double_3_3
Parameters: 0.9999727939449867 -0.006387748588942887 -0.003660306600316197 0.006418256551267746 0.9999446925574255 0.008313729113364482 0.0036076933473491494 -0.008336267563784111 0.9999584858853383 0.23263139213740658 -0.11032731344430147 -0.3276388869110036
FixedParameters: 0 0 0
#Transform 34
Transform: MatrixOffsetTransformBase_double_3_3
Parameters: 0.9999771110063559 -0.0058820520114556 -0.00336018966250708 0.005910947350202138 0.9999448682174497 0.008671334392274906 0.0033088115474042916 -0.00869065934542385 0.999956518752525 0.22932554350218481 -0.09873725109162024 -0.30629570272612483
FixedParameters: 0 0 0
#Transform 35
Transform: MatrixOffsetTransformBase_double_3_3
Parameters: 0.9999814533046874 -0.005341824896085857 -0.0030014371520310033 0.005366179607095409 0.999952511490371 0.008105041073055217 0.0029585609038586054 -0.008120951739181856 0.9999622969327586 0.19563834823190973 -0.10905409968063395 -0.39250704253695545
FixedParameters: 0 0 0
#Transform 36
Transform: MatrixOffsetTransformBase_double_3_3
Parameters: 0.9999796771609704 -0.005566481794182238 -0.003056084720781284 0.005590513546917319 0.9999515671888257 0.008073073846000133 0.0030109170814716763 -0.008089919497299812 0.9999624852918905 0.19364862826218143 -0.11451355747853142 -0.3727199762796971
FixedParameters: 0 0 0
#Transform 37
Transform: MatrixOffsetTransformBase_double_3_3
Parameters: 0.999979784332817 -0.005574691326004216 -0.0031835234018990424 0.005601315126698403 0.9999494658223611 0.008316340176218153 0.003137480595945903 -0.008333662921477613 0.9999607034047192 0.1872310231857881 -0.17431577872987702 -0.3797660502990112
FixedParameters: 0 0 0
#Transform 38
Transform: MatrixOffsetTransformBase_double_3_3
Parameters: 0.9999776722505951 -0.005868721196605917 -0.003144547603370705 0.005894285384316602 0.9999474495322129 0.008414650614665276 0.0030954590803676965 -0.008432352262617869 0.9999593078998316 0.19020717654132113 -0.1334742103852875 -0.3755461348919198
FixedParameters: 0 0 0
#Transform 39
Transform: MatrixOffsetTransformBase_double_3_3
Parameters: 0.9999738942695502 -0.0060485068853633975 -0.004064371910754342 0.0060865024103205784 0.9999388677423088 0.009278509788945372 0.0040076277259625225 -0.009302488373802322 0.9999483937468139 0.18247840042170083 -0.20656146075405957 -0.3676566279848572
FixedParameters: 0 0 0
#Transform 40
Transform: MatrixOffsetTransformBase_double_3_3
Parameters: 0.9999671857254121 -0.006876864913266801 -0.004185624587375032 0.006914134075925589 0.9999365774388369 0.008922355611150859 0.004124369915212936 -0.008951659268317825 0.9999518624376186 0.2016384020855213 -0.1461555800568135 -0.4031344761175646
FixedParameters: 0 0 0
#Transform 41
Transform: MatrixOffsetTransformBase_double_3_3
Parameters: 0.9999610455301323 -0.007177220473620785 -0.005044028203485877 0.007227767098284991 0.9999223177905043 0.010120929491040005 0.004970969424895437 -0.010157065730633399 0.9999361199060366 0.21485296422447675 -0.25790469105014324 -0.397550638839121
FixedParameters: 0 0 0
#Transform 42
Transform: MatrixOffsetTransformBase_double_3_3
Parameters: 0.9999639117262928 -0.007113175790417499 -0.004635133108172422 0.007152823426909592 0.9999390426473749 0.008414147976871199 0.004574859318065981 -0.008446845229504153 0.9999537173879661 0.21955676698226512 -0.11213450759463228 -0.42370020769406835
FixedParameters: 0 0 0
#Transform 43
Transform: MatrixOffsetTransformBase_double_3_3
Parameters: 0.9999498487565834 -0.008542518687381956 -0.005213608522328845 0.008589476369710653 0.9999214173772203 0.009153682842116368 0.0051343980211689235 -0.00919832791095141 0.9999450255674682 0.22362370480827565 -0.07516781215915103 -0.33227547187426865
FixedParameters: 0 0 0
#Transform 44
Transform: MatrixOffsetTransformBase_double_3_3
Parameters: 0.9999472469155235 -0.008345520912713667 -0.005925226886014305 0.008403461432045487 0.9999151053319815 0.009912725410233674 0.0058417753237453 -0.009962273122862991 0.9999336237364992 0.25552580097013333 -0.1746040101958215 -0.3016970583837306
FixedParameters: 0 0 0
#Transform 45
Transform: MatrixOffsetTransformBase_double_3_3
Parameters: 0.9999442748546311 -0.00902398831363656 -0.005503189356534207 0.00907302111956633 0.9999186200144233 0.008947566019890572 0.005422815223680433 -0.008996434728857389 0.9999446535285457 0.2594899524565619 -0.030975818015065215 -0.35661411110433505
FixedParameters: 0 0 0
#Transform 46
Transform: MatrixOffsetTransformBase_double_3_3
Parameters: 0.9999477513846311 -0.00784776774314032 -0.006531406705348585 0.007914223433209891 0.9999167902573143 0.010176837184498643 0.0064505866052354316 -0.010228153600791996 0.9999267683648714 0.2853911804114091 -0.07570389144522949 -0.2716266172427808
FixedParameters: 0 0 0
#Transform 47
Transform: MatrixOffsetTransformBase_double_3_3
Parameters: 0.9999464636585125 -0.00801358773878251 -0.006581455460662991 0.00807940131745965 0.9999172654417399 0.009972354435253539 0.006500533345865202 -0.01002562412847252 0.9999282280550226 0.26343711055169194 -0.0940388670437784 -0.288949621328463
FixedParameters: 0 0 0
#Transform 48
Transform: MatrixOffsetTransformBase_double_3_3
Parameters: 0.9999509503024369 -0.007682384541227114 -0.006166653056658679 0.007737594094270725 0.999930259770541 0.008880717472775423 0.0060973397294576456 -0.008928276988445701 0.9999421033494744 0.25096079586130315 -0.015519362658253044 -0.36997928611532416
FixedParameters: 0 0 0
#Transform 49
Transform: MatrixOffsetTransformBase_double_3_3
Parameters: 0.9999460331654019 -0.008019076972596122 -0.006531770955854622 0.008084905945255422 0.9999160325062916 0.010128736881392002 0.006449226323805387 -0.010181265317332419 0.9999277417531638 0.23835325062316315 -0.16343838512561604 -0.32836003469964936
FixedParameters: 0 0 0
#Transform 50
Transform: MatrixOffsetTransformBase_double_3_3
Parameters: 0.9999490344619328 -0.008202698882914207 -0.005972902883399937 0.008256308415324261 0.9999256370835886 0.008955145871419176 0.005899102488926254 -0.009003851023870567 0.9999421271631743 0.23743769403726844 -0.06936487733530328 -0.35640572493003475
FixedParameters: 0 0 0
#Transform 51
Transform: MatrixOffsetTransformBase_double_3_3
Parameters: 0.9999459543029121 -0.008013130683179395 -0.006544479220989953 0.008078869543260725 0.9999166969706782 0.010100667738562379 0.006463506982158797 -0.010153335536580863 0.9999271342923404 0.23968362415570255 -0.17303259581410657 -0.32806836927466776
FixedParameters: 0 0 0
#Transform 52
Transform: MatrixOffsetTransformBase_double_3_3
Parameters: 0.9999472049134018 -0.007929927663003405 -0.006473280025677852 0.007994067231944917 0.9999184465107785 0.0099317670093267 0.0063947087584747785 -0.009983227188338521 0.9999294447363087 0.2588990508910882 -0.12108077807594952 -0.3672000115278209
FixedParameters: 0 0 0
#Transform 53
Transform: MatrixOffsetTransformBase_double_3_3
Parameters: 0.999936784975269 -0.00905327233624643 -0.00672687743560669 0.00912273523322055 0.9999044241281922 0.010408298875144712 0.006632126875255437 -0.010469712681632768 0.9999234024144852 0.2814431602851215 -0.14634782925932655 -0.3461351680267839
FixedParameters: 0 0 0
#Transform 54
Transform: MatrixOffsetTransformBase_double_3_3
Parameters: 0.9999378016506162 -0.008838951714633522 -0.006787534828425213 0.00891304604693916 0.9999004682804467 0.010958184610782632 0.006689463926726291 -0.011017813775247699 0.9999168463123984 0.26828524138619514 -0.18858974068409395 -0.3546330265787816
FixedParameters: 0 0 0
#Transform 55
Transform: MatrixOffsetTransformBase_double_3_3
Parameters: 0.999944229825244 -0.008277169380323798 -0.006576998732757548 0.008343833338496918 0.999913334595699 0.010199697944558671 0.006492006507989553 -0.010254313775109878 0.9999267007361547 0.2707667376661931 -0.13234109477318157 -0.3560958083781358
FixedParameters: 0 0 0
#Transform 56
Transform: MatrixOffsetTransformBase_double_3_3
Parameters: 0.9999439496032733 -0.008516140918077036 -0.006286591672670303 0.008582861952448565 0.9999061376812622 0.010685643977349913 0.00619540819476291 -0.010739364896310935 0.9999232834994415 0.2462593775324251 -0.18104701092275377 -0.3605446239895258
FixedParameters: 0 0 0
#Transform 57
Transform: MatrixOffsetTransformBase_double_3_3
Parameters: 0.9999447758865485 -0.00814079184454106 -0.0067046943007097615 0.008208217615217157 0.9999143719719337 0.010209540220606121 0.006621320419499404 -0.010264479583119825 0.9999258000540654 0.23929046579287672 -0.1056026203917213 -0.36158299436662134
FixedParameters: 0 0 0
#Transform 58
Transform: MatrixOffsetTransformBase_double_3_3
Parameters: 0.9999394379818076 -0.008616708838986827 -0.006805026363809197 0.008694291095665191 0.9998971843770449 0.011411521002565398 0.0067059674449087186 -0.011469472788181124 0.9999114671385423 0.24802965058810855 -0.2148939717785936 -0.3298575536060113
FixedParameters: 0 0 0
#Transform 59
Transform: MatrixOffsetTransformBase_double_3_3
Parameters: 0.9999386091710943 -0.008820373979892614 -0.006677035373415542 0.008893619778050072 0.9999005186211336 0.01092628313413058 0.006579957960293166 -0.010984707449529108 0.9999180301437599 0.259171227395413 -0.17665572102302463 -0.43774243134076585
FixedParameters: 0 0 0
#Transform 60
Transform: MatrixOffsetTransformBase_double_3_3
Parameters: 0.9999423676020522 -0.008543681092067174 -0.006452881656818924 0.008615322705173043 0.9998998819639198 0.011264053953367614 0.006356119017182418 -0.011318955436785391 0.9999154741507664 0.24740529607912265 -0.20885827526703338 -0.3787953038622547
FixedParameters: 0 0 0
#Transform 61
Transform: MatrixOffsetTransformBase_double_3_3
Parameters: 0.9999326966560393 -0.009138421937482339 -0.007196043530621611 0.00921458668552958 0.9999019701859913 0.010541410242522123 0.00709896684216575 -0.010606596492905076 0.9999190936310648 0.24388806199084456 -0.13039128098454 -0.3321827607733141
FixedParameters: 0 0 0
#Transform 62
Transform: MatrixOffsetTransformBase_double_3_3
Parameters: 0.9999400217170321 -0.008558881783487285 -0.006835543295440109 0.008638126880748833 0.9998936229199457 0.011778667084127257 0.006734467797434454 -0.011837356374388775 0.9999075227060599 0.25379913006075583 -0.21436185221057258 -0.34550417676788925
FixedParameters: 0 0 0
#Transform 63
Transform: MatrixOffsetTransformBase_double_3_3
Parameters: 0.9999335211312645 -0.008970467200633938 -0.007211507257400319 0.009047527138584664 0.9999006882427369 0.010790464261809012 0.007114486305895908 -0.01085553520123525 0.9999155436154741 0.27301253472427334 -0.10692425292171492 -0.3348747666386984
FixedParameters: 0 0 0
#Transform 64
Transform: MatrixOffsetTransformBase_double_3_3
Parameters: 0.999930928213571 -0.008829670124050164 -0.007817550707233788 0.008921330763028153 0.9998898260556086 0.011856082337184716 0.007711467626549305 -0.011924919725967317 0.9998993143246785 0.25472578000344015 -0.16791312180468765 -0.3046886696969793
FixedParameters: 0 0 0
#Transform 65
Transform: MatrixOffsetTransformBase_double_3_3
Parameters: 0.9999320014614543 -0.008875182064150548 -0.007564662766125305 0.008964817151161724 0.9998884601599917 0.01192299533053799 0.007458343910553655 -0.011990009863789258 0.9999006055133998 0.2550101200069008 -0.18121289376016136 -0.3254485391866595
FixedParameters: 0 0 0
#Transform 66
Transform: MatrixOffsetTransformBase_double_3_3
Parameters: 0.9999344610979974 -0.008804754967579254 -0.007349123546816772 0.008889247689443455 0.9998944757475434 0.011510428648636743 0.007246868183197037 -0.011575567982409076 0.9999064860500827 0.284896163886728 -0.11418931581640379 -0.3327189417682135
FixedParameters: 0 0 0
#Transform 67
Transform: MatrixOffsetTransformBase_double_3_3
Parameters: 0.9999358456101836 -0.008509396950012573 -0.007465217772645374 0.008598608046059464 0.9998920238521958 0.011917574626618058 0.007363771826043473 -0.011981430459514754 0.999901221250613 0.2670143951749111 -0.17722268831428778 -0.347405005012952
FixedParameters: 0 0 0
#Transform 68
Transform: MatrixOffsetTransformBase_double_3_3
Parameters: 0.9999357481227978 -0.008536033273246061 -0.007508872128075602 0.008621971075822075 0.9998965846912695 0.011491996374679691 0.007410130393307713 -0.01155599488864041 0.9999055409777043 0.2530487543122888 -0.07082769996138438 -0.3494289021334822
FixedParameters: 0 0 0
#Transform 69
Transform: MatrixOffsetTransformBase_double_3_3
Parameters: 0.9999305794529364 -0.008954650833546607 -0.007695788644853788 0.00904736672180763 0.9998869063746744 0.012051216157990813 0.0075872098185067825 -0.012119788319944808 0.9998975335530915 0.2881017053446442 -0.17265358945213904 -0.29642432960815057
FixedParameters: 0 0 0
#Transform 70
Transform: MatrixOffsetTransformBase_double_3_3
Parameters: 0.9999291719773783 -0.009141033123820235 -0.007633277878596103 0.009231963640975404 0.9998855199054634 0.01196837863239278 0.007522731024681627 -0.01203761920760267 0.999899487482716 0.29102903633348376 -0.14084262859144303 -0.31202378102215533
FixedParameters: 0 0 0
#Transform 71
Transform: MatrixOffsetTransformBase_double_3_3
Parameters: 0.9999276610492587 -0.009478073820037429 -0.007449729708938651 0.009560929355222892 0.999891677954481 0.011175581708374445 0.007343269022555036 -0.011246413219968355 0.9999095930758725 0.2739218848921041 -0.07800568781185291 -0.33446566889227114
FixedParameters: 0 0 0
#Transform 72
Transform: MatrixOffsetTransformBase_double_3_3
Parameters: 0.9999258152128015 -0.009476376039998805 -0.007705824550225171 0.009566644297147191 0.9998849607878978 0.011811174461301272 0.0075931960158378276 -0.011883854611091201 0.9999011072451779 0.2669189958531888 -0.13292368658532894 -0.30124260108473067
FixedParameters: 0 0 0
#Transform 73
Transform: MatrixOffsetTransformBase_double_3_3
Parameters: 0.9999327256453013 -0.008848683761414794 -0.007547400296470126 0.008940335789145814 0.9998863608558257 0.01215334381279164 0.007439599151438691 -0.012219655213343771 0.9998973221620661 0.2577815561745638 -0.15574445836290352 -0.30464220940838516
FixedParameters: 0 0 0
#Transform 74
Transform: MatrixOffsetTransformBase_double_3_3
Parameters: 0.999931452976852 -0.009125272140964404 -0.007367203083616365 0.009209727142463141 0.9998907646430125 0.011549944878895069 0.0072608051812720585 -0.011617056214773469 0.9999063151451554 0.2972681099782477 -0.042454374622451496 -0.3217207389457215
FixedParameters: 0 0 0
#Transform 75
Transform: MatrixOffsetTransformBase_double_3_3
Parameters: 0.9999259496467723 -0.009260808134807213 -0.007828385719903163 0.00935318925575907 0.9998867155903257 0.011823658643509562 0.007717617056586809 -0.011895355675426912 0.9998999181721777 0.27866593871951295 -0.1413976072699228 -0.28578434536055397
FixedParameters: 0 0 0
#Transform 76
Transform: MatrixOffsetTransformBase_double_3_3
Parameters: 0.9999231202811812 -0.009581725272155084 -0.00787785066292349 0.009671266616231964 0.9998881152202788 0.011372684521680942 0.007768148768630527 -0.01144831140398905 0.9999045875918212 0.2583208543829443 -0.035515194200897326 -0.3254173156938194
FixedParameters: 0 0 0
#Transform 77
Transform: MatrixOffsetTransformBase_double_3_3
Parameters: 0.9999255295680566 -0.008917511582630247 -0.008363911978818828 0.009022479856794503 0.999879281180207 0.012660483142572777 0.008249092231917454 -0.012735513312419067 0.9998847449727248 0.2517588485416411 -0.13205104953061664 -0.27825817121882324
FixedParameters: 0 0 0
#Transform 78
Transform: MatrixOffsetTransformBase_double_3_3
Parameters: 0.999923011788459 -0.00932090210891732 -0.00813065582771743 0.009418071917154271 0.9998836308046535 0.011985340831290468 0.0080173308955852 -0.012061650606283735 0.9998952304721163 0.26880367927796556 -0.049945457583760344 -0.29923660621569326
FixedParameters: 0 0 0
#Transform 79
Transform: MatrixOffsetTransformBase_double_3_3
Parameters: 0.9999172945298602 -0.009473645140198975 -0.008657199287611765 0.009583340676266199 0.9998734142314344 0.012678077382711655 0.008535793649301916 -0.012759914161475878 0.9998823080730618 0.29508409301087113 -0.06401747449574202 -0.1978880749876737
FixedParameters: 0 0 0
#Transform 80
Transform: MatrixOffsetTransformBase_double_3_3
Parameters: 0.9999234364146454 -0.009309494084917744 -0.008117084710046036 0.009412509006697562 0.9998755282658154 0.012683563860824247 0.007997903444734986 -0.012758428190868185 0.9998862351275313 0.26198205768118044 -0.1285710871507888 -0.2322039269064149
FixedParameters: 0 0 0
#Transform 81
Transform: MatrixOffsetTransformBase_double_3_3
Parameters: 0.9999275321895037 -0.00921623313587229 -0.0077794703088714294 0.00931076905366227 0.9998837786770787 0.012104458086478675 0.007666526732287724 -0.012176552579918301 0.9998969483179555 0.26056569653425754 -0.02737561551235501 -0.30127790546629285
FixedParameters: 0 0 0
#Transform 82
Transform: MatrixOffsetTransformBase_double_3_3
Parameters: 0.9999295826340954 -0.009047317127856861 -0.007652078744672333 0.009149693048073778 0.999867229523935 0.013491930492274207 0.007529917027337402 -0.013561075107729347 0.9998793910420901 0.24984810202208507 -0.13381117500759387 -0.23972466647840207
FixedParameters: 0 0 0
#Transform 83
Transform: MatrixOffsetTransformBase_double_3_3
Parameters: 0.9999183826253576 -0.009913362054287986 -0.008083573422442534 0.01001963253203919 0.9998617553553142 0.013260094189574587 0.007950441962863432 -0.013339910710692269 0.99987981708494 0.26439634832966874 -0.0508732347700942 -0.2671769036597169
FixedParameters: 0 0 0
#Transform 84
Transform: MatrixOffsetTransformBase_double_3_3
Parameters: 0.999918053127317 -0.009711616609408892 -0.008343831798774818 0.009820380284037606 0.9998662941332944 0.013048126106395134 0.008216165853250601 -0.013128864598591963 0.9998801127315626 0.2729383889944046 -0.09311799255675623 -0.21971351800103633
FixedParameters: 0 0 0
#Transform 85
Transform: MatrixOffsetTransformBase_double_3_3
Parameters: 0.9999188790421085 -0.009991326928058927 -0.007955123005860616 0.010091695170665433 0.9998683927019691 0.012717765230777379 0.007827892974384597 -0.012797263306176879 0.9998879518417184 0.2819642259961199 -0.08533162097511138 -0.24012763819754923
FixedParameters: 0 0 0
#Transform 86
Transform: MatrixOffsetTransformBase_double_3_3
Parameters: 0.9999180830958319 -0.010202980489079775 -0.0076684390362086186 0.010299012197883966 0.9998674797903242 0.012587049366965608 0.007539559924758967 -0.012664959106034122 0.9998917457509361 0.29201709765523276 -0.04020321120860615 -0.2269419607563563
FixedParameters: 0 0 0
#Transform 87
Transform: MatrixOffsetTransformBase_double_3_3
Parameters: 0.9999176448376698 -0.01007446573447291 -0.007927367171077638 0.010178534080703763 0.9998619948808513 0.01312939486435015 0.0077946227012721525 -0.013209617091945328 0.9998827490428859 0.2853444412001238 -0.06637095068126087 -0.2547079045735501
FixedParameters: 0 0 0
#Transform 88
Transform: MatrixOffsetTransformBase_double_3_3
Parameters: 0.9999132646206391 -0.009819417654116288 -0.008792214742890657 0.009924572039138444 0.9998791479758498 0.011930774368538838 0.008673781469507343 -0.012017212327870919 0.9998903407164683 0.28944357750447125 -0.013421674077633838 -0.27383557172829853
FixedParameters: 0 0 0
#Transform 89
Transform: MatrixOffsetTransformBase_double_3_3
Parameters: 0.9999151560779753 -0.009988119564571078 -0.00837120679492916 0.01009488031775201 0.9998666120709905 0.012824576700507392 0.008241797316619923 -0.012907410149060846 0.9998824485027872 0.2672427361995773 -0.12479376303895151 -0.26491750250650625
FixedParameters: 0 0 0
#Transform 90
Transform: MatrixOffsetTransformBase_double_3_3
Parameters: 0.9999120088430015 -0.009948002549576793 -0.00877628582651498 0.010057998192270944 0.9998705654003659 0.012579843189059598 0.008649718839170435 -0.01266717010918457 0.9998827110481717 0.2608885485576167 -0.04132388835299139 -0.25535584815066414
FixedParameters: 0 0 0
#Transform 91
Transform: MatrixOffsetTransformBase_double_3_3
Parameters: 0.9999144993673733 -0.010015143333540014 -0.008378097945549424 0.010124851887970654 0.999861908628754 0.013174297045023198 0.008244904755307874 -0.013257705095145211 0.9998782352508419 0.2541515063558819 -0.14209174990415363 -0.2525194337926919
FixedParameters: 0 0 0
#Transform 92
Transform: MatrixOffsetTransformBase_double_3_3
Parameters: 0.9999226697187868 -0.009315225726821912 -0.008219126309267044 0.009418770821072711 0.9998755175048604 0.012678565538595206 0.008099867212040502 -0.012755437646584582 0.9998856824361978 0.2609365488046791 -0.05974582812237372 -0.29995457544129067
FixedParameters: 0 0 0
#Transform 93
Transform: MatrixOffsetTransformBase_double_3_3
Parameters: 0.9999149875509382 -0.009975512109316069 -0.008395606741431945 0.010093490135817475 0.9998501467256548 0.014069452765697757 0.008254376915773439 -0.014153542538799977 0.9998655352671113 0.28430610921398625 -0.14402733566238624 -0.2540097751535342
FixedParameters: 0 0 0
#Transform 94
Transform: MatrixOffsetTransformBase_double_3_3
Parameters: 0.9999380564124235 -0.007712748635912029 -0.00796624297482322 0.00782024142851371 0.9998765608690839 0.013647546618653488 0.007859758372161534 -0.013709468741967682 0.9998752636001613 0.24164349732289736 -0.1596464783033298 -0.24881000546334064
FixedParameters: 0 0 0
#Transform 95
Transform: MatrixOffsetTransformBase_double_3_3
Parameters: 0.9999193247968056 -0.009318510365334829 -0.008650883009907372 0.00943149381896092 0.9998685171710147 0.013172468496366729 0.008527127806081766 -0.013252525854553084 0.9998756380351634 0.27237844692069757 -0.07464373045601747 -0.30230696518941613
FixedParameters: 0 0 0
#Transform 96
Transform: MatrixOffsetTransformBase_double_3_3
Parameters: 0.999919352134955 -0.009412785371377045 -0.008488251331318152 0.009525204804065055 0.9998647620157606 0.013397225210696168 0.008360759747889673 -0.013476782013491095 0.9998744532776648 0.27700401193682467 -0.14330392081055265 -0.26648855579956887
FixedParameters: 0 0 0
#Transform 97
Transform: MatrixOffsetTransformBase_double_3_3
Parameters: 0.9999083585665478 -0.010021745365107937 -0.009121266351396262 0.010137256861971028 0.9998684679923282 0.012678702787042346 0.008992730971911127 -0.012770298621581709 0.9998780367774588 0.2744724080042573 -0.034946891657426704 -0.3001662463589625
FixedParameters: 0 0 0
#Transform 98
Transform: MatrixOffsetTransformBase_double_3_3
Parameters: 0.9999192396484057 -0.00965804092779955 -0.008275099785502952 0.009762965808779746 0.9998713824160637 0.012739238329292026 0.008150898639996112 -0.01281875598621419 0.9998842250780821 0.2709934853088498 -0.06474367554432092 -0.2648699593877666
FixedParameters: 0 0 0
#Transform 99
Transform: MatrixOffsetTransformBase_double_3_3
Parameters: 0.9999151257250307 -0.00985759296207041 -0.008525792779238692 0.009965418537562219 0.9998706791857669 0.012649111139248999 0.008400198205841865 -0.012732887073515907 0.9998832969464096 0.27683795819687873 -0.06594500388688118 -0.31595457748906597
FixedParameters: 0 0 0
#Transform 100
Transform: MatrixOffsetTransformBase_double_3_3
Parameters: 0.9999105579173607 -0.009899066221002662 -0.00896903398063518 0.010017926626574268 0.999861367318158 0.013313341066123072 0.008835958957560123 -0.013402667913570976 0.999871286307207 0.2873560362056651 -0.1374176925124715 -0.2654960508012678
FixedParameters: 0 0 0
#Transform 101
Transform: MatrixOffsetTransformBase_double_3_3
Parameters: 0.9999147563275792 -0.009832447376320412 -0.008635057192932278 0.009945567645146012 0.9998636079889732 0.013208260866351393 0.008503965859163956 -0.013292763312826986 0.9998759660673747 0.2869787427981976 -0.10410401777829748 -0.25348140374944705
FixedParameters: 0 0 0
#Transform 102
Transform: MatrixOffsetTransformBase_double_3_3
Parameters: 0.9999161313236109 -0.009860014001268598 -0.008404746385213427 0.009964986832540818 0.999871376967727 0.012542295864972722 0.008280258168352414 -0.012624699443346436 0.9998860396404127 0.3072630323130028 -0.04821079647521742 -0.2748798088714963
FixedParameters: 0 0 0
#Transform 103
Transform: MatrixOffsetTransformBase_double_3_3
Parameters: 0.9999058992893197 -0.010583443570803422 -0.008722391476745809 0.010696545388055756 0.9998586092961755 0.012959916532739608 0.00858359922447763 -0.013052068723687273 0.9998779478929184 0.30608415692452695 -0.0425944808737313 -0.26307713922850695
FixedParameters: 0 0 0
#Transform 104
Transform: MatrixOffsetTransformBase_double_3_3
Parameters: 0.9999122277308072 -0.010146445055959597 -0.008473997524503752 0.010252545026742704 0.9998694585865845 0.012506214190146754 0.008345979078756368 -0.012592783871307942 0.9998857631010949 0.30804776754611396 -0.06276937525989013 -0.2911422182309664
FixedParameters: 0 0 0
#Transform 105
Transform: MatrixOffsetTransformBase_double_3_3
Parameters: 0.9999150678330619 -0.009555668493485346 -0.008810513073865827 0.009668313215645166 0.9998698074689452 0.012910904309793643 0.008685483784703815 -0.01299508992462996 0.9998776717702316 0.30438930892510996 -0.0704963407516459 -0.26744863933239316
FixedParameters: 0 0 0
#Transform 106
Transform: MatrixOffsetTransformBase_double_3_3
Parameters: 0.9999084709599292 -0.010568135211373819 -0.008475290996383647 0.010675882187095124 0.9998615526475536 0.012784700041831356 0.008339717132716007 -0.012874324634957503 0.9998826972017496 0.29001373208417647 -0.006661741874140148 -0.28416863080224886
FixedParameters: 0 0 0
#Transform 107
Transform: MatrixOffsetTransformBase_double_3_3
Parameters: 0.9999081943811995 -0.009953920099917482 -0.009150371337117352 0.010073077311682423 0.9998630027606709 0.013172043187989278 0.009017640679886202 -0.013262984766312656 0.9998717554058406 0.31475605963106545 -0.10976994444467891 -0.249951270535
FixedParameters: 0 0 0
#Transform 108
Transform: MatrixOffsetTransformBase_double_3_3
Parameters: 0.9999133189998404 -0.009977986501446746 -0.008608794238713182 0.010086008984429917 0.999869605692462 0.012595257991507191 0.00848219432864387 -0.012681729119671087 0.999883223474661 0.2794297429123276 -0.025891051121647024 -0.3021439158590482
FixedParameters: 0 0 0
#Transform 109
Transform: MatrixOffsetTransformBase_double_3_3
Parameters: 0.9999080090414665 -0.010436715529147518 -0.00860620777294316 0.010557263699497377 0.9998437595429024 0.014168430619450917 0.00845678103545454 -0.014258558025256687 0.9998621635988721 0.3005619953679286 -0.0643637133371584 -0.22930551641557884
FixedParameters: 0 0 0
#Transform 110
Transform: MatrixOffsetTransformBase_double_3_3
Parameters: 0.9999059863755702 -0.010462051964690772 -0.00880659703705359 0.010577922084698226 0.9998562374870944 0.013223073058637971 0.008666392217716737 -0.013314905535990452 0.9998735844830822 0.31995565439339657 -0.012675389047032581 -0.29051949292239243
FixedParameters: 0 0 0
#Transform 111
Transform: MatrixOffsetTransformBase_double_3_3
Parameters: 0.9998894013620993 -0.012531748654240013 -0.008033169942384401 0.012628258318783663 0.9998474264819485 0.012044888404095361 0.007881831671418855 -0.012145117558006823 0.9998953698456895 0.34653312047085194 -0.04189067114234035 -0.20629589371601043
FixedParameters: 0 0 0
#Transform 112
Transform: MatrixOffsetTransformBase_double_3_3
Parameters: 0.9998914176105732 -0.012026719358867535 -0.00848075802377148 0.012122278985287765 0.999862927146274 0.011274419805343307 0.008344246964171556 -0.011375590806610308 0.9999009569780127 0.36277425494176896 0.09625725038384303 -0.1547966308847677
FixedParameters: 0 0 0
#Transform 113
Transform: MatrixOffsetTransformBase_double_3_3
Parameters: 0.9999038036428848 -0.011055990843932804 -0.008423601008903752 0.01115800774825494 0.9998635883312185 0.012161176411422059 0.008287400532515534 -0.012253801372924042 0.999890143968055 0.32071730199996296 0.08561843471176189 -0.2549171058101791
FixedParameters: 0 0 0
#Transform 114
Transform: MatrixOffsetTransformBase_double_3_3
Parameters: 0.9998954517363323 -0.011209450808098143 -0.009103629952704341 0.01132356127943067 0.9998580347891562 0.012519228808344685 0.008962364012631893 -0.012620788072251041 0.9998803779728156 0.3134324450023058 0.04177881210468115 -0.21526106074986728
FixedParameters: 0 0 0
#Transform 115
Transform: MatrixOffsetTransformBase_double_3_3
Parameters: 0.999903586364002 -0.010635734398631155 -0.008904167702757856 0.010745272725346068 0.9998668587414856 0.012315506467878908 0.008771822258932213 -0.012409488035610905 0.9998840384930494 0.31860032720034326 0.06811147286538244 -0.25992933459162515
FixedParameters: 0 0 0
#Transform 116
Transform: MatrixOffsetTransformBase_double_3_3
