#Insight Transform File V1.0
#Transform 0
Transform: MatrixOffsetTransformBase_double_3_3
Parameters: 0.9999990978868101 -0.0003363573040567254 0.0008886229008244899 0.00033764113164472145 0.9999984676260122 -0.0018487010387176735 -0.0008873766752244267 0.0018492995505255997 0.9999977926502289 0.0451427810057794 0.1003566984832247 -0.38397381615962445
FixedParameters: 0 0 0
#Transform 1
Transform: MatrixOffsetTransformBase_double_3_3
Parameters: 0.9999992127416464 0.0004436036524961739 0.001261140003557756 -0.00044439682158646174 0.9999997039537023 0.00031443983679323254 -0.0012608607275259656 -0.00031455960580686605 0.9999993109676577 0.027617044262214563 0.05709863683122762 -0.14841226567818921
FixedParameters: 0 0 0
#Transform 2
Transform: MatrixOffsetTransformBase_double_3_3
Parameters: 0.9999972419944705 0.00040781264824957464 0.0021427999372792324 -0.0004111876992985079 0.999998012230025 0.0019541231663504676 -0.0021421991976265115 -0.0019548778779141796 0.9999955896054258 0.005774739688973796 -0.028995301706473242 -0.2982484112581645
FixedParameters: 0 0 0
#Transform 3
Transform: MatrixOffsetTransformBase_double_3_3
Parameters: 0.9999938983397044 0.002179001948106824 0.002711496475225271 -0.0021920008128882905 0.999986154533026 0.004800084865763098 -0.002701502370930978 -0.004805915083768046 0.9999846057832903 0.03895666361593442 -0.30502999823460186 -0.2547419601817822
FixedParameters: 0 0 0
#Transform 4
Transform: MatrixOffsetTransformBase_double_3_3
Parameters: 0.9999963365484332 0.000036814377972958145 0.0025812004821166657 -0.000049184336203560734 0.9999887101636893 0.004720885848312912 -0.0025807944765029603 -0.004721107814101721 0.9999850504101713 0.08324159662215891 -0.19838599566614334 -0.34429695266652516
FixedParameters: 0 0 0
#Transform 5
Transform: MatrixOffsetTransformBase_double_3_3
Parameters: 0.9999968172134486 0.0002730836871253672 0.002666249802536213 -0.000284916100966458 0.9999899366437258 0.0044702582889410685 -0.002664755246293182 -0.004470745648346408 0.9999869095402082 0.06501247709806535 -0.22889374081817948 -0.27737666904668856
FixedParameters: 0 0 0
#Transform 6
Transform: MatrixOffsetTransformBase_double_3_3
Parameters: 0.9999969072351829 0.000321387407881467 0.0026435654644951386 -0.00033361504047490587 0.9999881158210372 0.004772133447878594 -0.0026424394483484026 -0.004772864629973878 0.999985237570662 0.10993677560108495 -0.20498510799683345 -0.35997415884513373
FixedParameters: 0 0 0
#Transform 7
Transform: MatrixOffsetTransformBase_double_3_3
Parameters: 0.9999963637658073 0.0006247032454173047 0.00269159736980982 -0.0006402996097522816 0.9999832576535258 0.005686297370129643 -0.0026884032357412167 -0.005687700258159774 0.9999804215414649 0.09502884259561029 -0.35813177174379973 -0.33762745442053443
FixedParameters: 0 0 0
#Transform 8
Transform: MatrixOffsetTransformBase_double_3_3
Parameters: 0.9999899662770221 0.0010789439234142988 0.004343794232780332 -0.0011020589508406854 0.9999855983997292 0.005309270160651269 -0.0043382096995701605 -0.005313738004019571 0.9999769430892038 0.14049983482406958 -0.37886312214550344 -0.42795637020262944
FixedParameters: 0 0 0
#Transform 9
Transform: MatrixOffsetTransformBase_double_3_3
Parameters: 0.9999921032406669 0.0019060510885116721 0.0035019311205621334 -0.0019259501195595578 0.9999817757893129 0.005702297916667972 -0.0034910673814494784 -0.0057086966677893205 0.999977221233362 0.09222264959484505 -0.4406579327202138 -0.3713115012913235
FixedParameters: 0 0 0
#Transform 10
Transform: MatrixOffsetTransformBase_double_3_3
Parameters: 0.9999973455395337 0.0010906184877093681 0.0021129142133346165 -0.0011023813636506774 0.9999847021883722 0.005392686426442306 -0.0021070850688770376 -0.005395313696099255 0.9999834523730597 0.0763561652380389 -0.3227654615740789 -0.4225660588175586
FixedParameters: 0 0 0
#Transform 11
Transform: MatrixOffsetTransformBase_double_3_3
Parameters: 0.9999956965702985 0.001086522074934397 0.0028499504171473483 -0.0011024778021802599 0.9999842462486868 0.005434882146991751 -0.002844049805316802 -0.005438114290446694 0.9999813387022775 0.003064889717293795 -0.36954351753530545 -0.2848800713890398
FixedParameters: 0 0 0
#Transform 12
Transform: MatrixOffsetTransformBase_double_3_3
Parameters: 0.9999981382883116 0.0016815426802045987 0.00018226797074159096 -0.0016824588979268281 0.9999957294070421 0.002537697296643131 -0.00017873011481416717 -0.0025383044984590448 0.9999965259588004 -0.04554535841754159 -0.20990808202319045 -0.1553449508100897
FixedParameters: 0 0 0
#Transform 13
Transform: MatrixOffsetTransformBase_double_3_3
Parameters: 0.9999744954241602 0.004180689366909546 0.0057471126974033785 -0.004214309873768036 0.999973583545435 0.005970930363889556 -0.00572188432501343 -0.0059950725216071565 0.9999653177389285 -0.06867839048013025 -0.5651508649024635 -0.5608896075631264
FixedParameters: 0 0 0
#Transform 14
Transform: MatrixOffsetTransformBase_double_3_3
Parameters: 0.9999709656083428 0.00510219489527619 0.0057446065589725455 -0.005142801104867993 0.9999624485717652 0.006935662564959817 -0.005708396802259849 -0.006965332129389536 0.9999598955800932 -0.05955293991286226 -0.6851434059055777 -0.47911610075244226
FixedParameters: 0 0 0
#Transform 15
Transform: MatrixOffsetTransformBase_double_3_3
Parameters: 0.9999938412763264 0.0020955980699172245 0.002960590005985425 -0.0021234054148611603 0.9999543179422437 0.009282776297302666 -0.0029414113792992536 -0.00928922688223322 0.9999530594274768 -0.03033841821930139 -0.5926081710906175 -0.4613581198997636
FixedParameters: 0 0 0
#Transform 16
Transform: MatrixOffsetTransformBase_double_3_3
Parameters: 0.9999933642651201 0.0013222390983078911 0.0034477054355322345 -0.001364765868408728 0.9999216214251329 0.01243037457181648 -0.0034312978779656848 -0.012434616907928728 0.9999165958331847 -0.03204634969327458 -0.7504687737071549 -0.39003066772195183
FixedParameters: 0 0 0
#Transform 17
Transform: MatrixOffsetTransformBase_double_3_3
Parameters: 0.9999927179201629 0.001683415767163298 0.003528103579453746 -0.001731583995068961 0.9999069872249362 0.013527997706974857 -0.0035048929200432065 -0.01353400714670587 0.9999025365461731 0.008707161563989985 -0.7264795869822365 -0.42014371270963835
FixedParameters: 0 0 0
#Transform 18
Transform: MatrixOffsetTransformBase_double_3_3
Parameters: 0.9999915667065089 0.0018716864820221308 0.0035960235309159517 -0.001918309815402852 0.9999111075921431 0.013198216523756679 -0.003570985575267178 -0.013205798638770094 0.9999068566840142 -0.01893677684724082 -0.790745194760035 -0.5272752805701941
FixedParameters: 0 0 0
#Transform 19
Transform: MatrixOffsetTransformBase_double_3_3
Parameters: 0.9999915589640719 0.0019174331667307877 0.0037097906051049663 -0.0019745737509443573 0.9998808326392801 0.015305806678829996 -0.0036802041778165526 -0.015312188531970718 0.9998759659254102 -0.05864509267598805 -0.8462428278198786 -0.4911505409775785
FixedParameters: 0 0 0
#Transform 20
Transform: MatrixOffsetTransformBase_double_3_3
Parameters: 0.9999875215819235 0.0020564667901048265 0.004499581366304067 -0.0021205428795142574 0.9998979510557277 0.014161632817349197 -0.004470406584126108 -0.014170367725905481 0.9998891968131747 -0.022697501397260567 -0.832134136418972 -0.5554291671650873
FixedParameters: 0 0 0
#Transform 21
Transform: MatrixOffsetTransformBase_double_3_3
Parameters: 0.9999782448264827 0.0032380499103810976 0.0057680113200153345 -0.003328952693855183 0.9998693412043798 0.015829148764933562 -0.005715992194859788 -0.015847859269823523 0.9998581503722589 -0.016807556318241268 -0.969938038983841 -0.5260479413494252
FixedParameters: 0 0 0
#Transform 22
Transform: MatrixOffsetTransformBase_double_3_3
Parameters: 0.9999888797348279 0.0018763397720916422 0.004427404182603917 -0.001941652176124791 0.9998870170415648 0.01487256208012237 -0.004398600409819758 -0.014881411930061855 0.9998791857681579 0.025995024517385446 -0.8782564891447606 -0.5411592426835199
FixedParameters: 0 0 0
#Transform 23
Transform: MatrixOffsetTransformBase_double_3_3
Parameters: 0.9999859512378046 0.0028941970394559344 0.004320731111344774 -0.0029578014582149165 0.9998890899462433 0.014599419440311338 -0.004278251671202475 -0.01461258159808802 0.9998841651601977 -0.04422749676314197 -0.839365112258676 -0.42673013817172745
FixedParameters: 0 0 0
#Transform 24
Transform: MatrixOffsetTransformBase_double_3_3
Parameters: 0.9999896803486928 0.0020018178432804363 0.0041609950220017336 -0.0020601864142184107 0.9998961591379967 0.014268574316924491 -0.004132016842025465 -0.014276418368647377 0.9998890898812466 -0.004016021122481561 -0.8137432499136423 -0.5473236193349891
FixedParameters: 0 0 0
#Transform 25
Transform: MatrixOffsetTransformBase_double_3_3
Parameters: 0.9999816329563704 0.002781915865897902 0.005443212330833072 -0.002863082303968286 0.999884411076066 0.014945705271154726 -0.005400794300942633 -0.014961314462937754 0.9998739780795166 -0.08137289764658817 -0.8961839034122647 -0.5025444420401257
FixedParameters: 0 0 0
#Transform 26
Transform: MatrixOffsetTransformBase_double_3_3
Parameters: 0.9999773773225664 0.0035939847734442337 0.00571872282501613 -0.0036750232579094867 0.9998922699426802 0.014220303234929623 -0.005667274861339062 -0.01424068823802809 0.9998820681141325 -0.030700760417175843 -0.9014962167877343 -0.5394600047864913
FixedParameters: 0 0 0
#Transform 27
Transform: MatrixOffsetTransformBase_double_3_3
Parameters: 0.9999738722500906 0.0034520539715213214 0.006341362604963986 -0.0035429413920857766 0.9998904507356797 0.014386916838040716 -0.006290642065746039 -0.014409100117382197 0.9998767895690794 -0.08114576621541403 -0.9488126038954761 -0.5137275472859812
FixedParameters: 0 0 0
#Transform 28
Transform: MatrixOffsetTransformBase_double_3_3
Parameters: 0.9999847291888436 0.0032288638296186557 0.004454451355392254 -0.003292142296188268 0.9998933796805627 0.014239549060670873 -0.004408541210312921 -0.014254448558802188 0.9998883718498629 -0.016616889413413105 -0.863719551038514 -0.5433237435291289
FixedParameters: 0 0 0
#Transform 29
Transform: MatrixOffsetTransformBase_double_3_3
Parameters: 0.9999819527651032 0.0030709865275760657 0.00525516505673973 -0.003147010516639215 0.9998893158801189 0.014517723001247106 -0.0052098368336832585 -0.01453426069917318 0.9998806015966847 -0.07080863538982385 -0.8788409671340389 -0.4987153115361451
FixedParameters: 0 0 0
#Transform 30
Transform: MatrixOffsetTransformBase_double_3_3
Parameters: 0.9999904164987713 0.003233606620796299 0.00302082806419155 -0.0032743977025288195 0.999903987910338 0.013464237553711069 -0.002977167388477845 -0.013473756025648653 0.9999045825193339 -0.049620598641070046 -0.7879883969324339 -0.4947139916260781
FixedParameters: 0 0 0
#Transform 31
Transform: MatrixOffsetTransformBase_double_3_3
Parameters: 0.9999885001666903 0.003160394611197407 0.00353770422398286 -0.003212591768902799 0.9998827459520948 0.014963797903511765 -0.0034892978390047248 -0.014975190798681195 0.9998815548918087 -0.09093314855270762 -0.8030729258337885 -0.45037963350128507
FixedParameters: 0 0 0
#Transform 32
Transform: MatrixOffsetTransformBase_double_3_3
Parameters: 0.9999868221499685 0.002007842565156023 0.004705892657996596 -0.00208116171140843 0.9998765055959181 0.015593419691792999 -0.004674108086847311 -0.015602598404456568 0.9998676882784383 -0.002641833630818269 -0.9224607954135422 -0.5959814544136961
FixedParameters: 0 0 0
#Transform 33
Transform: MatrixOffsetTransformBase_double_3_3
Parameters: 0.9999760722150994 0.0020505783419760733 0.006536336961759157 -0.002157414029593255 0.9998641119145997 0.016316266146531564 -0.006501644493943113 -0.01632970020387316 0.9998450384390907 0.003245621103175722 -1.0141827471049112 -0.6550788014083437
FixedParameters: 0 0 0
#Transform 34
Transform: MatrixOffsetTransformBase_double_3_3
Parameters: 0.9999882268143642 0.0023823879661854152 0.004253834939819676 -0.002447612754362972 0.9998804681172864 0.01524876057508841 -0.004217153414153794 -0.015259219339146046 0.9998743601311728 0.01423083339378195 -0.9270992039475061 -0.6493621846225821
FixedParameters: 0 0 0
#Transform 35
Transform: MatrixOffsetTransformBase_double_3_3
Parameters: 0.9999829852010583 0.0029886544526755367 0.005008271072532194 -0.003060341685967728 0.99989316365838 0.014298920523995482 -0.004964725907598622 -0.01431408564849975 0.9998854451400875 -0.07662414282825125 -0.9744397196323291 -0.5169409852147808
FixedParameters: 0 0 0
#Transform 36
Transform: MatrixOffsetTransformBase_double_3_3
Parameters: 0.9999829332967247 0.0029946163462468934 0.005108732576584753 -0.003067390431326545 0.9998917046654099 0.01441758749863853 -0.005065279808711721 -0.01443342680371489 0.9998830130212344 -0.05705592977284368 -0.8664388973337651 -0.5893683545530166
FixedParameters: 0 0 0
#Transform 37
Transform: MatrixOffsetTransformBase_double_3_3
Parameters: 0.9999745807375229 0.0036838943171571643 0.006152005024654258 -0.0037711023429892894 0.9998919120734518 0.014207166815633204 -0.006098995678089419 -0.014230835304815333 0.9998802830729403 -0.02746521033930094 -0.9839768570699903 -0.5536468754445849
FixedParameters: 0 0 0
#Transform 38
Transform: MatrixOffsetTransformBase_double_3_3
Parameters: 0.9999770160796045 0.0034401862911516462 0.0057570638950171895 -0.0035208208672531513 0.999894176057032 0.01408604438309865 -0.005708935612381272 -0.01410595424729649 0.9998844213977941 -0.014982140358029028 -0.9386190041133062 -0.6006992600717638
FixedParameters: 0 0 0
#Transform 39
Transform: MatrixOffsetTransformBase_double_3_3
Parameters: 0.9999694540518614 0.003933175702584186 0.006787834586891748 -0.004032829060546865 0.9998829811778619 0.014756081006696797 -0.006729172479253868 -0.014782923012767358 0.9998681660454075 -0.09996295351055551 -0.9728052162536613 -0.56956204469207
FixedParameters: 0 0 0
#Transform 40
Transform: MatrixOffsetTransformBase_double_3_3
Parameters: 0.9999731589780245 0.003911146993064577 0.006208730892045352 -0.004008836979042607 0.9998664241706414 0.01582653922564336 -0.006145276573171379 -0.015851464758271636 0.9998559486748557 -0.060192588427227633 -0.933626390275279 -0.6015561587883269
FixedParameters: 0 0 0
#Transform 41
Transform: MatrixOffsetTransformBase_double_3_3
Parameters: 0.9999689221850834 0.004779092272229753 0.006263979810859979 -0.004890902481526643 0.9998260213888369 0.017972909855118617 -0.006177019178738236 -0.01800306787169959 0.9998187025067923 -0.07985712630208752 -1.072734758239676 -0.6303793819722046
FixedParameters: 0 0 0
#Transform 42
Transform: MatrixOffsetTransformBase_double_3_3
Parameters: 0.9999522126620138 0.00471665895997349 0.008517239441809146 -0.004856332498539689 0.9998510768797017 0.01653241427117353 -0.00843776784021287 -0.016572576843131185 0.9998271148898189 -0.07350967782507212 -1.0171823598072933 -0.6842343621525302
FixedParameters: 0 0 0
#Transform 43
Transform: MatrixOffsetTransformBase_double_3_3
Parameters: 0.999960643928444 0.0045610111223699686 0.00758657592144251 -0.0046779821113928045 0.999869621705177 0.015475128591240271 -0.007514429321636296 -0.01550989320034876 0.9998519485604459 -0.08686183604288544 -1.0409735583485258 -0.6300753571524567
FixedParameters: 0 0 0
#Transform 44
Transform: MatrixOffsetTransformBase_double_3_3
Parameters: 0.9999526284622045 0.005152103988053798 0.008235642924443957 -0.00528588385689121 0.9998546965397817 0.016197227575038414 -0.008150339240530874 -0.016239753655549628 0.9998348057284293 -0.08667855638367428 -0.9869021283967214 -0.7068881659189046
FixedParameters: 0 0 0
#Transform 45
Transform: MatrixOffsetTransformBase_double_3_3
Parameters: 0.9999549648974431 0.005601267178373852 0.007724020387860606 -0.00572974575036625 0.9998436734641583 0.016747509967501614 -0.00762899302560082 -0.016790500572287308 0.9998298401899305 -0.12167200339690964 -1.0768707542770812 -0.7142577528836753
FixedParameters: 0 0 0
#Transform 46
Transform: MatrixOffsetTransformBase_double_3_3
Parameters: 0.9999546960852885 0.005466167950757945 0.007836964469111302 -0.005604836429855597 0.999828157353235 0.017674884666286566 -0.0077390266673094945 -0.017718114326827638 0.9998131431807536 -0.11732820696126112 -1.032929009375053 -0.7528903185026863
FixedParameters: 0 0 0
#Transform 47
Transform: MatrixOffsetTransformBase_double_3_3
Parameters: 0.9999496875726595 0.006133056553169883 0.007980932911421325 -0.006270952101452316 0.9998297231201481 0.017375841498468065 -0.007873075165557858 -0.017425178000860696 0.999817348127264 -0.10039844402378151 -1.142813175255327 -0.7144955352155478
FixedParameters: 0 0 0
#Transform 48
Transform: MatrixOffsetTransformBase_double_3_3
Parameters: 0.9999523081098038 0.005659305671632483 0.007978893368793776 -0.005802698018660379 0.9998195833246638 0.01810257765649972 -0.00787511674705874 -0.018148446612416377 0.9998045871455752 -0.10478964315922212 -1.0904859143431196 -0.6681362199016903
FixedParameters: 0 0 0
#Transform 49
Transform: MatrixOffsetTransformBase_double_3_3
Parameters: 0.9999525843124183 0.00533950713997897 0.008118481205222424 -0.005478485699939845 0.9998361120574797 0.01725834058106225 -0.008024527837305041 -0.01730166664417957 0.9998182166432572 -0.1272430734222212 -1.0759260937714998 -0.6489385226640039
FixedParameters: 0 0 0
#Transform 50
Transform: MatrixOffsetTransformBase_double_3_3
Parameters: 0.9999517649693028 0.005573551556972625 0.008134459159315295 -0.00571643788898855 0.999828722879372 0.017594354831862488 -0.008034537424639386 -0.017640638087387396 0.9998122263344821 -0.12403595570192749 -1.0138443460813278 -0.6077362119655447
FixedParameters: 0 0 0
#Transform 51
Transform: MatrixOffsetTransformBase_double_3_3
Parameters: 0.9999400662193355 0.006715910739168567 0.008650419435077076 -0.006862085505526533 0.9998328752584064 0.016970657822051524 -0.008534569876830668 -0.017029338664202445 0.999818131919866 -0.16505085283999676 -1.0440384593397312 -0.6206739737028855
FixedParameters: 0 0 0
#Transform 52
Transform: MatrixOffsetTransformBase_double_3_3
Parameters: 0.9999371194152809 0.007831091469418378 0.00797182749948201 -0.007967897630998618 0.9998185771633572 0.017288552882494267 -0.00783515989777778 -0.017351433451226157 0.9998185139514137 -0.22675464182806593 -0.9459006182460001 -0.6775026846750691
FixedParameters: 0 0 0
#Transform 53
Transform: MatrixOffsetTransformBase_double_3_3
Parameters: 0.999925286941254 0.008705822326638904 0.008539014030201306 -0.00885916030790519 0.9997970647792555 0.01806669212720567 -0.008379979571822809 -0.018141300846383254 0.9998006345594456 -0.2656233416587668 -1.0992687909477326 -0.6059571249241245
FixedParameters: 0 0 0
#Transform 54
Transform: MatrixOffsetTransformBase_double_3_3
Parameters: 0.9999200697977154 0.010414589760450958 0.007173999177984799 -0.010522425216803551 0.999828852286047 0.015244738650587676 -0.007014018721382293 -0.015318280487019133 0.9998581227873432 -0.3402818000783867 -0.9018563638920085 -0.8469719136988232
FixedParameters: 0 0 0
#Transform 55
Transform: MatrixOffsetTransformBase_double_3_3
Parameters: 0.9998638791025114 0.015475117636436605 0.005711649093613894 -0.015546875077850984 0.9997973839604676 0.012761937334062593 -0.005513353566339513 -0.012849067294637686 0.9999024976608908 -0.3760450026323525 -1.0937169723553097 -1.4627185193710517
FixedParameters: 0 0 0
#Transform 56
Transform: MatrixOffsetTransformBase_double_3_3
Parameters: 0.9998341502697814 0.01678431700610155 0.007079279917090778 -0.01687967806927092 0.9997638759451271 0.013679778054585047 -0.006847726833265313 -0.013797227873132433 0.9998817323398287 -0.30425896651088635 -1.5042223372275316 -1.3145310733939723
FixedParameters: 0 0 0
#Transform 57
Transform: MatrixOffsetTransformBase_double_3_3
Parameters: 0.9998728215096131 0.013292556902725227 0.00885801000592438 -0.01341444963317909 0.9998147232725463 0.013794927428774556 -0.008672983300004647 -0.013912053791797217 0.9998652166625205 -0.3459414200473674 -1.2675760492027592 -1.1030225202372321
FixedParameters: 0 0 0
#Transform 58
Transform: MatrixOffsetTransformBase_double_3_3
Parameters: 0.9998963123934053 0.01134191794473025 0.008833698601092642 -0.01146308785504124 0.9998397096614572 0.013779167988671508 -0.008676296759894555 -0.013878845627863097 0.9998660820058308 -0.2731366055983102 -1.1626231067155146 -1.053935197737701
FixedParameters: 0 0 0
#Transform 59
Transform: MatrixOffsetTransformBase_double_3_3
Parameters: 0.9999015547994679 0.01062296871216999 0.009197309756217499 -0.010742026699961922 0.9998578295341413 0.012990487787043543 -0.009057695257929257 -0.013088514748096865 0.9998736368672128 -0.26843623576974096 -1.0608732813691972 -1.1299135311373902
FixedParameters: 0 0 0
#Transform 60
Transform: MatrixOffsetTransformBase_double_3_3
Parameters: 0.9999083336276245 0.010241304995423079 0.008875097837299714 -0.010372690731929332 0.9998361361332277 0.014807294434419669 -0.0087218975920187 -0.014897685004624774 0.9998509596909975 -0.2510619687782025 -1.1563798990866587 -0.9733881083411688
FixedParameters: 0 0 0
#Transform 61
Transform: MatrixOffsetTransformBase_double_3_3
Parameters: 0.9999103584229144 0.010370078502933498 0.008490848577112691 -0.010486932637144996 0.9998493416206072 0.01384420452266568 -0.008346159450987862 -0.013931805620305973 0.9998682276433689 -0.24444551201887066 -1.0516243859130299 -1.0980296657461324
FixedParameters: 0 0 0
#Transform 62
Transform: MatrixOffsetTransformBase_double_3_3
Parameters: 0.9998362405862142 0.013762470946900848 0.011718883507986036 -0.013935508434042074 0.9997920493255075 0.014856110875475165 -0.011512115658836647 -0.015016881103524 0.999820931967826 -0.3002562830928497 -1.2231283856745847 -0.9821022643047996
FixedParameters: 0 0 0
#Transform 63
Transform: MatrixOffsetTransformBase_double_3_3
Parameters: 0.9998179120878568 0.014486211392594308 0.01241806361010466 -0.014646786080019226 0.9998085679297418 0.012956470439879434 -0.012227943770801376 -0.013135524398599142 0.9998389025183763 -0.3106271854232716 -1.21773538839318 -0.9823208866635369
FixedParameters: 0 0 0
#Transform 64
Transform: MatrixOffsetTransformBase_double_3_3
Parameters: 0.9998618418063182 0.011367627580739682 0.012161798993170434 -0.01153139372337627 0.9998431229749881 0.013449616647677777 -0.012007203187185456 -0.013587371576466114 0.9998351772754235 -0.30965984721287043 -1.1338790215351793 -0.9568368220282863
FixedParameters: 0 0 0
#Transform 65
Transform: MatrixOffsetTransformBase_double_3_3
Parameters: 0.9998621243669404 0.011651672163549088 0.01183603600645984 -0.011815321019672118 0.9998342708225366 0.013824060641028037 -0.01167297081938718 -0.01396193583292678 0.9998347774365804 -0.29674441308519306 -1.1025615744615607 -0.9600993895226466
FixedParameters: 0 0 0
#Transform 66
Transform: MatrixOffsetTransformBase_double_3_3
Parameters: 0.9998641137685805 0.011661527666801492 0.011613812007543986 -0.011834453843500977 0.99981748184792 0.014980586912649316 -0.011437188558219284 -0.015116423634140065 0.999820660733738 -0.3196408037866405 -1.2166999660687594 -0.9397321436568049
FixedParameters: 0 0 0
#Transform 67
Transform: MatrixOffsetTransformBase_double_3_3
Parameters: 0.9998394628465925 0.012717971443017406 0.012600341797662373 -0.012898024239257184 0.9998148052253429 0.014310782739919986 -0.012415653255871628 -0.014471229881600354 0.9998184010305461 -0.2988646873848353 -1.198593123622473 -0.9929931441707254
FixedParameters: 0 0 0
#Transform 68
Transform: MatrixOffsetTransformBase_double_3_3
Parameters: 0.9998453733814542 0.012604824834445688 0.012235942220354103 -0.012778161388832653 0.9998176458790268 0.014178826877545283 -0.01205503606967541 -0.01433315533977746 0.9998242086612108 -0.29256040334456657 -1.2111986879470322 -0.9681442290403055
FixedParameters: 0 0 0
#Transform 69
Transform: MatrixOffsetTransformBase_double_3_3
Parameters: 0.9998619514755651 0.012149780559585854 0.011287187986183958 -0.012303211564817706 0.9998315093210661 0.013604995267751089 -0.01112079135836874 -0.013741998158982515 0.9998434698426897 -0.2764533329623049 -1.1114001984903155 -0.9507554424396432
FixedParameters: 0 0 0
#Transform 70
Transform: MatrixOffsetTransformBase_double_3_3
Parameters: 0.9998602308728699 0.012023995704299574 0.011626787812146488 -0.012183991591681693 0.999830353776624 0.013790268282189287 -0.0114582254908337 -0.013929722097339697 0.9998376326994146 -0.2886636668665403 -1.1720910055902465 -0.9345903362656003
FixedParameters: 0 0 0
#Transform 71
Transform: MatrixOffsetTransformBase_double_3_3
Parameters: 0.9998741834293721 0.011556597034027321 0.010828667180578976 -0.011705378304301402 0.9998355153422858 0.01383597309917894 -0.010666324657952251 -0.013961009018349138 0.9998452888424502 -0.2593161544654379 -1.0955371730033363 -0.9467339538660156
FixedParameters: 0 0 0
#Transform 72
Transform: MatrixOffsetTransformBase_double_3_3
Parameters: 0.9998780602243935 0.011360186075683048 0.010717781781518169 -0.011517820944868657 0.9998248678481509 0.01477936853502417 -0.010548221208861768 -0.014901658598140728 0.9998336599691331 -0.28754911158929986 -1.147184576442939 -0.8730932439521482
FixedParameters: 0 0 0
#Transform 73
Transform: MatrixOffsetTransformBase_double_3_3
Parameters: 0.9998742124631232 0.011509107127622549 0.010923132263576225 -0.011658894982061635 0.9998377134093865 0.013759380908657337 -0.010762857107776126 -0.013885619299040234 0.9998453337263755 -0.2874838799793338 -1.0301868457134447 -0.9077988684627627
FixedParameters: 0 0 0
#Transform 74
Transform: MatrixOffsetTransformBase_double_3_3
Parameters: 0.9998516881780024 0.012570750469590867 0.011800933766865446 -0.012740268186552555 0.9998159022073559 0.014378796707405272 -0.011618067381591185 -0.014527213492065339 0.9998269545258942 -0.285986106095109 -1.163512542965961 -0.8497613639826511
FixedParameters: 0 0 0
#Transform 75
Transform: MatrixOffsetTransformBase_double_3_3
Parameters: 0.9998494636762801 0.012984176306123947 0.01148591312140675 -0.013141813551749145 0.9998185602189598 0.01377312326601166 -0.011305088861044142 -0.0139218787014188 0.9998393497104481 -0.29121398734854154 -1.1208765481210747 -0.9041942294387155
FixedParameters: 0 0 0
#Transform 76
Transform: MatrixOffsetTransformBase_double_3_3
Parameters: 0.999863333916568 0.01174406882678316 0.011607232923475149 -0.011907914104757193 0.9998287829579953 0.01415571649696284 -0.01143876699755825 -0.014292290763274082 0.9998328584449448 -0.3167551328310054 -1.1250664030324202 -0.874083472612682
FixedParameters: 0 0 0
#Transform 77
Transform: MatrixOffsetTransformBase_double_3_3
Parameters: 0.999858216525567 0.012095782735775515 0.011681646188465523 -0.012262206299315216 0.999821677468332 0.01434978079502963 -0.011506348610668925 -0.014491222004552674 0.9998285863430822 -0.29938646110069556 -1.1730636963199146 -0.911256861031319
FixedParameters: 0 0 0
#Transform 78
Transform: MatrixOffsetTransformBase_double_3_3
Parameters: 0.9998748353312982 0.012116143463921435 0.010215340552578967 -0.012260867864040357 0.9998238671071041 0.014239551720001386 -0.010040672948159293 -0.014363470247507231 0.9998468554955089 -0.3123526276826567 -1.1735477563002519 -0.9056381008077423
FixedParameters: 0 0 0
#Transform 79
Transform: MatrixOffsetTransformBase_double_3_3
Parameters: 0.9998667625863965 0.011602082744441218 0.011515473757287219 -0.011763937727215533 0.9998319196748977 0.014094427534901342 -0.011350537124842564 -0.014228602440707826 0.9998346994082083 -0.3239085921137672 -1.1378901551998553 -0.9421805939116723
FixedParameters: 0 0 0
#Transform 80
Transform: MatrixOffsetTransformBase_double_3_3
Parameters: 0.9998496405933643 0.012515088903750906 0.011987864121963638 -0.012683906039338153 0.9998197377100093 0.014119072071361854 -0.011809144594934165 -0.014268940020189259 0.9998289128793456 -0.3129537127539237 -1.1863031607871477 -0.9293415445643021
FixedParameters: 0 0 0
#Transform 81
Transform: MatrixOffsetTransformBase_double_3_3
Parameters: 0.9998487178040102 0.012212765750873671 0.01241476605013885 -0.012379235693421716 0.9998328803152094 0.013484365650634472 -0.01224724552674168 -0.013636646621714392 0.9998320182025127 -0.3010856794663965 -1.2144491977142735 -0.9838137652085024
FixedParameters: 0 0 0
#Transform 82
Transform: MatrixOffsetTransformBase_double_3_3
Parameters: 0.9998593180526848 0.011709643361878309 0.011980830320909037 -0.011869343863850575 0.9998407595236545 0.013316656513449668 -0.011823142140096738 -0.013457325803823784 0.9998390940121773 -0.31361549943370903 -1.1329740015732739 -0.9654734688610844
FixedParameters: 0 0 0
#Transform 83
Transform: MatrixOffsetTransformBase_double_3_3
Parameters: 0.9998558845242844 0.011987966894870828 0.012015893471320429 -0.01215102893336872 0.9998336920883644 0.013587956428678797 -0.011851115561364813 -0.013732053407117637 0.9998359568049685 -0.30808286685530106 -1.1757276089485487 -0.9247347890165258
FixedParameters: 0 0 0
#Transform 84
Transform: MatrixOffsetTransformBase_double_3_3
Parameters: 0.9998735700812267 0.010550407695788477 0.011920733242412494 -0.01071460171488591 0.999846927962283 0.013829030321788045 -0.011773286740708842 -0.013954985059436828 0.9998336234938204 -0.2953915129795348 -1.0878085487936033 -0.9373984330175631
FixedParameters: 0 0 0
#Transform 85
Transform: MatrixOffsetTransformBase_double_3_3
Parameters: 0.9998652124319038 0.009965682910044014 0.013017708433630554 -0.01015729854237927 0.9998403085767088 0.014713755020289704 -0.01286827455646292 -0.014844238532874582 0.9998070130514699 -0.3026511553625397 -1.1595461887213503 -0.9568147986792184
FixedParameters: 0 0 0
#Transform 86
Transform: MatrixOffsetTransformBase_double_3_3
Parameters: 0.9998804483615685 0.00927146830620855 0.012352036726951775 -0.009450518103732847 0.9998501737999683 0.014473986447959617 -0.012215947585641668 -0.014588993199868203 0.9998188983831083 -0.24429645862065286 -1.088593939016988 -0.9385698924132555
FixedParameters: 0 0 0
#Transform 87
Transform: MatrixOffsetTransformBase_double_3_3
Parameters: 0.9997892414245388 0.014394997677927927 0.014645508249901837 -0.014612026667337104 0.9997838078341751 0.014820129450863318 -0.014429494194934162 -0.01503088687054432 0.9997828204397456 -0.2901748229349579 -1.3447585280231493 -0.96582810870337
FixedParameters: 0 0 0
#Transform 88
Transform: MatrixOffsetTransformBase_double_3_3
Parameters: 0.9998563338456601 0.011987825255073702 0.011997617509034554 -0.012163157762372739 0.9998188263188099 0.014635173605489831 -0.011819372127747167 -0.01477981186791158 0.9998208321108021 -0.29417235123602836 -1.1773214189443308 -0.8740860039602012
FixedParameters: 0 0 0
#Transform 89
Transform: MatrixOffsetTransformBase_double_3_3
Parameters: 0.9998725008875538 0.011702197787561645 0.010841523846971013 -0.011865808165629129 0.999815047680949 0.015169297180375243 -0.01066246861428915 -0.015296731132949873 0.9998263077377711 -0.2880911126333672 -1.184167603729776 -0.8993480691874893
FixedParameters: 0 0 0
#Transform 90
Transform: MatrixOffsetTransformBase_double_3_3
Parameters: 0.9998758982360185 0.011301100243315508 0.011016839195001498 -0.011467898863011965 0.9998182377449512 0.015205543332885048 -0.010843160296967524 -0.015330438501706633 0.9998233809057084 -0.30201944146993753 -1.1053815640448477 -0.9228228556740063
FixedParameters: 0 0 0
#Transform 91
Transform: MatrixOffsetTransformBase_double_3_3
Parameters: 0.999857882187379 0.01194727012934622 0.01184703220258758 -0.012127713705698902 0.9998103575323195 0.01521647220986283 -0.011662950347292561 -0.015357510206332517 0.9998140797871913 -0.3085784588364078 -1.2118807322797096 -0.9138860429753635
FixedParameters: 0 0 0
#Transform 92
Transform: MatrixOffsetTransformBase_double_3_3
Parameters: 0.9998484078053582 0.012488589228948611 0.01214907908040378 -0.01266640987847376 0.9998122855167048 0.014637332319870387 -0.011963925535558013 -0.014788653039850719 0.9998191214660715 -0.2944049505144619 -1.1159568911786408 -0.8808145778207859
FixedParameters: 0 0 0
#Transform 93
Transform: MatrixOffsetTransformBase_double_3_3
Parameters: 0.999797858011369 0.014945907853265742 0.01344339932859982 -0.015143076296244775 0.9997771308876168 0.014680383588976593 -0.013220599924002912 -0.014880592478012315 0.9998017330948922 -0.31062337337638724 -1.2648721410284196 -0.9123195796802719
FixedParameters: 0 0 0
#Transform 94
Transform: MatrixOffsetTransformBase_double_3_3
Parameters: 0.9998261151301551 0.012899619860066316 0.01343331285398928 -0.01310238024176558 0.9998006357592193 0.015088612274981292 -0.013235675569271747 -0.015261385908640734 0.9997958516801702 -0.29516247538442997 -1.1738566236349044 -0.8844624603251106
FixedParameters: 0 0 0
#Transform 95
Transform: MatrixOffsetTransformBase_double_3_3
Parameters: 0.9998506476073121 0.012377624166493706 0.012088001149574772 -0.012567364473403442 0.9997969782540235 0.01571743645798557 -0.011891003321138498 -0.015867555533561426 0.9998037949234573 -0.3132187191793889 -1.1479474345908187 -0.8684370820420995
FixedParameters: 0 0 0
#Transform 96
Transform: MatrixOffsetTransformBase_double_3_3
Parameters: 0.9998543991504102 0.01215692961876203 0.011949799248598535 -0.012352075698834054 0.9997879971716073 0.016473786965662627 -0.011747216000572628 -0.016618222958504503 0.9997927843126464 -0.30823577276918 -1.187796057700126 -0.838648731568405
FixedParameters: 0 0 0
#Transform 97
Transform: MatrixOffsetTransformBase_double_3_3
Parameters: 0.9998356698874881 0.01375165243623309 0.01184039474155129 -0.01392035898860085 0.9998019622746515 0.014255535824892512 -0.011641608050311015 -0.014418476316958946 0.999828553318711 -0.32910130636425095 -1.0904307330019236 -0.843278967635932
FixedParameters: 0 0 0
#Transform 98
Transform: MatrixOffsetTransformBase_double_3_3
Parameters: 0.9998470621308418 0.015301643333081026 0.008530899231370565 -0.015400374285269384 0.9998145364422706 0.011587408087904658 -0.008351119819593902 -0.011716592577015779 0.9998969574156132 -0.3580225644385848 -0.9054517619719888 -0.538844155726423
FixedParameters: 0 0 0
#Transform 99
Transform: MatrixOffsetTransformBase_double_3_3
Parameters: 0.9997442129005522 0.018606444233264963 0.012826428028135986 -0.018792552189142796 0.9997184824052242 0.014501659614888278 -0.012552555803302945 -0.014738320032940172 0.9998121645428051 -0.44220971377812646 -1.2253726956802211 -0.8021938162378675
FixedParameters: 0 0 0
#Transform 100
Transform: MatrixOffsetTransformBase_double_3_3
Parameters: 0.9998319652844416 0.014787701947872291 0.010831420727559219 -0.01493630124804324 0.999794060404949 0.01374052660313736 -0.010626565997109268 -0.013900477344557472 0.9998468420414578 -0.40914367077292013 -1.1168494125275288 -0.737794893383608
FixedParameters: 0 0 0
#Transform 101
Transform: MatrixOffsetTransformBase_double_3_3
Parameters: 0.9998762090181028 0.011364464552354346 0.010845423325852343 -0.011521513068304656 0.9998285343913855 0.014480832534731066 -0.010678565740840706 -0.014604159706783852 0.9998366576599519 -0.39653861380737965 -1.0826866575444285 -0.7574612677013803
FixedParameters: 0 0 0
#Transform 102
Transform: MatrixOffsetTransformBase_double_3_3
Parameters: 0.9999051265425498 0.01042472094771327 0.008954419147459902 -0.010532281793619582 0.999872627490779 0.01201782440420002 -0.008828562244564204 -0.01211117906532627 0.9998873703483238 -0.36446525793036244 -0.9864377274472247 -0.6305840952722477
FixedParameters: 0 0 0
#Transform 103
Transform: MatrixOffsetTransformBase_double_3_3
Parameters: 0.9998781792023129 0.011238432403085405 0.01083922451763508 -0.011372585684619598 0.9998593479076406 0.012341237825839667 -0.010699774852224236 -0.012462771293902315 0.9998651813897077 -0.36526621334415665 -0.950857323851551 -0.9389718935996285
FixedParameters: 0 0 0
#Transform 104
Transform: MatrixOffsetTransformBase_double_3_3
Parameters: 0.9998277397013056 0.013913431626931039 0.012314358454240825 -0.014039565840636146 0.9998494483813022 0.010169869333139308 -0.01217065424582607 -0.010341122550778374 0.9998729171522718 -0.3359567842675659 -1.150575734100542 -1.0077234915362254
FixedParameters: 0 0 0
#Transform 105
Transform: MatrixOffsetTransformBase_double_3_3
Parameters: 0.9998306398847642 0.014121811081035177 0.011828322744179822 -0.014247201462475883 0.9998414913566102 0.010653287579725279 -0.011676704143443338 -0.010819732416716455 0.9998735772419819 -0.3569061908244322 -1.097816980994125 -1.033561563428556
FixedParameters: 0 0 0
#Transform 106
Transform: MatrixOffsetTransformBase_double_3_3
Parameters: 0.9998519406175365 0.012414856927051568 0.011912988817461943 -0.012557143079944474 0.9998488740903577 0.012017182893556674 -0.011762018948894712 -0.012164821680016038 0.9998566495782752 -0.3781573603980064 -0.9732515476017625 -0.9875268528419454
FixedParameters: 0 0 0
#Transform 107
Transform: MatrixOffsetTransformBase_double_3_3
Parameters: 0.999853254131495 0.01309581653501387 0.011055949650541045 -0.013215182344972319 0.9998532080395158 0.010868483528414258 -0.010912064423683492 -0.011012513514206275 0.9998796322975525 -0.38595762026500324 -0.9639607485234336 -0.9626252627785092
FixedParameters: 0 0 0
#Transform 108
Transform: MatrixOffsetTransformBase_double_3_3
Parameters: 0.9998687755381556 0.011871925665213475 0.011011966031833643 -0.012012068360815812 0.999846323962307 0.012742392097714553 -0.010859039164734045 -0.012872603415037983 0.9998583525560113 -0.41685220848357574 -0.9612295110672733 -0.7621858752035422
FixedParameters: 0 0 0
#Transform 109
Transform: MatrixOffsetTransformBase_double_3_3
Parameters: 0.9998582419952804 0.013261459363894685 0.010337061593815148 -0.0134125379276972 0.9998029853656314 0.01463141496714961 -0.010141904955582037 -0.014768577221129241 0.9998390228370979 -0.4425999048014546 -1.0409350542893634 -0.907436752512055
FixedParameters: 0 0 0
#Transform 110
Transform: MatrixOffsetTransformBase_double_3_3
Parameters: 0.9998523564743814 0.013780488586178035 0.010281342265198301 -0.013940526622450529 0.9997810116691502 0.015607985090239897 -0.010064659505159786 -0.015749029093866607 0.9998256472958176 -0.4320426293113542 -1.102204504829146 -0.8768154105545491
FixedParameters: 0 0 0
#Transform 111
Transform: MatrixOffsetTransformBase_double_3_3
Parameters: 0.9997916631664248 0.016528416663396307 0.011962489590762876 -0.016690575505516697 0.9997691555673764 0.013536155612638897 -0.011735497130786416 -0.013732826660633236 0.9998366526715282 -0.4139898906222612 -1.192795850619973 -0.9501840013085996
FixedParameters: 0 0 0
#Transform 112
Transform: MatrixOffsetTransformBase_double_3_3
Parameters: 0.9998310858325342 0.014572122686581207 0.011203684136018537 -0.014725872690397612 0.9997978233801506 0.01368532111692281 -0.011002285548572511 -0.013848659464237618 0.9998431521498694 -0.4222374076762634 -1.1120714397707303 -0.8453097850666609
FixedParameters: 0 0 0
#Transform 113
Transform: MatrixOffsetTransformBase_double_3_3
Parameters: 0.9998323663143823 0.014623205715052419 0.011034923968033296 -0.01477980480691173 0.9997890439205231 0.014264305433109132 -0.01082409535405613 -0.014424709225151648 0.9998377371124643 -0.4422959588867599 -1.047987825665416 -0.9098743576211419
FixedParameters: 0 0 0
#Transform 114
Transform: MatrixOffsetTransformBase_double_3_3
Parameters: 0.9998333551966625 0.014443780796724384 0.011135264523772578 -0.014596187747436788 0.9997989258663209 0.013710740463185773 -0.01093472189652559 -0.013871238484928298 0.9998439965304958 -0.4327814945319801 -1.0996734873280616 -0.8866815796658898
FixedParameters: 0 0 0
#Transform 115
Transform: MatrixOffsetTransformBase_double_3_3
Parameters: 0.9998502232827065 0.013448983026161702 0.010903318175483432 -0.013605020816281154 0.9998045434335414 0.014363822665414415 -0.010707689818886762 -0.0145101918850909 0.9998377727301218 -0.4210606838132378 -1.01124760821196 -0.8109517923586793
FixedParameters: 0 0 0
#Transform 116
Transform: MatrixOffsetTransformBase_double_3_3
