#Insight Transform File V1.0
#Transform 0
Transform: MatrixOffsetTransformBase_double_3_3
Parameters: 0.9999941991556992 -0.00024563933256386845 -0.0032775062620884424 0.0002393588592510854 0.9999978365034053 -0.002026794422657483 0.0032774888741041877 0.002025204833096919 0.9999921532715518 0.08949967767769351 0.13053817817879576 -0.4714060747439106
FixedParameters: 0 0 0
#Transform 1
Transform: MatrixOffsetTransformBase_double_3_3
Parameters: 0.9999961604585179 -0.00010614220102501569 -0.0027978109544631764 0.00010085671889068236 0.9999986110324347 -0.0018382906739211145 0.002798191420760779 0.0018377114874680715 0.9999947929154482 0.10801137966278418 0.12319552198850658 -0.4275455568183375
FixedParameters: 0 0 0
#Transform 2
Transform: MatrixOffsetTransformBase_double_3_3
Parameters: 0.9999978009612862 0.0013576247595395957 0.0018315380420189172 -0.0013573753333688183 0.9999990409101355 -0.0003424870704943187 -0.001832463858652806 0.0003395131824581547 0.9999985274887838 0.02164733861374657 0.1299171028275481 -0.5427682798827362
FixedParameters: 0 0 0
#Transform 3
Transform: MatrixOffsetTransformBase_double_3_3
Parameters: 0.999967560290722 0.0044966427923105 0.006649213318857241 -0.004522354437158305 0.9999820866119468 0.0038030493717881404 -0.006632778112574052 -0.003832945705379554 0.9999703188739161 -0.08693944251125174 -0.04270690263811616 -0.37538285169240027
FixedParameters: 0 0 0
#Transform 4
Transform: MatrixOffsetTransformBase_double_3_3
Parameters: 0.9999446667374355 0.005285037242001338 0.009132582356277893 -0.005304957694683274 0.9999831790719541 0.0021626714473385674 -0.009120421371693015 -0.002211323874677079 0.9999559214601259 -0.05378133809708174 -0.020249050351083042 -0.48109199792287427
FixedParameters: 0 0 0
#Transform 5
Transform: MatrixOffsetTransformBase_double_3_3
Parameters: 0.9999955130059193 0.0006877479381900591 0.0030025986223708163 -0.0006992495529553385 0.9999924639855721 0.003747915218354431 -0.00299939873610539 -0.003750077625182247 0.999987938880025 0.12562407199769154 -0.0871804354947443 -0.4072842742811176
FixedParameters: 0 0 0
#Transform 6
Transform: MatrixOffsetTransformBase_double_3_3
Parameters: 0.9999926190631386 0.00120461774539963 0.003595807961376966 -0.0012093812292004408 0.9999983021242871 0.0014946628960497282 -0.0035941941867668865 -0.0014993412618183608 0.9999928348962204 0.08563294338594574 0.10667656005675497 -0.4361112193997485
FixedParameters: 0 0 0
#Transform 7
Transform: MatrixOffsetTransformBase_double_3_3
Parameters: 0.9999939142609698 0.0014297593710158572 0.003168553681011761 -0.0014422422195707282 0.9999909879660742 0.003864453558196496 -0.0031634490151937894 -0.0038685463760505484 0.9999880264491798 0.08028636628468178 -0.03259745791665125 -0.4340670334627248
FixedParameters: 0 0 0
#Transform 8
Transform: MatrixOffsetTransformBase_double_3_3
Parameters: 0.9999994786012933 0.000700596226946956 0.0010150544140909612 -0.0007054045998085706 0.9999906223160224 0.004345288828018708 -0.001011944607240217 -0.004345713816271631 0.9999900893407054 0.12423331284000483 -0.02342935166011273 -0.3984924731064652
FixedParameters: 0 0 0
#Transform 9
Transform: MatrixOffsetTransformBase_double_3_3
Parameters: 0.99999996464786 0.0010171620887747272 -0.000029942010999330365 -0.0010168388436991647 0.9999872348218842 0.004973031784510173 0.00003505715919506209 -0.00497296567949472 0.9999872680618921 0.18111882317502648 -0.018869548666700098 -0.3679631164597268
FixedParameters: 0 0 0
#Transform 10
Transform: MatrixOffsetTransformBase_double_3_3
Parameters: 0.9999905013769281 0.002042433405870373 0.0037854395163651054 -0.002057562671276892 0.9999898517295672 0.004112252570957539 -0.0037765617174321904 -0.0041207548026817725 0.999984758172737 0.19297725944267086 -0.0688167747727988 -0.4503905220425395
FixedParameters: 0 0 0
#Transform 11
Transform: MatrixOffsetTransformBase_double_3_3
Parameters: 0.9999915516156145 0.0026098800741281057 0.003261736079843138 -0.00262211838448049 0.9999893068342834 0.0037174776380098657 -0.0032512650509640166 -0.0037255157786141063 0.9999875454648085 0.21256056334354412 -0.09769117738289879 -0.43188193287848975
FixedParameters: 0 0 0
#Transform 12
Transform: MatrixOffsetTransformBase_double_3_3
Parameters: 0.9999879844337182 0.0026552511926389104 0.004118895406300032 -0.002668748639192006 0.999990747973217 0.003336047181219816 -0.004110105103893596 -0.0033469529722427436 0.9999859050190951 0.21323601111407697 -0.09957964697380817 -0.46454021015735947
FixedParameters: 0 0 0
#Transform 13
Transform: MatrixOffsetTransformBase_double_3_3
Parameters: 0.9999883554043595 0.0025736122162648397 0.0040026388501900505 -0.002586386415132441 0.9999911343357659 0.003342687043704396 -0.003994363017980116 -0.0033533194782588687 0.9999868026491325 0.18691770726677248 -0.10103639876213322 -0.4340239697427535
FixedParameters: 0 0 0
#Transform 14
Transform: MatrixOffsetTransformBase_double_3_3
Parameters: 0.9999843977936665 0.0029978441706759117 0.004649265535968949 -0.0030061535110067397 0.9999939078751781 0.001748049665366933 -0.004643728433746722 -0.0017619474718849465 0.9999873298216662 0.21462931781786665 -0.07315801202456385 -0.536308181339642
FixedParameters: 0 0 0
#Transform 15
Transform: MatrixOffsetTransformBase_double_3_3
Parameters: 0.9999798287322572 0.003762389177000154 0.005100324687986599 -0.003774609580401323 0.9999896750203574 0.0024647972521327794 -0.005091674160534123 -0.002484206243416954 0.9999839072610562 0.21505118560227743 -0.15677829037038293 -0.5243575975343688
FixedParameters: 0 0 0
#Transform 16
Transform: MatrixOffsetTransformBase_double_3_3
Parameters: 0.9999823812285017 0.003591192088345054 0.004660480838840844 -0.003596805842376409 0.9999925292727506 0.0012382587553402618 -0.0046565209115241235 -0.0012547443544956957 0.9999887443994038 0.22881031271616337 -0.14558160747482418 -0.6074000461405262
FixedParameters: 0 0 0
#Transform 17
Transform: MatrixOffsetTransformBase_double_3_3
Parameters: 0.9999872833321312 0.003020677797792584 0.00407341883747141 -0.003032317888481703 0.9999911006473895 0.002775682124573739 -0.004064579265504532 -0.002788311975811272 0.9999877035239396 0.21141240248547888 -0.17020202285969788 -0.48917973456888575
FixedParameters: 0 0 0
#Transform 18
Transform: MatrixOffsetTransformBase_double_3_3
Parameters: 0.999985959081131 0.0028977201565212555 0.004432767825515589 -0.0029042816822139237 0.9999948830174331 0.001637149406333391 -0.0044272321610875605 -0.0016498524676103838 0.9999886738348313 0.2091996726458234 -0.07892244625553246 -0.5591629102169691
FixedParameters: 0 0 0
#Transform 19
Transform: MatrixOffsetTransformBase_double_3_3
Parameters: 0.9999830084821895 0.0036101759306977053 0.004578089524919137 -0.0036328209150130433 0.9999809341550688 0.004986453638639038 -0.004559910212863188 -0.005003547385631932 0.9999771735368504 0.19203738364076628 -0.27912315687072464 -0.45191050351986206
FixedParameters: 0 0 0
#Transform 20
Transform: MatrixOffsetTransformBase_double_3_3
Parameters: 0.9999570697107738 0.00563444380954347 0.007292476310265843 -0.005656554692071139 0.9999795390331155 0.0030758801400657455 -0.007275512888067393 -0.003117125691665306 0.9999683535819192 0.16135896663196547 -0.21150058570606234 -0.509841357370874
FixedParameters: 0 0 0
#Transform 21
Transform: MatrixOffsetTransformBase_double_3_3
Parameters: 0.999947208587706 0.006248078842851076 0.008108357446099482 -0.00627691287816908 0.99997402754512 0.003545289751819697 -0.00808662935991676 -0.003596713844851624 0.9999606761983814 0.17176807129192184 -0.26806336842351186 -0.45909740360760054
FixedParameters: 0 0 0
#Transform 22
Transform: MatrixOffsetTransformBase_double_3_3
Parameters: 0.9999692030405535 0.004246241302238785 0.006539219414107419 -0.004264757334502891 0.9999866476168602 0.002857199694444397 -0.006527783898561908 -0.0028848072753471705 0.9999750698373204 0.22997399903370308 -0.16466416354582236 -0.5508323793392762
FixedParameters: 0 0 0
#Transform 23
Transform: MatrixOffsetTransformBase_double_3_3
Parameters: 0.9999767360207712 0.004676723615657921 0.0049392760742107255 -0.0046962694092001454 0.9999801234601716 0.004100898502525037 -0.004919729012668725 -0.004124103430419937 0.9999797867062314 0.15625342411530596 -0.2387266255742162 -0.5280408988799294
FixedParameters: 0 0 0
#Transform 24
Transform: MatrixOffsetTransformBase_double_3_3
Parameters: 0.9999846292416852 0.003322154942105312 0.004509716936125942 -0.0033378464140166857 0.9999885310026577 0.003511002103178775 -0.004497283471026683 -0.0035259957449162026 0.9999833382913632 0.14962770958231886 -0.16128629700367014 -0.5864495046183933
FixedParameters: 0 0 0
#Transform 25
Transform: MatrixOffsetTransformBase_double_3_3
Parameters: 0.9999704824138104 0.004648785452936162 0.006157080701115161 -0.00466922049571218 0.999983387143247 0.003436354662253739 -0.006140928341807109 -0.0034646521065605884 0.9999752829215768 0.15291017337287371 -0.24235826463686294 -0.5524271658797772
FixedParameters: 0 0 0
#Transform 26
Transform: MatrixOffsetTransformBase_double_3_3
Parameters: 0.9999574098695131 0.005628951541990319 0.007341723083824265 -0.005639058115376691 0.9999833803803543 0.001349657820309869 -0.00733428557386039 -0.0013903442719940065 0.9999722756044359 0.1947880176876282 -0.1889538137064335 -0.6201047781170459
FixedParameters: 0 0 0
#Transform 27
Transform: MatrixOffsetTransformBase_double_3_3
Parameters: 0.9999600712826027 0.005617510868748904 0.006955220948794444 -0.00563948722773049 0.9999788376349017 0.0032179032704729516 -0.006936775592363844 -0.00325709614338942 0.9999702703634172 0.09828125326660597 -0.2515441706859036 -0.5553951134528887
FixedParameters: 0 0 0
#Transform 28
Transform: MatrixOffsetTransformBase_double_3_3
Parameters: 0.999973754863109 0.004519353184036794 0.005729005277290503 -0.00453165365174691 0.999987635361195 0.0021970977310304856 -0.005719002259580796 -0.002222906444502338 0.9999813511507233 0.14585842193781673 -0.11981885313510077 -0.559156564427802
FixedParameters: 0 0 0
#Transform 29
Transform: MatrixOffsetTransformBase_double_3_3
Parameters: 0.9999654181777093 0.005139764894239379 0.006569592141631094 -0.005152239659536098 0.9999850436296028 0.001847215660860926 -0.006560407500148891 -0.0018807838889684752 0.9999764254300888 0.16321380675289276 -0.20688711030328477 -0.5459246344297028
FixedParameters: 0 0 0
#Transform 30
Transform: MatrixOffsetTransformBase_double_3_3
Parameters: 0.9999547006813423 0.006321299854637997 0.007094294927025497 -0.006325698016125325 0.9999797404810372 0.0004991459328376605 -0.00709169937050834 -0.0005438531092964266 0.9999744162640789 0.14211594185547938 -0.26351195666043736 -0.6579741976691054
FixedParameters: 0 0 0
#Transform 31
Transform: MatrixOffsetTransformBase_double_3_3
Parameters: 0.9999823411089347 0.0037378669023770492 0.004656737540111602 -0.0037451362043116605 0.999991650927851 0.0015245867922860003 -0.00465126599016082 -0.0015414130191346445 0.9999879899588839 0.1753641088752147 -0.19497044609960312 -0.6333090832191175
FixedParameters: 0 0 0
#Transform 32
Transform: MatrixOffsetTransformBase_double_3_3
Parameters: 0.9999696026906673 0.004850448128912922 0.006153208180507971 -0.004881557354294514 0.9999755703727815 0.004960112794632342 -0.00612979043398452 -0.0049898831732126964 0.9999685300218266 0.07621146179441496 -0.299070728785793 -0.595709257201591
FixedParameters: 0 0 0
#Transform 33
Transform: MatrixOffsetTransformBase_double_3_3
Parameters: 0.9999650534260133 0.005101689729507367 0.006626909590568528 -0.005121308632568368 0.9999823630101264 0.0029001615645938483 -0.006612088528321477 -0.0029338340302515983 0.9999736723170861 0.08546181133438324 -0.20807939108043172 -0.6189435041479996
FixedParameters: 0 0 0
#Transform 34
Transform: MatrixOffsetTransformBase_double_3_3
Parameters: 0.9999517236326657 0.006754354286852645 0.007186355723487671 -0.0067776504266285655 0.9999722593943353 0.003131446994424021 -0.00716564757168649 -0.0031805552578956626 0.9999695430252626 0.08460647343450489 -0.2817733274781773 -0.6124005923982025
FixedParameters: 0 0 0
#Transform 35
Transform: MatrixOffsetTransformBase_double_3_3
Parameters: 0.9999547546423939 0.005759880984649086 0.007620257460375686 -0.005780121665215227 0.9999797206545942 0.0026210746257431814 -0.007604756488454632 -0.0026649250834664714 0.9999680627476284 0.1189304658453949 -0.23658994360978625 -0.6168834230559668
FixedParameters: 0 0 0
#Transform 36
Transform: MatrixOffsetTransformBase_double_3_3
Parameters: 0.9999730237141691 0.0048848662077174525 0.005396200498315624 -0.0049051294102910765 0.9999806483753746 0.003909634963135528 -0.005376793669428144 -0.003936369673337371 0.9999775949364936 0.15547951888565592 -0.23278517246764352 -0.5788015527578594
FixedParameters: 0 0 0
#Transform 37
Transform: MatrixOffsetTransformBase_double_3_3
Parameters: 0.9999777790548318 0.004539653226190984 0.0049607757387230235 -0.00455934874231799 0.9999820368520208 0.003895470668966319 -0.004943225403699024 -0.003918529605822723 0.9999802124420827 0.14720749144586875 -0.08438025538019645 -0.5173261087465164
FixedParameters: 0 0 0
#Transform 38
Transform: MatrixOffsetTransformBase_double_3_3
Parameters: 0.9999954735524684 0.002760067640121003 -0.0009534551301042528 -0.0027549352349021993 0.9999825755169446 0.005275648757090834 0.0009675442702146293 -0.005273351550888077 0.9999852568280139 0.17709054273061042 -0.04789219659652133 -0.29083582546434883
FixedParameters: 0 0 0
#Transform 39
Transform: MatrixOffsetTransformBase_double_3_3
Parameters: 0.9999920495563392 0.0027775674978426875 0.0028700610159000718 -0.002790433117407059 0.9999852435760407 0.004687028756604429 -0.0028569412763245518 -0.004694972879952911 0.999984794593021 0.1741111915878406 0.0038174870535527816 -0.43189729011555755
FixedParameters: 0 0 0
#Transform 40
Transform: MatrixOffsetTransformBase_double_3_3
Parameters: 0.9999973841006756 0.002136359412520817 -0.00022441790183703122 -0.002135637499756169 0.9999807273531061 0.0058914927663016176 0.00023758662654386662 -0.005891505920297328 0.9999822365286141 0.16163719875153504 -0.06957915821608651 -0.3339901570575847
FixedParameters: 0 0 0
#Transform 41
Transform: MatrixOffsetTransformBase_double_3_3
Parameters: 0.9999960300505469 0.0023239956892343893 -0.0016025998699502363 -0.002314000863519806 0.999978063827072 0.006211736006090904 0.001617399860931428 -0.006207268741983686 0.9999798495169145 0.06145021076204671 0.006589801248026106 -0.37083804578102075
FixedParameters: 0 0 0
#Transform 42
Transform: MatrixOffsetTransformBase_double_3_3
Parameters: 0.9999955847010066 0.0028517524207042418 -0.0005312305619137359 -0.002848247023565627 0.9999717616866567 0.006937540024129215 0.0005507691635386342 -0.006935456281235693 0.999975591615623 0.019630178510752216 -0.10292888648206144 -0.3385335985198594
FixedParameters: 0 0 0
#Transform 43
Transform: MatrixOffsetTransformBase_double_3_3
Parameters: 0.9999930873407091 0.003145918927553415 -0.0020037674431505007 -0.003131078945098501 0.9999673517479964 0.00740531988688186 0.002027233707475697 -0.007399668375897745 0.9999701397850153 0.036032189747018606 -0.1183689869098572 -0.37042397627238444
FixedParameters: 0 0 0
#Transform 44
Transform: MatrixOffsetTransformBase_double_3_3
Parameters: 0.9999927466534309 0.0030545491633809196 -0.002434139440126495 -0.003036450614231083 0.9999692074200335 0.007181444878641352 0.0024558583171064396 -0.007173552138831617 0.9999715045225602 0.04322200527533937 -0.09411958611249815 -0.42723556119396733
FixedParameters: 0 0 0
#Transform 45
Transform: MatrixOffsetTransformBase_double_3_3
Parameters: 0.9999888077345561 0.004694370182812731 -0.000395880531989548 -0.004690627956474533 0.9999559953873589 0.008123946417301013 0.0004341165552276058 -0.00812205156363611 0.9999668431964406 -0.006998059122778955 -0.250902755718343 -0.40614175861936275
FixedParameters: 0 0 0
#Transform 46
Transform: MatrixOffsetTransformBase_double_3_3
Parameters: 0.9999922759151246 0.0038132344489386484 0.00042929569484035794 -0.003815758565167929 0.9999704719704205 0.006630408472633898 -0.0004037032727939613 -0.006632585994106323 0.9999778491062453 0.032011580171115384 -0.09087994178848646 -0.3700660051946514
FixedParameters: 0 0 0
#Transform 47
Transform: MatrixOffsetTransformBase_double_3_3
Parameters: 0.9999915882286307 0.0041195512204895675 -0.0006623599321734209 -0.00411444659029577 0.9999582832872682 0.008172800704507781 0.0006966413663379345 -0.008169205581554144 0.9999667715982419 0.01755795721177833 -0.2111961575726582 -0.4008954961100031
FixedParameters: 0 0 0
#Transform 48
Transform: MatrixOffsetTransformBase_double_3_3
Parameters: 0.9999897439260127 0.004450372012725965 -0.0006723451936775595 -0.0044446273265236575 0.9999595106289481 0.007793068524443616 0.0007066519948857208 -0.007789935304333273 0.9999698158653109 0.007751859088699575 -0.14996237099120435 -0.4525395138880768
FixedParameters: 0 0 0
#Transform 49
Transform: MatrixOffsetTransformBase_double_3_3
Parameters: 0.9999878237717017 0.004473554226089556 -0.002041094625430233 -0.004456442755245643 0.9999574123138605 0.008045187333326162 0.0020768978448107173 -0.008035800075092114 0.999965109407493 0.054187902950175726 -0.22606510995460383 -0.4562195534354103
FixedParameters: 0 0 0
#Transform 50
Transform: MatrixOffsetTransformBase_double_3_3
Parameters: 0.9999882448403222 0.003713599546268957 -0.003156928571526454 -0.003692401882393001 0.9999720368774172 0.006505733086930099 0.003181068363385194 -0.006494263088997219 0.9999737065934073 0.09115762391991211 -0.10643428964972657 -0.5104380161641373
FixedParameters: 0 0 0
#Transform 51
Transform: MatrixOffsetTransformBase_double_3_3
Parameters: 0.999986580018513 0.004578055733069594 -0.002336956731281069 -0.004559941665322789 0.9999603089886816 0.0076747575819620245 0.0023720375350440737 -0.007663241718665957 0.9999676414069598 0.09868386007305219 -0.28538082416206123 -0.4785993613695254
FixedParameters: 0 0 0
#Transform 52
Transform: MatrixOffsetTransformBase_double_3_3
Parameters: 0.9999898906695792 0.0041183887797466 -0.0020371596577747316 -0.004104617014184921 0.9999704797888266 0.006532436118126418 0.002063840297797736 -0.006523574581826235 0.9999771798853706 0.1315283770243525 -0.11971791596036496 -0.5075454804380044
FixedParameters: 0 0 0
#Transform 53
Transform: MatrixOffsetTransformBase_double_3_3
Parameters: 0.9999831646302376 0.004891881685815939 -0.003147123722413332 -0.004866115798965747 0.9999544033732647 0.00818044687157513 0.003186872947498902 -0.008164542520543822 0.9999611784710182 0.08103623239084357 -0.23203775111842617 -0.407113952302943
FixedParameters: 0 0 0
#Transform 54
Transform: MatrixOffsetTransformBase_double_3_3
Parameters: 0.9999883645985904 0.004030468368435844 -0.0027188209856413084 -0.0040115325553722785 0.999969153192613 0.00676398322347058 0.002746173770066127 -0.006753008086911318 0.9999728552374525 0.09770704455135615 -0.08763549768906387 -0.4627516707575765
FixedParameters: 0 0 0
#Transform 55
Transform: MatrixOffsetTransformBase_double_3_3
Parameters: 0.9999857494436111 0.004686321142017433 -0.0025072076937082952 -0.004667675194168645 0.9999595632078895 0.0076588057596538115 0.0025427906997944707 -0.00764618640590797 0.999967062241796 0.11617164458449736 -0.2233604532354292 -0.4192777323323611
FixedParameters: 0 0 0
#Transform 56
Transform: MatrixOffsetTransformBase_double_3_3
Parameters: 0.9999905645449924 0.004110778223719219 -0.0015929342810405435 -0.00409922951269767 0.9999644993752007 0.007327598322177974 0.0016220695505720925 -0.007321400491703079 0.999971766617585 0.10749034914645961 -0.14512016559490348 -0.45871056434627633
FixedParameters: 0 0 0
#Transform 57
Transform: MatrixOffsetTransformBase_double_3_3
Parameters: 0.9999866461643164 0.004320283878605024 -0.00277318273643016 -0.004300713978511478 0.9999665734743232 0.006923017735059397 0.0028028152915150466 -0.006910981948461926 0.999972381139164 0.1147403217734535 -0.14704830527000468 -0.32328244733326983
FixedParameters: 0 0 0
#Transform 58
Transform: MatrixOffsetTransformBase_double_3_3
Parameters: 0.9999966757977719 0.0014134187179501085 -0.002080303657130205 -0.0014045817457649635 0.9999906809017167 0.004042932737691979 0.002085692666584159 -0.0040400628125804305 0.9999893272846073 0.1755937946441577 0.16183024274788238 -0.1277474826292888
FixedParameters: 0 0 0
#Transform 59
Transform: MatrixOffsetTransformBase_double_3_3
Parameters: 0.9997582377294221 -0.0058071388817409935 0.021189388380025473 0.005948847722173681 0.9999605486395672 -0.0066375545765571895 -0.021149612802431137 0.006762455914245476 0.9997538971749387 0.45552932609044205 0.7034468601410993 0.3108772531120465
FixedParameters: 0 0 0
#Transform 60
Transform: MatrixOffsetTransformBase_double_3_3
Parameters: 0.9999428012497671 -0.001726409967598895 0.010593377617417313 0.0017825839401867387 0.9999843622568201 -0.005334422832336086 -0.01058362486205823 0.005353579183969787 0.9999293202575061 0.24814475963684401 0.47702303751371744 0.037629320859380755
FixedParameters: 0 0 0
#Transform 61
Transform: MatrixOffsetTransformBase_double_3_3
Parameters: 0.9999918250273977 0.0011102339612376717 0.003992621920973069 -0.0010977674796767973 0.9999944022085474 -0.003064409386928974 -0.003996383967651188 0.003060589466225037 0.9999876648855422 0.23615631215697874 0.42322771339630094 0.03027790361876015
FixedParameters: 0 0 0
#Transform 62
Transform: MatrixOffsetTransformBase_double_3_3
Parameters: 0.9999937505579416 0.001866481912245186 0.0029606718384142913 -0.0018575187462305416 0.9999943418492725 -0.0028645190046194314 -0.0029663299835798683 0.002859482871801854 0.9999920265319772 0.25299820875916623 0.4354484288238041 0.02032078781017077
FixedParameters: 0 0 0
#Transform 63
Transform: MatrixOffsetTransformBase_double_3_3
Parameters: 0.9999934289184222 0.0026457967775252752 0.00236040223414941 -0.002638198477904991 0.9999917512728309 -0.0028782437113572296 -0.0023685964392693585 0.002872749634970188 0.9999931405786645 0.2669019244619619 0.42780291456924147 0.039570766825598014
FixedParameters: 0 0 0
#Transform 64
Transform: MatrixOffsetTransformBase_double_3_3
Parameters: 0.9999942830959548 0.002644831714489442 0.0021739230053023357 -0.0026381694747652663 0.9999928480467989 -0.0026817507995024934 -0.0021800735899708957 0.0026752496577958293 0.9999940862559336 0.28330589734937917 0.3979890146075604 0.009628557236212032
FixedParameters: 0 0 0
#Transform 65
Transform: MatrixOffsetTransformBase_double_3_3
Parameters: 0.9999950154001241 0.0026418574966787494 0.0014166791027954708 -0.0026381368995661825 0.9999939701512163 -0.00201674534282161 -0.0014223183259033788 0.0020132503654733064 0.9999969247811292 0.28294067478027785 0.39667287349874414 0.0249102948380866
FixedParameters: 0 0 0
#Transform 66
Transform: MatrixOffsetTransformBase_double_3_3
Parameters: 0.9999946190048004 0.0029593179148874253 0.0016191364331031202 -0.0029556851309038026 0.9999921801724689 -0.0026618014314333874 -0.0016268674563245196 0.0026572013339215784 0.9999952928791684 0.2629141299839972 0.43617963812128835 -0.010288478673928125
FixedParameters: 0 0 0
#Transform 67
Transform: MatrixOffsetTransformBase_double_3_3
Parameters: 0.999993682621278 0.0029680304245401673 0.0018730520648244544 -0.0029629696580696038 0.9999920233341074 -0.002682565405219261 -0.0018809472198783542 0.0026774328647845708 0.9999942944219725 0.24746290593070341 0.3873370253489128 -0.009256675935930048
FixedParameters: 0 0 0
#Transform 68
Transform: MatrixOffsetTransformBase_double_3_3
Parameters: 0.9999924035849064 0.0032131111352021575 0.0020670710407344763 -0.0032078844918211505 0.9999915966534654 -0.0024726480009079786 -0.0020749245632966 0.002465350052961168 0.9999946149513753 0.2519995441741969 0.3373756458417745 -0.006144439246078548
FixedParameters: 0 0 0
#Transform 69
Transform: MatrixOffsetTransformBase_double_3_3
Parameters: 0.9999936483348243 0.003154347405382351 0.0015502034511038867 -0.003150650244071625 0.9999924155090545 -0.002157895706708134 -0.0015567939285274694 0.0021531008534927576 0.999995940433537 0.28588096246373595 0.3812282399826614 -0.03109568988694633
FixedParameters: 0 0 0
#Transform 70
Transform: MatrixOffsetTransformBase_double_3_3
Parameters: 0.9999953821722755 0.003100998854689453 -0.000040179673220463015 -0.003101003494691211 0.9999953804082748 -0.00005787569192389229 0.000039819957084198935 0.00005812377201786752 0.999999995036023 0.2862941818211482 0.2998240805121668 0.0022435116689152323
FixedParameters: 0 0 0
#Transform 71
Transform: MatrixOffsetTransformBase_double_3_3
Parameters: 0.9999951526603469 0.0031380149268406543 0.000014971728343485014 -0.0031379830818654476 0.9999942217060718 -0.0009650509076418329 -0.00001802808096390536 0.0009649473537224566 0.999999068501298 0.30445931743219035 0.3946464216121228 -0.014772849410668698
FixedParameters: 0 0 0
#Transform 72
Transform: MatrixOffsetTransformBase_double_3_3
Parameters: 0.999993796662474 0.003347003337517843 0.000029544621445971797 -0.003346995177519653 0.9999947790662561 -0.00013609969980833643 -0.000030455005244016893 0.0001358988798528853 0.9999999806041023 0.31034850812673653 0.2960926373829693 0.00035784165784491506
FixedParameters: 0 0 0
#Transform 73
Transform: MatrixOffsetTransformBase_double_3_3
Parameters: 0.9999932417848955 0.0035413741282540735 0.00046717080708455423 -0.0035406259325502236 0.9999938236726653 -0.0007996591654790855 -0.00046982580403365383 0.000797341243396565 0.99999914290356 0.3176989252384885 0.3491811455291156 -0.011034674579192938
FixedParameters: 0 0 0
#Transform 74
Transform: MatrixOffsetTransformBase_double_3_3
Parameters: 0.999993530786115 0.0035299938761915737 0.00009117238100146985 -0.0035300027941873677 0.9999935366661122 0.00004867845304236844 -0.00009082644116462127 -0.00004932091273937292 0.999999989318069 0.2583209820889323 0.2802192729581634 -0.0017311135488498053
FixedParameters: 0 0 0
#Transform 75
Transform: MatrixOffsetTransformBase_double_3_3
Parameters: 0.9999944850600878 0.0033900182137250583 0.00015062965525877725 -0.003389985144709414 0.9999944958710929 -0.00010951128780680027 -0.00015137206560999133 0.00010948750179554774 0.9999999652086803 0.2745634349840316 0.31010035333909514 -0.00226486679287774
FixedParameters: 0 0 0
#Transform 76
Transform: MatrixOffsetTransformBase_double_3_3
Parameters: 0.9999927721954384 0.003869115289472107 0.0005081489847990838 -0.003868891548310163 0.9999929823685905 -0.00022096772893681122 -0.0005088513533074592 0.00021903293853640666 0.9999996930264476 0.27313131723414585 0.2568207604571171 -0.00818705060260072
FixedParameters: 0 0 0
#Transform 77
Transform: MatrixOffsetTransformBase_double_3_3
Parameters: 0.9999889549154382 0.004267919370778262 0.00195799341719431 -0.004266077903268073 0.9999905717150079 -0.00047435806782573486 -0.0019600044146594058 0.0004656398761446822 0.9999979413990479 0.2876747528116965 0.27377601462077905 -0.05670760216722215
FixedParameters: 0 0 0
#Transform 78
Transform: MatrixOffsetTransformBase_double_3_3
Parameters: 0.999993022779029 0.0036889527150121217 0.0006072908810440717 -0.003689048621013708 0.999993384988035 0.0000777602182860875 -0.0006067080190344315 -0.00008023867832707909 0.9999996253091383 0.28449448603525695 0.2096011295571003 -0.017752240120351814
FixedParameters: 0 0 0
#Transform 79
Transform: MatrixOffsetTransformBase_double_3_3
Parameters: 0.9999904658132502 0.004116725193892971 0.0012606344521456803 -0.004115275150696111 0.9999917284124217 -0.0005771934383606728 -0.0012633637545162147 0.0005718046086290769 0.9999990772984192 0.28935738312002 0.26464355194997324 -0.04749901159353698
FixedParameters: 0 0 0
#Transform 80
Transform: MatrixOffsetTransformBase_double_3_3
Parameters: 0.9999920430661616 0.0037865909850700787 0.001273241723115977 -0.0037854074342744733 0.9999924503880913 -0.00046682337338137156 -0.0012747589308539612 0.0004621766061838507 0.9999991611559323 0.27748393160635487 0.22298545959468186 -0.024019389378338474
FixedParameters: 0 0 0
#Transform 81
Transform: MatrixOffsetTransformBase_double_3_3
Parameters: 0.9999909194926192 0.003981183270534264 0.0017971779618908184 -0.003978821851467473 0.9999916917709684 -0.001215162230960136 -0.0018028215474403572 0.0012078341536496129 0.9999972922464984 0.30135305295934245 0.2608468681625027 -0.05631099308231313
FixedParameters: 0 0 0
#Transform 82
Transform: MatrixOffsetTransformBase_double_3_3
Parameters: 0.9999942632472302 0.0032759772605235092 0.00006797913283846094 -0.003276017625490161 0.9999941784023001 0.0002987787661613799 -0.0000670200806307901 -0.00029922102579600337 0.999999906042568 0.26657851064233284 0.20496173334443313 -0.006087557167745672
FixedParameters: 0 0 0
#Transform 83
Transform: MatrixOffsetTransformBase_double_3_3
Parameters: 0.9999961985642598 0.0026068855876255643 0.00007224121659465305 -0.0026071149945226585 0.9999955563975479 0.001626817113256296 -0.00006875801515711774 -0.0016271847000914072 0.9999983478932957 0.2446026022747958 0.228429017372477 -0.05192185099704005
FixedParameters: 0 0 0
#Transform 84
Transform: MatrixOffsetTransformBase_double_3_3
Parameters: 0.9999950706634854 0.003149023210297739 0.00011436647946103096 -0.003148977181296346 0.9999950433724845 -0.00020136113609371851 -0.0001146323824690779 0.00020064001507189548 0.9999999464886329 0.2622880084164336 0.32265299669617775 -0.005139652500069758
FixedParameters: 0 0 0
#Transform 85
Transform: MatrixOffsetTransformBase_double_3_3
Parameters: 0.9999969406011102 0.0026432296962194614 -0.00026574186192052617 -0.0026437733923338727 0.9999962817189717 0.0008547053558571473 0.00026825961245034084 -0.0008542937217705265 0.9999991985395854 0.2398717751108137 0.2100187281903345 -0.019258168689773925
FixedParameters: 0 0 0
#Transform 86
Transform: MatrixOffsetTransformBase_double_3_3
Parameters: 0.9999958687377772 0.0030163831740030083 -0.0001838582266343608 -0.003015621519453554 0.9999937563602532 0.00203656432916683 0.0001901424411677602 -0.0020364363400744994 0.9999978176841829 0.2592170474170672 0.22598509387279364 -0.06478624051461424
FixedParameters: 0 0 0
#Transform 87
Transform: MatrixOffsetTransformBase_double_3_3
Parameters: 0.9999971669176717 0.0024085601244430003 -0.000182753018064999 -0.002407440586320083 0.9999921443871204 0.003009448823416363 0.0001892468267779736 -0.0030095530444278055 0.9999959082775336 0.26596256304428323 0.20087605031918088 -0.06973749247224248
FixedParameters: 0 0 0
#Transform 88
Transform: MatrixOffsetTransformBase_double_3_3
Parameters: 0.9999962141789412 0.002603127169064037 -0.00009969373824945786 -0.0026028706291663264 0.9999956114751817 0.0012702637925120774 0.0001023053732081296 -0.00126973798672173 0.9999993768946802 0.2405515563349354 0.24010376693382796 -0.03760962846435234
FixedParameters: 0 0 0
#Transform 89
Transform: MatrixOffsetTransformBase_double_3_3
Parameters: 0.9999977977001286 0.00225318105650814 -0.00035458125045461763 -0.002251819608575507 0.9999920790434118 0.00329380554401598 0.0003624185240668138 -0.0032931904950464137 0.9999940242983156 0.22258329408433042 0.23556140944943138 -0.10825386927109548
FixedParameters: 0 0 0
#Transform 90
Transform: MatrixOffsetTransformBase_double_3_3
Parameters: 0.9999969023378785 0.0022467497610691913 -0.00022667825106699444 -0.002245247363149093 0.999992334348162 0.003259516703107153 0.0002343177295758492 -0.003258481297851387 0.9999943257507308 0.22491877347630407 0.1774418217406577 -0.09315689810978967
FixedParameters: 0 0 0
#Transform 91
Transform: MatrixOffsetTransformBase_double_3_3
Parameters: 0.9999970335530273 0.0023963923648283236 -0.0004740125890535229 -0.0023946071006717686 0.9999927555610484 0.00291714234980084 0.0004809855867591415 -0.0029158546414092146 0.9999952659948623 0.24800015758133043 0.21996561508473178 -0.11024599764842691
FixedParameters: 0 0 0
#Transform 92
Transform: MatrixOffsetTransformBase_double_3_3
Parameters: 0.9999979908542836 0.0021238218621533233 -0.0007075896399509351 -0.0021201824871146194 0.9999897916399436 0.003963509313212737 0.0007154087061825503 -0.003962489691921729 0.9999917883175135 0.25237086647020135 0.130608972858397 -0.08826180623393043
FixedParameters: 0 0 0
#Transform 93
Transform: MatrixOffsetTransformBase_double_3_3
Parameters: 0.9999983861532865 0.0014503080706393962 0.0007145432130423278 -0.001453694711004598 0.9999859086272566 0.005193971748762399 -0.0007074582601862845 -0.00519503651019162 0.9999865114234994 0.2516866102877202 0.20304014929554626 -0.19695235795589383
FixedParameters: 0 0 0
#Transform 94
Transform: MatrixOffsetTransformBase_double_3_3
Parameters: 0.9999993920056551 0.0007124029445222256 0.0003166172334564217 -0.0007145932447920943 0.999986765564864 0.005071775140336195 -0.00031237945186907574 -0.005072223933186591 0.9999871757387273 0.25388592450960346 0.1693003387962193 -0.10987762509586929
FixedParameters: 0 0 0
#Transform 95
Transform: MatrixOffsetTransformBase_double_3_3
Parameters: 0.9999987866761115 -0.0005408628176973567 -0.0013857979008803209 0.0005531395603752462 0.9999617249651216 0.008773242445566475 0.0013811994917500969 -0.008773756025469334 0.9999601100724271 0.27123103767792145 0.1165388626142203 -0.18396617695876216
FixedParameters: 0 0 0
#Transform 96
Transform: MatrixOffsetTransformBase_double_3_3
Parameters: 0.999995178394073 -0.0009824943508360624 -0.0028029886507722856 0.0010045058994370539 0.9999673621102143 0.008039219343997801 0.002795011882540783 -0.008041781059787558 0.9999635146250319 0.3200872161028343 0.12410086779770779 -0.4388398809039984
FixedParameters: 0 0 0
#Transform 97
Transform: MatrixOffsetTransformBase_double_3_3
Parameters: 0.9999974454159829 -0.000649827149125345 -0.0020325584165814823 0.0006701766545822926 0.9999507483032923 0.009939659533617062 0.0020264365988506864 -0.009941338544994693 0.999948064944287 0.345068790338658 -0.20403252602457655 -0.5573355597323442
FixedParameters: 0 0 0
#Transform 98
Transform: MatrixOffsetTransformBase_double_3_3
Parameters: 0.9999925944798811 -0.0012718845022499023 -0.0037133379443982646 0.0013131123276470754 0.9999372594851916 0.011091200830404184 0.003698660283377134 -0.011095781165226347 0.9999311951890749 0.32314329565825517 -0.2210493824957922 -0.2873682828220865
FixedParameters: 0 0 0
#Transform 99
Transform: MatrixOffsetTransformBase_double_3_3
Parameters: 0.9999922498589083 -0.0017904890217907646 -0.0035418135915774966 0.0018325119156709197 0.9999257749525335 0.01203560655295293 0.003520194530951183 -0.01204239988903511 0.9999215881412502 0.27159455786905085 -0.15722023876145386 -0.2776735843115432
FixedParameters: 0 0 0
#Transform 100
Transform: MatrixOffsetTransformBase_double_3_3
Parameters: 0.9999875028406295 -0.002527331015138703 -0.004371095935991949 0.0025766788137692007 0.9999315106511455 0.011394874091760371 0.004342905482342027 -0.011406113107437941 0.99992503943121 0.2935547043829416 -0.07155348389149196 -0.2781635587819622
FixedParameters: 0 0 0
#Transform 101
Transform: MatrixOffsetTransformBase_double_3_3
Parameters: 0.9999915466914712 -0.0022545593420344495 -0.0033716517159065877 0.0022914426979237096 0.9999381720499633 0.010843353620835935 0.003347339612005222 -0.010850626413729572 0.9999350521504408 0.2898827075783146 -0.05299735540423001 -0.2766171631967964
FixedParameters: 0 0 0
#Transform 102
Transform: MatrixOffsetTransformBase_double_3_3
Parameters: 0.9999877075241157 -0.002531532534844712 -0.004345794178117018 0.002582458842838347 0.9999286753567598 0.01164691941773858 0.0043152009615237815 -0.011658066461861644 0.9999224598832488 0.3053878246385153 -0.039035655072808595 -0.26698170783316044
FixedParameters: 0 0 0
#Transform 103
Transform: MatrixOffsetTransformBase_double_3_3
Parameters: 0.9999795731503468 -0.0035271950154118713 -0.005290363761202729 0.0035868027136061087 0.9999295760162492 0.011338253864371534 0.005249634244269522 -0.01135674622070898 0.9999214547268576 0.3186836551392389 0.002367692663710841 -0.2970025583905098
FixedParameters: 0 0 0
#Transform 104
Transform: MatrixOffsetTransformBase_double_3_3
Parameters: 0.9999702657402962 -0.0039029450509075626 -0.00667069002278448 0.003970061267177095 0.9999418524518251 0.01006882254828455 0.006631311181570566 -0.010095188007496578 0.999927111531761 0.2818069482444514 0.12009519751354958 -0.2961095145447743
FixedParameters: 0 0 0
#Transform 105
Transform: MatrixOffsetTransformBase_double_3_3
Parameters: 0.9999744628524126 -0.003487074755437303 -0.00627522772101483 0.0035549232331745974 0.9999347226739667 0.010845964495045973 0.0062367695250348295 -0.010868021101858158 0.9999209814516907 0.29692210461521995 -0.06824493024352307 -0.2917440601748993
FixedParameters: 0 0 0
#Transform 106
Transform: MatrixOffsetTransformBase_double_3_3
Parameters: 0.9999698846088637 -0.004487670195501182 -0.006401155088524653 0.004543335581716672 0.9999524294125668 0.008656184207161277 0.006361849105834134 -0.00868481752533305 0.9999420949172863 0.3124161076751619 0.053061920085269776 -0.3062415809301626
FixedParameters: 0 0 0
#Transform 107
Transform: MatrixOffsetTransformBase_double_3_3
Parameters: 0.9999842081980196 -0.0023528665030559306 -0.005124435459872413 0.0023981269262470725 0.9999559761118905 0.009014851756652257 0.005102575507643948 -0.009027146678530993 0.9999464706135305 0.3182651248320951 -0.09620444196666256 -0.30630119420618485
FixedParameters: 0 0 0
#Transform 108
Transform: MatrixOffsetTransformBase_double_3_3
Parameters: 0.9999761179872264 -0.0034503689212705703 -0.005913804589122038 0.0035066230535863614 0.9999489340462688 0.009421479516816773 0.005881183992773118 -0.009442509773990327 0.9999382527513229 0.33600659246452835 -0.034703531086421435 -0.3596742230899821
FixedParameters: 0 0 0
#Transform 109
Transform: MatrixOffsetTransformBase_double_3_3
Parameters: 0.9999741416675366 -0.0035185078088066078 -0.0062033815143830474 0.0035744862456007827 0.9999520622033509 0.009119059908633657 0.006170620268526476 -0.009140945756861554 0.9999393600181206 0.319312333053432 -0.06078124471285662 -0.331654685170804
FixedParameters: 0 0 0
#Transform 110
Transform: MatrixOffsetTransformBase_double_3_3
Parameters: 0.9999840023605067 -0.0030295204260363663 -0.004776624793832135 0.003068483245111264 0.9999624719494384 0.008069470247549384 0.004752373092387402 -0.00808352488032993 0.9999560675749056 0.34268982505076906 -0.009269696680988204 -0.3692310338244553
FixedParameters: 0 0 0
#Transform 111
Transform: MatrixOffsetTransformBase_double_3_3
Parameters: 0.9999814042413749 -0.0032298613862898357 -0.005211618002270865 0.0032741414714275987 0.9999583166425248 0.008483096696908428 0.0051843877561917355 -0.008499905432895527 0.9999508724813162 0.32614152325247403 -0.013539617701127327 -0.30032191581853596
FixedParameters: 0 0 0
#Transform 112
Transform: MatrixOffsetTransformBase_double_3_3
Parameters: 0.999984381819895 -0.002486701800403355 -0.00494355758778999 0.0025322885178261575 0.9999525838783162 0.009380621075641556 0.004919442889551829 -0.009393372985249053 0.9999435612279618 0.32207407534257015 -0.013633028558757587 -0.2876827009444014
FixedParameters: 0 0 0
#Transform 113
Transform: MatrixOffsetTransformBase_double_3_3
Parameters: 0.9999740326184248 -0.0034765557134151105 -0.006315470904744698 0.0035414378436623892 0.999939688443235 0.01038090407755636 0.0062785369614654415 -0.01040309818432508 0.9999263481857733 0.31751025946181244 -0.029629451336646184 -0.2794830381279141
FixedParameters: 0 0 0
#Transform 114
Transform: MatrixOffsetTransformBase_double_3_3
Parameters: 0.9999701168097641 -0.003505465934856152 -0.006826203563068161 0.0035765247085533286 0.9999380591639548 0.01049488601920877 0.0067887899161406424 -0.01051909873109806 0.9999212543635472 0.3114149847236547 0.011007752795734405 -0.28532879105537035
FixedParameters: 0 0 0
#Transform 115
Transform: MatrixOffsetTransformBase_double_3_3
