#Insight Transform File V1.0
#Transform 0
Transform: MatrixOffsetTransformBase_double_3_3
Parameters: 0.9999841882259635 -0.000837878221478564 -0.0054874056698012135 0.0008341243226457637 0.9999998019511088 -0.0007085881636787157 0.005487586948744848 0.0007044129879769028 0.9999843879819013 0.155678131443878 0.13973709529061296 -0.5255356203302739
FixedParameters: 0 0 0
#Transform 1
Transform: MatrixOffsetTransformBase_double_3_3
Parameters: 0.9999961395931113 -0.0011740144638485695 -0.0025459931133255454 0.001173986457844661 0.999999621690597 -0.000006988988975401822 0.0025460060273273474 0.000004010968559781402 0.9999965178421639 0.1504268411269436 0.09572947881967764 -0.6267881595443541
FixedParameters: 0 0 0
#Transform 2
Transform: MatrixOffsetTransformBase_double_3_3
Parameters: 0.9999954814786751 -0.0012155101808662917 -0.002653224710155407 0.0012154893278569611 0.999999488516468 0.0001827759427810297 0.00265377618840216 -0.00018622661532499408 0.9999969248813211 0.13310104455750604 0.11233291656651545 -0.6462040536007905
FixedParameters: 0 0 0
#Transform 3
Transform: MatrixOffsetTransformBase_double_3_3
Parameters: 0.999990929313884 -0.0013646110170725762 -0.004026148795988177 0.0013673899919059312 0.9999984250670396 0.0008395016404773512 0.004024848440002007 -0.0008444993585808492 0.9999910863117615 0.14978191999394141 0.0870019691349313 -0.5943121910984885
FixedParameters: 0 0 0
#Transform 4
Transform: MatrixOffsetTransformBase_double_3_3
Parameters: 0.9999873572408928 -0.0011700704407948067 -0.00492665158020346 0.0011769323043857066 0.9999986432231541 0.0014042199502049004 0.004925349325711755 -0.0014097813593047753 0.9999867546906652 0.17200001072876603 0.12110474558551232 -0.5726264543678141
FixedParameters: 0 0 0
#Transform 5
Transform: MatrixOffsetTransformBase_double_3_3
Parameters: 0.9999885450835017 -0.0010355169543013675 -0.004624357795513551 0.0010454824013568554 0.999996775760592 0.0022651899087862866 0.004621639096135288 -0.0022698104350300863 0.99998648613873 0.17067030657109683 0.07389432607590152 -0.5776733864938493
FixedParameters: 0 0 0
#Transform 6
Transform: MatrixOffsetTransformBase_double_3_3
Parameters: 0.9999887175781296 -0.0009269881757318093 -0.004735579396504887 0.0009350145715784193 0.9999982686562767 0.0016905926840954301 0.004733427937669667 -0.0016944083903502724 0.9999877197702786 0.16854403765555048 0.12310542985035511 -0.6128238244036055
FixedParameters: 0 0 0
#Transform 7
Transform: MatrixOffsetTransformBase_double_3_3
Parameters: 0.9999952510958259 -0.0009242267820686461 -0.002809572822697492 0.0009287745981707084 0.9999982532859127 0.0016983975217552832 0.002808423638429769 -0.0017006026143501648 0.999994221192482 0.14035541388896888 0.059242106476787626 -0.6730785812725131
FixedParameters: 0 0 0
#Transform 8
Transform: MatrixOffsetTransformBase_double_3_3
Parameters: 0.9999973841924504 -0.0008795092206124775 -0.0019601194917201045 0.000882490275923105 0.9999986083951673 0.0012702732422478463 0.0019588799870067417 -0.001271725885911921 0.9999975449114132 0.13187876164704448 0.08727756630239014 -0.7045271336184555
FixedParameters: 0 0 0
#Transform 9
Transform: MatrixOffsetTransformBase_double_3_3
Parameters: 0.9999971487437207 -0.0005130712258996311 -0.002141944462008906 0.0005169305470564122 0.9999983675414545 0.001834897594095239 0.002141054406203373 -0.0018351033450502846 0.9999960467369616 0.12720469652133204 -0.027008607475536905 -0.6731310017229077
FixedParameters: 0 0 0
#Transform 10
Transform: MatrixOffsetTransformBase_double_3_3
Parameters: 0.9999939125265789 -0.0004224278885576735 -0.0034508113298350384 0.0004295708935962323 0.9999981913898002 0.0019035297632527682 0.003450188690657342 -0.0019054695988063824 0.9999924668691663 0.15035106811934895 0.048969129362333774 -0.6979960064224784
FixedParameters: 0 0 0
#Transform 11
Transform: MatrixOffsetTransformBase_double_3_3
Parameters: 0.9999973278237124 -0.000753471855740956 -0.0020260644795400996 0.000758528393108385 0.9999959755368818 0.00272947012454432 0.0020239367058062833 -0.0027305319344114874 0.999994446436073 0.1534807995723071 -0.015267713991121923 -0.7543408676204635
FixedParameters: 0 0 0
#Transform 12
Transform: MatrixOffsetTransformBase_double_3_3
Parameters: 0.999996932015415 -0.0010408795242515096 -0.0024466135438556626 0.001047119236413307 0.9999966450312234 0.0025014474484290803 0.0024433872637037806 -0.0025045526245001874 0.999993756924297 0.16910857367874144 -0.01020691071259705 -0.7309113764269739
FixedParameters: 0 0 0
#Transform 13
Transform: MatrixOffsetTransformBase_double_3_3
Parameters: 0.9999968265572642 -0.000764218515771915 -0.0025670304230880443 0.0007707824482927333 0.9999964254639268 0.0026420319861706547 0.0025649734013579164 -0.00264397081280137 0.9999934301384072 0.156678038608149 -0.01001654777836336 -0.7513071432689884
FixedParameters: 0 0 0
#Transform 14
Transform: MatrixOffsetTransformBase_double_3_3
Parameters: 0.999997717243431 -0.0009889228350084397 -0.0018177708027454925 0.0009940752845343588 0.999995207671662 0.0027931991179955735 0.0018152292949793383 -0.0027958012467561495 0.9999948910636912 0.13438702880908693 0.04137860925366965 -0.7203190845076577
FixedParameters: 0 0 0
#Transform 15
Transform: MatrixOffsetTransformBase_double_3_3
Parameters: 0.9999981639644453 -0.0009889140011406586 -0.001363167844045475 0.0009960850652600492 0.9999858914852207 0.005207646732282143 0.0013578298921672204 -0.005208347343609908 0.9999850255760514 0.1703776121770204 -0.07297325707060054 -0.7185326509478855
FixedParameters: 0 0 0
#Transform 16
Transform: MatrixOffsetTransformBase_double_3_3
Parameters: 0.999995729875909 -0.0011461237965218012 -0.0028205050938136774 0.0011618801848162445 0.9999839090604348 0.005633752439582389 0.0028144982109829042 -0.005637255303982557 0.9999803023999339 0.1640556262238988 -0.009408216001361325 -0.6624649398637601
FixedParameters: 0 0 0
#Transform 17
Transform: MatrixOffsetTransformBase_double_3_3
Parameters: 0.9999921920668156 -0.0009995073773227368 -0.0038485870194380077 0.0010164909339431278 0.9999892994233474 0.004546125751489679 0.003843418168814439 -0.004549879357394908 0.9999825236349081 0.16958352612033423 0.05639562464438086 -0.6872704787336019
FixedParameters: 0 0 0
#Transform 18
Transform: MatrixOffsetTransformBase_double_3_3
Parameters: 0.9999934744932577 -0.000686941422707135 -0.003471641368604603 0.0007100621214743856 0.9999773355205888 0.006645573617227006 0.0034673560666132587 -0.006647420582930275 0.9999717858344851 0.16922734298961473 -0.030006045905992096 -0.600707840128841
FixedParameters: 0 0 0
#Transform 19
Transform: MatrixOffsetTransformBase_double_3_3
Parameters: 0.9999977488142148 0.00011387237082061404 -0.002058377772023614 -0.00010212363106134281 0.9999837297143426 0.005767226019113333 0.0020596234446342465 -0.005766781274895317 0.9999815018562506 0.16488186514743575 0.035747959424739406 -0.7703941628571513
FixedParameters: 0 0 0
#Transform 20
Transform: MatrixOffsetTransformBase_double_3_3
Parameters: 0.9999991317822176 -0.0005900254804377048 -0.0012328482406839159 0.0005979744937638894 0.9999786822118056 0.006477269492644081 0.0012291522920672973 -0.0064787319368880695 0.9999785196737786 0.1776737379869502 -0.049460269370314336 -0.7069093642521338
FixedParameters: 0 0 0
#Transform 21
Transform: MatrixOffsetTransformBase_double_3_3
Parameters: 0.9999977418638094 -0.0008856889475637679 -0.0018634180615453766 0.0008973152090902031 0.999981250599318 0.00607834035879254 0.0018585790805749017 -0.006079658558512084 0.999979582027673 0.19636129546016434 -0.020072159401550493 -0.7813329174882853
FixedParameters: 0 0 0
#Transform 22
Transform: MatrixOffsetTransformBase_double_3_3
Parameters: 0.9999965734594032 -0.0009678591212570327 -0.0023429973059790896 0.0009871398797519216 0.9999660817722723 0.008181711983236454 0.002334999253092363 -0.008184284809234969 0.9999635662782513 0.1795348343027996 -0.11808872749863042 -0.6631073756458363
FixedParameters: 0 0 0
#Transform 23
Transform: MatrixOffsetTransformBase_double_3_3
Parameters: 0.9999971722199047 -0.000004768255970474776 -0.0024141457211655343 0.000027230283699160503 0.999957192205306 0.009208954452064157 0.002413851033352765 -0.009209031700015077 0.9999543649371022 0.19680208155898526 -0.1108782576466183 -0.7139099975248797
FixedParameters: 0 0 0
#Transform 24
Transform: MatrixOffsetTransformBase_double_3_3
Parameters: 0.9999953617633451 -0.0002975910844531647 -0.002923917906551332 0.00032540969785620655 0.999955944608862 0.009378086430907763 0.0029210749572474736 -0.009378907192418086 0.9999515004415135 0.18504004205183833 -0.07339631888633846 -0.7298835675897166
FixedParameters: 0 0 0
#Transform 25
Transform: MatrixOffsetTransformBase_double_3_3
Parameters: 0.9999970706133078 -0.00032788883356534823 -0.0024126938940852386 0.0003541151386868922 0.9999415802857341 0.010830185664216873 0.0024093072414869054 -0.010830830021711242 0.9999388834696652 0.1801956189820828 -0.15793379722786938 -0.7399133595693073
FixedParameters: 0 0 0
#Transform 26
Transform: MatrixOffsetTransformBase_double_3_3
Parameters: 0.9999951315525648 -0.0003160396417123691 -0.0029613507040649684 0.0003459563906510352 0.9999484225682735 0.010122021375852136 0.002957649442309744 -0.010122980613529533 0.9999447732475009 0.19276351737391906 -0.08302598296874919 -0.8159770142462293
FixedParameters: 0 0 0
#Transform 27
Transform: MatrixOffsetTransformBase_double_3_3
Parameters: 0.9999984418248843 0.00007641943769444868 -0.0015972250816445376 -0.00005757151990429939 0.9999340730664492 0.011529115907553615 0.001598769968446996 -0.011528901775442389 0.9999325238686444 0.19023916150288755 -0.21120362209754262 -0.8106663174437685
FixedParameters: 0 0 0
#Transform 28
Transform: MatrixOffsetTransformBase_double_3_3
Parameters: 0.9999968944166948 -0.0002537593285360724 -0.0024577376399608605 0.00027924426932298703 0.9999473400915535 0.010275348741629147 0.00245526062620401 -0.010275658096723669 0.999944376557648 0.19236750121392276 -0.13561246490711198 -0.8380686415205645
FixedParameters: 0 0 0
#Transform 29
Transform: MatrixOffsetTransformBase_double_3_3
Parameters: 0.9999963264860333 -0.00034437069006560734 -0.002748285105514843 0.0003766382189441541 0.9999296947319593 0.011881010332296946 0.0027447181719755563 -0.011881990645445161 0.999925281151292 0.20744781303150717 -0.23638499947425373 -0.7710218759433687
FixedParameters: 0 0 0
#Transform 30
Transform: MatrixOffsetTransformBase_double_3_3
Parameters: 0.9999971069218426 0.0005385966442732358 -0.0023670324827459927 -0.0005074032642417317 0.999911069317141 0.013329245597803161 0.0023739747358687796 -0.013327765939137579 0.9999087233220856 0.19232085810077137 -0.18364732411900775 -1.0529346242278592
FixedParameters: 0 0 0
#Transform 31
Transform: MatrixOffsetTransformBase_double_3_3
Parameters: 0.9999986162826571 0.0008153133283279831 -0.0013113925222342508 -0.0007976918481622373 0.9999134589140188 0.013149060674703488 0.0013216020154333914 -0.013147937066011738 0.9999123761423159 0.16314262285457914 -0.22897478268994576 -0.9320314449160207
FixedParameters: 0 0 0
#Transform 32
Transform: MatrixOffsetTransformBase_double_3_3
Parameters: 0.9999993969459705 0.00047193012958391447 -0.001174725451392356 -0.000456067280598076 0.999908891151407 0.013523550717164844 0.0011812758226900112 -0.013523457484117906 0.9999077187078168 0.21332900939408717 -0.20664077830383576 -1.0277536074215945
FixedParameters: 0 0 0
#Transform 33
Transform: MatrixOffsetTransformBase_double_3_3
Parameters: 0.9999977339903791 0.0002877734252585032 -0.002045538553691982 -0.00026223401722770193 0.999920447683783 0.01258855558594722 0.0020484625555202015 -0.012588429682040736 0.9999183329323537 0.21540514773612074 -0.24750117581190523 -0.8747539590024758
FixedParameters: 0 0 0
#Transform 34
Transform: MatrixOffsetTransformBase_double_3_3
Parameters: 0.9999967764455664 0.0001307200696192528 -0.002491537709240399 -0.0000992885107220376 0.9999190161696645 0.012726285934050842 0.0024924649820603586 -0.012726712738967971 0.9999158190672852 0.22040899981151085 -0.1816742305006045 -0.998940684797212
FixedParameters: 0 0 0
#Transform 35
Transform: MatrixOffsetTransformBase_double_3_3
Parameters: 0.999996230313452 -0.00020349131341612688 -0.002779913396153084 0.00024050796121157227 0.9999133097065117 0.01313837553942412 0.002777079423317136 -0.013139609246917377 0.9999096385920196 0.2324007858788235 -0.2704820862095829 -0.9008981584413576
FixedParameters: 0 0 0
#Transform 36
Transform: MatrixOffsetTransformBase_double_3_3
Parameters: 0.9999953076976138 -0.000016470306032151945 -0.002948446435565072 0.00005352369310798275 0.9999189644710872 0.012728892666781861 0.002947555406212522 -0.012729099026631914 0.999914274618495 0.20035088241273513 -0.2277967588442067 -0.9253399151284114
FixedParameters: 0 0 0
#Transform 37
Transform: MatrixOffsetTransformBase_double_3_3
Parameters: 0.9999955398010758 -0.00025964841888414966 -0.0030644920176698272 0.00029835827402722466 0.9999211277640239 0.012521138341666667 0.003061504690430508 -0.012521847576486068 0.99991682325512 0.23113315170957094 -0.21985981235648921 -0.9332213011736243
FixedParameters: 0 0 0
#Transform 38
Transform: MatrixOffsetTransformBase_double_3_3
Parameters: 0.9999961207496832 0.00025904867998059023 -0.002610017268531094 -0.00022695212122289803 0.9999243453137686 0.012271634126333992 0.002612981457123433 -0.01227136488646185 0.9999215841660799 0.2097563789328376 -0.21285011802604004 -0.9213797439837563
FixedParameters: 0 0 0
#Transform 39
Transform: MatrixOffsetTransformBase_double_3_3
Parameters: 0.9999961610989472 0.0001619502025689648 -0.0026102121086064903 -0.00013005394218249997 0.9999252653820967 0.012235379682462164 0.0026117850397378967 -0.012235617235330986 0.9999214691151931 0.20291615878150537 -0.245038750421827 -0.8661024126036025
FixedParameters: 0 0 0
#Transform 40
Transform: MatrixOffsetTransformBase_double_3_3
Parameters: 0.999998786946466 0.00008864471575341563 -0.001484958209606696 -0.00006935591833024846 0.9999121250575503 0.01322311795002818 0.0014860476195176385 -0.013223883229965618 0.9999119244865668 0.18494306310988406 -0.22725254190586952 -0.8908969309221533
FixedParameters: 0 0 0
#Transform 41
Transform: MatrixOffsetTransformBase_double_3_3
Parameters: 0.9999972253032006 0.000021501593757998246 -0.0024029283986174844 0.000011502540846104543 0.9999080658784035 0.013525000300427997 0.002403063648521609 -0.013524976270445032 0.9999052912313707 0.21608796770830452 -0.23133255906630268 -0.9219271081102818
FixedParameters: 0 0 0
#Transform 42
Transform: MatrixOffsetTransformBase_double_3_3
Parameters: 0.999997586585708 0.00046451538666140806 -0.00204874296017364 -0.0004354813621817283 0.9999036751201076 0.013896932179954113 0.0020552504091948657 -0.013896085293560928 0.9999016667241752 0.21487020457969663 -0.24224957946124448 -0.9784518979076253
FixedParameters: 0 0 0
#Transform 43
Transform: MatrixOffsetTransformBase_double_3_3
Parameters: 0.9999963851622335 0.0002141622149865092 -0.002751360448239271 -0.0001768439457612895 0.9999087166389583 0.013499537250174692 0.0027536390445583145 -0.01349946096316401 0.9999051782464629 0.21877209670579134 -0.21715818843711077 -0.9489413082444855
FixedParameters: 0 0 0
#Transform 44
Transform: MatrixOffsetTransformBase_double_3_3
Parameters: 0.9999960867765931 0.00039229581114286725 -0.002599781426594913 -0.00035570065580135167 0.9999023454607034 0.01394697335431212 0.0026052139092704396 -0.013946026591717222 0.9998997120018304 0.2191822000869621 -0.23501442243114923 -0.9375409346910359
FixedParameters: 0 0 0
#Transform 45
Transform: MatrixOffsetTransformBase_double_3_3
Parameters: 0.999998496919957 0.00025776348361917123 -0.0018535998155922357 -0.00023223185177904303 0.9999031235064382 0.013885446898231672 0.0018574040103764206 -0.013885537662202666 0.9999017404808802 0.21204111751370647 -0.27417511164780706 -0.932996626677479
FixedParameters: 0 0 0
#Transform 46
Transform: MatrixOffsetTransformBase_double_3_3
Parameters: 0.9999985707654525 0.00014305879496832383 -0.0015520462052281939 -0.00011994303184805987 0.9998895520062095 0.014846194608157184 0.0015539510645900003 -0.014846786144648459 0.9998881573584089 0.20337469198953784 -0.2793077800889847 -0.9846347835786773
FixedParameters: 0 0 0
#Transform 47
Transform: MatrixOffsetTransformBase_double_3_3
Parameters: 0.9999971101069667 0.0007351698531646978 -0.0023128121580566737 -0.0006988281877959951 0.9998781107955037 0.015600657208501359 0.0023241839330429164 -0.015599332275852494 0.9998752491432623 0.20812695730968755 -0.32409337588610754 -0.8922103217226862
FixedParameters: 0 0 0
#Transform 48
Transform: MatrixOffsetTransformBase_double_3_3
Parameters: 0.9999967234677256 0.0012707900519380534 -0.0023797162724184502 -0.0012342210804864179 0.9998803646036533 0.015397982265299431 0.002398286934046069 -0.015394997439323651 0.9998782257893871 0.2060966906366417 -0.2731276511843532 -1.0368367164544807
FixedParameters: 0 0 0
#Transform 49
Transform: MatrixOffsetTransformBase_double_3_3
Parameters: 0.9999970997198612 0.0004764565557030056 -0.0023818128117204878 -0.0004385424322782797 0.9998762538506923 0.015701083199809757 0.002389180121499652 -0.015700900331889707 0.9998737722087774 0.24240591979931025 -0.31893952391845914 -0.9770788227717091
FixedParameters: 0 0 0
#Transform 50
Transform: MatrixOffsetTransformBase_double_3_3
Parameters: 0.9999959344427211 0.001052361667189384 -0.0024409916462320895 -0.001011637730974978 0.999863440957853 0.016477527171600215 0.002458001504714843 -0.01647547105575064 0.9998615055959358 0.22537403416821178 -0.34882824890563313 -1.0494685982563752
FixedParameters: 0 0 0
#Transform 51
Transform: MatrixOffsetTransformBase_double_3_3
Parameters: 0.9999944778730571 0.0008169558654553029 -0.003139422233336744 -0.0007670513962464428 0.999873197716608 0.015880484722843962 0.0031515770658629436 -0.01587850191222629 0.9998689302055833 0.21228863470857107 -0.3526297478852598 -1.0050380867610116
FixedParameters: 0 0 0
#Transform 52
Transform: MatrixOffsetTransformBase_double_3_3
Parameters: 0.9999958784544045 0.0003620760725085915 -0.0028264795087108367 -0.00031591575133670254 0.9998676818188339 0.016284971045178866 0.002832521091790695 -0.016284052524558595 0.9998637901282058 0.19805997965148947 -0.35548766256566466 -1.0424709097612919
FixedParameters: 0 0 0
#Transform 53
Transform: MatrixOffsetTransformBase_double_3_3
Parameters: 0.9999986192684026 0.0008419932381682561 -0.0012929403791883131 -0.0008200045764302871 0.9998560870513683 0.016918073373195137 0.0013070592686727812 -0.016916912618895216 0.9998560875393678 0.15208190413316913 -0.3982339853069021 -0.9689792133929558
FixedParameters: 0 0 0
#Transform 54
Transform: MatrixOffsetTransformBase_double_3_3
Parameters: 0.9999940113883713 0.002024179012544938 0.0026253879482532 -0.002077811548485847 0.9997847244343087 0.020661667494500425 -0.002582612964692999 -0.020667350261176293 0.9997831499263985 0.1054049275500688 -0.4780567211810762 -0.9617638209303792
FixedParameters: 0 0 0
#Transform 55
Transform: MatrixOffsetTransformBase_double_3_3
Parameters: 0.9999983949973055 0.000962194000640551 -0.001295810540684503 -0.0009398013238866691 0.9998543769519088 0.01702123961604237 0.0013121858573855614 -0.017019759231521412 0.9998545808788427 0.16176936374280615 -0.33154747092979164 -1.163768429693171
FixedParameters: 0 0 0
#Transform 56
Transform: MatrixOffsetTransformBase_double_3_3
Parameters: 0.9999931151296756 0.001398396323784215 -0.003453927061247831 -0.0013396003337024162 0.9998571820403671 0.016852745799754754 0.003477065770215445 -0.01684725656481351 0.9998520457664865 0.18646748419646997 -0.41045478586548256 -1.1498456405317583
FixedParameters: 0 0 0
#Transform 57
Transform: MatrixOffsetTransformBase_double_3_3
Parameters: 0.9999968397678649 0.001536205456356739 -0.0021910579248297186 -0.00149979787466624 0.9998637649149617 0.01643033657445904 0.0022159398385679166 -0.01642764628270359 0.9998622136551027 0.15729511473229252 -0.37578440843049066 -1.0995782625697217
FixedParameters: 0 0 0
#Transform 58
Transform: MatrixOffsetTransformBase_double_3_3
Parameters: 0.9999985079027972 0.0011732279904003735 -0.0014542252822589508 -0.00114675920818153 0.9998390036165831 0.017906691806967908 0.0014757704451811508 -0.01790529274316777 0.9998382029226974 0.18095336947591534 -0.39078987362208295 -1.170598127156019
FixedParameters: 0 0 0
#Transform 59
Transform: MatrixOffsetTransformBase_double_3_3
Parameters: 0.9999933893723176 0.0013635775981085077 -0.0032786423221801133 -0.001306413981539667 0.9998460130710697 0.017500402187606307 0.0033023656445662596 -0.01749561586072138 0.9998419671663217 0.17243131684236346 -0.41725807681045524 -1.159775005785015
FixedParameters: 0 0 0
#Transform 60
Transform: MatrixOffsetTransformBase_double_3_3
Parameters: 0.9999972155265391 0.0011832680283122312 -0.00209391548712567 -0.0011467292734307938 0.9998505060169696 0.017238450513420052 0.002114080714715895 -0.017235547827191142 0.9998494361958854 0.1371442626895174 -0.37172929693963397 -1.1592653748569788
FixedParameters: 0 0 0
#Transform 61
Transform: MatrixOffsetTransformBase_double_3_3
Parameters: 0.9999953074857632 0.0011999910717390564 -0.0028724335149186734 -0.0011470016718555034 0.999830879185033 0.01837839128955643 0.0028945680224015053 -0.01837562313699532 0.9998269411058122 0.1602490782177597 -0.4626570656187141 -1.0994656110027776
FixedParameters: 0 0 0
#Transform 62
Transform: MatrixOffsetTransformBase_double_3_3
Parameters: 0.9999953360425645 0.0011460051928335545 -0.002711404215605234 -0.0010960004470947982 0.999830201973451 0.01837305362175032 0.0027315967384616193 -0.018369951482386897 0.9998280515218924 0.15808355493395254 -0.3602105944650589 -1.124171876268143
FixedParameters: 0 0 0
#Transform 63
Transform: MatrixOffsetTransformBase_double_3_3
Parameters: 0.9999957343699564 0.0009474397896744744 -0.0027146057702475967 -0.0008935703487309211 0.999799711858438 0.019986496828398266 0.002732401997675326 -0.01998348233652788 0.9997961410509605 0.15591103243961868 -0.47518044911583956 -1.0735593414713804
FixedParameters: 0 0 0
#Transform 64
Transform: MatrixOffsetTransformBase_double_3_3
Parameters: 0.9999939583287166 0.00121082062099215 -0.0032519468822807176 -0.0011471789732512483 0.9998082129704028 0.019555859695494723 0.003275059771260826 -0.019552163600419014 0.9998039516550097 0.19803966282516683 -0.4224209334328748 -1.1155217667163342
FixedParameters: 0 0 0
#Transform 65
Transform: MatrixOffsetTransformBase_double_3_3
Parameters: 0.9999940459221955 0.0005419645379854425 -0.0032650239676829053 -0.0004780360949023944 0.999808147776731 0.01955966657674373 0.0032749761162471605 -0.019558330847473288 0.9998037139501527 0.19116791860899696 -0.41436822459446887 -1.082149783989692
FixedParameters: 0 0 0
#Transform 66
Transform: MatrixOffsetTransformBase_double_3_3
Parameters: 0.9999949801816712 0.0004992948251959517 -0.0032817306801085997 -0.00043369903840278584 0.9998030642034406 0.019867548089263058 0.0032912679511462755 -0.019865481483654638 0.9997974796703917 0.19102783786313182 -0.44943158921256554 -1.0593994912655376
FixedParameters: 0 0 0
#Transform 67
Transform: MatrixOffsetTransformBase_double_3_3
Parameters: 0.9999965581659352 0.0007293377142850299 -0.002430854466395644 -0.0006846570677686756 0.9998265282802737 0.018600720628189002 0.002444156425892843 -0.01859827370220125 0.999824086228284 0.1956962504686004 -0.35286611598830575 -1.1664618881794269
FixedParameters: 0 0 0
#Transform 68
Transform: MatrixOffsetTransformBase_double_3_3
Parameters: 0.9999914503247581 0.001031830998585755 -0.003935135261463073 -0.0009571704499334549 0.9998191540917925 0.01897092108078125 0.003953868164848602 -0.0189670747273447 0.9998125826644635 0.22184304402800592 -0.4437928177952699 -1.1666372872015174
FixedParameters: 0 0 0
#Transform 69
Transform: MatrixOffsetTransformBase_double_3_3
Parameters: 0.9999968876851761 0.0007351773697663204 -0.0025638750801530363 -0.0006848404549410222 0.9998012869530285 0.019904811400010367 0.0025771417778900634 -0.019903160892540718 0.9997981829520258 0.16791099736157378 -0.4741144853105368 -1.1504478395039541
FixedParameters: 0 0 0
#Transform 70
Transform: MatrixOffsetTransformBase_double_3_3
Parameters: 0.9999937141709412 0.001106534468370049 -0.003325906260345369 -0.001040460581286346 0.9998060602303478 0.019642562865876814 0.003347078541621418 -0.019638398704346156 0.9998010794296938 0.17148266383557598 -0.43322374636777283 -1.0504487634105786
FixedParameters: 0 0 0
#Transform 71
Transform: MatrixOffsetTransformBase_double_3_3
Parameters: 0.9999940872592449 0.001965413694570953 -0.0028377396435875697 -0.0019146017617165429 0.9998424411189125 0.017659542718607913 0.002871254493385334 -0.017654466346123877 0.9998400562172155 0.17376610281587546 -0.34071115257472684 -1.1315350375871205
FixedParameters: 0 0 0
#Transform 72
Transform: MatrixOffsetTransformBase_double_3_3
Parameters: 0.9999930117242094 0.0017276581118444137 -0.003317103905701183 -0.0016673412874332722 0.9998328315302637 0.018203652951472766 0.0033478999242313938 -0.01819733813520952 0.9998286067634256 0.17571678195611184 -0.36628790224753516 -1.1024949912929785
FixedParameters: 0 0 0
#Transform 73
Transform: MatrixOffsetTransformBase_double_3_3
Parameters: 0.9999931792296194 0.0012585052277687746 -0.0033524850475368526 -0.0011935038951550226 0.9998158962453121 0.019174123909591584 0.0033754993498405065 -0.019169874591381905 0.9998100819237618 0.17110788441293323 -0.4162046938345725 -1.0884938857548647
FixedParameters: 0 0 0
#Transform 74
Transform: MatrixOffsetTransformBase_double_3_3
Parameters: 0.999994329460298 0.0014435250659200264 -0.0030962711510725705 -0.001387481406697393 0.9998335101414848 0.018180396264648332 0.0031217389390838916 -0.018176593915243837 0.9998298472340587 0.19943543888280146 -0.36244896361120027 -1.1359307493255955
FixedParameters: 0 0 0
#Transform 75
Transform: MatrixOffsetTransformBase_double_3_3
Parameters: 0.9999951956570835 0.0013050066998508269 -0.002846551353303738 -0.0012480067040529677 0.9998009254172174 0.01993666326423808 0.0028714507409991863 -0.01993336347376046 0.9997973803275557 0.20979923418298085 -0.4819928209912945 -1.0768356510982429
FixedParameters: 0 0 0
#Transform 76
Transform: MatrixOffsetTransformBase_double_3_3
Parameters: 0.9999947701151591 0.0014642879491702037 -0.002843713276704465 -0.0014087254019559173 0.9998050439823297 0.019696106614564144 0.00287129990433538 -0.019691896171078353 0.9998019415917089 0.2037290802056333 -0.4010697240922525 -1.133842091415005
FixedParameters: 0 0 0
#Transform 77
Transform: MatrixOffsetTransformBase_double_3_3
Parameters: 0.9999963921600503 0.0015028800035421547 -0.0023125797116164398 -0.0014551120450753531 0.9997877857967714 0.020568446790045287 0.002343421891894172 -0.020564559832623983 0.9997855532979552 0.15430839837901544 -0.4800719337526118 -1.0816199629945515
FixedParameters: 0 0 0
#Transform 78
Transform: MatrixOffsetTransformBase_double_3_3
Parameters: 0.999996101178951 0.0014946014436076466 -0.0021601272201531513 -0.001454399065402583 0.9998328839441546 0.018220197410731706 0.0021868581216826118 -0.018216787226598374 0.9998313337924578 0.1689665636305051 -0.34867774198569634 -1.147070543498458
FixedParameters: 0 0 0
#Transform 79
Transform: MatrixOffsetTransformBase_double_3_3
Parameters: 0.9999966402201196 0.0014958875791850439 -0.0020305034396154984 -0.0014551221963897036 0.9997992019122677 0.019991022186028547 0.0020594985461811987 -0.01998798676696932 0.999798196789248 0.17365332866766892 -0.47191613665641796 -1.1253535336466811
FixedParameters: 0 0 0
#Transform 80
Transform: MatrixOffsetTransformBase_double_3_3
Parameters: 0.99998684272212 0.004639452479880508 0.002151508981743881 -0.00468355561963264 0.9997746462521989 0.02069720018558621 -0.002055482174510334 -0.020706813333711882 0.9997839531182567 0.09365623645319943 -0.477885623991412 -1.1873696519579013
FixedParameters: 0 0 0
#Transform 81
Transform: MatrixOffsetTransformBase_double_3_3
Parameters: 0.9999897650878569 0.004005214236826542 0.002047815808428616 -0.004045793624966698 0.999785785523419 0.020317917973220762 -0.001966189617261873 -0.02032507809948102 0.999790963454161 0.08780404761346006 -0.43885710161389113 -1.0657879906019687
FixedParameters: 0 0 0
#Transform 82
Transform: MatrixOffsetTransformBase_double_3_3
Parameters: 0.9999933995208315 0.003529577252923987 -0.0003804248418752269 -0.003520428635293767 0.9997818051547699 0.0205854675505983 0.00045256145830459884 -0.02058353092831163 0.9997880586574666 0.1776717249442612 -0.41151649793293643 -1.1502362219525182
FixedParameters: 0 0 0
#Transform 83
Transform: MatrixOffsetTransformBase_double_3_3
Parameters: 0.9999910100076705 0.003937823060810636 0.0015768560742062073 -0.003969177263667265 0.9997722896826222 0.02094992808586409 -0.0014941617688591854 -0.02095607070744418 0.999779563588125 0.07909056776435364 -0.44597976094573255 -1.0051663608826118
FixedParameters: 0 0 0
#Transform 84
Transform: MatrixOffsetTransformBase_double_3_3
Parameters: 0.9999866470205255 0.004626626176009855 0.002224734020391258 -0.004670373555631203 0.9997811619887311 0.020370869849487227 -0.002130277468187226 -0.02038111632854306 0.9997900308835862 0.03547143309809542 -0.43021549996987574 -1.2226994321320248
FixedParameters: 0 0 0
#Transform 85
Transform: MatrixOffsetTransformBase_double_3_3
Parameters: 0.9999781007552739 0.0027716865042040372 0.006017887662503414 -0.0028923176689858656 0.9997945062199379 0.020077046652622187 -0.005961110592835433 -0.02009397498525675 0.9997806492292326 0.09139167683066773 -0.522095885585685 -1.752095467649653
FixedParameters: 0 0 0
#Transform 86
Transform: MatrixOffsetTransformBase_double_3_3
Parameters: 0.9999932347089269 0.0033841016551234547 0.0015210017850848072 -0.0034128967895706275 0.9998053340754325 0.019415942657355047 -0.0014550013561836495 -0.019421057585967377 0.9998106706410715 0.05174103711114242 -0.6915329973269593 -1.7069281908690854
FixedParameters: 0 0 0
#Transform 87
Transform: MatrixOffsetTransformBase_double_3_3
Parameters: 0.9999785552689385 0.005912251216249407 0.0027369570812668235 -0.005964752729022235 0.9997889134508865 0.019684111396889012 -0.002620049882929832 -0.01969992738956926 0.9998030078952953 -0.044316563209207516 -0.5971813881293571 -1.2511369638634235
FixedParameters: 0 0 0
#Transform 88
Transform: MatrixOffsetTransformBase_double_3_3
Parameters: 0.9999733756714743 0.005493738147615095 0.00473739474564552 -0.005592252165166473 0.9997643431140064 0.020984054368129078 -0.004620593418201525 -0.02100993210782647 0.9997681760128877 -0.0465160064528618 -0.531809485499636 -1.2461787617037885
FixedParameters: 0 0 0
#Transform 89
Transform: MatrixOffsetTransformBase_double_3_3
Parameters: 0.9999739890146401 0.005682072344386263 0.004441516328172932 -0.0057749121497091644 0.9997582808563025 0.021196903888259448 -0.0043194887522334064 -0.021222097555518012 0.9997659094429864 -0.01908023660863023 -0.5001635067980459 -1.2643585925527958
FixedParameters: 0 0 0
#Transform 90
Transform: MatrixOffsetTransformBase_double_3_3
Parameters: 0.9999713324548793 0.00628500735821984 0.0042621873569485425 -0.006371990318626648 0.9997652841345233 0.0207134491135452 -0.00413081371373454 -0.020740570684756637 0.9997767261592063 0.01058005421720054 -0.4741791936250479 -1.294661822493424
FixedParameters: 0 0 0
#Transform 91
Transform: MatrixOffsetTransformBase_double_3_3
Parameters: 0.9999765498124513 0.005428307075018346 0.0042404117061218315 -0.005521684406451391 0.9997392675933087 0.02216212317489698 -0.004118573716002192 -0.02218589481284585 0.9997457766914973 0.00046662712541944984 -0.46901385008911234 -1.3461701092798108
FixedParameters: 0 0 0
#Transform 92
Transform: MatrixOffsetTransformBase_double_3_3
Parameters: 0.9999827738102975 0.005272038392947486 0.002726226420782949 -0.005331961768449316 0.9997332864975741 0.022476854997165868 -0.0026067738708483736 -0.022491134387668393 0.9997432903193273 0.030843575780323818 -0.5170373446312908 -1.2829700884416795
FixedParameters: 0 0 0
#Transform 93
Transform: MatrixOffsetTransformBase_double_3_3
Parameters: 0.9999854277680887 0.00502657579180008 0.0018188334087447233 -0.005067427072632941 0.999710287891333 0.023536130682838476 -0.001700180879994183 -0.023544893702518707 0.9997216675155152 0.007113429945263761 -0.539516466404848 -1.3653488869939352
FixedParameters: 0 0 0
#Transform 94
Transform: MatrixOffsetTransformBase_double_3_3
Parameters: 0.9999762982623729 0.0062925023428566824 0.0026664545183517642 -0.00634847716724977 0.9997431833160043 0.021735574962724807 -0.002528553164219557 -0.021752414223216294 0.9997603892682886 -0.003919503815851044 -0.5018827668968555 -1.465549096510287
FixedParameters: 0 0 0
#Transform 95
Transform: MatrixOffsetTransformBase_double_3_3
Parameters: 0.9999811800652569 0.005479621023450519 0.0026060141118125334 -0.005536379349411631 0.9997399702924288 0.022142999762406246 -0.002483977417693044 -0.02215703915732254 0.9997518344902737 -0.00857777057093756 -0.6469037718054409 -1.3922925581392676
FixedParameters: 0 0 0
#Transform 96
Transform: MatrixOffsetTransformBase_double_3_3
Parameters: 0.9999814501491663 0.005660633815977493 0.0023463982754698956 -0.00571135613495397 0.9997403329367561 0.0220450104145052 -0.002220595902646935 -0.022057981750033578 0.9997544526904198 -0.009006536646182894 -0.6443388431551114 -1.4637046266433984
FixedParameters: 0 0 0
#Transform 97
Transform: MatrixOffsetTransformBase_double_3_3
Parameters: 0.9999843093709121 0.005344892670889725 0.0014563777643656218 -0.005376114849932316 0.9997373767459351 0.022263506865163787 -0.0013376217616680312 -0.022270486078149705 0.9997511636440057 0.015201806069072177 -0.6367530576473541 -1.4525186813303819
FixedParameters: 0 0 0
#Transform 98
Transform: MatrixOffsetTransformBase_double_3_3
Parameters: 0.9999868954419688 0.004979024910951987 0.0011464420945003616 -0.005003961314257456 0.9997244767001775 0.022921547356183333 -0.0010315554800223326 -0.022927420329015957 0.9997362090918523 -0.003568877618334909 -0.6450840791644765 -1.4212259698298126
FixedParameters: 0 0 0
#Transform 99
Transform: MatrixOffsetTransformBase_double_3_3
Parameters: 0.9999856853518847 0.005227056925357064 0.0009933542297494687 -0.005248957654340514 0.9997355539630218 0.022401099411142458 -0.0008766186531491778 -0.022406895705285444 0.9997481199549958 0.03061821122020092 -0.5776196037890031 -1.5073778196349537
FixedParameters: 0 0 0
#Transform 100
Transform: MatrixOffsetTransformBase_double_3_3
Parameters: 0.9999868614016443 0.005075872399942132 0.0011717458303069613 -0.005101136393707683 0.9997326683823272 0.02254432857463986 -0.001057254182519524 -0.02254967236491697 0.9997453224277192 0.01106913175753732 -0.5928264708582844 -1.4372697229940314
FixedParameters: 0 0 0
#Transform 101
Transform: MatrixOffsetTransformBase_double_3_3
Parameters: 0.9999870107006754 0.005044693177550603 0.0012408390270628488 -0.005072297329924237 0.9997209542744999 0.023092018908682187 -0.001123154285520461 -0.02309797885600147 0.9997321489427347 0.031494974063988934 -0.6049560771015905 -1.3996314222663102
FixedParameters: 0 0 0
#Transform 102
Transform: MatrixOffsetTransformBase_double_3_3
Parameters: 0.9999872270675635 0.004694170390619978 -0.0016537502586052503 -0.0046558422020360766 0.9997258250098616 0.02294399061805776 0.001760269001111493 -0.022936027912767457 0.9997357694089755 0.12220899008065089 -0.5874191816827476 -1.39419529551148
FixedParameters: 0 0 0
#Transform 103
Transform: MatrixOffsetTransformBase_double_3_3
Parameters: 0.9999854695603064 0.0051924950494844635 0.0016014949718315564 -0.005227523215809655 0.9997369057532688 0.022353964659608688 -0.0014854935271447149 -0.0223620500428386 0.9997486707954238 0.029080049818048792 -0.5683236939746621 -1.4008578521902564
FixedParameters: 0 0 0
#Transform 104
Transform: MatrixOffsetTransformBase_double_3_3
Parameters: 0.9999845055070599 0.005470266290090663 0.0012511327116490984 -0.005498756469757255 0.9997121004750205 0.023357498366535268 -0.0011238485817856585 -0.02336452589638633 0.9997267742711498 0.02185261832077856 -0.5966008800861289 -1.4296449473226929
FixedParameters: 0 0 0
#Transform 105
Transform: MatrixOffsetTransformBase_double_3_3
Parameters: 0.9999792315087338 0.006052857220883089 0.0022649493906807534 -0.006102148947402908 0.999731730446193 0.02235966352503549 -0.0021290475579355105 -0.022373371677416563 0.9997478440177467 -0.02200555422714956 -0.553901173104876 -1.4893507016017153
FixedParameters: 0 0 0
#Transform 106
Transform: MatrixOffsetTransformBase_double_3_3
Parameters: 0.9999773058065922 0.005643224762787357 0.0037218366312921237 -0.005727754956016596 0.9997150481046493 0.02317420080571681 -0.0035891618533103044 -0.023195773516884722 0.9997240130458102 -0.020623031553299143 -0.6347169483906185 -1.4321215336914292
FixedParameters: 0 0 0
#Transform 107
Transform: MatrixOffsetTransformBase_double_3_3
Parameters: 0.9999703898750073 0.006194199514178407 0.004608888023005042 -0.006297802293632459 0.9997187314288974 0.022858654175105443 -0.004466116848086444 -0.022887344905108204 0.9997281577182126 -0.015105565194673432 -0.61351255517026 -1.4768102832132897
FixedParameters: 0 0 0
#Transform 108
Transform: MatrixOffsetTransformBase_double_3_3
Parameters: 0.999978781556073 0.005843514699031556 0.003012722687481992 -0.005911475043797626 0.9997124594733752 0.02324870207295165 -0.0028752909117543734 -0.023266313872885025 0.9997253410735664 -0.011533616420393855 -0.6919458162309269 -1.4433674572001465
FixedParameters: 0 0 0
#Transform 109
Transform: MatrixOffsetTransformBase_double_3_3
Parameters: 0.999972023871231 0.006547199130227366 0.003620776783136741 -0.006620798605617267 0.9997621380587813 0.020759598283752675 -0.0034842244172057332 -0.02078338330524462 0.9997778705941694 -0.05856051306712118 -0.5444495680707604 -1.2753699830474758
FixedParameters: 0 0 0
#Transform 110
Transform: MatrixOffsetTransformBase_double_3_3
Parameters: 0.9999732554667166 0.006239606190754683 0.0038484065880344236 -0.0063173899590383475 0.9997713240379802 0.020438234800534447 -0.0037195857015646376 -0.020461756064620227 0.9997834279090243 -0.015112309326298146 -0.44112800248416306 -1.3128912326575772
FixedParameters: 0 0 0
#Transform 111
Transform: MatrixOffsetTransformBase_double_3_3
Parameters: 0.9999701147579173 0.00655818555226073 0.004227941056872439 -0.006641826337030664 0.9997757877266796 0.020125549787760637 -0.0040950684028387965 -0.02015348805176909 0.9997890327251209 -0.012310566169148274 -0.5103481234451124 -1.210395692090735
FixedParameters: 0 0 0
#Transform 112
Transform: MatrixOffsetTransformBase_double_3_3
Parameters: 0.9999673778912473 0.00693535015506835 0.0040650458842920794 -0.00701464527681931 0.9997770131072423 0.019918135860203325 -0.003925962360712901 -0.01994587954251571 0.9997937034550317 -0.022340168192698684 -0.4546600673980379 -1.2515076086829282
FixedParameters: 0 0 0
#Transform 113
Transform: MatrixOffsetTransformBase_double_3_3
Parameters: 0.999960908586366 0.007281796379041055 0.005105545297795437 -0.007377187843977318 0.9997939861924727 0.018882066407438176 -0.00496644559138353 -0.018919897112135885 0.9998083495260426 -0.012496396820480982 -0.3828998128022789 -1.364144181234046
FixedParameters: 0 0 0
#Transform 114
Transform: MatrixOffsetTransformBase_double_3_3
Parameters: 0.9999687520780137 0.006498487340853643 0.004584042937269474 -0.006591512323785975 0.999768738279506 0.020463430478426324 -0.004449947039680388 -0.02049356511044658 0.9997801747443087 0.02961590102482603 -0.5156229131679737 -1.3319883724114092
FixedParameters: 0 0 0
#Transform 115
Transform: MatrixOffsetTransformBase_double_3_3
