#Insight Transform File V1.0
#Transform 0
Transform: MatrixOffsetTransformBase_double_3_3
Parameters: 0.9999968165581061 -0.00031200147376567655 -0.0024669995474474902 0.0003119990067661291 0.99999990265554 -7.697038588036168e-7 0.002466999859447433 2.3029295775448924e-7 0.9999969139020882 0.11237893707586011 0.06869505746765014 -0.3573975619659464
FixedParameters: 0 0 0
#Transform 1
Transform: MatrixOffsetTransformBase_double_3_3
Parameters: 0.9999965933807284 -0.0000792883701865638 -0.0025297807392122805 0.00007171299651909404 0.9999956969943596 -0.0028801892025493675 0.0025302156979061003 0.002880807169114362 0.9999923017757495 0.12305842764472175 0.10432405343797768 -0.44990737371705336
FixedParameters: 0 0 0
#Transform 2
Transform: MatrixOffsetTransformBase_double_3_3
Parameters: 0.9999980247051531 -0.00023193544486499533 -0.0017094697766662837 0.0002280666009181309 0.9999976501852549 -0.002301393792539012 0.0017095284716503068 0.0023016074194808604 0.999995780690764 0.13498991497534973 0.1127365664678166 -0.4832248161445136
FixedParameters: 0 0 0
#Transform 3
Transform: MatrixOffsetTransformBase_double_3_3
Parameters: 0.9999986010413946 -0.00016893710920321721 -0.0018357328082728094 0.000166063736080701 0.9999984135403867 -0.001599307154191985 0.0018362686422956566 0.0015996920922083982 0.9999970706943293 0.1322986618990143 0.07329967488047373 -0.49067172687306737
FixedParameters: 0 0 0
#Transform 4
Transform: MatrixOffsetTransformBase_double_3_3
Parameters: 0.9999996509598473 -0.00041922858989668966 0.0004157791941981632 0.00042077175720919174 0.9999983751465888 -0.0018568260760201255 -0.0004152193120847832 0.0018571750960908048 0.9999983789065898 0.08456787549040712 0.10598163030525143 -0.5276831392247203
FixedParameters: 0 0 0
#Transform 5
Transform: MatrixOffsetTransformBase_double_3_3
Parameters: 0.9999981847515542 -0.0001266745513597917 -0.0019492853500516466 0.00013132422592266493 0.999997059392386 0.0022187463988609765 0.0019487128484748505 -0.002219249240489266 0.9999952774257034 0.11983739354857903 -0.01588258590018654 -0.41239933185924826
FixedParameters: 0 0 0
#Transform 6
Transform: MatrixOffsetTransformBase_double_3_3
Parameters: 0.9999993934852095 0.00010557352724338328 -0.0012632058303351451 -0.00010742598354610212 0.9999982984094393 -0.0019208668148277585 0.0012627966570473988 0.001921135834016943 0.9999977145790288 0.1328608434406533 0.0858587550874006 -0.5421566713969597
FixedParameters: 0 0 0
#Transform 7
Transform: MatrixOffsetTransformBase_double_3_3
Parameters: 0.9999993065067658 -0.000297561416100822 -0.0007774035119457573 0.0002964369649166807 0.9999978797238012 -0.002008230386904871 0.0007785962630803428 0.0020077682552401763 0.9999973626481763 0.13716640802280722 0.024599584395190277 -0.4916580623377911
FixedParameters: 0 0 0
#Transform 8
Transform: MatrixOffsetTransformBase_double_3_3
Parameters: 0.9999996490786244 0.00004018555096138964 -0.0005910557593504512 -0.000040814347804312124 0.9999990994747616 -0.001377976015772685 0.0005909441413783341 0.0013780238867607266 0.9999987518338483 0.15989110789986682 0.04728834312582819 -0.6276991386203434
FixedParameters: 0 0 0
#Transform 9
Transform: MatrixOffsetTransformBase_double_3_3
Parameters: 0.9999991434278607 -0.0003466693216673589 0.0008581327327499464 0.00034732998100352967 0.9999997313662697 -0.0003847018874523128 -0.000857865543018418 0.0003852973388540044 0.9999991156118886 0.08147020007822903 -0.025575017783054932 -0.5710005584214315
FixedParameters: 0 0 0
#Transform 10
Transform: MatrixOffsetTransformBase_double_3_3
Parameters: 0.9999996959001851 -0.00003969637583268761 0.0005500217451445615 0.00004030357546302205 0.9999996936961864 -0.0005519776639537902 -0.0005499775851714462 0.000552021663927003 0.9999993927963695 0.09258851223867737 0.042780820545885945 -0.6332549513995147
FixedParameters: 0 0 0
#Transform 11
Transform: MatrixOffsetTransformBase_double_3_3
Parameters: 0.9999998394360308 0.00009206862236517608 -0.0003899837333025157 -0.00009193134239147068 0.9999999605600076 0.000176035846282094 0.00039001611729631294 -0.00017596408629583893 0.9999998169240351 0.1498859959168044 -0.04010654140546421 -0.612865457969832
FixedParameters: 0 0 0
#Transform 12
Transform: MatrixOffsetTransformBase_double_3_3
Parameters: 0.9999992183001387 -0.00014547052815774877 -0.0008720884910568038 0.0001465291359987999 0.9999996102350799 0.0006068725968786994 0.0008719112470834168 -0.0006071272208404679 0.9999998711670408 0.1092964536035339 -0.02538123061161457 -0.6256745933287746
FixedParameters: 0 0 0
#Transform 13
Transform: MatrixOffsetTransformBase_double_3_3
Parameters: 0.9999997118751605 -0.00048511887005609 0.00022974864215659789 0.00048488059018868057 0.9999994964512804 0.0005181112616975067 -0.00023025110187700466 -0.0005178881618216504 0.9999996787761789 0.08568741356998544 -0.046667317989061985 -0.648631659037676
FixedParameters: 0 0 0
#Transform 14
Transform: MatrixOffsetTransformBase_double_3_3
Parameters: 0.9999997946310745 -0.0003999155071566022 -0.00021315832279725292 0.000400084203095503 0.9999996831841148 0.0003959146566056502 0.0002128415229119931 -0.00039608505654393383 0.9999997978150733 0.11127383071436725 -0.03551583897369426 -0.5734651618462863
FixedParameters: 0 0 0
#Transform 15
Transform: MatrixOffsetTransformBase_double_3_3
Parameters: 0.9999991924946074 -0.00024802095178164227 0.0008634215235527426 0.00024597742636019415 0.9999974633820972 0.002340213609451311 -0.0008645774832254735 -0.002339786793572149 0.9999967778942912 0.1030505056761939 -0.08146085040060314 -0.744200743648797
FixedParameters: 0 0 0
#Transform 16
Transform: MatrixOffsetTransformBase_double_3_3
Parameters: 0.9999980516237407 -0.0012364055523234117 0.0011913859300626342 0.0012305944354202992 0.9999847218351382 0.005363472782705384 -0.0011976153216708592 -0.005361525927077935 0.9999848165270714 0.07829449572831493 -0.1275726590816646 -0.5886036581806806
FixedParameters: 0 0 0
#Transform 17
Transform: MatrixOffsetTransformBase_double_3_3
Parameters: 0.9999986289316359 -0.0016625441657446348 0.0007793810493527411 0.0016574533024483937 0.9999816736436493 0.005794300069174468 -0.0007896172959483956 -0.005793695507139288 0.9999828138217158 0.07167580501457849 -0.08842574246307322 -0.5959236264257513
FixedParameters: 0 0 0
#Transform 18
Transform: MatrixOffsetTransformBase_double_3_3
Parameters: 0.9999994019730979 -0.0008503462757050103 0.0009351675115846147 0.0008456558545090408 0.999983773485117 0.005701799339730667 -0.0009398373477621691 -0.005701209323202847 0.9999836136799739 0.0897999746859739 -0.12921850249165345 -0.5898843319566467
FixedParameters: 0 0 0
#Transform 19
Transform: MatrixOffsetTransformBase_double_3_3
Parameters: 0.9999992782320448 -0.0010968655689458967 0.0007201468115858109 0.0010931359180511723 0.999985226390209 0.0053457894927850715 -0.0007258535468946303 -0.005345206109957956 0.999984902692305 0.08929234989732038 -0.11643320380366617 -0.5644063107149435
FixedParameters: 0 0 0
#Transform 20
Transform: MatrixOffsetTransformBase_double_3_3
Parameters: 0.9999982447249064 -0.0005962269671583271 0.0018437745719453802 0.0005827715895088066 0.9999743074013089 0.007166086358759477 -0.0018482228064989228 -0.0071649098968775546 0.9999722471555158 0.11149584265939438 -0.18989787120564472 -0.5842089309754783
FixedParameters: 0 0 0
#Transform 21
Transform: MatrixOffsetTransformBase_double_3_3
Parameters: 0.9999985613387717 -0.0015548227311571977 -0.00014976843483026537 0.0015551787822186054 0.9999651930460167 0.008208780308752084 0.00013723798766916397 -0.008209226606829058 0.9999665905212578 0.15612000278606786 -0.15263167193657523 -0.630503611496195
FixedParameters: 0 0 0
#Transform 22
Transform: MatrixOffsetTransformBase_double_3_3
Parameters: 0.9999987249649124 -0.0018097716855146725 -0.00003398701584113733 0.0018092310401354218 0.9999597021395388 0.008832955968122579 0.000018019721640434812 -0.008833050070188591 0.9999609758224322 0.156158517907258 -0.23613424862372767 -0.605517669283806
FixedParameters: 0 0 0
#Transform 23
Transform: MatrixOffsetTransformBase_double_3_3
Parameters: 0.9999983000577487 -0.0014819479283945277 -0.0007105143025968116 0.0014850551065778853 0.9999828799788759 0.0057369567848993145 0.0007024909725411554 -0.005738052994316803 0.9999835816241434 0.10697159490057118 -0.2106847888834551 -0.7748647850728574
FixedParameters: 0 0 0
#Transform 24
Transform: MatrixOffsetTransformBase_double_3_3
Parameters: 0.9999894449197436 -0.002503054235879096 -0.003780378294482394 0.002562934975637601 0.9998694666003723 0.015935468620929257 0.003739618278874239 -0.015945518064175754 0.9998657445518737 0.022262433248499747 -0.33612759119024815 -0.9151963548390896
FixedParameters: 0 0 0
#Transform 25
Transform: MatrixOffsetTransformBase_double_3_3
Parameters: 0.9999848661730482 -0.0037095526030566307 -0.004046257979922035 0.003770441787172433 0.9998797203027461 0.015034964958585502 0.003989732933951024 -0.015050021497184915 0.999878563448238 0.13391318604494984 -0.3335864738588583 -0.8025773542113299
FixedParameters: 0 0 0
#Transform 26
Transform: MatrixOffsetTransformBase_double_3_3
Parameters: 0.9999860741934254 -0.0038389611066284948 -0.003491221383743332 0.0038920317956618765 0.9998753239243954 0.01531361521133749 0.0034317709179133857 -0.015327377791269756 0.9998762842257626 0.1610535302619951 -0.30880446100957215 -0.7667643254016809
FixedParameters: 0 0 0
#Transform 27
Transform: MatrixOffsetTransformBase_double_3_3
Parameters: 0.9999901256749775 -0.003934388655650813 -0.0020964908478680647 0.003964623468915604 0.9998831103275532 0.014803846758379008 0.0020385153214226 -0.01481217894234154 0.9998884350160028 0.20234810013792526 -0.3379663891428777 -0.6969280595372851
FixedParameters: 0 0 0
#Transform 28
Transform: MatrixOffsetTransformBase_double_3_3
Parameters: 0.9999778470014399 -0.005180413412598749 -0.004279683839826561 0.005238585166983765 0.9998947583644717 0.013556890964850778 0.00420831074759587 -0.013579111718423213 0.9998988862495504 0.2427353547798674 -0.24666444052517988 -0.8037643126317136
FixedParameters: 0 0 0
#Transform 29
Transform: MatrixOffsetTransformBase_double_3_3
Parameters: 0.9999900361052761 -0.0037182389731849085 -0.002671920890173138 0.003754770017076807 0.9998969841428523 0.013889119597116474 0.0026200853842445427 -0.013898894236720099 0.999899944639761 0.15253732488203298 -0.37564932269326334 -0.7688045216723438
FixedParameters: 0 0 0
#Transform 30
Transform: MatrixOffsetTransformBase_double_3_3
Parameters: 0.999993761919054 -0.0026788704842490036 -0.0022494886622971984 0.0027051346205945377 0.9999279279372011 0.011693987041356713 0.0022185096342486705 -0.011700015348976968 0.999929184138122 0.1655613561482454 -0.2606650042063734 -0.7304942614624252
FixedParameters: 0 0 0
#Transform 31
Transform: MatrixOffsetTransformBase_double_3_3
Parameters: 0.9999976589381492 -0.0018464192306531057 -0.0009644775643029076 0.0018595872682409924 0.9999110278517026 0.013210238988975578 0.0009405153584133908 -0.01321176910816009 0.9999125543268865 0.15558297997729653 -0.3463199731096722 -0.745823811245728
FixedParameters: 0 0 0
#Transform 32
Transform: MatrixOffsetTransformBase_double_3_3
Parameters: 0.9999964846678259 -0.002532966765859554 -0.0003152914604478025 0.0025370292278753498 0.9999055849447215 0.013526254357735126 0.0002807063232866377 -0.01352776528648485 0.9999089226613775 0.17035104689071545 -0.29886315015568243 -0.7704637439353803
FixedParameters: 0 0 0
#Transform 33
Transform: MatrixOffsetTransformBase_double_3_3
Parameters: 0.999997230785766 -0.0016777737101843476 -0.0013976426394426082 0.0016982297259910638 0.9998920079824725 0.014597668195295406 0.0013733536932973593 -0.014600345897531904 0.9998929377725545 0.18252604449911303 -0.3598637510307441 -0.7952404004289519
FixedParameters: 0 0 0
#Transform 34
Transform: MatrixOffsetTransformBase_double_3_3
Parameters: 0.9999959906178293 -0.0018143430503177306 -0.0021722595948022454 0.0018426548281978536 0.9999106615821906 0.013264050399837522 0.0021477436149060503 -0.01326794988382101 0.9999093393281961 0.19615882690992237 -0.2916275467293019 -0.7764548179893183
FixedParameters: 0 0 0
#Transform 35
Transform: MatrixOffsetTransformBase_double_3_3
Parameters: 0.9999969392672686 -0.0016467792599389327 -0.0020855995430549544 0.001675215527663846 0.9999061359755098 0.013603559160705459 0.0020624015897004653 -0.013606449315116767 0.999905593341057 0.2093935899204098 -0.3018589410076373 -0.7496117059161094
FixedParameters: 0 0 0
#Transform 36
Transform: MatrixOffsetTransformBase_double_3_3
Parameters: 0.9999968005517855 -0.0017266012931861797 -0.0020533568565080686 0.001754411124533313 0.9999088656186097 0.013418449837135192 0.00203063955870378 -0.013421558381297787 0.9999077251558163 0.19152614196694628 -0.2714556307199416 -0.729481094268408
FixedParameters: 0 0 0
#Transform 37
Transform: MatrixOffsetTransformBase_double_3_3
Parameters: 0.9999978317872239 -0.0018681401279053913 -0.0008234498551404155 0.0018798679755961554 0.9998909707865947 0.014645488386948468 0.0007965535746761316 -0.014646524439274514 0.9998928267251785 0.18251394953023237 -0.32071086734949006 -0.7509357898945339
FixedParameters: 0 0 0
#Transform 38
Transform: MatrixOffsetTransformBase_double_3_3
Parameters: 0.9999975147199895 -0.001775535561320471 -0.0011547181112436672 0.0017914657948055216 0.9998939580478402 0.014415962198282246 0.0011292899340467465 -0.01441803593656433 0.9998958348521905 0.18336632794526508 -0.3319954635912836 -0.7638267747647092
FixedParameters: 0 0 0
#Transform 39
Transform: MatrixOffsetTransformBase_double_3_3
Parameters: 0.9999959321554346 -0.0019160788380946144 -0.0020966243395893766 0.0019479251812429775 0.9998801826520685 0.015329975956551976 0.0020673778620449368 -0.015334021299935684 0.9998805805170079 0.2086778536880729 -0.39017284768044647 -0.7913401716722888
FixedParameters: 0 0 0
#Transform 40
Transform: MatrixOffsetTransformBase_double_3_3
Parameters: 0.99999728490868 -0.0015987541123124033 -0.0014695760669475035 0.0016202528870316664 0.9998823903821148 0.015263664418552992 0.0014454366505257572 -0.01526535640500311 0.9998828565902389 0.17984162410483862 -0.34567537350349653 -0.7967071272500306
FixedParameters: 0 0 0
#Transform 41
Transform: MatrixOffsetTransformBase_double_3_3
Parameters: 0.9999966816104847 -0.0021996039304496146 -0.0015755220308600344 0.00222538883930801 0.9998536113225276 0.016953553304390377 0.0015374906926941653 -0.016956441332934533 0.9998550839508049 0.17808278761364704 -0.4505428426979705 -0.8477108107795814
FixedParameters: 0 0 0
#Transform 42
Transform: MatrixOffsetTransformBase_double_3_3
Parameters: 0.9999965174672691 -0.0020229021281699283 -0.0015460486920506281 0.002047095573745759 0.9998738275492746 0.015746881841432605 0.0015139482455353158 -0.015750109332775177 0.9998746279888637 0.17013245293314583 -0.3632675690321605 -0.8520095891498869
FixedParameters: 0 0 0
#Transform 43
Transform: MatrixOffsetTransformBase_double_3_3
Parameters: 0.9999971629501371 -0.002042279345153013 -0.0012910200843879677 0.002063722973541043 0.9998528731618822 0.017054388362168334 0.0012559849795848775 -0.017056617747728497 0.9998534663600311 0.16191438453485318 -0.4124274309712348 -0.8067098964737554
FixedParameters: 0 0 0
#Transform 44
Transform: MatrixOffsetTransformBase_double_3_3
Parameters: 0.9999970847088914 -0.0019432377596212184 -0.0014621259631307964 0.0019677593737868976 0.9998631793730652 0.016429172234977647 0.0014298599122811507 -0.016432827915300513 0.99986391256413 0.18791798190432019 -0.3254087136743635 -0.8205665962413349
FixedParameters: 0 0 0
#Transform 45
Transform: MatrixOffsetTransformBase_double_3_3
Parameters: 0.9999973095866379 -0.0020602637574283302 -0.0006680608396483563 0.0020707332913579386 0.9998618440491829 0.01648765142221368 0.000633942168430871 -0.016489340891234095 0.9998636868001145 0.17204786492196433 -0.34700529905039446 -0.8255147777045764
FixedParameters: 0 0 0
#Transform 46
Transform: MatrixOffsetTransformBase_double_3_3
Parameters: 0.9999965775350885 -0.0015625627648176528 -0.0022319570713222473 0.0015984376123440917 0.9998638832705389 0.016417487869650832 0.0022060514413863226 -0.01642150262148592 0.9998624571125974 0.20668304190834874 -0.3257104213013804 -0.8312201130368067
FixedParameters: 0 0 0
#Transform 47
Transform: MatrixOffsetTransformBase_double_3_3
Parameters: 0.999997613779519 -0.0017622845698030513 -0.0011316875408644818 0.0017807201796730923 0.9998580779922093 0.0167550219173678 0.001102316758850991 -0.016756979737035403 0.9998589686520583 0.1778408601997512 -0.3962126814018774 -0.7868127226626527
FixedParameters: 0 0 0
#Transform 48
Transform: MatrixOffsetTransformBase_double_3_3
Parameters: 0.9999970423356895 -0.0015686674011773606 -0.0018697413288405013 0.0016003380686119264 0.9998566184135934 0.016876060591867824 0.001843252592295135 -0.016878944268362644 0.9998556824034327 0.19176899850991447 -0.31308279027820163 -0.855605630256278
FixedParameters: 0 0 0
#Transform 49
Transform: MatrixOffsetTransformBase_double_3_3
Parameters: 0.9999971620125707 -0.0017807928172480527 -0.001290774396354425 0.0018022100044951278 0.9998605463937522 0.016618719556813287 0.0012612207177732948 -0.01662129178360276 0.9998611278067049 0.18585514616430032 -0.38567199087364656 -0.7910251336231582
FixedParameters: 0 0 0
#Transform 50
Transform: MatrixOffsetTransformBase_double_3_3
Parameters: 0.9999974617183283 -0.0016556417170095462 -0.0016725564944286876 0.0016833667665612998 0.9998527805223332 0.017098245485079985 0.0016444552444895163 -0.017101783646723642 0.9998528171303708 0.17545950294359614 -0.3228839142182096 -0.8880227095870623
FixedParameters: 0 0 0
#Transform 51
Transform: MatrixOffsetTransformBase_double_3_3
Parameters: 0.9999967467511984 -0.002162948776512321 -0.0012548054485819755 0.002185056001870004 0.9998386784171909 0.01784731895268101 0.001216193813717575 -0.017849691345041333 0.9998398784983731 0.15973134026695845 -0.4146888156745092 -0.8311911918980712
FixedParameters: 0 0 0
#Transform 52
Transform: MatrixOffsetTransformBase_double_3_3
Parameters: 0.9999967504405826 -0.0024205101969690833 -0.0006241898747731962 0.002431485287070358 0.999845644036333 0.017390526286112037 0.0005818022952793571 -0.017391452257445615 0.999848166326518 0.12478905269772156 -0.4188744615546227 -0.8603966940645904
FixedParameters: 0 0 0
#Transform 53
Transform: MatrixOffsetTransformBase_double_3_3
Parameters: 0.9999984543410684 -0.0006476273672396498 -0.0014586025235338745 0.0006703633272108103 0.9998709341356651 0.01608104421241958 0.0014474057965179483 -0.01608195938725741 0.9998692570889623 0.13441666321308787 -0.3041121195361711 -0.9701814426155906
FixedParameters: 0 0 0
#Transform 54
Transform: MatrixOffsetTransformBase_double_3_3
Parameters: 0.9999982300739513 -0.0012385603027067673 -0.0011120383309045161 0.0012574386337246672 0.9998437365214576 0.01765362452560157 0.0010899692454047418 -0.017655372841769736 0.9998430818467692 0.16698596659203702 -0.4592318173627348 -0.9176489072324472
FixedParameters: 0 0 0
#Transform 55
Transform: MatrixOffsetTransformBase_double_3_3
Parameters: 0.9999977887033703 -0.0013648760077027747 -0.0018296361995597085 0.0013961307589332812 0.9998519609036183 0.0171194775451178 0.0018063629325790103 -0.017121497423421804 0.999851561460756 0.18111370472581712 -0.37145994185721065 -0.8815553714159634
FixedParameters: 0 0 0
#Transform 56
Transform: MatrixOffsetTransformBase_double_3_3
Parameters: 0.9999987703786397 -0.0014096762557145087 -0.0011148791565129843 0.0014293098141841686 0.9998457477390399 0.017526437390030493 0.001089114840774078 -0.01752856619916569 0.9998455483709334 0.17185746416086545 -0.40987916412927916 -0.9317755658901774
FixedParameters: 0 0 0
#Transform 57
Transform: MatrixOffsetTransformBase_double_3_3
Parameters: 0.9999976780843287 -0.0014267553664065408 -0.0018132132116948354 0.0014562410266391644 0.9998579638837206 0.01678941060005459 0.0017888013021158194 -0.016792603263353623 0.9998577981056014 0.14952622700550933 -0.3796441226044749 -0.8493941549614377
FixedParameters: 0 0 0
#Transform 58
Transform: MatrixOffsetTransformBase_double_3_3
Parameters: 0.9999982607166336 -0.001489225111898174 -0.0012330368783828542 0.0015127757109096003 0.9998246988717008 0.018681171159241207 0.0012049485584058278 -0.018682830909594394 0.9998244659886512 0.16816872542949568 -0.43876002544551795 -0.910156633957051
FixedParameters: 0 0 0
#Transform 59
Transform: MatrixOffsetTransformBase_double_3_3
Parameters: 0.999997337607792 -0.0015529167281284394 -0.0015004714695356128 0.0015790731404518809 0.9998448016920544 0.017540670185226537 0.0014725257259425428 -0.017543326257142375 0.9998450443789554 0.15902418844463284 -0.3575089966660556 -0.8957459767537088
FixedParameters: 0 0 0
#Transform 60
Transform: MatrixOffsetTransformBase_double_3_3
Parameters: 0.9999967074106658 -0.0019956494219202847 -0.0018192742812987005 0.002029349347820984 0.9998268919113072 0.01851938107126066 0.0017817207278936298 -0.01852262871237121 0.9998267003411828 0.16011031211299098 -0.44542473052644027 -0.8702452397459837
FixedParameters: 0 0 0
#Transform 61
Transform: MatrixOffsetTransformBase_double_3_3
Parameters: 0.9999969255007759 -0.0018378972465110605 -0.001642164958258274 0.001867099783230462 0.9998380779515885 0.017899996745488842 0.0016088344967409207 -0.01790301971180552 0.9998388675199325 0.1540099333857654 -0.3811078178564884 -0.8804724867686318
FixedParameters: 0 0 0
#Transform 62
Transform: MatrixOffsetTransformBase_double_3_3
Parameters: 0.9999945211630221 -0.001499587659510524 -0.0028689186762621693 0.0015494121499156194 0.9998430221560749 0.017650649230712356 0.0028420903418132403 -0.017655356358089312 0.9998401918934495 0.16177965128130722 -0.3271613759842751 -0.99751686355701
FixedParameters: 0 0 0
#Transform 63
Transform: MatrixOffsetTransformBase_double_3_3
Parameters: 0.9999968307045086 -0.0015070852065895816 -0.001974725722895454 0.0015438995653199688 0.9998211284988843 0.018826997453624077 0.0019452749509106344 -0.018829977938497295 0.9998206139002517 0.12213861851651586 -0.4660267967152123 -0.923305448995535
FixedParameters: 0 0 0
#Transform 64
Transform: MatrixOffsetTransformBase_double_3_3
Parameters: 0.9999958926807861 -0.001643811730043353 -0.0023246779784933235 0.0016851907060375412 0.9998393122195923 0.017827155262669744 0.002295318712206968 -0.017831845879555726 0.9998387464766062 0.14588128365652153 -0.38460697785266973 -0.9892855421164342
FixedParameters: 0 0 0
#Transform 65
Transform: MatrixOffsetTransformBase_double_3_3
Parameters: 0.999995403859078 -0.0022016446834025173 -0.001936139695003298 0.002237371547340104 0.9998177236294419 0.01897975639933535 0.0018948706517651404 -0.0189842601155796 0.9998179807934561 0.16667862327574312 -0.4900818268372973 -0.9247080823772649
FixedParameters: 0 0 0
#Transform 66
Transform: MatrixOffsetTransformBase_double_3_3
Parameters: 0.9999918230412281 -0.002158831532848065 -0.0033930395040498587 0.002219182016530775 0.9998381475986855 0.017829611788179357 0.003354957800084198 -0.01783738441433541 0.9998355549123006 0.19210023286674982 -0.40974934567965704 -0.9537644843785316
FixedParameters: 0 0 0
#Transform 67
Transform: MatrixOffsetTransformBase_double_3_3
Parameters: 0.9999949162326084 -0.0019398503502205226 -0.002514093991037615 0.00198714637868241 0.9998192231462005 0.018889081164235048 0.0024769003304216516 -0.01889388188240975 0.9998178507445801 0.1663657289349061 -0.4669900816171406 -0.8863451199369337
FixedParameters: 0 0 0
#Transform 68
Transform: MatrixOffsetTransformBase_double_3_3
Parameters: 0.999992907766887 -0.0018424227202928315 -0.0032706942270334795 0.0019005831742422382 0.9998364338072364 0.017997908617269548 0.0032373107362284256 -0.018004089383307734 0.9998323472018725 0.2039832474063985 -0.3757769495781247 -0.9613693238093859
FixedParameters: 0 0 0
#Transform 69
Transform: MatrixOffsetTransformBase_double_3_3
Parameters: 0.9999943904246962 -0.002007388100087414 -0.002564799980944708 0.0020566123022103784 0.999815198257213 0.01909282691944789 0.002526188583829836 -0.019098172790940806 0.999814847505312 0.1786467696379077 -0.4754717367323309 -0.8938429744604903
FixedParameters: 0 0 0
#Transform 70
Transform: MatrixOffsetTransformBase_double_3_3
Parameters: 0.9999940373197526 -0.0020982147310830723 -0.0027493054420375763 0.002149798030584761 0.9998174799606125 0.018970203214259154 0.002709700518884601 -0.018975799232422066 0.9998165408985852 0.18912314870796365 -0.40957945615743085 -0.9202153031681704
FixedParameters: 0 0 0
#Transform 71
Transform: MatrixOffsetTransformBase_double_3_3
Parameters: 0.9999950502539378 -0.0013280722876596316 -0.0026803604123019705 0.0013799387733602379 0.9998091658216219 0.0194653791100449 0.0026546385667507327 -0.019468603414980183 0.9998068830777918 0.15457916884508904 -0.4561069502570376 -0.8786946984548578
FixedParameters: 0 0 0
#Transform 72
Transform: MatrixOffsetTransformBase_double_3_3
Parameters: 0.9999932606553812 -0.0009722624425566436 -0.003576812510251552 0.001038741871987904 0.9998240428973726 0.018704397846953814 0.003558191298015577 -0.018707572751777552 0.9998183258012915 0.16506556282048734 -0.383244959825916 -0.9453696253996426
FixedParameters: 0 0 0
#Transform 73
Transform: MatrixOffsetTransformBase_double_3_3
Parameters: 0.9999951566265954 -0.00135861849505232 -0.002827788774038509 0.0014153870515850153 0.999798633280278 0.02003310891862081 0.00280020589634436 -0.02003691576133889 0.9997956378481392 0.1497208392430167 -0.5127101702721717 -0.9043624512410204
FixedParameters: 0 0 0
#Transform 74
Transform: MatrixOffsetTransformBase_double_3_3
Parameters: 0.9999935095323431 -0.0015368550533805048 -0.003336274838589859 0.0016021443008265735 0.9998007687823253 0.019915798850964065 0.0033047458121946227 -0.01992022298424687 0.9997962054789392 0.16360268729461325 -0.4199225072584767 -0.9507881490420687
FixedParameters: 0 0 0
#Transform 75
Transform: MatrixOffsetTransformBase_double_3_3
Parameters: 0.9999953516285606 -0.0021863187649643107 -0.002206196309374372 0.0022316792395660153 0.9997884427169729 0.02045818537978123 0.002160792139743189 -0.02046283310091674 0.9997885547480486 0.1780275223660226 -0.5438805901581816 -0.9209016861061485
FixedParameters: 0 0 0
#Transform 76
Transform: MatrixOffsetTransformBase_double_3_3
Parameters: 0.9999938859432785 -0.0011896171028204915 -0.0034209237391648302 0.0012583649630670355 0.9997921720260589 0.020351830986347973 0.003395092000793841 -0.02035617464076448 0.999787054619212 0.19735815345950414 -0.4548734109406496 -0.9570782287160426
FixedParameters: 0 0 0
#Transform 77
Transform: MatrixOffsetTransformBase_double_3_3
Parameters: 0.999997186604913 -0.001009497125252932 -0.0019475345809296123 0.0010505113235660286 0.9997806624163772 0.020909011038419165 0.0019264551248245148 -0.02091100170224022 0.9997799710644394 0.1459010610724789 -0.5437978999526507 -0.8747285921990695
FixedParameters: 0 0 0
#Transform 78
Transform: MatrixOffsetTransformBase_double_3_3
Parameters: 0.9999950000840488 -0.0016925905243939626 -0.0024772033847331263 0.0017424015572304902 0.9997880829671222 0.020489766347957558 0.0024418059119597846 -0.020494215634655442 0.9997869832821854 0.15694152900329073 -0.4441986416035064 -0.9324349767440836
FixedParameters: 0 0 0
#Transform 79
Transform: MatrixOffsetTransformBase_double_3_3
Parameters: 0.9999950769849116 -0.0014048181739083987 -0.0026362768822877167 0.0014621749290685744 0.9997609054010923 0.0218152535206082 0.0026047200190992183 -0.021818767393740536 0.9997590927190239 0.13215068824882792 -0.5663085473645282 -0.8589776685203674
FixedParameters: 0 0 0
#Transform 80
Transform: MatrixOffsetTransformBase_double_3_3
Parameters: 0.9999944090355927 -0.0020552238600507733 -0.002523761958064653 0.0021087595813178155 0.9997665323584608 0.021493782609303038 0.002478242232998058 -0.02149819798810853 0.9997656118321268 0.1740543585323593 -0.49053456967573084 -0.9037862001981836
FixedParameters: 0 0 0
#Transform 81
Transform: MatrixOffsetTransformBase_double_3_3
Parameters: 0.9999953309608286 -0.002077444798513431 -0.002086332791897052 0.002122546829938683 0.9997645142236526 0.021585656373256473 0.0020406546409006735 -0.021589324080526166 0.9997646662135394 0.16804358908548522 -0.5563988535620581 -0.9039884057003675
FixedParameters: 0 0 0
#Transform 82
Transform: MatrixOffsetTransformBase_double_3_3
Parameters: 0.9999926649640666 -0.0017257580096013477 -0.0033698297518028157 0.0017942459441898687 0.9997914500352062 0.0203541073316005 0.003334165376205996 -0.020359907638836015 0.9997873108703246 0.18976924877495094 -0.4510014308626893 -0.8892040679716047
FixedParameters: 0 0 0
#Transform 83
Transform: MatrixOffsetTransformBase_double_3_3
Parameters: 0.9999944909204935 -0.001494455476628079 -0.002876724184548649 0.001553549363017089 0.9997825311223616 0.02080865268455522 0.002845285149701321 -0.020813373994184196 0.9997796677173736 0.16018602332287912 -0.510152729796701 -0.8965965932864961
FixedParameters: 0 0 0
#Transform 84
Transform: MatrixOffsetTransformBase_double_3_3
Parameters: 0.9999962577323642 -0.0016817985015376105 -0.002217027237407422 0.001726201292666219 0.9997878094478978 0.02054626981467404 0.0021819903913759937 -0.020550766532041718 0.9997868750359902 0.13093491713827632 -0.4694375891187974 -0.8881312542427153
FixedParameters: 0 0 0
#Transform 85
Transform: MatrixOffsetTransformBase_double_3_3
Parameters: 0.9999983574175283 -0.0010956928985855266 -0.0015628889716112154 0.0011283100635687926 0.9997686199693421 0.021472276444168863 0.0015391274365239211 -0.021473726280479274 0.9997684507653058 0.135915240109739 -0.5249223803926668 -0.9730383977311305
FixedParameters: 0 0 0
#Transform 86
Transform: MatrixOffsetTransformBase_double_3_3
Parameters: 0.9999970622214025 -0.0015163203639414367 -0.0016240854248746165 0.00155167751707667 0.9997663053137844 0.021569537291025388 0.0015908993671336401 -0.021571469667486246 0.9997660743968488 0.1575700459081304 -0.5591273656473845 -0.9289278145454034
FixedParameters: 0 0 0
#Transform 87
Transform: MatrixOffsetTransformBase_double_3_3
Parameters: 0.9999942626636734 -0.0014146992238504655 -0.002955657285996938 0.0014803057009056184 0.9997442006069981 0.02255074415386294 0.0029233578162471043 -0.022555255129872758 0.9997416543341214 0.17094398950040102 -0.5703390559501713 -1.0069629212801345
FixedParameters: 0 0 0
#Transform 88
Transform: MatrixOffsetTransformBase_double_3_3
Parameters: 0.9999933211072186 -0.0010520798831040624 -0.003545419625599498 0.0011279327031779142 0.9997682807584684 0.021480139958004386 0.003522583174394267 -0.021483845017226468 0.9997629783615816 0.1584490948877857 -0.5193583962464032 -0.9751163869185788
FixedParameters: 0 0 0
#Transform 89
Transform: MatrixOffsetTransformBase_double_3_3
Parameters: 0.9999960138662563 -0.0013099893196071967 -0.002504006306108716 0.001364011642651506 0.9997635699513587 0.021691657335725062 0.002474992290345454 -0.02169431505605456 0.9997611593848738 0.13202317172043365 -0.5707347471443143 -0.9616511699019199
FixedParameters: 0 0 0
#Transform 90
Transform: MatrixOffsetTransformBase_double_3_3
Parameters: 0.9999939173469409 -0.0008924721600894863 -0.00335982105515576 0.0009645091076168155 0.9997712832969491 0.02134789061565778 0.0033391705938579336 -0.021351111329860194 0.9997669250526752 0.16484322370001792 -0.49302674145278047 -0.990206113813656
FixedParameters: 0 0 0
#Transform 91
Transform: MatrixOffsetTransformBase_double_3_3
Parameters: 0.9999956565168101 -0.0011903965860366992 -0.002631346307698156 0.0012476154705848013 0.9997651854516899 0.021614796447551824 0.0026056388959738996 -0.021618181116277283 0.9997628142582835 0.16801330356192068 -0.5730083910878818 -0.9660030105306987
FixedParameters: 0 0 0
#Transform 92
Transform: MatrixOffsetTransformBase_double_3_3
Parameters: 0.9999933325848096 -0.001559574117991753 -0.003199749651749295 0.0016264099949211016 0.9997747543847999 0.021178929157620777 0.003165257777687462 -0.0211840697526925 0.9997701628275224 0.18889820431672888 -0.49427875625964646 -1.021082437837677
FixedParameters: 0 0 0
#Transform 93
Transform: MatrixOffsetTransformBase_double_3_3
Parameters: 0.9999967328219906 -0.0008247965805429262 -0.002363244936038256 0.0008782204807327162 0.9997443584073341 0.022600994240788264 0.0023447485604347383 -0.022603003638419272 0.9997415415358514 0.14419063277701127 -0.5615329677126084 -0.9816876126292229
FixedParameters: 0 0 0
#Transform 94
Transform: MatrixOffsetTransformBase_double_3_3
Parameters: 0.9999954989799617 -0.0005467898067897202 -0.0028637946962076083 0.0006102127411043445 0.9997553761425516 0.02211735667018309 0.0028512003725636326 -0.02211966321166731 0.9997515445317472 0.1472982006807655 -0.4802644742886599 -1.0344385011123123
FixedParameters: 0 0 0
#Transform 95
Transform: MatrixOffsetTransformBase_double_3_3
Parameters: 0.9999950950274606 -0.0008503982660637875 -0.0030303991710537493 0.0009195908722527131 0.999734211071126 0.023040328345839852 0.003009609439194214 -0.023043674456139144 0.9997298727507379 0.12474343679778599 -0.5735187539956002 -0.9530091776475231
FixedParameters: 0 0 0
#Transform 96
Transform: MatrixOffsetTransformBase_double_3_3
Parameters: 0.999994330345084 -0.000085031435211016 -0.0032656658179966635 0.00015695247517792356 0.9997569872385955 0.02204359770299144 0.0032623306862240606 -0.022044387662463857 0.9997513468673624 0.1325600281884789 -0.5023865775021221 -1.0434857670663646
FixedParameters: 0 0 0
#Transform 97
Transform: MatrixOffsetTransformBase_double_3_3
Parameters: 0.9999937378777282 -0.00045961099939862885 -0.003471813206383684 0.0005353689462889052 0.9997638283795481 0.021744273414184785 0.0034601740285514515 -0.021746722464728654 0.9997570613198086 0.14076422070056083 -0.5663996795324522 -0.9325245004373386
FixedParameters: 0 0 0
#Transform 98
Transform: MatrixOffsetTransformBase_double_3_3
Parameters: 0.9999941531046788 -0.0005020441794204853 -0.0034052376098716833 0.0005789506646772276 0.9997432070889422 0.022636153014564033 0.0033927638682092684 -0.022637827806981654 0.9997379445477722 0.13233425139928556 -0.5710062893766406 -0.9119709797771094
FixedParameters: 0 0 0
#Transform 99
Transform: MatrixOffsetTransformBase_double_3_3
Parameters: 0.9999916003193865 -0.0009330600939024496 -0.0039403878072486465 0.0010229533472659717 0.9997371578849504 0.02288515486742825 0.003918614635458094 -0.02288884203537671 0.9997306714438002 0.15965630512491202 -0.5302565552016176 -0.9351562380320004
FixedParameters: 0 0 0
#Transform 100
Transform: MatrixOffsetTransformBase_double_3_3
Parameters: 0.9999853106928529 -0.0004963448040623975 -0.005426262400402415 0.0006066507150807488 0.9997920197681587 0.020410020920570548 0.005414746043092232 -0.02041300038946181 0.9997769388305857 0.0818064551040294 -0.43317766279277237 -1.1352825401519837
FixedParameters: 0 0 0
#Transform 101
Transform: MatrixOffsetTransformBase_double_3_3
Parameters: 0.9999900665725644 -0.0007461634927595137 -0.004286610699583227 0.0008358427301192388 0.9997795122414583 0.02099362990495443 0.004270391923262812 -0.02099739928472612 0.999770830324681 0.13964618467227297 -0.5059707109956548 -1.0411735181786241
FixedParameters: 0 0 0
#Transform 102
Transform: MatrixOffsetTransformBase_double_3_3
Parameters: 0.9999882097259313 -0.001187531964393375 -0.00473036242058453 0.0012884789407312538 0.9997729144864488 0.021292170064270487 0.004704628339673234 -0.02129885200866156 0.9997621898794011 0.16548311749963318 -0.5280361875943385 -1.0702141817740838
FixedParameters: 0 0 0
#Transform 103
Transform: MatrixOffsetTransformBase_double_3_3
Parameters: 0.9999934598186941 -0.0009352553004444966 -0.003558772638023825 0.0010107479249869403 0.9997714548874471 0.021341539598680046 0.0035382332878690225 -0.021345445798138945 0.9997658083892295 0.13478663086661413 -0.5530257121241533 -0.976316467097817
FixedParameters: 0 0 0
#Transform 104
Transform: MatrixOffsetTransformBase_double_3_3
Parameters: 0.9999907120310964 -0.0009107952731473451 -0.004296587879444588 0.0010031927273051152 0.9997683909215398 0.02150691137065161 0.004275414807868135 -0.02151111573893608 0.9997599348599225 0.1382454499211292 -0.49259520432762827 -1.0890009731966686
FixedParameters: 0 0 0
#Transform 105
Transform: MatrixOffsetTransformBase_double_3_3
Parameters: 0.9999895572714559 -0.0006924072237268277 -0.004578175993731058 0.000791609939750708 0.9997626079029722 0.021787618993778977 0.0045628361687485575 -0.021791402501487773 0.9997522664515683 0.1293168653214991 -0.5104374454736842 -0.9364349709246653
FixedParameters: 0 0 0
#Transform 106
Transform: MatrixOffsetTransformBase_double_3_3
Parameters: 0.999995306382049 -0.0014356001432739558 -0.0027622412873308444 0.0014964170616757312 0.9997571426214968 0.021989982912035185 0.002730752585483381 -0.02199403666246155 0.9997547478710633 0.15163272773661163 -0.503441613059465 -0.9025998701934554
FixedParameters: 0 0 0
#Transform 107
Transform: MatrixOffsetTransformBase_double_3_3
Parameters: 0.9999910678769428 -0.003516594001658247 -0.0023587035031872147 0.003563413468470397 0.9997945446783492 0.019967776225276353 0.002288286922941726 -0.019976228311506115 0.9997976783938051 0.20601481200507976 -0.41109751157225105 -1.4331300443446011
FixedParameters: 0 0 0
#Transform 108
Transform: MatrixOffsetTransformBase_double_3_3
Parameters: 0.9999905097569486 -0.003504851269597254 -0.0024912300037692337 0.0035511404533063065 0.9998171504275889 0.018767314650151523 0.0024247661400564305 -0.018775659889707388 0.999820556031551 0.1857114484708262 -0.6781007758332152 -2.082304756538946
FixedParameters: 0 0 0
#Transform 109
Transform: MatrixOffsetTransformBase_double_3_3
Parameters: 0.9999946852343019 -0.0009167185716346759 -0.0030780078602900074 0.0009722819831899502 0.999837774481078 0.018007109350515207 0.003060986944299578 -0.01800990811950022 0.9998332440254836 0.08668482147524514 -0.7138548067377712 -1.3179309237386576
FixedParameters: 0 0 0
#Transform 110
Transform: MatrixOffsetTransformBase_double_3_3
Parameters: 0.9999967617673061 -0.0010220382264714196 -0.002278938092048801 0.0010589616279985535 0.9998669260620997 0.016276635663977024 0.0022620612799215474 -0.01627936089435166 0.9998648532565754 0.04801949197830879 -0.4479485240627099 -0.8099887944913959
FixedParameters: 0 0 0
#Transform 111
Transform: MatrixOffsetTransformBase_double_3_3
Parameters: 0.9999999225303307 -0.0010206329188796675 -0.00018831586085690162 0.0010233631672110523 0.9999141543499201 0.013030809875618977 0.00017468041120189429 -0.01303018087554263 0.999915165933043 0.030854579179589336 -0.24304141903469656 -0.6980632849653148
FixedParameters: 0 0 0
#Transform 112
Transform: MatrixOffsetTransformBase_double_3_3
Parameters: 0.9999992321794117 -0.0008754380166524156 0.000030222121663544466 0.0008755513326061611 0.9999235931092869 0.0123140308895 -0.00004178469094378576 -0.012313967848525733 0.9999243583379748 0.03021899808800299 -0.21357421143488864 -0.6877490290290993
FixedParameters: 0 0 0
#Transform 113
Transform: MatrixOffsetTransformBase_double_3_3
Parameters: 0.9999998756410303 -0.000346962269175776 0.00006290574608274475 0.00034603619943954564 0.9998917194878362 0.014702019408467843 -0.00006809477060477043 -0.01470197401448077 0.9998918352658032 0.03519519452308373 -0.18107242586107475 -1.0738266348442664
FixedParameters: 0 0 0
#Transform 114
Transform: MatrixOffsetTransformBase_double_3_3
Parameters: 0.999998270226171 -0.0011934073720946746 0.001518127303583203 0.0011685785463631702 0.9998713241485441 0.01597780151621849 -0.0015378673053697374 -0.015976192160235894 0.9998713840605433 0.01295403826502195 -0.3315185536176557 -1.075167832188228
FixedParameters: 0 0 0
#Transform 115
Transform: MatrixOffsetTransformBase_double_3_3
