#Insight Transform File V1.0
#Transform 0
Transform: MatrixOffsetTransformBase_double_3_3
Parameters: 0.9999982354706038 0.000034891693216122135 0.001939847761785689 -0.00002510742091217042 0.9999869991019579 -0.005099058902700994 -0.0019401537018577304 0.005098942502673585 0.9999852363725428 0.09598913243705454 0.21427786309600094 -0.34729334206801354
FixedParameters: 0 0 0
#Transform 1
Transform: MatrixOffsetTransformBase_double_3_3
Parameters: 0.9999961536102963 -0.00021237785176218596 0.0026077997247322925 0.00022262128702396736 0.9999933365275994 -0.0036894319324108945 -0.0026071945680122143 0.0036905661988862267 0.9999895847503348 0.05634537244274895 0.18474479682741674 -0.44213298111968413
FixedParameters: 0 0 0
#Transform 2
Transform: MatrixOffsetTransformBase_double_3_3
Parameters: 0.9999940118553523 0.0005525876289546682 0.0034179425863007738 -0.0005464126711113621 0.9999979847025384 -0.0019278797264974303 -0.003419060368634446 0.0019261227789729583 0.9999926004609312 -0.01831932073973519 0.09484177157392537 -0.38759039676774165
FixedParameters: 0 0 0
#Transform 3
Transform: MatrixOffsetTransformBase_double_3_3
Parameters: 0.9999931993230117 0.0006709633486742804 0.0036536433980547066 -0.0006580345996839489 0.9999939771394925 -0.0035484305470301963 -0.0036563573897320308 0.003545573023264165 0.9999870595872173 0.029739064835823115 0.08640828205732021 -0.5132405477717938
FixedParameters: 0 0 0
#Transform 4
Transform: MatrixOffsetTransformBase_double_3_3
Parameters: 0.9999902445779933 0.0011118833937494644 0.004185121804580723 -0.0011011150492722147 0.9999960182090322 -0.002601632348703393 -0.004188874531656066 0.0025973664638912334 0.9999877114852924 0.03252530184485636 -0.07444828542246285 -0.6156387705803255
FixedParameters: 0 0 0
#Transform 5
Transform: MatrixOffsetTransformBase_double_3_3
Parameters: 0.9999931697415306 0.0007685744041338488 0.0034989090253600467 -0.0007594250400250078 0.9999959305636583 -0.0027376749939066725 -0.0035000896549869723 0.0027343277319643922 0.9999902677024476 0.012849903420715236 -0.11251884612583751 -0.6845462227625561
FixedParameters: 0 0 0
#Transform 6
Transform: MatrixOffsetTransformBase_double_3_3
Parameters: 0.9999938095192431 0.001107086805043857 0.0034590610957184044 -0.001100914468627978 0.9999976870840172 -0.0017608202877448418 -0.0034609449850661962 0.0017571805711408767 0.9999929342466171 0.017019835797157157 -0.16211620495008106 -0.6931338416894377
FixedParameters: 0 0 0
#Transform 7
Transform: MatrixOffsetTransformBase_double_3_3
Parameters: 0.9999919192842446 0.0011077859433857734 0.003721986127086765 -0.0011012118210421268 0.9999974567300072 -0.0018251127075412715 -0.0037240131512677223 0.0018208885672480865 0.9999918158632863 0.024281955906417352 -0.2448709041164676 -0.7179107081044904
FixedParameters: 0 0 0
#Transform 8
Transform: MatrixOffsetTransformBase_double_3_3
Parameters: 0.9999923714989293 0.0011066109589410696 0.0037953680397503557 -0.0011013899299647143 0.9999985966830934 -0.0014801917478023043 -0.0037966314799866246 0.001475810140982925 0.9999914058257486 0.04710531548596464 -0.31228367398634305 -0.7639885495059531
FixedParameters: 0 0 0
#Transform 9
Transform: MatrixOffsetTransformBase_double_3_3
Parameters: 0.9999945390693084 0.001512143049597594 0.0028592315830677658 -0.0015048551636697256 0.9999954893876469 -0.0024993146415582565 -0.002862765059608581 0.0024946829737817464 0.999992579617672 0.12866168264416444 -0.48864394779957365 -0.8842564373831578
FixedParameters: 0 0 0
#Transform 10
Transform: MatrixOffsetTransformBase_double_3_3
Parameters: 0.9999901108749979 0.0012837948776946537 0.004152370755548293 -0.0012722041451376444 0.9999953038852473 -0.002842310907591438 -0.0041556285677048525 0.002836693214321471 0.999987681348881 0.1461717183314022 -0.5293066208552801 -0.9240128040420217
FixedParameters: 0 0 0
#Transform 11
Transform: MatrixOffsetTransformBase_double_3_3
Parameters: 0.9999930276180058 0.0013898898369447475 0.003469851963655143 -0.0013821117832296579 0.9999969147083618 -0.0022748135439330337 -0.003473151368503645 0.0022701904949417795 0.9999917843389325 0.09931112898534877 -0.5239294528800684 -0.8650306317275209
FixedParameters: 0 0 0
#Transform 12
Transform: MatrixOffsetTransformBase_double_3_3
Parameters: 0.9999914483760642 0.0019390800392896843 0.003576091508730213 -0.001929916510203252 0.9999948187490961 -0.002540923310966357 -0.003581909147785086 0.002534076085901773 0.9999907517420576 0.09240754074589574 -0.4579387118592422 -0.9170763057885551
FixedParameters: 0 0 0
#Transform 13
Transform: MatrixOffsetTransformBase_double_3_3
Parameters: 0.9999901231400965 0.0023428897573362683 0.0037931374725666245 -0.002335111770868912 0.9999952088560944 -0.002082877563571372 -0.0037978607556359064 0.002074122106296625 0.9999902739080669 0.09433207767946783 -0.5300877074434851 -0.9167661171700345
FixedParameters: 0 0 0
#Transform 14
Transform: MatrixOffsetTransformBase_double_3_3
Parameters: 0.9999895805808466 0.0029412247997439487 0.0035737930040962203 -0.0029297798326867112 0.9999905450595987 -0.0031415023542480168 -0.0035822075439326494 0.003131495742820945 0.9999883601091605 0.10483895264967202 -0.45897392425329997 -1.0329343720264106
FixedParameters: 0 0 0
#Transform 15
Transform: MatrixOffsetTransformBase_double_3_3
Parameters: 0.9999868547691936 0.002215744795671852 0.004608283301062383 -0.0022082550794295854 0.9999962845984984 -0.0016851984715104723 -0.004611715677173409 0.0016748036851742362 0.999987925326228 -0.011587443958035237 -0.5679345882559232 -0.9453024131431107
FixedParameters: 0 0 0
#Transform 16
Transform: MatrixOffsetTransformBase_double_3_3
Parameters: 0.9999718623298672 0.0034478032650060845 0.006651962811221583 -0.0034401994012987556 0.9999937639115456 -0.001183917957229365 -0.006656039113209019 0.0011610845340967336 0.9999773488635423 -0.0308265422766425 -0.5225276382190174 -1.0652174638436023
FixedParameters: 0 0 0
#Transform 17
Transform: MatrixOffsetTransformBase_double_3_3
Parameters: 0.9999866186753814 0.002740549254211121 0.004343762696945012 -0.002737449472362447 0.9999958303359315 -0.0008229018028273559 -0.004346238254824159 0.0008110997334035124 0.999990453351194 0.038718201707240496 -0.564861584657649 -0.937548033386058
FixedParameters: 0 0 0
#Transform 18
Transform: MatrixOffsetTransformBase_double_3_3
Parameters: 0.9999787524101159 0.0038310089194896445 0.005250532948792241 -0.003828986233287161 0.9999921842638198 -0.00039311242400156496 -0.0052524667550297695 0.00037288552097673467 0.9999862747661499 0.04602461077178077 -0.6220899725811364 -0.9996491834096233
FixedParameters: 0 0 0
#Transform 19
Transform: MatrixOffsetTransformBase_double_3_3
Parameters: 0.9999842766689335 0.002861906224957874 0.004746644112244321 -0.002858086209491593 0.9999951421895711 -0.0008305790495263493 -0.004749354565156088 0.0008164202962110235 0.9999887781651261 0.08425995327459646 -0.6013081789086243 -0.9785227071233891
FixedParameters: 0 0 0
#Transform 20
Transform: MatrixOffsetTransformBase_double_3_3
Parameters: 0.9999781970842644 0.003529151195827938 0.005508818897155505 -0.0035318410209506023 0.999993268674142 0.0005065542091333607 -0.005507171851917369 -0.0005264465778542737 0.9999843948596343 -0.017980435678936146 -0.5910805432587409 -1.1042908121840824
FixedParameters: 0 0 0
#Transform 21
Transform: MatrixOffsetTransformBase_double_3_3
Parameters: 0.9999840982713352 0.0038704111658543266 0.003990726548083976 -0.003865587665446477 0.9999918174223877 -0.001112444058432344 -0.003994274899648366 0.001097557830259831 0.9999918387773852 -0.00605245841357771 -0.5846581180909851 -0.9874121197490595
FixedParameters: 0 0 0
#Transform 22
Transform: MatrixOffsetTransformBase_double_3_3
Parameters: 0.9999818211902193 0.004327604521272581 0.00429536484633707 -0.004322399517637203 0.9999895950541683 -0.0013125903022284738 -0.0043006402389810395 0.0012944122210094672 0.9999898278751967 -0.010977339503469352 -0.6073151075400745 -1.080759880526415
FixedParameters: 0 0 0
#Transform 23
Transform: MatrixOffsetTransformBase_double_3_3
Parameters: 0.9999807008182324 0.003940016813387767 0.004875949454253584 -0.00393498267118499 0.9999914381163992 -0.0010382064493533857 -0.00488004896979003 0.001018791816284539 0.9999871470579311 -0.018491674012580006 -0.5950004854808668 -0.9927640204553825
FixedParameters: 0 0 0
#Transform 24
Transform: MatrixOffsetTransformBase_double_3_3
Parameters: 0.9999671078021831 0.004453833897263122 0.0067124209010713965 -0.0044621650761528684 0.9999896447967694 0.0012020871492282948 -0.006706569956255712 -0.001231910020094609 0.9999765007816765 -0.04982418824340584 -0.6758444673149313 -1.0442718975934255
FixedParameters: 0 0 0
#Transform 25
Transform: MatrixOffsetTransformBase_double_3_3
Parameters: 0.9999510805584191 0.005481756225201654 0.008238171510312519 -0.005503237495772378 0.9999811725260074 0.0025577870050391516 -0.00822382400161413 -0.0026032068657587705 0.9999625897397597 -0.020444293708720807 -0.6826932644066943 -1.296122875186711
FixedParameters: 0 0 0
#Transform 26
Transform: MatrixOffsetTransformBase_double_3_3
Parameters: 0.9999609426619178 0.005366041803750892 0.007018326617317054 -0.00537296183646428 0.9999851838049139 0.0009733287726869608 -0.007013673306509785 -0.0010106750981401622 0.9999747906863443 -0.021012293716808017 -0.7259635259316042 -1.1422787750374397
FixedParameters: 0 0 0
#Transform 27
Transform: MatrixOffsetTransformBase_double_3_3
Parameters: 0.9999761809487349 0.006218459531522465 0.0030254870218268666 -0.006224544904460728 0.9999785942978999 0.002158220178075539 -0.003011516460081317 -0.0021767798840369125 0.9999931904149476 -0.060144489498682674 -0.658591355295215 -1.2692412551508667
FixedParameters: 0 0 0
#Transform 28
Transform: MatrixOffsetTransformBase_double_3_3
Parameters: 0.9999754004065267 0.0053507862834800395 0.004578930133293407 -0.005355216302926111 0.9999854967711015 0.0009085017026365827 -0.004574069781609724 -0.0009334983354386761 0.9999892071321503 -0.05647768997005187 -0.7044293317755717 -1.127103925629946
FixedParameters: 0 0 0
#Transform 29
Transform: MatrixOffsetTransformBase_double_3_3
Parameters: 0.9999567871629428 0.005627523910059664 0.007452684643843132 -0.005638480728578779 0.9999828938487104 0.0015200445109389625 -0.007444323329394525 -0.0015619612312274202 0.9999711438368641 -0.09312768241601077 -0.6963112327875081 -1.2892807538260769
FixedParameters: 0 0 0
#Transform 30
Transform: MatrixOffsetTransformBase_double_3_3
Parameters: 0.9999449022800239 0.006252903111973797 0.008425740142697102 -0.006266101595344067 0.999979397892673 0.0015292884801135576 -0.008416266279124528 -0.001581713984416812 0.9999636650870797 -0.09896886243902259 -0.7184937150915118 -1.2852403139434614
FixedParameters: 0 0 0
#Transform 31
Transform: MatrixOffsetTransformBase_double_3_3
Parameters: 0.9999313737208024 0.007385852820214284 0.00911450900309035 -0.007384151977648658 0.9999724186694523 -0.00023631919358951337 -0.009115507435422388 0.00016968592743017924 0.9999588726299475 -0.07682894527523842 -0.7948129331281422 -1.3712293503691768
FixedParameters: 0 0 0
#Transform 32
Transform: MatrixOffsetTransformBase_double_3_3
Parameters: 0.9999513474662004 0.005635427483746866 0.00805543254802803 -0.005655572513003237 0.9999805941937654 0.0025335647021779407 -0.008041571986603793 -0.002578442672838095 0.9999646866447216 -0.058302600166285856 -0.7579876965440349 -1.2650095366932916
FixedParameters: 0 0 0
#Transform 33
Transform: MatrixOffsetTransformBase_double_3_3
Parameters: 0.9999726680126727 0.006847819300279681 0.0029044252885995765 -0.006848179468158726 0.9999761004075199 0.000052111374499306494 -0.0029045761135489236 -0.00007189195985634293 0.9999955599169847 -0.00758408127107657 -0.6784216464924242 -1.206584596216011
FixedParameters: 0 0 0
#Transform 34
Transform: MatrixOffsetTransformBase_double_3_3
Parameters: 0.9999728108740772 0.007038629388747725 0.0021547468905500477 -0.007041363804653259 0.9999742266205106 0.001092856913577676 -0.0021472516385500654 -0.0011081434004591706 0.9999971620193303 -0.04857864040236848 -0.7347387310495606 -1.044589031084854
FixedParameters: 0 0 0
#Transform 35
Transform: MatrixOffsetTransformBase_double_3_3
Parameters: 0.9999780649014615 0.006511602505003428 0.001239977464520738 -0.006514397718253454 0.9999749625810742 0.002755983982482296 -0.001222025230492458 -0.002764019204075666 0.9999958669154227 -0.06707101950580352 -0.6995723372147467 -1.311850081536754
FixedParameters: 0 0 0
#Transform 36
Transform: MatrixOffsetTransformBase_double_3_3
Parameters: 0.9999591763038913 0.0071011923182120245 0.005513603575026334 -0.00712080235037697 0.9999684686058649 0.0035808856725391583 -0.005487396068460158 -0.0036201156018711464 0.9999787798850547 -0.10575070816949506 -0.8065517632166603 -1.3421528419758602
FixedParameters: 0 0 0
#Transform 37
Transform: MatrixOffsetTransformBase_double_3_3
Parameters: 0.9999739095063308 0.006641607610477311 0.0028244538128221787 -0.0066493976425623215 0.9999749380623422 0.0026172873985614515 -0.0028065444926267417 -0.002635708762762476 0.9999921742465303 -0.047992367820128834 -0.7436959953079878 -1.4267492354489164
FixedParameters: 0 0 0
#Transform 38
Transform: MatrixOffsetTransformBase_double_3_3
Parameters: 0.9999680766117289 0.007355778354910522 0.002968438217406967 -0.007366213546821177 0.9999668670777824 0.0034452408140985174 -0.0029435506830847074 -0.003467759807483842 0.9999893143002302 -0.08315099962780437 -0.7509779382466775 -1.2555735764415132
FixedParameters: 0 0 0
#Transform 39
Transform: MatrixOffsetTransformBase_double_3_3
Parameters: 0.999971961554817 0.007134766145996101 0.0022665365774706663 -0.007139232199178321 0.9999716938799261 0.0023088824602349777 -0.0022504632020128776 -0.00232512078162563 0.999994530524631 -0.064146392925295 -0.7246174960064735 -1.2358355582072775
FixedParameters: 0 0 0
#Transform 40
Transform: MatrixOffsetTransformBase_double_3_3
Parameters: 0.9999730833921553 0.006911995424074133 0.002672208760694509 -0.006919019001155597 0.9999732422723381 0.0026235845947466135 -0.0026537911495028523 -0.002642417136415696 0.9999929755230434 -0.035804675897423976 -0.7656901207189577 -1.4762053654259333
FixedParameters: 0 0 0
#Transform 41
Transform: MatrixOffsetTransformBase_double_3_3
Parameters: 0.9999665058196016 0.007833908851136096 0.0024746158675949194 -0.007846093600117982 0.9999572718863416 0.004915749788996044 -0.0024353822699935642 -0.004935245067766984 0.9999847117450569 -0.07477649700882694 -0.8381453629915256 -1.3443388230587274
FixedParameters: 0 0 0
#Transform 42
Transform: MatrixOffsetTransformBase_double_3_3
Parameters: 0.9999680429972889 0.006952097290774435 0.003824537572820613 -0.00696489312863146 0.9999701335134485 0.0033694688177243744 -0.0038004555124998077 -0.0033965283248484665 0.9999870196896619 -0.08318005659397443 -0.693315950155764 -1.3076686759221445
FixedParameters: 0 0 0
#Transform 43
Transform: MatrixOffsetTransformBase_double_3_3
Parameters: 0.9999453713442491 0.008596900048043503 0.005892422961684914 -0.00861709157161052 0.9999572274534717 0.003393408731866237 -0.005862566558197107 -0.0034445869905609383 0.9999767640802475 -0.06363177075650128 -0.7315700732803805 -1.2549424355142307
FixedParameters: 0 0 0
#Transform 44
Transform: MatrixOffsetTransformBase_double_3_3
Parameters: 0.9999569810694141 0.008015062407135391 0.004558226985007314 -0.008034929021343099 0.9999583251270223 0.004371561744431268 -0.004522765665346385 -0.004408438620679478 0.9999801107356704 -0.07710827370851803 -0.8182496375098367 -1.2975494122432565
FixedParameters: 0 0 0
#Transform 45
Transform: MatrixOffsetTransformBase_double_3_3
Parameters: 0.9999686900458826 0.007360613693626937 0.0028523375608821766 -0.007369386421581284 0.9999678325590824 0.003294082386874608 -0.0028276540246379685 -0.0033159163217832974 0.999990011041911 -0.07121199452934945 -0.704277246859192 -1.2447601622980216
FixedParameters: 0 0 0
#Transform 46
Transform: MatrixOffsetTransformBase_double_3_3
Parameters: 0.9999747316970236 0.006989868602053078 0.001186596242962965 -0.006993131820939199 0.9999720451819407 0.0026557681734705268 -0.0011684079151714339 -0.002663233406922317 0.9999955404279206 -0.019380862464913662 -0.71905285768662 -1.3635258120771283
FixedParameters: 0 0 0
#Transform 47
Transform: MatrixOffsetTransformBase_double_3_3
Parameters: 0.9999637033896539 0.00813367117043137 0.002477199179581645 -0.008141333278347505 0.9999629348807624 0.002963939454728592 -0.0024527963510336077 -0.0029840581308826545 0.9999920788056398 -0.06310332178239264 -0.6689396096901561 -1.2668379075104
FixedParameters: 0 0 0
#Transform 48
Transform: MatrixOffsetTransformBase_double_3_3
Parameters: 0.9999590506835527 0.008392184205275635 0.0033943511121398125 -0.008403807458361933 0.9999582566646834 0.0034806164779367216 -0.0033646477400302998 -0.003509379877200995 0.9999883634067265 -0.09201721048364675 -0.7010135546231737 -1.2592756919008892
FixedParameters: 0 0 0
#Transform 49
Transform: MatrixOffsetTransformBase_double_3_3
Parameters: 0.9999670744851131 0.007201352635999616 0.0037503300487668183 -0.007214655643757017 0.9999677026355738 0.003639065167157003 -0.0037246745099491665 -0.0036659460668734237 0.9999866897675005 -0.07496994418441716 -0.627142927792903 -1.2629959429840483
FixedParameters: 0 0 0
#Transform 50
Transform: MatrixOffsetTransformBase_double_3_3
Parameters: 0.9999534527532329 0.009013226438636326 0.0035072243880103055 -0.00902878457641716 0.9999506665768394 0.0042215326542455215 -0.003468778290782893 -0.004252464935715172 0.9999848808479503 -0.08965768562924836 -0.7530180249703875 -1.221118288556852
FixedParameters: 0 0 0
#Transform 51
Transform: MatrixOffsetTransformBase_double_3_3
Parameters: 0.9999666372656387 0.007996057105650208 0.0015575855968281483 -0.008000937461754516 0.9999627922079202 0.0031926424686897882 -0.0015314182503541813 -0.0032043503197430965 0.999993383884769 -0.05108100248131109 -0.676422164716115 -1.3648778098320093
FixedParameters: 0 0 0
#Transform 52
Transform: MatrixOffsetTransformBase_double_3_3
Parameters: 0.9999631223476307 0.008194823475301677 0.0023911983250586924 -0.008203178647740787 0.999960944536995 0.0034295120521719534 -0.0023637961600592224 -0.003449499103006741 0.9999915169509199 -0.08636734052056738 -0.7473761445799454 -1.2118183780987124
FixedParameters: 0 0 0
#Transform 53
Transform: MatrixOffsetTransformBase_double_3_3
Parameters: 0.9999631723974902 0.00837976316791466 0.001898748440985932 -0.008386240688292848 0.9999597641727652 0.0033021989565901358 -0.0018702434399210848 -0.003318795123121207 0.9999924889597279 -0.044953856051236585 -0.6742881572123309 -1.3796184840986925
FixedParameters: 0 0 0
#Transform 54
Transform: MatrixOffsetTransformBase_double_3_3
Parameters: 0.9999696149853732 0.007447521517569747 0.0024321268209304544 -0.0074564838544622 0.9999661743942628 0.0034969722755924786 -0.0024058724324572656 -0.0035150257194189417 0.9999908560732286 -0.07889877072432228 -0.7094574344856568 -1.2168991240577256
FixedParameters: 0 0 0
#Transform 55
Transform: MatrixOffsetTransformBase_double_3_3
Parameters: 0.9999592917358662 0.008609368486446202 0.002754461631514433 -0.008619640522521576 0.9999556988381403 0.003872415957387145 -0.002721533917861682 -0.003896590094271314 0.9999884134637502 -0.07038537462319994 -0.7619196784380478 -1.3447095270765885
FixedParameters: 0 0 0
#Transform 56
Transform: MatrixOffsetTransformBase_double_3_3
Parameters: 0.9999669928751487 0.007669419982521106 0.002681556796015663 -0.007678578338412555 0.9999642130378783 0.003580527989519148 -0.002653441053278951 -0.003601469576557547 0.9999899887753871 -0.06217785845002766 -0.7672243525770028 -1.2147166942905798
FixedParameters: 0 0 0
#Transform 57
Transform: MatrixOffsetTransformBase_double_3_3
Parameters: 0.9999687463509608 0.007889726768235282 0.00010316215014821625 -0.007889263980638361 0.999964137418975 0.002935275307444889 -0.0000798421104594172 -0.0029357191280583324 0.9999953743227684 -0.014921893190305013 -0.6750358589973615 -1.3281935932722035
FixedParameters: 0 0 0
#Transform 58
Transform: MatrixOffsetTransformBase_double_3_3
Parameters: 0.999972845761406 0.007199992977847886 0.0015210756010748455 -0.007203999517171139 0.999970115771867 0.002643113495551222 -0.0015019260373094017 -0.0026538854747317243 0.9999957006735455 -0.061434757983320765 -0.7347267853040478 -1.2433361887578869
FixedParameters: 0 0 0
#Transform 59
Transform: MatrixOffsetTransformBase_double_3_3
Parameters: 0.9999751522533251 0.006951757262329108 0.0007248077221191489 -0.006953236253315208 0.9999708242802919 0.003134035962509568 -0.0007031940589360654 -0.0031389642821310344 0.999994652418957 -0.05769926711195694 -0.7405122365739487 -1.2845038815024594
FixedParameters: 0 0 0
#Transform 60
Transform: MatrixOffsetTransformBase_double_3_3
Parameters: 0.9999551723267684 0.008338615842046728 0.004392072701989803 -0.00835738008494669 0.9999566517900509 0.0041834792681507285 -0.004356914263040484 -0.004220517801188263 0.9999812060011428 -0.07864530585342777 -0.8107445022034625 -1.3053913934658326
FixedParameters: 0 0 0
#Transform 61
Transform: MatrixOffsetTransformBase_double_3_3
Parameters: 0.9999363596942745 0.009314943478641313 0.006314158676392537 -0.009336044059556061 0.9999508627715311 0.0033122588000466424 -0.006282824931763634 -0.0033717360548875964 0.9999741582426689 -0.07981120668920028 -0.8006828984559746 -1.3932376874056516
FixedParameters: 0 0 0
#Transform 62
Transform: MatrixOffsetTransformBase_double_3_3
Parameters: 0.9999458774965703 0.008289706072098653 0.006276552091264869 -0.00831530099010719 0.9999577361170607 0.0040150281094939125 -0.006243449156147063 -0.004066978670927348 0.9999724809741308 -0.08824509516870194 -0.8375931140118524 -1.3578422640136267
FixedParameters: 0 0 0
#Transform 63
Transform: MatrixOffsetTransformBase_double_3_3
Parameters: 0.9999669778645481 0.007701818585371923 0.0025885048190772797 -0.0077121908346059155 0.9999629348062876 0.0039481685710107085 -0.0025584949197204085 -0.003967837321143284 0.9999887108673244 -0.06848934263182116 -0.7410729996422845 -1.3128672119525149
FixedParameters: 0 0 0
#Transform 64
Transform: MatrixOffsetTransformBase_double_3_3
Parameters: 0.999945812321313 0.009936315973210905 0.0032336001406624267 -0.009951686681116012 0.999938229996853 0.004871083828020293 -0.003185404243095542 -0.004902916513752769 0.9999828151956771 -0.081688484101619 -0.856978249279905 -1.28961155699524
FixedParameters: 0 0 0
#Transform 65
Transform: MatrixOffsetTransformBase_double_3_3
Parameters: 0.9999506337149289 0.009554422944285147 0.002841008632218251 -0.009563577440178352 0.9999494145984106 0.0030209802247561967 -0.0028119934908787526 -0.003048018729255075 0.999991802239437 -0.09269566681432195 -0.722652196942704 -1.444960453453028
FixedParameters: 0 0 0
#Transform 66
Transform: MatrixOffsetTransformBase_double_3_3
Parameters: 0.9999374710312237 0.010603204460911791 0.0036195779365325266 -0.010619792682983938 0.9999325635719772 0.004652850094289496 -0.0035694204924564456 -0.004691138964606849 0.9999822507342215 -0.12218547477519337 -0.8416064583105936 -1.302183098639759
FixedParameters: 0 0 0
#Transform 67
Transform: MatrixOffsetTransformBase_double_3_3
Parameters: 0.9999463794387123 0.00973817607296799 0.003575868897919455 -0.009747823830801266 0.9999484671922436 0.0027402893725766873 -0.0035491347069235087 -0.002774710264846329 0.9999897041969823 -0.09351123783415005 -0.7586812608869025 -1.4391611461099245
FixedParameters: 0 0 0
#Transform 68
Transform: MatrixOffsetTransformBase_double_3_3
Parameters: 0.9999389172290105 0.010342920117183572 0.004012499647553262 -0.010357094286996191 0.9999404371637409 0.0035056580029467336 -0.003976498573249836 -0.0035473469739839693 0.9999856068004511 -0.08296128648359513 -0.8877780413613863 -1.4314112569070971
FixedParameters: 0 0 0
#Transform 69
Transform: MatrixOffsetTransformBase_double_3_3
Parameters: 0.9999495164272305 0.009560711016235625 0.003011650253785518 -0.009565290511847966 0.999953508870149 0.0014132632851526605 -0.0029983471797214757 -0.0014417383783063137 0.9999939319380732 -0.06380536773855283 -0.8125762462255892 -1.4503273641222734
FixedParameters: 0 0 0
#Transform 70
Transform: MatrixOffsetTransformBase_double_3_3
Parameters: 0.9999665982846624 0.007841594670869596 0.0024320048787533958 -0.007848402944486988 0.9999640940820674 0.0030500152505695453 -0.00240800040205083 -0.0030689857970762377 0.9999927827598828 -0.04788057675366986 -0.7402748226123208 -1.405986656290807
FixedParameters: 0 0 0
#Transform 71
Transform: MatrixOffsetTransformBase_double_3_3
Parameters: 0.9999632895600238 0.007777682654380284 0.0034947933375408017 -0.007795316834922056 0.9999575430331059 0.004968936710872702 -0.0034561989792411814 -0.004996061961323867 0.9999810947104738 -0.05477819574292653 -0.8575999047666869 -1.3234524425310354
FixedParameters: 0 0 0
#Transform 72
Transform: MatrixOffsetTransformBase_double_3_3
Parameters: 0.9999395263286726 0.010904015672380335 0.0012541116549907771 -0.010909970716269162 0.9999283202537635 0.004862610828667885 -0.0012008845899226074 -0.004876388450097069 0.9999877803086687 -0.09775579156314507 -0.8876186234093382 -1.4102303109778234
FixedParameters: 0 0 0
#Transform 73
Transform: MatrixOffsetTransformBase_double_3_3
Parameters: 0.9999169348537601 0.012356456342607089 0.0036582496620244805 -0.012374553622641785 0.9999109276151011 0.00509215775804054 -0.0035947568157848773 -0.005136849097699308 0.9999806884692019 -0.15635573726413554 -0.8546366115380124 -1.3262345862286935
FixedParameters: 0 0 0
#Transform 74
Transform: MatrixOffsetTransformBase_double_3_3
Parameters: 0.9999099411480045 0.012103660182902442 0.005792134641709627 -0.012128331855155472 0.9999173860539861 0.004185128537821247 -0.005740870572950313 -0.004254869287016766 0.9999749365415742 -0.12588828436739163 -1.031608277992106 -1.391412799783751
FixedParameters: 0 0 0
#Transform 75
Transform: MatrixOffsetTransformBase_double_3_3
Parameters: 0.9999531707619116 0.009477758928862216 0.001999418702655359 -0.00948123742821059 0.9999534913687592 0.0016171179881756849 -0.0019835811781751794 -0.001635875743269309 0.9999963882713914 -0.07732080148777243 -0.7856025793496286 -1.29234364007975
FixedParameters: 0 0 0
#Transform 76
Transform: MatrixOffsetTransformBase_double_3_3
Parameters: 0.9999639349308937 0.008367451073340275 0.0014328734352995142 -0.008370546644457319 0.9999617383195204 0.002488095086317173 -0.0014121280472167502 -0.0024999053619485113 0.9999957562948175 -0.06790611444243666 -0.7306681430567892 -1.3130073122915533
FixedParameters: 0 0 0
#Transform 77
Transform: MatrixOffsetTransformBase_double_3_3
Parameters: 0.9999658596855213 0.008139249134280192 0.0013733909357681714 -0.008142746082599763 0.9999646686917532 0.0020078849833095117 -0.0013566065610340432 -0.00201911030112531 0.999997082492446 -0.06081573963416531 -0.7510995943383989 -1.3758491145930734
FixedParameters: 0 0 0
#Transform 78
Transform: MatrixOffsetTransformBase_double_3_3
Parameters: 0.9999627427702446 0.008354013348016075 0.0021137831181726133 -0.008360973206859985 0.9999590982373735 0.0033154492079093194 -0.002085212970023339 -0.0033335430683040347 0.9999925394870138 -0.059286510122063873 -0.7409188594133127 -1.307887904431766
FixedParameters: 0 0 0
#Transform 79
Transform: MatrixOffsetTransformBase_double_3_3
Parameters: 0.9999603181694744 0.00885638131766529 -0.0004983333029115951 -0.008853618770039356 0.9999504954182488 0.0045945954150363785 0.0005386685420506916 -0.00459041254308863 0.9999896395501181 -0.04195757362062125 -0.8202104934200776 -1.3563900121725894
FixedParameters: 0 0 0
#Transform 80
Transform: MatrixOffsetTransformBase_double_3_3
Parameters: 0.9999687457530052 0.007937812472316836 -0.0004926804333436339 -0.00793619445229272 0.9999622719499087 0.0035700216392128537 0.0005213199337705191 -0.0035659733651525125 0.9999930120893668 -0.020080426274660113 -0.7253188179891197 -1.392735529130384
FixedParameters: 0 0 0
#Transform 81
Transform: MatrixOffsetTransformBase_double_3_3
Parameters: 0.9999497947450615 0.009368505273467774 0.0035266762897123577 -0.009379488674419898 0.9999504161634932 0.003256082043258433 -0.0034963217704813963 -0.003288917451219818 0.9999879594771476 -0.04510604240270766 -0.947049987676607 -1.4661311346233603
FixedParameters: 0 0 0
#Transform 82
Transform: MatrixOffsetTransformBase_double_3_3
Parameters: 0.9999746782441514 0.007070317819359075 0.0005715131186547231 -0.007071684377671488 0.9999745506671223 0.0012019891517890723 -0.0005634859148196085 -0.0012060148377093921 0.9999992283027639 0.021824193387601554 -0.8090524365575362 -1.453916478234163
FixedParameters: 0 0 0
#Transform 83
Transform: MatrixOffsetTransformBase_double_3_3
Parameters: 0.999970511820674 0.007608094772353916 0.0012667005939916336 -0.007611912302452036 0.9999663865843262 0.0031094522094778218 -0.001243297050998474 -0.0031195536356756408 0.999994724662324 -0.05318265899197172 -0.865851758968688 -1.3701942167602965
FixedParameters: 0 0 0
#Transform 84
Transform: MatrixOffsetTransformBase_double_3_3
Parameters: 0.9999664625212286 0.00769057565104908 0.002718232046481139 -0.007697413832008803 0.9999671867081185 0.002359155401106706 -0.0026997695442897997 -0.0023798422369596616 0.9999940465560321 -0.042819663483882664 -0.7626546455813354 -1.4765267952463503
FixedParameters: 0 0 0
#Transform 85
Transform: MatrixOffsetTransformBase_double_3_3
Parameters: 0.9999667878850899 0.00786610715504147 0.0020827185536289585 -0.007875882128368891 0.9999570870507497 0.004783754811458445 -0.0020442891282045628 -0.004799239171808937 0.9999867828956686 -0.028439061960511935 -0.8650012984561215 -1.3437577541595402
FixedParameters: 0 0 0
#Transform 86
Transform: MatrixOffsetTransformBase_double_3_3
Parameters: 0.9999696783916798 0.007653736353254042 0.0016549669501905197 -0.007661267349286763 0.9999606874406407 0.004429455183245148 -0.0016210358960430955 -0.004441541675297662 0.9999886428477622 0.016324479628877953 -0.8229619488979409 -1.4141355099130095
FixedParameters: 0 0 0
#Transform 87
Transform: MatrixOffsetTransformBase_double_3_3
Parameters: 0.9999624553694441 0.00782816215093434 0.0036420615285983585 -0.007842834393747056 0.9999608627978986 0.00407758783430426 -0.003609942175764844 -0.004105412185363516 0.9999851110629785 0.0024832361292226324 -0.9190731705594715 -1.4841914341035718
FixedParameters: 0 0 0
#Transform 88
Transform: MatrixOffsetTransformBase_double_3_3
Parameters: 0.9999728377327862 0.007396267627396017 0.000677564694467018 -0.007398737837293493 0.9999642063871561 0.004129102207743644 -0.0006464380405572766 -0.004133896686426493 0.9999914921491154 0.03838345933802145 -0.9261030056995736 -1.4022342949845452
FixedParameters: 0 0 0
#Transform 89
Transform: MatrixOffsetTransformBase_double_3_3
Parameters: 0.9999720734671862 0.007369707397042407 0.0007867747948494261 -0.007371289894587185 0.9999689456671095 0.0029512838919877435 -0.0007642218230855025 -0.0029577157062019143 0.9999956693833092 0.017012152159026073 -0.7613285399211662 -1.3934201233763162
FixedParameters: 0 0 0
#Transform 90
Transform: MatrixOffsetTransformBase_double_3_3
Parameters: 0.9999511441235406 0.00845809011754441 0.005128972161679145 -0.008478902263218485 0.9999561227534627 0.003871701040368293 -0.005096026125195087 -0.003915293872685619 0.9999797018490935 -0.04740991897007518 -0.8816308565283748 -1.3217572544856822
FixedParameters: 0 0 0
#Transform 91
Transform: MatrixOffsetTransformBase_double_3_3
Parameters: 0.9999556640558669 0.008687392239960718 0.0037235694487091514 -0.008699621520376087 0.9999568539811723 0.0033847601700396075 -0.003694434701748698 -0.0034172502236807898 0.9999876758539836 -0.03225987469835445 -0.8513305922047465 -1.5183927385407685
FixedParameters: 0 0 0
#Transform 92
Transform: MatrixOffsetTransformBase_double_3_3
Parameters: 0.9999560237618924 0.008752766447579663 0.0033703169496716915 -0.008764235421489144 0.999956080726882 0.0033326076915451896 -0.0033416773178920126 -0.0033623961791154583 0.9999885309539671 -0.009658336260812916 -0.9127796978145568 -1.504428624323218
FixedParameters: 0 0 0
#Transform 93
Transform: MatrixOffsetTransformBase_double_3_3
Parameters: 0.9999617269087292 0.00805985970878931 0.003362821183568187 -0.00807113771504174 0.999961887108676 0.0033119838574609214 -0.0033361763774219897 -0.0033390158074784754 0.9999887214177592 0.001916413836553943 -0.9111239814159973 -1.4759414476366999
FixedParameters: 0 0 0
#Transform 94
Transform: MatrixOffsetTransformBase_double_3_3
Parameters: 0.9999711921527925 0.007162937305878937 0.0023449555078301947 -0.007173057576247394 0.9999649690316406 0.004310301689388746 -0.0023140443359767043 -0.0043266980248849556 0.9999879235341352 0.00429591433145049 -0.7850400942372033 -1.3522509097156714
FixedParameters: 0 0 0
#Transform 95
Transform: MatrixOffsetTransformBase_double_3_3
Parameters: 0.9999636658499892 0.007887743374610831 0.0031806044787457024 -0.007904244749737773 0.9999552057625889 0.005130042097949733 -0.0031393921908962463 -0.005154946018521678 0.999981568230023 0.005011941843562795 -0.8780798076804359 -1.2741891229694957
FixedParameters: 0 0 0
#Transform 96
Transform: MatrixOffsetTransformBase_double_3_3
Parameters: 0.9999630204778293 0.007410160241235413 0.004479649455665505 -0.007424847445647263 0.9999669402276754 0.00330586481188684 -0.0044553590718305145 -0.0033391416485398064 0.9999850017413985 -0.01988738883909491 -0.6750477882801533 -1.283090151001197
FixedParameters: 0 0 0
#Transform 97
Transform: MatrixOffsetTransformBase_double_3_3
Parameters: 0.9999660572312613 0.00775465133287123 0.0026099931770671328 -0.007755337620728468 0.9999695937775256 0.0005047756459961666 -0.002606005387896676 -0.0005252263857419873 0.9999969329938386 -0.02453476792950937 -0.7374768114133161 -0.9722481293475056
FixedParameters: 0 0 0
#Transform 98
Transform: MatrixOffsetTransformBase_double_3_3
Parameters: 0.9999671217745932 0.006861592014015874 0.004218333073329929 -0.00687140062551326 0.9999738617767505 0.002219085154381801 -0.00420265991091624 -0.002247908921395864 0.9999882827922497 0.019265692956622615 -0.7613702461830627 -1.4396610654899362
FixedParameters: 0 0 0
#Transform 99
Transform: MatrixOffsetTransformBase_double_3_3
Parameters: 0.9999633405943518 0.007129967161177619 0.00467168059309291 -0.007135025790027239 0.9999739655056346 0.0010607054257381601 -0.0046633097979607765 -0.0010942884911847419 0.9999880530400764 0.01088523121399021 -0.7270579555266039 -1.0435288952873663
FixedParameters: 0 0 0
#Transform 100
Transform: MatrixOffsetTransformBase_double_3_3
Parameters: 0.9999703688753266 0.007517806029662408 0.0014531312042510198 -0.00752319221257224 0.9999654267775743 0.0036021758322589055 -0.0014258698145846811 -0.0036128277420358584 0.9999929135063206 0.02843024764408142 -0.6901439812666155 -1.3041188994649957
FixedParameters: 0 0 0
#Transform 101
Transform: MatrixOffsetTransformBase_double_3_3
Parameters: 0.9999647600398222 0.007533360835413382 0.003806116198085612 -0.0075496453882092154 0.9999618431304256 0.0043764215061054155 -0.0037738851996558056 -0.004405587387067872 0.9999833542357236 -0.02866556352870475 -0.7828076911845727 -1.298980071900239
FixedParameters: 0 0 0
#Transform 102
Transform: MatrixOffsetTransformBase_double_3_3
Parameters: 0.9999688030521612 0.007563015033371744 0.0024487002201601465 -0.007569997225424022 0.9999675243014189 0.0028585541940284362 -0.002427305537743245 -0.0028764491434141864 0.9999928333351076 -0.013805618245854134 -0.7724521313239308 -1.4281800324956038
FixedParameters: 0 0 0
#Transform 103
Transform: MatrixOffsetTransformBase_double_3_3
Parameters: 0.9999653326061366 0.00756472631037299 0.0035268006710450052 -0.00757327177768911 0.9999681795145755 0.002338371179224673 -0.0035092030015126206 -0.0023646276750508384 0.9999910937820604 -0.011148330983942856 -0.7555850548294956 -1.1413279664208176
FixedParameters: 0 0 0
#Transform 104
Transform: MatrixOffsetTransformBase_double_3_3
Parameters: 0.9999758701983724 0.006698114914076921 -0.0018069998991315634 -0.006699884274684403 0.999977030811115 -0.0010389181455243408 0.0017999988176846972 0.001051081730825947 0.9999976553105395 0.0886146350811714 -0.2453760550547912 -0.0933540037160725
FixedParameters: 0 0 0
#Transform 105
Transform: MatrixOffsetTransformBase_double_3_3
Parameters: 0.999967678519759 0.006372494678730476 0.004869591347178341 -0.006375508872210918 0.9999798523236996 0.0007049767803683011 -0.004865406245511265 -0.0007360286773177533 0.9999877879349642 0.02740500560445014 -0.2917710664671347 -0.3761539926044293
FixedParameters: 0 0 0
#Transform 106
Transform: MatrixOffsetTransformBase_double_3_3
Parameters: 0.9999724718771745 0.006805776461432692 0.0028660400370119693 -0.006801218335623876 0.9999759785592581 -0.0013265287393355659 -0.002874953894682493 0.0013064693245777332 0.9999950269272803 0.023607547765877257 -0.2545283207001603 -0.5441791257200563
FixedParameters: 0 0 0
#Transform 107
Transform: MatrixOffsetTransformBase_double_3_3
Parameters: 0.9999741390921135 0.006068192485945886 0.003746589100335514 -0.006062794590166797 0.999980288245305 -0.001397749872022347 -0.0037554028664435433 0.001374245939401367 0.9999920088101403 0.018960730846131923 -0.21220376039633493 -0.5502984884676607
FixedParameters: 0 0 0
#Transform 108
Transform: MatrixOffsetTransformBase_double_3_3
Parameters: 0.9999663107353157 0.006947967249549349 0.004406183113769822 -0.00694304016533267 0.9999754923997197 -0.001140630782161289 -0.004413817712105568 0.001110370396830534 0.999989284790326 -0.0058106621560938265 -0.32259743544742037 -0.5884042380930197
FixedParameters: 0 0 0
#Transform 109
Transform: MatrixOffsetTransformBase_double_3_3
Parameters: 0.9999680584228792 0.007154590761336741 0.003427505844279672 -0.00715140166064979 0.9999737365269804 -0.0010595442392751923 -0.003435491602983536 0.0010354524363033546 0.999993127351836 0.01612232508708189 -0.28840569573640096 -0.6603556545057998
FixedParameters: 0 0 0
#Transform 110
Transform: MatrixOffsetTransformBase_double_3_3
Parameters: 0.9999572978409383 0.008154028224899358 0.004383385061135582 -0.008150984176393683 0.9999670605289744 -0.0007067596347614814 -0.004388619468444228 0.0006712443185274361 0.9999902878470935 -0.020388704977193584 -0.39230685209047067 -0.6221161442008523
FixedParameters: 0 0 0
#Transform 111
Transform: MatrixOffsetTransformBase_double_3_3
Parameters: 0.9999590986451292 0.008512251981583577 0.0030730195405571812 -0.008508755242637564 0.9999634557530619 -0.001068191245508727 -0.0030819855794187584 0.0010428079979006065 0.9999944146865841 0.0006259149004819164 -0.35361285453659264 -0.7534030503677371
FixedParameters: 0 0 0
#Transform 112
Transform: MatrixOffsetTransformBase_double_3_3
Parameters: 0.999954184380435 0.008352945839485724 0.004587181439885895 -0.008347050992390127 0.9999645988363038 -0.001314349026417424 -0.004597808444649947 0.0012756525524832598 0.9999882314146601 0.026169059601841127 -0.47234163945394414 -0.8369573141634419
FixedParameters: 0 0 0
#Transform 113
Transform: MatrixOffsetTransformBase_double_3_3
Parameters: 0.9999585785805999 0.00839196644456438 0.003604520748303542 -0.008384042812817493 0.9999627865506518 -0.0022183139289090243 -0.0036234790940537385 0.002187684110693688 0.9999910854021767 -0.006833985968640377 -0.46830071865737466 -0.8774239401930757
FixedParameters: 0 0 0
#Transform 114
Transform: MatrixOffsetTransformBase_double_3_3
Parameters: 0.9999496588400546 0.009430145862199065 0.0033784391376093493 -0.009425848081827648 0.9999546074658765 -0.0012419061514680149 -0.0033895571882224633 0.0012100958503252122 0.9999930451434238 -0.03734889170213762 -0.4779952845054396 -0.8474594773145796
FixedParameters: 0 0 0
#Transform 115
Transform: MatrixOffsetTransformBase_double_3_3
