#Insight Transform File V1.0
#Transform 0
Transform: MatrixOffsetTransformBase_double_3_3
Parameters: 0.999993418931274 -0.0004638220848343167 -0.0035163627229840245 0.00045466463298978816 0.9999964122595517 -0.002724415086457821 0.0035178679321152674 0.0027225878693971917 0.9999901716849966 -0.26381417951809283 -0.19073164928222752 -0.12251054837665265
FixedParameters: 0 0 0
#Transform 1
Transform: MatrixOffsetTransformBase_double_3_3
Parameters: 0.9999947019214854 -0.0006577683601019611 -0.0031408896570402694 0.0006470660063662512 0.9999940800715696 -0.0034200817388893856 0.003143176679267285 0.00341791945419323 0.9999892425953268 -0.22946172270134468 -0.16037597163833084 -0.15442443641019565
FixedParameters: 0 0 0
#Transform 2
Transform: MatrixOffsetTransformBase_double_3_3
Parameters: 0.9999951438299083 -0.0006761887594548444 -0.0030656957467763628 0.000668612033162859 0.9999964230028274 -0.00251509274476297 0.0030674953301912896 0.00251290634035492 0.9999920803863042 -0.23584295617106932 -0.2403110845146017 -0.12699287723923192
FixedParameters: 0 0 0
#Transform 3
Transform: MatrixOffsetTransformBase_double_3_3
Parameters: 0.9999942649103806 -0.0005498158810661815 -0.0033814557890031118 0.00053965369012892 0.9999951555514437 -0.0030976430623589346 0.003382655117228833 0.003095361622514864 0.9999899326179891 -0.23983571437356943 -0.18977588198212914 -0.15851941727980545
FixedParameters: 0 0 0
#Transform 4
Transform: MatrixOffsetTransformBase_double_3_3
Parameters: 0.9999949200706943 -0.0007844235898845615 -0.003076251875914716 0.0007769217514051944 0.9999963708212484 -0.0024944331566160993 0.0030785630687166525 0.0024915658105070515 0.9999921191035389 -0.23987445084503634 -0.21805743776162956 -0.157316629500869
FixedParameters: 0 0 0
#Transform 5
Transform: MatrixOffsetTransformBase_double_3_3
Parameters: 0.9999946630227525 -0.0005572343089712268 -0.003166574683901681 0.0005476420400800444 0.9999954394775173 -0.0029077785927986433 0.0031680076544002814 0.0029062166837248715 0.9999903221817955 -0.23167407622149483 -0.21289339569386811 -0.15175245101009693
FixedParameters: 0 0 0
#Transform 6
Transform: MatrixOffsetTransformBase_double_3_3
Parameters: 0.9999944634439515 -0.00047662513892138936 -0.00336270570127064 0.00046667761113308606 0.9999958685837097 -0.0028203847503531776 0.003364566712303737 0.0028186150301288126 0.9999906956229794 -0.22755627236537634 -0.15497576779650046 -0.1298611787686781
FixedParameters: 0 0 0
#Transform 7
Transform: MatrixOffsetTransformBase_double_3_3
Parameters: 0.999993889512055 -0.0006972194422897576 -0.0034094409811245984 0.0006882787477393478 0.9999962029668765 -0.002749201828743636 0.003411271774576571 0.0027468018527557203 0.9999905834528986 -0.21311645387010003 -0.23506498648684726 -0.14605309823414814
FixedParameters: 0 0 0
#Transform 8
Transform: MatrixOffsetTransformBase_double_3_3
Parameters: 0.9999952590458594 -0.0006044681894263741 -0.0030619755947257415 0.0005969572511970827 0.9999964914089122 -0.002668026817006147 0.0030634002955223522 0.002664975400518438 0.9999915471274382 -0.2281986191515557 -0.16232118900637715 -0.17709368653510182
FixedParameters: 0 0 0
#Transform 9
Transform: MatrixOffsetTransformBase_double_3_3
Parameters: 0.9999939233468322 -0.000686169714971287 -0.0035505063603952754 0.0006776120930999127 0.9999968206665459 -0.0024480667276140233 0.003552064630904047 0.002445936136806076 0.9999911269982132 -0.250394195226022 -0.18908350679662078 -0.1489508501213379
FixedParameters: 0 0 0
#Transform 10
Transform: MatrixOffsetTransformBase_double_3_3
Parameters: 0.999993568530887 -0.0006274003481144389 -0.003469683779358217 0.0006170843065180509 0.9999947284113362 -0.0031819972585530876 0.0034712706153388374 0.0031800033685252804 0.9999886024815328 -0.24783165766149295 -0.2005102493513249 -0.17478537599158983
FixedParameters: 0 0 0
#Transform 11
Transform: MatrixOffsetTransformBase_double_3_3
Parameters: 0.9999926655576337 -0.0004718798047527194 -0.0038873184707296352 0.00046052341964692215 0.9999956501465297 -0.0028732233359194947 0.003888802850773243 0.002871776334001791 0.9999885128022541 -0.25903657356647614 -0.16406091994407745 -0.16642126945497182
FixedParameters: 0 0 0
#Transform 12
Transform: MatrixOffsetTransformBase_double_3_3
Parameters: 0.9999901123768878 -0.00037129724490703284 -0.0044438824414869535 0.00035810409901476604 0.9999951970160742 -0.003073759734435133 0.004445316886883526 0.0030712398483343784 0.9999850347116999 -0.259679144673882 -0.21674822461470455 -0.16315119765533836
FixedParameters: 0 0 0
#Transform 13
Transform: MatrixOffsetTransformBase_double_3_3
Parameters: 0.999991389117461 -0.00040139430767825366 -0.004055985831134395 0.00038876760634662475 0.9999950306901695 -0.00315201313913277 0.0040568867606874835 0.0031509861379617754 0.9999864943934332 -0.29976924188898124 -0.1552529039208821 -0.1663390385959076
FixedParameters: 0 0 0
#Transform 14
Transform: MatrixOffsetTransformBase_double_3_3
Parameters: 0.9999935699423597 -0.0005029598407316789 -0.0036298645926995565 0.0004929585266779316 0.9999954825051219 -0.002890413225264482 0.003631548353991384 0.002888588059116931 0.9999893889220969 -0.25756658678226074 -0.19660349668164656 -0.13760569187085991
FixedParameters: 0 0 0
#Transform 15
Transform: MatrixOffsetTransformBase_double_3_3
Parameters: 0.9999928779009776 -0.0006160797488024906 -0.003706834893817802 0.0006038515726394561 0.9999934686688128 -0.0035269052399383993 0.0037093494659722714 0.003525094195227174 0.9999865437173293 -0.2488818651003868 -0.20586230719223408 -0.16680761397198296
FixedParameters: 0 0 0
#Transform 16
Transform: MatrixOffsetTransformBase_double_3_3
Parameters: 0.9999924739075715 -0.0007107523400824456 -0.0037445080821441133 0.0007016861440404831 0.9999964293441926 -0.0025202879409038925 0.003746089457233802 0.0025177105125485655 0.9999893537792224 -0.2356108237729302 -0.1794964752183148 -0.1395362826596056
FixedParameters: 0 0 0
#Transform 17
Transform: MatrixOffsetTransformBase_double_3_3
Parameters: 0.9999926636310639 -0.000802765394569414 -0.0037001867811058673 0.0007919214665447927 0.9999958591629176 -0.0027905941076643848 0.003702657813885008 0.0027874040652468846 0.999989247345236 -0.23656792846206542 -0.21114771344434757 -0.157650814515236
FixedParameters: 0 0 0
#Transform 18
Transform: MatrixOffsetTransformBase_double_3_3
Parameters: 0.9999919678810064 -0.0007944399110310718 -0.0039244043761352855 0.0007834990537973646 0.999996033740606 -0.002768547806052263 0.003926596326623321 0.002765453690065506 0.999988621467631 -0.24098554688437446 -0.15855429717022673 -0.14856376645408886
FixedParameters: 0 0 0
#Transform 19
Transform: MatrixOffsetTransformBase_double_3_3
Parameters: 0.9999929303577657 -0.0008483937913599982 -0.003654111674230973 0.0008377392443117795 0.9999960752254884 -0.0027727642514466244 0.003655827965352554 0.002770235927350845 0.9999894926239703 -0.2320452674261162 -0.23828644539101163 -0.14896107241931134
FixedParameters: 0 0 0
#Transform 20
Transform: MatrixOffsetTransformBase_double_3_3
Parameters: 0.9999931933361953 -0.0008901761634057433 -0.0034658891966313343 0.0008794961680152183 0.999994961098636 -0.00295474955070707 0.0034691393773682547 0.0029522476173457213 0.999989785827624 -0.24325954490609547 -0.15485601353464062 -0.17174500448214758
FixedParameters: 0 0 0
#Transform 21
Transform: MatrixOffsetTransformBase_double_3_3
Parameters: 0.9999940629101972 -0.000690312266237643 -0.0033853365630753993 0.0006804013743042648 0.9999961139066683 -0.00276715841163111 0.0033873490579203764 0.002764841771212251 0.999990647416164 -0.21240366566479452 -0.21592559580699344 -0.1280127153941919
FixedParameters: 0 0 0
#Transform 22
Transform: MatrixOffsetTransformBase_double_3_3
Parameters: 0.9999930639349303 -0.0009213848297549922 -0.0034768291622663972 0.0009106878204240887 0.999995228454132 -0.0030610631549225775 0.0034792799157215243 0.003057938021817669 0.9999891142922587 -0.23842501987682851 -0.2067082019025719 -0.17216517507506524
FixedParameters: 0 0 0
#Transform 23
Transform: MatrixOffsetTransformBase_double_3_3
Parameters: 0.9999930527933232 -0.0009454707413611023 -0.0034719901359212832 0.0009356149994409264 0.9999964652530439 -0.002662143396700345 0.003474235600719655 0.0026588570915938026 0.9999904309475829 -0.23390381898624923 -0.16333939775543627 -0.1510214180478897
FixedParameters: 0 0 0
#Transform 24
Transform: MatrixOffsetTransformBase_double_3_3
Parameters: 0.9999927057857374 -0.0012707285142405725 -0.0035605122900612134 0.0012605650311508943 0.9999945793414061 -0.0029142290970161633 0.003564728957756267 0.002909767331186086 0.9999891668703579 -0.22690529908146573 -0.23991933275311794 -0.15320139896233798
FixedParameters: 0 0 0
#Transform 25
Transform: MatrixOffsetTransformBase_double_3_3
Parameters: 0.9999932746515404 -0.0009081906258793977 -0.0034499016306412736 0.0008967295221752097 0.9999942182908642 -0.0031959496186786673 0.0034525120783427546 0.003192045510373581 0.9999886529876266 -0.2400084748062028 -0.15905320942920298 -0.18185801812785485
FixedParameters: 0 0 0
#Transform 26
Transform: MatrixOffsetTransformBase_double_3_3
Parameters: 0.9999935039598192 -0.0008002077118991899 -0.0035853803332806 0.0007909803575802566 0.9999956020706088 -0.002654495489638392 0.0035876252023139673 0.0026515012624136747 0.9999898250078748 -0.22852969250220667 -0.22663817984307855 -0.14782699149600376
FixedParameters: 0 0 0
#Transform 27
Transform: MatrixOffsetTransformBase_double_3_3
Parameters: 0.9999935429784952 -0.0008752606588040335 -0.003418884499435017 0.0008652354004209898 0.9999943327973224 -0.003186814258827969 0.00342205612772004 0.003183185990871612 0.9999889216159721 -0.2295936931675584 -0.20758116422497608 -0.17102839058087227
FixedParameters: 0 0 0
#Transform 28
Transform: MatrixOffsetTransformBase_double_3_3
Parameters: 0.999993808194012 -0.000815638088105547 -0.0033954039169034685 0.0008049634622502305 0.9999958583222208 -0.0029866308634142746 0.0033972853976592496 0.0029843736722585112 0.9999901233443409 -0.23686573171340797 -0.15030879239422745 -0.16210039688206734
FixedParameters: 0 0 0
#Transform 29
Transform: MatrixOffsetTransformBase_double_3_3
Parameters: 0.9999939601126888 -0.0008784289191810763 -0.0033570172982258493 0.0008685465069557003 0.9999953778770947 -0.003048812713780602 0.0033591867285573365 0.0030461931189884606 0.999990007606578 -0.2267853033019236 -0.23289069801299433 -0.14208431625294793
FixedParameters: 0 0 0
#Transform 30
Transform: MatrixOffsetTransformBase_double_3_3
Parameters: 0.9999931537144164 -0.0009695060880132804 -0.0034506101509860394 0.0009591686638372612 0.9999944334105031 -0.00317420508412683 0.003453376746585922 0.003170794221942136 0.9999885906783216 -0.23443297062307522 -0.15281913620171395 -0.1527299044977184
FixedParameters: 0 0 0
#Transform 31
Transform: MatrixOffsetTransformBase_double_3_3
Parameters: 0.9999930972566439 -0.000799211088277476 -0.003501871449522984 0.0007889686470557132 0.9999954575366958 -0.0028624260713689675 0.0035044386840332297 0.002859575002485265 0.9999902689886332 -0.22670058682972183 -0.23325420430556676 -0.13496302922955294
FixedParameters: 0 0 0
#Transform 32
Transform: MatrixOffsetTransformBase_double_3_3
Parameters: 0.9999925778198165 -0.001929580217059365 -0.0032706586256388837 0.001920470870984179 0.9999944357859921 -0.002801488783322703 0.0032765137464690207 0.002794510254917143 0.9999904843417 -0.21102134587833632 -0.1900452224996485 -0.15925898203987288
FixedParameters: 0 0 0
#Transform 33
Transform: MatrixOffsetTransformBase_double_3_3
Parameters: 0.9999935590257713 -0.0014443647463482647 -0.0033695322659472553 0.001432478806855608 0.9999938400509066 -0.003304804884246254 0.0033748983249900135 0.0033001941672265445 0.9999889058327833 -0.22212872392474026 -0.1431292740303718 -0.1367818052015366
FixedParameters: 0 0 0
#Transform 34
Transform: MatrixOffsetTransformBase_double_3_3
Parameters: 0.9999880750077923 -0.0021826034462347037 -0.004490047165970295 0.0021676585658774745 0.9999918385771797 -0.003324875790136572 0.004497406558807576 0.003315120574591046 0.9999841914443988 -0.2128012101449599 -0.24070787033437568 -0.15120917762462227
FixedParameters: 0 0 0
#Transform 35
Transform: MatrixOffsetTransformBase_double_3_3
Parameters: 0.9999931223887584 -0.0016917487788883317 -0.003318638242879108 0.001680912912574378 0.9999921940494476 -0.003462592950297938 0.003324797366864549 0.0034574023856671077 0.9999879850012209 -0.21118840323386223 -0.15752814892894662 -0.15359358452090532
FixedParameters: 0 0 0
#Transform 36
Transform: MatrixOffsetTransformBase_double_3_3
Parameters: 0.9999921201323392 -0.002198020698028694 -0.003470989576212065 0.0021888504103710154 0.9999939791668069 -0.0027616925192649744 0.0034769933224033348 0.0027543087523627385 0.9999899277407006 -0.2194641168307072 -0.22210909909165366 -0.13866822689756475
FixedParameters: 0 0 0
#Transform 37
Transform: MatrixOffsetTransformBase_double_3_3
Parameters: 0.999992475204257 -0.002145234083999647 -0.003304549325496476 0.0021350105733471676 0.9999923605729492 -0.003207112859577338 0.0033119682099568243 0.003199887015382652 0.9999895896749269 -0.20109410271449235 -0.17657870694623057 -0.1590020695061014
FixedParameters: 0 0 0
#Transform 38
Transform: MatrixOffsetTransformBase_double_3_3
Parameters: 0.9999955509817299 -0.0009379683801230077 -0.0029273850236241376 0.0009286579720663244 0.9999951398660911 -0.0028958022049166976 0.0029302264655095517 0.0028931946305274236 0.9999916547896245 -0.1948768391137179 -0.16677358232793438 -0.11744454800236781
FixedParameters: 0 0 0
#Transform 39
Transform: MatrixOffsetTransformBase_double_3_3
Parameters: 0.9999937656419308 -0.002279120991492029 -0.002653591613572675 0.0022726600110994986 0.99999462372299 -0.002509661638101429 0.00265851809630901 0.002503343663533747 0.9999935767631951 -0.18902545522958292 -0.24932386430914733 -0.0619056690859594
FixedParameters: 0 0 0
#Transform 40
Transform: MatrixOffsetTransformBase_double_3_3
Parameters: 0.9999938682169149 -0.0021413102472100792 -0.0029230577052940616 0.0021355787696049327 0.9999956303362417 -0.00222167845256388 0.002928023957421686 0.002215325565870202 0.999993394342808 -0.19484043894301806 -0.13969421427006523 -0.09569378451331545
FixedParameters: 0 0 0
#Transform 41
Transform: MatrixOffsetTransformBase_double_3_3
Parameters: 0.9999965650390558 -0.001666276371916605 -0.0021583659356175632 0.0016631182735858776 0.9999974934283766 -0.0015493248939851267 0.00216076701559272 0.0015456754470302148 0.9999962820858448 -0.20143077210816784 -0.21538217897320067 -0.007825220984088332
FixedParameters: 0 0 0
#Transform 42
Transform: MatrixOffsetTransformBase_double_3_3
Parameters: 0.9999962844301583 -0.0019594955962805327 -0.001968749371478383 0.0019574535341382775 0.9999974286491417 -0.0011667814359088702 0.0019707571578297103 0.0011622190962600476 0.999997143654032 -0.1516820695283485 -0.17265021333867026 0.03244592840273697
FixedParameters: 0 0 0
#Transform 43
Transform: MatrixOffsetTransformBase_double_3_3
Parameters: 0.9999982861871761 -0.001494689570393536 -0.0012160399507560597 0.0014934398820449924 0.9999984301192777 -0.0012388582089780942 0.0012183621831770857 0.0012361429101011845 0.9999987932505662 -0.18008356106794565 -0.15169709745306648 0.002508671233542259
FixedParameters: 0 0 0
#Transform 44
Transform: MatrixOffsetTransformBase_double_3_3
Parameters: 0.9999978752568102 -0.001568142763230295 -0.001290835874151531 0.0015663288811893653 0.9999982204204722 -0.001309103007937823 0.0012925799143743279 0.0013068979041090112 0.999998233102264 -0.17344758716119202 -0.1863530756534857 0.0011319692894318223
FixedParameters: 0 0 0
#Transform 45
Transform: MatrixOffsetTransformBase_double_3_3
Parameters: 0.9999949724445427 -0.0021604082225338823 -0.002088062739202365 0.0021577760291409008 0.9999966563511344 -0.001241279875652146 0.0020908594736239834 0.0012367196500218391 0.9999972458437246 -0.16164856047655007 -0.16414925290217752 0.00005253855422893139
FixedParameters: 0 0 0
#Transform 46
Transform: MatrixOffsetTransformBase_double_3_3
Parameters: 0.9999987049738817 -0.001430297060784755 -0.00111726896691479 0.0014300444269992637 0.9999983356662197 -0.0009026378853804751 0.0011184719836006512 0.0009003622523848509 0.9999987439015797 -0.17188802575658713 -0.24501177888821246 0.035852780005456
FixedParameters: 0 0 0
#Transform 47
Transform: MatrixOffsetTransformBase_double_3_3
Parameters: 0.9999964764165944 -0.002277151130271823 -0.0015291240424659363 0.002274817666374711 0.9999962570719214 -0.0015306403584530448 0.0015325502364858278 0.0015273594702975013 0.999997543651385 -0.15659670540281923 -0.1179322795631208 0.0053881042972818705
FixedParameters: 0 0 0
#Transform 48
Transform: MatrixOffsetTransformBase_double_3_3
Parameters: 0.9999948308623334 -0.002532346342319799 -0.0019377421567427081 0.0025294345435797967 0.999995624185268 -0.001408910053486867 0.0019423080604538965 0.0014040868679164598 0.9999972501849256 -0.16959569391886475 -0.24302992615366747 -0.0017862937981760751
FixedParameters: 0 0 0
#Transform 49
Transform: MatrixOffsetTransformBase_double_3_3
Parameters: 0.9999950244395294 -0.0025187725096631553 -0.0019058951604704972 0.0025148674913746914 0.9999952749538417 -0.001845804996063849 0.0019104629973448386 0.0018411967087662295 0.9999969524755812 -0.14633157654881757 -0.20937930533681026 0.0035796904912643868
FixedParameters: 0 0 0
#Transform 50
Transform: MatrixOffsetTransformBase_double_3_3
Parameters: 0.9999962880742693 -0.002586301091719564 -0.0010117482396981969 0.0025851398137972433 0.9999963069566585 -0.0008629692151589374 0.0010140478357381951 0.0008610310014683098 0.9999994950266385 -0.1488106401071434 -0.18206958070005896 0.042740258739911496
FixedParameters: 0 0 0
#Transform 51
Transform: MatrixOffsetTransformBase_double_3_3
Parameters: 0.9999984723180766 -0.0015767739247108971 -0.0002048805913086544 0.0015764400009080379 0.99999855844174 -0.0003325561044942027 0.00020494876839071067 0.000332444311074348 0.9999996927635791 -0.14118034005504398 -0.28247088247911734 0.0663208435262419
FixedParameters: 0 0 0
#Transform 52
Transform: MatrixOffsetTransformBase_double_3_3
Parameters: 0.9999979418841595 -0.002218683585114595 -0.0003664011697406208 0.002219016048410113 0.9999970103106052 -0.000613279699566649 0.0003679435576838821 0.0006127189914871267 0.9999991800355807 -0.12981751032616273 -0.13859476224509137 0.04152073726305616
FixedParameters: 0 0 0
#Transform 53
Transform: MatrixOffsetTransformBase_double_3_3
Parameters: 0.9999964177985523 -0.0025351259760991256 -0.00039411299652437453 0.0025349373034350715 0.99999678679187 -0.000239659168159434 0.0003953247463841426 0.0002383390922403028 0.9999995167650177 -0.13936710527060825 -0.1948434204926741 0.03513035544423815
FixedParameters: 0 0 0
#Transform 54
Transform: MatrixOffsetTransformBase_double_3_3
Parameters: 0.9999975544852827 -0.002291072063701664 -0.00044327869371316246 0.002290817247484143 0.9999969785754105 -0.0002874816750300657 0.000444593699957155 0.00028651629996123695 0.9999994111724791 -0.14158100662487527 -0.03963608905043259 0.011259514647164792
FixedParameters: 0 0 0
#Transform 55
Transform: MatrixOffsetTransformBase_double_3_3
Parameters: 0.9999976626473978 -0.002266703431474617 -0.0004475366681974919 0.0022659748855053032 0.9999968616837028 -0.0005922875710244191 0.000449239749956929 0.0005917113795936291 1.000000100035604 -0.1338316882878985 -0.14357432067387776 0.025483404210191907
FixedParameters: 0 0 0
#Transform 56
Transform: MatrixOffsetTransformBase_double_3_3
Parameters: 0.9999963447853043 -0.0026587442623403033 -0.0007641458047504873 0.002658806662823524 0.9999954706905961 -0.0009825394226432027 0.0007670091390869664 0.0009804589731189917 0.9999989474079435 -0.1391979444039606 -0.19631910804028507 0.041403483950304576
FixedParameters: 0 0 0
#Transform 57
Transform: MatrixOffsetTransformBase_double_3_3
Parameters: 0.9999978921738032 -0.0022128503104816843 -0.00045817420953939007 0.002212979082354326 0.9999969445065423 -0.0007122876006364076 0.00046014747977598906 0.0007117116419243508 0.9999999337784858 -0.13838334237350125 -0.13496505097980105 0.03826524799353592
FixedParameters: 0 0 0
#Transform 58
Transform: MatrixOffsetTransformBase_double_3_3
Parameters: 0.9999966519292695 -0.0026862692210249052 -0.0003622602012622382 0.002686307924967242 0.9999964886509225 -0.0007526358899135333 0.00036414219367474846 0.0007513657380663619 1.0000000322671119 -0.12291247520549575 -0.268283601193275 0.03840746024282282
FixedParameters: 0 0 0
#Transform 59
Transform: MatrixOffsetTransformBase_double_3_3
Parameters: 0.9999965614310778 -0.0026154757081916914 -0.0007717369067727288 0.002615423205581706 0.9999967231267347 -0.0010467600542834465 0.0007748525840438113 0.0010452399273402913 0.9999986500684729 -0.09960798705154161 -0.13404313294600456 0.02956086288726567
FixedParameters: 0 0 0
#Transform 60
Transform: MatrixOffsetTransformBase_double_3_3
Parameters: 0.9999958573807204 -0.0028342002354696965 -0.0003328692245761775 0.0028336335723901213 0.9999961277126411 -0.0005526443026220573 0.00033502044217258707 0.0005523545994671197 1.000000119155302 -0.1152972466354214 -0.23868470341682269 0.04422869988869138
FixedParameters: 0 0 0
#Transform 61
Transform: MatrixOffsetTransformBase_double_3_3
Parameters: 0.9999959118839598 -0.002692780869864387 -0.0009145537803944704 0.0026917308792310207 0.9999957088737662 -0.001320011146315997 0.0009183198451792454 0.0013179889907310172 0.9999987234796024 -0.09112835795781393 -0.16247242425052377 0.025351085743295698
FixedParameters: 0 0 0
#Transform 62
Transform: MatrixOffsetTransformBase_double_3_3
Parameters: 0.9999967929328557 -0.0025830943218791745 -0.0007321062613818053 0.0025817790896198577 0.9999954873834962 -0.0011613979411071729 0.0007349616412035774 0.0011595998784496853 0.9999986120259305 -0.11451791492532948 -0.20594201919485045 0.045042440508950676
FixedParameters: 0 0 0
#Transform 63
Transform: MatrixOffsetTransformBase_double_3_3
Parameters: 0.9999943448103187 -0.003177778499062325 -0.0012476811231218478 0.003175811650504106 0.9999940203665889 -0.0013355535664808516 0.001252817539032181 0.0013314442505870105 0.9999987679903712 -0.07000199446321176 -0.20763916086943368 0.049450836427581635
FixedParameters: 0 0 0
#Transform 64
Transform: MatrixOffsetTransformBase_double_3_3
Parameters: 0.9999964025350977 -0.0024824594174611917 -0.0011971895582868859 0.0024807043968397267 0.9999956535957328 -0.00171132688024353 0.0012021428081442594 0.0017086726619804093 0.9999979007248213 -0.1157844177311631 -0.11538896798214182 0.027975013194719622
FixedParameters: 0 0 0
#Transform 65
Transform: MatrixOffsetTransformBase_double_3_3
Parameters: 0.9999950046864997 -0.0028304014108303122 -0.001409574341311155 0.0028272867806107085 0.9999946245277546 -0.001519381510244111 0.0014138435124108032 0.001515616271937803 0.9999977745355326 -0.08239410055415419 -0.19056090610730791 0.029519840542903353
FixedParameters: 0 0 0
#Transform 66
Transform: MatrixOffsetTransformBase_double_3_3
Parameters: 0.999994211669368 -0.002859234880844479 -0.0016166602418998266 0.002855001398256456 0.9999929430923907 -0.002455055974562942 0.0016238074109872261 0.002450941191334849 0.9999952341155435 -0.09534033806032483 -0.13167582131200106 0.01914575598542001
FixedParameters: 0 0 0
#Transform 67
Transform: MatrixOffsetTransformBase_double_3_3
Parameters: 0.9999947157874165 -0.003211416085240119 -0.00098577812666145 0.0032092101234457047 0.9999925354207818 -0.002003950187138115 0.0009921608817251874 0.002001047125455624 0.9999971603289738 -0.10129316449106796 -0.2021644734115 0.03251445693911137
FixedParameters: 0 0 0
#Transform 68
Transform: MatrixOffsetTransformBase_double_3_3
Parameters: 0.9999939423960045 -0.003081473422159504 -0.0016013611577879886 0.0030780896655776485 0.9999928060580578 -0.0019103284804433962 0.0016064383220025084 0.0019046709096335601 0.9999968591987122 -0.09088840424233524 -0.19698868593528118 0.03243167334058228
FixedParameters: 0 0 0
#Transform 69
Transform: MatrixOffsetTransformBase_double_3_3
Parameters: 0.999993550461413 -0.0030780830919720195 -0.0017241446094741224 0.0030744218953458065 0.9999928133558351 -0.002420746230976545 0.0017319538747160384 0.00241525801216097 0.9999960435942268 -0.09659752195410931 -0.15646198552614976 0.040303890344617344
FixedParameters: 0 0 0
#Transform 70
Transform: MatrixOffsetTransformBase_double_3_3
Parameters: 0.9999944159521781 -0.0030335648451792086 -0.001543181178164679 0.0030310971897076467 0.9999938763992309 -0.0017491161041097159 0.0015480842021647556 0.0017448859964733776 0.9999974355090284 -0.08099532573135093 -0.20195647539442518 0.037985679248876636
FixedParameters: 0 0 0
#Transform 71
Transform: MatrixOffsetTransformBase_double_3_3
Parameters: 0.9999932566525945 -0.0032921989682850356 -0.0013805462528510115 0.003289500723049567 0.9999934289042495 -0.001683175309135504 0.0013861158148483436 0.001678826749475948 0.9999981762011336 -0.0941136509116518 -0.14767531669274092 0.04241586247616169
FixedParameters: 0 0 0
#Transform 72
Transform: MatrixOffsetTransformBase_double_3_3
Parameters: 0.999995105575816 -0.002781739632332695 -0.001075974990939733 0.00277997630942802 0.9999951113759812 -0.0013625406291625508 0.0010792281147779495 0.001359459714171951 0.9999982895472687 -0.11861188875036532 -0.19140634440989857 0.049835209602406394
FixedParameters: 0 0 0
#Transform 73
Transform: MatrixOffsetTransformBase_double_3_3
Parameters: 0.9999939313395738 -0.003198984191790881 -0.0016836977325437987 0.003195206007674518 0.9999921651419614 -0.0022228604912835903 0.0016910261806893485 0.0022181366578283845 0.9999959049191867 -0.09256772387435319 -0.17330480513851398 0.03531031199537438
FixedParameters: 0 0 0
#Transform 74
Transform: MatrixOffsetTransformBase_double_3_3
Parameters: 0.9999926030389505 -0.003337163865992785 -0.0020644329052551583 0.0033320012977574773 0.9999917431562808 -0.0023393635824925374 0.002071960982631618 0.002331635881917704 0.9999949507068414 -0.08386022136537008 -0.2129983583545254 0.0516036513250242
FixedParameters: 0 0 0
#Transform 75
Transform: MatrixOffsetTransformBase_double_3_3
Parameters: 0.9999909187907188 -0.003701552269982009 -0.0020927139959563265 0.003696470395035738 0.9999899185805688 -0.00247430304554741 0.002101765157811213 0.0024666967742565937 0.9999947933963383 -0.05632505196723514 -0.1946770549114092 0.04878988893131009
FixedParameters: 0 0 0
#Transform 76
Transform: MatrixOffsetTransformBase_double_3_3
Parameters: 0.9999936689809145 -0.0031881745979613165 -0.001779477656672545 0.0031843536360199186 0.9999925282420623 -0.002336112303886806 0.0017862970023714328 0.0023298944169461433 0.9999962548945387 -0.07217776415623689 -0.13908530068273706 0.034842794720745474
FixedParameters: 0 0 0
#Transform 77
Transform: MatrixOffsetTransformBase_double_3_3
Parameters: 0.9999926433417183 -0.0030607186254962265 -0.0022338976510888698 0.0030553397637750964 0.9999921558529218 -0.0024299223231702416 0.002240492850902089 0.0024230799898245503 0.9999947116191286 -0.07002030155557293 -0.21800357478501553 0.03411425492110709
FixedParameters: 0 0 0
#Transform 78
Transform: MatrixOffsetTransformBase_double_3_3
Parameters: 0.9999920507971847 -0.003183010988166762 -0.0021950349640591105 0.003177673697200244 0.9999920364074935 -0.0022852641217652736 0.0022024793734299816 0.0022777314713580687 0.9999946038629448 -0.07051967632720846 -0.18300849389100904 0.021458258574284628
FixedParameters: 0 0 0
#Transform 79
Transform: MatrixOffsetTransformBase_double_3_3
Parameters: 0.9999931003128721 -0.003014894085831871 -0.001951851504383766 0.003010846728170368 0.999993085397187 -0.002239126812243003 0.0019582575629938023 0.0022328772795977836 0.9999960154698491 -0.07302805380415123 -0.171508018259658 0.028874522692106552
FixedParameters: 0 0 0
#Transform 80
Transform: MatrixOffsetTransformBase_double_3_3
Parameters: 0.9999917660213764 -0.0030959132418886997 -0.002578356461826404 0.0030890877201134926 0.9999922133847471 -0.0026141049655798443 0.0025870365234267408 0.002605893303684992 0.9999929283629319 -0.07107631618718813 -0.21756397002872063 0.01857169601285591
FixedParameters: 0 0 0
#Transform 81
Transform: MatrixOffsetTransformBase_double_3_3
Parameters: 0.9999918474199585 -0.0032450174548031394 -0.0021499699144712277 0.0032394729479070868 0.9999912981327082 -0.0025622573547464667 0.0021583150849769717 0.0025547417868007627 0.9999944573737694 -0.08364818498270665 -0.14932978611098235 0.007765590312871495
FixedParameters: 0 0 0
#Transform 82
Transform: MatrixOffsetTransformBase_double_3_3
Parameters: 0.9999936385354998 -0.0032159157819563254 -0.0017376200944074337 0.0032121724254373756 0.999992205172583 -0.002145023458897083 0.0017445192117413572 0.002138975317802466 0.9999962569964762 -0.08726677805105965 -0.2367385713708785 0.014383683259694635
FixedParameters: 0 0 0
#Transform 83
Transform: MatrixOffsetTransformBase_double_3_3
Parameters: 0.9999921975498731 -0.003428410120923037 -0.002012190458817159 0.003422982173438668 0.9999907264760428 -0.0026584151355901753 0.002021155242316774 0.0026515854268690797 0.9999943729418085 -0.07791229045872683 -0.17970722851514154 0.007532890266290337
FixedParameters: 0 0 0
#Transform 84
Transform: MatrixOffsetTransformBase_double_3_3
Parameters: 0.9999936591820126 -0.003181824068160385 -0.0017929163893482042 0.0031780005198891394 0.9999925860585919 -0.002373182638010035 0.0018009248583498471 0.0023678200171025066 0.9999958345235799 -0.08963081832929731 -0.19025182210629055 0.004678130924844481
FixedParameters: 0 0 0
#Transform 85
Transform: MatrixOffsetTransformBase_double_3_3
Parameters: 0.9999918344695925 -0.003606803487188967 -0.001776799947329509 0.0036017568060218454 0.9999896399169677 -0.00262592723130875 0.0017866800039819913 0.002620070762943072 0.9999954342211533 -0.09547380571730457 -0.21733538701595023 0.011391154952718807
FixedParameters: 0 0 0
#Transform 86
Transform: MatrixOffsetTransformBase_double_3_3
Parameters: 0.9999921509851764 -0.003306733725135324 -0.00221690736040906 0.0033007410977610382 0.9999909685672671 -0.002585648951984515 0.0022257224565171785 0.0025783464825516467 0.9999938489068199 -0.09826941423668245 -0.14721133135462594 -0.0002593181138337286
FixedParameters: 0 0 0
#Transform 87
Transform: MatrixOffsetTransformBase_double_3_3
Parameters: 0.9999912769207406 -0.00363937789800504 -0.002116197794615868 0.00363359711666209 0.9999896815409007 -0.0026112562049349364 0.0021259364212429213 0.002603738886918311 0.9999939971969932 -0.09207306737859255 -0.22789969132278998 0.004090160369116802
FixedParameters: 0 0 0
#Transform 88
Transform: MatrixOffsetTransformBase_double_3_3
Parameters: 0.999993047247456 -0.0031228166134920003 -0.0020488776914183065 0.003117980264766864 0.9999910540804116 -0.002753679564161754 0.002057599943411211 0.0027473186860835497 0.9999938625901106 -0.08086580127095999 -0.15624715529142463 0.006045413720002557
FixedParameters: 0 0 0
#Transform 89
Transform: MatrixOffsetTransformBase_double_3_3
Parameters: 0.9999924296651597 -0.003527311192987684 -0.0017689543062910295 0.003522764855828084 0.9999906296489686 -0.0024979120330053117 0.0017775127093650784 0.0024910885382163628 0.9999953548865839 -0.09593661734861314 -0.19742837735040553 -0.00493066786296481
FixedParameters: 0 0 0
#Transform 90
Transform: MatrixOffsetTransformBase_double_3_3
Parameters: 0.9999916134194352 -0.003634891110737937 -0.0017815295525415566 0.003629775022446587 0.9999891326394215 -0.0028571890627388796 0.0017920570008079053 0.002850808390898074 0.9999941900553981 -0.09073881283688934 -0.18589876275127892 0.003174320037530265
FixedParameters: 0 0 0
#Transform 91
Transform: MatrixOffsetTransformBase_double_3_3
Parameters: 0.9999905086986798 -0.0032685984080815396 -0.0027941666454306914 0.0032614605550739966 0.9999913780125721 -0.002609101216300702 0.0028025334838304157 0.002599899500444036 0.9999925637579841 -0.0846034657374446 -0.16466673823964584 -0.027888641496943478
FixedParameters: 0 0 0
#Transform 92
Transform: MatrixOffsetTransformBase_double_3_3
Parameters: 0.9999925389823632 -0.0033972707168156936 -0.0019799501750324884 0.0033928287195245915 0.9999917125310894 -0.0022572027484856483 0.001987203907872818 0.002249799516860579 0.999995669869699 -0.08405595513332287 -0.22832980203251907 0.0056078419449505645
FixedParameters: 0 0 0
#Transform 93
Transform: MatrixOffsetTransformBase_double_3_3
Parameters: 0.9999917026936117 -0.003245199563871569 -0.0024011009925532113 0.0032394980033452273 0.9999916854265337 -0.0025319189491092853 0.0024090512546964793 0.0025240850887193744 0.9999942356164744 -0.07824600057607256 -0.14001993552805914 0.003817497295983685
FixedParameters: 0 0 0
#Transform 94
Transform: MatrixOffsetTransformBase_double_3_3
Parameters: 0.9999913565283516 -0.003359194005198462 -0.0025211273033577206 0.003352792810354299 0.9999910152253786 -0.0027436367219200453 0.002530874099055722 0.0027353664221314855 0.9999933314797157 -0.06903329255246149 -0.2110293501802829 0.018156927791935118
FixedParameters: 0 0 0
#Transform 95
Transform: MatrixOffsetTransformBase_double_3_3
Parameters: 0.9999919365961024 -0.003405983809762512 -0.0021128597237910565 0.0034002257318843008 0.9999911333257493 -0.0026107119236112863 0.002121377847686337 0.0026032896709133613 0.9999942102906619 -0.08001924608441868 -0.19022157942400497 0.000054630877670547306
FixedParameters: 0 0 0
#Transform 96
Transform: MatrixOffsetTransformBase_double_3_3
Parameters: 0.9999930315091258 -0.0030387519901171134 -0.002394183977470068 0.0030330979763634183 0.9999916305985943 -0.0025701668098305486 0.0024023045838267834 0.002562833028067313 0.9999942269955662 -0.07928784258780297 -0.14747513117247024 -0.004639773191982499
FixedParameters: 0 0 0
#Transform 97
Transform: MatrixOffsetTransformBase_double_3_3
Parameters: 0.9999907960770439 -0.0032984307911495077 -0.002706622561067703 0.0032911702340619126 0.999991562715639 -0.0025348963808651814 0.0027148544979623667 0.0025261053831268643 0.9999934264177828 -0.062188765234822085 -0.21680275767013768 -0.008083255258370059
FixedParameters: 0 0 0
#Transform 98
Transform: MatrixOffsetTransformBase_double_3_3
Parameters: 0.9999928998795252 -0.0030382733748827153 -0.0022063587976096817 0.0030331842800326338 0.9999923154198065 -0.0026159845428876394 0.002213777413657892 0.002609019177355343 0.9999939340662781 -0.0647197485144062 -0.13915944354671694 -0.00845179671314611
FixedParameters: 0 0 0
#Transform 99
Transform: MatrixOffsetTransformBase_double_3_3
Parameters: 0.9999915303911392 -0.0034661867360879983 -0.0021103920976103595 0.003462185452304506 0.999991318140745 -0.0020606351317662697 0.00211757627069847 0.002053363482795806 0.9999957497117252 -0.0660219678216265 -0.2046912022984344 -0.016980550478947976
FixedParameters: 0 0 0
#Transform 100
Transform: MatrixOffsetTransformBase_double_3_3
Parameters: 0.9999911657857474 -0.003657380404977547 -0.002112131793994253 0.003651473175750216 0.9999905344803396 -0.0024152799492089816 0.0021207290888123455 0.002407720427868104 0.9999950005712781 -0.07215071352494817 -0.17747574665176558 -0.02192643964892227
FixedParameters: 0 0 0
#Transform 101
Transform: MatrixOffsetTransformBase_double_3_3
Parameters: 0.9999917603091731 -0.003417542450626366 -0.002135206912178164 0.0034128557227360947 0.9999920380786653 -0.0021968114542013084 0.0021431184870415692 0.002189187425033212 0.9999951036845038 -0.05198873148511041 -0.169503982809303 -0.023120461282971405
FixedParameters: 0 0 0
#Transform 102
Transform: MatrixOffsetTransformBase_double_3_3
Parameters: 0.9999917642805786 -0.0034143107443183615 -0.0021401004015858295 0.0034096264682683336 0.9999913202848711 -0.002145625401350215 0.0021466695164447363 0.0021383738970170985 0.9999952676217658 -0.03316280627394974 -0.2090527548806307 -0.021953066380604014
FixedParameters: 0 0 0
#Transform 103
Transform: MatrixOffsetTransformBase_double_3_3
Parameters: 0.9999922857685187 -0.0032726038954032895 -0.0022365258315698686 0.0032664922237632733 0.9999909976006044 -0.002807640988409993 0.002246418411496971 0.002800358603500974 0.9999935632444291 -0.05561426473811082 -0.14469623610440863 -0.049003440516429464
FixedParameters: 0 0 0
#Transform 104
Transform: MatrixOffsetTransformBase_double_3_3
Parameters: 0.9999934795652827 -0.0031236941157460124 -0.0016628375125118532 0.003119223138735224 0.9999925952322933 -0.002399823700368481 0.0016699516738505082 0.0023941766260840713 0.9999953930619984 -0.09337960395197342 -0.20046758651137964 0.0007082375378928418
FixedParameters: 0 0 0
#Transform 105
Transform: MatrixOffsetTransformBase_double_3_3
Parameters: 0.9999986196577639 -0.000886763348111817 -0.0016106559974464068 0.0008813924021162026 0.9999941111394894 -0.0033682705242472633 0.0016134637957458317 0.0033667295145945186 0.9999928283221593 -0.22116000430966665 -0.1373728434276842 -0.04126505432657268
FixedParameters: 0 0 0
#Transform 106
Transform: MatrixOffsetTransformBase_double_3_3
Parameters: 0.9999983442340966 -0.001007132552165173 -0.0012811836379996216 0.0010035617398335274 0.9999955685642473 -0.0027671347862490703 0.0012839950686302035 0.002765865257348843 0.9999954685856942 -0.19746332368818287 -0.13774044189534607 -0.0554817763176203
FixedParameters: 0 0 0
#Transform 107
Transform: MatrixOffsetTransformBase_double_3_3
Parameters: 0.9999981554154466 -0.001004072745621683 -0.0013552189834806138 0.0009997932551960708 0.9999949546905176 -0.002877202341621199 0.0013582319498451566 0.0028757930085923367 0.9999946521878765 -0.18518771389042854 -0.23844253046455322 -0.06371365192501344
FixedParameters: 0 0 0
#Transform 108
Transform: MatrixOffsetTransformBase_double_3_3
Parameters: 0.9999988399065844 -0.0011266103954357992 -0.00137501518104013 0.001122074212399984 0.9999953983965236 -0.0029283952955668213 0.0013788470569738713 0.002926608376076889 0.999995300936783 -0.18814719254808665 -0.14218094405069337 -0.0824294376757706
FixedParameters: 0 0 0
#Transform 109
Transform: MatrixOffsetTransformBase_double_3_3
Parameters: 0.9999971835914441 -0.0016606960345371198 -0.0014346894355571063 0.001656814779398504 0.9999955762792642 -0.002509307258407062 0.001439279995282636 0.002507693132746125 0.9999960221319262 -0.18540711879498417 -0.22140073580411013 -0.023071031437197576
FixedParameters: 0 0 0
#Transform 110
Transform: MatrixOffsetTransformBase_double_3_3
Parameters: 0.9999988869967137 -0.0011305814894287517 -0.0009134795679855909 0.001127830657796956 0.9999938928984008 -0.003321072557390531 0.0009172472089633034 0.003319927140109119 0.9999939425864056 -0.22898869750787298 -0.13942671605796875 -0.05541024715984122
FixedParameters: 0 0 0
#Transform 111
Transform: MatrixOffsetTransformBase_double_3_3
Parameters: 0.9999998855362807 -0.0006575353639867023 -0.0008255992469005395 0.0006543369498251982 0.9999938645885634 -0.0035915832458739416 0.000828737613817007 0.003591419958989178 0.9999932231014843 -0.2738204629119565 -0.13642573699864613 -0.022842999527725283
FixedParameters: 0 0 0
#Transform 112
Transform: MatrixOffsetTransformBase_double_3_3
Parameters: 0.9999993319333346 -0.00045606814461840954 -0.0012079923075610976 0.00045182879418363984 0.9999946394683685 -0.003374396560801407 0.0012102653893852249 0.0033746081655930404 0.9999939178747534 -0.2550341746912892 -0.17775118485818098 -0.03948171031112224
FixedParameters: 0 0 0
#Transform 113
Transform: MatrixOffsetTransformBase_double_3_3
Parameters: 0.9999997923573353 -0.000810120989900253 -0.0007419847991772084 0.0008078237224118345 0.9999922159523645 -0.003914641113380191 0.0007455671005470962 0.003914359577292331 0.9999919296550654 -0.27915115624327314 -0.13539304473478353 -0.06171881503276211
FixedParameters: 0 0 0
#Transform 114
Transform: MatrixOffsetTransformBase_double_3_3
