#Insight Transform File V1.0
#Transform 0
Transform: MatrixOffsetTransformBase_double_3_3
Parameters: 0.9999978706319174 -0.000353785148347575 -0.0017332602287978532 0.00034944685720146357 0.9999972415047197 -0.0023824150864217297 0.0017341447015516718 0.0023815833986357005 0.999995281257701 -0.18535506494674792 -0.1679637829729188 -0.08659674255548566
FixedParameters: 0 0 0
#Transform 1
Transform: MatrixOffsetTransformBase_double_3_3
Parameters: 0.9999992736241459 -0.0005178533464845784 -0.0012076511098676557 0.0005141853161030796 0.9999955730419594 -0.00305866200225835 0.0012090367058044383 0.003058336799351774 0.9999939916900585 -0.20706737988517432 -0.11422563241217176 -0.07604405096378741
FixedParameters: 0 0 0
#Transform 2
Transform: MatrixOffsetTransformBase_double_3_3
Parameters: 0.9999980690483512 -0.0003423924011893785 -0.0016774107684779205 0.0003383068770210734 0.9999972302281976 -0.002386376843292376 0.0016782442907890733 0.0023856222551715545 0.9999954528056614 -0.1744811903448209 -0.20604251777076854 -0.08022087364024344
FixedParameters: 0 0 0
#Transform 3
Transform: MatrixOffsetTransformBase_double_3_3
Parameters: 0.9999989912476718 -0.0005440688216923535 -0.000844144561046131 0.0005423260817372085 0.9999966558988375 -0.002655460329288234 0.0008454557035213687 0.0026545425358305286 0.9999962372628004 -0.19131301268278378 -0.149409923775778 -0.0988631071115833
FixedParameters: 0 0 0
#Transform 4
Transform: MatrixOffsetTransformBase_double_3_3
Parameters: 0.9999988170822374 -0.00041692197426448674 -0.001417245394071484 0.0004139692776973144 0.9999969906893942 -0.0024243956660200683 0.0014184688498712272 0.002423605089376696 0.9999960748153491 -0.21394280686469358 -0.13771524013328929 -0.09262984057085077
FixedParameters: 0 0 0
#Transform 5
Transform: MatrixOffsetTransformBase_double_3_3
Parameters: 0.9999987661476467 -0.001113259382485592 -0.0009969535048454403 0.0011112874522117048 0.999997457834491 -0.00187114791073123 0.0009997389411396651 0.0018698488975140704 0.9999973107688268 -0.17690176105146804 -0.22333900470445656 -0.07184876403820795
FixedParameters: 0 0 0
#Transform 6
Transform: MatrixOffsetTransformBase_double_3_3
Parameters: 0.9999966199992573 -0.0008883940520075556 -0.0025673665295877957 0.0008980541294485529 0.9999928535822068 0.0035624420928191403 0.0025637596762517144 -0.003564553431041506 0.999990369241095 -0.194075492154397 -0.212812273234249 0.5389334985659815
FixedParameters: 0 0 0
#Transform 7
Transform: MatrixOffsetTransformBase_double_3_3
Parameters: 0.9999990226446793 -0.0005514477637035792 -0.0012935455388821296 0.0005516560206788271 0.9999999221365092 0.00008044117719738231 0.0012934567391126165 -0.00008055866440320747 0.9999990875478654 -0.1858179566662983 -0.050901375463453746 0.08355149961261077
FixedParameters: 0 0 0
#Transform 8
Transform: MatrixOffsetTransformBase_double_3_3
Parameters: 0.9999992410305759 -0.0008088989802912114 -0.0003234985100094224 0.0008089002757149412 0.9999993456768913 0.000001738321769251261 0.00032349527586738615 -0.000002261675195486257 0.9999998953456853 -0.1850329194438416 -0.1169980714292933 0.03521728917922928
FixedParameters: 0 0 0
#Transform 9
Transform: MatrixOffsetTransformBase_double_3_3
Parameters: 0.999999524134227 -0.000641708335458513 -0.00025313229253805453 0.0006416880839534167 0.9999995866232986 -0.00004016243202545344 0.00025318362955340824 0.00003983752977684829 0.9999999343109303 -0.1817166688095 -0.10027706232575895 0.03154268774166269
FixedParameters: 0 0 0
#Transform 10
Transform: MatrixOffsetTransformBase_double_3_3
Parameters: 0.9999990965918716 -0.0008528887245341386 -0.00041950939638520264 0.0008526805446581929 0.9999992112542616 -0.00024835769279643594 0.00041993237902787514 0.00024764182860667616 0.999999762329729 -0.1656841249479868 -0.15170090490374832 0.03774192987540914
FixedParameters: 0 0 0
#Transform 11
Transform: MatrixOffsetTransformBase_double_3_3
Parameters: 0.9999992487422994 -0.0007992254625821395 -0.00033540444801949675 0.0007990008998365713 0.9999994432861771 -0.00033430702001513435 0.0003359390559548492 0.0003346924025385001 0.9999995816759668 -0.17364520490278323 -0.096159476534595 0.025393621669095978
FixedParameters: 0 0 0
#Transform 12
Transform: MatrixOffsetTransformBase_double_3_3
Parameters: 0.9999998503600931 -0.0008804996070362036 -0.0006118496747901099 0.0008801960234331058 0.9999991634841721 -0.0002485385327039291 0.0006122863286550323 0.00024746086656890487 0.99999956386822 -0.15828582775277766 -0.22382516284795884 0.045617863263430536
FixedParameters: 0 0 0
#Transform 13
Transform: MatrixOffsetTransformBase_double_3_3
Parameters: 0.9999999395071314 -0.0007303307937099421 -0.0007256293196747485 0.0007304689604062285 0.9999991691854798 -0.0005803366772076657 0.0007262789277621475 0.0005796637183955178 1.0000000975214138 -0.15079081842102937 -0.15088530451832582 0.028201079383066485
FixedParameters: 0 0 0
#Transform 14
Transform: MatrixOffsetTransformBase_double_3_3
Parameters: 0.9999992327006842 -0.0004387988122427894 -0.0007581255358927071 0.00043826346836474324 0.9999996830821428 -0.0003533322153159435 0.0007584351391370157 0.0003526671549983207 0.9999993004007641 -0.16418773931430053 -0.15595733208101592 0.032322220920931954
FixedParameters: 0 0 0
#Transform 15
Transform: MatrixOffsetTransformBase_double_3_3
Parameters: 0.9999992424591131 -0.0004918681051138101 -0.0007178203605232988 0.0004923436978665624 0.9999998280382126 -0.00035139243997597824 0.0007179686543708807 0.00035160774161635544 0.9999991673165644 -0.14428813411687713 -0.1700932158984898 0.030680994588820454
FixedParameters: 0 0 0
#Transform 16
Transform: MatrixOffsetTransformBase_double_3_3
Parameters: 0.9999990898385493 0.00015745186088545293 -0.0009409411935172615 -0.0001588668557686523 0.9999994485519237 -0.0007516570850296389 0.0009407033201412672 0.000752342199568462 0.9999995102788046 -0.14819802155903972 -0.09446913664324086 0.02156626830857533
FixedParameters: 0 0 0
#Transform 17
Transform: MatrixOffsetTransformBase_double_3_3
Parameters: 0.9999993447394543 -0.000232983955886708 -0.0007752280903768752 0.0002326800504762379 0.9999999073736718 -0.0001961803728781908 0.0007753193603206939 0.00019581935520213145 0.9999993605338362 -0.1414933871514279 -0.15573887322366886 0.02988139846509341
FixedParameters: 0 0 0
#Transform 18
Transform: MatrixOffsetTransformBase_double_3_3
Parameters: 0.9999999824529029 -0.000161906332298547 -0.0009956769096040518 0.00016109032009293753 0.9999991993846941 -0.0009019668050221086 0.0009957705946101547 0.0009020327035813014 0.99999915585984 -0.14427039610463055 -0.08876656748849143 0.02023402113778161
FixedParameters: 0 0 0
#Transform 19
Transform: MatrixOffsetTransformBase_double_3_3
Parameters: 0.999999173710287 -0.00017737343904929308 -0.0008915315583049676 0.00017608588531659608 0.9999994865527765 -0.0007219635746441855 0.0008917867555041628 0.0007220359234587914 0.9999996445895255 -0.13846793183996908 -0.10485115850617888 0.023613009089899606
FixedParameters: 0 0 0
#Transform 20
Transform: MatrixOffsetTransformBase_double_3_3
Parameters: 1.0000001044467188 -0.0005010410515209154 -0.0008026081902092543 0.0005010892741842358 0.9999996447811517 -0.0005802478739136974 0.0008029922701696664 0.0005807527421148873 0.9999997857046888 -0.15472047884676954 -0.13175611886934746 0.02242245232518769
FixedParameters: 0 0 0
#Transform 21
Transform: MatrixOffsetTransformBase_double_3_3
Parameters: 0.9999992150525893 -0.00013432555348175462 -0.0008757543304619105 0.00013416560864136447 0.9999995972467329 -0.0006509241139848188 0.0008757314604510743 0.0006510764992239404 0.9999997702032503 -0.14092987301773974 -0.09255401535499175 0.0183525103343527
FixedParameters: 0 0 0
#Transform 22
Transform: MatrixOffsetTransformBase_double_3_3
Parameters: 0.9999998937165957 -0.00026779566818262016 -0.0010171078377862006 0.00026785950791062617 0.9999999581456103 -0.0004501181116159658 0.0010171514928402504 0.0004508826597656168 0.9999995296703745 -0.1364237487104134 -0.15300551982703325 0.021428112046095293
FixedParameters: 0 0 0
#Transform 23
Transform: MatrixOffsetTransformBase_double_3_3
Parameters: 0.9999991040388981 0.00013677844162261437 -0.0009367881272641351 -0.0001373884703416403 0.9999992994772791 -0.0008486777759486308 0.0009363577006989832 0.0008493220677877888 0.9999993629592375 -0.1382243066409501 -0.08015518737435912 0.016413144292940274
FixedParameters: 0 0 0
#Transform 24
Transform: MatrixOffsetTransformBase_double_3_3
Parameters: 1.0000000691528312 -0.0002621715358129999 -0.0009284615400777312 0.00026222145825569227 0.9999997193213576 -0.0005010500802750395 0.0009285266033956688 0.0005009506995135027 0.9999998478288377 -0.14212648818615037 -0.154646635927989 0.02665640393294666
FixedParameters: 0 0 0
#Transform 25
Transform: MatrixOffsetTransformBase_double_3_3
Parameters: 0.9999997704866661 -0.0004150904194953808 -0.0010281100450700916 0.00041477301252180744 0.9999994687402357 -0.0006312330548100542 0.001028436031801995 0.0006307672430655165 0.9999995054238858 -0.1443449456053969 -0.15427007491022948 0.023870294241390866
FixedParameters: 0 0 0
#Transform 26
Transform: MatrixOffsetTransformBase_double_3_3
Parameters: 0.9999994905038608 -0.0006632330816839152 -0.0010340078719024755 0.0006628231827361851 0.9999991478791715 -0.000672491975972106 0.00103470132554045 0.0006715078773364969 0.9999994394565348 -0.13899170019959683 -0.08554363674373633 0.013914206858046896
FixedParameters: 0 0 0
#Transform 27
Transform: MatrixOffsetTransformBase_double_3_3
Parameters: 0.9999996863927804 -0.000645407979766094 -0.000946895259353683 0.0006454657674744377 0.9999993853114449 -0.00048741780265465495 0.0009473262585378743 0.00048658271688953314 0.9999998267430441 -0.13042392643191647 -0.16834897106856772 0.02775593052929537
FixedParameters: 0 0 0
#Transform 28
Transform: MatrixOffsetTransformBase_double_3_3
Parameters: 0.9999984396413819 0.00011159788990996626 -0.0015961315682465063 -0.00011283931577696814 0.9999991440918075 -0.0013716276699182461 0.0015962109371279207 0.0013723734241910257 0.9999975307760471 -0.15775335088581244 -0.08467096630522519 -0.022104024403304834
FixedParameters: 0 0 0
#Transform 29
Transform: MatrixOffsetTransformBase_double_3_3
Parameters: 0.9999979825987696 0.0002243250416675796 -0.0019917361417403434 -0.0002283261941971629 0.9999985810306733 -0.001792315612513945 0.00199131206016004 0.0017926827292793768 0.9999959754471909 -0.10805745971153158 -0.026960944033532996 -0.11104231249952079
FixedParameters: 0 0 0
#Transform 30
Transform: MatrixOffsetTransformBase_double_3_3
Parameters: 0.9999964535290652 -0.0003784107989889394 -0.0027208942991167493 0.000378130551125814 0.9999998167746716 -0.000052214961909546886 0.0027209332594086972 0.00005078467253899488 0.9999966314500557 -0.12080537147761561 -0.18448308332231989 -0.1643991622557479
FixedParameters: 0 0 0
#Transform 31
Transform: MatrixOffsetTransformBase_double_3_3
Parameters: 0.9999916385863313 -0.00047944596930231615 -0.004016319853206616 0.0004812085579868698 0.9999996732404456 0.000462660044591251 0.004016269900145954 -0.00046434006920534343 0.9999915356796467 -0.14311607792795655 -0.4042354617255626 -0.25476760863602976
FixedParameters: 0 0 0
#Transform 32
Transform: MatrixOffsetTransformBase_double_3_3
Parameters: 0.9999935107460831 -0.0001264900216851624 -0.0035318246385220506 0.00012564084347104962 0.9999997639218032 -0.00025920459605102697 0.00353169228038617 0.00025879549477975106 0.9999936126618276 -0.15500427213109447 -0.2370357913658836 -0.28260802093251414
FixedParameters: 0 0 0
#Transform 33
Transform: MatrixOffsetTransformBase_double_3_3
Parameters: 0.9999952405726212 -0.00042146008605082686 -0.0029294380173111806 0.0004222257553834951 0.9999998895171861 0.00029753931000317535 0.0029293842539775496 -0.0002984607554373797 0.9999951734471701 -0.1489806393980757 -0.15846834218919525 -0.18435483736368496
FixedParameters: 0 0 0
#Transform 34
Transform: MatrixOffsetTransformBase_double_3_3
Parameters: 0.9999975121865139 -0.00007112666701294474 -0.0021167564870661843 0.00007065527540161068 1.0000000481478193 -0.00015776235620620915 0.0021177591573177538 0.00015823719876126296 0.999997414110959 -0.14827013898390362 -0.16441857944778349 -0.03869319259995052
FixedParameters: 0 0 0
#Transform 35
Transform: MatrixOffsetTransformBase_double_3_3
Parameters: 0.9999981966754506 -0.000039766666039594786 -0.0019500728006556852 0.00003755408276011747 0.9999991365215677 -0.0013216496288381008 0.0019495820059774861 0.0013213520323390182 0.9999975674224737 -0.17563249846256213 -0.06614568419442435 -0.06337719563900635
FixedParameters: 0 0 0
#Transform 36
Transform: MatrixOffsetTransformBase_double_3_3
Parameters: 0.9999981135795267 0.00006219548289998662 -0.001970762473519058 -0.00006437964055341081 0.9999991890728748 -0.0013004495425586182 0.0019700048874998735 0.0013005521107889162 0.9999975418993916 -0.18411438862140983 -0.06105350972116241 -0.06523773628627794
FixedParameters: 0 0 0
#Transform 37
Transform: MatrixOffsetTransformBase_double_3_3
Parameters: 0.9999975220690798 -0.0003201406507814213 -0.002318498705858376 0.0003190370144604812 0.9999999584250109 -0.00023815911434468817 0.0023186508285219175 0.00023783967920334992 0.9999974503562492 -0.200726378572341 -0.17562222356370683 -0.10698145312319696
FixedParameters: 0 0 0
#Transform 38
Transform: MatrixOffsetTransformBase_double_3_3
Parameters: 0.9999970702789062 0.000105451752565652 -0.0022179128834026334 -0.00010702854846502882 0.9999995798092586 -0.0005761438155655885 0.002217592728312354 0.0005768557292664955 0.9999978257646981 -0.21216391124322342 -0.12368048319514457 -0.12026952025182425
FixedParameters: 0 0 0
#Transform 39
Transform: MatrixOffsetTransformBase_double_3_3
Parameters: 0.9999984749181852 -0.00004644695857017073 -0.0018769452607276266 0.00004535269591203564 0.9999997973008026 -0.0002916590992525503 0.0018769720188554684 0.00029133996208918767 0.9999985076730966 -0.1994688074322255 -0.16483374095227532 -0.11582225046606709
FixedParameters: 0 0 0
#Transform 40
Transform: MatrixOffsetTransformBase_double_3_3
Parameters: 0.9999979580840416 -0.00002010886209442527 -0.0020099530091186096 0.000018373783612079273 0.9999993591102 -0.0007246114159535633 0.002010763502070681 0.0007243872177333799 0.9999975491733208 -0.21050021864243718 -0.15458616018318594 -0.13765370718094516
FixedParameters: 0 0 0
#Transform 41
Transform: MatrixOffsetTransformBase_double_3_3
Parameters: 0.9999989071140487 -0.00006145467823402608 -0.0017576680303528216 0.00006076171851586312 0.9999998478275299 -0.00047572012733082536 0.001757528546216878 0.0004762803515445946 0.9999986061340033 -0.20771294963611808 -0.19798350641622164 -0.1269970772695217
FixedParameters: 0 0 0
#Transform 42
Transform: MatrixOffsetTransformBase_double_3_3
Parameters: 0.999996328863664 -0.0000015718959136893891 -0.002583049233031501 -5.09726758554695e-7 0.9999993502102056 -0.0007821872342175795 0.0025826547463280386 0.00078281269119862 0.9999967540391457 -0.19721007223230913 -0.1539704154926227 -0.14742703045854455
FixedParameters: 0 0 0
#Transform 43
Transform: MatrixOffsetTransformBase_double_3_3
Parameters: 0.9999979084713634 -0.00011234151970844318 -0.0020196294951068355 0.0001124828979792502 1.0000000642754103 0.00003516041212325849 0.002019621624697645 -0.00003483944137946948 0.9999978417461225 -0.19365256055831992 -0.1708923038971335 -0.14292492486723063
FixedParameters: 0 0 0
#Transform 44
Transform: MatrixOffsetTransformBase_double_3_3
Parameters: 0.9999978861358455 -0.00011641346691491033 -0.002024921671697587 0.00011666253585995 0.9999998670155629 0.00006119047372307729 0.0020249073358846897 -0.00006180926580184876 0.9999980115558804 -0.1825725871026691 -0.17586366545229737 -0.12177881128711476
FixedParameters: 0 0 0
#Transform 45
Transform: MatrixOffsetTransformBase_double_3_3
Parameters: 0.9999979556324925 0.0002100994041420337 -0.002000205795767724 -0.00021055715330061092 0.9999997109013506 -0.00035915293046209773 0.001999856909806615 0.00035984742571695816 0.9999979862503251 -0.18901375554251842 -0.15782201546402064 -0.16634186425216058
FixedParameters: 0 0 0
#Transform 46
Transform: MatrixOffsetTransformBase_double_3_3
Parameters: 0.9999982703453049 -0.00016627827850123153 -0.0019240592773017296 0.00016689204918344603 0.9999998311878592 0.0001591057882346092 0.0019240061350869724 -0.00015989365188628923 0.9999983882771624 -0.180989621581503 -0.16250808585623133 -0.11413233078344831
FixedParameters: 0 0 0
#Transform 47
Transform: MatrixOffsetTransformBase_double_3_3
Parameters: 0.9999985013642707 -0.000007346276978140382 -0.0018703523119328281 0.000007361090372328706 1.0000000073262205 0.00026637426192963054 0.0018705460555224272 -0.00026562673815178073 0.9999983525259057 -0.18664851411497807 -0.12970615932663065 -0.09485939647434805
FixedParameters: 0 0 0
#Transform 48
Transform: MatrixOffsetTransformBase_double_3_3
Parameters: 0.9999985016097458 -0.00013160522432586967 -0.0018656981665571605 0.00013215300221980944 0.9999996992955964 0.0004091807766294364 0.0018657878133579173 -0.0004098197138481252 0.9999984669332838 -0.1938503843597914 -0.16575062392135465 -0.06923201975429549
FixedParameters: 0 0 0
#Transform 49
Transform: MatrixOffsetTransformBase_double_3_3
Parameters: 0.9999980546550354 -0.0002238728024460224 -0.00197363181436798 0.00022516154048983774 0.9999997273682828 0.00032598281555201725 0.0019734852029405503 -0.0003270158445221605 0.9999981140826986 -0.19200526664228335 -0.15858629999333118 -0.03963988812458297
FixedParameters: 0 0 0
#Transform 50
Transform: MatrixOffsetTransformBase_double_3_3
Parameters: 0.9999998988937168 0.00014253335389474142 -0.0010396108202688167 -0.00014209774245996413 0.999999742098082 0.00020918678581077765 0.0010396704490403291 -0.00020981273443379522 0.9999990690154947 -0.1896555459906608 -0.11464980380803524 -0.005728391147655998
FixedParameters: 0 0 0
#Transform 51
Transform: MatrixOffsetTransformBase_double_3_3
Parameters: 0.9999992012883181 0.0001547270253548299 -0.001332528330059738 -0.00015369472267927182 0.9999991334578195 0.0008294378883890174 0.0013320015502761458 -0.0008295613350388087 0.9999986916900978 -0.21451318920216522 -0.22272190140091652 -0.023189580618193872
FixedParameters: 0 0 0
#Transform 52
Transform: MatrixOffsetTransformBase_double_3_3
Parameters: 0.9999977067052451 -0.0013765110219554496 -0.001548470936724444 0.0013786907933177842 0.9999986129456084 0.0009559827511594066 0.0015470121361212473 -0.0009580158545342832 0.9999982620605765 -0.17659125525904074 -0.2211659390168137 -0.03535122910176369
FixedParameters: 0 0 0
#Transform 53
Transform: MatrixOffsetTransformBase_double_3_3
Parameters: 0.9999980788474474 -0.001356523396867805 -0.0014425646877300013 0.0013571637665375535 0.9999994972058013 0.00022096449791514372 0.0014419622510256308 -0.00022303462720690836 0.9999984830741477 -0.1813629522928153 -0.1480584380973653 -0.01342073947543554
FixedParameters: 0 0 0
#Transform 54
Transform: MatrixOffsetTransformBase_double_3_3
Parameters: 0.9999990092699034 -0.0012117293258900094 -0.0007228009771436071 0.0012117965438550563 0.9999996841575618 0.000045891331878711306 0.0007226882851912471 -0.00004710857578038574 0.999999320788252 -0.16977883850647402 -0.23095075049674563 0.013441620167597534
FixedParameters: 0 0 0
#Transform 55
Transform: MatrixOffsetTransformBase_double_3_3
Parameters: 0.9999967212937008 -0.0023856457794617513 -0.0007664131815203327 0.002385528494288103 0.9999968453161034 -0.00007713949513446505 0.0007667781808458626 0.00007586000232276402 0.9999998642733686 -0.11915772798367641 -0.16647821336638913 0.01279892592205556
FixedParameters: 0 0 0
#Transform 56
Transform: MatrixOffsetTransformBase_double_3_3
Parameters: 0.9999989838894061 -0.001394144454931779 -0.00027020665649745215 0.0013937156820682372 0.9999990288921317 -0.0004276097674158763 0.0002704181991539178 0.00042739052055201787 0.9999995894845513 -0.1139564690924999 -0.15210838902947899 0.030721835993730906
FixedParameters: 0 0 0
#Transform 57
Transform: MatrixOffsetTransformBase_double_3_3
Parameters: 0.9999977110445336 -0.0021984457332735055 -0.0006759317906964281 0.0021976690953113658 0.9999973338019027 -0.0004287585764111146 0.0006768330630787388 0.00042724132843327545 1.0000000108741802 -0.07780975275190372 -0.25068272093619726 0.05177801612120447
FixedParameters: 0 0 0
#Transform 58
Transform: MatrixOffsetTransformBase_double_3_3
Parameters: 0.9999995541043745 -0.0010056321223210728 -0.0006598825071335203 0.0010048703192850703 0.9999990004724063 -0.0004277020874156323 0.0006597617274401213 0.0004272973750872877 0.9999991881199212 -0.13918488978070798 -0.15023431080619787 0.04290749544470884
FixedParameters: 0 0 0
#Transform 59
Transform: MatrixOffsetTransformBase_double_3_3
Parameters: 0.9999998334446654 -0.001078351830179744 -0.00006093997015758703 0.0010783379701859313 0.9999999789808315 -0.00011329865200812583 0.00006118475668680511 0.00011370130725960048 0.9999998286996149 -0.1224928385334465 -0.21149582217299212 0.04098287125287925
FixedParameters: 0 0 0
#Transform 60
Transform: MatrixOffsetTransformBase_double_3_3
Parameters: 0.9999996367126263 -0.001165470079041986 -0.00007258649289445412 0.0011652104274844433 0.9999994205857492 -0.0004272786860684552 0.00007260142516199446 0.0004267219759751806 0.9999998514685031 -0.11253846267180734 -0.15757795665226126 0.027873508811623537
FixedParameters: 0 0 0
#Transform 61
Transform: MatrixOffsetTransformBase_double_3_3
Parameters: 0.9999995764846227 -0.0011907716942283902 -0.00007674007784003089 0.0011905196004296209 0.9999994172704268 -0.00035528542916582473 0.00007660516804367014 0.00035471533266048794 0.999999907163896 -0.10876332982778081 -0.188469034575931 0.041039717874625126
FixedParameters: 0 0 0
#Transform 62
Transform: MatrixOffsetTransformBase_double_3_3
Parameters: 0.9999993003755114 -0.0008307231846358203 -0.00009758580158317871 0.0008306885881787355 0.9999992785986319 -0.00017708105808425523 0.00009787987317605052 0.00017691868315691806 0.9999999591189253 -0.11110586901541808 -0.2504780474270518 0.04692865375263011
FixedParameters: 0 0 0
#Transform 63
Transform: MatrixOffsetTransformBase_double_3_3
Parameters: 0.999999156070536 -0.00043568641560817875 -0.0008087684048552505 0.00043526013635721955 0.9999999346892786 -0.0002633910753490343 0.0008089978992373353 0.0002636084433112196 0.99999908251715 -0.1261194136597794 -0.14086580428335083 0.027364730575555996
FixedParameters: 0 0 0
#Transform 64
Transform: MatrixOffsetTransformBase_double_3_3
Parameters: 0.9999994597935189 -0.0012002123644962077 -0.0003157486917453263 0.0012000704741143356 0.9999996639507115 -0.0002246119602588026 0.00031628755743142383 0.00022438777455904835 0.9999996950425067 -0.1099632207119754 -0.22913609106529975 0.04071440885358868
FixedParameters: 0 0 0
#Transform 65
Transform: MatrixOffsetTransformBase_double_3_3
Parameters: 0.9999979365809554 -0.0019171063355527562 -0.0006215818699222731 0.0019175539179616906 0.9999984891068566 -0.0004284650178133509 0.0006230254524154698 0.00042753490409228045 1.0000000811060865 -0.09668209858466525 -0.13070695493969708 0.019280732562748426
FixedParameters: 0 0 0
#Transform 66
Transform: MatrixOffsetTransformBase_double_3_3
Parameters: 0.9999965345640403 -0.0024913973048403385 -0.0005059856516358158 0.00249213852259111 0.9999970056965833 -0.00023692109505252246 0.0005069641143431282 0.0002350782319695821 0.9999994174757497 -0.0642320403122767 -0.15273915388996784 0.025062573843271707
FixedParameters: 0 0 0
#Transform 67
Transform: MatrixOffsetTransformBase_double_3_3
Parameters: 0.9999958977684701 -0.0027996978227542504 0.0005137181943697092 0.0027997707439184672 0.9999960001565605 -0.00007033701895897693 -0.0005133206255688096 0.00007166239779873851 0.9999998875299411 -0.05074978327557744 -0.2038417215503472 0.04179036787655832
FixedParameters: 0 0 0
#Transform 68
Transform: MatrixOffsetTransformBase_double_3_3
Parameters: 0.9999945054206761 -0.0031990890683840163 -0.0005084055220463266 0.003199435311100777 0.9999950060813452 -0.00042952134522186713 0.0005099693752607533 0.00042747881255797426 1.000000132113979 -0.03543822397331553 -0.16354834435799148 -0.008436872937451767
FixedParameters: 0 0 0
#Transform 69
Transform: MatrixOffsetTransformBase_double_3_3
Parameters: 0.9999954504236149 -0.0029157628803498903 -0.00021597081374942408 0.002916044571077521 0.9999952791916962 -0.0006992923462420808 0.00021788906488907095 0.000698708428371414 1.0000001940273593 -0.06634803923250843 -0.17027734475806255 0.02010721454135478
FixedParameters: 0 0 0
#Transform 70
Transform: MatrixOffsetTransformBase_double_3_3
Parameters: 0.999996410448655 -0.002566820734424299 -0.00003112048201607011 0.0025668172037789636 0.9999964847865799 -0.000056700392456671134 0.00003141053806505437 0.00005629920155628132 0.9999999192776066 -0.03551635455509938 -0.15737931617712775 0.021957531275120346
FixedParameters: 0 0 0
#Transform 71
Transform: MatrixOffsetTransformBase_double_3_3
Parameters: 0.9999952965263287 -0.002885696947512079 0.000613352963995302 0.002885644189773483 0.9999955147587537 0.00004399506437688383 -0.0006136011248580962 -0.00004200453097635837 0.9999997780695891 -0.05285245178325226 -0.2787715171353966 0.05249857491925525
FixedParameters: 0 0 0
#Transform 72
Transform: MatrixOffsetTransformBase_double_3_3
Parameters: 0.9999967170059053 -0.002501000538647969 -0.00016923619440658238 0.0025006960774799207 0.9999969168334338 -0.00031508353300105374 0.0001698314658809378 0.0003149167541950382 0.9999996017221982 -0.047605499535620766 -0.15130308907976087 0.020807819392388183
FixedParameters: 0 0 0
#Transform 73
Transform: MatrixOffsetTransformBase_double_3_3
Parameters: 0.9999971278396003 -0.0021950936059084818 -0.0002317679252584601 0.0021951093635077866 0.9999974897439251 0.00003402565918392275 0.00023161866295243883 -0.00003397414543526711 0.9999996357837698 -0.07735991174330081 -0.21677324462505965 0.01765289785390678
FixedParameters: 0 0 0
#Transform 74
Transform: MatrixOffsetTransformBase_double_3_3
Parameters: 0.9999981911518693 -0.0016658129667587126 -0.00018553407801024356 0.0016654135583595434 0.9999980861126391 -0.0005425422009082137 0.00018636100220256638 0.0005424571131651679 0.9999995164267538 -0.08883889907734499 -0.10733853147183936 0.0010625411951821206
FixedParameters: 0 0 0
#Transform 75
Transform: MatrixOffsetTransformBase_double_3_3
Parameters: 0.9999988437664937 -0.0017124679739919748 -0.00047380132581936404 0.0017122319751284346 0.9999982209048034 -0.000041044125157568834 0.00047295975947140635 0.00003995728505240548 0.99999961958116 -0.05201685318704108 -0.16375221692563002 0.009535796444481548
FixedParameters: 0 0 0
#Transform 76
Transform: MatrixOffsetTransformBase_double_3_3
Parameters: 0.9999989029145511 -0.001729549254668651 -0.00032518309214521 0.0017293994901227156 0.999998304465026 -0.00022983448410907048 0.0003259786534173556 0.00023016452689528233 0.999999492650078 -0.08591016768961879 -0.11666083276692518 0.0026409076448601354
FixedParameters: 0 0 0
#Transform 77
Transform: MatrixOffsetTransformBase_double_3_3
Parameters: 0.9999994500708398 -0.001244933149430021 0.000008408520783791937 0.001244935472180504 0.999999391189508 -0.0001411834282501745 -0.00000805744659281436 0.00014081641106236664 1.0000000191193918 -0.08598362563292028 -0.12778350068683153 0.01818117965217425
FixedParameters: 0 0 0
#Transform 78
Transform: MatrixOffsetTransformBase_double_3_3
Parameters: 0.9999983959661083 -0.0016136167252600124 0.000016482867140741545 0.0016136211181699944 0.9999983389375875 -0.00013516729351426005 -0.000016047186508343536 0.00013483226847255114 1.0000000205786534 -0.10694577712600051 -0.16154701050434994 0.010252912316815355
FixedParameters: 0 0 0
#Transform 79
Transform: MatrixOffsetTransformBase_double_3_3
Parameters: 0.9999989632774101 -0.001413796448819542 -0.00019589017925949928 0.0014134453614364517 0.9999990030929672 -0.00039151003821241703 0.00019601677704048784 0.00039149037702021494 0.9999996536397144 -0.10571233247489431 -0.08664356097348502 0.006960582540173732
FixedParameters: 0 0 0
#Transform 80
Transform: MatrixOffsetTransformBase_double_3_3
Parameters: 0.9999990705831139 -0.0013885684636742001 -0.00003596688183725758 0.001388553382516762 0.9999989895656698 -0.0002082438991643787 0.000036544526179211755 0.00020775569619868595 0.9999999944895811 -0.10453313058087588 -0.1592482782052258 0.016887328048923678
FixedParameters: 0 0 0
#Transform 81
Transform: MatrixOffsetTransformBase_double_3_3
Parameters: 0.9999987139177802 -0.0015120691167788373 -0.000005660585543361353 0.0015118669489392412 0.9999987153688094 -0.00039124171592336277 0.000005864189783588322 0.00039175863805912536 0.999999692004321 -0.10053522704158979 -0.08789765410664074 0.001253051033444308
FixedParameters: 0 0 0
#Transform 82
Transform: MatrixOffsetTransformBase_double_3_3
Parameters: 0.9999983516136333 -0.00162666798653322 -0.00004831882288972868 0.0016266611590473243 0.9999985036786787 -0.00007031149466593667 0.0000485481860339236 0.00007068827220763074 0.9999998379945174 -0.09889230834194507 -0.1696035727651406 0.016423263106119634
FixedParameters: 0 0 0
#Transform 83
Transform: MatrixOffsetTransformBase_double_3_3
Parameters: 0.999998921445786 -0.0017539346012006437 -0.000047630539715672385 0.0017539549687424964 0.9999989928588963 0.00021549029537806796 0.00004687459335554761 -0.00021550921975119208 0.9999998357065386 -0.10405122081897389 -0.12582563945203162 0.014823890618345104
FixedParameters: 0 0 0
#Transform 84
Transform: MatrixOffsetTransformBase_double_3_3
Parameters: 0.9999984959300606 -0.001855072096976167 0.00025055214947665547 0.0018550563096129144 0.9999986733647316 0.00003203826814665578 -0.0002506690142659358 -0.00003096163703789068 0.9999998205811333 -0.07728600183165213 -0.1390886579319215 0.025968077679479507
FixedParameters: 0 0 0
#Transform 85
Transform: MatrixOffsetTransformBase_double_3_3
Parameters: 0.9999950878217485 -0.003144660160023527 -0.00014747252157012688 0.0031450632773262883 0.9999949652937575 -0.0006133204281777993 0.00014916994097730236 0.0006126811887883499 1.0000003709874146 -0.08245997673266459 -0.062377006227393395 0.009926601093297904
FixedParameters: 0 0 0
#Transform 86
Transform: MatrixOffsetTransformBase_double_3_3
Parameters: 0.9999989103481168 -0.0017578139857705958 -0.000009973548528040028 0.0017576070383983795 0.9999986280136037 -0.0004524058579745416 0.000010582252649958925 0.00045159469328850954 0.999999873726111 -0.10186252170878163 -0.10264359223518227 0.014998454941192563
FixedParameters: 0 0 0
#Transform 87
Transform: MatrixOffsetTransformBase_double_3_3
Parameters: 0.9999970425587426 -0.0022209898423212492 -0.00016073042168647186 0.0022203771686852883 0.9999978845942284 -0.0006740180090616943 0.00016176337067798054 0.0006739830299398453 0.9999992494110019 -0.0868898688159021 -0.1623837209204595 0.020171061449644867
FixedParameters: 0 0 0
#Transform 88
Transform: MatrixOffsetTransformBase_double_3_3
Parameters: 0.9999982986745536 -0.0016403368000876078 -0.00010509410186696096 0.0016400389245337823 0.9999982383703456 -0.0004754055531625556 0.0001056736543047248 0.0004755942008514147 0.9999996081036033 -0.10700815570446309 -0.11758379568605903 0.019955165680187292
FixedParameters: 0 0 0
#Transform 89
Transform: MatrixOffsetTransformBase_double_3_3
Parameters: 0.999996556168998 -0.0027283266337573076 0.000023901907386027102 0.0027281490127434907 0.9999964080004644 -0.000431750538720993 -0.000022527700010199162 0.00043124900756325024 0.9999997757836678 -0.0696976941471803 -0.1779518954461281 0.02810053361039877
FixedParameters: 0 0 0
#Transform 90
Transform: MatrixOffsetTransformBase_double_3_3
Parameters: 0.9999989493987319 -0.0014167115783600191 0.00020881534113608135 0.0014167102513607851 0.9999989262491964 -0.0004699373616564584 -0.00020846248310606895 0.00047106287141585046 0.9999995804091025 -0.10388989099878643 -0.11664854001560343 0.014460316651650373
FixedParameters: 0 0 0
#Transform 91
Transform: MatrixOffsetTransformBase_double_3_3
Parameters: 0.9999982645982862 -0.0019198328424636485 0.00022280337781519435 0.001919818803266872 0.9999984288955195 0.00003200122195826105 -0.0002229243224709807 -0.00003099866865283185 0.9999998337185101 -0.08910493590360602 -0.215935166796271 0.04965923950643969
FixedParameters: 0 0 0
#Transform 92
Transform: MatrixOffsetTransformBase_double_3_3
Parameters: 0.9999967177742093 -0.0025063902164510045 -0.000014965648764518212 0.0025063911417668515 0.9999969873452054 0.00003130317384913983 0.000014810257996095977 -0.000030696622599774015 0.9999997285072848 -0.04234421820599721 -0.14666546940701153 0.04415545051941194
FixedParameters: 0 0 0
#Transform 93
Transform: MatrixOffsetTransformBase_double_3_3
Parameters: 0.9999984632056315 -0.0015823791498839116 0.00018129503887366217 0.0015823677261637323 0.9999986497889153 0.00003205408138767796 -0.00018139472479795647 -0.000030945821735239853 0.9999998114325221 -0.0781788961136698 -0.0825764420546875 0.02171109121137249
FixedParameters: 0 0 0
#Transform 94
Transform: MatrixOffsetTransformBase_double_3_3
Parameters: 0.9999967472874375 -0.0024770514998181383 -0.00034314078050795587 0.002476556180879053 0.9999969873234354 -0.00043331711183633437 0.00034430543023801914 0.0004326831349423521 1.0000003849856105 -0.03482271143312232 -0.14067729454731648 0.026531866501215973
FixedParameters: 0 0 0
#Transform 95
Transform: MatrixOffsetTransformBase_double_3_3
Parameters: 0.9999971154297687 -0.0022078716314003917 -0.00010198009540671291 0.0022076140213566717 0.9999971553410357 -0.0002936522792253704 0.00010229577673161443 0.00029334812095913043 0.9999997878038688 -0.03764921074872518 -0.1291001920632482 0.036002007191768826
FixedParameters: 0 0 0
#Transform 96
Transform: MatrixOffsetTransformBase_double_3_3
Parameters: 0.9999986802550239 -0.0017846544376593082 0.0003670777127700704 0.0017844913248897406 0.9999987349535132 -0.00004673256246798263 -0.00036789022860087304 0.0000472691352665644 0.9999999408834267 -0.04855448237724147 -0.16278999073826128 0.03214874338382856
FixedParameters: 0 0 0
#Transform 97
Transform: MatrixOffsetTransformBase_double_3_3
Parameters: 0.9999965501816541 -0.0024832479079803255 -0.0005341502275084868 0.002482138064361656 0.9999966993789535 -0.0006687938642958302 0.00053550657498819 0.0006672069225839572 0.9999999583527249 -0.02589250480733085 -0.09454511600749527 0.02695113854197473
FixedParameters: 0 0 0
#Transform 98
Transform: MatrixOffsetTransformBase_double_3_3
Parameters: 0.9999973152046031 -0.0020821642824691775 -0.0005902942791482691 0.002082457908643279 0.9999978410261172 -0.0004145023303177009 0.0005908405119119187 0.00041349904775148105 1.0000001313855702 -0.02781299734164122 -0.16031324371610367 0.030863003031228686
FixedParameters: 0 0 0
#Transform 99
Transform: MatrixOffsetTransformBase_double_3_3
Parameters: 0.9999960341081554 -0.0025976685690194275 -0.0004689780813161679 0.002596574000703721 0.9999960107864418 -0.0007446859566059838 0.0004708820691430981 0.0007433137124723821 0.999999916247865 -0.03255831658390207 -0.1296340559661786 0.03235240894166225
FixedParameters: 0 0 0
#Transform 100
Transform: MatrixOffsetTransformBase_double_3_3
Parameters: 0.999997422955834 -0.0023506679860127336 -0.00022321235720365915 0.002351338997056378 0.9999976805897385 -0.00025018499315546117 0.00022320993857434307 0.0002498166310701544 0.9999996173658137 -0.03192447927726505 -0.22962390563975532 0.057262805365425606
FixedParameters: 0 0 0
#Transform 101
Transform: MatrixOffsetTransformBase_double_3_3
Parameters: 0.9999968956498481 -0.002453893537046854 -0.001040219713578855 0.0024534706162186184 0.9999973410935574 -0.0005800980628488939 0.0010418831568069107 0.0005779016591062613 0.9999988840735026 0.0022304808228312822 -0.12278274727117378 0.06721494503405268
FixedParameters: 0 0 0
#Transform 102
Transform: MatrixOffsetTransformBase_double_3_3
Parameters: 0.9999965051377365 -0.002436402135430138 -0.0007468409220076884 0.002436303227309919 0.9999972198032292 -0.0005903264082599835 0.000748535462746919 0.0005886736955789951 0.9999995903128432 -0.013292392401780262 -0.1411504146157796 0.038126522820661535
FixedParameters: 0 0 0
#Transform 103
Transform: MatrixOffsetTransformBase_double_3_3
Parameters: 0.9999972440903059 -0.0020181686046303092 -0.0008271086283920262 0.0020167818453143147 0.9999977627112695 -0.0007189417796300002 0.0008290254581970933 0.0007170567725871824 0.999999450330603 -0.0290362452206665 -0.08271234706531061 0.03127585053739779
FixedParameters: 0 0 0
#Transform 104
Transform: MatrixOffsetTransformBase_double_3_3
Parameters: 0.9999988455378196 -0.0014672143955273148 -0.000041748918457098496 0.001467210340438362 0.999998999624013 -0.00004829412891502183 0.00004189124117132331 0.000048705758871808724 0.9999998412094465 -0.11169255467360983 -0.14067204929207833 0.023768087974318064
FixedParameters: 0 0 0
#Transform 105
Transform: MatrixOffsetTransformBase_double_3_3
Parameters: 0.9999961014902291 -0.002759745307319833 -0.0005313244877840664 0.0027594691818215063 0.9999967812865637 -0.00026016593428679347 0.0005327567299791608 0.00025883252643055243 1.0000001855238214 -0.05719245727767941 -0.15521791295353182 0.00787053141691274
FixedParameters: 0 0 0
#Transform 106
Transform: MatrixOffsetTransformBase_double_3_3
Parameters: 0.9999956921610405 -0.002871699017395196 -0.00025058836550210855 0.0028709866666983713 0.9999957828424665 -0.0006306139452207093 0.0002522485997751438 0.0006303856513010242 0.9999991142571367 -0.042560164012698465 -0.11143660263016386 0.013285530644637333
FixedParameters: 0 0 0
#Transform 107
Transform: MatrixOffsetTransformBase_double_3_3
Parameters: 0.9999945913941174 -0.003226003965255367 -0.00004645589198558624 0.0032257820677656594 0.9999947186772808 -0.00025919806138519075 0.00004714664551533972 0.0002588022551976432 0.9999997385544452 -0.029229294123695126 -0.21815543811143812 0.03567588875428385
FixedParameters: 0 0 0
#Transform 108
Transform: MatrixOffsetTransformBase_double_3_3
Parameters: 0.9999969713265215 -0.0026504237614356388 -0.000049723940724113406 0.002650955307261954 0.9999957657630367 -0.00053375360766314 0.000050394038872812676 0.0005332475400413317 0.9999996363175494 -0.04158933076293181 -0.07925191441927382 0.014420347245064136
FixedParameters: 0 0 0
#Transform 109
Transform: MatrixOffsetTransformBase_double_3_3
Parameters: 0.9999938625704023 -0.0034308436662966024 -0.0011694807707570043 0.00343648652298388 0.9999817128234836 0.004952197396473235 0.0011519426910979727 -0.004955799816346862 0.999987065066254 -0.03683268122443906 -0.20338080650547852 0.32421144801293167
FixedParameters: 0 0 0
#Transform 110
Transform: MatrixOffsetTransformBase_double_3_3
Parameters: 0.9999925309551951 -0.0036211920039776898 -0.0011649158026733515 0.0036217095620910125 0.999993235211334 0.0008077775039398161 0.0011623851610049302 -0.0008122246263272681 0.9999989835371609 -0.05742410412082677 -0.1481278885507038 0.11668960995393718
FixedParameters: 0 0 0
#Transform 111
Transform: MatrixOffsetTransformBase_double_3_3
Parameters: 0.9999942591543655 -0.0034245831074846546 0.00011665849544547832 0.0034244174232940594 0.9999944071046374 -0.0001368420150182903 -0.00011670044035263041 0.0001371597868363439 0.9999998145114646 -0.024760653235034624 -0.10556668024483429 0.04589478189802776
FixedParameters: 0 0 0
#Transform 112
Transform: MatrixOffsetTransformBase_double_3_3
Parameters: 0.9999930433869961 -0.0037330203875081463 0.00014535403429953087 0.00373306973966901 0.9999933430551282 -0.0001699320779349478 -0.0001440810581117655 0.00017106553993317952 0.9999996421919629 -0.05719418671776566 -0.13636130578194638 0.038819208718180676
FixedParameters: 0 0 0
#Transform 113
Transform: MatrixOffsetTransformBase_double_3_3
