#Insight Transform File V1.0
#Transform 0
Transform: MatrixOffsetTransformBase_double_3_3
Parameters: 0.9999988882881102 -0.0003532384920620887 -0.0017282711051557712 0.0003489984358399205 0.9999969250324031 -0.0026444147212444646 0.0017291395365989525 0.002643588268918251 0.9999949817405493 -0.1591103625676169 -0.19558258668995165 -0.06611590198808415
FixedParameters: 0 0 0
#Transform 1
Transform: MatrixOffsetTransformBase_double_3_3
Parameters: 0.999997125913878 -0.0020647569696728347 0.0007825438607620571 0.002066925345870658 0.9999910171054373 -0.003665740362519737 -0.0007748418214701543 0.003667260786184623 0.9999932222364966 -0.12961341045779307 -0.24737811169161716 -0.18774755398557375
FixedParameters: 0 0 0
#Transform 2
Transform: MatrixOffsetTransformBase_double_3_3
Parameters: 0.9999971865195681 -0.0024106075238466374 0.00004957952486988503 0.002410777036469416 0.9999880363530966 -0.00426951265248679 -0.000040172800459938615 0.004269488327003301 0.9999906926827002 -0.10657573373015339 -0.14841189961978785 -0.16976290267152194
FixedParameters: 0 0 0
#Transform 3
Transform: MatrixOffsetTransformBase_double_3_3
Parameters: 0.9999971141693839 -0.0026186265537520553 -0.00016482570976866914 0.002618607752894675 0.9999902469370817 -0.0034881009119467343 0.00017367785382083674 0.0034878956731008437 0.9999935348402295 -0.13087409761239144 -0.2839369989994225 -0.11529344572203115
FixedParameters: 0 0 0
#Transform 4
Transform: MatrixOffsetTransformBase_double_3_3
Parameters: 0.9999949103544912 -0.0031712840286275694 0.00017704896838280696 0.003172345048503596 0.9999880137795711 -0.0037314651406916977 -0.000164555863233534 0.0037315329331469305 0.9999930482305325 -0.07517215739920857 -0.24472416394823426 -0.09755071594365461
FixedParameters: 0 0 0
#Transform 5
Transform: MatrixOffsetTransformBase_double_3_3
Parameters: 0.9999975062780427 -0.001967854618804756 0.0007880789980714216 0.001970633705040735 0.9999931150974247 -0.0031498410266252996 -0.000781352738811323 0.0031521565994035994 0.999994533514773 -0.11478395898231497 -0.14777814791700905 -0.08106287215450436
FixedParameters: 0 0 0
#Transform 6
Transform: MatrixOffsetTransformBase_double_3_3
Parameters: 0.9999963018593284 -0.0024568855377790516 0.0008137834353261733 0.0024583776675547466 0.9999940012973144 -0.00237554958282557 -0.0008087665074108892 0.0023774528100459213 0.9999970050168955 -0.12243945115616839 -0.22700261413390876 -0.033494793914570664
FixedParameters: 0 0 0
#Transform 7
Transform: MatrixOffsetTransformBase_double_3_3
Parameters: 0.9999953127861784 -0.0030909175325358335 0.00036770261115637727 0.0030912936630725237 0.9999925894493632 -0.0024188836309988193 -0.00035960658607828725 0.0024201161080477096 0.9999970153315254 -0.07983970117882677 -0.2423999555413019 -0.06055149632777557
FixedParameters: 0 0 0
#Transform 8
Transform: MatrixOffsetTransformBase_double_3_3
Parameters: 0.9999964258614278 -0.002513663222099823 0.0005056243104630911 0.0025149462756155518 0.9999934782438823 -0.002653511259356034 -0.0004991402291646218 0.002654487484943402 0.999995860141144 -0.09140315573868918 -0.14519226119882944 -0.06136963355196201
FixedParameters: 0 0 0
#Transform 9
Transform: MatrixOffsetTransformBase_double_3_3
Parameters: 0.9999957515597034 -0.0029958175481730625 0.0005235211215058229 0.002996844706108947 0.999992492555002 -0.0023172168438538865 -0.0005164919711038139 0.0023187830104718365 0.9999975127178384 -0.07594754097915768 -0.22232176121983116 -0.044784070461844294
FixedParameters: 0 0 0
#Transform 10
Transform: MatrixOffsetTransformBase_double_3_3
Parameters: 0.9999967508883486 -0.002662439020791611 0.000401834543604778 0.002663029261876369 0.9999938191959099 -0.0024747535873728133 -0.00039551319811232955 0.0024762485149521507 0.999996675445915 -0.06289554337745074 -0.17476697891730453 -0.0635742094383005
FixedParameters: 0 0 0
#Transform 11
Transform: MatrixOffsetTransformBase_double_3_3
Parameters: 0.9999956846071497 -0.0028494293565653824 0.00044036267875853226 0.0028510812427229443 0.9999941211296212 -0.0018965278706248312 -0.0004346477837509896 0.0018974718165979676 0.9999983662387745 -0.06808976622569674 -0.17024017217873677 -0.0324520436480924
FixedParameters: 0 0 0
#Transform 12
Transform: MatrixOffsetTransformBase_double_3_3
Parameters: 0.9999932300322073 -0.0035481675688386824 0.00042711676053267537 0.0035485347876066157 0.9999910897834745 -0.00206769780678126 -0.0004192990596968525 0.002069297966806549 0.9999975828366201 -0.04520240954072108 -0.1807144477081124 -0.025447087848846195
FixedParameters: 0 0 0
#Transform 13
Transform: MatrixOffsetTransformBase_double_3_3
Parameters: 0.9999945830651543 -0.003151051614889192 0.0006980806053131153 0.003152690981110155 0.9999924971827314 -0.0023167809953592855 -0.0006913106293729185 0.0023192226138100402 0.9999973395837184 -0.06784699424147789 -0.13361398922367584 -0.04408858018771866
FixedParameters: 0 0 0
#Transform 14
Transform: MatrixOffsetTransformBase_double_3_3
Parameters: 0.9999941915643457 -0.0032410531623808976 0.000551898373146476 0.003242001571129864 0.9999927058921508 -0.0019442287419617066 -0.0005451671625248904 0.00194676921001663 0.9999979157082121 -0.07869721465721113 -0.22084934742042606 -0.07022659779062224
FixedParameters: 0 0 0
#Transform 15
Transform: MatrixOffsetTransformBase_double_3_3
Parameters: 0.9999948558500193 -0.0030118307251175702 0.0010359704856935932 0.0030135393647237317 0.9999936517171331 -0.00196881785914213 -0.0010307616830380363 0.001972184849305142 0.9999974383598684 -0.05743443109130908 -0.16878758029956487 -0.045633437054632964
FixedParameters: 0 0 0
#Transform 16
Transform: MatrixOffsetTransformBase_double_3_3
Parameters: 0.9999945503591238 -0.0033728730600538675 0.00027520030423301543 0.003372674285168489 0.9999923303525086 -0.0018140900524201142 -0.0002688420831793362 0.0018149092696170266 0.9999986351632199 -0.06357963563384317 -0.21916955127451843 -0.07100527022682002
FixedParameters: 0 0 0
#Transform 17
Transform: MatrixOffsetTransformBase_double_3_3
Parameters: 0.9999941708162327 -0.0032676545074233595 0.00039137598627259453 0.0032680703723003 0.9999920490099012 -0.0020657385837136444 -0.0003837514810800702 0.0020672558865240664 0.9999975809411475 -0.0658667224645626 -0.1830243501794513 -0.07596246683225161
FixedParameters: 0 0 0
#Transform 18
Transform: MatrixOffsetTransformBase_double_3_3
Parameters: 0.9999937807716572 -0.003390630232993846 0.0008495299554442658 0.003392921586513647 0.9999915394511354 -0.0021712916177761 -0.0008416511298175184 0.0021747026598500085 0.9999967974354497 -0.063006996233824 -0.20173983283454788 -0.06695758983438793
FixedParameters: 0 0 0
#Transform 19
Transform: MatrixOffsetTransformBase_double_3_3
Parameters: 0.9999946181469289 -0.003173391664161715 0.0005585667332476763 0.0031745240982271796 0.9999927827947754 -0.002266247953447542 -0.0005510346661232201 0.002268754079783525 0.9999975521956065 -0.046133516642868244 -0.17862928840210657 -0.06711415658230635
FixedParameters: 0 0 0
#Transform 20
Transform: MatrixOffsetTransformBase_double_3_3
Parameters: 0.999994240781158 -0.0033259995141899507 0.000836198141125793 0.003327180220079816 0.9999921666911791 -0.002127391997231054 -0.0008286977005974601 0.002130605348941883 0.9999970087769345 -0.04830093365340815 -0.2034466370428163 -0.06923629689909205
FixedParameters: 0 0 0
#Transform 21
Transform: MatrixOffsetTransformBase_double_3_3
Parameters: 0.9999947279272756 -0.0031405601975378473 0.0006394633549123318 0.003141991289856947 0.9999930005590405 -0.0022121646480457724 -0.0006324219090509438 0.002213834906920481 0.9999969325944301 -0.04733262662911386 -0.18014740425144282 -0.061285291320302804
FixedParameters: 0 0 0
#Transform 22
Transform: MatrixOffsetTransformBase_double_3_3
Parameters: 0.99999587108115 -0.00283970811704969 0.0002524097360759402 0.002840606405190077 0.9999944866078605 -0.0018140665797306554 -0.00024720462079053004 0.0018139354982266709 0.999998803259338 -0.033891376162912934 -0.16974642948092367 -0.037633936064182194
FixedParameters: 0 0 0
#Transform 23
Transform: MatrixOffsetTransformBase_double_3_3
Parameters: 0.9999954854848166 -0.0029049449190647167 0.00027283058154159196 0.002905916864714908 0.9999941115676917 -0.0018139907528367527 -0.0002673886509442843 0.001814010259169635 0.9999987927043184 -0.030376371943802383 -0.17982972213241055 -0.039669959226728224
FixedParameters: 0 0 0
#Transform 24
Transform: MatrixOffsetTransformBase_double_3_3
Parameters: 0.9999962601410791 -0.0025956079807206134 0.0000537561853335795 0.0025956283104065603 0.9999944397033806 -0.002213489889030751 -0.000048344623970471236 0.0022135142160843446 0.9999980212357563 -0.01587861020766468 -0.1436514204243764 -0.03577333729887755
FixedParameters: 0 0 0
#Transform 25
Transform: MatrixOffsetTransformBase_double_3_3
Parameters: 0.9999949750331641 -0.003147895248700989 0.00034268684707211095 0.0031479425276296855 0.9999936046287223 -0.0018139003891868843 -0.0003371477755858655 0.0018141028719036445 0.9999987891852782 -0.005070377412394578 -0.1732921816943218 -0.009810198313331853
FixedParameters: 0 0 0
#Transform 26
Transform: MatrixOffsetTransformBase_double_3_3
Parameters: 0.9999952153424279 -0.00306249712849207 0.0006368937405934477 0.0030639501995195608 0.9999924081512579 -0.0022380263015184254 -0.0006300384695498534 0.0022399696319413687 0.9999967809215884 -0.011417782770820395 -0.16485739318302706 -0.02406825919067046
FixedParameters: 0 0 0
#Transform 27
Transform: MatrixOffsetTransformBase_double_3_3
Parameters: 0.9999956423283236 -0.002872889455880478 0.000324675444215434 0.002872892231214936 0.9999944261944067 -0.0015348869332429682 -0.00032075412065119755 0.0015361129856315825 0.9999985006010661 -0.007976940229355023 -0.14097078517170303 -0.016919570447385013
FixedParameters: 0 0 0
#Transform 28
Transform: MatrixOffsetTransformBase_double_3_3
Parameters: 0.9999902992436638 -0.004279323129885486 0.0006232035103578275 0.0042819688601388245 0.9999810123770589 -0.004415156273117199 -0.0006042149919980531 0.004417844683549194 0.9999902755451903 -0.01311771679144158 -0.352017339437225 0.007438866556540802
FixedParameters: 0 0 0
#Transform 29
Transform: MatrixOffsetTransformBase_double_3_3
Parameters: 0.9999826611792689 -0.005858753696048714 0.00011522175127301427 0.005859488742270681 0.9999547185666978 -0.007448782389302577 -0.00007166351555558848 0.007449208312202443 0.9999719649878204 -0.055215567914530084 -0.4486652885682929 0.0565819165893231
FixedParameters: 0 0 0
#Transform 30
Transform: MatrixOffsetTransformBase_double_3_3
Parameters: 0.9999861189101774 -0.005163639580345096 0.00046443979186515144 0.005166749137229406 0.9999676628093701 -0.006141317906687566 -0.00043314363929361575 0.0061436820577346896 0.9999809942694162 -0.08895898158075966 -0.5873031923111256 0.061128559356788514
FixedParameters: 0 0 0
#Transform 31
Transform: MatrixOffsetTransformBase_double_3_3
Parameters: 0.9999909630391123 -0.004212601241867554 0.0005405969646381042 0.00421460966464156 0.9999814638123805 -0.004314540625795976 -0.0005220715364982648 0.0043164525439548795 0.9999902518345898 -0.09110065491553598 -0.39276319931961723 0.04313721515450197
FixedParameters: 0 0 0
#Transform 32
Transform: MatrixOffsetTransformBase_double_3_3
Parameters: 0.9999927298633845 -0.003773686261808757 0.0001700984424767276 0.0037743174173357516 0.9999879871153857 -0.003173853478060429 -0.0001582957214582175 0.003175145825712683 0.9999945877273865 -0.07628885637210203 -0.46836112531275376 0.053487798381055995
FixedParameters: 0 0 0
#Transform 33
Transform: MatrixOffsetTransformBase_double_3_3
Parameters: 0.9999929723319113 -0.003744276491485206 0.00008876002712787548 0.0037445561737161678 0.9999883529534022 -0.0029629297136127275 -0.00007774877349901288 0.002963071821557056 0.9999960605361251 -0.04360992063719493 -0.36550113200114254 0.026617319289087504
FixedParameters: 0 0 0
#Transform 34
Transform: MatrixOffsetTransformBase_double_3_3
Parameters: 0.9999940791296541 -0.0034396066265156744 0.00029874057539053847 0.0034404056309994525 0.9999921741098339 -0.0020352248123331196 -0.0002917923638383432 0.0020367748901616856 0.9999976143953667 -0.043390774321920844 -0.3083629594169679 0.024491183864370214
FixedParameters: 0 0 0
#Transform 35
Transform: MatrixOffsetTransformBase_double_3_3
Parameters: 0.9999939253632983 -0.0034748875481059177 0.000031058285708967376 0.003474603924110226 0.9999911453434387 -0.0022299524527691628 -0.000022620401148439333 0.0022300451160988943 0.9999978341831046 -0.025952541678549323 -0.3367620204811317 0.007857695408915788
FixedParameters: 0 0 0
#Transform 36
Transform: MatrixOffsetTransformBase_double_3_3
Parameters: 0.9999941133257109 -0.003299496115326256 -0.000006719492208533888 0.0032994572136678447 0.9999936746986814 -0.001622079429224682 0.000012324028577667655 0.0016219227397726022 0.9999991768379715 -0.025809128427781047 -0.26645299764626884 0.028073248133424045
FixedParameters: 0 0 0
#Transform 37
Transform: MatrixOffsetTransformBase_double_3_3
Parameters: 0.9999939821202811 -0.0034292147758952147 0.0005086140988656191 0.0034293389858544156 0.9999939377383401 -0.0005104603342979408 -0.0005070664713019389 0.0005125401657457285 0.9999995211156869 -0.020321495993272265 -0.32795021805932834 0.06232973013003118
FixedParameters: 0 0 0
#Transform 38
Transform: MatrixOffsetTransformBase_double_3_3
Parameters: 0.9999941838516967 -0.0034218766494096505 0.00032444161175382627 0.003422751750433149 0.9999935639318952 -0.0013691385855552352 -0.0003201634432896764 0.0013708632684684419 0.9999988661047454 -0.020888132043637597 -0.24510618484364954 0.016504832801302882
FixedParameters: 0 0 0
#Transform 39
Transform: MatrixOffsetTransformBase_double_3_3
Parameters: 0.9999930850975589 -0.0035725272304843584 0.0003914097054857557 0.003572725395374277 0.999992578918063 -0.001270811328233229 -0.0003862455610245873 0.0012721863778295261 0.9999992727460344 -0.01016116610620088 -0.3301154789333509 0.025491334531650978
FixedParameters: 0 0 0
#Transform 40
Transform: MatrixOffsetTransformBase_double_3_3
Parameters: 0.9999953464174118 -0.003075383590357511 0.00044323232063769207 0.003075988528607333 0.9999931077416622 -0.0018094202029335926 -0.00043699965012552794 0.0018105774615598813 0.9999986864592391 -0.015509947467933216 -0.22293957755040594 0.0021234599266364285
FixedParameters: 0 0 0
#Transform 41
Transform: MatrixOffsetTransformBase_double_3_3
Parameters: 0.9999932437969934 -0.0035574284906892926 0.00031510594663460955 0.003558255940816383 0.9999927125837362 -0.0013341277520006467 -0.00031070547516899496 0.0013358729343553588 0.9999989667494555 -0.021412788417976003 -0.3195764165670454 0.0215627049499858
FixedParameters: 0 0 0
#Transform 42
Transform: MatrixOffsetTransformBase_double_3_3
Parameters: 0.9999950171049031 -0.0029673024332479074 0.0004233426758069998 0.0029680156105221845 0.9999927476028214 -0.0024997241769743606 -0.0004153662131081105 0.002500275602415225 0.9999967694551053 -0.005289197489119601 -0.21783815173247945 -0.009133429673696014
FixedParameters: 0 0 0
#Transform 43
Transform: MatrixOffsetTransformBase_double_3_3
Parameters: 0.9999953837738843 -0.0030693800758605466 0.0004429078766823288 0.0030700348669738422 0.999993188340887 -0.002093657774899893 -0.0004359304512883871 0.002095339842809796 0.9999974215468821 -0.005786593353235503 -0.26892345472712975 0.0122087305882701
FixedParameters: 0 0 0
#Transform 44
Transform: MatrixOffsetTransformBase_double_3_3
Parameters: 0.9999947646665915 -0.003331273279087937 0.0003697099783610781 0.003332398476495885 0.9999925046859878 -0.0020859813752031886 -0.00036286572511927444 0.0020870189716006293 0.999997552981413 -0.011611047313408562 -0.2915987887971596 -0.004012440096900605
FixedParameters: 0 0 0
#Transform 45
Transform: MatrixOffsetTransformBase_double_3_3
Parameters: 0.9999955753551871 -0.003048245398959041 0.0003671470786002566 0.0030486539517981213 0.9999910265661502 -0.002742668005347171 -0.0003582653748321246 0.002743329325931687 0.9999965006350385 0.006987234932992692 -0.2232038797562126 -0.011114830695760247
FixedParameters: 0 0 0
#Transform 46
Transform: MatrixOffsetTransformBase_double_3_3
Parameters: 0.9999939225946349 -0.003574926350938649 0.0005463518143832718 0.0035759320011230695 0.9999912766992715 -0.002203455187838682 -0.0005374495778021618 0.002205539509842619 0.9999969262230214 0.010120548041456345 -0.2883212790145251 0.0015014022525434711
FixedParameters: 0 0 0
#Transform 47
Transform: MatrixOffsetTransformBase_double_3_3
Parameters: 0.9999955779995482 -0.003037867167185266 0.0004376201071105395 0.003039595398193586 0.9999927251728024 -0.0024566898591787123 -0.00042974423746210746 0.0024583098403834214 0.9999967741684019 0.004709463089128008 -0.21963909764090772 -0.001477064088803104
FixedParameters: 0 0 0
#Transform 48
Transform: MatrixOffsetTransformBase_double_3_3
Parameters: 0.9999945196389344 -0.0033620175062527213 0.0004193388186787322 0.0033632724912088024 0.9999917113797007 -0.0022306109386752704 -0.00041237108878424105 0.002232391978447046 0.9999978490274499 0.009506662394741738 -0.2766177413097637 0.007136591154434768
FixedParameters: 0 0 0
#Transform 49
Transform: MatrixOffsetTransformBase_double_3_3
Parameters: 0.9999949037158918 -0.003294571380930845 0.0004900375758280422 0.003296358896312822 0.9999920598919267 -0.002456600922158547 -0.00048188011930313135 0.002458400623294582 0.9999967651560083 0.002734937391281278 -0.24733247294300043 -0.01119640877823258
FixedParameters: 0 0 0
#Transform 50
Transform: MatrixOffsetTransformBase_double_3_3
Parameters: 0.999995065483313 -0.0029331361613599335 0.0005756391093727153 0.0029344363778574393 0.9999928571782021 -0.0025172913442182143 -0.0005687066646352986 0.0025187110395465118 0.9999965276026289 0.0002502696243027458 -0.17650861168891652 -0.016405139008824676
FixedParameters: 0 0 0
#Transform 51
Transform: MatrixOffsetTransformBase_double_3_3
Parameters: 0.999996155799431 -0.0027273683384059677 0.0006386414971913257 0.0027281613956637585 0.9999932277586017 -0.0024840422172255072 -0.0006317486934113278 0.0024859574861156863 0.9999965775483093 0.00608223651433093 -0.2294935809254781 -0.00010791317973257719
FixedParameters: 0 0 0
#Transform 52
Transform: MatrixOffsetTransformBase_double_3_3
Parameters: 0.9999951884306696 -0.0030309844644332306 0.0007916856526204637 0.003031828886659149 0.9999937790636131 -0.0019075396880812445 -0.0007857986955336893 0.0019094622501712455 0.9999981245945602 0.007937837371073897 -0.24561601149656553 -0.015371000886446495
FixedParameters: 0 0 0
#Transform 53
Transform: MatrixOffsetTransformBase_double_3_3
Parameters: 0.9999969273189985 -0.002543268130590468 0.0007768106709896204 0.0025446967024660054 0.9999961289189397 -0.0014307648709525334 -0.0007734483129857587 0.0014322367791130552 0.999998700003913 -0.016956696326914766 -0.2040951777868969 -0.007974203387277612
FixedParameters: 0 0 0
#Transform 54
Transform: MatrixOffsetTransformBase_double_3_3
Parameters: 0.9999972913665884 -0.002182605151624764 0.0009715042557461279 0.0021838163117239642 0.9999972769332586 -0.0008262296015333903 -0.0009698515723358363 0.0008287711013979793 0.9999996449183374 -0.017165000395792163 -0.22989829720063426 -0.0010748272366782885
FixedParameters: 0 0 0
#Transform 55
Transform: MatrixOffsetTransformBase_double_3_3
Parameters: 0.9999980122233835 -0.0018127742873068188 0.0008370794593187975 0.001814320895027371 0.9999980900657007 -0.0011608327957630116 -0.0008348271204730163 0.0011621679847074184 0.9999992239889218 -0.0021595383597485807 -0.14132194848497193 -0.03189304543954563
FixedParameters: 0 0 0
#Transform 56
Transform: MatrixOffsetTransformBase_double_3_3
Parameters: 0.9999978299138236 -0.002130466109284438 0.0007952158211460616 0.00213060852803215 0.9999972162683419 -0.0010786962807004252 -0.0007933570034646229 0.0010813057664806613 0.9999992808398611 -0.004376641799737513 -0.09760430458973701 -0.015599029729983727
FixedParameters: 0 0 0
#Transform 57
Transform: MatrixOffsetTransformBase_double_3_3
Parameters: 0.9999969539493491 -0.002283641288263767 0.0009111205493662418 0.0022845761174996276 0.9999969382455639 -0.0007294624793255933 -0.0009097439976975224 0.000731537128752402 0.9999989484419871 0.01015545882235358 -0.18053950471882274 -0.006920235829909416
FixedParameters: 0 0 0
#Transform 58
Transform: MatrixOffsetTransformBase_double_3_3
Parameters: 0.999997442665463 -0.0018613492258222873 0.0010456710882578322 0.0018621662557863463 0.9999981605087397 -0.0010484042742369415 -0.0010435261322272681 0.0010505969629663048 0.9999990792519897 -0.00016156459976457427 -0.11011965273344515 -0.015506097251204665
FixedParameters: 0 0 0
#Transform 59
Transform: MatrixOffsetTransformBase_double_3_3
Parameters: 0.999997916781491 -0.002150485999568693 0.0006768676441975886 0.002150968721897888 0.9999978359637066 -0.0006481270249895088 -0.000676036533255755 0.0006498742082712838 0.9999992384138906 0.004209142080100037 -0.17504799270260207 0.008748189032857567
FixedParameters: 0 0 0
#Transform 60
Transform: MatrixOffsetTransformBase_double_3_3
Parameters: 0.9999971172611912 -0.002109586055369992 0.0006575561860396176 0.0021099500186022827 0.9999983549405466 -0.0002761946704329665 -0.000656387369457511 0.0002778042440177708 0.9999996088629874 0.011902110885799289 -0.17936682943457072 0.00021349133341175275
FixedParameters: 0 0 0
#Transform 61
Transform: MatrixOffsetTransformBase_double_3_3
Parameters: 0.9999980460638003 -0.0017208611031524796 0.0009962679883029901 0.001722951483171694 0.9999962154836466 -0.0018414020598105374 -0.0009926676252854688 0.0018425955821840256 0.9999980446445899 0.0015448253698622239 -0.12405752531412872 -0.02144413547503632
FixedParameters: 0 0 0
#Transform 62
Transform: MatrixOffsetTransformBase_double_3_3
Parameters: 0.9999973599822953 -0.001891789615173485 0.0010301926609697144 0.0018931578847705137 0.9999971031708882 -0.001428400924497475 -0.001027525220175235 0.0014305982133937245 0.9999981698653249 0.018777794879099474 -0.19537028002299905 -0.008349766365370215
FixedParameters: 0 0 0
#Transform 63
Transform: MatrixOffsetTransformBase_double_3_3
Parameters: 0.9999956308223696 -0.0029847635750158605 0.000678434211893302 0.0029850485575759894 0.9999957682422885 -0.0003549453610545428 -0.0006772892186381826 0.00035705449784631527 0.9999996091075257 0.039367952446625054 -0.1839750455420699 0.03434805085780113
FixedParameters: 0 0 0
#Transform 64
Transform: MatrixOffsetTransformBase_double_3_3
Parameters: 0.9999932928474012 -0.003608223780111253 0.0008292954870765159 0.003608806183227509 0.9999934832574792 -0.00046936672004788127 -0.000826876522125537 0.0004726304538246462 0.9999993659077684 0.043558531767146746 -0.2316468235607374 0.054961224324244995
FixedParameters: 0 0 0
#Transform 65
Transform: MatrixOffsetTransformBase_double_3_3
Parameters: 0.9999939533404462 -0.0033718573819081455 0.0008229218628154981 0.0033719593996847123 0.9999943919451642 -0.00006038804974145551 -0.0008225037381488264 0.00006361119998204989 0.9999995537074232 0.07213115173406948 -0.21012490120708094 0.040505841525813935
FixedParameters: 0 0 0
#Transform 66
Transform: MatrixOffsetTransformBase_double_3_3
Parameters: 0.9999930860451377 -0.0036372182955460774 0.0008273759834704972 0.0036372753772657886 0.9999933019629601 -0.000033308075328003506 -0.0008271250048000148 0.0000356914475108383 0.9999997817019018 0.06421932162919575 -0.26542257387934853 0.05688096937045373
FixedParameters: 0 0 0
#Transform 67
Transform: MatrixOffsetTransformBase_double_3_3
Parameters: 0.9999939654007641 -0.0032035156536839777 0.0008786612557948017 0.0032035833020758876 0.9999943466499841 -0.00003711503871514643 -0.0008784145747525493 0.00003988449649275361 0.9999996157862955 0.08380875182142233 -0.15638262310930884 0.032912532155194185
FixedParameters: 0 0 0
#Transform 68
Transform: MatrixOffsetTransformBase_double_3_3
Parameters: 0.9999929324022263 -0.0035121416177967984 0.0008558055113179097 0.0035120089272413432 0.9999932310989201 0.00007888259430466338 -0.0008563498746222713 -0.00007611630930323687 0.9999996892909575 0.0671027839894549 -0.2514275470159788 0.053797767912755035
FixedParameters: 0 0 0
#Transform 69
Transform: MatrixOffsetTransformBase_double_3_3
Parameters: 0.9999967772906042 -0.002389243038862023 0.0007167714776690155 0.0023902185542399785 0.9999972542094434 -0.0009568719414521365 -0.0007141532813072055 0.0009591289253919333 0.9999996875496765 0.06614671143027806 -0.09481216818633698 0.01808678235113348
FixedParameters: 0 0 0
#Transform 70
Transform: MatrixOffsetTransformBase_double_3_3
Parameters: 0.9999956818238284 -0.002938563897811788 0.0008263016517624661 0.00293900117632487 0.9999958266024898 -0.00038350308154200263 -0.0008250219879457434 0.000385496528083229 0.9999995595403154 0.05734485778721421 -0.16377410035615014 0.019799607111281148
FixedParameters: 0 0 0
#Transform 71
Transform: MatrixOffsetTransformBase_double_3_3
Parameters: 0.9999952393746494 -0.0028473408656289334 0.0008080969947458541 0.002847885099099766 0.9999953299042742 -0.0004584363305397965 -0.0008064602981221678 0.00046056205139424766 0.9999994871898086 0.05051037531535485 -0.16225542866332887 0.008285644149239602
FixedParameters: 0 0 0
#Transform 72
Transform: MatrixOffsetTransformBase_double_3_3
Parameters: 0.9999956533736588 -0.0027778571715684043 0.0007936538650681344 0.002778173538524451 0.9999960213627143 -0.00032257137878197173 -0.0007928339714117189 0.00032542861656853495 0.9999994220587352 0.057933829027476236 -0.13814119294384852 0.021449054766037534
FixedParameters: 0 0 0
#Transform 73
Transform: MatrixOffsetTransformBase_double_3_3
Parameters: 0.9999952761142351 -0.0027209946865006155 0.0011496803910248795 0.0027213453263639363 0.9999956804275498 -0.0007496098571858345 -0.0011473533418523113 0.0007533885709750388 0.9999984661812886 0.021829573192789553 -0.1875495710032169 0.0044335673330095915
FixedParameters: 0 0 0
#Transform 74
Transform: MatrixOffsetTransformBase_double_3_3
Parameters: 0.9999954910818852 -0.0028050079099147703 0.0008002292246660513 0.0028057179878612517 0.99999530171251 -0.0006904931754781185 -0.0007983099346184292 0.0006925057433609105 0.9999992330237542 0.05102940005495782 -0.13560562919494146 0.01387754869416824
FixedParameters: 0 0 0
#Transform 75
Transform: MatrixOffsetTransformBase_double_3_3
Parameters: 0.9999952568364214 -0.0028440806842632287 0.0008086350188904564 0.002845070485874599 0.9999959768646635 -0.0008566718177928367 -0.0008057142537283977 0.000859326391669496 0.9999988076421323 0.052964588498255694 -0.15253771376875136 0.012395893123937185
FixedParameters: 0 0 0
#Transform 76
Transform: MatrixOffsetTransformBase_double_3_3
Parameters: 0.9999964659362787 -0.0024169644217696263 0.0008316637626382042 0.002418223768673077 0.9999968512523981 -0.000995535046862811 -0.0008288060245997854 0.0009974649846628547 0.9999996286558377 0.03149191279497643 -0.12154065691105131 -0.007580449867987227
FixedParameters: 0 0 0
#Transform 77
Transform: MatrixOffsetTransformBase_double_3_3
Parameters: 0.9999975282028087 -0.0018407706999689706 0.0010408645587565042 0.0018417713561953057 0.99999780641484 -0.0012364344660246163 -0.0010390505559544545 0.0012385672630362832 0.9999986589687733 0.014195716424865168 -0.10909302911750274 -0.02105603219442287
FixedParameters: 0 0 0
#Transform 78
Transform: MatrixOffsetTransformBase_double_3_3
Parameters: 0.9999966690196366 -0.0024569313797294435 0.0011383468547150441 0.0024575059606727102 0.9999969157977366 -0.000855748363703418 -0.0011358955948464423 0.0008592522736063368 0.9999992826062077 0.02423034623339504 -0.16744869286968367 -0.03027901716092174
FixedParameters: 0 0 0
#Transform 79
Transform: MatrixOffsetTransformBase_double_3_3
Parameters: 0.9999964422493941 -0.002121915679721224 0.0014342207906749185 0.0021236176548732073 0.9999966277276102 -0.001484230205908793 -0.001430459527771999 0.00148677064185751 0.9999984010906829 0.034069507319472336 -0.08198146562857289 -0.03933496848688378
FixedParameters: 0 0 0
#Transform 80
Transform: MatrixOffsetTransformBase_double_3_3
Parameters: 0.9999962580188394 -0.0024531728484495263 0.001313076914266641 0.002453848971405001 0.9999967411025363 -0.0008552846948503001 -0.001311614734776537 0.0008587181415400102 0.9999990480128566 0.03216292013651412 -0.14134779552716736 -0.024637193549281733
FixedParameters: 0 0 0
#Transform 81
Transform: MatrixOffsetTransformBase_double_3_3
Parameters: 0.9999969154404926 -0.0022495858778875098 0.0010119957145568927 0.002250658062208799 0.9999966477349106 -0.0014052687961897958 -0.001009389529215741 0.0014077327561318742 0.9999983112110041 0.029413189635334902 -0.11908758921110518 -0.04435577024257498
FixedParameters: 0 0 0
#Transform 82
Transform: MatrixOffsetTransformBase_double_3_3
Parameters: 0.9999971848711032 -0.0021462763798787863 0.0010995370970354895 0.002147179135089375 0.999996655769587 -0.0011259515501658435 -0.0010974415135752366 0.0011280491126507974 0.9999989888385112 0.01108893960436319 -0.09827161037810583 -0.03272171052039141
FixedParameters: 0 0 0
#Transform 83
Transform: MatrixOffsetTransformBase_double_3_3
Parameters: 0.9999960570744693 -0.0023730492889422142 0.00114466010366387 0.0023744702612180047 0.9999971910297301 -0.0007929816041594706 -0.0011428511030038423 0.0007950178273358754 0.9999986051710976 0.021692109313960373 -0.181736520256365 -0.006027484869377986
FixedParameters: 0 0 0
#Transform 84
Transform: MatrixOffsetTransformBase_double_3_3
Parameters: 0.9999976160087639 -0.00188111481778125 0.0009191643648223389 0.0018820184743730457 0.9999978284075993 -0.0005986195442229114 -0.00091788863076035 0.0006003791924455437 0.9999990688006912 0.01321635554114664 -0.09413401391783793 -0.026134190446242656
FixedParameters: 0 0 0
#Transform 85
Transform: MatrixOffsetTransformBase_double_3_3
Parameters: 0.9999975857314232 -0.00200093370676641 0.0006409047320789088 0.002000370424766733 0.9999975675971737 0.0005938955117276712 -0.000642297231600035 -0.000592103295898122 0.9999993148363622 -0.0005446801618376185 -0.11822693497568082 -0.1380221711487053
FixedParameters: 0 0 0
#Transform 86
Transform: MatrixOffsetTransformBase_double_3_3
Parameters: 0.9999975590709613 -0.0018771982559873054 0.0009583895736100796 0.0018773789487357988 0.9999977004976137 -0.000708550246143469 -0.00095650830769911 0.0007104481728618384 0.999998851792955 0.009237868797725923 -0.10284775295532711 -0.1495252135600822
FixedParameters: 0 0 0
#Transform 87
Transform: MatrixOffsetTransformBase_double_3_3
Parameters: 0.9999975407068963 -0.001977559579983811 0.0012446182299500042 0.001977532955730794 0.9999982908243732 -0.0005410433282864446 -0.0012442374448061733 0.0005429588853994305 0.9999986623528819 -0.004525139246837284 -0.1112175314274424 -0.1504891618219375
FixedParameters: 0 0 0
#Transform 88
Transform: MatrixOffsetTransformBase_double_3_3
Parameters: 0.9999976233680791 -0.0021038559679766936 0.000974892142532107 0.002103696057384237 0.9999971017433743 0.00008274166378996473 -0.0009752371563088297 -0.00008125778134637773 0.9999995081772614 0.021272215006078454 -0.15152912460321488 -0.028792270330768588
FixedParameters: 0 0 0
#Transform 89
Transform: MatrixOffsetTransformBase_double_3_3
Parameters: 0.9999984214510383 -0.0017507655776574998 0.0007162482459749468 0.001751388867918828 0.9999983329307323 -0.000573094976314914 -0.000715220025832984 0.0005739046938358638 0.9999994307154298 0.009401886074016375 -0.08537705078589397 -0.049556834515684045
FixedParameters: 0 0 0
#Transform 90
Transform: MatrixOffsetTransformBase_double_3_3
Parameters: 0.9999976031248127 -0.0009640335280482052 0.0018620381890844567 0.0009649967556145181 0.9999993515696477 -0.0005741259599775228 -0.0018617116052673853 0.0005758738513976791 0.9999975903047156 -0.04740834892014334 -0.12810966507760213 -0.07614729232152229
FixedParameters: 0 0 0
#Transform 91
Transform: MatrixOffsetTransformBase_double_3_3
Parameters: 0.9999977121932605 -0.0014034506489489166 0.0015222932543217929 0.0014054469725739752 0.9999983732739922 -0.0011069780803434626 -0.001520943872592563 0.0011090209143682639 0.9999978835890999 -0.014063606335554368 -0.0848865504558205 -0.07819511907655396
FixedParameters: 0 0 0
#Transform 92
Transform: MatrixOffsetTransformBase_double_3_3
Parameters: 0.9999970505071212 -0.0013824457627220543 0.0017431560538494803 0.0013843761233402305 0.9999988639240546 -0.0008907043997519737 -0.0017414706554071398 0.0008932938378842237 0.9999975952544312 -0.012686397625145673 -0.1271710063011966 -0.10141162435250806
FixedParameters: 0 0 0
#Transform 93
Transform: MatrixOffsetTransformBase_double_3_3
Parameters: 0.9999977808699289 -0.0018908287903629576 0.0008026859918599982 0.0018903189787171884 0.9999979597896735 0.00044116968314300564 -0.0008033713133867618 -0.00043983020285781604 0.9999994329994278 0.003927144513511394 -0.12379071898790528 -0.06389042947060375
FixedParameters: 0 0 0
#Transform 94
Transform: MatrixOffsetTransformBase_double_3_3
Parameters: 0.9999974498790262 -0.0013673046147682165 0.0016369450909255758 0.0013686688365299462 0.99999900145779 -0.0008358771074555849 -0.0016364179579618772 0.0008381237878864745 0.999998047280724 -0.013085248476130573 -0.11106006444599359 -0.08034601044238343
FixedParameters: 0 0 0
#Transform 95
Transform: MatrixOffsetTransformBase_double_3_3
Parameters: 0.9999980538613102 -0.0017930036880901051 0.0008548624976452684 0.001794220888743791 0.9999978637131273 -0.0008276227933208535 -0.0008528707450300042 0.0008293764285344785 0.9999998173230715 0.010291803198668958 -0.1130511596582835 -0.07592226953994441
FixedParameters: 0 0 0
#Transform 96
Transform: MatrixOffsetTransformBase_double_3_3
Parameters: 0.9999982221929381 -0.0011953125269936616 0.0011613050264612569 0.0011958123144544487 0.9999987248151699 -0.0008065733160717847 -0.0011611370713940311 0.0008084280796932242 0.9999991932630732 -0.02932647156022483 -0.10255718912006273 -0.0719725226887391
FixedParameters: 0 0 0
#Transform 97
Transform: MatrixOffsetTransformBase_double_3_3
Parameters: 0.9999980830894718 -0.0018279741445219335 0.0007583112566016395 0.0018285866018436846 0.9999980998035289 -0.0005339627249629775 -0.0007573370897837056 0.0005350368624529311 0.9999994119051424 -0.006559699152518306 -0.1288588672344133 -0.0669835430757928
FixedParameters: 0 0 0
#Transform 98
Transform: MatrixOffsetTransformBase_double_3_3
Parameters: 0.999997989548835 -0.0017268695984919153 0.0010143755584827356 0.0017276708011428877 0.9999974364738791 -0.0010733650965973618 -0.0010124282569952785 0.0010746346942792084 0.9999992461206765 -0.00017143787316342696 -0.0890093431938368 -0.049735965155008444
FixedParameters: 0 0 0
#Transform 99
Transform: MatrixOffsetTransformBase_double_3_3
Parameters: 0.9999989552849666 -0.00114043299435532 0.0013207712024465193 0.0011417407916965898 0.9999986177409129 -0.0009404540014407436 -0.0013194051441292065 0.0009425448102246547 0.9999985646989706 -0.012007864057835604 -0.09044329495266368 -0.06566902409714714
FixedParameters: 0 0 0
#Transform 100
Transform: MatrixOffsetTransformBase_double_3_3
Parameters: 0.9999978689669062 -0.0020491264113179576 0.0009663177004433643 0.0020490270188919645 0.9999981783981757 -0.0005575636942991569 -0.0009648114880179287 0.0005594363179177164 0.9999990667234766 -0.001145146487715465 -0.14628643888417514 -0.12823348704151272
FixedParameters: 0 0 0
#Transform 101
Transform: MatrixOffsetTransformBase_double_3_3
Parameters: 0.9999978734069206 -0.0016347646917692726 0.0006733954706686197 0.001635908740661525 0.99999778296348 -0.001144055009989292 -0.0006716127174996779 0.0011449451739126149 0.9999994706797037 0.004644445707953082 -0.06974926917992263 -0.06591458963482921
FixedParameters: 0 0 0
#Transform 102
Transform: MatrixOffsetTransformBase_double_3_3
Parameters: 0.99999861399753 -0.0012388958723670942 0.0013597650191511323 0.0012404465149603156 0.9999987575169839 -0.0007142752794983553 -0.0013599515863167225 0.0007167249725424096 0.9999988325991135 -0.020357925020235257 -0.11445479568618566 -0.10272549271617493
FixedParameters: 0 0 0
#Transform 103
Transform: MatrixOffsetTransformBase_double_3_3
Parameters: 0.9999977633695438 -0.0012452826020846824 0.0016389834985477295 0.0012461284731032462 0.9999990671037622 -0.0009760752339745271 -0.0016381146095808478 0.0009779262944979161 0.9999977872040723 -0.005555452282393958 -0.10906787796561446 -0.09671176731593789
FixedParameters: 0 0 0
#Transform 104
Transform: MatrixOffsetTransformBase_double_3_3
Parameters: 0.9999981075210841 -0.0011390970846320476 0.00126304669792775 0.0011397259699154642 0.999998996042195 -0.0007145224677682083 -0.0012621988080325495 0.0007164779015036704 0.9999990875972179 -0.009588694349019988 -0.06560411951170408 -0.05525451232456646
FixedParameters: 0 0 0
#Transform 105
Transform: MatrixOffsetTransformBase_double_3_3
Parameters: 0.9999987927702972 -0.0012571287354054496 0.0012754830251456176 0.0012585666779806287 0.9999987122078589 -0.0005633175314286865 -0.0012740641684070085 0.0005646807480009508 0.9999994443710072 -0.013621151056426584 -0.13795579995237972 -0.15438725220883498
FixedParameters: 0 0 0
#Transform 106
Transform: MatrixOffsetTransformBase_double_3_3
Parameters: 0.999998510537581 -0.0013983491490565376 0.0007312433151131067 0.0013993070190970152 0.9999972552501808 -0.0015981321667019877 -0.0007285341376886629 0.0015988647664951228 0.999998144881675 0.0061793041111144476 -0.059036584940116654 -0.07614973721634044
FixedParameters: 0 0 0
#Transform 107
Transform: MatrixOffsetTransformBase_double_3_3
Parameters: 0.9999982486185517 -0.0012441843503946174 0.0010966107218228914 0.001245594800291716 0.9999987184689032 -0.0007325960702682932 -0.0010957647342194298 0.0007344034751715633 0.999999454104716 -0.014402923480773211 -0.1368370049369645 -0.14819589476448414
FixedParameters: 0 0 0
#Transform 108
Transform: MatrixOffsetTransformBase_double_3_3
Parameters: 0.999998218793111 -0.001756251829126697 0.0008338926673376889 0.0017576944096577818 0.9999981490865595 -0.0012208857827829545 -0.0008325411852289184 0.001222116767615744 0.999999085575242 0.017031735973304762 -0.1176856050224302 -0.16774685368621078
FixedParameters: 0 0 0
#Transform 109
Transform: MatrixOffsetTransformBase_double_3_3
Parameters: 0.9999987346968279 -0.001415847493345628 0.000510351761509063 0.0014166290595255308 0.9999989926120555 -0.0009606655713514378 -0.0005086100181113023 0.0009613336327278788 0.9999988950425216 0.0045425178035998215 -0.08161679166403246 -0.06515551146051735
FixedParameters: 0 0 0
#Transform 110
Transform: MatrixOffsetTransformBase_double_3_3
Parameters: 0.9999972714079545 -0.00197101300479056 0.0009182512502534524 0.0019721610209716745 0.9999982638561637 -0.0007327330698244927 -0.0009163391961027403 0.0007342657190491653 0.9999989315070384 0.014747390357499057 -0.1465849129677821 -0.1445939490283621
FixedParameters: 0 0 0
#Transform 111
Transform: MatrixOffsetTransformBase_double_3_3
Parameters: 0.999999738540312 -0.0007258647213907678 0.0008567786351844468 0.0007272162441235016 0.9999988986079951 -0.0015915714369717227 -0.0008562282121552186 0.001592428487802694 0.9999977710000563 0.01758621919275072 -0.05530516335183222 -0.06375716344852833
FixedParameters: 0 0 0
#Transform 112
Transform: MatrixOffsetTransformBase_double_3_3
Parameters: 0.9999982631829578 -0.0018911735322263968 0.00040034637802173245 0.0018914397443416083 0.9999982339312883 -0.0003326309133572791 -0.00039908676334809355 0.00033336785606644104 0.9999998074738583 -0.00013021931238199613 -0.13171686717429054 -0.018716378083851737
FixedParameters: 0 0 0
#Transform 113
Transform: MatrixOffsetTransformBase_double_3_3
Parameters: 0.9999996722521196 -0.0007175433032084154 0.0009011876213418858 0.0007185307308604226 0.9999998583601211 -0.0006573144324388547 -0.0009012236716392913 0.0006576867650905371 0.9999999492786931 -0.03424921621369492 -0.09834220807164229 -0.01807855932074176
