#Insight Transform File V1.0
#Transform 0
Transform: MatrixOffsetTransformBase_double_3_3
Parameters: 0.9999974702847575 -0.0008168186218863188 -0.0022051459532894113 0.0008114124562117281 0.9999963304819879 -0.0025142538239006917 0.0022070723073717245 0.002512746165150126 0.9999945044009009 -0.16965783850272942 -0.22563401717519582 -0.06969394685287966
FixedParameters: 0 0 0
#Transform 1
Transform: MatrixOffsetTransformBase_double_3_3
Parameters: 0.9999978976462126 -0.0008777482592467032 -0.001825072174717526 0.0008728401732047496 0.9999950986347996 -0.0029002491723162382 0.0018279818078746144 0.002898748553220837 0.9999939847650453 -0.18779861622053318 -0.15372435472853851 -0.08173204663457057
FixedParameters: 0 0 0
#Transform 2
Transform: MatrixOffsetTransformBase_double_3_3
Parameters: 0.9999975444234707 -0.0008424966356629702 -0.0021785565912806337 0.0008372291296788999 0.9999973338587319 -0.002288481838349815 0.002180430415089357 0.002286517767928542 0.9999947452252713 -0.1897898738767907 -0.26642776994057726 -0.07248417375659244
FixedParameters: 0 0 0
#Transform 3
Transform: MatrixOffsetTransformBase_double_3_3
Parameters: 0.9999972147240049 -0.0007146644116824055 -0.0022962635174683522 0.0007067533395450025 0.9999944728137911 -0.003215089264518023 0.0022994490829065756 0.003213907438768676 0.9999920758171517 -0.2020796456015148 -0.17895894982875404 -0.10783003492157661
FixedParameters: 0 0 0
#Transform 4
Transform: MatrixOffsetTransformBase_double_3_3
Parameters: 0.9999979013119857 -0.0006635681198989896 -0.0019127154371704586 0.0006579964712214701 0.9999944206642309 -0.0031978767372274064 0.0019145766218967883 0.003196122746685348 0.9999930389584063 -0.20704254766400254 -0.24266402505756446 -0.09955181925361956
FixedParameters: 0 0 0
#Transform 5
Transform: MatrixOffsetTransformBase_double_3_3
Parameters: 0.9999970233035509 -0.0007884114569446522 -0.002520917022156841 0.000779626361910354 0.9999934065406153 -0.0036464366994795605 0.0025236764851044417 0.0036445660299592175 0.999990037277709 -0.18278094399624933 -0.20773236849841226 -0.17571350483235904
FixedParameters: 0 0 0
#Transform 6
Transform: MatrixOffsetTransformBase_double_3_3
Parameters: 0.999998009652441 -0.0007423046352088672 -0.0021069835456772787 0.0007371584296905911 0.9999958762698246 -0.0028022107649604278 0.0021087643990310365 0.002800789125399744 0.9999934365279765 -0.1814555629966037 -0.2223993976948293 -0.0988245699812893
FixedParameters: 0 0 0
#Transform 7
Transform: MatrixOffsetTransformBase_double_3_3
Parameters: 0.9999962984492824 -0.0009554886275134683 -0.0026053752970992 0.0009485639374502928 0.999995634415665 -0.0027957471198306327 0.002608134663714166 0.0027932556242564466 0.999993045504984 -0.18005172837720806 -0.2458722994889797 -0.13961420157522753
FixedParameters: 0 0 0
#Transform 8
Transform: MatrixOffsetTransformBase_double_3_3
Parameters: 0.9999988041002302 -0.0008150768373534889 -0.0015907165027880645 0.0008104381094239152 0.9999941039667447 -0.003241945571725413 0.0015938194140380105 0.003241054197064941 0.9999936854178025 -0.20274120254156003 -0.158867103205921 -0.12235505399691249
FixedParameters: 0 0 0
#Transform 9
Transform: MatrixOffsetTransformBase_double_3_3
Parameters: 0.9999976204468325 -0.0009269443454179716 -0.002126371803134591 0.0009214746583463761 0.9999955468813174 -0.002806616929287409 0.0021282134127629058 0.002804381679681861 0.9999933318569411 -0.18716867231680112 -0.23060107308548083 -0.15973498948332576
FixedParameters: 0 0 0
#Transform 10
Transform: MatrixOffsetTransformBase_double_3_3
Parameters: 0.9999979163311665 -0.0007159369504130531 -0.0018897469928461853 0.0007096949016035085 0.9999948191970235 -0.0031539991822688296 0.0018920765223128303 0.003153000317462601 0.9999932079415306 -0.18490633399291312 -0.1701110618391226 -0.17672317776818147
FixedParameters: 0 0 0
#Transform 11
Transform: MatrixOffsetTransformBase_double_3_3
Parameters: 0.9999973903897424 -0.0008913823516059423 -0.0019530035181718009 0.0008862801066096527 0.9999958670121563 -0.0027603890477849724 0.00195574277959361 0.0027586117093432727 0.9999942936483662 -0.1745495675517077 -0.23611192190257668 -0.14455227807135884
FixedParameters: 0 0 0
#Transform 12
Transform: MatrixOffsetTransformBase_double_3_3
Parameters: 0.9999987153863231 -0.0006862616280353028 -0.0013466618450666684 0.0006815727213876068 0.9999950275394958 -0.0031207671012732363 0.001349159285430896 0.0031202327494053994 0.9999942127483322 -0.19746485378664147 -0.1506570564153833 -0.11520116072941278
FixedParameters: 0 0 0
#Transform 13
Transform: MatrixOffsetTransformBase_double_3_3
Parameters: 0.999998229134789 -0.0009091387827238552 -0.0017156463123816764 0.0009044514117547954 0.999995933043902 -0.0027354011968463987 0.0017186370319046919 0.00273359636879289 0.9999943410752126 -0.18318884002499658 -0.23783244027809758 -0.1479368093444151
FixedParameters: 0 0 0
#Transform 14
Transform: MatrixOffsetTransformBase_double_3_3
Parameters: 0.9999979673214766 -0.0007254796198688288 -0.0018725133477793634 0.0007197081240894258 0.99999521071351 -0.003057968267436123 0.0018747650890328087 0.003056035522715439 0.9999940660363023 -0.1797234730138797 -0.1703410122116793 -0.16739466280161253
FixedParameters: 0 0 0
#Transform 15
Transform: MatrixOffsetTransformBase_double_3_3
Parameters: 0.9999964591417144 -0.0007501376922224327 -0.002445088910933437 0.0007413687757995013 0.9999929620439887 -0.0035560496400417196 0.0024476320564712655 0.0035539509146726156 0.9999912209250035 -0.2063153639382449 -0.2514903868921863 -0.20620852535108725
FixedParameters: 0 0 0
#Transform 16
Transform: MatrixOffsetTransformBase_double_3_3
Parameters: 0.9999982892101718 -0.0006222387750627883 -0.0018231269547965907 0.0006162857653090985 0.999993927142995 -0.0034587821743079783 0.0018250465327827813 0.0034582198800625352 0.9999924395219999 -0.20041460492979013 -0.14797232947815075 -0.1834081101395526
FixedParameters: 0 0 0
#Transform 17
Transform: MatrixOffsetTransformBase_double_3_3
Parameters: 0.9999981574032744 -0.0008125487530046069 -0.0017842460726519187 0.0008071045462241505 0.9999952432605158 -0.0030620996722848792 0.001786058168262614 0.003060905227753069 0.9999941685016173 -0.19889650268402193 -0.2675748180788844 -0.15230364013811482
FixedParameters: 0 0 0
#Transform 18
Transform: MatrixOffsetTransformBase_double_3_3
Parameters: 0.9999986067653265 -0.0007439021700810381 -0.001356107121004287 0.0007390800455327297 0.999993183161658 -0.0035088109525416578 0.0013593408893659193 0.00350718497088251 0.9999928113998409 -0.18714112385991655 -0.1587546395631989 -0.14182669860362296
FixedParameters: 0 0 0
#Transform 19
Transform: MatrixOffsetTransformBase_double_3_3
Parameters: 0.9999981190832035 -0.0008533068887291292 -0.0017760033780457774 0.0008477056247689852 0.9999952664209386 -0.002845123453833115 0.0017778922433090984 0.002842875859924071 0.9999946759442753 -0.1839522183372253 -0.24255194658570645 -0.14440832117834645
FixedParameters: 0 0 0
#Transform 20
Transform: MatrixOffsetTransformBase_double_3_3
Parameters: 0.9999992015304048 -0.00040041578803343657 -0.0012796285327436848 0.00039650724474143745 0.999994046659229 -0.0034403176397624635 0.001281381673142418 0.0034396846813144477 0.9999934875825821 -0.1842874512523025 -0.13087906327118048 -0.1358578589755126
FixedParameters: 0 0 0
#Transform 21
Transform: MatrixOffsetTransformBase_double_3_3
Parameters: 0.9999991663846157 -0.0004932078886194623 -0.0012608185730842872 0.0004899662336160405 0.9999967949033631 -0.0024504264471197634 0.0012626343845982988 0.0024495734578584005 0.999996366458021 -0.19085969296779126 -0.19173738679133123 -0.09602161036971779
FixedParameters: 0 0 0
#Transform 22
Transform: MatrixOffsetTransformBase_double_3_3
Parameters: 0.9999983513703499 -0.0006089347334268987 -0.0018106090845153439 0.0006030724401584777 0.9999945538980355 -0.003187710290450313 0.0018123055487912836 0.003186289809446491 0.9999934834639808 -0.1819987255342852 -0.20303256819074988 -0.18515535128427985
FixedParameters: 0 0 0
#Transform 23
Transform: MatrixOffsetTransformBase_double_3_3
Parameters: 0.9999997664388202 -0.0005287787466539357 -0.0009767527880839783 0.0005254783927316506 0.99999516783679 -0.0030915146430581797 0.0009784382627160888 0.0030904839973493747 0.9999944899927559 -0.1826224280191866 -0.1300663559306514 -0.14521229664059376
FixedParameters: 0 0 0
#Transform 24
Transform: MatrixOffsetTransformBase_double_3_3
Parameters: 0.9999986788813341 -0.0007674978328345343 -0.0016527913486471758 0.0007634875206175553 0.9999957453156882 -0.002634916232529372 0.0016548561807351772 0.0026340811364498062 0.9999950523566975 -0.16858126736991608 -0.23735230119579853 -0.17959449391479154
FixedParameters: 0 0 0
#Transform 25
Transform: MatrixOffsetTransformBase_double_3_3
Parameters: 0.9999996257675926 -0.0006542331838992278 -0.0009726011960452209 0.0006514332116456501 0.9999957040575393 -0.0028464814520855752 0.0009747445417085781 0.0028465195314115455 0.9999957165445491 -0.18489635736186472 -0.12890234579987236 -0.14687451990536715
FixedParameters: 0 0 0
#Transform 26
Transform: MatrixOffsetTransformBase_double_3_3
Parameters: 0.9999982016937825 -0.0007533559686742379 -0.0014936685367686105 0.0007500617398922207 0.9999973936004198 -0.0020209284470709687 0.0014951322040999493 0.002019069244930699 0.9999966472842216 -0.1609360918090772 -0.2203123058183536 -0.12399863253197907
FixedParameters: 0 0 0
#Transform 27
Transform: MatrixOffsetTransformBase_double_3_3
Parameters: 0.9999989252073523 -0.0005965148571552418 -0.001311132474205521 0.0005935246377921058 0.9999961365327388 -0.002559585590104413 0.0013124068911539517 0.0025584120399197996 0.9999956916907198 -0.16707026410384174 -0.14445529950128844 -0.13814309837246697
FixedParameters: 0 0 0
#Transform 28
Transform: MatrixOffsetTransformBase_double_3_3
Parameters: 0.9999980647803772 -0.0008646607231234505 -0.0017853647861936553 0.0008614824706909705 0.9999976006137916 -0.001933154929274511 0.0017869288028310017 0.001930846805153319 0.9999969989014548 -0.15638949541006752 -0.17200555383502092 -0.1497593816109628
FixedParameters: 0 0 0
#Transform 29
Transform: MatrixOffsetTransformBase_double_3_3
Parameters: 0.9999987991757604 -0.0006672495682774093 -0.0016601399833811013 0.0006635245352974375 0.9999977612725571 -0.002242951276690719 0.0016613533479109238 0.00224205057037416 0.9999959802659931 -0.14015881700431976 -0.14873200294834987 -0.1275496027521541
FixedParameters: 0 0 0
#Transform 30
Transform: MatrixOffsetTransformBase_double_3_3
Parameters: 0.9999986606452479 -0.0006133305591477598 -0.0014009039270030676 0.0006109179173459843 0.9999982307738864 -0.001560662965540166 0.0014024184430011881 0.001559334492836184 0.9999975626697909 -0.11448997895327295 -0.1276764561841901 -0.08279675484973836
FixedParameters: 0 0 0
#Transform 31
Transform: MatrixOffsetTransformBase_double_3_3
Parameters: 0.9999987494453839 -0.0006074550736801783 -0.0013714607157599204 0.0006049338365632703 0.9999980049098338 -0.0016336364319383678 0.0013730452353201876 0.0016323602363391976 0.9999974111568449 -0.12217419402249163 -0.17808945405609222 -0.10043363533168304
FixedParameters: 0 0 0
#Transform 32
Transform: MatrixOffsetTransformBase_double_3_3
Parameters: 0.9999994084877393 -0.0005589250183650117 -0.001131233576416806 0.0005564183815301658 0.999998362944069 -0.0018864774695854236 0.001131962087228009 0.0018865247249590655 0.9999979277662634 -0.1417855979212277 -0.10701696766606972 -0.09829353931409912
FixedParameters: 0 0 0
#Transform 33
Transform: MatrixOffsetTransformBase_double_3_3
Parameters: 0.9999988148629654 -0.0006027733026935451 -0.0013500356806243243 0.0006007232290958708 0.9999986832241711 -0.001412618662869819 0.001350359433790397 0.0014113812159661787 0.9999981441469035 -0.1294924854427819 -0.19236470440570486 -0.14717984706348375
FixedParameters: 0 0 0
#Transform 34
Transform: MatrixOffsetTransformBase_double_3_3
Parameters: 0.9999992470459408 -0.0004759143701782104 -0.0012357602501291793 0.00047247053449119935 0.9999967454557308 -0.0025024310187123644 0.0012365603419667566 0.0025025680358515268 0.9999959765552406 -0.1302391699573917 -0.14660964644373564 -0.1156462363565538
FixedParameters: 0 0 0
#Transform 35
Transform: MatrixOffsetTransformBase_double_3_3
Parameters: 0.9999988704152385 -0.0005994870586973928 -0.0013301236710854735 0.0005972809527609781 0.9999981363379142 -0.0019336422092395 0.001331844654047539 0.001933358703158028 0.9999972572202531 -0.1295824361852027 -0.15925809674764935 -0.1266069398093208
FixedParameters: 0 0 0
#Transform 36
Transform: MatrixOffsetTransformBase_double_3_3
Parameters: 0.9999991665245698 -0.00032140567445222966 -0.0013152998164666218 0.0003183454219958143 0.9999979298175196 -0.0022802681348730314 0.0013161657980303098 0.0022807357682987084 0.9999968353201744 -0.12639043289246388 -0.09045372218677983 -0.13021765662210782
FixedParameters: 0 0 0
#Transform 37
Transform: MatrixOffsetTransformBase_double_3_3
Parameters: 0.9999990728453997 -0.0005853488640646788 -0.0012583916715825003 0.0005825605531419339 0.999997679400618 -0.002274774040342209 0.0012604551146650456 0.002274225003425112 0.9999960467286257 -0.12836568971943052 -0.12381410449444274 -0.11840114140544244
FixedParameters: 0 0 0
#Transform 38
Transform: MatrixOffsetTransformBase_double_3_3
Parameters: 0.9999993642963807 -0.0004538274554960989 -0.0011954588910613661 0.00045187267365612505 0.999997839588721 -0.002046387168917585 0.0011967194367928952 0.002046613244977763 0.999997148370382 -0.11150797531470857 -0.11747589519885082 -0.1016283865208436
FixedParameters: 0 0 0
#Transform 39
Transform: MatrixOffsetTransformBase_double_3_3
Parameters: 0.9999989230487379 -0.0005953699132121401 -0.0013127236239572396 0.0005931059884468415 0.9999985280869875 -0.0015336248909597894 0.001313170566754454 0.0015333738596010338 0.9999976917141855 -0.11384625336688714 -0.11493636508636484 -0.06989816679953265
FixedParameters: 0 0 0
#Transform 40
Transform: MatrixOffsetTransformBase_double_3_3
Parameters: 0.9999987071598034 -0.0005467909412607795 -0.0014122976868435578 0.0005441367261583089 0.9999982852830395 -0.0019106163746582805 0.0014128086625257775 0.0019103847556912745 0.9999971218434527 -0.11371234867280577 -0.16552458666407688 -0.09991178068483464
FixedParameters: 0 0 0
#Transform 41
Transform: MatrixOffsetTransformBase_double_3_3
Parameters: 0.9999996009387874 -0.00019168312412797716 -0.0011672215945325733 0.0001893150292830983 0.9999985263946936 -0.0018542220175746804 0.0011675326505323816 0.0018537772451271972 0.9999971999053126 -0.11519714221823563 -0.0911958224993441 -0.0791437328690705
FixedParameters: 0 0 0
#Transform 42
Transform: MatrixOffsetTransformBase_double_3_3
Parameters: 0.9999992072325914 -0.00038765693561410085 -0.0012814981234946148 0.00038632582263363875 0.9999992406503815 -0.0012843030544345546 0.0012820966035499667 0.0012836984779887872 0.9999986692655194 -0.1026304685104833 -0.20605411163890608 -0.10306440082766244
FixedParameters: 0 0 0
#Transform 43
Transform: MatrixOffsetTransformBase_double_3_3
Parameters: 0.9999991628885908 -0.00004132498963518264 -0.0013550235068022526 0.00003883302090754647 0.9999980174350523 -0.0020048608283677882 0.0013545912491411266 0.0020051397424934447 0.9999971053906719 -0.09873296004596455 -0.104527663004788 -0.10280644439656328
FixedParameters: 0 0 0
#Transform 44
Transform: MatrixOffsetTransformBase_double_3_3
Parameters: 0.9999991866984437 0.000050188286610895446 -0.0013456397496869027 -0.00005599427991453645 0.9999934348569745 -0.0036877360551318406 0.0013454377859140778 0.0036882664380359087 0.9999925490396616 -0.1062043311856371 -0.13635142965365787 -0.09575074825916374
FixedParameters: 0 0 0
#Transform 45
Transform: MatrixOffsetTransformBase_double_3_3
Parameters: 0.999999322679074 0.00015549602517495303 -0.0012855839274847926 -0.00015954623454043785 0.9999935645272211 -0.0036357586719551194 0.0012854108453796253 0.0036352417881028443 0.9999923243315776 -0.10470157577306338 -0.12969030379625224 -0.10968959373360576
FixedParameters: 0 0 0
#Transform 46
Transform: MatrixOffsetTransformBase_double_3_3
Parameters: 0.9999996652351679 0.000022349346714029027 -0.0011550521942724622 -0.000025990357652778934 0.9999947165056146 -0.0033589723915100067 0.001155079461961038 0.0033590282209073896 0.9999933828944275 -0.111730930158771 -0.17165929802067126 -0.08132498918843112
FixedParameters: 0 0 0
#Transform 47
Transform: MatrixOffsetTransformBase_double_3_3
Parameters: 0.9999984449016863 -0.00007435747539967256 -0.001596626321144447 0.00006872713094481701 0.9999945539161874 -0.0033598826662409598 0.0015970990018853767 0.0033591198235301822 0.9999933184187548 -0.11127549746147736 -0.1857252321947982 -0.11847139707857934
FixedParameters: 0 0 0
#Transform 48
Transform: MatrixOffsetTransformBase_double_3_3
Parameters: 0.9999993326895281 -0.0002816295740258359 -0.0007670934871694789 0.00027971606734646044 0.999995709976878 -0.0030352169651361727 0.0007672239295705779 0.003034786318004107 0.9999952002072369 -0.10742183202204103 -0.1248087154235833 -0.08741957942845602
FixedParameters: 0 0 0
#Transform 49
Transform: MatrixOffsetTransformBase_double_3_3
Parameters: 0.9999983700169821 0.00003275338446238977 -0.0016214491519647189 -0.00003667233289739657 0.999996303887626 -0.0027807503028616787 0.001621248060155898 0.002781250377770217 0.9999945981654638 -0.10789039633891662 -0.19201577252205482 -0.08806101848546177
FixedParameters: 0 0 0
#Transform 50
Transform: MatrixOffsetTransformBase_double_3_3
Parameters: 0.9999989663271311 0.00020391837669632922 -0.0014116200594505419 -0.0002083903585241042 0.9999957306070207 -0.0030435173547213035 0.001410554624275634 0.003044486672085872 0.9999947037839902 -0.10481698460029065 -0.08384621602216669 -0.09968353923862594
FixedParameters: 0 0 0
#Transform 51
Transform: MatrixOffsetTransformBase_double_3_3
Parameters: 0.9999987328892955 -0.000009466437962603 -0.0015055568508506537 0.000006053800986335856 0.9999967840011386 -0.0025008172218915214 0.0015057853073771768 0.0025011813644457426 0.9999954388631902 -0.1078460330140274 -0.15673252224891598 -0.07639018363803984
FixedParameters: 0 0 0
#Transform 52
Transform: MatrixOffsetTransformBase_double_3_3
Parameters: 0.9999983310602468 0.00023270861222367912 -0.001617403405584975 -0.0002364161129361023 0.9999963728227086 -0.0027233891058222603 0.0016161177211992653 0.0027236132184944584 0.999995123289232 -0.10552685276464047 -0.1302637604264163 -0.1114080469490375
FixedParameters: 0 0 0
#Transform 53
Transform: MatrixOffsetTransformBase_double_3_3
Parameters: 0.999999122983986 -0.00002548671425385042 -0.0013695842206361282 0.000021965034319156983 0.9999971287377444 -0.0024308389775294925 0.001370086874722884 0.0024311614871051213 0.9999961747001741 -0.11260000925621227 -0.10925246717840764 -0.09071973007988277
FixedParameters: 0 0 0
#Transform 54
Transform: MatrixOffsetTransformBase_double_3_3
Parameters: 0.9999987262138312 -0.00008580048845535965 -0.0015052542891308936 0.00008268956150778704 0.9999972671624456 -0.0024009336788019253 0.0015058484758212448 0.0024010675188473884 0.9999959294233816 -0.10329280439765398 -0.17266335009482248 -0.10361261559025081
FixedParameters: 0 0 0
#Transform 55
Transform: MatrixOffsetTransformBase_double_3_3
Parameters: 0.9999994204037279 0.00017022948784886765 -0.0012452611415081866 -0.00017337464731502614 0.999996447736365 -0.0025235528740840396 0.0012447813527029306 0.0025234463170752397 0.9999962365397689 -0.10431077768693342 -0.0876471106044221 -0.10312302908909032
FixedParameters: 0 0 0
#Transform 56
Transform: MatrixOffsetTransformBase_double_3_3
Parameters: 0.9999984489716934 -0.00013481150574714559 -0.0015912846153715902 0.0001306342605023154 0.9999955300454437 -0.00291401560337215 0.0015920501105794946 0.0029139806102605192 0.9999939360986907 -0.09906108388005919 -0.16991068511454444 -0.08350419616400018
FixedParameters: 0 0 0
#Transform 57
Transform: MatrixOffsetTransformBase_double_3_3
Parameters: 0.9999994143375722 -0.00022723418818152176 -0.0012385973188653115 0.00022341457015061244 0.9999952288958771 -0.0031240868412655 0.0012392145189355304 0.003123916038752589 0.999994666625417 -0.10623067792829488 -0.15306459434386 -0.10192444564897585
FixedParameters: 0 0 0
#Transform 58
Transform: MatrixOffsetTransformBase_double_3_3
Parameters: 0.9999982384381955 -0.00018170673505984124 -0.0019307640079445926 0.00017678410841409582 0.9999957382783218 -0.0028489201200321557 0.0019315795005060662 0.0028480809720343725 0.9999942722042646 -0.10095589930841697 -0.20743677210298017 -0.10153954045792091
FixedParameters: 0 0 0
#Transform 59
Transform: MatrixOffsetTransformBase_double_3_3
Parameters: 0.9999997319372286 0.000010364327470044257 -0.0011259618950710593 -0.000012963441368046797 0.9999951406310342 -0.0029827919518871093 0.0011260819490866729 0.0029832057295394176 0.9999947946900085 -0.10011474507193441 -0.16218489082623933 -0.06290335615828724
FixedParameters: 0 0 0
#Transform 60
Transform: MatrixOffsetTransformBase_double_3_3
Parameters: 0.9999991080076148 -0.000029217174268480805 -0.001375050711103589 0.00002550812909683019 0.9999959385896576 -0.0028458438817643705 0.0013753961007092553 0.0028461561323195605 0.9999949699455117 -0.10738221495761024 -0.16788944746329548 -0.07306937146039161
FixedParameters: 0 0 0
#Transform 61
Transform: MatrixOffsetTransformBase_double_3_3
Parameters: 0.9999990004409542 -0.00009826522300184078 -0.001729493250569895 0.0000921111112856758 0.9999946576781384 -0.0031967384220026873 0.001729113499125899 0.0031962623664067435 0.9999939074683841 -0.10980522842731943 -0.20451023823301284 -0.11278711764497018
FixedParameters: 0 0 0
#Transform 62
Transform: MatrixOffsetTransformBase_double_3_3
Parameters: 0.9999993974194793 -0.0002045670992225016 -0.0012493512327087374 0.0002004200014157697 0.9999959551553725 -0.0028360593540077417 0.0012499068056773953 0.0028359407797386438 0.9999953564329334 -0.10877766212385609 -0.10703089652426456 -0.10650916905288454
FixedParameters: 0 0 0
#Transform 63
Transform: MatrixOffsetTransformBase_double_3_3
Parameters: 0.9999997623554474 -0.00006293813686657871 -0.0011109287279788395 0.000059598444614436415 0.9999960433705476 -0.002826875303973242 0.0011106821642272707 0.002827126700907845 0.9999957350843796 -0.09560945052312775 -0.180622358643447 -0.08865080802540604
FixedParameters: 0 0 0
#Transform 64
Transform: MatrixOffsetTransformBase_double_3_3
Parameters: 0.9999991147515399 -0.00008564275651790337 -0.0016963955448029515 0.00008031086548366184 0.9999947223777503 -0.0033629481681559936 0.0016967479741239304 0.0033630541248848567 0.9999927727476894 -0.10955948694937945 -0.12348278874246432 -0.11635835692081287
FixedParameters: 0 0 0
#Transform 65
Transform: MatrixOffsetTransformBase_double_3_3
Parameters: 0.9999990076111529 -0.00011056943756538036 -0.0014074265219091839 0.00010605481247311159 0.9999950453193948 -0.002996955563279835 0.0014072851135355174 0.0029970382060620915 0.9999939982436532 -0.1085161083191224 -0.15459950123566557 -0.07019971801307179
FixedParameters: 0 0 0
#Transform 66
Transform: MatrixOffsetTransformBase_double_3_3
Parameters: 0.9999988024576367 -0.00004631959861471749 -0.0017880017370237222 0.00004108327395344806 0.9999958423900825 -0.002835652433087116 0.0017872612766099086 0.002835349353342703 0.9999948798969437 -0.1017781694792177 -0.13034647442938763 -0.10758578032694288
FixedParameters: 0 0 0
#Transform 67
Transform: MatrixOffsetTransformBase_double_3_3
Parameters: 0.9999987040041489 0.0002279672608797871 -0.0014982294788213003 -0.00023309929681806845 0.9999952533093739 -0.0030884224530052795 0.0014969951081831646 0.00308857860208106 0.999994372970639 -0.09608502298634392 -0.13958612609508236 -0.08131511616510068
FixedParameters: 0 0 0
#Transform 68
Transform: MatrixOffsetTransformBase_double_3_3
Parameters: 0.9999980749317504 -0.00013974454934012517 -0.001976200060211595 0.00013397102498759856 0.9999943258590656 -0.003246842913631781 0.001976685350673722 0.0032461550899975378 0.999992669478691 -0.10887192048690508 -0.17660947858729514 -0.10691941730658527
FixedParameters: 0 0 0
#Transform 69
Transform: MatrixOffsetTransformBase_double_3_3
Parameters: 0.9999997571661305 0.00005352755454888396 -0.0011134236727252805 -0.000057503983384308745 0.9999948279382029 -0.003194744748901246 0.0011134562242698968 0.0031952558859202895 0.9999945131174721 -0.10550324627088514 -0.10258884431087267 -0.09238918129099716
FixedParameters: 0 0 0
#Transform 70
Transform: MatrixOffsetTransformBase_double_3_3
Parameters: 0.9999983775812143 -0.000018162651465613016 -0.0016192651174288218 0.000013599224027909548 0.9999959437595712 -0.002983795459302774 0.0016193518637168732 0.0029832096726657154 0.9999946312109143 -0.10895236107907635 -0.19259374079233282 -0.09430198493656405
FixedParameters: 0 0 0
#Transform 71
Transform: MatrixOffsetTransformBase_double_3_3
Parameters: 0.9999998257913609 -0.00013471365678054874 -0.0010748529408215984 0.00013165736631476864 0.9999948533347046 -0.003336144421252657 0.001075931202059666 0.0033358579601981964 0.9999937145882936 -0.1075507071467996 -0.13825974725122592 -0.11760632679732907
FixedParameters: 0 0 0
#Transform 72
Transform: MatrixOffsetTransformBase_double_3_3
Parameters: 0.9999992145702634 -0.00024338919956054227 -0.0013138807467247746 0.00023965906378135756 0.9999955068009235 -0.0029111226597755557 0.001314496273084896 0.0029108753521692454 0.9999947598897205 -0.10105643309042023 -0.14715619875499897 -0.0819657230300237
FixedParameters: 0 0 0
#Transform 73
Transform: MatrixOffsetTransformBase_double_3_3
Parameters: 0.999998671246025 -0.0002092793881908366 -0.0015117969405629558 0.00020457445970594346 0.9999937392151128 -0.003501118121782415 0.0015120599003313401 0.0035008799124659207 0.9999924179464895 -0.1032134924889192 -0.1754134949658237 -0.11085017377030226
FixedParameters: 0 0 0
#Transform 74
Transform: MatrixOffsetTransformBase_double_3_3
Parameters: 0.9999995015845823 -0.0001578756841131146 -0.0012140178007819756 0.00015423771310257256 0.9999953239196806 -0.003112997567742748 0.001214198780375271 0.0031130061382149687 0.9999947960612817 -0.10433537721181096 -0.11413398231051985 -0.07432104055038735
FixedParameters: 0 0 0
#Transform 75
Transform: MatrixOffsetTransformBase_double_3_3
Parameters: 0.9999988117084917 -0.00009023272413686802 -0.0017832510564774195 0.00008422913886358487 0.9999943625111379 -0.00338792254440759 0.0017836363762617235 0.003387077045458431 0.9999924988022243 -0.10231512691056821 -0.20750723041994945 -0.1097431243772462
FixedParameters: 0 0 0
#Transform 76
Transform: MatrixOffsetTransformBase_double_3_3
Parameters: 0.9999991285262773 0.0001234292297451672 -0.0013626775854976769 -0.0001280224849064803 0.99999317366625 -0.003557593947891291 0.0013617750236932374 0.0035574021302147707 0.9999926431698646 -0.09810378153260046 -0.10587314741994192 -0.10872074645379826
FixedParameters: 0 0 0
#Transform 77
Transform: MatrixOffsetTransformBase_double_3_3
Parameters: 0.9999980505643816 -0.00000846151933503312 -0.0017173664376667146 0.0000016453030172763525 0.9999940050532251 -0.003468812421802997 0.001717393479970352 0.0034691825740955917 0.9999919775164894 -0.10706072215734252 -0.2076796320179568 -0.10026727783436229
FixedParameters: 0 0 0
#Transform 78
Transform: MatrixOffsetTransformBase_double_3_3
Parameters: 0.9999992599596595 -0.0002470042865606672 -0.0012958051886822984 0.00024206715276107524 0.9999925771995726 -0.0037951221867391083 0.0012966729340605724 0.003794875739561193 0.999991878601746 -0.11573908544644951 -0.13227161467756332 -0.12081110743476131
FixedParameters: 0 0 0
#Transform 79
Transform: MatrixOffsetTransformBase_double_3_3
Parameters: 0.9999981815309207 -0.000169055948701678 -0.0016700951921321265 0.0001639040744673985 0.9999945178756167 -0.003362046628668819 0.0016710087714292255 0.0033609560437215247 0.9999930642022627 -0.11369749564958909 -0.1374966417737511 -0.08487899553875877
FixedParameters: 0 0 0
#Transform 80
Transform: MatrixOffsetTransformBase_double_3_3
Parameters: 0.9999983447292049 -0.0001551467481856214 -0.0016219134348673275 0.00015020713730073374 0.9999944829055321 -0.0033960548507977473 0.0016227447477388894 0.0033959469734327896 0.9999927961036483 -0.10754118420692294 -0.19786106062869635 -0.0985178513016507
FixedParameters: 0 0 0
#Transform 81
Transform: MatrixOffsetTransformBase_double_3_3
Parameters: 0.9999989336066116 -0.0003508002976649804 -0.0013939167786769866 0.000345285827483762 0.9999929751307128 -0.0037342914931517424 0.0013955276897957252 0.003733708150104903 0.9999920728536287 -0.111353577696363 -0.12185298165016434 -0.10856269981992739
FixedParameters: 0 0 0
#Transform 82
Transform: MatrixOffsetTransformBase_double_3_3
Parameters: 0.9999998086316274 -0.0003700942265638139 -0.0010265315197424956 0.00036660933365892964 0.999992914538129 -0.003604182621734564 0.0010283959822770955 0.003603813191194627 0.9999929163846104 -0.09682526965775651 -0.1920855511489492 -0.09238370840940036
FixedParameters: 0 0 0
#Transform 83
Transform: MatrixOffsetTransformBase_double_3_3
Parameters: 0.9999981648936955 -0.00007676481622524326 -0.0016820734696277647 0.00007012134448704249 0.9999914833418067 -0.004072736182361009 0.0016822684053872884 0.004073264118532621 0.999990502731674 -0.10368851299173798 -0.13262924278176058 -0.1261101465574228
FixedParameters: 0 0 0
#Transform 84
Transform: MatrixOffsetTransformBase_double_3_3
Parameters: 0.9999988007992701 -0.00010458510849876588 -0.0017855018868618022 0.00009734066717959873 0.9999929574990809 -0.0037307549934509077 0.0017860495023840773 0.003730247557878652 0.9999920099112893 -0.1044596855810056 -0.1797486249338931 -0.10209492095827954
FixedParameters: 0 0 0
#Transform 85
Transform: MatrixOffsetTransformBase_double_3_3
Parameters: 0.9999991936919792 -0.0002179177403416289 -0.0013263018311728786 0.00021202250666753488 0.999991436036959 -0.0040690892551226154 0.0013270629770046857 0.0040689063666368985 0.9999906439989217 -0.09925169081721208 -0.15637426925532338 -0.11953834208608782
FixedParameters: 0 0 0
#Transform 86
Transform: MatrixOffsetTransformBase_double_3_3
Parameters: 0.9999989921813199 -0.00039271008354762037 -0.0013617804727673918 0.00038623392196191506 0.9999910527167475 -0.0041033328905413224 0.0013630079334150582 0.004102659164908318 0.9999902701209298 -0.10605786565648145 -0.1606092896566622 -0.1066449528660911
FixedParameters: 0 0 0
#Transform 87
Transform: MatrixOffsetTransformBase_double_3_3
Parameters: 0.999999433024334 -0.0003508492163280999 -0.0012019194906667317 0.0003452239904474825 0.9999904708358891 -0.004295223552314487 0.0012029405770075823 0.004294774077648 0.9999900679640373 -0.1083451879692916 -0.16840688620105482 -0.12216325308027365
FixedParameters: 0 0 0
#Transform 88
Transform: MatrixOffsetTransformBase_double_3_3
Parameters: 0.9999989807140384 -0.00014374672279631408 -0.001414025245850405 0.00013879444733423817 0.9999923425059842 -0.0038310037435495825 0.0014139217153975104 0.003830991746441942 0.9999912849810679 -0.10298199799781571 -0.15644682082242412 -0.10706010875402683
FixedParameters: 0 0 0
#Transform 89
Transform: MatrixOffsetTransformBase_double_3_3
Parameters: 0.9999988402249024 0.000033527902319623526 -0.0014689245275004152 -0.00003912480140547846 0.999991708006845 -0.004040751482763061 0.001469405537060823 0.00404124572886988 0.9999904727165477 -0.09417297098653421 -0.19455379426393904 -0.11610034757394772
FixedParameters: 0 0 0
#Transform 90
Transform: MatrixOffsetTransformBase_double_3_3
Parameters: 0.9999988795509689 -0.0003126707594671263 -0.001738657905723043 0.0003050730440270243 0.9999929279784457 -0.003875344352778143 0.0017398657286075343 0.003874657438104223 0.9999909201794756 -0.10972057344285702 -0.13914665270799276 -0.1112073726770717
FixedParameters: 0 0 0
#Transform 91
Transform: MatrixOffsetTransformBase_double_3_3
Parameters: 0.9999981088293113 -0.00008150442930742629 -0.0016983514564526269 0.0000750399611068169 0.9999932045812456 -0.003692899663658822 0.00169872382744291 0.0036920994104333027 0.9999916350263595 -0.09022081084420108 -0.2011925705127311 -0.10462392727310998
FixedParameters: 0 0 0
#Transform 92
Transform: MatrixOffsetTransformBase_double_3_3
Parameters: 0.9999988960778073 -0.00001122944941515751 -0.0014504358595107964 0.0000054891101922072616 0.9999928837616816 -0.003736779019456321 0.0014504903134990761 0.003736220414735064 0.9999920893417715 -0.1048086674285571 -0.11877933123824391 -0.11538001341007487
FixedParameters: 0 0 0
#Transform 93
Transform: MatrixOffsetTransformBase_double_3_3
Parameters: 0.9999979610596522 -0.00011152394574548207 -0.0017400246355162312 0.00010555804067858577 0.9999952741380381 -0.003122993812648356 0.001739714293454267 0.003123003628895643 0.9999931806091814 -0.10482257101445214 -0.14850316750562342 -0.07611177049567175
FixedParameters: 0 0 0
#Transform 94
Transform: MatrixOffsetTransformBase_double_3_3
Parameters: 0.9999989458543431 -0.00031114534003574064 -0.001399001439083876 0.0003053334496093096 0.9999922980858396 -0.0038272347628083847 0.0014003724268688692 0.0038267593893925034 0.9999913558108152 -0.10809830678370247 -0.15684290680034962 -0.09394516302442923
FixedParameters: 0 0 0
#Transform 95
Transform: MatrixOffsetTransformBase_double_3_3
Parameters: 0.9999987407060058 -0.00014648829175054756 -0.001799258518220232 0.00014059457834025293 0.9999947590682405 -0.00332702657826639 0.0018000078323076414 0.003325975576933371 0.9999928503471076 -0.10583010417354899 -0.14004204883120508 -0.0922261799807984
FixedParameters: 0 0 0
#Transform 96
Transform: MatrixOffsetTransformBase_double_3_3
Parameters: 0.9999985571221855 -0.0003650507751571224 -0.001519632514681647 0.0003602597751319593 0.9999935874164564 -0.0035103560948163692 0.0015209924202439198 0.003509640900782457 0.9999923294254586 -0.10315185270218308 -0.1820504504026701 -0.09999061995557668
FixedParameters: 0 0 0
#Transform 97
Transform: MatrixOffsetTransformBase_double_3_3
Parameters: 0.9999982534199429 -0.00021347273665503355 -0.001643691382805638 0.00020667977659754702 0.9999921729277639 -0.0038549565963248156 0.0016441251288920006 0.0038550409265495356 0.9999913583210067 -0.10821135200704646 -0.09872334030093555 -0.10550931009011322
FixedParameters: 0 0 0
#Transform 98
Transform: MatrixOffsetTransformBase_double_3_3
Parameters: 0.9999980834040084 -0.0001643862832928911 -0.0016996880479554566 0.0001580763582115576 0.9999935441737846 -0.003644042143060716 0.0017006572764276505 0.0036429595417021565 0.9999919889322711 -0.10791033740778744 -0.20216180223111735 -0.09267386183233839
FixedParameters: 0 0 0
#Transform 99
Transform: MatrixOffsetTransformBase_double_3_3
Parameters: 0.9999987661862157 -0.00008090200245247718 -0.0017965868093542873 0.0000743839148490944 0.9999914636244847 -0.004051713479808761 0.0017966149626318145 0.004051287653031227 0.9999904730914658 -0.10739305382628572 -0.12767441379405398 -0.11034537760727403
FixedParameters: 0 0 0
#Transform 100
Transform: MatrixOffsetTransformBase_double_3_3
Parameters: 0.9999985142678272 -0.00004631417007282409 -0.0015759582430512477 0.00004042195860942606 0.9999926123402898 -0.003797872133334046 0.0015760819927289904 0.00379812294380516 0.9999910522165338 -0.10589681279986962 -0.1884269440276256 -0.07476982266277332
FixedParameters: 0 0 0
#Transform 101
Transform: MatrixOffsetTransformBase_double_3_3
Parameters: 0.9999990172027997 0.00004174157749410823 -0.0017268666631995804 -0.00004853365879293455 0.9999917510819467 -0.004011687008043607 0.0017261011873227212 0.004011308514225459 0.9999900817208685 -0.10552121283190274 -0.19070551541318537 -0.11599361765942717
FixedParameters: 0 0 0
#Transform 102
Transform: MatrixOffsetTransformBase_double_3_3
Parameters: 0.9999991566116985 -0.00005624773151315454 -0.0013564516754298222 0.00005117319729248108 0.9999927836275716 -0.0037498401204649756 0.0013568464380713352 0.003749160031982335 0.9999922553715272 -0.1049003504180348 -0.10956801757268408 -0.10510726153516714
FixedParameters: 0 0 0
#Transform 103
Transform: MatrixOffsetTransformBase_double_3_3
Parameters: 0.9999984907699537 -0.00019732448923382914 -0.001571442478468716 0.00019180823547571322 0.9999933998187148 -0.0036881128193858026 0.0015726719350294426 0.0036878885856090615 0.9999918881484863 -0.09920500085864603 -0.18866377122205336 -0.09097906146133994
FixedParameters: 0 0 0
#Transform 104
Transform: MatrixOffsetTransformBase_double_3_3
Parameters: 0.9999981838659566 0.000023738384116540098 -0.001678116816216005 -0.000030016994020042332 0.999993283734374 -0.003682722105018521 0.0016777131862627378 0.0036822779484042556 0.9999917784078016 -0.0907512307408922 -0.11790077756798212 -0.11125388882076948
FixedParameters: 0 0 0
#Transform 105
Transform: MatrixOffsetTransformBase_double_3_3
Parameters: 0.9999991256911649 -0.00038736812105797064 -0.0013128846535704704 0.0003822026090472142 0.9999922144040155 -0.003831309272875727 0.001314844607374511 0.0038306856639316045 0.999991558063291 -0.09914801606292656 -0.17996662989493473 -0.08183751934151928
FixedParameters: 0 0 0
#Transform 106
Transform: MatrixOffsetTransformBase_double_3_3
Parameters: 0.999998481690774 -0.00012810537345359313 -0.001581600300597732 0.00012220908890650197 0.9999926971350477 -0.003785002081759997 0.0015823420717963194 0.0037849935976893845 0.9999911320015937 -0.09886942654442521 -0.12366781302610264 -0.10687633398502783
FixedParameters: 0 0 0
#Transform 107
Transform: MatrixOffsetTransformBase_double_3_3
Parameters: 0.9999982631095304 -0.00006331532033247478 -0.0016531348209806365 0.000056611514720876026 0.9999921285335515 -0.003865710148819479 0.001653392783863438 0.0038662869019187585 0.999991242543493 -0.10388161461401069 -0.1674546005842359 -0.09644217053580917
FixedParameters: 0 0 0
#Transform 108
Transform: MatrixOffsetTransformBase_double_3_3
Parameters: 0.9999990845578219 -0.00007100195707961568 -0.00138205081872238 0.00006513361982048082 0.9999922972816758 -0.003966901273301737 0.0013825828554887586 0.00396710059794983 0.9999913129519107 -0.10319266944800631 -0.1323132055971712 -0.11534439903915938
FixedParameters: 0 0 0
#Transform 109
Transform: MatrixOffsetTransformBase_double_3_3
Parameters: 0.9999988973119778 -0.00023494775780486438 -0.0014310009258396413 0.00022905358975077329 0.9999927647583071 -0.0037711369612419554 0.001431762393364131 0.003770860304297463 0.9999916915659597 -0.08936215834474126 -0.1709193017193371 -0.10379938022560964
FixedParameters: 0 0 0
#Transform 110
Transform: MatrixOffsetTransformBase_double_3_3
Parameters: 0.9999988779484091 -0.000027215725429230442 -0.0017668787042992254 0.000019132165014879357 0.9999905182431367 -0.004285614228423523 0.0017666739950956143 0.004285385502844519 0.99998962848866 -0.10791527224697006 -0.15131014574205892 -0.12141669994674942
FixedParameters: 0 0 0
#Transform 111
Transform: MatrixOffsetTransformBase_double_3_3
Parameters: 0.9999985680513007 -0.00014554419412084763 -0.001552486585631226 0.00013997964788257635 0.99999296363966 -0.0037490271048527812 0.0015533513465636145 0.0037489712155773236 0.9999914943001159 -0.10838664851839042 -0.13655171701249458 -0.09849579409171838
FixedParameters: 0 0 0
#Transform 112
Transform: MatrixOffsetTransformBase_double_3_3
Parameters: 0.9999989274627314 -0.000041571115966361363 -0.0017524957984960073 0.000035718674432780144 0.9999934656702069 -0.0036838741032462763 0.0017523772006261798 0.003684126167458862 0.9999913179666086 -0.09900863491485268 -0.18318361197175648 -0.10802803269471895
FixedParameters: 0 0 0
#Transform 113
Transform: MatrixOffsetTransformBase_double_3_3
Parameters: 0.9999980657371633 -0.0001587525058869757 -0.0017059748730633235 0.00015275209036065107 0.9999928409194444 -0.003769879815997995 0.001705765641187123 0.0037701234549186446 0.9999917988835739 -0.1059809900935278 -0.11012964628351085 -0.11326588672672244
FixedParameters: 0 0 0
