#Insight Transform File V1.0
#Transform 0
Transform: MatrixOffsetTransformBase_double_3_3
Parameters: 0.9999942586838851 -0.000489810694916247 -0.0033915966250065038 0.0004802549748660071 0.9999962287167707 -0.0025654411319245563 0.003392503108049123 0.002563553831043036 0.9999908765994491 -0.20832850194099706 -0.11547450080053068 -0.18147220537994713
FixedParameters: 0 0 0
#Transform 1
Transform: MatrixOffsetTransformBase_double_3_3
Parameters: 0.9999935452726433 -0.0004578333547671062 -0.003499039320213011 0.0004505963173682242 0.9999976625234154 -0.0020433869510322333 0.003500491464399771 0.0020416108695133772 0.9999915391065488 -0.19718634221982256 -0.11150740225173195 -0.1960032603625308
FixedParameters: 0 0 0
#Transform 2
Transform: MatrixOffsetTransformBase_double_3_3
Parameters: 0.9999935577808913 -0.0006787229784202574 -0.003603042906411035 0.0006705139575460946 0.9999978197510883 -0.0022282690323031373 0.0036044664095433348 0.0022257317822255984 0.9999908189246057 -0.18555665393279241 -0.11468387241647804 -0.2234369183198197
FixedParameters: 0 0 0
#Transform 3
Transform: MatrixOffsetTransformBase_double_3_3
Parameters: 0.9999945191714321 -0.00032687792515871515 -0.0032208094020591714 0.00031827425573952657 0.9999964145376563 -0.0027360323404062026 0.0032217755773111707 0.0027349698165231584 0.9999911386401544 -0.17169385085215083 -0.09763955380971368 -0.1996839645729125
FixedParameters: 0 0 0
#Transform 4
Transform: MatrixOffsetTransformBase_double_3_3
Parameters: 0.9999930267455575 -0.0004945952367446299 -0.003705048333791141 0.00048371259530099857 0.9999959021064359 -0.0028184167105472224 0.0037068084278576666 0.0028165818905812046 0.9999892479435993 -0.17867261706540205 -0.11774206127923037 -0.23792137875027208
FixedParameters: 0 0 0
#Transform 5
Transform: MatrixOffsetTransformBase_double_3_3
Parameters: 0.9999940309172172 -0.00045462261573468385 -0.0034294728993519517 0.00044515621957402215 0.9999957868097608 -0.0028383419225653794 0.00343102973209883 0.002836658662946856 0.9999901412127177 -0.17943563024239495 -0.0940749075981131 -0.20786712556693487
FixedParameters: 0 0 0
#Transform 6
Transform: MatrixOffsetTransformBase_double_3_3
Parameters: 0.9999939125786941 -0.0005729496223106871 -0.0032797410154567284 0.0005624796415651488 0.9999949479617137 -0.003120853377183763 0.00328228670912816 0.0031181436966123965 0.9999895019644379 -0.19160159473153726 -0.1302199229966874 -0.24355511037018118
FixedParameters: 0 0 0
#Transform 7
Transform: MatrixOffsetTransformBase_double_3_3
Parameters: 0.9999951308276189 -0.0007361510228491178 -0.0030543629645979516 0.0007255047855355792 0.9999937827797765 -0.0034753033629196517 0.0030562870050018912 0.0034736969463858847 0.999989203614035 -0.17722710183976176 -0.10741994246696152 -0.25194283102501913
FixedParameters: 0 0 0
#Transform 8
Transform: MatrixOffsetTransformBase_double_3_3
Parameters: 0.9999944025531984 -0.0005141809461768787 -0.0032142317847092816 0.0005039629239738442 0.9999939145334156 -0.003297435167974816 0.00321639415765116 0.003295564719138666 0.999989754079367 -0.18062344203120517 -0.12669293503797974 -0.2653509324284613
FixedParameters: 0 0 0
#Transform 9
Transform: MatrixOffsetTransformBase_double_3_3
Parameters: 0.9999941811232343 -0.0006207274906035199 -0.0032301659001787047 0.0006088832645203863 0.9999934728694967 -0.0036540186738984737 0.003232285805769854 0.0036519830705284972 0.9999880192680944 -0.18597069754922302 -0.14931897152021634 -0.28217475596693475
FixedParameters: 0 0 0
#Transform 10
Transform: MatrixOffsetTransformBase_double_3_3
Parameters: 0.9999964322798605 -0.0006836988042415597 -0.0026648120162694575 0.000672006834463503 0.9999892288450295 -0.004546069989737028 0.002667424592401707 0.004544927415515071 0.999985880014765 -0.17258648040636615 -0.08628502285138495 -0.2556856020697893
FixedParameters: 0 0 0
#Transform 11
Transform: MatrixOffsetTransformBase_double_3_3
Parameters: 0.99999313046875 -0.0007779152453058879 -0.0036419602845764463 0.0007638350497762941 0.9999931293782003 -0.0036824529887970747 0.0036450659613574197 0.0036795481636980876 0.9999869013786826 -0.17690839355337573 -0.13501075455528166 -0.2733219417359152
FixedParameters: 0 0 0
#Transform 12
Transform: MatrixOffsetTransformBase_double_3_3
Parameters: 0.9999930667620821 -0.0006752706266374565 -0.003532395476685448 0.0006600174699069397 0.999991017621538 -0.00410100052824372 0.0035351029915345047 0.004098994520196714 0.9999854289108279 -0.17335255031234453 -0.13309660470855533 -0.2487221735102878
FixedParameters: 0 0 0
#Transform 13
Transform: MatrixOffsetTransformBase_double_3_3
Parameters: 0.9999877604314465 -0.0017601665895822047 -0.004598058627245008 0.001739095819979287 0.9999875319524504 -0.00465688515740012 0.004605873676841777 0.004649119125190282 0.9999789271444484 -0.160385453886704 -0.14000520500152902 -0.27849201472481866
FixedParameters: 0 0 0
#Transform 14
Transform: MatrixOffsetTransformBase_double_3_3
Parameters: 0.9999957990501898 -0.0003483434822289384 -0.0030128839890509853 0.0003336123896813754 0.9999873974705226 -0.004949019612843886 0.0030152543647532387 0.004947979835067312 0.9999834258653921 -0.17764977497110124 -0.07129132749975042 -0.2360418762860803
FixedParameters: 0 0 0
#Transform 15
Transform: MatrixOffsetTransformBase_double_3_3
Parameters: 0.9999925523368692 -0.0012024520771733444 -0.0036061324750882827 0.0011918978656870571 0.9999946094563333 -0.0029050000134556997 0.0036089473431388363 0.002899996712328684 0.9999890937816276 -0.1797726464883027 -0.14673893433304386 -0.2733618223386429
FixedParameters: 0 0 0
#Transform 16
Transform: MatrixOffsetTransformBase_double_3_3
Parameters: 0.9999914012577071 -0.0013160674341862995 -0.0038555064114704296 0.001305582924455135 0.9999955233874515 -0.002733585109683051 0.003859511682335722 0.002728415850178273 0.9999889610558667 -0.16220389863146067 -0.12642903842862552 -0.270788412845576
FixedParameters: 0 0 0
#Transform 17
Transform: MatrixOffsetTransformBase_double_3_3
Parameters: 0.9999896498451096 -0.0016875409246128012 -0.004301554573392785 0.0016780137406735255 0.9999964939315829 -0.0022034613500397093 0.004305021723261727 0.002196540921187179 0.9999884758452285 -0.16374966045738404 -0.07702644569447159 -0.24055738887427935
FixedParameters: 0 0 0
#Transform 18
Transform: MatrixOffsetTransformBase_double_3_3
Parameters: 0.9999896747928655 -0.001621353919758092 -0.0043239672375474 0.0016105209599718258 0.9999950091192801 -0.0025690155372699586 0.004327927849814764 0.0025629846526836197 0.999987496869737 -0.1531884331202349 -0.15344769647389 -0.2957246537796294
FixedParameters: 0 0 0
#Transform 19
Transform: MatrixOffsetTransformBase_double_3_3
Parameters: 0.9999884188827008 -0.0017382388225958023 -0.0045346085911241365 0.0017255194044534328 0.9999941275638451 -0.0028526896342901675 0.0045387688959413666 0.0028453131666744125 0.9999860575805677 -0.16753257584535675 -0.07801192619032804 -0.3173710162882486
FixedParameters: 0 0 0
#Transform 20
Transform: MatrixOffsetTransformBase_double_3_3
Parameters: 0.9999895969094276 -0.0013244550093927583 -0.004432746127135984 0.001314505223878556 0.9999971751084639 -0.0022079920169333356 0.004435608225855951 0.0022020092058000207 0.9999876976845649 -0.15605029004630921 -0.15747304667812045 -0.28957292223185505
FixedParameters: 0 0 0
#Transform 21
Transform: MatrixOffsetTransformBase_double_3_3
Parameters: 0.9999912383027842 -0.0009468687890834146 -0.004106562011080061 0.0009352299428696304 0.999996018551395 -0.002731122848011608 0.004109524062151064 0.0027268786892877817 0.9999883247716502 -0.17984984985021413 -0.10268752342457788 -0.2979587127591259
FixedParameters: 0 0 0
#Transform 22
Transform: MatrixOffsetTransformBase_double_3_3
Parameters: 0.9999956424745164 -0.0006065199804837252 -0.002998275489488142 0.00059882704244826 0.9999961240065272 -0.002590837781439731 0.002999816089488017 0.0025891604505048627 0.9999921022187066 -0.16237025185571952 -0.1160837734425968 -0.2614567096407683
FixedParameters: 0 0 0
#Transform 23
Transform: MatrixOffsetTransformBase_double_3_3
Parameters: 0.9999893054157053 -0.0014276804004620643 -0.004433818814184231 0.0014148564837774451 0.9999949395505174 -0.0028402901847205952 0.0044373544765391485 0.0028347100414947146 0.9999862629325518 -0.1738353079211663 -0.12795724780509943 -0.32088651544530933
FixedParameters: 0 0 0
#Transform 24
Transform: MatrixOffsetTransformBase_double_3_3
Parameters: 0.9999905268925836 -0.0012875460397408843 -0.004220829607782335 0.001278184717429763 0.9999970488350788 -0.002248751703273072 0.004223635427944792 0.002243249891450444 0.999988388960203 -0.17654259959897445 -0.10863693793227469 -0.2418042184918363
FixedParameters: 0 0 0
#Transform 25
Transform: MatrixOffsetTransformBase_double_3_3
Parameters: 0.9999887020683934 -0.0014744051106087065 -0.004485815689085845 0.0014645807866249464 0.9999964867304474 -0.0022775435798339516 0.004489344492218018 0.002270460944987729 0.9999878731050328 -0.15296631812974226 -0.14622654560213277 -0.314873823387984
FixedParameters: 0 0 0
#Transform 26
Transform: MatrixOffsetTransformBase_double_3_3
Parameters: 0.9999859889817467 -0.0015244780911701714 -0.00496838869824915 0.0015123217674363506 0.9999951481483839 -0.002586952878261134 0.004972486863095233 0.0025800493295357885 0.9999844917708576 -0.17312057552290128 -0.0942758926738918 -0.31405310187598445
FixedParameters: 0 0 0
#Transform 27
Transform: MatrixOffsetTransformBase_double_3_3
Parameters: 0.9999911147691092 -0.0006577847467192587 -0.004056322712498853 0.0006497281891516332 0.9999978517347381 -0.001961062382957679 0.004057303537960893 0.0019579362721914018 0.9999895837167068 -0.166134412613971 -0.13556961199620332 -0.35722410168254726
FixedParameters: 0 0 0
#Transform 28
Transform: MatrixOffsetTransformBase_double_3_3
Parameters: 0.9999882138495628 -0.0010699799473360258 -0.0047581636282408414 0.0010595120674535062 0.9999969940940734 -0.002131779751374324 0.004760721834179457 0.002127216533719084 0.9999861501588966 -0.16430763038860619 -0.08912002816191489 -0.28391063875174893
FixedParameters: 0 0 0
#Transform 29
Transform: MatrixOffsetTransformBase_double_3_3
Parameters: 0.9999917400991664 -0.0004514468592863703 -0.0040071282226505555 0.0004473990599993709 0.9999989626660946 -0.0008731709101342522 0.0040073190454549285 0.0008708254094986212 0.9999912566623623 -0.16236366297833627 -0.1569699243286493 -0.30522167940337397
FixedParameters: 0 0 0
#Transform 30
Transform: MatrixOffsetTransformBase_double_3_3
Parameters: 0.9999916985213911 -0.0004306877243636206 -0.004014791327081765 0.00042229290119907847 0.9999981331249209 -0.0019010831701961883 0.004015028394667926 0.0018989149061343913 0.9999903453643114 -0.16496732038655182 -0.09412103977577146 -0.32125358130295467
FixedParameters: 0 0 0
#Transform 31
Transform: MatrixOffsetTransformBase_double_3_3
Parameters: 0.9999879185295698 -0.0013116105106242264 -0.004833501336471958 0.0013031151857747201 0.9999976427214925 -0.00187507508143403 0.004835439290312185 0.0018689280980762335 0.9999862669839901 -0.15103950595636206 -0.12578159671404876 -0.35104819936792353
FixedParameters: 0 0 0
#Transform 32
Transform: MatrixOffsetTransformBase_double_3_3
Parameters: 0.9999893584896199 -0.0015002720067389683 -0.004403657764623497 0.0014949380783103848 0.9999984306607657 -0.001142775052982603 0.004405102265534163 0.0011362236798314607 0.9999893308950172 -0.15407553766003446 -0.09954919462387579 -0.3297365268853696
FixedParameters: 0 0 0
#Transform 33
Transform: MatrixOffsetTransformBase_double_3_3
Parameters: 0.9999879471630637 -0.0012823899489357274 -0.004733491424213189 0.0012767100963272141 0.999998271007772 -0.0013277735305811111 0.004735497374811976 0.0013212294503132382 0.9999881675283888 -0.14020290290558535 -0.1253122846162995 -0.3434855797817704
FixedParameters: 0 0 0
#Transform 34
Transform: MatrixOffsetTransformBase_double_3_3
Parameters: 0.9999881733714511 -0.0014597927073695923 -0.004549344763698655 0.0014515447268067078 0.9999972073512694 -0.001641606391964312 0.004551751141865347 0.0016353863754171027 0.9999875966338513 -0.1633164534617464 -0.09413681434025989 -0.31575759985756235
FixedParameters: 0 0 0
#Transform 35
Transform: MatrixOffsetTransformBase_double_3_3
Parameters: 0.9999871600732853 -0.001554981412082288 -0.004735317649183869 0.0015485453268699067 0.9999980049813256 -0.0012831408335902406 0.004737122420920366 0.0012758575196327449 0.9999878808317271 -0.14344490832554868 -0.14618772111677458 -0.31110826320654894
FixedParameters: 0 0 0
#Transform 36
Transform: MatrixOffsetTransformBase_double_3_3
Parameters: 0.9999876588933442 -0.0014112631367098178 -0.004727693265329654 0.0014045361736596818 0.9999978690754552 -0.0014194102887056803 0.0047293165902966006 0.0014125895869437077 0.9999877796796568 -0.15325655118220993 -0.10253180949688101 -0.3330916722690347
FixedParameters: 0 0 0
#Transform 37
Transform: MatrixOffsetTransformBase_double_3_3
Parameters: 0.9999929065586275 -0.00078321211180643 -0.003805242065609175 0.0007761119353520543 0.9999978122203834 -0.0019646110310816145 0.0038067217726109803 0.001961388849690715 0.9999903875639987 -0.14885732149286923 -0.12726794347172188 -0.30876743039314647
FixedParameters: 0 0 0
#Transform 38
Transform: MatrixOffsetTransformBase_double_3_3
Parameters: 0.9999918010967745 -0.0005056977361894144 -0.003992981388733879 0.0004907752222377027 0.9999929587763845 -0.0038575956386929233 0.0039946420669699405 0.0038554066219553818 0.9999840968966337 -0.15608147001263717 -0.10868013554458855 -0.3483006815642682
FixedParameters: 0 0 0
#Transform 39
Transform: MatrixOffsetTransformBase_double_3_3
Parameters: 0.9999882668155214 -0.0016582108305897647 -0.004470098854141883 0.0016441300164757775 0.9999932134624459 -0.0031773700268223903 0.0044756535212477425 0.0031696271848436486 0.9999849109923178 -0.15431560064752148 -0.1531084627012973 -0.3424442754189414
FixedParameters: 0 0 0
#Transform 40
Transform: MatrixOffsetTransformBase_double_3_3
Parameters: 0.9999926801936755 -0.0004377965140926537 -0.0037588305989804636 0.00042340453831483845 0.999992715226538 -0.0037662218261466096 0.0037602865377408933 0.0037647748076711507 0.9999856067973245 -0.16338404407899532 -0.10387965464121862 -0.3456100392241268
FixedParameters: 0 0 0
#Transform 41
Transform: MatrixOffsetTransformBase_double_3_3
Parameters: 0.9999923310280566 -0.0015577231711464854 -0.0036390700471740003 0.0015451106452268517 0.9999929550615025 -0.003537413758548935 0.003644329075238619 0.00353159228905206 0.9999873903889925 -0.13786635894373944 -0.18818341571606823 -0.23029286766929147
FixedParameters: 0 0 0
#Transform 42
Transform: MatrixOffsetTransformBase_double_3_3
Parameters: 0.9999852057781281 -0.0018450341176600412 -0.005038898067604221 0.001827600457910297 0.9999915804879594 -0.003521700773633757 0.005045118555383471 0.0035122957803294663 0.999980886469905 -0.16669554012796084 -0.1739427539381495 -0.2579871117170143
FixedParameters: 0 0 0
#Transform 43
Transform: MatrixOffsetTransformBase_double_3_3
Parameters: 0.999986656727099 -0.0017958586746679049 -0.004808364243178319 0.0017805444901503459 0.9999930995445179 -0.003164240114797434 0.004813562447030753 0.003155759164183064 0.9999835858035713 -0.1651434959145206 -0.12267116635213426 -0.29225709922754106
FixedParameters: 0 0 0
#Transform 44
Transform: MatrixOffsetTransformBase_double_3_3
Parameters: 0.9999879614187586 -0.002073596263071068 -0.004554091379322944 0.0020613355686428508 0.9999947077713193 -0.002575522494774357 0.004559409662858726 0.0025664743497954834 0.9999860334688907 -0.14299335029168958 -0.1878769333712853 -0.29508958629054405
FixedParameters: 0 0 0
#Transform 45
Transform: MatrixOffsetTransformBase_double_3_3
Parameters: 0.9999886692481377 -0.0018566956354353205 -0.004459097239443659 0.0018431428693922952 0.9999931724817707 -0.0031042790509623053 0.004464661160298935 0.0030957208029339933 0.9999852766085707 -0.15120454189964505 -0.11212892090755133 -0.30552407524528746
FixedParameters: 0 0 0
#Transform 46
Transform: MatrixOffsetTransformBase_double_3_3
Parameters: 0.9999869336180438 -0.002206774046218677 -0.004604341751470601 0.002194245457395723 0.9999937293840547 -0.0026620468242345707 0.004609544726371064 0.002651952772761701 0.999986084820283 -0.1413448020646655 -0.18336361784382404 -0.29647675445704635
FixedParameters: 0 0 0
#Transform 47
Transform: MatrixOffsetTransformBase_double_3_3
Parameters: 0.9999889017021055 -0.0017696196749797514 -0.004354969672577899 0.001753779796831058 0.9999916590742604 -0.0036648951974014576 0.00436156796388318 0.003657101734817453 0.9999834365593084 -0.1550604199363761 -0.1627000564686938 -0.31596242739279035
FixedParameters: 0 0 0
#Transform 48
Transform: MatrixOffsetTransformBase_double_3_3
Parameters: 0.9999888058960654 -0.0017347480373892201 -0.004492617353197507 0.0017177020795526641 0.999991006958872 -0.0039047879214376136 0.004499389185226422 0.003897215673804494 0.9999823630287651 -0.14589827396731891 -0.13518304374544243 -0.2679243406070242
FixedParameters: 0 0 0
#Transform 49
Transform: MatrixOffsetTransformBase_double_3_3
Parameters: 0.999990461556901 -0.001720593740123836 -0.0039468901575337055 0.001708368335959644 0.999993843938514 -0.003213380111649844 0.003952189190831045 0.003206624765741295 0.999987009254277 -0.1270869602713276 -0.1962541408698968 -0.24566013734016678
FixedParameters: 0 0 0
#Transform 50
Transform: MatrixOffsetTransformBase_double_3_3
Parameters: 0.999994456620842 -0.0010676553190180197 -0.0032252742556006337 0.0010570153102835054 0.9999934853262942 -0.003290302752634977 0.003229106772998973 0.0032866929449955062 0.9999893427235667 -0.16614236169148455 -0.12075491229083468 -0.22572030726867354
FixedParameters: 0 0 0
#Transform 51
Transform: MatrixOffsetTransformBase_double_3_3
Parameters: 0.9999914118078459 -0.001693479073519528 -0.003703786686231663 0.001683329481607915 0.9999943673799568 -0.002773824930430435 0.003709007425110445 0.0027671747612582343 0.9999896929954085 -0.13408515198005944 -0.23870245705143134 -0.26099724927485113
FixedParameters: 0 0 0
#Transform 52
Transform: MatrixOffsetTransformBase_double_3_3
Parameters: 0.9999919355135574 -0.0015929405730098307 -0.0038115486486278074 0.0015794708133161242 0.9999924122740051 -0.003489653807134868 0.0038169029000870644 0.0034843410045410916 0.9999862047422856 -0.14469733013183372 -0.15375581138215466 -0.321402464522194
FixedParameters: 0 0 0
#Transform 53
Transform: MatrixOffsetTransformBase_double_3_3
Parameters: 0.9999891711898363 -0.0016792781291776596 -0.004243406791870601 0.0016672660802189933 0.999994461530804 -0.0029873267310875917 0.004248665212780233 0.0029806796855912365 0.9999869009956751 -0.14780174043198713 -0.15289054067895336 -0.3008788302768295
FixedParameters: 0 0 0
#Transform 54
Transform: MatrixOffsetTransformBase_double_3_3
Parameters: 0.9999930544193614 -0.0015080113745830391 -0.0034163646937120638 0.0014995901150376553 0.999995519539729 -0.0024669011359877424 0.003420037505698808 0.0024620986945569356 0.9999913872989787 -0.14188443592804845 -0.1875337684995344 -0.36225567906046763
FixedParameters: 0 0 0
#Transform 55
Transform: MatrixOffsetTransformBase_double_3_3
Parameters: 0.9999924263374694 -0.0015528786228446011 -0.0036283575296223655 0.001542270919654597 0.9999942934175581 -0.0028671854030554444 0.003632108590419448 0.002861814938685453 0.9999897221011962 -0.14360935371503558 -0.10676609353448896 -0.30964892080629625
FixedParameters: 0 0 0
#Transform 56
Transform: MatrixOffsetTransformBase_double_3_3
Parameters: 0.9999931582058512 -0.0016806060043063507 -0.00331897520052496 0.0016734241464283752 0.9999956745281733 -0.002352563022954224 0.0033231177505585042 0.002347436622757465 0.9999914386252393 -0.12652378696867572 -0.15649650842135543 -0.2995490192465553
FixedParameters: 0 0 0
#Transform 57
Transform: MatrixOffsetTransformBase_double_3_3
Parameters: 0.9999924619251751 -0.0015260925694083572 -0.003493840455616862 0.001516073357765392 0.9999941865665575 -0.00306108122484422 0.0034988125502619775 0.0030559229494179774 0.999989566389667 -0.14743146657026784 -0.10166974974198695 -0.30512648821044763
FixedParameters: 0 0 0
#Transform 58
Transform: MatrixOffsetTransformBase_double_3_3
Parameters: 0.9999929551358391 -0.0014819325610265733 -0.0032933011234435056 0.0014750712124365283 0.9999965915237434 -0.0022037892145395366 0.003297247995763044 0.0021982138388181305 0.9999926747603063 -0.14050883090894217 -0.1798036153382725 -0.28215464654705613
FixedParameters: 0 0 0
#Transform 59
Transform: MatrixOffsetTransformBase_double_3_3
Parameters: 0.9999897510744017 -0.0016663945804831631 -0.00417966300894071 0.0016544491454241516 0.9999940463409215 -0.003025318291601603 0.004184969273199442 0.003017682585390924 0.9999864456725075 -0.14032376780869527 -0.1242607237882396 -0.300313119599366
FixedParameters: 0 0 0
#Transform 60
Transform: MatrixOffsetTransformBase_double_3_3
Parameters: 0.9999927745407002 -0.0015405605682755363 -0.003584621541686775 0.0015338557745926285 0.9999964897179253 -0.0020032732150380705 0.003588210411021406 0.0019977252208433494 0.9999912807869702 -0.12602179359898003 -0.18714911642884147 -0.29603302845890767
FixedParameters: 0 0 0
#Transform 61
Transform: MatrixOffsetTransformBase_double_3_3
Parameters: 0.9999922169900304 -0.001621618072883294 -0.003485946218230023 0.0016131103350220713 0.9999957989063848 -0.0025706359836434045 0.0034903159295832805 0.002565365306644918 0.9999902287620747 -0.13716115137221152 -0.1424483190260588 -0.31347882436544694
FixedParameters: 0 0 0
#Transform 62
Transform: MatrixOffsetTransformBase_double_3_3
Parameters: 0.9999941087510168 -0.0014169790077296286 -0.0029802358580643647 0.0014115647408013392 0.9999971193535214 -0.0018633264634834168 0.002983333585440234 0.0018586736187618524 0.9999940627304613 -0.14530629892952618 -0.13594407872035674 -0.2522084590462299
FixedParameters: 0 0 0
#Transform 63
Transform: MatrixOffsetTransformBase_double_3_3
Parameters: 0.9999927359593248 -0.0015153651929112532 -0.003459040833509753 0.0015084494727512232 0.9999961441502205 -0.0021059925419449343 0.0034628399283925166 0.0021010054413997115 0.9999917423477668 -0.12517876657028637 -0.18223202035316888 -0.30319011913027794
FixedParameters: 0 0 0
#Transform 64
Transform: MatrixOffsetTransformBase_double_3_3
Parameters: 0.999991635069817 -0.0015990101174342478 -0.0038483611715774825 0.0015870442474194778 0.9999935497195345 -0.0031347003508117866 0.003852828006732015 0.0031282977744394314 0.999987472638485 -0.12786395325566957 -0.11998446070080604 -0.3189633233140938
FixedParameters: 0 0 0
#Transform 65
Transform: MatrixOffsetTransformBase_double_3_3
Parameters: 0.9999928771362978 -0.0015144710610232501 -0.0034391480391189025 0.0015045776912159913 0.9999948550987913 -0.0029491507076711 0.0034439089459286166 0.002943851182792695 0.9999896582085621 -0.11174309628950141 -0.13178899212282147 -0.2819876974180886
FixedParameters: 0 0 0
#Transform 66
Transform: MatrixOffsetTransformBase_double_3_3
Parameters: 0.9999933637346357 -0.001788950648730762 -0.003230861943827706 0.0017850373877302127 0.9999974912798744 -0.0011537686386966506 0.003232224447883231 0.0011482316469344223 0.9999942228425913 -0.10432689758080471 -0.14474107614265108 -0.3100649959266377
FixedParameters: 0 0 0
#Transform 67
Transform: MatrixOffsetTransformBase_double_3_3
Parameters: 0.9999941940385592 -0.0014424812064020745 -0.0031185466696860295 0.0014394515043521738 0.9999985284176328 -0.0010846437353449756 0.003119895471743401 0.0010803574887931489 0.9999943219995847 -0.10535045477780614 -0.08884255400971597 -0.3012699773991727
FixedParameters: 0 0 0
#Transform 68
Transform: MatrixOffsetTransformBase_double_3_3
Parameters: 0.9999935927455617 -0.0014583451569218163 -0.0032066001907807297 0.0014568083824153988 0.9999984264372044 -0.0005166290271109153 0.003206724457181624 0.000512371765446884 0.9999946368859695 -0.11178285594911586 -0.12071096111904467 -0.328747491013786
FixedParameters: 0 0 0
#Transform 69
Transform: MatrixOffsetTransformBase_double_3_3
Parameters: 0.9999964151470763 -0.00048636118140864347 -0.0025195912768077476 0.0004848848179494887 0.9999994553201035 -0.0006824490933857452 0.002519858351930657 0.0006815518784515917 0.9999970295768669 -0.10916696365914902 -0.07986216486526132 -0.37223336728239076
FixedParameters: 0 0 0
#Transform 70
Transform: MatrixOffsetTransformBase_double_3_3
Parameters: 0.9999978051597931 -0.00035164225759770493 -0.002251951628523102 0.0003514537728752613 0.9999997325213529 -0.00026017187769492023 0.002251936423666025 0.00025882922524034235 0.9999979379577535 -0.11311948330394728 -0.12376322832186304 -0.33440920788558515
FixedParameters: 0 0 0
#Transform 71
Transform: MatrixOffsetTransformBase_double_3_3
Parameters: 0.9999977782355718 -0.0004296825070719749 -0.0022443562150255593 0.00042851763376949435 0.9999996719806822 -0.0002603421674129691 0.0022445789173937275 0.0002586566445470784 0.9999979715749451 -0.11267303055915079 -0.08122402961373609 -0.3733253446488334
FixedParameters: 0 0 0
#Transform 72
Transform: MatrixOffsetTransformBase_double_3_3
Parameters: 0.9999975336895898 -0.0004690880884983265 -0.0022904705168173716 0.0004698622272843461 0.9999998947734133 -0.000045495068020651175 0.002290315111649961 0.00004450704783617865 0.9999976348660756 -0.11877944866819234 -0.10166900885951691 -0.31569367265076664
FixedParameters: 0 0 0
#Transform 73
Transform: MatrixOffsetTransformBase_double_3_3
Parameters: 0.9999970041626675 -0.0007051201638359789 -0.0023449166981809803 0.0007056618264886595 0.999999800045859 0.00011488783001104008 0.0023447537523807876 -0.0001161114748622627 0.9999971774364489 -0.12181809812454958 -0.1184073753060062 -0.3893883398276614
FixedParameters: 0 0 0
#Transform 74
Transform: MatrixOffsetTransformBase_double_3_3
Parameters: 0.9999970330869291 -0.0002985678273268538 -0.002208565042481591 0.0002982939680121282 0.9999999852318949 -0.00006227141101641798 0.002208602046514364 0.00006172822061667471 0.9999970401670909 -0.10574199229718317 -0.06395618592287633 -0.3501568608735397
FixedParameters: 0 0 0
#Transform 75
Transform: MatrixOffsetTransformBase_double_3_3
Parameters: 0.9999973398922288 -0.000764492107038527 -0.0020189989864464954 0.0007656785723161484 0.9999991179839147 0.0007789981646839361 0.002018201530968549 -0.0007800025599238036 0.9999980066658887 -0.10174506715276266 -0.12917375790269148 -0.3686827234179475
FixedParameters: 0 0 0
#Transform 76
Transform: MatrixOffsetTransformBase_double_3_3
Parameters: 0.9999938210075294 -0.0014767984431776453 -0.003315911294658763 0.0014792951399309404 0.999998386523951 0.000492142960976355 0.0033156274326944456 -0.0004968540331466431 0.9999939454231219 -0.08526601869473893 -0.08150600201243208 -0.3261237891560995
FixedParameters: 0 0 0
#Transform 77
Transform: MatrixOffsetTransformBase_double_3_3
Parameters: 0.9999954066912656 -0.0012862653800218152 -0.0028178398004751063 0.0012881868880463662 0.9999994121109359 0.0006870707903489925 0.002816461313093981 -0.0006909296358959816 0.9999960451359237 -0.0969210176198203 -0.12569513751496686 -0.3507020616614511
FixedParameters: 0 0 0
#Transform 78
Transform: MatrixOffsetTransformBase_double_3_3
Parameters: 0.9999964163359263 -0.0011621289248605004 -0.0024968785293962596 0.001162639930796406 0.9999989476230439 0.0004937957788260505 0.002496123080603309 -0.0004962057847671397 0.9999969786613391 -0.1040167695652201 -0.06783670598677816 -0.37713352277945944
FixedParameters: 0 0 0
#Transform 79
Transform: MatrixOffsetTransformBase_double_3_3
Parameters: 0.9999949860925917 -0.0013818497648426307 -0.002846558644294987 0.001383906657928611 0.9999991811882667 0.0006687612370900875 0.0028460784024706316 -0.0006732396920103023 0.9999959044196571 -0.09816236900491049 -0.12296529722927119 -0.34572385474936596
FixedParameters: 0 0 0
#Transform 80
Transform: MatrixOffsetTransformBase_double_3_3
Parameters: 0.9999974322230866 -0.00027446352276507116 -0.0021195021464264726 0.00027524455236744563 0.9999996361928438 0.0004148439606383447 0.002119471398111167 -0.00041615589406782116 0.9999974507496838 -0.11224053596981776 -0.06822626420864708 -0.3308524965137707
FixedParameters: 0 0 0
#Transform 81
Transform: MatrixOffsetTransformBase_double_3_3
Parameters: 0.9999984348954567 -0.00019511672761021698 -0.0018775870427502847 0.00019399962403414197 0.9999996669640699 -0.000610977729965323 0.001878607405675374 0.0006110219612822931 0.9999980212888941 -0.11512393991570491 -0.09419194348026849 -0.3235077377256914
FixedParameters: 0 0 0
#Transform 82
Transform: MatrixOffsetTransformBase_double_3_3
Parameters: 0.9999956681102127 -0.0007333348478643626 -0.002965394299361951 0.000729995409719659 0.9999991227604358 -0.0012253952102534438 0.0029663947907518757 0.0012226051737476151 0.9999945489893866 -0.12585507828737263 -0.0829405980774851 -0.3525437127001112
FixedParameters: 0 0 0
#Transform 83
Transform: MatrixOffsetTransformBase_double_3_3
Parameters: 0.9999956831538803 -0.0009060316955919202 -0.0027378068379540275 0.0009050816603056914 0.9999994057409497 -0.00035374334839388677 0.002738247598815288 0.0003512563836375049 0.9999960289000166 -0.12364904108179076 -0.13513036016846058 -0.3937261281211022
FixedParameters: 0 0 0
#Transform 84
Transform: MatrixOffsetTransformBase_double_3_3
Parameters: 0.9999978010384107 -0.00047486006157852165 -0.002230121607669516 0.0004725304604713128 0.9999993422554958 -0.0007424743460250072 0.0022306269136167277 0.0007415238536845892 0.9999973576546011 -0.12338112372383137 -0.11163141214427696 -0.3850865973989386
FixedParameters: 0 0 0
#Transform 85
Transform: MatrixOffsetTransformBase_double_3_3
Parameters: 0.9999975568270434 -0.00021672236627192076 -0.0023229192346855476 0.00021713355159920733 0.9999997866885385 0.0002991168291733848 0.002322986950322394 -0.0002998839736312875 0.9999975907376057 -0.1210269194940281 -0.13675671735005324 -0.36783507967814444
FixedParameters: 0 0 0
#Transform 86
Transform: MatrixOffsetTransformBase_double_3_3
Parameters: 0.9999986366259582 -0.00020491469307832978 -0.001822422572275361 0.000204619680969367 1.0000000008628998 0.0001880149818678789 0.0018225432357995071 -0.0001879863192121023 0.9999985650747942 -0.12088979677233169 -0.0944007202251953 -0.4211099650023158
FixedParameters: 0 0 0
#Transform 87
Transform: MatrixOffsetTransformBase_double_3_3
Parameters: 0.9999944987986827 -0.0011503575262878894 -0.003029583343752232 0.001151567427065018 0.9999989336968836 0.00035944269947257856 0.0030289488526868374 -0.0003635564256622148 0.9999953037371709 -0.10071968738135695 -0.11112101813861841 -0.3756525512436326
FixedParameters: 0 0 0
#Transform 88
Transform: MatrixOffsetTransformBase_double_3_3
Parameters: 0.9999974885080612 -0.00035440774284026895 -0.0020942185213014036 0.00035545023820053926 0.9999994771391167 0.0007168386655779513 0.002094104865984037 -0.0007171626757353222 0.9999979831889423 -0.11072966299515485 -0.08480175445666305 -0.3757276992649423
FixedParameters: 0 0 0
#Transform 89
Transform: MatrixOffsetTransformBase_double_3_3
Parameters: 0.9999974851324753 -0.00012982930016545606 -0.002344993075887649 0.0001342568590371527 0.9999985454267415 0.0018221166348612594 0.00234432213264691 -0.0018228826585216795 0.9999952966800246 -0.12382976709088211 -0.09319311578867939 -0.3567807108513392
FixedParameters: 0 0 0
#Transform 90
Transform: MatrixOffsetTransformBase_double_3_3
Parameters: 0.9999961706994241 -0.00008161770943620512 -0.002611683801318197 0.00008623247535805093 0.9999980917501148 0.0016336333975647543 0.002612200160330854 -0.0016343654748402214 0.9999957390269903 -0.13477624318564096 -0.07292851237225761 -0.35781715767414823
FixedParameters: 0 0 0
#Transform 91
Transform: MatrixOffsetTransformBase_double_3_3
Parameters: 0.9999969856135906 0.00021240571916716325 -0.0024432659653626934 -0.00020901553164689947 0.9999989003881646 0.001336174387861766 0.0024434416831258425 -0.0013358258824443803 0.9999965154263067 -0.1338661035152029 -0.03139284385822805 -0.40088862709723116
FixedParameters: 0 0 0
#Transform 92
Transform: MatrixOffsetTransformBase_double_3_3
Parameters: 0.9999972590318013 0.00024323773386603775 -0.0021637642801127727 -0.00023985841910150298 0.999998364234478 0.0015059872597579793 0.0021641045216973438 -0.001506010562104837 0.999996358720918 -0.10849557356553419 -0.07388601686525931 -0.4035814627850982
FixedParameters: 0 0 0
#Transform 93
Transform: MatrixOffsetTransformBase_double_3_3
Parameters: 0.9999979513389146 0.00021261229659796742 -0.0022366951897723887 -0.00021043623429605878 0.9999993809730958 0.0007060927908253134 0.0022371913067544534 -0.0007049057672146863 0.9999975749052115 -0.11918602031596492 -0.0204544899038126 -0.3885000346100753
FixedParameters: 0 0 0
#Transform 94
Transform: MatrixOffsetTransformBase_double_3_3
Parameters: 0.9999982226565547 0.0002422242375834413 -0.001928065149954824 -0.0002388637769875824 0.9999989234922322 0.0013798900236720868 0.0019291241256522997 -0.0013791090261957573 0.9999974931198679 -0.10649207085137391 -0.1062613024019754 -0.41543328256720713
FixedParameters: 0 0 0
#Transform 95
Transform: MatrixOffsetTransformBase_double_3_3
Parameters: 0.9999971798273662 0.00012863727684859632 -0.002191588000305386 -0.00012903454737633283 0.9999996563336122 0.00013274870654481075 0.0021918199259288486 -0.00013325266157729332 0.9999974881157876 -0.11537789574110491 -0.07047073601385989 -0.43212597446363077
FixedParameters: 0 0 0
#Transform 96
Transform: MatrixOffsetTransformBase_double_3_3
Parameters: 0.9999989001034887 0.00004738390840643375 -0.0017597906094244404 -0.00004670792938558032 0.9999995149203361 0.0007494707909299625 0.0017602563979367829 -0.0007485301530446298 0.999998263179634 -0.10066110801834327 -0.07944804606751177 -0.36602004951390654
FixedParameters: 0 0 0
#Transform 97
Transform: MatrixOffsetTransformBase_double_3_3
Parameters: 0.9999986742537993 -0.00010249903329896489 -0.001521459776155023 0.00010506953526021636 0.9999988111717443 0.0014890350657342233 0.0015215460202465114 -0.0014889633635970512 0.9999974288374565 -0.08270567414645313 -0.18836565233777947 -0.39144006870938597
FixedParameters: 0 0 0
#Transform 98
Transform: MatrixOffsetTransformBase_double_3_3
Parameters: 0.9999984655546769 -0.00011600902482904711 -0.0018767882012584467 0.00011836534441032983 0.9999995781227224 0.0012029734801873582 0.0018759212906275646 -0.0012030257329419536 0.9999969930116249 -0.10055121827085145 -0.11479934839016437 -0.3659479655942022
FixedParameters: 0 0 0
#Transform 99
Transform: MatrixOffsetTransformBase_double_3_3
Parameters: 0.9999992896781201 -0.00021233431052451645 -0.0012903869568065458 0.00021513751502125257 0.9999979992270309 0.002225724717168004 0.001290028374374683 -0.0022262762414378967 0.9999963802808044 -0.08906305291611716 -0.12451238066724102 -0.3707589718643618
FixedParameters: 0 0 0
#Transform 100
Transform: MatrixOffsetTransformBase_double_3_3
Parameters: 0.999998426746596 -0.0002076320735222261 -0.0018786901260676244 0.00021129704615568213 0.999997957887532 0.002018994439715288 0.0018786349362923669 -0.0020190064311084166 0.9999963161197563 -0.09788914337696042 -0.03733626005720225 -0.3779300404789723
FixedParameters: 0 0 0
#Transform 101
Transform: MatrixOffsetTransformBase_double_3_3
Parameters: 0.9999989336076682 -0.00032453608483359143 -0.0017207474336607199 0.0003294302067023149 0.999995865777963 0.002846826045992956 0.0017198738732074799 -0.0028471760366379217 0.999994856960457 -0.08179436209772462 -0.08718292237296055 -0.4198142290740492
FixedParameters: 0 0 0
#Transform 102
Transform: MatrixOffsetTransformBase_double_3_3
Parameters: 0.9999989345687323 -0.0001808814018809423 -0.0014261269942595254 0.00018484467995145455 0.9999968005325209 0.00249093212807322 0.0014248286666144955 -0.002491065945171428 0.9999957238533899 -0.07048652764444796 -0.051014442917335145 -0.4539579823340034
FixedParameters: 0 0 0
#Transform 103
Transform: MatrixOffsetTransformBase_double_3_3
Parameters: 0.9999984365494438 -0.0002337737496099176 -0.0015837900413486568 0.00023854957930154514 0.9999954534198215 0.003054860099556994 0.0015833351376333305 -0.0030561423982259917 0.999994310906352 -0.08179390281607368 -0.0239970989223508 -0.4147701864196023
FixedParameters: 0 0 0
#Transform 104
Transform: MatrixOffsetTransformBase_double_3_3
Parameters: 0.9999998796685875 -0.00018779961240348382 -0.0002918721435645764 0.00018789543635381093 0.9999985606794756 0.0018449462597953936 0.0002913766426794211 -0.0018450558183156218 0.9999985109294209 -0.05052603167452219 -0.08569208883747592 -0.2647459455434813
FixedParameters: 0 0 0
#Transform 105
Transform: MatrixOffsetTransformBase_double_3_3
Parameters: 0.9999993993678907 0.00010103738505201146 -0.0012611891338506183 -0.00009935054590410423 0.9999983694489912 0.0019133216239474726 0.0012611851760339487 -0.0019126813775031948 0.9999977107657794 -0.08099786569943035 -0.007046069900752627 -0.2984456833522131
FixedParameters: 0 0 0
#Transform 106
Transform: MatrixOffsetTransformBase_double_3_3
Parameters: 0.999999185484516 -0.00007555621490998584 -0.0013452018384159292 0.00007811183062492847 0.9999975514657423 0.0021170897808216183 0.001344489221694869 -0.002116908922020766 0.9999966706295187 -0.07904923593710578 -0.08129764334802303 -0.33294200288769105
FixedParameters: 0 0 0
#Transform 107
Transform: MatrixOffsetTransformBase_double_3_3
Parameters: 0.9999994410072629 -0.00009222645933686652 -0.0012451237580879556 0.00009466397751108405 0.9999989528179656 0.001372116490796993 0.0012450649064976028 -0.001372883532851893 0.999998720673887 -0.08790222344066478 -0.06047098559216124 -0.3941472875631007
FixedParameters: 0 0 0
#Transform 108
Transform: MatrixOffsetTransformBase_double_3_3
Parameters: 0.9999994320167946 -0.00011325873174458073 -0.001246951483704681 0.00011619611604560051 0.9999981685998687 0.001964051113074766 0.0012468961483848827 -0.0019639497064054545 0.9999975488129121 -0.07545870149010625 -0.10892664141826458 -0.41201250411232593
FixedParameters: 0 0 0
#Transform 109
Transform: MatrixOffsetTransformBase_double_3_3
Parameters: 0.9999996782654772 -0.0001817909558311314 -0.0005367724601286931 0.00018369404069684317 0.9999984448584311 0.0015879005709803495 0.0005371723411176842 -0.0015880968231292425 0.9999981899198195 -0.06662016884737909 -0.11157978244779088 -0.41866862233780466
FixedParameters: 0 0 0
#Transform 110
Transform: MatrixOffsetTransformBase_double_3_3
Parameters: 0.999999534494641 0.00010374204098797585 -0.0012059865170730706 -0.00010250655670235287 0.9999989910322356 0.0009183565922274983 0.001206373612467627 -0.000918642164868283 0.9999988561784243 -0.08281985695668936 -0.05791864307981598 -0.3295192556388571
FixedParameters: 0 0 0
#Transform 111
Transform: MatrixOffsetTransformBase_double_3_3
Parameters: 0.9999992641381432 0.00011390883177049083 -0.0013127871806293352 -0.00011161701757733829 0.9999991142521739 0.001695148441257871 0.0013125844890653116 -0.0016948523935999826 0.9999974038283261 -0.08243455537576949 -0.09261493725847458 -0.35515912690252094
FixedParameters: 0 0 0
#Transform 112
Transform: MatrixOffsetTransformBase_double_3_3
Parameters: 0.9999994869436126 0.00016687152674873864 -0.001218526190405002 -0.00016485103543493625 0.9999994571261279 0.0012312014731169219 0.0012191321972690513 -0.0012307971569142095 0.9999979990951405 -0.08466076653002119 -0.04714429353080618 -0.35940628136548014
FixedParameters: 0 0 0
#Transform 113
Transform: MatrixOffsetTransformBase_double_3_3
Parameters: 0.999999744384129 -0.000023661469165329785 -0.0011202046525958904 0.000025163734765714637 0.9999997717370149 0.001107972668216023 0.001120348210749873 -0.0011080273638311433 0.9999985173176232 -0.07954256161121975 -0.03615009497499955 -0.3161643083651171
FixedParameters: 0 0 0
#Transform 114
Transform: MatrixOffsetTransformBase_double_3_3
