#Insight Transform File V1.0
#Transform 0
Transform: MatrixOffsetTransformBase_double_3_3
Parameters: 0.9999982176393301 -0.0006957011458582869 0.0018162578177599942 0.00070045702865912 0.9999968752909095 -0.0023898643413790693 -0.0018141900373397199 0.0023911365091116438 0.999995913338916 -0.00408119762305148 -0.022127321526184573 -0.37616653827622315
FixedParameters: 0 0 0
#Transform 1
Transform: MatrixOffsetTransformBase_double_3_3
Parameters: 0.9999989736808967 -0.0008398702446802686 0.0015236690029525315 0.0008421761181331496 0.9999984153518411 -0.0017167835549435073 -0.0015219818131731778 0.0017182185570525782 0.999997658704034 -0.00896707036012856 -0.012277223175445329 -0.4173925268559344
FixedParameters: 0 0 0
#Transform 2
Transform: MatrixOffsetTransformBase_double_3_3
Parameters: 0.9999983976031415 -0.0006714489936013923 0.0014665693022226493 0.0006770294190687133 0.9999941880423894 -0.003218076999129224 -0.0014644959639268562 0.0032199175321376977 0.99999348558969 -0.011497047370383484 0.012877564864893998 -0.3488685261952327
FixedParameters: 0 0 0
#Transform 3
Transform: MatrixOffsetTransformBase_double_3_3
Parameters: 0.9999975096994216 -0.0008793804632323231 0.0019283352138829274 0.0008809068228342523 0.9999994633468204 -0.0009123665231673544 -0.0019268632192950236 0.0009146331954514725 0.9999973773864315 -0.0022857496530832577 0.012326131898987569 -0.423652098852898
FixedParameters: 0 0 0
#Transform 4
Transform: MatrixOffsetTransformBase_double_3_3
Parameters: 0.999998607496969 -0.0003860528346334212 0.0018011083169332236 0.00038671378215379546 0.9999993839116051 -0.0007374356498341256 -0.001800674431433401 0.0007375651399636057 0.999998135771352 -0.003348553259371556 0.011519110550310074 -0.41560284137085546
FixedParameters: 0 0 0
#Transform 5
Transform: MatrixOffsetTransformBase_double_3_3
Parameters: 0.9999995188435205 0.0006641630459095884 0.00020049811846742447 -0.0006635532928591854 0.9999987154401367 -0.0016850654542003712 -0.00020173763837123793 0.001684934142107311 0.9999981249496083 -0.020025295345561744 -0.0015732889677906314 -0.42702681606044735
FixedParameters: 0 0 0
#Transform 6
Transform: MatrixOffsetTransformBase_double_3_3
Parameters: 0.9999998459485634 -0.0008310530776893913 0.0006813472338563413 0.0008313721937570257 0.9999986527895388 -0.0016504310269540023 -0.0006797371121788876 0.0016505716290933642 0.9999987448490136 -0.027518292735663863 -0.00943287166369089 -0.37341737167095346
FixedParameters: 0 0 0
#Transform 7
Transform: MatrixOffsetTransformBase_double_3_3
Parameters: 0.9999987187081543 0.0010909586033954015 -0.001446028669870771 -0.0010965305483045325 0.9999916715260079 -0.003907479741395728 0.0014418787540140773 0.003908521175898724 0.9999915021089368 -0.03677411055592472 -0.01874112813618467 -0.4638862251188698
FixedParameters: 0 0 0
#Transform 8
Transform: MatrixOffsetTransformBase_double_3_3
Parameters: 0.9999944737976519 0.001984772072133443 -0.00275435659227466 -0.0019955984738564314 0.9999903649518965 -0.0038737069915218275 0.0027466585395430855 0.003879294215776888 0.9999890541371529 -0.08151671426091411 -0.035648404136395584 -0.407080092743783
FixedParameters: 0 0 0
#Transform 9
Transform: MatrixOffsetTransformBase_double_3_3
Parameters: 0.9999961194926004 0.0016947880686707718 -0.0020014724051206655 -0.00170294964511207 0.9999909594617648 -0.003917659821853908 0.0019956828102440545 0.003921342544670775 0.9999904348900718 -0.06503476934273067 -0.028427058045068065 -0.34150542013418317
FixedParameters: 0 0 0
#Transform 10
Transform: MatrixOffsetTransformBase_double_3_3
Parameters: 0.9999968195824717 0.0016460666076853838 -0.001863119707003603 -0.0016526060836274017 0.9999910971655318 -0.003791984868854653 0.0018571363559922005 0.0037950128949734846 0.9999909409930372 -0.0569186378571942 -0.03869551166408769 -0.4658691374026631
FixedParameters: 0 0 0
#Transform 11
Transform: MatrixOffsetTransformBase_double_3_3
Parameters: 0.9999957576143964 0.0013404064772804458 -0.0025387884696790627 -0.001351775457634746 0.9999895827723209 -0.004336775938517931 0.002532844946169343 0.004340223477646871 0.9999875294254097 -0.07238968308193705 -0.046920486263317684 -0.46318072399152754
FixedParameters: 0 0 0
#Transform 12
Transform: MatrixOffsetTransformBase_double_3_3
Parameters: 0.9999976489661718 0.0018819400901137321 -0.0008999043972195117 -0.0018873859744777317 0.9999773805637897 -0.006495242619565661 0.0008878668848039741 0.006496766222634898 0.9999788713309656 -0.035197252958056424 -0.07524400941757392 -0.41884342794600116
FixedParameters: 0 0 0
#Transform 13
Transform: MatrixOffsetTransformBase_double_3_3
Parameters: 0.9999972709254221 0.0017129023484734108 -0.0013397652221006071 -0.0017206219997071175 0.9999822430314615 -0.005650697126213661 0.0013298820372667057 0.0056532988275977 0.9999831371230512 -0.04339551926310037 -0.07191735640280683 -0.4617077398264513
FixedParameters: 0 0 0
#Transform 14
Transform: MatrixOffsetTransformBase_double_3_3
Parameters: 0.9999978047273316 -0.0013020209549620932 0.0018713654033439976 0.0013101321186799475 0.9999879349502362 -0.004749613797658855 -0.001864624857694029 0.004751385359155869 0.9999867349674575 0.010269718003272033 -0.0391507686990451 -0.48147039554109483
FixedParameters: 0 0 0
#Transform 15
Transform: MatrixOffsetTransformBase_double_3_3
Parameters: 0.9999993984158781 0.0006030573478633516 -0.00048793681419096455 -0.0006058566833563967 0.9999777382141004 -0.006705706699022415 0.00048409314974723756 0.0067053035074633865 0.9999777316488448 0.01310298849492142 -0.08516725388366808 -0.37763551868197
FixedParameters: 0 0 0
#Transform 16
Transform: MatrixOffsetTransformBase_double_3_3
Parameters: 0.9999992888392208 -0.0007651378960024549 0.00035486422506092246 0.0007673199888564437 0.9999762978061704 -0.006863733778908004 -0.00034953776939178284 0.006864273519571126 0.9999767608643615 -0.021963918903310287 -0.1076088244117841 -0.565451531055615
FixedParameters: 0 0 0
#Transform 17
Transform: MatrixOffsetTransformBase_double_3_3
Parameters: 0.9999982374642871 0.0004931100542571505 0.0015876430528363801 -0.00047995746454817807 0.9999704476140033 -0.007697847936779564 -0.0015908930901487352 0.007697156482731157 0.9999692849664205 0.015052403584405738 -0.10270240773154171 -0.43320687877321973
FixedParameters: 0 0 0
#Transform 18
Transform: MatrixOffsetTransformBase_double_3_3
Parameters: 0.9999992755179211 -0.0010756343390186261 0.0007529043397980829 0.0010803753267898425 0.9999808380193752 -0.006169119876249851 -0.0007469265874313198 0.006169881684654155 0.9999803112715225 -0.0265086417466307 -0.0975421658678215 -0.5257736980966428
FixedParameters: 0 0 0
#Transform 19
Transform: MatrixOffsetTransformBase_double_3_3
Parameters: 0.9999991593798514 0.00039446049275165324 0.0008274903689543061 -0.00038857454780886976 0.9999738038845645 -0.007283328512454265 -0.000830608338761779 0.0072826793293883085 0.999973269831165 0.010411918921661822 -0.11089837734716923 -0.4503194758337088
FixedParameters: 0 0 0
#Transform 20
Transform: MatrixOffsetTransformBase_double_3_3
Parameters: 0.9999992705551521 0.0007301136782447919 0.00044280801536729803 -0.0007277141893222893 0.9999789332201677 -0.006439330291515236 -0.00044741142221786445 0.006439672141728706 0.9999794021240587 -0.012397754674552175 -0.10458980360313319 -0.5376943927098381
FixedParameters: 0 0 0
#Transform 21
Transform: MatrixOffsetTransformBase_double_3_3
Parameters: 0.9999986482606277 -0.0010955996611611252 0.0010731786777741644 0.0011020064779110475 0.9999811073552716 -0.006067815251270092 -0.0010663056837433363 0.00606818465155641 0.9999808989370791 -0.0015267996202226186 -0.09174910106833067 -0.5377833601128685
FixedParameters: 0 0 0
#Transform 22
Transform: MatrixOffsetTransformBase_double_3_3
Parameters: 0.9999992955042835 -0.0010732884423395592 0.0007432477593156605 0.001079228174711941 0.9999645277232674 -0.008329198388308312 -0.0007347733372894086 0.008329798400173657 0.9999650042012583 0.0027055640134108216 -0.14170818995972922 -0.46868006393602
FixedParameters: 0 0 0
#Transform 23
Transform: MatrixOffsetTransformBase_double_3_3
Parameters: 0.9999986399706474 -0.0006963147628991308 0.0016958293593358786 0.0007082577723236032 0.9999736310566848 -0.007275877076124482 -0.0016904837736659776 0.007277128808116248 0.9999721124759585 -0.005612802724996868 -0.115737780125869 -0.5412376978935214
FixedParameters: 0 0 0
#Transform 24
Transform: MatrixOffsetTransformBase_double_3_3
Parameters: 0.9999982802914735 -0.0005226259551708084 0.0015642361559954332 0.0005343219576062763 0.9999713244511467 -0.007509236549121459 -0.0015601075878149714 0.007510751996143039 0.9999701540595267 0.009538563793213939 -0.11920429039454916 -0.4253209158600981
FixedParameters: 0 0 0
#Transform 25
Transform: MatrixOffsetTransformBase_double_3_3
Parameters: 0.9999988176288986 -0.0008828041237026541 0.001184412445399082 0.0008910128789792245 0.9999738539314925 -0.007101011937372184 -0.0011784137680434198 0.007101981112390715 0.9999740998158252 -0.007050874826688869 -0.10192472538210495 -0.5116360939596376
FixedParameters: 0 0 0
#Transform 26
Transform: MatrixOffsetTransformBase_double_3_3
Parameters: 0.9999970949237402 -0.0006086907513625946 0.0021294686359034356 0.0006215755637963201 0.9999804793665596 -0.006261824875047076 -0.0021257092740448085 0.0062631802265606246 0.9999781768473422 0.010873984422843819 -0.07918531750831903 -0.55391769075068
FixedParameters: 0 0 0
#Transform 27
Transform: MatrixOffsetTransformBase_double_3_3
Parameters: 0.9999997354190807 -0.0004298704540437732 0.0010388149191491454 0.00043825738119712416 0.9999733747671092 -0.0073095488476782045 -0.0010359379857516492 0.007310449436710109 0.9999724870030449 -0.00330176752268585 -0.11206772921053698 -0.40778312799250216
FixedParameters: 0 0 0
#Transform 28
Transform: MatrixOffsetTransformBase_double_3_3
Parameters: 0.999998915186075 -0.0006537007531446825 0.0016301463009213734 0.0006648033427498145 0.9999755881969244 -0.007002993163488472 -0.0016257189640420623 0.007004013161926892 0.9999742276416678 -0.0001496921767625281 -0.11484030969084813 -0.5087057470248624
FixedParameters: 0 0 0
#Transform 29
Transform: MatrixOffsetTransformBase_double_3_3
Parameters: 0.9999986827626636 -0.0008960406390359882 0.0012304318401939462 0.0009041261761239986 0.9999763069820273 -0.006783952765501616 -0.0012248176172275959 0.006784045508344147 0.9999763293685276 -0.004339339631172834 -0.10653578242077799 -0.5884369161038308
FixedParameters: 0 0 0
#Transform 30
Transform: MatrixOffsetTransformBase_double_3_3
Parameters: 0.9999996944093507 -0.0001106555402918697 0.0011374019197362606 0.00011951540260877611 0.9999694260898383 -0.007845867509112536 -0.001136208098965714 0.007846129175416619 0.9999681469785962 -0.00683410056048217 -0.13610433747098227 -0.44184419760127014
FixedParameters: 0 0 0
#Transform 31
Transform: MatrixOffsetTransformBase_double_3_3
Parameters: 0.9999992638630935 0.0007411370437512067 0.00043181950603247965 -0.0007381361495003708 0.9999733349608869 -0.007283330285352038 -0.0004378095815278771 0.007283677816524087 0.9999738286723201 -0.020405819182755636 -0.12211382051376063 -0.4433720960875718
FixedParameters: 0 0 0
#Transform 32
Transform: MatrixOffsetTransformBase_double_3_3
Parameters: 0.9999976273151979 -0.0001532708126469325 0.00208553738727431 0.00016808251072730562 0.999974988810697 -0.007140806633687172 -0.0020842627965484742 0.0071412052036533 0.9999726492465711 0.03229314709884079 -0.1263128545850094 -0.39300250974436324
FixedParameters: 0 0 0
#Transform 33
Transform: MatrixOffsetTransformBase_double_3_3
Parameters: 0.9999996796054016 0.0004923595330731241 0.0010380953530046114 -0.0004844079887452055 0.9999765481735854 -0.006798501410975558 -0.0010421505520497518 0.006797485437469164 0.9999757048153599 -0.006218176716970447 -0.11451932708810375 -0.41454426229554997
FixedParameters: 0 0 0
#Transform 34
Transform: MatrixOffsetTransformBase_double_3_3
Parameters: 0.9999969281052449 0.0002832115512884565 0.0024476585483461893 -0.0002649423603732935 0.9999725387400711 -0.007438883971504925 -0.0024499672858229763 0.007438125224555808 0.9999697250336723 0.007949233842069248 -0.11298665805072972 -0.49797476030829557
FixedParameters: 0 0 0
#Transform 35
Transform: MatrixOffsetTransformBase_double_3_3
Parameters: 0.9999993712252697 -0.00031350668046386534 0.0007284161454533801 0.00031887568318248783 0.9999703933249446 -0.007713771530291763 -0.0007259413322993393 0.00771423139366445 0.999969964496504 -0.030044028292905978 -0.11262943596069874 -0.44198984297285904
FixedParameters: 0 0 0
#Transform 36
Transform: MatrixOffsetTransformBase_double_3_3
Parameters: 0.9999990972477739 -0.00007711526666055184 0.0009470554219640305 0.0000830414674787462 0.9999765125388461 -0.006817992718908497 -0.0009464395656131152 0.006818008634478845 0.9999766133502074 -0.018349303375657655 -0.08294992739966744 -0.5434106263481624
FixedParameters: 0 0 0
#Transform 37
Transform: MatrixOffsetTransformBase_double_3_3
Parameters: 0.9999990835860708 0.0012143904977564039 -0.0006648382400536656 -0.0012190640640772582 0.9999706926427993 -0.007608125479117905 0.0006557102797727316 0.007608877217523832 0.9999706106473423 -0.024804755922176014 -0.08746648031993232 -0.5378933082851347
FixedParameters: 0 0 0
#Transform 38
Transform: MatrixOffsetTransformBase_double_3_3
Parameters: 0.9999991104763732 0.000774194076811519 -0.0011358028255211508 -0.0007834899426679067 0.9999651127862746 -0.008327110908116789 0.0011294972484138064 0.008327884502914329 0.999964300745848 -0.00862257167102598 -0.10973468679291898 -0.5862826216617236
FixedParameters: 0 0 0
#Transform 39
Transform: MatrixOffsetTransformBase_double_3_3
Parameters: 0.9999995443776954 0.0004169762541096482 -0.0005306707627564599 -0.00042095663506267915 0.9999729774988566 -0.007337777732751655 0.0005277870456321756 0.007338221198358086 0.9999728729366439 0.016295462950523643 -0.10747096496797326 -0.6000369264384915
FixedParameters: 0 0 0
#Transform 40
Transform: MatrixOffsetTransformBase_double_3_3
Parameters: 0.9999996336810753 -0.0002400591260871272 0.0005554891597028066 0.0002435394391355385 0.9999715556871484 -0.007508861818276771 -0.0005541932258333987 0.00750913014242717 0.999971306292429 -0.040957694877306494 -0.10912675731159993 -0.4551035217764934
FixedParameters: 0 0 0
#Transform 41
Transform: MatrixOffsetTransformBase_double_3_3
Parameters: 0.9999993703312687 -0.00014816904517389162 0.0007793680512008336 0.00015350565183290627 0.9999786408724955 -0.006582884730573127 -0.0007787198722701686 0.006583119751522273 0.9999780566986142 -0.024614987766938157 -0.10577979153970318 -0.5406658386688434
FixedParameters: 0 0 0
#Transform 42
Transform: MatrixOffsetTransformBase_double_3_3
Parameters: 0.9999998080424912 0.0010652867133687483 -0.00023826462054089305 -0.0010674842151362645 0.9999690796496311 -0.007795679524161922 0.00022975478545250586 0.007796314339747271 0.9999691713255414 -0.030442289146137114 -0.13529880533178584 -0.4638898009723107
FixedParameters: 0 0 0
#Transform 43
Transform: MatrixOffsetTransformBase_double_3_3
Parameters: 0.9999992104680909 0.0008117173991566876 -0.0003607744381688505 -0.0008147485782677164 0.9999784965418433 -0.006544639264551538 0.00035525354958906825 0.006545357287767006 0.9999780389646015 -0.015835961981338187 -0.08209776326530971 -0.5620274195545107
FixedParameters: 0 0 0
#Transform 44
Transform: MatrixOffsetTransformBase_double_3_3
Parameters: 0.9999998783648011 0.0006448041483272201 -0.0008396461141225432 -0.0006521051516320299 0.9999698102572049 -0.007730454245503768 0.0008350160815438148 0.007731540206459081 0.9999695296088057 -0.01584160701409587 -0.11355164845413412 -0.49319624164350273
FixedParameters: 0 0 0
#Transform 45
Transform: MatrixOffsetTransformBase_double_3_3
Parameters: 0.9999996226400982 0.0009041171563982444 -0.0007484826583749952 -0.0009094311937469519 0.9999728160960387 -0.00730931884972412 0.000741620538989673 0.007309679308513881 0.9999729475128288 -0.019214219354253714 -0.10506295946238708 -0.6163217899149487
FixedParameters: 0 0 0
#Transform 46
Transform: MatrixOffsetTransformBase_double_3_3
Parameters: 0.9999999004922826 0.000380370824433391 -0.0009769152985945812 -0.0003881275430201864 0.999968473808479 -0.007960625778896016 0.0009743343751415401 0.00796137555655077 0.9999676695878602 -0.003050817237095771 -0.10752434718867221 -0.6017917705386253
FixedParameters: 0 0 0
#Transform 47
Transform: MatrixOffsetTransformBase_double_3_3
Parameters: 0.9999994298337009 0.0008298735013055412 -0.0009390934824771329 -0.0008363087508966303 0.999975561996435 -0.006986218302636335 0.0009329170742046435 0.006986787131059324 0.9999752442052684 -0.004828119392001895 -0.09932100406639677 -0.6386459969755691
FixedParameters: 0 0 0
#Transform 48
Transform: MatrixOffsetTransformBase_double_3_3
Parameters: 0.9999997079279798 0.0007088940352240451 -0.000888132439407565 -0.0007149494877822257 0.9999779675399286 -0.006602363087474819 0.0008841279388813922 0.0066026340636791275 0.9999775534160075 -0.021368117329174652 -0.09443888228796027 -0.5830806951255028
FixedParameters: 0 0 0
#Transform 49
Transform: MatrixOffsetTransformBase_double_3_3
Parameters: 0.999998666972335 0.0011019191316317203 -0.00105839445914977 -0.0011095353012738462 0.9999703447485204 -0.007647832515683614 0.0010490757915560406 0.007649172093582249 0.9999703213047129 -0.007411769318878214 -0.12287053906887024 -0.4056292124396208
FixedParameters: 0 0 0
#Transform 50
Transform: MatrixOffsetTransformBase_double_3_3
Parameters: 0.9999992361426443 0.0006575808021921723 -0.0005757188748772716 -0.0006614813230159424 0.9999774350966198 -0.0066426183086654295 0.0005712190408116224 0.006643374760433002 0.9999775412035452 -0.003931090857165032 -0.096636840222601 -0.5194432917878515
FixedParameters: 0 0 0
#Transform 51
Transform: MatrixOffsetTransformBase_double_3_3
Parameters: 0.9999991952824534 0.000047385040478409844 -0.0008957746263471015 -0.000054680895117925445 0.9999730143775182 -0.007414958558510723 0.0008954258891337387 0.007415049971509491 0.9999722148581036 -0.018297645906869775 -0.1210789038665041 -0.5191399280719224
FixedParameters: 0 0 0
#Transform 52
Transform: MatrixOffsetTransformBase_double_3_3
Parameters: 0.9999998399785618 0.0010225550428996446 -0.0003370227371034481 -0.001025573395153764 0.9999767671621966 -0.006800586992604302 0.0003302141035144992 0.006800415264712298 0.9999765781044675 -0.016260680847295816 -0.09440048798275313 -0.5738718195916448
FixedParameters: 0 0 0
#Transform 53
Transform: MatrixOffsetTransformBase_double_3_3
Parameters: 0.9999991125591293 0.0009972252819832109 -0.0009451989875807898 -0.0010035010278107682 0.9999725205982477 -0.007317050182700902 0.0009380863893666896 0.007317943429059462 0.9999724989111004 -0.004308857591553306 -0.11825455195615575 -0.5880728946331573
FixedParameters: 0 0 0
#Transform 54
Transform: MatrixOffsetTransformBase_double_3_3
Parameters: 0.9999996979329271 0.001077341774483438 0.00037637751509845874 -0.0010738009586395186 0.9999671177997672 -0.007978411512577943 -0.0003856952639244062 0.007978582581832858 0.9999682651884978 -0.014550268675876055 -0.12694700038525752 -0.4583606122533439
FixedParameters: 0 0 0
#Transform 55
Transform: MatrixOffsetTransformBase_double_3_3
Parameters: 0.9999990744819223 -0.00026747100135659526 0.000924272429677717 0.00027336872761144984 0.9999799792230633 -0.006398754066040832 -0.0009222173277189029 0.006399253401259533 0.999979199951838 -0.011808548513528194 -0.09012664736565057 -0.531331583030962
FixedParameters: 0 0 0
#Transform 56
Transform: MatrixOffsetTransformBase_double_3_3
Parameters: 0.9999993372692408 0.00010636280765245308 0.0008071080915430949 -0.00010128265127577104 0.9999805880909147 -0.006277085504635196 -0.0008077538877598289 0.006276917844669064 0.9999799469100024 -0.02442922664316427 -0.06762961305211945 -0.5474029551985353
FixedParameters: 0 0 0
#Transform 57
Transform: MatrixOffsetTransformBase_double_3_3
Parameters: 0.9999991790417192 0.0009047506183623484 0.00004807355446558107 -0.0009044843771341712 0.9999735122857543 -0.00725697805623618 -0.00005421954903255487 0.007257021236174027 0.999973337254702 -0.02473255059207702 -0.0932691584281855 -0.44442020745240995
FixedParameters: 0 0 0
#Transform 58
Transform: MatrixOffsetTransformBase_double_3_3
Parameters: 0.9999996062664043 0.0011227294862104068 -0.0003652930633935125 -0.0011247074861621181 0.9999801681472802 -0.006209523998184516 0.0003585241832875282 0.006210473088802709 0.9999803091669096 -0.027178212985276673 -0.07276647495319821 -0.5753793153983224
FixedParameters: 0 0 0
#Transform 59
Transform: MatrixOffsetTransformBase_double_3_3
Parameters: 0.9999987198183469 0.001183607602793591 -0.0013715536236233801 -0.0011928235269797328 0.9999736495151473 -0.00721037372714925 0.001362147689347254 0.007212631252621116 0.9999730573653557 -0.024730758084331228 -0.08450374064044297 -0.5359007626556433
FixedParameters: 0 0 0
#Transform 60
Transform: MatrixOffsetTransformBase_double_3_3
Parameters: 0.9999986840437846 0.0012354352280808919 -0.000888360887783537 -0.0012415988402924177 0.9999743005709248 -0.0070869049061204475 0.0008802599541476088 0.007088104652731506 0.9999749167729416 -0.024660169473392557 -0.10347316168164866 -0.5526111847253787
FixedParameters: 0 0 0
#Transform 61
Transform: MatrixOffsetTransformBase_double_3_3
Parameters: 0.9999993876686576 0.0012463383814471075 -0.00024257812706919536 -0.0012479144931910864 0.9999793055360493 -0.006340629856382243 0.00023488066294830647 0.006340370282518035 0.9999796774108918 -0.03868456440392265 -0.09006080185970688 -0.4361239754686892
FixedParameters: 0 0 0
#Transform 62
Transform: MatrixOffsetTransformBase_double_3_3
Parameters: 0.999999627455495 0.0010713418144124342 0.0004744620573088717 -0.0010675473528142482 0.9999699603588258 -0.007734452378084941 -0.0004822304184489675 0.0077345556995512404 0.9999700202235051 -0.013525511846253835 -0.11341857413911782 -0.35287629910435214
FixedParameters: 0 0 0
#Transform 63
Transform: MatrixOffsetTransformBase_double_3_3
Parameters: 0.9999996837670349 0.0011165192143572057 -0.0002656029028780051 -0.0011173134081145012 0.9999789344175166 -0.006315699331958843 0.0002586828282314216 0.0063152941713942035 0.9999799774887321 -0.022737270776246987 -0.07602170287816534 -0.5632117465496407
FixedParameters: 0 0 0
#Transform 64
Transform: MatrixOffsetTransformBase_double_3_3
Parameters: 0.999999264613297 0.0012672727431985724 -0.0003593978288863257 -0.001269901846694201 0.9999746731643825 -0.007055479718269378 0.00035067977409381813 0.007055525493815162 0.9999750299695848 -0.013641614564846805 -0.08670229952343789 -0.5938963322678319
FixedParameters: 0 0 0
#Transform 65
Transform: MatrixOffsetTransformBase_double_3_3
Parameters: 0.9999996318867411 0.0011203029525698905 -0.000337257728466066 -0.0011221936669622698 0.9999682132032882 -0.007911552268322963 0.0003287671701371114 0.007911444024766831 0.9999682330467399 -0.01248625773735057 -0.09159194423203587 -0.572526791614365
FixedParameters: 0 0 0
#Transform 66
Transform: MatrixOffsetTransformBase_double_3_3
Parameters: 0.9999997071721518 0.0011139690358499515 -0.0002273834766847153 -0.001115627182393723 0.9999754494878795 -0.006949683309719304 0.00022000510744164115 0.006950317780885645 0.9999756514789017 -0.010060656684473201 -0.08366966484696547 -0.613424930910142
FixedParameters: 0 0 0
#Transform 67
Transform: MatrixOffsetTransformBase_double_3_3
Parameters: 0.9999989476345859 0.0009586649184462494 0.00036409480931290535 -0.0009579821421470913 0.9999918360143094 -0.004030283997366699 -0.00036796422609887874 0.00402971816233072 0.9999916296710952 -0.013793326520101346 -0.032078200842803994 -0.15199250652717922
FixedParameters: 0 0 0
#Transform 68
Transform: MatrixOffsetTransformBase_double_3_3
Parameters: 0.9999987454225655 0.0012626389073203687 -0.0008128164441420708 -0.0012654560962470814 0.9999915412489186 -0.003989903224545774 0.0008079885190932447 0.003991096975933195 0.9999913558478208 -0.018956836402367117 -0.029991290531199866 -0.17295495948106065
FixedParameters: 0 0 0
#Transform 69
Transform: MatrixOffsetTransformBase_double_3_3
Parameters: 0.9999989534854732 0.0015246642467676248 -0.0008489565769472247 -0.0015303003525777056 0.9999815944110761 -0.005926639407736856 0.0008401673432981642 0.005928364509332332 0.9999820878678781 -0.0280917287457072 -0.07341746883874123 -0.45764852212063545
FixedParameters: 0 0 0
#Transform 70
Transform: MatrixOffsetTransformBase_double_3_3
Parameters: 0.9999988914038567 0.0011783989531346285 -0.0008481234911678671 -0.0011839700616842021 0.9999781682770045 -0.006519000970934885 0.0008411114312987227 0.006520005542685642 0.9999787143758784 -0.013125676008286291 -0.059121749992272044 -0.5388768761964542
FixedParameters: 0 0 0
#Transform 71
Transform: MatrixOffsetTransformBase_double_3_3
Parameters: 0.9999981457528161 0.001689011298815837 -0.0010011344905153418 -0.0016961294782871625 0.9999722283605345 -0.007213306813500908 0.0009882323723759592 0.007214692510886203 0.9999738323509123 -0.02775969034449588 -0.09851998001163054 -0.5548177969490666
FixedParameters: 0 0 0
#Transform 72
Transform: MatrixOffsetTransformBase_double_3_3
Parameters: 0.9999997078886061 0.0010410342416900323 -0.00045577437296687753 -0.001044369386623148 0.9999781904322034 -0.006464520732729434 0.00044948098419007003 0.006464473908053242 0.9999789370704893 -0.025537737908052804 -0.0686734543807006 -0.573310009190152
FixedParameters: 0 0 0
#Transform 73
Transform: MatrixOffsetTransformBase_double_3_3
Parameters: 0.9999991082831494 0.001189042381509534 -0.0006912658110200003 -0.0011939406756625909 0.999971759647501 -0.007475110528138304 0.0006828388289873843 0.007475892752438679 0.9999715807964854 -0.04002035854172448 -0.11473877295956925 -0.42191264594106315
FixedParameters: 0 0 0
#Transform 74
Transform: MatrixOffsetTransformBase_double_3_3
Parameters: 0.9999993465275984 0.0012245020943144138 -0.0003922859063797105 -0.0012270291105094125 0.9999785600885897 -0.006403520397146825 0.0003847728842578318 0.00640348215155985 0.9999797759238341 -0.0311120518911423 -0.08351816820685087 -0.5821240220586219
FixedParameters: 0 0 0
#Transform 75
Transform: MatrixOffsetTransformBase_double_3_3
Parameters: 0.9999987386642789 0.0012213723314726077 -0.0008774245171375522 -0.001227082912823162 0.9999782944794682 -0.006423923359765965 0.0008690861163332191 0.006425070765463309 0.9999788949236826 -0.014285670140367301 -0.07363687196817637 -0.582739376494203
FixedParameters: 0 0 0
#Transform 76
Transform: MatrixOffsetTransformBase_double_3_3
Parameters: 0.9999978729086341 0.0016968523532062394 -0.0011168157626168225 -0.0017042120478915292 0.9999771395236146 -0.006564032071569664 0.001106006169064883 0.006565966317259739 0.9999775339279695 -0.03687988836790623 -0.0682046287273721 -0.5309676315674494
FixedParameters: 0 0 0
#Transform 77
Transform: MatrixOffsetTransformBase_double_3_3
Parameters: 0.9999989011742667 0.0012322094570684325 -0.0012571105554003003 -0.0012400061306444673 0.9999802792074776 -0.006103514995103254 0.001249546672291586 0.006105487062295148 0.9999810913618894 -0.022337704292326066 -0.08728210280224857 -0.5855452341271814
FixedParameters: 0 0 0
#Transform 78
Transform: MatrixOffsetTransformBase_double_3_3
Parameters: 0.9999962621368245 0.001892744972214264 -0.001775836667093994 -0.0019076086992597635 0.9999652424419263 -0.008143628240274661 0.0017608658200885016 0.008147376483938498 0.9999653188911914 -0.06690938139439595 -0.122837973313068 -0.5230552259267114
FixedParameters: 0 0 0
#Transform 79
Transform: MatrixOffsetTransformBase_double_3_3
Parameters: 0.9999984102445447 0.001733857673833666 -0.00076469133312223 -0.001738386769926501 0.9999733529856293 -0.007048607376483523 0.000752661745359169 0.007050386686234977 0.9999746650764106 -0.04623015658252427 -0.08031402672314414 -0.5678504972121488
FixedParameters: 0 0 0
#Transform 80
Transform: MatrixOffsetTransformBase_double_3_3
Parameters: 0.9999976545683634 0.0018913543096849643 -0.0013294338191030834 -0.0019013414974910544 0.9999725067804847 -0.007211416614717012 0.001315726760524312 0.007214587055392754 0.9999730915311008 -0.04885926367565219 -0.07248986305880578 -0.5611260612249112
FixedParameters: 0 0 0
#Transform 81
Transform: MatrixOffsetTransformBase_double_3_3
Parameters: 0.9999974493705533 0.0020376847166016497 -0.0011828017479114327 -0.0020465889155784314 0.9999660075604492 -0.007995526542897938 0.001166850368349237 0.007998479152995785 0.99996753552421 -0.05663154156290773 -0.0979140589637808 -0.5768513769176735
FixedParameters: 0 0 0
#Transform 82
Transform: MatrixOffsetTransformBase_double_3_3
Parameters: 0.9999983413895128 0.0017607631334615557 -0.0007471723948876576 -0.0017661708448536214 0.9999729802124072 -0.007138622350689641 0.0007343718014862559 0.007140380011239816 0.9999744148474694 -0.0414260532187285 -0.08800137557973642 -0.6157512960763825
FixedParameters: 0 0 0
#Transform 83
Transform: MatrixOffsetTransformBase_double_3_3
Parameters: 0.9999987892235346 0.0012659526635938605 0.0012684913204685008 -0.001255697998660314 0.9999686981295778 -0.007847621110756112 -0.0012779166300104796 0.007846391984832876 0.9999689381787938 -0.03491916792248162 -0.10958507913517224 -0.5535073668561381
FixedParameters: 0 0 0
#Transform 84
Transform: MatrixOffsetTransformBase_double_3_3
Parameters: 0.9999970887968054 0.0018917190107304376 -0.0011545186128090125 -0.0019010414496208818 0.9999665336376095 -0.007998752089057842 0.0011388237108457594 0.008001255439759325 0.9999675528937325 -0.040665965791120584 -0.10918379709441695 -0.5757994620614966
FixedParameters: 0 0 0
#Transform 85
Transform: MatrixOffsetTransformBase_double_3_3
Parameters: 0.9999986199446969 0.001379764777991484 -0.0012150235608671433 -0.0013891947520271943 0.9999692347372788 -0.007739323596456862 0.0012042470811192535 0.007741682334670416 0.9999695525849849 -0.03447495110522425 -0.12232312974585113 -0.610815516432254
FixedParameters: 0 0 0
#Transform 86
Transform: MatrixOffsetTransformBase_double_3_3
Parameters: 0.9999981561309889 0.001500214882577413 -0.001262514495482295 -0.0015096893043008877 0.9999654818693731 -0.008208106176056482 0.001250594156156176 0.008209906848292911 0.9999658963927858 -0.03875186840805611 -0.11606857198408704 -0.5966618168770168
FixedParameters: 0 0 0
#Transform 87
Transform: MatrixOffsetTransformBase_double_3_3
Parameters: 0.9999980192216079 0.0018034051890754978 -0.0013148455722143924 -0.0018138314092011186 0.9999673795353919 -0.007844620410581829 0.0013001841273421345 0.007846377837609123 0.9999685339117855 -0.047781877655864946 -0.10331102569907102 -0.6156558359777478
FixedParameters: 0 0 0
#Transform 88
Transform: MatrixOffsetTransformBase_double_3_3
Parameters: 0.9999977187901166 0.001758076041579173 -0.0010908324002994526 -0.0017665644329383742 0.9999695324313772 -0.007647015036404178 0.0010774575594570965 0.0076489905398447605 0.999970200672269 -0.04272846834091126 -0.0928149375027516 -0.6001362550040881
FixedParameters: 0 0 0
#Transform 89
Transform: MatrixOffsetTransformBase_double_3_3
Parameters: 0.9999983518709863 0.00164940656924328 -0.000963317437312855 -0.0016573292700791033 0.999963260123763 -0.008374409773537358 0.0009492050362020007 0.00837559044014656 0.9999648079077992 -0.0466119685118116 -0.11433338298991202 -0.6296903488823773
FixedParameters: 0 0 0
#Transform 90
Transform: MatrixOffsetTransformBase_double_3_3
Parameters: 0.9999985132468266 0.001528634325626789 -0.00038688437859142567 -0.0015313901384809855 0.9999766653653873 -0.006637341303871835 0.0003767541176876323 0.006637654663963766 0.9999777340704409 -0.039546515990849684 -0.07756724938984405 -0.6220474782463583
FixedParameters: 0 0 0
#Transform 91
Transform: MatrixOffsetTransformBase_double_3_3
Parameters: 0.9999985909332357 0.00164146970254679 -0.0008457424637212174 -0.001647353855454408 0.9999722661206353 -0.007216540823002313 0.0008334556804592725 0.007218447124543892 0.9999731388418317 -0.031150199775879628 -0.09549250511041407 -0.6279927559510838
FixedParameters: 0 0 0
#Transform 92
Transform: MatrixOffsetTransformBase_double_3_3
Parameters: 0.9999996902701709 0.0011177098725079332 -0.0002467708307141179 -0.0011193870776209367 0.999964434720525 -0.008384661699197701 0.0002371956383000184 0.008385338764571704 0.9999646365780438 -0.03184360707832923 -0.1436130868224268 -0.6304586648378603
FixedParameters: 0 0 0
#Transform 93
Transform: MatrixOffsetTransformBase_double_3_3
Parameters: 0.9999997340458707 0.0011129552919200494 -0.0001653975349366152 -0.0011141244895558429 0.9999680280078262 -0.007919750027024233 0.00015687398464644153 0.007920244611372959 0.9999682512734948 -0.038257865211619446 -0.12323942265416576 -0.6666198339701026
FixedParameters: 0 0 0
#Transform 94
Transform: MatrixOffsetTransformBase_double_3_3
Parameters: 0.9999991720228589 0.0013496437765104878 0.00007978936645855589 -0.001348976848809875 0.9999646482499285 -0.008278043695362017 -0.00009115441735443315 0.008277948752342154 0.9999654708569714 -0.031159419475258687 -0.11241296720737637 -0.6186069758623773
FixedParameters: 0 0 0
#Transform 95
Transform: MatrixOffsetTransformBase_double_3_3
Parameters: 0.9999986493364262 0.0013722473066221717 -0.0006843990569286119 -0.0013774232819547287 0.9999634734826519 -0.008408063561331725 0.0006727286527740613 0.008408938673563543 0.999964767507987 -0.03918651282462804 -0.12410747952068846 -0.7827726318119659
FixedParameters: 0 0 0
#Transform 96
Transform: MatrixOffsetTransformBase_double_3_3
Parameters: 0.9999992225445832 0.0012455234101985519 0.00047524313928977034 -0.0012419100749387027 0.9999709574677389 -0.007516526176319344 -0.00048516386201566945 0.007515467400234926 0.9999712829675195 -0.010485756688083825 -0.11334724102158589 -0.6795501102992603
FixedParameters: 0 0 0
#Transform 97
Transform: MatrixOffsetTransformBase_double_3_3
Parameters: 0.9999956583809111 0.00024231904930337785 0.0028779317606110765 -0.0002201320667942429 0.9999712330614182 -0.007527934694274832 -0.00287984819332234 0.007527051209792579 0.9999670970716965 0.02237341407483484 -0.1072064188554549 -0.6711279648330333
FixedParameters: 0 0 0
#Transform 98
Transform: MatrixOffsetTransformBase_double_3_3
Parameters: 0.9999982028335838 -0.0006100600715707044 0.0018507525347889588 0.0006242253893722091 0.9999674606427721 -0.008075922230719582 -0.001845862642731115 0.008077077144729078 0.9999652802401868 0.0015258317326782844 -0.1214889022328407 -0.705514002250851
FixedParameters: 0 0 0
#Transform 99
Transform: MatrixOffsetTransformBase_double_3_3
Parameters: 0.9999978637861539 0.0008494676941757694 0.002100761631014774 -0.0008321363876382889 0.9999677923085899 -0.00802384633405688 -0.0021083578518916 0.008022153010869962 0.999965332187783 0.007212310458768911 -0.12484387122678697 -0.7049595824299502
FixedParameters: 0 0 0
#Transform 100
Transform: MatrixOffsetTransformBase_double_3_3
Parameters: 0.9999972226872954 0.0009468176815996384 0.002208963634682402 -0.0009294947138043986 0.9999680712299246 -0.007870214541324888 -0.002216903390631508 0.007867772375991261 0.9999663071426828 0.0087460636288057 -0.11254912104573123 -0.667516566533962
FixedParameters: 0 0 0
#Transform 101
Transform: MatrixOffsetTransformBase_double_3_3
Parameters: 0.9999976262947904 0.0005891469685607491 0.002241850410490395 -0.000572262346958696 0.99997286422998 -0.00739445250058228 -0.0022465378308622213 0.007393556098463261 0.9999704178880091 0.0044803649526130584 -0.12119193779962245 -0.690551175167073
FixedParameters: 0 0 0
#Transform 102
Transform: MatrixOffsetTransformBase_double_3_3
Parameters: 0.9999956624834317 0.0005383453679689282 0.0028365202518919734 -0.0005159092666251626 0.999968556719349 -0.00787777520150959 -0.002841332699275726 0.007876220823684235 0.9999650093537942 0.010290167270454731 -0.1133343139157148 -0.6244148868862851
FixedParameters: 0 0 0
#Transform 103
Transform: MatrixOffsetTransformBase_double_3_3
Parameters: 0.9999971259103062 0.0011520680396046553 0.0018835137356935647 -0.001137448849720234 0.9999670121389841 -0.008035239226884552 -0.0018919537208074394 0.008032762940643548 0.9999660212013626 0.011359163081166912 -0.11079792569674396 -0.6712745257699595
FixedParameters: 0 0 0
#Transform 104
Transform: MatrixOffsetTransformBase_double_3_3
Parameters: 0.9999985235281522 -0.00017314883977549678 0.0015643810073118272 0.00018535245303124623 0.999972099052977 -0.007412848940420033 -0.0015624717360744767 0.007412147264331842 0.9999715326138907 -0.021117221207163084 -0.10408845462436034 -0.705070207540615
FixedParameters: 0 0 0
#Transform 105
Transform: MatrixOffsetTransformBase_double_3_3
Parameters: 0.9999995697066183 -0.000335358620720907 0.0011479755061760025 0.00034517641820843077 0.9999666606820066 -0.008137677884029804 -0.0011450447179893325 0.00813832242488799 0.999966452693679 -0.0071097368170285336 -0.10169943127958447 -0.6863497299284376
FixedParameters: 0 0 0
#Transform 106
Transform: MatrixOffsetTransformBase_double_3_3
Parameters: 0.9999986792053026 0.000950941846693517 0.0011896504061244114 -0.0009409966462130713 0.9999625995942155 -0.008570128902168822 -0.001198562387530558 0.008568860428998765 0.9999622042604215 -0.016345674648917452 -0.12119954283477341 -0.6448155477835229
FixedParameters: 0 0 0
#Transform 107
Transform: MatrixOffsetTransformBase_double_3_3
Parameters: 0.9999988451411095 0.001279170725385453 0.0007190284562330897 -0.001274180105074571 0.9999665825807483 -0.008044855232593212 -0.0007300004970153416 0.008044131728662807 0.9999668325413833 -0.015153633379384246 -0.11853077620757801 -0.7254135550742689
FixedParameters: 0 0 0
#Transform 108
Transform: MatrixOffsetTransformBase_double_3_3
Parameters: 0.9999989287087152 0.0011083932844196233 0.0009175425555986127 -0.00110126421536647 0.9999624279577939 -0.008561021216150683 -0.0009270259670985007 0.008559973997965944 0.9999629337103589 -0.021158275942624982 -0.10505701240833787 -0.6769794703293996
FixedParameters: 0 0 0
#Transform 109
Transform: MatrixOffsetTransformBase_double_3_3
Parameters: 0.99999566589241 0.0016980291154321029 0.0025401686173050974 -0.0016773657265942105 0.9999648402444856 -0.008190379550965105 -0.0025532042055067565 0.008185610599297233 0.9999627364804786 -0.004143993779948119 -0.13168170140990298 -0.513621413812757
FixedParameters: 0 0 0
#Transform 110
Transform: MatrixOffsetTransformBase_double_3_3
Parameters: 0.9999985370576014 0.0001151324062459416 0.0015648865178651283 -0.00010340517627583459 0.999973114609751 -0.007272305657579511 -0.0015662262467587339 0.0072716920862166 0.9999726570331843 -0.0025303172065775925 -0.11207437640257467 -0.6429870588197275
FixedParameters: 0 0 0
#Transform 111
Transform: MatrixOffsetTransformBase_double_3_3
Parameters: 0.999997503692979 0.0014603324231817973 0.0018341501965638178 -0.0014450872782265651 0.9999674611746825 -0.007889754100356597 -0.0018459819873242497 0.00788724436981697 0.9999675835588331 0.003488899327209083 -0.09971811903774608 -0.6425388725272114
FixedParameters: 0 0 0
#Transform 112
Transform: MatrixOffsetTransformBase_double_3_3
Parameters: 0.9999990265649932 0.00009581863452935001 0.0017218580422065043 -0.00008234662026329663 0.999967828318497 -0.008006297300861442 -0.001722241377275704 0.00800670980809863 0.9999669879552209 -0.032833226412051886 -0.10535213291534262 -0.6889995456147346
FixedParameters: 0 0 0
#Transform 113
Transform: MatrixOffsetTransformBase_double_3_3
Parameters: 0.9999990706753094 0.0011327433551621643 0.0008035484992431543 -0.001126545074699856 0.9999679840231149 -0.007916920372291011 -0.0008128633937751435 0.00791608512200595 0.9999687426400188 -0.02540762740595426 -0.11628717430200197 -0.7423034334323262
FixedParameters: 0 0 0
#Transform 114
Transform: MatrixOffsetTransformBase_double_3_3
