#Insight Transform File V1.0
#Transform 0
Transform: MatrixOffsetTransformBase_double_3_3
Parameters: 0.9999997421021063 -0.0008359359503498094 0.0007477355141345772 0.0008356697029601013 0.9999992697493526 0.00017862485441987042 -0.0007480330594445695 -0.00017737468648906796 0.9999994089850927 -0.027826641741370395 -0.0033170187208924062 -0.40177002343429535
FixedParameters: 0 0 0
#Transform 1
Transform: MatrixOffsetTransformBase_double_3_3
Parameters: 0.9999994736546189 -0.0009962036305088114 0.0007307004387822684 0.00099584034901131 0.9999990140453242 0.0002487322721048957 -0.0007311954608913331 -0.0002482669386111719 0.9999993361052646 -0.037755640407240776 -0.0022580274960404267 -0.383957922225477
FixedParameters: 0 0 0
#Transform 2
Transform: MatrixOffsetTransformBase_double_3_3
Parameters: 0.9999997727058151 -0.0010452023469888336 0.000367215487461416 0.0010455298532098683 0.9999997710801953 -0.0004465439390784892 -0.0003662819750596183 0.00044645567991752344 0.9999996029013363 -0.04117920185150581 0.008007323456894255 -0.3842306238060189
FixedParameters: 0 0 0
#Transform 3
Transform: MatrixOffsetTransformBase_double_3_3
Parameters: 0.9999994810143474 -0.0006954791189423101 0.0001878674493121928 0.0006953331242315937 0.9999993658658406 0.0003881305720812439 -0.00018840708400937032 -0.0003878689083641196 0.9999998140607085 -0.051698602516665915 0.001756985448352566 -0.4052050407198493
FixedParameters: 0 0 0
#Transform 4
Transform: MatrixOffsetTransformBase_double_3_3
Parameters: 0.9999998600585789 -0.0009775438044851295 0.0004293596403690704 0.0009774102261260482 0.999999088216235 0.00015542428287922128 -0.00042966363501234213 -0.0001555753550794986 0.9999997234820717 -0.03664251194544477 -0.004671546826841677 -0.40657242234196644
FixedParameters: 0 0 0
#Transform 5
Transform: MatrixOffsetTransformBase_double_3_3
Parameters: 0.9999992251911101 -0.0016582371994077055 0.00016089242101881035 0.0016580834146404 0.9999962017495506 -0.0020106672909637885 -0.00015728435768955527 0.0020113305952751126 0.9999979351898884 -0.009982821094268957 -0.027908565744127145 -0.37731294598263787
FixedParameters: 0 0 0
#Transform 6
Transform: MatrixOffsetTransformBase_double_3_3
Parameters: 0.999997651068179 -0.002013828602870432 -0.000542055616894552 0.0020138061496572687 0.9999978604519782 -0.0000839606731596193 0.0005413942438089392 0.0000830409794023157 0.9999997766715485 -0.0026320311910694727 -0.03305158514513096 -0.4492850243446185
FixedParameters: 0 0 0
#Transform 7
Transform: MatrixOffsetTransformBase_double_3_3
Parameters: 0.9999973788403929 -0.002078634050862311 -0.0005481172344827483 0.0020783580852616673 0.9999975394846161 -0.00025200858322757536 0.0005491627193689208 0.0002509900665118303 0.9999997128514622 -0.006982663769221631 -0.00856234426504443 -0.43275248159413593
FixedParameters: 0 0 0
#Transform 8
Transform: MatrixOffsetTransformBase_double_3_3
Parameters: 0.9999988609664109 -0.0015843243034717933 0.0007924957561915362 0.0015848274338288088 0.9999984769993253 -0.000273671799874739 -0.0007926235063902233 0.0002753285114281273 0.999999233266499 -0.0056230761258291295 0.007037777668244871 -0.45503162877929526
FixedParameters: 0 0 0
#Transform 9
Transform: MatrixOffsetTransformBase_double_3_3
Parameters: 0.9999990914212599 -0.0010554220022673296 0.0008919953293762729 0.0010557068551042578 0.9999994359608334 -0.0007190547546784276 -0.0008905443855490991 0.0007199455929347148 0.9999996200991871 -0.016740198157989994 -0.0052136717499138285 -0.44745862437636674
FixedParameters: 0 0 0
#Transform 10
Transform: MatrixOffsetTransformBase_double_3_3
Parameters: 0.9999987971597117 -0.001687019643850904 0.0005967342136806312 0.0016904046431627017 0.9999870386036427 -0.004922854993536521 -0.0005882925657465156 0.004923146112703905 0.9999872863607251 -0.0150867795588141 -0.02645768342731003 -0.3988187752257488
FixedParameters: 0 0 0
#Transform 11
Transform: MatrixOffsetTransformBase_double_3_3
Parameters: 0.9999979453327987 -0.002192663460380089 -0.0004952176920719753 0.002191576847491993 0.9999909296251706 -0.0036319644305883997 0.0005032936912190436 0.003631037747983887 0.9999936399948514 -0.02064237104993083 -0.02012309254554623 -0.4970442126146537
FixedParameters: 0 0 0
#Transform 12
Transform: MatrixOffsetTransformBase_double_3_3
Parameters: 0.9999972545798236 -0.0023842349435462713 0.0002464540931638341 0.002385506615448028 0.9999843714192784 -0.005098219202980703 -0.00023424361521272096 0.005098782013878422 0.9999868933373331 0.00148576624172847 -0.04958368656484424 -0.48455940015486476
FixedParameters: 0 0 0
#Transform 13
Transform: MatrixOffsetTransformBase_double_3_3
Parameters: 0.9999967352552683 -0.0026951354263418915 0.000028207794340796925 0.002695307555194604 0.9999836570017864 -0.005005667255207194 -0.00001525862864869775 0.005006327273154809 0.9999869578041775 0.00443207704985582 -0.04221736560302247 -0.5271531342497155
FixedParameters: 0 0 0
#Transform 14
Transform: MatrixOffsetTransformBase_double_3_3
Parameters: 0.9999967247601595 -0.0026602594595429175 0.0004443789054927779 0.0026626520406812164 0.9999834245121385 -0.005060621083372824 -0.0004316110654468143 0.00506137816147148 0.9999870723886365 0.008847079835874183 -0.05382108587691903 -0.5277329995683004
FixedParameters: 0 0 0
#Transform 15
Transform: MatrixOffsetTransformBase_double_3_3
Parameters: 0.9999973800218958 -0.0023701422250102374 -0.00004897388895953121 0.0023701278728241876 0.9999974152638116 -0.00014590830952297684 0.00004966359983428073 0.00014509092190116701 0.9999999224179047 0.008454016440396117 -0.0013493206430581495 -0.4579568048034588
FixedParameters: 0 0 0
#Transform 16
Transform: MatrixOffsetTransformBase_double_3_3
Parameters: 0.9999988147961887 -0.0011358109129368712 0.0009461167393441328 0.0011361259062312435 0.9999997497112181 -0.0001659207942547175 -0.000945738460986098 0.00016707913484084735 1.0000000096408357 -0.014325222610921173 -0.018496547501129612 -0.5041238576861105
FixedParameters: 0 0 0
#Transform 17
Transform: MatrixOffsetTransformBase_double_3_3
Parameters: 0.999996327467255 -0.0015817013075195949 0.0020424295645954005 0.0015862032392971307 0.9999965213703202 -0.002273822962166522 -0.002038554102390344 0.002277179107435981 0.9999954502610874 0.01825386775257698 -0.032123498173859844 -0.46597111634383737
FixedParameters: 0 0 0
#Transform 18
Transform: MatrixOffsetTransformBase_double_3_3
Parameters: 0.9999978028228991 -0.0019698893531156763 0.0011477225410112253 0.0019720772531556675 0.9999957238492657 -0.002141660027465131 -0.00114347164129616 0.0021433394131281924 0.9999968983398986 0.018311348002399086 -0.022110582082063956 -0.4756335267567522
FixedParameters: 0 0 0
#Transform 19
Transform: MatrixOffsetTransformBase_double_3_3
Parameters: 0.9999970922433191 -0.0018977553788379013 0.0015189419654432104 0.0019031644831848616 0.9999914474985657 -0.0036241056741885547 -0.0015115558586150549 0.0036268927992600813 0.9999923561246129 0.010348336462087104 -0.04067556637643577 -0.551367475046149
FixedParameters: 0 0 0
#Transform 20
Transform: MatrixOffsetTransformBase_double_3_3
Parameters: 0.9999963548938814 -0.0022521472660727206 0.001254622425731734 0.0022572707405540933 0.9999872026787843 -0.004571032515810411 -0.001244455919269728 0.0045739664369577465 0.9999883364194739 0.011000778904659114 -0.05081872350784522 -0.5126772689714727
FixedParameters: 0 0 0
#Transform 21
Transform: MatrixOffsetTransformBase_double_3_3
Parameters: 0.9999972708687629 -0.0018589914471374707 0.0011285453043937746 0.0018618039880762111 0.9999956331333357 -0.00245582903711572 -0.0011235980638491328 0.002458173152767265 0.9999965639996413 0.014655256962399221 -0.03648005473596072 -0.5866933671191106
FixedParameters: 0 0 0
#Transform 22
Transform: MatrixOffsetTransformBase_double_3_3
Parameters: 0.999997640068104 -0.0021517993490565383 0.0008542157972897553 0.002152284195687684 0.9999974145178708 -0.00028301705947965383 -0.0008529934367549331 0.000284980986266295 0.9999990642388091 0.010046170926827358 -0.026825686034115392 -0.4587642398063423
FixedParameters: 0 0 0
#Transform 23
Transform: MatrixOffsetTransformBase_double_3_3
Parameters: 0.9999963873715634 -0.0024495750161289487 0.0012700415632078367 0.002454813571072976 0.9999866010542933 -0.004534748198864166 -0.0012592432859658029 0.004538249726656077 0.9999886263722132 0.027719324880308704 -0.030200727964739826 -0.46267087395271744
FixedParameters: 0 0 0
#Transform 24
Transform: MatrixOffsetTransformBase_double_3_3
Parameters: 0.9999979997547633 -0.0014327722164218782 0.0013957043141602783 0.0014373823794469852 0.9999925264351408 -0.0036799936042458126 -0.0013905357405147218 0.0036820105941532816 0.9999923736633918 0.012092080827883933 -0.02929982401910536 -0.5632347092307839
FixedParameters: 0 0 0
#Transform 25
Transform: MatrixOffsetTransformBase_double_3_3
Parameters: 0.9999962327283454 -0.001832650745321125 0.0018466238406426249 0.0018404736331589157 0.999987967786994 -0.004681601884842346 -0.0018380840994145465 0.004684406132399704 0.9999874036115333 0.0265667317683409 -0.03743207110441915 -0.4787380026080825
FixedParameters: 0 0 0
#Transform 26
Transform: MatrixOffsetTransformBase_double_3_3
Parameters: 0.9999966404798141 -0.0016420774795733925 0.001914183106998756 0.0016513533128223667 0.9999863341924846 -0.0049139069289216575 -0.0019056580609508975 0.004917089213852796 0.9999859816570839 0.012860290201700764 -0.04660269584971388 -0.47193641362736116
FixedParameters: 0 0 0
#Transform 27
Transform: MatrixOffsetTransformBase_double_3_3
Parameters: 0.9999966270777642 -0.0014403887813455572 0.0020736279867223416 0.0014479560973400577 0.9999924459068504 -0.003687068586668729 -0.002067507679610947 0.0036909319262454637 0.999990963591498 0.021951368824019823 -0.017481573759198454 -0.4949202739196892
FixedParameters: 0 0 0
#Transform 28
Transform: MatrixOffsetTransformBase_double_3_3
Parameters: 0.9999963904739656 -0.0016743849011615348 0.002192582197924171 0.0016831438129256717 0.9999898630460934 -0.004184378080299603 -0.0021851920714049482 0.004188619421486475 0.9999884736538079 0.01897082529272609 -0.023742546895121563 -0.42762301350305165
FixedParameters: 0 0 0
#Transform 29
Transform: MatrixOffsetTransformBase_double_3_3
Parameters: 0.9999949365653784 -0.0026181618028946535 0.001485366748652008 0.0026243899267499233 0.9999905674188957 -0.003578966124712757 -0.0014759122953856235 0.0035830369440836563 0.9999927218731172 0.03196539630955897 -0.037508833299185085 -0.46846446653964335
FixedParameters: 0 0 0
#Transform 30
Transform: MatrixOffsetTransformBase_double_3_3
Parameters: 0.9999965319641934 -0.0016887874148808382 0.002148710397196755 0.0016940247433073067 0.9999958974310212 -0.0023324222913634896 -0.0021441463252665164 0.002336575322759188 0.9999947347231654 0.015021481218951749 -0.024560557915293657 -0.4526453308219658
FixedParameters: 0 0 0
#Transform 31
Transform: MatrixOffsetTransformBase_double_3_3
Parameters: 0.9999968975390378 -0.001629530628796593 0.0018571924944916615 0.0016324090625137457 0.9999972557115347 -0.0018130290053041398 -0.0018535411173032546 0.0018159731536813856 0.9999970569878538 0.010641384715242452 -0.010654292685828182 -0.41498796786422076
FixedParameters: 0 0 0
#Transform 32
Transform: MatrixOffsetTransformBase_double_3_3
Parameters: 0.9999955676580619 -0.0017576195910070677 0.0025189810361278555 0.0017647951283268522 0.9999944290121023 -0.0029556872470787865 -0.002513096541537446 0.0029603153953474126 0.9999926390306947 0.029677257474588714 -0.034803073592343026 -0.4950007557921765
FixedParameters: 0 0 0
#Transform 33
Transform: MatrixOffsetTransformBase_double_3_3
Parameters: 0.9999972384413859 -0.0011398799380370475 0.0018604577673705892 0.0011414504127229604 0.9999993876388431 -0.0006709366946500844 -0.0018599904101952289 0.0006730632758853022 0.999997947633319 0.004351706638033193 0.0017551303723593037 -0.4756211559967909
FixedParameters: 0 0 0
#Transform 34
Transform: MatrixOffsetTransformBase_double_3_3
Parameters: 0.9999964124218038 -0.0018059282485446578 0.002079333245082138 0.0018158129239140921 0.9999885220946902 -0.004411289223774151 -0.002071944014897218 0.00441470799258388 0.9999879409379367 0.025282169425224765 -0.01796790587818009 -0.4649657289656943
FixedParameters: 0 0 0
#Transform 35
Transform: MatrixOffsetTransformBase_double_3_3
Parameters: 0.9999971808478361 -0.0014409326680025702 0.0019348334789457706 0.0014399602188333725 0.9999988917382024 0.0004927334629865748 -0.001935183739555569 -0.0004902668623203849 0.9999978059643276 0.017753655896285636 0.004735335243154282 -0.45959137792749516
FixedParameters: 0 0 0
#Transform 36
Transform: MatrixOffsetTransformBase_double_3_3
Parameters: 0.9999961297444871 -0.0016791640670745728 0.0020130991995743297 0.0016822223698077358 0.9999974302113441 -0.0017166744464276462 -0.0020095900684227942 0.0017203274131804558 0.9999967930309767 0.019788587292580928 -0.011464952213813717 -0.4564389285155528
FixedParameters: 0 0 0
#Transform 37
Transform: MatrixOffsetTransformBase_double_3_3
Parameters: 0.9999958010644442 -0.0019279644448916022 0.002340826552632923 0.0019360270866111682 0.9999928158496524 -0.0031285938211449843 -0.002335192489581243 0.0031324027390693676 0.9999923850722293 0.027320645501902163 -0.028207682822809943 -0.490790255783196
FixedParameters: 0 0 0
#Transform 38
Transform: MatrixOffsetTransformBase_double_3_3
Parameters: 0.999995633951159 -0.00141609499481572 0.0027128360614932304 0.0014165121017509204 0.9999992679422105 0.00010865823571781785 -0.0027130711365365777 -0.00010534363049710671 0.9999963431108109 0.03019542441202816 0.002582254207226242 -0.43761093584706146
FixedParameters: 0 0 0
#Transform 39
Transform: MatrixOffsetTransformBase_double_3_3
Parameters: 0.9999971361017415 -0.001873472372724479 0.0018314787230513088 0.0018798989602577143 0.9999911616195837 -0.003808556382399672 -0.0018247043411643178 0.0038124456770107784 0.9999909344983967 0.0247801319665939 -0.007895687372055704 -0.47996469908785855
FixedParameters: 0 0 0
#Transform 40
Transform: MatrixOffsetTransformBase_double_3_3
Parameters: 0.9999966813576431 -0.0015896650268908666 0.0019466673062054525 0.001597178473940484 0.999992539373655 -0.003621958823433441 -0.00194158193610978 0.0036250465135623244 0.9999918823326999 0.01079106762308868 -0.026367715401747205 -0.5393716979223058
FixedParameters: 0 0 0
#Transform 41
Transform: MatrixOffsetTransformBase_double_3_3
Parameters: 0.9999982231907247 -0.0012676557761369383 0.0014725148292102214 0.0012685455356982193 0.9999994497948616 -0.00027812333057056216 -0.0014728049119609422 0.0002798767995355056 0.9999986177138235 0.011407655238969028 -0.008262467977772303 -0.47903821546277925
FixedParameters: 0 0 0
#Transform 42
Transform: MatrixOffsetTransformBase_double_3_3
Parameters: 0.9999961055877239 -0.0013066059847923158 0.0022775118237144875 0.001311093742930684 0.9999971416721297 -0.001831140639681067 -0.0022749823068771865 0.001833855516989183 0.9999952477930945 0.02112725581044117 -0.02049065898678748 -0.4566420677188603
FixedParameters: 0 0 0
#Transform 43
Transform: MatrixOffsetTransformBase_double_3_3
Parameters: 0.9999942721235794 -0.0026095202191722933 0.0019796553072591624 0.002618075530493264 0.999987273921453 -0.0042667464770312635 -0.001967924900872685 0.004272246717243883 0.9999885407068831 0.04127170021743609 -0.044870274475456995 -0.44174062032010397
FixedParameters: 0 0 0
#Transform 44
Transform: MatrixOffsetTransformBase_double_3_3
Parameters: 0.9999942928438401 -0.002731904251478071 0.002059482089451228 0.002738410224247029 0.999992476522096 -0.002903283714802571 -0.0020519748413850855 0.0029087204755770396 0.9999939265527334 0.046505298772316905 -0.051145602336831075 -0.47332878249815735
FixedParameters: 0 0 0
#Transform 45
Transform: MatrixOffsetTransformBase_double_3_3
Parameters: 0.9999953188646928 -0.001251480312478736 0.0028488009708096023 0.001260568087702143 0.9999938005280625 -0.003135679475179315 -0.0028445245703778562 0.003139315362906292 0.9999908304444771 0.02785241421884166 -0.003479764939697816 -0.47236254580462855
FixedParameters: 0 0 0
#Transform 46
Transform: MatrixOffsetTransformBase_double_3_3
Parameters: 0.9999946750119428 -0.0013591514400624258 0.002911985182718929 0.0013708651441094288 0.9999911621016687 -0.00402228895794228 -0.0029058050669461015 0.004026715242894802 0.9999881194784012 0.030672670747591724 -0.01123282415252902 -0.48243638884642337
FixedParameters: 0 0 0
#Transform 47
Transform: MatrixOffsetTransformBase_double_3_3
Parameters: 0.9999956075917542 -0.001496252685218429 0.0026747672066044044 0.0015051843051310744 0.9999930719366783 -0.0032981772204953713 -0.0026694637860771543 0.0033028180621963166 0.9999907489599431 0.02290914438808045 -0.016572883167199848 -0.5174693698170358
FixedParameters: 0 0 0
#Transform 48
Transform: MatrixOffsetTransformBase_double_3_3
Parameters: 0.9999943520711103 -0.0013436091391396897 0.002973904504235709 0.001347020532676804 0.9999978906728505 -0.0012312571518298676 -0.002971855346375507 0.0012357409981160472 0.999994418347154 0.025578919699540847 -0.0044740841345145554 -0.4518066006078527
FixedParameters: 0 0 0
#Transform 49
Transform: MatrixOffsetTransformBase_double_3_3
Parameters: 0.9999979647276486 -0.001507843284459652 0.0016616075663130204 0.001509123707942333 0.9999979717901325 -0.0009435530223885907 -0.0016608879264564365 0.0009464477471279875 0.9999982068841826 0.02594710355509733 -0.0004562674014749746 -0.45352576357468877
FixedParameters: 0 0 0
#Transform 50
Transform: MatrixOffsetTransformBase_double_3_3
Parameters: 0.9999972998763847 -0.001442654303191993 0.0019023310969812158 0.0014427950703693555 0.9999990575149551 -0.00003531403840699443 -0.0019022243345048575 0.000038685761683351916 0.9999982396236191 0.02856412237842676 -0.001842726564987629 -0.42553965635514146
FixedParameters: 0 0 0
#Transform 51
Transform: MatrixOffsetTransformBase_double_3_3
Parameters: 0.9999930923739727 -0.002806631967533788 0.002455687760825337 0.0028147970708259774 0.9999902010151911 -0.0033690776765658292 -0.0024463206680495272 0.00337592067603433 0.9999911437081166 0.06446478069936745 -0.043452675496240545 -0.47250401086516547
FixedParameters: 0 0 0
#Transform 52
Transform: MatrixOffsetTransformBase_double_3_3
Parameters: 0.9999943670106353 -0.0028989262112868153 0.0017969802343411523 0.0029034576839166854 0.9999925550959661 -0.002518637907951371 -0.0017896733231878015 0.0025243612195336995 0.9999950959352946 0.050065588553138696 -0.039986056746258214 -0.5720728697508974
FixedParameters: 0 0 0
#Transform 53
Transform: MatrixOffsetTransformBase_double_3_3
Parameters: 0.9999970233627644 -0.0016263426776847677 0.001825277624181023 0.0016255302669107607 0.99999851501959 0.00022391372519010855 -0.001826001165014063 -0.00022108492817581038 0.9999984093308635 0.020114433668723564 0.0069865548852021675 -0.4729086221043701
FixedParameters: 0 0 0
#Transform 54
Transform: MatrixOffsetTransformBase_double_3_3
Parameters: 0.9999943200365483 -0.0026765801178734463 0.0021250641601933554 0.002686092327964552 0.9999866586769725 -0.004419220331504839 -0.002113004922565263 0.0044247753392685635 0.9999875529055032 0.050145815071772404 -0.036440277775568575 -0.5013783473617224
FixedParameters: 0 0 0
#Transform 55
Transform: MatrixOffsetTransformBase_double_3_3
Parameters: 0.9999962022886446 -0.0017133210281210808 0.0019652547257718845 0.0017139124905900943 0.9999982490596072 -0.00014868614483840026 -0.0019647389261447067 0.000152312705233415 0.9999979079286038 0.023336858811987327 -0.01204613289111478 -0.5045976917951975
FixedParameters: 0 0 0
#Transform 56
Transform: MatrixOffsetTransformBase_double_3_3
Parameters: 0.9999937599166878 -0.0031220633157369787 0.001868348837830546 0.003130670544558057 0.9999857281609655 -0.004464946302602135 -0.0018549942479045508 0.004470058836102173 0.9999881142894517 0.058228066324303995 -0.04517545519505006 -0.4658626240701267
FixedParameters: 0 0 0
#Transform 57
Transform: MatrixOffsetTransformBase_double_3_3
Parameters: 0.9999959408087536 -0.00272927163308464 0.0012689557946452463 0.002729895627413689 0.9999957510198237 -0.0002443826255383724 -0.0012676128379303948 0.0002476148555642932 0.9999990687573312 0.037701422337278245 -0.020964017813980718 -0.4970856176312708
FixedParameters: 0 0 0
#Transform 58
Transform: MatrixOffsetTransformBase_double_3_3
Parameters: 0.9999951258732517 -0.0016862048139657812 0.0026516625224966683 0.001690136756680775 0.9999972774133682 -0.0014667104983234897 -0.00264897009039857 0.0014712887613862607 0.9999955325260531 0.027500594543070633 -0.016620180485048763 -0.4907797166607537
FixedParameters: 0 0 0
#Transform 59
Transform: MatrixOffsetTransformBase_double_3_3
Parameters: 0.9999928730305013 -0.0030296632813753056 0.0024388922747023006 0.0030411803338453603 0.999984720278436 -0.004644512374276155 -0.002424460823196908 0.00465148456673721 0.9999859445615105 0.056957717480713654 -0.031233191467975985 -0.45647887575108825
FixedParameters: 0 0 0
#Transform 60
Transform: MatrixOffsetTransformBase_double_3_3
Parameters: 0.9999935542537249 -0.002090328350216285 0.002841824310414868 0.002094725352740213 0.9999974069840994 -0.001274163232571665 -0.00283867939518669 0.001279833965096358 0.999994885803954 0.056305173969320776 -0.037007192628550456 -0.48248952832931025
FixedParameters: 0 0 0
#Transform 61
Transform: MatrixOffsetTransformBase_double_3_3
Parameters: 0.9999936972424347 -0.0025515530044947963 0.0024063391792223457 0.0025609944803855404 0.999989654656165 -0.0038978360602211354 -0.0023970519881870646 0.0039041704375344377 0.9999896067498057 0.05554361296297827 -0.023117009388926135 -0.46467648284938434
FixedParameters: 0 0 0
#Transform 62
Transform: MatrixOffsetTransformBase_double_3_3
Parameters: 0.9999921604491855 -0.0029267377199879694 0.002505392971017175 0.0029349002733953895 0.9999895966242152 -0.0035016415401542544 -0.002494504157559402 0.0035093602052467116 0.9999909865916349 0.059333590090943744 -0.03768276139614102 -0.49699002629571964
FixedParameters: 0 0 0
#Transform 63
Transform: MatrixOffsetTransformBase_double_3_3
Parameters: 0.9999919482681322 -0.0018901620357088733 0.0035327310486332622 0.001902697559810785 0.9999911705144444 -0.0036936884491696603 -0.003525647055895834 0.003700315483804534 0.9999874419183383 0.07008969261133302 -0.015555926567003553 -0.4723599053257743
FixedParameters: 0 0 0
#Transform 64
Transform: MatrixOffsetTransformBase_double_3_3
Parameters: 0.9999938375626451 -0.003130782917802303 0.0018328180535237342 0.003137345842262472 0.9999893781359454 -0.0034990374444675565 -0.0018223207045399996 0.0035039648581808996 0.9999919382586754 0.06317477845878727 -0.04438016656102661 -0.5184118140229828
FixedParameters: 0 0 0
#Transform 65
Transform: MatrixOffsetTransformBase_double_3_3
Parameters: 0.9999945024052869 -0.0027484012802716927 0.001986137228335345 0.0027503007813931358 0.9999959467589293 -0.0009444476783266043 -0.0019830613407549706 0.0009495516546722121 0.9999977620234932 0.05776701416554886 -0.029382005890255414 -0.5042416006106691
FixedParameters: 0 0 0
#Transform 66
Transform: MatrixOffsetTransformBase_double_3_3
Parameters: 0.9999920910872009 -0.00297230266130623 0.002464428296010995 0.002983800532500118 0.9999845597867433 -0.004591641238050892 -0.002450845832912128 0.004598353335427158 0.999986302895286 0.05892106143461717 -0.01761658197860072 -0.40939731800813206
FixedParameters: 0 0 0
#Transform 67
Transform: MatrixOffsetTransformBase_double_3_3
Parameters: 0.9999941519714707 -0.0017902810218475827 0.0027645774471612844 0.0017900847303748725 0.9999981471424421 0.00003776857791049082 -0.0027647045491276563 -0.000033231006788259077 0.9999960023085345 0.04432756656602521 -0.01458573024055454 -0.4123308122703122
FixedParameters: 0 0 0
#Transform 68
Transform: MatrixOffsetTransformBase_double_3_3
Parameters: 0.9999945340954284 -0.0019541070464025806 0.002578588656446645 0.0019546381436603053 0.9999984410476088 -0.00029407411824103336 -0.002577497724737061 0.00029892588634748696 0.9999969172230538 0.033226639831511307 -0.011476620571968965 -0.43055226740928276
FixedParameters: 0 0 0
#Transform 69
Transform: MatrixOffsetTransformBase_double_3_3
Parameters: 0.9999944399043977 -0.001958261810016537 0.002779437768969397 0.001958870458166867 0.9999985005606183 -0.00010666866768939409 -0.002779008841942162 0.00011233011202567422 0.9999959153635463 0.04364704574338418 -0.015224809797132366 -0.45665972475835304
FixedParameters: 0 0 0
#Transform 70
Transform: MatrixOffsetTransformBase_double_3_3
Parameters: 0.9999924098178306 -0.0030024453332805315 0.002563832624382962 0.003011570784867502 0.9999901129187581 -0.0032192663335228466 -0.0025539726099639928 0.0032267297344434898 0.999991521318833 0.06301465666128081 -0.04053357136831437 -0.49358341680272133
FixedParameters: 0 0 0
#Transform 71
Transform: MatrixOffsetTransformBase_double_3_3
Parameters: 0.9999936312144 -0.0025628783946827715 0.002607404963048935 0.0025749484638279874 0.9999868410441372 -0.0044733526833979215 -0.002596196006205739 0.004479649437745703 0.9999867117215465 0.06436551803209056 -0.029440493419414793 -0.534922976888538
FixedParameters: 0 0 0
#Transform 72
Transform: MatrixOffsetTransformBase_double_3_3
Parameters: 0.9999927318816481 -0.0018253579372108696 0.0033070933380519403 0.0018355837188475323 0.9999938713725237 -0.0028622605223171393 -0.003301207558089194 0.002867733832986205 0.9999904439833194 0.03775842240854388 -0.06000925009571745 -0.5233249372504076
FixedParameters: 0 0 0
#Transform 73
Transform: MatrixOffsetTransformBase_double_3_3
Parameters: 0.999993624067073 -0.0022520624524474367 0.002881771401134487 0.0022637692210590384 0.9999892261264978 -0.004017674990689002 -0.0028724130261486365 0.004023325161409214 0.9999880688610745 0.06439277648907193 -0.03741329683820993 -0.4819887169066561
FixedParameters: 0 0 0
#Transform 74
Transform: MatrixOffsetTransformBase_double_3_3
Parameters: 0.9999921076887086 -0.0025947843748971777 0.0030262989636903816 0.0026034383864274747 0.9999927424068173 -0.0028342424442660413 -0.0030191422486440995 0.002841757895823485 0.9999912566965884 0.05157291171494194 -0.03847369177489668 -0.5254683411409786
FixedParameters: 0 0 0
#Transform 75
Transform: MatrixOffsetTransformBase_double_3_3
Parameters: 0.9999931820810446 -0.001909248035362369 0.003028567497982884 0.0019162979431313141 0.9999950438105324 -0.0025893884411148788 -0.0030242521923018583 0.0025946145320973613 0.9999917012693527 0.044335300616623385 -0.012634674554888647 -0.4719254742609138
FixedParameters: 0 0 0
#Transform 76
Transform: MatrixOffsetTransformBase_double_3_3
Parameters: 0.9999933792317226 -0.002398014321233829 0.0026214317976062844 0.0023995511638380124 0.9999972206726154 -0.0006577541580527757 -0.0026193943101553902 0.0006642456036787814 0.9999962847144406 0.06351867568564273 -0.017323573970102757 -0.49491051313839307
FixedParameters: 0 0 0
#Transform 77
Transform: MatrixOffsetTransformBase_double_3_3
Parameters: 0.9999952093236097 -0.001697766687425621 0.002628121839143251 0.0016986004668845993 0.9999983567743569 -0.0003337179454036693 -0.0026280480534872164 0.00033728301752797285 0.999996627428304 0.039693792905524106 -0.017358085955734737 -0.5403680282328622
FixedParameters: 0 0 0
#Transform 78
Transform: MatrixOffsetTransformBase_double_3_3
Parameters: 0.9999928388265605 -0.001608583757946736 0.0035459252271844823 0.0016092042677127317 0.9999987708409478 -0.00008467857982248639 -0.003545643669894142 0.00009032016563591261 0.9999940526731126 0.04994056998833685 -0.0030756244523786336 -0.426160548212394
FixedParameters: 0 0 0
#Transform 79
Transform: MatrixOffsetTransformBase_double_3_3
Parameters: 0.9999907833191093 -0.0017148047824936243 0.003908498362997777 0.0017177258605213192 0.99999793444254 -0.0007447398000018507 -0.003907132548095775 0.0007512590678220438 0.999991729864393 0.06139345995484291 -0.017134462608950685 -0.5001460047868846
FixedParameters: 0 0 0
#Transform 80
Transform: MatrixOffsetTransformBase_double_3_3
Parameters: 0.9999917318349132 -0.0020861723254989683 0.0034515617314618014 0.0021005057390669993 0.9999899066358514 -0.00402202037209895 -0.003443641818872961 0.00402897639220999 0.999985415648825 0.05813191073033863 -0.023004656745712282 -0.4523593287474199
FixedParameters: 0 0 0
#Transform 81
Transform: MatrixOffsetTransformBase_double_3_3
Parameters: 0.9999936210770876 -0.0019628813244776623 0.0030858522900021426 0.001962092505554634 0.9999983662584194 0.00045388199305525234 -0.003087486427421579 -0.0004481184956873635 0.9999948480152498 0.04029218177038274 0.00003922349549156934 -0.4794351933302039
FixedParameters: 0 0 0
#Transform 82
Transform: MatrixOffsetTransformBase_double_3_3
Parameters: 0.9999885719007322 -0.0020354193993099953 0.004275674289287954 0.002043447643327979 0.9999960358790115 -0.0018368579235134297 -0.004272699904458691 0.0018451444468319256 0.9999897574120319 0.07660617672769376 -0.012008948566347044 -0.3560491860064019
FixedParameters: 0 0 0
#Transform 83
Transform: MatrixOffsetTransformBase_double_3_3
Parameters: 0.9999934410835267 -0.002577106218886198 0.0026306273744689836 0.002576635758425817 0.9999968334952373 0.00007974324811152456 -0.0026300239527075257 -0.00007325813947919868 0.9999965958836656 0.057595359587011785 -0.0009988557774249784 -0.45262269536574706
FixedParameters: 0 0 0
#Transform 84
Transform: MatrixOffsetTransformBase_double_3_3
Parameters: 0.9999938392663505 -0.0017916000540077102 0.0031544984252779183 0.0017917987815116016 0.9999981466038398 -0.00002859624494187807 -0.003154385547316667 0.00003440330387233237 0.999994690678027 0.03746883333948858 0.013611640013124315 -0.42615927236757045
FixedParameters: 0 0 0
#Transform 85
Transform: MatrixOffsetTransformBase_double_3_3
Parameters: 0.9999929949173417 -0.0025808881985563033 0.0027099006533647715 0.0025825999803587435 0.9999965765483333 -0.0004840401573553976 -0.0027084491444277687 0.0004909580509742661 0.9999959430557649 0.05439150291552153 0.010168207700758103 -0.47972668628661097
FixedParameters: 0 0 0
#Transform 86
Transform: MatrixOffsetTransformBase_double_3_3
Parameters: 0.9999937708296702 -0.002150945603486207 0.0029328215358229966 0.0021509955597154994 0.9999977664484917 -0.0001638684779583649 -0.002933168805144797 0.00017013445118901904 0.999995948602435 0.04112222616774375 -0.004717955280341357 -0.4283240605766707
FixedParameters: 0 0 0
#Transform 87
Transform: MatrixOffsetTransformBase_double_3_3
Parameters: 0.9999940573527919 -0.00154571768981367 0.003090636680203289 0.0015449163742939358 0.9999988172416359 0.00029352358477884033 -0.003091468041180755 -0.00028847609631245386 0.9999950707487902 0.037258875735957986 0.0023319063590605538 -0.43975175605984873
FixedParameters: 0 0 0
#Transform 88
Transform: MatrixOffsetTransformBase_double_3_3
Parameters: 0.9999935420823428 -0.0025644342861679205 0.0024247397809917326 0.00256341193779147 0.9999964683816399 0.0006111795567892986 -0.0024267238064581294 -0.0006048209388691966 0.9999973343702041 0.059221320245356424 -0.003553030998631357 -0.4656665645342457
FixedParameters: 0 0 0
#Transform 89
Transform: MatrixOffsetTransformBase_double_3_3
Parameters: 0.9999921089060971 -0.0022501101174703378 0.003134501140122236 0.0022555103518143898 0.9999958117107601 -0.0016111810572226187 -0.0031315575950735717 0.0016178192656513823 0.9999940839516077 0.05019989986980988 -0.006152664509528449 -0.4240572488651111
FixedParameters: 0 0 0
#Transform 90
Transform: MatrixOffsetTransformBase_double_3_3
Parameters: 0.9999950688519831 -0.002678684231784809 0.0016598354493997727 0.0026785530547048736 0.9999960575652547 0.00032153852048592835 -0.001660481391499344 -0.00031746266128269973 0.999998807125554 0.05056833518865744 -0.014656295151567633 -0.4113982236108882
FixedParameters: 0 0 0
#Transform 91
Transform: MatrixOffsetTransformBase_double_3_3
Parameters: 0.9999945281703616 -0.0032053998139486744 0.0010936859011126867 0.003208645182385693 0.9999912053391367 -0.002612209691215714 -0.0010851082433566022 0.0026147862859779436 0.9999956620152485 0.04812149218588502 -0.02735993761876898 -0.2598482001983342
FixedParameters: 0 0 0
#Transform 92
Transform: MatrixOffsetTransformBase_double_3_3
Parameters: 0.9999927687295758 -0.003752837053724188 0.0003878160413654722 0.0037527990441498546 0.9999913024273938 -0.0019270743820620634 -0.00038046492755020316 0.0019289261276291964 0.9999980318999534 0.07067268443488217 -0.02153521686700799 -0.24573240490056492
FixedParameters: 0 0 0
#Transform 93
Transform: MatrixOffsetTransformBase_double_3_3
Parameters: 0.9999924722225388 -0.003495372693701657 0.0015198181745685177 0.0034972706557520406 0.9999927410674869 -0.0011903934206261846 -0.0015156026837917535 0.0011956046521992836 0.9999978846481876 0.0692600695474681 -0.030118884227718468 -0.30568806127104153
FixedParameters: 0 0 0
#Transform 94
Transform: MatrixOffsetTransformBase_double_3_3
Parameters: 0.999993894761282 -0.003229987813350889 0.0016349461193975745 0.0032311875358800213 0.9999940505348787 -0.000912496101604765 -0.0016321599737061075 0.0009185042200599153 0.9999981679399357 0.060184322846012606 -0.023313825386594544 -0.29427466153239834
FixedParameters: 0 0 0
#Transform 95
Transform: MatrixOffsetTransformBase_double_3_3
Parameters: 0.9999937692856665 -0.0033103420165450812 0.0015078250661654882 0.0033118302993429775 0.9999942393952859 -0.0010867145594057326 -0.001503742579774847 0.0010912845231611373 0.9999981580408815 0.06315799541344802 -0.012399887004903576 -0.29369369073032203
FixedParameters: 0 0 0
#Transform 96
Transform: MatrixOffsetTransformBase_double_3_3
Parameters: 0.9999933747179843 -0.003188326249812466 0.0018603231432536595 0.003188454894607667 0.9999952143238936 -0.00028183443939876207 -0.0018595746388096993 0.00028716687176215394 0.9999979985129741 0.07005324810950242 0.011480898102050219 -0.3577668027879497
FixedParameters: 0 0 0
#Transform 97
Transform: MatrixOffsetTransformBase_double_3_3
Parameters: 0.999992938207893 -0.0034435319800892048 0.0014839552118255973 0.0034442498573119444 0.9999944802606805 -0.00021659142672431075 -0.0014834444637593647 0.00022140923220301256 0.9999993620251968 0.07496562801185291 0.008571119934643434 -0.3102343894910575
FixedParameters: 0 0 0
#Transform 98
Transform: MatrixOffsetTransformBase_double_3_3
Parameters: 0.999992861288112 -0.003172953752498882 0.0020180345581817774 0.0031713745208381628 0.9999950376713524 0.000607572676840723 -0.002019806332773312 -0.0006014277446661637 0.9999980927735451 0.07079861336926285 -0.004707506165971154 -0.3471368595690052
FixedParameters: 0 0 0
#Transform 99
Transform: MatrixOffsetTransformBase_double_3_3
Parameters: 0.9999936673533376 -0.003287443870620218 0.0012343334289349516 0.0032868819442379766 0.999994151092809 0.0006053550842275851 -0.0012372353403651832 -0.0006016414846650581 0.9999987878359605 0.058604827162994866 -0.006360352261069124 -0.3685711772259026
FixedParameters: 0 0 0
#Transform 100
Transform: MatrixOffsetTransformBase_double_3_3
Parameters: 0.9999929435765744 -0.0034633505648764434 0.0010305552745065514 0.0034645682944288536 0.999993297620794 -0.001395081610530688 -0.0010260013794490225 0.0013989210559952614 0.999998742719305 0.04758168017481523 -0.010406699738396696 -0.29225415891914963
FixedParameters: 0 0 0
#Transform 101
Transform: MatrixOffsetTransformBase_double_3_3
Parameters: 0.999995314834646 -0.002895765242823171 0.0011405620406867228 0.002894020800562093 0.9999946427984278 0.0011125270802984782 -0.00114393343674379 -0.0011094695345985062 0.9999982033918261 0.05005351293479521 0.006213583473225981 -0.316120878943309
FixedParameters: 0 0 0
#Transform 102
Transform: MatrixOffsetTransformBase_double_3_3
Parameters: 0.9999934539013396 -0.003045575230248265 0.001808151961490172 0.0030473318917226297 0.9999945242168133 -0.0007213350583039346 -0.0018058010189139406 0.0007276625388068503 0.999997879882979 0.06148611953945249 -0.001641678896746157 -0.2905643324568956
FixedParameters: 0 0 0
#Transform 103
Transform: MatrixOffsetTransformBase_double_3_3
Parameters: 0.9999934934206494 -0.0032441711718376814 0.001726593362742454 0.003244690585425247 0.9999947069033946 -0.00039716912740232757 -0.0017260611870096652 0.00040283372133405326 0.9999984665149672 0.0754576571863339 0.01163402967931404 -0.3602866992128071
FixedParameters: 0 0 0
#Transform 104
Transform: MatrixOffsetTransformBase_double_3_3
Parameters: 0.9999940676539396 -0.0029472576235803328 0.0018014342971150342 0.002946550853694683 0.9999955075075518 0.0004564741352677121 -0.0018030443916639068 -0.00045152510701031157 0.9999981479135626 0.06641391266015262 -0.007787895211947671 -0.33876602422307656
FixedParameters: 0 0 0
#Transform 105
Transform: MatrixOffsetTransformBase_double_3_3
Parameters: 0.999994298059802 -0.0029432397512470015 0.0017436477305658414 0.0029426103845206354 0.999995486445368 0.00043029222437207526 -0.0017441005568686959 -0.0004247103192132895 0.9999984460998513 0.06727064166653918 -0.006742814656746532 -0.35989373474389197
FixedParameters: 0 0 0
#Transform 106
Transform: MatrixOffsetTransformBase_double_3_3
Parameters: 0.9999933716136917 -0.0029591680942456194 0.0019673231858790105 0.0029582835824883444 0.9999951626172632 0.0006999200741575479 -0.001969316265474725 -0.0006940813686503178 0.9999982373743603 0.07301359612075942 0.005007079314552243 -0.3557380116501889
FixedParameters: 0 0 0
#Transform 107
Transform: MatrixOffsetTransformBase_double_3_3
Parameters: 0.9999942759582868 -0.0030336969484930326 0.00158746233825124 0.0030351433475610703 0.9999955884244014 -0.000724959815045112 -0.0015851106264167145 0.0007300401694055186 0.9999986290184023 0.07296599551041538 -0.0199280717239958 -0.3234300687670668
FixedParameters: 0 0 0
#Transform 108
Transform: MatrixOffsetTransformBase_double_3_3
Parameters: 0.9999935490703492 -0.0031378412510071475 0.0018989619411407604 0.003136153047196896 0.9999951022445158 0.0006741911802525258 -0.0019011084176052348 -0.0006678076683769157 0.999997546341731 0.077530603785533 0.0011042642508414247 -0.36897556544793986
FixedParameters: 0 0 0
#Transform 109
Transform: MatrixOffsetTransformBase_double_3_3
Parameters: 0.9999925989180967 -0.003311503893177071 0.0018533327518433834 0.003310110835630213 0.9999937672350611 0.0008613090913878879 -0.001855888347595273 -0.0008556923344831685 0.9999983576321751 0.07112142229678398 0.007295112701228845 -0.3432369938689561
FixedParameters: 0 0 0
#Transform 110
Transform: MatrixOffsetTransformBase_double_3_3
Parameters: 0.999993344335304 -0.0029743418151200835 0.0021921831034934607 0.002973788538773558 0.9999953054932972 0.0005686231276416376 -0.002194413065844759 -0.0005623765821201193 0.9999973992594587 0.06999925354919867 0.0126458784420862 -0.3570718193128215
FixedParameters: 0 0 0
#Transform 111
Transform: MatrixOffsetTransformBase_double_3_3
Parameters: 0.9999931887693791 -0.0029916601949131973 0.0024208176043123055 0.0029896890973242236 0.9999951467560148 0.0011783467060165753 -0.0024235799310624905 -0.0011706581590728016 0.999996283095832 0.0755536522298712 0.003117218298754665 -0.36643392368458194
FixedParameters: 0 0 0
#Transform 112
Transform: MatrixOffsetTransformBase_double_3_3
Parameters: 0.999992334609874 -0.0025345594804546813 0.002870613836735662 0.0025309019081436865 0.9999958514032993 0.0011371741769485993 -0.002874158671708181 -0.0011308215663869137 0.9999949112896516 0.08987879728896075 0.005498642831611278 -0.3314741248926367
FixedParameters: 0 0 0
#Transform 113
Transform: MatrixOffsetTransformBase_double_3_3
Parameters: 0.999992288586492 -0.0030029882885421427 0.00258660004681466 0.0030010081923896666 0.9999952852068468 0.0011178759474816113 -0.002590023412420624 -0.0011101259375414368 0.9999955213754336 0.0829284606898284 0.0024614896640144934 -0.36841340169672776
FixedParameters: 0 0 0
#Transform 114
Transform: MatrixOffsetTransformBase_double_3_3
