#Insight Transform File V1.0
#Transform 0
Transform: MatrixOffsetTransformBase_double_3_3
Parameters: 0.9999976164095958 -0.000942818124914027 0.0018698277615249875 0.0009505923185210765 0.9999896148304748 -0.004430359501825465 -0.0018650431932773887 0.004431642419352122 0.9999887338130119 -0.009013991633196383 0.008480666776307544 -0.5224827372872056
FixedParameters: 0 0 0
#Transform 1
Transform: MatrixOffsetTransformBase_double_3_3
Parameters: 0.9999973001827569 -0.0009178067850854657 0.0022041715660578243 0.0009279804815703176 0.9999897088580467 -0.004528101436066093 -0.0021994842138850436 0.004530903394222907 0.9999875582938833 -0.02777946056409064 -0.008834107799771118 -0.5275840841034665
FixedParameters: 0 0 0
#Transform 2
Transform: MatrixOffsetTransformBase_double_3_3
Parameters: 0.9999973042941359 -0.0007232210744986915 0.002274584383081593 0.000733309947499297 0.9999903227808828 -0.004383475282567592 -0.002270873698909715 0.004385523428886318 0.9999875335990431 -0.034822057562450937 -0.0010138053138319947 -0.4790022629796198
FixedParameters: 0 0 0
#Transform 3
Transform: MatrixOffsetTransformBase_double_3_3
Parameters: 0.9999995453018281 -0.00016602940729739323 0.0011948074849039117 0.00017021467933465132 0.9999922947278866 -0.0038408608196866117 -0.00119385621060058 0.0038401359458982293 0.9999917515868413 -0.029236273273014035 0.0013970054776279994 -0.5481634842184064
FixedParameters: 0 0 0
#Transform 4
Transform: MatrixOffsetTransformBase_double_3_3
Parameters: 0.9999990310579839 -0.0005037557632623001 0.0008456980359851088 0.0005074717828403685 0.999989655937842 -0.004481570434962279 -0.0008434331187335271 0.004482424488805314 0.9999891982834355 -0.04385251694378667 -0.000236297259704088 -0.5766705576500755
FixedParameters: 0 0 0
#Transform 5
Transform: MatrixOffsetTransformBase_double_3_3
Parameters: 0.9999992440273379 -0.00014487622634875474 0.0008575169961829692 0.00014838095203603647 0.9999908552690718 -0.004372876594433084 -0.0008565066333752376 0.004373127922071049 0.9999901422904907 -0.042969282234579964 -0.0032060067336772136 -0.5873037738135025
FixedParameters: 0 0 0
#Transform 6
Transform: MatrixOffsetTransformBase_double_3_3
Parameters: 0.9999982469086094 -0.0006003933180339043 0.0015468080634290472 0.0006007892801068906 0.9999996275316531 -0.00012713867641162002 -0.0015466543116672514 0.00012886087060354212 0.9999985866092417 -0.017991700931318633 0.027227917140621116 -0.4872397299142932
FixedParameters: 0 0 0
#Transform 7
Transform: MatrixOffsetTransformBase_double_3_3
Parameters: 0.9999977121172066 -0.0002831818956271539 0.0022820637528488843 0.0002835534196946808 0.999999843580842 -0.0002995573584630429 -0.0022819617471800955 0.00030044351081021103 0.9999976885358822 -0.026483242898919457 0.0374609164532842 -0.4148991600710872
FixedParameters: 0 0 0
#Transform 8
Transform: MatrixOffsetTransformBase_double_3_3
Parameters: 0.9999996183402908 -0.0007832787553385756 0.000875971273679752 0.0007873354211040086 0.9999896251723034 -0.004444311391247735 -0.0008732526626798323 0.0044456850760664635 0.9999894769250922 -0.028502204964709676 0.001791435934237029 -0.5605657154204522
FixedParameters: 0 0 0
#Transform 9
Transform: MatrixOffsetTransformBase_double_3_3
Parameters: 0.9999980924172998 -0.0004238103428234791 0.0016512108370515311 0.0004307256572949056 0.9999919446729583 -0.003866423929840254 -0.0016503102255155965 0.0038665723903530402 0.9999912479807812 -0.024384996216980426 0.0032186629638033537 -0.6108352845767655
FixedParameters: 0 0 0
#Transform 10
Transform: MatrixOffsetTransformBase_double_3_3
Parameters: 0.9999997013702542 -0.0005866643655897086 0.0009764725366718538 0.0005907927256595109 0.9999912068190462 -0.00405549319030489 -0.0009749618701167971 0.00405650634401164 0.9999915921353089 -0.028252082744671725 0.0149173594058567 -0.5347949276025332
FixedParameters: 0 0 0
#Transform 11
Transform: MatrixOffsetTransformBase_double_3_3
Parameters: 0.9999997547241699 -0.0005102478072057546 0.0009925183445801025 0.0005139934392765022 0.9999899413769747 -0.00433555857227963 -0.0009904126579256241 0.0043364383615377144 0.9999902113802602 -0.019529997004042343 -0.002838387094357131 -0.6117255292087265
FixedParameters: 0 0 0
#Transform 12
Transform: MatrixOffsetTransformBase_double_3_3
Parameters: 0.999999329178271 0.0007052334637198673 0.0010832682021698885 -0.0007004524390559928 0.9999913911627857 -0.004137762439848647 -0.0010863625633263333 0.004136237522504957 0.9999907083172072 -0.0026957251854469177 -0.01685913291930774 -0.6249612160340519
FixedParameters: 0 0 0
#Transform 13
Transform: MatrixOffsetTransformBase_double_3_3
Parameters: 0.9999997468344995 -0.00028037823553599036 0.00041787814093605195 0.0002816962246418495 0.9999928044068339 -0.0038878857195462496 -0.00041682650144330037 0.0038881203041001566 0.9999927092003543 -0.04270576471537879 -0.0192953082157743 -0.6467495381020143
FixedParameters: 0 0 0
#Transform 14
Transform: MatrixOffsetTransformBase_double_3_3
Parameters: 0.9999984100446806 0.0006134280398116089 0.0014876141432321334 -0.0006078511417621068 0.9999936505867272 -0.003593984230612815 -0.0014903475407053886 0.0035930207935141595 0.9999929328555488 -0.0029952278675438038 -0.0021651028136489003 -0.5978464471870382
FixedParameters: 0 0 0
#Transform 15
Transform: MatrixOffsetTransformBase_double_3_3
Parameters: 0.9999983140628491 0.0009327491298588547 0.0016776475106494645 -0.0009270742633263957 0.9999935290905722 -0.0035326413317833816 -0.0016816314780811255 0.00353136326781274 0.9999928348075146 0.009224900158699256 -0.0000410886546404754 -0.5607171807240547
FixedParameters: 0 0 0
#Transform 16
Transform: MatrixOffsetTransformBase_double_3_3
Parameters: 0.9999993379481721 0.0009884189766072228 0.0008274767155352835 -0.0009853104063431792 0.9999899151026646 -0.004484751470754916 -0.0008316106028709382 0.004483249885076035 0.9999892101091519 -0.012956021587939404 0.003406381630682631 -0.5388737946460651
FixedParameters: 0 0 0
#Transform 17
Transform: MatrixOffsetTransformBase_double_3_3
Parameters: 0.9999950706706617 0.0013575400253585381 0.0028438461872390785 -0.0013455056583622936 0.9999914078778134 -0.003940070125364639 -0.0028491848997512633 0.00393593165866335 0.9999886469008339 0.021484499682131286 -0.0057874329908429445 -0.5564821616364526
FixedParameters: 0 0 0
#Transform 18
Transform: MatrixOffsetTransformBase_double_3_3
Parameters: 0.9999978014081305 0.0006173576796511551 0.001954071333094197 -0.0006085151977132441 0.9999890885690668 -0.004627346037139116 -0.0019563648779675935 0.004626659242708678 0.9999878942828928 0.012825442860147973 0.006364252825193262 -0.5173697634200636
FixedParameters: 0 0 0
#Transform 19
Transform: MatrixOffsetTransformBase_double_3_3
Parameters: 0.9999955473853425 0.0011358743604407487 0.0028568971662443587 -0.0011233855299566963 0.9999890086965235 -0.004524452025419859 -0.0028620139663287033 0.004521547573069315 0.9999856233266842 0.019842529967235123 -0.012110755669510809 -0.5320381047066718
FixedParameters: 0 0 0
#Transform 20
Transform: MatrixOffsetTransformBase_double_3_3
Parameters: 0.9999939909636176 0.0011634002763937236 0.003264183392616134 -0.001149581868770649 0.9999913456312642 -0.00400107102922144 -0.0032692619901306436 0.003997925981607309 0.9999866531200227 0.015747078443908435 -0.008564506107973102 -0.5338806956684436
FixedParameters: 0 0 0
#Transform 21
Transform: MatrixOffsetTransformBase_double_3_3
Parameters: 0.9999950084141676 0.0008480949573674901 0.0030454307153246654 -0.0008353501482001346 0.9999911299176188 -0.004112854875781599 -0.00304818084002274 0.0041111458496281145 0.9999870611785368 0.0405015718201156 -0.004284896610357691 -0.4732712171627327
FixedParameters: 0 0 0
#Transform 22
Transform: MatrixOffsetTransformBase_double_3_3
Parameters: 0.9999951172781787 0.0013695350760386572 0.0028295560676207597 -0.0013584996246030609 0.9999911521247165 -0.003959091786490787 -0.0028351143976550587 0.003955911626784742 0.9999886413278863 0.02317483753262195 -0.003994158205372855 -0.548242443020655
FixedParameters: 0 0 0
#Transform 23
Transform: MatrixOffsetTransformBase_double_3_3
Parameters: 0.9999954878935384 0.00104928870678522 0.0029003346506959126 -0.0010356923752660467 0.999988138016371 -0.004648309662206904 -0.0029049206855173357 0.004644687072753839 0.9999851696325117 0.028559532639050644 -0.029978567780219123 -0.48418832775891474
FixedParameters: 0 0 0
#Transform 24
Transform: MatrixOffsetTransformBase_double_3_3
Parameters: 0.99999439133082 0.0011288222329368007 0.003055592607358078 -0.0011144116307489267 0.9999882293243403 -0.004719722215082003 -0.003060144693056826 0.004716282778882919 0.9999846425692057 0.03489376987701576 -0.004524163890820887 -0.47300943458859024
FixedParameters: 0 0 0
#Transform 25
Transform: MatrixOffsetTransformBase_double_3_3
Parameters: 0.9999931778357176 0.000819169752935454 0.003485699217537807 -0.0008062078782622382 0.9999918811330957 -0.003901190581461239 -0.0034889997112950225 0.003898806694829088 0.999985876500215 0.044153831383567876 -0.007398337500333696 -0.5110533405663915
FixedParameters: 0 0 0
#Transform 26
Transform: MatrixOffsetTransformBase_double_3_3
Parameters: 0.9999957597037201 0.0005951812575318088 0.0028083753473413064 -0.0005823616102364422 0.999989024923991 -0.0046389369956791465 -0.0028107302930348963 0.004637067238380074 0.9999857123522785 0.03612804195557828 -0.012033348650632547 -0.5382957050769335
FixedParameters: 0 0 0
#Transform 27
Transform: MatrixOffsetTransformBase_double_3_3
Parameters: 0.9999959845510762 0.0011173592150682855 0.002787064026978418 -0.0011043315144377416 0.9999872624757898 -0.004925323332670151 -0.00279197213810857 0.004922681691812522 0.9999842300952391 0.018958440447960356 -0.011947896703418337 -0.560211094982165
FixedParameters: 0 0 0
#Transform 28
Transform: MatrixOffsetTransformBase_double_3_3
Parameters: 0.9999944685623807 0.0008425255284976132 0.0031342134803516632 -0.0008298064399335003 0.9999908889916411 -0.004151905919522483 -0.003137050317083241 0.004149091448607714 0.9999861260421598 0.03416753313375409 -0.02671332406896454 -0.557103203803095
FixedParameters: 0 0 0
#Transform 29
Transform: MatrixOffsetTransformBase_double_3_3
Parameters: 0.9999969635451945 0.00024735269564087265 0.0026411075955728868 -0.00023643420848541217 0.9999908908523532 -0.004358850096607095 -0.002642037008659754 0.004358155733834634 0.9999870793756069 0.009607263788609544 -0.025910413125558307 -0.5309315928710134
FixedParameters: 0 0 0
#Transform 30
Transform: MatrixOffsetTransformBase_double_3_3
Parameters: 0.999997773367491 0.0008547636993188422 0.0021207010870722266 -0.0008454877821286574 0.9999899575395202 -0.004381950292051115 -0.0021237736448781776 0.004380052002688997 0.9999884292615073 0.02113918001732884 -0.0009812428916546878 -0.5457844390463293
FixedParameters: 0 0 0
#Transform 31
Transform: MatrixOffsetTransformBase_double_3_3
Parameters: 0.9999960036557834 0.0008707271978261708 0.002690197347710028 -0.0008600734520678834 0.9999915167188345 -0.004068549344239725 -0.0026939948568549454 0.004066454932693517 0.9999883976041816 0.020168531193363037 -0.00555373911730328 -0.5914291509592573
FixedParameters: 0 0 0
#Transform 32
Transform: MatrixOffsetTransformBase_double_3_3
Parameters: 0.9999957492560876 0.0008085775332614865 0.002756192165140355 -0.0007939081241291747 0.9999855793304349 -0.005253423535768548 -0.0027605730881774026 0.005251568322777261 0.9999819919618329 0.026977924337487025 -0.02143559643624826 -0.5750587648835221
FixedParameters: 0 0 0
#Transform 33
Transform: MatrixOffsetTransformBase_double_3_3
Parameters: 0.999997021748539 0.0006785687969697694 0.002552806629179613 -0.0006660341878867031 0.9999869739381073 -0.005045930982363514 -0.002556483672258339 0.0050440703210779675 0.9999841433409136 0.01409103125310196 -0.014708773855446111 -0.5857605111198865
FixedParameters: 0 0 0
#Transform 34
Transform: MatrixOffsetTransformBase_double_3_3
Parameters: 0.9999962131301494 0.0008881240550099605 0.0024489701476396895 -0.0008765223729414472 0.999987304601223 -0.004879375041528591 -0.0024534059295769827 0.0048766238741147355 0.9999853184026002 0.02245348716803619 -0.018274958725541524 -0.6071802692862747
FixedParameters: 0 0 0
#Transform 35
Transform: MatrixOffsetTransformBase_double_3_3
Parameters: 0.9999963066179576 0.0007409447356309858 0.00247837657285513 -0.000728000201092232 0.9999854811914001 -0.005279033673917535 -0.0024830232074636253 0.0052769639737311885 0.9999831103897485 0.029678602302524837 -0.012751753996852244 -0.5599288626043233
FixedParameters: 0 0 0
#Transform 36
Transform: MatrixOffsetTransformBase_double_3_3
Parameters: 0.9999956417866175 0.000993725352665211 0.0027149668200062904 -0.0009822578499203698 0.9999912523744837 -0.00419383493932339 -0.0027190109296153907 0.004191166993458367 0.9999872350639244 0.024818917960018894 -0.03490397237504794 -0.5773039225419012
FixedParameters: 0 0 0
#Transform 37
Transform: MatrixOffsetTransformBase_double_3_3
Parameters: 0.999996495282944 0.0009269119359944012 0.0023762218282603813 -0.0009158551264142165 0.9999876762704308 -0.004928344199057091 -0.002380132204222063 0.004926662559141801 0.9999852580931481 0.018629066847310582 -0.01915164545710013 -0.6197520934165368
FixedParameters: 0 0 0
#Transform 38
Transform: MatrixOffsetTransformBase_double_3_3
Parameters: 0.9999969670271117 0.00048806129778355533 0.0024075920585449303 -0.0004765611562299749 0.9999874132486729 -0.004930368875474017 -0.00240917264192022 0.004928629283259586 0.9999849534787348 0.01672166399801256 -0.012740272833866584 -0.6134854452248817
FixedParameters: 0 0 0
#Transform 39
Transform: MatrixOffsetTransformBase_double_3_3
Parameters: 0.9999958533756658 0.0011558071477607318 0.002794560493176046 -0.0011440168154944698 0.9999913585033355 -0.004131371662461941 -0.002799818574280156 0.00412863014050005 0.9999873808416689 0.01910291652468743 -0.013445596494761958 -0.5262587831091565
FixedParameters: 0 0 0
#Transform 40
Transform: MatrixOffsetTransformBase_double_3_3
Parameters: 0.9999964055992985 0.0007398652557219442 0.0026550037419300937 -0.0007261674915895831 0.9999873069052863 -0.004896160284101447 -0.0026580085111501278 0.004894830830043023 0.9999841665192702 0.028914522945896692 -0.009535006995022854 -0.5249293242434447
FixedParameters: 0 0 0
#Transform 41
Transform: MatrixOffsetTransformBase_double_3_3
Parameters: 0.9999928211555517 0.0012005424673824086 0.0037065234265941647 -0.00118342062807564 0.9999885611945869 -0.004660782809885924 -0.003711801686448077 0.004656215387975296 0.9999818563246996 0.046273250581990055 -0.003923066375037365 -0.5489686132684284
FixedParameters: 0 0 0
#Transform 42
Transform: MatrixOffsetTransformBase_double_3_3
Parameters: 0.9999936112567155 0.0008005964117935051 0.0034275656569543777 -0.0007845809554417873 0.9999889203506948 -0.004713079028571238 -0.0034311348969984254 0.004710927273513757 0.9999832846046071 0.05920723556931762 -0.024974483560811223 -0.5487367541799273
FixedParameters: 0 0 0
#Transform 43
Transform: MatrixOffsetTransformBase_double_3_3
Parameters: 0.9999930595155206 0.0012253133448984596 0.003665952149046137 -0.001208263463779596 0.9999880452078654 -0.004701828969870786 -0.0036715625242840556 0.0046981666037441 0.999981833919674 0.0491343313730539 -0.005279906823204783 -0.5067904937360055
FixedParameters: 0 0 0
#Transform 44
Transform: MatrixOffsetTransformBase_double_3_3
Parameters: 0.9999928891197895 0.0014093591197268532 0.0036225528604360373 -0.0013918570187897075 0.9999877516785084 -0.004682442353856231 -0.0036297671291993386 0.004677550508018227 0.999982332269282 0.03344600250566998 -0.012442826394703843 -0.5444667547415776
FixedParameters: 0 0 0
#Transform 45
Transform: MatrixOffsetTransformBase_double_3_3
Parameters: 0.9999920476104327 0.001173832515033601 0.003817534176953427 -0.0011548486719394906 0.9999870567301583 -0.005029882828067184 -0.0038235502514980986 0.005025125358246105 0.9999804388058987 0.04305613705680855 -0.009135625784480794 -0.480319699838077
FixedParameters: 0 0 0
#Transform 46
Transform: MatrixOffsetTransformBase_double_3_3
Parameters: 0.9999938413377367 0.0009090552588961201 0.003511761455718701 -0.0008890592862078503 0.9999851532967344 -0.005459519316203282 -0.003516813839241488 0.005456484573230086 0.9999791078521171 0.054206963353905735 -0.031092184595138406 -0.5357703831220135
FixedParameters: 0 0 0
#Transform 47
Transform: MatrixOffsetTransformBase_double_3_3
Parameters: 0.9999939359163231 0.0007094259299697265 0.003400110650055339 -0.0006910401382893655 0.9999852606614059 -0.0053927347665428255 -0.0034038971956431396 0.005390263992047728 0.9999795381193007 0.06530501219140206 -0.04053129793292953 -0.567677219100176
FixedParameters: 0 0 0
#Transform 48
Transform: MatrixOffsetTransformBase_double_3_3
Parameters: 0.9999969461820533 0.00047748819758095895 0.0026127427229544553 -0.0004621047177103154 0.9999823572731099 -0.005857509687364398 -0.002615275462953495 0.005856492195752072 0.9999799792907573 0.04124814271443711 -0.038529659296926866 -0.6512965513531981
FixedParameters: 0 0 0
#Transform 49
Transform: MatrixOffsetTransformBase_double_3_3
Parameters: 0.9999942104825956 0.0009125757737599793 0.003457830343992915 -0.000892884148051464 0.9999846974428689 -0.005500482418570735 -0.003462996843602826 0.005497519130199427 0.9999790343783449 0.06790292046768798 -0.031424445883487806 -0.6354674235648048
FixedParameters: 0 0 0
#Transform 50
Transform: MatrixOffsetTransformBase_double_3_3
Parameters: 0.9999965673836808 0.0009717997904446146 0.0025477485361106605 -0.0009547322644010278 0.9999790899441381 -0.006387602529338579 -0.0025530912138625682 0.006385389823473031 0.9999759017406333 0.041356897561158235 -0.07325286251389684 -0.6909390701403453
FixedParameters: 0 0 0
#Transform 51
Transform: MatrixOffsetTransformBase_double_3_3
Parameters: 0.9999944644716912 0.000621550372135124 0.0033388682174536346 -0.0006018258058469615 0.9999807637577544 -0.006139395235629869 -0.0033428179051458004 0.006137601745233312 0.9999753374407571 0.06521740357241868 -0.0684080108012779 -0.6159197722017353
FixedParameters: 0 0 0
#Transform 52
Transform: MatrixOffsetTransformBase_double_3_3
Parameters: 0.9999948840085917 0.0007301164099850666 0.003253280643247468 -0.000712432656037681 0.9999860454379431 -0.005221700913092597 -0.00325691136400379 0.0052192989010747814 0.9999813308081306 0.04725739861628142 -0.029871043946158693 -0.5282715379756127
FixedParameters: 0 0 0
#Transform 53
Transform: MatrixOffsetTransformBase_double_3_3
Parameters: 0.9999934966221139 0.0009034752658202007 0.003562286479340218 -0.0008858444375711659 0.9999882027931251 -0.004771615859273964 -0.0035659237446905444 0.004768387183864298 0.9999827876022043 0.05172157255798027 -0.009346051087348428 -0.5766632764547381
FixedParameters: 0 0 0
#Transform 54
Transform: MatrixOffsetTransformBase_double_3_3
Parameters: 0.9999942884550267 0.0009216733843767006 0.003295453805953556 -0.0009038889693180196 0.999986283064248 -0.0051693644391241494 -0.0033009873316109804 0.0051656369292845394 0.9999815987586954 0.05058971519989086 -0.02156838557648655 -0.5491750021833468
FixedParameters: 0 0 0
#Transform 55
Transform: MatrixOffsetTransformBase_double_3_3
Parameters: 0.9999938779547245 0.0009675221043669649 0.003490674426249344 -0.0009466614583994258 0.9999812085119377 -0.0060537008580926616 -0.0034967037432476356 0.006050297627596929 0.9999754151327028 0.050362059441837914 -0.03845646275782144 -0.5640530107521329
FixedParameters: 0 0 0
#Transform 56
Transform: MatrixOffsetTransformBase_double_3_3
Parameters: 0.9999922854995568 0.0009833781585699666 0.003839799066578926 -0.000964414114339393 0.9999882317948569 -0.004850174616948519 -0.0038454788917404335 0.0048468293246589494 0.9999810373203623 0.050052692964712264 -0.04021774605435269 -0.5926037735150231
FixedParameters: 0 0 0
#Transform 57
Transform: MatrixOffsetTransformBase_double_3_3
Parameters: 0.9999947742378608 0.0010467205240406886 0.003021936422808977 -0.001031714127220407 0.9999863257229133 -0.005035431169458426 -0.003026435786363686 0.005032565675599093 0.9999827657684102 0.03453796935792752 -0.011684474061866013 -0.5734617334905323
FixedParameters: 0 0 0
#Transform 58
Transform: MatrixOffsetTransformBase_double_3_3
Parameters: 0.9999952039975294 0.0008454378258145479 0.003013683312628432 -0.0008281842614526297 0.9999840393099214 -0.005575808652438952 -0.003018115150765799 0.005573190508660925 0.9999800139567475 0.039242328432521845 -0.011969888973084153 -0.5644037399106736
FixedParameters: 0 0 0
#Transform 59
Transform: MatrixOffsetTransformBase_double_3_3
Parameters: 0.9999938963889038 0.0009066743909200188 0.003504524251407049 -0.0008894653059979029 0.9999884571192692 -0.004637572980257437 -0.003508883036228343 0.004634423093965154 0.9999834539241268 0.047730443215712626 -0.019458889783322775 -0.5622765783751333
FixedParameters: 0 0 0
#Transform 60
Transform: MatrixOffsetTransformBase_double_3_3
Parameters: 0.9999910043898848 0.0013436744909787741 0.0038977405899651547 -0.0013218184049743644 0.999984283074149 -0.0054396329141734034 -0.0039046141897067805 0.005434364422806551 0.9999775987038299 0.053339552122182 -0.0120665026597635 -0.5485235683581777
FixedParameters: 0 0 0
#Transform 61
Transform: MatrixOffsetTransformBase_double_3_3
Parameters: 0.9999936344983517 0.0010102074114822102 0.003367933375979765 -0.0009949421024600174 0.9999891801378946 -0.004536737878883992 -0.003373058621448578 0.004533263883802305 0.9999843215638707 0.043925247435851134 -0.01581980151372875 -0.597962899127495
FixedParameters: 0 0 0
#Transform 62
Transform: MatrixOffsetTransformBase_double_3_3
Parameters: 0.9999934951687078 0.0011206294837124672 0.003353976461603623 -0.0011028823119033047 0.999985980085892 -0.005242027868764126 -0.003359801357528878 0.005238974593154505 0.999980588840869 0.04089075150274368 -0.010348623568248172 -0.5655094432887324
FixedParameters: 0 0 0
#Transform 63
Transform: MatrixOffsetTransformBase_double_3_3
Parameters: 0.9999960767727682 0.0009742176098461557 0.002444566103791187 -0.0009624657043678645 0.9999885816958591 -0.004729515022080036 -0.002448484871766219 0.004726486907022168 0.9999857867726103 0.026029929824801457 0.004935309615689221 -0.5922070052502875
FixedParameters: 0 0 0
#Transform 64
Transform: MatrixOffsetTransformBase_double_3_3
Parameters: 0.9999928008604514 0.000898091897211276 0.0036598871894934193 -0.0008788924417242258 0.999987036618783 -0.0049946776090880746 -0.0036639299098466067 0.004991319090403484 0.9999809036724057 0.048145225732980634 -0.01783111663883119 -0.5583508731586733
FixedParameters: 0 0 0
#Transform 65
Transform: MatrixOffsetTransformBase_double_3_3
Parameters: 0.999994436438109 0.0009225987146455318 0.0032726458860770653 -0.0009060930122570904 0.9999868982189817 -0.005010348121917793 -0.0032779048111483216 0.0050066522564150145 0.9999823676133514 0.04066317736715064 -0.008243324564872978 -0.5383383247743581
FixedParameters: 0 0 0
#Transform 66
Transform: MatrixOffsetTransformBase_double_3_3
Parameters: 0.9999948939921841 0.0009264610558315755 0.003200984139719891 -0.0009110326577256779 0.9999878915826396 -0.004798230072913079 -0.0032058304785926744 0.004795763911703166 0.9999829796279499 0.035067927320383774 -0.03704066821612173 -0.5953652572645325
FixedParameters: 0 0 0
#Transform 67
Transform: MatrixOffsetTransformBase_double_3_3
Parameters: 0.9999948304573945 0.0007344696429588853 0.0031032782504349906 -0.0007185072477309224 0.9999862936740074 -0.005196541053817727 -0.003106927083032582 0.005194458753312592 0.9999815498423377 0.04886902112905034 0.0018470961045125023 -0.5136744058516172
FixedParameters: 0 0 0
#Transform 68
Transform: MatrixOffsetTransformBase_double_3_3
Parameters: 0.9999962872223548 0.0009080085054889181 0.002624037567878316 -0.000896890223670982 0.9999902108599655 -0.004448521836843078 -0.0026288903630039156 0.004446482115389505 0.9999865155607118 0.028578039444013825 -0.012185684006723818 -0.5753085212705145
FixedParameters: 0 0 0
#Transform 69
Transform: MatrixOffsetTransformBase_double_3_3
Parameters: 0.9999933059899971 0.0010974771648898395 0.0033899277254239896 -0.0010800935952486796 0.9999867157872336 -0.004987049902091895 -0.003394887472836778 0.0049829470365602285 0.9999818893015646 0.033600220377906 -0.004223551203295983 -0.5193715625692619
FixedParameters: 0 0 0
#Transform 70
Transform: MatrixOffsetTransformBase_double_3_3
Parameters: 0.9999926782889212 0.0011647642992076452 0.003600809053059502 -0.0011474091407712977 0.9999880423080154 -0.004829531181879357 -0.003606143644724495 0.004825474407411837 0.9999820260031194 0.04712687515457503 -0.025484983819296758 -0.5459975931169367
FixedParameters: 0 0 0
#Transform 71
Transform: MatrixOffsetTransformBase_double_3_3
Parameters: 0.9999955271478215 0.00075670696234524 0.0029832306713487634 -0.0007406635613902672 0.9999849048102537 -0.005418520077086861 -0.002987442578962883 0.0054164792617739516 0.99998092315891 0.03208841827117226 -0.015166220132854846 -0.5611382796618045
FixedParameters: 0 0 0
#Transform 72
Transform: MatrixOffsetTransformBase_double_3_3
Parameters: 0.9999932458753947 0.0008786633418054996 0.0036032263164997784 -0.0008589126557328203 0.9999860548175723 -0.005287489967120376 -0.003607649402990068 0.00528450959650352 0.9999793068857977 0.05291639892261912 -0.0012193658960768516 -0.524960564795407
FixedParameters: 0 0 0
#Transform 73
Transform: MatrixOffsetTransformBase_double_3_3
Parameters: 0.9999922921786317 0.0009978679251887413 0.0038353160937087756 -0.0009786085479693727 0.9999860704901161 -0.005163221545368496 -0.0038408919872368326 0.00515977498805148 0.9999789389779821 0.052404519848295195 -0.022250986853308063 -0.5300480546657695
FixedParameters: 0 0 0
#Transform 74
Transform: MatrixOffsetTransformBase_double_3_3
Parameters: 0.999992568717353 0.0013588378150545732 0.00354736565854898 -0.0013403631570678646 0.9999857498625728 -0.005209085223283422 -0.0035546620010940165 0.005203911092952929 0.999979603026801 0.03649329575374338 0.00323566410328624 -0.5494258278347246
FixedParameters: 0 0 0
#Transform 75
Transform: MatrixOffsetTransformBase_double_3_3
Parameters: 0.9999956475542067 0.0009187016559288655 0.0029165916320931518 -0.0009064713817302775 0.9999904049436599 -0.004193947664767841 -0.0029210691753113996 0.004191049636399699 0.9999870882727818 0.03919523565971872 -0.013206528832469644 -0.6011457320431361
FixedParameters: 0 0 0
#Transform 76
Transform: MatrixOffsetTransformBase_double_3_3
Parameters: 0.9999943775720953 0.0007642190399712483 0.0031683440222576484 -0.0007480296721087786 0.9999869824512662 -0.005125684741556863 -0.0031721934371090436 0.005123319844763302 0.9999818736125995 0.04892234945542384 -0.017066901024165304 -0.5760683380648288
FixedParameters: 0 0 0
#Transform 77
Transform: MatrixOffsetTransformBase_double_3_3
Parameters: 0.9999939151366994 0.0008933138359123165 0.0033598813484490013 -0.000875460052310285 0.9999870565892002 -0.0050912623910702726 -0.003363986621631802 0.0050887359680429345 0.9999810418640649 0.04673433099198121 -0.01787493936166129 -0.5873471507923114
FixedParameters: 0 0 0
#Transform 78
Transform: MatrixOffsetTransformBase_double_3_3
Parameters: 0.9999926110053077 0.00047259658282588254 0.0037634858598919875 -0.00045542618104060806 0.999988593747812 -0.004693235632946796 -0.0037660718724679583 0.004691764033941642 0.9999819777457918 0.06420143883771345 -0.021051345393360066 -0.5554723021285497
FixedParameters: 0 0 0
#Transform 79
Transform: MatrixOffsetTransformBase_double_3_3
Parameters: 0.9999923360244957 0.0007047334128381987 0.003764261536610066 -0.0006872626369069514 0.9999889596497795 -0.004618116026177621 -0.003766856272113447 0.004615887326580373 0.9999827425979632 0.06275995037871951 -0.008563401915949953 -0.4408747999279967
FixedParameters: 0 0 0
#Transform 80
Transform: MatrixOffsetTransformBase_double_3_3
Parameters: 0.999993294057873 0.000907926407864795 0.003446949955443611 -0.0008941066502604732 0.9999911780599791 -0.0042244653971024865 -0.003450590914958785 0.004220544214822472 0.9999854566731443 0.037438496647695274 -0.0032977448587416802 -0.47356071386411713
FixedParameters: 0 0 0
#Transform 81
Transform: MatrixOffsetTransformBase_double_3_3
Parameters: 0.9999933362293701 0.0003241261356614319 0.0036818216708373397 -0.0003063332760413174 0.9999880606820015 -0.00487264751196087 -0.003684122216229052 0.004871357006766303 0.9999818023136594 0.058030121846726956 0.022498039512669266 -0.2555614965673527
FixedParameters: 0 0 0
#Transform 82
Transform: MatrixOffsetTransformBase_double_3_3
Parameters: 0.9999914647032137 0.0003796553925093165 0.0041699530401663135 -0.00035763535670832274 0.9999853803808322 -0.005415095080888888 -0.004172516451220731 0.005413906149952144 0.9999764500084815 0.04372239137248357 0.0006797921373475901 -0.4072899463531172
FixedParameters: 0 0 0
#Transform 83
Transform: MatrixOffsetTransformBase_double_3_3
Parameters: 0.99999039889645 0.00001673702777574797 0.004312592078390741 0.000005392938424816484 0.9999867116868566 -0.005117641779079321 -0.004313148789060579 0.005118352910033916 0.9999772988023946 0.0545740950169602 -0.05271029960100293 -0.4150673603540156
FixedParameters: 0 0 0
#Transform 84
Transform: MatrixOffsetTransformBase_double_3_3
Parameters: 0.9999890706714627 0.000262535743027136 0.004567128611223785 -0.00024427183020045114 0.9999921262381132 -0.004089849583243252 -0.004568497898071145 0.004088158890845128 0.9999815042422312 0.05809077800904561 -0.03348865022830694 -0.41989980721571385
FixedParameters: 0 0 0
#Transform 85
Transform: MatrixOffsetTransformBase_double_3_3
Parameters: 0.99998249903494 0.0016017557593312184 0.005651331597893419 -0.0015763921834853498 0.999989372711791 -0.004418914529585066 -0.005658013349459502 0.00440908606405957 0.9999741590030663 0.0753941175153443 -0.051287021716007075 -0.4631261183378541
FixedParameters: 0 0 0
#Transform 86
Transform: MatrixOffsetTransformBase_double_3_3
Parameters: 0.9999912490422413 0.0012454114091445926 0.004024884037319569 -0.001223336479169228 0.9999848501166065 -0.005410406048476729 -0.004031682026837226 0.005405591310704783 0.9999769053248293 0.043864277457501544 -0.02540755022664598 -0.6170765411564219
FixedParameters: 0 0 0
#Transform 87
Transform: MatrixOffsetTransformBase_double_3_3
Parameters: 0.9999909216679056 0.0012905472917505946 0.003925779006254434 -0.0012729544847596547 0.9999889552735811 -0.004587473425618785 -0.003931773265740733 0.004582532097369835 0.9999819215183351 0.03979950818542477 0.01609794393566233 -0.5133746258623404
FixedParameters: 0 0 0
#Transform 88
Transform: MatrixOffsetTransformBase_double_3_3
Parameters: 0.999995384530985 0.001267162432663302 -0.002829824659158958 -0.001268652259948934 0.9999994271029675 -0.00042560168258014286 0.0028298062948807832 0.0004293981969394761 0.99999559191486 0.004353670396625375 0.043918148053094797 -0.5128153267411619
FixedParameters: 0 0 0
#Transform 89
Transform: MatrixOffsetTransformBase_double_3_3
Parameters: 0.9999991571062082 0.0013564187772968435 0.00005496669640830927 -0.0013564654393193628 0.9999989713965486 0.0004289936473612782 -0.00005380287000017472 -0.0004290054715292563 0.9999998176278551 0.005059700957815494 0.052474655065850584 -0.5068333356661867
FixedParameters: 0 0 0
#Transform 90
Transform: MatrixOffsetTransformBase_double_3_3
Parameters: 0.9999983751783397 0.001535203348393737 0.0005172599973574266 -0.0015355609291484876 0.9999984007823752 0.00041126928842320776 -0.0005169940617841296 -0.00041173080198805834 0.9999996357312826 0.01023740382842675 0.04635297818751383 -0.5053935925362225
FixedParameters: 0 0 0
#Transform 91
Transform: MatrixOffsetTransformBase_double_3_3
Parameters: 0.9999977680590181 0.0017092067050562298 -0.0011443503931333778 -0.001713961904347801 0.9999918570976161 -0.003651967561570185 0.0011381036714986825 0.0036540284152078717 0.9999922220410238 0.010129254950655309 0.0017119527353202102 -0.583251993779669
FixedParameters: 0 0 0
#Transform 92
Transform: MatrixOffsetTransformBase_double_3_3
Parameters: 0.9999973016722342 0.0017245752002682337 -0.001312529101329331 -0.0017259107952130137 0.9999979259575066 -0.0004817262886114282 0.0013118601978794804 0.000484272511445033 0.9999989091368826 -0.00990854945118258 -0.006018018267070602 -0.5421010096648047
FixedParameters: 0 0 0
#Transform 93
Transform: MatrixOffsetTransformBase_double_3_3
Parameters: 0.9999983537818419 0.0016931703972804144 -0.0008824282574123907 -0.0016963526821328796 0.9999944859062646 -0.0027874293999065047 0.0008771050092463656 0.002788565620737163 0.9999953219573111 -0.02286445976272944 -0.02061482324819508 -0.539994552839147
FixedParameters: 0 0 0
#Transform 94
Transform: MatrixOffsetTransformBase_double_3_3
Parameters: 0.9999979884764199 0.001668349103319307 -0.00047762999053953004 -0.0016683476699445475 0.9999982798388304 0.0000018693394226027005 0.0004776349944989869 -0.0000011306545436851057 0.9999997086329743 0.0011903689552781316 0.023895309926032837 -0.5103228470430707
FixedParameters: 0 0 0
#Transform 95
Transform: MatrixOffsetTransformBase_double_3_3
Parameters: 0.9999995005886261 0.001115760939208492 -0.0005053869135115689 -0.001116866093982783 0.9999923656165904 -0.0038013651515101526 0.00050109433272418 0.003801633671030258 0.9999922320569539 -0.0182368835668143 -0.037314706502570516 -0.5448720671664375
FixedParameters: 0 0 0
#Transform 96
Transform: MatrixOffsetTransformBase_double_3_3
Parameters: 0.999999762948864 0.0011057369766976112 -0.0001199897640510273 -0.001105719205890096 0.9999997672639532 0.0000742006064593792 0.0001201534110733331 -0.00007379935764673107 0.999999984732946 -0.015811700352898583 0.018749277813185472 -0.45020410986587933
FixedParameters: 0 0 0
#Transform 97
Transform: MatrixOffsetTransformBase_double_3_3
Parameters: 0.9999992458891572 0.0013157105520250718 -0.00015283322496093308 -0.0013159037878761526 0.9999940614119925 -0.0030457964677255006 0.0001488773725423999 0.0030452027133804904 0.9999956342885784 -0.004941221146253838 0.010911539506821555 -0.5628919476217646
FixedParameters: 0 0 0
#Transform 98
Transform: MatrixOffsetTransformBase_double_3_3
Parameters: 0.9999986548019922 0.0014211237632512416 -0.0005706168405845112 -0.0014210855282154006 0.9999990425696142 0.00003388341332299927 0.0005707120536645812 -0.000033116496473847845 0.9999996099879048 -0.008741561311865098 0.039369617684769764 -0.5144192265645273
FixedParameters: 0 0 0
#Transform 99
Transform: MatrixOffsetTransformBase_double_3_3
Parameters: 0.9999982835325951 0.001474411343206692 -0.0007365979980633269 -0.001474592500933738 0.999998941803033 -0.0001228368283430481 0.000736235269875638 0.00012316274568427432 0.9999993114719234 -0.017633881268494633 0.04256316645047775 -0.47673191349529986
FixedParameters: 0 0 0
#Transform 100
Transform: MatrixOffsetTransformBase_double_3_3
Parameters: 0.9999986958343761 0.001738049395195407 -0.0005320764634628095 -0.0017391654768432574 0.9999968683260714 -0.0018000006892855414 0.0005288785347540852 0.001799999494701457 0.9999983474976885 -0.013038808396245827 0.0184395279448637 -0.5626019348587192
FixedParameters: 0 0 0
#Transform 101
Transform: MatrixOffsetTransformBase_double_3_3
Parameters: 0.9999983263402454 0.001618131969026059 0.0002322087789862037 -0.001618581660179194 0.999997232993672 -0.0014643092457332085 -0.00023501998166961815 0.0014636888182109759 0.9999988067523192 -0.01575337261851928 0.028955227877005996 -0.5595341809475656
FixedParameters: 0 0 0
#Transform 102
Transform: MatrixOffsetTransformBase_double_3_3
Parameters: 0.9999982678726113 0.0016325662433091426 0.00026030646497882744 -0.0016312721366773164 0.9999938234643413 -0.0032412937635110384 -0.00026489849381975517 0.003240708099155762 0.9999944361708363 -0.016820465276367713 0.02016934800590775 -0.5303079951275862
FixedParameters: 0 0 0
#Transform 103
Transform: MatrixOffsetTransformBase_double_3_3
Parameters: 0.9999982302597343 0.0019264614291946986 -0.0002402977016721913 -0.001927042223089584 0.9999974887418172 -0.0009284664373570145 0.00023871508604147393 0.0009285343442893973 1.0000000172910366 -0.0089379536878198 0.05223373141186016 -0.4533725776513222
FixedParameters: 0 0 0
#Transform 104
Transform: MatrixOffsetTransformBase_double_3_3
Parameters: 0.9999971804019326 0.0020826272045279025 -0.0006937809187017257 -0.0020850013763215086 0.999993564456795 -0.002866413599371037 0.0006879544246674122 0.00286758282721096 0.9999951765239108 -0.025968907899311944 0.0031250787366161603 -0.5869006824187579
FixedParameters: 0 0 0
#Transform 105
Transform: MatrixOffsetTransformBase_double_3_3
Parameters: 0.9999984869791751 0.0015611358944309364 0.0002766897379360906 -0.0015603039934643053 0.999996611349007 -0.0019873659526933596 -0.00027890131337494255 0.0019866345445104655 0.9999979792784427 -0.019762812570846222 0.02049586316742591 -0.5784597602808788
FixedParameters: 0 0 0
#Transform 106
Transform: MatrixOffsetTransformBase_double_3_3
Parameters: 0.9999983208667723 0.0019023291138781024 0.00024327641893736 -0.0019018186419555647 0.9999902288198829 -0.004009339290939121 -0.00025161345464275403 0.0040096601522863345 0.99999193971012 0.0041342876719880906 0.003144410015465837 -0.5459048743332744
FixedParameters: 0 0 0
#Transform 107
Transform: MatrixOffsetTransformBase_double_3_3
Parameters: 0.9999981125860287 0.0016784215886196001 -0.0002664381922173916 -0.0016791172348391032 0.999989436061083 -0.004211490062704798 0.0002594159813967271 0.004212508571239268 0.9999911944597746 -0.0046088522679639254 -0.0006498060112249959 -0.5468841448114432
FixedParameters: 0 0 0
#Transform 108
Transform: MatrixOffsetTransformBase_double_3_3
Parameters: 0.999998675036882 0.00181061245338919 -0.00021469963692023655 -0.0018115919647591911 0.9999922220662136 -0.003543475825149134 0.0002089161162477308 0.0035435237233472777 0.999993340088152 -0.004340642710545239 0.0003957742948301757 -0.5742786326009934
FixedParameters: 0 0 0
#Transform 109
Transform: MatrixOffsetTransformBase_double_3_3
Parameters: 0.9999985305627601 0.0014755855126098896 0.0005401085067907772 -0.00147330034723889 0.9999892193305713 -0.004313729601327476 -0.0005469770477505702 0.00431226246194015 0.9999901071329511 -0.004500448143900826 -0.008882193233063163 -0.5526805722327737
FixedParameters: 0 0 0
#Transform 110
Transform: MatrixOffsetTransformBase_double_3_3
Parameters: 0.9999990739559442 0.001310437384636545 0.00045603013099122374 -0.0013092370668802656 0.9999913592281219 -0.0038546060820569272 -0.00046127532249692487 0.003854395306653255 0.9999930002577783 -0.011120466164669551 0.007884507291493037 -0.5588723077945019
FixedParameters: 0 0 0
#Transform 111
Transform: MatrixOffsetTransformBase_double_3_3
Parameters: 0.9999974070330251 0.0020968641964717338 -0.00044292708821393347 -0.0020985445315080584 0.9999913684893234 -0.0036449400346615507 0.00043475247024989664 0.003646061840574033 0.9999934590775554 -0.014456948045790341 -0.004948457425186348 -0.5493521380345356
FixedParameters: 0 0 0
#Transform 112
Transform: MatrixOffsetTransformBase_double_3_3
Parameters: 0.9999991359585334 0.0013314243695047587 0.0003017757473940248 -0.001330285321307819 0.9999907080292064 -0.004064335556292764 -0.0003076725817788784 0.004063660181363116 0.9999913956030079 -0.008037903032814597 0.026085640346096284 -0.45285307193805124
FixedParameters: 0 0 0
#Transform 113
Transform: MatrixOffsetTransformBase_double_3_3
Parameters: 0.9999988458165255 0.0014776584281316672 0.000985148903789839 -0.0014737562273910852 0.9999922789651488 -0.003661399110065494 -0.0009911697027933182 0.0036605998424157488 0.9999927609022994 0.008594292245433621 -0.0006863598595714393 -0.5471113939660341
FixedParameters: 0 0 0
#Transform 114
Transform: MatrixOffsetTransformBase_double_3_3
