#Insight Transform File V1.0
#Transform 0
Transform: MatrixOffsetTransformBase_double_3_3
Parameters: 0.9999990130022121 -0.0008387316406354952 0.0011331170316815262 0.0008382868663109115 0.9999990015428559 0.0006068870293488987 -0.0011330684441303918 -0.000606113274230019 0.999999275774479 -0.030126092508083957 0.020918817628412967 -0.35296369067059175
FixedParameters: 0 0 0
#Transform 1
Transform: MatrixOffsetTransformBase_double_3_3
Parameters: 0.9999997694442396 -0.000975701192618899 0.0005286786777920153 0.0009756230451857505 0.9999992894421007 -0.0008704852899229509 -0.0005270470874128801 0.0008715153218952221 0.9999999627190884 -0.041333162829232606 0.012943214022286043 -0.33648395164864553
FixedParameters: 0 0 0
#Transform 2
Transform: MatrixOffsetTransformBase_double_3_3
Parameters: 0.9999997069980942 -0.0009983798159557459 0.00054427840110866 0.000998292718171972 0.9999989969243536 0.00008054334880427949 -0.0005444381342862314 -0.0000794564432918532 0.9999996972740499 -0.032745875517747436 0.041257066258950204 -0.4165903298790141
FixedParameters: 0 0 0
#Transform 3
Transform: MatrixOffsetTransformBase_double_3_3
Parameters: 0.999999454256129 -0.0009802140184702614 0.0007643897151691373 0.000982194543648072 0.9999959363315982 -0.0024692489707086457 -0.0007626716419832954 0.00247074733282672 0.9999963161109637 -0.03721924707322444 0.03202174575217498 -0.40290195313035326
FixedParameters: 0 0 0
#Transform 4
Transform: MatrixOffsetTransformBase_double_3_3
Parameters: 0.9999990545466453 -0.0008500639680357225 0.0011058237157347032 0.000853143269311369 0.9999960547872683 -0.0026860586687007665 -0.0011034466002556294 0.0026879400972333878 0.9999955597920966 -0.03480610891384117 0.026117381626121983 -0.44726396088955767
FixedParameters: 0 0 0
#Transform 5
Transform: MatrixOffsetTransformBase_double_3_3
Parameters: 0.999999534635509 -0.001006131971278724 0.0006730991829751508 0.00100609360246788 0.9999990547823564 0.000028681827151350037 -0.0006731565307626203 -0.000028318089276876957 0.9999994782289113 -0.04166866167554417 0.044275529220172416 -0.44464444277647885
FixedParameters: 0 0 0
#Transform 6
Transform: MatrixOffsetTransformBase_double_3_3
Parameters: 0.9999990432922424 -0.001008820060265249 0.0009689171972007058 0.0010096137213693552 0.9999981738080628 -0.0013690173112822362 -0.0009682843484465852 0.0013699816222146471 0.9999981184219151 -0.03417159604147457 0.015009466433625107 -0.4486201521058035
FixedParameters: 0 0 0
#Transform 7
Transform: MatrixOffsetTransformBase_double_3_3
Parameters: 0.9999989111065827 -0.0010128086736531643 0.0010309217735528851 0.0010140602908097211 0.9999987622142683 -0.0015089525551280486 -0.001029993609905417 0.0015100504114316238 0.9999985917026003 -0.03027272324987962 0.013409613229057982 -0.41111573118473643
FixedParameters: 0 0 0
#Transform 8
Transform: MatrixOffsetTransformBase_double_3_3
Parameters: 0.9999984804395148 -0.0009427267227914739 0.001277037351832058 0.0009433255484376531 0.9999991281944871 -0.00023385879003078036 -0.0012765950719816855 0.00023514047150509365 0.9999992422647325 -0.03009520680257083 0.029980408087610044 -0.45966112806333115
FixedParameters: 0 0 0
#Transform 9
Transform: MatrixOffsetTransformBase_double_3_3
Parameters: 0.9999994808465972 -0.000887980120855671 0.0008547772557839551 0.0008883809128662078 0.999999224002944 -0.00023423599278309115 -0.0008543606988265026 0.0002347632689440604 0.9999991468635889 -0.03517740058344998 0.037647472001097526 -0.4599338289840773
FixedParameters: 0 0 0
#Transform 10
Transform: MatrixOffsetTransformBase_double_3_3
Parameters: 0.9999981466076316 -0.001130428019237451 0.0016046385773180892 0.0011320427309810344 0.9999992317982076 -0.0007922439655852764 -0.0016039101353453042 0.0007937563805805598 0.9999986571098816 -0.025160283529032768 0.03207507876550153 -0.42405214391244783
FixedParameters: 0 0 0
#Transform 11
Transform: MatrixOffsetTransformBase_double_3_3
Parameters: 0.9999989708028826 -0.0009034929320353594 0.0011011648148357507 0.0009054015350122739 0.9999985870227286 -0.0012889988114333506 -0.0010998979431476323 0.001289998811877982 0.9999980581599331 -0.03610893919383784 0.019261625182849684 -0.4119352629693225
FixedParameters: 0 0 0
#Transform 12
Transform: MatrixOffsetTransformBase_double_3_3
Parameters: 0.9999999963200056 -0.0008644057271600218 0.0005064412370727133 0.0008644806705728603 0.9999992472620045 -0.00007356219092606586 -0.0005063132989412132 0.00007443765971859584 0.9999997381060153 -0.05044630445475207 0.02769040317330962 -0.4924283339832698
FixedParameters: 0 0 0
#Transform 13
Transform: MatrixOffsetTransformBase_double_3_3
Parameters: 0.9999994149876371 -0.0010130540595399628 0.0007482244671823412 0.0010132976702153555 0.999998926948729 -0.0014521706349051033 -0.0007464149032843079 0.0014528299357881996 0.9999982685220463 -0.04023528529253895 0.034733346183941194 -0.42487080255875753
FixedParameters: 0 0 0
#Transform 14
Transform: MatrixOffsetTransformBase_double_3_3
Parameters: 0.9999991518535721 -0.0008120191009445745 0.0010903078192708259 0.0008120550798348304 0.9999994128071541 -0.00001617785800898941 -0.0010902810215937821 0.000016822113993036902 0.9999997385021185 -0.03542441421026865 0.0470869210292193 -0.4527224553536229
FixedParameters: 0 0 0
#Transform 15
Transform: MatrixOffsetTransformBase_double_3_3
Parameters: 0.9999989988057371 -0.0009040931747094224 0.0010880298967479122 0.0009040986140253188 0.9999992550877354 -0.0000020795474625218136 -0.0010880253757563295 0.0000029204475312377687 0.9999997437057372 -0.03329174167392068 0.04024689552259986 -0.4745661364092797
FixedParameters: 0 0 0
#Transform 16
Transform: MatrixOffsetTransformBase_double_3_3
Parameters: 0.9999989009449005 -0.00112632983160936 0.0009107413133399218 0.0011268105230226057 0.999999742769118 -0.00022590149737580778 -0.0009112286597286619 0.0002270990435128406 0.999999055571533 -0.03706766313310084 0.0495332511564186 -0.44450155008679815
FixedParameters: 0 0 0
#Transform 17
Transform: MatrixOffsetTransformBase_double_3_3
Parameters: 1.000000058511618 -0.000858800820338313 0.00045175331114940946 0.0008604039836914039 0.9999920405985401 -0.0037706104778569977 -0.00044839924941579746 0.0037713842545026716 0.9999925769432061 -0.047205700884845214 -0.008783115725478297 -0.5492422208455139
FixedParameters: 0 0 0
#Transform 18
Transform: MatrixOffsetTransformBase_double_3_3
Parameters: 0.9999986249008498 -0.0010788130372153977 0.001487104993776728 0.0010832560772916894 0.9999943244402715 -0.0031054518906337425 -0.001483722716103794 0.003106546256440343 0.9999940059316277 -0.02249187864717328 0.003981323861324881 -0.4550977756645551
FixedParameters: 0 0 0
#Transform 19
Transform: MatrixOffsetTransformBase_double_3_3
Parameters: 0.9999979642309177 -0.0011924685169815673 0.001616636298651361 0.0011986786319277034 0.9999920726418624 -0.003692125804143867 -0.0016122045832173005 0.003693868929146235 0.9999916149902237 -0.019379927117938678 0.01249544887852494 -0.4880832642513724
FixedParameters: 0 0 0
#Transform 20
Transform: MatrixOffsetTransformBase_double_3_3
Parameters: 0.9999987654547109 -0.0009032850477312177 0.001554920301037364 0.0009092304395820637 0.9999933244806447 -0.0034526531560079288 -0.001551993886583138 0.0034543423692432323 0.9999925875746505 -0.024794061017146873 0.020849035473190725 -0.5588966135990887
FixedParameters: 0 0 0
#Transform 21
Transform: MatrixOffsetTransformBase_double_3_3
Parameters: 0.9999996459316283 -0.001005624838324496 0.0005857277382251882 0.0010074658165228928 0.9999917939161054 -0.003906408160704769 -0.0005820583522628067 0.00390659284628285 0.9999923304003097 -0.04341370041454695 0.021629729136705578 -0.5362825264417097
FixedParameters: 0 0 0
#Transform 22
Transform: MatrixOffsetTransformBase_double_3_3
Parameters: 0.9999987148565382 -0.001062729463899131 0.0014686453933718526 0.0010676832997208046 0.9999925385002568 -0.0036595010414065543 -0.00146424812500564 0.003661498728668902 0.9999923777248708 -0.03350712417849877 0.008846621543938227 -0.5345045454783559
FixedParameters: 0 0 0
#Transform 23
Transform: MatrixOffsetTransformBase_double_3_3
Parameters: 0.9999980320813703 -0.0009672775756669759 0.0017412597844565618 0.0009738461246077562 0.9999935957945866 -0.00354937139635525 -0.0017377699122363085 0.0035506308122899705 0.9999922311747568 -0.012190862091429722 -0.004828356727728078 -0.49979087629998276
FixedParameters: 0 0 0
#Transform 24
Transform: MatrixOffsetTransformBase_double_3_3
Parameters: 0.9999989560418866 -0.0012134818149386792 0.0012532395124893452 0.001218353888835141 0.999993871718767 -0.0034324714611568274 -0.001249153790420459 0.0034335326795432858 0.9999935132436845 -0.020224647173193944 0.009713528493023205 -0.4748333737499877
FixedParameters: 0 0 0
#Transform 25
Transform: MatrixOffsetTransformBase_double_3_3
Parameters: 0.999998859269095 -0.0009694506899952448 0.0010958535768983224 0.0009700718819933505 0.9999990516741223 -0.00028300043495813054 -0.0010953037215343194 0.0002839988726762166 0.9999996468508509 -0.02683656729151096 0.021177891478515676 -0.45661437764685786
FixedParameters: 0 0 0
#Transform 26
Transform: MatrixOffsetTransformBase_double_3_3
Parameters: 0.9999988342132566 -0.0011334599351155972 0.000939302230030574 0.001135323665882853 0.999994699803749 -0.0030129317295869013 -0.0009357303434668942 0.0030140680087800686 0.9999949719947391 -0.02898319837161978 0.034774461856130756 -0.4209027755195507
FixedParameters: 0 0 0
#Transform 27
Transform: MatrixOffsetTransformBase_double_3_3
Parameters: 0.9999988441397095 -0.0010353837366702944 0.0010413327671693847 0.001038805096533683 0.9999939686821925 -0.0034669204847049967 -0.0010374056014808702 0.003468085592714998 0.9999938282391098 -0.029176077400251188 0.012612765192983488 -0.5482105338659125
FixedParameters: 0 0 0
#Transform 28
Transform: MatrixOffsetTransformBase_double_3_3
Parameters: 0.9999975231647475 -0.0011500466137746475 0.0017759010530662292 0.0011556377762031121 0.9999952614896737 -0.0029230134689098436 -0.001772492338273102 0.002924987010298502 0.9999941620659707 -0.017988505856479264 0.01760352374904528 -0.44861695341710117
FixedParameters: 0 0 0
#Transform 29
Transform: MatrixOffsetTransformBase_double_3_3
Parameters: 0.9999989396954713 -0.0012051116855127891 0.0012682451347324614 0.0012087407214917696 0.9999951058355362 -0.0029274619454709855 -0.0012644424698205138 0.002928537224682004 0.9999946874444431 -0.029480658838977547 0.033770037927354224 -0.4276540859770819
FixedParameters: 0 0 0
#Transform 30
Transform: MatrixOffsetTransformBase_double_3_3
Parameters: 0.9999992332749046 -0.0010255432173659326 0.0008455678667096972 0.0010261787943551084 0.9999998016073988 -0.00037506476048466963 -0.0008447964185706938 0.00037693455662392295 0.9999991489164547 -0.035517116693625894 0.04057302185688627 -0.3757774508711407
FixedParameters: 0 0 0
#Transform 31
Transform: MatrixOffsetTransformBase_double_3_3
Parameters: 0.9999998767472351 -0.0009932821190759855 0.00036965398506145185 0.000993554653166051 0.9999998723337193 -0.00036856518939604177 -0.00036892084163254936 0.00036943461915669995 0.9999997320916403 -0.04592799701350714 0.047325934117182555 -0.383298935144083
FixedParameters: 0 0 0
#Transform 32
Transform: MatrixOffsetTransformBase_double_3_3
Parameters: 0.9999989452675516 -0.0010352161760843802 0.0009914462157713264 0.001035437497403323 0.9999996589756173 -0.0005799697584031593 -0.0009913098991331045 0.0005810318118193436 0.999999612330326 -0.031006740551660528 0.029464335865213798 -0.34943623074539687
FixedParameters: 0 0 0
#Transform 33
Transform: MatrixOffsetTransformBase_double_3_3
Parameters: 0.9999993589643906 -0.001018754430704399 0.0007762587008395772 0.0010213840021668949 0.9999958859148391 -0.0028521371198607925 -0.0007735682772858114 0.0028528630227253604 0.9999951994972466 -0.03386850046720724 0.03212533693644559 -0.36205303246731546
FixedParameters: 0 0 0
#Transform 34
Transform: MatrixOffsetTransformBase_double_3_3
Parameters: 0.9999981603430477 -0.0013288453723092812 0.0010356489705280066 0.001329236992529157 0.9999992159487932 0.00029338181053532864 -0.0010363584445061847 -0.0002916187722148411 0.9999997732815018 -0.02789694938500986 0.05043828316057386 -0.4218844617636961
FixedParameters: 0 0 0
#Transform 35
Transform: MatrixOffsetTransformBase_double_3_3
Parameters: 0.9999994486142315 -0.0010150796972861827 0.0007215031377919589 0.0010175762336719022 0.9999951694029481 -0.0029772645672411363 -0.0007185799726481414 0.002977737420022372 0.9999955481467456 -0.036718680322834985 0.027678883544254518 -0.33795858753681784
FixedParameters: 0 0 0
#Transform 36
Transform: MatrixOffsetTransformBase_double_3_3
Parameters: 0.9999988614863983 -0.001092267089952967 0.0009723506783684495 0.0010930067320531983 0.9999997292221142 -0.0003799332936687827 -0.0009715191806211638 0.0003810664907445277 0.999999842704007 -0.032918345865894594 0.0156162493775156 -0.3688527852232113
FixedParameters: 0 0 0
#Transform 37
Transform: MatrixOffsetTransformBase_double_3_3
Parameters: 0.9999987294677601 -0.0012773617937302648 0.0007997207945406938 0.001279095443207296 0.9999963647267214 -0.002250974549209611 -0.0007960963169428654 0.002252023625699623 0.999997226222113 -0.03070019859008255 0.02729729460914143 -0.3754134203363435
FixedParameters: 0 0 0
#Transform 38
Transform: MatrixOffsetTransformBase_double_3_3
Parameters: 0.9999992328424099 -0.0011511879345149616 0.000664216392233957 0.0011524300290436443 0.9999989588531699 -0.0008842309879587146 -0.0006631765245866878 0.0008847691439784755 0.9999997093077412 -0.03685702851747408 0.015021000882370572 -0.4716110205864652
FixedParameters: 0 0 0
#Transform 39
Transform: MatrixOffsetTransformBase_double_3_3
Parameters: 0.9999989974860224 -0.001186544212023773 0.0007716723573245815 0.0011886315903666474 0.9999946134426831 -0.0031680133247848213 -0.0007673436870883014 0.003168986015466946 0.9999943052007421 -0.037238557694905694 0.027664663817347446 -0.36742464558578547
FixedParameters: 0 0 0
#Transform 40
Transform: MatrixOffsetTransformBase_double_3_3
Parameters: 0.9999996959621633 -0.0010052153262562142 0.0005418304328849464 0.001005154634415291 0.9999999818417203 0.00005661253720898318 -0.0005419430129773606 -0.00005538742838723243 0.9999997078488124 -0.02672336182835977 0.034465254914806565 -0.43069441270539244
FixedParameters: 0 0 0
#Transform 41
Transform: MatrixOffsetTransformBase_double_3_3
Parameters: 0.9999985191974603 -0.0014039395877718374 0.0007139942561771914 0.001406364439889076 0.9999924305852491 -0.0035679911401162584 -0.0007091595193139472 0.0035680093987982553 0.9999936272659933 -0.027369863776556258 0.026194227565198958 -0.3804787353128205
FixedParameters: 0 0 0
#Transform 42
Transform: MatrixOffsetTransformBase_double_3_3
Parameters: 0.9999987577951058 -0.001117027501894751 0.0009977476485540937 0.0011168147257174237 0.9999996655024243 -0.0003928818002177925 -0.000996936645318855 0.0003941189583065996 0.9999997826079525 -0.03182695158520232 0.01726186247357475 -0.32444025771339113
FixedParameters: 0 0 0
#Transform 43
Transform: MatrixOffsetTransformBase_double_3_3
Parameters: 0.9999988340688604 -0.0008063691122324944 0.0012311372286254603 0.0008068184225505375 0.9999993885838134 -0.00018207010330056894 -0.0012308428214486175 0.0001829294589779651 0.9999993788726881 -0.02973460920968307 0.03627054664599427 -0.3535301409711451
FixedParameters: 0 0 0
#Transform 44
Transform: MatrixOffsetTransformBase_double_3_3
Parameters: 0.9999983366833782 -0.00114932554826292 0.001530295251962956 0.0011511021162305885 0.9999989671498364 -0.0008833036653629889 -0.0015293262199867713 0.0008856964252689087 0.999998804851529 -0.023047252613139335 0.04083263978765217 -0.30170280064606914
FixedParameters: 0 0 0
#Transform 45
Transform: MatrixOffsetTransformBase_double_3_3
Parameters: 0.9999989109599612 -0.0012188997716371655 0.0007769351991199968 0.001219357491797604 0.9999987832395276 -0.0008930490853271134 -0.0007758223131002799 0.0008939513499192364 0.9999995310344502 -0.03304702720120645 0.02114013316848684 -0.355031125743821
FixedParameters: 0 0 0
#Transform 46
Transform: MatrixOffsetTransformBase_double_3_3
Parameters: 0.99999884413567 -0.0012771267495274724 0.0012348321196081048 0.0012767871212668435 0.9999994183319003 0.00013858151705604949 -0.0012351832821747414 -0.00013641815988159334 0.9999993879913625 -0.020170231760133106 0.043057679536318005 -0.3367360273692839
FixedParameters: 0 0 0
#Transform 47
Transform: MatrixOffsetTransformBase_double_3_3
Parameters: 0.9999985529487754 -0.0012237146079799178 0.00097446008754883 0.0012244480289467744 0.9999994277296539 -0.00037580289697709823 -0.0009735383530820559 0.0003771966596534393 0.9999998417147861 -0.02164460054783035 0.046399406513032204 -0.3267023654028236
FixedParameters: 0 0 0
#Transform 48
Transform: MatrixOffsetTransformBase_double_3_3
Parameters: 0.9999989886989943 -0.0011768297934033408 0.000791436559986413 0.0011763301618414159 0.9999995793505794 0.00031600375918496015 -0.0007921789809689024 -0.00031499553987401896 0.9999992102683187 -0.02848440093285376 0.03946337006210854 -0.4437935119873089
FixedParameters: 0 0 0
#Transform 49
Transform: MatrixOffsetTransformBase_double_3_3
Parameters: 0.9999982737579758 -0.0012361177395125245 0.0010946399420794384 0.0012374152797288973 0.999998569798738 -0.0010176372031956288 -0.0010931875824903559 0.0010183615432182574 0.9999986313107151 -0.025309470828190683 0.007028700537318855 -0.4082996195303963
FixedParameters: 0 0 0
#Transform 50
Transform: MatrixOffsetTransformBase_double_3_3
Parameters: 0.9999987715261783 -0.0011963484928322473 0.0008928731856857556 0.0011966261179512366 0.9999996074692145 -0.00015485923159078152 -0.0008925010775490316 0.00015614037883432408 0.9999991156968437 -0.03129543601721707 0.03414707668889605 -0.42638931367748967
FixedParameters: 0 0 0
#Transform 51
Transform: MatrixOffsetTransformBase_double_3_3
Parameters: 0.9999993303235982 -0.0010548671965964844 0.0007461546751778 0.0010545644052636638 0.9999992739805942 0.0008257925825018858 -0.0007468303119445842 -0.0008252086557885008 0.9999996934408011 -0.028715772293963937 0.03509618077380594 -0.3788930806931319
FixedParameters: 0 0 0
#Transform 52
Transform: MatrixOffsetTransformBase_double_3_3
Parameters: 0.9999983063441076 -0.0014203220561436725 0.0008226687046969867 0.0014210425116667948 0.9999981093589381 -0.0010038226955008112 -0.0008208816707194453 0.001004176165539758 0.9999991809528014 -0.027619655608901894 0.008200424593766797 -0.3330146538895775
FixedParameters: 0 0 0
#Transform 53
Transform: MatrixOffsetTransformBase_double_3_3
Parameters: 0.9999986026613746 -0.0012308021877821677 0.0009393952522817954 0.0012306941483947388 0.9999995498097056 0.000058160849750882315 -0.0009395367876537223 -0.000056839104175143706 1.000000046239476 -0.028274949372942615 0.033862678254124035 -0.41176683555062255
FixedParameters: 0 0 0
#Transform 54
Transform: MatrixOffsetTransformBase_double_3_3
Parameters: 0.9999986696863106 -0.0013347686296089126 0.0007410509531112553 0.0013351324707540312 0.9999985227604453 -0.0008730070524640837 -0.0007397844908167491 0.0008739931485107766 0.9999996209201006 -0.023811865159842682 0.051873471386500114 -0.37903802659903363
FixedParameters: 0 0 0
#Transform 55
Transform: MatrixOffsetTransformBase_double_3_3
Parameters: 0.9999994188972088 -0.0010019002125885052 0.0007598818773349388 0.0010029987942433065 0.9999982101984461 -0.0013352381262042023 -0.0007582690289910922 0.0013367599978443417 0.9999986389066989 -0.03575722290592864 0.01708332506353827 -0.4265612936066674
FixedParameters: 0 0 0
#Transform 56
Transform: MatrixOffsetTransformBase_double_3_3
Parameters: 0.9999985976272456 -0.0011891450114497317 0.000994698178206261 0.0011886355971808 0.9999995941268337 -0.00024481351574162646 -0.0009941824468165895 0.00024618733010103866 0.9999998829598834 -0.016749496062786307 0.03351547773733898 -0.4336983211693166
FixedParameters: 0 0 0
#Transform 57
Transform: MatrixOffsetTransformBase_double_3_3
Parameters: 0.999998020750681 -0.001266861276684923 0.0011723090109661174 0.001268366647095402 0.9999990482044907 -0.0006415094738274757 -0.0011706801255032039 0.000643488737379988 0.9999991469340269 -0.017566046073355324 0.019524959774585682 -0.3494026795721936
FixedParameters: 0 0 0
#Transform 58
Transform: MatrixOffsetTransformBase_double_3_3
Parameters: 0.9999979561158546 -0.0009684082285921146 0.0014512287858902447 0.0009675242499574043 0.9999990428032813 0.00030534114593411266 -0.001451818276858333 -0.0003036575528736485 0.9999987278723159 -0.02044023545464313 0.020705136111217826 -0.4429039028628381
FixedParameters: 0 0 0
#Transform 59
Transform: MatrixOffsetTransformBase_double_3_3
Parameters: 0.9999982107810451 -0.0010028247516260607 0.0016681473353345165 0.0010037400307348454 0.9999998279571266 -0.0005523857090647261 -0.0016681034030354407 0.0005536156998371261 0.9999987712049343 -0.021032850527205937 0.02186667957873567 -0.3351183309561918
FixedParameters: 0 0 0
#Transform 60
Transform: MatrixOffsetTransformBase_double_3_3
Parameters: 0.9999968666422543 -0.0012897119164503635 0.002114256814869409 0.0012917792799676264 0.9999985859138028 -0.000943398241219362 -0.002112951014919652 0.0009466015759143909 0.9999974946756438 -0.021032291873808617 0.015859801238534033 -0.36887184313404475
FixedParameters: 0 0 0
#Transform 61
Transform: MatrixOffsetTransformBase_double_3_3
Parameters: 0.9999986838566362 -0.001170644085580211 0.001395243453133332 0.0011752704938646588 0.9999933535852992 -0.003377424184278832 -0.0013906520513240809 0.00337857472164943 0.9999935084231056 -0.024719909216628366 0.015612008845209857 -0.48114095316793737
FixedParameters: 0 0 0
#Transform 62
Transform: MatrixOffsetTransformBase_double_3_3
Parameters: 0.999998500963956 -0.0012508437168052883 0.0013907977328253063 0.0012549086595842359 0.9999945740570029 -0.00316025177024179 -0.00138720783889595 0.0031617507807131934 0.9999939429895903 -0.031304624024869554 0.03318798481821261 -0.45333795209897687
FixedParameters: 0 0 0
#Transform 63
Transform: MatrixOffsetTransformBase_double_3_3
Parameters: 0.9999985179460184 -0.0011403914264511302 0.0014766736046755982 0.0011465004597628302 0.9999922923893417 -0.0036693758289851053 -0.0014726103457492802 0.003671621728709773 0.9999922803111301 -0.01647952755004667 0.010611019196886673 -0.4993305663505083
FixedParameters: 0 0 0
#Transform 64
Transform: MatrixOffsetTransformBase_double_3_3
Parameters: 0.9999980458719216 -0.0007263115582455581 0.0018512436548083506 0.0007307500555166826 0.9999974363762947 -0.002258714714481913 -0.0018492211612870949 0.0022602841617286734 0.9999953987947424 -0.027366712812408878 0.04466974878017993 -0.370824118257147
FixedParameters: 0 0 0
#Transform 65
Transform: MatrixOffsetTransformBase_double_3_3
Parameters: 0.9999972922850413 -0.0013008025721782971 0.0017363441170382369 0.001305228881290155 0.9999958444107582 -0.0023658658076827904 -0.0017334407359149131 0.00236813407879459 0.9999962424681 -0.01265795681862869 0.043953259467073735 -0.42688285658023517
FixedParameters: 0 0 0
#Transform 66
Transform: MatrixOffsetTransformBase_double_3_3
Parameters: 0.9999981223582552 -0.0012742642977887544 0.001119771977583748 0.0012739809536819306 0.9999994284652941 0.0001274314469118243 -0.0011200943300097384 -0.00012556832699607556 0.9999996618885192 -0.017618223730181626 0.03493419397277364 -0.45723457530486655
FixedParameters: 0 0 0
#Transform 67
Transform: MatrixOffsetTransformBase_double_3_3
Parameters: 0.9999965230804724 -0.001553543756839325 0.002015455856732619 0.0015614624142176751 0.9999909759684613 -0.00384698704542788 -0.002009997919333672 0.0038500130612171835 0.9999909250496926 -0.013484196212672828 0.00695126305230076 -0.4548284379469294
FixedParameters: 0 0 0
#Transform 68
Transform: MatrixOffsetTransformBase_double_3_3
Parameters: 0.9999976064825402 -0.0013251074174193995 0.0016239071875288232 0.00133160792693617 0.9999895400890054 -0.004338905587699102 -0.0016189072071367532 0.004341096016610396 0.9999893949678063 -0.01446037240215503 0.00004990778101898741 -0.47334508054768776
FixedParameters: 0 0 0
#Transform 69
Transform: MatrixOffsetTransformBase_double_3_3
Parameters: 0.9999975115393668 -0.0014025018228207944 0.0015877088382839633 0.0014076981929347977 0.9999934717941702 -0.00341776362863333 -0.0015834972395737045 0.0034202380127239945 0.9999926605231464 -0.009611567259312892 0.016651541327149744 -0.5597265364436197
FixedParameters: 0 0 0
#Transform 70
Transform: MatrixOffsetTransformBase_double_3_3
Parameters: 0.9999970637350656 -0.0012047820791939888 0.001867152340820307 0.0012095318324662158 0.9999960576159379 -0.0025728063330682366 -0.0018632733204982993 0.0025751923489849837 0.9999947551320555 -0.019665154664778584 0.024592448393661925 -0.27297556121770583
FixedParameters: 0 0 0
#Transform 71
Transform: MatrixOffsetTransformBase_double_3_3
Parameters: 0.9999984275778917 -0.001107410395765284 0.0015319499958192226 0.0011118639943453077 0.9999955378025445 -0.002714359706458752 -0.0015281920778481323 0.002715638153435035 0.999995147290891 -0.019360230361968433 0.013232958785295068 -0.46671663244036665
FixedParameters: 0 0 0
#Transform 72
Transform: MatrixOffsetTransformBase_double_3_3
Parameters: 0.9999977129653237 -0.0011873409817919705 0.0016964644790168825 0.0011907445050921733 0.9999971426246301 -0.002140043720508855 -0.0016936404145794027 0.002141957498185229 0.9999964025557746 -0.025630725172334223 0.031152301834950435 -0.31547021996549063
FixedParameters: 0 0 0
#Transform 73
Transform: MatrixOffsetTransformBase_double_3_3
Parameters: 0.999998426731996 -0.0011740817812526138 0.001093506526255957 0.0011768485812917976 0.9999961182042526 -0.002575707369531763 -0.0010896499277551859 0.00257629210539477 0.9999960369467215 -0.019591361535688634 0.019918551169240573 -0.43046901281203986
FixedParameters: 0 0 0
#Transform 74
Transform: MatrixOffsetTransformBase_double_3_3
Parameters: 0.9999976568980365 -0.0011796613575698097 0.0017176837457180453 0.001180466655053292 0.9999997446538624 0.00005696923215763039 -0.00171774789808794 -0.000055032411064095954 0.999998905972392 -0.01747832074686073 0.03522912350963736 -0.4229110103685372
FixedParameters: 0 0 0
#Transform 75
Transform: MatrixOffsetTransformBase_double_3_3
Parameters: 0.9999977205217014 -0.0012993856084773416 0.0016099502781457408 0.001304334134372197 0.9999942827414442 -0.0030259642507432377 -0.0016054019180306064 0.003028032994953661 0.9999941122690746 -0.020487520642532786 0.018642204595295198 -0.3259638515978338
FixedParameters: 0 0 0
#Transform 76
Transform: MatrixOffsetTransformBase_double_3_3
Parameters: 0.9999981203166928 -0.0015092635295303886 0.0012656452625130676 0.001510769719534989 0.9999979281935222 -0.0009620796796262626 -0.0012638026670555589 0.0009639176989900827 0.9999983373858434 -0.02317324956793243 0.009016939582011219 -0.4041317260691386
FixedParameters: 0 0 0
#Transform 77
Transform: MatrixOffsetTransformBase_double_3_3
Parameters: 0.999997907756924 -0.0011079166246796704 0.001692690935585171 0.0011113114737253587 0.9999973166365733 -0.002142182656552999 -0.0016902025481417386 0.0021438191588137867 0.9999964061986149 -0.026202233845523892 0.04273505148341883 -0.3475479108927999
FixedParameters: 0 0 0
#Transform 78
Transform: MatrixOffsetTransformBase_double_3_3
Parameters: 0.9999982304873097 -0.0014087977751050113 0.0013353060134902364 0.0014122245787991056 0.9999968377406101 -0.002303111196375912 -0.001333001147208862 0.0023048933834715207 0.9999967758803839 -0.018580629422146444 0.02961404286847369 -0.4092434077625029
FixedParameters: 0 0 0
#Transform 79
Transform: MatrixOffsetTransformBase_double_3_3
Parameters: 0.999997912188009 -0.0013689152165300604 0.0014879204392527776 0.0013726048805141867 0.9999952591201254 -0.0028269540812173866 -0.001484498211163763 0.0028290470696466646 0.9999946578483976 -0.011565197763104607 0.021597700622720595 -0.47016321726175647
FixedParameters: 0 0 0
#Transform 80
Transform: MatrixOffsetTransformBase_double_3_3
Parameters: 0.9999975022540939 -0.0012999472485660558 0.0016758669812302293 0.0013047704918210605 0.9999952072689906 -0.002868879911073985 -0.0016717245423860012 0.0028711224808969926 0.9999948211258767 -0.025679593082230667 0.020824720454058365 -0.3790320587766729
FixedParameters: 0 0 0
#Transform 81
Transform: MatrixOffsetTransformBase_double_3_3
Parameters: 0.9999976161172035 -0.001516589317980135 0.0014438280094264968 0.0015223952132156196 0.999991026144782 -0.003973801409777558 -0.0014371444918009934 0.003976197555746394 0.9999909885670648 -0.019896844211388043 -0.004984106734099214 -0.4927222192133769
FixedParameters: 0 0 0
#Transform 82
Transform: MatrixOffsetTransformBase_double_3_3
Parameters: 0.9999989647018017 -0.0014816994440499426 0.0009164485964292929 0.0014863285802872751 0.999986848532351 -0.005007570360362187 -0.0009089084772253293 0.005008433453369696 0.9999869556699151 -0.021539911030814096 0.0005257395528417419 -0.4112893277278715
FixedParameters: 0 0 0
#Transform 83
Transform: MatrixOffsetTransformBase_double_3_3
Parameters: 0.9999988593275556 -0.0011889199102949437 0.0008522973276879965 0.001191357675301511 0.9999978890136789 -0.0019379145323955571 -0.0008497465364583217 0.001939085173274152 0.9999974547391909 -0.024484138844812264 -0.0038350144125871566 -0.36172944957709774
FixedParameters: 0 0 0
#Transform 84
Transform: MatrixOffsetTransformBase_double_3_3
Parameters: 0.9999973441771243 -0.001524852194892319 0.001526906395650722 0.0015276926108558665 0.9999961589198442 -0.002171726286895062 -0.001523539838144746 0.002173274150166535 0.9999967457220743 -0.011659537550997356 0.008889229072863714 -0.31615686734153314
FixedParameters: 0 0 0
#Transform 85
Transform: MatrixOffsetTransformBase_double_3_3
Parameters: 0.9999975300352415 -0.001454184901613116 0.0015351385330686785 0.001454307506250177 0.9999988876554491 -0.0003637588620241661 -0.0015341449468832583 0.00036624086764695807 0.9999983759297048 -0.015684023954747772 0.022044587341113697 -0.4320972971699888
FixedParameters: 0 0 0
#Transform 86
Transform: MatrixOffsetTransformBase_double_3_3
Parameters: 0.9999975009152158 -0.001520745264669039 0.0014789174496999664 0.0015242048735344303 0.9999951559304024 -0.0027667430431025097 -0.0014748198130648564 0.002769258552971443 0.9999950212858054 -0.012736475487230337 0.02885473867772248 -0.40824104637559344
FixedParameters: 0 0 0
#Transform 87
Transform: MatrixOffsetTransformBase_double_3_3
Parameters: 0.9999987893820288 -0.0014915943986254635 0.0009923067404209902 0.0014923034549615313 0.9999988054745766 -0.00032251053742175795 -0.0009923406242994073 0.0003234900341228808 0.9999997752491668 -0.023319103986892742 0.05157349562190916 -0.41006457319338097
FixedParameters: 0 0 0
#Transform 88
Transform: MatrixOffsetTransformBase_double_3_3
Parameters: 0.9999975249415852 -0.00207970228180533 0.0003883305137987029 0.0020810864353752907 0.9999864835026737 -0.004821064781008258 -0.0003784500155993051 0.004821940679900008 0.9999885473659336 -0.015922023427862086 0.00897480162308284 -0.45556619088887373
FixedParameters: 0 0 0
#Transform 89
Transform: MatrixOffsetTransformBase_double_3_3
Parameters: 0.9999970051895065 -0.002304609959087249 -0.0012982902526923164 0.0023000003432755846 0.9999926927325881 -0.0031308773958335367 0.0013049230109774348 0.0031281276601804464 0.9999947248184381 -0.011474785077439265 0.023281556423910388 -0.7311146534785138
FixedParameters: 0 0 0
#Transform 90
Transform: MatrixOffsetTransformBase_double_3_3
Parameters: 0.9999962316178449 -0.0024382064975867835 -0.0009078848337355143 0.002437508719089042 0.9999967974380014 -0.0004230152258669351 0.0009089422685129075 0.00041998394161381347 0.9999990788554591 -0.008783918462029305 -0.050923299659132226 -0.7649437667288908
FixedParameters: 0 0 0
#Transform 91
Transform: MatrixOffsetTransformBase_double_3_3
Parameters: 0.9999981864595081 -0.0016773365304155888 0.00001861908537259168 0.0016771446292646824 0.9999972250289579 0.0013991005435570747 -0.000021316641165827513 -0.0013988978459011647 0.9999990470261358 -0.01519669446005878 0.003516214292616837 -0.5548168214799887
FixedParameters: 0 0 0
#Transform 92
Transform: MatrixOffsetTransformBase_double_3_3
Parameters: 0.9999988559492339 -0.0014294416170784385 0.0010488244886007656 0.0014316962342148603 0.9999973604180105 -0.0019304935358801373 -0.0010464287057483615 0.0019315094462978993 0.9999980379908495 -0.019815494332576122 -0.007515945856752637 -0.43114876431796745
FixedParameters: 0 0 0
#Transform 93
Transform: MatrixOffsetTransformBase_double_3_3
Parameters: 0.9999982088235709 -0.001475029517101024 0.0012705173240872528 0.001481222137192245 0.9999898882538035 -0.004249117061579197 -0.0012642793690708207 0.004250882337331757 0.9999901953749497 -0.017299567921696735 0.01726142355298066 -0.4474400427316283
FixedParameters: 0 0 0
#Transform 94
Transform: MatrixOffsetTransformBase_double_3_3
Parameters: 0.999998045375355 -0.0014296829406432782 0.0009538382160510726 0.0014342858103314857 0.9999894884502883 -0.004303633627660897 -0.0009477683582781156 0.0043053659693556845 0.9999904992872061 -0.025242629454908183 0.03789885017913264 -0.530250343642436
FixedParameters: 0 0 0
#Transform 95
Transform: MatrixOffsetTransformBase_double_3_3
Parameters: 0.9999980014471775 -0.0015484440743006396 0.0007750598639280262 0.0015517318624919995 0.9999892430946572 -0.004405731802862148 -0.0007686547120572762 0.004407269678760373 0.9999899236436999 -0.028502565743721675 0.04672923727396494 -0.5592651572190448
FixedParameters: 0 0 0
#Transform 96
Transform: MatrixOffsetTransformBase_double_3_3
Parameters: 0.9999990481068441 -0.001287219507738144 0.0005430854672360925 0.001289292106513578 0.9999898489813093 -0.004307229237816151 -0.0005381772453109323 0.004307767155346601 0.9999900898385762 -0.03421681311210989 0.02219516968291657 -0.5976803753742672
FixedParameters: 0 0 0
#Transform 97
Transform: MatrixOffsetTransformBase_double_3_3
Parameters: 0.9999985362250015 -0.0015632897458023442 0.0010097486737683406 0.0015678567553917317 0.9999883354444397 -0.004510415052047148 -0.0010029478572584345 0.004511584597924237 0.9999895022979665 -0.022040786546753566 0.01338889105656449 -0.5165255363189942
FixedParameters: 0 0 0
#Transform 98
Transform: MatrixOffsetTransformBase_double_3_3
Parameters: 0.999999331139937 -0.0011347221801601183 0.0006178800546109418 0.001137217779589743 0.9999907272515278 -0.0042392338116968575 -0.0006124417595121729 0.004240767144561161 0.9999906485082359 -0.0324981453638884 -0.00955783164948798 -0.5853353470675557
FixedParameters: 0 0 0
#Transform 99
Transform: MatrixOffsetTransformBase_double_3_3
Parameters: 0.9999977465570304 -0.0016043736909792266 0.0016374288200496263 0.0016103376731778196 0.9999916678670536 -0.0038563659519358917 -0.0016304909231941757 0.0038596371926897244 0.9999913102002151 -0.008308354831058296 -0.011674347047204492 -0.4464034146840845
FixedParameters: 0 0 0
#Transform 100
Transform: MatrixOffsetTransformBase_double_3_3
Parameters: 0.9999975299217002 -0.0015885398198106416 0.0013952017646725713 0.001594181268044997 0.9999903622991216 -0.004028773628060367 -0.0013887695279352066 0.004031222460798373 0.9999906856702423 -0.010717593793160063 -0.023825560720069916 -0.48457784179815633
FixedParameters: 0 0 0
#Transform 101
Transform: MatrixOffsetTransformBase_double_3_3
Parameters: 0.9999988485467725 -0.0015858217813066343 0.0007975408056301756 0.0015877986936720285 0.9999961419504874 -0.002323664892401281 -0.0007942904780805003 0.002325335799497494 0.9999968999709848 -0.021155985450889148 -0.016490754955242437 -0.4721691543457496
FixedParameters: 0 0 0
#Transform 102
Transform: MatrixOffsetTransformBase_double_3_3
Parameters: 0.9999982219028223 -0.0015723352442286159 0.0011427419339538074 0.0015769692675089472 0.9999903102486151 -0.0040421953644097924 -0.001136335413532298 0.004043802641712543 0.9999912197998793 -0.019940590077069942 -0.013965703906961835 -0.46815845289830804
FixedParameters: 0 0 0
#Transform 103
Transform: MatrixOffsetTransformBase_double_3_3
Parameters: 0.9999983687010287 -0.0013367884568406111 0.0009187418353422084 0.0013391657513129175 0.9999955474059559 -0.0027787007089024596 -0.0009154987841936215 0.002780299855870638 0.9999953700131786 -0.030773766981965878 0.01990149337559899 -0.43112328596112093
FixedParameters: 0 0 0
#Transform 104
Transform: MatrixOffsetTransformBase_double_3_3
Parameters: 0.9999983655160579 -0.001567795854959343 0.001084968502527873 0.0015725530773550653 0.9999871266104016 -0.00474729149027113 -0.0010774499099589776 0.00474870539019466 0.9999881516175353 -0.031368490475742306 -0.012560827423072851 -0.46873891432309733
FixedParameters: 0 0 0
#Transform 105
Transform: MatrixOffsetTransformBase_double_3_3
Parameters: 0.9999988592887818 -0.0013148095738879301 0.0006410106377899952 0.001318136032027087 0.9999921083495439 -0.0039010895141116386 -0.0006358626063700681 0.0039019154604250234 0.999992307383539 -0.03778222283216337 0.010601761021618472 -0.5701069218520303
FixedParameters: 0 0 0
#Transform 106
Transform: MatrixOffsetTransformBase_double_3_3
Parameters: 0.9999985289960347 -0.0010003279531916223 0.0015719316626342605 0.0010077988915021027 0.9999876724500505 -0.004835486816492179 -0.0015667541466607606 0.0048375118157561875 0.9999870727739595 -0.03368626505029226 0.015774723051521278 -0.4858785695064114
FixedParameters: 0 0 0
#Transform 107
Transform: MatrixOffsetTransformBase_double_3_3
Parameters: 0.9999971824682461 -0.0016130458115945286 0.001793254016602349 0.0016208932558865656 0.9999886543418631 -0.004566098381643194 -0.001786077210806485 0.0045699045946134 0.999987794586973 -0.01655334397079855 0.008467712330627819 -0.48337821601589326
FixedParameters: 0 0 0
#Transform 108
Transform: MatrixOffsetTransformBase_double_3_3
Parameters: 0.9999979925494088 -0.0015785794270867946 0.0012308548188041213 0.0015828357566066763 0.9999926939810387 -0.0035959820620546645 -0.0012258093461303137 0.0035980195650369973 0.9999924216351911 -0.021202314717072568 0.022387015701809787 -0.42679639969169614
FixedParameters: 0 0 0
#Transform 109
Transform: MatrixOffsetTransformBase_double_3_3
Parameters: 0.999998645839614 -0.0015604468009890002 0.0009593078391529113 0.0015638287435208289 0.999990279797598 -0.00416343422121572 -0.0009526229079428234 0.0041655659028894815 0.999990679741686 -0.024533216232953237 0.012900029875765995 -0.420162152211887
FixedParameters: 0 0 0
#Transform 110
Transform: MatrixOffsetTransformBase_double_3_3
Parameters: 0.9999976012001361 -0.001586938032834322 0.001371328488623 0.0015925205605613305 0.9999909655093772 -0.004077748651078697 -0.001364753604989813 0.004080252526015751 0.9999903590294104 -0.018315015417272207 0.00904812988410697 -0.4819010014113161
FixedParameters: 0 0 0
#Transform 111
Transform: MatrixOffsetTransformBase_double_3_3
Parameters: 0.9999980573024277 -0.0015465297657461252 0.0007428709421127103 0.00154922124091853 0.9999896684092154 -0.004241780889678526 -0.0007359953118704523 0.004243214971888037 0.9999903911097573 -0.025366846458226178 -0.0016635201540253775 -0.575387125076702
FixedParameters: 0 0 0
#Transform 112
Transform: MatrixOffsetTransformBase_double_3_3
Parameters: 0.9999986330839028 -0.0015609712733295176 0.0009650667990279185 0.00156412026158953 0.999990485910219 -0.004016493362880652 -0.0009588378622190113 0.004018508816944696 0.999991866395239 -0.029421850316239784 0.005882931281021797 -0.3147190955690178
FixedParameters: 0 0 0
#Transform 113
Transform: MatrixOffsetTransformBase_double_3_3
Parameters: 0.9999982913794397 -0.0015355207979865773 0.001162112383851542 0.001540273455980079 0.9999905618236601 -0.004025207986887103 -0.0011560553575862774 0.004026791612397579 0.9999913120440043 -0.0202397905264462 0.0017564023904697024 -0.4534155460327156
FixedParameters: 0 0 0
#Transform 114
Transform: MatrixOffsetTransformBase_double_3_3
