#Insight Transform File V1.0
#Transform 0
Transform: MatrixOffsetTransformBase_double_3_3
Parameters: 0.9999974332285819 -0.00014499253796493777 0.0021320743091959274 0.0001457046412206367 0.9999999602370956 -0.00016682539124733553 -0.0021320257628662867 0.00016717374213784386 0.9999974172135749 -0.01986053569136459 0.031820913915765914 -0.33710017710153295
FixedParameters: 0 0 0
#Transform 1
Transform: MatrixOffsetTransformBase_double_3_3
Parameters: 0.9999976362596118 -0.00026953711866674156 0.002071524092807252 0.00027049279450873116 0.999999781889986 -0.00047157159508617874 -0.002071337484086611 0.00047142805126690335 0.9999974097451131 -0.017373157876789946 0.031053769671885334 -0.30351277631908147
FixedParameters: 0 0 0
#Transform 2
Transform: MatrixOffsetTransformBase_double_3_3
Parameters: 0.9999987275134574 -0.00012142434667732928 0.0018049208481919305 0.0001226597139743338 0.9999991933329213 -0.0008949153973785984 -0.001804838423454061 0.0008950845090364423 0.9999979321290178 -0.02309432822846702 0.023275748322404866 -0.32942229618468843
FixedParameters: 0 0 0
#Transform 3
Transform: MatrixOffsetTransformBase_double_3_3
Parameters: 0.9999982049841982 -0.0002524980829693682 0.0016526935555044363 0.0002524820749625654 0.99999985266585 -0.0002966508523751382 -0.001652611591465711 0.0002973496949890825 0.9999981759001166 -0.027545111376440445 0.050853059016887414 -0.42861082213440227
FixedParameters: 0 0 0
#Transform 4
Transform: MatrixOffsetTransformBase_double_3_3
Parameters: 0.9999982402719634 -0.00012854632492141147 0.0019347338302498156 0.00013222382235158274 0.9999990154463679 -0.0017238155353764828 -0.0019344883076338924 0.0017241843100011534 0.9999962804642414 -0.013631922862685997 0.030899619238553555 -0.3037826719404251
FixedParameters: 0 0 0
#Transform 5
Transform: MatrixOffsetTransformBase_double_3_3
Parameters: 0.9999997907861903 -0.0005197601834970885 0.0009690529933672928 0.0005204442045657239 0.9999996095109817 -0.00035256382870596514 -0.0009686858006370677 0.00035343593561491804 0.9999999320573725 -0.025735999488063044 0.026348822659613802 -0.42431675855866047
FixedParameters: 0 0 0
#Transform 6
Transform: MatrixOffsetTransformBase_double_3_3
Parameters: 0.9999991794727118 -0.0003389443530125736 0.0013060983053279714 0.0003392761356001951 0.999999630549411 -0.0005086251065676284 -0.0013058211059722368 0.0005093751203915364 0.9999990307609881 -0.019085347564526955 0.036648657547786456 -0.38077912350176746
FixedParameters: 0 0 0
#Transform 7
Transform: MatrixOffsetTransformBase_double_3_3
Parameters: 0.9999996774974088 -0.00007624750824681192 0.0011474697623952482 0.00007819233092002329 0.9999980505741684 -0.0017169782233936032 -0.0011473406196571341 0.0017170197133884874 0.9999977307426158 -0.013722171959074103 0.04130917407510992 -0.3553535991003969
FixedParameters: 0 0 0
#Transform 8
Transform: MatrixOffsetTransformBase_double_3_3
Parameters: 0.9999982543514586 -0.0001123061410222916 0.0016531884584863835 0.00011309635110102879 0.9999999348037549 -0.00023888111326723915 -0.0016531345873677487 0.0002391180250101571 0.9999982053058522 -0.017432735352826967 0.04248312248334685 -0.44601420943789094
FixedParameters: 0 0 0
#Transform 9
Transform: MatrixOffsetTransformBase_double_3_3
Parameters: 0.9999987838574345 -0.000028786231505498072 0.001488321651563487 0.000032818210049867456 0.9999974340672941 -0.002360022389272645 -0.0014883803113301846 0.0023599783629680154 0.9999962105667342 -0.02344663158335436 0.027523019069732868 -0.3611185506189969
FixedParameters: 0 0 0
#Transform 10
Transform: MatrixOffsetTransformBase_double_3_3
Parameters: 0.9999982441487791 -0.00012852838235522088 0.0019337329078567076 0.00013210575577870436 0.9999981056678502 -0.0016988821495313305 -0.0019334941358320216 0.0016991146854052203 0.9999963652750039 -0.016354522047208775 0.03503776430095229 -0.39052488587211087
FixedParameters: 0 0 0
#Transform 11
Transform: MatrixOffsetTransformBase_double_3_3
Parameters: 0.9999994168003469 -0.000159088701841507 0.0007469204094222689 0.00015925003241661407 0.9999999630011775 -0.0001078810515614953 -0.0007468860288004916 0.00010811881994833572 0.9999994304711832 -0.027593619234806965 0.04402748254416622 -0.43292121775557746
FixedParameters: 0 0 0
#Transform 12
Transform: MatrixOffsetTransformBase_double_3_3
Parameters: 0.9999996722741333 -0.00041416180787757676 0.0010752302490534705 0.0004169596903368622 0.9999968062459997 -0.0026625494720535353 -0.0010742191150497726 0.002662451952299194 0.9999956881822706 -0.01285920788231465 0.03164687218182394 -0.3626843558567572
FixedParameters: 0 0 0
#Transform 13
Transform: MatrixOffsetTransformBase_double_3_3
Parameters: 0.9999989834782016 -0.00048615062801628185 0.0013342333748816754 0.00048756597445753455 0.9999995540233291 -0.0005304130858064249 -0.0013337168183363002 0.0005305855370673074 0.9999988665949388 -0.013838246969100965 0.034795144464837335 -0.4435866967009616
FixedParameters: 0 0 0
#Transform 14
Transform: MatrixOffsetTransformBase_double_3_3
Parameters: 0.999998986559083 -0.00027116557624159824 0.0013928061876108692 0.0002715499794428761 0.9999999119470777 -0.00013768977633675517 -0.0013927312927611941 0.00013830993869805297 0.9999990365240565 -0.015324642234546104 0.040606180806719294 -0.4363754152247594
FixedParameters: 0 0 0
#Transform 15
Transform: MatrixOffsetTransformBase_double_3_3
Parameters: 0.9999998372431758 -0.00018786516387443123 0.001061876015159725 0.0001904195736924246 0.9999981699226409 -0.001672865992021863 -0.0010613111590899612 0.001673131862170718 0.9999980694605785 -0.017323997107496325 0.013553073471044286 -0.4032140450713513
FixedParameters: 0 0 0
#Transform 16
Transform: MatrixOffsetTransformBase_double_3_3
Parameters: 0.999999754564818 -0.00012275820513492374 0.0011092187779418808 0.00012269830638010761 0.9999999888348378 0.000027068268423066644 -0.0011092254052899957 -0.000026931718283912387 0.9999997642719819 -0.019247968534685356 0.04781803874990942 -0.45669760218237343
FixedParameters: 0 0 0
#Transform 17
Transform: MatrixOffsetTransformBase_double_3_3
Parameters: 0.9999993791795104 -0.0002718421317301671 0.0007398420296065173 0.0002739667914593255 0.9999961581402469 -0.0027867979557669315 -0.0007384568849776074 0.002787201392374955 0.9999956862704579 -0.015701059201603584 0.02513558866588994 -0.2576625323035131
FixedParameters: 0 0 0
#Transform 18
Transform: MatrixOffsetTransformBase_double_3_3
Parameters: 0.9999979884827332 -0.00004779240272090203 0.0017346730228822022 0.00005040433864209501 0.9999992386310905 -0.00132798206448409 -0.0017346786482333038 0.0013280166888398337 0.9999972226810007 -0.032276417071301466 0.017273710576773738 -0.4204908959576841
FixedParameters: 0 0 0
#Transform 19
Transform: MatrixOffsetTransformBase_double_3_3
Parameters: 0.9999994449897243 -0.00008384713500489005 0.0012441780823713882 0.00008478534237158034 0.999999392233357 -0.000777962676706434 -0.001244114901615898 0.0007780367648760056 0.9999988421881962 -0.029591508312535098 0.018847054960730247 -0.4657036995606205
FixedParameters: 0 0 0
#Transform 20
Transform: MatrixOffsetTransformBase_double_3_3
Parameters: 0.9999995006019675 -0.0003292907678200361 0.0006255012849903221 0.0003302568886489792 0.9999984232091512 -0.0015707926883493512 -0.0006245331497452815 0.0015712049179550935 0.9999981413111411 -0.018716591481648948 0.029790637279248244 -0.40102639288984676
FixedParameters: 0 0 0
#Transform 21
Transform: MatrixOffsetTransformBase_double_3_3
Parameters: 0.9999992220766115 -0.00005990936337882907 0.0008799623011285146 0.00006006951492302259 0.9999999881203322 -0.00009094714028831663 -0.000879951383091566 0.00009105271662304681 0.9999992173942918 -0.012968846180669402 0.04586515641553035 -0.378814463021655
FixedParameters: 0 0 0
#Transform 22
Transform: MatrixOffsetTransformBase_double_3_3
Parameters: 0.9999995037867349 -0.00028755120115469364 0.0006432503062424018 0.00028823664932568934 0.9999992036358455 -0.0013088149665258508 -0.0006425646143820555 0.0013091851454919007 0.9999988731868195 -0.03657319594559283 0.037946998112190045 -0.3758235587345382
FixedParameters: 0 0 0
#Transform 23
Transform: MatrixOffsetTransformBase_double_3_3
Parameters: 0.9999994600192929 -0.00029645443947159695 0.0006723802353839802 0.00029638450984156606 0.9999999094314136 0.00005219928304867061 -0.0006724110628710762 -0.00005180066051184429 0.9999995451798823 -0.017715178765286055 0.05123906700364955 -0.42877389208325667
FixedParameters: 0 0 0
#Transform 24
Transform: MatrixOffsetTransformBase_double_3_3
Parameters: 0.9999986621542533 -0.0001008511412720341 0.0015256696524756984 0.00010414645806103156 0.999997746395484 -0.00206091051477858 -0.0015254511976636274 0.0020610875364894116 0.999996420306871 -0.011927234937260778 0.04392554521263037 -0.3609459956138039
FixedParameters: 0 0 0
#Transform 25
Transform: MatrixOffsetTransformBase_double_3_3
Parameters: 0.9999994286335845 -0.00030910860501318137 0.0012148327521657337 0.00030957143295610686 0.9999999405027812 -0.00019068733808737248 -0.001214714893673133 0.00019031243039585588 0.9999994155505834 -0.01102341889163938 0.04808533128968406 -0.4587346938238426
FixedParameters: 0 0 0
#Transform 26
Transform: MatrixOffsetTransformBase_double_3_3
Parameters: 0.9999994046376643 -0.0002936871922156793 0.0007131788009566092 0.0002956826932072579 0.999997706558572 -0.002050788701308953 -0.0007130357018370572 0.0020512089860212634 0.999997284871818 -0.026380930283721682 0.036712271398570806 -0.40409701876860993
FixedParameters: 0 0 0
#Transform 27
Transform: MatrixOffsetTransformBase_double_3_3
Parameters: 0.9999992620618046 -0.00011709067667536009 0.0013131096419027864 0.00011906564880969714 0.9999997092588824 -0.0011319134568597705 -0.0013129103279608749 0.0011320878173030902 0.9999989899518982 -0.018071126329672893 0.038434561870460016 -0.40869965678066933
FixedParameters: 0 0 0
#Transform 28
Transform: MatrixOffsetTransformBase_double_3_3
Parameters: 0.9999990908620924 -0.0006905340219271064 0.0011970409710595929 0.0006904650599312914 0.9999993772921699 -0.00038724167167947243 -0.0011965731578179283 0.0003887587470074172 0.9999994124819781 -0.010690063214937595 0.039452094019409856 -0.4239484541221401
FixedParameters: 0 0 0
#Transform 29
Transform: MatrixOffsetTransformBase_double_3_3
Parameters: 0.9999992865093726 -0.00008548080714896209 0.0013062067422780473 0.00008859268951497786 0.9999966040684944 -0.0027189565066835786 -0.0013060054966769765 0.002719048150331832 0.9999958964728246 -0.01661609360084526 0.03160682999826747 -0.41212557928558624
FixedParameters: 0 0 0
#Transform 30
Transform: MatrixOffsetTransformBase_double_3_3
Parameters: 0.9999988369979417 -0.0003379337449455485 0.0014313635519138932 0.0003383359437295598 0.9999999384087472 -0.00014057908767042826 -0.0014312685360648926 0.00014042057997977475 0.9999988591089306 -0.01016128509034786 0.04819741522672416 -0.4465274190437185
FixedParameters: 0 0 0
#Transform 31
Transform: MatrixOffsetTransformBase_double_3_3
Parameters: 0.9999996308386297 -0.0001759481841632783 0.0011568920834756256 0.00017821039039811774 0.9999986490584172 -0.0018407903311971202 -0.0011563762852615695 0.0018402092157396438 0.9999972068930131 -0.0028257025118563206 0.03066644625447168 -0.3562860176764673
FixedParameters: 0 0 0
#Transform 32
Transform: MatrixOffsetTransformBase_double_3_3
Parameters: 0.9999974979041496 -0.0003179824879401805 0.0020975148822415714 0.00032083932917636684 0.9999983003939737 -0.0016155344666321653 -0.0020977522899555618 0.001616467336355204 0.9999969745862936 -0.004495386275593205 0.0313926980681174 -0.40994729792627993
FixedParameters: 0 0 0
#Transform 33
Transform: MatrixOffsetTransformBase_double_3_3
Parameters: 0.9999975838898794 -0.000422360188747659 0.002288606059274435 0.00042290944042898865 0.9999998208577761 -0.00011923605678079707 -0.0022885046266539963 0.00012076335989832931 0.9999977342323418 -0.0043981246697626375 0.04691914968138633 -0.4233014423257089
FixedParameters: 0 0 0
#Transform 34
Transform: MatrixOffsetTransformBase_double_3_3
Parameters: 0.9999993221713007 -0.00021212195831157163 0.00079570661637156 0.00021305916825597248 0.9999986241676746 -0.0018438269502158572 -0.0007950588245962486 0.001843174384375118 0.999997901010088 -0.012746382476976237 0.0368424851033069 -0.3724840877313085
FixedParameters: 0 0 0
#Transform 35
Transform: MatrixOffsetTransformBase_double_3_3
Parameters: 0.9999991126051683 -0.0004526282679185456 0.0012971205327297665 0.00045193035071061725 0.9999997277082014 0.0002695186003188882 -0.0012973638590071982 -0.00026848088333206177 0.9999992401751652 -0.012467282358215925 0.03485824235661994 -0.44079522269413474
FixedParameters: 0 0 0
#Transform 36
Transform: MatrixOffsetTransformBase_double_3_3
Parameters: 0.9999997853063259 -0.000298230716215421 0.00106072094730456 0.0003014290745299902 0.9999971431028619 -0.0024167463043237303 -0.0010604055844951079 0.002416255817838636 0.9999969632336219 -0.017698864093375732 0.05062900638105816 -0.3666694948755236
FixedParameters: 0 0 0
#Transform 37
Transform: MatrixOffsetTransformBase_double_3_3
Parameters: 0.9999990090756612 -0.00009416057696728515 0.001407854934380215 0.00009578325938861221 0.9999993443800612 -0.0012849347418658758 -0.0014077468869576665 0.0012850664298071912 0.9999983622411495 -0.010079379961368318 0.033553215681777715 -0.45677422652221367
FixedParameters: 0 0 0
#Transform 38
Transform: MatrixOffsetTransformBase_double_3_3
Parameters: 0.9999996999737575 -0.00032203721446412046 0.0010938765882947865 0.00032321905254676156 0.9999989753839391 -0.0009967096767206363 -0.0010933016057102954 0.0009962888592545405 0.9999987385660698 -0.017536408414358107 0.033537200933594136 -0.43934258119519143
FixedParameters: 0 0 0
#Transform 39
Transform: MatrixOffsetTransformBase_double_3_3
Parameters: 0.9999996748643046 -0.0003730716008400382 0.0010889170745493938 0.00037573957263171607 0.9999962646755699 -0.002568659736389159 -0.0010881951055487205 0.002569339145430116 0.9999962106435231 -0.011857941974071196 0.05024016575602275 -0.3874444591675541
FixedParameters: 0 0 0
#Transform 40
Transform: MatrixOffsetTransformBase_double_3_3
Parameters: 0.9999991707666889 -0.00047278604329232697 0.0007782902266012915 0.0004732537729079147 0.9999984077315811 -0.0015386311036106187 -0.0007779679846738758 0.0015393672456978091 0.9999980259920812 -0.02974115002200506 0.05231930948617958 -0.40312137781286594
FixedParameters: 0 0 0
#Transform 41
Transform: MatrixOffsetTransformBase_double_3_3
Parameters: 0.9999992124476204 -0.00042110615378461273 0.0007811666705459519 0.0004211061532169216 0.9999998226694679 3.289543507173365e-7 -0.0007811666703333856 3.2895435109203675e-7 0.9999993897781523 -0.02314074226497098 0.046762776870920675 -0.4176999827752894
FixedParameters: 0 0 0
#Transform 42
Transform: MatrixOffsetTransformBase_double_3_3
Parameters: 0.9999969561801181 -0.00005249923170956924 0.0026534268925365563 0.00005570203172187491 0.9999995800354035 -0.001167064642691798 -0.002653504612402107 0.0011679353552506294 0.9999956500266142 0.0009509318157512325 0.052180635184441826 -0.3221517678026089
FixedParameters: 0 0 0
#Transform 43
Transform: MatrixOffsetTransformBase_double_3_3
Parameters: 0.9999979879870919 -0.0001364944108302241 0.0019983438421897317 0.00013597483546149526 0.999999973792214 0.00013013626697253033 -0.0019983792632848074 -0.00012986320550872898 0.9999979803949127 -0.0026786016568820514 0.050640661010348254 -0.41147341092283796
FixedParameters: 0 0 0
#Transform 44
Transform: MatrixOffsetTransformBase_double_3_3
Parameters: 0.9999962879191862 0.00029600727137708285 0.002573580277384262 -0.00029827114114164337 0.9999997875345106 0.0010340282394382394 -0.002573759133652833 -0.0010349741180351313 0.9999963599976394 0.01355443033887127 0.052333352833272784 -0.38479433284561537
FixedParameters: 0 0 0
#Transform 45
Transform: MatrixOffsetTransformBase_double_3_3
Parameters: 0.9999964978601614 -0.00018886250685784233 0.0027324810694003355 0.00018671834287498545 0.9999990996367691 0.0009402417034728439 -0.002732630070379345 -0.0009397582683313421 0.9999956310198843 -0.003616704770877277 0.06279280211340676 -0.38859940520012515
FixedParameters: 0 0 0
#Transform 46
Transform: MatrixOffsetTransformBase_double_3_3
Parameters: 0.9999955650853498 0.00021217055955301964 0.0030640691602473215 -0.00021600203344558088 0.9999992471521155 0.0012870676863113162 -0.003064243510099495 -0.0012879317923018968 0.9999940026123877 -0.0014346090905235087 0.04575493149248189 -0.4116982833672438
FixedParameters: 0 0 0
#Transform 47
Transform: MatrixOffsetTransformBase_double_3_3
Parameters: 0.9999955866409931 -0.000053664291520415073 0.0029001285078714256 0.00005308437450789248 0.9999998185185912 0.0004438842084486666 -0.002900039874020703 -0.0004441174914253526 0.9999953738489415 0.020754595523925445 0.04232418475025668 -0.41923802991486525
FixedParameters: 0 0 0
#Transform 48
Transform: MatrixOffsetTransformBase_double_3_3
Parameters: 0.9999966639007026 0.000032803112695994386 0.0025168245064741334 -0.000029956800306229066 0.9999996672911323 -0.0011602832093693949 -0.0025171013551018692 0.0011597180960840753 0.9999963054031146 0.00956293284623655 0.06123168032831927 -0.3885077363058542
FixedParameters: 0 0 0
#Transform 49
Transform: MatrixOffsetTransformBase_double_3_3
Parameters: 0.9999968909046897 -0.0005716517094579265 0.0024045567896539065 0.0005711079726305325 0.9999996525398835 0.0003211752450712896 -0.0024048550293794195 -0.00031982513415268476 0.9999970329238809 -0.00008844748333558528 0.041336629233626354 -0.4484785860570497
FixedParameters: 0 0 0
#Transform 50
Transform: MatrixOffsetTransformBase_double_3_3
Parameters: 0.9999971702412843 -0.0003536090947002772 0.0023884539302885207 0.00035293792356383934 0.9999999371937023 0.0001406444477101143 -0.002388553199947514 -0.00014035475157885002 0.9999971935672861 0.0048600449627116404 0.05893349375568846 -0.3536553506289266
FixedParameters: 0 0 0
#Transform 51
Transform: MatrixOffsetTransformBase_double_3_3
Parameters: 0.9999962855221767 -0.00009604212968547624 0.002775765994692865 0.0001000011909255641 0.9999989582678488 -0.001431999506667836 -0.0027757573220320055 0.001432000814071313 0.9999952259958832 0.007702453390777464 0.04884097194910453 -0.4348831786347489
FixedParameters: 0 0 0
#Transform 52
Transform: MatrixOffsetTransformBase_double_3_3
Parameters: 0.9999966567781274 0.00008343340264915477 0.0027081033764254727 -0.00008551771625144546 0.9999996053676623 0.0005814944813309353 -0.0027089348013717316 -0.0005815042022415118 0.9999963751254423 0.0034935040374364235 0.03315689221044238 -0.38650772982130377
FixedParameters: 0 0 0
#Transform 53
Transform: MatrixOffsetTransformBase_double_3_3
Parameters: 0.9999980265514262 -0.00006466489203862036 0.002229607922088749 0.00006887173630725913 0.999998567472162 -0.0018539869096891315 -0.0022286347203439544 0.0018540131501725149 0.99999558443257 0.002061403917394955 0.029746409613821356 -0.3461484239668522
FixedParameters: 0 0 0
#Transform 54
Transform: MatrixOffsetTransformBase_double_3_3
Parameters: 0.9999980226279821 -0.00015167549406589723 0.0022258404525106953 0.00015180904269951724 0.9999999899525414 -0.00002986576056202006 -0.002225831348078243 0.000030134120743013915 0.9999980308754415 -0.014274304403713245 0.04106326193982568 -0.455420332578953
FixedParameters: 0 0 0
#Transform 55
Transform: MatrixOffsetTransformBase_double_3_3
Parameters: 0.9999973022156782 -0.00015929701260182475 0.002381679852995468 0.00016241509205821333 0.9999993419116782 -0.001282821055202249 -0.0023814711416012655 0.0012831800914156477 0.9999966681186006 -0.005717876143094713 0.031291651633736706 -0.4185251268796861
FixedParameters: 0 0 0
#Transform 56
Transform: MatrixOffsetTransformBase_double_3_3
Parameters: 0.9999957648542928 -0.00004774178108445622 0.002869166872503694 0.000051794416217220736 0.9999984659644432 -0.0015751329911421336 -0.0028693501284876768 0.001575866474479451 0.9999943344772306 0.016666372270719876 0.04392315991502471 -0.4204167927470479
FixedParameters: 0 0 0
#Transform 57
Transform: MatrixOffsetTransformBase_double_3_3
Parameters: 0.9999967900200241 -0.0003319308909757635 0.0026645440563635345 0.00033007895109741364 0.9999998560419846 0.0003476140527026439 -0.002664774104286919 -0.00034738363243361214 0.99999669246605 0.006535596136089339 0.04200189027818624 -0.46809903859131907
FixedParameters: 0 0 0
#Transform 58
Transform: MatrixOffsetTransformBase_double_3_3
Parameters: 0.999997910932148 -0.0003887136283715364 0.0019846874754579553 0.0003929803568505359 0.9999975259235527 -0.0020803592448753044 -0.0019833328259611966 0.0020816387085946797 0.9999957238728221 -0.007201587470689219 0.06412616296881879 -0.35855291319207083
FixedParameters: 0 0 0
#Transform 59
Transform: MatrixOffsetTransformBase_double_3_3
Parameters: 0.9999977401152348 -0.00020078861724497242 0.002284636931043382 0.00020092340891231258 1.0000000405230631 -0.000029739999768116365 -0.0022846250806741047 0.00002925986684888804 0.9999976978520756 0.0031357677425774 0.042918445523923765 -0.45773854517432255
FixedParameters: 0 0 0
#Transform 60
Transform: MatrixOffsetTransformBase_double_3_3
Parameters: 0.9999967356258228 -0.00007064530294928056 0.0026941999906624154 0.00007619599119995204 0.9999974292210977 -0.002141073457873191 -0.0026942936961303217 0.0021409262218510527 0.9999941386162593 0.002181577859431627 0.037516227060280016 -0.3483675874121843
FixedParameters: 0 0 0
#Transform 61
Transform: MatrixOffsetTransformBase_double_3_3
Parameters: 0.9999987040185736 -0.0003704531207642063 0.001469266437322105 0.0003711171902804369 0.9999998160684891 -0.0002255228015476396 -0.0014690988421953211 0.00022647658958320493 0.9999987857982439 0.001970406430430671 0.051399665341307355 -0.45977108400359157
FixedParameters: 0 0 0
#Transform 62
Transform: MatrixOffsetTransformBase_double_3_3
Parameters: 0.9999984181946464 -0.00042965590498545705 0.0015482888871640264 0.0004289606789712209 0.9999998377779549 0.00022460113702653384 -0.0015484816462273455 -0.00022439813011233822 0.9999984796164016 0.0018055842207473916 0.05533017063015677 -0.42966499766218647
FixedParameters: 0 0 0
#Transform 63
Transform: MatrixOffsetTransformBase_double_3_3
Parameters: 0.9999973990767612 -0.0004301167958272335 0.0023272706033761375 0.0004314345672325983 0.9999996486621694 -0.0004971962509278532 -0.0023269099964796282 0.0004978032658870535 0.9999972554016723 0.00023672643170868923 0.047187706281093256 -0.4052664171342144
FixedParameters: 0 0 0
#Transform 64
Transform: MatrixOffsetTransformBase_double_3_3
Parameters: 0.9999982617391187 -0.0001884700712706291 0.0016439768642288624 0.00018903374519477038 0.9999999515747124 0.00013224303947928506 -0.0016439586796050704 -0.00013175815001748026 0.9999982753162374 -0.0022453889548756933 0.06582929232482115 -0.46059167477943674
FixedParameters: 0 0 0
#Transform 65
Transform: MatrixOffsetTransformBase_double_3_3
Parameters: 0.9999972622927976 0.00005567945831927204 0.0023951095140865757 -0.00005281686634195915 0.9999998806389041 -0.0010282698690694675 -0.002394359448152818 0.0010287293685448534 0.9999962660270227 0.01748294649993909 0.04701636932234976 -0.41064237453177554
FixedParameters: 0 0 0
#Transform 66
Transform: MatrixOffsetTransformBase_double_3_3
Parameters: 0.9999963299960521 -0.00038563804713555224 0.0025536781660115393 0.0003855282368566087 0.9999999325993525 0.00002178563376808995 -0.002553694746034072 -0.000021214208399442103 0.999996396472292 0.011162519564308582 0.06618390017044362 -0.42384434710824337
FixedParameters: 0 0 0
#Transform 67
Transform: MatrixOffsetTransformBase_double_3_3
Parameters: 0.9999983658949815 -0.000584844032080332 0.0018144037497491968 0.0005846825465689303 0.9999997331814089 0.00004492985009357797 -0.001814455793452576 -0.00004407000429403063 0.999998628753147 0.009166116340395547 0.05357439181656787 -0.4502082386254216
FixedParameters: 0 0 0
#Transform 68
Transform: MatrixOffsetTransformBase_double_3_3
Parameters: 0.999997807167853 -0.0005129935213239309 0.0022202855287810886 0.000513404263781723 0.9999998098066681 -0.00009205931951249136 -0.0022201905868545063 0.00009294027323203391 0.9999979802487753 0.022650188033310314 0.04722394434512012 -0.34843586402703863
FixedParameters: 0 0 0
#Transform 69
Transform: MatrixOffsetTransformBase_double_3_3
Parameters: 0.999997965343998 -0.0005186316968772077 0.0019409429991043442 0.0005167724583619543 0.9999992928516854 0.0007188730035128377 -0.0019406212376262754 -0.0007181256868446506 0.9999976400077585 -0.0013974591252861046 0.05094061569018038 -0.452619163175342
FixedParameters: 0 0 0
#Transform 70
Transform: MatrixOffsetTransformBase_double_3_3
Parameters: 0.9999969751240187 -0.00009244202773029978 0.002648818083540216 0.00009330911354186018 0.9999998859744389 -0.00035202563693888245 -0.002648820714651886 0.0003519747953242558 0.9999968413409626 0.005739317296004742 0.05007432512093146 -0.4019025560659344
FixedParameters: 0 0 0
#Transform 71
Transform: MatrixOffsetTransformBase_double_3_3
Parameters: 0.9999964227819146 -0.0003432639451706181 0.0025414963559305405 0.0003430518491916171 0.9999998394761997 0.00023866899468555358 -0.002541591684287161 -0.0002373318345920694 0.9999964700174333 0.0047414509654117865 0.05746785004541266 -0.42595705977217335
FixedParameters: 0 0 0
#Transform 72
Transform: MatrixOffsetTransformBase_double_3_3
Parameters: 0.9999966287568811 -0.00018469142686677726 0.002708712488509434 0.00018463183329710386 0.9999999842833532 0.000011228728007489641 -0.0027087165511914322 -0.000010771197820183542 0.9999966442315279 0.0039827634931697276 0.050766905331954604 -0.38856918661849704
FixedParameters: 0 0 0
#Transform 73
Transform: MatrixOffsetTransformBase_double_3_3
Parameters: 0.9999974545734033 -0.00014399600720184106 0.002127130264375308 0.00014502331891177983 0.999999761793264 -0.0004758280756435862 -0.0021270607063938983 0.0004761714174101872 0.9999972396279272 0.003762078894936849 0.04133607920910265 -0.4074148032620286
FixedParameters: 0 0 0
#Transform 74
Transform: MatrixOffsetTransformBase_double_3_3
Parameters: 0.9999953033864623 -0.00020101238987066492 0.002942139138831543 0.00020014150588897373 0.9999999563690938 0.00014831800344712598 -0.0029421985097451233 -0.00014768059986845772 0.999995303209487 0.0222254158453552 0.05601216118145658 -0.42077258179530475
FixedParameters: 0 0 0
#Transform 75
Transform: MatrixOffsetTransformBase_double_3_3
Parameters: 0.9999956825295944 -0.00019568415098500413 0.002877352638838508 0.000196627910133534 0.9999999531312648 -0.00016370631351934894 -0.0028772882997944726 0.00016429226153140408 0.9999956756064554 0.0014497169534024579 0.04736601069042479 -0.3948751062011411
FixedParameters: 0 0 0
#Transform 76
Transform: MatrixOffsetTransformBase_double_3_3
Parameters: 0.9999953211877352 -0.0003086982102470457 0.0029297598922821307 0.0003072743085697371 0.9999998645995215 0.0002436297695765921 -0.002929909573876844 -0.00024236792781964778 0.9999953384905832 0.014012915887519739 0.032276981193277265 -0.43252760010842906
FixedParameters: 0 0 0
#Transform 77
Transform: MatrixOffsetTransformBase_double_3_3
Parameters: 0.9999960958799158 0.0000380439219248108 0.002811248235992695 -0.000039733986780834935 0.9999995194527364 0.0006556145813325226 -0.0028110612224315186 -0.000655385341051265 0.9999957170650784 0.016577570141464548 0.04906860828195647 -0.41492266582727666
FixedParameters: 0 0 0
#Transform 78
Transform: MatrixOffsetTransformBase_double_3_3
Parameters: 0.9999953216522542 -0.0002110028053128759 0.003103837091280511 0.00021119078693924596 0.9999999420874048 -0.00019068473376777917 -0.003103824467422626 0.00019131657617171838 0.9999953066024166 0.02581501211201953 0.046557065553983534 -0.3933564906429581
FixedParameters: 0 0 0
#Transform 79
Transform: MatrixOffsetTransformBase_double_3_3
Parameters: 0.9999966882489975 -0.0001319264246636373 0.0025088667868157733 0.00012996775540439264 0.9999993757860236 0.0007881243736505422 -0.002508937129254236 -0.0007878744524161124 0.9999960705740408 -0.000528981544661633 0.059758690593994856 -0.41952146992883854
FixedParameters: 0 0 0
#Transform 80
Transform: MatrixOffsetTransformBase_double_3_3
Parameters: 0.999996321326395 0.00007976772496631632 0.0027699398729687363 -0.00008081698465430025 0.9999998076689539 0.00036950151215388305 -0.002769812521908528 -0.00036949842640873753 0.9999962405964656 0.01833808816633109 0.04622831657998461 -0.4178936496390975
FixedParameters: 0 0 0
#Transform 81
Transform: MatrixOffsetTransformBase_double_3_3
Parameters: 0.9999960713735897 -0.00014425671019738652 0.0026282637378953703 0.00014493585258511463 0.9999998958351588 -0.00031889174457269687 -0.0026282395007248744 0.00031910895404202444 0.9999969720158769 0.01629420727580566 0.04425838201160559 -0.3976010482603556
FixedParameters: 0 0 0
#Transform 82
Transform: MatrixOffsetTransformBase_double_3_3
Parameters: 0.999997067005562 -0.00034640593079934986 0.0021942243966749796 0.0003426629412018204 0.9999986541468714 0.0015195570214529414 -0.0021940697069479684 -0.0015194429974750429 0.9999967950899343 0.005074277484993672 0.06788978751154673 -0.4280605730766496
FixedParameters: 0 0 0
#Transform 83
Transform: MatrixOffsetTransformBase_double_3_3
Parameters: 0.9999965570053501 -0.00033550661203329824 0.002707474883911847 0.000336340496487954 0.9999998819435534 -0.0001533614079764628 -0.0027073714192951846 0.00015463752427898048 0.9999966276299571 0.010169953541037557 0.04999660694154784 -0.40459437371200124
FixedParameters: 0 0 0
#Transform 84
Transform: MatrixOffsetTransformBase_double_3_3
Parameters: 0.9999981246191617 -0.0005024258702428868 0.001619550920461657 0.0005022137036412347 0.9999998158682589 0.00006575019513746505 -0.0016196167241054786 -0.0000652495586245666 0.999998300170422 0.01014245746729614 0.057865920607397925 -0.43406419975892163
FixedParameters: 0 0 0
#Transform 85
Transform: MatrixOffsetTransformBase_double_3_3
Parameters: 0.9999986613186927 -0.00044095975880520497 0.0014643201673548022 0.0004402861238890618 0.9999997575771553 0.0002305770806754759 -0.0014645228539014248 -0.00022942227919636737 0.9999987979417472 -0.0029672935518334498 0.058133961295482095 -0.44872076209463785
FixedParameters: 0 0 0
#Transform 86
Transform: MatrixOffsetTransformBase_double_3_3
Parameters: 0.9999973115691794 -0.0001483775198829636 0.0023804219454710064 0.00014812043182325487 0.999999988984434 0.000054149177944815 -0.0023804379564762185 -0.00005385053138785845 0.9999973167527527 0.01025756567734959 0.057364207267497136 -0.4129160600640347
FixedParameters: 0 0 0
#Transform 87
Transform: MatrixOffsetTransformBase_double_3_3
Parameters: 0.9999965232916364 -0.0006721201424228504 0.0026505553245101594 0.0006725298277207895 0.9999995638499319 -0.00026448526762780367 -0.002650266333971077 0.00026651553881312795 0.9999968184608509 0.013686220579344877 0.04372180620441668 -0.3884603339863446
FixedParameters: 0 0 0
#Transform 88
Transform: MatrixOffsetTransformBase_double_3_3
Parameters: 0.9999978202438328 -0.0004815970668880156 0.002224369249685664 0.0004812211400862129 0.9999998428409967 0.00008487171935958604 -0.002224450607679243 -0.00008412791105361084 0.9999979631224295 -0.007179697457530665 0.04917279525234619 -0.45042620453146753
FixedParameters: 0 0 0
#Transform 89
Transform: MatrixOffsetTransformBase_double_3_3
Parameters: 0.9999961800751526 -0.0003866967637987425 0.002582747260538968 0.00038741396295503594 0.9999997538418874 -0.0003312039371496378 -0.0025825582703676154 0.00033279605623171005 0.9999962057850693 -0.000003703926125808721 0.042790360473304645 -0.39802421117252607
FixedParameters: 0 0 0
#Transform 90
Transform: MatrixOffsetTransformBase_double_3_3
Parameters: 0.9999949432954611 -0.0001512845166625809 0.0030055934300894567 0.00015626822533297265 0.9999987704295732 -0.0014928767323378472 -0.003005406314379452 0.001493122506382838 0.9999947147563204 0.015356562048566502 0.03746560255821407 -0.35285117247050835
FixedParameters: 0 0 0
#Transform 91
Transform: MatrixOffsetTransformBase_double_3_3
Parameters: 0.9999952452061619 -0.00009311634580771435 0.002957256516904994 0.00010061134214029338 0.999997016400452 -0.0024479837068906024 -0.0029572583785513165 0.0024480137482448955 0.9999922433597914 0.012718449013405575 0.03879327666328436 -0.4962844122003389
FixedParameters: 0 0 0
#Transform 92
Transform: MatrixOffsetTransformBase_double_3_3
Parameters: 0.9999976033147766 -0.0003230330996927118 0.0020717935746521004 0.0003222975912253484 0.9999999414908759 0.0001775369943367161 -0.0020719081205795306 -0.0001774621436538143 0.999997598811678 -0.008522631157887872 0.0577534581327086 -0.43216227348816005
FixedParameters: 0 0 0
#Transform 93
Transform: MatrixOffsetTransformBase_double_3_3
Parameters: 0.9999986249586498 -0.0007004484586711194 0.0016985276872090536 0.0007008144934197442 0.999999425022956 -0.0004009414744364226 -0.001698033094294111 0.0004020590339613994 0.9999988775308317 0.0032004815914916662 0.04386103585004264 -0.32543701307604067
FixedParameters: 0 0 0
#Transform 94
Transform: MatrixOffsetTransformBase_double_3_3
Parameters: 0.9999982673716383 -0.0001317236155375098 0.0019275048076436193 0.0001310875304793072 0.9999999647596589 0.00016511728193685515 -0.0019275481715724714 -0.00016488213731034873 0.9999982481620205 -0.011125893336952686 0.028328973324278195 -0.41999133206097383
FixedParameters: 0 0 0
#Transform 95
Transform: MatrixOffsetTransformBase_double_3_3
Parameters: 0.9999971403784843 -0.00025359629455099875 0.002189817461995346 0.0002534605238764857 0.9999999440143216 0.00003141937999280586 -0.002189833180801012 -0.00003058044264911408 0.9999971944421878 0.01672108973572506 0.04556988781475013 -0.35133069264948347
FixedParameters: 0 0 0
#Transform 96
Transform: MatrixOffsetTransformBase_double_3_3
Parameters: 0.9999978610018766 -0.0004779189392847701 0.0019780275941818784 0.00047730708369657403 0.9999998300893849 0.00013781331024803611 -0.0019771612534233364 -0.00013718643832696942 0.9999979931000363 0.0036478956143781716 0.04041436486227212 -0.35535102911933336
FixedParameters: 0 0 0
#Transform 97
Transform: MatrixOffsetTransformBase_double_3_3
Parameters: 0.9999969964288146 -0.0005323758432203964 0.002391956522167707 0.0005304572833894561 0.999999769546923 0.001013140755142125 -0.0023918309124513985 -0.0010118607466764878 0.9999961765646497 0.011180675556602182 0.0487083463550988 -0.38766547791342987
FixedParameters: 0 0 0
#Transform 98
Transform: MatrixOffsetTransformBase_double_3_3
Parameters: 0.9999976360722522 -0.00013976418341694516 0.002084319341814259 0.00014240831750696024 0.9999997505766496 -0.001112841963986172 -0.0020841413140045262 0.00111315864640818 0.9999974079536037 0.007550849390256076 0.02933028341725219 -0.3057815297871542
FixedParameters: 0 0 0
#Transform 99
Transform: MatrixOffsetTransformBase_double_3_3
Parameters: 0.9999957927966593 -0.00026327129422653174 0.0028526837159043193 0.0002630023699537783 0.9999998999787817 0.00022247971056074678 -0.002852732533861066 -0.00022152126355526325 0.9999957942494829 0.02165613828201174 0.02814938172915049 -0.4036631623971374
FixedParameters: 0 0 0
#Transform 100
Transform: MatrixOffsetTransformBase_double_3_3
Parameters: 0.9999972253603866 -0.0002928586716753101 0.002384658732489886 0.00029394200100237006 0.9999997497103588 -0.00042150381144026583 -0.002385476801904467 0.0004224962264629678 0.9999971194815286 0.010335603284445938 0.036594402156964634 -0.3805406690051001
FixedParameters: 0 0 0
#Transform 101
Transform: MatrixOffsetTransformBase_double_3_3
Parameters: 0.9999958032005923 -0.00018951745973249295 0.0028567209213867847 0.00019494972729369945 0.9999986545649064 -0.0018237230365544532 -0.002856359727712173 0.001824278423679937 0.9999944946620125 0.0221007059895868 0.03656932895331977 -0.3952860517473198
FixedParameters: 0 0 0
#Transform 102
Transform: MatrixOffsetTransformBase_double_3_3
Parameters: 0.9999976132981596 -0.000508379675585979 0.0022644854897671137 0.0005070401716864113 0.9999994898516669 0.0005169460245058322 -0.002264941432235199 -0.0005150535316409272 0.9999975909342955 0.008444235301993785 0.04608798024725047 -0.42679022820713897
FixedParameters: 0 0 0
#Transform 103
Transform: MatrixOffsetTransformBase_double_3_3
Parameters: 0.9999960598995079 -0.00009137220644461191 0.0026327543539417077 0.00009519549494714242 0.999998807541571 -0.0014840264405613368 -0.002632749548758077 0.001483974764909926 0.9999958478340838 0.011736590415523551 0.04550411648531849 -0.3325155827694459
FixedParameters: 0 0 0
#Transform 104
Transform: MatrixOffsetTransformBase_double_3_3
Parameters: 0.9999980707704383 -0.0006930143444265002 0.0018571369190406907 0.0006928267687720789 0.999999594420245 0.00005115568676737625 -0.0018572069037363374 -0.00004984411812200551 0.9999984712497626 0.0017941024483434376 0.05061497688886618 -0.4413586099496598
FixedParameters: 0 0 0
#Transform 105
Transform: MatrixOffsetTransformBase_double_3_3
Parameters: 0.9999965557009354 -0.0007646730909780975 0.0024205295014495987 0.0007651406633632914 0.9999994846616681 0.00011065342973917702 -0.002420629001323281 -0.00010834828033050303 0.9999970470586418 0.012003079946893536 0.05135729902158914 -0.3894206436799976
FixedParameters: 0 0 0
#Transform 106
Transform: MatrixOffsetTransformBase_double_3_3
Parameters: 0.9999975647564847 -0.00014029422868353902 0.0021013209705087843 0.00014319301744919295 0.9999990235549598 -0.001401837672719411 -0.0021011275666784784 0.0014021619132948415 0.9999966099878076 0.0017737083602469284 0.04005675703467659 -0.37678665885739804
FixedParameters: 0 0 0
#Transform 107
Transform: MatrixOffsetTransformBase_double_3_3
Parameters: 0.999998352758885 -0.00025008906357605897 0.0016076981751773224 0.0002497691255841225 1.0000000001192308 0.00009933842027098905 -0.0016077479109129775 -0.00009966124995684777 0.9999983328394695 0.022983418095378738 0.050149769065967575 -0.4226771563412939
FixedParameters: 0 0 0
#Transform 108
Transform: MatrixOffsetTransformBase_double_3_3
Parameters: 0.9999972124889599 -0.0005350022115330927 0.002121620810747447 0.0005360650747768112 0.9999997275633431 -0.0002499942459844168 -0.002121352508381321 0.0002510043260365441 0.9999973594253135 0.024674152534487348 0.037678694208750585 -0.4210884306980063
FixedParameters: 0 0 0
#Transform 109
Transform: MatrixOffsetTransformBase_double_3_3
Parameters: 0.9999970063907166 -0.00036519851767539654 0.00242087383901295 0.0003657909312946498 0.9999996624591275 -0.0005343148635808814 -0.0024206191549743608 0.0005346865108488974 0.9999967725496293 0.012466292442837812 0.028752108090870365 -0.3203755568406166
FixedParameters: 0 0 0
#Transform 110
Transform: MatrixOffsetTransformBase_double_3_3
Parameters: 0.9999956179924138 -0.0002036612597044263 0.003056223085155658 0.00020801223864975083 0.9999986459710934 -0.001527710684252906 -0.0030559341229061446 0.0015282902162207512 0.9999943024382186 0.02851664814544108 0.050361023191172194 -0.4201997110873634
FixedParameters: 0 0 0
#Transform 111
Transform: MatrixOffsetTransformBase_double_3_3
Parameters: 0.999997580406014 -0.000159654235538022 0.0023225199848461637 0.00015802275992038436 0.9999996682919708 0.0005661649546331304 -0.002322631775009067 -0.0005658342717423381 0.99999727140152 0.008891576691937075 0.04128526891837225 -0.4263724742492201
FixedParameters: 0 0 0
#Transform 112
Transform: MatrixOffsetTransformBase_double_3_3
Parameters: 0.9999960478363278 -0.00023744450535710708 0.0026260135672544057 0.0002418535346229763 0.9999990376132323 -0.0014095680833475094 -0.0026255420430478103 0.0014094287210079381 0.9999950368385655 0.022467714708596986 0.030224228650226337 -0.33747525430894143
FixedParameters: 0 0 0
#Transform 113
Transform: MatrixOffsetTransformBase_double_3_3
