#Insight Transform File V1.0
#Transform 0
Transform: MatrixOffsetTransformBase_double_3_3
Parameters: 0.9999756069433406 -0.0017123364156450595 0.006816184657306104 0.0017108299919566042 0.9999987753604801 0.00011614513405044935 -0.006816562916407427 -0.00010484947236881481 0.9999768071626943 0.13081628443627835 0.04411344036154219 -0.22169766767507326
FixedParameters: 0 0 0
#Transform 1
Transform: MatrixOffsetTransformBase_double_3_3
Parameters: 0.9999789466068131 -0.0011739261509580352 0.006377374627154945 0.0011869393834373942 0.9999972463085639 -0.0019448735647028814 -0.00637558598372365 0.0019521239745406982 0.9999781069116793 0.1076640233710151 0.05282635984319484 -0.30619511901494434
FixedParameters: 0 0 0
#Transform 2
Transform: MatrixOffsetTransformBase_double_3_3
Parameters: 0.9999806379344578 -0.0008840507100109198 0.0062112931149734645 0.0008849637561573881 0.9999995083328304 -0.0000708479282375829 -0.006211163092421516 0.00007614922475790431 0.9999811187973255 0.10531978081631621 0.044295510708479924 -0.29314083469091656
FixedParameters: 0 0 0
#Transform 3
Transform: MatrixOffsetTransformBase_double_3_3
Parameters: 0.9999825389247591 -0.0010166310865487654 0.0058675232566175566 0.0010172293531382115 0.9999992974231832 -0.0001331687196836906 -0.005867314663959041 0.00013883217688340221 0.9999822045094583 0.08977011037852378 0.053602905821634295 -0.2927515537710832
FixedParameters: 0 0 0
#Transform 4
Transform: MatrixOffsetTransformBase_double_3_3
Parameters: 0.9999858062236031 -0.0006407736475352031 0.005365132276373274 0.0006459675913509207 0.9999997007802203 -0.001040490575775807 -0.005364199574292198 0.0010435120416663196 0.9999849338963681 0.07427024911326896 0.027216774785472353 -0.3509931979118619
FixedParameters: 0 0 0
#Transform 5
Transform: MatrixOffsetTransformBase_double_3_3
Parameters: 0.9999860487497373 -0.0006640861036027515 0.005148850315534391 0.0006653756336566989 0.9999996522231619 -0.0003174510704377631 -0.005148562244677732 0.00032055032774026826 0.9999861930028359 0.06338961774744689 0.03424600447678472 -0.3632248843864261
FixedParameters: 0 0 0
#Transform 6
Transform: MatrixOffsetTransformBase_double_3_3
Parameters: 0.9999880483503871 -0.00015862915750141526 0.004788010058327754 0.00016743929567344191 0.9999988816681863 -0.0017529702650502105 -0.004787982415302389 0.0017540293692401288 0.9999870171183288 0.049318106162274944 0.05039836753125826 -0.31334502358045313
FixedParameters: 0 0 0
#Transform 7
Transform: MatrixOffsetTransformBase_double_3_3
Parameters: 0.9999909388418263 -0.00013783698799643232 0.004363723887659762 0.00013840426798286025 1.0000000229588615 -0.00006507527088404907 -0.004363705932495401 0.00006492355062232003 0.9999909074332519 0.03407853539142991 0.05102952362159385 -0.3502769777347794
FixedParameters: 0 0 0
#Transform 8
Transform: MatrixOffsetTransformBase_double_3_3
Parameters: 0.9999918815555574 -0.00010787316794721777 0.004013698675073698 0.0001145610965853799 0.9999984366171559 -0.001587099545446627 -0.004012755965031024 0.001587897257959478 0.9999904046077159 0.02568880594419909 0.06089058262260494 -0.43673352834640866
FixedParameters: 0 0 0
#Transform 9
Transform: MatrixOffsetTransformBase_double_3_3
Parameters: 0.999987258316115 -0.00003267134515345401 0.004973705397231346 0.00004311056964924939 0.9999981080361622 -0.0019516329157763107 -0.0049741696058789985 0.0019523627661410803 0.9999855296260325 0.060473184834236804 0.049009687779047795 -0.293596283030638
FixedParameters: 0 0 0
#Transform 10
Transform: MatrixOffsetTransformBase_double_3_3
Parameters: 0.9999894154546592 -0.0002969012837432778 0.004527274644015708 0.0003033086406727336 0.9999987687449224 -0.0014783199212279469 -0.0045268630355881825 0.001479679974187062 0.9999882718030584 0.04724902764296246 0.05050637914662559 -0.368969308842253
FixedParameters: 0 0 0
#Transform 11
Transform: MatrixOffsetTransformBase_double_3_3
Parameters: 0.9999894330789657 -0.00031952235769549435 0.004633008796040665 0.00032617126233896993 0.9999984533996791 -0.0015782518633722792 -0.004632533361882732 0.001579750360603177 0.9999879931637962 0.043845448335090964 0.04615890586958926 -0.3395234426625109
FixedParameters: 0 0 0
#Transform 12
Transform: MatrixOffsetTransformBase_double_3_3
Parameters: 0.9999875474318644 -0.000026407023947796213 0.00504503728791917 0.000040007744922503346 0.999996416513967 -0.0027386559319975273 -0.0050448099026119955 0.002739343908882391 0.9999831265529628 0.053207205414054215 0.046320510325188025 -0.35991075094702296
FixedParameters: 0 0 0
#Transform 13
Transform: MatrixOffsetTransformBase_double_3_3
Parameters: 0.9999880830418134 -0.00017835969310334778 0.004783723261740406 0.0001862101784360076 0.9999985503640091 -0.0015499461141952192 -0.00478363409917864 0.0015510522743141658 0.9999877245493721 0.047942666994813976 0.041402245679293515 -0.37275294870035225
FixedParameters: 0 0 0
#Transform 14
Transform: MatrixOffsetTransformBase_double_3_3
Parameters: 0.9999876433952153 -0.00028455757916687934 0.004926978185981616 0.00029296757179406635 0.9999981416474903 -0.001662463668636066 -0.004926561586172826 0.0016645354753151431 0.9999869672477237 0.051880212372850565 0.045820432979880366 -0.35790696687303125
FixedParameters: 0 0 0
#Transform 15
Transform: MatrixOffsetTransformBase_double_3_3
Parameters: 0.9999867443052441 -0.0005661294356713435 0.005093020521788127 0.000582158477913828 0.9999943039004845 -0.00323795306992046 -0.00509045686405153 0.003241044865837775 0.9999814514983031 0.05714818308223357 0.036368111933313685 -0.3762781055090585
FixedParameters: 0 0 0
#Transform 16
Transform: MatrixOffsetTransformBase_double_3_3
Parameters: 0.9999876104849263 -0.00011841971564216779 0.005037196955900611 0.0001283707490628382 0.9999983739087536 -0.001878200336623892 -0.0050373453673660164 0.0018797964153406538 0.9999851752497637 0.057514422362828554 0.04514631051493723 -0.4072866580539056
FixedParameters: 0 0 0
#Transform 17
Transform: MatrixOffsetTransformBase_double_3_3
Parameters: 0.999989047423238 -0.0001624965226720374 0.004682273254906526 0.00017922043063398798 0.9999937701493685 -0.0034899496506270583 -0.0046821687273500435 0.0034910475350781317 0.9999829098953001 0.04810784641193777 0.018065150164687793 -0.40955813145338027
FixedParameters: 0 0 0
#Transform 18
Transform: MatrixOffsetTransformBase_double_3_3
Parameters: 0.9999916065984747 -0.00020989109599578104 0.004165119658706301 0.0002256644248122894 0.9999924779965319 -0.0038097031211856702 -0.0041645484284435486 0.003810295707570646 0.9999840961748176 0.03761415536902746 0.03215560890708957 -0.4252068169984966
FixedParameters: 0 0 0
#Transform 19
Transform: MatrixOffsetTransformBase_double_3_3
Parameters: 0.9999917344043875 -0.0002470993014516927 0.0040254419615510404 0.00026160490166018854 0.9999934618666252 -0.0035365162726977706 -0.004024594877230216 0.0035374781074989925 0.9999852516398398 0.03020483485155978 0.005810380177905472 -0.5022929054964465
FixedParameters: 0 0 0
#Transform 20
Transform: MatrixOffsetTransformBase_double_3_3
Parameters: 0.9999907955490003 -0.00014860565710262086 0.004264363150558685 0.0001611253838325018 0.9999950402089506 -0.0029970185072208527 -0.004263321396422328 0.002996982002797452 0.999986791199005 0.05046596599630959 0.036607124703579075 -0.41425083747421354
FixedParameters: 0 0 0
#Transform 21
Transform: MatrixOffsetTransformBase_double_3_3
Parameters: 0.9999912752630337 -0.0003844634268940822 0.004071649478889038 0.00039810054220462086 0.9999942086395841 -0.0032670169751758543 -0.004069976235986808 0.003268981236139057 0.9999867068351442 0.0501388505521021 0.01742270993729278 -0.4243747156801021
FixedParameters: 0 0 0
#Transform 22
Transform: MatrixOffsetTransformBase_double_3_3
Parameters: 0.9999927290080388 -0.00017878830884996967 0.0037733412247030113 0.00019133416096605294 0.9999944420796029 -0.0032487739694264522 -0.003772954875911595 0.0032492204943538883 0.9999871748136515 0.016663195145923737 0.011136704825361221 -0.47515764923107895
FixedParameters: 0 0 0
#Transform 23
Transform: MatrixOffsetTransformBase_double_3_3
Parameters: 0.9999935957403883 -0.00014828478514425622 0.00365798333548267 0.0001650183872878948 0.9999902328219697 -0.004332898341629282 -0.0036576460184572636 0.004333094342616667 0.9999838128701635 0.018552330576682152 0.009315853405510666 -0.4530883356702873
FixedParameters: 0 0 0
#Transform 24
Transform: MatrixOffsetTransformBase_double_3_3
Parameters: 0.9999912494769992 -0.00012913140485648535 0.00421134955573502 0.0001473099912281759 0.9999914779342715 -0.004180034779927497 -0.004210352451172152 0.004180968158974591 0.999982818062388 0.0263907773409926 0.026896621132706855 -0.4419930473003433
FixedParameters: 0 0 0
#Transform 25
Transform: MatrixOffsetTransformBase_double_3_3
Parameters: 0.9999921863126995 -0.0005209425090226018 0.0038134188750283847 0.0005361049236707962 0.9999922978945114 -0.003810522316126691 -0.0038113398066200194 0.0038124757419430444 0.9999858331480178 0.01924672923340154 0.01954391073719819 -0.4927036004083476
FixedParameters: 0 0 0
#Transform 26
Transform: MatrixOffsetTransformBase_double_3_3
Parameters: 0.9999903709385441 -0.000018644792044261347 0.004430893713493375 0.00003714639711812934 0.9999918371826615 -0.004017558223182144 -0.004429830456473174 0.004017438999816977 0.9999822528658934 0.04718725674209168 0.026625070617456004 -0.43704720665888885
FixedParameters: 0 0 0
#Transform 27
Transform: MatrixOffsetTransformBase_double_3_3
Parameters: 0.9999917886363613 -0.00012632917596986848 0.004146440489799049 0.00014234401907555844 0.9999921547433323 -0.003856051852807116 -0.004146492732580453 0.0038559444566015344 0.9999838961969941 0.052672171764598374 0.024207427641712798 -0.46675113821407876
FixedParameters: 0 0 0
#Transform 28
Transform: MatrixOffsetTransformBase_double_3_3
Parameters: 0.9999892873868232 -0.0006631748886210408 0.0046118843461097885 0.0006801768524656788 0.9999932811025248 -0.0036666426225552134 -0.004610108524534314 0.0036693624876871223 0.9999830975812917 0.05586469867476751 0.044661048862693065 -0.43594211081509116
FixedParameters: 0 0 0
#Transform 29
Transform: MatrixOffsetTransformBase_double_3_3
Parameters: 0.9999882775133716 -0.00009035434426958759 0.004765991445963554 0.00010939466388041642 0.9999920248653643 -0.0039932738198591305 -0.004765488346675744 0.0039937236593615005 0.9999803562651784 0.054835437290094546 0.023744386966470188 -0.4080126331982541
FixedParameters: 0 0 0
#Transform 30
Transform: MatrixOffsetTransformBase_double_3_3
Parameters: 0.9999890122711442 -0.0003398028446521982 0.004676818348637807 0.00035491190207244963 0.999994172080638 -0.0034281251157445153 -0.004675592409704714 0.0034298809020944787 0.9999833238895163 0.06156492602218577 0.004700763937279362 -0.4384540793730167
FixedParameters: 0 0 0
#Transform 31
Transform: MatrixOffsetTransformBase_double_3_3
Parameters: 0.9999896310710028 -0.00019501593786384433 0.004508761646138481 0.00021323459424607953 0.999991908311211 -0.004011756884363629 -0.004508348012756471 0.004012240358704858 0.9999815301895035 0.05493681288788821 0.02749065386831262 -0.38688147937955364
FixedParameters: 0 0 0
#Transform 32
Transform: MatrixOffsetTransformBase_double_3_3
Parameters: 0.9999887105072013 -0.00022685823819548572 0.004820396386652585 0.00024392347479640415 0.9999937966651077 -0.0036326134972162194 -0.004819910302399614 0.0036333898787913876 0.9999815162112161 0.057558884555078293 0.0019058504045119662 -0.42897440921370844
FixedParameters: 0 0 0
#Transform 33
Transform: MatrixOffsetTransformBase_double_3_3
Parameters: 0.9999893277183353 -0.0001782198583678735 0.004652186223321883 0.00019439926117329062 0.999993206883996 -0.003568883291085956 -0.004651014717775468 0.003570114466388871 0.9999826379628373 0.0627679171976041 0.0034603417800838088 -0.4519434904335924
FixedParameters: 0 0 0
#Transform 34
Transform: MatrixOffsetTransformBase_double_3_3
Parameters: 0.9999881433847883 -0.00010637194855578295 0.004883227815303672 0.00012539116441300164 0.9999927945364204 -0.003895184808001287 -0.004882619578429158 0.003895814380129481 0.9999799987152665 0.060227579927513375 0.03578342277687341 -0.3494783374475219
FixedParameters: 0 0 0
#Transform 35
Transform: MatrixOffsetTransformBase_double_3_3
Parameters: 0.9999889171709698 -0.000521311111232638 0.00467005517504966 0.0005373109637008673 0.999994892305432 -0.0033072724048025526 -0.004668570610070587 0.0033097318607055726 0.9999841323266634 0.057742831482201495 0.026846964903910475 -0.4101362997954965
FixedParameters: 0 0 0
#Transform 36
Transform: MatrixOffsetTransformBase_double_3_3
Parameters: 0.9999923868676361 -0.0006686078883142804 0.0038941933146249487 0.0006840966223626399 0.9999915386574341 -0.0040209010628941 -0.003891836313166379 0.004023099976428357 0.9999844949810002 0.05464200540441766 0.02483898589602518 -0.2118928168362686
FixedParameters: 0 0 0
#Transform 37
Transform: MatrixOffsetTransformBase_double_3_3
Parameters: 0.9999878115055952 -0.0002901646631979295 0.004909557218512741 0.0002990201550603105 0.9999982899761142 -0.0019173698612757334 -0.0049091073078402865 0.0019186337959820748 0.9999861640232481 0.061595381595935805 0.02494326676567482 -0.30232812342893567
FixedParameters: 0 0 0
#Transform 38
Transform: MatrixOffsetTransformBase_double_3_3
Parameters: 0.9999873781406193 -0.00033993663782455266 0.004950394552744998 0.00036098606765893855 0.9999917763447755 -0.004141080456554827 -0.004948851604587249 0.004142921212766007 0.9999792891026443 0.05760189256356796 0.01799862073312397 -0.31022783030205403
FixedParameters: 0 0 0
#Transform 39
Transform: MatrixOffsetTransformBase_double_3_3
Parameters: 0.9999900596244413 -0.0007858729159083528 0.004508087346296966 0.0008058075637439633 0.9999900630599451 -0.0042981497070568725 -0.004504530710673378 0.004301848015227788 0.9999810162097899 0.036718641899696536 0.024640598907126332 -0.4028898438554762
FixedParameters: 0 0 0
#Transform 40
Transform: MatrixOffsetTransformBase_double_3_3
Parameters: 0.9999883518695691 -0.00014573092364977505 0.00475642171976978 0.00016501234189974332 0.9999918023635003 -0.004019009772436369 -0.004756464968681727 0.004019985693818562 0.999980236450392 0.0560805672549094 0.0128609471893526 -0.3918916571614801
FixedParameters: 0 0 0
#Transform 41
Transform: MatrixOffsetTransformBase_double_3_3
Parameters: 0.999990479704072 0.0001914721475210963 0.004413816727370692 -0.00016885571501350937 0.9999872438182855 -0.0050634856138375844 -0.0044151420639975715 0.005062519271150034 0.9999779673445438 0.029299079236835723 0.00604326124231136 -0.39815849282392435
FixedParameters: 0 0 0
#Transform 42
Transform: MatrixOffsetTransformBase_double_3_3
Parameters: 0.9999906078576769 0.00003392923494381758 0.0042887252104823635 -0.00001281441406825092 0.9999888267097596 -0.004803722588589562 -0.004288314693920943 0.004804282193931031 0.9999796238148387 0.04736700373126723 0.013518120836010894 -0.49416948994580423
FixedParameters: 0 0 0
#Transform 43
Transform: MatrixOffsetTransformBase_double_3_3
Parameters: 0.999989348603361 -0.0000880339163834561 0.004543459687603746 0.00011044969752714353 0.9999868612641648 -0.005109231923490151 -0.004543080207238344 0.005109767291426537 0.9999762727523643 0.052478046112355514 -0.010092680344598648 -0.4349204928914219
FixedParameters: 0 0 0
#Transform 44
Transform: MatrixOffsetTransformBase_double_3_3
Parameters: 0.9999928984814094 -0.00017502270031317208 0.003751430186793198 0.0001930293870718736 0.9999875614010951 -0.004935788221440751 -0.003749907872692749 0.004937209426535194 0.9999805985590269 0.04664907362199244 -0.004452513301302474 -0.4609712875103611
FixedParameters: 0 0 0
#Transform 45
Transform: MatrixOffsetTransformBase_double_3_3
Parameters: 0.9999897373864449 0.00006433902280706267 0.004501087261904901 -0.000042629913509152086 0.9999883069497673 -0.004753924394046191 -0.004501028743034973 0.004754067263060949 0.9999782289602936 0.049649791842298896 -0.0028634086827423744 -0.4316423036075321
FixedParameters: 0 0 0
#Transform 46
Transform: MatrixOffsetTransformBase_double_3_3
Parameters: 0.9999898930206366 -0.00011469537397837504 0.004482644506442353 0.00013861946086847973 0.9999866141916623 -0.0052361126147527914 -0.004481884810011488 0.005235890890331246 0.9999764467676331 0.05294535177327475 0.004723948375740861 -0.36245909264614795
FixedParameters: 0 0 0
#Transform 47
Transform: MatrixOffsetTransformBase_double_3_3
Parameters: 0.9999912324816264 -0.00024381089928679034 0.004208011549496613 0.0002627144998097167 0.9999897363042056 -0.004498544615889305 -0.004207024963976829 0.004499454408749062 0.999981013795149 0.048752211161044556 -0.013102407753464718 -0.44625369215654587
FixedParameters: 0 0 0
#Transform 48
Transform: MatrixOffsetTransformBase_double_3_3
Parameters: 0.9999903169820258 -0.00011396535476689186 0.00443468124446931 0.0001358807795961995 0.9999886794595074 -0.004720126479388076 -0.004434862146576721 0.004720868088131894 0.9999790708401108 0.041169309506102536 0.007415864462117838 -0.41622218453426285
FixedParameters: 0 0 0
#Transform 49
Transform: MatrixOffsetTransformBase_double_3_3
Parameters: 0.999991675553564 -0.00009647413846948668 0.0041612349610183055 0.00011702458127254958 0.9999883473925977 -0.004755168251047659 -0.00416051425989779 0.004755825913887388 0.9999800981766274 0.03681430191494428 0.0003811678463989665 -0.38096604211165186
FixedParameters: 0 0 0
#Transform 50
Transform: MatrixOffsetTransformBase_double_3_3
Parameters: 0.9999950314969915 -0.0004776369618743143 0.0031211022029907637 0.0004939835761743978 0.9999877750834649 -0.005006749688159312 -0.0031182546810915607 0.0050082472533858335 0.9999821058774016 0.0034550140928075734 0.011582314625627532 -0.513526191493213
FixedParameters: 0 0 0
#Transform 51
Transform: MatrixOffsetTransformBase_double_3_3
Parameters: 0.9999918393939062 -0.00026908799048375946 0.0040110159186863 0.0002887294881021142 0.9999873452183196 -0.0050604272002783 -0.004009621095479923 0.005061578525245025 0.9999792661696462 0.046177523516277574 0.004755447682796898 -0.40507358915323266
FixedParameters: 0 0 0
#Transform 52
Transform: MatrixOffsetTransformBase_double_3_3
Parameters: 0.9999926471631099 -0.00044228359586338144 0.0037625888937495634 0.00046048443826120396 0.9999875235095187 -0.0049287753867908735 -0.0037604281730088686 0.004931221186634832 0.9999805134010558 0.03617451647505732 0.002659417414776044 -0.4822300203658614
FixedParameters: 0 0 0
#Transform 53
Transform: MatrixOffsetTransformBase_double_3_3
Parameters: 0.999994831944186 -0.0004070612524574561 0.003316929451558272 0.0004239312033530514 0.9999875142259038 -0.004940023991757872 -0.0033149098305703035 0.0049409744767890534 0.9999825002111528 0.024654175629621022 -0.008341724013305907 -0.5065239637513059
FixedParameters: 0 0 0
#Transform 54
Transform: MatrixOffsetTransformBase_double_3_3
Parameters: 0.9999897528426182 -0.00023924906484259882 0.004603079804205488 0.00026100833130840423 0.9999883299827762 -0.0048555323277226226 -0.004602214625006025 0.004857468458242822 0.9999772511431346 0.04870370063208895 -0.004458335299815985 -0.4461197604712339
FixedParameters: 0 0 0
#Transform 55
Transform: MatrixOffsetTransformBase_double_3_3
Parameters: 0.9999914129553231 -0.00010087510207503885 0.004192112090026051 0.0001189073309282368 0.9999915388312751 -0.004173084827467047 -0.004192351083294201 0.004173911235302696 0.9999820376314199 0.025829663359232313 0.03480070994181972 -0.42400592086509903
FixedParameters: 0 0 0
#Transform 56
Transform: MatrixOffsetTransformBase_double_3_3
Parameters: 0.9999918071196799 -0.00017442797968933042 0.0040200343235549454 0.00019224584093997462 0.999990081703668 -0.0045738115501696985 -0.004019649440056004 0.0045741998028687725 0.9999818820243759 0.042354920063800705 0.0007520364894020304 -0.4724801075736025
FixedParameters: 0 0 0
#Transform 57
Transform: MatrixOffsetTransformBase_double_3_3
Parameters: 0.9999895680337411 -0.00017373791156187173 0.004516996696141857 0.00019748175566045338 0.9999860591092263 -0.005286839671024848 -0.004515668718431055 0.005287159087426413 0.9999756035169775 0.0514139880348381 -0.0024367154883719877 -0.41363202535735866
FixedParameters: 0 0 0
#Transform 58
Transform: MatrixOffsetTransformBase_double_3_3
Parameters: 0.9999942897861445 -0.000048242700110091527 0.0034217374530388614 0.00006645263217671746 0.9999864390249755 -0.0051492126188638215 -0.00342130539462654 0.005149781513903981 0.9999808155841717 0.027002324887277496 0.0023786650781545404 -0.5086357324123583
FixedParameters: 0 0 0
#Transform 59
Transform: MatrixOffsetTransformBase_double_3_3
Parameters: 0.9999961123017105 -0.0002945872685125526 0.0026076845868213596 0.00030944312168008047 0.9999845117845023 -0.005514484266942149 -0.0026063032278355294 0.005515516123659248 0.999981769497785 0.001791405292607351 -0.024641022111268285 -0.5373011273678969
FixedParameters: 0 0 0
#Transform 60
Transform: MatrixOffsetTransformBase_double_3_3
Parameters: 0.9999929141820059 -0.00008860068972289293 0.0038831234940179798 0.00010902988351619169 0.9999871430356693 -0.005080092770678293 -0.0038824140217081126 0.005080900877247149 0.9999791476903408 0.039936530187915764 -0.0012222228244951339 -0.45791070527273803
FixedParameters: 0 0 0
#Transform 61
Transform: MatrixOffsetTransformBase_double_3_3
Parameters: 0.999995822277527 -0.00014560266635804445 0.0030258490357017174 0.00016068098838006728 0.9999889548652237 -0.004799809040796077 -0.0030253310802412403 0.004800192873261375 0.9999837870320467 0.009889210031175821 0.0026016009119302907 -0.4964665033983664
FixedParameters: 0 0 0
#Transform 62
Transform: MatrixOffsetTransformBase_double_3_3
Parameters: 0.9999869952279558 0.00022926763019082732 0.005094264262899959 -0.00020066393013742933 0.9999847971021164 -0.005568922754146166 -0.005095569744399186 0.005568075916513385 0.9999711808650369 0.05777004800758334 -0.017673389959838914 -0.3479873532052409
FixedParameters: 0 0 0
#Transform 63
Transform: MatrixOffsetTransformBase_double_3_3
Parameters: 0.9999893561702926 -0.0004133298824038917 0.004634152994570197 0.0004358458304448838 0.9999878644493361 -0.0049057756338352215 -0.004631550817529944 0.004907226164962461 0.9999773436774388 0.03877199849515023 0.005067978751995383 -0.4102306132485154
FixedParameters: 0 0 0
#Transform 64
Transform: MatrixOffsetTransformBase_double_3_3
Parameters: 0.9999895477980659 -0.00022728912086664887 0.004625863026970302 0.000251019732448094 0.9999863669621797 -0.00515264367773563 -0.004625030398435039 0.005154353975110659 0.999976063086137 0.057592348745544086 0.00012319292706308715 -0.39019191737808967
FixedParameters: 0 0 0
#Transform 65
Transform: MatrixOffsetTransformBase_double_3_3
Parameters: 0.9999893586435139 -0.00006862366688987855 0.004542666862765818 0.00009267464529733504 0.9999861386400594 -0.005180382714610132 -0.004542397918180091 0.005180613300851872 0.999976544226653 0.05280057462999821 0.0025654308705611584 -0.4086247886635732
FixedParameters: 0 0 0
#Transform 66
Transform: MatrixOffsetTransformBase_double_3_3
Parameters: 0.9999871042524678 -0.0005008781528794651 0.004964261644672887 0.0005246333371852037 0.9999878392108364 -0.004797330549016279 -0.004961970723272302 0.004799665292156516 0.9999762133054592 0.06868466948871799 -0.0011467281287877995 -0.4436900819303702
FixedParameters: 0 0 0
#Transform 67
Transform: MatrixOffsetTransformBase_double_3_3
Parameters: 0.9999878996788621 -0.0002795183080537182 0.004901124836121509 0.0003044519074413086 0.9999870998157939 -0.004986377630818231 -0.004899844913792092 0.00498761081454295 0.9999750589741723 0.062422043662579085 0.009601027478836954 -0.4116996598805258
FixedParameters: 0 0 0
#Transform 68
Transform: MatrixOffsetTransformBase_double_3_3
Parameters: 0.9999878977254882 -0.00015393583679541913 0.004907032303487358 0.0001782749255054075 0.9999866377046914 -0.005130004024209961 -0.004906098584871069 0.005130996223622009 0.9999746152954604 0.06253153890038732 -0.0032290215705756964 -0.41124039365436715
FixedParameters: 0 0 0
#Transform 69
Transform: MatrixOffsetTransformBase_double_3_3
Parameters: 0.9999885615619 0.000024941774266816464 0.004737026239622374 -0.0000017636758684863433 0.9999880710335401 -0.0048828185148312025 -0.004736725618237472 0.00488318064720622 0.999976802602719 0.050386735087386114 -0.006813913834889718 -0.4661306116398123
FixedParameters: 0 0 0
#Transform 70
Transform: MatrixOffsetTransformBase_double_3_3
Parameters: 0.9999879140094574 -0.00046853443152636336 0.004885192483990722 0.0004930783715095423 0.9999872305278397 -0.005057468254909936 -0.0048830256848190175 0.005060536353957493 0.9999754958608799 0.06271516485982431 0.012924094334422875 -0.4098045856857766
FixedParameters: 0 0 0
#Transform 71
Transform: MatrixOffsetTransformBase_double_3_3
Parameters: 0.9999887748115935 -0.00036424937775427694 0.004700395772350451 0.00038874093220968737 0.9999864181335874 -0.005152968374211586 -0.0046981475623435924 0.005154023303380675 0.9999752389490608 0.049390945339524706 -0.01607434725492851 -0.43632405892351755
FixedParameters: 0 0 0
#Transform 72
Transform: MatrixOffsetTransformBase_double_3_3
Parameters: 0.9999880019432218 -0.00014330500013036025 0.004896750382642583 0.00016645801921121215 0.9999887369084864 -0.004714059315257549 -0.004895856652660302 0.004714938191900053 0.9999768115123077 0.061331282317453883 -0.0006542459569374159 -0.4402862891957824
FixedParameters: 0 0 0
#Transform 73
Transform: MatrixOffsetTransformBase_double_3_3
Parameters: 0.9999860065447264 0.0001504089586116325 0.005288954541585391 -0.00012375459599744878 0.9999869797383304 -0.005085690317245872 -0.005289192169279849 0.005085312464245956 0.999973301475434 0.0636541877143344 -0.010418167618340135 -0.3680151627274171
FixedParameters: 0 0 0
#Transform 74
Transform: MatrixOffsetTransformBase_double_3_3
Parameters: 0.9999859383563588 0.0001983971733128864 0.005198079518273489 -0.0001742750950240136 0.9999892824944193 -0.004540925951799932 -0.00519934046953642 0.004539069973902965 0.9999764321894481 0.05804823268171333 0.010451236318630208 -0.4210018696455933
FixedParameters: 0 0 0
#Transform 75
Transform: MatrixOffsetTransformBase_double_3_3
Parameters: 0.999985379900366 -0.00013801665924191746 0.0053479566479833745 0.00016412196176986488 0.9999882325232691 -0.004872146386343465 -0.005347255173582892 0.004872852855164131 0.9999736642466684 0.06983985778498436 0.011864340824004671 -0.3826889375561109
FixedParameters: 0 0 0
#Transform 76
Transform: MatrixOffsetTransformBase_double_3_3
Parameters: 0.9999849484561751 0.00007136804361442694 0.005481342056877103 -0.000043230223624028154 0.9999866439053209 -0.005127339519345506 -0.005481838678389655 0.005126657084394165 0.9999717315699239 0.0695820340468174 -0.012452415468004574 -0.3877744155453229
FixedParameters: 0 0 0
#Transform 77
Transform: MatrixOffsetTransformBase_double_3_3
Parameters: 0.9999851575365987 0.00006279713467208849 0.005370547033482859 -0.0000349183832717623 0.9999866569750607 -0.005215228593424534 -0.005369968029517275 0.005215776078553835 0.999972096894649 0.06326653988580233 -0.014699729246260063 -0.38628494585798023
FixedParameters: 0 0 0
#Transform 78
Transform: MatrixOffsetTransformBase_double_3_3
Parameters: 0.999985327676323 0.00008380766521478487 0.005353840950735883 -0.000056184095088007424 0.9999868733561743 -0.005201337817185514 -0.005354478126099286 0.005200669739019351 0.9999723527253072 0.05400485824706891 0.0061608853295638255 -0.39820023411252237
FixedParameters: 0 0 0
#Transform 79
Transform: MatrixOffsetTransformBase_double_3_3
Parameters: 0.9999863353675325 -0.00008534338100958509 0.005162966317394645 0.00010940780603201235 0.999989236346993 -0.004655388550229914 -0.005162694221139297 0.004656611231564314 0.9999757418257117 0.06363222123808043 0.005334121560665039 -0.44211925385309314
FixedParameters: 0 0 0
#Transform 80
Transform: MatrixOffsetTransformBase_double_3_3
Parameters: 0.9999868126714687 0.00008196460745300339 0.005213270103613624 -0.000053126222702786726 0.9999840127936682 -0.005649315811105227 -0.0052140783449378236 0.005648692950447329 0.999970976483478 0.06726292977394621 -0.00998756173369486 -0.4219549914128038
FixedParameters: 0 0 0
#Transform 81
Transform: MatrixOffsetTransformBase_double_3_3
Parameters: 0.9999884696514983 -0.00020431895892530235 0.004846648035543136 0.0002338764850125966 0.9999812458882295 -0.006144755978551644 -0.004844998060267738 0.006145250839342253 0.9999697005143628 0.061399765114373395 -0.034385795637803085 -0.43120302321662507
FixedParameters: 0 0 0
#Transform 82
Transform: MatrixOffsetTransformBase_double_3_3
Parameters: 0.999988285213431 -0.00040282677446510707 0.004853316169542717 0.0004301101118338226 0.9999847247206529 -0.00558672015709917 -0.004850498484329446 0.005588277928107052 0.999972119333934 0.06167848994827807 -0.02171759254015626 -0.4196583123340787
FixedParameters: 0 0 0
#Transform 83
Transform: MatrixOffsetTransformBase_double_3_3
Parameters: 0.9999896590849608 -0.0005852942087638789 0.00447232083031959 0.0006125451608531226 0.999981110060483 -0.0060519910641942815 -0.004467903686338102 0.006054997731795672 0.9999712583240191 0.065306416443633 -0.029613029755779507 -0.4066619461653005
FixedParameters: 0 0 0
#Transform 84
Transform: MatrixOffsetTransformBase_double_3_3
Parameters: 0.9999884216121546 -0.0007439459358975784 0.004692850688910345 0.0007716611380290903 0.9999826837025332 -0.005908187214185734 -0.00468879080646141 0.005911822386049551 0.9999718806487926 0.060452350400225896 -0.01700742271900424 -0.4286284235738549
FixedParameters: 0 0 0
#Transform 85
Transform: MatrixOffsetTransformBase_double_3_3
Parameters: 0.9999888717459813 -0.0002880810386630154 0.00469517119468251 0.0003168889152768977 0.9999811363205178 -0.006149327318040368 -0.004693423020320933 0.006150674396688566 0.9999700892811536 0.057287822274076916 -0.052729015070624996 -0.42654244867065927
FixedParameters: 0 0 0
#Transform 86
Transform: MatrixOffsetTransformBase_double_3_3
Parameters: 0.9999862515685101 -0.00023496437672758914 0.0052626170453250794 0.00026294915322426705 0.9999856801149767 -0.005414645681684732 -0.005260895566401412 0.00541536559655259 0.9999719261062053 0.07155447211009403 -0.0031157653841091815 -0.34686829022328425
FixedParameters: 0 0 0
#Transform 87
Transform: MatrixOffsetTransformBase_double_3_3
Parameters: 0.9999891077217734 -0.0004548956852690387 0.004656639216790326 0.0004795614070809735 0.99998559237376 -0.0053195655405909315 -0.004654365449157707 0.005321432338488211 0.9999748992083377 0.06385392316555283 -0.010570670441026664 -0.4363522459504878
FixedParameters: 0 0 0
#Transform 88
Transform: MatrixOffsetTransformBase_double_3_3
Parameters: 0.9999872235866643 -0.00044884769465202616 0.004957636473514973 0.0004764568041240832 0.9999845626609 -0.005501590012293944 -0.004954380845781774 0.005504411609080814 0.9999730940654331 0.06427148293275309 0.00392395489404862 -0.3807877925007972
FixedParameters: 0 0 0
#Transform 89
Transform: MatrixOffsetTransformBase_double_3_3
Parameters: 0.9999895477977416 -0.000565381263385935 0.004596835095673398 0.0005933962000575647 0.9999805715322625 -0.006180080739157351 -0.004593639822640356 0.006182922052394707 0.9999705532238146 0.05894008224960601 -0.03109809885354764 -0.41033301135307454
FixedParameters: 0 0 0
#Transform 90
Transform: MatrixOffsetTransformBase_double_3_3
Parameters: 0.9999895613142933 -0.0004697545993682855 0.004496398590639365 0.0004939542654744613 0.9999852904519497 -0.005346576418942456 -0.004493875148639327 0.005348424853962724 0.9999760786422545 0.055552034547474705 -0.009436088554821254 -0.43113977567817585
FixedParameters: 0 0 0
#Transform 91
Transform: MatrixOffsetTransformBase_double_3_3
Parameters: 0.9999874251089479 -0.00018989674804310532 0.004953764810715284 0.0002198180777218394 0.9999826343110779 -0.005947800431608155 -0.004952302554721642 0.005948201204016762 0.9999700323198001 0.06679229821585864 -0.01544190406434609 -0.39658410830524815
FixedParameters: 0 0 0
#Transform 92
Transform: MatrixOffsetTransformBase_double_3_3
Parameters: 0.9999871228062973 -0.0005292950851198666 0.004959555235860369 0.0005556672983258592 0.9999860716356332 -0.005267118285381178 -0.0049566051160506 0.005269878358239666 0.9999735362732509 0.07226200120686599 -0.018876055052416518 -0.4413255358070529
FixedParameters: 0 0 0
#Transform 93
Transform: MatrixOffsetTransformBase_double_3_3
Parameters: 0.9999850729697622 -0.0004118735486660392 0.005362742101019676 0.00044141787134862074 0.9999841911072116 -0.005545724976674063 -0.00536004971293261 0.005547273394381283 0.9999703536290956 0.07900993247817212 -0.014921931242710684 -0.3776458848983708
FixedParameters: 0 0 0
#Transform 94
Transform: MatrixOffsetTransformBase_double_3_3
Parameters: 0.9999878787350915 -0.000375332956874607 0.004897109304912242 0.0004024554960962657 0.9999855383131809 -0.005417911875466169 -0.0048946628017627536 0.005420091312002509 0.9999736084974846 0.0748250413635958 -0.014389490494068014 -0.4404911062281798
FixedParameters: 0 0 0
#Transform 95
Transform: MatrixOffsetTransformBase_double_3_3
Parameters: 0.9999884750599958 -0.0003225560630796209 0.004735089028930074 0.0003479907445240024 0.9999856982787328 -0.005320150923223105 -0.004733221732644904 0.005320841811629229 0.9999741606604958 0.06464339275734687 -0.010373452862651789 -0.426852263651341
FixedParameters: 0 0 0
#Transform 96
Transform: MatrixOffsetTransformBase_double_3_3
Parameters: 0.9999895435846923 -0.0006828808282564934 0.004471142734939176 0.0007082661336955278 0.999982903810439 -0.005725628830535484 -0.004466939294380007 0.005728371640371266 0.9999740418406003 0.06625289691295677 -0.010863125219344738 -0.411100950759149
FixedParameters: 0 0 0
#Transform 97
Transform: MatrixOffsetTransformBase_double_3_3
Parameters: 0.9999904123519173 -0.0004587703854712342 0.004401902003817094 0.0004820391995013004 0.9999852004110888 -0.005355601909019736 -0.004399492553166803 0.0053573942705040095 0.9999758270842904 0.04060744249596837 -0.00005818930429768443 -0.47937023723019934
FixedParameters: 0 0 0
#Transform 98
Transform: MatrixOffsetTransformBase_double_3_3
Parameters: 0.999988735568465 -0.0005013588602265344 0.00469182997964328 0.0005270585528406047 0.999984631441151 -0.005496328173230605 -0.0046889422628544255 0.0054986682945521725 0.9999736583411263 0.07184375273544674 -0.017011542610518404 -0.42422991640553676
FixedParameters: 0 0 0
#Transform 99
Transform: MatrixOffsetTransformBase_double_3_3
Parameters: 0.9999888752180216 -0.000514653237337395 0.004781284722963008 0.0005439649182346128 0.999982064320598 -0.0059802819042244215 -0.004777854614589257 0.005982722384401562 0.9999712531336579 0.061552884786422624 -0.031885810829308525 -0.4356195733218726
FixedParameters: 0 0 0
#Transform 100
Transform: MatrixOffsetTransformBase_double_3_3
Parameters: 0.9999903792272278 -0.0005286628931202604 0.004397511717148917 0.0005518969081311473 0.9999852672393515 -0.005349292512689827 -0.004395358410382398 0.005350704512689153 0.9999758663138844 0.05895832684144864 -0.008031779461532551 -0.5031445227378555
FixedParameters: 0 0 0
#Transform 101
Transform: MatrixOffsetTransformBase_double_3_3
Parameters: 0.999990115561454 -0.00032817952938417273 0.004447209423538105 0.00035520456186048703 0.9999811701830194 -0.006068149942966977 -0.004444898669344439 0.00606884044285276 0.9999712910086511 0.047196823247816155 -0.018903832926511654 -0.4469267710776421
FixedParameters: 0 0 0
#Transform 102
Transform: MatrixOffsetTransformBase_double_3_3
Parameters: 0.9999903891194659 -0.0002881566487467954 0.004304408541936656 0.00031364357480176495 0.9999826227864269 -0.00585831146956356 -0.004302582928720626 0.00585967991275832 0.9999731097130279 0.044933920494202084 -0.019760409749281393 -0.4914149335882456
FixedParameters: 0 0 0
#Transform 103
Transform: MatrixOffsetTransformBase_double_3_3
Parameters: 0.9999882931987537 -0.0004954347100815544 0.004739373524520568 0.0005234083392188784 0.9999820680580436 -0.005891400072382966 -0.004736271493958927 0.00589459866568097 0.9999717692533537 0.06203192915758393 -0.013788590734790773 -0.5008557550201687
FixedParameters: 0 0 0
#Transform 104
Transform: MatrixOffsetTransformBase_double_3_3
Parameters: 0.9999901363933579 -0.00043476768501745587 0.004321357637503269 0.00046096177602447544 0.9999815324946645 -0.00602474495687591 -0.004318725970629283 0.0060272574504760396 0.9999729775306057 0.04533940189676855 -0.030158187558427585 -0.5077986977407107
FixedParameters: 0 0 0
#Transform 105
Transform: MatrixOffsetTransformBase_double_3_3
Parameters: 0.9999904558001765 -0.0004352198825032951 0.004284150623542493 0.0004584698828740309 0.9999848480317353 -0.005383762883871504 -0.004281900077628733 0.005386233475546412 0.9999766106491761 0.04832586229835556 -0.018447199578801587 -0.4620987125820477
FixedParameters: 0 0 0
#Transform 106
Transform: MatrixOffsetTransformBase_double_3_3
Parameters: 0.9999860789101374 -0.00034493616392602125 0.005272753382932104 0.00037384998353850194 0.9999847875476996 -0.00558006166640071 -0.0052707822364630305 0.005581950976126529 0.9999709952503316 0.07764811987307496 -0.023015855299831856 -0.39532266413768014
FixedParameters: 0 0 0
#Transform 107
Transform: MatrixOffsetTransformBase_double_3_3
Parameters: 0.9999870923769204 -0.0002790960376391839 0.004983306390364889 0.00030597932623003296 0.9999857993208842 -0.005307425428312196 -0.004980971474739027 0.005308576099988749 0.9999739425721536 0.0702032982812284 -0.01159589335655653 -0.42189134400521766
FixedParameters: 0 0 0
#Transform 108
Transform: MatrixOffsetTransformBase_double_3_3
Parameters: 0.9999858604111174 -0.00016509934616750301 0.0053021228838043485 0.0001919114910042425 0.9999872039931049 -0.005075009359203117 -0.0053011495782866866 0.0050759928584255265 0.9999731343119985 0.0777136006473711 -0.02266571090524394 -0.41713481778923267
FixedParameters: 0 0 0
#Transform 109
Transform: MatrixOffsetTransformBase_double_3_3
Parameters: 0.9999854521538013 0.0002712006214292802 0.005336361570546246 -0.00024201958228840307 0.9999848423216174 -0.005564339116633593 -0.005337266633426372 0.005562672345435435 0.999970703783319 0.059291372239400175 -0.00040184447605895457 -0.330039008448594
FixedParameters: 0 0 0
#Transform 110
Transform: MatrixOffsetTransformBase_double_3_3
Parameters: 0.9999887071052257 -0.00011458099760160146 0.004720157606283869 0.000139043317694494 0.9999876707744806 -0.00502915361545217 -0.004719448653262239 0.005029848566079784 0.9999764439775057 0.055781767201764865 -0.000246495716240247 -0.3992028913553156
FixedParameters: 0 0 0
#Transform 111
Transform: MatrixOffsetTransformBase_double_3_3
Parameters: 0.9999863496683739 -0.0002763517326592977 0.0051548102956284845 0.00030412389708344524 0.9999857722652494 -0.005403388997069214 -0.005153577797811074 0.005404616613280358 0.9999721701253431 0.060817950372253904 -0.0007352398085913592 -0.3341253712714547
FixedParameters: 0 0 0
#Transform 112
Transform: MatrixOffsetTransformBase_double_3_3
Parameters: 0.9999873717968828 0.0000011390242466310604 0.005062059989457402 0.000025836746278658392 0.9999865350084892 -0.005232758771015852 -0.005062701462252882 0.005233236707450031 0.9999730675084708 0.06652558802944952 -0.018640984667896987 -0.41908024846259195
FixedParameters: 0 0 0
#Transform 113
Transform: MatrixOffsetTransformBase_double_3_3
Parameters: 0.9999837853673366 -0.0002301381804010924 0.005670729357477705 0.00026035500792134336 0.9999858184883352 -0.005302698113775373 -0.005670168453860896 0.005304298764837331 0.9999697118224575 0.0843555777211975 -0.004947692305066198 -0.3505344624607005
FixedParameters: 0 0 0
#Transform 114
Transform: MatrixOffsetTransformBase_double_3_3
