#Insight Transform File V1.0
#Transform 0
Transform: MatrixOffsetTransformBase_double_3_3
Parameters: 0.9999987637330813 -0.0005017527774820845 0.0017272870052501598 0.0005035443317076341 0.999999660975356 -0.001076195447984582 -0.0017273385172989074 0.0010768054473235533 0.9999977850497574 -0.03422028176697722 -0.01942726789771143 -0.3154677951053202
FixedParameters: 0 0 0
#Transform 1
Transform: MatrixOffsetTransformBase_double_3_3
Parameters: 0.9999989522378042 -0.00009676735333787006 0.001427724261133355 0.00009689471258168093 0.9999998400139644 -0.0003939298515670264 -0.0014277159735659416 0.00039407063147081645 0.9999988017514939 -0.04606207133529949 0.02590064178271234 -0.43153542237257625
FixedParameters: 0 0 0
#Transform 2
Transform: MatrixOffsetTransformBase_double_3_3
Parameters: 0.9999992577384625 -0.0004963600808790529 0.0012230651095225026 0.0004963148262635996 0.9999998257908754 0.000018543812020793693 -0.0012230834737773169 -0.000018456160502625107 0.9999994312632404 -0.05165371404322627 0.011652195428382583 -0.453739274667484
FixedParameters: 0 0 0
#Transform 3
Transform: MatrixOffsetTransformBase_double_3_3
Parameters: 0.999998448660655 -0.00013927006147805012 0.0015912168163575676 0.00013882930692807801 0.999999954666377 -0.00017484711960566446 -0.0015912361641959476 0.00017515392370692773 0.9999984327440659 -0.03525196616354265 0.01840731458588607 -0.3525139484356288
FixedParameters: 0 0 0
#Transform 4
Transform: MatrixOffsetTransformBase_double_3_3
Parameters: 0.9999986796414925 0.000011663541430078126 0.0015231521325570296 -0.000009179070603756824 0.9999987742892014 -0.0014700876962435994 -0.0015233188114496352 0.0014709109810456533 0.9999975806092682 -0.047425833155728014 -0.019368232363106586 -0.440942799312495
FixedParameters: 0 0 0
#Transform 5
Transform: MatrixOffsetTransformBase_double_3_3
Parameters: 0.9999985679577273 -0.0009796899801850934 0.0012134806677360245 0.0009855879913387643 0.9999881149039108 -0.004793804235331128 -0.0012084569074860161 0.004795193395882025 0.999987478312579 -0.02706296427523114 0.0007467092026018918 -0.5748194831632958
FixedParameters: 0 0 0
#Transform 6
Transform: MatrixOffsetTransformBase_double_3_3
Parameters: 0.9999989942902682 -0.0009937689078716452 0.0014204185646692234 0.0009998071000797012 0.9999909184975816 -0.00414165070693745 -0.001416558965032935 0.004143352121886115 0.9999907549953495 -0.028574378727881822 -0.019934102995534886 -0.5459545823768792
FixedParameters: 0 0 0
#Transform 7
Transform: MatrixOffsetTransformBase_double_3_3
Parameters: 0.9999985897899906 -0.0002936992612120275 0.0018230943874055264 0.0003025898605870255 0.9999880667354981 -0.004883594547678602 -0.0018217919139099632 0.004884409827205116 0.9999868157960684 -0.04481675064573665 -0.05914012330231344 -0.5255157341628092
FixedParameters: 0 0 0
#Transform 8
Transform: MatrixOffsetTransformBase_double_3_3
Parameters: 0.9999982417936726 -0.0006309416371450968 0.0018327328393882131 0.0006362228871405606 0.9999960230506872 -0.002764900942516038 -0.0018315639337566573 0.0027660961187002536 0.9999939227273135 -0.026125187872054312 -0.023939879816580856 -0.5785460103836755
FixedParameters: 0 0 0
#Transform 9
Transform: MatrixOffsetTransformBase_double_3_3
Parameters: 0.9999983251904421 -0.0008502763867794761 0.0013969012755241054 0.0008564660485429734 0.9999889673521926 -0.0046228743361612645 -0.001393476950737238 0.004624129114827805 0.9999886040606776 -0.013120739861079755 -0.03366080966550555 -0.5079754141789294
FixedParameters: 0 0 0
#Transform 10
Transform: MatrixOffsetTransformBase_double_3_3
Parameters: 0.9999983410738169 -0.0004955380563542707 0.001847629641652323 0.0004950854115742379 0.9999998100200852 -0.0001472166465191771 -0.0018475515392688132 0.00014778473468114728 0.9999984875410638 -0.024058084166313165 -0.013893153114565848 -0.46946613762841594
FixedParameters: 0 0 0
#Transform 11
Transform: MatrixOffsetTransformBase_double_3_3
Parameters: 0.999996995753827 -0.0004865797632520094 0.0024016639034915963 0.0004952584166622493 0.99999341943037 -0.0036630226122108672 -0.002399676742624537 0.003663981798814775 0.9999907337126318 -0.029919670002783505 -0.008488145820081172 -0.489054511594361
FixedParameters: 0 0 0
#Transform 12
Transform: MatrixOffsetTransformBase_double_3_3
Parameters: 0.9999981159713353 -0.000671488217935306 0.0015596977967557 0.0006737477552924214 0.9999988177613685 -0.0013420139952902976 -0.0015590255298519467 0.001342985244893652 0.9999976935941102 -0.033443872395849894 -0.00440717642305799 -0.5019079357766998
FixedParameters: 0 0 0
#Transform 13
Transform: MatrixOffsetTransformBase_double_3_3
Parameters: 0.999997842113248 -0.0006085678213871046 0.002188484981402692 0.0006167517204899547 0.9999924253049219 -0.003907791981074549 -0.002185305611798108 0.003909209463711663 0.999989863901997 -0.029949898000580788 0.013300321422477168 -0.49682276739855524
FixedParameters: 0 0 0
#Transform 14
Transform: MatrixOffsetTransformBase_double_3_3
Parameters: 0.9999980457056468 -0.0003072465639485061 0.0019647483965797084 0.0003074299902228887 0.9999996751829383 -0.0005545280052572932 -0.0019645435884418634 0.000554473448446377 0.9999977555810045 -0.034440237242336025 0.01907390235543005 -0.5009275511539784
FixedParameters: 0 0 0
#Transform 15
Transform: MatrixOffsetTransformBase_double_3_3
Parameters: 0.9999984709196302 0.0000341818852207313 0.0015898960184801002 -0.00003268969759724662 0.9999993950454544 -0.0007831887749396305 -0.0015900163947282252 0.0007828110204231714 0.9999988496956203 -0.036457872839619654 0.01999031567228826 -0.5166838522594901
FixedParameters: 0 0 0
#Transform 16
Transform: MatrixOffsetTransformBase_double_3_3
Parameters: 0.9999970214402472 -0.0007603174729222906 0.0025295589742322408 0.000771155281549031 0.9999909539984229 -0.00407532529621514 -0.002526989869049111 0.0040766729393000856 0.9999888397012643 -0.004538391704627998 0.01675528763715306 -0.4329708671719743
FixedParameters: 0 0 0
#Transform 17
Transform: MatrixOffsetTransformBase_double_3_3
Parameters: 0.9999978092568828 -0.0006109230381945647 0.0021952871662079864 0.0006095017713576233 0.9999994226156173 0.0005361405380679418 -0.0021948750040530728 -0.0005348594995262662 0.9999978131199933 -0.009687481363997108 0.011052725167019162 -0.44275163420871877
FixedParameters: 0 0 0
#Transform 18
Transform: MatrixOffsetTransformBase_double_3_3
Parameters: 0.9999955884652887 -0.0006472831630840725 0.002998564651270022 0.0006585006482381474 0.999993192838628 -0.0036783040451785903 -0.0029965041889265056 0.003679693837363149 0.999988325397434 -0.00976943895332738 -0.021843045584972742 -0.47481932166952845
FixedParameters: 0 0 0
#Transform 19
Transform: MatrixOffsetTransformBase_double_3_3
Parameters: 0.9999965792264558 -0.00039335606459845303 0.0026956360587422562 0.0003951316050323584 0.9999994416332189 -0.0006992041287879475 -0.002695220541451614 0.0006997958330218906 0.9999961589909123 -0.0036726604467105517 0.0034481813382711834 -0.5068021622920611
FixedParameters: 0 0 0
#Transform 20
Transform: MatrixOffsetTransformBase_double_3_3
Parameters: 0.9999965844270611 -0.0003892536115513483 0.0026956169798583994 0.0003871918568219039 0.9999993201856479 0.0007407748471444792 -0.002695057835718512 -0.0007392249223574787 0.9999961690395595 -0.007731850840357879 0.03312615794730789 -0.47735205211668585
FixedParameters: 0 0 0
#Transform 21
Transform: MatrixOffsetTransformBase_double_3_3
Parameters: 0.9999944269698221 -0.0002780368150763925 0.0032398225583316455 0.0002899051573836326 0.9999934000085536 -0.003679420127704988 -0.0032385486996897176 0.0036805812341095673 0.9999879419929584 -0.010238285942264724 0.0007089307974439407 -0.4629092306781786
FixedParameters: 0 0 0
#Transform 22
Transform: MatrixOffsetTransformBase_double_3_3
Parameters: 0.9999955633044031 -0.000634333096718193 0.0028345610329076594 0.0006351692648327968 0.9999995787995788 -0.0003224676341350985 -0.002834218363015825 0.0003245322986142468 0.9999957751999391 0.005048020615248561 0.01290642612863735 -0.5042427242954091
FixedParameters: 0 0 0
#Transform 23
Transform: MatrixOffsetTransformBase_double_3_3
Parameters: 0.9999966332041322 -0.0004077636642582132 0.0024901782170007455 0.00040884344324544706 0.9999995337175969 -0.0006171824696343253 -0.0024898099918697313 0.0006178179254587302 0.9999963368727192 -0.004415280863810267 0.02230783046283591 -0.48533637941032737
FixedParameters: 0 0 0
#Transform 24
Transform: MatrixOffsetTransformBase_double_3_3
Parameters: 0.999994739243856 -0.00041538889132558744 0.0030146219385694516 0.00042753497315289624 0.99999164043499 -0.0041549976079015005 -0.003013001029983225 0.004156004428117144 0.9999865622106876 -0.009160518289405672 0.004346707167130148 -0.5128347786785099
FixedParameters: 0 0 0
#Transform 25
Transform: MatrixOffsetTransformBase_double_3_3
Parameters: 0.9999973827839852 -0.00017817141247143548 0.002363362493202276 0.00017914001323861192 0.9999998089043578 -0.0004157813760100326 -0.00236328186681638 0.00041621867248591016 0.9999972277670884 -0.013314761488416593 0.017526507768877764 -0.48970051864868935
FixedParameters: 0 0 0
#Transform 26
Transform: MatrixOffsetTransformBase_double_3_3
Parameters: 0.9999960361071077 -0.00001664746552328052 0.002638742112338263 0.000020401773520480223 0.9999987967422597 -0.0014672278656642085 -0.002638959803154511 0.001467773520609117 0.9999959322406441 -0.0165852765015444 -0.01598876304950636 -0.49004350708611355
FixedParameters: 0 0 0
#Transform 27
Transform: MatrixOffsetTransformBase_double_3_3
Parameters: 0.9999964064884367 -0.00029278793202625704 0.0025510568315539163 0.0002945784164118291 0.9999996968244942 -0.0005464489364182396 -0.0025508038514416094 0.000546549374436503 0.9999961123397061 -0.0037798284475911714 0.01856037046971437 -0.47824876983965225
FixedParameters: 0 0 0
#Transform 28
Transform: MatrixOffsetTransformBase_double_3_3
Parameters: 0.9999983413274043 -0.0007232959422030415 0.0014615923036998264 0.0007286689602648996 0.9999917775039247 -0.0038430707888900822 -0.0014584151075970853 0.0038439284952581365 0.9999920187134405 -0.027751600203870908 -0.02188804727863669 -0.6023208408352048
FixedParameters: 0 0 0
#Transform 29
Transform: MatrixOffsetTransformBase_double_3_3
Parameters: 0.9999966070148752 -0.00018699903375739944 0.002712565109253001 0.00018785672496143485 0.9999998664110229 -0.00034176318484237245 -0.0027125049237611454 0.00034223713335605754 0.9999965066752755 -0.0022715732065421435 0.01671015999133374 -0.4429674794579057
FixedParameters: 0 0 0
#Transform 30
Transform: MatrixOffsetTransformBase_double_3_3
Parameters: 0.9999978232314316 -0.0005514413055379042 0.0022072237563662057 0.0005602597185606757 0.9999917480599047 -0.004001902393739418 -0.0022053816606291093 0.0040030929754391875 0.9999890350078842 -0.022233770324277202 -0.014732759246030014 -0.5325408536864842
FixedParameters: 0 0 0
#Transform 31
Transform: MatrixOffsetTransformBase_double_3_3
Parameters: 0.999995733185497 -0.0006474488757882979 0.002801331650150876 0.0006584698213986561 0.9999910012708602 -0.004080435844431754 -0.0027988130612999467 0.004082558926258403 0.9999874144442127 -0.0001656691516132014 -0.018944787976352018 -0.5182316340402338
FixedParameters: 0 0 0
#Transform 32
Transform: MatrixOffsetTransformBase_double_3_3
Parameters: 0.9999925174687728 0.00019975022513339842 0.003929788533484897 -0.0001915696455782295 0.9999981025274628 -0.001938251125817178 -0.003930025336485798 0.0019377447571741202 0.9999899032253744 0.010788528556361143 0.02930240308197085 -0.4495672719767896
FixedParameters: 0 0 0
#Transform 33
Transform: MatrixOffsetTransformBase_double_3_3
Parameters: 0.9999948631884907 -0.00010782104939918491 0.0031819712910735004 0.00010952950910146282 0.9999996725956741 -0.0005819934817881817 -0.0031819808237794397 0.0005820065086891563 0.9999945131431864 -0.0030293436552284447 0.023320105683268366 -0.5059511173475215
FixedParameters: 0 0 0
#Transform 34
Transform: MatrixOffsetTransformBase_double_3_3
Parameters: 0.9999946483407203 -0.00038078271153153256 0.0031950989455326226 0.0003915049566474731 0.9999933261744507 -0.0035521707327801633 -0.003193171559478245 0.003552832497254313 0.9999890814977965 0.0031060282883288437 0.003440509775302303 -0.4967317488298164
FixedParameters: 0 0 0
#Transform 35
Transform: MatrixOffsetTransformBase_double_3_3
Parameters: 0.9999951394623311 -0.0003508398428753224 0.0031205969366078375 0.00035623852302720313 0.9999981954329327 -0.0016642300239008284 -0.003119760079078942 0.0016647669151500788 0.9999934028968965 -0.00268456854114163 0.007266501724799923 -0.5253386762875891
FixedParameters: 0 0 0
#Transform 36
Transform: MatrixOffsetTransformBase_double_3_3
Parameters: 0.999995259052451 -0.0007119904603039252 0.0030388322499656896 0.000713648475013721 0.9999994597647971 -0.00043616347639983954 -0.0030382772600368218 0.0004378352931090762 0.9999954173494014 0.0017039416693762632 0.017078974007489478 -0.5084385788706101
FixedParameters: 0 0 0
#Transform 37
Transform: MatrixOffsetTransformBase_double_3_3
Parameters: 0.9999962820808564 -0.0008163860947897962 0.002655247905737704 0.0008274109440755893 0.9999915427673142 -0.004105018947256428 -0.0026522388318538865 0.004107983295975184 0.9999880124129525 -0.00005272996037319899 0.01300610535810165 -0.46285540476897324
FixedParameters: 0 0 0
#Transform 38
Transform: MatrixOffsetTransformBase_double_3_3
Parameters: 0.9999979210249211 -0.0006987114431251835 0.00214287524458137 0.0007038812893270007 0.9999968849361077 -0.0025876312995651712 -0.0021406503962023765 0.002589373149858118 0.999994635373459 -0.02741703845639165 -0.020832242470532947 -0.5783907920076956
FixedParameters: 0 0 0
#Transform 39
Transform: MatrixOffsetTransformBase_double_3_3
Parameters: 0.999996716597467 -0.0005682449889190862 0.0026381559410379243 0.0005791380158813964 0.9999901853321483 -0.004308753719296274 -0.0026360228174549054 0.004310245877796923 0.9999873874464911 -0.011776612921380547 -0.014260223568328456 -0.501047149743556
FixedParameters: 0 0 0
#Transform 40
Transform: MatrixOffsetTransformBase_double_3_3
Parameters: 0.9999942760778968 -0.0012233814487530225 0.0031978162082884373 0.0012379637804894943 0.9999888224932139 -0.004568394545670443 -0.003192575189692403 0.004572608265746306 0.9999846742907617 0.010687456291122999 -0.02378782591048889 -0.5614572007946066
FixedParameters: 0 0 0
#Transform 41
Transform: MatrixOffsetTransformBase_double_3_3
Parameters: 0.999995632581496 -0.0007539328604248154 0.0029661014844553314 0.0007668750723668241 0.9999892944614385 -0.004503076634609721 -0.002963196989068208 0.004504925249926919 0.9999857657789397 -0.000700240655618245 0.00014996182382276402 -0.5346692276800837
FixedParameters: 0 0 0
#Transform 42
Transform: MatrixOffsetTransformBase_double_3_3
Parameters: 0.9999953751659436 -0.0008659843880417099 0.0029790079414983863 0.000880023787086199 0.9999891285577965 -0.004500729735546841 -0.002975024605617519 0.004503267597004423 0.9999857103093875 0.0004361300992741235 -0.005561068994268226 -0.5418426207941707
FixedParameters: 0 0 0
#Transform 43
Transform: MatrixOffsetTransformBase_double_3_3
Parameters: 0.9999947186040156 -0.0006199993772717139 0.003145848591002413 0.0006326745422916125 0.9999909365497246 -0.004213366433094931 -0.003143516741840658 0.004215636396975295 0.9999862577728391 0.001765836536648635 -0.011308863608064712 -0.5580996602191135
FixedParameters: 0 0 0
#Transform 44
Transform: MatrixOffsetTransformBase_double_3_3
Parameters: 0.999994526591862 -0.0004978580747822568 0.003197949668787947 0.0005133052305028505 0.9999878006676458 -0.0049017174757176735 -0.003195078322490906 0.00490328038016144 0.999982656507527 0.0046714682701178845 0.004739268172855304 -0.5378429131936997
FixedParameters: 0 0 0
#Transform 45
Transform: MatrixOffsetTransformBase_double_3_3
Parameters: 0.9999947519598269 -0.0007178205845388623 0.002955256004499043 0.0007303109899516937 0.9999902560772507 -0.00428619158774185 -0.0029519273869872773 0.0042878087353282746 0.9999867388892404 0.0052662188542882404 -0.0027785812920910757 -0.5884737806836569
FixedParameters: 0 0 0
#Transform 46
Transform: MatrixOffsetTransformBase_double_3_3
Parameters: 0.9999945357743187 -0.0008430244332775719 0.0031231613346192487 0.0008545234868207178 0.99999263628339 -0.0035766762326984863 -0.003119831008828747 0.003579315086088955 0.9999882952055557 -0.0003234943515764144 -0.026518592404244146 -0.578872775077599
FixedParameters: 0 0 0
#Transform 47
Transform: MatrixOffsetTransformBase_double_3_3
Parameters: 0.9999945610800391 -0.0008741995772204023 0.0031102077619735925 0.0008896999775782473 0.999986569042602 -0.005176594919619831 -0.003106221204336459 0.0051794174694357875 0.9999823681063548 -0.004214684521770096 -0.004581055635341613 -0.514329028247289
FixedParameters: 0 0 0
#Transform 48
Transform: MatrixOffsetTransformBase_double_3_3
Parameters: 0.9999955774720606 -0.0006910556494794903 0.0029907017229597907 0.0007018437098051182 0.9999935864129811 -0.0036161809561062463 -0.00298840711913376 0.0036178207656247102 0.9999888255278145 0.008919955875185792 -0.027370630089762926 -0.5699235681539392
FixedParameters: 0 0 0
#Transform 49
Transform: MatrixOffsetTransformBase_double_3_3
Parameters: 0.999995388203193 -0.0008386774999700042 0.002984669851947577 0.0008510089695521664 0.9999903084387808 -0.004372743484863523 -0.0029812243796041886 0.004375259405285145 0.9999858157248513 0.0009608885261940259 -0.009330046826320881 -0.545618351354733
FixedParameters: 0 0 0
#Transform 50
Transform: MatrixOffsetTransformBase_double_3_3
Parameters: 0.9999979242367578 -0.0008293101368427619 0.0018405189583984088 0.0008386527178118323 0.9999866122040043 -0.005179526275119528 -0.0018365497416520174 0.005180475692147607 0.999984646808258 -0.007920368669374511 -0.008860743246202674 -0.6216460332594949
FixedParameters: 0 0 0
#Transform 51
Transform: MatrixOffsetTransformBase_double_3_3
Parameters: 0.9999970205819433 -0.0012123101827368082 0.002123792921378735 0.0012227928174688167 0.9999868718901255 -0.004977545479577919 -0.002117405032328517 0.004980456472242184 0.9999855674187937 -0.009776731005771921 -0.02954479847394964 -0.6403159347172931
FixedParameters: 0 0 0
#Transform 52
Transform: MatrixOffsetTransformBase_double_3_3
Parameters: 0.9999976964576028 -0.0009592390379747029 0.0020935593106098257 0.0009697023566408575 0.9999879629109732 -0.004821109583597924 -0.002088928781638412 0.004822890572199437 0.9999862298458067 -0.007675827034745453 0.0016298196731980852 -0.601534508949598
FixedParameters: 0 0 0
#Transform 53
Transform: MatrixOffsetTransformBase_double_3_3
Parameters: 0.9999957574427255 -0.0013131172165804208 0.002349217607437799 0.0013231512837079587 0.9999890802134176 -0.004403097174679779 -0.0023433426692646515 0.004405903253229856 0.9999878777283835 0.005696363171267649 -0.02754403071449474 -0.6183671612213288
FixedParameters: 0 0 0
#Transform 54
Transform: MatrixOffsetTransformBase_double_3_3
Parameters: 0.9999975615658898 -0.0011068842239630554 0.002052634165891335 0.0011180738840251563 0.9999855575138379 -0.005322777739805426 -0.0020465249789199513 0.005325220797905872 0.9999833136292618 -0.0017986519143988744 -0.018425420622961042 -0.6092453688555111
FixedParameters: 0 0 0
#Transform 55
Transform: MatrixOffsetTransformBase_double_3_3
Parameters: 0.9999945197525483 -0.0008055387886864894 0.0031355954048104843 0.0008214704194200943 0.9999862901229989 -0.005214784447877804 -0.0031312581540293653 0.005217222536604241 0.9999818157685487 0.01026827223948601 -0.002405732183206055 -0.5135824481635893
FixedParameters: 0 0 0
#Transform 56
Transform: MatrixOffsetTransformBase_double_3_3
Parameters: 0.9999972898066652 -0.0011274607483664739 0.0021068462445900243 0.0011389708265783663 0.9999831306092616 -0.005719745530451625 -0.0021007501728330337 0.005722260760013295 0.9999816988504192 -0.0036566291798294515 -0.0336657812350154 -0.5648068100545629
FixedParameters: 0 0 0
#Transform 57
Transform: MatrixOffsetTransformBase_double_3_3
Parameters: 0.9999978189030178 -0.0022354465651936825 0.00042913701268148586 0.0022375022697887718 0.9999843281806651 -0.005078906028479227 -0.00041759730583272483 0.005079089676749554 0.9999868978628224 0.030605641099583636 -0.020541034612818976 -0.25602374859199983
FixedParameters: 0 0 0
#Transform 58
Transform: MatrixOffsetTransformBase_double_3_3
Parameters: 0.9999957902575525 -0.0014901498523779814 0.0026440764088159797 0.001501945949481349 0.9999869246981328 -0.004799237368778131 -0.00263664806071058 0.004803758259925767 0.9999847564042318 0.013420161932216956 -0.05686422841797878 -0.4876944433085839
FixedParameters: 0 0 0
#Transform 59
Transform: MatrixOffsetTransformBase_double_3_3
Parameters: 0.9999973719666408 -0.0017567722381228344 0.0015946681566605852 0.0017646595247642418 0.9999856876520876 -0.005131195443467074 -0.001585186102509786 0.005134812813503822 0.999985988473571 -0.011913466755217428 -0.02442221310904813 -0.5152081205713301
FixedParameters: 0 0 0
#Transform 60
Transform: MatrixOffsetTransformBase_double_3_3
Parameters: 0.9999975476850547 -0.001420901142570855 0.0018529345318091751 0.0014302649253837014 0.9999875950567133 -0.004847425323708451 -0.0018457073636063592 0.00485058087387355 0.9999869266561083 -0.003255415956999741 -0.019756730236906606 -0.5701186784735057
FixedParameters: 0 0 0
#Transform 61
Transform: MatrixOffsetTransformBase_double_3_3
Parameters: 0.9999981203173476 -0.0010430881216292119 0.001670733969224793 0.001051679235604313 0.9999863031918516 -0.005163318174601528 -0.0016655160180843228 0.005165686072290926 0.9999854725758823 -0.015438409789112484 0.011190915774150767 -0.5969955370130151
FixedParameters: 0 0 0
#Transform 62
Transform: MatrixOffsetTransformBase_double_3_3
Parameters: 0.9999963616588242 -0.001335433820060043 0.0024195083965636746 0.001347480102268601 0.9999875450047516 -0.004883881777785967 -0.002413203210624826 0.00488712102681467 0.9999850800439809 0.008934048298797848 0.02293887938421335 -0.6199182987451479
FixedParameters: 0 0 0
#Transform 63
Transform: MatrixOffsetTransformBase_double_3_3
Parameters: 0.999996067886901 -0.001136654656219706 0.0023747897192564742 0.0011473414653878646 0.9999877176603157 -0.004702483129775337 -0.0023698503273555343 0.004705512898820249 0.9999860946919068 0.0029273320111826706 0.022193146270112152 -0.595889065565089
FixedParameters: 0 0 0
#Transform 64
Transform: MatrixOffsetTransformBase_double_3_3
Parameters: 0.9999962283072571 -0.0011951582734895504 0.0025186653287734228 0.001207604295888581 0.9999868658018465 -0.004982173494379613 -0.0025125624757020445 0.0049858293266694526 0.999984681574558 0.006415291774004572 -0.011225840738404713 -0.5991463775015546
FixedParameters: 0 0 0
#Transform 65
Transform: MatrixOffsetTransformBase_double_3_3
Parameters: 0.9999937701409001 -0.0011302656901307044 0.0033089414922188682 0.0011458280892581915 0.999989096715366 -0.0045625620608663875 -0.0033045608343298402 0.004566437774550444 0.9999840037613685 0.012204920357063997 -0.00034940795610793884 -0.61013897870194
FixedParameters: 0 0 0
#Transform 66
Transform: MatrixOffsetTransformBase_double_3_3
Parameters: 0.9999948611707857 -0.00115822996997694 0.0029658979163000314 0.0011732387362517658 0.9999868579159579 -0.004998802813541328 -0.002960247957980334 0.005002196080828178 0.9999829928204761 0.004278123232140274 -0.01586681465138895 -0.5890449736633911
FixedParameters: 0 0 0
#Transform 67
Transform: MatrixOffsetTransformBase_double_3_3
Parameters: 0.9999955179680756 -0.0012462190205625606 0.0028158510666465597 0.0012572837891612865 0.9999916898023502 -0.003866736698129647 -0.002810905110706783 0.003870264934220158 0.9999888973920267 0.01040191127735568 -0.023716441067492156 -0.6382180339894603
FixedParameters: 0 0 0
#Transform 68
Transform: MatrixOffsetTransformBase_double_3_3
Parameters: 0.9999954186116699 -0.0010426422328016914 0.0027377211829123817 0.0010562554535504473 0.9999871908436799 -0.004991318298574868 -0.002732185299926733 0.004993679346502411 0.9999833772499293 0.005334507745445194 -0.02003833574087821 -0.5681363471877461
FixedParameters: 0 0 0
#Transform 69
Transform: MatrixOffsetTransformBase_double_3_3
Parameters: 0.9999940230396773 -0.000961901475488669 0.003324662678309901 0.0009765150415565756 0.9999893252567483 -0.004569111351657579 -0.0033198833928822277 0.004572891285059874 0.9999839093456983 0.012999492163700666 -0.014747422599228344 -0.5824937075246197
FixedParameters: 0 0 0
#Transform 70
Transform: MatrixOffsetTransformBase_double_3_3
Parameters: 0.9999943579532063 -0.001112953329432823 0.0030665197061742777 0.0011270201868085208 0.9999894421088656 -0.0045288263149310115 -0.0030613143767798277 0.004532174359079558 0.9999848646609623 0.010629467459679631 -0.01294749172134857 -0.6499482231903215
FixedParameters: 0 0 0
#Transform 71
Transform: MatrixOffsetTransformBase_double_3_3
Parameters: 0.9999962017632013 -0.0008279495284775267 0.0024723384495689686 0.0008389791666007137 0.9999899890558283 -0.004411135669302804 -0.0024687251333947702 0.004412865255185236 0.9999872809595709 0.0034181282200762553 0.010286084190255451 -0.6264069675882382
FixedParameters: 0 0 0
#Transform 72
Transform: MatrixOffsetTransformBase_double_3_3
Parameters: 0.9999929041079569 -0.0011739427342519681 0.0037035799562625403 0.0011939312936196348 0.9999856951537639 -0.005214075316343214 -0.0036975097156945465 0.00521792482550637 0.9999797950659847 0.027624284986643488 0.0064197207468481565 -0.5741877176464527
FixedParameters: 0 0 0
#Transform 73
Transform: MatrixOffsetTransformBase_double_3_3
Parameters: 0.9999929189598014 -0.0014234203822523872 0.003324881628847781 0.0014400081904103945 0.9999863543915498 -0.00498656338887099 -0.0033177382100951164 0.004991432252526795 0.9999817838752463 0.017046527750395057 -0.0228221670329134 -0.6187788487889634
FixedParameters: 0 0 0
#Transform 74
Transform: MatrixOffsetTransformBase_double_3_3
Parameters: 0.9999943465905903 -0.0011919873379546296 0.00303822914715571 0.0012045579285396733 0.999990171161485 -0.004312621051770993 -0.0030338298154316276 0.004316381978699324 0.9999859453230713 0.008487543878160864 0.01336787166009401 -0.589053843914968
FixedParameters: 0 0 0
#Transform 75
Transform: MatrixOffsetTransformBase_double_3_3
Parameters: 0.9999939895053711 -0.00119512456366747 0.003252817949032024 0.0012135024407536926 0.9999834964971496 -0.005679416277177801 -0.0032464115806998778 0.005683592648103558 0.9999789333584606 0.0030968720182187326 0.004394762518316497 -0.6071297830452949
FixedParameters: 0 0 0
#Transform 76
Transform: MatrixOffsetTransformBase_double_3_3
Parameters: 0.9999934592451112 -0.0013283320459857788 0.003431660270802878 0.001344245268799677 0.9999883625235125 -0.004596807133914013 -0.0034254456476653706 0.004601192999493783 0.9999837947521591 0.010546615361405998 -0.0020148641500270514 -0.6291516671556252
FixedParameters: 0 0 0
#Transform 77
Transform: MatrixOffsetTransformBase_double_3_3
Parameters: 0.999992920334566 -0.0011894691091182668 0.003415587921486066 0.0012062716265648758 0.9999881923450826 -0.004759230792974203 -0.0034092606784524105 0.004762764590178339 0.9999823933644446 0.017983777002086754 -0.0018702410855411244 -0.6471273256682224
FixedParameters: 0 0 0
#Transform 78
Transform: MatrixOffsetTransformBase_double_3_3
Parameters: 0.9999870403274186 -0.0011539671810094285 0.0048610503400099165 0.0011782591009703034 0.999986521969347 -0.005139064895786971 -0.004854817004606227 0.005144938988689063 0.9999746373306607 0.04687369593399637 0.001922948692680393 -0.49426021508075735
FixedParameters: 0 0 0
#Transform 79
Transform: MatrixOffsetTransformBase_double_3_3
Parameters: 0.9999880696177429 -0.00134128750351784 0.004704134071095449 0.001361518337907866 0.9999896976705799 -0.004340371206557184 -0.004698811054890993 0.004346631891596592 0.9999796395455219 0.04711140953607185 -0.01421995558266076 -0.6137985977370732
FixedParameters: 0 0 0
#Transform 80
Transform: MatrixOffsetTransformBase_double_3_3
Parameters: 0.9999887757941727 -0.0012160200537526759 0.004663303180581581 0.0012376102350561192 0.9999882688263003 -0.004639009704535818 -0.004657400371240702 0.00464498875260369 0.9999784101645727 0.04920291956956646 0.0040497190039019415 -0.5986670855512841
FixedParameters: 0 0 0
#Transform 81
Transform: MatrixOffsetTransformBase_double_3_3
Parameters: 0.9999900108842209 -0.0009243414545485665 0.004374319462591034 0.0009457190535176082 0.9999881623719309 -0.004815507114075052 -0.004369731725247509 0.004819489473345984 0.9999784314151655 0.04670475473966462 0.0025339708010392314 -0.5999162782971723
FixedParameters: 0 0 0
#Transform 82
Transform: MatrixOffsetTransformBase_double_3_3
Parameters: 0.9999905822485765 -0.0013001660371529074 0.004210373002700219 0.001321197021962013 0.9999870976751248 -0.004946008648080619 -0.004203816475914307 0.004951988380602998 0.9999784988486372 0.04179191146401706 0.00928819598884445 -0.5523540959184174
FixedParameters: 0 0 0
#Transform 83
Transform: MatrixOffsetTransformBase_double_3_3
Parameters: 0.9999892360978829 -0.0010627241582139833 0.004542837024755387 0.0010838283050240084 0.9999888965344739 -0.00471679175415142 -0.004537196718126154 0.0047212170943466275 0.9999788011098739 0.04447668388726811 0.005914485657513069 -0.5772645419862243
FixedParameters: 0 0 0
#Transform 84
Transform: MatrixOffsetTransformBase_double_3_3
Parameters: 0.9999899619533879 -0.0010571669434872146 0.004233556079635164 0.0010772751902866477 0.9999879172156853 -0.00470807761360878 -0.004227855034124276 0.004712914238021282 0.9999796666982327 0.033499686266523554 0.009935389287718976 -0.627424537656168
FixedParameters: 0 0 0
#Transform 85
Transform: MatrixOffsetTransformBase_double_3_3
Parameters: 0.9999933114259122 -0.0011159407143359814 0.0035275813651486914 0.001133727097281096 0.999987048877374 -0.004888423686302046 -0.003521726256548015 0.004892566532552933 0.9999814281664428 0.027511697959766934 0.02408023902638945 -0.6396972857412493
FixedParameters: 0 0 0
#Transform 86
Transform: MatrixOffsetTransformBase_double_3_3
Parameters: 0.9999900329349329 -0.001065788497277718 0.004339423662707906 0.001087137653280504 0.9999874795789941 -0.004957930821074555 -0.004334231022831308 0.004963074112224478 0.9999783396628011 0.032577318353673945 0.0037376194292875198 -0.5831686552705264
FixedParameters: 0 0 0
#Transform 87
Transform: MatrixOffsetTransformBase_double_3_3
Parameters: 0.9999905506174025 -0.0008282312021084253 0.004331593400595156 0.0008515885005178172 0.9999851312133964 -0.005322031973397159 -0.0043272073363106916 0.005325966022731735 0.999976728785458 0.03142258341983961 -0.011288656222973259 -0.582912039512351
FixedParameters: 0 0 0
#Transform 88
Transform: MatrixOffsetTransformBase_double_3_3
Parameters: 0.999989154338055 -0.0008776318651473923 0.004480393776348999 0.0008986869318695162 0.9999886120273733 -0.004664690519323167 -0.004476524976930974 0.004669307133248465 0.999978980079454 0.02619154658381717 0.013688166869144425 -0.615097381927157
FixedParameters: 0 0 0
#Transform 89
Transform: MatrixOffsetTransformBase_double_3_3
Parameters: 0.9999867952420669 -0.0010561660912340436 0.0050090473960775666 0.001078812726995698 0.999988643710565 -0.00453051623088685 -0.005003926829954064 0.004535477809676572 0.9999770549005117 0.047128353326428396 -0.001676533018823534 -0.6220485484004001
FixedParameters: 0 0 0
#Transform 90
Transform: MatrixOffsetTransformBase_double_3_3
Parameters: 0.999990298212444 -0.001079459118614929 0.004305085833475176 0.0011048314102143515 0.9999827256334871 -0.005689958306197562 -0.004299273493797955 0.005694035484290164 0.9999747740427352 0.0404585835956226 -0.011927956848552412 -0.5716623074966805
FixedParameters: 0 0 0
#Transform 91
Transform: MatrixOffsetTransformBase_double_3_3
Parameters: 0.9999907469688404 -0.0013655841643241185 0.004169988877789727 0.001389494485064534 0.9999830509191222 -0.005691780039808206 -0.004161918357505059 0.005697218251825703 0.9999748405610239 0.040369573100647926 -0.02711917118703866 -0.6506813886892786
FixedParameters: 0 0 0
#Transform 92
Transform: MatrixOffsetTransformBase_double_3_3
Parameters: 0.9999910530406607 -0.0008962738372197924 0.004140267882351783 0.0009208031848308404 0.9999824945214616 -0.005822837310779358 -0.004135307294461081 0.0058261623969893955 0.9999747080406766 0.03591979467923068 -0.015494412191074503 -0.6510355964270644
FixedParameters: 0 0 0
#Transform 93
Transform: MatrixOffsetTransformBase_double_3_3
Parameters: 0.9999902216996133 -0.0008857382875664127 0.004242240435397208 0.0009110814651355735 0.9999811429834012 -0.006022784238325446 -0.004236176789324503 0.006026207764354377 0.9999724885646046 0.03142918832122632 -0.031905899519799163 -0.6384517451246552
FixedParameters: 0 0 0
#Transform 94
Transform: MatrixOffsetTransformBase_double_3_3
Parameters: 0.9999913153728259 -0.0008623179886005972 0.003992745380600091 0.0008825365215886532 0.9999857647104893 -0.005256053769346847 -0.003988060214349158 0.00525994930459249 0.9999782569053315 0.02025430793777616 -0.018333351081835758 -0.6765138815365077
FixedParameters: 0 0 0
#Transform 95
Transform: MatrixOffsetTransformBase_double_3_3
Parameters: 0.9999878614727097 -0.000894321808074687 0.00493319265068377 0.0009255989983861178 0.9999799857382677 -0.006278313080556472 -0.00492786167772936 0.006282685554834244 0.999967985108602 0.05232327810861648 -0.03340945211455448 -0.5055201380452985
FixedParameters: 0 0 0
#Transform 96
Transform: MatrixOffsetTransformBase_double_3_3
Parameters: 0.9999919464486862 -0.001029221224565502 0.0039992544765856085 0.0010502462538785728 0.999985936915137 -0.005215374561937644 -0.00399382379375008 0.005219627356365816 0.9999785643081984 0.036445776728385226 -0.01057458936750777 -0.6574869231209988
FixedParameters: 0 0 0
#Transform 97
Transform: MatrixOffsetTransformBase_double_3_3
Parameters: 0.9999892272424773 -0.0007806884837058495 0.004600130293628787 0.0008054829244804202 0.9999855436200239 -0.005384023173411384 -0.004596280504700143 0.005387978154544268 0.9999746648869551 0.04536722264434445 -0.01353247540441771 -0.6160271767179779
FixedParameters: 0 0 0
#Transform 98
Transform: MatrixOffsetTransformBase_double_3_3
Parameters: 0.9999901804286353 -0.0005914941447095912 0.004297524022529916 0.0006166710391962503 0.9999829008343256 -0.00581600918593618 -0.004294191177653094 0.005818987177276219 0.9999735921117767 0.04573617957770182 -0.013008642993128205 -0.6374139569572037
FixedParameters: 0 0 0
#Transform 99
Transform: MatrixOffsetTransformBase_double_3_3
Parameters: 0.9999934939650655 -0.0010637763928224551 0.0035176626607595625 0.0010842897592136308 0.9999818490473461 -0.005848612853402546 -0.0035115119988803614 0.005852375973964097 0.9999761874660578 0.01800801175413369 -0.032036796694427494 -0.6754720023176475
FixedParameters: 0 0 0
#Transform 100
Transform: MatrixOffsetTransformBase_double_3_3
Parameters: 0.9999891121214837 -0.000783093383128366 0.004719535631297698 0.0008112879530987674 0.9999812198988405 -0.006032041464545682 -0.004714881300038924 0.0060349617585615245 0.9999710848797637 0.05372809377939802 -0.002543856729616323 -0.6310831588000809
FixedParameters: 0 0 0
#Transform 101
Transform: MatrixOffsetTransformBase_double_3_3
Parameters: 0.9999910391922192 -0.000951395160336389 0.004129873195160542 0.0009754701013513634 0.9999824369723557 -0.005903554283930468 -0.004124185062796437 0.005907448648690666 0.9999738514208584 0.0416588046724371 0.0018984762383951193 -0.644074959046506
FixedParameters: 0 0 0
#Transform 102
Transform: MatrixOffsetTransformBase_double_3_3
Parameters: 0.9999919796570976 -0.0008816713457237868 0.003904381157177639 0.0009022335683002905 0.9999854235477624 -0.005292048542550373 -0.0038993593272000004 0.005294951216010757 0.9999785132092692 0.028182804892452396 -0.013573281125459857 -0.687435553871282
FixedParameters: 0 0 0
#Transform 103
Transform: MatrixOffsetTransformBase_double_3_3
Parameters: 0.9999907608273525 -0.0009796461002603265 0.004275542221526711 0.00100612328637413 0.9999810183467231 -0.0061003546540539105 -0.004269183024050678 0.006104645020064331 0.9999722604183011 0.05354417715103921 -0.011677585729458428 -0.6201636171034579
FixedParameters: 0 0 0
#Transform 104
Transform: MatrixOffsetTransformBase_double_3_3
Parameters: 0.9999905338287379 -0.001116280480179917 0.004149804000104391 0.0011409765341868915 0.9999812498869465 -0.006062845397964728 -0.004142870368193851 0.006067156159531406 0.9999727144663295 0.030729821523664214 -0.006740656073176865 -0.6404282033790736
FixedParameters: 0 0 0
#Transform 105
Transform: MatrixOffsetTransformBase_double_3_3
Parameters: 0.9999909381901332 -0.0012320109086878903 0.004067091497288588 0.0012555565095313033 0.9999836121030921 -0.005667473726730404 -0.004060537276102065 0.005672534143138452 0.9999760274356319 0.05417787402332408 -0.00842571023815708 -0.6672389295263343
FixedParameters: 0 0 0
#Transform 106
Transform: MatrixOffsetTransformBase_double_3_3
Parameters: 0.9999908117364195 -0.0014670808504085853 0.004004563604245862 0.001486990126839435 0.9999856362963683 -0.00505260763279175 -0.0039970435614713395 0.005058386960168332 0.9999790587481096 0.0556641594865539 -0.0003003349069530259 -0.6678896802768151
FixedParameters: 0 0 0
#Transform 107
Transform: MatrixOffsetTransformBase_double_3_3
Parameters: 0.999991690805284 -0.00118575520953334 0.003988107293585209 0.0012097673745999102 0.9999810988753043 -0.005972753832978003 -0.00398041343182875 0.005978240389693842 0.9999741778177204 0.05786927844468437 -0.009152728572814794 -0.5606261169966729
FixedParameters: 0 0 0
#Transform 108
Transform: MatrixOffsetTransformBase_double_3_3
Parameters: 0.9999891166979259 -0.0012514909658215643 0.004395299344195783 0.0012747684870294674 0.9999840083969401 -0.005448113121127071 -0.004388217321452967 0.005453887844506108 0.9999756807419838 0.041656710420824083 -0.05106639811282321 -0.6464893674626353
FixedParameters: 0 0 0
#Transform 109
Transform: MatrixOffsetTransformBase_double_3_3
Parameters: 0.9999892434182176 -0.0009642996621845288 0.004452721599604791 0.000990538965175762 0.9999819568873162 -0.005942317463879701 -0.004446928044445123 0.005946686878601365 0.9999726113533718 0.03838528790257101 -0.02625328991531717 -0.6083679565006577
FixedParameters: 0 0 0
#Transform 110
Transform: MatrixOffsetTransformBase_double_3_3
Parameters: 0.9999876154714417 -0.0006908606292881077 0.004889621422831378 0.0007212296552523377 0.9999808081178699 -0.0061533530500309935 -0.004884965695779462 0.006156644380804349 0.9999690381398454 0.05222052332837279 -0.034980316920112386 -0.6189300504925797
FixedParameters: 0 0 0
#Transform 111
Transform: MatrixOffsetTransformBase_double_3_3
Parameters: 0.9999897410267249 -0.0007869681466639394 0.004431539418768076 0.0008122649001365659 0.9999836422692797 -0.005646126764757453 -0.004427200267541301 0.005649871802865428 0.9999742981256016 0.04101021801226068 -0.01881233209591926 -0.6237086883820808
FixedParameters: 0 0 0
#Transform 112
Transform: MatrixOffsetTransformBase_double_3_3
Parameters: 0.9999880799161827 -0.0009361982803567058 0.004800349636147522 0.0009658035503998171 0.999979904750338 -0.006278168902777548 -0.004794503138213401 0.006282828646615932 0.999968284571247 0.042812920183337155 -0.01388679253261671 -0.6142267427727859
FixedParameters: 0 0 0
#Transform 113
Transform: MatrixOffsetTransformBase_double_3_3
Parameters: 0.9999880639337912 -0.0006356022758074339 0.004850953590766108 0.0006650246836379882 0.9999814844823423 -0.0061046566672324915 -0.004847047674437307 0.006107353413597874 0.9999700117770245 0.05547784217253593 -0.01881785064993835 -0.6629037933624602
FixedParameters: 0 0 0
#Transform 114
Transform: MatrixOffsetTransformBase_double_3_3
