#Insight Transform File V1.0
#Transform 0
Transform: MatrixOffsetTransformBase_double_3_3
Parameters: 0.9999980867344848 -0.0007620126350865485 0.001825714990777032 0.0007628238939177571 0.9999992503074279 -0.0004947392582164978 -0.0018250274482805478 0.0004962604754275568 0.9999983453863159 -0.029669179387468603 0.016801743749326192 -0.4516523918761095
FixedParameters: 0 0 0
#Transform 1
Transform: MatrixOffsetTransformBase_double_3_3
Parameters: 0.9999978657472323 -0.0012306011454705685 0.001618588419695457 0.0012322000816421773 0.99999872323494 -0.0013759992177900804 -0.0016173965508199226 0.0013780025215311686 0.9999973502465141 -0.01927815019583079 0.001635046039339727 -0.41054176551216415
FixedParameters: 0 0 0
#Transform 2
Transform: MatrixOffsetTransformBase_double_3_3
Parameters: 0.999997217489668 -0.0010441837223732833 0.001921620392039568 0.0010508035325471825 0.9999928675771133 -0.0034891135653223604 -0.001917778013481735 0.003490882404315415 0.9999919896234426 -0.025226156520375298 -0.009169369456529353 -0.44999149617027
FixedParameters: 0 0 0
#Transform 3
Transform: MatrixOffsetTransformBase_double_3_3
Parameters: 0.9999989590135636 -0.00111141613430547 0.0013436306028718349 0.001113418124860449 0.9999986436382333 -0.001090569182518708 -0.0013422678926106322 0.0010924305612400043 0.9999989326286316 -0.02658244753891381 -0.0006013318125468459 -0.4309408699708257
FixedParameters: 0 0 0
#Transform 4
Transform: MatrixOffsetTransformBase_double_3_3
Parameters: 0.9999981890524544 -0.0015153952047411649 0.0012307397190749448 0.0015169077811896207 0.9999979573541022 -0.001370126734791005 -0.0012287138237699604 0.0013718741476086288 0.9999984724098221 -0.017881987376895836 -0.00810285117603371 -0.35737715559746164
FixedParameters: 0 0 0
#Transform 5
Transform: MatrixOffsetTransformBase_double_3_3
Parameters: 0.9999996620037915 -0.0011565649451404396 -0.000015114515887142078 0.0011566578848812817 0.9999987752385598 -0.0013719511577091753 0.00001629289170100271 0.0013720505475638828 0.9999991219919109 -0.044329620779180345 -0.012932537442964076 -0.29457619134777246
FixedParameters: 0 0 0
#Transform 6
Transform: MatrixOffsetTransformBase_double_3_3
Parameters: 0.9999988512195678 -0.0010961472130768194 0.0009732479135775567 0.001099102136321527 0.9999967250544805 -0.0024769302875822102 -0.0009699405678109022 0.002478072437317777 0.9999968501207113 -0.021340000690230454 0.022292184443188034 -0.4172726842435992
FixedParameters: 0 0 0
#Transform 7
Transform: MatrixOffsetTransformBase_double_3_3
Parameters: 0.9999990286117159 -0.000755399227286529 0.0006325654020271867 0.0007580081687614498 0.9999932891118657 -0.0034835200276599754 -0.0006304217577221147 0.003484475739084947 0.9999934629231112 -0.034906009585341735 0.0055091956047021995 -0.3558608779304677
FixedParameters: 0 0 0
#Transform 8
Transform: MatrixOffsetTransformBase_double_3_3
Parameters: 0.999999845747576 -0.00012293072726811004 -0.0003728177159225082 0.00012186989518363694 0.9999963784388904 -0.0027580465200600923 0.0003735608944094877 0.002757955163188941 0.9999962541465737 -0.06760092984113442 0.020807793398816443 -0.35213700966731665
FixedParameters: 0 0 0
#Transform 9
Transform: MatrixOffsetTransformBase_double_3_3
Parameters: 0.9999994603635949 -0.0007117473559685572 0.00018308176984849466 0.0007113762162641955 0.9999981527800782 -0.0015298692381928436 -0.00018197008820102626 0.0015301289953624925 0.9999986257829979 -0.04265234298001985 0.011507828645690665 -0.4255905034178369
FixedParameters: 0 0 0
#Transform 10
Transform: MatrixOffsetTransformBase_double_3_3
Parameters: 0.9999992825636989 -0.0008463907784566981 0.00004013596365543403 0.0008458392805087047 0.9999946678632463 -0.0031009672411971972 -0.000037949412671848976 0.003101033310427076 0.9999953822469925 -0.03960566749063332 -0.006088347287686702 -0.3496692331653577
FixedParameters: 0 0 0
#Transform 11
Transform: MatrixOffsetTransformBase_double_3_3
Parameters: 0.9999997415339799 -0.0007348023452552259 0.0008476770203687601 0.0007377435772538039 0.9999917290490534 -0.003974370813173894 -0.0008450894802672427 0.003974626408200427 0.9999914190608071 -0.03446679619813153 -0.010642025987152692 -0.41458576159342897
FixedParameters: 0 0 0
#Transform 12
Transform: MatrixOffsetTransformBase_double_3_3
Parameters: 0.9999994422753932 -0.0007138746908756291 0.0010234658269404786 0.0007184891353059121 0.9999916668693762 -0.0041092645940802724 -0.0010208446184576526 0.004109737950930087 0.9999909992594218 -0.03436868207560906 -0.01389670279260713 -0.5523073316748395
FixedParameters: 0 0 0
#Transform 13
Transform: MatrixOffsetTransformBase_double_3_3
Parameters: 0.9999994703839648 -0.0007171335159932115 0.001007683260042947 0.0007220308601636882 0.999988389758925 -0.004812271836153362 -0.0010040903681683667 0.0048127287344070235 0.9999877600239371 -0.029923533295843185 -0.040122885519437546 -0.5389234384519597
FixedParameters: 0 0 0
#Transform 14
Transform: MatrixOffsetTransformBase_double_3_3
Parameters: 0.9999981506756386 -0.0009331721818091002 0.0014065990390812607 0.0009392309370797944 0.9999895930041337 -0.0045456756882629595 -0.0014025538919434685 0.004546324141254665 0.9999882251976724 -0.03851592040035712 -0.031962081321225355 -0.5324737941939901
FixedParameters: 0 0 0
#Transform 15
Transform: MatrixOffsetTransformBase_double_3_3
Parameters: 0.9999976568056409 -0.00007256814314561724 0.0020826577554298536 0.00008008784888334367 0.9999938790592061 -0.003481975450481914 -0.0020826023139031745 0.003482021946381142 0.9999915290077069 -0.018847793729392492 -0.025017863041952637 -0.4800111111526917
FixedParameters: 0 0 0
#Transform 16
Transform: MatrixOffsetTransformBase_double_3_3
Parameters: 0.9999982300507132 -0.0008840057436530011 0.001728729159200087 0.0008900520158201064 0.9999925717120565 -0.0037125960229650312 -0.0017256112152309274 0.003713407206362651 0.9999920854681341 -0.024397656431816017 -0.01037840831473602 -0.4197026178763963
FixedParameters: 0 0 0
#Transform 17
Transform: MatrixOffsetTransformBase_double_3_3
Parameters: 0.999998695152023 -0.0006862662059636016 0.0013542025075346724 0.0006919427869037325 0.9999893328052475 -0.004603139126867953 -0.0013513263542192777 0.004604867814604535 0.999988968434288 -0.040798140171148134 -0.023398576313212516 -0.4315756681928633
FixedParameters: 0 0 0
#Transform 18
Transform: MatrixOffsetTransformBase_double_3_3
Parameters: 0.9999981574635441 -0.0008868861805750688 0.0014338940807923607 0.0008882170676644698 0.9999989931013662 -0.0011357915625817422 -0.0014330103873003805 0.0011372096284485017 0.9999985810935529 -0.026473749710291372 -0.0007703954992024364 -0.28650618486894075
FixedParameters: 0 0 0
#Transform 19
Transform: MatrixOffsetTransformBase_double_3_3
Parameters: 0.99999981952275 -0.000884577604196171 0.0006312336818235973 0.0008861873395811427 0.9999930863677455 -0.0034924352920105706 -0.0006282463659242323 0.003492559669176984 0.9999933379787499 -0.036452514001354075 0.0017585398426405163 -0.3692209021147761
FixedParameters: 0 0 0
#Transform 20
Transform: MatrixOffsetTransformBase_double_3_3
Parameters: 0.9999991467154372 -0.0008650707453261571 0.00032406288673407404 0.0008658593486512262 0.9999967836100462 -0.0025556481225514627 -0.0003217028698170986 0.0025553519794540014 0.9999963019208273 -0.044264973703079136 0.013210993012080507 -0.35477413045370554
FixedParameters: 0 0 0
#Transform 21
Transform: MatrixOffsetTransformBase_double_3_3
Parameters: 0.999999483089485 -0.0006867537826697744 0.00021375374468184664 0.0006864401100264641 0.9999984434484837 -0.0014438531477084654 -0.0002128365503572944 0.0014441460435776488 0.9999988693674818 -0.044910975645279905 0.007441924330095162 -0.4239655079503848
FixedParameters: 0 0 0
#Transform 22
Transform: MatrixOffsetTransformBase_double_3_3
Parameters: 0.9999997825428376 -0.001100041731167004 0.00008929207986993877 0.0010998696890559708 0.9999929905013318 -0.003576834665584075 -0.00008448403458610755 0.0035771615275047713 0.9999932021075097 -0.04324536355255759 -0.01428157481446135 -0.2026902242324411
FixedParameters: 0 0 0
#Transform 23
Transform: MatrixOffsetTransformBase_double_3_3
Parameters: 0.9999990846207472 -0.0009491049656557846 0.000123067751157931 0.0009488493206807678 0.999996899682408 -0.0024888173723854323 -0.00012040711629095174 0.002489184140484005 0.9999967946705809 -0.046497901515195394 0.013660549090786844 -0.32646091169868896
FixedParameters: 0 0 0
#Transform 24
Transform: MatrixOffsetTransformBase_double_3_3
Parameters: 0.9999990162379797 -0.0009839438664256588 -0.00012568941687770215 0.0009832387226675772 0.9999933542798142 -0.003560056886520141 0.00012969956171185012 0.003559941402759753 0.9999933146776158 -0.05859740447131401 -0.005859361137765973 -0.19067406680368038
FixedParameters: 0 0 0
#Transform 25
Transform: MatrixOffsetTransformBase_double_3_3
Parameters: 0.9999983863911469 -0.001360119714611406 -0.0008732464281860391 0.0013580838568503122 0.9999949145666347 -0.0030281282638640883 0.0008776891267551142 0.0030268750219027 0.999995140248177 -0.04096955019473114 -0.0017246915360118464 -0.29507752669429976
FixedParameters: 0 0 0
#Transform 26
Transform: MatrixOffsetTransformBase_double_3_3
Parameters: 0.9999999023381606 -0.0010084166467458156 -0.0002827508854991909 0.0010086563400734244 0.999998791889007 -0.0014552232492142797 0.00028475706932949745 0.0014557773615917202 0.9999988734846371 -0.05804169837810491 0.0013729395365658092 -0.15712559217318756
FixedParameters: 0 0 0
#Transform 27
Transform: MatrixOffsetTransformBase_double_3_3
Parameters: 0.9999986455252887 -0.0013726658799557473 -0.0006858557589599209 0.0013700443746205123 0.9999920878736852 -0.003600948010715352 0.0006908785381845047 0.003600050759471965 0.9999936303565734 -0.045718469282505225 -0.011121083689957345 -0.25779620142675697
FixedParameters: 0 0 0
#Transform 28
Transform: MatrixOffsetTransformBase_double_3_3
Parameters: 0.9999984449788841 -0.001361805390679555 -0.0008366034898072404 0.001360501036098121 0.9999967092017586 -0.0020911462338677606 0.0008394374626267654 0.0020898556297865856 0.9999979953778458 -0.03409153357338823 -0.0051250415648951275 -0.2824346336921195
FixedParameters: 0 0 0
#Transform 29
Transform: MatrixOffsetTransformBase_double_3_3
Parameters: 0.9999992006741405 -0.0008861661126641875 -0.00011923292145509357 0.000885470423949479 0.9999923991887514 -0.0037171062603805066 0.00012282506977331738 0.003716891840258127 0.9999931692134275 -0.05363949005700874 -0.004575827173781022 -0.229701352489613
FixedParameters: 0 0 0
#Transform 30
Transform: MatrixOffsetTransformBase_double_3_3
Parameters: 0.9999997854506543 -0.00046089292532084536 0.000045296343917900724 0.0004612590440668333 0.9999944372107276 -0.0033689812955226273 -0.00004318728503554059 0.003369022094218438 0.9999946478410168 -0.06268049416783583 -0.019041114215767152 -0.3233266075582151
FixedParameters: 0 0 0
#Transform 31
Transform: MatrixOffsetTransformBase_double_3_3
Parameters: 0.9999992168550854 -0.0008823202482343807 0.00007081760416542321 0.0008821734495814739 0.9999907073325904 -0.004184939558783324 -0.0000674919167456126 0.004185061582549693 0.9999914809074131 -0.05086974030891156 -0.021164869489055604 -0.24350664794557986
FixedParameters: 0 0 0
#Transform 32
Transform: MatrixOffsetTransformBase_double_3_3
Parameters: 0.999999857066482 -0.0010061728796580448 -0.0003605015207924909 0.0010051420710871586 0.9999884589303515 -0.004640364536962496 0.0003649816820404957 0.004639634947803187 0.9999893386944378 -0.058947380466932486 -0.01510338337310202 -0.20540701491209745
FixedParameters: 0 0 0
#Transform 33
Transform: MatrixOffsetTransformBase_double_3_3
Parameters: 0.9999990124486042 -0.000987296821876521 0.00011427099012415166 0.0009875247320216764 0.9999909322894266 -0.004252823174536194 -0.00010993078269792611 0.004253180270980705 0.9999909039540065 -0.04639349913226454 -0.03127362476459439 -0.3537004897278706
FixedParameters: 0 0 0
#Transform 34
Transform: MatrixOffsetTransformBase_double_3_3
Parameters: 0.9999996893526137 -0.0005492407400742184 0.00009622729365815088 0.0005492061186349353 0.9999906927594101 -0.004358879288942699 -0.00009350252211225451 0.004359119209368309 0.999989994654642 -0.04633538213144561 -0.028748854187782058 -0.31818750938782614
FixedParameters: 0 0 0
#Transform 35
Transform: MatrixOffsetTransformBase_double_3_3
Parameters: 0.9999992955157238 -0.0012618202615559244 0.0003356803597813495 0.0012632420014472108 0.9999890460906039 -0.004628510769040722 -0.0003291174854699534 0.0046284950695148624 0.9999894031262719 -0.04014433213976076 -0.033264199180223386 -0.2446646511416759
FixedParameters: 0 0 0
#Transform 36
Transform: MatrixOffsetTransformBase_double_3_3
Parameters: 0.9999989823535488 -0.0012010713675105727 0.0007586053855675685 0.0012034022342781272 0.9999909922582273 -0.003953083927294029 -0.0007543597431203487 0.0039539121289754176 0.9999917296487456 -0.03224151771038919 -0.022293060952009114 -0.37703928210024173
FixedParameters: 0 0 0
#Transform 37
Transform: MatrixOffsetTransformBase_double_3_3
Parameters: 0.9999998323297358 -0.0010302493459766258 0.00032724020903043816 0.0010307553121853906 0.9999935226981089 -0.0035325920532430083 -0.00032308876787148484 0.0035324071878719554 0.9999933524368381 -0.04967598933048123 0.0013629486833650617 -0.36433524225407155
FixedParameters: 0 0 0
#Transform 38
Transform: MatrixOffsetTransformBase_double_3_3
Parameters: 0.999999901348479 -0.0010227467848577918 0.0002290478239971679 0.0010238626672453661 0.9999915527001269 -0.0040576951797935135 -0.00022480242426165382 0.004057304577337245 0.9999914218924609 -0.04215247873514727 -0.02085827569484877 -0.34761663475957505
FixedParameters: 0 0 0
#Transform 39
Transform: MatrixOffsetTransformBase_double_3_3
Parameters: 0.9999996913345516 -0.001046308174401042 0.00046296505815555337 0.0010473012284415487 0.9999948667250412 -0.0030175132097260554 -0.00045977665833501325 0.0030174883938069164 0.999995613944845 -0.03676640133075182 -0.009572033888829878 -0.3562037490602563
FixedParameters: 0 0 0
#Transform 40
Transform: MatrixOffsetTransformBase_double_3_3
Parameters: 0.999999666946229 0.0005962113886043395 -0.0009890304632665652 -0.0005999018718570315 0.9999899412427046 -0.004324475808764022 0.0009861926892205952 0.004325521394885984 0.9999903142784927 -0.03897320750868971 -0.01029298272273138 -0.27957234428753
FixedParameters: 0 0 0
#Transform 41
Transform: MatrixOffsetTransformBase_double_3_3
Parameters: 0.9999994502604238 -0.001152574793132488 0.00046991702321522817 0.0011544515379115024 0.9999925008250466 -0.003772387917376191 -0.0004663381907792374 0.003772612871818251 0.9999924858077615 -0.03519997144535125 -0.018879959205861496 -0.3567873240052819
FixedParameters: 0 0 0
#Transform 42
Transform: MatrixOffsetTransformBase_double_3_3
Parameters: 0.9999997014321985 -0.0010736488519158972 0.0003809051144430221 0.0010758542169950487 0.9999918756804448 -0.003868594189217936 -0.0003766474035096584 0.00386940837560433 0.9999928872982329 -0.04963190088182046 -0.02278165029200352 -0.33040813358809373
FixedParameters: 0 0 0
#Transform 43
Transform: MatrixOffsetTransformBase_double_3_3
Parameters: 0.9999987602280936 0.0005149381992238432 -0.0014052355721007148 -0.0005214496350318523 0.9999881700301841 -0.004757332212527152 0.0014027764036222518 0.004757660854119439 0.999987322337249 -0.04942920253330385 -0.029575735406524473 -0.3038613920671196
FixedParameters: 0 0 0
#Transform 44
Transform: MatrixOffsetTransformBase_double_3_3
Parameters: 0.9999989629005335 -0.0012265248505623448 0.0007295301215481777 0.0012291497095704644 0.9999924087198511 -0.003626101748240282 -0.0007258170544340764 0.0036268979364760257 0.9999932510775296 -0.027628882438563096 -0.019973359662841972 -0.3538187257306191
FixedParameters: 0 0 0
#Transform 45
Transform: MatrixOffsetTransformBase_double_3_3
Parameters: 0.9999992968798976 -0.0008322552095976765 0.00010326036283578084 0.0008324246935764014 0.9999899118910237 -0.0044039167060853784 -0.00009998782881518314 0.004404085878888145 0.9999905943505513 -0.04928033438550017 -0.023094580262835507 -0.18138520458553842
FixedParameters: 0 0 0
#Transform 46
Transform: MatrixOffsetTransformBase_double_3_3
Parameters: 0.9999998081227931 -0.0010917983918266871 0.00002361723807968963 0.0010912260169320107 0.9999934627627368 -0.0035129086844215007 -0.000020007002582980894 0.0035130920161015877 0.9999936629360173 -0.04968135338967272 -0.0018739790844790605 -0.23779649789075563
FixedParameters: 0 0 0
#Transform 47
Transform: MatrixOffsetTransformBase_double_3_3
Parameters: 0.9999993873373128 -0.0007506041056196481 0.00022176336463433592 0.0007517881832924856 0.9999892849554055 -0.004496827671227319 -0.0002180688873634797 0.004496167327118689 0.9999896651696996 -0.049827630405204104 -0.024709712298871978 -0.18099387315760396
FixedParameters: 0 0 0
#Transform 48
Transform: MatrixOffsetTransformBase_double_3_3
Parameters: 0.9999998921650767 -0.0009580843599692648 0.0004361973788831777 0.0009594330065721585 0.999993012504935 -0.0036145848656497087 -0.00043239460945548283 0.0036154176390850723 0.9999937431084837 -0.03220132320467428 -0.004064776662431768 -0.14197829293728148
FixedParameters: 0 0 0
#Transform 49
Transform: MatrixOffsetTransformBase_double_3_3
Parameters: 0.9999999024501999 -0.0010304048370280274 0.00018989359265872776 0.001030919656210526 0.9999938017761119 -0.003482739402352761 -0.0001857750418319272 0.003483262307265464 0.9999938380099069 -0.04128642231906099 -0.014155611457951522 -0.20380180931543634
FixedParameters: 0 0 0
#Transform 50
Transform: MatrixOffsetTransformBase_double_3_3
Parameters: 0.9999995158850377 -0.0011401271395795965 0.00042829137367558014 0.001143021274277374 0.9999859401373585 -0.005267449169545538 -0.0004223857974869305 0.005268556006396849 0.9999860716670772 -0.03147453702896996 -0.0036786905752848043 -0.15932840403829118
FixedParameters: 0 0 0
#Transform 51
Transform: MatrixOffsetTransformBase_double_3_3
Parameters: 0.9999987361316849 -0.001443970587774086 0.00042253888505127443 0.0014458126695453216 0.9999902841365083 -0.004085317863901358 -0.00041685475880519346 0.004085675671744116 0.9999910692432592 -0.02014377892749053 -0.02050108761969227 -0.13916531364860418
FixedParameters: 0 0 0
#Transform 52
Transform: MatrixOffsetTransformBase_double_3_3
Parameters: 0.9999994151373475 -0.0012074908851210917 0.00035699601868910283 0.0012083477742123425 0.9999923773307339 -0.003637566793951469 -0.00035233513817878315 0.0036374328633375086 0.9999935748975955 -0.027519056666832853 -0.04385905648040023 -0.16087773869891464
FixedParameters: 0 0 0
#Transform 53
Transform: MatrixOffsetTransformBase_double_3_3
Parameters: 0.9999996651954871 -0.0005788876687845721 0.000011049397713917459 0.0005781785877421154 0.9999914011901637 -0.00415499666872933 -0.000009302838410709382 0.004155008443327252 0.9999917357823158 -0.04060277141923052 0.004240376484588637 -0.16408644231960068
FixedParameters: 0 0 0
#Transform 54
Transform: MatrixOffsetTransformBase_double_3_3
Parameters: 0.9999984732496627 -0.0015893387501758223 0.0000020522930975980176 0.0015898002640107457 0.9999882278413422 -0.004506927368833041 0.00000529079142555172 0.004506067190677698 0.9999896281169315 -0.022900651659469418 -0.04037671667501286 -0.1676248914148033
FixedParameters: 0 0 0
#Transform 55
Transform: MatrixOffsetTransformBase_double_3_3
Parameters: 0.9999992522130682 -0.0008254190379826535 0.00025817201542116584 0.00082628414271222 0.9999939812425663 -0.0033667889093343256 -0.0002546740915944221 0.0033672124465614073 0.9999945975194087 -0.034858243100060804 -0.02799122256428177 -0.1756896441982434
FixedParameters: 0 0 0
#Transform 56
Transform: MatrixOffsetTransformBase_double_3_3
Parameters: 0.9999991559140199 -0.0011948444730476844 0.0006457462750790756 0.0011971792443012704 0.9999911885181675 -0.003930224465262061 -0.0006405391644077334 0.0039307721376208304 0.9999920696152823 -0.029975636931936833 -0.018513337676083097 -0.18056603716969732
FixedParameters: 0 0 0
#Transform 57
Transform: MatrixOffsetTransformBase_double_3_3
Parameters: 0.9999989486388416 -0.0014253683771669808 0.00013874970827847165 0.001426506848850076 0.9999818442296954 -0.005925745367751409 -0.00012989881636072965 0.00592626416615484 0.9999828687484174 -0.03620768912192318 -0.03744849642640702 -0.2150211349371176
FixedParameters: 0 0 0
#Transform 58
Transform: MatrixOffsetTransformBase_double_3_3
Parameters: 0.9999984297047422 -0.0015596627317885213 0.0003708133891301598 0.0015615162809112615 0.9999885365870089 -0.004592357250707016 -0.0003635991047366082 0.004592648342575278 0.9999897107301744 -0.020490001364848354 -0.040211760428078946 -0.16265467855063775
FixedParameters: 0 0 0
#Transform 59
Transform: MatrixOffsetTransformBase_double_3_3
Parameters: 0.9999994469994793 -0.0012282728528241512 0.00021068652637073364 0.0012288371253946406 0.999993961057842 -0.0030867425522892455 -0.00020716015958556402 0.0030872559017710716 0.9999954267559017 -0.03991804356758166 -0.03851029330556344 -0.15336952101253587
FixedParameters: 0 0 0
#Transform 60
Transform: MatrixOffsetTransformBase_double_3_3
Parameters: 0.9999961401199071 -0.0017221211730571555 -0.0019733798200913945 0.0017128441761521493 0.9999885830174435 -0.004503410796717622 0.001981405078907951 0.004499590714190538 0.9999880298163059 -0.02331620373732335 -0.025326948702428353 -0.2033294182698029
FixedParameters: 0 0 0
#Transform 61
Transform: MatrixOffsetTransformBase_double_3_3
Parameters: 0.9999983452309277 -0.001629434073851242 -0.00003083849603474788 0.0016285690141334547 0.9999936820268778 -0.003107986530213949 0.000035907967732250874 0.0031080135140792164 0.9999953438163875 -0.020925046877778186 -0.019326047334914165 -0.13553369502392343
FixedParameters: 0 0 0
#Transform 62
Transform: MatrixOffsetTransformBase_double_3_3
Parameters: 0.9999997447341898 -0.001088494491524083 0.0002648892787233438 0.0010894015367642908 0.9999942875191725 -0.0030977080589137257 -0.00026220198362832386 0.003097291287594478 0.999995268152715 -0.0462086203885832 -0.015562303141592793 -0.19366515510029103
FixedParameters: 0 0 0
#Transform 63
Transform: MatrixOffsetTransformBase_double_3_3
Parameters: 0.9999993443337597 -0.0007571576330897576 0.00028654004427092753 0.0007582062946436943 0.9999940252722862 -0.0032247814509976103 -0.0002847140521078353 0.0032252142817623952 0.9999945177679503 -0.03908259340327902 0.007025264718976132 -0.18496144672056403
FixedParameters: 0 0 0
#Transform 64
Transform: MatrixOffsetTransformBase_double_3_3
Parameters: 0.9999993443337333 -0.0007571622565816399 0.00028652794452508154 0.0007582017781722982 0.9999941282156033 -0.003208781798224772 -0.0002847261979626321 0.0032092146290311208 0.9999946207113395 -0.036304111194866096 -0.010995284766423197 -0.22782984414666885
FixedParameters: 0 0 0
#Transform 65
Transform: MatrixOffsetTransformBase_double_3_3
Parameters: 0.9999990339135572 -0.0009437409630089111 0.00027450482284563263 0.0009447550739695847 0.9999941343970847 -0.003311672903263632 -0.00027131117247547514 0.003312324007243461 0.9999939607733584 -0.03819725108127159 -0.026378638719833702 -0.17472463433368546
FixedParameters: 0 0 0
#Transform 66
Transform: MatrixOffsetTransformBase_double_3_3
Parameters: 0.9999989670483087 -0.0012446408835850914 0.0006953141750652708 0.0012465180095226557 0.9999976170552435 -0.0019730629751834178 -0.0006924612492050631 0.0019739365313441726 0.9999975605781742 -0.030061821828056168 -0.014351101160244184 -0.2723188254409763
FixedParameters: 0 0 0
#Transform 67
Transform: MatrixOffsetTransformBase_double_3_3
Parameters: 0.9999989132448497 -0.0010066411235081008 0.00027031033152930754 0.0010076349289099328 0.9999948440427157 -0.0031946576818272926 -0.00026793446271408233 0.00319434473804088 0.9999946594764106 -0.037337315623958034 -0.009322677150777281 -0.19317834799605293
FixedParameters: 0 0 0
#Transform 68
Transform: MatrixOffsetTransformBase_double_3_3
Parameters: 0.9999999406051964 -0.0007830063603223671 0.0006675291384567084 0.0007843906450376403 0.9999985533242666 -0.00168247836111797 -0.0006669545914048146 0.001683524194790731 0.9999987222932386 -0.03498698917226761 -0.021038486089935304 -0.24233489953986975
FixedParameters: 0 0 0
#Transform 69
Transform: MatrixOffsetTransformBase_double_3_3
Parameters: 0.9999990771856897 -0.0009180590965274283 0.00028257978125462553 0.0009193718404272221 0.9999921425174353 -0.003752735272301813 -0.00027874586044333404 0.0037522602267798383 0.9999927720672382 -0.03682887498796106 -0.02530673231643732 -0.1890151904672024
FixedParameters: 0 0 0
#Transform 70
Transform: MatrixOffsetTransformBase_double_3_3
Parameters: 0.9999992692107028 -0.0013146553544651947 -0.00004850196476234418 0.001314629054021581 0.9999969678718725 -0.0023019998192354424 0.00005156153690685338 0.00230200398762663 0.9999977029037812 -0.038940469987878146 -0.024197984556835195 -0.2316245942856483
FixedParameters: 0 0 0
#Transform 71
Transform: MatrixOffsetTransformBase_double_3_3
Parameters: 0.99999851500502 -0.001286496414412855 0.0009108316007932866 0.0012900503199681273 0.9999934768772478 -0.003452756202561913 -0.0009061282462130655 0.0034542419228301285 0.9999931847240606 -0.022802235356550682 -0.006209462109964647 -0.19312746702719608
FixedParameters: 0 0 0
#Transform 72
Transform: MatrixOffsetTransformBase_double_3_3
Parameters: 0.9999984329700344 -0.0011212708586062503 0.0011452885550668006 0.0011225197072654576 0.999997480403566 -0.0018237109876933916 -0.0011423964818244303 0.001825286788405614 0.9999972949603751 -0.029481058200886423 -0.010066208703690904 -0.27751206430727393
FixedParameters: 0 0 0
#Transform 73
Transform: MatrixOffsetTransformBase_double_3_3
Parameters: 0.9999982753810215 -0.0010680617316301442 0.0012587672123068074 0.0010699741484863747 0.9999985948519684 -0.0015256510728517692 -0.0012566372096656686 0.0015273493427678114 0.9999980201180706 -0.00968192686785585 -0.026228462363590666 -0.2754037005977068
FixedParameters: 0 0 0
#Transform 74
Transform: MatrixOffsetTransformBase_double_3_3
Parameters: 0.9999993484810777 -0.0011117528340090573 0.0006448691954988837 0.0011138432310640952 0.999992818547158 -0.003742212951249893 -0.0006407346539993824 0.0037427885415138584 0.999992517206426 -0.02445391288475207 -0.007589690759431278 -0.22989229037042946
FixedParameters: 0 0 0
#Transform 75
Transform: MatrixOffsetTransformBase_double_3_3
Parameters: 0.9999988298297096 -0.0010510516660139678 0.0010319820599898669 0.0010559014224240425 0.9999906482056656 -0.004159908572684792 -0.0010274788365165473 0.00416108743213868 0.9999905619516493 -0.02215561535935251 -0.04422615664810792 -0.271630055554823
FixedParameters: 0 0 0
#Transform 76
Transform: MatrixOffsetTransformBase_double_3_3
Parameters: 0.9999993739741764 -0.0012494098889795843 -0.0002544962873487341 0.0012483401828774702 0.9999873425236944 -0.004806322033768476 0.0002605824614196424 0.00480567876201074 0.9999888358894248 -0.04322399895700357 -0.033677820299260475 -0.27102555467214984
FixedParameters: 0 0 0
#Transform 77
Transform: MatrixOffsetTransformBase_double_3_3
Parameters: 0.999997882688837 -0.0018787718908434147 0.0007654004130561569 0.0018817130911249055 0.9999937867154861 -0.002967489127519818 -0.000760361393899611 0.0029685121595825065 0.9999954778647091 0.014733477994468558 -0.011278249113885863 -0.21216062004492642
FixedParameters: 0 0 0
#Transform 78
Transform: MatrixOffsetTransformBase_double_3_3
Parameters: 0.9999971926271857 -0.0015162191369828817 0.0015840770871203048 0.0015190684075840394 0.9999975816524198 -0.0018015893789740112 -0.0015808038644994809 0.0018044110581935113 0.9999971093429336 0.010942366863659458 -0.010794138465641367 -0.29934497830474527
FixedParameters: 0 0 0
#Transform 79
Transform: MatrixOffsetTransformBase_double_3_3
Parameters: 0.9999985781450297 -0.0013580408198619162 0.0012559876063252724 0.0013599699809218031 0.9999989868723088 -0.0011382167230043344 -0.0012539574892904066 0.0011397819757119065 0.9999979966297021 0.0009659695706574212 -0.011666030781668724 -0.30748096233557476
FixedParameters: 0 0 0
#Transform 80
Transform: MatrixOffsetTransformBase_double_3_3
Parameters: 0.9999973428084166 -0.0012952337918933129 0.001726272612994472 0.0013003223540918507 0.9999952593110929 -0.00286182191708563 -0.0017221746368369251 0.0028641800419731134 0.9999946899010487 0.005523089186283414 -0.0003923069000393298 -0.2791436670964771
FixedParameters: 0 0 0
#Transform 81
Transform: MatrixOffsetTransformBase_double_3_3
Parameters: 0.9999963199423892 -0.0013906750691365865 0.002178231515501779 0.0013997405100800537 0.9999915243774493 -0.003838085381901446 -0.0021730502014940933 0.003840912685352138 0.9999903118938873 0.0030894806644568007 -0.02534134071154881 -0.2697311889915994
FixedParameters: 0 0 0
#Transform 82
Transform: MatrixOffsetTransformBase_double_3_3
Parameters: 0.9999975601712536 -0.001313688086734832 0.0016471131157858709 0.0013163595647128913 0.9999985130479168 -0.0013748254501225188 -0.0016456255632923487 0.0013771739928887805 0.9999972603663728 -0.00027011158833545323 -0.011053597504314894 -0.29006898377966195
FixedParameters: 0 0 0
#Transform 83
Transform: MatrixOffsetTransformBase_double_3_3
Parameters: 0.9999980961135218 -0.0013221362557440026 0.001468242201871867 0.0013264642091885528 0.9999948708484961 -0.003083050851395777 -0.0014644047043844853 0.0030849530720329366 0.9999942030773826 -0.010493688785672362 -0.0008112802634343552 -0.2508630690441578
FixedParameters: 0 0 0
#Transform 84
Transform: MatrixOffsetTransformBase_double_3_3
Parameters: 0.9999985581381784 -0.0010361923556019518 0.0015387483264789317 0.0010388275230742362 0.9999978080403628 -0.0017844679714469625 -0.0015372427862609661 0.001786532884262032 0.9999973740652783 0.0005514193452995642 0.009426262836853994 -0.2930385959148367
FixedParameters: 0 0 0
#Transform 85
Transform: MatrixOffsetTransformBase_double_3_3
Parameters: 0.9999990291580141 -0.0009612505090950968 0.0014308417293875263 0.0009637114582587589 0.9999972686285 -0.00220768900037506 -0.0014288578714770634 0.0022093149465789025 0.9999970055571702 0.00044237508704725315 -0.002325103239527948 -0.30866110277608527
FixedParameters: 0 0 0
#Transform 86
Transform: MatrixOffsetTransformBase_double_3_3
Parameters: 0.9999973110103071 -0.0008973212496622853 0.002209750425907581 0.0009052538336178517 0.9999936803350167 -0.003556137984199681 -0.0022068758150620704 0.0035578657228040045 0.9999913260482634 -0.01067378461334556 -0.003822673623730566 -0.26602570314651075
FixedParameters: 0 0 0
#Transform 87
Transform: MatrixOffsetTransformBase_double_3_3
Parameters: 0.9999976396770471 -0.0008076564759999031 0.001925649639222058 0.0008138622556780371 0.9999946071880343 -0.0031315707253974506 -0.0019229736714441387 0.003133428867295132 0.9999934073083163 0.007468765119469367 -0.0018088822694295459 -0.2553980400166438
FixedParameters: 0 0 0
#Transform 88
Transform: MatrixOffsetTransformBase_double_3_3
Parameters: 0.9999969337992957 -0.0010518522806102293 0.0019898117994584423 0.001055583392650511 0.9999973979882937 -0.0019060305540749278 -0.001988060339319553 0.0019079691932225168 0.999996262497443 -0.0018766398292768827 -0.01676123618351255 -0.3084809291029842
FixedParameters: 0 0 0
#Transform 89
Transform: MatrixOffsetTransformBase_double_3_3
Parameters: 0.9999973317879256 -0.0008833525832981299 0.0022106513763650243 0.000891285312535878 0.9999936481293803 -0.0035541727055999756 -0.002207878796920985 0.0035568311900381483 0.9999914003688348 -0.00793924946236757 -0.014090240239511331 -0.23142485829244208
FixedParameters: 0 0 0
#Transform 90
Transform: MatrixOffsetTransformBase_double_3_3
Parameters: 0.999997262763486 -0.000931139261947994 0.002206891548886947 0.0009372103229920656 0.9999959008973573 -0.0027010700509700475 -0.002204245775589151 0.0027039286616881153 0.9999937548098129 0.005363569137031732 -0.001905656292990443 -0.3104415879668636
FixedParameters: 0 0 0
#Transform 91
Transform: MatrixOffsetTransformBase_double_3_3
Parameters: 0.9999967319402177 -0.001098072177238331 0.002250184026948672 0.0011048620269722917 0.9999950346138723 -0.002809716882841054 -0.002246395012963294 0.0028122810964978234 0.9999938938343328 -0.0031202395618947776 0.002356457630966702 -0.25568554999587434
FixedParameters: 0 0 0
#Transform 92
Transform: MatrixOffsetTransformBase_double_3_3
Parameters: 0.999995722131242 -0.0011232087229829755 0.0026487098292300457 0.001132077924728041 0.9999940625723794 -0.003143271931564884 -0.002645155224264422 0.0031457264447682515 0.9999918837140156 0.007062172164609137 -0.002980224610780624 -0.2623827548621023
FixedParameters: 0 0 0
#Transform 93
Transform: MatrixOffsetTransformBase_double_3_3
Parameters: 0.9999965746983586 -0.0012857118595134775 0.0021845555097551525 0.0012931284161826514 0.9999935404614867 -0.003464310751263175 -0.0021801533553623366 0.0034666950434049104 0.9999920147259397 -0.001020108259041308 -0.012368418360935607 -0.2814097034159744
FixedParameters: 0 0 0
#Transform 94
Transform: MatrixOffsetTransformBase_double_3_3
Parameters: 0.999997366330912 -0.0012188125200881044 0.001774595705206349 0.0012239599207682298 0.9999941436376086 -0.0030818911765287532 -0.0017704657539805782 0.0030841038739312793 0.9999932128636134 -0.005017257638087358 0.00004622132010467794 -0.24489401969054825
FixedParameters: 0 0 0
#Transform 95
Transform: MatrixOffsetTransformBase_double_3_3
Parameters: 0.9999980769693254 -0.001122991620521972 0.0016319457508930497 0.0011250569196217695 0.9999985360052313 -0.0015292266413353406 -0.0016297079596438487 0.001530775612028079 0.9999978591535975 -0.005437611799678166 -0.007735248343593071 -0.29208237280130334
FixedParameters: 0 0 0
#Transform 96
Transform: MatrixOffsetTransformBase_double_3_3
Parameters: 0.9999982432941648 -0.0009691656809133458 0.0013481765806910605 0.0009735042320902575 0.9999936537913707 -0.00338675593961299 -0.0013449288892076463 0.0033882453942356144 0.9999936391040906 -0.0037396364251804926 -0.007972604548015738 -0.1534531847987637
FixedParameters: 0 0 0
#Transform 97
Transform: MatrixOffsetTransformBase_double_3_3
Parameters: 0.9999988024053412 -0.0012283858243256661 0.001299647587431774 0.0012318592649444814 0.999995799278344 -0.002796395853329345 -0.001296031377144613 0.0027976073671708707 0.9999953566570241 0.003922485065004366 -0.010705674115357056 -0.17847405525394322
FixedParameters: 0 0 0
#Transform 98
Transform: MatrixOffsetTransformBase_double_3_3
Parameters: 0.9999983479462586 -0.0011357787593238473 0.0011673638512140613 0.0011371499562380198 0.9999974911452423 -0.0018116691998093931 -0.0011654435750210934 0.0018133296097865848 0.9999972864810723 -0.013603038868794215 -0.009979157097134816 -0.22883509188686446
FixedParameters: 0 0 0
#Transform 99
Transform: MatrixOffsetTransformBase_double_3_3
Parameters: 0.9999983333986758 -0.0010529564433192896 0.0012477329266327964 0.0010565116435876949 0.9999964808972401 -0.002543681009528842 -0.0012455624710941075 0.0025453200324260794 0.9999959035087158 -0.0017245944225692256 0.0036040630657510064 -0.20965664777888549
FixedParameters: 0 0 0
#Transform 100
Transform: MatrixOffsetTransformBase_double_3_3
Parameters: 0.9999980343438696 -0.0010811585154839897 0.0013406397064232105 0.0010821350203362324 0.9999987285486219 -0.0010826144551092376 -0.0013394294881182165 0.0010843868843115056 0.9999989578468912 -0.0029166532960545055 -0.015405495939958769 -0.24131376199220256
FixedParameters: 0 0 0
#Transform 101
Transform: MatrixOffsetTransformBase_double_3_3
Parameters: 0.9999990843544316 -0.001379433315309077 0.00011553435858147302 0.0013793856223805478 0.9999941644394356 -0.0029877729899992628 -0.0001113497386076521 0.00298822167239407 0.9999950635949716 -0.000047715545946402926 -0.011960842595158283 -0.12697453210539322
FixedParameters: 0 0 0
#Transform 102
Transform: MatrixOffsetTransformBase_double_3_3
Parameters: 0.9999987703658838 -0.0014047467677874743 0.0005060263430477788 0.0014063331532033338 0.9999937482166772 -0.0032152179975566686 -0.000502111741684309 0.003215779948531089 0.999994343210468 -0.010954629010313965 -0.0031813055541647373 -0.18708856789253048
FixedParameters: 0 0 0
#Transform 103
Transform: MatrixOffsetTransformBase_double_3_3
Parameters: 0.9999994754434941 -0.0008385142959852902 0.0009065649421034456 0.000841477108891434 0.9999940274216073 -0.0032153025016689735 -0.0009033623252174668 0.0032156963747764084 0.9999947690840001 -0.021360447564617857 -0.010378328717351337 -0.20094395628404982
FixedParameters: 0 0 0
#Transform 104
Transform: MatrixOffsetTransformBase_double_3_3
Parameters: 0.9999988264379194 -0.0012315151964516935 0.0012873169036788463 0.0012360076206958672 0.9999927756104166 -0.003582403776965712 -0.001282806550685627 0.003583593212632172 0.9999923749575661 -0.006414001580594686 -0.01697968490954338 -0.15841059507016553
FixedParameters: 0 0 0
#Transform 105
Transform: MatrixOffsetTransformBase_double_3_3
Parameters: 0.9999986247172804 -0.001238208188023789 0.0009173192036530106 0.0012401821042276817 0.9999973112723769 -0.0020538613851914106 -0.0009153564243809441 0.0020551416837724518 0.9999978714843494 -0.004720024487710361 -0.01510149183307874 -0.20533393666174504
FixedParameters: 0 0 0
#Transform 106
Transform: MatrixOffsetTransformBase_double_3_3
Parameters: 0.999998617168439 -0.0014453249070635842 0.0011371805764155772 0.0014497293213986643 0.9999923735206447 -0.0035483517408401583 -0.0011321650232528054 0.003550645947144618 0.9999930456550182 -0.013506106559646014 -0.017683183653460333 -0.17367298890931693
FixedParameters: 0 0 0
#Transform 107
Transform: MatrixOffsetTransformBase_double_3_3
Parameters: 0.999997330800634 -0.0005723273150524384 0.0020834742059046363 0.0005796456949025319 0.9999934920444954 -0.003639933410188284 -0.0020818199219268503 0.003641070394075352 0.9999913321430102 -0.00286606234440967 -0.02877879367527214 -0.16902434893420093
FixedParameters: 0 0 0
#Transform 108
Transform: MatrixOffsetTransformBase_double_3_3
Parameters: 0.999997079690882 -0.0009646930038958615 0.00223378857567065 0.0009685270446656508 0.9999978567137816 -0.0015120395586232516 -0.0022320643692451355 0.0015149584146941925 0.999996641606911 0.0011346881739200398 -0.026005715859852785 -0.1796556690145792
FixedParameters: 0 0 0
#Transform 109
Transform: MatrixOffsetTransformBase_double_3_3
Parameters: 0.9999962439691843 -0.0009869897445753213 0.002404723153459532 0.0009905813594505105 0.9999987242944142 -0.001561749944044774 -0.002402901947074701 0.0015642507408597794 0.9999956337245818 -0.010892845601333079 -0.009666046643289405 -0.06123592816597068
FixedParameters: 0 0 0
#Transform 110
Transform: MatrixOffsetTransformBase_double_3_3
Parameters: 0.9999953731550851 -0.001003508860063829 0.0027604969191244283 0.0010153670223730074 0.9999913041190305 -0.004100408515019735 -0.0027559566539088537 0.004103588433635438 0.9999874160265919 0.00887422768001045 -0.0016333533700390035 -0.22221293199999081
FixedParameters: 0 0 0
#Transform 111
Transform: MatrixOffsetTransformBase_double_3_3
Parameters: 0.999999034391556 -0.0014016904022940563 0.0010003707203363463 0.001404620061967357 0.9999932386541935 -0.003294593987740402 -0.0009963829786168359 0.0032964050033285064 0.9999940750250464 -0.01209574265786273 -0.012773519088042917 -0.09225853474445955
FixedParameters: 0 0 0
#Transform 112
Transform: MatrixOffsetTransformBase_double_3_3
Parameters: 0.9999988895647954 -0.0017622143302559582 -0.00006926908610795585 0.001762081422517628 0.9999932514204889 -0.0032609907958693757 0.00007577343246598493 0.003261006640907213 0.9999943698375073 -0.012676765116168554 -0.005672130933021435 -0.08861741912289745
FixedParameters: 0 0 0
#Transform 113
Transform: MatrixOffsetTransformBase_double_3_3
