#Insight Transform File V1.0
#Transform 0
Transform: MatrixOffsetTransformBase_double_3_3
Parameters: 0.9999992232995736 0.0006860025108091314 -0.0005534759016785559 -0.0006870525955573123 0.9999978191986811 -0.0019256202920838184 0.0005517460925106442 0.0019263790591481506 0.9999979851417505 0.002867166647575914 -0.046311302521502284 -0.6945133535262045
FixedParameters: 0 0 0
#Transform 1
Transform: MatrixOffsetTransformBase_double_3_3
Parameters: 0.9999997939974182 0.0008756567377683696 -0.000662555814353755 -0.0008767477604572511 0.99999825890112 -0.0017004142767451935 0.0006614871850181501 0.0017005878339574343 0.9999987516863902 -0.0012489779972923998 -0.06169557304571072 -0.6723730483994643
FixedParameters: 0 0 0
#Transform 2
Transform: MatrixOffsetTransformBase_double_3_3
Parameters: 0.9999998803746696 0.0008779610413719404 -0.0005909458659541462 -0.000878186143856014 0.9999990101691425 -0.0011034819018316544 0.0005899217775319622 0.0011045187908885201 0.9999994325713245 0.0006614814955412385 -0.0009553925757757042 -0.6825624769318352
FixedParameters: 0 0 0
#Transform 3
Transform: MatrixOffsetTransformBase_double_3_3
Parameters: 0.9999990951362264 0.0009223829240942303 0.00023253770321820535 -0.000922037992251419 0.9999996776161854 -0.0007393031205646522 -0.00023390165194323533 0.0007396962113354888 0.999999323799901 0.0059039428228686575 -0.037558172521642064 -0.6872759091578615
FixedParameters: 0 0 0
#Transform 4
Transform: MatrixOffsetTransformBase_double_3_3
Parameters: 0.9999992338886574 0.0007633674025368648 -0.0004282300367279916 -0.0007636267698492529 0.9999993252626758 -0.0003026729639947212 0.00042776735777552596 0.00030332651610578965 0.9999997250081392 -0.01882014461618553 -0.014339760823375514 -0.7247957861456058
FixedParameters: 0 0 0
#Transform 5
Transform: MatrixOffsetTransformBase_double_3_3
Parameters: 0.9999991073758437 0.0005454582669523261 -0.0007714263661205136 -0.0005458115232307522 0.9999996498412521 -0.00022857893420240305 0.0007711764655659484 0.00022942063295773585 0.9999993526526907 -0.02671142460012277 -0.04203281913459023 -0.7151432584971928
FixedParameters: 0 0 0
#Transform 6
Transform: MatrixOffsetTransformBase_double_3_3
Parameters: 0.9999995680882997 0.0005365347471550746 -0.0003795286269138627 -0.0005369231031666735 0.9999994497778698 -0.0005117960879775646 0.0003789790166969587 0.0005122032013096522 0.9999995940227935 -0.004336062358277104 -0.025961016585611674 -0.7044282135004778
FixedParameters: 0 0 0
#Transform 7
Transform: MatrixOffsetTransformBase_double_3_3
Parameters: 0.9999993883551916 0.0007057005064946596 -0.00033709261705797047 -0.0007058248455574519 0.9999993861957014 -0.0001847553512828587 0.0003368321909277648 0.0001842444104596247 0.9999999340793311 -0.005136475291010356 -0.030138434779189538 -0.6840851279496292
FixedParameters: 0 0 0
#Transform 8
Transform: MatrixOffsetTransformBase_double_3_3
Parameters: 0.9999999727984801 0.0009384185908789403 -0.00038245100023484146 -0.0009393413239641873 0.9999983866469736 -0.0013156411007640006 0.00038097650441023005 0.0013163578683940275 0.9999991224383991 -0.007732292622122827 -0.06328619809015379 -0.7009942212229419
FixedParameters: 0 0 0
#Transform 9
Transform: MatrixOffsetTransformBase_double_3_3
Parameters: 0.9999997644229143 0.0008227591339776216 -0.0007469730599710691 -0.0008244471364073409 0.9999988346037537 -0.0011853781512475847 0.0007460169342075972 0.0011856212109697534 0.9999991189975093 -0.016812156317598692 -0.03174207986383237 -0.7083924698345498
FixedParameters: 0 0 0
#Transform 10
Transform: MatrixOffsetTransformBase_double_3_3
Parameters: 0.9999996678493489 0.000914744424130862 -0.0007033973039252173 -0.0009162270908187405 0.9999989231155414 -0.001112356375307877 0.0007023560689917929 0.0011136433238231602 0.9999992671946648 -0.016264786943295917 0.024412038343399445 -0.7006766636626622
FixedParameters: 0 0 0
#Transform 11
Transform: MatrixOffsetTransformBase_double_3_3
Parameters: 0.9999996729109919 0.00038218578825925306 -0.0004259562497371973 -0.0003816157267173288 0.9999996031507385 -0.0005008373225635493 0.000425491646845522 0.0005011624911901852 0.9999995677583465 0.010018868032759087 -0.10038305545033666 -0.690936608830583
FixedParameters: 0 0 0
#Transform 12
Transform: MatrixOffsetTransformBase_double_3_3
Parameters: 0.999999089740429 0.0009517252883494863 -0.00006692255202416568 -0.0009518244703905758 0.9999995264087738 -0.0007490182932082673 0.00006549679357851999 0.0007489810008430714 0.9999994413297129 0.0005832023255720742 -0.08289195345675182 -0.6824134895510525
FixedParameters: 0 0 0
#Transform 13
Transform: MatrixOffsetTransformBase_double_3_3
Parameters: 0.9999995693189769 0.00018876883330843787 -0.0006287183910956484 -0.00018849128009006534 0.9999996372346195 -0.0005718813048334187 0.0006284206599326721 0.0005721184391687117 0.9999992777165039 0.00042198527188475055 0.005763151202089034 -0.7046577513016103
FixedParameters: 0 0 0
#Transform 14
Transform: MatrixOffsetTransformBase_double_3_3
Parameters: 0.9999997986306907 0.0009263504267098071 -0.0005862664326412209 -0.0009269478432868708 0.9999980104648842 -0.0014314497770413631 0.0005845281336179116 0.0014315481215993603 0.9999986897812231 0.0002581822715370663 0.0423432023729049 -0.6793093325111954
FixedParameters: 0 0 0
#Transform 15
Transform: MatrixOffsetTransformBase_double_3_3
Parameters: 0.9999992619484935 0.0007511176083193474 -0.0004165580124629226 -0.0007516866116021525 0.999999736275482 -0.0007817621321380697 0.0004163802082044773 0.000781238105697038 0.9999993041883251 0.003953735773535527 -0.06587393064104674 -0.6666114715336846
FixedParameters: 0 0 0
#Transform 16
Transform: MatrixOffsetTransformBase_double_3_3
Parameters: 0.9999999343452873 0.001030601573234549 0.000060504438010043954 -0.0010303694016151016 0.9999984350219399 -0.001226062951085044 -0.00006203455228965977 0.0012259366763850699 0.999999493169798 0.003643228122086839 -0.07870129625622724 -0.6940342710041136
FixedParameters: 0 0 0
#Transform 17
Transform: MatrixOffsetTransformBase_double_3_3
Parameters: 0.999999490957028 0.00046198472131496156 -0.0005437049400299742 -0.0004631035001755658 0.9999976138796783 -0.0020227413110770476 0.0005427486462584351 0.002022257272730782 0.999997696058579 0.008279631827832645 -0.05274514656808549 -0.70985069699897
FixedParameters: 0 0 0
#Transform 18
Transform: MatrixOffsetTransformBase_double_3_3
Parameters: 0.999999320627694 0.0008241524264501095 0.000015118596604891656 -0.0008240156667580585 0.9999983900684593 -0.0017100942506496214 -0.000016940328902573193 0.0017099045054674716 0.9999980823562373 0.008092118313868468 -0.06789602753541146 -0.7075224499412087
FixedParameters: 0 0 0
#Transform 19
Transform: MatrixOffsetTransformBase_double_3_3
Parameters: 0.9999994415720291 0.0010549400668735617 -0.0006674423909385413 -0.001055898394397272 0.9999983544521461 -0.0015883776660896992 0.0006659996028365168 0.0015896216820207865 0.9999980372741197 0.0052185311846812965 -0.027408692063161766 -0.7027226674613161
FixedParameters: 0 0 0
#Transform 20
Transform: MatrixOffsetTransformBase_double_3_3
Parameters: 0.9999999238066581 0.0008652401363297961 -0.0005722459399324382 -0.000865871215522982 0.9999987085116843 -0.0015665803133942807 0.0005714454899308479 0.0015664203437483482 0.9999983074453012 -0.0036225207878430865 -0.062134074807730144 -0.7048833919932775
FixedParameters: 0 0 0
#Transform 21
Transform: MatrixOffsetTransformBase_double_3_3
Parameters: 0.9999992069699378 0.0008844218045052579 -0.00010390960526256217 -0.0008845934199546795 0.9999987121150065 -0.0012269086888203884 0.00010273565930884261 0.0012270914685128392 0.9999994837949342 -0.005080017724296226 0.007285624436761395 -0.7093302909486994
FixedParameters: 0 0 0
#Transform 22
Transform: MatrixOffsetTransformBase_double_3_3
Parameters: 0.9999993143256829 0.00082439551134955 -0.00007769612830419841 -0.0008244788684139607 0.999999177540372 -0.001068936857468561 0.00007693011781211397 0.0010690643373352793 0.9999998512610622 -0.01052835896801696 -0.05750029355790787 -0.7121421903026146
FixedParameters: 0 0 0
#Transform 23
Transform: MatrixOffsetTransformBase_double_3_3
Parameters: 0.999999071244367 0.0007481187986723335 -0.0006081688889952269 -0.0007483805974980876 0.9999993668244687 -0.0010355458177880444 0.0006065365758389817 0.0010364547219590264 0.9999995578262639 -0.015787593738679107 -0.06504781062166387 -0.6994782534515309
FixedParameters: 0 0 0
#Transform 24
Transform: MatrixOffsetTransformBase_double_3_3
Parameters: 0.9999993144157923 0.0008251322258342951 -0.00006884929625243776 -0.0008252166352190962 0.9999988379960335 -0.0012169438158222134 0.00006783745766242766 0.0012170566064926558 0.999999514239597 0.0023300535463022243 -0.02789214878328039 -0.7208759838141106
FixedParameters: 0 0 0
#Transform 25
Transform: MatrixOffsetTransformBase_double_3_3
Parameters: 0.9999996625562907 0.0005773069272433317 0.00006450044328457953 -0.0005772129253757995 0.9999991425948974 -0.0007240368509584122 -0.00006533631546655992 0.0007239619014169918 0.9999994716102966 -0.017259223943057123 -0.06926034999693798 -0.693325832283108
FixedParameters: 0 0 0
#Transform 26
Transform: MatrixOffsetTransformBase_double_3_3
Parameters: 0.9999993031886107 0.0008148022275631648 -0.0001810944385677034 -0.0008150361081278187 0.9999995670631411 -0.0008729342720073113 0.00018066822669425287 0.0008730657536820952 0.9999992118670011 -0.006651524588903612 0.022692096601176104 -0.7380706896512379
FixedParameters: 0 0 0
#Transform 27
Transform: MatrixOffsetTransformBase_double_3_3
Parameters: 0.9999992225236456 0.0008647178075158389 -0.00017215952948765838 -0.0008649212897225085 0.9999995564724715 -0.0008299330166185587 0.00017172056596394838 0.0008300670851959652 0.9999992882506329 -0.00676722539333241 -0.05450380038804781 -0.702746640288396
FixedParameters: 0 0 0
#Transform 28
Transform: MatrixOffsetTransformBase_double_3_3
Parameters: 0.9999990413365233 0.0008870134908354712 -0.0004149829445389795 -0.0008870112703013408 0.999999121243333 0.00010137480777522301 0.0004141663718761039 -0.00010162591352365358 0.9999998994888044 -0.023248452208264325 -0.0849087097994925 -0.6737102188137243
FixedParameters: 0 0 0
#Transform 29
Transform: MatrixOffsetTransformBase_double_3_3
Parameters: 0.9999997392030704 0.0005099495431739372 0.00002735553064416311 -0.0005099547314823756 0.9999997309237819 0.00009498604905139318 -0.00002725863956738245 -0.00009501389968233354 0.9999999902292932 -0.028910357998071845 -0.043587179042148705 -0.6853851140872962
FixedParameters: 0 0 0
#Transform 30
Transform: MatrixOffsetTransformBase_double_3_3
Parameters: 0.9999997735830536 0.0003957007507615283 -0.00026426844458387027 -0.0003956457744329739 0.9999998326266696 0.00010410455558640397 0.00026435074477088944 -0.00010389539506910905 0.9999999193243887 -0.04942493368173473 -0.0008934475276873854 -0.6758590733888639
FixedParameters: 0 0 0
#Transform 31
Transform: MatrixOffsetTransformBase_double_3_3
Parameters: 0.9999992922222383 0.0006514200147608494 -0.0005323810248736044 -0.0006517494337018707 0.9999993979840018 -0.0003096462770916103 0.0005319776943086639 0.00030935322550008915 0.99999970265806 -0.05456701461254454 -0.02357787256343613 -0.6827376387929718
FixedParameters: 0 0 0
#Transform 32
Transform: MatrixOffsetTransformBase_double_3_3
Parameters: 0.9999994091311805 0.001053630197641418 -0.0006929115718312895 -0.0010538601871117573 0.9999988389953532 -0.00022426975624660617 0.0006934340236869705 0.00022573061208108758 0.9999994688863351 -0.041573419872761974 0.006647400377545409 -0.7066040067798269
FixedParameters: 0 0 0
#Transform 33
Transform: MatrixOffsetTransformBase_double_3_3
Parameters: 0.9999992763115897 0.000542982464865117 -0.0006548724525797422 -0.0005433779089368625 0.9999996137510164 -0.000301644128958084 0.0006545443719668933 0.0003023553788469163 0.9999994801527217 -0.04368433320048837 -0.02100053033701954 -0.6941014148516444
FixedParameters: 0 0 0
#Transform 34
Transform: MatrixOffsetTransformBase_double_3_3
Parameters: 0.9999992407237536 0.0007349137076004836 -0.0004681639798556312 -0.000735365611122048 0.9999992262802132 -0.0004826556153418732 0.0004674538352191047 0.0004833434258404712 0.9999995478660036 -0.055948710257609946 0.051176039195510725 -0.7263377236965312
FixedParameters: 0 0 0
#Transform 35
Transform: MatrixOffsetTransformBase_double_3_3
Parameters: 0.9999997506309922 0.0003917836880487008 -0.0003103069118134103 -0.00039102769951748897 0.9999996962575792 -0.00038787860293912346 0.0003099212426527408 0.000388121363728372 0.999999753285426 -0.05648396666639144 -0.08013883043398096 -0.6887197053737424
FixedParameters: 0 0 0
#Transform 36
Transform: MatrixOffsetTransformBase_double_3_3
Parameters: 0.9999998957790215 0.0008367876680768073 -0.0006356155736299982 -0.0008366630715204249 0.9999992902866196 0.00009853179518690136 0.0006357795721205876 -0.00009746798650327182 0.9999995862845273 -0.05544105947240041 -0.06070921016177522 -0.6924045783441244
FixedParameters: 0 0 0
#Transform 37
Transform: MatrixOffsetTransformBase_double_3_3
Parameters: 0.9999999239521038 0.0006716607128613354 -0.0007905204537682049 -0.0006723609261170896 0.9999991999869264 -0.0011254625965465004 0.0007899224561879451 0.001125538098813758 0.9999991904623231 -0.047119676166943236 -0.06895591744087426 -0.6808672119581871
FixedParameters: 0 0 0
#Transform 38
Transform: MatrixOffsetTransformBase_double_3_3
Parameters: 0.9999992857814153 0.0003597198183248215 -0.000764531954474776 -0.00036040588043057475 0.9999995386371581 -0.0011537252291256017 0.0007646156278874074 0.0011542758188548136 0.99999908370967 -0.09153928561741509 -0.047931889047617915 -0.6744326985382543
FixedParameters: 0 0 0
#Transform 39
Transform: MatrixOffsetTransformBase_double_3_3
Parameters: 0.9999998144608605 0.00034712958523429484 -0.00025458764256412986 -0.0003474482128275581 0.9999992615945398 -0.0007859110583308682 0.000255038341747987 0.0007860880458268049 0.9999993172750248 -0.06263438686897871 -0.05385920495790231 -0.6866276594179794
FixedParameters: 0 0 0
#Transform 40
Transform: MatrixOffsetTransformBase_double_3_3
Parameters: 0.9999998186520985 0.0003964504305166686 -0.00015548345910353824 -0.0003968122489655806 0.9999994807929594 -0.0011669390468573015 0.0001545577207734562 0.001167062019226145 0.99999961407899 -0.05117080195259405 -0.009425638887378796 -0.6440080409471847
FixedParameters: 0 0 0
#Transform 41
Transform: MatrixOffsetTransformBase_double_3_3
Parameters: 0.9999998198523697 0.0003386184337831768 -0.0002559013759512298 -0.0003376085849665122 0.9999980126519156 0.0019680866442879086 0.00025723219351429116 -0.0019679131464127725 0.9999980611450133 -0.05342622422905663 0.051183129522073045 -0.5374759972499561
FixedParameters: 0 0 0
#Transform 42
Transform: MatrixOffsetTransformBase_double_3_3
Parameters: 0.9999996958138125 0.0005943931026899534 -0.0009754772953998378 -0.0005948258170347213 1.0000001091499586 -0.0007324208328712556 0.0009745236587460358 0.0007335803225263504 0.9999995120849323 -0.0929655722078877 0.025741455022441073 -0.6846562053394081
FixedParameters: 0 0 0
#Transform 43
Transform: MatrixOffsetTransformBase_double_3_3
Parameters: 0.9999994379602611 0.00045249505375225365 -0.0011652617114374987 -0.0004526319626232927 0.9999994835546936 -0.00048638455974531203 0.0011647394283907323 0.00048661578709863207 0.9999994810408467 -0.0862366874112439 -0.0229756145529052 -0.6712922166470747
FixedParameters: 0 0 0
#Transform 44
Transform: MatrixOffsetTransformBase_double_3_3
Parameters: 0.999999875339034 0.00016929536847898745 -0.0003098387137167792 -0.0001690561226741495 0.9999998223837303 0.00038605232260410793 0.0003099693174668223 -0.00038594746613278275 0.9999997549633851 -0.05910315950417555 -0.022772475049606555 -0.658515499007791
FixedParameters: 0 0 0
#Transform 45
Transform: MatrixOffsetTransformBase_double_3_3
Parameters: 0.9999992946584775 0.0005819810981984478 -0.001169322520704615 -0.0005834176445821621 0.9999995767792906 -0.001040318749957747 0.0011680274011259294 0.0010416807242952103 0.9999985505165665 -0.051483454564149156 -0.01830910652432749 -0.6600945391544286
FixedParameters: 0 0 0
#Transform 46
Transform: MatrixOffsetTransformBase_double_3_3
Parameters: 0.9999993647877689 0.0002608447629825635 -0.0007531664103774856 -0.000259448536924367 0.9999976238983466 0.0023041970013084473 0.0007535324075353825 -0.002303805038411613 0.9999971240369664 -0.06803368739247162 0.0325436697669943 -0.5621854740263217
FixedParameters: 0 0 0
#Transform 47
Transform: MatrixOffsetTransformBase_double_3_3
Parameters: 0.9999987998375248 0.0007107665277320584 -0.0013022241995813266 -0.0007117054523733472 0.9999998596872729 -0.0007430675615771182 0.0013010846527937267 0.000743932557778243 0.999998834565047 -0.08141162564835724 -0.006701965734848159 -0.68591173303696
FixedParameters: 0 0 0
#Transform 48
Transform: MatrixOffsetTransformBase_double_3_3
Parameters: 0.9999997075767523 0.0002527022120063126 -0.0011085882915955973 -0.00024928001347730526 0.9999967982654453 0.00247936013032464 0.0011089999474841363 -0.0024786402086859616 0.9999966184056871 -0.07969125402411237 0.04691491944973336 -0.5459204438110845
FixedParameters: 0 0 0
#Transform 49
Transform: MatrixOffsetTransformBase_double_3_3
Parameters: 0.9999995401554123 0.0006606122172865694 -0.00015308779995959292 -0.000660814022014008 0.9999991265369503 -0.0006608985485470481 0.00015221433744707762 0.0006611002659295123 0.9999995397772451 -0.06146468515188985 0.012214455562826743 -0.6929326693638131
FixedParameters: 0 0 0
#Transform 50
Transform: MatrixOffsetTransformBase_double_3_3
Parameters: 0.9999998069590794 0.0004291136250185389 0.00009435242567566184 -0.0004292015629391647 0.9999995977349311 0.00046695940190996654 -0.00009395159234321942 -0.0004670402140947161 0.9999997730463275 -0.052984425655168366 0.0011623876900443975 -0.6485794787883776
FixedParameters: 0 0 0
#Transform 51
Transform: MatrixOffsetTransformBase_double_3_3
Parameters: 0.9999998783944808 0.0005836325509421805 -0.0008837300782757677 -0.0005834602128182675 0.9999995683046353 0.00009752233439443148 0.000883843869990993 -0.00009747744503893485 0.9999992910774437 -0.07268134538541915 0.05210927780477448 -0.7136693460228827
FixedParameters: 0 0 0
#Transform 52
Transform: MatrixOffsetTransformBase_double_3_3
Parameters: 0.9999998941314444 0.0005838898082867092 -0.0008741385508920714 -0.0005847600032221239 0.999999280421501 -0.0005444819631542502 0.000874498859055604 0.0005445171636884044 0.9999990207499858 -0.04332978288989864 -0.010827091583081483 -0.6595340019212728
FixedParameters: 0 0 0
#Transform 53
Transform: MatrixOffsetTransformBase_double_3_3
Parameters: 0.9999995411771424 0.0006384374406826091 -0.00022602961407985472 -0.0006375637396352398 0.9999889703318123 0.004650145862905186 0.0002290550807635681 -0.004649855517666335 0.9999893256001653 -0.05236671745879562 -0.05721667903156913 -0.501793620513368
FixedParameters: 0 0 0
#Transform 54
Transform: MatrixOffsetTransformBase_double_3_3
Parameters: 0.9999995935147038 0.0005744303276298438 -0.0010372400585957325 -0.0005712452599575713 0.9999932035049818 0.0035326760356055725 0.001039621081886824 -0.0035313230011161517 0.9999934398789396 -0.09087827656711056 0.061106143582506434 -0.5281093402745114
FixedParameters: 0 0 0
#Transform 55
Transform: MatrixOffsetTransformBase_double_3_3
Parameters: 0.9999993647112183 0.0005646008485166313 -0.0011474948315678506 -0.000562054711895211 0.9999964448942938 0.0024827354100136756 0.0011485442993533087 -0.002482265232386857 0.9999965941789938 -0.08300092393609759 0.1076020629043768 -0.5815701868363163
FixedParameters: 0 0 0
#Transform 56
Transform: MatrixOffsetTransformBase_double_3_3
Parameters: 0.9999991333968495 0.000599867169876605 -0.0007114193064267685 -0.0005983997483141353 0.9999941239692731 0.003243424036451406 0.0007135578392553361 -0.003242570283018678 0.9999939752884943 -0.07557572686629044 0.10223529388235875 -0.5487492323844663
FixedParameters: 0 0 0
#Transform 57
Transform: MatrixOffsetTransformBase_double_3_3
Parameters: 0.9999982851553212 0.0005059701053913756 -0.0018597537125174643 -0.0005035955265075869 0.9999984519972449 0.0014641160356711203 0.001860480896650477 -0.001463884616688213 0.9999975465593163 -0.10418735845628646 0.07564938877740701 -0.6277858405902492
FixedParameters: 0 0 0
#Transform 58
Transform: MatrixOffsetTransformBase_double_3_3
Parameters: 0.9999993691899496 0.0007452869395968769 -0.001037207161115932 -0.0007426219110563504 0.9999952917553115 0.002842861245213671 0.0010386924538821549 -0.002842140114821548 0.9999959177794092 -0.08281816161311895 0.09598609901614452 -0.5565825588313658
FixedParameters: 0 0 0
#Transform 59
Transform: MatrixOffsetTransformBase_double_3_3
Parameters: 0.9999989839222445 0.0006708620864336115 -0.0012517159649774207 -0.0006716083826483865 0.9999999826673777 -0.0006961536781199956 0.0012506989954314675 0.000696846815721977 0.999999031029633 -0.09435137695066942 0.009672745071696909 -0.6860896831508256
FixedParameters: 0 0 0
#Transform 60
Transform: MatrixOffsetTransformBase_double_3_3
Parameters: 0.9999993633824759 0.0005612937253035796 -0.0011491161238015688 -0.000562125553339069 0.9999994515268578 -0.00039726601016476515 0.0011496662025780118 0.00039773401210968506 0.9999995958431598 -0.09704914699428002 -0.058268435805175045 -0.6511753317751499
FixedParameters: 0 0 0
#Transform 61
Transform: MatrixOffsetTransformBase_double_3_3
Parameters: 0.9999988216497703 0.00036608012953521764 -0.001429802238558829 -0.0003660701213747731 0.999999791027706 0.0000036117884882475026 0.0014298048012869051 -0.000003388203263454681 0.9999990305976242 -0.11828788963568115 0.004059655715209942 -0.7591242914972298
FixedParameters: 0 0 0
#Transform 62
Transform: MatrixOffsetTransformBase_double_3_3
Parameters: 0.9999988046526462 0.0004402700898646895 -0.0014145507185982667 -0.0004398335195991947 0.9999994748630847 0.0005067109206966791 0.001415078430106028 -0.0005062889825390993 0.9999988167048995 -0.11015931023042924 0.025215833642150187 -0.7329402382710839
FixedParameters: 0 0 0
#Transform 63
Transform: MatrixOffsetTransformBase_double_3_3
Parameters: 0.9999998456499505 -0.000280986537809685 -0.0010365679750141482 0.00028674117828612704 0.9999847492738729 0.005582707406003792 0.001035883245644553 -0.005583295702688146 0.9999837560769615 -0.09182810528476182 -0.09738898835200871 -0.5304659317651073
FixedParameters: 0 0 0
#Transform 64
Transform: MatrixOffsetTransformBase_double_3_3
Parameters: 0.9999993800186816 -0.0004395895580419958 -0.0006530925098566834 0.0004432303329459096 0.9999872200339107 0.004958794216231716 0.0006509536673329693 -0.004959206513952513 0.9999879763094436 -0.05184867256622283 0.009316994381464383 -0.5701195078112278
FixedParameters: 0 0 0
#Transform 65
Transform: MatrixOffsetTransformBase_double_3_3
Parameters: 0.999998162310087 -0.0004554128236254915 -0.0019055371681648522 0.0004647350492114031 0.9999880205473677 0.0047812764781131195 0.0019028715335933058 -0.0047817154182829 0.9999864160121406 -0.08556349127135832 0.09082013264959699 -0.5641238224346381
FixedParameters: 0 0 0
#Transform 66
Transform: MatrixOffsetTransformBase_double_3_3
Parameters: 0.999998689767684 0.0000956311562254162 -0.0018168569324005191 -0.00008720135879666138 0.9999894296591469 0.004536328220471203 0.001817345139208248 -0.00453566934092875 0.999988109281952 -0.0867146792569855 0.13818370917243783 -0.5659971261035395
FixedParameters: 0 0 0
#Transform 67
Transform: MatrixOffsetTransformBase_double_3_3
Parameters: 0.9999992660741 0.0003677801993605056 -0.0012644319203914955 -0.00036234282214374467 0.9999913758609624 0.004183546105676547 0.0012659024592744257 -0.004182459047562259 0.9999908950457407 -0.07365898945886329 0.16368049485427605 -0.5669310992653465
FixedParameters: 0 0 0
#Transform 68
Transform: MatrixOffsetTransformBase_double_3_3
Parameters: 0.9999984614064873 -0.00015758935131312063 -0.0015855508765059958 0.0001642610571641785 0.9999904544054957 0.004304909196214526 0.0015847388714035127 -0.004305092727296789 0.9999899407476639 -0.07889825521631622 0.16458864268172135 -0.5955500869193884
FixedParameters: 0 0 0
#Transform 69
Transform: MatrixOffsetTransformBase_double_3_3
Parameters: 0.9999994901365759 0.00004626468870471468 -0.0012278340666998207 -0.0000458197689593049 0.9999996600250581 0.0005871383068454389 0.0012279700590025477 -0.0005868619100511674 0.9999991409730672 -0.07026326195182264 0.10421087227148007 -0.7627891108445652
FixedParameters: 0 0 0
#Transform 70
Transform: MatrixOffsetTransformBase_double_3_3
Parameters: 0.9999959791259204 0.00023489596886282885 -0.0028220346352504904 -0.0002240554848248125 0.9999931207955954 0.003699988318394923 0.0028235555140964487 -0.0037000126255846005 0.9999894781785403 -0.0717569057350147 0.11559564335195205 -0.5623619469584185
FixedParameters: 0 0 0
#Transform 71
Transform: MatrixOffsetTransformBase_double_3_3
Parameters: 0.9999946568187211 0.001999127448743577 -0.0025190848808078303 -0.0020059358636289643 0.9999946198224102 -0.0026359265865642106 0.0025140056702396326 0.002641072695505328 0.9999931135735134 -0.08101078456425626 -0.14688891568593476 -0.7225488513224292
FixedParameters: 0 0 0
#Transform 72
Transform: MatrixOffsetTransformBase_double_3_3
Parameters: 0.9999964994105173 0.0013902698677278982 -0.0023593253136088886 -0.0013925145119972663 0.999998873596265 -0.0009316099357042779 0.002358558369428444 0.0009343914078639576 0.9999968848315047 -0.08583319463565431 -0.08759570103971726 -0.7489484110023028
FixedParameters: 0 0 0
#Transform 73
Transform: MatrixOffsetTransformBase_double_3_3
Parameters: 0.9999969505458045 0.001473230265581937 -0.0019694209320213637 -0.0014761025174929011 0.9999979550694356 -0.0012759954264547901 0.001967482549907881 0.0012790046664068189 0.9999977314577422 -0.0679460553099176 -0.07422486378902704 -0.7498752962410293
FixedParameters: 0 0 0
#Transform 74
Transform: MatrixOffsetTransformBase_double_3_3
Parameters: 0.9999974977513209 0.0013351633393381775 -0.0016490949844550262 -0.0013366663277057191 0.9999984456258922 -0.0007817024849944565 0.0016479176377755013 0.0007842972023850286 0.9999988259464869 -0.05144184182837819 -0.09990715678029005 -0.7088225023627786
FixedParameters: 0 0 0
#Transform 75
Transform: MatrixOffsetTransformBase_double_3_3
Parameters: 0.9999962606469037 0.0012780506652420938 -0.0024711379643920007 -0.0012796764131544625 0.9999984902786735 -0.0007476501315622358 0.002470054983982481 0.0007503496185067432 0.9999966483643474 -0.08056236909320091 -0.06360701438364913 -0.7395460556447091
FixedParameters: 0 0 0
#Transform 76
Transform: MatrixOffsetTransformBase_double_3_3
Parameters: 0.9999960557997402 0.0015137778417114679 -0.002377419025781672 -0.0015137786710641863 0.9999983437166846 -0.00022521182138363072 0.0023776464671189904 0.00022879031355571566 0.9999976090248117 -0.08646035094761828 -0.044413782619386666 -0.7143925275708511
FixedParameters: 0 0 0
#Transform 77
Transform: MatrixOffsetTransformBase_double_3_3
Parameters: 0.9999975067371975 0.0014437708578655753 -0.0018462536273535254 -0.001444418328613583 0.9999984577560296 -0.00046623273022007583 0.0018458180960238759 0.00046876804623043056 0.999998611867958 -0.05814775448710918 -0.05224720077653444 -0.7072052832217253
FixedParameters: 0 0 0
#Transform 78
Transform: MatrixOffsetTransformBase_double_3_3
Parameters: 0.9999967751263981 0.0012751400922007136 -0.0021447006645957025 -0.0012760475093813173 0.999998650860844 -0.0006941632000455195 0.0021437590710071406 0.000696837153296978 0.9999971568233526 -0.06600161309226849 0.018299915838269953 -0.7285397828964335
FixedParameters: 0 0 0
#Transform 79
Transform: MatrixOffsetTransformBase_double_3_3
Parameters: 0.9999968857087054 0.0013211709259401763 -0.0020900484063408487 -0.001322242784909131 0.9999987501019864 -0.0005131360463304507 0.0020896030670773157 0.0005158639396757869 0.9999976061854445 -0.07737936753326835 -0.04742773898280461 -0.7035093568804882
FixedParameters: 0 0 0
#Transform 80
Transform: MatrixOffsetTransformBase_double_3_3
Parameters: 0.9999960259069678 0.0013668763288933235 -0.002471134755593392 -0.0013674053793814986 0.9999985399677722 -0.000525432730316952 0.0024705265457278724 0.000528569054261796 0.9999969304793024 -0.07263253323128538 -0.0011566977533306044 -0.7257129394611752
FixedParameters: 0 0 0
#Transform 81
Transform: MatrixOffsetTransformBase_double_3_3
Parameters: 0.9999954709812002 0.0010988181181999861 -0.002884465704624813 -0.0011009036481527035 0.9999992646024949 -0.0005465619193536775 0.002884173853842571 0.0005504368992754888 0.9999956046735734 -0.09733563364359554 -0.04751412407593136 -0.7159210844376531
FixedParameters: 0 0 0
#Transform 82
Transform: MatrixOffsetTransformBase_double_3_3
Parameters: 0.9999979542583587 0.00134228959378705 -0.0018006413515691071 -0.0013436661396061208 0.9999988690573621 -0.0004035678517570612 0.0018005501766509364 0.0004064310343316474 0.9999977571512045 -0.06333228636941612 -0.004143734477480621 -0.7068561430982498
FixedParameters: 0 0 0
#Transform 83
Transform: MatrixOffsetTransformBase_double_3_3
Parameters: 0.9999979442717996 0.0013726661255828812 -0.0014736499347324837 -0.001372023827922882 0.9999989314370883 -0.00014696497988155033 0.00147415841811698 0.0001490372501392334 0.9999989690263544 -0.061125342065537325 -0.06064698767198706 -0.7078469730161316
FixedParameters: 0 0 0
#Transform 84
Transform: MatrixOffsetTransformBase_double_3_3
Parameters: 0.9999949616634013 0.0012503852055652457 -0.0029109334990014704 -0.0012520136891197118 0.999998911759665 -0.0004630858411231037 0.002910684580108729 0.00046691355613266705 0.9999956174529651 -0.10873408087006453 -0.05458207948747429 -0.6915059793601017
FixedParameters: 0 0 0
#Transform 85
Transform: MatrixOffsetTransformBase_double_3_3
Parameters: 0.9999961085269514 0.0013301672298734583 -0.0022629291530282614 -0.0013319833450783705 0.9999981441248414 -0.0008767984636481319 0.0022624211776327663 0.0008792024212494337 0.9999974226308427 -0.09090028290056296 -0.06636371430811039 -0.7079315207342631
FixedParameters: 0 0 0
#Transform 86
Transform: MatrixOffsetTransformBase_double_3_3
Parameters: 0.99999775829387 0.0011861067128650178 -0.0016836250213873344 -0.001187004435212321 0.9999990909019918 -0.0005859079954399632 0.0016831467022428322 0.0005880930432734799 0.9999989782528044 -0.055581485748845694 -0.04774327842150683 -0.6852519736543172
FixedParameters: 0 0 0
#Transform 87
Transform: MatrixOffsetTransformBase_double_3_3
Parameters: 0.9999971471280362 0.0013649118398571813 -0.0019973796605598894 -0.0013659921316714243 0.9999986051219019 -0.0005391712499302204 0.0019968183040547983 0.0005418287533113381 0.9999979577248418 -0.06970416479579455 -0.03585292689541575 -0.7051133771339835
FixedParameters: 0 0 0
#Transform 88
Transform: MatrixOffsetTransformBase_double_3_3
Parameters: 0.9999971260387756 0.0011722095151462917 -0.0018706775625139493 -0.0011720869401649987 0.9999993225115108 -0.0002547063461265653 0.0018709932920508248 0.0002562957529212567 0.9999986729662678 -0.055247437763398466 -0.056629862626706995 -0.6812149928811095
FixedParameters: 0 0 0
#Transform 89
Transform: MatrixOffsetTransformBase_double_3_3
Parameters: 0.999997165264349 0.0013672371695995162 -0.0017220019122003727 -0.0013688646131212955 0.9999983540233379 -0.000784549589540301 0.0017207660318461122 0.0007874496630769501 0.9999985756481838 -0.05496280583346902 -0.0008603414935919318 -0.7270728530193935
FixedParameters: 0 0 0
#Transform 90
Transform: MatrixOffsetTransformBase_double_3_3
Parameters: 0.9999978982898305 0.0013281487651789698 -0.0015289234091024786 -0.0013239058698252234 0.9999952662718224 0.0027960436957911866 0.001532677129729089 -0.0027939570622961124 0.9999950079193626 -0.06241265992136391 0.048748172390403965 -0.5768054984250028
FixedParameters: 0 0 0
#Transform 91
Transform: MatrixOffsetTransformBase_double_3_3
Parameters: 0.9999961697295673 0.0014374841220276022 -0.002401017241409849 -0.0014388175031698736 0.9999991076797903 -0.0007084400430379251 0.002399807823555037 0.0007115614011572735 0.999997053846888 -0.07644962153426604 -0.0019104320532221664 -0.7216230000109789
FixedParameters: 0 0 0
#Transform 92
Transform: MatrixOffsetTransformBase_double_3_3
Parameters: 0.9999967008013357 0.001172084320114013 -0.0022191529913620747 -0.0011731515639117009 0.9999991529171729 -0.0004822961251801927 0.0022189337671902434 0.00048470392443487886 0.9999970803389895 -0.069972843411648 -0.05755534281432517 -0.7036141772854734
FixedParameters: 0 0 0
#Transform 93
Transform: MatrixOffsetTransformBase_double_3_3
Parameters: 0.9999988622929795 0.0012949547126080876 -0.001208634821103398 -0.0012957605845380288 0.9999991291622428 -0.00033242781375751596 0.0012077708175197643 0.0003345713532063449 0.9999995106864037 -0.05337056910299509 -0.02711303792050046 -0.7062256318959896
FixedParameters: 0 0 0
#Transform 94
Transform: MatrixOffsetTransformBase_double_3_3
Parameters: 0.999997740113169 0.001454632048955428 -0.001773098053193908 -0.0014556505734723668 0.9999982944130957 -0.000590318749452548 0.0017722913180388202 0.0005926814062041513 0.9999987459548512 -0.06980807065004058 -0.08965503863682045 -0.6894299197518734
FixedParameters: 0 0 0
#Transform 95
Transform: MatrixOffsetTransformBase_double_3_3
Parameters: 0.9999980096352946 0.001461781465137543 -0.001362029393753429 -0.0014619528769187905 0.999998515574199 -0.00042799612622190786 0.0013606931725559713 0.0004300032451381164 0.9999991259791071 -0.058676139147095796 -0.019979171907280602 -0.6935703822870636
FixedParameters: 0 0 0
#Transform 96
Transform: MatrixOffsetTransformBase_double_3_3
Parameters: 0.9999976109064879 0.0012722336940012536 -0.0016644392958779766 -0.0012725731514069262 0.9999990361847688 -0.0004248692228028539 0.0016642699055113995 0.00042713154607017245 0.999998211769051 -0.06559943071037821 -0.046313473044222064 -0.7102487043821242
FixedParameters: 0 0 0
#Transform 97
Transform: MatrixOffsetTransformBase_double_3_3
Parameters: 0.9999986903641334 0.0011286137316847394 -0.0010179156198278105 -0.001129245447491664 0.9999989374124181 -0.0008398448958240462 0.0010169325865505012 0.0008411555261508968 0.999999340069834 -0.02167390890200238 -0.06124338625555481 -0.6717829119570098
FixedParameters: 0 0 0
#Transform 98
Transform: MatrixOffsetTransformBase_double_3_3
Parameters: 0.9999978613603492 0.0013217022018491475 -0.001546528058715482 -0.0013228282854832794 0.9999985799164827 -0.0007119418416910578 0.0015455572059105964 0.0007140572606732093 0.9999982647054899 -0.06277397062248724 -0.0400892180030894 -0.6745512497620325
FixedParameters: 0 0 0
#Transform 99
Transform: MatrixOffsetTransformBase_double_3_3
Parameters: 0.9999988222018787 0.001180287218353656 -0.0008858436665666196 -0.001180505985996875 0.9999995030341691 -0.00012302932625780916 0.0008855521091540419 0.00012397037905879926 0.999999288663367 -0.04186124371990729 -0.05448154073630462 -0.6536961256943101
FixedParameters: 0 0 0
#Transform 100
Transform: MatrixOffsetTransformBase_double_3_3
Parameters: 0.9999970708334869 0.0018799924600889212 -0.001547061457427856 -0.0018811711601099885 0.999998045647516 -0.00040615238454172475 0.0015465254196109968 0.0004088470938520966 0.9999986930732102 -0.06624588841005163 0.013064880391468137 -0.7304832077899448
FixedParameters: 0 0 0
#Transform 101
Transform: MatrixOffsetTransformBase_double_3_3
Parameters: 0.9999977936286694 0.001502469949011135 -0.0013960479871716485 -0.0015028914872704296 0.9999985558203104 -0.00014988875939529744 0.0013955941780682231 0.0001521105673949752 0.9999991922065334 -0.05717608066247237 0.009849203326780298 -0.7170780828622298
FixedParameters: 0 0 0
#Transform 102
Transform: MatrixOffsetTransformBase_double_3_3
Parameters: 0.9999988997211703 0.0011641895095013276 -0.0008629208441658184 -0.0011596850945111911 0.9999856786236561 0.005186013188578448 0.0008693193201936583 -0.005184986991325802 0.9999864418864245 -0.011762748339350537 -0.07592973720811358 -0.5959915079177733
FixedParameters: 0 0 0
#Transform 103
Transform: MatrixOffsetTransformBase_double_3_3
Parameters: 0.9999988395825418 0.0005203202853140552 -0.0013751400780735233 -0.0005198880718358267 0.9999997012363318 0.0001877967632671479 0.0013743379602973698 -0.00018620342065830964 0.9999990684085386 -0.03062537918698638 -0.06153669807935103 -0.7663365201209018
FixedParameters: 0 0 0
#Transform 104
Transform: MatrixOffsetTransformBase_double_3_3
Parameters: 0.9999972327653313 0.0008589261498043797 -0.002007327429784179 -0.000857849449264771 0.9999994903313935 0.000785818949385439 0.0020078423411101307 -0.0007841821895798046 0.9999975099812971 -0.04294313036764663 0.002841509490252747 -0.7551947216386878
FixedParameters: 0 0 0
#Transform 105
Transform: MatrixOffsetTransformBase_double_3_3
Parameters: 0.9999970698980071 0.0007938994203916732 -0.0023024051558754007 -0.0007931499962996112 1.0000000628104977 0.00039800443404917896 0.0023021205171828603 -0.0003959971173109478 0.9999976918688143 -0.05478648800524866 -0.05493127664820463 -0.7696261013110757
FixedParameters: 0 0 0
#Transform 106
Transform: MatrixOffsetTransformBase_double_3_3
Parameters: 0.9999972341522428 0.0009593797794640068 -0.0022011986790296525 -0.0009582980795500413 0.9999994166379406 0.0007182886606053734 0.0022017408972601353 -0.0007157134369672052 0.9999977893335167 -0.0442978344567706 -0.01285147639424622 -0.7221910736581663
FixedParameters: 0 0 0
#Transform 107
Transform: MatrixOffsetTransformBase_double_3_3
Parameters: 0.9999966405256726 0.0011900535683970856 -0.0022238151348283447 -0.0011895729687456664 0.999999330064921 0.00012774757730051045 0.002223119521844121 -0.00012525293670402615 0.9999972784561747 -0.04101932314996759 -0.009307495289576195 -0.7691714260709688
FixedParameters: 0 0 0
#Transform 108
Transform: MatrixOffsetTransformBase_double_3_3
Parameters: 0.9999983622643037 0.0013339620666690585 -0.0013636453581988915 -0.001333583184690164 0.9999990291623864 0.00016983229655685717 0.001363099537109964 -0.00016816858123515355 0.9999992759797488 -0.02954197338051756 -0.041029904322869015 -0.7139979412834947
FixedParameters: 0 0 0
#Transform 109
Transform: MatrixOffsetTransformBase_double_3_3
Parameters: 0.9999977795978103 0.0013147379772448886 -0.0018686523007432616 -0.0013138184416102315 0.9999990555424988 0.0002475508865702608 0.0018692989267330552 -0.00024444799121747796 0.9999986030236314 -0.03261670606387668 -0.00044423972801155287 -0.7204367451223135
FixedParameters: 0 0 0
#Transform 110
Transform: MatrixOffsetTransformBase_double_3_3
Parameters: 0.9999988955393166 0.001613464091540704 -0.0007083545503942928 -0.0016133484750083253 0.9999982890813105 0.00014006801114503642 0.0007078080549312286 -0.00013893306228045244 0.9999995675373147 -0.020247450776082587 -0.05616209157385299 -0.698525594342783
FixedParameters: 0 0 0
#Transform 111
Transform: MatrixOffsetTransformBase_double_3_3
Parameters: 0.9999978282936854 0.001647642941910912 -0.001207050817982937 -0.0016476248362743632 0.9999982035785264 0.000008995499157796183 0.0012070755331329776 -0.00000600446826511114 0.9999996246034715 -0.03323356031221181 -0.010958336065868934 -0.7171890365155633
FixedParameters: 0 0 0
#Transform 112
Transform: MatrixOffsetTransformBase_double_3_3
Parameters: 0.9999965542210388 0.0014900267940519034 -0.002055631226813059 -0.001481595722516771 0.9999916361074034 0.003863077689102337 0.0020616999553015303 -0.003859919791469796 0.9999900955997363 -0.053758342675109816 -0.0015645683717337988 -0.5759587349665054
FixedParameters: 0 0 0
#Transform 113
Transform: MatrixOffsetTransformBase_double_3_3
Parameters: 0.9999965690069541 0.0019036585298043223 -0.0019509672444108035 -0.0019000981342950979 0.9999970218788361 0.001741659138364382 0.001954841700148995 -0.0017383403637101918 0.9999964919132753 -0.057039920335171246 0.014992622222322893 -0.640148943333287
