#Insight Transform File V1.0
#Transform 0
Transform: MatrixOffsetTransformBase_double_3_3
Parameters: 0.9999994020347702 0.0005349595330191756 -0.0005579778739498546 -0.0005362397882769174 0.9999979257773353 -0.0021877034430365927 0.0005575454238674507 0.0021883009178151336 0.9999979015473753 0.019146855320954614 -0.09045445678147246 -0.6573294370650586
FixedParameters: 0 0 0
#Transform 1
Transform: MatrixOffsetTransformBase_double_3_3
Parameters: 0.9999990294628318 0.0001922682981845119 -0.0013907482629347122 -0.00019316302462331212 0.9999998027143548 -0.0010387256020713137 0.0013901841156144918 0.0010382749591130586 0.9999980697823179 0.004012827617856374 -0.0899501426180791 -0.6967136244073515
FixedParameters: 0 0 0
#Transform 2
Transform: MatrixOffsetTransformBase_double_3_3
Parameters: 0.9999991902471699 0.0004360528529905041 -0.000786995374238058 -0.00043692660575701077 0.9999991889720631 -0.0012406499988102948 0.0007868271417935164 0.0012403503843274738 0.9999989235923704 0.013701598841137752 -0.08874959898192003 -0.7011530334108187
FixedParameters: 0 0 0
#Transform 3
Transform: MatrixOffsetTransformBase_double_3_3
Parameters: 0.9999995980573727 0.0005365644717230421 -0.0010555937139038838 -0.0005381472195872912 0.9999986245585538 -0.001733426946212771 0.001054563460090867 0.0017335742798283427 0.9999979634456446 0.0016578732830794252 -0.09329150067902958 -0.701540371909374
FixedParameters: 0 0 0
#Transform 4
Transform: MatrixOffsetTransformBase_double_3_3
Parameters: 0.9999992850351715 0.0011028129507039803 -0.0007057533514043673 -0.0011040291215584006 0.9999977444069292 -0.001742222503768126 0.0007048147957755849 0.0017437789562130407 0.9999984645208303 -0.0017893694738120303 -0.0943303689498407 -0.7118957524933194
FixedParameters: 0 0 0
#Transform 5
Transform: MatrixOffsetTransformBase_double_3_3
Parameters: 0.9999998951217555 0.0010145884988524301 -0.00027406311617197553 -0.0010154850274514907 0.999997118610395 -0.0019417154267246939 0.00027211499972962255 0.0019412832463521768 0.9999982376605585 0.02345993108805544 -0.08623165641114383 -0.6847370843213128
FixedParameters: 0 0 0
#Transform 6
Transform: MatrixOffsetTransformBase_double_3_3
Parameters: 0.9999991324181 0.0009257142276348577 -0.0010053428497851387 -0.0009268552061009622 0.9999988404116115 -0.0011040623399385385 0.001004211384634229 0.0011049371887675158 0.9999988521646388 0.02636504386568106 -0.12447693290413042 -0.6254174212072883
FixedParameters: 0 0 0
#Transform 7
Transform: MatrixOffsetTransformBase_double_3_3
Parameters: 0.9999981603563973 0.0009595372461331875 -0.0013850876775701683 -0.0009620551543454021 0.9999981441699216 -0.0016876626933897132 0.0013836724618829825 0.0016893363411814577 0.9999973141154682 0.02452578608121314 -0.06495331955248673 -0.6378957543468289
FixedParameters: 0 0 0
#Transform 8
Transform: MatrixOffsetTransformBase_double_3_3
Parameters: 0.9999985372025234 0.001101751324928635 -0.001117634800453228 -0.0011036775467548575 0.9999988852707834 -0.0013448430400807426 0.001115582092750815 0.0013461557468192192 0.9999980311893066 0.026382781602706018 -0.141269641560811 -0.6453225008865218
FixedParameters: 0 0 0
#Transform 9
Transform: MatrixOffsetTransformBase_double_3_3
Parameters: 0.9999990661860915 0.0012350555860799368 -0.0006382658476698414 -0.0012367994885722092 0.9999981445907968 -0.0014962866798753222 0.000636559989061374 0.0014967123763540563 0.9999984425676539 0.0167741234861154 -0.11262118416725286 -0.607318901070883
FixedParameters: 0 0 0
#Transform 10
Transform: MatrixOffsetTransformBase_double_3_3
Parameters: 0.9999993034037128 0.0008339442822552131 -0.0010005589183488344 -0.0008347531400515119 0.9999993320056346 -0.0009431591133982759 0.0009998992005910796 0.000943841621331154 0.9999991910117562 0.026273938516183648 -0.08645781885293502 -0.6421542993198983
FixedParameters: 0 0 0
#Transform 11
Transform: MatrixOffsetTransformBase_double_3_3
Parameters: 0.9999986511615562 0.0008407479520726724 -0.0016255375782424075 -0.0008426229503131908 0.999998739173208 -0.0012145437572089746 0.001624324198778509 0.0012164558761036254 0.999997957104799 0.009785756122781208 -0.1258066091671708 -0.6245174701317779
FixedParameters: 0 0 0
#Transform 12
Transform: MatrixOffsetTransformBase_double_3_3
Parameters: 0.9999975356291794 0.0008626294973822326 -0.002172603026774436 -0.0008652277799180762 0.999998601983911 -0.0015530224160061612 0.002171584317860985 0.0015539790968658734 0.9999961069094038 0.012299099285343118 -0.04525864617777131 -0.6345467214186442
FixedParameters: 0 0 0
#Transform 13
Transform: MatrixOffsetTransformBase_double_3_3
Parameters: 0.9999984861393674 0.0010343877379579828 -0.0015635688423684493 -0.0010365018544927554 0.9999990492463982 -0.0013393755958368975 0.0015616255714057821 0.001341624994898788 0.9999978430072812 0.020979018161440877 -0.1109239531005386 -0.6408707461326628
FixedParameters: 0 0 0
#Transform 14
Transform: MatrixOffsetTransformBase_double_3_3
Parameters: 0.9999990209070163 0.0007677320829805137 -0.001178636324973029 -0.0007703963986360264 0.9999971454217955 -0.0020460052666618767 0.0011773179383610982 0.0020469939037385393 0.9999974991498052 0.024893624431172157 -0.08378073306256795 -0.6385185899124082
FixedParameters: 0 0 0
#Transform 15
Transform: MatrixOffsetTransformBase_double_3_3
Parameters: 0.9999985825390671 0.0008289562381812675 -0.0016519876546624932 -0.0008319719117946997 0.9999987013555859 -0.001565534491731066 0.0016512160370010843 0.0015664678659941256 0.9999979764609975 0.015186287319920666 -0.1179587449559989 -0.6313131641144167
FixedParameters: 0 0 0
#Transform 16
Transform: MatrixOffsetTransformBase_double_3_3
Parameters: 0.9999972193796823 0.0011397839555705844 -0.0018659703001997219 -0.0011432912643937745 0.9999973504752465 -0.0017847747902594857 0.0018636401785424167 0.001787222475388428 0.9999964893046994 0.004851290839766875 -0.08307625709454669 -0.6405265369359086
FixedParameters: 0 0 0
#Transform 17
Transform: MatrixOffsetTransformBase_double_3_3
Parameters: 0.9999987789966114 0.0010672919698158675 -0.0010402356803543738 -0.0010685387542344327 0.9999985268491639 -0.0011178825906009854 0.0010387614508861089 0.001119116214430671 0.9999987500621913 0.032496455629313914 -0.08075316022336665 -0.6535236803353115
FixedParameters: 0 0 0
#Transform 18
Transform: MatrixOffsetTransformBase_double_3_3
Parameters: 0.9999981627003687 0.0013113612863703409 -0.0014552657942940594 -0.0013131194235702541 0.99999830297749 -0.0013450785783848257 0.0014535626362203867 0.0013469225204592178 0.9999982362843222 0.009240794466279567 -0.12263933578724107 -0.6178687096173547
FixedParameters: 0 0 0
#Transform 19
Transform: MatrixOffsetTransformBase_double_3_3
Parameters: 0.9999981382307981 0.0009451496077474844 -0.001403585064793641 -0.0009474145032369577 0.9999967969279708 -0.002286585887151707 0.0014009213324886797 0.0022884165017972025 0.999996875963871 0.023103125890315823 -0.07722625106801217 -0.6622883582568306
FixedParameters: 0 0 0
#Transform 20
Transform: MatrixOffsetTransformBase_double_3_3
Parameters: 0.9999990892383037 0.0010996144421100578 -0.0008376212430391326 -0.0011006263225597833 0.9999993359375361 -0.0006041534241715829 0.0008362911983794355 0.0006048450329248084 0.9999990224610216 0.01670889981457435 -0.09078193325879624 -0.6826683550107475
FixedParameters: 0 0 0
#Transform 21
Transform: MatrixOffsetTransformBase_double_3_3
Parameters: 0.9999974285511473 0.0011458692952286446 -0.0020634379066205555 -0.0011467034615480396 0.9999992329186661 -0.00046253333257871565 0.0020632899970076933 0.0004644673585392223 0.9999977659670862 -0.027569475451670655 -0.09434896237304713 -0.6649180137937805
FixedParameters: 0 0 0
#Transform 22
Transform: MatrixOffsetTransformBase_double_3_3
Parameters: 0.9999982303672845 0.001208950149325566 -0.0015187407679013267 -0.0012113818554770443 0.9999989726799011 -0.0011821498728036839 0.001517788848851384 0.001183851436051736 0.9999984587044742 -0.0073673461145773445 -0.10190083524345539 -0.6704182744382052
FixedParameters: 0 0 0
#Transform 23
Transform: MatrixOffsetTransformBase_double_3_3
Parameters: 0.9999975539540149 0.0015938178146266196 -0.0013802167073728641 -0.0015958683528514515 0.9999979315338667 -0.0011628675021891077 0.0013784152449578774 0.0011651306262126931 0.9999979126265734 -0.01418127854591944 -0.10799729808923075 -0.6766093363352468
FixedParameters: 0 0 0
#Transform 24
Transform: MatrixOffsetTransformBase_double_3_3
Parameters: 0.999997833008176 0.0015619759399267217 -0.0013146050260897156 -0.0015632863199091902 0.9999976524498873 -0.0013189344458419128 0.0013123090706180203 0.0013210662053568106 0.9999986957525268 -0.01231271265514522 -0.11587091943080452 -0.6655833653767615
FixedParameters: 0 0 0
#Transform 25
Transform: MatrixOffsetTransformBase_double_3_3
Parameters: 0.9999977927300965 0.001611763983584421 -0.0012679919268719342 -0.0016144642436611715 0.9999978066785752 -0.0015550251183819863 0.0012658798818958557 0.0015569760790064974 0.9999981437697533 -0.0077598650354389065 -0.079061403809078 -0.6738591611683091
FixedParameters: 0 0 0
#Transform 26
Transform: MatrixOffsetTransformBase_double_3_3
Parameters: 0.999998010124347 0.0012525990982040012 -0.0015558466703892964 -0.0012560881757414013 0.9999965847158192 -0.002162035147090166 0.0015531644664462166 0.0021639617811798906 0.9999960682571255 0.012348919668752956 -0.1112009995030121 -0.6415508104543193
FixedParameters: 0 0 0
#Transform 27
Transform: MatrixOffsetTransformBase_double_3_3
Parameters: 0.9999976788922091 0.001607280355090594 -0.0013181927676978193 -0.0016097551551942212 0.9999970385199914 -0.001788949479092472 0.0013152602996068662 0.0017910489746423425 0.9999972321629975 0.005825976653810017 -0.13261508463256177 -0.6628661295792142
FixedParameters: 0 0 0
#Transform 28
Transform: MatrixOffsetTransformBase_double_3_3
Parameters: 0.9999975037159607 0.0016011308565811071 -0.0013900799401915388 -0.001604104149608443 0.9999967451476336 -0.0018757613850157867 0.0013868897356259576 0.0018782386720778976 0.9999977122962985 -0.01460939660016436 -0.14347610221395257 -0.6183648667801833
FixedParameters: 0 0 0
#Transform 29
Transform: MatrixOffsetTransformBase_double_3_3
Parameters: 0.9999985394971612 0.0014783030747328911 -0.0011292687849984036 -0.0014808728968815359 0.9999971748706614 -0.0021314078742001863 0.001125784364525591 0.0021335945323864014 0.9999972694910477 -0.006619669732046418 -0.07860908916636333 -0.6393350519263237
FixedParameters: 0 0 0
#Transform 30
Transform: MatrixOffsetTransformBase_double_3_3
Parameters: 0.9999982848799652 0.0016319273929144224 -0.0010251738899038326 -0.00163428549765602 0.9999971522543112 -0.0017574028750164533 0.001022338219238145 0.0017595967891902986 0.9999979479713363 -0.0049069663508731765 -0.16154550903407028 -0.634899667117395
FixedParameters: 0 0 0
#Transform 31
Transform: MatrixOffsetTransformBase_double_3_3
Parameters: 0.9999975435372326 0.001602146935109238 -0.0013745172478912399 -0.001605712324230152 0.9999967045811856 -0.002113859787679695 0.0013705602509992316 0.0021151396665736316 0.9999968967171722 -0.014116596565003192 -0.11006224923443142 -0.6390193998724243
FixedParameters: 0 0 0
#Transform 32
Transform: MatrixOffsetTransformBase_double_3_3
Parameters: 0.9999968576481337 0.001729391039285152 -0.0020370772471404895 -0.001733650363772279 0.9999972118465598 -0.0018594500051358764 0.0020343732467475936 0.0018625535275262756 0.9999967191350083 -0.049558722839833536 -0.12283425164716277 -0.6418550258424318
FixedParameters: 0 0 0
#Transform 33
Transform: MatrixOffsetTransformBase_double_3_3
Parameters: 0.9999988243492103 0.0011924799887434484 -0.0013243093949207427 -0.001194697509948874 0.9999976796057886 -0.0016524065176476282 0.0013221927841991102 0.001653592212297092 0.9999976799194216 -0.01874769635706741 -0.12050188041486365 -0.6331777500595734
FixedParameters: 0 0 0
#Transform 34
Transform: MatrixOffsetTransformBase_double_3_3
Parameters: 0.9999973268171349 0.0015677234602584644 -0.001793189815927102 -0.0015712260647973897 0.9999977969298767 -0.0015781678856700287 0.0017900612336718418 0.0015808320015938127 0.9999975402369621 -0.029884426430228928 -0.08894841213677296 -0.6699724340701323
FixedParameters: 0 0 0
#Transform 35
Transform: MatrixOffsetTransformBase_double_3_3
Parameters: 0.9999965113396833 0.0015473453378158557 -0.0020232790729668632 -0.001551754979245793 0.9999966990780979 -0.0021558474359913704 0.0020202515410757374 0.0021591533918885603 0.9999955026213863 -0.04894871456664873 -0.07704885954738927 -0.6292881030809383
FixedParameters: 0 0 0
#Transform 36
Transform: MatrixOffsetTransformBase_double_3_3
Parameters: 0.9999981208564359 0.001588874637611528 -0.001533770908211881 -0.0015926866868089785 0.9999972953626757 -0.0019996314121269315 0.0015312272659715694 0.002002370689495242 0.9999968174698183 -0.025967900860166537 -0.16819770401441758 -0.630875115821226
FixedParameters: 0 0 0
#Transform 37
Transform: MatrixOffsetTransformBase_double_3_3
Parameters: 0.9999981547076623 0.0016253709608819065 -0.0010968348016678461 -0.0016281273420759054 0.9999958898501486 -0.0023172929263595154 0.0010931142220248894 0.0023197055360385105 0.9999965139520385 -0.022078058043220494 -0.1269318389554428 -0.6316025042243893
FixedParameters: 0 0 0
#Transform 38
Transform: MatrixOffsetTransformBase_double_3_3
Parameters: 0.9999974010197455 0.0015677417235578017 -0.001771954606975103 -0.0015727395156125527 0.999995248262618 -0.0026522008837020633 0.0017682767495261508 0.0026548001974770613 0.9999950705852593 -0.03223368290154838 -0.12601795758806134 -0.6335362383342868
FixedParameters: 0 0 0
#Transform 39
Transform: MatrixOffsetTransformBase_double_3_3
Parameters: 0.9999967670109748 0.0015512992571974245 -0.001955989972633189 -0.001558027605015567 0.9999937124859272 -0.0031009397321356547 0.0019509167445374675 0.003104053970679782 0.999992803456048 -0.06711533151811011 -0.1367870921219918 -0.6012288943993838
FixedParameters: 0 0 0
#Transform 40
Transform: MatrixOffsetTransformBase_double_3_3
Parameters: 0.9999974253309882 0.0018166988664028777 -0.0015083951914085277 -0.0018208017033899695 0.9999944738985366 -0.00282132359218272 0.0015027837445831006 0.0028236771487335915 0.9999950183639813 -0.0573614598868204 -0.10196330397995723 -0.6258687598303396
FixedParameters: 0 0 0
#Transform 41
Transform: MatrixOffsetTransformBase_double_3_3
Parameters: 0.9999966495384285 0.0015486797847172307 -0.00198779511810233 -0.0015554035206933393 0.9999940344843935 -0.003049896231576407 0.0019828964669372086 0.0030530992233262777 0.9999929916906175 -0.06858532328124056 -0.136539158572063 -0.6082320250913682
FixedParameters: 0 0 0
#Transform 42
Transform: MatrixOffsetTransformBase_double_3_3
Parameters: 0.999997720886914 0.001153092575221891 -0.0017174998191623672 -0.0011574742082869642 0.9999962018760378 -0.0025090028741415193 0.001714362440325926 0.002510994516128018 0.9999949187842928 -0.07506901061135807 -0.11863484195043839 -0.8424567177300446
FixedParameters: 0 0 0
#Transform 43
Transform: MatrixOffsetTransformBase_double_3_3
Parameters: 0.9999971922493442 0.0006722347627054878 -0.0020870276731183766 -0.0006794802935667678 0.9999933662459554 -0.00346741199159524 0.0020847562488904158 0.003468585044067482 0.9999917718644519 -0.13439110950808697 -0.1535816726116792 -0.928875080721042
FixedParameters: 0 0 0
#Transform 44
Transform: MatrixOffsetTransformBase_double_3_3
Parameters: 0.9999970762868424 0.0007813037296969406 -0.002305137866945376 -0.0007873956962162045 0.9999972861515514 -0.0024380180695012937 0.0023028953782452495 0.002439985897672539 0.9999948926489076 -0.08724595208271069 -0.1856758556646696 -0.8541518914675237
FixedParameters: 0 0 0
#Transform 45
Transform: MatrixOffsetTransformBase_double_3_3
Parameters: 0.999996878837364 0.0014517307485957768 -0.0020031424499707498 -0.0014559904307725822 0.9999970552588102 -0.002140070608860248 0.002000574345147582 0.0021429317522122793 0.99999565150461 -0.08608899866324293 -0.14283855425823333 -0.8446701632243929
FixedParameters: 0 0 0
#Transform 46
Transform: MatrixOffsetTransformBase_double_3_3
Parameters: 0.9999971243579198 0.0015608455829391283 -0.0018545523305558036 -0.001566113454097484 0.9999956205304711 -0.0025850839766164146 0.0018501232211788495 0.002587916463297882 0.9999951238198463 -0.08180495887003758 -0.12873351388510912 -0.8167024562862224
FixedParameters: 0 0 0
#Transform 47
Transform: MatrixOffsetTransformBase_double_3_3
Parameters: 0.9999978492320204 0.0016132883050787854 -0.0012438105017106068 -0.0016159595657746343 0.9999971868525451 -0.0020080642409064237 0.0012411456020584013 0.002009940046300951 0.9999975901927465 -0.056927205501708045 -0.13259375912709004 -0.7903321350374171
FixedParameters: 0 0 0
#Transform 48
Transform: MatrixOffsetTransformBase_double_3_3
Parameters: 0.9999967035929892 0.0015306547051875488 -0.002225302497497366 -0.0015351833880641963 0.9999973713468389 -0.0019865649406542035 0.002222866393841794 0.0019894373470703552 0.9999954279316824 -0.07692877872310078 -0.12003787748770378 -0.8099252101981165
FixedParameters: 0 0 0
#Transform 49
Transform: MatrixOffsetTransformBase_double_3_3
Parameters: 0.9999968900963268 0.001534931705799752 -0.002180109510342807 -0.0015393565834988887 0.9999972266732076 -0.0017565423850696982 0.0021774489971364028 0.001759457630066505 0.9999964822793888 -0.0736390821495263 -0.15795569582897429 -0.8042816092929996
FixedParameters: 0 0 0
#Transform 50
Transform: MatrixOffsetTransformBase_double_3_3
Parameters: 0.9999958877291636 0.001512981173740909 -0.00241288208162001 -0.0015201311520111642 0.9999944952217765 -0.0028062323220258006 0.0024088566283283026 0.0028097618299012944 0.9999926227331947 -0.07963944754422414 -0.10664342357421219 -0.8438115584305592
FixedParameters: 0 0 0
#Transform 51
Transform: MatrixOffsetTransformBase_double_3_3
Parameters: 0.999996883657334 0.0011125082690032107 -0.0022087987889879953 -0.0011182628964637343 0.9999964091369198 -0.0024864418770446234 0.002205828832278377 0.0024895560897784524 0.9999940941997487 -0.08850576104099162 -0.14831237937418962 -0.7955440432585732
FixedParameters: 0 0 0
#Transform 52
Transform: MatrixOffsetTransformBase_double_3_3
Parameters: 0.9999979861500541 0.0015844841780717877 -0.0015819632673577393 -0.0015882114969561281 0.9999963517127904 -0.002227480835049936 0.0015786320456065474 0.002230521504841973 0.9999966975253431 -0.0545670814627357 -0.15116687897838688 -0.7852751255437482
FixedParameters: 0 0 0
#Transform 53
Transform: MatrixOffsetTransformBase_double_3_3
Parameters: 0.9999982888862538 0.0011491609432578384 -0.0015459162235536554 -0.00115347132749591 0.9999957158520981 -0.0027912095566591244 0.0015431460539145686 0.0027927929075993035 0.9999949824545075 -0.07074756159119033 -0.12379582232411224 -0.7875334416030739
FixedParameters: 0 0 0
#Transform 54
Transform: MatrixOffsetTransformBase_double_3_3
Parameters: 0.9999973704268806 0.0011159273398547108 -0.001839594765035557 -0.0011203349983228731 0.9999960706564562 -0.0023488474146683147 0.0018370016933415916 0.002351148527526603 0.9999952547522402 -0.07852268041791888 -0.14153164347723646 -0.7644098871132599
FixedParameters: 0 0 0
#Transform 55
Transform: MatrixOffsetTransformBase_double_3_3
Parameters: 0.9999980917106227 0.0015869878227606445 -0.0015457220559832703 -0.0015917715961280294 0.9999953341467603 -0.0026236066261253466 0.0015411201172862586 0.002625389762058533 0.99999498153229 -0.07353027247964405 -0.07855071303239924 -0.7895630581409279
FixedParameters: 0 0 0
#Transform 56
Transform: MatrixOffsetTransformBase_double_3_3
Parameters: 0.9999977675352367 0.0011118663088871801 -0.0019992209982715677 -0.001117276250455524 0.9999955095282582 -0.0026616763057373816 0.0019958649935520882 0.0026643193113548014 0.9999940748371434 -0.10321787002584415 -0.16467612688863653 -0.7456995433901596
FixedParameters: 0 0 0
#Transform 57
Transform: MatrixOffsetTransformBase_double_3_3
Parameters: 0.9999969106266492 0.0009798136111118284 -0.002032049614259448 -0.000984986522541781 0.9999963195342735 -0.0025599096156572465 0.002029597965228346 0.002562089974695675 0.9999944736129879 -0.12349102354170327 -0.11074306153352609 -0.7720671438021611
FixedParameters: 0 0 0
#Transform 58
Transform: MatrixOffsetTransformBase_double_3_3
Parameters: 0.9999976991038663 0.0010373923347509633 -0.001795498398842696 -0.0010425670146343396 0.9999952237113493 -0.0029210401731792485 0.0017929975961163318 0.002922962328653758 0.9999943991624531 -0.10166647521386096 -0.1613032095736031 -0.7396455681240326
FixedParameters: 0 0 0
#Transform 59
Transform: MatrixOffsetTransformBase_double_3_3
Parameters: 0.9999966000214846 0.0012829689769449713 -0.002180471126804658 -0.0012886420218973264 0.9999955486430534 -0.0027480978025604397 0.0021768953751348324 0.0027509041577389176 0.9999939318197661 -0.10226761602268652 -0.06148076769123634 -0.762917740140395
FixedParameters: 0 0 0
#Transform 60
Transform: MatrixOffsetTransformBase_double_3_3
Parameters: 0.9999972383386787 0.0015637831154236563 -0.0018206196558069924 -0.0015686690119210442 0.9999957917641696 -0.002550132810058253 0.0018172826145892698 0.002552870884773975 0.9999954262208147 -0.09381072796040257 -0.16946877980964814 -0.7262375176493521
FixedParameters: 0 0 0
#Transform 61
Transform: MatrixOffsetTransformBase_double_3_3
Parameters: 0.9999962506658652 0.0016435217001812656 -0.00224650088314194 -0.0016486575646766997 0.9999954713991778 -0.002343195973043277 0.0022433541936452647 0.0023468037370729944 0.999994781181111 -0.12381854838646689 -0.11384966591116097 -0.7655313655939153
FixedParameters: 0 0 0
#Transform 62
Transform: MatrixOffsetTransformBase_double_3_3
Parameters: 0.9999957229898107 0.0015111305758894954 -0.002448012597332674 -0.0015171606801649292 0.9999960142773594 -0.00231618585081661 0.0024445698536264882 0.002319810999075772 0.999993962435217 -0.137382877953371 -0.14810111800221648 -0.7302351524388797
FixedParameters: 0 0 0
#Transform 63
Transform: MatrixOffsetTransformBase_double_3_3
Parameters: 0.9999978678878725 0.0012301779234635821 -0.0019023471732050575 -0.0012346021535557465 0.9999971331419147 -0.002275644338242108 0.0018993970140090508 0.002278356436801812 0.9999953652596184 -0.11075879985304482 -0.09228360482140374 -0.7439325746192083
FixedParameters: 0 0 0
#Transform 64
Transform: MatrixOffsetTransformBase_double_3_3
Parameters: 0.999996590194366 0.0015486417115502295 -0.0020027168750200294 -0.0015538974382658544 0.999995635989142 -0.00238979401832011 0.0019989559239479327 0.002393205323213604 0.999995515627852 -0.09797040824152248 -0.14838808744062248 -0.7195015119929877
FixedParameters: 0 0 0
#Transform 65
Transform: MatrixOffsetTransformBase_double_3_3
Parameters: 0.9999965900341653 0.0015480574079957665 -0.0020031676515135603 -0.00155340550687991 0.9999951490391904 -0.002681875630574662 0.0019994183434423334 0.002685122873314655 0.9999940386055803 -0.09783437609809198 -0.08977383084064172 -0.7445032771327078
FixedParameters: 0 0 0
#Transform 66
Transform: MatrixOffsetTransformBase_double_3_3
Parameters: 0.9999970237666874 0.001198036783157366 -0.002130975630862053 -0.001203054085834915 0.9999953317734888 -0.002657346355285986 0.002128086028476451 0.002660649753236946 0.9999935513962906 -0.13191671232154079 -0.14902172050977924 -0.6995695840578691
FixedParameters: 0 0 0
#Transform 67
Transform: MatrixOffsetTransformBase_double_3_3
Parameters: 0.9999980580239648 0.0014423569753074102 -0.0013643994607313828 -0.0014460889516809468 0.9999948458541177 -0.0029821014597364026 0.0013604386344469486 0.0029839002740714438 0.9999944155297169 -0.0697231134634535 -0.09761851706571179 -0.7315428582135723
FixedParameters: 0 0 0
#Transform 68
Transform: MatrixOffsetTransformBase_double_3_3
Parameters: 0.99999678498856 0.001328253199919773 -0.002334735874847783 -0.001334389527404612 0.9999957947237657 -0.002665786398318701 0.0023311295033251415 0.0026682152185337205 0.999993764431659 -0.1301811682238565 -0.1500695944735213 -0.6763009535337545
FixedParameters: 0 0 0
#Transform 69
Transform: MatrixOffsetTransformBase_double_3_3
Parameters: 0.9999965615376086 0.0015257240717609193 -0.0022605847388587684 -0.0015324648599496786 0.9999948845296561 -0.002905519190481584 0.002256186110163967 0.002908479496040256 0.9999927756469553 -0.12675911114187954 -0.09527082523187858 -0.7233473523677247
FixedParameters: 0 0 0
#Transform 70
Transform: MatrixOffsetTransformBase_double_3_3
Parameters: 0.999995973440565 0.0014968830231118855 -0.0026050442803246805 -0.0015046822664362945 0.9999950902892043 -0.0027079026643752335 0.0026004049236290068 0.002712095308494686 0.9999931948966212 -0.14064490838948984 -0.14232286383280268 -0.6938042387541827
FixedParameters: 0 0 0
#Transform 71
Transform: MatrixOffsetTransformBase_double_3_3
Parameters: 0.9999962284009715 0.0015406856601028 -0.002096402735116292 -0.0015463685818233467 0.9999955927927617 -0.002403664106287687 0.0020936322355341137 0.0024073351719383768 0.9999950627131864 -0.10664427200144644 -0.10720839730998932 -0.701154454271915
FixedParameters: 0 0 0
#Transform 72
Transform: MatrixOffsetTransformBase_double_3_3
Parameters: 0.9999949405134635 0.001496147746539151 -0.0026120968697391587 -0.0015032697833151818 0.9999947979100132 -0.002761895171773221 0.0026072194202511473 0.002766103030955633 0.9999928631524657 -0.12038931411183285 -0.14133922982948377 -0.7024076715159424
FixedParameters: 0 0 0
#Transform 73
Transform: MatrixOffsetTransformBase_double_3_3
Parameters: 0.9999967521780145 0.0013979842442116133 -0.0023007948476316278 -0.0014036818230186792 0.9999947024848767 -0.002843676865561598 0.0022972322962063084 0.0028473215666307283 0.9999928558952021 -0.12612601820455893 -0.11558558327485002 -0.691703733683795
FixedParameters: 0 0 0
#Transform 74
Transform: MatrixOffsetTransformBase_double_3_3
Parameters: 0.9999956454466481 0.0014915468982199306 -0.0026697181017595727 -0.0014992871892390296 0.9999954385615135 -0.002645820344114494 0.0026662898989878673 0.002650180294977697 0.9999931830180915 -0.13084902194272274 -0.15153483937554313 -0.6943275618122868
FixedParameters: 0 0 0
#Transform 75
Transform: MatrixOffsetTransformBase_double_3_3
Parameters: 0.9999953528400838 0.0015034382144863982 -0.002527349581390908 -0.0015109070132910823 0.9999949731815225 -0.0027260036527349263 0.002522621329429241 0.002729995230724272 0.9999934956338443 -0.13455456030028756 -0.12922495377938503 -0.6973249452295107
FixedParameters: 0 0 0
#Transform 76
Transform: MatrixOffsetTransformBase_double_3_3
Parameters: 0.9999966917201996 0.0011849465201560514 -0.00221479067819881 -0.0011914170343418737 0.9999946622447708 -0.00311126976122246 0.0022108071960431747 0.003113731806827724 0.999992654080604 -0.10765090783066 -0.14516291074073706 -0.6687656643809134
FixedParameters: 0 0 0
#Transform 77
Transform: MatrixOffsetTransformBase_double_3_3
Parameters: 0.999996631406202 0.0015265275884118054 -0.0022440799891714582 -0.0015343642556421896 0.9999931552719608 -0.0031894572293732493 0.0022398008421972366 0.003192536633416232 0.99999211110285 -0.11049290475341422 -0.12556088768583606 -0.7020090964530397
FixedParameters: 0 0 0
#Transform 78
Transform: MatrixOffsetTransformBase_double_3_3
Parameters: 0.9999948620035145 0.0014796455045546259 -0.0028187647668792147 -0.0014866053432654829 0.9999958749254372 -0.0023666298086551796 0.002816229248649387 0.002371367610986788 0.9999927627184066 -0.12570308407218533 -0.09359595145294008 -0.7065531795065425
FixedParameters: 0 0 0
#Transform 79
Transform: MatrixOffsetTransformBase_double_3_3
Parameters: 0.9999941925856314 0.0005764449549377885 -0.003387377351961103 -0.0005793516087034527 0.999999675804156 -0.0008816145462541419 0.003387108180810341 0.000883386433062669 0.9999939591632792 -0.1753261019734822 0.01744558289676945 -0.8099950502048046
FixedParameters: 0 0 0
#Transform 80
Transform: MatrixOffsetTransformBase_double_3_3
Parameters: 0.9999970257994827 0.0008741797676860508 -0.002492151317558909 -0.0008763926075771737 0.9999988776495382 -0.00105963547581589 0.0024910456549467786 0.001061364141497323 0.9999958988253554 -0.15222771336880214 -0.22604003062393474 -0.7334364267383364
FixedParameters: 0 0 0
#Transform 81
Transform: MatrixOffsetTransformBase_double_3_3
Parameters: 0.9999965194039676 0.0006402064991530693 -0.0026587516399041652 -0.0006444359147364351 0.9999989604539291 -0.0015750353030460906 0.002658392560042129 0.0015769674572380932 0.9999955913815732 -0.16791958314581734 -0.16787722953981188 -0.7265255159982758
FixedParameters: 0 0 0
#Transform 82
Transform: MatrixOffsetTransformBase_double_3_3
Parameters: 0.9999968761699048 0.0007673294913614996 -0.0025563528138061033 -0.0007720319711452173 0.999997551066287 -0.0019257743266879596 0.002554970038311041 0.0019282252578673165 0.9999948984263105 -0.14307210026360906 -0.11718674543938334 -0.7457627040511738
FixedParameters: 0 0 0
#Transform 83
Transform: MatrixOffsetTransformBase_double_3_3
Parameters: 0.9999982548816996 -0.00042124694615010825 -0.0018888267879262548 0.00042112228200620713 0.999999834942068 -0.00003363216810216285 0.0018888545861090083 0.00003236771664757998 0.9999984177617735 -0.0041786189860886225 -0.07645826112634779 -0.7762930724407369
FixedParameters: 0 0 0
#Transform 84
Transform: MatrixOffsetTransformBase_double_3_3
Parameters: 0.9999960788244822 -0.0001403897103504281 -0.002810968082829781 0.0001402057410973553 0.9999999630720193 -0.00021006829290887152 0.0028109450696418795 0.00020993285467417466 0.9999960275520781 -0.05618681115802815 -0.0454052730519976 -0.8453810868502813
FixedParameters: 0 0 0
#Transform 85
Transform: MatrixOffsetTransformBase_double_3_3
Parameters: 0.99999569399732 -0.00022821962311935767 -0.002872959922735338 0.00022812768730194033 0.999999974536341 -0.00001632881527567631 0.0028729672243748474 0.00001567104692257182 0.9999957189489804 -0.09894480938334027 -0.10268886872923133 -0.8390058341002771
FixedParameters: 0 0 0
#Transform 86
Transform: MatrixOffsetTransformBase_double_3_3
Parameters: 0.9999955036200627 -0.00030954454217841737 -0.0028983562722668314 0.00030852097325424733 0.9999998915650831 -0.000348575618179886 0.0028984897296929052 0.0003484240771879782 0.9999953691504143 -0.09705036646914778 -0.08492460426153059 -0.8535880285573825
FixedParameters: 0 0 0
#Transform 87
Transform: MatrixOffsetTransformBase_double_3_3
Parameters: 0.9999960863050326 0.000017484622076826666 -0.002629374596107875 -0.000018749209762905104 0.9999998416271069 -0.00042962568840208826 0.0026292770767211994 0.00043037426580495863 0.9999968748775103 -0.0893922709741588 -0.09736250221014586 -0.8004918652429325
FixedParameters: 0 0 0
#Transform 88
Transform: MatrixOffsetTransformBase_double_3_3
Parameters: 0.9999985980358466 0.000013996362460943129 -0.0018444329247154175 -0.0000148496448803389 0.9999996800542852 -0.0005018034483210004 0.0018443365202355125 0.0005011967302525344 0.9999984149767196 -0.032892868027502686 -0.08833826267681388 -0.8491426244947462
FixedParameters: 0 0 0
#Transform 89
Transform: MatrixOffsetTransformBase_double_3_3
Parameters: 0.9999988723748928 -0.0003361088348968587 -0.0017362210809298022 0.00033569210868586246 0.999999734949212 -0.00040742025666383463 0.0017364125657899636 0.00040658044861183185 0.9999988061271367 -0.027837544070507647 0.018017721515505514 -0.8674512564057579
FixedParameters: 0 0 0
#Transform 90
Transform: MatrixOffsetTransformBase_double_3_3
Parameters: 0.9999969887193293 -0.0006622076715502193 -0.002360569100894079 0.0006621065880890331 0.9999996092954236 -0.0002333253607720992 0.0023607950661825683 0.00023167562084530635 0.9999972713110449 -0.088005607664698 -0.12580034289682374 -0.7661881865711138
FixedParameters: 0 0 0
#Transform 91
Transform: MatrixOffsetTransformBase_double_3_3
Parameters: 0.999995839032916 -0.0005970123889948811 -0.002793856159319367 0.0005997796105011929 0.9999996885068936 0.001029649325779175 0.0027928686770705784 -0.0010313525308290883 0.9999960266590754 -0.10095083941460814 -0.2726625816822974 -0.8214600843004689
FixedParameters: 0 0 0
#Transform 92
Transform: MatrixOffsetTransformBase_double_3_3
Parameters: 0.9999975097519884 -0.00008126514935766586 -0.0021174381407976094 0.00008128489435060565 0.9999999492221892 0.00023999167628561968 0.002117481067274753 -0.00024000921774705586 0.9999974453294864 -0.11043649072941264 -0.10581253366055421 -0.8130004884554722
FixedParameters: 0 0 0
#Transform 93
Transform: MatrixOffsetTransformBase_double_3_3
Parameters: 0.999997463083517 0.000060956237858704796 -0.0021291296811763254 -0.00006053466969908159 0.999999999936905 0.00009929240980764698 0.0021291417090084693 -0.00009870708594313105 0.9999974435447526 -0.10758725180545525 -0.08236536980773224 -0.7919385642700689
FixedParameters: 0 0 0
#Transform 94
Transform: MatrixOffsetTransformBase_double_3_3
Parameters: 0.9999974592589905 -0.00041575888364485034 -0.0020899469897787473 0.0004155352562164771 0.9999999194660771 -0.00005371194234785048 0.0020899914639295907 0.00005328778548578661 0.999997534068526 -0.08182839050738266 -0.06415952068380193 -0.8068054974515775
FixedParameters: 0 0 0
#Transform 95
Transform: MatrixOffsetTransformBase_double_3_3
Parameters: 0.9999974840834132 0.000011130465187699325 -0.00212503770996071 -0.000010696957978602594 1.0000000029048173 0.00010218626072379389 0.002125039936555591 -0.00010181322390769021 0.9999974603706956 -0.10054162161527813 -0.02821491267511078 -0.7927051945328714
FixedParameters: 0 0 0
#Transform 96
Transform: MatrixOffsetTransformBase_double_3_3
Parameters: 0.999998443490503 0.00010531036996524074 -0.001882927920141383 -0.0001048245716840133 0.999999985747745 0.00012936095955955185 0.001882955027822803 -0.00012863863456810676 0.9999984244609108 -0.09213270537108542 -0.03231876269782674 -0.8039130554428908
FixedParameters: 0 0 0
#Transform 97
Transform: MatrixOffsetTransformBase_double_3_3
Parameters: 0.9999982515841084 -0.0005591041148942858 -0.0015610859660450875 0.0005574618871534334 0.9999990309859093 -0.0008197080098664294 0.0015609218588923037 0.0008182916955206121 0.9999988790757175 -0.061060803940065966 0.00868874119906593 -0.8354518771813844
FixedParameters: 0 0 0
#Transform 98
Transform: MatrixOffsetTransformBase_double_3_3
Parameters: 0.9999962294204786 -0.0006901091098542728 -0.0025086547150624163 0.0006896812825986305 0.9999993930410878 -0.00048349323679633405 0.0025091565885661526 0.0004815080139305983 0.999996370765553 -0.08610979571038513 -0.060592225797933 -0.7771581747936125
FixedParameters: 0 0 0
#Transform 99
Transform: MatrixOffsetTransformBase_double_3_3
Parameters: 0.9999973903761483 -0.0005467026848907236 -0.002076230360119597 0.0005472113441420707 0.9999997809223325 0.0001220207167370313 0.002076096355661127 -0.00012297864022946248 0.9999975794413526 -0.07525618021364266 -0.21371731081616474 -0.7657915802329001
FixedParameters: 0 0 0
#Transform 100
Transform: MatrixOffsetTransformBase_double_3_3
Parameters: 0.9999973749770596 -0.0005672039558735596 -0.002074438275787509 0.000566573299730307 0.9999996689603086 -0.00015301229861258703 0.0020746106100942513 0.00015098689635602291 0.9999976598091391 -0.07505904922078344 -0.1424674715923686 -0.7826156473209096
FixedParameters: 0 0 0
#Transform 101
Transform: MatrixOffsetTransformBase_double_3_3
Parameters: 0.999995087156482 -0.0001954576287155521 -0.0029790467507758134 0.000192058648945096 0.9999991770014969 -0.0009051676216227933 0.0029792335764288326 0.0009048297836892344 0.9999952721033385 -0.101767730856821 -0.09488712825815071 -0.8645464350990579
FixedParameters: 0 0 0
#Transform 102
Transform: MatrixOffsetTransformBase_double_3_3
Parameters: 0.9999952440889516 -0.0003771631547934263 -0.002934854543329728 0.00037435462832260914 0.9999992232491259 -0.0008186939075421201 0.0029353054097608403 0.0008173047650965187 0.9999956825898997 -0.17755662656425386 -0.09967998665491962 -0.9045997479020826
FixedParameters: 0 0 0
#Transform 103
Transform: MatrixOffsetTransformBase_double_3_3
Parameters: 0.999994864662783 -0.0017602091326155967 -0.00265272951866226 0.0017603417658803328 0.9999982475898713 0.00002254853480145036 0.0026526415044163107 -0.000027451208401294003 0.9999966158229966 -0.1511380064419967 -0.14759323207796626 -0.8518644834556284
FixedParameters: 0 0 0
#Transform 104
Transform: MatrixOffsetTransformBase_double_3_3
Parameters: 0.9999971946455917 -0.00047977009713592324 -0.002139034428364795 0.00048096362310136407 0.9999995205309687 0.000511135415373315 0.002138624470320288 -0.0005128636145071835 0.9999971498267795 -0.12610204173792283 -0.17083739184215574 -0.8670239455288566
FixedParameters: 0 0 0
#Transform 105
Transform: MatrixOffsetTransformBase_double_3_3
Parameters: 0.9999977749845127 -0.00037575969061415064 -0.0022547323213662827 0.0003742827597455803 0.9999998539079308 -0.0003276065795020794 0.002254977959889718 0.0003273918928593106 0.999997706564437 -0.12860348355842177 -0.0941553322504376 -0.863025823355315
FixedParameters: 0 0 0
#Transform 106
Transform: MatrixOffsetTransformBase_double_3_3
Parameters: 0.9999985313452467 -0.00022511450936993198 -0.0018487771921139866 0.0002253696378391038 0.9999999579328301 0.00006874680510468578 0.001848746108715042 -0.00006925299156443354 0.9999985638904316 -0.11721859715486005 -0.055899061715678044 -0.8351611797581029
FixedParameters: 0 0 0
#Transform 107
Transform: MatrixOffsetTransformBase_double_3_3
Parameters: 0.9999966249942851 -0.000668639762076547 -0.0024350487646577195 0.0006668864593782607 0.9999990896390509 -0.0007533874610539393 0.0024348932358105486 0.0007516120363418727 0.9999964028414084 -0.12130794699889691 0.019823377135409714 -0.8679534091668444
FixedParameters: 0 0 0
#Transform 108
Transform: MatrixOffsetTransformBase_double_3_3
Parameters: 0.9999972587961364 -0.0008432082798889125 -0.002007366597577748 0.0008424742866039339 0.9999992806104058 -0.00043154204107714866 0.0020080111886351133 0.0004304575058776128 0.9999976066636703 -0.09143562911739878 -0.07870000497158003 -0.8136855958868523
FixedParameters: 0 0 0
#Transform 109
Transform: MatrixOffsetTransformBase_double_3_3
Parameters: 0.9999983544062218 -0.00031096896001904853 -0.0018838085013768721 0.000310842814458508 0.9999998279609691 -0.0002984228125397087 0.0018839118630933178 0.0002975780567591596 0.9999983488368643 -0.11018759755282304 -0.12967894596336293 -0.8018981421001428
FixedParameters: 0 0 0
#Transform 110
Transform: MatrixOffsetTransformBase_double_3_3
Parameters: 0.9999974845523141 -0.000005286885886890039 -0.002348531958464816 0.000004609044701114673 0.9999998113617448 -0.000356760146530688 0.0023484535481158152 0.0003562403103384987 0.9999974190056916 -0.11345846130755888 -0.11719813124021528 -0.7999306651370972
FixedParameters: 0 0 0
#Transform 111
Transform: MatrixOffsetTransformBase_double_3_3
Parameters: 0.99999426417134 -0.0008021026371106447 -0.0031767729487977127 0.0008009261959107064 0.9999994375041443 -0.0003431511513605351 0.0031772392471219645 0.0003408480773255118 0.9999945927388436 -0.13160971273070743 -0.0460513571317307 -0.8512209064982699
FixedParameters: 0 0 0
#Transform 112
Transform: MatrixOffsetTransformBase_double_3_3
Parameters: 0.9999970345358422 -0.0009221410136523258 -0.002261499130103681 0.0009197647877176122 0.9999996911640809 -0.0007469260067632377 0.0022627903346153742 0.0007440725640726065 0.9999972318309697 -0.09780227883604198 -0.11044999030139024 -0.8194896976511075
FixedParameters: 0 0 0
#Transform 113
Transform: MatrixOffsetTransformBase_double_3_3
Parameters: 0.9999959740526463 -0.0006903996942445171 -0.0027475110173048522 0.0006895251397833963 0.9999995165286577 -0.0003415758668508656 0.0027478989442416154 0.00033942410752223207 0.9999962256430963 -0.1309481283685301 -0.14290771924255807 -0.8280025937043405
FixedParameters: 0 0 0
#Transform 114
Transform: MatrixOffsetTransformBase_double_3_3
