#Insight Transform File V1.0
#Transform 0
Transform: MatrixOffsetTransformBase_double_3_3
Parameters: 0.9999985695107553 0.0015534365403298608 -0.0001315810217665005 -0.0015537499398034877 0.999995473774973 -0.002470879428061512 0.00012788969727620542 0.002471119215332551 0.9999968840311019 -0.003911576820300411 -0.1649581054700775 -0.6688561210641097
FixedParameters: 0 0 0
#Transform 1
Transform: MatrixOffsetTransformBase_double_3_3
Parameters: 0.9999981676762599 0.0015378615202069302 -0.0006831397362706819 -0.0015398234381118294 0.9999957282364735 -0.002411025889907492 0.0006796224936962251 0.002411973074386356 0.9999968087525066 -0.027437822071135543 -0.14557049034158354 -0.6643030564616623
FixedParameters: 0 0 0
#Transform 2
Transform: MatrixOffsetTransformBase_double_3_3
Parameters: 0.9999988970152646 0.0014046748013740514 -0.00035903681581343853 -0.0014062131899692503 0.9999952006772704 -0.0026105772569341157 0.0003556841229566681 0.002611418435165644 0.9999960616772696 -0.02199330914531572 -0.197093116625922 -0.6609455534090785
FixedParameters: 0 0 0
#Transform 3
Transform: MatrixOffsetTransformBase_double_3_3
Parameters: 0.9999991958441726 0.0013363845431016684 0.00013775994963432603 -0.001335461985198549 0.9999964071920362 -0.0024252750587688693 -0.00014125061302078308 0.0024257255675391026 0.9999970225277572 0.001199700344102439 -0.1756214453056657 -0.6286114579202859
FixedParameters: 0 0 0
#Transform 4
Transform: MatrixOffsetTransformBase_double_3_3
Parameters: 0.9999988842625012 0.0017261791365466366 -0.00036762804229297516 -0.001727501901419897 0.9999958378350137 -0.0022564441770375337 0.0003638213457365641 0.002256557377333601 0.9999978628187651 -0.03760123571224483 -0.1567032432765103 -0.6439899273731271
FixedParameters: 0 0 0
#Transform 5
Transform: MatrixOffsetTransformBase_double_3_3
Parameters: 0.9999984858897119 0.0015814694045129883 0.00011750505827232155 -0.0015807195793420645 0.9999961166461654 -0.0021112752628996284 -0.00012119211894108632 0.0021117211050267343 0.9999974523715675 -0.0070352691794397515 -0.18800597897821092 -0.6090358420207167
FixedParameters: 0 0 0
#Transform 6
Transform: MatrixOffsetTransformBase_double_3_3
Parameters: 0.9999984537473241 0.001544166098106384 -0.0010780618398499996 -0.0015457762644248939 0.9999973295209864 -0.0017864117311758576 0.0010753645945171244 0.0017885888202684719 0.9999977339021845 -0.041141338281633466 -0.13752691395988847 -0.6431984043829573
FixedParameters: 0 0 0
#Transform 7
Transform: MatrixOffsetTransformBase_double_3_3
Parameters: 0.9999974351561788 0.0023308479700937653 -0.00036236874784077407 -0.0023317954535428905 0.9999954118805848 -0.0017694033221122007 0.0003581024049894359 0.0017705929998576009 0.9999977574689596 -0.03363043011833611 -0.1934389236376859 -0.6151738223295524
FixedParameters: 0 0 0
#Transform 8
Transform: MatrixOffsetTransformBase_double_3_3
Parameters: 0.9999969623757295 0.002218142721696603 -0.00034158083244583803 -0.002219152544082661 0.9999956851561144 -0.002090492461758492 0.0003372856121793186 0.002091508654970861 0.9999975326346344 -0.025530881061982313 -0.1510570791383259 -0.6034113472552036
FixedParameters: 0 0 0
#Transform 9
Transform: MatrixOffsetTransformBase_double_3_3
Parameters: 0.9999981657560096 0.001804756612712956 -0.0007596922286600134 -0.0018061678724753771 0.999996587666818 -0.0017497062043930478 0.000756279267998023 0.001751293340959817 0.99999844957907 -0.04100103319971993 -0.15787641140397568 -0.6206787603610309
FixedParameters: 0 0 0
#Transform 10
Transform: MatrixOffsetTransformBase_double_3_3
Parameters: 0.9999983490394936 0.001895766963148121 0.00023797747538147504 -0.0018959797767042947 0.9999983166091729 0.00027438600167986604 -0.00023793138010680208 -0.00027561491869812493 0.9999998811802244 -0.01060696326044308 -0.10624496556178542 -0.5951187926040689
FixedParameters: 0 0 0
#Transform 11
Transform: MatrixOffsetTransformBase_double_3_3
Parameters: 0.9999980899752077 0.0019771590635070347 -0.000031530403207423116 -0.001977121167859886 0.9999976414666971 -0.0007191087663436513 0.00002968193487191503 0.0007198897131892729 0.999999413148344 -0.03682889643491194 -0.127024821969016 -0.6284368415493304
FixedParameters: 0 0 0
#Transform 12
Transform: MatrixOffsetTransformBase_double_3_3
Parameters: 0.9999980148588654 0.0019919710107488544 -0.00013122935787644076 -0.001992093686794193 0.999997400577034 -0.0007859029908703768 0.00012909451910359904 0.0007860949133124961 0.9999993786902448 -0.03265611121439349 -0.16550006931561256 -0.6282444906049562
FixedParameters: 0 0 0
#Transform 13
Transform: MatrixOffsetTransformBase_double_3_3
Parameters: 0.9999985219758285 0.0017441338227460787 -0.000659541722228697 -0.0017457411397374658 0.9999980497274498 -0.0013450081687416682 0.0006568393660157427 0.001345991950184755 0.9999988515031055 -0.03486212795701249 -0.1396023140317908 -0.608591533966262
FixedParameters: 0 0 0
#Transform 14
Transform: MatrixOffsetTransformBase_double_3_3
Parameters: 0.9999975433498892 0.002102282686133486 -0.00019239579991170436 -0.002102569361137476 0.9999971739668955 -0.001179761876793542 0.00018942734213136972 0.001180237981442775 0.9999995845791352 -0.03201543434406062 -0.15625799695737896 -0.620333476551636
FixedParameters: 0 0 0
#Transform 15
Transform: MatrixOffsetTransformBase_double_3_3
Parameters: 0.9999973366300242 0.002144028262126547 -0.00025757933768898823 -0.002144347991236857 0.9999974123382392 -0.0009426879256094478 0.0002555308133003579 0.000942311580479388 0.9999991476777681 -0.03037926179264616 -0.1605784620144135 -0.6052023154572765
FixedParameters: 0 0 0
#Transform 16
Transform: MatrixOffsetTransformBase_double_3_3
Parameters: 0.9999975961849639 0.0020832063090595494 -0.00025278844488836854 -0.0020835805120543783 0.9999974205423423 -0.0010696329622006256 0.00025032533463078323 0.0010693679213837348 0.9999998879785422 -0.033198948703542897 -0.15043872763781962 -0.6282764425215959
FixedParameters: 0 0 0
#Transform 17
Transform: MatrixOffsetTransformBase_double_3_3
Parameters: 0.9999979837293667 0.002233844134954949 0.00016650833373772715 -0.002233308520610358 0.9999972671472799 0.00089737840195378 -0.0001645742725714054 -0.0008976213059571636 0.9999991055675257 -0.02543166261209251 -0.17399638174455845 -0.5838100041983267
FixedParameters: 0 0 0
#Transform 18
Transform: MatrixOffsetTransformBase_double_3_3
Parameters: 0.9999979741037642 0.0019881546416311595 -0.0002737102589732578 -0.0019875069870126326 0.9999971514938272 -0.0009396203733617742 0.0002718844699872225 0.0009403782727837456 0.9999990554094658 -0.03355853448356072 -0.13366855667221955 -0.625802915576628
FixedParameters: 0 0 0
#Transform 19
Transform: MatrixOffsetTransformBase_double_3_3
Parameters: 0.9999977669508429 0.0022778844516551226 -0.0002050861905043042 -0.0022785389819695518 0.999996770359455 0.0014212265438254268 0.00020865290562965805 -0.001420773937158934 0.9999989581013762 -0.04904428440019615 -0.16328128607560188 -0.603358077666087
FixedParameters: 0 0 0
#Transform 20
Transform: MatrixOffsetTransformBase_double_3_3
Parameters: 0.9999983667343652 0.001879245265389544 -0.00031916294642316787 -0.0018790268285091669 0.9999982345174221 0.0004704372266110951 0.0003199326991756772 -0.000469562929472922 0.9999996904164822 -0.06387123001753992 -0.09556718529489672 -0.5766596995910049
FixedParameters: 0 0 0
#Transform 21
Transform: MatrixOffsetTransformBase_double_3_3
Parameters: 0.9999976712032402 0.002045548453249062 -0.0003793350665221365 -0.0020461987093810152 0.9999973991085253 -0.0011833902058029783 0.00037748034201688424 0.0011846119060069937 0.9999994683763661 -0.04441314291975118 -0.15639382303182003 -0.6192634932162662
FixedParameters: 0 0 0
#Transform 22
Transform: MatrixOffsetTransformBase_double_3_3
Parameters: 0.9999987542996635 0.0017683506955160347 -0.0003432809049410163 -0.0017679156336239588 0.9999946857411026 0.002664537005806933 0.0003478020631106247 -0.002664464977199049 0.9999968693963264 -0.041233338543534614 -0.10673977878337837 -0.5002064787486091
FixedParameters: 0 0 0
#Transform 23
Transform: MatrixOffsetTransformBase_double_3_3
Parameters: 0.9999978052683033 0.0022739394990235833 -0.0001540110908391975 -0.0022735699858395064 0.9999928345512088 0.00299719587397404 0.00016066356443914786 -0.002996807031444587 0.999996006626825 -0.03262514621258106 -0.07584637329509292 -0.5027870296046189
FixedParameters: 0 0 0
#Transform 24
Transform: MatrixOffsetTransformBase_double_3_3
Parameters: 0.9999955107763958 0.002887555905241994 0.00038902479661978416 -0.002888814657464408 0.9999900889453158 0.003272631793402911 -0.0003792522510119842 -0.0032733675635701898 0.9999949966726737 -0.034161292589473646 -0.16527971366721772 -0.46236975995998364
FixedParameters: 0 0 0
#Transform 25
Transform: MatrixOffsetTransformBase_double_3_3
Parameters: 0.9999961560836573 0.0025511405505239493 -0.0005796274042789454 -0.002549479900129832 0.9999923199362175 0.0028422477905715032 0.0005862297137917291 -0.0028407510310372724 0.9999956878460486 -0.04988866221300725 -0.05569288787305027 -0.5105577102167587
FixedParameters: 0 0 0
#Transform 26
Transform: MatrixOffsetTransformBase_double_3_3
Parameters: 0.9999959730368442 0.0028264152944721703 -0.00019477673339300913 -0.0028257770062659632 0.9999875917812348 0.004049238343223072 0.00020570294800173748 -0.004048759847778194 0.9999915922608325 -0.03736516415405333 -0.11964750295518911 -0.4479255875900918
FixedParameters: 0 0 0
#Transform 27
Transform: MatrixOffsetTransformBase_double_3_3
Parameters: 0.9999972102719602 0.0021638471421795424 -0.00032518629144568143 -0.002164128467714142 0.9999961428149112 0.0014705431239998429 0.00032864045435292773 -0.0014694549001380286 0.9999987456525642 -0.042571734656249305 -0.06509785207288132 -0.49992192407376024
FixedParameters: 0 0 0
#Transform 28
Transform: MatrixOffsetTransformBase_double_3_3
Parameters: 0.9999962481572915 0.0027589715932478448 -0.00037567380267360616 -0.00275725950490513 0.999991675099089 0.0031137225950835234 0.00038487280753930476 -0.003112278210948019 0.9999951914333562 -0.04573157327857302 -0.13165144902922066 -0.47338317835324517
FixedParameters: 0 0 0
#Transform 29
Transform: MatrixOffsetTransformBase_double_3_3
Parameters: 0.9999967835233987 0.002481929684941741 -0.00023823089236248157 -0.002481158728666586 0.999993082223394 0.0027823551712472805 0.00024506179318697474 -0.0027816458324093074 0.9999962221952154 -0.04241519189037035 -0.09899042502971156 -0.4160918958233566
FixedParameters: 0 0 0
#Transform 30
Transform: MatrixOffsetTransformBase_double_3_3
Parameters: 0.9999970635789877 0.0023819199170472976 -0.0005122210274757391 -0.0023805581043414943 0.9999935964443061 0.002762990403518531 0.0005194795341222031 -0.0027620102210888786 0.9999962042687993 -0.05432148765680722 -0.057784083403717545 -0.4740570179215382
FixedParameters: 0 0 0
#Transform 31
Transform: MatrixOffsetTransformBase_double_3_3
Parameters: 0.9999965771937769 0.002475184183127361 -0.0005428329781930056 -0.0024737195540565473 0.9999895222297859 0.003906119177023562 0.0005523585354090563 -0.0039048857181226 0.9999925489191747 -0.06461692999118895 -0.1270119213834704 -0.42096488473177374
FixedParameters: 0 0 0
#Transform 32
Transform: MatrixOffsetTransformBase_double_3_3
Parameters: 0.999996741773328 0.0026834230475881416 -0.0002401483877213196 -0.002682613468060118 0.999991738261914 0.0031683301311378753 0.0002481783251702452 -0.003167673240953392 0.9999949309659343 -0.05753143500650992 -0.06570097509690243 -0.47371509451612326
FixedParameters: 0 0 0
#Transform 33
Transform: MatrixOffsetTransformBase_double_3_3
Parameters: 0.9999963879401557 0.002568346664640329 -0.00012267647214923527 -0.0025682138435707204 0.9999925717162467 0.0027950789810014948 0.00013005675277505825 -0.002794919868198395 0.9999961921207658 -0.053682940073215946 -0.12529846541865197 -0.4499750413155823
FixedParameters: 0 0 0
#Transform 34
Transform: MatrixOffsetTransformBase_double_3_3
Parameters: 0.9999963701683283 0.002714079834060367 0.0005129133899401596 -0.0027156387551505144 0.9999926776173034 0.0028432781548367314 -0.0005056081887697976 -0.0028447234680546024 0.9999955158110719 -0.03720584856125697 -0.09986135272933439 -0.42511327283823164
FixedParameters: 0 0 0
#Transform 35
Transform: MatrixOffsetTransformBase_double_3_3
Parameters: 0.9999963366106392 0.0026810184103609165 -0.0006886896987679633 -0.0026795321096684307 0.9999913605626386 0.003045625158653767 0.0006962067859845114 -0.0030443763674353475 0.99999543191526 -0.0697592361631223 -0.08447310114060258 -0.45883280024466444
FixedParameters: 0 0 0
#Transform 36
Transform: MatrixOffsetTransformBase_double_3_3
Parameters: 0.999996240093989 0.0027858285430128666 -0.000011110678424681634 -0.0027853971590793237 0.9999915955560886 0.0029497073169106602 0.000019488035378517296 -0.0029492888095598857 0.9999952453774806 -0.052111868649163284 -0.12318246541411781 -0.42287954146647166
FixedParameters: 0 0 0
#Transform 37
Transform: MatrixOffsetTransformBase_double_3_3
Parameters: 0.9999960609881269 0.0027700461291986713 -0.0005154209530527067 -0.002768333145457093 0.9999902504112873 0.003314201906864961 0.0005248846672673082 -0.0033127976402441833 0.999994851910393 -0.07399224667281601 -0.05614470393717852 -0.4836239967573306
FixedParameters: 0 0 0
#Transform 38
Transform: MatrixOffsetTransformBase_double_3_3
Parameters: 0.9999959082810483 0.0030022773989535853 -0.00028002397808812483 -0.0030012220229467903 0.9999901317400128 0.0032904458393609726 0.0002898092079539131 -0.0032895519642220095 0.9999941282404476 -0.060879707944337724 -0.13823788984981888 -0.43304671260996486
FixedParameters: 0 0 0
#Transform 39
Transform: MatrixOffsetTransformBase_double_3_3
Parameters: 0.9999953510699868 0.002903876732384499 0.0004676348909245687 -0.0029045426794464127 0.9999907731500123 0.003150314479180849 -0.00045854802582121444 -0.003151684478663458 0.999994720228971 -0.039804828393954494 -0.07625272655640458 -0.4299296903339922
FixedParameters: 0 0 0
#Transform 40
Transform: MatrixOffsetTransformBase_double_3_3
Parameters: 0.9999953234080372 0.002916242263587239 0.0004132164092148585 -0.0029182099273087135 0.999988556136105 0.0037504688059383645 -0.0004024581417835674 -0.0037515284895255907 0.9999926271200357 -0.036011991861130355 -0.11644777421994945 -0.42799824813944554
FixedParameters: 0 0 0
#Transform 41
Transform: MatrixOffsetTransformBase_double_3_3
Parameters: 0.9999965014176591 0.00273833865513233 0.00002461588900050469 -0.0027382189119724842 0.999989368187603 0.00363269471519706 -0.000013773860780331445 -0.003632303241017487 0.999993742988685 -0.05079476787970805 -0.1259398921559267 -0.3823578060073345
FixedParameters: 0 0 0
#Transform 42
Transform: MatrixOffsetTransformBase_double_3_3
Parameters: 0.9999972323328696 0.0021722464474296663 -0.00022210519179431237 -0.0021714516041173204 0.9999930401468843 0.0030383273822845586 0.00022832493587624498 -0.0030376757640546564 0.9999957332238387 -0.053701207603353396 -0.05763070138895898 -0.42487257541958456
FixedParameters: 0 0 0
#Transform 43
Transform: MatrixOffsetTransformBase_double_3_3
Parameters: 0.9999966266662195 0.00270261971835059 -0.0002637829677687296 -0.002701669954204853 0.999991748985392 0.00315039884751199 0.0002718368151192928 -0.0031496048234680996 0.9999950325834899 -0.05521176790590232 -0.13591249702454888 -0.4111419228546538
FixedParameters: 0 0 0
#Transform 44
Transform: MatrixOffsetTransformBase_double_3_3
Parameters: 0.999996286121091 0.0027643285372865507 -0.00026967189248900276 -0.002763460171748191 0.9999925666049476 0.002787430373128841 0.0002771048007363028 -0.002786572438227858 0.9999961847102521 -0.05880921328025579 -0.052080762766763655 -0.41730270591421004
FixedParameters: 0 0 0
#Transform 45
Transform: MatrixOffsetTransformBase_double_3_3
Parameters: 0.9999966920087813 0.0026866994609946525 -0.0003009280300449163 -0.0026852872782966793 0.9999894322475313 0.0037854953325321544 0.00031029809117188024 -0.003784506877877014 0.9999926071478824 -0.05938675251890402 -0.10542477042011456 -0.43023604519500225
FixedParameters: 0 0 0
#Transform 46
Transform: MatrixOffsetTransformBase_double_3_3
Parameters: 0.9999957781644477 0.0028540613498935483 -0.00027661920668222014 -0.002853117065232589 0.9999917133062037 0.0028494736401310783 0.000284905926596203 -0.002848524574126543 0.9999958311950505 -0.05396789475550179 -0.13774838907009723 -0.3860135612700333
FixedParameters: 0 0 0
#Transform 47
Transform: MatrixOffsetTransformBase_double_3_3
Parameters: 0.9999960440884661 0.0026247972978217416 -0.00025827428545850553 -0.00262393001450542 0.9999926351509499 0.0029073613609774396 0.0002655592981574484 -0.0029066399290826883 0.9999955075705863 -0.057698397731400064 -0.07885383817267666 -0.4120817218011581
FixedParameters: 0 0 0
#Transform 48
Transform: MatrixOffsetTransformBase_double_3_3
Parameters: 0.9999953249061687 0.002931932414353791 -0.00028159860086424154 -0.002930888905514846 0.9999907781453722 0.0032554313592644407 0.0002907158034608817 -0.0032545702919265646 0.9999943566034553 -0.0606170423268253 -0.14373687446304473 -0.3773191383874206
FixedParameters: 0 0 0
#Transform 49
Transform: MatrixOffsetTransformBase_double_3_3
Parameters: 0.9999948727608736 0.0031680655319989196 -0.0003016335239898283 -0.003167077931309952 0.9999909917146635 0.0028185612405126903 0.00031051630429360756 -0.0028174388319861243 0.999995998726272 -0.06245057374833607 -0.057248146427852475 -0.4537300090604788
FixedParameters: 0 0 0
#Transform 50
Transform: MatrixOffsetTransformBase_double_3_3
Parameters: 0.9999954070929262 0.0029178446794476194 -0.00028184194632467586 -0.002916901974941329 0.9999916555719643 0.00279450717241915 0.0002901712002385451 -0.002793491691861605 0.999996138588094 -0.06035241860254814 -0.09567572740921548 -0.4160207353065175
FixedParameters: 0 0 0
#Transform 51
Transform: MatrixOffsetTransformBase_double_3_3
Parameters: 0.9999965296107952 0.00273166760080025 0.00009106555973853074 -0.0027319583834170837 0.9999915905254866 0.003162430491910631 -0.00008283844458764015 -0.0031625722987120436 0.9999949361766532 -0.048881641665872166 -0.1157786426020948 -0.4273703596474263
FixedParameters: 0 0 0
#Transform 52
Transform: MatrixOffsetTransformBase_double_3_3
Parameters: 0.9999969922960319 0.0024468108880136064 0.00014327761188436772 -0.0024474181261180702 0.9999914279163803 0.0034124090847490324 -0.0001346310167354082 -0.0034125925681198904 0.9999942739588087 -0.04275702291707262 -0.050415436942486735 -0.4865204711932165
FixedParameters: 0 0 0
#Transform 53
Transform: MatrixOffsetTransformBase_double_3_3
Parameters: 0.9999950440168515 0.0029797348875007863 0.00027723085749535906 -0.002980836104554921 0.9999881609917392 0.003884852601943614 -0.0002661974177436475 -0.0038851523409672573 0.999992696374419 -0.04572793777924744 -0.1312893765033749 -0.45265255130560433
FixedParameters: 0 0 0
#Transform 54
Transform: MatrixOffsetTransformBase_double_3_3
Parameters: 0.9999953161133831 0.002868914782118126 -0.0006743137297750179 -0.0028660548829551125 0.999989739882319 0.003442633692695221 0.0006841691645643899 -0.0034413646907516388 0.9999938813871718 -0.07865750454827491 -0.06120149611352588 -0.470403072042231
FixedParameters: 0 0 0
#Transform 55
Transform: MatrixOffsetTransformBase_double_3_3
Parameters: 0.9999965089620358 0.002704990055330908 0.0004160100904971569 -0.002706677304052058 0.9999907392191032 0.0034745475506682555 -0.00040733471130225915 -0.0034754555546250288 0.9999936183642159 -0.059149356493776395 -0.1428790996956053 -0.38738506589645283
FixedParameters: 0 0 0
#Transform 56
Transform: MatrixOffsetTransformBase_double_3_3
Parameters: 0.999996660690532 0.0027053732571778863 -0.0001398567598156594 -0.002705118396440132 0.9999908897984848 0.003430066203092677 0.0001494450982875487 -0.003429936873640918 0.9999942409692424 -0.07246921898271808 -0.11196200475481533 -0.43290334543978304
FixedParameters: 0 0 0
#Transform 57
Transform: MatrixOffsetTransformBase_double_3_3
Parameters: 0.9999963150922407 0.002757369446394598 -0.0002821010584409445 -0.002757074549634037 0.9999899098755699 0.0035304636160785885 0.0002926793451358694 -0.003529532118090581 0.999993483306259 -0.07069309273755664 -0.1332660488919828 -0.40900638536156464
FixedParameters: 0 0 0
#Transform 58
Transform: MatrixOffsetTransformBase_double_3_3
Parameters: 0.9999971704748236 0.002567895400378901 -0.00048539783358489045 -0.0025660742625104307 0.9999895334530662 0.003712019261295399 0.000494568219280061 -0.0037109802430792954 0.9999930864169491 -0.07681804474732701 -0.11461629478428392 -0.3815723519898597
FixedParameters: 0 0 0
#Transform 59
Transform: MatrixOffsetTransformBase_double_3_3
Parameters: 0.9999973044451205 0.002080679698873339 -0.0006060142908645826 -0.00207851400556051 0.9999931705791708 0.003068110944765029 0.0006118781421352675 -0.003066891434162222 0.9999953146797141 -0.08601047962925179 -0.06388182655794594 -0.4534245562323349
FixedParameters: 0 0 0
#Transform 60
Transform: MatrixOffsetTransformBase_double_3_3
Parameters: 0.9999929235433948 0.0023947423024046318 -0.0028878233884898122 -0.002386465513331495 0.9999921311639693 0.0030989585813129272 0.002895388053235033 -0.0030920391340901465 0.9999906280328537 -0.16317301479995194 -0.11713306400253032 -0.4713392160955152
FixedParameters: 0 0 0
#Transform 61
Transform: MatrixOffsetTransformBase_double_3_3
Parameters: 0.9999952719296076 0.001988708886978458 -0.0024023459262211594 -0.0019813936297171137 0.9999932109403742 0.0030748075833464117 0.0024091378701105925 -0.00307018935501939 0.9999921803957081 -0.15660287010192064 -0.07312378251621965 -0.44884526004470615
FixedParameters: 0 0 0
#Transform 62
Transform: MatrixOffsetTransformBase_double_3_3
Parameters: 0.9999957821242732 0.0025663536646056257 -0.0016228954545428223 -0.0025591004558519 0.9999888042722913 0.00403695406597572 0.0016330234672732658 -0.004033046250458583 0.9999904151930729 -0.12673783433088204 -0.0971571871369008 -0.4161494110206263
FixedParameters: 0 0 0
#Transform 63
Transform: MatrixOffsetTransformBase_double_3_3
Parameters: 0.9999981257673626 0.002147599542346489 -0.0005127586104854824 -0.002145096941667839 0.9999895166628003 0.00409695648958934 0.000521455938537093 -0.004096049918750733 0.9999920462721781 -0.06553460684722268 -0.014510734278957216 -0.44128324946143493
FixedParameters: 0 0 0
#Transform 64
Transform: MatrixOffsetTransformBase_double_3_3
Parameters: 0.9999947439088783 0.0031807226517802153 -0.0010680158755802713 -0.003175482198967655 0.9999855982059602 0.004363029368116764 0.001082031562507587 -0.00435997259388711 0.9999901000418527 -0.12466255092171252 -0.17134836642620144 -0.21974482484361602
FixedParameters: 0 0 0
#Transform 65
Transform: MatrixOffsetTransformBase_double_3_3
Parameters: 0.9999952022428293 0.003003189040005275 -0.0008832560275701775 -0.0029993245033197616 0.999987995023394 0.0038493559350253337 0.0008945580732184138 -0.0038466466732458987 0.9999925928193869 -0.1101574796591791 -0.09931848605656057 -0.2868353405679045
FixedParameters: 0 0 0
#Transform 66
Transform: MatrixOffsetTransformBase_double_3_3
Parameters: 0.9999937173051647 0.0033843595675456493 -0.000911841704195666 -0.0033798325165275704 0.9999854886304821 0.004218638244621778 0.0009255842133097575 -0.004216363520793617 0.9999906537876389 -0.10968211634094871 -0.11633588996359379 -0.2693229754899136
FixedParameters: 0 0 0
#Transform 67
Transform: MatrixOffsetTransformBase_double_3_3
Parameters: 0.9999950505190917 0.0028260213703083866 -0.0009815298698202318 -0.002822271400842488 0.9999884367251154 0.003914481971110689 0.000991920768642439 -0.003912521648276365 0.9999919826296338 -0.11464627068659183 -0.11268994486819395 -0.2802258364611845
FixedParameters: 0 0 0
#Transform 68
Transform: MatrixOffsetTransformBase_double_3_3
Parameters: 0.9999955644587207 0.0027729873685023963 -0.0008649144682038212 -0.002769081462408628 0.9999885667283477 0.003957092309455665 0.0008750404820601578 -0.003953910676865693 0.9999917055699795 -0.12276604382140022 -0.09816581471042696 -0.35218280431051596
FixedParameters: 0 0 0
#Transform 69
Transform: MatrixOffsetTransformBase_double_3_3
Parameters: 0.99999495794893 0.002974886525208452 -0.00043731802349337 -0.0029735652106100377 0.9999889064981279 0.003636991124594327 0.0004480656522478291 -0.003635011080591513 0.9999936103036752 -0.10142038710705492 -0.09928099279234459 -0.29265252221230753
FixedParameters: 0 0 0
#Transform 70
Transform: MatrixOffsetTransformBase_double_3_3
Parameters: 0.9999963582932584 0.0026573188146475613 -0.0007614716973394873 -0.00265506238727274 0.9999912312666892 0.0032577128776268838 0.000769965681819066 -0.003255284945627379 0.9999939173526932 -0.09848404148006296 -0.05283992651196456 -0.3573724336040556
FixedParameters: 0 0 0
#Transform 71
Transform: MatrixOffsetTransformBase_double_3_3
Parameters: 0.9999957864307379 0.002714524092495051 -0.0009188329374056755 -0.002711314193259112 0.999988687822134 0.0038442759495579404 0.0009289673633298551 -0.003841726112443003 0.9999925611331587 -0.10966192138165809 -0.1300544493741569 -0.33764133811183683
FixedParameters: 0 0 0
#Transform 72
Transform: MatrixOffsetTransformBase_double_3_3
Parameters: 0.9999946847466059 0.003050284636974905 -0.0010061433888424102 -0.003046504364885131 0.9999898894012046 0.003261769519108157 0.0010162165347267567 -0.0032582309791032715 0.9999945400327251 -0.13138583378022872 -0.104009047907752 -0.3969834470950815
FixedParameters: 0 0 0
#Transform 73
Transform: MatrixOffsetTransformBase_double_3_3
Parameters: 0.9999929973565983 0.0030569263176740977 -0.0021578263495784255 -0.0030501476776071314 0.9999896871090379 0.003391402488007081 0.002168127814457248 -0.003384602358957614 0.9999923529971072 -0.16452998344682612 -0.1330688619718643 -0.40703208467232344
FixedParameters: 0 0 0
#Transform 74
Transform: MatrixOffsetTransformBase_double_3_3
Parameters: 0.9999931636673492 0.0032372181633653343 -0.001831736769064975 -0.0032314640965667232 0.9999890368283532 0.0034635754780734385 0.0018426570031749856 -0.0034584272329983706 0.9999921696333974 -0.1653156657224173 -0.11350268021394072 -0.365306337737465
FixedParameters: 0 0 0
#Transform 75
Transform: MatrixOffsetTransformBase_double_3_3
Parameters: 0.9999953535593956 0.0026058637484310545 -0.0016906340366869116 -0.00259995993670629 0.9999920434824319 0.0031381936552268425 0.0016983175941325136 -0.003133808739040747 0.9999936409817524 -0.15877184357468366 -0.08500530945832452 -0.3792353868209517
FixedParameters: 0 0 0
#Transform 76
Transform: MatrixOffsetTransformBase_double_3_3
Parameters: 0.9999941641122052 0.003032240411681945 -0.0012815314672975759 -0.0030284529141814233 0.9999908159924568 0.0029565901334081407 0.0012897173215360913 -0.0029524113369802374 0.9999948898894351 -0.14452105868898002 -0.16273273218931195 -0.3543600128961941
FixedParameters: 0 0 0
#Transform 77
Transform: MatrixOffsetTransformBase_double_3_3
Parameters: 0.999993322690958 0.00340715368726475 -0.0010343780677582162 -0.0034033068639560066 0.9999887032945096 0.003243146486358539 0.0010456517739908411 -0.003238853229439856 0.9999946111140106 -0.14647750777986346 -0.12114610527410719 -0.35523591684746236
FixedParameters: 0 0 0
#Transform 78
Transform: MatrixOffsetTransformBase_double_3_3
Parameters: 0.9999918400563638 0.0037237871975319063 -0.0015136252157707062 -0.0037191433815605044 0.9999872169192988 0.0035471145397566184 0.0015264599255678127 -0.0035408904600856966 0.9999925030673193 -0.16613274425957059 -0.12324440407610382 -0.3519073144142766
FixedParameters: 0 0 0
#Transform 79
Transform: MatrixOffsetTransformBase_double_3_3
Parameters: 0.9999934401336849 0.002772999173429054 -0.0024226697845113514 -0.002764805293663262 0.9999910125496928 0.0032796057014416458 0.0024324183441636147 -0.0032733950189219457 0.999991956546921 -0.17655506045822733 -0.03611937512025065 -0.38587372822551913
FixedParameters: 0 0 0
#Transform 80
Transform: MatrixOffsetTransformBase_double_3_3
Parameters: 0.9999922465821066 0.0028788836442202597 -0.002732567096687161 -0.0028677251445468274 0.9999876584966513 0.00405575738526702 0.0027437156340326483 -0.004048241465816879 0.999987750418127 -0.19811211976534082 -0.09575483693684816 -0.37296206632736073
FixedParameters: 0 0 0
#Transform 81
Transform: MatrixOffsetTransformBase_double_3_3
Parameters: 0.9999912213638184 0.003451581111083233 -0.0024222917847523833 -0.003442693811429794 0.9999882780038779 0.0034900154832673835 0.0024339426832056415 -0.0034819844613600964 0.999990638786515 -0.19417786546677007 -0.1212277322092774 -0.35383504662588905
FixedParameters: 0 0 0
#Transform 82
Transform: MatrixOffsetTransformBase_double_3_3
Parameters: 0.9999934173361851 0.0031329437486795828 -0.0016642550002531763 -0.0031265002604646914 0.9999892536974514 0.0033959322311958584 0.0016748612983164817 -0.003391067823757324 0.9999931318153574 -0.16620150123640087 -0.05882784947780806 -0.3890370821676612
FixedParameters: 0 0 0
#Transform 83
Transform: MatrixOffsetTransformBase_double_3_3
Parameters: 0.9999921726249393 0.0029413240706067526 -0.002678506273441178 -0.0029315578575870977 0.9999893294546839 0.0036617741356640005 0.0026897638720204307 -0.003654229649414212 0.9999900810332886 -0.20587180764759694 -0.12777035954782434 -0.3657956946289431
FixedParameters: 0 0 0
#Transform 84
Transform: MatrixOffsetTransformBase_double_3_3
Parameters: 0.9999933141253635 0.0032697744073545694 -0.001730171779195941 -0.003264868548736677 0.9999902136180465 0.00311229685037695 0.0017399380533460749 -0.003106708319375387 0.9999937623979692 -0.16851699469317794 -0.11303465237362786 -0.38427964630145084
FixedParameters: 0 0 0
#Transform 85
Transform: MatrixOffsetTransformBase_double_3_3
Parameters: 0.9999942476695973 0.0031642157877053356 -0.0013185830970366364 -0.0031600682653032163 0.9999889987728311 0.003413803646630395 0.0013295264190669545 -0.0034101928217671884 0.9999929652849375 -0.13853158602596238 -0.121167125259106 -0.3845074505541817
FixedParameters: 0 0 0
#Transform 86
Transform: MatrixOffsetTransformBase_double_3_3
Parameters: 0.9999945228327798 0.002862321184327464 -0.0015111014447277344 -0.0028574879761153237 0.9999899710922284 0.0035370376244388824 0.0015207677702382425 -0.00353296631516202 0.9999925591331581 -0.16493519692936331 -0.11363767706957617 -0.336409502178455
FixedParameters: 0 0 0
#Transform 87
Transform: MatrixOffsetTransformBase_double_3_3
Parameters: 0.9999955706629325 0.002651390875742842 -0.0015484123118990596 -0.002646959308136489 0.9999909486327916 0.003270894560693821 0.0015571726593997788 -0.003267103552541187 0.9999932492068773 -0.15664072773599003 -0.0537166636007953 -0.3633387428714343
FixedParameters: 0 0 0
#Transform 88
Transform: MatrixOffsetTransformBase_double_3_3
Parameters: 0.9999958180102476 0.0029952234428350538 -0.00045773833074367546 -0.002994134347445809 0.9999906055404777 0.003053064886241061 0.0004671331327384472 -0.003051935060547406 0.9999955768712897 -0.11381870561211826 -0.12967566437411904 -0.3612982729994769
FixedParameters: 0 0 0
#Transform 89
Transform: MatrixOffsetTransformBase_double_3_3
Parameters: 0.999994911547954 0.0024733563444724496 -0.0019925667684080857 -0.002467055128382829 0.9999926583423121 0.002971801415026648 0.0020006706209630153 -0.0029671967617230094 0.9999936172672638 -0.15844029296998485 -0.047501679824051735 -0.44069267052826433
FixedParameters: 0 0 0
#Transform 90
Transform: MatrixOffsetTransformBase_double_3_3
Parameters: 0.9999958951076131 0.0026745414782919025 -0.0009762372368596619 -0.0026707008888579033 0.9999904510416895 0.0033513883369004627 0.0009853380279844376 -0.0033486088822059917 0.9999939989669399 -0.09712794720319096 -0.13562442906361127 -0.42282424953202735
FixedParameters: 0 0 0
#Transform 91
Transform: MatrixOffsetTransformBase_double_3_3
Parameters: 0.9999950736579205 0.002894149657134632 -0.0012443291546096647 -0.0028905871746951976 0.9999901431082759 0.003351306353951561 0.0012540666139775642 -0.003347693058002435 0.9999934921325128 -0.1346058717877554 -0.0781526087592539 -0.38565668428284994
FixedParameters: 0 0 0
#Transform 92
Transform: MatrixOffsetTransformBase_double_3_3
Parameters: 0.999993455281113 0.0033885428793328344 -0.0010318018086663385 -0.0033841280478066117 0.9999875768565561 0.003562126099314486 0.0010441202916151074 -0.003558872628089793 0.9999935239489592 -0.14287166425144449 -0.11904262108616592 -0.3927670315595009
FixedParameters: 0 0 0
#Transform 93
Transform: MatrixOffsetTransformBase_double_3_3
Parameters: 0.9999930694046727 0.0032429756595058683 -0.0018481714762996382 -0.003236038610597679 0.9999889496876451 0.0034836299974269763 0.001859171872556836 -0.003477369441433842 0.9999918918009363 -0.1555595485680641 -0.12360041010121847 -0.3803917718454102
FixedParameters: 0 0 0
#Transform 94
Transform: MatrixOffsetTransformBase_double_3_3
Parameters: 0.9999930270036782 0.0029022845123769766 -0.002355237590479351 -0.002895463309790519 0.9999905280374268 0.003082723267402443 0.0023646956947347446 -0.003076273352812145 0.9999925322252958 -0.20216455292617752 -0.04252875561995495 -0.42871136302281343
FixedParameters: 0 0 0
#Transform 95
Transform: MatrixOffsetTransformBase_double_3_3
Parameters: 0.999993089147811 0.003283586767388217 -0.0020320912346924857 -0.003276559478102553 0.9999889386473895 0.0034364001185521187 0.002043144350707146 -0.003429605707839789 0.9999925793451576 -0.18347491425576834 -0.14012710902163406 -0.37491351904633063
FixedParameters: 0 0 0
#Transform 96
Transform: MatrixOffsetTransformBase_double_3_3
Parameters: 0.9999941061680522 0.003024489997368781 -0.001657207732608374 -0.0030195162334280996 0.9999909991786193 0.0029207201921099546 0.001666202249121539 -0.0029152763733042986 0.9999940774647664 -0.15488093380287182 -0.08552020100441382 -0.4421536428102826
FixedParameters: 0 0 0
#Transform 97
Transform: MatrixOffsetTransformBase_double_3_3
Parameters: 0.9999959756865856 0.002659023279416703 -0.0009766033756484019 -0.0026561597826116265 0.999993079608785 0.0027702927921495896 0.000984508590598155 -0.0027677073851917616 0.9999955612953658 -0.13363236840199022 -0.04274100364986566 -0.49907633336049173
FixedParameters: 0 0 0
#Transform 98
Transform: MatrixOffsetTransformBase_double_3_3
Parameters: 0.9999934476438762 0.003252320620595966 -0.0014049580047961962 -0.003247298093310382 0.9999864600360153 0.003954202143245572 0.0014171014465808346 -0.003949793842008775 0.9999907507960756 -0.14379470835797292 -0.18806416977085405 -0.446640944042187
FixedParameters: 0 0 0
#Transform 99
Transform: MatrixOffsetTransformBase_double_3_3
Parameters: 0.9999926018761387 0.002624461590200681 -0.0027408921819804654 -0.0026142557064163857 0.9999901904694782 0.0036601586522972407 0.002749822122211752 -0.003652845735768101 0.9999896712205606 -0.17251342927461621 -0.17379492769050842 -0.40904378676798103
FixedParameters: 0 0 0
#Transform 100
Transform: MatrixOffsetTransformBase_double_3_3
Parameters: 0.9999945976402334 0.002918570303688857 -0.0016985551445549093 -0.0029129347124473236 0.9999897135568393 0.003384748471993021 0.0017077240887835297 -0.0033792528168857944 0.9999930081005934 -0.14474990473124194 -0.08352456597908997 -0.43103729483263464
FixedParameters: 0 0 0
#Transform 101
Transform: MatrixOffsetTransformBase_double_3_3
Parameters: 0.999992514028636 0.0028244875036111897 -0.002551237212228558 -0.002814501267674831 0.9999882591156575 0.003903090653375685 0.0025620044098763235 -0.0038959064422784823 0.999988842498101 -0.14823879157735576 -0.11985953630176027 -0.3926933196304958
FixedParameters: 0 0 0
#Transform 102
Transform: MatrixOffsetTransformBase_double_3_3
Parameters: 0.9999955717753145 0.002758551498450767 -0.0013480634402780016 -0.0027542786196823412 0.9999909929524788 0.00332642959087949 0.0013577517089939548 -0.003323570803162104 0.9999934674587009 -0.1429335734922006 -0.05704819165126196 -0.4168269146423853
FixedParameters: 0 0 0
#Transform 103
Transform: MatrixOffsetTransformBase_double_3_3
Parameters: 0.9999915941109453 0.002778710607523567 -0.003112224655379393 -0.002766024151229584 0.9999879723787731 0.003954702107224858 0.0031230709809109973 -0.003946294587303487 0.9999874085872146 -0.2003037717424263 -0.11041684609322999 -0.38698750808980265
FixedParameters: 0 0 0
#Transform 104
Transform: MatrixOffsetTransformBase_double_3_3
Parameters: 0.9999903143193775 0.003263456412604885 -0.0030059998422395833 -0.003252921764895646 0.9999878156408935 0.0035857083028818376 0.003017195024064909 -0.00357528923233158 0.9999888585188613 -0.18705044273330884 -0.02455741011318935 -0.3709969656279384
FixedParameters: 0 0 0
#Transform 105
Transform: MatrixOffsetTransformBase_double_3_3
Parameters: 0.9999918222507391 0.0029301782380412936 -0.002930823280924395 -0.002920340650502239 0.9999893500068635 0.0035305612943404285 0.0029413087406500228 -0.003521439565299961 0.9999896067047889 -0.14231215010954656 -0.0023936724976181267 -0.33130137753339284
FixedParameters: 0 0 0
#Transform 106
Transform: MatrixOffsetTransformBase_double_3_3
Parameters: 0.9999959388269037 0.0024945148416168177 -0.0013563523257402582 -0.002489247037912872 0.9999898308985361 0.003703249030391223 0.001365161204674226 -0.003699753674915429 0.9999927055650513 -0.09285453306540603 0.003567251304005481 -0.3268906314760045
FixedParameters: 0 0 0
#Transform 107
Transform: MatrixOffsetTransformBase_double_3_3
Parameters: 0.9999957497009492 0.0026041943551010113 -0.0012114763497118855 -0.0025999837971077636 0.9999902190348838 0.0037078591105486336 0.0012211271207030617 -0.003705142248581497 0.9999920542259084 -0.1063216973439296 -0.01315501999881974 -0.3299305211109953
FixedParameters: 0 0 0
#Transform 108
Transform: MatrixOffsetTransformBase_double_3_3
Parameters: 0.9999931589062602 0.003083057151962668 -0.0020824198525069364 -0.003075500852568225 0.9999891351369748 0.0034612174495692177 0.002093241830145916 -0.003453782170682748 0.9999921150045088 -0.1333984308323437 -0.028049094353193027 -0.32347409300292895
FixedParameters: 0 0 0
#Transform 109
Transform: MatrixOffsetTransformBase_double_3_3
Parameters: 0.9999944393720518 0.0030260127125326763 -0.001550412302710965 -0.003020337491987246 0.9999885116760729 0.0037434054483598267 0.0015614818874999906 -0.003738597184155701 0.9999919373452864 -0.10535234076252209 -0.03956196635280662 -0.33373729411250963
FixedParameters: 0 0 0
#Transform 110
Transform: MatrixOffsetTransformBase_double_3_3
Parameters: 0.9999937138157571 0.0031181001145955734 -0.001602130013757997 -0.0031113969045102573 0.9999886757912302 0.0036326312588709775 0.0016131144448334066 -0.003628366005729272 0.9999916768065863 -0.13726188920867344 -0.0836502741430678 -0.3121717716324923
FixedParameters: 0 0 0
#Transform 111
Transform: MatrixOffsetTransformBase_double_3_3
Parameters: 0.9999950684405577 0.0024220724508026838 -0.0020163513191049833 -0.0024173235163363455 0.9999945837165218 0.0022877486363782756 0.002021757310739774 -0.0022822505333016663 0.9999950422366713 -0.15493783922319437 0.016579532646829875 -0.3680724523047445
FixedParameters: 0 0 0
#Transform 112
Transform: MatrixOffsetTransformBase_double_3_3
Parameters: 0.9999922377921242 0.003124284053264956 -0.0024494266700282596 -0.0031153165873329747 0.9999877018405801 0.003873463837504698 0.0024613521544790203 -0.0038655390585917715 0.9999895896497669 -0.15306168528012165 -0.046929414068785036 -0.34047485027802793
FixedParameters: 0 0 0
#Transform 113
Transform: MatrixOffsetTransformBase_double_3_3
Parameters: 0.9999922156828618 0.002163078071628378 -0.003332390433610395 -0.0021548904650728075 0.9999945480010509 0.002500410681580356 0.0033378459879580425 -0.002492589016212049 0.9999912025896499 -0.18048892608743472 0.0474715154958858 -0.4024434590345578
FixedParameters: 0 0 0
#Transform 114
Transform: MatrixOffsetTransformBase_double_3_3
