#Insight Transform File V1.0
#Transform 0
Transform: MatrixOffsetTransformBase_double_3_3
Parameters: 0.9999992637663919 0.0010248879217524072 0.0008280541765431284 -0.0010220026791427541 0.9999914908492727 -0.003942854787948646 -0.000831809770334014 0.0039421425743760286 0.9999916861808033 0.0666657103805477 -0.14224125796110343 -0.5398839699851692
FixedParameters: 0 0 0
#Transform 1
Transform: MatrixOffsetTransformBase_double_3_3
Parameters: 0.9999997306636605 0.000509549434268675 -0.0000981838962965175 -0.0005098844157072577 0.9999971776893345 -0.002135948735929191 0.00009700302052689844 0.0021360482264676517 0.9999974279780256 0.05402018361120042 -0.07927893223660476 -0.5769530953571405
FixedParameters: 0 0 0
#Transform 2
Transform: MatrixOffsetTransformBase_double_3_3
Parameters: 0.9999997336620752 0.0005134532299857264 -0.000051824783945861586 -0.0005136030038784797 0.9999953726599982 -0.00305997532976586 0.000050675260541063427 0.0030600279668629438 0.9999956337470214 0.029774200634108183 -0.12288445551574512 -0.6152008522521584
FixedParameters: 0 0 0
#Transform 3
Transform: MatrixOffsetTransformBase_double_3_3
Parameters: 0.999999279344723 0.0011014778822111097 -0.0007122638227416435 -0.001102305804700645 0.9999988275083136 -0.001396297994480905 0.0007110964711187364 0.0013977030592081247 0.999998548613745 0.00299663675231443 -0.14271860236455325 -0.6394921240530493
FixedParameters: 0 0 0
#Transform 4
Transform: MatrixOffsetTransformBase_double_3_3
Parameters: 0.999998619516737 0.0013507456918262007 -0.0007457292693613465 -0.0013512194109533526 0.9999988841536824 -0.0010960692759481167 0.0007446778978743525 0.0010969328929798378 0.9999993307341984 -0.008321758208822416 -0.1477761972424787 -0.6131118980645169
FixedParameters: 0 0 0
#Transform 5
Transform: MatrixOffsetTransformBase_double_3_3
Parameters: 0.9999988330032762 0.0012727774247240557 -0.000739661249681326 -0.0012737114449363715 0.9999982811614553 -0.0014171342377638507 0.0007379629348987517 0.0014178657184118065 0.999998533225247 -0.01449308522664694 -0.12176159950108456 -0.6092840421029564
FixedParameters: 0 0 0
#Transform 6
Transform: MatrixOffsetTransformBase_double_3_3
Parameters: 0.9999980916410497 0.0018416174687798923 -0.0007194188721580498 -0.0018420495002626725 0.9999972904929183 -0.0011077517057257041 0.0007172468584827344 0.0011092479102507852 0.9999993436011191 -0.016691277752869382 -0.1195390730025565 -0.6179554183431861
FixedParameters: 0 0 0
#Transform 7
Transform: MatrixOffsetTransformBase_double_3_3
Parameters: 0.9999987830123094 0.001663830143722669 -0.0006703061315098977 -0.001664792498994735 0.9999976148148949 -0.0015870430402053909 0.0006669332745370472 0.0015879554013546876 0.9999981278802442 -0.013514220234156937 -0.12345884346936487 -0.5974611196240573
FixedParameters: 0 0 0
#Transform 8
Transform: MatrixOffsetTransformBase_double_3_3
Parameters: 0.9999982791995327 0.0009363089114746755 0.001358064496577457 -0.0009384164172937922 0.9999980178453463 0.0014798017136538888 -0.0013564494760259374 -0.001481196304890603 0.9999978775913241 0.09663141308040224 -0.0010310593733038331 -0.4774546492793519
FixedParameters: 0 0 0
#Transform 9
Transform: MatrixOffsetTransformBase_double_3_3
Parameters: 0.9999992203934728 0.0007817213778680907 0.0010810928194889063 -0.0007845262491748122 0.9999977006992258 0.00218314783098196 -0.0010788334258873692 -0.0021838527520154777 0.9999969843330195 0.09318855679994442 0.04462198653266114 -0.457086625868655
FixedParameters: 0 0 0
#Transform 10
Transform: MatrixOffsetTransformBase_double_3_3
Parameters: 0.9999984507496916 0.0016931247594156372 0.0008258202442145226 -0.0016952972039307537 0.9999958620047213 0.0023285085674745326 -0.0008220790204044463 -0.0023294906439516455 0.999996740240548 0.061473203933459786 -0.051998862231201315 -0.41757621217384155
FixedParameters: 0 0 0
#Transform 11
Transform: MatrixOffsetTransformBase_double_3_3
Parameters: 0.9999985189771361 0.0014246737703891062 0.000672668582151637 -0.0014249522474185387 0.9999975815222891 0.0015689539435022187 -0.0006703532402486201 -0.00157004425516509 0.9999980107913482 0.06759409166961916 0.03530914796725426 -0.4485953108893739
FixedParameters: 0 0 0
#Transform 12
Transform: MatrixOffsetTransformBase_double_3_3
Parameters: 0.9999982675760954 0.0015716152138611273 0.0005125370664809671 -0.001571849841523829 0.9999985177959025 0.0010421079856289955 -0.0005113352123335029 -0.0010428939942731946 0.9999995761635696 0.045463191847304074 0.015732414018827967 -0.4428682397713857
FixedParameters: 0 0 0
#Transform 13
Transform: MatrixOffsetTransformBase_double_3_3
Parameters: 0.9999992555354645 0.0006682118638044986 0.0005458755128715827 -0.0006686883503076707 0.9999989275483747 0.0012746354563878542 -0.0005452495393731809 -0.0012753648198804701 0.9999990767347419 0.0542729382983822 -0.025119088056655414 -0.42006710116477564
FixedParameters: 0 0 0
#Transform 14
Transform: MatrixOffsetTransformBase_double_3_3
Parameters: 0.9999994997994367 0.0009442607097915782 0.0007801110660255312 -0.0009457855779197573 0.9999992311318368 0.0009782564884988215 -0.0007782616545112395 -0.0009787426158536228 0.9999993537428115 0.08868151376937305 0.003764798990985696 -0.44904622682561524
FixedParameters: 0 0 0
#Transform 15
Transform: MatrixOffsetTransformBase_double_3_3
Parameters: 0.9999971467346588 0.0015839953594315532 0.0018289690196242629 -0.0015861946767258893 0.9999984746707652 0.0011231646183758603 -0.0018265646484216026 -0.0011258359517673233 0.9999981430586027 0.10543971970967903 0.0014844825324047406 -0.42409254249572825
FixedParameters: 0 0 0
#Transform 16
Transform: MatrixOffsetTransformBase_double_3_3
Parameters: 0.9999988155446629 0.0011861189623340444 0.0013331251943551794 -0.0011872686875002453 0.999999073569349 0.0007734115914699996 -0.00133236557978494 -0.0007755881436401213 0.999998542273973 0.09314356420769343 0.002245347766603345 -0.44404121644342354
FixedParameters: 0 0 0
#Transform 17
Transform: MatrixOffsetTransformBase_double_3_3
Parameters: 0.9999978534077649 0.0012904238986853767 0.0015749150658051715 -0.001292280368405004 0.9999980507117897 0.0011690416215799776 -0.001574049156691559 -0.0011719581529067297 0.99999806255253 0.10256121228161419 0.028917499590534135 -0.43236674902537686
FixedParameters: 0 0 0
#Transform 18
Transform: MatrixOffsetTransformBase_double_3_3
Parameters: 0.9999980183087666 0.0013477196248394513 0.0010795413405076983 -0.001349111057724616 0.9999982023382962 0.0010685310652897434 -0.0010777370017374384 -0.0010694668336289487 0.999998530448454 0.0892778249601065 0.010496009657842365 -0.4384182924213036
FixedParameters: 0 0 0
#Transform 19
Transform: MatrixOffsetTransformBase_double_3_3
Parameters: 0.9999976148077853 0.001265406644718978 0.0016683693902078479 -0.0012626933470275088 0.9999986539858347 -0.0013860426737042908 -0.0016707103004461594 0.0013839583738212008 0.9999981243648146 0.09406838469278966 -0.0716877205831139 -0.526047030672899
FixedParameters: 0 0 0
#Transform 20
Transform: MatrixOffsetTransformBase_double_3_3
Parameters: 0.9999992991173219 0.0012577979450540823 0.0003453612978672084 -0.0012572995332039488 0.9999991305134373 -0.0006025229833004769 -0.00034588000676046774 0.0006024769597137158 0.9999994425912078 0.039191866846508105 -0.07367783883454138 -0.54715384028502
FixedParameters: 0 0 0
#Transform 21
Transform: MatrixOffsetTransformBase_double_3_3
Parameters: 0.9999983902455571 0.0015780627626575147 0.0010579075996621076 -0.0015770599772695394 0.999998766315864 -0.0009067587364329499 -0.0010596859898993598 0.000904241344406545 0.9999989840678034 0.06256079936271419 -0.05450669719631662 -0.5727643808569809
FixedParameters: 0 0 0
#Transform 22
Transform: MatrixOffsetTransformBase_double_3_3
Parameters: 0.9999991073311113 0.0012705517354373525 0.0005276412446865473 -0.0012696323540478229 0.9999976412104741 -0.0016576719893565267 -0.0005297751221584104 0.0016563289712465262 0.9999989748151697 0.036039773023816224 -0.07501683663487313 -0.5723244360742683
FixedParameters: 0 0 0
#Transform 23
Transform: MatrixOffsetTransformBase_double_3_3
Parameters: 0.9999991168153998 0.0013612966852295314 -0.00017284923404113506 -0.001361733301680133 0.9999971874097366 -0.001987848371320877 0.00017042575558789283 0.001988152420389744 0.9999980251045648 0.017897978020116057 -0.07644909869149785 -0.5875406203632849
FixedParameters: 0 0 0
#Transform 24
Transform: MatrixOffsetTransformBase_double_3_3
Parameters: 0.9999982730181416 0.0015832158200961965 -0.0004701182137548087 -0.001583603921588634 0.9999974619673203 -0.0017383406167659626 0.00046751907822622916 0.0017396619578800704 0.999998762795883 0.011738321048468947 -0.05779409041646488 -0.5960704302662663
FixedParameters: 0 0 0
#Transform 25
Transform: MatrixOffsetTransformBase_double_3_3
Parameters: 0.9999984327223541 0.0018228233907792819 -0.000495054518388526 -0.0018236388428408859 0.999995953485746 -0.0021692633256678445 0.0004910462929619926 0.0021707345676855866 0.9999970614220254 0.011917589956723873 -0.10552907522566102 -0.5885942838660299
FixedParameters: 0 0 0
#Transform 26
Transform: MatrixOffsetTransformBase_double_3_3
Parameters: 0.9999989691954689 0.0017126178627465925 -0.00031431254438885905 -0.001712709196475922 0.9999959185870144 -0.002265626960069919 0.0003104553531261912 0.002266370326573522 0.9999967810817914 0.011977546589193366 -0.07134464547007724 -0.59083639724102
FixedParameters: 0 0 0
#Transform 27
Transform: MatrixOffsetTransformBase_double_3_3
Parameters: 0.9999984283065732 0.0015719722921947992 -0.0003162944209188083 -0.001573078746230563 0.9999968074093701 -0.002150662013696028 0.0003125208894902614 0.002150337619795384 0.999997371581302 0.02355716443000233 -0.07876084229251035 -0.584518154600957
FixedParameters: 0 0 0
#Transform 28
Transform: MatrixOffsetTransformBase_double_3_3
Parameters: 0.9999990801729713 0.0013816976239941312 0.00010573179032001109 -0.0013811561917592599 0.9999980637184329 -0.0017612377500452608 -0.00010860528922512701 0.001761764905935756 0.9999988106782531 0.017354259085621493 -0.08400059487905764 -0.5881759324185794
FixedParameters: 0 0 0
#Transform 29
Transform: MatrixOffsetTransformBase_double_3_3
Parameters: 0.9999995660334999 0.0011900412219940904 -0.0001330414687562616 -0.0011903368509946798 0.9999975456519887 -0.0017409232445374373 0.0001308905027072631 0.001741074048160901 0.9999979582176982 0.022938097094723275 -0.08331013885567984 -0.5946888398185877
FixedParameters: 0 0 0
#Transform 30
Transform: MatrixOffsetTransformBase_double_3_3
Parameters: 0.9999995277831721 0.00117606982043323 -0.0002994474383817354 -0.0011758638220739671 0.9999976036288943 -0.001733729541592982 0.00029827715693863137 0.001734269120322332 0.999997910638146 0.02177777968157102 -0.07065027255869438 -0.5971026224894445
FixedParameters: 0 0 0
#Transform 31
Transform: MatrixOffsetTransformBase_double_3_3
Parameters: 0.9999982991176531 0.0013760360133707051 -0.0008984276817825903 -0.0013782504012057651 0.9999956284787713 -0.00252775908878905 0.0008952861233877637 0.0025292427237887383 0.9999968839809199 0.03749759070997527 0.009180963573854228 -0.586819520574835
FixedParameters: 0 0 0
#Transform 32
Transform: MatrixOffsetTransformBase_double_3_3
Parameters: 0.999998825673676 0.0011200363655396906 -0.0009589827222771271 -0.001122576655658495 0.9999964267603098 -0.002495000344183318 0.0009562123066357695 0.002495997972140007 0.9999959438511646 0.030329592906824132 -0.11250656703481354 -0.5403309728062737
FixedParameters: 0 0 0
#Transform 33
Transform: MatrixOffsetTransformBase_double_3_3
Parameters: 0.9999987184326539 0.0014607862132762564 -0.0003851895611553353 -0.0014611932021112942 0.9999971457558393 -0.002150596733419524 0.0003818138080526482 0.0021504040939059194 0.9999973233591898 0.021919076809126636 -0.1526368431154026 -0.5616357397983336
FixedParameters: 0 0 0
#Transform 34
Transform: MatrixOffsetTransformBase_double_3_3
Parameters: 0.9999989104460492 0.0010213948048594997 -0.00021667399840744807 -0.0010210919741268144 0.9999972153637101 -0.0021758609952420016 0.00021513751490423555 0.002176138654373938 0.9999972251171756 0.04724239896826532 -0.09004817398540865 -0.5873386816056865
FixedParameters: 0 0 0
#Transform 35
Transform: MatrixOffsetTransformBase_double_3_3
Parameters: 0.999999257532867 0.0012971786350207974 -0.00024397218178273116 -0.0012977047555873375 0.9999982963664474 -0.0014187664586456233 0.0002422833143390654 0.0014192340217417526 0.999998934039973 0.032937183931537106 -0.1163329801662627 -0.5810989984594102
FixedParameters: 0 0 0
#Transform 36
Transform: MatrixOffsetTransformBase_double_3_3
Parameters: 0.999998950265632 0.0014192005278313303 -0.0001881371031660038 -0.00141979368645697 0.9999969157971843 -0.002249818906221737 0.00018473926552671353 0.002250184878677508 0.9999979094423497 0.028577093118641983 -0.06225472328218018 -0.5950486665346091
FixedParameters: 0 0 0
#Transform 37
Transform: MatrixOffsetTransformBase_double_3_3
Parameters: 0.9999982824579123 0.001514849885216632 -0.0006502042578641912 -0.00151600884480777 0.9999971907358933 -0.001850092148502111 0.0006475036180114664 0.0018509088383324018 0.9999982430090917 0.007530912180186533 -0.09968729311425761 -0.5984174430035836
FixedParameters: 0 0 0
#Transform 38
Transform: MatrixOffsetTransformBase_double_3_3
Parameters: 0.9999984341581046 0.0015419397955593495 -0.00043214517132649996 -0.0015439096344679979 0.9999948885190206 -0.002764411508421577 0.0004285975068803933 0.0027645896757650806 0.9999962606763801 0.04346194508423196 -0.014379328476664455 -0.623997616319329
FixedParameters: 0 0 0
#Transform 39
Transform: MatrixOffsetTransformBase_double_3_3
Parameters: 0.9999995764881838 0.00063510498392266 0.00014113160865593277 -0.0006353443178763365 0.9999971948817422 -0.002098088824513067 -0.00014172179985846685 0.0020979091492845103 0.9999975783922388 0.049591404798547956 -0.0801375463778129 -0.606082928162067
FixedParameters: 0 0 0
#Transform 40
Transform: MatrixOffsetTransformBase_double_3_3
Parameters: 0.9999984888030996 0.001484603018821035 -0.000554038695131558 -0.00148583530430829 0.9999963534470284 -0.002313255550359647 0.0005510711832803659 0.002313746985269649 0.9999974307647346 0.02876522470667453 -0.016851894750175234 -0.6291365056585647
FixedParameters: 0 0 0
#Transform 41
Transform: MatrixOffsetTransformBase_double_3_3
Parameters: 0.9999988641047659 0.0016995689354606168 0.0004976117005172575 -0.001698627792575571 0.9999973132846092 -0.0016959372373689663 -0.0005003015001318388 0.0016950649296208625 0.9999988013673263 0.043613442703261285 -0.10109522648384939 -0.6043433798873252
FixedParameters: 0 0 0
#Transform 42
Transform: MatrixOffsetTransformBase_double_3_3
Parameters: 0.9999983566151984 0.0016249037814594742 -0.00005746351347422671 -0.0016248730189303028 0.9999966435358534 -0.0019259907774570317 0.00005419434459172045 0.001926008883298469 0.9999982941161699 0.03449522483830947 -0.0684207210520924 -0.6159153226125227
FixedParameters: 0 0 0
#Transform 43
Transform: MatrixOffsetTransformBase_double_3_3
Parameters: 0.9999990300283409 0.0013847708437221408 -0.00022837280383062133 -0.0013853019034873633 0.999997737114789 -0.001528766309805099 0.0002261306337063456 0.001529232488897428 0.9999986172284177 0.038133973414844036 -0.12242668902540288 -0.6169249194836084
FixedParameters: 0 0 0
#Transform 44
Transform: MatrixOffsetTransformBase_double_3_3
Parameters: 0.9999992552681766 0.0011572797730045549 0.0006364475574668554 -0.0011560301749870283 0.9999978656941834 -0.0016967443696790513 -0.0006392935171862588 0.0016962553479993592 0.9999986333434108 0.06635239241703061 -0.062404765441883114 -0.6015373758433782
FixedParameters: 0 0 0
#Transform 45
Transform: MatrixOffsetTransformBase_double_3_3
Parameters: 0.9999984087645054 0.0010414601663876722 -0.0012269735210099371 -0.001044626906586502 0.9999969705660141 -0.0022037140684359885 0.0012252007692156246 0.002205285226817816 0.9999967185414079 0.024036715780070494 -0.06550737847210542 -0.5816801911128948
FixedParameters: 0 0 0
#Transform 46
Transform: MatrixOffsetTransformBase_double_3_3
Parameters: 1.000000011112817 0.0009193471917512319 0.0003796599260203055 -0.0009190193633527223 0.9999990501260401 -0.0003243488807892908 -0.0003792589190973618 0.0003236512953875281 0.9999997510347087 0.06543956426934017 -0.09333943999230598 -0.561173606488012
FixedParameters: 0 0 0
#Transform 47
Transform: MatrixOffsetTransformBase_double_3_3
Parameters: 0.9999988203116286 0.0014375219594250262 0.0003371522732201337 -0.0014373473861895515 0.999998989823186 -0.00013757311690368312 -0.00033655093105096736 0.0001374279584828303 0.999999792675844 0.04684594812221121 -0.021326789917750943 -0.5691062089181287
FixedParameters: 0 0 0
#Transform 48
Transform: MatrixOffsetTransformBase_double_3_3
Parameters: 0.9999994153395858 0.0012076397861391357 0.00035496137959169173 -0.00120769812239563 0.9999983534333242 -0.0010904295713519835 -0.0003555188860095306 0.0010895715460290945 0.9999996857036675 0.031478805999114456 -0.07125927157652256 -0.5631565925649795
FixedParameters: 0 0 0
#Transform 49
Transform: MatrixOffsetTransformBase_double_3_3
Parameters: 0.9999987158775541 0.0014748831392577628 0.00033196092323600193 -0.0014735732882267497 0.9999973463931229 -0.0015985782570159257 -0.0003336841230908188 0.0015984201886555666 0.9999982590765176 0.019565923859246936 -0.0283564048520617 -0.5805776392861617
FixedParameters: 0 0 0
#Transform 50
Transform: MatrixOffsetTransformBase_double_3_3
Parameters: 0.9999993610368618 0.0012750511280040645 0.00011683103836480296 -0.0012746858935813983 0.9999986266741298 -0.0008612308086518722 -0.00011703308804816213 0.0008607693364985486 0.9999992517199146 0.006030669307264702 -0.04347926823287196 -0.5475145338342458
FixedParameters: 0 0 0
#Transform 51
Transform: MatrixOffsetTransformBase_double_3_3
Parameters: 0.9999989110358692 0.0016416741714923642 -0.0006283289876558913 -0.001642757084337085 0.9999944668517917 -0.002783046241856199 0.0006240060614538083 0.00278395295136713 0.9999959483997385 0.001045376906276374 0.012397014864220068 -0.5632082914492713
FixedParameters: 0 0 0
#Transform 52
Transform: MatrixOffsetTransformBase_double_3_3
Parameters: 0.9999992802365771 0.0013004151184827957 -0.00016882543882415306 -0.001300861305137745 0.9999970415215198 -0.0020638635714413933 0.0001664463100041457 0.0020641363136744417 0.9999977185105577 0.028156355833075963 -0.08753554431388011 -0.5555199262783077
FixedParameters: 0 0 0
#Transform 53
Transform: MatrixOffsetTransformBase_double_3_3
Parameters: 0.9999995217445459 0.001177416046689262 0.0003026491913342164 -0.001177247994558624 0.9999979712829837 -0.0016484451356321844 -0.00030445564393467243 0.0016485536177840154 0.9999981153536868 0.04456223888733746 -0.1274475388393057 -0.5710965577626723
FixedParameters: 0 0 0
#Transform 54
Transform: MatrixOffsetTransformBase_double_3_3
Parameters: 0.9999984044642196 0.0014221352292001167 -0.0007577039956819956 -0.0014236009942084156 0.9999958771998332 -0.002450998706935145 0.0007535536925041367 0.0024519991347865533 0.9999965075392844 0.016802961959541562 -0.07888114157950099 -0.5869887844890371
FixedParameters: 0 0 0
#Transform 55
Transform: MatrixOffsetTransformBase_double_3_3
Parameters: 0.9999990631594713 0.0009351848139554598 -0.00025075455254615055 -0.0009352202529296856 0.9999963797758943 -0.00239676609866403 0.0002481825186846749 0.002397232706627825 0.9999971921491562 0.012502935132602033 -0.1054426527632728 -0.5867193083168445
FixedParameters: 0 0 0
#Transform 56
Transform: MatrixOffsetTransformBase_double_3_3
Parameters: 0.9999989757738365 0.0007383884058290491 -0.0012161021271303513 -0.0007414437013354119 0.9999953798308998 -0.002998094639632992 0.0012143269987452906 0.002998906384893446 0.9999946138858941 -0.03553799647532685 -0.09848248503658397 -0.5541517743032358
FixedParameters: 0 0 0
#Transform 57
Transform: MatrixOffsetTransformBase_double_3_3
Parameters: 0.9999990051064173 0.0012791311471278689 -0.0005988060576937259 -0.0012805786935288167 0.9999962110435299 -0.002251228562932306 0.0005959508341225106 0.002251771109179873 0.9999976555415705 -0.03472153692526092 -0.08098172945094007 -0.5659051527066481
FixedParameters: 0 0 0
#Transform 58
Transform: MatrixOffsetTransformBase_double_3_3
Parameters: 0.9999995389996672 0.0011349806715040206 -0.0004145641075757348 -0.0011369822362977166 0.9999953056865946 -0.0027205302697105027 0.0004113719949230825 0.002721468521736492 0.9999964256017468 -0.013500419589774992 -0.08580938112628189 -0.5751264958001912
FixedParameters: 0 0 0
#Transform 59
Transform: MatrixOffsetTransformBase_double_3_3
Parameters: 0.999999072005272 0.0009260229216818214 -0.0002647681274017379 -0.0009269765146610838 0.9999976489523005 -0.002117837317645241 0.0002628367440486297 0.0021181628189678864 0.9999974511925032 -0.010406732959893361 -0.07682819977239319 -0.5785152817111481
FixedParameters: 0 0 0
#Transform 60
Transform: MatrixOffsetTransformBase_double_3_3
Parameters: 0.9999997171517423 0.0010972976493250017 -0.0002796856655345091 -0.001098464967273682 0.9999963464844883 -0.002537775855481386 0.00027710272404293855 0.002538223818950594 0.9999964877551766 -0.018968768930577085 -0.10990880464662212 -0.5670342481276265
FixedParameters: 0 0 0
#Transform 61
Transform: MatrixOffsetTransformBase_double_3_3
Parameters: 0.9999989335407279 0.0010477763284217941 -0.000984089017642468 -0.0010513063103111842 0.9999936680321149 -0.003484965159213496 0.0009805133719542954 0.003486040525510395 0.9999939679823114 -0.0359544213412164 -0.08815798166905608 -0.5230729908037972
FixedParameters: 0 0 0
#Transform 62
Transform: MatrixOffsetTransformBase_double_3_3
Parameters: 0.9999980996278559 0.0015643467490189724 -0.0006735835749070573 -0.001566213451934892 0.9999933395407462 -0.003181022765179356 0.0006684429738594139 0.003181973522636744 0.9999945161484954 -0.027759702865921554 -0.13218669433776142 -0.5380405153078129
FixedParameters: 0 0 0
#Transform 63
Transform: MatrixOffsetTransformBase_double_3_3
Parameters: 0.9999978081225119 0.0020121799830724765 -0.001068842332575581 -0.002016900580480689 0.9999877480575591 -0.0044730030195904436 0.0010604547456334295 0.0044749928032054576 0.9999890264793966 -0.023863066482519457 -0.08318573334956625 -0.5430444774741545
FixedParameters: 0 0 0
#Transform 64
Transform: MatrixOffsetTransformBase_double_3_3
Parameters: 0.9999995283387361 0.0011742798549884642 -0.0003051221582956983 -0.0011749224459941345 0.9999940965153896 -0.0032427247339145565 0.0003014082862976001 0.003243273841116237 0.9999943976669634 0.0025728341130815124 -0.1387439181153951 -0.5317885174258663
FixedParameters: 0 0 0
#Transform 65
Transform: MatrixOffsetTransformBase_double_3_3
Parameters: 0.9999989257185387 0.0009952300626254853 -0.0002887703499671883 -0.0009963409403682298 0.9999970071546505 -0.0022167874280657057 0.0002863493014057522 0.002216210227853996 0.9999970928101298 -0.0028348384890790612 -0.09270226847823437 -0.5851366782984684
FixedParameters: 0 0 0
#Transform 66
Transform: MatrixOffsetTransformBase_double_3_3
Parameters: 0.9999985619040193 0.0011907965913705483 -0.0010094612728913325 -0.001194021099365 0.9999959245100595 -0.0027498735761741916 0.0010067244899811573 0.002751127802309433 0.9999955068519982 -0.01231928531761639 -0.10690547365707914 -0.5482703743276574
FixedParameters: 0 0 0
#Transform 67
Transform: MatrixOffsetTransformBase_double_3_3
Parameters: 0.9999984383085748 0.0015909436395884291 -0.00017419141345438263 -0.0015915797500145221 0.9999937025727189 -0.0032788901786340308 0.0001697357125529082 0.0032791108069874786 0.9999942319792348 -0.0075109352804929586 -0.07375569646652025 -0.5458160294413403
FixedParameters: 0 0 0
#Transform 68
Transform: MatrixOffsetTransformBase_double_3_3
Parameters: 0.9999980848630189 0.0013486866108584584 -0.0014480048889592835 -0.0013535025436576323 0.9999940382113253 -0.0031570330932119 0.0014431301393430108 0.003158966161322635 0.9999941006568144 -0.04914041129940472 -0.12142787381682751 -0.5515871742045562
FixedParameters: 0 0 0
#Transform 69
Transform: MatrixOffsetTransformBase_double_3_3
Parameters: 0.999997972972688 0.0014673421319247252 -0.0013685002390724822 -0.001472683114621428 0.999992752122939 -0.003593060352598959 0.0013635858181912691 0.003594940100517044 0.9999923870668307 -0.0450872634859536 -0.08217193791301725 -0.5450435354948553
FixedParameters: 0 0 0
#Transform 70
Transform: MatrixOffsetTransformBase_double_3_3
Parameters: 0.9999975903288948 0.0016237935531569724 -0.0013320895660189425 -0.00162839570699536 0.9999918064244642 -0.0037909090011625096 0.0013253273329720463 0.0037930937630198253 0.9999920252309311 -0.035031487967316366 -0.10673455649900632 -0.5289269680224322
FixedParameters: 0 0 0
#Transform 71
Transform: MatrixOffsetTransformBase_double_3_3
Parameters: 0.9999986167356798 0.0014732569937396442 -0.0011018822513305172 -0.0014765519216283877 0.9999924182708958 -0.003498365732674355 0.0010962162596024358 0.0034996345843892745 0.999993712366315 -0.03336884555089625 -0.12677149325280368 -0.5420955329986299
FixedParameters: 0 0 0
#Transform 72
Transform: MatrixOffsetTransformBase_double_3_3
Parameters: 0.9999979034507469 0.0018081516760170805 -0.0009088371627428087 -0.0018127339473348123 0.999987551895159 -0.004590436272974757 0.0009009356847369931 0.004592562888368082 0.9999891875497391 -0.04176823532922924 -0.13874570597673141 -0.502851298672951
FixedParameters: 0 0 0
#Transform 73
Transform: MatrixOffsetTransformBase_double_3_3
Parameters: 0.9999981111795992 0.001631098347757252 -0.0004774581806295824 -0.0016331433659851223 0.9999913758366367 -0.0037242993917766393 0.00047119834441497504 0.0037246978241919637 0.9999929914365809 -0.0005933562034101669 -0.09328465491525151 -0.5524133887847995
FixedParameters: 0 0 0
#Transform 74
Transform: MatrixOffsetTransformBase_double_3_3
Parameters: 0.9999979075990835 0.0014577733268377041 -0.0009840146805760112 -0.0014612923876225294 0.9999901701544744 -0.004075560984367191 0.0009777671131800884 0.004077437713269752 0.9999915015817391 -0.0030338079369158777 -0.16058410274608548 -0.5316422153934752
FixedParameters: 0 0 0
#Transform 75
Transform: MatrixOffsetTransformBase_double_3_3
Parameters: 0.9999999354904341 0.00097580346759378 -0.00033512773304389626 -0.0009771724630379536 0.9999916162105008 -0.004042750132063594 0.0003311374074865029 0.004042250836293795 0.9999916355215019 0.021503941723935327 -0.08185798600982253 -0.4928228079886736
FixedParameters: 0 0 0
#Transform 76
Transform: MatrixOffsetTransformBase_double_3_3
Parameters: 0.9999988703778042 0.0012086373884837838 -0.0008187442497002276 -0.0012118709752967551 0.9999885584022007 -0.004678087936115613 0.0008120752573101586 0.0046789117563709876 0.9999885349897817 -0.005081974104001574 -0.13462865738868857 -0.49145024240056046
FixedParameters: 0 0 0
#Transform 77
Transform: MatrixOffsetTransformBase_double_3_3
Parameters: 0.9999985590726469 0.001254029440068723 -0.000932046160789545 -0.0012581682229370179 0.9999888272869341 -0.00463690920305293 0.0009260478425973782 0.004638093269206778 0.9999887187043315 -0.02768263755770306 -0.13117059439343848 -0.4687174607903586
FixedParameters: 0 0 0
#Transform 78
Transform: MatrixOffsetTransformBase_double_3_3
Parameters: 0.999999189874968 0.001295504928759088 -0.0003631115241265188 -0.001297224986064906 0.9999894509816627 -0.004342611225497173 0.00035675248588050657 0.004343381112692488 0.9999900154339803 -0.009639118200695407 -0.08228331166961311 -0.5331329756373435
FixedParameters: 0 0 0
#Transform 79
Transform: MatrixOffsetTransformBase_double_3_3
Parameters: 0.999998975602694 0.001692984313634106 -0.000397675778435341 -0.0016949000470900806 0.9999885165364556 -0.0044274138083753856 0.00038956866224162793 0.004428584038369585 0.9999902444858644 -0.032958380655429664 -0.12569373160263808 -0.5042374118467308
FixedParameters: 0 0 0
#Transform 80
Transform: MatrixOffsetTransformBase_double_3_3
Parameters: 0.9999982428454655 0.0016108422487493316 -0.0004016819111912574 -0.0016140283245714812 0.999978514056672 -0.006308434207682012 0.00039122202544032345 0.006308562834070844 0.9999801336162493 -0.01305187869414226 -0.07469481414592849 -0.4309643275649506
FixedParameters: 0 0 0
#Transform 81
Transform: MatrixOffsetTransformBase_double_3_3
Parameters: 0.9999991416488132 0.0011241066294094186 -0.000770878221706934 -0.0011286302356749087 0.9999854792704413 -0.0052121275735259875 0.0007648697527037756 0.005212870834243405 0.9999863216799451 0.0011240164117509721 -0.07864277799660613 -0.1952207025074273
FixedParameters: 0 0 0
#Transform 82
Transform: MatrixOffsetTransformBase_double_3_3
Parameters: 0.9999994672310453 0.001134425773289039 -0.0004950069161733545 -0.0011375460646383469 0.9999885678024811 -0.004597440852625312 0.0004894615748840779 0.004598559204730318 0.9999896159808546 -0.011444329258026187 -0.14234247230818653 -0.1890852057197634
FixedParameters: 0 0 0
#Transform 83
Transform: MatrixOffsetTransformBase_double_3_3
Parameters: 0.9999996167554444 0.0006135546864386646 0.00008118770119009245 -0.0006132521483419029 0.9999798576933718 -0.006306051263576015 -0.0000858521886829579 0.0063059488006970005 0.9999802269913607 -0.020217103169841266 -0.19663283077881033 -0.3651792447957547
FixedParameters: 0 0 0
#Transform 84
Transform: MatrixOffsetTransformBase_double_3_3
Parameters: 0.999998985891428 0.0009382191353101514 -0.0003657774024325303 -0.0009406619072108384 0.9999754240305075 -0.00690565804369335 0.0003596142801479184 0.006906339515024604 0.9999761750441577 -0.03927672988830011 -0.18672054141994465 -0.3682099083975885
FixedParameters: 0 0 0
#Transform 85
Transform: MatrixOffsetTransformBase_double_3_3
Parameters: 0.9999999696641076 0.0009988651058501273 -0.00018176765640197 -0.0009996056768709067 0.9999800135714136 -0.006243824622998204 0.00017518695919609183 0.006244181307828944 0.9999809802035675 -0.05392994959002806 -0.17230433485113394 -0.3683454867146594
FixedParameters: 0 0 0
#Transform 86
Transform: MatrixOffsetTransformBase_double_3_3
Parameters: 0.9999994058874462 0.0007301751183637172 -0.00024691997444109006 -0.0007316365528148925 0.9999840599157772 -0.005691904427049074 0.0002425038808155041 0.005692098827809314 0.9999835476909048 -0.04885568800592921 -0.1512565770031813 -0.3841401417705015
FixedParameters: 0 0 0
#Transform 87
Transform: MatrixOffsetTransformBase_double_3_3
Parameters: 0.9999995933667122 0.0006195989230779499 0.0001514538555202242 -0.0006186065569254452 0.9999851426096061 -0.0054361028189110205 -0.0001541169122466453 0.005436900211019752 0.9999853392337384 -0.03147326728883115 -0.10315080632938134 -0.4698303927495999
FixedParameters: 0 0 0
#Transform 88
Transform: MatrixOffsetTransformBase_double_3_3
Parameters: 1.0000000009121275 0.0009268286560751715 0.0003743185684200669 -0.0009242489086073582 0.9999768903027332 -0.006727350987834488 -0.00038054527025884176 0.006726652324797591 0.9999776044824892 -0.000815302980981869 -0.12469183855824895 -0.3528803632119235
FixedParameters: 0 0 0
#Transform 89
Transform: MatrixOffsetTransformBase_double_3_3
Parameters: 0.9999999524041269 0.00009342022606706262 0.00019767061221119466 -0.00009158412805247368 0.9999902866188258 -0.004439019413543299 -0.0001974952074258059 0.004438982860500346 0.9999902561386341 0.02595070453979531 -0.05341179191316314 -0.42543476167415406
FixedParameters: 0 0 0
#Transform 90
Transform: MatrixOffsetTransformBase_double_3_3
Parameters: 0.9999997493539513 0.00037861525764200897 -0.00032727866293886154 -0.0003793227864959103 0.999995705341232 -0.002854875424332881 0.00032702608474053285 0.0028551233860339975 0.9999957419319044 -0.03829748769572916 -0.034470516627010284 -0.1575516378597399
FixedParameters: 0 0 0
#Transform 91
Transform: MatrixOffsetTransformBase_double_3_3
Parameters: 0.9999994653341663 0.0010620031332071271 -0.0006378522624510282 -0.0010650400763012994 0.9999910790196741 -0.004216407455603033 0.0006327051459983408 0.004217595403698621 0.9999908199530398 -0.06616646015123706 -0.06528156786461636 -0.22232141193009625
FixedParameters: 0 0 0
#Transform 92
Transform: MatrixOffsetTransformBase_double_3_3
Parameters: 0.999999176086468 0.0010397483455921613 -0.0008615243120260231 -0.0010456087204983272 0.9999769607081235 -0.006698100034613616 0.000855118803459304 0.006698903389257327 0.999977474503389 -0.05248783041255933 -0.12870996389742118 -0.37268876044582555
FixedParameters: 0 0 0
#Transform 93
Transform: MatrixOffsetTransformBase_double_3_3
Parameters: 0.9999991548646835 0.0010761261327007588 -0.000829444356402597 -0.0010796595260988886 0.9999877499175676 -0.004796102533103377 0.000823759492909902 0.004796897948623341 0.9999883918345114 -0.055419258622890766 -0.128535830015565 -0.20774397039274106
FixedParameters: 0 0 0
#Transform 94
Transform: MatrixOffsetTransformBase_double_3_3
Parameters: 0.9999998755975328 0.000846241189206954 -0.0006390429569293651 -0.0008490517505571326 0.9999915760607393 -0.003962458586539042 0.0006351505149749205 0.003963538658184926 0.9999918886775547 -0.05719086438787713 -0.10137741926685351 -0.16471347846554352
FixedParameters: 0 0 0
#Transform 95
Transform: MatrixOffsetTransformBase_double_3_3
Parameters: 0.999999199822321 0.0008131646987710394 -0.00037257566442431677 -0.0008156830470806876 0.9999765366321212 -0.006761691285909241 0.0003673780345996183 0.006761307357211352 0.9999772263716686 -0.019871726322236327 -0.13919115652551284 -0.3944850576170609
FixedParameters: 0 0 0
#Transform 96
Transform: MatrixOffsetTransformBase_double_3_3
Parameters: 0.9999992561096368 0.0009515123510351193 -0.0009157781814469398 -0.0009562466251026914 0.9999837656763721 -0.005589121808257103 0.0009106848110628115 0.005589877474911631 0.9999840049014913 -0.014408256895933391 -0.09473089995992723 -0.36356562429089934
FixedParameters: 0 0 0
#Transform 97
Transform: MatrixOffsetTransformBase_double_3_3
Parameters: 0.9999990515457708 0.0008378626589848218 -0.000496027021605243 -0.0008396766625101229 0.9999947606934633 -0.0030875849306643 0.0004937547400192204 0.003088415132770389 0.999995219314012 -0.025781389990086723 -0.11920866204265224 -0.15931902332802395
FixedParameters: 0 0 0
#Transform 98
Transform: MatrixOffsetTransformBase_double_3_3
Parameters: 0.9999996105940085 0.0006963409068866245 -0.0009508184600517952 -0.0007007699654936266 0.9999892288112663 -0.004604330657445144 0.0009480442288429452 0.004604670552525905 0.9999889786971549 -0.038647356812148814 -0.06358558053867114 -0.18668107385219912
FixedParameters: 0 0 0
#Transform 99
Transform: MatrixOffsetTransformBase_double_3_3
Parameters: 0.9999997260744974 0.0007418420529165033 -0.0008506884449409239 -0.0007449818172179693 0.9999922768663925 -0.0037533592048772796 0.000847851729174192 0.00375363535306103 0.9999922715960079 -0.0689020010700574 -0.10024063150569873 -0.21212137920731777
FixedParameters: 0 0 0
#Transform 100
Transform: MatrixOffsetTransformBase_double_3_3
Parameters: 0.999998881650298 0.0013990714293114354 -0.0010771834605266123 -0.0014065974029486032 0.9999762724967896 -0.0066774807825288746 0.0010679217296865537 0.006678516901789069 0.9999774167372264 -0.0412610180549251 -0.06711625856021897 -0.36698960648108425
FixedParameters: 0 0 0
#Transform 101
Transform: MatrixOffsetTransformBase_double_3_3
Parameters: 0.9999994714144969 0.0012345952664766175 -0.00005831025170450068 -0.0012356342237520557 0.9999872419367815 -0.004819931648690587 0.000052465435471208796 0.004820068473022757 0.9999887643897328 -0.014541227626395425 -0.07669314562288321 -0.2194197682320862
FixedParameters: 0 0 0
#Transform 102
Transform: MatrixOffsetTransformBase_double_3_3
Parameters: 0.9999997745059175 0.0008225606021241797 -0.0007414454632124444 -0.000825872314342348 0.9999866183515702 -0.0051593880638917955 0.0007365991019604487 0.005159619727903672 0.9999869148632456 -0.04901144646790101 -0.12853175053876953 -0.4532287991223285
FixedParameters: 0 0 0
#Transform 103
Transform: MatrixOffsetTransformBase_double_3_3
Parameters: 0.9999989665446409 0.0012399762895415113 -0.0007044983736160223 -0.0012434832353881643 0.9999825958723613 -0.005811206042471692 0.0006977109722181219 0.005811797322360646 0.9999828229836549 -0.028743292649480168 -0.11315825691605141 -0.36373267499206463
FixedParameters: 0 0 0
#Transform 104
Transform: MatrixOffsetTransformBase_double_3_3
Parameters: 0.9999987804327034 0.0013834255774284468 -0.0005528525679617219 -0.0013870311216339173 0.9999763627261459 -0.006760323548449174 0.0005438418501788287 0.006761679413321148 0.9999769943492214 -0.0382096783198449 -0.160261912968366 -0.34860004316399795
FixedParameters: 0 0 0
#Transform 105
Transform: MatrixOffsetTransformBase_double_3_3
Parameters: 0.9999991995177941 0.0006430024688690282 -0.000622421136535667 -0.0006445050835011837 0.9999930398380832 -0.0038126822665997817 0.0006202559498687049 0.003813318921315492 0.9999920816260126 -0.07138065051869091 -0.1153176185238749 -0.18714950129441377
FixedParameters: 0 0 0
#Transform 106
Transform: MatrixOffsetTransformBase_double_3_3
Parameters: 0.9999985302221529 0.0010169035656426369 -0.0011977459657690854 -0.0010219477952338408 0.9999913041825436 -0.003945770927976475 0.0011943550404096193 0.0039472229371703554 0.9999910761990984 -0.07700028009861626 -0.057642416130249785 -0.1926800279613019
FixedParameters: 0 0 0
#Transform 107
Transform: MatrixOffsetTransformBase_double_3_3
Parameters: 0.999999409277363 0.0008841749834000312 -0.0008992651144752843 -0.0008887655821298099 0.9999870472584359 -0.005008198631471006 0.0008950407191382605 0.005008802668403686 0.9999871915333253 -0.07390478548933288 -0.12912512956395972 -0.1594282116146104
FixedParameters: 0 0 0
#Transform 108
Transform: MatrixOffsetTransformBase_double_3_3
Parameters: 0.9999992577382565 0.0007717041783140193 -0.00038245451706576223 -0.0007741196857110859 0.9999872648951725 -0.004912703257351131 0.00037876444855887024 0.00491329161801532 0.9999877174300488 -0.0366277141963991 -0.06281731605228913 -0.21086112543488866
FixedParameters: 0 0 0
#Transform 109
Transform: MatrixOffsetTransformBase_double_3_3
Parameters: 0.9999995286805792 0.0010191940942550707 -0.0006571132460129203 -0.0010234394619418655 0.9999812757979709 -0.005966323159906722 0.0006516564197036624 0.00596667326864965 0.9999820539997156 -0.05194056128200941 -0.12525284594536856 -0.23247878806246547
FixedParameters: 0 0 0
#Transform 110
Transform: MatrixOffsetTransformBase_double_3_3
Parameters: 0.9999991139866478 0.001119706896464082 -0.0007950594544305098 -0.0011240364592252756 0.9999841638026861 -0.005611189750858364 0.0007891172976686357 0.005611817109087772 0.9999839717558079 -0.014852828050251787 -0.054771565679203604 -0.20101661531042225
FixedParameters: 0 0 0
#Transform 111
Transform: MatrixOffsetTransformBase_double_3_3
Parameters: 0.99999993783184 0.0008772332786461195 -0.0005405073442708851 -0.0008804606541039373 0.9999857980910568 -0.00522952080096703 0.0005361347338033479 0.005229480439487011 0.9999864440053202 -0.02006341152566904 -0.06745492792340713 -0.2089023267158865
FixedParameters: 0 0 0
#Transform 112
Transform: MatrixOffsetTransformBase_double_3_3
Parameters: 0.9999992639485122 0.0010796645949282529 -0.0007553052105644542 -0.0010832653762103987 0.9999881214963188 -0.004650176822795629 0.000749983815856194 0.004650818178941529 0.9999888879225236 -0.03190718353320676 -0.027777914879791865 -0.170312834380411
FixedParameters: 0 0 0
#Transform 113
Transform: MatrixOffsetTransformBase_double_3_3
Parameters: 0.9999986181386239 0.0010458318995672771 -0.001134651997178194 -0.0010516722962492441 0.9999893834056403 -0.004519807077287413 0.0011298256057254716 0.004521195397101024 0.9999893646482222 -0.05453258874578637 -0.05051016484843274 -0.16681222871170576
FixedParameters: 0 0 0
#Transform 114
Transform: MatrixOffsetTransformBase_double_3_3
