#Insight Transform File V1.0
#Transform 0
Transform: MatrixOffsetTransformBase_double_3_3
Parameters: 0.9999999017791203 0.00023330322660033393 -0.00020926220548748425 -0.0002340421353235179 0.9999988160306283 -0.0017689525638775183 0.00020843546997935882 0.0017690501689260063 0.9999988270169433 -0.0452920739649727 -0.1345731087616997 -0.604308729636287
FixedParameters: 0 0 0
#Transform 1
Transform: MatrixOffsetTransformBase_double_3_3
Parameters: 0.9999994980153767 0.00016806545234082193 -0.000688449991239519 -0.00016929906427307377 0.9999982705744136 -0.0016207956751927849 0.00068782135286806 0.0016202045819377342 0.999998975396564 -0.05852686843098809 -0.14799742885632838 -0.6172123085707284
FixedParameters: 0 0 0
#Transform 2
Transform: MatrixOffsetTransformBase_double_3_3
Parameters: 0.999999997399004 -0.000004275075908338985 -0.000050820515502010814 0.0000040826390848679805 0.9999984165282473 -0.0018930009958997712 0.00005083633668956577 0.0018930005713004433 0.9999984139634507 -0.031318230399449476 -0.08739797026817087 -0.6040049478193623
FixedParameters: 0 0 0
#Transform 3
Transform: MatrixOffsetTransformBase_double_3_3
Parameters: 0.9999999836160246 0.00001068967356464812 0.00012755282125142983 -0.000010286553837594322 0.9999985034892491 -0.0015800005276774554 -0.000127585963727458 0.0015799978519228097 0.9999984873263265 -0.03446043264780485 -0.14751933576269494 -0.5883883384075972
FixedParameters: 0 0 0
#Transform 4
Transform: MatrixOffsetTransformBase_double_3_3
Parameters: 0.9999999939160088 0.000006513553592751652 0.00007772754106880172 -0.000006268835354042035 0.9999985224823412 -0.0015739997356247204 -0.00007774766057131122 0.0015739987421260204 0.9999985164811024 -0.03994042896900396 -0.1491932256839732 -0.5945983366325294
FixedParameters: 0 0 0
#Transform 5
Transform: MatrixOffsetTransformBase_double_3_3
Parameters: 0.9999998857070341 0.00031242199193463215 -0.00012917217840667609 -0.00031253296448004636 0.9999997174577062 -0.0004299595499004938 0.0001289034478881581 0.0004300401927936487 0.9999997984494384 -0.04522618897985353 -0.10938014705871524 -0.5962846518346083
FixedParameters: 0 0 0
#Transform 6
Transform: MatrixOffsetTransformBase_double_3_3
Parameters: 0.9999997748601651 0.00039698787565029697 0.00025988581349833473 -0.0003963483990033035 0.9999993346687909 -0.0012281036094753534 -0.0002608600312984262 0.0012278970459703858 0.999999424221328 -0.028527149536600405 -0.11516468613693576 -0.5891373884274884
FixedParameters: 0 0 0
#Transform 7
Transform: MatrixOffsetTransformBase_double_3_3
Parameters: 0.9999998775000729 -0.00002891810361422418 -0.00034880317580947165 0.000028438820860561335 0.9999995272085935 -0.000687009595271279 0.00034884258002640265 0.0006869895879287741 0.9999994063540399 -0.04664865971730592 -0.11080969930682727 -0.6311411362998314
FixedParameters: 0 0 0
#Transform 8
Transform: MatrixOffsetTransformBase_double_3_3
Parameters: 0.9999997801279088 0.00033520106814608836 0.0003274218100331837 -0.00033574297742633175 0.9999994058225683 -0.000694109595303527 -0.00032780550661160615 0.0006938897850034681 0.9999994110337708 -0.03670864210877767 -0.12844155982062944 -0.5892012877325641
FixedParameters: 0 0 0
#Transform 9
Transform: MatrixOffsetTransformBase_double_3_3
Parameters: 0.9999999922560024 0.000007261191878841601 0.00008769989962572017 -0.000007159981363423823 0.9999996670189258 -0.0005770004357974201 -0.00008770822064514919 0.0005769991710660727 0.9999996593793032 -0.03170206274265297 -0.07918246381676397 -0.6262491313158023
FixedParameters: 0 0 0
#Transform 10
Transform: MatrixOffsetTransformBase_double_3_3
Parameters: 0.999999890559012 0.00010603825562451787 0.0003133637891955822 -0.00010602822781722079 0.9999999885009447 -0.000016033225405845397 -0.0003133671822410283 0.00001596677108380018 0.9999999015460668 -0.0263931329618714 -0.12187884678318994 -0.5729989738879198
FixedParameters: 0 0 0
#Transform 11
Transform: MatrixOffsetTransformBase_double_3_3
Parameters: 0.999999998844 0.0000027985483848806243 0.00003388462724351566 -0.000002773269666155917 0.9999998608631321 -0.0003730000420552465 -0.000033886705532602326 0.0003729998532921719 0.9999998597229067 -0.04027875505362033 -0.0960515811805891 -0.6202717579555355
FixedParameters: 0 0 0
#Transform 12
Transform: MatrixOffsetTransformBase_double_3_3
Parameters: 0.999999893598832 0.0002993358188440325 -0.00012920904269622012 -0.00029946128737161484 0.9999992687596416 -0.0008009607929227447 0.0001297260436029664 0.0008010383177783492 0.9999993416379022 -0.036709493282046424 -0.1161580033019618 -0.6227187877772025
FixedParameters: 0 0 0
#Transform 13
Transform: MatrixOffsetTransformBase_double_3_3
Parameters: 0.9999999905910001 0.000007951902569854854 0.00009667350750545277 -0.000007944168630728708 0.9999999983368152 -0.00004000076792440299 -0.00009667414335102145 0.00003999923119488158 0.999999989054185 -0.03936847108434449 -0.07491160210261683 -0.5598774655127698
FixedParameters: 0 0 0
#Transform 14
Transform: MatrixOffsetTransformBase_double_3_3
Parameters: 0.9999999989110008 -0.0000027343580394063344 -0.00003288650717208981 0.000002673579145726433 0.9999991462171064 -0.0009239992989846652 0.00003289150410697446 0.0009239991212261489 0.9999991451433542 -0.045648450107023564 -0.10039579385831132 -0.606303401841032
FixedParameters: 0 0 0
#Transform 15
Transform: MatrixOffsetTransformBase_double_3_3
Parameters: 0.9999999663350384 0.00016780038162372588 0.00007421630341999246 -0.00016753765208859793 0.9999988637125333 -0.0017630140062194766 -0.00007480750550337431 0.0017629890196625836 0.9999988862746703 -0.04439280571016013 -0.1559970364184693 -0.5950248732749799
FixedParameters: 0 0 0
#Transform 16
Transform: MatrixOffsetTransformBase_double_3_3
Parameters: 0.999999928920072 0.00026357499343708366 -0.000040102577988050165 -0.00026368577494097206 0.9999989872614942 -0.0013939895045695927 0.00003936757583318034 0.0013940104555148353 0.9999990551846757 -0.053792689190245824 -0.10954707922557816 -0.5737154890667426
FixedParameters: 0 0 0
#Transform 17
Transform: MatrixOffsetTransformBase_double_3_3
Parameters: 0.9999999583840145 0.0002032948674870922 -0.000016947635453907463 -0.0002033330456089888 0.9999996544978363 -0.001141997348565793 0.000016483265982377397 0.0011420041456714908 0.9999996955558217 -0.04387547651805335 -0.10732444417885745 -0.5869543331434386
FixedParameters: 0 0 0
#Transform 18
Transform: MatrixOffsetTransformBase_double_3_3
Parameters: 0.9999999075576234 0.0002691259082775511 -0.00014105060604969568 -0.0002695726042263689 0.9999984155696501 -0.0018739628912498307 0.00014103772240473198 0.0018740388717507495 0.9999984682264366 -0.05913342900858254 -0.14931508258450776 -0.5755154473795443
FixedParameters: 0 0 0
#Transform 19
Transform: MatrixOffsetTransformBase_double_3_3
Parameters: 0.9999997622734517 0.00047419400772917304 -0.00011310691457723823 -0.00047451987671238066 0.9999984226448824 -0.0018089409338303414 0.00011238780149711186 0.0018080613262792394 0.9999987982748878 -0.06063725276564469 -0.07815160336217275 -0.6025394188299629
FixedParameters: 0 0 0
#Transform 20
Transform: MatrixOffsetTransformBase_double_3_3
Parameters: 0.9999989448402858 0.00035697822981380415 -0.0013887651921177238 -0.0003599638634227861 0.9999985799006277 -0.0017934149163655738 0.001387315476591743 0.0017935868166639585 0.9999979316439405 -0.08402356245116493 -0.16038258252936544 -0.582018081954061
FixedParameters: 0 0 0
#Transform 21
Transform: MatrixOffsetTransformBase_double_3_3
Parameters: 0.9999998445765118 0.0002639507661032831 -0.0010416751921762243 -0.0002661181912132248 0.9999985091044686 -0.0015576420202848273 0.0010417640436206864 0.0015583575297431762 0.9999984807404286 -0.09479892021433045 -0.15196080780320642 -0.6120936950170233
FixedParameters: 0 0 0
#Transform 22
Transform: MatrixOffsetTransformBase_double_3_3
Parameters: 0.9999990431909552 0.00003360562347867116 -0.0009772086572446912 -0.0000344230571427726 0.9999987349706009 -0.0014798791847960568 0.0009779407702986615 0.0014791224409851644 0.9999989303743706 -0.09229003241678413 -0.12611415715170438 -0.5713382567679162
FixedParameters: 0 0 0
#Transform 23
Transform: MatrixOffsetTransformBase_double_3_3
Parameters: 0.9999995605706619 0.0002664727309479214 -0.0006072373514870343 -0.00026686466190541585 0.9999996201502137 -0.0011438387404797412 0.0006065452744652796 0.0011441624187161353 0.9999993229460651 -0.06935301412939054 -0.12069964328539129 -0.5834395872660565
FixedParameters: 0 0 0
#Transform 24
Transform: MatrixOffsetTransformBase_double_3_3
Parameters: 0.9999990911767199 0.0003970895214416497 -0.0013236892354107593 -0.0003987677280322746 0.9999988415447613 -0.001387385269776678 0.001322421104869392 0.0013876149879255978 0.9999983993155223 -0.09009042994965455 -0.11137605102983628 -0.581959435544789
FixedParameters: 0 0 0
#Transform 25
Transform: MatrixOffsetTransformBase_double_3_3
Parameters: 0.9999983817136614 0.00042572249102706614 -0.0015611485658976292 -0.0004283801276007521 0.99999837361061 -0.0018352458511445152 0.0015603316799894145 0.0018357556392848001 0.9999972699696985 -0.1071429929290133 -0.11691476487632713 -0.6120943785720385
FixedParameters: 0 0 0
#Transform 26
Transform: MatrixOffsetTransformBase_double_3_3
Parameters: 0.9999994383967342 0.0005164988889117824 -0.0005429849799295936 -0.000518122809661265 0.9999984082198249 -0.0014977115896613324 0.0005414356332661799 0.0014972860020290302 0.9999985451651904 -0.07885901929896022 -0.13113750064619012 -0.5819946585907871
FixedParameters: 0 0 0
#Transform 27
Transform: MatrixOffsetTransformBase_double_3_3
Parameters: 0.9999995630620843 0.0006969573894668171 -0.0009756150436494292 -0.0006979658771239064 0.9999989307369195 -0.001581314710865117 0.0009742417304302222 0.0015816880889798213 0.9999986300315863 -0.0895385693256543 -0.10003573333446525 -0.6100582266603283
FixedParameters: 0 0 0
#Transform 28
Transform: MatrixOffsetTransformBase_double_3_3
Parameters: 0.999999153889079 0.0003110974273429847 -0.0008658582102031962 -0.0003121709354546665 0.9999994724666939 -0.001195730385158647 0.0008650308421246315 0.0011962697903857705 0.9999988205884683 -0.0879610652570193 -0.13256591505310666 -0.5795920928385385
FixedParameters: 0 0 0
#Transform 29
Transform: MatrixOffsetTransformBase_double_3_3
Parameters: 0.99999965956742 0.00024368084823504093 -0.000530143799938131 -0.000245138880075445 0.9999990468867693 -0.0013758701877346763 0.0005294711834315181 0.0013761291688212246 0.9999988259274087 -0.07554787071231317 -0.09868156746006207 -0.6188861565607908
FixedParameters: 0 0 0
#Transform 30
Transform: MatrixOffsetTransformBase_double_3_3
Parameters: 0.999999661010349 0.0005020046893480636 -0.0010423867099189324 -0.0005035847746103784 0.9999990386333161 -0.0012754688318265817 0.0010420187797313774 0.0012755302881861663 0.9999983685753164 -0.10733768091472484 -0.13446520969505116 -0.6088860940195389
FixedParameters: 0 0 0
#Transform 31
Transform: MatrixOffsetTransformBase_double_3_3
Parameters: 0.9999989398895579 0.00007661250672144983 -0.0014333978565601864 -0.00007904207935194372 0.9999986198059293 -0.0015428059933589172 0.0014329938037857223 0.0015431924038330075 0.9999975583829366 -0.12204272261610072 -0.11658842063980046 -0.5889366761912953
FixedParameters: 0 0 0
#Transform 32
Transform: MatrixOffsetTransformBase_double_3_3
Parameters: 0.9999997278453973 0.00023788211854256836 -0.001102676882321074 -0.000240085428552896 0.9999987610833436 -0.0014516481830608718 0.0011019011733762283 0.0014513517956776245 0.9999987530542455 -0.09594121907791475 -0.13868983670434432 -0.5889191676770338
FixedParameters: 0 0 0
#Transform 33
Transform: MatrixOffsetTransformBase_double_3_3
Parameters: 0.9999974700740375 0.00027514798670461694 -0.0021103946247914723 -0.0002738208665300518 0.9999995533729601 0.0005507488450175596 0.002110778771017424 -0.0005502501168751783 0.9999973106005126 -0.14655044970061226 -0.06692507215842625 -0.503837671555317
FixedParameters: 0 0 0
#Transform 34
Transform: MatrixOffsetTransformBase_double_3_3
Parameters: 0.999998439746535 0.0004067775127579733 -0.0018422744670815161 -0.0004131545288989087 0.999994969439749 -0.0031281542713721827 0.001841292886333507 0.003128841167469129 0.9999928952314565 -0.12408130455708033 -0.17233394816999237 -0.5330815176470907
FixedParameters: 0 0 0
#Transform 35
Transform: MatrixOffsetTransformBase_double_3_3
Parameters: 0.999998530080207 0.00043010767722171403 -0.0018125868770943279 -0.00043385431798954465 0.9999980879378055 -0.0021561302908429253 0.0018113926223288512 0.0021568725377766884 0.9999961411331183 -0.1243669671262353 -0.07888340186106291 -0.5772282787827265
FixedParameters: 0 0 0
#Transform 36
Transform: MatrixOffsetTransformBase_double_3_3
Parameters: 0.9999990068220554 0.00033337556019365016 -0.0013717105409696067 -0.0003361130869960831 0.9999987280093536 -0.0017545338532842653 0.0013713686835015396 0.0017544655119900998 0.9999971222659114 -0.12320439173038267 -0.13197390000628673 -0.5418821346980849
FixedParameters: 0 0 0
#Transform 37
Transform: MatrixOffsetTransformBase_double_3_3
Parameters: 0.9999969537414721 0.00025752309953637747 -0.002445460212407926 -0.00026353757089990135 0.999996772153553 -0.002469110990505105 0.002444678454836367 0.0024698884307863544 0.9999939846918471 -0.1574464126788655 -0.11864119627911407 -0.5629689932211761
FixedParameters: 0 0 0
#Transform 38
Transform: MatrixOffsetTransformBase_double_3_3
Parameters: 0.9999982966648959 0.0003076363866024628 -0.0018997777113109765 -0.00030813094987696635 0.9999996829158584 -0.0003922453039248014 0.0018994540839627572 0.0003927551060229767 0.9999983056361322 -0.1424741050612255 -0.10861581438112466 -0.4990315011384183
FixedParameters: 0 0 0
#Transform 39
Transform: MatrixOffsetTransformBase_double_3_3
Parameters: 1.0000000478135675 0.0003891865561627934 -0.0008948663735836401 -0.0003908546888074955 0.9999973943713205 -0.0020925631608930545 0.0008940668960903959 0.002092437635925301 0.9999978963165986 -0.11181401984772776 -0.10714932903476893 -0.5741525795024387
FixedParameters: 0 0 0
#Transform 40
Transform: MatrixOffsetTransformBase_double_3_3
Parameters: 0.9999982274743531 0.0003263933302845074 -0.0016323706346404077 -0.00033030530979904376 0.9999967187955989 -0.0024693746680843065 0.0016324144371115054 0.0024696234132000894 0.9999953117959607 -0.12643458858988765 -0.17322012832624978 -0.5496769820063179
FixedParameters: 0 0 0
#Transform 41
Transform: MatrixOffsetTransformBase_double_3_3
Parameters: 0.9999982407152973 0.0003258354233056876 -0.0016285651868368045 -0.0003305220943728949 0.9999956999360269 -0.0030193790304696294 0.001628166894449417 0.0030196245761723445 0.9999943059537694 -0.1263877070787771 -0.15982217465840165 -0.525852534169104
FixedParameters: 0 0 0
#Transform 42
Transform: MatrixOffsetTransformBase_double_3_3
Parameters: 0.9999990789803692 0.0007915940795524404 -0.0011378625973308167 -0.0007955218334883296 0.999993396859229 -0.0035900920702682942 0.0011348261940699628 0.0035909090153132678 0.999992898641288 -0.1106186253106074 -0.1460961633005411 -0.5288426368258854
FixedParameters: 0 0 0
#Transform 43
Transform: MatrixOffsetTransformBase_double_3_3
Parameters: 0.9999978273488224 0.0019198911132593934 0.0006978301263244722 -0.0019161637340267721 0.9999858362749267 -0.0049644439558338554 -0.00070757495343416 0.0049635581495065945 0.9999877081166086 -0.03565141673469441 -0.14660714233299643 -0.45148187509600746
FixedParameters: 0 0 0
#Transform 44
Transform: MatrixOffsetTransformBase_double_3_3
Parameters: 0.9999995621411603 0.0008609056583021553 -0.000834331254509262 -0.0008633114509730249 0.9999975976348938 -0.002139276042130392 0.0008325536234742875 0.0021397265072862215 0.999997809566766 -0.10480648296143613 -0.049306769845841814 -0.07797744185933198
FixedParameters: 0 0 0
#Transform 45
Transform: MatrixOffsetTransformBase_double_3_3
Parameters: 0.9999991356060095 0.0011919293265412756 -0.0006653467936595903 -0.001194284134903811 0.9999958124249843 -0.002770284004870213 0.0006626403876525001 0.0027707185405278084 0.9999959717970509 -0.13593149794880333 -0.08585041798176007 -0.1167344249968778
FixedParameters: 0 0 0
#Transform 46
Transform: MatrixOffsetTransformBase_double_3_3
Parameters: 0.9999987994745568 0.001189696688691466 -0.0008861774367238137 -0.001191274709688839 0.9999968505756703 -0.0021559405147878047 0.0008838688977613417 0.0021570611607364953 0.9999976478949812 -0.15056156427590395 -0.06352565863306836 -0.06754745706358278
FixedParameters: 0 0 0
#Transform 47
Transform: MatrixOffsetTransformBase_double_3_3
Parameters: 0.9999991320348364 0.0012697055182700533 -0.000505497345409325 -0.0012712789685686953 0.9999951077353977 -0.0028754411296482013 0.0005020940686197023 0.0028765579447460193 0.9999954815083446 -0.13460163191528807 -0.042190357633103304 -0.11812206742929732
FixedParameters: 0 0 0
#Transform 48
Transform: MatrixOffsetTransformBase_double_3_3
Parameters: 0.9999990420156704 0.0010701014472210956 -0.0009019583477056162 -0.0010714852209736492 0.9999979018263656 -0.0019651107480339047 0.0008995784513427482 0.0019658899259068913 0.9999974137964798 -0.1175638116183535 -0.00434901348982919 -0.09215569447763983
FixedParameters: 0 0 0
#Transform 49
Transform: MatrixOffsetTransformBase_double_3_3
Parameters: 0.9999980447111335 0.002026732616805923 -0.0009210820043850782 -0.002025861588285211 0.9999974500732753 0.0005177169839637313 0.0009221805600797058 -0.0005162817788909868 0.9999990600598979 -0.14099194699932127 0.04793748656194907 -0.3194441836266435
FixedParameters: 0 0 0
#Transform 50
Transform: MatrixOffsetTransformBase_double_3_3
Parameters: 0.9999981749149173 0.0015930893797830319 -0.0011342258223364773 -0.0015926506817343718 0.9999989274935431 0.0006697331850117616 0.0011354407940342172 -0.0006672677953543926 0.9999993536356976 -0.13105278748020055 0.02785592913035373 -0.3156750439588194
FixedParameters: 0 0 0
#Transform 51
Transform: MatrixOffsetTransformBase_double_3_3
Parameters: 0.9999966155143686 0.0012717982569281777 -0.0024018028123016983 -0.0012690861882671428 0.999999120515161 0.00101515393068774 0.002402548606316342 -0.001011846659858956 0.9999964406299467 -0.1694428038677387 0.0005674534474877646 -0.3462146420915957
FixedParameters: 0 0 0
#Transform 52
Transform: MatrixOffsetTransformBase_double_3_3
Parameters: 0.9999980776279862 0.0016039526011964443 -0.0005913571160574404 -0.0016039123852832548 0.9999984195266947 0.00003486685771864062 0.000591466184039154 -0.00003313301148093195 0.9999996557895044 -0.11674197168179035 -0.010327166552926315 -0.2609342495847784
FixedParameters: 0 0 0
#Transform 53
Transform: MatrixOffsetTransformBase_double_3_3
Parameters: 0.9999985608131472 0.0014509142771550745 -0.0011547773922987656 -0.0014527618295901061 0.999998104673018 -0.0013023990265152857 0.0011529037835815098 0.0013045995129341709 0.9999980579134091 -0.14602587658730215 -0.048083291471087364 -0.22557762249014957
FixedParameters: 0 0 0
#Transform 54
Transform: MatrixOffsetTransformBase_double_3_3
Parameters: 0.9999968572002509 0.0012788309584197098 -0.002346768155038249 -0.001282358072763907 0.9999980123581091 -0.0014228863127888347 0.0023448684765305025 0.0014251114454039704 0.9999957892843774 -0.1612175119673509 -0.03312194127316559 -0.19609565354389247
FixedParameters: 0 0 0
#Transform 55
Transform: MatrixOffsetTransformBase_double_3_3
Parameters: 0.9999966845606637 0.001730314428495687 -0.0018229419917887885 -0.0017285128582273821 0.9999984973621214 0.0005181730535437773 0.0018237318417932598 -0.0005148261520307035 0.9999986536537858 -0.17474143443632784 0.006317233118551258 -0.3534569861323291
FixedParameters: 0 0 0
#Transform 56
Transform: MatrixOffsetTransformBase_double_3_3
Parameters: 0.999997572592918 0.0015330543050990422 -0.0014410108100722072 -0.0015352736163619586 0.9999980799881768 -0.0015468599171160613 0.0014390870655196703 0.001549141996660619 0.9999976999857709 -0.1583914302397602 -0.04890120630069816 -0.2379274767640709
FixedParameters: 0 0 0
#Transform 57
Transform: MatrixOffsetTransformBase_double_3_3
Parameters: 0.999996778874261 0.001176070544069294 -0.00219953867704648 -0.0011753490325569118 0.9999994341956046 0.00016568080969837917 0.002199924310555832 -0.00016231812495068332 0.9999972908871319 -0.17167156740536882 0.02117621661277269 -0.3498242949214614
FixedParameters: 0 0 0
#Transform 58
Transform: MatrixOffsetTransformBase_double_3_3
Parameters: 0.999998006186482 0.0015620192673689768 -0.0012467711178235621 -0.0015655802162225635 0.9999947447690173 -0.002763120072188402 0.0012418671433537666 0.002764875347662052 0.9999949819939292 -0.1454128277305955 -0.06876697221191819 -0.15380801494454488
FixedParameters: 0 0 0
#Transform 59
Transform: MatrixOffsetTransformBase_double_3_3
Parameters: 0.9999959767192471 0.0014314252610478002 -0.0024445684448125777 -0.0014306046297871962 0.9999986376717847 -0.000034312744535372475 0.0024443834720758004 0.00003768928469485844 0.9999973364556107 -0.18280620883855647 0.021432319388836163 -0.3395607720918008
FixedParameters: 0 0 0
#Transform 60
Transform: MatrixOffsetTransformBase_double_3_3
Parameters: 0.9999972212842355 0.0013801991036303078 -0.0019683417215066376 -0.0013826969216469876 0.9999979207905885 -0.0017092634934988554 0.0019662779361445675 0.0017117392582978314 0.9999964488558608 -0.17243949803636838 -0.04118901041938727 -0.17065974151380203
FixedParameters: 0 0 0
#Transform 61
Transform: MatrixOffsetTransformBase_double_3_3
Parameters: 0.9999955292353592 0.0016920139355344024 -0.0025708044817102913 -0.0016995407171963841 0.9999942923776409 -0.002901528839770698 0.0025653666788260318 0.00290546914547013 0.9999923761636431 -0.17920285715899809 -0.04520238847393898 -0.49760321604733804
FixedParameters: 0 0 0
#Transform 62
Transform: MatrixOffsetTransformBase_double_3_3
Parameters: 0.9999949723184153 0.0015751996938297393 -0.0027468441943507126 -0.0015836365605163027 0.9999937119163482 -0.0030764737178621826 0.0027424424063387416 0.0030815240060644983 0.999991299834988 -0.19770456954356064 -0.10408760278346563 -0.4799332476300435
FixedParameters: 0 0 0
#Transform 63
Transform: MatrixOffsetTransformBase_double_3_3
Parameters: 0.999997363455153 0.0015654274160568638 -0.0017850137603377502 -0.0015699317187217506 0.9999945939597039 -0.0027741838785389217 0.00178088503901205 0.0027768143662952466 0.999994362648564 -0.16393540024704123 -0.04210120824792796 -0.18310892256651812
FixedParameters: 0 0 0
#Transform 64
Transform: MatrixOffsetTransformBase_double_3_3
Parameters: 0.9999982826563477 0.001261439428138128 -0.0014576770822937973 -0.001264308156739243 0.9999981620941534 -0.0017522286589283786 0.001456075477156166 0.0017537718950787484 0.9999969745332428 -0.14769554136874774 -0.047484582930650276 -0.20784517632338861
FixedParameters: 0 0 0
#Transform 65
Transform: MatrixOffsetTransformBase_double_3_3
Parameters: 0.9999972649889098 0.0015886533328128738 -0.0014870315634863847 -0.0015927117438152083 0.9999942009601358 -0.0028456235486006287 0.0014826296191596216 0.0028483742108999094 0.9999948531652859 -0.16050838550948754 -0.03206975555701774 -0.20566149639816445
FixedParameters: 0 0 0
#Transform 66
Transform: MatrixOffsetTransformBase_double_3_3
Parameters: 0.9999964405361359 0.001374940343386376 -0.0021601993910035817 -0.0013773395518734402 0.9999991006086278 -0.0008230005487087216 0.0021598428463172727 0.0008249992513404136 0.9999969819738802 -0.20083808978586148 -0.03804718717833566 -0.3212068778482404
FixedParameters: 0 0 0
#Transform 67
Transform: MatrixOffsetTransformBase_double_3_3
Parameters: 0.9999966060669487 0.0016293486056654643 -0.0019336776012059827 -0.0016340643213904982 0.9999952464391073 -0.002614828350678916 0.001929712346971491 0.0026181725742498163 0.9999946674355817 -0.18695922189031933 -0.04524976636511724 -0.15418317315395313
FixedParameters: 0 0 0
#Transform 68
Transform: MatrixOffsetTransformBase_double_3_3
Parameters: 0.9999962873031787 0.001459092882285602 -0.0023633204598082764 -0.0014647869587698474 0.9999961928019439 -0.0023114381567850006 0.002359137724898739 0.0023145591682475347 0.9999943945345379 -0.19614951014078486 -0.03399608830522993 -0.22386939380128013
FixedParameters: 0 0 0
#Transform 69
Transform: MatrixOffsetTransformBase_double_3_3
Parameters: 0.999996915175243 0.0013006403252483754 -0.002096334481018245 -0.0013016785780873795 0.9999988329953836 -0.0004841707790562977 0.002094989115928152 0.00048682797870364114 0.9999976107592645 -0.1836348564755923 0.0005414155366452178 -0.2746755320060572
FixedParameters: 0 0 0
#Transform 70
Transform: MatrixOffsetTransformBase_double_3_3
Parameters: 0.9999933530561966 0.002030833401694896 -0.002918866105766048 -0.0020388980531242155 0.99999516594367 -0.002488943683473993 0.0029142124809830115 0.0024950571670390304 0.9999927669238985 -0.22926822034550298 -0.02353689162245587 -0.20721571500331493
FixedParameters: 0 0 0
#Transform 71
Transform: MatrixOffsetTransformBase_double_3_3
Parameters: 0.9999953110513682 0.0013737899867415078 -0.0027933325232729986 -0.0013726701401020446 0.9999985712198469 0.00039511479647204306 0.0027934985596084535 -0.0003918856604675086 0.9999964301465732 -0.21912101324467415 0.028804362231483083 -0.34434503530789584
FixedParameters: 0 0 0
#Transform 72
Transform: MatrixOffsetTransformBase_double_3_3
Parameters: 0.9999936344737905 0.001476021131964982 -0.003191465005707607 -0.001485241516598127 0.9999948046739123 -0.0027569961870925613 0.0031876210416326234 0.0027619984330483766 0.9999906000584964 -0.21701842010996586 -0.05193011993274865 -0.5090059718399687
FixedParameters: 0 0 0
#Transform 73
Transform: MatrixOffsetTransformBase_double_3_3
Parameters: 0.9999937627781814 0.0013906976743501991 -0.003362027155539487 -0.0013917388631275733 0.9999994615000858 -0.00046104550840353475 0.003361570251881118 0.0004659566455415959 0.9999938716114594 -0.2365144484219428 -0.027256988220727862 -0.4148858454582012
FixedParameters: 0 0 0
#Transform 74
Transform: MatrixOffsetTransformBase_double_3_3
Parameters: 0.9999921498758791 0.0016303968953713679 -0.003492034906994305 -0.0016407889659025687 0.9999940050678151 -0.0029729246046926866 0.0034864635968120503 0.002979072539692429 0.9999894315595529 -0.22902388784966377 -0.064623139156609 -0.5077775651977134
FixedParameters: 0 0 0
#Transform 75
Transform: MatrixOffsetTransformBase_double_3_3
Parameters: 0.9999944262685745 0.0013084914235056337 -0.00314052846789648 -0.0013066169308414623 0.9999992613227039 0.0008023871254895787 0.0031408744109547772 -0.0007986167160504987 0.9999948833386021 -0.23237274606604785 0.01224087499483062 -0.3975564630996473
FixedParameters: 0 0 0
#Transform 76
Transform: MatrixOffsetTransformBase_double_3_3
Parameters: 0.9999964634422485 0.0013956164905472258 -0.0023635891128226073 -0.0013963926260836014 0.9999987799495982 -0.0001795982278364472 0.00236407899981508 0.0001834016984339215 0.9999966176084916 -0.1981970848593022 0.0007434372377730369 -0.3377650087645776
FixedParameters: 0 0 0
#Transform 77
Transform: MatrixOffsetTransformBase_double_3_3
Parameters: 0.9999944273963716 0.0016020430228837876 -0.0030010056593059893 -0.001600884516281138 0.9999989215106966 0.0001950090338863758 0.0030016238245572763 -0.0001909888007118471 0.9999954313881915 -0.23487935828984519 0.013412132586438474 -0.39566478920686166
FixedParameters: 0 0 0
#Transform 78
Transform: MatrixOffsetTransformBase_double_3_3
Parameters: 0.9999909119113438 0.001468050551810193 -0.004114907319863475 -0.001469530450688094 0.9999990430026793 -0.0004294135474844779 0.004114471039747581 0.0004345882011684704 0.9999914956583292 -0.2609018081807619 -0.005596837350196893 -0.40954524005988446
FixedParameters: 0 0 0
#Transform 79
Transform: MatrixOffsetTransformBase_double_3_3
Parameters: 0.9999917653382797 0.001676111063605121 -0.0037983631314104484 -0.001689270329788893 0.9999923193823826 -0.003644241580246843 0.0037919171319209725 0.003650761066609484 0.9999858372306997 -0.23322543201872747 -0.0766940496343409 -0.5251545117378242
FixedParameters: 0 0 0
#Transform 80
Transform: MatrixOffsetTransformBase_double_3_3
Parameters: 0.999994382401342 0.0021102284615911264 -0.0026768184412079474 -0.002119987704353996 0.9999903826347758 -0.003825305343871252 0.0026687754246727674 0.0038306924912462764 0.9999886924145368 -0.18702251392770108 -0.10118573807078235 -0.51347612937289
FixedParameters: 0 0 0
#Transform 81
Transform: MatrixOffsetTransformBase_double_3_3
Parameters: 0.9999941956586977 0.001888399331219445 -0.002870267580342967 -0.0018974588267130872 0.9999934099356648 -0.0032414528353686134 0.002864225204932514 0.0032465517699824947 0.9999907385188793 -0.23001587826269088 -0.11417311755552362 -0.5248365450498369
FixedParameters: 0 0 0
#Transform 82
Transform: MatrixOffsetTransformBase_double_3_3
Parameters: 0.9999915235299334 0.0019049507595298206 -0.0035846962893860182 -0.001917030793442439 0.9999919936817399 -0.0034327824911001142 0.003577555147564634 0.003440216894612866 0.999987910619026 -0.23575523167201595 -0.09863823587998866 -0.5023570091026812
FixedParameters: 0 0 0
#Transform 83
Transform: MatrixOffsetTransformBase_double_3_3
Parameters: 0.9999917116832527 0.001921345039159653 -0.0035494379329477207 -0.0019303764176671384 0.9999941907363936 -0.0027438767016163407 0.0035440157027014168 0.002751121768400075 0.9999894233489521 -0.2686385342118882 -0.07426072246580873 -0.48036545756355054
FixedParameters: 0 0 0
#Transform 84
Transform: MatrixOffsetTransformBase_double_3_3
Parameters: 0.9999946121834126 0.0014910902540934512 -0.0030272821793601986 -0.0014908268757162805 0.9999993802591454 0.00004571032061993774 0.003027411893391591 -0.00004128921047638623 0.9999952281399658 -0.23675312339972265 0.009046793534835729 -0.3651489428691974
FixedParameters: 0 0 0
#Transform 85
Transform: MatrixOffsetTransformBase_double_3_3
Parameters: 0.9999937105027937 0.0021949391213653188 -0.002910641099643921 -0.0022044595914650004 0.9999918341173851 -0.003289481912107317 0.0029033894461923553 0.0032965150042543606 0.9999901885669227 -0.23908575726554204 -0.06185931210019646 -0.5117393807488355
FixedParameters: 0 0 0
#Transform 86
Transform: MatrixOffsetTransformBase_double_3_3
Parameters: 0.9999930266347573 0.0018728507900291785 -0.003235252879627658 -0.0018841672196302569 0.999991211070589 -0.0036996392334586597 0.003228332258903575 0.003705365186591106 0.9999883983458763 -0.2435388734362931 -0.07593061379979815 -0.21028656608491758
FixedParameters: 0 0 0
#Transform 87
Transform: MatrixOffsetTransformBase_double_3_3
Parameters: 0.9999947889047017 0.0016339736886514591 -0.0027464615151155305 -0.0016339903736268297 0.9999988944555113 -0.00018239798040996236 0.0027457766360762218 0.00018660268713367734 0.9999958263686312 -0.23777883455517212 0.017201762002088117 -0.36425983774294934
FixedParameters: 0 0 0
#Transform 88
Transform: MatrixOffsetTransformBase_double_3_3
Parameters: 0.9999937320437804 0.001957872827766741 -0.0030714082754316474 -0.001968525826355326 0.9999916491144869 -0.0034637709548590023 0.0030649490833827547 0.0034702251433311876 0.999989042613025 -0.222463953891193 -0.082899803755069 -0.21020970339698408
FixedParameters: 0 0 0
#Transform 89
Transform: MatrixOffsetTransformBase_double_3_3
Parameters: 0.9999934641807662 0.002226583782441643 -0.002752660316934251 -0.0022369910687621234 0.9999911407426244 -0.0036558262111621304 0.0027445602793581612 0.003662175489609995 0.9999895466964347 -0.22805580391808178 -0.04304603289163822 -0.21631359390767102
FixedParameters: 0 0 0
#Transform 90
Transform: MatrixOffsetTransformBase_double_3_3
Parameters: 0.9999953004451869 0.0018843369482303266 -0.002478936325121442 -0.001892516692972171 0.999994177823559 -0.0029722903181349236 0.002474186859887464 0.0029767111063007945 0.9999924272350055 -0.23474585028203876 -0.07387663461405225 -0.18560315728159082
FixedParameters: 0 0 0
#Transform 91
Transform: MatrixOffsetTransformBase_double_3_3
Parameters: 0.9999896396100116 0.002013531672215151 -0.004160465469967838 -0.0020278955942201046 0.9999911374904126 -0.0036011235782600626 0.004152640026431122 0.0036088730322324514 0.9999845098589055 -0.2860855790976444 -0.05846264370457277 -0.4675577971549103
FixedParameters: 0 0 0
#Transform 92
Transform: MatrixOffsetTransformBase_double_3_3
Parameters: 0.9999945395883575 0.002239059051177249 -0.0025397329092266448 -0.0022475413033640392 0.9999907254804463 -0.003568270286334718 0.002530946814957425 0.003573725978806938 0.9999903098849778 -0.22788703974418922 -0.051230595064311046 -0.2134288273064584
FixedParameters: 0 0 0
#Transform 93
Transform: MatrixOffsetTransformBase_double_3_3
Parameters: 0.9999903389181896 0.001995194929368495 -0.003959811812416799 -0.0020089177727098057 0.999992349962713 -0.0034506927253099284 0.003952887399200322 0.0034583086675964714 0.9999861216217721 -0.26621143643188816 -0.11106139712573793 -0.4792763944725351
FixedParameters: 0 0 0
#Transform 94
Transform: MatrixOffsetTransformBase_double_3_3
Parameters: 0.9999902258632766 0.0025065720579502313 -0.0035340856152546295 -0.0025167222325641354 0.999993120481597 -0.0027959891975402468 0.0035272534401677587 0.0028050090946724338 0.9999894196816672 -0.26445179892265 -0.03400041716183466 -0.19626781302180518
FixedParameters: 0 0 0
#Transform 95
Transform: MatrixOffsetTransformBase_double_3_3
Parameters: 0.9999922922475468 0.0017773749271387295 -0.0033984929843487504 -0.0017881694510709582 0.9999934763756573 -0.003126653460253065 0.003392494984771393 0.0031323442973306553 0.9999892282183789 -0.2586829491913676 -0.04809921460002897 -0.22642033267923978
FixedParameters: 0 0 0
#Transform 96
Transform: MatrixOffsetTransformBase_double_3_3
Parameters: 0.9999919102722192 0.0019805963910030627 -0.003488032127793019 -0.0019916528616209113 0.9999929030241141 -0.003094783958518338 0.003481881111690298 0.0031022111464966556 0.9999888057357822 -0.2812225573275242 -0.06585236116303861 -0.1963865393481541
FixedParameters: 0 0 0
#Transform 97
Transform: MatrixOffsetTransformBase_double_3_3
Parameters: 0.9999893946713073 0.0020127706503779656 -0.004189660676193453 -0.002027805823789482 0.9999907583647244 -0.003664992387120633 0.004182574306605095 0.003674007671198104 0.9999847056101255 -0.29034198135768463 -0.04211556549199713 -0.22766930775544836
FixedParameters: 0 0 0
#Transform 98
Transform: MatrixOffsetTransformBase_double_3_3
Parameters: 0.9999922892835112 0.0018970743777330572 -0.003480154224710944 -0.0019099815831446737 0.9999913523907455 -0.0036670885851085994 0.0034731701634383542 0.0036739085046696013 0.9999869915664201 -0.26523043476019836 -0.10215933861047688 -0.4813767115939811
FixedParameters: 0 0 0
#Transform 99
Transform: MatrixOffsetTransformBase_double_3_3
Parameters: 0.9999932407792665 0.001947116560375245 -0.00299464128999018 -0.0019567728017580626 0.999993408881808 -0.0032060397080550945 0.0029883526509324266 0.003211962145341904 0.9999902364108866 -0.2337416199335962 -0.025266267416412802 -0.21112747583399027
FixedParameters: 0 0 0
#Transform 100
Transform: MatrixOffsetTransformBase_double_3_3
Parameters: 0.9999888852467679 0.002057495450716854 -0.004228504404405482 -0.0020709514480201532 0.9999926965974496 -0.0031988018725152417 0.004222188785409249 0.0032071970393484917 0.999985670068863 -0.28568363280423625 -0.07439776082514982 -0.45846994295501986
FixedParameters: 0 0 0
#Transform 101
Transform: MatrixOffsetTransformBase_double_3_3
Parameters: 0.9999844324142992 0.002182601892362138 -0.005079785094468191 -0.00220135598850942 0.9999907964550698 -0.003788136129821998 0.005071563906011214 0.003798869086839421 0.9999798543316027 -0.3014297494461715 0.013413396536662958 -0.5126665798074725
FixedParameters: 0 0 0
#Transform 102
Transform: MatrixOffsetTransformBase_double_3_3
Parameters: 0.9999888533584522 0.0021258848313068673 -0.004198473845829239 -0.002140018170177044 0.9999927243706758 -0.0033026579370976222 0.004191274292812157 0.0033113405940477653 0.9999852563142061 -0.2824837216568028 -0.10192923800860854 -0.20305057063750098
FixedParameters: 0 0 0
#Transform 103
Transform: MatrixOffsetTransformBase_double_3_3
Parameters: 0.9999903337476409 0.002357333060916538 -0.0036210179564580315 -0.002367769675027537 0.9999932896134811 -0.0028952302849321737 0.003613474502894689 0.0029037697703445525 0.9999892298196645 -0.25806420189333323 -0.13408712781634335 -0.1919046887639979
FixedParameters: 0 0 0
#Transform 104
Transform: MatrixOffsetTransformBase_double_3_3
Parameters: 0.9999904279617451 0.002134300523017523 -0.003875132580190799 -0.002147659096029667 0.99999244859303 -0.003350404780510949 0.0038677584798996723 0.0033585931089402943 0.9999864738621213 -0.27704382684481743 -0.07342252986849473 -0.20559790197027894
FixedParameters: 0 0 0
#Transform 105
Transform: MatrixOffsetTransformBase_double_3_3
Parameters: 0.9999886805140005 0.002391378883117409 -0.004074274925649371 -0.002402583089283262 0.9999936010801838 -0.002797930263623072 0.004067909124116179 0.002808071332700973 0.9999873656931814 -0.2664083167885991 -0.006350059922326068 -0.212130749964345
FixedParameters: 0 0 0
#Transform 106
Transform: MatrixOffsetTransformBase_double_3_3
Parameters: 0.999990819795943 0.0017867371526322524 -0.003998275915308781 -0.0017984987117490938 0.9999939250948041 -0.0030363767135955094 0.003993369923349499 0.0030436268254549204 0.9999874113589065 -0.2784929260147919 -0.046361386634600876 -0.20507625042581878
FixedParameters: 0 0 0
#Transform 107
Transform: MatrixOffsetTransformBase_double_3_3
Parameters: 0.9999863888619973 0.00197262663518033 -0.004870580085890732 -0.0019901517593723006 0.9999912147794968 -0.003603548362401343 0.00486286039260687 0.003613451935576717 0.9999821312727071 -0.2866814533930153 -0.05516476083825239 -0.46099998252277885
FixedParameters: 0 0 0
#Transform 108
Transform: MatrixOffsetTransformBase_double_3_3
Parameters: 0.9999866569625523 0.00236856126795304 -0.004662268916172668 -0.0023841011435433786 0.9999914485157935 -0.0034533626105187204 0.004653488011673768 0.003464641235891644 0.9999832788362893 -0.2789989119136749 -0.07196626513217552 -0.45967116568627375
FixedParameters: 0 0 0
#Transform 109
Transform: MatrixOffsetTransformBase_double_3_3
Parameters: 0.9999882621115486 0.0021449273371431147 -0.004258855349663581 -0.002159222342640273 0.9999911738347538 -0.003518365973247256 0.004251432354186183 0.0035276318301513537 0.9999842650085908 -0.2714003883230589 -0.00865725434763931 -0.4949153199431322
FixedParameters: 0 0 0
#Transform 110
Transform: MatrixOffsetTransformBase_double_3_3
Parameters: 0.9999902431672684 0.001608366162128797 -0.004143822011829428 -0.001620842511383583 0.9999939830351062 -0.0031267717332101597 0.004138629137598319 0.003133232085980278 0.9999866661755032 -0.265796856570617 -0.1347613655146347 -0.21836682068443736
FixedParameters: 0 0 0
#Transform 111
Transform: MatrixOffsetTransformBase_double_3_3
Parameters: 0.9999916175606766 0.0016258254458316052 -0.003706607499232785 -0.0016371254634144627 0.9999943593086833 -0.0030685844549958874 0.0037016637826409442 0.0030744182425382766 0.9999883898975805 -0.2564310360271804 -0.07946138230573752 -0.5060473960813283
FixedParameters: 0 0 0
#Transform 112
Transform: MatrixOffsetTransformBase_double_3_3
Parameters: 0.9999841220195226 0.002215444547569338 -0.0051937013890632835 -0.002232046453264309 0.9999921149032562 -0.0032896315624522388 0.005185626895527804 0.003300370705142233 0.9999812928271565 -0.2899121503771198 -0.10916010586088021 -0.48936914469065584
FixedParameters: 0 0 0
#Transform 113
Transform: MatrixOffsetTransformBase_double_3_3
Parameters: 0.999984931708 0.0019606088389217432 -0.005121305256822046 -0.001973834646873643 0.9999949041883417 -0.002698118206017938 0.00511550303975576 0.0027078875250700074 0.9999834149499465 -0.30602040600554403 -0.12860095946439287 -0.5100293965433593
FixedParameters: 0 0 0
#Transform 114
Transform: MatrixOffsetTransformBase_double_3_3
