#Insight Transform File V1.0
#Transform 0
Transform: MatrixOffsetTransformBase_double_3_3
Parameters: 0.9999993629698106 0.0005787010663665446 -0.0005498015808487022 -0.0005758622798800747 0.9999844742562898 0.005585321119878556 0.0005525091290576337 -0.005584684772483639 0.9999845037342595 -0.05258038164474499 0.1929190885565788 -1.0877228301247328
FixedParameters: 0 0 0
#Transform 1
Transform: MatrixOffsetTransformBase_double_3_3
Parameters: 0.9999987751091637 0.000983939800655495 -0.0015023787359412437 -0.0009718058259146704 0.9999708233512583 0.007554569737042813 0.0015099989524313443 -0.00755343378765827 0.9999708241793038 -0.09109033803554212 0.08259946446183619 -1.158727720995202
FixedParameters: 0 0 0
#Transform 2
Transform: MatrixOffsetTransformBase_double_3_3
Parameters: 0.9999988536252618 0.0009225183314857002 -0.001515062096457275 -0.0009118439447656023 0.9999721854519811 0.007342477965389588 0.0015214574753085219 -0.007340516137505471 0.9999718714349434 -0.09922296193926172 0.17110954672038758 -1.1506897532192824
FixedParameters: 0 0 0
#Transform 3
Transform: MatrixOffsetTransformBase_double_3_3
Parameters: 0.999997120282883 0.0012832530513979348 -0.0022875515349296276 -0.0012666858117553535 0.9999743836043246 0.007055022323104579 0.0022968004870002425 -0.007051973721347943 0.9999722315729285 -0.14453602034433288 0.16567966816401736 -1.1709997937791314
FixedParameters: 0 0 0
#Transform 4
Transform: MatrixOffsetTransformBase_double_3_3
Parameters: 0.999992582595013 0.0017167435207819473 -0.003531266366539248 -0.001690999852399507 0.9999729771534244 0.007184405543728747 0.0035437530920315228 -0.0071786031229749 0.9999684557675289 -0.1673785789985942 0.17444264542595533 -1.1932114023542368
FixedParameters: 0 0 0
#Transform 5
Transform: MatrixOffsetTransformBase_double_3_3
Parameters: 0.9999952768924253 0.0011927311787617296 -0.002702118577136848 -0.0011758428860002763 0.9999798008640485 0.006205477098124218 0.002709154661876999 -0.0062025248347313405 0.9999774958758914 -0.15845520892692377 0.14126965044593476 -1.2210891796368486
FixedParameters: 0 0 0
#Transform 6
Transform: MatrixOffsetTransformBase_double_3_3
Parameters: 0.9999906102830896 0.001345743379043249 -0.004071352473035303 -0.0013223429423773665 0.9999823552341142 0.005775970759294716 0.004079671720667242 -0.005771022843084728 0.9999745876196283 -0.20320086317225616 0.18836986637313657 -1.3556206656979697
FixedParameters: 0 0 0
#Transform 7
Transform: MatrixOffsetTransformBase_double_3_3
Parameters: 0.9999880537897623 0.00215182421358746 -0.004507073395476214 -0.0021259143301185102 0.9999814178680441 0.005762219522532155 0.004519798371596193 -0.005752784293843627 0.9999733373241666 -0.2366425231028586 0.013635260928708703 -1.3085990094832596
FixedParameters: 0 0 0
#Transform 8
Transform: MatrixOffsetTransformBase_double_3_3
Parameters: 0.999989548427049 0.001954860977295713 -0.0040777629632097155 -0.0019372512644025936 0.9999886686395866 0.004458418129367828 0.004086609080625718 -0.004450592169280829 0.9999821942017009 -0.22085367211745677 0.04946162137127885 -1.3735700546092602
FixedParameters: 0 0 0
#Transform 9
Transform: MatrixOffsetTransformBase_double_3_3
Parameters: 0.9999842598411075 0.0023945988352615136 -0.005099479374855023 -0.0023624718353714384 0.999977138359882 0.006417903030367864 0.005114664830402372 -0.006406113315482728 0.9999668923912848 -0.27439220549514687 0.005589500216032661 -1.2831182934361323
FixedParameters: 0 0 0
#Transform 10
Transform: MatrixOffsetTransformBase_double_3_3
Parameters: 0.9999803720980561 0.002657713491205552 -0.005617812095537609 -0.0026250956449129564 0.9999794255557545 0.005775786218391518 0.005633883794813547 -0.005761203843126408 0.9999673942189466 -0.3073466027134941 0.08710586322958136 -1.2658365850118827
FixedParameters: 0 0 0
#Transform 11
Transform: MatrixOffsetTransformBase_double_3_3
Parameters: 0.999983699580683 0.0030916126311508045 -0.004872802786252192 -0.003063112863751693 0.999979290307549 0.005748457963990997 0.0048903352905919585 -0.005733544616173092 0.9999714900045196 -0.28782907506543154 0.04944206214209146 -1.2985324347524028
FixedParameters: 0 0 0
#Transform 12
Transform: MatrixOffsetTransformBase_double_3_3
Parameters: 0.9999806541283655 0.0031191738627875066 -0.005442010199915999 -0.0030905360343561877 0.9999805341022234 0.005338697467038897 0.005458466693488184 -0.005321304191042361 0.9999713012551887 -0.3130094341703682 0.14101799267790227 -1.3456857158337954
FixedParameters: 0 0 0
#Transform 13
Transform: MatrixOffsetTransformBase_double_3_3
Parameters: 0.9999792426103382 0.0032877089586724724 -0.005472208800680049 -0.003252755196267045 0.999974369411272 0.006367629937534813 0.005493578525224 -0.006349370102215229 0.9999650105130099 -0.3236565571769745 0.04390215290516153 -1.362979875202626
FixedParameters: 0 0 0
#Transform 14
Transform: MatrixOffsetTransformBase_double_3_3
Parameters: 0.9999730526370948 0.0037555140360796976 -0.0063123288980894855 -0.003724738049813338 0.999981443978107 0.004868548041298104 0.0063301042872207025 -0.004844457206634567 0.9999684365348439 -0.3433288239528878 0.07631842280041212 -1.3089580406439012
FixedParameters: 0 0 0
#Transform 15
Transform: MatrixOffsetTransformBase_double_3_3
Parameters: 0.9999747357452196 0.003994726263796346 -0.005941574658826219 -0.003961467498603178 0.9999763311543743 0.00556533519580206 0.0059643810780797895 -0.005541655519210223 0.999966720651747 -0.3410497320939925 0.04106614221402083 -1.2666269153476009
FixedParameters: 0 0 0
#Transform 16
Transform: MatrixOffsetTransformBase_double_3_3
Parameters: 0.9999728850744047 0.0039959827093308375 -0.006257073305563788 -0.00395744130431347 0.9999735906070552 0.00613068388625812 0.006280781361743777 -0.00610631751015521 0.999961420641932 -0.34910530659669803 0.18037396600783495 -1.2988736735339756
FixedParameters: 0 0 0
#Transform 17
Transform: MatrixOffsetTransformBase_double_3_3
Parameters: 0.9999712928723438 0.0039802122867929985 -0.006470595639445949 -0.003942198175808673 0.99997470045642 0.0058835925138319145 0.006493145798381266 -0.00585740680406982 0.999961665291329 -0.35515943602443656 0.04386896749879554 -1.2597048739583983
FixedParameters: 0 0 0
#Transform 18
Transform: MatrixOffsetTransformBase_double_3_3
Parameters: 0.9999700370851262 0.004342999262069061 -0.0064883286413984255 -0.004308918055983547 0.9999765847987344 0.005246879444713151 0.006511306886890531 -0.0052181096072860395 0.9999646930221054 -0.35747787134414466 0.054461744968122616 -1.3122105384206293
FixedParameters: 0 0 0
#Transform 19
Transform: MatrixOffsetTransformBase_double_3_3
Parameters: 0.9999684865786289 0.004171614984790311 -0.006790226981474074 -0.004142064214134823 0.9999813721745048 0.004359285973191421 0.006808716335169369 -0.004331706671063376 0.9999673469180875 -0.3644582788927835 0.06620028556709201 -1.2933213470178515
FixedParameters: 0 0 0
#Transform 20
Transform: MatrixOffsetTransformBase_double_3_3
Parameters: 0.9999713162289661 0.004186756710256716 -0.006336978698188536 -0.004155150022769321 0.9999783627215779 0.005013231113560931 0.006357227941636924 -0.004986763811598294 0.9999669524995182 -0.3715164265545212 0.036738332819695074 -1.3209206419132613
FixedParameters: 0 0 0
#Transform 21
Transform: MatrixOffsetTransformBase_double_3_3
Parameters: 0.9999695831378485 0.004498314755091576 -0.006339279072643469 -0.004471497504831075 0.9999814809491663 0.004146073196224925 0.006357375709915607 -0.004116922711788609 0.9999709629600707 -0.3739128806115417 0.055692896419344606 -1.3075734065583475
FixedParameters: 0 0 0
#Transform 22
Transform: MatrixOffsetTransformBase_double_3_3
Parameters: 0.9999715154160543 0.004118431878426116 -0.006365697894852084 -0.0040820371988769776 0.9999757190988849 0.00568990834255334 0.006389126322822271 -0.005664090156930424 0.9999633382220856 -0.353115101873982 0.022275505105071147 -1.2630645175268285
FixedParameters: 0 0 0
#Transform 23
Transform: MatrixOffsetTransformBase_double_3_3
Parameters: 0.9999666776302826 0.0037934947532049647 -0.007275310444807067 -0.0037602377384668255 0.9999822860231414 0.0045979462018234385 0.007292630575076419 -0.004571057719618701 0.9999633553805273 -0.3928001686042677 0.10048464724236794 -1.2841575314896403
FixedParameters: 0 0 0
#Transform 24
Transform: MatrixOffsetTransformBase_double_3_3
Parameters: 0.9999650925633173 0.003763853662338337 -0.0074662335186637665 -0.003727348777311929 0.9999805795462906 0.004909511107747178 0.007483849376546467 -0.004881483256671523 0.9999595800796272 -0.38010681434789717 -0.002997575252194906 -1.2368334382180706
FixedParameters: 0 0 0
#Transform 25
Transform: MatrixOffsetTransformBase_double_3_3
Parameters: 0.9999710043086238 0.003992289664400649 -0.006561679796680517 -0.003957397854033645 0.9999786833908938 0.005237045703924803 0.006582909218667921 -0.0052109509953228855 0.9999647394053628 -0.3521663629337439 0.1829747322671409 -1.3090417135699397
FixedParameters: 0 0 0
#Transform 26
Transform: MatrixOffsetTransformBase_double_3_3
Parameters: 0.9999736260254322 0.0037448979593906603 -0.006192454447151521 -0.003709590986875923 0.9999762295346319 0.005747024310519586 0.006214077208169826 -0.005723975509020929 0.9999646031689698 -0.31237392787306817 0.05138681361364661 -1.25148121600607
FixedParameters: 0 0 0
#Transform 27
Transform: MatrixOffsetTransformBase_double_3_3
Parameters: 0.9999750978126196 0.004061654228741807 -0.005779573541847713 -0.004030625793385337 0.9999780416467456 0.005263005240676216 0.005801442592356294 -0.005239993602733972 0.9999698985993227 -0.3017425064530386 -0.0005207531340545302 -1.2704101957617127
FixedParameters: 0 0 0
#Transform 28
Transform: MatrixOffsetTransformBase_double_3_3
Parameters: 0.9999705145694917 0.004196347515209571 -0.006470979833072654 -0.004164629620242032 0.9999800124291913 0.0048288595204412366 0.006491693124904957 -0.004802135418203929 0.9999671231257773 -0.35311578294653145 0.08243328541448136 -1.2749233867231453
FixedParameters: 0 0 0
#Transform 29
Transform: MatrixOffsetTransformBase_double_3_3
Parameters: 0.999972571197706 0.004289930078046043 -0.006001824711518359 -0.00424773110967614 0.9999657103956199 0.007146195819535475 0.006032203527981939 -0.007120807391283054 0.9999560844551922 -0.32879524409315763 0.13896039260684745 -1.1294859014836476
FixedParameters: 0 0 0
#Transform 30
Transform: MatrixOffsetTransformBase_double_3_3
Parameters: 0.9999693991340739 0.003905009700771866 -0.006734454879128384 -0.0038751416013414787 0.999982862328673 0.004338321377056975 0.006751384812824741 -0.004312673401882877 0.9999681161856847 -0.36364200019032467 0.08137029981187993 -1.1398921962944257
FixedParameters: 0 0 0
#Transform 31
Transform: MatrixOffsetTransformBase_double_3_3
Parameters: 0.9999677460501841 0.003742830385591419 -0.00715873956989145 -0.0037086566710739107 0.9999821887901764 0.004667038242925317 0.007176023150853123 -0.0046399534565587375 0.9999632462330922 -0.37225060324425385 0.14502093961809237 -1.2224656562617326
FixedParameters: 0 0 0
#Transform 32
Transform: MatrixOffsetTransformBase_double_3_3
Parameters: 0.9999691733506979 0.0038475490669100266 -0.006856878590329236 -0.003816021949471172 0.9999813484317235 0.004678475424543749 0.006875237256523652 -0.0046515198759536774 0.9999652995817798 -0.35854674429722877 0.06074822373423672 -1.1872483127461635
FixedParameters: 0 0 0
#Transform 33
Transform: MatrixOffsetTransformBase_double_3_3
Parameters: 0.999968704632856 0.003787266918266023 -0.00692467748384377 -0.0037538013615551207 0.9999811797055844 0.004850310260789553 0.006942847063230687 -0.004823685240410089 0.9999637308089332 -0.3367491812635137 0.1332968634310845 -1.2441792927216255
FixedParameters: 0 0 0
#Transform 34
Transform: MatrixOffsetTransformBase_double_3_3
Parameters: 0.9999688491454435 0.004450210541647457 -0.006507514048208723 -0.004414181558387275 0.9999751945812537 0.00546966928900694 0.006531665191046676 -0.005440329627499546 0.9999641391527825 -0.33190217937247724 0.009173321140025337 -1.200323602268341
FixedParameters: 0 0 0
#Transform 35
Transform: MatrixOffsetTransformBase_double_3_3
Parameters: 0.9999720595894841 0.0038732152487781493 -0.006398261828778625 -0.0038479737720720987 0.9999847915161657 0.004042646113687098 0.006413487793372564 -0.004017365207591661 0.9999717856419978 -0.33079072248737873 0.08659603242918479 -1.2541248302028407
FixedParameters: 0 0 0
#Transform 36
Transform: MatrixOffsetTransformBase_double_3_3
Parameters: 0.9999673084471297 0.0040690593644106075 -0.006937782958108988 -0.004034595983684046 0.9999792987691665 0.004996258340181553 0.006957941633519631 -0.004968741148754299 0.9999633579569328 -0.3417174965608325 -0.006945248485166644 -1.2135572757727289
FixedParameters: 0 0 0
#Transform 37
Transform: MatrixOffsetTransformBase_double_3_3
Parameters: 0.9999677455399614 0.004031562004757539 -0.006999822802042685 -0.003996662994696594 0.9999790283384652 0.005054328745043482 0.007020153232849283 -0.005026673572825963 0.9999629027576363 -0.34176263362552106 0.08468086428810295 -1.2373611360443988
FixedParameters: 0 0 0
#Transform 38
Transform: MatrixOffsetTransformBase_double_3_3
Parameters: 0.9999669507948864 0.003907133285641402 -0.007126186249489713 -0.003870567508980672 0.9999791142353313 0.00515201339090153 0.007146094190136613 -0.005123983252547745 0.9999610372686362 -0.35388118958891823 0.007103657936198715 -1.215431638920876
FixedParameters: 0 0 0
#Transform 39
Transform: MatrixOffsetTransformBase_double_3_3
Parameters: 0.9999694162760454 0.003724505983978999 -0.006907176118373107 -0.0036868127937672176 0.999978321686592 0.005466885914116329 0.0069276255110192735 -0.005441118478671597 0.9999616009752287 -0.3380119615345336 0.13425359817748017 -1.2383782260673684
FixedParameters: 0 0 0
#Transform 40
Transform: MatrixOffsetTransformBase_double_3_3
Parameters: 0.9999589501411087 0.0036693654752556325 -0.008341957680707347 -0.003628715560377895 0.9999818965484244 0.004819585819523575 0.008359206502537922 -0.004789414561132813 0.999953885925285 -0.3836368015825258 0.06832844899361135 -1.2325964264401534
FixedParameters: 0 0 0
#Transform 41
Transform: MatrixOffsetTransformBase_double_3_3
Parameters: 0.9999614997083264 0.004016955320225535 -0.007833590579639999 -0.003974415517436435 0.9999774009128007 0.005399042818673913 0.007854970894755996 -0.0053669581749128115 0.9999551438698371 -0.35409898613113455 0.14134257641190118 -1.261120911667021
FixedParameters: 0 0 0
#Transform 42
Transform: MatrixOffsetTransformBase_double_3_3
Parameters: 0.9999648214353759 0.004224795327063423 -0.007302506135950902 -0.004181720174603668 0.9999738960607102 0.005908953612409562 0.007327509048125149 -0.0058790418419854 0.9999554450900167 -0.35697818444070606 0.04246199589458399 -1.2498835721906971
FixedParameters: 0 0 0
#Transform 43
Transform: MatrixOffsetTransformBase_double_3_3
Parameters: 0.9999592631245947 0.004428825736444205 -0.007818122391257159 -0.004390893295399903 0.9999787393996609 0.004793001260564367 0.007839195000030736 -0.004758992739303525 0.9999579022206071 -0.36785960599729606 0.07677374298569362 -1.239958685799877
FixedParameters: 0 0 0
#Transform 44
Transform: MatrixOffsetTransformBase_double_3_3
Parameters: 0.9999568177527577 0.004343611679959231 -0.00820461921428628 -0.0042990027229536385 0.9999761387217357 0.005414235613329224 0.008227792627485507 -0.005378760501495286 0.9999514329485246 -0.3705845320094454 0.04742073334536201 -1.2549813437602921
FixedParameters: 0 0 0
#Transform 45
Transform: MatrixOffsetTransformBase_double_3_3
Parameters: 0.9999650201598607 0.004147085474921163 -0.007265062212076623 -0.004106206678508299 0.9999764694893837 0.0055722290178256695 0.007288132108591755 -0.005542768607892989 0.999957777513899 -0.3527097809554647 0.05433239031430048 -1.2419744649679245
FixedParameters: 0 0 0
#Transform 46
Transform: MatrixOffsetTransformBase_double_3_3
Parameters: 0.9999666482993285 0.00427607288320991 -0.006933038293461407 -0.004236410377540669 0.9999743090551364 0.005761592648033748 0.006957168564789297 -0.005732408158153374 0.9999592815804088 -0.32593287048932496 0.11899829481012603 -1.2520379773720691
FixedParameters: 0 0 0
#Transform 47
Transform: MatrixOffsetTransformBase_double_3_3
Parameters: 0.9999596757776665 0.004022643908835675 -0.008009258789022424 -0.003976936454374568 0.9999761570551066 0.005674790807684071 0.008031143807724034 -0.0056432075087185785 0.9999514683713352 -0.38246812773222416 -0.01674769969179124 -1.2548198470293386
FixedParameters: 0 0 0
#Transform 48
Transform: MatrixOffsetTransformBase_double_3_3
Parameters: 0.999960756755115 0.004288113476012499 -0.007736418211765073 -0.004252147247822488 0.9999798058361012 0.004710553286742164 0.007756456650267964 -0.004678448342457162 0.9999588731462857 -0.3629826920460175 0.07703192858603813 -1.2834050712376524
FixedParameters: 0 0 0
#Transform 49
Transform: MatrixOffsetTransformBase_double_3_3
Parameters: 0.9999653176154597 0.004749985421458766 -0.006864696657384422 -0.004709653363884446 0.999972292610343 0.00581333598918482 0.006891671563059636 -0.005780669370440944 0.9999598128206222 -0.37116630520168314 -0.002036794067052483 -1.2066527728434693
FixedParameters: 0 0 0
#Transform 50
Transform: MatrixOffsetTransformBase_double_3_3
Parameters: 0.9999757945406089 0.0041012739193195865 -0.0056020613540701016 -0.00405855654083671 0.9999622148625817 0.007705325807376068 0.005633321934403943 -0.0076826729253917925 0.9999541812368777 -0.30095833530519656 0.09942147868390805 -1.0242587735368858
FixedParameters: 0 0 0
#Transform 51
Transform: MatrixOffsetTransformBase_double_3_3
Parameters: 0.9999773448071202 0.0030220181505340882 -0.005960531187222846 -0.0029838940986805108 0.9999750230504614 0.006364962016379594 0.0059787327058318145 -0.006347043035105901 0.9999625225347181 -0.2724846564208434 0.15709229389116786 -1.2525032804205267
FixedParameters: 0 0 0
#Transform 52
Transform: MatrixOffsetTransformBase_double_3_3
Parameters: 0.999972609087864 0.0030238024655722265 -0.006726648712615531 -0.0029846309658661326 0.9999780904359725 0.005857606279537353 0.00674396510088892 -0.005836391403590449 0.9999601423338007 -0.3060147931826549 0.1537933467835586 -1.3247880162019499
FixedParameters: 0 0 0
#Transform 53
Transform: MatrixOffsetTransformBase_double_3_3
Parameters: 0.9999690518955643 0.00360460142129222 -0.006925053410458305 -0.0035618568359790225 0.999974842985501 0.006193099697041585 0.006946793725708851 -0.006167906653798627 0.99995680981658 -0.31305147892354057 -0.0059099155877220255 -1.28661726749678
FixedParameters: 0 0 0
#Transform 54
Transform: MatrixOffsetTransformBase_double_3_3
Parameters: 0.9999698201356473 0.003645125135386804 -0.006847822183551676 -0.003604293248665097 0.9999762203366491 0.005972024831238806 0.006869305796534163 -0.005946980581778796 0.9999585667871718 -0.32264678228592913 0.10699400955802219 -1.2145479617430794
FixedParameters: 0 0 0
#Transform 55
Transform: MatrixOffsetTransformBase_double_3_3
Parameters: 0.9999721699282159 0.004421419684149904 -0.0059394340157565085 -0.004383497066396807 0.9999704834915478 0.006333633103261405 0.00596805554100731 -0.006307357052909204 0.9999617871652948 -0.29131569563786286 0.11490447442965035 -1.238451609898135
FixedParameters: 0 0 0
#Transform 56
Transform: MatrixOffsetTransformBase_double_3_3
Parameters: 0.9999657946044448 0.0035917949259962503 -0.007503300953720033 -0.003546800883361944 0.9999753447548134 0.00606141103492322 0.007525165681349505 -0.0060345891808936125 0.9999532913054399 -0.39484153158109336 0.14305619811705128 -1.3314757383450484
FixedParameters: 0 0 0
#Transform 57
Transform: MatrixOffsetTransformBase_double_3_3
Parameters: 0.9999614637306089 0.004438434514272931 -0.007538947415086688 -0.004388391822148613 0.9999682128752619 0.006608635323883449 0.007568097669211281 -0.0065753530080031874 0.9999493393972886 -0.3797595377876348 0.01846045199420132 -1.285758034806605
FixedParameters: 0 0 0
#Transform 58
Transform: MatrixOffsetTransformBase_double_3_3
Parameters: 0.9999665465576675 0.005406310246709896 -0.006183059354740157 -0.0053615275097702204 0.999959884905535 0.007118611149896439 0.006220948182106844 -0.007084383871941893 0.999955796110819 -0.3166242544953093 0.03352259209003705 -1.255756375266614
FixedParameters: 0 0 0
#Transform 59
Transform: MatrixOffsetTransformBase_double_3_3
Parameters: 0.9999629530402421 0.004592740386454691 -0.007207948044555224 -0.004544277974858426 0.9999670898803432 0.006743054372291016 0.007238296899815929 -0.006709951364878702 0.999951368840331 -0.3375609641774133 0.12461185317374657 -1.3343119178587841
FixedParameters: 0 0 0
#Transform 60
Transform: MatrixOffsetTransformBase_double_3_3
Parameters: 0.9999623986477961 0.004808775820595852 -0.007174740454942358 -0.0047631611650850135 0.9999679839233772 0.0064383942821803625 0.007204926665013314 -0.0064036183228119575 0.9999539537737341 -0.35999980732887593 0.04451078505661599 -1.2668396543172378
FixedParameters: 0 0 0
#Transform 61
Transform: MatrixOffsetTransformBase_double_3_3
Parameters: 0.999965030411421 0.00431964620546634 -0.007163064771972475 -0.004271000964329044 0.9999680876372881 0.006785951889786479 0.007192109570621843 -0.006755050286019304 0.999951260764525 -0.35182055420852976 0.15830194840248168 -1.3015072639024083
FixedParameters: 0 0 0
#Transform 62
Transform: MatrixOffsetTransformBase_double_3_3
Parameters: 0.9999571094648051 0.005201373891615858 -0.007605032496173263 -0.005145009243912973 0.999959313206904 0.007411452197659471 0.007642997813098991 -0.007371547939519746 0.9999435239007012 -0.37458956116789466 0.0691372095815268 -1.2764626328729065
FixedParameters: 0 0 0
#Transform 63
Transform: MatrixOffsetTransformBase_double_3_3
Parameters: 0.9999672647628406 0.004158582607811169 -0.006960279686712097 -0.004110309264074528 0.9999683088570195 0.006806939002919593 0.006988160589030439 -0.006778055467926938 0.9999526772499626 -0.34378915532751364 0.15435180895335066 -1.297748995651716
FixedParameters: 0 0 0
#Transform 64
Transform: MatrixOffsetTransformBase_double_3_3
Parameters: 0.9999611105138079 0.0048457133775329534 -0.007376213730959654 -0.0047931099808853714 0.9999627868757143 0.007161699127793492 0.007410298975287251 -0.007125304437696059 0.9999472611389365 -0.36445426243049894 0.0568362212413831 -1.2712679917601974
FixedParameters: 0 0 0
#Transform 65
Transform: MatrixOffsetTransformBase_double_3_3
Parameters: 0.9999649698880186 0.004109762072790112 -0.007289499858230522 -0.0040640260875698464 0.9999711048576277 0.0063851276618314 0.007315360516501996 -0.006355871153886666 0.9999526962531816 -0.3707658249174841 0.13640954123582105 -1.313208260056797
FixedParameters: 0 0 0
#Transform 66
Transform: MatrixOffsetTransformBase_double_3_3
Parameters: 0.999957024453155 0.004703796181114759 -0.00799049224877239 -0.004651721791963137 0.9999680449161543 0.006561871441072439 0.008020926649863602 -0.006525134414799003 0.9999463419572249 -0.40144893021241046 0.0199746448243161 -1.2948545803005658
FixedParameters: 0 0 0
#Transform 67
Transform: MatrixOffsetTransformBase_double_3_3
Parameters: 0.9999625707696618 0.004939715888703919 -0.00714338481911965 -0.0048941715825861175 0.9999672511705175 0.006467022891876242 0.007174536661998908 -0.006431980344466431 0.9999531250439323 -0.3718275537883784 0.0973508951922355 -1.2979856017856406
FixedParameters: 0 0 0
#Transform 68
Transform: MatrixOffsetTransformBase_double_3_3
Parameters: 0.9999581422483259 0.004903736601794412 -0.007668578843978829 -0.004853745969802761 0.9999670088368928 0.006575664384127808 0.007700614797659071 -0.006538346008776466 0.9999491421397393 -0.3941562170975317 0.07027991633431441 -1.274827805332336
FixedParameters: 0 0 0
#Transform 69
Transform: MatrixOffsetTransformBase_double_3_3
Parameters: 0.9999607904507223 0.004699916842146958 -0.007491158580979198 -0.004651405397834241 0.9999683212269569 0.006488245019548963 0.0075215516406438475 -0.006452755127593746 0.999950731968685 -0.37086032108935285 0.09744272388988406 -1.2808202797644697
FixedParameters: 0 0 0
#Transform 70
Transform: MatrixOffsetTransformBase_double_3_3
Parameters: 0.9999627709114977 0.0042481655851874175 -0.007495500199112193 -0.004201789090072803 0.9999723651611008 0.006188012783606464 0.007521360951892389 -0.00615598529991121 0.9999522164552053 -0.3845564191662163 0.19742593452214408 -1.3136443087043972
FixedParameters: 0 0 0
#Transform 71
Transform: MatrixOffsetTransformBase_double_3_3
Parameters: 0.9999563625999854 0.004720643111263588 -0.008022086256316768 -0.004656200815697736 0.9999566639636351 0.008025196916748675 0.008059307619853967 -0.00798779726682293 0.9999354857666407 -0.40238063452454753 0.11706374318792712 -1.2443472080724405
FixedParameters: 0 0 0
#Transform 72
Transform: MatrixOffsetTransformBase_double_3_3
Parameters: 0.9999496173320321 0.0048029568523372335 -0.008849417063642173 -0.004740151005659752 0.9999632891560194 0.007115331880605119 0.008883165899441705 -0.007072669182430311 0.999935674678966 -0.4923210842422492 0.16269246361554224 -1.496814517585932
FixedParameters: 0 0 0
#Transform 73
Transform: MatrixOffsetTransformBase_double_3_3
Parameters: 0.9999550273479185 0.004086616758896172 -0.008560100954776767 -0.004020326628363483 0.9999622009158146 0.0077198176791336 0.008590833530561358 -0.007685177408388116 0.9999331650284788 -0.3958566674362771 0.13366202400926852 -1.488680278827374
FixedParameters: 0 0 0
#Transform 74
Transform: MatrixOffsetTransformBase_double_3_3
Parameters: 0.9999560055546194 0.004404535686095722 -0.008281960824399295 -0.004342985447116343 0.9999624868331985 0.007517035901645416 0.008314604931931547 -0.0074809669166899795 0.9999370446429288 -0.40272490060270627 -0.05370042306584821 -1.4422098201727351
FixedParameters: 0 0 0
#Transform 75
Transform: MatrixOffsetTransformBase_double_3_3
Parameters: 0.9999619029154437 0.004862472150507904 -0.007311292171648039 -0.004805860614323752 0.9999583913175157 0.007717500861984347 0.007348220018162852 -0.007681501856918779 0.9999439429340894 -0.3875549406191965 0.06160264798320725 -1.4615763291938038
FixedParameters: 0 0 0
#Transform 76
Transform: MatrixOffsetTransformBase_double_3_3
Parameters: 0.9999557884396819 0.005164587395572309 -0.007908374675799048 -0.005100611187919577 0.9999543633542881 0.008067888068989643 0.007949066456948177 -0.008028107708405632 0.9999358795247408 -0.41751860381235417 0.06067264537730921 -1.4062260858106157
FixedParameters: 0 0 0
#Transform 77
Transform: MatrixOffsetTransformBase_double_3_3
Parameters: 0.999957808647619 0.005164149621924198 -0.007649650853308367 -0.005105520549283831 0.9999571285929391 0.007715477372806562 0.007689420490238702 -0.007675527142190594 0.999941234303191 -0.39538444916641424 0.1321318471218973 -1.4090180156004521
FixedParameters: 0 0 0
#Transform 78
Transform: MatrixOffsetTransformBase_double_3_3
Parameters: 0.9999571901589391 0.005120294903440002 -0.007654059367343594 -0.005065580201542607 0.9999605559541469 0.0072461669072243495 0.007691150756171705 -0.007206828171085547 0.9999441860576966 -0.4161068060309816 0.15032806425260503 -1.4030856211893052
FixedParameters: 0 0 0
#Transform 79
Transform: MatrixOffsetTransformBase_double_3_3
Parameters: 0.9999514534904291 0.0048669512312295785 -0.008535747209446607 -0.0048038465264161525 0.9999605902411186 0.007401128268667567 0.008571179401165792 -0.007359862171916032 0.9999359156462707 -0.44071818791579176 0.11472960922436926 -1.3916952504899456
FixedParameters: 0 0 0
#Transform 80
Transform: MatrixOffsetTransformBase_double_3_3
Parameters: 0.9999503412139243 0.005234903802404998 -0.008440850132897094 -0.005169474003027618 0.9999563583710973 0.007757556634656784 0.008481567919739344 -0.007713438477266132 0.9999343022177535 -0.44055838437796524 0.1792928407688663 -1.390895618750946
FixedParameters: 0 0 0
#Transform 81
Transform: MatrixOffsetTransformBase_double_3_3
Parameters: 0.9999583348223233 0.004849222612653685 -0.007755942751249343 -0.004788128086082922 0.9999576176016006 0.007827795512300562 0.007793018631126258 -0.007790207079520467 0.9999397518282493 -0.4203149950663345 0.10650706969119028 -1.3526638185149693
FixedParameters: 0 0 0
#Transform 82
Transform: MatrixOffsetTransformBase_double_3_3
Parameters: 0.9999529535357415 0.004751751119213299 -0.008453927351723737 -0.0046887559688449125 0.9999617501134705 0.007401755343253588 0.008488588627313887 -0.00736224874872049 0.999937211496834 -0.4302025871670452 0.12291909018517799 -1.4081790113395272
FixedParameters: 0 0 0
#Transform 83
Transform: MatrixOffsetTransformBase_double_3_3
Parameters: 0.9999555586416783 0.0054072033850297825 -0.0077586173888644135 -0.005347034564960243 0.999955332910769 0.007780864388455572 0.007800898580569389 -0.007739135149796697 0.9999397860281672 -0.42416303528285937 0.05496443750789126 -1.3715144214380217
FixedParameters: 0 0 0
#Transform 84
Transform: MatrixOffsetTransformBase_double_3_3
Parameters: 0.99995438862187 0.0051318934373002 -0.00807937747346006 -0.005071307063552758 0.9999587336625325 0.007552679446727953 0.00811713122529381 -0.0075113342697639834 0.999939188600092 -0.4269591856433834 0.1352809933945025 -1.3844613199839557
FixedParameters: 0 0 0
#Transform 85
Transform: MatrixOffsetTransformBase_double_3_3
Parameters: 0.9999536432793703 0.005990789553988297 -0.007580564906438821 -0.005933338843842065 0.999953084007743 0.007608973644660483 0.007625623515931327 -0.0075640255875455 0.9999424449699843 -0.4235715070384316 0.03477897503076122 -1.34465869707509
FixedParameters: 0 0 0
#Transform 86
Transform: MatrixOffsetTransformBase_double_3_3
Parameters: 0.9999471619137299 0.0055052749341097575 -0.008690846843812286 -0.0054822936698112855 0.9999816628986622 0.002685273556976439 0.008704950899056057 -0.0026377307429409774 0.9999583314393655 -0.4700848195109302 -0.019434227467996834 -1.4239516174068427
FixedParameters: 0 0 0
#Transform 87
Transform: MatrixOffsetTransformBase_double_3_3
Parameters: 0.9999441864389335 0.005769389364777996 -0.008804836257141693 -0.005732405130332482 0.9999744450567959 0.004287218096490561 0.008828902460115315 -0.004236793352266718 0.9999524108738868 -0.4840862300057438 -0.05828937419362035 -1.3971451532184318
FixedParameters: 0 0 0
#Transform 88
Transform: MatrixOffsetTransformBase_double_3_3
Parameters: 0.9999526226931281 0.0052950282297920155 -0.00820591958245111 -0.005249260106625034 0.9999713976586458 0.0055106275742173305 0.008235347991220058 -0.005467366547980329 0.9999509649340428 -0.43261165858406514 0.015014302581363381 -1.4009465971228963
FixedParameters: 0 0 0
#Transform 89
Transform: MatrixOffsetTransformBase_double_3_3
Parameters: 0.9999524890710143 0.005674026116384147 -0.007957276599473253 -0.00563049490169909 0.9999693173117258 0.005495036279776114 0.007987619700029053 -0.005449971079301244 0.9999532733278114 -0.4506585821329736 0.03147102463204021 -1.3961593656983382
FixedParameters: 0 0 0
#Transform 90
Transform: MatrixOffsetTransformBase_double_3_3
Parameters: 0.9999510182164077 0.006004041680088012 -0.007805848816031604 -0.005958103387293188 0.9999655821217287 0.0058335258837961534 0.007840920375127064 -0.005786477158900696 0.9999529216703846 -0.43683558433616554 0.12418958159105387 -1.402301951607157
FixedParameters: 0 0 0
#Transform 91
Transform: MatrixOffsetTransformBase_double_3_3
Parameters: 0.9999429680749916 0.006450260970595551 -0.00851007619059497 -0.00639382008794223 0.999957284233172 0.006656739312524557 0.008552723783510473 -0.006601261713186091 0.9999417930821093 -0.50183879778983 0.0036578755200054047 -1.332402694686479
FixedParameters: 0 0 0
#Transform 92
Transform: MatrixOffsetTransformBase_double_3_3
Parameters: 0.9999503472902641 0.005617196641835232 -0.008191195210034979 -0.005561948208743375 0.9999624040881029 0.006687036180602915 0.008229018001238698 -0.006641959700274369 0.9999441089320191 -0.480786660722913 0.0836234667504101 -1.3837641939419854
FixedParameters: 0 0 0
#Transform 93
Transform: MatrixOffsetTransformBase_double_3_3
Parameters: 0.9999525480532951 0.005885983043570605 -0.007733305343061871 -0.005837084887024326 0.9999627980748769 0.006350162063251785 0.007770392590058859 -0.006304835793714589 0.9999496727870957 -0.46751244031079864 0.019051596900652612 -1.3447964396429342
FixedParameters: 0 0 0
#Transform 94
Transform: MatrixOffsetTransformBase_double_3_3
Parameters: 0.9999547716637627 0.005835064591725205 -0.007561742106671902 -0.00578681244859447 0.9999631011843215 0.006384677761691451 0.007598513816825511 -0.006340322009967744 0.9999507050024351 -0.46177383746376677 0.013477252084285851 -1.3462614782583842
FixedParameters: 0 0 0
#Transform 95
Transform: MatrixOffsetTransformBase_double_3_3
Parameters: 0.9999494182474936 0.006101121147121593 -0.00802240597659306 -0.006046711669103634 0.9999580590372508 0.006800682148237924 0.00806306231908953 -0.006752312005972247 0.9999445139588518 -0.4547042640929533 -0.013050723706484746 -1.3166609004600787
FixedParameters: 0 0 0
#Transform 96
Transform: MatrixOffsetTransformBase_double_3_3
Parameters: 0.9999530884372323 0.005643607547796892 -0.007877701995108705 -0.005596448522392267 0.9999662364018903 0.005978327455844784 0.007911379644312135 -0.005933665180351308 0.9999509019123357 -0.44605603832172847 0.07561433187717626 -1.3504413545995675
FixedParameters: 0 0 0
#Transform 97
Transform: MatrixOffsetTransformBase_double_3_3
Parameters: 0.9999519784714611 0.006099855625013408 -0.007668800131330016 -0.006053248795509789 0.9999629389651468 0.006125280994034074 0.007705704003365331 -0.00607871939542913 0.9999515682150619 -0.44450132323869695 -0.03602642500369768 -1.3024074968903392
FixedParameters: 0 0 0
#Transform 98
Transform: MatrixOffsetTransformBase_double_3_3
Parameters: 0.9999534833181547 0.0056411732022042995 -0.007790181276259972 -0.005596277956947913 0.9999669805712065 0.005830827876869019 0.007823106128775952 -0.005787174030544115 0.999953011643687 -0.4327244393020351 0.0651816612605387 -1.331344426220383
FixedParameters: 0 0 0
#Transform 99
Transform: MatrixOffsetTransformBase_double_3_3
Parameters: 0.9999538137459176 0.005809999242126456 -0.007709029929256455 -0.005761626657535698 0.9999638182214852 0.006266509929428732 0.007745107291989603 -0.006221494631390309 0.9999510178472968 -0.42634606522619833 -0.008307419541523586 -1.2842411756051462
FixedParameters: 0 0 0
#Transform 100
Transform: MatrixOffsetTransformBase_double_3_3
Parameters: 0.9999525150641959 0.0059026579286537775 -0.007722591050972942 -0.00585534534732701 0.9999636292765793 0.006187233114097385 0.007758897414417996 -0.006141766640390359 0.999950881151193 -0.4265297402081387 0.10088936037818996 -1.3286415630211366
FixedParameters: 0 0 0
#Transform 101
Transform: MatrixOffsetTransformBase_double_3_3
Parameters: 0.9999591106147298 0.005835312240388806 -0.006843795593552935 -0.005783643706012993 0.9999539636680399 0.007631163106255084 0.006887416105389632 -0.007591838625490621 0.9999472730474545 -0.3792995692968901 -0.013287318004557847 -1.2090215991659505
FixedParameters: 0 0 0
#Transform 102
Transform: MatrixOffsetTransformBase_double_3_3
Parameters: 0.9999576249966624 0.005643529089223353 -0.007315977365779584 -0.005587820986699653 0.9999554499395988 0.007610811628526143 0.007358645192970135 -0.007569183492781337 0.9999439547754909 -0.3888790876221151 0.10851667002360443 -1.2075766487149195
FixedParameters: 0 0 0
#Transform 103
Transform: MatrixOffsetTransformBase_double_3_3
Parameters: 0.9999558647344515 0.005924219978574146 -0.007350499786794514 -0.005868091827738048 0.9999529832627905 0.007682014284694505 0.00739633975934993 -0.007637980595788366 0.9999435259742667 -0.4139867634222014 -0.0074251629973645095 -1.1992033621996114
FixedParameters: 0 0 0
#Transform 104
Transform: MatrixOffsetTransformBase_double_3_3
Parameters: 0.9999554696630873 0.005662225560343915 -0.007514669056831963 -0.005603619122073036 0.9999540074537291 0.00781215914340222 0.0075581159114099334 -0.007769844694989744 0.9999410582881328 -0.42031253152813974 0.1146278319795897 -1.2106318234720987
FixedParameters: 0 0 0
#Transform 105
Transform: MatrixOffsetTransformBase_double_3_3
Parameters: 0.9999705641900114 0.003955399882671199 -0.006541044207959059 -0.0039151016460735365 0.9999727096130838 0.006303717279698182 0.006565930452374955 -0.006278290884883547 0.9999586992240697 -0.31352407005151406 0.09239495664476749 -1.3926377675496013
FixedParameters: 0 0 0
#Transform 106
Transform: MatrixOffsetTransformBase_double_3_3
Parameters: 0.9999615509383396 0.0038370344124328644 -0.00785671839296754 -0.00378815391668768 0.9999737280522161 0.006111766850835171 0.007879984705214664 -0.006081221115715393 0.9999504862237766 -0.4487333422486728 0.18396174492787054 -1.455586376218804
FixedParameters: 0 0 0
#Transform 107
Transform: MatrixOffsetTransformBase_double_3_3
Parameters: 0.9999596352022309 0.004649621356343661 -0.007664214236536481 -0.004606331593847142 0.9999738044969605 0.005652766501369311 0.007690829988506066 -0.005617231534333092 0.9999543224864477 -0.4285366884701034 0.027084702078056466 -1.3724598081579273
FixedParameters: 0 0 0
#Transform 108
Transform: MatrixOffsetTransformBase_double_3_3
Parameters: 0.9999536722423806 0.006265498182149999 -0.00735316659228779 -0.0062332759389187725 0.9999709763361436 0.004406349302909868 0.007380509300694885 -0.004359652596346186 0.9999632734390214 -0.45544465790338506 0.12348716694393147 -1.3882678903304821
FixedParameters: 0 0 0
#Transform 109
Transform: MatrixOffsetTransformBase_double_3_3
Parameters: 0.9999727287982646 0.005032616153946851 -0.0054723554587255635 -0.004999944682674375 0.9999701501806213 0.005961469124257768 0.005501599569599288 -0.005934533485132024 0.9999668195909427 -0.32201668948070505 0.10176694059217084 -1.3207257944860658
FixedParameters: 0 0 0
#Transform 110
Transform: MatrixOffsetTransformBase_double_3_3
Parameters: 0.9999780415898413 0.00509593919855229 -0.004121566812605962 -0.005071292563650547 0.9999685508457794 0.006086510976411594 0.004152339709552741 -0.006065486806129394 0.9999726537309505 -0.24224398034237993 0.13890554813676204 -1.2992759608853675
FixedParameters: 0 0 0
#Transform 111
Transform: MatrixOffsetTransformBase_double_3_3
Parameters: 0.9999736505117499 0.0055593112193240805 -0.004630298662601462 -0.005530277280195114 0.999965445346692 0.006241196594681309 0.00466561766178959 -0.006214799105805871 0.9999696274565001 -0.28306739422419014 0.0939228611717624 -1.2363223709938183
FixedParameters: 0 0 0
#Transform 112
Transform: MatrixOffsetTransformBase_double_3_3
Parameters: 0.9999709805779099 0.0059219447207252114 -0.004790113363639502 -0.005893901385070648 0.9999646993606774 0.005940768649836267 0.004825396440556682 -0.005912230339532906 0.9999710327830372 -0.30975201608430325 0.14433543689617068 -1.2736065756698878
FixedParameters: 0 0 0
#Transform 113
Transform: MatrixOffsetTransformBase_double_3_3
Parameters: 0.9999695798303565 0.00552033961834055 -0.005471915682275257 -0.005486082192544648 0.9999657522958542 0.006218002263276415 0.005506851364825829 -0.006187996079983271 0.9999658712240928 -0.3252602807617677 0.10253860833505257 -1.2689984450446303
FixedParameters: 0 0 0
#Transform 114
Transform: MatrixOffsetTransformBase_double_3_3
Parameters: 0.999967054662974 0.005686159600056032 -0.005797808276266501 -0.005653260157349111 0.999968230133689 0.00566377725656407 0.005829425052432883 -0.005631226141503715 0.9999670344374433 -0.34382123422744826 0.13285846315729088 -1.2792535703281231
FixedParameters: 0 0 0
#Transform 115
Transform: MatrixOffsetTransformBase_double_3_3
Parameters: 0.9999647846389488 0.006190936308617 -0.005734773774232126 -0.006159000816878636 0.9999652130540833 0.005570091372134975 0.005768843003976407 -0.005533905142258391 0.9999679206236682 -0.35394143157354563 0.05774131985845088 -1.2281502352535227
FixedParameters: 0 0 0
#Transform 116
Transform: MatrixOffsetTransformBase_double_3_3
