#Insight Transform File V1.0
#Transform 0
Transform: MatrixOffsetTransformBase_double_3_3
Parameters: 0.9999988148670715 0.0009046948047810344 0.0011694833372933422 -0.0009059801319237556 0.9999979673940314 0.00145080595233113 -0.001167603950319789 -0.0014521934370339135 0.9999986337654119 -0.05904898480832799 -0.04811702570732734 -0.48411228345903723
FixedParameters: 0 0 0
#Transform 1
Transform: MatrixOffsetTransformBase_double_3_3
Parameters: 0.9999988802855412 0.0013247096901041078 0.0011686385096507839 -0.001328896509318066 0.9999919847048596 0.0037584391593876443 -0.0011631374891096333 -0.0037605626916673573 0.9999926277714092 0.00032548689948441734 -0.24676885984752062 -0.34241636325835145
FixedParameters: 0 0 0
#Transform 2
Transform: MatrixOffsetTransformBase_double_3_3
Parameters: 0.9999984671528185 0.0015188890355010798 0.0011077476194192835 -0.001521320648899831 0.9999953195824416 0.0026664110471448094 -0.0011032439416424266 -0.0026675894844036124 0.9999959217531785 -0.0484781459339132 -0.10231581768117337 -0.35096869335822944
FixedParameters: 0 0 0
#Transform 3
Transform: MatrixOffsetTransformBase_double_3_3
Parameters: 0.9999982163061572 0.0014741866707796542 0.0007808023390853011 -0.0014770257448774163 0.9999949944349965 0.0027729564665749107 -0.0007764654500625518 -0.0027740421769654466 0.9999958372299838 -0.030802258380560943 -0.08767038006874373 -0.34271175014676203
FixedParameters: 0 0 0
#Transform 4
Transform: MatrixOffsetTransformBase_double_3_3
Parameters: 0.9999985080663266 0.001577660339841795 0.0010011501216210432 -0.00158029466662438 0.9999954065644352 0.002615514783437786 -0.0009976078911922406 -0.0026164882737161055 0.9999964145467655 -0.03706875478850691 -0.10552263876766688 -0.3912336139487955
FixedParameters: 0 0 0
#Transform 5
Transform: MatrixOffsetTransformBase_double_3_3
Parameters: 0.9999958155500206 0.0027518597561569822 0.0007814125559267502 -0.0027548377266775116 0.9999906012260477 0.0032603272850393328 -0.0007722634380739552 -0.0032626671448543615 0.9999939394778206 0.04401637496064836 -0.11933765808817043 -0.3289008525466137
FixedParameters: 0 0 0
#Transform 6
Transform: MatrixOffsetTransformBase_double_3_3
Parameters: 0.9999970960855735 0.0021950886413986564 -0.0002925578924551679 -0.0021944631545090156 0.9999957164253428 0.0019179180842132798 0.00029688500985060003 -0.001918081138761879 0.999998022198068 0.039536270002528795 -0.07673321179250081 -0.38547809157166313
FixedParameters: 0 0 0
#Transform 7
Transform: MatrixOffsetTransformBase_double_3_3
Parameters: 0.9999990534658767 0.0013872155698557054 0.0001491084265823243 -0.001387471971032528 0.999996625172397 0.0021059152644139767 -0.0001462425699959359 -0.0021060831005478425 0.9999975578108541 -0.014235409369860008 -0.09909149363232927 -0.4030458815653901
FixedParameters: 0 0 0
#Transform 8
Transform: MatrixOffsetTransformBase_double_3_3
Parameters: 0.9999988558260725 0.0014348403569936698 -0.0002914822371633849 -0.0014341719458583451 0.9999928307937196 0.0034785421361268193 0.0002962542220128237 -0.003477457106565565 0.9999938319810844 -0.04960765757601848 -0.16527204376993154 -0.34605310948311896
FixedParameters: 0 0 0
#Transform 9
Transform: MatrixOffsetTransformBase_double_3_3
Parameters: 0.99999889267163 0.0013428171007268384 0.0005513990246063859 -0.0013441962011090877 0.9999954201135474 0.0025993803931520926 -0.0005482610974308689 -0.0026006158806794466 0.9999959525382742 -0.06681532551753833 -0.12191539838269705 -0.3843954823855995
FixedParameters: 0 0 0
#Transform 10
Transform: MatrixOffsetTransformBase_double_3_3
Parameters: 0.9999993806783952 0.0012644655371853051 -0.00014177435973788927 -0.0012643544283040176 0.999995771207362 0.002572301201389307 0.00014517898436134424 -0.002571696457253733 0.9999963790819787 -0.04404685882931858 -0.09074706257231924 -0.3898528552529328
FixedParameters: 0 0 0
#Transform 11
Transform: MatrixOffsetTransformBase_double_3_3
Parameters: 0.9999989919930493 0.0014137032165475129 0.00009876340466601247 -0.0014137285440346198 0.9999960010700579 0.002642986658282609 -0.00009526067460212218 -0.002643019036218608 0.9999970199790452 -0.03382472520635815 -0.11757825280066925 -0.3798357659874405
FixedParameters: 0 0 0
#Transform 12
Transform: MatrixOffsetTransformBase_double_3_3
Parameters: 0.999997532454612 0.0014554810934403763 -0.0015321525735848772 -0.001452148384340301 0.9999959718331173 0.0023011524374878384 0.001536369017527381 -0.002299844176410229 0.9999959760034753 -0.013080026567791947 -0.0660904445929873 -0.43280456102245424
FixedParameters: 0 0 0
#Transform 13
Transform: MatrixOffsetTransformBase_double_3_3
Parameters: 0.999998324960928 0.0013704966134532768 -0.0013408927448227183 -0.0013670562599559445 0.9999957319493658 0.0025797478745971936 0.001343495243787408 -0.002578256060361425 0.999996290485373 -0.027076740776919905 -0.09413880280486353 -0.42072507052555963
FixedParameters: 0 0 0
#Transform 14
Transform: MatrixOffsetTransformBase_double_3_3
Parameters: 0.9999990637014667 0.0009972487319940412 -0.0009706824599794183 -0.000994481529974788 0.9999967491152457 0.0023199816141762086 0.0009730734520638198 -0.0023190161910996987 0.9999965544112139 -0.03144928140297054 -0.08285237327872608 -0.44166729485537104
FixedParameters: 0 0 0
#Transform 15
Transform: MatrixOffsetTransformBase_double_3_3
Parameters: 0.9999986969039121 0.0006552838354721784 -0.0016948078732966496 -0.0006508429125701996 0.999997805371404 0.0021879869404507896 0.0016972987734507033 -0.002186013598046155 0.9999963255744382 -0.02797550894531753 -0.08809460283859494 -0.43169391337266916
FixedParameters: 0 0 0
#Transform 16
Transform: MatrixOffsetTransformBase_double_3_3
Parameters: 0.9999975844413372 0.001612219571048499 -0.0013478144532225122 -0.0016096559265707969 0.9999969680564401 0.001919203675145545 0.001350650772453546 -0.0019167972011533557 0.999997258920323 -0.014852004101925331 -0.07922599031618915 -0.4515780230582749
FixedParameters: 0 0 0
#Transform 17
Transform: MatrixOffsetTransformBase_double_3_3
Parameters: 0.9999970086276455 0.001705972164079431 -0.001754846498636825 -0.001702656216916351 0.9999962656989955 0.0022540242034675 0.0017589357625958629 -0.0022499761912625343 0.9999955998924309 0.002100451167564188 -0.11438187824194301 -0.45095775526606374
FixedParameters: 0 0 0
#Transform 18
Transform: MatrixOffsetTransformBase_double_3_3
Parameters: 0.9999969833586543 0.001620634785934988 -0.0018413925588185959 -0.0016166997403625932 0.9999965735570896 0.002046906336896373 0.0018445494219951235 -0.0020440928209455728 0.9999960416414905 0.022310026321832765 -0.06192099824215802 -0.46125611057527394
FixedParameters: 0 0 0
#Transform 19
Transform: MatrixOffsetTransformBase_double_3_3
Parameters: 0.99999515954339 0.0026680676778676844 -0.0013121591686409279 -0.002666025606130908 0.9999954005201747 0.0013948052440485442 0.001316368193075162 -0.001391192156334875 0.9999978781182938 0.06633915226935017 0.0011502855784328858 -0.48922832000194205
FixedParameters: 0 0 0
#Transform 20
Transform: MatrixOffsetTransformBase_double_3_3
Parameters: 0.9999918318589145 0.0028219002654786387 -0.0028642202295602348 -0.0028160009107152423 0.9999934968807477 0.0021379584650471767 0.002870435746914592 -0.0021300388779295076 0.9999932270248709 0.0684545631258402 -0.13680120443854094 -0.45917384167071873
FixedParameters: 0 0 0
#Transform 21
Transform: MatrixOffsetTransformBase_double_3_3
Parameters: 0.9999889295606533 0.001884193697405067 -0.004303455867005626 -0.0018781037215501763 0.9999971124768402 0.0014900988824656097 0.004306208495144511 -0.001481901796344623 0.9999894006640547 0.03682098777548504 -0.1583185129124871 -0.4966397571999188
FixedParameters: 0 0 0
#Transform 22
Transform: MatrixOffsetTransformBase_double_3_3
Parameters: 0.9999924099026147 0.0017309387427145704 -0.003548920938581562 -0.0017241945383647268 0.999996643116053 0.002019483543071854 0.003551935652201759 -0.0020135193006922403 0.9999916341963646 -0.026427132663542352 -0.15063165898723696 -0.4656858994542752
FixedParameters: 0 0 0
#Transform 23
Transform: MatrixOffsetTransformBase_double_3_3
Parameters: 0.9999928573137242 0.0012492032745599793 -0.0035469664434635137 -0.0012441690565686693 0.9999975671068898 0.0015336210618656643 0.00354906129609909 -0.0015293788477920706 0.9999925992033849 -0.004164961614463891 -0.08862034486432435 -0.48695520505677337
FixedParameters: 0 0 0
#Transform 24
Transform: MatrixOffsetTransformBase_double_3_3
Parameters: 0.9999920154763129 0.000981810633404959 -0.0037445645410119676 -0.0009766071399161763 0.9999985887394965 0.001342849618525252 0.003745588897388691 -0.0013391492059284527 0.9999918301611282 0.037654222210420585 -0.03145626007547264 -0.5061202068890829
FixedParameters: 0 0 0
#Transform 25
Transform: MatrixOffsetTransformBase_double_3_3
Parameters: 0.9999949403314932 0.0011193954596231549 -0.003131256099824789 -0.0011118413639860482 0.9999968045180848 0.00229691952319018 0.003134531178111616 -0.002293079471176143 0.9999926017225814 0.009008932404356074 -0.05998093581632702 -0.47198435884017087
FixedParameters: 0 0 0
#Transform 26
Transform: MatrixOffsetTransformBase_double_3_3
Parameters: 0.9999946093920481 0.0010017724676455945 -0.003222942977075938 -0.0009958844586796412 0.9999985496093386 0.0016656449528669182 0.0032246651954643056 -0.0016623550822533056 0.9999935219711552 0.0159096533943881 -0.01918693679425587 -0.5041313534538716
FixedParameters: 0 0 0
#Transform 27
Transform: MatrixOffsetTransformBase_double_3_3
Parameters: 0.9999951015153599 0.00047481057326496316 -0.0029448863201570275 -0.0004701330016194518 0.9999985781337016 0.0018059092065095123 0.002945860735376971 -0.001804093674424856 0.9999940073066452 -0.0030271382431266147 -0.022397228501446875 -0.486908299650306
FixedParameters: 0 0 0
#Transform 28
Transform: MatrixOffsetTransformBase_double_3_3
Parameters: 0.9999965689323784 0.0007831514327458534 -0.002611155235669157 -0.0007780907944035332 0.9999979632101854 0.0018966901455427648 0.002612512684721448 -0.0018943084934660848 0.9999944198645894 -0.006321688320397811 -0.0586928657472896 -0.5242024110463497
FixedParameters: 0 0 0
#Transform 29
Transform: MatrixOffsetTransformBase_double_3_3
Parameters: 0.9999919253730494 0.0007450333679559795 -0.003939412160428348 -0.0007423183261019588 0.9999993309064658 0.0005979760341546236 0.003940055630966594 -0.0005950219102969778 0.9999918828404637 0.06342168279716986 0.013180993108022676 -0.560759345553052
FixedParameters: 0 0 0
#Transform 30
Transform: MatrixOffsetTransformBase_double_3_3
Parameters: 0.999992872426267 0.0008078916904178656 -0.003670760002374785 -0.0008059070125542364 0.9999994094045339 0.00040712920019225773 0.0036712925306578914 -0.00040386862796440437 0.9999931341610145 0.055768461312382556 -0.009070495732842687 -0.5574496319264739
FixedParameters: 0 0 0
#Transform 31
Transform: MatrixOffsetTransformBase_double_3_3
Parameters: 0.9999953775187466 0.00037391943945242596 -0.0030793947871434217 -0.0003682623485180503 0.999998493572342 0.0015635363440862499 0.003080067344257053 -0.0015624602292784728 0.9999939979990372 0.03134889127157692 -0.07849034998109516 -0.5198591247271374
FixedParameters: 0 0 0
#Transform 32
Transform: MatrixOffsetTransformBase_double_3_3
Parameters: 0.9999951608019152 0.0005880817310718641 -0.0032391986759495455 -0.0005833088994954796 0.9999986095139993 0.001503187168773082 0.0032403493495023294 -0.001501813950605363 0.9999940362589302 0.050930668719161076 -0.07033191992387344 -0.5311162055033698
FixedParameters: 0 0 0
#Transform 33
Transform: MatrixOffsetTransformBase_double_3_3
Parameters: 0.9999954697386542 0.00029649675940681157 -0.0029056111510150063 -0.00029214473076851535 0.9999989221497615 0.0014323706712946332 0.002905966611778079 -0.0014316278890107864 0.9999944463321355 0.017054099247715726 -0.10636508234946973 -0.526106039206379
FixedParameters: 0 0 0
#Transform 34
Transform: MatrixOffsetTransformBase_double_3_3
Parameters: 0.9999938959806716 0.0003606870235411657 -0.0036019628087171434 -0.0003576347465319925 0.9999992743939753 0.0008374467348328668 0.003602198439360979 -0.0008365527312640259 0.9999932204442864 0.056243950384967434 -0.0031539196352667886 -0.5711768922714846
FixedParameters: 0 0 0
#Transform 35
Transform: MatrixOffsetTransformBase_double_3_3
Parameters: 0.9999947073545297 0.0005353921583714383 -0.00316310801451074 -0.0005306520208426396 0.9999985594739161 0.0015340956877350626 0.003164133451548272 -0.0015329030262477839 0.9999934446234744 0.03475164636566319 -0.05633702935384122 -0.5252654978506222
FixedParameters: 0 0 0
#Transform 36
Transform: MatrixOffsetTransformBase_double_3_3
Parameters: 0.9999960447107078 0.0005389613487776961 -0.0029439625032105982 -0.0005336215145249013 0.9999977971968382 0.001729973093413828 0.0029442151114871386 -0.0017280249186732988 0.9999942686175757 0.0334651137433184 -0.05047389715507222 -0.49134804418670086
FixedParameters: 0 0 0
#Transform 37
Transform: MatrixOffsetTransformBase_double_3_3
Parameters: 0.9999960632275229 0.0005135238182145893 -0.0027699961680358906 -0.0005123140887653962 0.9999997592755245 0.0003979516451049353 0.0027702820703462833 -0.00039704791153055696 0.9999959879391778 0.043100960565027435 0.037853167353304684 -0.5852081899982018
FixedParameters: 0 0 0
#Transform 38
Transform: MatrixOffsetTransformBase_double_3_3
Parameters: 0.9999954196841485 0.00041482312969889044 -0.0030672526274149094 -0.0004100185679648333 0.9999983696920698 0.001592659936498611 0.0030679564341030674 -0.0015913392530035042 0.9999939810500537 0.05307517390032501 -0.047606325059504684 -0.5298865960910746
FixedParameters: 0 0 0
#Transform 39
Transform: MatrixOffsetTransformBase_double_3_3
Parameters: 0.9999964973426642 0.00032528322157379376 -0.002529187394658263 -0.00032007118040106584 0.9999986461956437 0.001815453362901176 0.0025298712399228146 -0.0018145466843683677 0.9999952626808698 0.04167005890110431 -0.050114145183414394 -0.5039704202385771
FixedParameters: 0 0 0
#Transform 40
Transform: MatrixOffsetTransformBase_double_3_3
Parameters: 0.9999940214663365 0.0003412011877971127 -0.003444185875870867 -0.00033736993219342175 0.9999995704706922 0.0011334289587488916 0.0034444668862667516 -0.0011315729648549572 0.9999938858729809 0.06650678777266705 0.013120185499602144 -0.5444327696204034
FixedParameters: 0 0 0
#Transform 41
Transform: MatrixOffsetTransformBase_double_3_3
Parameters: 0.9999974048405279 0.00021182036177327043 -0.002133188172942644 -0.00020728693731392788 0.9999980137279558 0.0019932043005987943 0.0021335359792142854 -0.0019927940384611986 0.999995447000865 0.012751250281183957 -0.06892949253004588 -0.5026889872872999
FixedParameters: 0 0 0
#Transform 42
Transform: MatrixOffsetTransformBase_double_3_3
Parameters: 0.9999982119780023 -0.00042881057261218316 -0.0018984955449804731 0.00043196721889752023 0.9999988717803072 0.0016480330100258206 0.0018977039237910419 -0.0016479681860135514 0.999996908379378 0.008020968033676468 -0.0338275863077655 -0.5012481076331348
FixedParameters: 0 0 0
#Transform 43
Transform: MatrixOffsetTransformBase_double_3_3
Parameters: 0.9999972320946636 0.00014333829799797904 -0.0021789274496840567 -0.0001408686114547254 0.9999994470032406 0.0012500680665359781 0.0021789171022245516 -0.0012499326474298272 0.9999966600855434 0.03740714646455956 0.0039629124754583245 -0.5438446264288253
FixedParameters: 0 0 0
#Transform 44
Transform: MatrixOffsetTransformBase_double_3_3
Parameters: 0.9999986222430062 0.000017247609891948894 -0.0018380696392828939 -0.00001392918946656609 0.9999979385782546 0.0022529089742503033 0.0018375305338984352 -0.002253093605021822 0.9999955316196961 0.023220048101435964 -0.09097894345433133 -0.47433871612693324
FixedParameters: 0 0 0
#Transform 45
Transform: MatrixOffsetTransformBase_double_3_3
Parameters: 0.9999979762098938 0.0000282450749173538 -0.0020060116579476515 -0.000024027381105105114 0.9999976708024302 0.0022887977463341147 0.002005521938346451 -0.0022882064519013784 0.9999958309095464 0.021788754347625172 -0.07813575808414441 -0.48299706580993984
FixedParameters: 0 0 0
#Transform 46
Transform: MatrixOffsetTransformBase_double_3_3
Parameters: 0.9999961652556086 -0.00002718357727241993 -0.0026145229952234026 0.000033093160201700745 0.9999975983514429 0.002079541304274707 0.00261378830499522 -0.0020794543531072185 0.9999939182487178 0.07286779832993773 -0.006311771319687409 -0.5058019723064824
FixedParameters: 0 0 0
#Transform 47
Transform: MatrixOffsetTransformBase_double_3_3
Parameters: 0.999998337915578 -0.00015689137697104928 -0.0016239744692723445 0.00015966191150425688 0.9999975250180747 0.002112620880596147 0.001623810661464142 -0.002113376856285029 0.9999958833487632 0.039187159485948087 -0.06846945359457379 -0.5002483848785957
FixedParameters: 0 0 0
#Transform 48
Transform: MatrixOffsetTransformBase_double_3_3
Parameters: 0.9999990576415326 -0.0002539085927274665 -0.000936673963895888 0.0002566135963431644 0.9999977921590258 0.002038640391300778 0.000936503686187981 -0.002039360467367135 0.9999979504282764 0.018613754146571182 -0.07273692759423511 -0.508076062941953
FixedParameters: 0 0 0
#Transform 49
Transform: MatrixOffsetTransformBase_double_3_3
Parameters: 0.9999995989764897 0.00002441526075197431 -0.0006328356314532237 -0.000023181552927731596 0.9999989053412555 0.0017590162619366967 0.00063279748539537 -0.0017589861452719513 0.9999985054638214 0.04353709463585176 -0.008783447270715783 -0.5317933339976477
FixedParameters: 0 0 0
#Transform 50
Transform: MatrixOffsetTransformBase_double_3_3
Parameters: 0.9999996086612964 -0.00035559077402898894 -0.001124634531338484 0.0003576798711418698 0.9999983908443391 0.0018655987055810341 0.0011240523767778268 -0.0018664006712647147 0.9999972538978006 0.03559796469500043 -0.05504489811460189 -0.49911126965055175
FixedParameters: 0 0 0
#Transform 51
Transform: MatrixOffsetTransformBase_double_3_3
Parameters: 0.9999995162651497 -0.00030381770090680905 -0.0006254794925064292 0.00030531882784209306 0.9999974118946302 0.002091793391910235 0.0006250761614908421 -0.0020912039806118554 0.9999973556213287 0.03142816843764251 -0.03810225669811018 -0.5175018208779889
FixedParameters: 0 0 0
#Transform 52
Transform: MatrixOffsetTransformBase_double_3_3
Parameters: 0.9999996017205272 -0.0004057885895215501 -0.0011106938292698453 0.000407642228711616 0.9999985327384933 0.0017835338415703034 0.0011099918846176535 -0.0017834667365797252 0.9999977072293132 0.06480639392188436 -0.009356795485118141 -0.5143487799194766
FixedParameters: 0 0 0
#Transform 53
Transform: MatrixOffsetTransformBase_double_3_3
Parameters: 0.9999991473052263 -0.0002551103435096782 -0.0008874049100031995 0.00025643718008055966 0.999998190343274 0.001934772929253592 0.0008871638737294402 -0.00193522682164729 0.9999974685037516 0.056038793512499296 -0.058537595017952526 -0.48997730350723145
FixedParameters: 0 0 0
#Transform 54
Transform: MatrixOffsetTransformBase_double_3_3
Parameters: 0.9999997006798416 -0.00010326216059176009 -0.0011355094112888992 0.00010461163985062868 0.9999983563496382 0.0019058819104412622 0.0011347475958763 -0.0019061178781596272 0.9999970786497754 0.0852197519710387 -0.021851040665410437 -0.5462225929405875
FixedParameters: 0 0 0
#Transform 55
Transform: MatrixOffsetTransformBase_double_3_3
Parameters: 0.9999994779917577 -0.00016601425614356206 -0.0007030449070183282 0.00016711175645346162 0.9999977783965124 0.0022788843478999815 0.00070303452119844 -0.002279118553218079 0.9999973118919042 0.05358396740784599 -0.06881819381715104 -0.498240702059519
FixedParameters: 0 0 0
#Transform 56
Transform: MatrixOffsetTransformBase_double_3_3
Parameters: 0.9999988593140027 -0.0005112944049508681 -0.0009378925404511826 0.0005139725000527828 0.9999961107140609 0.002553383357846356 0.0009360233241963289 -0.0025536156241195707 0.9999967078531834 0.046548362509483354 -0.07502348312311824 -0.509890904760109
FixedParameters: 0 0 0
#Transform 57
Transform: MatrixOffsetTransformBase_double_3_3
Parameters: 0.9999992466289591 0.00006577252448945877 -0.0008655212899451551 -0.00006416044760472028 0.999997692532571 0.002077935986265031 0.0008655475526260554 -0.0020780654507435437 0.9999979179145531 0.06781273507239405 -0.010272883095097995 -0.5249284219186272
FixedParameters: 0 0 0
#Transform 58
Transform: MatrixOffsetTransformBase_double_3_3
Parameters: 0.9999996904926062 0.00010665777843148674 -0.0005459789560373279 -0.00010504289836944077 0.9999972910083529 0.002387058070343534 0.0005463624175163547 -0.002386942449874807 0.9999970039278961 0.04595803191618586 -0.06302622062017349 -0.480773660757432
FixedParameters: 0 0 0
#Transform 59
Transform: MatrixOffsetTransformBase_double_3_3
Parameters: 0.9999990612678703 -0.0003931677718653568 -0.0008856175231342586 0.0003949677500994255 0.9999979738426581 0.0022066526992126773 0.0008846269141976188 -0.0022073503012561557 0.9999973457065489 0.050716959837387776 -0.05166630820433227 -0.513220151188019
FixedParameters: 0 0 0
#Transform 60
Transform: MatrixOffsetTransformBase_double_3_3
Parameters: 0.9999998538250975 -0.00013874304944754934 -0.00035604837532238675 0.00013953454662021653 0.9999968196355984 0.002675952561563749 0.0003561743825398131 -0.0026760516644821625 0.9999967122003176 0.028750495739345183 -0.08129289432396547 -0.4786378073745041
FixedParameters: 0 0 0
#Transform 61
Transform: MatrixOffsetTransformBase_double_3_3
Parameters: 0.9999996974303732 -0.0003858130856956937 -0.0010741182160433264 0.0003882617210206293 0.9999972433172267 0.0021214482050739836 0.001073224824220051 -0.0021215509383654685 0.9999974525775951 0.07427283776125648 -0.02894713852259656 -0.5290307227498516
FixedParameters: 0 0 0
#Transform 62
Transform: MatrixOffsetTransformBase_double_3_3
Parameters: 0.9999997927334624 -0.00010719638693317224 -0.0010937357810726718 0.00010992158608531123 0.9999973633377017 0.002153759587788226 0.0010930243693402688 -0.0021542389073847257 0.9999971499534468 0.08014333381726146 -0.05503142559101093 -0.5144348059574533
FixedParameters: 0 0 0
#Transform 63
Transform: MatrixOffsetTransformBase_double_3_3
Parameters: 0.9999993503741398 -0.00008933042307948551 -0.0008012615397952364 0.00009078940605449926 0.9999973842266165 0.00214980710245348 0.0008006305426933264 -0.00215019329538034 0.9999977211346414 0.0591584436291015 -0.03008697560692042 -0.5153370342733474
FixedParameters: 0 0 0
#Transform 64
Transform: MatrixOffsetTransformBase_double_3_3
Parameters: 0.99999996342536 -0.00016061538863366552 -0.001005656127158741 0.00016278781121677112 0.9999977120663135 0.002067716824348975 0.0010047435892677017 -0.002068283836237722 0.9999976980983044 0.07842166181823984 -0.04598415643511089 -0.5254994852331656
FixedParameters: 0 0 0
#Transform 65
Transform: MatrixOffsetTransformBase_double_3_3
Parameters: 0.9999997976486539 0.00019286093627605858 -0.00040621970905871526 -0.00019210521672809503 0.9999973404397591 0.0021500766964953205 0.00040692551803201137 -0.002149920183627904 0.9999972122047079 0.05391655130226525 -0.05858259965853563 -0.509504130093962
FixedParameters: 0 0 0
#Transform 66
Transform: MatrixOffsetTransformBase_double_3_3
Parameters: 0.9999991769347893 0.000024550637427228866 -0.0009069456555393353 -0.00002185014687599141 0.9999978690040445 0.002035900594078016 0.000906918258667665 -0.0020361004377316555 0.9999980173264558 0.07922826290968032 -0.02592320492604472 -0.5702545006113695
FixedParameters: 0 0 0
#Transform 67
Transform: MatrixOffsetTransformBase_double_3_3
Parameters: 0.9999991930377459 -0.00001887020660273091 -0.0008982558267974221 0.000020522403636893394 0.999997898976156 0.002024981359899772 0.000897932318566277 -0.0020250167423513793 0.9999970928054163 0.07475131342349073 -0.0622346461817358 -0.5050308025160284
FixedParameters: 0 0 0
#Transform 68
Transform: MatrixOffsetTransformBase_double_3_3
Parameters: 0.9999998163534463 0.00007394962941478127 -0.00042208596705685684 -0.00007304991746119726 0.9999969873545631 0.0022409098207624156 0.0004222935243554817 -0.0022410896851430134 0.9999977848253294 0.06238774608887354 -0.04531840917998409 -0.5380474148979921
FixedParameters: 0 0 0
#Transform 69
Transform: MatrixOffsetTransformBase_double_3_3
Parameters: 0.9999998984312977 0.00010320138520656873 -0.00030152673122459795 -0.00010187548296950152 0.9999971626671903 0.0021970288995697973 0.00030197728590001713 -0.002196967021124041 0.9999970821435592 0.0585092800179865 -0.052360253266400036 -0.5237062249795521
FixedParameters: 0 0 0
#Transform 70
Transform: MatrixOffsetTransformBase_double_3_3
Parameters: 0.9999994364120208 0.000022594908802977664 -0.0012498914999729109 -0.00001945186517961976 0.9999966609155071 0.002496890413543923 0.0012506234127875042 -0.002496109473467456 0.9999963104483306 0.11017927581619347 -0.09518762924290058 -0.4754977925950392
FixedParameters: 0 0 0
#Transform 71
Transform: MatrixOffsetTransformBase_double_3_3
Parameters: 0.9999999681817011 -0.00006692689532374163 -0.00016560739230916417 0.0000667597589045877 0.9999966470331888 0.0024959735216503742 0.00016515190683939242 -0.002495025339947457 0.9999968660918788 0.056626461782073534 -0.034260403055000666 -0.5286336211268292
FixedParameters: 0 0 0
#Transform 72
Transform: MatrixOffsetTransformBase_double_3_3
Parameters: 0.9999998139686591 0.00006543307374979584 0.00042645901908120755 -0.00006666287487572711 0.9999961991730335 0.0026069694921447006 -0.00042599277488891766 -0.002607025800158966 0.9999960218865619 0.04050248807135404 -0.06177603674619547 -0.44014913010631673
FixedParameters: 0 0 0
#Transform 73
Transform: MatrixOffsetTransformBase_double_3_3
Parameters: 0.99999977126728 -0.00012062737710394315 -0.00046250826353337057 0.00012140076775151301 0.9999978237442388 0.0020399435194993626 0.0004628852043928624 -0.002040055508926192 0.9999976243159189 0.0768401013093154 -0.05470889765210529 -0.5167154085811205
FixedParameters: 0 0 0
#Transform 74
Transform: MatrixOffsetTransformBase_double_3_3
Parameters: 0.9999990722187337 -0.000040770641232061906 -0.0009625157032471155 0.00004330642435142307 0.9999974804141137 0.002348959447258797 0.0009620744675249877 -0.0023490403593481313 0.999996556185184 0.10096231716765658 -0.019369608327096444 -0.47844668734679274
FixedParameters: 0 0 0
#Transform 75
Transform: MatrixOffsetTransformBase_double_3_3
Parameters: 0.9999999551391686 -0.00010851462558219995 0.00018189443386930563 0.0001075027131708871 0.9999962765776259 0.0027770203519658365 -0.00018249431617771265 -0.0027769809998457046 0.9999962550699155 0.056234772261106514 -0.07834605763318336 -0.4713424826315631
FixedParameters: 0 0 0
#Transform 76
Transform: MatrixOffsetTransformBase_double_3_3
Parameters: 0.999999517834082 0.00006230697545139412 -0.0006916139647409691 -0.00006119009775211291 0.9999978464007644 0.0022430296440141134 0.000691647169434015 -0.002241973937237421 0.999997613799651 0.10597331779564456 -0.022937677208574314 -0.5142557773386471
FixedParameters: 0 0 0
#Transform 77
Transform: MatrixOffsetTransformBase_double_3_3
Parameters: 0.9999998219596978 -0.000351798014576461 -0.00023257470362081579 0.00035286577939427433 0.999996312001647 0.002561916485282506 0.0002317619000961098 -0.002562080091258523 0.9999963822569041 0.07688333911669076 -0.07982794623850964 -0.4549759154882267
FixedParameters: 0 0 0
#Transform 78
Transform: MatrixOffsetTransformBase_double_3_3
Parameters: 0.9999995979431107 0.00006773247944965024 -0.0006304676513208369 -0.0000669471774482679 0.9999971834936944 0.002196921625461451 0.0006305198043489384 -0.002197078636877403 0.9999977608184998 0.09888236753137392 -0.027486041636421987 -0.5134581333184549
FixedParameters: 0 0 0
#Transform 79
Transform: MatrixOffsetTransformBase_double_3_3
Parameters: 0.9999997790891016 -0.0002483261922114139 -0.0003989673927243958 0.00024918259141748945 0.9999968322622416 0.002470900320322947 0.0003986087254022411 -0.0024710987258245026 0.9999967351279193 0.08921248479705923 -0.04969331882058725 -0.46549228678097165
FixedParameters: 0 0 0
#Transform 80
Transform: MatrixOffsetTransformBase_double_3_3
Parameters: 0.9999999180352909 -0.0001014372191039117 -0.00026772284329589543 0.00010289853836568908 0.9999965257098867 0.0027319739138770144 0.00026716459642329185 -0.002732028567847211 0.9999964646425855 0.0682138279429978 -0.08883928866578117 -0.4600828411930422
FixedParameters: 0 0 0
#Transform 81
Transform: MatrixOffsetTransformBase_double_3_3
Parameters: 0.9999995823461686 -0.0000240149012918737 -0.0006459747018249812 0.00002494365386848111 0.9999979098453957 0.0022559859388475573 0.0006456205123950133 -0.0022560175606724103 0.9999974934070874 0.10634995428301863 -0.028054355132113074 -0.5147988169181446
FixedParameters: 0 0 0
#Transform 82
Transform: MatrixOffsetTransformBase_double_3_3
Parameters: 0.9999998476091323 -0.00025410454310207314 0.00029653280857508673 0.00025302041847284 0.9999940918246111 0.0032930722468323542 -0.000297088357836912 -0.003292921732772028 0.9999940680471457 0.06953898207507336 -0.09070776680799497 -0.4437599061908699
FixedParameters: 0 0 0
#Transform 83
Transform: MatrixOffsetTransformBase_double_3_3
Parameters: 0.9999999677888698 -0.00014124603140155807 -0.00011142063008552245 0.0001407967897522781 0.9999969922855582 0.0024469843397938867 0.00011060860017791154 -0.0024470156551836264 0.9999969998673004 0.07482637719128604 -0.03244124864355058 -0.4758210257536497
FixedParameters: 0 0 0
#Transform 84
Transform: MatrixOffsetTransformBase_double_3_3
Parameters: 0.9999999254493375 -0.0002292757405019248 -0.00014869284062437024 0.00022893813143745273 0.9999961092691902 0.002614963764047157 0.00014836528813648233 -0.002615031827092912 0.9999961397184232 0.07505054816596157 -0.07071701151159004 -0.46235246233599625
FixedParameters: 0 0 0
#Transform 85
Transform: MatrixOffsetTransformBase_double_3_3
Parameters: 0.9999999958040129 0.0000019659050993465628 0.0000647466968540877 -0.0000022857290496874564 0.9999968990773137 0.00246999960039139 -0.00006473619535653572 -0.002469999880390039 0.9999968949093636 0.07893808944930925 -0.03307348074376648 -0.5013694742841714
FixedParameters: 0 0 0
#Transform 86
Transform: MatrixOffsetTransformBase_double_3_3
Parameters: 0.999999948750891 -0.00013102587179933314 0.00018515188821013298 0.00013000651322793793 0.9999970974711155 0.002426024346438266 -0.00018479260527253145 -0.0024259760675277714 0.9999970803093041 0.0778561545034222 -0.07189306837464926 -0.4551894076637346
FixedParameters: 0 0 0
#Transform 87
Transform: MatrixOffsetTransformBase_double_3_3
Parameters: 0.9999999838400533 -0.00003717114407946449 -0.00012156603568987533 0.0000377797218561998 0.999996723552945 0.002504994715905387 0.0001213782834682219 -0.0025050038252133616 0.999996710221064 0.08686662299056991 -0.05065210995195457 -0.4550006431018012
FixedParameters: 0 0 0
#Transform 88
Transform: MatrixOffsetTransformBase_double_3_3
Parameters: 0.9999998504433824 0.00003784489768632092 -0.0010716378910778609 -0.000034877527240156046 0.9999963035762615 0.002774038219238703 0.001071474015348101 -0.002773960298646197 0.9999951566852232 0.15051466573456196 -0.05861190325593668 -0.48900541393164687
FixedParameters: 0 0 0
#Transform 89
Transform: MatrixOffsetTransformBase_double_3_3
Parameters: 0.9999987665392197 0.0016793063368738315 -0.000642621490236634 -0.0016771214511846408 0.9999905595215687 0.004105237236264159 0.0006489643830006229 -0.0041047683503945 0.9999915047757103 0.2437118566875256 -0.1126828356928371 -0.365737226853291
FixedParameters: 0 0 0
#Transform 90
Transform: MatrixOffsetTransformBase_double_3_3
Parameters: 0.999995230054287 0.003018743124578984 -0.0008114776187478189 -0.0030153464055620444 0.9999886105822473 0.0036898742267289647 0.0008223289961660004 -0.003687130057466584 0.9999934092330516 0.34465774344259614 -0.09918452364422592 -0.27247703307981297
FixedParameters: 0 0 0
#Transform 91
Transform: MatrixOffsetTransformBase_double_3_3
Parameters: 0.999994744147662 0.002714245251619743 -0.0017005898803788588 -0.00270770348180586 0.9999910614625295 0.0033458193847761414 0.0017090541241935363 -0.003341185441005312 0.9999933245649112 0.3068780038942691 -0.13744760487332996 -0.31341229508648993
FixedParameters: 0 0 0
#Transform 92
Transform: MatrixOffsetTransformBase_double_3_3
Parameters: 0.9999933162595035 0.003283762173708211 -0.001377686229427158 -0.003280210176606552 0.9999896619719622 0.0030429886014351204 0.0013879832369358145 -0.0030390076773647856 0.999994158835664 0.2397888957943195 -0.1812986899469422 -0.29046527726338667
FixedParameters: 0 0 0
#Transform 93
Transform: MatrixOffsetTransformBase_double_3_3
Parameters: 0.9999959477001915 0.002459058900485794 -0.0017332884100149785 -0.0024556993746712424 0.9999946161368305 0.0022234606929035783 0.001738634493333159 -0.002219538398185436 0.9999954614065294 0.21638804362081032 -0.006458018863057191 -0.23746234905918584
FixedParameters: 0 0 0
#Transform 94
Transform: MatrixOffsetTransformBase_double_3_3
Parameters: 0.9999958181314665 0.0021161990061275677 -0.0019243766328194932 -0.0021110604918325843 0.9999936328098128 0.0027220107263532523 0.001930180870710761 -0.002717986694831878 0.9999943884712178 0.2416581265592015 -0.007793180441467484 -0.3338138272102249
FixedParameters: 0 0 0
#Transform 95
Transform: MatrixOffsetTransformBase_double_3_3
Parameters: 0.9999966973808025 0.0017061518789258591 -0.001841468837063301 -0.0017007299396156815 0.9999937587188227 0.002954062180295605 0.0018468262872919222 -0.0029509321741579275 0.9999935041010364 0.1760399116350584 -0.02188485811977614 -0.3146166319303667
FixedParameters: 0 0 0
#Transform 96
Transform: MatrixOffsetTransformBase_double_3_3
Parameters: 0.9999973680144354 0.001975409378405249 -0.0013159019512204943 -0.0019704727090482485 0.9999926939819339 0.003430769571837161 0.0013218772307923518 -0.0034282343410934196 0.9999931509765445 0.10848108974013826 -0.07614070507676729 -0.29594603156274246
FixedParameters: 0 0 0
#Transform 97
Transform: MatrixOffsetTransformBase_double_3_3
Parameters: 0.999996947578653 0.0014983572390895104 -0.0019518168073311415 -0.0014930328504280984 0.9999958480267276 0.0025098445158533017 0.0019547411932773406 -0.0025071542932122437 0.9999945143717972 0.1799303042425464 0.03557385355659903 -0.39977455558071995
FixedParameters: 0 0 0
#Transform 98
Transform: MatrixOffsetTransformBase_double_3_3
Parameters: 0.9999977352604328 0.0019963916487102155 -0.0005283725562006982 -0.0019948465402432713 0.9999946726757617 0.002749332362053339 0.0005341380258741214 -0.0027486687428972673 0.9999959485352391 0.12044767392980305 -0.009248321825722883 -0.3616394019667233
FixedParameters: 0 0 0
#Transform 99
Transform: MatrixOffsetTransformBase_double_3_3
Parameters: 0.9999967698938927 0.0014842004063713675 -0.0022424316995262148 -0.0014778865058803433 0.9999949783673435 0.0028481129453351156 0.002246038557529674 -0.002843889743128672 0.9999935920251112 0.20949751333365896 -0.059877779239542406 -0.4091358189881973
FixedParameters: 0 0 0
#Transform 100
Transform: MatrixOffsetTransformBase_double_3_3
Parameters: 0.9999954332594253 0.0017675026111225115 -0.0023329205235455524 -0.0017610224564441528 0.9999946042375704 0.0027729229492326896 0.002337873071450805 -0.0027680771403723187 0.9999934776189552 0.21726562122380244 -0.017243340601297064 -0.4227371017804096
FixedParameters: 0 0 0
#Transform 101
Transform: MatrixOffsetTransformBase_double_3_3
Parameters: 0.9999968649259003 0.001609014714244487 -0.0018836899469302287 -0.001602581514935321 0.9999939249953347 0.0031249376528251632 0.0018880258508450997 -0.003121063532198931 0.9999934335917535 0.207052697880016 -0.12211919227615908 -0.4159665834611026
FixedParameters: 0 0 0
#Transform 102
Transform: MatrixOffsetTransformBase_double_3_3
Parameters: 0.9999977952812695 0.0013368764310431709 -0.0018487782526194708 -0.00133110206579495 0.999994640857787 0.002803254715943629 0.0018526669630319988 -0.0028007414515329038 0.9999944519751154 0.1986716807393094 -0.08649881609713361 -0.41360037994009957
FixedParameters: 0 0 0
#Transform 103
Transform: MatrixOffsetTransformBase_double_3_3
Parameters: 0.9999980947301115 0.001448216991551175 -0.001675502075625258 -0.0014432840902886277 0.9999951009333309 0.002841335301136283 0.001680126977594546 -0.002838666403167489 0.9999948625394851 0.21133916076129822 -0.0689488179475859 -0.4474549591728767
FixedParameters: 0 0 0
#Transform 104
Transform: MatrixOffsetTransformBase_double_3_3
Parameters: 0.9999968639384748 0.0014449589082534914 -0.0020121004071738547 -0.0014384993895682143 0.9999939081238864 0.0032086941034717986 0.0020165244258089085 -0.0032053103355155904 0.999993386018337 0.21536907200679423 -0.10359196467543086 -0.40402327603334953
FixedParameters: 0 0 0
#Transform 105
Transform: MatrixOffsetTransformBase_double_3_3
Parameters: 0.9999961140628731 0.001610974902532088 -0.002300304638406484 -0.0016051322930035704 0.9999948029339413 0.0026733991368721177 0.0023040748325406524 -0.002670601979608528 0.9999940319048919 0.23634118080089195 -0.06179254510884391 -0.440019104581161
FixedParameters: 0 0 0
#Transform 106
Transform: MatrixOffsetTransformBase_double_3_3
Parameters: 0.9999964024210175 0.001602551759107817 -0.0020069640614490875 -0.001597091090813995 0.9999952585085408 0.002751138362280331 0.0020120526540769743 -0.002747861441402627 0.999994024359048 0.23534377756995184 -0.06794874875755852 -0.4418686989082836
FixedParameters: 0 0 0
#Transform 107
Transform: MatrixOffsetTransformBase_double_3_3
Parameters: 0.9999981011868551 0.0013257394260273437 -0.0010677817778051452 -0.0013228196615038077 0.9999940738517568 0.0030494294884221146 0.001072390817943799 -0.003047565591786261 0.9999944405891185 0.19052953261642358 -0.07773741689901215 -0.42938847572985495
FixedParameters: 0 0 0
#Transform 108
Transform: MatrixOffsetTransformBase_double_3_3
Parameters: 0.9999969803825148 0.0014779943298384043 -0.0019584151071862965 -0.0014728036103207702 0.9999959683882749 0.0024978148672652467 0.001962194805404161 -0.002495183198751097 0.9999945469366238 0.22915502706703705 -0.0020084749244233535 -0.44850688126866345
FixedParameters: 0 0 0
#Transform 109
Transform: MatrixOffsetTransformBase_double_3_3
Parameters: 0.9999975422182694 0.0014302460712891125 -0.0018472263485374881 -0.0014247847330895829 0.9999949590690478 0.0027204416162671663 0.0018514036388985531 -0.0027185564856340994 0.9999947917467095 0.24190804857663295 -0.012211760515626224 -0.4589902633335363
FixedParameters: 0 0 0
#Transform 110
Transform: MatrixOffsetTransformBase_double_3_3
Parameters: 0.9999974938030824 0.0015296530342598005 -0.0017796160822005009 -0.001524378436821604 0.9999933038531584 0.0032606293055681274 0.0017837533871675935 -0.003257370484560637 0.9999929477031188 0.23583815351561555 -0.10565173354108026 -0.4378041697084356
FixedParameters: 0 0 0
#Transform 111
Transform: MatrixOffsetTransformBase_double_3_3
Parameters: 0.9999971736568277 0.0014475375561845312 -0.001931338393669769 -0.0014413537072395476 0.9999939192140092 0.0030455798481817398 0.0019364233576688113 -0.0030424174928105896 0.9999937225092653 0.2342471166429192 -0.09419526928932953 -0.4396572906082312
FixedParameters: 0 0 0
#Transform 112
Transform: MatrixOffsetTransformBase_double_3_3
Parameters: 0.9999974416754758 0.001572435545039202 -0.0017565438530666817 -0.0015676496738493708 0.9999942944663237 0.0029166696857667734 0.0017609958288435832 -0.0029133294982059132 0.9999941527019853 0.24018529206298922 -0.06416942594677266 -0.4553536007768173
FixedParameters: 0 0 0
#Transform 113
Transform: MatrixOffsetTransformBase_double_3_3
Parameters: 0.9999977557381602 0.001481518473324408 -0.0017464732030606132 -0.0014739207361586517 0.9999912087142815 0.003984495394153284 0.0017524289600646247 -0.003981507491435929 0.9999908182670191 0.22691070041655337 -0.1397128697265373 -0.3925240150810936
FixedParameters: 0 0 0
#Transform 114
Transform: MatrixOffsetTransformBase_double_3_3
