#Insight Transform File V1.0
#Transform 0
Transform: MatrixOffsetTransformBase_double_3_3
Parameters: 0.999997094533864 0.0008533864957671046 0.002043480289494097 -0.0008574146701295955 0.999997850990158 0.0020461029717726287 -0.0020424684377591544 -0.0020478994364810515 0.9999958631016153 -0.08072520800745053 -0.11397868376404574 -0.41942651964259525
FixedParameters: 0 0 0
#Transform 1
Transform: MatrixOffsetTransformBase_double_3_3
Parameters: 0.9999978146016606 0.0006226191743200335 0.0021905022273453617 -0.0006259229592649321 0.9999982606157535 0.0014613600082198641 -0.002189303798564372 -0.001462637454775692 0.9999962790939195 -0.07027517988171894 -0.04677657630693943 -0.47039816922673694
FixedParameters: 0 0 0
#Transform 2
Transform: MatrixOffsetTransformBase_double_3_3
Parameters: 0.9999976358871807 0.00045984354317221547 0.0022699465543923243 -0.0004628357691009101 0.9999987739764454 0.0013416807103208556 -0.0022693352595700806 -0.0013423181185976824 0.9999962599779553 -0.06744913457939106 -0.05785756965782696 -0.4852103453956573
FixedParameters: 0 0 0
#Transform 3
Transform: MatrixOffsetTransformBase_double_3_3
Parameters: 0.9999990774925835 0.0003417197284294567 0.0016750369748919284 -0.00034418553012128297 0.9999990156797612 0.0016612913829115727 -0.0016745242830867905 -0.0016617117531652625 0.9999975406353003 -0.04322300656498612 -0.11094818654369476 -0.4483688960948342
FixedParameters: 0 0 0
#Transform 4
Transform: MatrixOffsetTransformBase_double_3_3
Parameters: 0.9999981129659057 0.0004812283402792928 0.0019121870874253492 -0.0004840447098247729 0.9999982747302298 0.0018069268834240426 -0.0019109479089420628 -0.0018070734041982645 0.9999963077258314 -0.060144746249690684 -0.06818690864787413 -0.4492984912341562
FixedParameters: 0 0 0
#Transform 5
Transform: MatrixOffsetTransformBase_double_3_3
Parameters: 0.9999977551544794 0.000609493661895568 0.0022074034844644093 -0.0006136972074051176 0.9999977770692748 0.0019063782002439467 -0.0022065684750690933 -0.0019076210257034099 0.9999957047724434 -0.10583946278549661 -0.10119311625949479 -0.4198544586331536
FixedParameters: 0 0 0
#Transform 6
Transform: MatrixOffsetTransformBase_double_3_3
Parameters: 0.9999983379633507 0.0004735240806649109 0.0018537360161021237 -0.00047673698781442326 0.9999986561694698 0.0017349838902252085 -0.0018537063242910384 -0.0017360170403070974 0.9999966578617875 -0.059224756113366084 -0.08283458871726168 -0.4502802655114486
FixedParameters: 0 0 0
#Transform 7
Transform: MatrixOffsetTransformBase_double_3_3
Parameters: 0.9999977242140259 0.000588453983030855 0.001981966994344786 -0.0005923252041548211 0.999998343009033 0.0017886934311425878 -0.001981473474634045 -0.0017903050397197473 0.9999959765755588 -0.08090409529748399 -0.0836174125612672 -0.42242571846106003
FixedParameters: 0 0 0
#Transform 8
Transform: MatrixOffsetTransformBase_double_3_3
Parameters: 0.9999976065325339 0.000656645957753416 0.0022276998686581503 -0.0006613938300944644 0.9999973582255227 0.0022342616990699282 -0.0022261297919843126 -0.002235740124413188 0.9999952578269573 -0.08978032919951318 -0.07985992201300007 -0.4228098869141448
FixedParameters: 0 0 0
#Transform 9
Transform: MatrixOffsetTransformBase_double_3_3
Parameters: 0.9999974130546092 0.0007730285093879561 0.0019974089557204316 -0.0007779341096197949 0.9999969548832964 0.0022832995506692627 -0.0019953641685858683 -0.002284697216416373 0.9999950248412094 -0.06209181547995968 -0.07123226745848399 -0.4532910701942363
FixedParameters: 0 0 0
#Transform 10
Transform: MatrixOffsetTransformBase_double_3_3
Parameters: 0.9999968123452452 0.0021887181939096944 0.001181303724998056 -0.0021927528723530644 0.9999933020566274 0.002915617243489557 -0.0011752292112959472 -0.002917385075409659 0.9999954982753849 0.05498273170614709 -0.07329524321296788 -0.30940148789594346
FixedParameters: 0 0 0
#Transform 11
Transform: MatrixOffsetTransformBase_double_3_3
Parameters: 0.9999981473207201 0.0021633488624533933 0.00041492314789381784 -0.00216418093251231 0.9999971739513649 0.0014484691147492457 -0.0004116301957458233 -0.0014495318215446973 0.9999987741587122 0.03371420963487992 -0.13840644024976712 -0.37607762114246057
FixedParameters: 0 0 0
#Transform 12
Transform: MatrixOffsetTransformBase_double_3_3
Parameters: 0.9999972673104567 0.002196968138571605 -0.0009515907254591433 -0.002196039512477097 0.99999661485321 0.001338244692775964 0.0009542428047278913 -0.0013357571870508678 0.9999990773102589 -0.02009078978315415 -0.14556125861673763 -0.47163309143750354
FixedParameters: 0 0 0
#Transform 13
Transform: MatrixOffsetTransformBase_double_3_3
Parameters: 0.9999975323600878 0.00187533223611545 -0.0013966703630479641 -0.0018742269243996993 0.9999982272664257 0.0007086498584698703 0.0013982068843860491 -0.0007053506655017028 0.9999993053942975 -0.06059095586559238 -0.1366947813952919 -0.5295427148548129
FixedParameters: 0 0 0
#Transform 14
Transform: MatrixOffsetTransformBase_double_3_3
Parameters: 0.9999990519108621 0.0012882088841435332 0.0005375710063602046 -0.0012879878381251626 0.999999224189936 -0.0003195717107547513 -0.0005374002733472961 0.00031842896343813043 0.9999996241987511 -0.08129519421740383 -0.050260332179831835 -0.6744879373043275
FixedParameters: 0 0 0
#Transform 15
Transform: MatrixOffsetTransformBase_double_3_3
Parameters: 0.9999989739517857 0.0014003877739989688 0.00025503662849798113 -0.0014003198771921927 0.9999988857731772 -0.0003722364923432475 -0.0002550859522370972 0.0003717640623149415 0.9999998114102707 -0.06602574559155983 -0.013835117877746939 -0.5246529252596659
FixedParameters: 0 0 0
#Transform 16
Transform: MatrixOffsetTransformBase_double_3_3
Parameters: 0.9999980048963949 0.0013507298344377205 0.0010820576656307213 -0.0013518726345884754 0.9999974431694781 0.0016145245857224627 -0.0010804255089911605 -0.0016164764646926372 0.9999983420374468 -0.08226077305643287 -0.10737425500018105 -0.4599104477666849
FixedParameters: 0 0 0
#Transform 17
Transform: MatrixOffsetTransformBase_double_3_3
Parameters: 0.9999981006212012 0.001361769319562988 0.0010216192446155605 -0.001361291457853354 0.9999982587696883 -0.00132428626554644 -0.00102348187328758 0.0013227140141644778 0.9999983385424557 -0.060610500097794784 0.11591280162407713 -0.654246708471689
FixedParameters: 0 0 0
#Transform 18
Transform: MatrixOffsetTransformBase_double_3_3
Parameters: 0.9999997790884254 0.0009822102455490575 0.0005057598703110045 -0.0009833438942671371 0.9999984890943073 0.0012425032283201465 -0.0005043092352639078 -0.0012434959045030253 0.9999991998951059 -0.016552834607779232 -0.032773283464507585 -0.46268759859758646
FixedParameters: 0 0 0
#Transform 19
Transform: MatrixOffsetTransformBase_double_3_3
Parameters: 0.999999481046647 0.0011203607172229626 0.0005143403626005511 -0.0011200941578304686 0.999999049609641 0.0008245451137410126 -0.0005133626684447478 -0.0008254544549556042 0.9999990701868209 -0.026321042800020678 -0.02411626926149779 -0.4246119960192871
FixedParameters: 0 0 0
#Transform 20
Transform: MatrixOffsetTransformBase_double_3_3
Parameters: 0.9999970556577447 0.0024848018317521273 -0.0008782164541505363 -0.0024828101717053255 0.999995506200053 0.001913475227101391 0.0008825105583154508 -0.0019115289632358062 0.9999982341179178 0.007721080649403689 -0.11870743748306722 -0.1495473789114392
FixedParameters: 0 0 0
#Transform 21
Transform: MatrixOffsetTransformBase_double_3_3
Parameters: 0.9999971083285848 0.00200101866416078 -0.0009426419607708788 -0.001998960025820516 0.9999966813969752 0.0018840414739922373 0.0009459600102007853 -0.0018819629548800093 0.9999983355306447 -0.030970596933514116 -0.08956585870546974 -0.17003765883254474
FixedParameters: 0 0 0
#Transform 22
Transform: MatrixOffsetTransformBase_double_3_3
Parameters: 0.9999984622160605 0.0015971771214567517 -0.0009929564802172506 -0.0015959847998595412 0.9999970332622237 0.001913618923292268 0.000995721758914091 -0.0019123844306151577 0.9999981097964673 0.018805981976385056 -0.1034220358926774 -0.22863161231145313
FixedParameters: 0 0 0
#Transform 23
Transform: MatrixOffsetTransformBase_double_3_3
Parameters: 0.9999987813095745 0.0014893950791971546 -0.00003218793931538541 -0.0014889148023077027 0.9999979032100822 0.0017233064717000757 0.00003434341771231308 -0.0017236938513152944 0.9999979371873918 -0.01613734022922131 -0.1126484154611802 -0.2394951294258867
FixedParameters: 0 0 0
#Transform 24
Transform: MatrixOffsetTransformBase_double_3_3
Parameters: 0.9999987944416094 0.0013602994388222792 0.000596898422359603 -0.001360897188313298 0.9999954826540954 0.002578309539566198 -0.0005936068936468332 -0.0025796874250012952 0.9999960092843476 -0.04141561938384086 -0.1447394620680882 -0.26980534919461974
FixedParameters: 0 0 0
#Transform 25
Transform: MatrixOffsetTransformBase_double_3_3
Parameters: 0.9999984750936117 0.0018748648592900488 0.00010087420998159094 -0.0018747797802007417 0.9999975980444217 0.0014060704985691258 -0.00009857797395596562 -0.0014069308920748036 0.9999989205575872 -0.021808627811367387 -0.07276688931855801 -0.15012866226430077
FixedParameters: 0 0 0
#Transform 26
Transform: MatrixOffsetTransformBase_double_3_3
Parameters: 0.9999971333020626 0.0021914304126848688 0.00025362491749773646 -0.0021915832012312296 0.9999980615309132 0.0003018079203540025 -0.0002523012560593097 -0.00030219089708068136 0.9999998893633669 0.021254867661212984 -0.08496075516372059 -0.020574808110023213
FixedParameters: 0 0 0
#Transform 27
Transform: MatrixOffsetTransformBase_double_3_3
Parameters: 0.9999970696685628 0.0022198181052793566 0.00005624275779292167 -0.0022196399748424414 0.999997805216095 0.0005862544527995422 -0.000055624110780864565 -0.0005867472994367101 0.9999995764861411 -0.01701466335704538 0.008152063972787005 -0.0271168089228766
FixedParameters: 0 0 0
#Transform 28
Transform: MatrixOffsetTransformBase_double_3_3
Parameters: 0.9999984606095933 0.0018813820270289028 0.000014821637313290072 -0.0018811602542141862 0.9999978474122102 0.0007642151216369353 -0.000013932151431985932 -0.0007637853722924498 0.9999994458039305 -0.04428332418200398 -0.08203518288593159 -0.042904329717764256
FixedParameters: 0 0 0
#Transform 29
Transform: MatrixOffsetTransformBase_double_3_3
Parameters: 0.9999984850771289 0.0018730892224199179 0.00008306348645546158 -0.0018729998747102413 0.9999967014401816 0.0016971030926282438 -0.00007968213839312212 -0.0016978943784903694 0.9999980206199671 -0.023846741242365965 -0.04340484863209326 -0.07564293887872964
FixedParameters: 0 0 0
#Transform 30
Transform: MatrixOffsetTransformBase_double_3_3
Parameters: 0.9999978979817077 0.0019865729300533965 0.0003936437362901467 -0.0019874859659106256 0.9999968321929297 0.0017854645768319022 -0.0003905162452602094 -0.0017865388887948475 0.999998686179289 -0.020164649282705227 -0.01711933248667208 -0.09256545178583409
FixedParameters: 0 0 0
#Transform 31
Transform: MatrixOffsetTransformBase_double_3_3
Parameters: 0.9999982752577209 0.0019300057249290645 0.000021525232274581996 -0.0019296869931310922 0.9999981024409752 0.0011242183113219645 -0.000020162647419251433 -0.0011247852178793843 0.9999996438096751 -0.02172535297346201 -0.08383532704063157 -0.056502965676319405
FixedParameters: 0 0 0
#Transform 32
Transform: MatrixOffsetTransformBase_double_3_3
Parameters: 0.999998768137144 0.0017607709638823707 0.0003621014761797887 -0.0017615401380009742 0.9999972748977577 0.0015725916138728119 -0.0003595402814957204 -0.0015724084010973471 0.9999985477200241 -0.01544504249498857 -0.033068978214785716 -0.08183543933161275
FixedParameters: 0 0 0
#Transform 33
Transform: MatrixOffsetTransformBase_double_3_3
Parameters: 0.9999989419884286 0.0017469837835472019 -0.0000700161639216497 -0.0017475166509219365 0.999997643337645 0.0015083668781113169 0.00007317890763329644 -0.0015076328393452132 0.9999987505172168 -0.028010923022250722 -0.043495651058378826 -0.07623759412955522
FixedParameters: 0 0 0
#Transform 34
Transform: MatrixOffsetTransformBase_double_3_3
Parameters: 0.9999989302180947 0.0017407917603970487 0.00019868211261292598 -0.0017411129818972765 0.9999969196526873 0.0017417784549202259 -0.00019559427052844177 -0.0017422229535305617 0.9999989414257114 -0.03466518047595457 -0.09562129717737378 -0.10735408605637886
FixedParameters: 0 0 0
#Transform 35
Transform: MatrixOffsetTransformBase_double_3_3
Parameters: 0.9999981269530732 0.0016356678208222291 0.0004437522881412533 -0.0016369397245323352 0.9999967586262591 0.0018513826213299722 -0.000440670689060091 -0.0018516175946833718 0.9999985122111833 -0.023684871046683043 -0.03462759438076546 -0.10950076895540661
FixedParameters: 0 0 0
#Transform 36
Transform: MatrixOffsetTransformBase_double_3_3
Parameters: 0.9999984788329096 0.0018133870589579172 0.000481690418640647 -0.0018146246762565325 0.9999967714735214 0.0016693550050983774 -0.00047861109177318485 -0.001669642864158355 0.9999981328939308 -0.04465967783717417 -0.09464409339068425 -0.10008396891172566
FixedParameters: 0 0 0
#Transform 37
Transform: MatrixOffsetTransformBase_double_3_3
Parameters: 0.9999983609783413 0.0015149667707631746 0.0005864188564068531 -0.0015160270535692338 0.9999969603030423 0.002170355685347569 -0.0005836868788780214 -0.0021716451410917492 0.9999969741746216 -0.023255167595422677 -0.05002912117808478 -0.13198081586655164
FixedParameters: 0 0 0
#Transform 38
Transform: MatrixOffsetTransformBase_double_3_3
Parameters: 0.9999985113571792 0.0014128268228265758 0.000701771464855465 -0.0014146292122992972 0.9999967692288138 0.002257117657473065 -0.0006982442438632964 -0.002257884689436343 0.9999975494914223 -0.033250815497765984 -0.0394403612295946 -0.13453977276419238
FixedParameters: 0 0 0
#Transform 39
Transform: MatrixOffsetTransformBase_double_3_3
Parameters: 0.9999984580318027 0.0015102820264860642 0.0005117934289356695 -0.0015109532774573915 0.9999970834336701 0.0018703356188150277 -0.0005080054270081777 -0.0018706639327660257 0.999998377047994 -0.031065833511803476 -0.08130550171387085 -0.11040384242259549
FixedParameters: 0 0 0
#Transform 40
Transform: MatrixOffsetTransformBase_double_3_3
Parameters: 0.9999984111676394 0.001404567648392472 0.0007842754080409057 -0.001406509126322627 0.9999971165841337 0.0021840078827534137 -0.0007819829201268991 -0.0021849971085538544 0.9999977504748954 -0.013779932144615259 -0.03582993789018474 -0.14380588899520674
FixedParameters: 0 0 0
#Transform 41
Transform: MatrixOffsetTransformBase_double_3_3
Parameters: 0.9999979780043751 0.0015762910456933615 0.0007330436430486089 -0.0015780081384676444 0.9999970602647926 0.002102088486319445 -0.0007292659147231093 -0.002103910934638173 0.9999970725067677 -0.01316052488510877 -0.051253245712047146 -0.13162617540462307
FixedParameters: 0 0 0
#Transform 42
Transform: MatrixOffsetTransformBase_double_3_3
Parameters: 0.9999978643932098 0.0015176437179240815 0.0009129278288960929 -0.0015188626716537916 0.9999967233529345 0.001957721772900753 -0.0009097147256601263 -0.001959276798378512 0.9999974695849767 -0.025942389056226034 -0.07122971110288745 -0.12280489678438755
FixedParameters: 0 0 0
#Transform 43
Transform: MatrixOffsetTransformBase_double_3_3
Parameters: 0.999998865225754 0.0014769516527062126 0.0009764280753246247 -0.0014795840795238091 0.9999958170959343 0.002618666999542385 -0.0009724098632712018 -0.002620335697417417 0.9999963245279656 0.0062145164929603425 -0.04713741971264085 -0.17447705841896166
FixedParameters: 0 0 0
#Transform 44
Transform: MatrixOffsetTransformBase_double_3_3
Parameters: 0.9999982383253885 0.0014271870049917435 0.0008519639389528965 -0.0014289522490250942 0.9999959611156537 0.0024208914408579 -0.0008477816869725122 -0.0024221065895781158 0.9999965498646033 0.011686737001610936 -0.08570450914560013 -0.16170836696557345
FixedParameters: 0 0 0
#Transform 45
Transform: MatrixOffsetTransformBase_double_3_3
Parameters: 0.9999991393229031 0.0012062788563678946 0.0006367054303604944 -0.0012078604307872206 0.9999970548638097 0.0023133408676030837 -0.0006339760834309138 -0.002313662456986998 0.999997379867971 0.011502710046030984 -0.1181536365023419 -0.13733928700214193
FixedParameters: 0 0 0
#Transform 46
Transform: MatrixOffsetTransformBase_double_3_3
Parameters: 0.9999988701359772 0.0010385772340532591 0.0010251176373947705 -0.0010413694614725408 0.9999964898334419 0.0025109218692159346 -0.0010226277440316136 -0.0025120811831682577 0.999996765003989 0.009919110984697 -0.10174842162825826 -0.16653987217152633
FixedParameters: 0 0 0
#Transform 47
Transform: MatrixOffsetTransformBase_double_3_3
Parameters: 0.9999987279162381 0.0014051093988717456 0.0011388561565155116 -0.0014087512910100051 0.9999955330190251 0.0026884916464485625 -0.0011350161204384058 -0.002689508325370432 0.9999957334173739 0.044220183387878365 -0.06865816313455753 -0.17856344214296982
FixedParameters: 0 0 0
#Transform 48
Transform: MatrixOffsetTransformBase_double_3_3
Parameters: 0.9999982751189748 0.0012165589463310404 0.0011152248200395256 -0.0012201342244849004 0.9999958875994763 0.0027147349516051106 -0.0011123356349383314 -0.0027152663904345953 0.9999956450289555 0.017119982442650894 -0.13649714526104617 -0.18470527147923477
FixedParameters: 0 0 0
#Transform 49
Transform: MatrixOffsetTransformBase_double_3_3
Parameters: 0.9999986771136418 0.0017071873150360365 0.0006380639145485257 -0.0017091580001621285 0.9999965772563135 0.0018350185481321862 -0.0006347708485845247 -0.0018359805597197715 0.9999983617272262 0.036179792229262375 -0.04733622133798576 -0.13104520905449846
FixedParameters: 0 0 0
#Transform 50
Transform: MatrixOffsetTransformBase_double_3_3
Parameters: 0.9999933101662853 0.0035404254460381997 0.00039437396518482654 -0.003541196486016714 0.9999913737569345 0.002235344856284169 -0.0003864797648147049 -0.0022366581960549803 0.9999979369664714 0.1289263645240908 -0.0775035382200997 -0.10267210077732969
FixedParameters: 0 0 0
#Transform 51
Transform: MatrixOffsetTransformBase_double_3_3
Parameters: 0.9999958012194928 0.002846828182748783 0.00030764765204020257 -0.0028473403535929204 0.9999938170486158 0.0022396190233686247 -0.0003018405021401322 -0.002240386608188441 0.9999979489254975 0.06518228045494823 -0.15767920911734734 -0.3134780040645673
FixedParameters: 0 0 0
#Transform 52
Transform: MatrixOffsetTransformBase_double_3_3
Parameters: 0.9999959388808145 0.0030071466051683556 0.00013075650291156053 -0.0030078641799463693 0.999991357330206 0.00276711740737777 -0.00012217214426388657 -0.0027678807113008658 0.9999962633792319 0.05975499256018679 -0.2163584414185351 -0.34259819583071405
FixedParameters: 0 0 0
#Transform 53
Transform: MatrixOffsetTransformBase_double_3_3
Parameters: 0.9999964355309189 0.0027345224703830854 0.00029529061941616135 -0.0027352083105811505 0.9999923442315592 0.0028486872218707604 -0.00028764767744363405 -0.002849313802090886 0.9999958576307904 0.05633942068065778 -0.20852329906981026 -0.3302275957052352
FixedParameters: 0 0 0
#Transform 54
Transform: MatrixOffsetTransformBase_double_3_3
Parameters: 0.9999969937429231 0.0023657973474574814 0.0006400109782717103 -0.002367183533991363 0.9999942781215213 0.0024398404316937766 -0.0006342935212592138 -0.002441160012257901 0.9999968035042148 0.05121396207273676 -0.16129772244472917 -0.3429216227494827
FixedParameters: 0 0 0
#Transform 55
Transform: MatrixOffsetTransformBase_double_3_3
Parameters: 0.9999966771818335 0.002579173620486521 0.0008184554174996733 -0.0025816371606731067 0.9999931878392679 0.002642245675066837 -0.0008116387296467816 -0.002644755938031554 0.9999965131038815 0.03802491544524855 -0.09999858908039982 -0.29647089663268744
FixedParameters: 0 0 0
#Transform 56
Transform: MatrixOffsetTransformBase_double_3_3
Parameters: 0.9999975190233489 0.00198186765082048 0.0007434811645485805 -0.001984159575519812 0.9999950079339579 0.002627760005168678 -0.0007378972982239609 -0.0026292434735528114 0.9999966930167042 0.03836702522905 -0.10265905864950753 -0.2645556875745356
FixedParameters: 0 0 0
#Transform 57
Transform: MatrixOffsetTransformBase_double_3_3
Parameters: 0.9999966619561859 0.0023885430292754782 0.0007949226026111697 -0.002391128268410595 0.9999932915068935 0.0027974561291569944 -0.0007883726082860524 -0.0027995439041868103 0.9999957071892113 0.06932201516393377 -0.10291292977832711 -0.2787765008140468
FixedParameters: 0 0 0
#Transform 58
Transform: MatrixOffsetTransformBase_double_3_3
Parameters: 0.9999972573095304 0.0020442931082899564 0.0007515497993816502 -0.002045679505781354 0.9999941624561229 0.0027386964700852057 -0.0007460568287660717 -0.002740304929459189 0.9999960850829942 0.05923133692733984 -0.06430055363343001 -0.25337261956952517
FixedParameters: 0 0 0
#Transform 59
Transform: MatrixOffsetTransformBase_double_3_3
Parameters: 0.9999966570341087 0.002366908975532782 0.0013195097477065386 -0.002370645229836437 0.9999928515778006 0.0028730948557072616 -0.001312471450205846 -0.002876905027720103 0.999995274142386 0.05604058292584568 -0.11019855366863851 -0.2773140026797698
FixedParameters: 0 0 0
#Transform 60
Transform: MatrixOffsetTransformBase_double_3_3
Parameters: 0.9999974159862985 0.001912126350647233 0.0013886218954808904 -0.001915563995614109 0.9999946592270358 0.0025324377908332307 -0.0013835196297272989 -0.0025355607488782156 0.9999959144125828 0.05504917690525701 -0.09990149090118905 -0.3140680262702453
FixedParameters: 0 0 0
#Transform 61
Transform: MatrixOffsetTransformBase_double_3_3
Parameters: 0.9999971164411325 0.0019748304494642895 0.0014082159585900597 -0.001979088877021149 0.999993679452718 0.0028332978198804953 -0.0014025982124872766 -0.0028357019011188145 0.9999953681531216 0.07402047949176449 -0.11266426814145802 -0.2915728401444255
FixedParameters: 0 0 0
#Transform 62
Transform: MatrixOffsetTransformBase_double_3_3
Parameters: 0.9999969715398631 0.0020841009885274766 0.001638434233280484 -0.002088260681811979 0.9999937322904969 0.002743664424715783 -0.0016334393297419017 -0.0027473373609778334 0.9999951636490401 0.07859408617500208 -0.16263430530011647 -0.29004725828207967
FixedParameters: 0 0 0
#Transform 63
Transform: MatrixOffsetTransformBase_double_3_3
Parameters: 0.999996794913506 0.00206923589646497 0.0017098950743634211 -0.0020735432326602784 0.9999943550307794 0.002636659831948468 -0.0017044321265767743 -0.0026403375318998917 0.9999945164760193 0.07463385431348968 -0.12679849319147252 -0.3098391600375585
FixedParameters: 0 0 0
#Transform 64
Transform: MatrixOffsetTransformBase_double_3_3
Parameters: 0.9999975901452481 0.0017519769599656293 0.0015302359371567524 -0.0017558269476841898 0.9999950549232518 0.0027574137689713313 -0.0015250331338518943 -0.002760589918847839 0.9999953110005358 0.06959012495158845 -0.12671962096716527 -0.2873091509814998
FixedParameters: 0 0 0
#Transform 65
Transform: MatrixOffsetTransformBase_double_3_3
Parameters: 0.9999966419482966 0.002031358199047417 0.0017974062207715823 -0.002036511686066698 0.999994435150722 0.0024334085826484275 -0.0017920980611933182 -0.0024365863262394566 0.9999953483208772 0.07613890050699013 -0.16024873129569528 -0.2732041243825769
FixedParameters: 0 0 0
#Transform 66
Transform: MatrixOffsetTransformBase_double_3_3
Parameters: 0.9999965426276279 0.0018955640419749571 0.0019658364756339306 -0.001901279054124157 0.9999934672579522 0.002904213310178358 -0.0019601487447201004 -0.0029077853360086475 0.9999941856347722 0.06671246011794096 -0.13744802447476445 -0.3063896579992189
FixedParameters: 0 0 0
#Transform 67
Transform: MatrixOffsetTransformBase_double_3_3
Parameters: 0.9999968322373438 0.0017679103676746018 0.002010371345982947 -0.0017741126736186942 0.9999937241735173 0.0029603983586855426 -0.002005224001010466 -0.0029645991719180337 0.999993555188814 0.061435177239147265 -0.11407048357465044 -0.30342640442167124
FixedParameters: 0 0 0
#Transform 68
Transform: MatrixOffsetTransformBase_double_3_3
Parameters: 0.9999964156437975 0.0018914823021028177 0.0017344051272703376 -0.00189566761078764 0.9999938998282605 0.0028507967062496864 -0.001728948179387397 -0.0028542020476362423 0.999994242246716 0.07253439349217672 -0.1337218904975117 -0.2732482996358101
FixedParameters: 0 0 0
#Transform 69
Transform: MatrixOffsetTransformBase_double_3_3
Parameters: 0.9999972925054635 0.0014094814353796488 0.0019288156993555396 -0.0014148950378263276 0.9999945322966562 0.002849113598730968 -0.0019251181775207821 -0.0028518871360680015 0.9999945094503441 0.06043758287421497 -0.10354117889005465 -0.29278264976619184
FixedParameters: 0 0 0
#Transform 70
Transform: MatrixOffsetTransformBase_double_3_3
Parameters: 0.9999949362299589 0.001980281105539433 0.0024784327154497602 -0.001989093748100857 0.9999921900293168 0.003354011776840443 -0.0024712041847547296 -0.0033589838453975673 0.9999912139107351 0.08295599433736811 -0.093969205966971 -0.3341265889827838
FixedParameters: 0 0 0
#Transform 71
Transform: MatrixOffsetTransformBase_double_3_3
Parameters: 0.9999954331383777 0.001730028506387452 0.002361194534100143 -0.001736991377511393 0.999994285620631 0.002865850028183778 -0.002355482601870839 -0.002870145300063326 0.9999926966142016 0.0866634010877192 -0.146626388947368 -0.3043361893420382
FixedParameters: 0 0 0
#Transform 72
Transform: MatrixOffsetTransformBase_double_3_3
Parameters: 0.9999966911687493 0.0017759285706770843 0.002038120412541018 -0.0017824649542500831 0.9999950010491072 0.0027284531951336927 -0.0020328794485271456 -0.0027325435309932256 0.9999937788133072 0.07612464318549428 -0.1035808004871086 -0.3068670929206938
FixedParameters: 0 0 0
#Transform 73
Transform: MatrixOffsetTransformBase_double_3_3
Parameters: 0.9999955706884085 0.0018165134491179712 0.0022644860786866726 -0.0018232463727841772 0.9999942312294052 0.0029909449210370476 -0.002259808849678355 -0.002995055530981519 0.99999242328215 0.09076370075106865 -0.10321454103720384 -0.3108952573139554
FixedParameters: 0 0 0
#Transform 74
Transform: MatrixOffsetTransformBase_double_3_3
Parameters: 0.9999949614979762 0.0016047881920923796 0.0025425245384775043 -0.0016121031607056425 0.9999940402209023 0.003144736842528667 -0.002537381256856903 -0.003149268381496345 0.9999921139488319 0.08370927170183506 -0.1630975629145297 -0.311748461128758
FixedParameters: 0 0 0
#Transform 75
Transform: MatrixOffsetTransformBase_double_3_3
Parameters: 0.9999956003256688 0.001617305140709753 0.0026044492385427173 -0.001625659741403556 0.9999944091677612 0.003078602639025124 -0.0025995598153456473 -0.0030834016307312445 0.9999922059334968 0.08096373966870374 -0.13778675227342774 -0.33277289044387004
FixedParameters: 0 0 0
#Transform 76
Transform: MatrixOffsetTransformBase_double_3_3
Parameters: 0.9999954841871972 0.0016238844922484396 0.00262258097170386 -0.0016328030784832966 0.9999937254156508 0.0031655383418760785 -0.0026173675668580273 -0.0031694612677320155 0.9999916925622397 0.10249290447276849 -0.11634653566210318 -0.33573489173858206
FixedParameters: 0 0 0
#Transform 77
Transform: MatrixOffsetTransformBase_double_3_3
Parameters: 0.9999937641197256 0.0017866875320452333 0.003007248636466412 -0.0017967717608662218 0.9999931424498973 0.0033044066195974803 -0.003001249078740974 -0.0033095924405078248 0.9999897490483526 0.05832129142028464 -0.16244926993881847 -0.32827731401691906
FixedParameters: 0 0 0
#Transform 78
Transform: MatrixOffsetTransformBase_double_3_3
Parameters: 0.9999948192275053 0.0014856009544373082 0.002995598236268543 -0.001496115754229518 0.9999927324048192 0.003369085230611371 -0.0029904052768464848 -0.0033729135565515184 0.999990359417209 0.06773200444374083 -0.1167924212234226 -0.33811084312315387
FixedParameters: 0 0 0
#Transform 79
Transform: MatrixOffsetTransformBase_double_3_3
Parameters: 0.9999940378948765 0.0017511458506676218 0.002982853882301884 -0.0017607605633521092 0.9999925103757763 0.003419438379987455 -0.002976565202059399 -0.0034245649760744207 0.9999901072011878 0.07167431159193427 -0.15075790974421466 -0.3141213013942483
FixedParameters: 0 0 0
#Transform 80
Transform: MatrixOffsetTransformBase_double_3_3
Parameters: 0.9999945416229192 0.0015558450850186568 0.0028349780859446565 -0.001562852260151535 0.9999954430900677 0.0027644037475082206 -0.0028313289396014103 -0.002769600281706433 0.9999917858749832 0.08470600549749463 -0.12779083988779405 -0.2776542158642492
FixedParameters: 0 0 0
#Transform 81
Transform: MatrixOffsetTransformBase_double_3_3
Parameters: 0.9999931816039269 0.0013587827277262631 0.0033127076685332355 -0.0013686763525039118 0.9999940744551292 0.003082927842648228 -0.0033080360837323465 -0.0030880730208383556 0.9999900664194769 0.08270828967430077 -0.0996272509111975 -0.31833831289709735
FixedParameters: 0 0 0
#Transform 82
Transform: MatrixOffsetTransformBase_double_3_3
Parameters: 0.9999937074166765 0.0014878448752975932 0.0031748606565149525 -0.0014971372314750186 0.9999941915926265 0.003141934972933108 -0.0031702124149832374 -0.003146067061722907 0.9999897462363428 0.08661376651762964 -0.11963008114551599 -0.30672827067484576
FixedParameters: 0 0 0
#Transform 83
Transform: MatrixOffsetTransformBase_double_3_3
Parameters: 0.9999946053870574 0.0014488577554924156 0.002880336473358712 -0.0014573115825423696 0.99999470822377 0.002951516684348232 -0.0028757393875 -0.002956483463113599 0.999991444847714 0.08668578780418557 -0.12033218614134 -0.28661429869376676
FixedParameters: 0 0 0
#Transform 84
Transform: MatrixOffsetTransformBase_double_3_3
Parameters: 0.9999943682145003 0.0014141591986541924 0.003103493058486893 -0.001423033808413758 0.9999944158419909 0.002807145966880892 -0.003099511133380541 -0.0028108495648286463 0.9999911713466543 0.08291348063012549 -0.09839028147733586 -0.29605045770840377
FixedParameters: 0 0 0
#Transform 85
Transform: MatrixOffsetTransformBase_double_3_3
Parameters: 0.9999945723192128 0.00144639387797031 0.0030557554960710886 -0.0014560772204329129 0.9999944056845862 0.0031462535522762125 -0.0030504829306982127 -0.0031507475607824714 0.9999903404209397 0.08519438928149725 -0.16823527177028552 -0.295046711692752
FixedParameters: 0 0 0
#Transform 86
Transform: MatrixOffsetTransformBase_double_3_3
Parameters: 0.9999946480425989 0.0014213034476598407 0.0030546320844909982 -0.0014309346252581933 0.9999944022457566 0.0031583318237731195 -0.00305047600255389 -0.003162670846204238 0.9999902681613916 0.09189651165591783 -0.13275177669927984 -0.2902982528043907
FixedParameters: 0 0 0
#Transform 87
Transform: MatrixOffsetTransformBase_double_3_3
Parameters: 0.9999931222441035 0.0018700169067234795 0.003221731108836197 -0.0018814536200463534 0.9999927296917209 0.0034667525109403075 -0.003215435110458748 -0.0034732471650187474 0.9999883105980631 0.11902039057301295 -0.1259947113591693 -0.31963560085383946
FixedParameters: 0 0 0
#Transform 88
Transform: MatrixOffsetTransformBase_double_3_3
Parameters: 0.9999936277342616 0.0013873821012386337 0.0032322846234559806 -0.0013949272529655533 0.9999961289584346 0.002316067075782982 -0.0032289509173880847 -0.002320929991962123 0.9999917478506236 0.10202795083303329 -0.13844518131635652 -0.25969792390356616
FixedParameters: 0 0 0
#Transform 89
Transform: MatrixOffsetTransformBase_double_3_3
Parameters: 0.9999936918621455 0.0013101530698151802 0.0032540512696096445 -0.0013218006333000044 0.999992744250398 0.0035982833652167673 -0.003250182132722908 -0.003602717131382091 0.999988020245692 0.09893345403648368 -0.16079744774332028 -0.3044158234022625
FixedParameters: 0 0 0
#Transform 90
Transform: MatrixOffsetTransformBase_double_3_3
Parameters: 0.9999944553307825 0.002622448060600169 0.002159947648319653 -0.0026302903144216467 0.9999910701722249 0.0032215044176786417 -0.002151333683271117 -0.0032274921845628912 0.999992590255036 0.20034788018094218 -0.13781526773935582 -0.2221343234144726
FixedParameters: 0 0 0
#Transform 91
Transform: MatrixOffsetTransformBase_double_3_3
Parameters: 0.9999917176961112 0.003202085311010075 0.002455888281388684 -0.0032081996664023995 0.999991608898927 0.002681524465613136 -0.0024468750686352505 -0.0026894788577460915 0.9999936848832349 0.21613241134750183 -0.21856328237997502 -0.24018959224099845
FixedParameters: 0 0 0
#Transform 92
Transform: MatrixOffsetTransformBase_double_3_3
Parameters: 0.9999949657252014 0.0021778018882061857 0.0022999979292275224 -0.0021848625135116365 0.9999933469789054 0.0030430389425863263 -0.0022939205339386807 -0.003047966452918563 0.9999930685000691 0.1614010971059372 -0.23254939048372592 -0.2748946775745722
FixedParameters: 0 0 0
#Transform 93
Transform: MatrixOffsetTransformBase_double_3_3
Parameters: 0.999995454840076 0.002123554013107943 0.002243807312068327 -0.002131078382697781 0.99999178261495 0.003472282080156222 -0.0022371043567844242 -0.0034767210457150866 0.9999915277832939 0.13920870302543165 -0.2736207060059286 -0.29540270087385423
FixedParameters: 0 0 0
#Transform 94
Transform: MatrixOffsetTransformBase_double_3_3
Parameters: 0.9999959891841802 0.0018932735525567495 0.00210384651575143 -0.001901064883720598 0.999991958674069 0.003472969508115306 -0.0020968758369590617 -0.00347802815645111 0.999991872197024 0.15491209308619602 -0.2494879696573804 -0.27584970653398955
FixedParameters: 0 0 0
#Transform 95
Transform: MatrixOffsetTransformBase_double_3_3
Parameters: 0.9999933389876078 0.001973736399841954 0.002960524525257056 -0.0019839820067043476 0.9999926262295873 0.003405044157190562 -0.0029538820791860693 -0.0034099559401734175 0.9999894905048696 0.14477611357290243 -0.15793595957718765 -0.3152509098455134
FixedParameters: 0 0 0
#Transform 96
Transform: MatrixOffsetTransformBase_double_3_3
Parameters: 0.999996177905244 0.0015359500484600544 0.002337273322240395 -0.0015428695788392225 0.9999943744297591 0.0031243476920017332 -0.0023327510918556005 -0.0031276556232178315 0.9999922596274053 0.1727092053865391 -0.1463411478673038 -0.2730791258235179
FixedParameters: 0 0 0
#Transform 97
Transform: MatrixOffsetTransformBase_double_3_3
Parameters: 0.9999957188464935 0.0017994474818795552 0.002457644619444396 -0.0018080403983265234 0.9999928284862938 0.003361497971839114 -0.0024525980741603726 -0.0033655033570221676 0.9999912639747135 0.17613378199752106 -0.1870184284909584 -0.27472584556693747
FixedParameters: 0 0 0
#Transform 98
Transform: MatrixOffsetTransformBase_double_3_3
Parameters: 0.9999937355752108 0.0016961328242125575 0.003063910571569702 -0.0017061148653142394 0.9999926288192487 0.0035705847968381665 -0.0030583540835095835 -0.003575419739803992 0.9999885739223663 0.15564978045502187 -0.1408803023092844 -0.3342707302702479
FixedParameters: 0 0 0
#Transform 99
Transform: MatrixOffsetTransformBase_double_3_3
Parameters: 0.9999947904901808 0.0018178570622654677 0.0026277782692962453 -0.0018254677786539097 0.9999933290110435 0.003122024202396101 -0.0026223675186399847 -0.0031269786912024866 0.9999919363721971 0.1636355155451099 -0.1888317952766556 -0.27362146220128025
FixedParameters: 0 0 0
#Transform 100
Transform: MatrixOffsetTransformBase_double_3_3
Parameters: 0.999994366123382 0.0019214975766141764 0.002817723023437029 -0.0019300473140643607 0.9999941471960753 0.0029013706423097335 -0.0028126328300367483 -0.0029066336257760478 0.9999923523986058 0.15771832613890524 -0.20516616052591985 -0.2700776915860281
FixedParameters: 0 0 0
#Transform 101
Transform: MatrixOffsetTransformBase_double_3_3
Parameters: 0.9999931065711822 0.0021487234498028026 0.0028767408304595198 -0.002155799580467717 0.9999939590415804 0.00258460453216712 -0.0028716954123952664 -0.002591396890731512 0.9999927519724895 0.1772270140915566 -0.1556757152276873 -0.21771302874247667
FixedParameters: 0 0 0
#Transform 102
Transform: MatrixOffsetTransformBase_double_3_3
Parameters: 0.9999933051786074 0.0022527734381744156 0.0027600762050485647 -0.002260861704165192 0.9999937618730177 0.002698673968042617 -0.0027540991770062914 -0.00270432645299494 0.9999929470271974 0.194880007701002 -0.16849344564764124 -0.24117086553355804
FixedParameters: 0 0 0
#Transform 103
Transform: MatrixOffsetTransformBase_double_3_3
Parameters: 0.9999941155090485 0.0022882270447713827 0.002578321734271924 -0.0022929622472914668 0.9999949307864833 0.0020210108218051137 -0.0025743953084804913 -0.002026991881777601 0.9999949915326457 0.1931709326561304 -0.18901641010600656 -0.20110471434193045
FixedParameters: 0 0 0
#Transform 104
Transform: MatrixOffsetTransformBase_double_3_3
Parameters: 0.9999934696105766 0.002629757815174499 0.002369791695786762 -0.0026369192697839705 0.9999925446098648 0.0029750579000047545 -0.0023613139801809536 -0.002981939341871076 0.9999921819901774 0.18839280697422112 -0.18526994737278812 -0.22258114236419857
FixedParameters: 0 0 0
#Transform 105
Transform: MatrixOffsetTransformBase_double_3_3
Parameters: 0.99998774080039 0.004497073856258789 0.0022441473401983952 -0.004501028498835297 0.9999885269435247 0.0017600125031629055 -0.002235840363274743 -0.0017699867481019427 0.999995983363903 0.2862027793923403 -0.1009224149657939 -0.12208037460065668
FixedParameters: 0 0 0
#Transform 106
Transform: MatrixOffsetTransformBase_double_3_3
Parameters: 0.9999901202732582 0.0040255794146712666 0.001917232742576735 -0.004030522797315678 0.999987736928903 0.0026781746998391365 -0.0019060566860646464 -0.002685818072162602 0.9999939970190106 0.2381706350784185 -0.23411551286170607 -0.20699224158225604
FixedParameters: 0 0 0
#Transform 107
Transform: MatrixOffsetTransformBase_double_3_3
Parameters: 0.9999906215300695 0.004121318828849985 0.0011790053660060088 -0.004125058679098297 0.9999879458396567 0.002584098565329304 -0.0011684680027621035 -0.002589901753906332 0.9999962904682692 0.20822603983867793 -0.21808625511209812 -0.1808856749322807
FixedParameters: 0 0 0
#Transform 108
Transform: MatrixOffsetTransformBase_double_3_3
Parameters: 0.9999934108929349 0.0030983905986366887 0.0019973786358720934 -0.003104116969383216 0.9999915489091838 0.002674227752635247 -0.001988224243256542 -0.0026807690254859323 0.9999945239055048 0.16864989434662903 -0.20027732762633832 -0.2331661467330015
FixedParameters: 0 0 0
#Transform 109
Transform: MatrixOffsetTransformBase_double_3_3
Parameters: 0.9999911475744677 0.0031735106393507295 0.0026042746891266856 -0.0031801114120093717 0.9999911232179794 0.002620998273190442 -0.002595794862240269 -0.002630000194030077 0.9999932377784151 0.13271691283658527 -0.18467887246862347 -0.2544801317328158
FixedParameters: 0 0 0
#Transform 110
Transform: MatrixOffsetTransformBase_double_3_3
Parameters: 0.9999894590729629 0.0033214041755129492 0.0030841527023441344 -0.0033296429151582867 0.9999907059482569 0.0028199763106740022 -0.003074313874416772 -0.00283002786024536 0.9999917917493811 0.14461071547975735 -0.15970184347290228 -0.2893022701137937
FixedParameters: 0 0 0
#Transform 111
Transform: MatrixOffsetTransformBase_double_3_3
Parameters: 0.9999901478913488 0.003020027425164457 0.003119391985160465 -0.003028736971868039 0.9999913829627332 0.0026846691123883493 -0.0031112065996186694 -0.00269332615990521 0.9999913034053756 0.1652375800468775 -0.08739918020722826 -0.2712205657286333
FixedParameters: 0 0 0
#Transform 112
Transform: MatrixOffsetTransformBase_double_3_3
Parameters: 0.9999913648415037 0.002677413409827478 0.0030766895778529583 -0.0026866183073589777 0.9999930567768827 0.002782761947629525 -0.003068827223568422 -0.0027912401434032758 0.9999917732263793 0.1638508915057173 -0.1468064924866752 -0.2659333269101687
FixedParameters: 0 0 0
#Transform 113
Transform: MatrixOffsetTransformBase_double_3_3
Parameters: 0.9999921800602469 0.0024413513741811223 0.0029762608513882005 -0.0024505401903247917 0.9999927583734294 0.0030617468220193733 -0.0029692226384156035 -0.0030692552587653077 0.999990626986276 0.1874119648405923 -0.11060338411128612 -0.28033936104372614
FixedParameters: 0 0 0
#Transform 114
Transform: MatrixOffsetTransformBase_double_3_3
