#Insight Transform File V1.0
#Transform 0
Transform: MatrixOffsetTransformBase_double_3_3
Parameters: 0.9999984589110313 0.0012047016077294417 -0.0014456075694363852 -0.0012037038446940731 0.9999996727914844 0.0003457704371250536 0.0014464384657324675 -0.00034422841739048526 0.9999985480700211 -0.10472097351349419 -0.12325665608527459 -0.3609740944297073
FixedParameters: 0 0 0
#Transform 1
Transform: MatrixOffsetTransformBase_double_3_3
Parameters: 0.9999972602308824 0.0009252108614577141 -0.0019705500053494047 -0.0009239820685410044 0.9999989782501816 0.0005645946344157854 0.0019714701556993014 -0.0005624039889968735 0.9999976469163578 -0.08814987203639646 -0.12200491269008751 -0.42100327953806627
FixedParameters: 0 0 0
#Transform 2
Transform: MatrixOffsetTransformBase_double_3_3
Parameters: 0.9999936519202737 0.0023885374258143543 -0.002577386757132284 -0.0023892048767577474 0.9999969110116694 -0.00012601050777494294 0.002576768032481792 0.00013298784373592942 0.9999967073685734 -0.025416972380511993 -0.18166604667263186 -0.3512459147900877
FixedParameters: 0 0 0
#Transform 3
Transform: MatrixOffsetTransformBase_double_3_3
Parameters: 0.9999927811167717 0.0021148225174576277 -0.0032784228629079027 -0.002116596249892923 0.9999981308515132 -0.00041845891034851534 0.0032767590649974317 0.0004255383576321631 0.9999942940971682 -0.057526269717598666 -0.05373448526746927 -0.32756092897064093
FixedParameters: 0 0 0
#Transform 4
Transform: MatrixOffsetTransformBase_double_3_3
Parameters: 0.9999961191477342 0.0009830376972791094 -0.0024316911145619118 -0.0009804886197703133 0.9999994539884247 0.000933054920212395 0.0024332773844007853 -0.0009309450227483473 0.9999969279080817 -0.1336652135445746 -0.10877138125874808 -0.4103986561069135
FixedParameters: 0 0 0
#Transform 5
Transform: MatrixOffsetTransformBase_double_3_3
Parameters: 0.9999955305949192 0.0011795832132671133 -0.0028420324199099544 -0.0011778241633268564 0.9999986925782802 0.0004857746276326347 0.0028430515364776454 -0.0004822237842128929 0.9999963695047438 -0.028378504862018872 -0.03311850776016456 -0.4598077548209609
FixedParameters: 0 0 0
#Transform 6
Transform: MatrixOffsetTransformBase_double_3_3
Parameters: 0.9999942824668032 0.0017098498559662543 -0.00279204819521462 -0.0017091458411824763 0.9999985264827566 0.0002844699465359146 0.0027918979368365534 -0.0002795311199044054 0.9999955969354188 -0.015131261901359494 -0.04981475846065564 -0.43308549565673715
FixedParameters: 0 0 0
#Transform 7
Transform: MatrixOffsetTransformBase_double_3_3
Parameters: 0.9999972036571438 0.0010693001434807932 -0.001911361372454215 -0.0010685350697205883 0.9999995205662141 0.0006889379889216257 0.001911594850477866 -0.0006860637741911008 0.9999977377763066 -0.07003928438975038 -0.10373397659917316 -0.3782649067899335
FixedParameters: 0 0 0
#Transform 8
Transform: MatrixOffsetTransformBase_double_3_3
Parameters: 0.9999953509088512 0.0014682833209571774 -0.0027375783901375573 -0.001467835527693116 0.9999992423361604 -0.00009730049841516486 0.0027374081106378836 0.00010170147046251188 0.9999960887721205 -0.011523261755755243 -0.025751871248090197 -0.46942042536752027
FixedParameters: 0 0 0
#Transform 9
Transform: MatrixOffsetTransformBase_double_3_3
Parameters: 0.9999952624531434 0.001154929035663753 -0.0027213396536002964 -0.0011545099152205187 0.9999989117791516 0.00023868861772455285 0.002720772575878249 -0.000235312766038262 0.9999962383354639 -0.01083721477709787 -0.08233870635761775 -0.42479958135047724
FixedParameters: 0 0 0
#Transform 10
Transform: MatrixOffsetTransformBase_double_3_3
Parameters: 0.9999983129982161 0.00030164235702346 -0.0016111818923117026 -0.00030058530556967034 0.9999995196840438 0.0006363637155331753 0.001611443040486079 -0.0006356352600738469 0.9999979843224298 -0.06505189150985302 -0.09000642113169022 -0.4267528898318247
FixedParameters: 0 0 0
#Transform 11
Transform: MatrixOffsetTransformBase_double_3_3
Parameters: 0.9999988811889077 0.0002787938838703278 -0.0014286290888025285 -0.0002785863275851351 0.9999997607821356 0.00042027738144251314 0.001428741319670174 -0.00041972298257544893 0.9999987676064528 -0.04858511143530109 -0.023189500566388688 -0.43423089756955235
FixedParameters: 0 0 0
#Transform 12
Transform: MatrixOffsetTransformBase_double_3_3
Parameters: 0.9999980378647902 0.00031171968765254766 -0.0016925596307245834 -0.0003114891013385551 0.9999996251947876 0.0006543011720244185 0.0016927237832334767 -0.0006547004437989501 0.9999985559279707 -0.03434530452199169 -0.07941299197307217 -0.43478325909743987
FixedParameters: 0 0 0
#Transform 13
Transform: MatrixOffsetTransformBase_double_3_3
Parameters: 0.9999986898496461 0.0010676374998997325 -0.0010823603961769637 -0.0010661267142573533 0.9999995711982529 0.0006421698046044644 0.0010827366575995637 -0.0006408301964867941 0.9999992956064526 -0.017866894715481862 -0.060002505586354005 -0.44959959674052286
FixedParameters: 0 0 0
#Transform 14
Transform: MatrixOffsetTransformBase_double_3_3
Parameters: 0.9999999894960055 0.00010245655096647364 0.0000025786724163722975 -0.00010246014334891566 0.9999994754107919 0.0007169993664992574 -0.0000024317475432521513 -0.000716999881234831 0.999999485907753 -0.057516894522905204 -0.078725721315692 -0.4414176078113847
FixedParameters: 0 0 0
#Transform 15
Transform: MatrixOffsetTransformBase_double_3_3
Parameters: 0.9999981283844939 -0.00009507338609296 -0.001965428101175417 0.00009633113177206797 0.9999995718258788 0.0005725548509270539 0.0019651966550516668 -0.0005724445697857378 0.9999979010458662 0.021091157938471383 -0.08392788141971153 -0.48116719577176426
FixedParameters: 0 0 0
#Transform 16
Transform: MatrixOffsetTransformBase_double_3_3
Parameters: 0.9999994452701579 -0.0008349336887215869 -0.0009261424851338503 0.000834775985939764 0.9999999004303881 0.0005163333655337776 0.0009261507604215318 -0.0005166675448520369 0.9999990112949309 -0.012302298827847835 -0.06605217486806225 -0.49890106806132195
FixedParameters: 0 0 0
#Transform 17
Transform: MatrixOffsetTransformBase_double_3_3
Parameters: 0.9999994398873581 -0.00052704149374042 -0.0005313563679124213 0.0005273410964223684 0.999999642544126 0.0002817197710970748 0.0005310590345605374 -0.0002822798681484384 0.9999996382953336 -0.024190408215673642 -0.06895348150526104 -0.4528134042064984
FixedParameters: 0 0 0
#Transform 18
Transform: MatrixOffsetTransformBase_double_3_3
Parameters: 0.9999984809122454 0.000877312737694991 -0.0013226542485359676 -0.0008799532857115624 0.9999965629397564 -0.0024079451195776896 0.0013208944319187056 0.0024090556201177837 0.9999963162020407 0.06221927889450285 0.05726836692537063 -0.5911264902158564
FixedParameters: 0 0 0
#Transform 19
Transform: MatrixOffsetTransformBase_double_3_3
Parameters: 0.9999991663981765 0.0008629892396259761 -0.00029875195342161573 -0.000862646721647299 0.9999992399740669 0.0003692725190082846 0.0002983970274275757 -0.0003697275840656433 0.9999996533637421 0.010367249382611021 -0.10230215499269946 -0.4635272011654479
FixedParameters: 0 0 0
#Transform 20
Transform: MatrixOffsetTransformBase_double_3_3
Parameters: 0.999999236812735 0.0008439774951539429 -0.0002259370588695286 -0.0008443980710907206 0.9999965072907078 -0.0026006888662509497 0.00022365254408741886 0.002601310332010956 0.9999961990968095 0.02195381052310097 0.032733574342501015 -0.5894890592434123
FixedParameters: 0 0 0
#Transform 21
Transform: MatrixOffsetTransformBase_double_3_3
Parameters: 0.9999995288985849 0.0011812923224761187 -0.00027372709689439526 -0.0011819950483811764 0.9999994946161556 0.00030744478305015643 0.00027333820677329296 -0.0003065564248258962 0.9999998457841368 0.015146797034489623 -0.0573678189361857 -0.49010187053721666
FixedParameters: 0 0 0
#Transform 22
Transform: MatrixOffsetTransformBase_double_3_3
Parameters: 0.9999995291739763 0.0006722312771830955 0.0001373916616804421 -0.000672287545979171 0.999999128160754 0.0006479073605340085 -0.0001375129618866243 -0.0006480921690816266 0.9999995612055268 0.008077873358217857 -0.11309137200085218 -0.4378693411373433
FixedParameters: 0 0 0
#Transform 23
Transform: MatrixOffsetTransformBase_double_3_3
Parameters: 0.9999987281891402 0.0017455566615704225 -0.0004738508475963049 -0.001745198632078015 0.9999977013665788 0.0011659646895639947 0.00047581235928730617 -0.0011650355434396492 0.9999993100385366 0.03389334575945213 -0.10312534256426886 -0.42236519887658375
FixedParameters: 0 0 0
#Transform 24
Transform: MatrixOffsetTransformBase_double_3_3
Parameters: 0.9999993409653474 0.0012794564776321192 0.00014843946555472026 -0.0012796568319170475 0.9999981702643405 0.0010918109290797423 -0.00014663746258226486 -0.001092188499251745 0.9999997857722464 0.0016698598426359013 -0.1091285961985875 -0.4113597198732606
FixedParameters: 0 0 0
#Transform 25
Transform: MatrixOffsetTransformBase_double_3_3
Parameters: 0.9999997158018518 0.0010345278477379921 0.0004630012313203613 -0.0010353977162424694 0.99999660262935 0.0022815075687276087 -0.0004601419145031124 -0.0022814926969209615 0.9999977026707358 -0.007333561299148528 -0.16652653388277372 -0.3991178982150281
FixedParameters: 0 0 0
#Transform 26
Transform: MatrixOffsetTransformBase_double_3_3
Parameters: 0.9999998617770677 0.0010186222024492297 0.0003166300035825329 -0.0010196596148691016 0.9999978255849866 0.0020297998887925384 -0.00031447738353588417 -0.002030201159145484 0.9999977943791083 0.021990527682035577 -0.1248882185456921 -0.39900214988594485
FixedParameters: 0 0 0
#Transform 27
Transform: MatrixOffsetTransformBase_double_3_3
Parameters: 0.9999994432069107 0.0011947185514481398 0.0003589038644315934 -0.0011958830586444597 0.9999969853444846 0.002137692668749566 -0.00035677039577254247 -0.0021383061985950913 0.9999973157629228 0.001620743962035931 -0.12722673430111797 -0.3980137201064444
FixedParameters: 0 0 0
#Transform 28
Transform: MatrixOffsetTransformBase_double_3_3
Parameters: 0.9999998419976853 0.0010113534434657491 0.0003669969147399466 -0.001012511320072782 0.999997189710117 0.0019146141983563125 -0.00036510731843981514 -0.001914384747169609 0.9999983216605162 -0.004552564333692999 -0.14589649003400496 -0.38860985526586234
FixedParameters: 0 0 0
#Transform 29
Transform: MatrixOffsetTransformBase_double_3_3
Parameters: 0.9999993921978322 0.0012025547288245784 0.00040113922624379546 -0.0012038600084211262 0.9999971776805222 0.002087639380094805 -0.0003990922699661991 -0.002088360308409351 0.9999974950170087 0.0036133869878227642 -0.09893523592089082 -0.4050639562607472
FixedParameters: 0 0 0
#Transform 30
Transform: MatrixOffsetTransformBase_double_3_3
Parameters: 0.9999990885582654 0.0008946561523069052 0.00033255386554394606 -0.0008958716842203214 0.999997220474293 0.002200808528154241 -0.0003305988998589389 -0.0022001900130394353 0.9999971836730812 0.00019886413112146784 -0.16189247196388123 -0.38824729903186395
FixedParameters: 0 0 0
#Transform 31
Transform: MatrixOffsetTransformBase_double_3_3
Parameters: 0.9999997810017154 0.0010531718316399126 0.0003308010814070335 -0.0010541347468365804 0.9999975445618152 0.001828652486802168 -0.0003289319101770956 -0.001829347621200822 0.9999985459501024 -0.004320743987008768 -0.1255420273193124 -0.4039705573614363
FixedParameters: 0 0 0
#Transform 32
Transform: MatrixOffsetTransformBase_double_3_3
Parameters: 0.9999994135495204 0.0012376047014931973 0.00023371869823949148 -0.001238156897521775 0.9999975252685143 0.001710831702730925 -0.00023146776405266625 -0.0017111656304544393 0.999998033237206 0.015289764156349861 -0.12169047073420813 -0.403246909487585
FixedParameters: 0 0 0
#Transform 33
Transform: MatrixOffsetTransformBase_double_3_3
Parameters: 0.9999992949020841 0.0011851372810461314 0.0005482655573776751 -0.0011861955605015817 0.9999965957417389 0.0022083372747464525 -0.0005458842340671317 -0.0022086642810099505 0.9999979441967383 -0.019512046525804294 -0.16382515325216218 -0.4103573724094254
FixedParameters: 0 0 0
#Transform 34
Transform: MatrixOffsetTransformBase_double_3_3
Parameters: 0.9999996722283706 0.0011510695652607024 0.000054630445592694426 -0.0011510073596219166 0.999997800768258 0.0016910583168869425 -0.00005272272770342935 -0.0016909399658192603 0.999998152495118 0.02831593358058626 -0.11375333747284344 -0.4316592929875398
FixedParameters: 0 0 0
#Transform 35
Transform: MatrixOffsetTransformBase_double_3_3
Parameters: 0.9999995203155188 0.0010616445412060967 0.0005939721444157859 -0.0010626848596011226 0.999997185393961 0.0019193693947545803 -0.0005917566542604652 -0.00192062883946989 0.9999979621157228 -0.00744360397034427 -0.17422432235304086 -0.41290329558421135
FixedParameters: 0 0 0
#Transform 36
Transform: MatrixOffsetTransformBase_double_3_3
Parameters: 0.9999995393882661 0.001046386764052934 0.0006039411783999729 -0.0010482208114269626 0.9999978151764133 0.0017223538620355083 -0.0006023183102975292 -0.0017226468908130427 0.999998790191703 -0.0006114917813420107 -0.11646293812715669 -0.41137240091822136
FixedParameters: 0 0 0
#Transform 37
Transform: MatrixOffsetTransformBase_double_3_3
Parameters: 0.999998214661375 0.001427946808132594 0.000864466317157089 -0.0014289955505533605 0.9999969447089224 0.0019688729948088846 -0.0008615734648562463 -0.0019701263836125055 0.9999975120801373 -0.007584294290452931 -0.1295479234486976 -0.42570845411962566
FixedParameters: 0 0 0
#Transform 38
Transform: MatrixOffsetTransformBase_double_3_3
Parameters: 0.9999988365715359 0.0005947851068533642 0.0013451395800619134 -0.0005973552201111056 0.9999978861589691 0.002153184553368395 -0.0013441917901365157 -0.0021538172937242417 0.9999966752684833 -0.07966716827749565 -0.15316872329609055 -0.41110989740980486
FixedParameters: 0 0 0
#Transform 39
Transform: MatrixOffsetTransformBase_double_3_3
Parameters: 0.999999570639767 0.0009673738826458888 0.0007031949365556957 -0.0009679094617815767 0.9999980528494689 0.0019684276928446376 -0.0007011266844705146 -0.001968574358898703 0.9999977677917549 -0.01577585549307514 -0.12331550244370248 -0.44344586519486384
FixedParameters: 0 0 0
#Transform 40
Transform: MatrixOffsetTransformBase_double_3_3
Parameters: 0.9999983519002867 0.0011585186288234105 0.0015185013696103389 -0.0011619755225839162 0.9999963898057622 0.002240208021696069 -0.0015159131692282321 -0.0022417881135154694 0.9999959179197574 -0.059374876029636425 -0.14103169281629846 -0.4104270982449343
FixedParameters: 0 0 0
#Transform 41
Transform: MatrixOffsetTransformBase_double_3_3
Parameters: 0.9999993970157885 0.001073060181156964 0.0006720149668634662 -0.001074434208084923 0.9999979262690508 0.0019453864352050598 -0.0006697002390330614 -0.001945614885244154 0.9999979007937102 -0.014343132806402537 -0.13091674622447158 -0.43605820456777167
FixedParameters: 0 0 0
#Transform 42
Transform: MatrixOffsetTransformBase_double_3_3
Parameters: 0.9999992769021968 0.0008388532364517831 0.0010101955743608603 -0.0008407660022278235 0.9999966992495106 0.002544139689104441 -0.0010075412605064396 -0.002544863915346973 0.9999966286566895 -0.043955760949330624 -0.16576753991333248 -0.42863599799368046
FixedParameters: 0 0 0
#Transform 43
Transform: MatrixOffsetTransformBase_double_3_3
Parameters: 0.9999991233045606 0.0004287256360579767 0.0013013095687760344 -0.00043167533913871105 0.9999972859991608 0.002325424778969798 -0.0012999356439331695 -0.002325573547097032 0.999996021389366 -0.08611239841999918 -0.17939372624174155 -0.39948310256134434
FixedParameters: 0 0 0
#Transform 44
Transform: MatrixOffsetTransformBase_double_3_3
Parameters: 0.999998749328491 0.0010529926022273997 0.0010683791648071676 -0.0010544339351592857 0.9999976163146203 0.0017748601148233206 -0.0010673713289853259 -0.0017761402938556714 0.9999978282041891 -0.03168850535637091 -0.10985150636075502 -0.4445680234944369
FixedParameters: 0 0 0
#Transform 45
Transform: MatrixOffsetTransformBase_double_3_3
Parameters: 0.9999987463021323 0.0008005214095315415 0.001270192443608326 -0.0008030836786750771 0.9999970445709316 0.0022779669159774807 -0.0012681581108618125 -0.002279031884928534 0.999996318590171 -0.047856296733286285 -0.16639134460332627 -0.43081930095183907
FixedParameters: 0 0 0
#Transform 46
Transform: MatrixOffsetTransformBase_double_3_3
Parameters: 0.9999989604264765 0.0006517903912746214 0.001270427695894671 -0.0006543839835843436 0.9999978630518611 0.0018980354869308075 -0.0012696892780378304 -0.0018989660362540434 0.9999978887573193 -0.053027540441959786 -0.1317630843975195 -0.43431459857210086
FixedParameters: 0 0 0
#Transform 47
Transform: MatrixOffsetTransformBase_double_3_3
Parameters: 0.9999997069048674 0.0008591924645059544 0.0007453216563218921 -0.0008602051532276892 0.9999973984313281 0.0021773467570219 -0.0007433190193838612 -0.0021776562482570816 0.9999978254403613 -0.027812574940824675 -0.14726533011460674 -0.4207508366379997
FixedParameters: 0 0 0
#Transform 48
Transform: MatrixOffsetTransformBase_double_3_3
Parameters: 0.9999991383439861 0.00029243677816041515 0.0013327464741178694 -0.00029621862079890854 0.9999971230781091 0.0025825937978491975 -0.0013318532097025106 -0.002582407773646503 0.9999956766212947 -0.07568691938473648 -0.19849161067919852 -0.4302285077201198
FixedParameters: 0 0 0
#Transform 49
Transform: MatrixOffsetTransformBase_double_3_3
Parameters: 0.9999989142527986 0.0005215542225802592 0.001346781530824014 -0.0005241066475079134 0.9999986110469412 0.001730281028559183 -0.0013457208236369764 -0.001730718460236702 0.9999973139388084 -0.05407913839759715 -0.09070285680707002 -0.43381495135979264
FixedParameters: 0 0 0
#Transform 50
Transform: MatrixOffsetTransformBase_double_3_3
Parameters: 0.9999985381259551 0.00035510949543875246 0.0015278894332313357 -0.00035880795688014185 0.9999976384899947 0.002264320204956871 -0.0015278922532712062 -0.0022646826236308037 0.9999966436897696 -0.08060506816833879 -0.17527575850414223 -0.423058119637421
FixedParameters: 0 0 0
#Transform 51
Transform: MatrixOffsetTransformBase_double_3_3
Parameters: 0.9999979493565907 0.0010500983156622255 0.0017174970115060911 -0.0010533316949652783 0.9999969579023513 0.0021690452085737916 -0.0017144301757268904 -0.002170955960962881 0.9999965736312608 -0.061747498603210715 -0.13682396383762807 -0.441911613626786
FixedParameters: 0 0 0
#Transform 52
Transform: MatrixOffsetTransformBase_double_3_3
Parameters: 0.9999985367974882 0.0014662590544574112 0.0005590481237699963 -0.0014676182607500597 0.9999976487354909 0.0014362869827957564 -0.0005568187028782212 -0.0014367116788934764 0.9999987609948349 0.010909642621371063 -0.0480761619877228 -0.44514518150227644
FixedParameters: 0 0 0
#Transform 53
Transform: MatrixOffsetTransformBase_double_3_3
Parameters: 0.9999991346564123 0.0012448898374315277 0.0005618565137207035 -0.0012460700289241959 0.9999961998381203 0.0022642870076616667 -0.0005590714989580015 -0.0022647128116317777 0.9999976788806753 -0.013902861297282243 -0.1695900411843212 -0.40976262381114736
FixedParameters: 0 0 0
#Transform 54
Transform: MatrixOffsetTransformBase_double_3_3
Parameters: 0.9999989318459035 0.0010384928789206025 0.0009946927514278658 -0.0010408270566620733 0.9999972254647618 0.00235707420313383 -0.000992524651102976 -0.0023579280234088396 0.9999965907425312 -0.059211420604029286 -0.20534520045337956 -0.3932113827410859
FixedParameters: 0 0 0
#Transform 55
Transform: MatrixOffsetTransformBase_double_3_3
Parameters: 0.9999995962309897 -0.0000647978662896821 0.0011831375708485385 0.00006151677138568884 0.9999969999596559 0.0026450754357691675 -0.001183106065955037 -0.0026449259952325277 0.9999956041883691 -0.16075768653598743 -0.17445984964342642 -0.40519193482358773
FixedParameters: 0 0 0
#Transform 56
Transform: MatrixOffsetTransformBase_double_3_3
Parameters: 0.9999980982541339 -0.0001283099176704731 0.0016981817790923993 0.00012462460689374464 0.9999980108368508 0.001997092693592925 -0.0016993138303504978 -0.001996904944690056 0.9999961113902622 -0.16632318594005824 -0.12167661903919225 -0.40848515789937423
FixedParameters: 0 0 0
#Transform 57
Transform: MatrixOffsetTransformBase_double_3_3
Parameters: 0.9999998159867532 -0.00005866773456730546 0.0010861458838602436 0.00005603427195704794 0.9999960524984184 0.002637940005935452 -0.001087075409973735 -0.002638057295230825 0.9999958453791947 -0.15142843950724227 -0.15948099038216412 -0.39289362151858853
FixedParameters: 0 0 0
#Transform 58
Transform: MatrixOffsetTransformBase_double_3_3
Parameters: 0.9999994641384242 0.00018204998507048925 0.0012261257250782017 -0.0001859745616266989 0.999997168049852 0.002410653870304799 -0.0012249946762460755 -0.002411346835808681 0.9999966702236819 -0.13985030703879886 -0.11400374082876397 -0.40348518229519215
FixedParameters: 0 0 0
#Transform 59
Transform: MatrixOffsetTransformBase_double_3_3
Parameters: 0.9999980151294569 -0.0005969427466266113 0.0016211870674426756 0.0005922957640475127 0.9999952443562308 0.002924737383093956 -0.001623063112651339 -0.002924262428506741 0.9999946653239727 -0.1720938318219538 -0.1405004069932545 -0.4011719191267886
FixedParameters: 0 0 0
#Transform 60
Transform: MatrixOffsetTransformBase_double_3_3
Parameters: 0.9999986194335457 -0.0003439244694425931 0.001503880742745777 0.0003398874282318377 0.999996816999247 0.0026613952937603463 -0.0015052128957937657 -0.0026606083900976574 0.9999956405492694 -0.13713029867764703 -0.0905307177241923 -0.43135187685412646
FixedParameters: 0 0 0
#Transform 61
Transform: MatrixOffsetTransformBase_double_3_3
Parameters: 0.9999986267565156 -0.0003804877996922518 0.0017966210398799702 0.00037522677849048794 0.9999962922809725 0.002568435825531304 -0.0017980742444414863 -0.002567561387419176 0.9999951452018722 -0.15001545165559094 -0.14715201423763347 -0.40736501151481264
FixedParameters: 0 0 0
#Transform 62
Transform: MatrixOffsetTransformBase_double_3_3
Parameters: 0.9999993386962274 -0.00031197679348038025 0.0012509145130308525 0.0003085699790201035 0.9999966535523784 0.002503266871139734 -0.0012511095886963792 -0.002502732485676229 0.9999961551026437 -0.11823755243956668 -0.11399878232280969 -0.43395565271935865
FixedParameters: 0 0 0
#Transform 63
Transform: MatrixOffsetTransformBase_double_3_3
Parameters: 0.9999982551533851 -0.0005595745587831101 0.0015594502826718991 0.0005550179843214733 0.9999965702607876 0.002693764112281241 -0.0015609724207465878 -0.0026932373307438917 0.9999951749679813 -0.13846190551019788 -0.16057120378110312 -0.39796221555550204
FixedParameters: 0 0 0
#Transform 64
Transform: MatrixOffsetTransformBase_double_3_3
Parameters: 0.9999985342518748 -0.0003473156586399159 0.0015316845339719317 0.00034320143571090237 0.9999961556742247 0.0025992869886563574 -0.0015319991672620016 -0.0025987130728480218 0.9999958689446373 -0.1292880691190419 -0.15068809732871102 -0.4255295142626814
FixedParameters: 0 0 0
#Transform 65
Transform: MatrixOffsetTransformBase_double_3_3
Parameters: 0.9999987660245189 0.0007613631882359575 0.0012863416297309751 -0.0007636759458945907 0.9999976643279024 0.0021520057389894653 -0.0012846784653755162 -0.0021529959035389984 0.9999968351647325 -0.0830887520978365 -0.08459619720882472 -0.45408206277963004
FixedParameters: 0 0 0
#Transform 66
Transform: MatrixOffsetTransformBase_double_3_3
Parameters: 0.9999987677336322 -0.0001686070474595875 0.0014845528829059576 0.00016576247264912266 0.9999977198536457 0.002295129097261414 -0.0014848327857426478 -0.0022948745869359605 0.9999965138019653 -0.12688014517733848 -0.14270777075554975 -0.43751511216857963
FixedParameters: 0 0 0
#Transform 67
Transform: MatrixOffsetTransformBase_double_3_3
Parameters: 0.9999983781634633 -0.00040713740591737444 0.0018588160436104652 0.00040313179710569144 0.9999971711728163 0.002411527543716263 -0.0018601606659085512 -0.0024114749997472124 0.9999955762928544 -0.16139858857890488 -0.17032604795134887 -0.41157680375165384
FixedParameters: 0 0 0
#Transform 68
Transform: MatrixOffsetTransformBase_double_3_3
Parameters: 0.9999986901692146 -0.0005620539710502714 0.0014120404873775906 0.0005586393647383848 0.9999962143339425 0.002570683719890249 -0.0014134412105608477 -0.002570312689197829 0.9999952608749034 -0.11712731234713658 -0.14165159891656742 -0.42417356893367497
FixedParameters: 0 0 0
#Transform 69
Transform: MatrixOffsetTransformBase_double_3_3
Parameters: 0.999998762773381 0.00031435007636828585 0.0014625204076576326 -0.00031803406317775954 0.9999967209406738 0.002659404178159408 -0.001461343648152854 -0.0026596003139626317 0.9999958959077019 -0.1159733257971709 -0.09364751495019163 -0.42780176619569943
FixedParameters: 0 0 0
#Transform 70
Transform: MatrixOffsetTransformBase_double_3_3
Parameters: 0.999999593369036 0.0011620853165946938 -0.0002362583036070952 -0.0011620410992135058 0.9999978391638157 0.0016723958431149183 0.00023803727975220114 -0.0016716027626720587 0.9999981630339002 -0.11753400182254836 -0.03456641082887302 -0.4273557601010438
FixedParameters: 0 0 0
#Transform 71
Transform: MatrixOffsetTransformBase_double_3_3
Parameters: 0.9999988775431005 0.0014505334214302253 -0.00013635018909954785 -0.0014508032708672417 0.9999945459267513 -0.0028866831391486797 0.0001320660567379047 0.0028873144507079174 0.9999956620418999 -0.069283069290492 0.19307646123003508 -0.5671554534348502
FixedParameters: 0 0 0
#Transform 72
Transform: MatrixOffsetTransformBase_double_3_3
Parameters: 0.9999994013457628 0.001263844983670326 0.00003829026483309469 -0.0012637820087163648 0.999998781078506 0.0007790728759380638 -0.00003731379384153898 -0.0007789265049025634 0.9999994065851455 -0.05404484100948537 -0.041222064334775155 -0.4333438597316004
FixedParameters: 0 0 0
#Transform 73
Transform: MatrixOffsetTransformBase_double_3_3
Parameters: 0.9999979887795662 0.0018410617647123507 0.000788996007460556 -0.0018412561691322031 0.9999976507545404 0.0009066553376932823 -0.0007875175294311309 -0.0009083457371941439 0.9999996909098178 -0.06153044888544912 -0.09785065904505075 -0.44460173207649234
FixedParameters: 0 0 0
#Transform 74
Transform: MatrixOffsetTransformBase_double_3_3
Parameters: 0.9999993669702827 0.0009209224634832442 0.0008861078123426997 -0.0009220082660897428 0.9999984861283084 0.0012421687144680421 -0.0008846886505022915 -0.001242830150094465 0.9999987932285137 -0.09993143913933977 -0.10459878136224177 -0.28381014938123883
FixedParameters: 0 0 0
#Transform 75
Transform: MatrixOffsetTransformBase_double_3_3
Parameters: 0.9999987813857399 0.0011027287526872355 0.0010014788193411935 -0.0011026427254696386 0.9999993994378276 0.0005128817651330886 -0.001001217041705929 -0.0005141198155520499 0.9999998545825279 -0.08533483351385485 0.04295373309447825 -0.30114164270122856
FixedParameters: 0 0 0
#Transform 76
Transform: MatrixOffsetTransformBase_double_3_3
Parameters: 0.9999987190854432 0.000496199769698852 0.001426428713894666 -0.0004975903062038289 0.9999994093285409 0.00048715478036306936 -0.0014259442444838903 -0.0004878437390292284 0.9999988344449274 -0.1277372277971125 -0.028208835929859788 -0.3115933187701039
FixedParameters: 0 0 0
#Transform 77
Transform: MatrixOffsetTransformBase_double_3_3
Parameters: 0.9999979887820347 0.000995047124733715 0.0017383590944868915 -0.0009962280747643304 0.9999988867134724 0.0009451195214594948 -0.0017372241580859045 -0.0009468812791330883 0.9999983122337118 -0.11504937771816515 0.04465325315952384 -0.3430869034241546
FixedParameters: 0 0 0
#Transform 78
Transform: MatrixOffsetTransformBase_double_3_3
Parameters: 0.9999990458472036 0.00006755042207153477 0.0013959541964425819 -0.00006915327320800656 0.9999991242996646 0.0013287692920147254 -0.0013965213957192865 -0.0013282317904224905 0.9999983917185802 -0.12726029525660465 0.012774747895448968 -0.32990197734034865
FixedParameters: 0 0 0
#Transform 79
Transform: MatrixOffsetTransformBase_double_3_3
Parameters: 0.9999994591851266 -0.0002600008249735943 0.001214179933729647 0.00025775950717872316 0.9999982109966109 0.0016902070964776167 -0.0012138189215423409 -0.0016907907568306235 0.9999975326059075 -0.17384850065191415 -0.04323542866269747 -0.3580700898079634
FixedParameters: 0 0 0
#Transform 80
Transform: MatrixOffsetTransformBase_double_3_3
Parameters: 0.999998534872834 -0.00017819212380028115 0.0015599370309874094 0.00017470116537854238 0.9999979185372153 0.0017550322139748414 -0.001560312621473414 -0.001754965502527156 0.9999974562813762 -0.14843700463913478 0.030023115938547562 -0.3652867839603573
FixedParameters: 0 0 0
#Transform 81
Transform: MatrixOffsetTransformBase_double_3_3
Parameters: 0.9999985275155729 -0.00034344648953179045 0.0015342977253628878 0.0003407301913718179 0.9999984567890137 0.001855404711307157 -0.0015352012681451672 -0.0018545965945455656 0.9999971886640097 -0.15214183247802282 -0.05055105205882171 -0.38217359828788133
FixedParameters: 0 0 0
#Transform 82
Transform: MatrixOffsetTransformBase_double_3_3
Parameters: 0.9999985423541566 -0.0004602171642101948 0.0018019382363518896 0.00045684863071188906 0.99999882205865 0.0017277057355400832 -0.0018021638570141388 -0.0017262950590692938 0.9999967552268194 -0.15383564531410343 -0.06201502499413891 -0.37729754537819815
FixedParameters: 0 0 0
#Transform 83
Transform: MatrixOffsetTransformBase_double_3_3
Parameters: 0.9999982274495544 -0.00022174627856468677 0.001650254506366219 0.0002198100205203857 0.999999554758794 0.0011882436681680125 -0.0016505353380561758 -0.0011877568488861262 0.9999978499991394 -0.13646260508663488 -0.026206208883991167 -0.37979755852376584
FixedParameters: 0 0 0
#Transform 84
Transform: MatrixOffsetTransformBase_double_3_3
Parameters: 0.9999990760049284 -0.00033865014978992777 0.001345490592085454 0.0003363089885064508 0.9999985805071453 0.001562347263153463 -0.0013453089302813796 -0.0015626513939579756 0.999997612682427 -0.13754543092530014 -0.0668429361306977 -0.3591874187621187
FixedParameters: 0 0 0
#Transform 85
Transform: MatrixOffsetTransformBase_double_3_3
Parameters: 0.9999983845467382 -0.0005488127663071878 0.0015209140454610377 0.0005472181208574225 0.9999985779776911 0.0015027272779664091 -0.00152219522520852 -0.0015022718247761774 0.9999972915525701 -0.13207026013239442 -0.02077491852587343 -0.3584435696184656
FixedParameters: 0 0 0
#Transform 86
Transform: MatrixOffsetTransformBase_double_3_3
Parameters: 0.9999980859876169 -0.00009974934713818526 0.0017036944758524728 0.00009709815159739098 0.9999990563422866 0.0013960459309423495 -0.0017047180839645276 -0.0013959523850246014 0.9999971320109328 -0.13883886984410765 -0.03110318656061395 -0.3723366952470286
FixedParameters: 0 0 0
#Transform 87
Transform: MatrixOffsetTransformBase_double_3_3
Parameters: 0.9999982684525345 -0.00015603662480244225 0.0019254715373000695 0.00015259447674467597 0.999998226993353 0.0016670539286375852 -0.001925620418818709 -0.0016669434915488335 0.999996483676648 -0.15384571663307156 -0.05524888623084223 -0.3881038857492882
FixedParameters: 0 0 0
#Transform 88
Transform: MatrixOffsetTransformBase_double_3_3
Parameters: 0.999998938907231 -0.00039472446160928026 0.001704381984216356 0.0003926522887699985 0.9999994437552938 0.0011905501527616075 -0.0017050752253715033 -0.0011894498115082586 0.9999976629487654 -0.13737762507031448 0.03407451382766169 -0.3426237604490723
FixedParameters: 0 0 0
#Transform 89
Transform: MatrixOffsetTransformBase_double_3_3
Parameters: 0.9999986370180068 0.0005172837726474524 0.0017595178810872981 -0.0005207501155379882 0.9999981406776454 0.0018659507452317287 -0.0017582073289851734 -0.0018670481376220488 0.9999965286859692 -0.12633747336819567 -0.08038656323245164 -0.33186220053783444
FixedParameters: 0 0 0
#Transform 90
Transform: MatrixOffsetTransformBase_double_3_3
Parameters: 0.9999983131357206 0.00004824496272063487 0.001919809792081045 -0.00005266090296801027 0.9999971341427765 0.0021846448075554525 -0.001919101886888277 -0.002184352045448812 0.9999956348994344 -0.14408566093160857 -0.06947181039802786 -0.3414039159958371
FixedParameters: 0 0 0
#Transform 91
Transform: MatrixOffsetTransformBase_double_3_3
Parameters: 0.9999985848065454 0.000926900123077047 0.001599239293207719 -0.0009294362851154676 0.9999974360195338 0.0021114871533825103 -0.0015968163232437849 -0.0021125130474658332 0.9999962276811212 -0.09616797097409346 -0.058038504029397586 -0.3696421968468968
FixedParameters: 0 0 0
#Transform 92
Transform: MatrixOffsetTransformBase_double_3_3
Parameters: 0.9999977536094986 0.0009410044164096155 0.00208801186420464 -0.0009463672403969433 0.9999963776026339 0.0023227435363836063 -0.0020861167136915736 -0.002324255571045278 0.9999955786761026 -0.1213015115821463 -0.10289899146205528 -0.35653530836762215
FixedParameters: 0 0 0
#Transform 93
Transform: MatrixOffsetTransformBase_double_3_3
Parameters: 0.9999975137573125 -0.00011428097633848692 0.002115162052658645 0.00010992452783174454 0.9999971787605876 0.002202874352412565 -0.0021150466316379956 -0.002203125904909717 0.9999956285557908 -0.15180778717491705 -0.0837541360118621 -0.3464900557344528
FixedParameters: 0 0 0
#Transform 94
Transform: MatrixOffsetTransformBase_double_3_3
Parameters: 0.9999976636461555 0.00035923130415633787 0.002051131013587558 -0.0003632932594557696 0.9999986087423244 0.0017459883637958307 -0.0020504964260063666 -0.001746013383213993 0.9999969578581339 -0.11182944265330264 0.00975172599129337 -0.35460486201913355
FixedParameters: 0 0 0
#Transform 95
Transform: MatrixOffsetTransformBase_double_3_3
Parameters: 0.9999979991062099 0.0005052098071001476 0.0019358443799825376 -0.0005097758695036591 0.99999631017239 0.0024937459632198428 -0.0019336962003221748 -0.002494252990707005 0.9999952488330107 -0.11165168981526108 -0.10293796530338284 -0.3409387472663923
FixedParameters: 0 0 0
#Transform 96
Transform: MatrixOffsetTransformBase_double_3_3
Parameters: 0.9999982298464531 -0.00007810142469292792 0.0019402820146058547 0.00007393439713999801 0.9999976265010163 0.0020969048901696014 -0.001940113357113304 -0.0020970937590317346 0.9999958085123964 -0.12168884417137349 -0.07635801490152971 -0.36136390239612126
FixedParameters: 0 0 0
#Transform 97
Transform: MatrixOffsetTransformBase_double_3_3
Parameters: 0.9999979497415735 0.00007322060334003373 0.002011589054285933 -0.00007670664104360873 0.9999974910067502 0.0021005922571634555 -0.002010664785936551 -0.0021004073334240925 0.9999956345166794 -0.11791707397956941 -0.058509976113285234 -0.3478181375182068
FixedParameters: 0 0 0
#Transform 98
Transform: MatrixOffsetTransformBase_double_3_3
Parameters: 0.9999969208394189 0.000603855064947959 0.002390476906075243 -0.0006097132245730703 0.999997060348129 0.002314276977049251 -0.002389043238268587 -0.002315720380145797 0.9999941420168658 -0.13364857733814972 -0.1107463168234375 -0.3449628894671477
FixedParameters: 0 0 0
#Transform 99
Transform: MatrixOffsetTransformBase_double_3_3
Parameters: 0.9999974916911034 0.00014728253372390295 0.002342229228608631 -0.00015206509702984155 0.999998297197396 0.0018943916199254673 -0.0023421671857747476 -0.001894606303835103 0.9999950162209732 -0.14402058054282918 -0.08171105558973579 -0.35928374930704265
FixedParameters: 0 0 0
#Transform 100
Transform: MatrixOffsetTransformBase_double_3_3
Parameters: 0.9999986498533667 -0.00015502574095598595 0.001823801869870711 0.00015181635730498224 0.9999989783823491 0.0014240377680474342 -0.0018239950756221927 -0.0014239619656173097 0.9999976159139454 -0.1761655773263442 0.01242986959890402 -0.2838956436959599
FixedParameters: 0 0 0
#Transform 101
Transform: MatrixOffsetTransformBase_double_3_3
Parameters: 0.9999971714559461 -0.000613501937172051 0.0021100301480521276 0.0006080847551944323 0.9999965543738826 0.0026660488781783814 -0.002111561926772698 -0.002663954196685664 0.9999944125817758 -0.18113909170780573 -0.09108280388046808 -0.31749911766010186
FixedParameters: 0 0 0
#Transform 102
Transform: MatrixOffsetTransformBase_double_3_3
Parameters: 0.999998525486215 -0.0002315450380099768 0.0018495642489473549 0.00022774707391844898 0.9999973695162095 0.002368184974326365 -0.00185004250920979 -0.0023678192215496885 0.9999959410867865 -0.15953573247122677 -0.07111639301868422 -0.3221912711802801
FixedParameters: 0 0 0
#Transform 103
Transform: MatrixOffsetTransformBase_double_3_3
Parameters: 0.9999975369674778 -0.0006566528695818202 0.0020079552311756256 0.0006517090869969007 0.9999967910273974 0.002436086569717638 -0.002009539861307776 -0.0024349125376492003 0.9999948825909005 -0.1862779732258133 -0.0913999389154867 -0.3165746749092371
FixedParameters: 0 0 0
#Transform 104
Transform: MatrixOffsetTransformBase_double_3_3
Parameters: 0.9999984199429529 -0.0005812164046730129 0.0018007449786218114 0.000576481097257293 0.9999971392683805 0.002382816559532791 -0.0018020231739978838 -0.002382185242827531 0.9999959280317195 -0.1517530567205796 -0.06582189201667177 -0.33876410382993427
FixedParameters: 0 0 0
#Transform 105
Transform: MatrixOffsetTransformBase_double_3_3
Parameters: 0.9999978539411188 -0.0005705965248872134 0.0019541866677382828 0.0005654637588177362 0.9999961638412421 0.002581881399393915 -0.0019565100691871003 -0.0025811141414484734 0.9999943617911943 -0.16882025459490535 -0.10837303911888796 -0.34502615284268146
FixedParameters: 0 0 0
#Transform 106
Transform: MatrixOffsetTransformBase_double_3_3
Parameters: 0.9999985814926536 -0.000555455616327158 0.0017636491332397978 0.0005508037889104326 0.999996920445417 0.0024097347931439916 -0.0017648340950577085 -0.0024082669282094044 0.9999960544546311 -0.15530830079889313 -0.08501218104973418 -0.3384677278434829
FixedParameters: 0 0 0
#Transform 107
Transform: MatrixOffsetTransformBase_double_3_3
Parameters: 0.9999976780039559 -0.0003651408192436818 0.0020464872480048654 0.0003602121274558391 0.999997061089446 0.0024165004721559136 -0.002047630360490174 -0.0024154994752212527 0.9999949427729985 -0.1514364194649005 -0.07859592433743501 -0.3441086833352216
FixedParameters: 0 0 0
#Transform 108
Transform: MatrixOffsetTransformBase_double_3_3
Parameters: 0.999997365993692 -0.0005543211336644009 0.002080167617004057 0.0005490702070308457 0.9999967520283936 0.0026639228261247094 -0.00208138274534397 -0.0026630810564171187 0.9999944254490246 -0.17649278218992492 -0.13207009524842306 -0.32227147105565734
FixedParameters: 0 0 0
#Transform 109
Transform: MatrixOffsetTransformBase_double_3_3
Parameters: 0.9999968192517834 -0.000976838482675548 0.0024948920330125565 0.0009711498829405598 0.9999959491257177 0.002507963241957123 -0.0024979290540266385 -0.002505038234463991 0.9999943049960329 -0.17512731831972417 -0.07710275800924649 -0.3493394624099082
FixedParameters: 0 0 0
#Transform 110
Transform: MatrixOffsetTransformBase_double_3_3
Parameters: 0.9999975821938403 -0.0005252126460157487 0.002267267051988748 0.0005194319429568425 0.9999960791381509 0.0025878207769177985 -0.002269238343069047 -0.002586177019897759 0.9999941178830779 -0.18022638310719685 -0.11080543126817588 -0.3369567320132951
FixedParameters: 0 0 0
#Transform 111
Transform: MatrixOffsetTransformBase_double_3_3
Parameters: 0.9999973464353862 -0.0006694857329930604 0.0020506081172171763 0.0006644891929572743 0.9999967387953037 0.002640143541729645 -0.002052405392690272 -0.0026388610203921248 0.9999946736672234 -0.1613493066886207 -0.10983991477529287 -0.33395757036199925
FixedParameters: 0 0 0
#Transform 112
Transform: MatrixOffsetTransformBase_double_3_3
Parameters: 0.9999966027198081 -0.0007162969070652619 0.002425738828378875 0.0007098099757716804 0.9999962130627882 0.002539380272592859 -0.002427635249505191 -0.0025376156102044634 0.9999935016617647 -0.14025901938143193 -0.07996535775150448 -0.33514582474754206
FixedParameters: 0 0 0
#Transform 113
Transform: MatrixOffsetTransformBase_double_3_3
Parameters: 0.9999977457130378 -0.0007865149619559486 0.002152743672074008 0.0007811921351645712 0.9999957196085884 0.002820357119071387 -0.002155318987950868 -0.0028196465850680863 0.9999941212420043 -0.14812496307982315 -0.1404279320069577 -0.32927138883954044
FixedParameters: 0 0 0
#Transform 114
