#Insight Transform File V1.0
#Transform 0
Transform: MatrixOffsetTransformBase_double_3_3
Parameters: 0.9999988265400578 0.0014329334434823792 0.001058602854347615 -0.001434780587059282 0.9999968660146369 0.001984589343168655 -0.0010556429060349611 -0.00198640866048444 0.9999970760949075 -0.012123170379155113 -0.07508570518325541 -0.43132047452991884
FixedParameters: 0 0 0
#Transform 1
Transform: MatrixOffsetTransformBase_double_3_3
Parameters: 0.9999906464264869 0.0036866666642602136 0.0021821442896888033 -0.0036901495388408224 0.9999917649838233 0.0016735995819643634 -0.002176348152411969 -0.0016824022719671428 0.9999962500420124 0.05081027514290781 -0.05179425661867754 -0.3507073288493494
FixedParameters: 0 0 0
#Transform 2
Transform: MatrixOffsetTransformBase_double_3_3
Parameters: 0.999993112195107 0.0034957414050696906 -0.0008174658127723194 -0.0034942673487615584 0.9999924288874669 0.0016645310350204695 0.0008228912184300304 -0.0016614695298284993 0.9999981521469 0.019415812362112206 -0.14441592042776108 -0.44313704627036543
FixedParameters: 0 0 0
#Transform 3
Transform: MatrixOffsetTransformBase_double_3_3
Parameters: 0.9999930990568503 0.0031417518598445327 -0.002007904485367932 -0.0031389236996274108 0.9999947309167809 0.0011096560641923048 0.0020116326870281602 -0.001103341538545785 0.9999969194492365 -0.04326606014002721 -0.13046844593831963 -0.5097661200429577
FixedParameters: 0 0 0
#Transform 4
Transform: MatrixOffsetTransformBase_double_3_3
Parameters: 0.9999959819227461 0.0021316267616891317 -0.002115475585690831 -0.00212991673965238 0.9999974144164345 0.0008174626280577774 0.0021167220448278794 -0.0008135381677758929 0.9999972374219093 -0.11503852942055914 -0.06566965894768373 -0.5047556443033336
FixedParameters: 0 0 0
#Transform 5
Transform: MatrixOffsetTransformBase_double_3_3
Parameters: 0.9999903915757709 0.0031594665616055725 -0.002937203219269586 -0.0031577175803197697 0.9999949097246179 0.0005981872276000499 0.0029387268060877105 -0.0005898142824198038 0.9999957761753069 -0.05302606668341525 -0.0836223510987395 -0.4096547977902638
FixedParameters: 0 0 0
#Transform 6
Transform: MatrixOffsetTransformBase_double_3_3
Parameters: 0.9999889670800605 0.003040040840726892 -0.0034333845553861544 -0.003036573652140761 0.9999949414337057 0.0010521018749003602 0.0034372742276573584 -0.001041897228672109 0.9999938332170153 -0.11974461459274721 -0.05765911032442261 -0.4228940708213855
FixedParameters: 0 0 0
#Transform 7
Transform: MatrixOffsetTransformBase_double_3_3
Parameters: 0.9999901406668815 0.0029228932436497763 -0.0033640835711952295 -0.002918982351162246 0.9999953547006204 0.0011216014263865925 0.0033671409350696803 -0.0011113982600894357 0.9999932928092565 -0.1090105462231179 0.010264541073425448 -0.3864527972117884
FixedParameters: 0 0 0
#Transform 8
Transform: MatrixOffsetTransformBase_double_3_3
Parameters: 0.9999911636296953 0.0025048139209066476 -0.0034004271825225163 -0.0025006614196088615 0.999996124414735 0.0012900293807357743 0.0034032772651797927 -0.0012819733985320325 0.9999937316034937 -0.09136532129380726 0.018038233910459667 -0.38176671964275855
FixedParameters: 0 0 0
#Transform 9
Transform: MatrixOffsetTransformBase_double_3_3
Parameters: 0.9999901734160712 0.0028517284914554605 -0.0032705294903021985 -0.0028472936968257944 0.9999951597513282 0.0013660954441598178 0.0032737092125539762 -0.0013569058894192382 0.9999933062792901 -0.1210898888732288 -0.07255032074783685 -0.37089007365212723
FixedParameters: 0 0 0
#Transform 10
Transform: MatrixOffsetTransformBase_double_3_3
Parameters: 0.9999903239052802 0.0029569652165611637 -0.0033065336477283245 -0.002953381428430856 0.9999952196188959 0.001091546957476791 0.003309490149264197 -0.0010814537881524006 0.999993743308857 -0.10705474828979789 -0.011526203229919929 -0.3890773685430453
FixedParameters: 0 0 0
#Transform 11
Transform: MatrixOffsetTransformBase_double_3_3
Parameters: 0.9999900804182331 0.0032557105634949076 -0.002883978907755198 -0.003254073846680891 0.999994156122519 0.0006112823177586851 0.0028866908153675763 -0.0006017158165871755 0.9999961886090198 -0.07993926793982098 -0.00509874019610379 -0.3465688649569181
FixedParameters: 0 0 0
#Transform 12
Transform: MatrixOffsetTransformBase_double_3_3
Parameters: 0.9999913230678961 0.0035130043964689875 -0.002082117103362044 -0.0035095593521691183 0.9999919453719595 0.0016356800610373423 0.002088127760921499 -0.0016283155969908647 0.9999960508296614 -0.06719321577585902 -0.12693615196094754 -0.18692811430904754
FixedParameters: 0 0 0
#Transform 13
Transform: MatrixOffsetTransformBase_double_3_3
Parameters: 0.9999865184995351 0.003567289592816846 -0.003708600630011781 -0.003562421567680185 0.9999929696887939 0.001399060071060304 0.0037138274114917606 -0.0013859396046232847 0.9999916706713957 -0.05229720854539721 -0.0910701435335568 -0.21148338101284736
FixedParameters: 0 0 0
#Transform 14
Transform: MatrixOffsetTransformBase_double_3_3
Parameters: 0.9999891222422255 0.003631372981763807 -0.002772564695008853 -0.003626447645746094 0.9999911354173637 0.0020112380013382336 0.002780319230234963 -0.002001760208600878 0.9999939346939178 -0.06818746653145524 -0.05599458247355926 -0.23429041256132876
FixedParameters: 0 0 0
#Transform 15
Transform: MatrixOffsetTransformBase_double_3_3
Parameters: 0.9999903789783924 0.0034178647884973855 -0.0026336146177720174 -0.0034146366729503664 0.999993404243168 0.0014651558092673989 0.0026390174147558356 -0.0014568460500131997 0.9999957056686586 -0.08691532463130613 -0.08718477392623925 -0.25328324085209886
FixedParameters: 0 0 0
#Transform 16
Transform: MatrixOffsetTransformBase_double_3_3
Parameters: 0.9999900133762655 0.0032954381364227823 -0.003182424615812441 -0.003289078220884997 0.9999925035788567 0.0019793938382658277 0.0031886141566325305 -0.0019686054123710106 0.9999927163982797 -0.06867626061563215 -0.10198918061254858 -0.24339597654774536
FixedParameters: 0 0 0
#Transform 17
Transform: MatrixOffsetTransformBase_double_3_3
Parameters: 0.9999887430664938 0.003552716708437201 -0.0031038240215628884 -0.003547501831606007 0.9999918685889211 0.0017049512178582416 0.0031101969628030456 -0.0016940477234246437 0.9999940978428348 -0.04536430910452793 -0.004146867681171784 -0.2889514610303756
FixedParameters: 0 0 0
#Transform 18
Transform: MatrixOffsetTransformBase_double_3_3
Parameters: 0.999990340525121 0.0033301196141725473 -0.002750892748884136 -0.0033257380915905723 0.9999935487591696 0.0016123124496976865 0.0027570158789074675 -0.001603685382889103 0.9999946204142365 -0.07339186404374232 -0.048672215321957424 -0.2590699566917749
FixedParameters: 0 0 0
#Transform 19
Transform: MatrixOffsetTransformBase_double_3_3
Parameters: 0.9999908616006635 0.003266762221495261 -0.002732160163087888 -0.0032625382327626496 0.9999933698777429 0.0017540631262946693 0.0027378892792139656 -0.0017449378958143552 0.9999943701883853 -0.052093436031142915 -0.04151600534591182 -0.30908511971369634
FixedParameters: 0 0 0
#Transform 20
Transform: MatrixOffsetTransformBase_double_3_3
Parameters: 0.9999923276736085 0.0032719384341664726 -0.0019923787126946866 -0.003268032861891124 0.9999936513966322 0.0015758689073151755 0.0019973345124406324 -0.0015691307693648932 0.9999967307437536 -0.07121466514327324 -0.019486655049888668 -0.23190508932680132
FixedParameters: 0 0 0
#Transform 21
Transform: MatrixOffsetTransformBase_double_3_3
Parameters: 0.9999925714223495 0.0032255427928869038 -0.0022418301286251763 -0.003221559978222786 0.999993884997965 0.0016394756063806831 0.0022469274165226915 -0.001632526257798736 0.999996333405276 -0.06759690330598289 -0.055513548374733546 -0.2464005732288257
FixedParameters: 0 0 0
#Transform 22
Transform: MatrixOffsetTransformBase_double_3_3
Parameters: 0.9999934078954008 0.003023310606993752 -0.002110282514806732 -0.003019638508821325 0.9999945752990176 0.0014616072583470002 0.002114760384601931 -0.0014553915023607922 0.9999965781370012 -0.058619989205226375 -0.026204122093176352 -0.23535024744325028
FixedParameters: 0 0 0
#Transform 23
Transform: MatrixOffsetTransformBase_double_3_3
Parameters: 0.999994058807712 0.0026953822326386623 -0.00216191107544857 -0.002692307638264615 0.9999950880756255 0.00154591832965148 0.002166759184319218 -0.001540079296501115 0.9999962090207746 -0.10117699602940888 -0.03230968893403485 -0.2390528401486307
FixedParameters: 0 0 0
#Transform 24
Transform: MatrixOffsetTransformBase_double_3_3
Parameters: 0.9999940191280894 0.002957831056256195 -0.0017971628136521697 -0.002954997106017161 0.9999937712422272 0.0017575162386816445 0.0018030792393442909 -0.0017514819477461446 0.9999970913257845 -0.09593769720360967 -0.07316810956088204 -0.23038889529823692
FixedParameters: 0 0 0
#Transform 25
Transform: MatrixOffsetTransformBase_double_3_3
Parameters: 0.9999957907042429 0.0024749114976351494 -0.0014438650492392853 -0.002472367011640034 0.9999962764746058 0.0014417572325259032 0.0014477677638296208 -0.0014382436227252937 0.9999983670180758 -0.08002526205348204 -0.03600676402862746 -0.2683032708126696
FixedParameters: 0 0 0
#Transform 26
Transform: MatrixOffsetTransformBase_double_3_3
Parameters: 0.9999956467984449 0.0025755323680507996 -0.001649414059506814 -0.002572405334788011 0.9999950729049801 0.001702445176704273 0.0016538323489338807 -0.0016985522583650436 0.9999967904797697 -0.06424237867484806 -0.008863960093378864 -0.24328543585900775
FixedParameters: 0 0 0
#Transform 27
Transform: MatrixOffsetTransformBase_double_3_3
Parameters: 0.9999944320253594 0.0028278327978467715 -0.0016026902459525404 -0.002825620858133967 0.9999944393665996 0.0017758534003018828 0.0016082590081941382 -0.0017711445266655468 0.9999967020364945 -0.06353676318943258 -0.07843259780599965 -0.22944412278376802
FixedParameters: 0 0 0
#Transform 28
Transform: MatrixOffsetTransformBase_double_3_3
Parameters: 0.9999955199568848 0.0027476435434466966 -0.000963919934590065 -0.0027467362156760825 0.9999951961924031 0.0013089545777556777 0.0009678852155516739 -0.001307044872831148 0.9999989020287823 -0.057097934494009905 -0.03846672202712398 -0.27617833102100064
FixedParameters: 0 0 0
#Transform 29
Transform: MatrixOffsetTransformBase_double_3_3
Parameters: 0.9999963969771263 0.0024903041945711496 -0.0011833571709184768 -0.0024887460604219413 0.9999952347068966 0.0017091175705717804 0.0011875231227448087 -0.0017058841594628088 0.9999983311397276 -0.06950619802923086 -0.029658045944216838 -0.25373466508188613
FixedParameters: 0 0 0
#Transform 30
Transform: MatrixOffsetTransformBase_double_3_3
Parameters: 0.999998144119533 0.002148598784189687 -0.0004910078093242462 -0.0021466933704657586 0.9999952220419343 0.002319331748146178 0.0004958840055809391 -0.0023186690011737926 0.9999971665261429 -0.08470706331789302 -0.05406299144705429 -0.25711781641828324
FixedParameters: 0 0 0
#Transform 31
Transform: MatrixOffsetTransformBase_double_3_3
Parameters: 0.9999976103462723 0.002171326699421154 -0.0008217107403961817 -0.0021697802208755844 0.9999960857885833 0.0018490593353639034 0.000825519190883915 -0.0018469406782315734 0.9999976943346799 -0.047644764629737324 0.011226713031476265 -0.2667217133953983
FixedParameters: 0 0 0
#Transform 32
Transform: MatrixOffsetTransformBase_double_3_3
Parameters: 0.9999972817062619 0.0021381724022895548 -0.0003834154384541045 -0.0021368657212198806 0.9999950255519031 0.0023450819497132375 0.0003893462315872761 -0.0023439166062096672 0.9999972627691093 -0.07510719672038135 -0.045444535966240096 -0.26537276916017305
FixedParameters: 0 0 0
#Transform 33
Transform: MatrixOffsetTransformBase_double_3_3
Parameters: 0.9999975932555872 0.002070287383574523 -0.0003487717142989231 -0.0020690926523127123 0.9999957518544015 0.0022489850340058765 0.00035299452681036354 -0.0022480190470950123 0.9999977298638564 -0.06541443719052609 -0.08228919655100242 -0.26581138689082806
FixedParameters: 0 0 0
#Transform 34
Transform: MatrixOffsetTransformBase_double_3_3
Parameters: 0.9999977597159652 0.0022505253060628783 0.0004178335600347437 -0.002251775755421317 0.999994214355215 0.002384306564130606 -0.00041305083044713536 -0.002385693176823231 0.9999971688804198 -0.06532819923347688 -0.03799501327324606 -0.2609026987792724
FixedParameters: 0 0 0
#Transform 35
Transform: MatrixOffsetTransformBase_double_3_3
Parameters: 0.9999970322549188 0.002185231254296373 0.0004401343016277328 -0.0021856889497920908 0.9999948456480193 0.002492392978811403 -0.000435073166474448 -0.002492609655302472 0.9999967614532612 -0.07644627760259937 -0.052925332716426965 -0.24724567565928623
FixedParameters: 0 0 0
#Transform 36
Transform: MatrixOffsetTransformBase_double_3_3
Parameters: 0.9999974118564547 0.002161113592674399 0.0009577299792731539 -0.002163196143060226 0.9999955789396157 0.0018631451632667995 -0.0009535177734257167 -0.001864853154196891 0.9999978839123785 -0.058844030209144194 -0.0008428294755162824 -0.3181066804625132
FixedParameters: 0 0 0
#Transform 37
Transform: MatrixOffsetTransformBase_double_3_3
Parameters: 0.9999974419351605 0.001792673220139076 0.0011591278365082893 -0.0017961173183832367 0.999994711232748 0.002609015032029094 -0.0011544800651974783 -0.002610984064613936 0.9999961064660781 -0.07395145344511889 -0.0778263991970789 -0.27601848520687255
FixedParameters: 0 0 0
#Transform 38
Transform: MatrixOffsetTransformBase_double_3_3
Parameters: 0.9999972867379354 0.001356479434732064 0.0016951043707289213 -0.0013610737287273638 0.9999957668344757 0.002671670759208808 -0.0016913230404059679 -0.0026743315867763795 0.9999952299968882 -0.1166907279469882 -0.10286474696360415 -0.27442463139603035
FixedParameters: 0 0 0
#Transform 39
Transform: MatrixOffsetTransformBase_double_3_3
Parameters: 0.9999971694331665 0.001824893842892775 0.0012252547665117727 -0.0018271975969123822 0.9999955954331302 0.0024069787303476753 -0.0012210576373099863 -0.0024090213901671875 0.999995977040943 -0.057215537764037094 -0.02637876655919058 -0.2959598035601516
FixedParameters: 0 0 0
#Transform 40
Transform: MatrixOffsetTransformBase_double_3_3
Parameters: 0.9999976682338305 0.001975879982561182 0.0011955188769503715 -0.0019777368844861925 0.9999956176088973 0.0022798541715563364 -0.0011910977854321003 -0.0022821476329664137 0.9999966446713333 -0.04842814657391159 -0.03780490076704268 -0.28037429085376075
FixedParameters: 0 0 0
#Transform 41
Transform: MatrixOffsetTransformBase_double_3_3
Parameters: 0.9999970056023442 0.0021510770528773053 0.0011699210356420707 -0.0021535649967419916 0.9999940468136029 0.0026537005449094597 -0.0011640818506258995 -0.002656299653402888 0.9999958606922633 -0.04276382066905171 -0.05394152530411134 -0.2592485162444156
FixedParameters: 0 0 0
#Transform 42
Transform: MatrixOffsetTransformBase_double_3_3
Parameters: 0.9999973063933764 0.0020300226120440698 0.00125378321961756 -0.002033244798095 0.9999951998291102 0.002322669003574515 -0.0012490591629920503 -0.002325329446746141 0.9999963045859365 -0.044603118306483225 -0.020173181457920464 -0.2615755844983312
FixedParameters: 0 0 0
#Transform 43
Transform: MatrixOffsetTransformBase_double_3_3
Parameters: 0.9999977251837474 0.0017922639988923305 0.0014361210262111364 -0.00179600107968484 0.9999950013613355 0.0025525183025822684 -0.001431553702394727 -0.002555480797511986 0.9999956779541943 -0.06118146902532828 -0.06980246311708527 -0.2652348723605762
FixedParameters: 0 0 0
#Transform 44
Transform: MatrixOffsetTransformBase_double_3_3
Parameters: 0.9999975575003818 0.0016580116061090829 0.0013013343946977514 -0.0016610075525604416 0.9999955731273752 0.00253193627053816 -0.0012975244253603353 -0.0025340666037621112 0.9999961521529094 -0.05693826947673131 -0.04934694537034545 -0.2630516684620936
FixedParameters: 0 0 0
#Transform 45
Transform: MatrixOffsetTransformBase_double_3_3
Parameters: 0.9999966153934442 0.0019908961835946102 0.0015566299838644469 -0.0019940566803434653 0.9999944496697496 0.0024889793545551236 -0.0015511806872895181 -0.0024920188105283375 0.9999957605089124 -0.06504976768636084 -0.0901592332886878 -0.25639881785276586
FixedParameters: 0 0 0
#Transform 46
Transform: MatrixOffsetTransformBase_double_3_3
Parameters: 0.9999973411539227 0.0020281343710281587 0.0012429507964005322 -0.002031859698736778 0.9999951151389013 0.0025466956486585174 -0.001237324900526858 -0.0025493061859833965 0.9999962413631209 -0.031213154080418803 -0.06131563963853637 -0.2624791467181069
FixedParameters: 0 0 0
#Transform 47
Transform: MatrixOffsetTransformBase_double_3_3
Parameters: 0.9999973948727091 0.0018348047820756898 0.0014963548192814763 -0.0018384397353891995 0.9999945858928658 0.0027883492644876773 -0.0014915742397173053 -0.002791654469479099 0.9999952407175208 -0.04386109832417162 -0.06823822423014292 -0.2734467441529951
FixedParameters: 0 0 0
#Transform 48
Transform: MatrixOffsetTransformBase_double_3_3
Parameters: 0.9999970176574431 0.0020262379562381713 0.0013698810249752522 -0.002029722709321336 0.999994575133265 0.002629424984408754 -0.0013648014653805441 -0.002631576155731702 0.9999956034162426 -0.048887698925710765 -0.07370666627664946 -0.2549624763416567
FixedParameters: 0 0 0
#Transform 49
Transform: MatrixOffsetTransformBase_double_3_3
Parameters: 0.999996214175289 0.001895380121703584 0.0017867599657342495 -0.001899942457571043 0.9999952844754872 0.002593692720370022 -0.0017823769774625144 -0.0025973129514904048 0.9999954563992851 -0.05495908846569364 -0.026331610901422664 -0.2804991492394109
FixedParameters: 0 0 0
#Transform 50
Transform: MatrixOffsetTransformBase_double_3_3
Parameters: 0.9999966786468153 0.0019400711509290193 0.0015997530524013408 -0.0019436094799629173 0.9999943922573735 0.0025399735579339916 -0.0015943579075729257 -0.0025430232293068705 0.9999953679120649 -0.05801191511778825 -0.10391641318183531 -0.25384166584998624
FixedParameters: 0 0 0
#Transform 51
Transform: MatrixOffsetTransformBase_double_3_3
Parameters: 0.9999973936525378 0.0019260384399770406 0.00137667410399699 -0.0019296383773052936 0.9999959357737722 0.002251562316629138 -0.0013727062440258273 -0.002254438260617664 0.9999963058324947 -0.02727360211079599 -0.020065585018954835 -0.2557449575751818
FixedParameters: 0 0 0
#Transform 52
Transform: MatrixOffsetTransformBase_double_3_3
Parameters: 0.9999976979212779 0.0016799532581570186 0.0015745283903364177 -0.0016837963288536524 0.9999944289988816 0.0027153113724641548 -0.0015708585454360694 -0.002717690649100199 0.9999955101259362 -0.042741470130934545 -0.09373584978895622 -0.26897014995452295
FixedParameters: 0 0 0
#Transform 53
Transform: MatrixOffsetTransformBase_double_3_3
Parameters: 0.9999971264645281 0.0018254766781449815 0.001594067965291978 -0.0018298362876392395 0.999994179323819 0.0028451677620827814 -0.001589130889651982 -0.002847832770840081 0.9999947419581101 -0.03841924059953783 -0.07734405298903368 -0.2642964707894748
FixedParameters: 0 0 0
#Transform 54
Transform: MatrixOffsetTransformBase_double_3_3
Parameters: 0.9999964597372104 0.0018821161334694903 0.0017316989823582102 -0.0018865431503110638 0.9999952732512141 0.002602938809571964 -0.0017263587397716895 -0.002606060228244639 0.9999946196031865 -0.038500417863417624 -0.027445097179409572 -0.2606136107539534
FixedParameters: 0 0 0
#Transform 55
Transform: MatrixOffsetTransformBase_double_3_3
Parameters: 0.9999971808749718 0.0017570575576407238 0.0016524497843162923 -0.0017619478295104202 0.9999949291879188 0.0025671710389200963 -0.0016480083253752403 -0.0025698254193653874 0.9999950572708463 -0.04533388898342139 -0.046641157993207116 -0.2552576965141604
FixedParameters: 0 0 0
#Transform 56
Transform: MatrixOffsetTransformBase_double_3_3
Parameters: 0.9999964152864221 0.0019365996143730594 0.001683934037322015 -0.0019405021797230073 0.9999945012374841 0.00252081536867714 -0.001678629277400822 -0.002524181089978886 0.9999951880043367 -0.02141325964795726 -0.015861999835678375 -0.2476486676618066
FixedParameters: 0 0 0
#Transform 57
Transform: MatrixOffsetTransformBase_double_3_3
Parameters: 0.9999967696702071 0.0014083911515038764 0.002290487967868897 -0.0014148372283412174 0.9999955646059774 0.0028407259115511424 -0.0022866944351140625 -0.0028442762671414684 0.9999930453840361 -0.07753667246923612 -0.08436073340165251 -0.26996195868210293
FixedParameters: 0 0 0
#Transform 58
Transform: MatrixOffsetTransformBase_double_3_3
Parameters: 0.9999971102412413 0.0016617521850498965 0.0017686282382096757 -0.0016664979009640042 0.9999949008024073 0.0026380160273814374 -0.0017643185544634003 -0.0026409844288853707 0.999995275472496 -0.040684020213447525 -0.035308363467407844 -0.2749423337886441
FixedParameters: 0 0 0
#Transform 59
Transform: MatrixOffsetTransformBase_double_3_3
Parameters: 0.9999979535783895 0.0016772615359316974 0.0014941134068460118 -0.0016810523149871682 0.9999958128393498 0.002470586711626241 -0.0014904087645952067 -0.002473415695069009 0.9999959191309105 -0.014244108186829862 -0.031194154811188923 -0.2428418534790353
FixedParameters: 0 0 0
#Transform 60
Transform: MatrixOffsetTransformBase_double_3_3
Parameters: 0.999997991085998 0.0014385269321470055 0.0017146461898490182 -0.0014435815999067584 0.9999948459352587 0.0027764865554999463 -0.001710123823939752 -0.002778510967778036 0.9999947160959619 -0.050901431661714014 -0.08401254315565154 -0.2697822400294285
FixedParameters: 0 0 0
#Transform 61
Transform: MatrixOffsetTransformBase_double_3_3
Parameters: 0.9999976308458273 0.0015400513877639852 0.0017316045144640559 -0.001544433445036937 0.9999950817824903 0.002876424722410592 -0.0017270807294502365 -0.002879576362294689 0.999993983236008 -0.018810460924868266 -0.055959757788713205 -0.27723683632914486
FixedParameters: 0 0 0
#Transform 62
Transform: MatrixOffsetTransformBase_double_3_3
Parameters: 0.9999970802130637 0.0015376833431833368 0.0018856548752021428 -0.0015432546449403045 0.9999945112957693 0.0029570549983393424 -0.001880893277052793 -0.0029599463882312715 0.9999940634045289 -0.03719014696332579 -0.10037823369806631 -0.2665691155816923
FixedParameters: 0 0 0
#Transform 63
Transform: MatrixOffsetTransformBase_double_3_3
Parameters: 0.999996847175469 0.0016259222325265604 0.0018735320132159386 -0.0016313381508843191 0.9999943615924473 0.0029349089882021867 -0.0018683204212120825 -0.0029380922239997526 0.9999942394513492 -0.005140536037600896 -0.08891031137675043 -0.28614185117176305
FixedParameters: 0 0 0
#Transform 64
Transform: MatrixOffsetTransformBase_double_3_3
Parameters: 0.9999982182618682 0.0015684332977071815 0.0015232836149726683 -0.0015731920480541253 0.9999947665365158 0.0027415806650425006 -0.001519263242241596 -0.0027444193632896324 0.9999954035808702 0.00986427540583179 -0.07895793055394051 -0.2570786855857854
FixedParameters: 0 0 0
#Transform 65
Transform: MatrixOffsetTransformBase_double_3_3
Parameters: 0.9999963167669192 0.001635917111730053 0.002001855803202845 -0.0016422440533616417 0.9999939729412198 0.002974662401565839 -0.001996453349069262 -0.002977334804290979 0.9999936306133339 -0.021229796711338622 -0.09045393430655224 -0.2812990974820657
FixedParameters: 0 0 0
#Transform 66
Transform: MatrixOffsetTransformBase_double_3_3
Parameters: 0.9999971019403487 0.0014585586700905657 0.0019417396427433666 -0.0014633676123314238 0.999995344362998 0.002674121560948567 -0.0019382753963159062 -0.0026768792543461484 0.9999944409279488 -0.00383129153570394 -0.015719099731512642 -0.262235949074654
FixedParameters: 0 0 0
#Transform 67
Transform: MatrixOffsetTransformBase_double_3_3
Parameters: 0.9999969821161239 0.0014844245189925076 0.0019529845963493183 -0.0014891491662483165 0.9999954648587399 0.002637055167886815 -0.0019494921888367743 -0.0026399464538224837 0.999994593843428 -0.03442148349856211 -0.09971500871662897 -0.26513856147057524
FixedParameters: 0 0 0
#Transform 68
Transform: MatrixOffsetTransformBase_double_3_3
Parameters: 0.9999964538087319 0.0018909457446196992 0.001992553510722554 -0.00189621726702134 0.9999948048377689 0.0024731718578905187 -0.001987655512359624 -0.002476827554526398 0.999995397680807 -0.00991952887484615 -0.019192741983331985 -0.2627032428882323
FixedParameters: 0 0 0
#Transform 69
Transform: MatrixOffsetTransformBase_double_3_3
Parameters: 0.999996435710337 0.0018707367610051302 0.0020156282438071184 -0.0018775801626018855 0.9999932218520107 0.0031423016752945843 -0.0020101801001903997 -0.003146693910751938 0.9999924380259241 -0.03194477202048063 -0.10637425931557232 -0.256857069953611
FixedParameters: 0 0 0
#Transform 70
Transform: MatrixOffsetTransformBase_double_3_3
Parameters: 0.9999963870722537 0.001388062005387425 0.002164835595793302 -0.001394547661043282 0.9999951013550331 0.002757824848496196 -0.002160517798852206 -0.0027611738002940728 0.9999940559862979 -0.0200268042285785 -0.05375461803801329 -0.2789553784849872
FixedParameters: 0 0 0
#Transform 71
Transform: MatrixOffsetTransformBase_double_3_3
Parameters: 0.9999976758154181 0.0013990504180450634 0.0018348483012145679 -0.0014040784567779302 0.9999943267672655 0.0028902658377027574 -0.0018310964180531409 -0.00289273495003943 0.9999946274445556 -0.008983103811843307 -0.08156545899883838 -0.25769298489625925
FixedParameters: 0 0 0
#Transform 72
Transform: MatrixOffsetTransformBase_double_3_3
Parameters: 0.9999961457168377 0.0013432062739379882 0.0022470874945520487 -0.001349594962312176 0.9999955039307807 0.0028829333904476923 -0.0022435516019240157 -0.0028860687319442885 0.9999930010365558 -0.015301222373977907 -0.09892521821501532 -0.2702597670164728
FixedParameters: 0 0 0
#Transform 73
Transform: MatrixOffsetTransformBase_double_3_3
Parameters: 0.9999967040219853 0.001271936440543426 0.0021627237658008018 -0.0012783530620986145 0.9999950049031321 0.0030020817022320123 -0.002159295462396588 -0.003004923961383646 0.9999936570085968 -0.020449563177280083 -0.10181823818929558 -0.2717692855474745
FixedParameters: 0 0 0
#Transform 74
Transform: MatrixOffsetTransformBase_double_3_3
Parameters: 0.9999965555203687 0.0011320319770623225 0.0024826766507764306 -0.0011392091840063355 0.9999945831537581 0.002943880172491878 -0.0024791049263570074 -0.0029461175612157664 0.9999926262536726 -0.034018632224046996 -0.08822238910362046 -0.275597558408041
FixedParameters: 0 0 0
#Transform 75
Transform: MatrixOffsetTransformBase_double_3_3
Parameters: 0.999995183800092 0.001809274156943401 0.0023542606935685892 -0.0018166071946031474 0.999994342970344 0.002978679054707639 -0.0023486759586312774 -0.002983324064364981 0.9999930680199606 -0.00860317710731806 -0.06505975483214854 -0.2683568412966437
FixedParameters: 0 0 0
#Transform 76
Transform: MatrixOffsetTransformBase_double_3_3
Parameters: 0.9999965254900939 0.000659836420587597 0.002653170737377438 -0.0006676238146040204 0.9999951568870957 0.0030328475996489607 -0.0026511458930215666 -0.003035153429898671 0.9999919582111905 -0.06271828241044375 -0.09267426980289883 -0.28625052545219276
FixedParameters: 0 0 0
#Transform 77
Transform: MatrixOffsetTransformBase_double_3_3
Parameters: 0.9999961021524068 0.0015289353195652566 0.00235802455114928 -0.0015357093104497873 0.9999951535330073 0.0028293306248318856 -0.002353580032904872 -0.002832669171926011 0.9999929194344441 -0.010470338999752471 -0.03645248622754593 -0.27286927906122216
FixedParameters: 0 0 0
#Transform 78
Transform: MatrixOffsetTransformBase_double_3_3
Parameters: 0.9999961038095769 0.001517890718305883 0.0021427032830056967 -0.0015250996205097027 0.9999936646252225 0.003244683988727168 -0.002138049763947783 -0.003247315985837232 0.9999923660606043 -0.02539613973823407 -0.11061475875077065 -0.2602252372863383
FixedParameters: 0 0 0
#Transform 79
Transform: MatrixOffsetTransformBase_double_3_3
Parameters: 0.9999964713769605 0.001252993346360257 0.0024412383415300365 -0.0012612964365928928 0.9999930283396697 0.003453633574499168 -0.0024365392091436006 -0.003456368342476257 0.9999915688647917 -0.025554286857385478 -0.05090762654366188 -0.28958521570546125
FixedParameters: 0 0 0
#Transform 80
Transform: MatrixOffsetTransformBase_double_3_3
Parameters: 0.9999950292762907 0.0015308560847237817 0.002574070269247382 -0.0015380803129853835 0.9999947837457097 0.0028948738371927935 -0.0025702817198858517 -0.0028991284624211716 0.9999924602328942 -0.004901568947047963 -0.0962525532070373 -0.2648994394396027
FixedParameters: 0 0 0
#Transform 81
Transform: MatrixOffsetTransformBase_double_3_3
Parameters: 0.9999967099742486 0.0012327958073403565 0.0024017067537911614 -0.0012406463034045525 0.9999949834673182 0.003001851914318454 -0.002398510505396953 -0.0030041492064044883 0.9999926904122031 -0.014317741891005653 -0.09255296281955339 -0.2813863873466893
FixedParameters: 0 0 0
#Transform 82
Transform: MatrixOffsetTransformBase_double_3_3
Parameters: 0.9999945980829067 0.0012582989547040761 0.002969630772323494 -0.0012661160067415464 0.9999962293578482 0.0025679377787004853 -0.002966261369712817 -0.002571062506311908 0.9999921640079686 -0.026284199802319108 -0.02930347789343557 -0.2713896791825121
FixedParameters: 0 0 0
#Transform 83
Transform: MatrixOffsetTransformBase_double_3_3
Parameters: 0.999995887267734 0.001433737724779426 0.002656382234552436 -0.0014428060104463316 0.9999933081883792 0.003339882159752991 -0.002651749106770841 -0.0033441193990117746 0.9999912410328989 0.005177405892609954 -0.11776266918141687 -0.285355402008161
FixedParameters: 0 0 0
#Transform 84
Transform: MatrixOffsetTransformBase_double_3_3
Parameters: 0.9999946368529765 0.001410253701827224 0.0030617309097143637 -0.0014190679392976785 0.9999953721684522 0.0028353558793407646 -0.003057690457180984 -0.0028396451938388495 0.9999911617908966 0.013091469304299608 -0.0258970040943467 -0.2852226425003508
FixedParameters: 0 0 0
#Transform 85
Transform: MatrixOffsetTransformBase_double_3_3
Parameters: 0.9999955868595957 0.0015001440598287332 0.002482254731781169 -0.0015088518600971886 0.9999933510045858 0.0033020877556178413 -0.0024774151612952187 -0.0033059103533170237 0.9999914029237218 0.015338089677101152 -0.1114825753066242 -0.25875768613560624
FixedParameters: 0 0 0
#Transform 86
Transform: MatrixOffsetTransformBase_double_3_3
Parameters: 0.9999940268891855 0.0014766196084284688 0.003129354477609588 -0.0014852169141695848 0.9999957158979174 0.002739053807372188 -0.003125222347033735 -0.002743948739584584 0.9999912792669127 0.0028284094704389418 -0.021673335458771703 -0.28352583480526405
FixedParameters: 0 0 0
#Transform 87
Transform: MatrixOffsetTransformBase_double_3_3
Parameters: 0.9999933291515675 0.0015215817983274516 0.003217875239548426 -0.001530319380149948 0.9999948048725417 0.0028586431060780015 -0.0032140021644318523 -0.0028633618776597175 0.9999911535374928 0.009096129218960414 -0.06880447468098794 -0.2847276472027822
FixedParameters: 0 0 0
#Transform 88
Transform: MatrixOffsetTransformBase_double_3_3
Parameters: 0.9999943649543135 0.0012474717150154132 0.0030133652984012955 -0.0012572820216441986 0.999994699425676 0.003026791844864915 -0.0030087748487688105 -0.003030208167704246 0.9999913218134278 0.017922359862950543 -0.08774275939690312 -0.29620366063469916
FixedParameters: 0 0 0
#Transform 89
Transform: MatrixOffsetTransformBase_double_3_3
Parameters: 0.9999950298157848 0.0012651242199221697 0.003060828738746439 -0.0012763095699190087 0.9999930616156718 0.0035687959914675743 -0.0030564910957371137 -0.003572201785089213 0.9999884711164992 0.031047120644828397 -0.06802439432054541 -0.2852246834903376
FixedParameters: 0 0 0
#Transform 90
Transform: MatrixOffsetTransformBase_double_3_3
Parameters: 0.9999947630791715 0.00125561443892709 0.0029426812134358753 -0.001264343039458736 0.9999952083873404 0.002935979025897678 -0.0029392665909401317 -0.002939022556115209 0.9999912967935973 0.027285946294767882 -0.11472042763767831 -0.2842624714971187
FixedParameters: 0 0 0
#Transform 91
Transform: MatrixOffsetTransformBase_double_3_3
Parameters: 0.9999947152434038 0.0014115787040852282 0.002879723237220107 -0.001420170347024181 0.999994548673593 0.00297660938191395 -0.0028752766164680905 -0.002980390150228482 0.9999914235617545 0.043083671222433395 -0.03497717768824771 -0.28121559620769077
FixedParameters: 0 0 0
#Transform 92
Transform: MatrixOffsetTransformBase_double_3_3
Parameters: 0.9999938341145455 0.0012851092381711048 0.0033936613510114834 -0.0012965905981845538 0.9999932791601224 0.0033900637087899005 -0.0033885250512042386 -0.0033949347672501268 0.9999885367050663 0.026633864324480783 -0.1127478984458179 -0.3112742014448422
FixedParameters: 0 0 0
#Transform 93
Transform: MatrixOffsetTransformBase_double_3_3
Parameters: 0.9999937990493224 0.0013513139345409137 0.003372650626363014 -0.0013602912738301838 0.9999949493746145 0.002744856969898457 -0.003369067725177778 -0.002749143369104007 0.9999907575775518 0.04283241748589717 -0.026410842346734853 -0.29011863785494185
FixedParameters: 0 0 0
#Transform 94
Transform: MatrixOffsetTransformBase_double_3_3
Parameters: 0.9999943185676643 0.001173712862051723 0.0032100170723801816 -0.0011839312274618296 0.9999945880557305 0.0032327835529501886 -0.003206135276348522 -0.0032362213838573184 0.9999898063999638 0.029260227621833224 -0.11003118610139495 -0.2970021790798185
FixedParameters: 0 0 0
#Transform 95
Transform: MatrixOffsetTransformBase_double_3_3
Parameters: 0.999992234381577 0.0009727979826198152 0.003717417163506847 -0.0009840676835475692 0.9999950151052113 0.002915563611907465 -0.0037144594701823863 -0.002919435310004187 0.9999891955680141 0.023472279303277332 -0.01664192043268997 -0.32183750667179467
FixedParameters: 0 0 0
#Transform 96
Transform: MatrixOffsetTransformBase_double_3_3
Parameters: 0.999993705524428 0.0013492459633447605 0.0032364823937545755 -0.0013596506986316309 0.9999929804419244 0.0034071806780569674 -0.003231861076672155 -0.0034118160656672614 0.9999884755744054 0.03203541475568272 -0.1218039263226558 -0.29537798222331446
FixedParameters: 0 0 0
#Transform 97
Transform: MatrixOffsetTransformBase_double_3_3
Parameters: 0.9999939767074646 0.0014272282510028565 0.003314215391047198 -0.0014378021946043627 0.9999939336019571 0.0030528001135630978 -0.0033103211445439807 -0.0030571939090375533 0.999989376969626 0.030293721839711907 -0.06728855160331193 -0.3110123542043901
FixedParameters: 0 0 0
#Transform 98
Transform: MatrixOffsetTransformBase_double_3_3
Parameters: 0.9999937118148728 0.001233738233052251 0.003430669483565142 -0.0012430700252556868 0.999995614520807 0.0028773175954041053 -0.003426288973504798 -0.002881683619794087 0.9999895141609739 0.052841636619504584 -0.07659607947890379 -0.2939497278106131
FixedParameters: 0 0 0
#Transform 99
Transform: MatrixOffsetTransformBase_double_3_3
Parameters: 0.9999917319743514 0.0012125799258097382 0.003846783126437944 -0.0012254859371447417 0.9999936597576712 0.0031754811831966046 -0.0038426583004351604 -0.003179514394787572 0.9999878790857335 0.02419270680537977 -0.12475557153561567 -0.31719394836667547
FixedParameters: 0 0 0
#Transform 100
Transform: MatrixOffsetTransformBase_double_3_3
Parameters: 0.9999916363352966 0.0009274807822896248 0.004062430473212236 -0.000939601069586101 0.9999952378803556 0.002894286867343304 -0.004059652062382979 -0.002898711197019052 0.9999876189281347 0.039411959162094945 -0.05486325177122353 -0.32300995855390013
FixedParameters: 0 0 0
#Transform 101
Transform: MatrixOffsetTransformBase_double_3_3
Parameters: 0.9999934618143145 0.0008374628550764188 0.003582875353508873 -0.0008491651612383596 0.9999944720857974 0.0032243145883406044 -0.003580063886424396 -0.0032276836664121983 0.9999881754575972 0.03654867400351236 -0.09230329548812222 -0.3011905818058338
FixedParameters: 0 0 0
#Transform 102
Transform: MatrixOffsetTransformBase_double_3_3
Parameters: 0.999993007971019 0.000781078714353311 0.0037920519021492536 -0.0007926015144670708 0.9999956166406778 0.0028912313003950224 -0.0037902507173431157 -0.002894767747800134 0.9999886523372443 0.04879905048129274 -0.05512936052315354 -0.31621549071107324
FixedParameters: 0 0 0
#Transform 103
Transform: MatrixOffsetTransformBase_double_3_3
Parameters: 0.9999922677400183 0.0010464406368000498 0.003825628495865507 -0.0010581304376921271 0.9999951478158637 0.003033296534224475 -0.0038228622074749216 -0.003037703117066512 0.9999876912900818 0.04766627818030145 -0.09034068297776798 -0.309015313829093
FixedParameters: 0 0 0
#Transform 104
Transform: MatrixOffsetTransformBase_double_3_3
Parameters: 0.9999927480205311 0.0008799875170527055 0.0038049521291790393 -0.0008931939864579696 0.9999942297268405 0.0032338257666151976 -0.0038018445938266224 -0.0032371699849834817 0.9999875812521917 0.03231178408910296 -0.08453863525480187 -0.31577408033788146
FixedParameters: 0 0 0
#Transform 105
Transform: MatrixOffsetTransformBase_double_3_3
Parameters: 0.999991933034459 0.0011531281074850979 0.0038388349487544597 -0.0011638495032190396 0.9999956021211823 0.002896863156584245 -0.0038357401662519144 -0.002901141955266029 0.9999885223938723 0.021573221745867954 -0.06783037612503051 -0.2855818566832049
FixedParameters: 0 0 0
#Transform 106
Transform: MatrixOffsetTransformBase_double_3_3
Parameters: 0.999991753706916 0.0010055911728007992 0.003903076796322561 -0.0010164666098437943 0.9999953382350304 0.0029963627380930613 -0.00390051493975423 -0.002999640277680335 0.9999874393419723 0.023051064413664335 -0.0829889633937313 -0.31739223374599845
FixedParameters: 0 0 0
#Transform 107
Transform: MatrixOffsetTransformBase_double_3_3
Parameters: 0.9999928147642024 0.0012584208415521362 0.0036879647288950096 -0.0012699950751732848 0.9999947561965246 0.0029966463773634655 -0.003684126010371517 -0.0030013541262507715 0.9999890704554005 0.040113665045723224 -0.05597454400606239 -0.2983803673823786
FixedParameters: 0 0 0
#Transform 108
Transform: MatrixOffsetTransformBase_double_3_3
Parameters: 0.9999925594456469 0.0010782097177237362 0.0037789407326308862 -0.0010882964855365707 0.9999950958151224 0.002843094990092193 -0.0037754066134783925 -0.0028469080668919455 0.9999892754768234 0.024012342511554152 -0.06904776593057704 -0.31753225457372736
FixedParameters: 0 0 0
#Transform 109
Transform: MatrixOffsetTransformBase_double_3_3
Parameters: 0.9999920204816614 0.0011190523257350931 0.003965574236094623 -0.0011305091263448335 0.9999956790906217 0.002896847865135832 -0.003962674897317775 -0.0029011532957309433 0.9999875328791896 0.018267181658515597 -0.05019047632080742 -0.2966711293330775
FixedParameters: 0 0 0
#Transform 110
Transform: MatrixOffsetTransformBase_double_3_3
Parameters: 0.999992204177746 0.000993040915180885 0.003848203880390031 -0.0010042141090278443 0.9999950036427071 0.0030773617615574983 -0.003845553598277234 -0.00308164506381646 0.9999882337539407 0.03375731677917315 -0.11695518389981885 -0.3156307658124504
FixedParameters: 0 0 0
#Transform 111
Transform: MatrixOffsetTransformBase_double_3_3
Parameters: 0.9999922350330857 0.0009488922683844477 0.003723467834083084 -0.0009601232967356529 0.9999951196012986 0.0029056469090316533 -0.003720668835261417 -0.0029093524989437652 0.9999892082229035 0.053345896617528865 -0.016664338855292726 -0.3041631739409567
FixedParameters: 0 0 0
#Transform 112
Transform: MatrixOffsetTransformBase_double_3_3
Parameters: 0.999992047850672 0.0008826168486026746 0.0037647455193040935 -0.0008943597560835745 0.9999952212707659 0.0030739770749793893 -0.00376191002441683 -0.003077022599472151 0.9999879090649743 0.014701002820729059 -0.09333906663347591 -0.29445453590763293
FixedParameters: 0 0 0
#Transform 113
Transform: MatrixOffsetTransformBase_double_3_3
Parameters: 0.9999913756358989 0.0005575531689636488 0.004039086413028744 -0.000568569630754811 0.9999959855554365 0.002882822390414874 -0.004037353864809986 -0.0028851822278175704 0.9999877550514188 0.03240960626428091 -0.0021458329525358977 -0.3302965687598629
FixedParameters: 0 0 0
#Transform 114
Transform: MatrixOffsetTransformBase_double_3_3
