#Insight Transform File V1.0
#Transform 0
Transform: MatrixOffsetTransformBase_double_3_3
Parameters: 0.9999989752448304 0.0008295917029470666 0.0015291003145048389 -0.0008313316944420819 0.9999986818894395 0.00158271631962556 -0.001527097181048344 -0.0015842840847961615 0.9999972784032901 -0.06998531227918647 -0.09441789305566317 -0.41529578986833116
FixedParameters: 0 0 0
#Transform 1
Transform: MatrixOffsetTransformBase_double_3_3
Parameters: 0.9999978121656132 0.0008279023874395125 0.002121708687055423 -0.0008325074728210939 0.9999976945026526 0.0018439668213320881 -0.002120264714101895 -0.0018460317916803581 0.9999963096009121 -0.11019341838499486 -0.10251875321587534 -0.4119620497202554
FixedParameters: 0 0 0
#Transform 2
Transform: MatrixOffsetTransformBase_double_3_3
Parameters: 0.9999985607217577 0.0007833386473205085 0.0013509457897058705 -0.0007851509511526577 0.9999989050125363 0.0014959122340313658 -0.0013503406850973536 -0.0014960901154948414 0.9999981796689668 -0.05575762291448427 -0.057864935254016814 -0.4284180195753926
FixedParameters: 0 0 0
#Transform 3
Transform: MatrixOffsetTransformBase_double_3_3
Parameters: 0.9999975083400375 0.0007936644624510643 0.00220494941846164 -0.0007969056854999111 0.9999982958072092 0.0016899765440211711 -0.002203757378063822 -0.0016920259843985763 0.999996493554718 -0.10482049309737818 -0.07499340777468433 -0.413102527437438
FixedParameters: 0 0 0
#Transform 4
Transform: MatrixOffsetTransformBase_double_3_3
Parameters: 0.9999980850666277 0.000727275156824944 0.001839937524323175 -0.0007302272407296925 0.9999984261553615 0.0016775094252361872 -0.0018391113208893967 -0.0016784918727928144 0.999997027531701 -0.08504090832317956 -0.10453561687408808 -0.4235157964494505
FixedParameters: 0 0 0
#Transform 5
Transform: MatrixOffsetTransformBase_double_3_3
Parameters: 0.9999976932502715 0.000557001768679663 0.001999243535139463 -0.000561210924190898 0.9999982527162802 0.0018276260825370316 -0.001997825819205138 -0.0018293744277913387 0.9999967536961297 -0.08173367065329273 -0.0747708806580647 -0.3994664447363867
FixedParameters: 0 0 0
#Transform 6
Transform: MatrixOffsetTransformBase_double_3_3
Parameters: 0.999996574309378 0.0006943534247265096 0.0024377941927286586 -0.0007000147867808887 0.9999972118757258 0.0020249067808078974 -0.0024364668141017305 -0.0020270902280985215 0.9999951530664456 -0.10581788919800772 -0.06138866940716525 -0.4156406428649717
FixedParameters: 0 0 0
#Transform 7
Transform: MatrixOffsetTransformBase_double_3_3
Parameters: 0.999997679481098 -0.0000457683177770491 0.002078231436855621 0.00004240768437072655 0.9999987021273011 0.0015248487628530538 -0.002078000298408127 -0.0015251493703866692 0.9999963260991082 -0.13844223253055077 -0.1089413594789761 -0.44823819692923195
FixedParameters: 0 0 0
#Transform 8
Transform: MatrixOffsetTransformBase_double_3_3
Parameters: 0.9999966143840051 0.0006188238202104629 0.002450298788200906 -0.0006234077525039082 0.9999982655428304 0.0017702059051591668 -0.0024486038641023137 -0.001771791956674304 0.9999950759481206 -0.13195671590081304 -0.0727641354315125 -0.4302762740612103
FixedParameters: 0 0 0
#Transform 9
Transform: MatrixOffsetTransformBase_double_3_3
Parameters: 0.9999966800684363 0.0005009221156615384 0.0026587193624833323 -0.0005066797891192607 0.9999974907910174 0.002248269154846702 -0.002657707139606211 -0.002249732761134937 0.999994073239738 -0.12256205467674874 -0.12014438398321658 -0.45816483540846775
FixedParameters: 0 0 0
#Transform 10
Transform: MatrixOffsetTransformBase_double_3_3
Parameters: 0.9999974331369221 0.00014898743455175585 0.0023546820416539276 -0.00015438291207469423 0.9999979328623605 0.0022253864823977565 -0.002354390092078126 -0.0022256143322858662 0.9999945945463604 -0.07412821748803822 -0.08984487828813315 -0.4139404274840821
FixedParameters: 0 0 0
#Transform 11
Transform: MatrixOffsetTransformBase_double_3_3
Parameters: 0.9999976534919582 0.0000556880154682169 0.0020837376247004437 -0.00005921004711338424 0.9999990815858405 0.0013506227856100866 -0.002084331265491616 -0.0013503757862353971 0.9999969242019568 -0.09128505087547012 -0.063174136019299 -0.47736483182555034
FixedParameters: 0 0 0
#Transform 12
Transform: MatrixOffsetTransformBase_double_3_3
Parameters: 0.9999974448408305 0.0003619030358453042 0.0021028417564907384 -0.0003659350119552613 0.9999987875430356 0.0017240981746197426 -0.0021032060859375594 -0.0017249004666194806 0.9999957094888331 -0.11631589563540956 -0.10355031007073023 -0.4483652460929086
FixedParameters: 0 0 0
#Transform 13
Transform: MatrixOffsetTransformBase_double_3_3
Parameters: 0.9999977856063424 -0.0000896617593480901 0.002281411457950412 0.00008581078778299576 0.9999978865466521 0.0017408214636847469 -0.0022822219412134315 -0.0017401765378545903 0.9999958403704824 -0.13559085394506099 -0.07991692127710337 -0.4671411182628624
FixedParameters: 0 0 0
#Transform 14
Transform: MatrixOffsetTransformBase_double_3_3
Parameters: 0.9999968688479647 0.0003955982013782484 0.002641146797571001 -0.0003997030835392711 0.999998616891639 0.0017395586478025776 -0.0026401461729375314 -0.0017404439387080917 0.9999951967363545 -0.1162280750081095 -0.10895176235811732 -0.43900636670997883
FixedParameters: 0 0 0
#Transform 15
Transform: MatrixOffsetTransformBase_double_3_3
Parameters: 0.9999953890985166 0.0006090339925797104 0.0030395658463817626 -0.0006143128025946804 0.9999984676990922 0.0017236278669891941 -0.0030388313157106456 -0.0017263729744487893 0.9999939701296271 -0.1446004061888999 -0.08498410011289081 -0.5173170297353309
FixedParameters: 0 0 0
#Transform 16
Transform: MatrixOffsetTransformBase_double_3_3
Parameters: 0.9999967540323038 0.000015936579370193563 0.0026915459647583414 -0.0000202455681015896 0.9999985029486124 0.0015604523734867731 -0.0026919945745931336 -0.0015605471616892685 0.9999953807521148 -0.09814983438353408 -0.07727531019210687 -0.49563979780710454
FixedParameters: 0 0 0
#Transform 17
Transform: MatrixOffsetTransformBase_double_3_3
Parameters: 0.9999952468640388 0.00003147716020683171 0.003122674719164329 -0.00003486481370561077 0.999999112094489 0.0013562784686791812 -0.003122967928392311 -0.0013567249608662513 0.9999944545698384 -0.09861379316305374 -0.047480748502024994 -0.5140179898796227
FixedParameters: 0 0 0
#Transform 18
Transform: MatrixOffsetTransformBase_double_3_3
Parameters: 0.9999953661009359 -0.000051356467458082565 0.002938161132789991 0.0000464623706923047 0.9999991220324487 0.001677646516579992 -0.0029377158799463224 -0.0016773565256509165 0.9999946160350824 -0.0929017216352861 -0.08295676467842839 -0.44894103728529444
FixedParameters: 0 0 0
#Transform 19
Transform: MatrixOffsetTransformBase_double_3_3
Parameters: 0.9999948977085074 -0.0001515757745496463 0.003328789238087149 0.00014597381280277846 0.9999990384121705 0.0017358915007929798 -0.0033285745696003664 -0.0017361106684437855 0.9999928318796781 -0.08095602953095238 -0.0713890700437787 -0.525423748111649
FixedParameters: 0 0 0
#Transform 20
Transform: MatrixOffsetTransformBase_double_3_3
Parameters: 0.9999945252226009 -0.000014022162008103963 0.0033872696312938883 0.000007785977676192778 0.999998649855874 0.0018174170678442458 -0.0033875706008440385 -0.0018175825117516253 0.9999922687307421 -0.11207966044418072 -0.10445535592050703 -0.48337068890627677
FixedParameters: 0 0 0
#Transform 21
Transform: MatrixOffsetTransformBase_double_3_3
Parameters: 0.999994770100327 -0.000013942271326948725 0.0033508108921799845 0.000009016533086847597 0.9999991427883986 0.0013454175367634824 -0.003351346855219163 -0.0013455799158307857 0.9999930065631505 -0.09202439845773824 -0.057399593992727205 -0.5092754417849292
FixedParameters: 0 0 0
#Transform 22
Transform: MatrixOffsetTransformBase_double_3_3
Parameters: 0.99999450183735 -0.0002348384865065857 0.0033829090048478646 0.00022917330664209902 0.9999979645032465 0.001718043329783217 -0.0033829747345272823 -0.0017169548373912602 0.999992637703737 -0.07280932522654382 -0.09126246933861637 -0.48617390949020134
FixedParameters: 0 0 0
#Transform 23
Transform: MatrixOffsetTransformBase_double_3_3
Parameters: 0.9999945639683433 0.0000992495160682413 0.0033801446610161254 -0.00010540064024803143 0.9999990596085738 0.0016620195875390598 -0.003380187736012615 -0.0016619803593404814 0.9999929798524466 -0.07735441239380236 -0.044134540162502844 -0.5264596204170893
FixedParameters: 0 0 0
#Transform 24
Transform: MatrixOffsetTransformBase_double_3_3
Parameters: 0.999994408524817 -0.00013204606481165342 0.003401897927339823 0.0001251147731070041 0.9999980813225624 0.0022038195099924607 -0.0034024821792107943 -0.0022031839124600078 0.9999916163305589 -0.0930150710549782 -0.1110487706929888 -0.5023462081048073
FixedParameters: 0 0 0
#Transform 25
Transform: MatrixOffsetTransformBase_double_3_3
Parameters: 0.9999954547779568 0.0003979907095481371 0.002895899021342108 -0.0004011519066280521 0.9999994892603397 0.0010803299753777418 -0.002895662088078514 -0.0010816712214042484 0.999995628388778 -0.06688408926156342 -0.0383703915007203 -0.5030524234144984
FixedParameters: 0 0 0
#Transform 26
Transform: MatrixOffsetTransformBase_double_3_3
Parameters: 0.9999944205809786 0.0002337935091439328 0.0032437834008473363 -0.00023904584567048276 0.9999986611987693 0.0017646004608592308 -0.003244202717593816 -0.0017654033729897073 0.9999935289042103 -0.08007866383231033 -0.1028735391524549 -0.49017781416716844
FixedParameters: 0 0 0
#Transform 27
Transform: MatrixOffsetTransformBase_double_3_3
Parameters: 0.9999946992550148 0.00000591232498390351 0.0033614639245292755 -0.000011857314390561536 0.9999982768193072 0.0016402282302593052 -0.0033618179751688836 -0.0016407692059955264 0.9999930399407382 -0.08906335863143511 -0.046626767476070086 -0.5057507332332492
FixedParameters: 0 0 0
#Transform 28
Transform: MatrixOffsetTransformBase_double_3_3
Parameters: 0.9999951641112425 0.00016204002432937935 0.003132058023077712 -0.00016704984526432927 0.9999986574935477 0.0017699718550726606 -0.0031317368669386237 -0.0017700296313560154 0.9999932407949857 -0.08723388166028201 -0.09687944474084986 -0.4869122201515701
FixedParameters: 0 0 0
#Transform 29
Transform: MatrixOffsetTransformBase_double_3_3
Parameters: 0.9999953180501928 -0.000049997616453418235 0.002946350593649636 0.000045800820390804534 0.9999985196713782 0.001554641819117436 -0.0029458901687836156 -0.0015543569798474044 0.9999939654269764 -0.07307781617952003 -0.041928289519560735 -0.5014572346840929
FixedParameters: 0 0 0
#Transform 30
Transform: MatrixOffsetTransformBase_double_3_3
Parameters: 0.9999941021538521 -0.000040555770842061684 0.0033012094508812566 0.000035585859966938466 0.9999986883185197 0.0015045049442634767 -0.0033007146622863804 -0.0015044929211272678 0.9999928867832697 -0.09125627785826396 -0.04996312558124316 -0.4922615083881645
FixedParameters: 0 0 0
#Transform 31
Transform: MatrixOffsetTransformBase_double_3_3
Parameters: 0.9999950381411181 -0.00003781018478003599 0.002993116077457077 0.000034337845945222035 0.999999340704513 0.0012636096444770817 -0.002993712308530261 -0.0012633910676830562 0.999994504562619 -0.07414946077109619 -0.07219292733331883 -0.5009588002481955
FixedParameters: 0 0 0
#Transform 32
Transform: MatrixOffsetTransformBase_double_3_3
Parameters: 0.9999960648616553 0.0005302731226933311 0.0027670429208031745 -0.0005323745666207621 0.9999996775987832 0.0009171381218601726 -0.0027657018039855623 -0.0009188629849672669 0.9999957018102488 -0.04746332450032753 0.02984797036246789 -0.500776222817052
FixedParameters: 0 0 0
#Transform 33
Transform: MatrixOffsetTransformBase_double_3_3
Parameters: 0.9999949168884794 0.000111480018665403 0.0033271545359184213 -0.00011625721486494284 0.9999986230371123 0.0014819858027308452 -0.0033272002324943755 -0.001482012545981723 0.9999929011913739 -0.07348746413647689 -0.08736914382566852 -0.4933844962064704
FixedParameters: 0 0 0
#Transform 34
Transform: MatrixOffsetTransformBase_double_3_3
Parameters: 0.9999961809680464 0.0004313608933223108 0.00276236072948136 -0.00043579341341346803 0.9999991654065981 0.0015644107129309387 -0.0027625012499523003 -0.001565591347392467 0.9999951170959 -0.046959762353196766 -0.1323319856247025 -0.48908053696361975
FixedParameters: 0 0 0
#Transform 35
Transform: MatrixOffsetTransformBase_double_3_3
Parameters: 0.9999962530526599 0.000838350241721187 0.0026539920432194974 -0.0008434837841371126 0.9999978716337701 0.0017603608204736915 -0.0026525271055097043 -0.0017626380565430033 0.9999951756396308 0.0019539648294113476 -0.02220031434877967 -0.4691514882499277
FixedParameters: 0 0 0
#Transform 36
Transform: MatrixOffsetTransformBase_double_3_3
Parameters: 0.9999958477415898 0.0014279757544371598 0.002472247560565527 -0.00143090275768651 0.9999983998521436 0.0010412861564751547 -0.002471007105563521 -0.001044712996649863 0.999996272187321 0.09729455560855627 -0.002463153860901457 -0.44086473430367334
FixedParameters: 0 0 0
#Transform 37
Transform: MatrixOffsetTransformBase_double_3_3
Parameters: 0.9999974289924392 0.0003863348151849013 0.002328553233746905 -0.00038999090234131527 0.9999988682023567 0.0016638256342478286 -0.002327766498317862 -0.0016641763015261546 0.9999960229835433 0.02452955476442753 -0.15098422361876374 -0.4483492556856099
FixedParameters: 0 0 0
#Transform 38
Transform: MatrixOffsetTransformBase_double_3_3
Parameters: 0.9999965836350486 0.0003436390761461674 0.002509663640544959 -0.00034789312135972164 0.9999989026467393 0.001662860655764195 -0.0025090186936819305 -0.0016631392040840076 0.9999951498381965 0.017697148228151605 -0.16687428835017215 -0.4801802737072478
FixedParameters: 0 0 0
#Transform 39
Transform: MatrixOffsetTransformBase_double_3_3
Parameters: 0.999997429395464 0.00009134458082913233 0.002358191273170124 -0.00009420945448398729 0.9999993160187547 0.0012644044003750077 -0.0023585835811782605 -0.0012645974807840993 0.999996915448313 -0.013974093136013721 -0.0864864483425265 -0.5302258455331206
FixedParameters: 0 0 0
#Transform 40
Transform: MatrixOffsetTransformBase_double_3_3
Parameters: 0.9999983772715708 -0.00004401591733137073 0.0016190294806997414 0.000040210199667732485 0.999997638889518 0.0020948265522981874 -0.001618840326703853 -0.0020951740444191125 0.9999969603156488 0.05897676343973046 -0.17086334117409763 -0.40538625546087914
FixedParameters: 0 0 0
#Transform 41
Transform: MatrixOffsetTransformBase_double_3_3
Parameters: 0.999998471117663 0.0007907048210681561 0.0017042463791569855 -0.0007939580021594716 0.9999973402549689 0.0021915010441501404 -0.001702270409991323 -0.0021925014726616593 0.9999965211093045 0.020662935619654377 -0.13364510648615635 -0.3613516054111372
FixedParameters: 0 0 0
#Transform 42
Transform: MatrixOffsetTransformBase_double_3_3
Parameters: 0.9999979135414347 0.0004331163537681299 0.0017028756578309214 -0.00043647815330053683 0.9999979109103521 0.002189125746267659 -0.0017014767471773228 -0.0021898775835423046 0.9999964147843377 0.000704013918280566 -0.15561927983138446 -0.36848465137991937
FixedParameters: 0 0 0
#Transform 43
Transform: MatrixOffsetTransformBase_double_3_3
Parameters: 0.999997837759168 0.00018018371680566405 0.001769186074722194 -0.00018438233104590767 0.9999961110761114 0.002623434792704493 -0.0017686126505623762 -0.0026245635253101945 0.9999949559010524 -0.002433666931466405 -0.1431180613261347 -0.3699999154147733
FixedParameters: 0 0 0
#Transform 44
Transform: MatrixOffsetTransformBase_double_3_3
Parameters: 0.9999976884474557 0.0002698282143814364 0.0020586025470638314 -0.0002744920034827587 0.9999968581069251 0.0026383044919470883 -0.0020584202353166802 -0.002638696614074107 0.9999939069342467 -0.012627326750688894 -0.15020687373416308 -0.37604317427328127
FixedParameters: 0 0 0
#Transform 45
Transform: MatrixOffsetTransformBase_double_3_3
Parameters: 0.9999968570986877 0.00023610644331414497 0.0024672682295791043 -0.00024115372307244613 0.9999976497710513 0.0020530329857821328 -0.0024666713749410866 -0.0020539658506144726 0.999994773583788 0.034824109122098434 -0.1350809935341175 -0.4254763803014363
FixedParameters: 0 0 0
#Transform 46
Transform: MatrixOffsetTransformBase_double_3_3
Parameters: 0.999994296699965 -0.00042414310974873677 0.0033946051807782506 0.00041663464110887647 0.9999973797205447 0.0021297001865409337 -0.0033955421196885135 -0.0021282972077262957 0.9999918516662345 -0.004867413592137382 -0.14980841016603108 -0.42849047428249065
FixedParameters: 0 0 0
#Transform 47
Transform: MatrixOffsetTransformBase_double_3_3
Parameters: 0.999993295133261 -0.00045742076687457523 0.0036736311665036122 0.0004508548564047403 0.9999979940916683 0.001704819940441915 -0.003674447659685669 -0.0017031763417834356 0.9999914937920902 -0.001974462456885817 -0.13762351357021885 -0.4701793002156407
FixedParameters: 0 0 0
#Transform 48
Transform: MatrixOffsetTransformBase_double_3_3
Parameters: 0.9999946762667026 -0.0006134470150884128 0.003308439026559211 0.0006062569792592442 0.9999974765109466 0.0022874141643756674 -0.003310252331201874 -0.002284587335053573 0.9999917481174009 0.014494485726032735 -0.16155850799273708 -0.4540142594710552
FixedParameters: 0 0 0
#Transform 49
Transform: MatrixOffsetTransformBase_double_3_3
Parameters: 0.9999960755731098 -0.0005668732375766073 0.00293336569846986 0.0005615745361839694 0.9999976064250348 0.0020670671239162164 -0.0029338520096737425 -0.0020659366047162953 0.999993928267688 0.011274258018275418 -0.15735846654332875 -0.45052454248262563
FixedParameters: 0 0 0
#Transform 50
Transform: MatrixOffsetTransformBase_double_3_3
Parameters: 0.999994083632758 -0.00042719882097761125 0.0034254652024341896 0.0004211352211180829 0.9999983029692756 0.0018997289623268188 -0.0034262231116879206 -0.0018982742268870423 0.9999925682275311 0.011685769868677198 -0.09456267701655463 -0.46937828749693367
FixedParameters: 0 0 0
#Transform 51
Transform: MatrixOffsetTransformBase_double_3_3
Parameters: 0.9999938407631114 -0.0004333223819987178 0.003459970919396093 0.00042453450773857933 0.9999970632091271 0.0024177579978278824 -0.0034610694158534873 -0.0024162408885746167 0.9999910937260951 -0.007454069147968312 -0.17031894595571373 -0.45512496702094296
FixedParameters: 0 0 0
#Transform 52
Transform: MatrixOffsetTransformBase_double_3_3
Parameters: 0.9999933095822449 -0.000873791839342012 0.0035953727858515075 0.000866728949099446 0.9999977027944889 0.0022084358930172104 -0.0035971247622970095 -0.0022055686504224847 0.9999908650348557 0.013773782873542473 -0.12425103399974091 -0.4912106371997069
FixedParameters: 0 0 0
#Transform 53
Transform: MatrixOffsetTransformBase_double_3_3
Parameters: 0.9999929841106361 -0.000992432186065461 0.0037456695319533035 0.0009825976481169082 0.999996180516528 0.002489880417765128 -0.003748494059809693 -0.002486113827832953 0.9999894232548191 0.02929063330577719 -0.13197620255627385 -0.47123026150931935
FixedParameters: 0 0 0
#Transform 54
Transform: MatrixOffsetTransformBase_double_3_3
Parameters: 0.9999904846547182 -0.0009428171298325083 0.0043153558338676345 0.0009333468286942505 0.999997327821938 0.0022489763079210773 -0.004318351975202162 -0.0022440247193479396 0.9999880632444342 0.007977184187311082 -0.13070815053525564 -0.49945828033080275
FixedParameters: 0 0 0
#Transform 55
Transform: MatrixOffsetTransformBase_double_3_3
Parameters: 0.9999922233708765 -0.0007990189084664684 0.0038909202916203437 0.0007903757594262668 0.999997564536803 0.0022442613012353257 -0.0038923951587688556 -0.002240739641226591 0.9999896011674789 0.008940307491528188 -0.09185673765021818 -0.46003520416785904
FixedParameters: 0 0 0
#Transform 56
Transform: MatrixOffsetTransformBase_double_3_3
Parameters: 0.9999909852212202 -0.0009656886771396921 0.004132966942456663 0.0009553089906488569 0.9999958942590008 0.0025629109502208758 -0.004135553538577063 -0.0025590868890746216 0.9999879734453514 -0.003218871348579455 -0.1441117804423726 -0.4941037622230269
FixedParameters: 0 0 0
#Transform 57
Transform: MatrixOffsetTransformBase_double_3_3
Parameters: 0.9999904528594258 -0.0006957932842513596 0.004366458255675581 0.00068786649926362 0.9999981178469796 0.001917828584295414 -0.004367020684065672 -0.0019151759959155495 0.9999889890167082 0.016720661014133498 -0.08572936067476178 -0.48548493238593693
FixedParameters: 0 0 0
#Transform 58
Transform: MatrixOffsetTransformBase_double_3_3
Parameters: 0.9999907997759713 -0.001136769129961779 0.004111752617578958 0.0011276507207283956 0.999997449538484 0.0021817336678295607 -0.004114598577071628 -0.002177265924014418 0.9999888497436907 0.030047140619814172 -0.1467076310060662 -0.4785845303894085
FixedParameters: 0 0 0
#Transform 59
Transform: MatrixOffsetTransformBase_double_3_3
Parameters: 0.9999897771914287 -0.0015669616158571426 0.004214942306790193 0.0015561943511463562 0.9999954365405103 0.0024274484890567938 -0.004219310657858961 -0.0024215483629559387 0.999988584181896 0.037297611405961106 -0.12495250357082455 -0.5084432444457399
FixedParameters: 0 0 0
#Transform 60
Transform: MatrixOffsetTransformBase_double_3_3
Parameters: 0.999988174213417 -0.0009301651208906527 0.004685827295138084 0.000920071424518292 0.9999968829360273 0.002137899072957486 -0.004688559815106491 -0.002133099946629774 0.999987170496831 -0.015335088003283204 -0.1517422387579188 -0.49456442175839044
FixedParameters: 0 0 0
#Transform 61
Transform: MatrixOffsetTransformBase_double_3_3
Parameters: 0.9999895142548725 -0.0018655527566529338 0.004243429721884442 0.0018559454815008708 0.9999956942864173 0.0021448835307741054 -0.004247321176032267 -0.00213611304215533 0.9999886564359681 0.030168041137102364 -0.12679311018419526 -0.5115451648474689
FixedParameters: 0 0 0
#Transform 62
Transform: MatrixOffsetTransformBase_double_3_3
Parameters: 0.9999904124618575 -0.0013846427754885921 0.004203608443887177 0.0013748963668156005 0.9999963775969379 0.0023127726337003607 -0.004206779229597801 -0.0023072266529107766 0.9999883626000761 0.04278309855189377 -0.11650340652904845 -0.5056738484424947
FixedParameters: 0 0 0
#Transform 63
Transform: MatrixOffsetTransformBase_double_3_3
Parameters: 0.9999892922925526 -0.001861318645730024 0.004271368330847695 0.001852870623914045 0.999996446498515 0.001994936768627345 -0.004274688862942012 -0.001987064911181599 0.9999889175778153 0.05471076554485421 -0.09289675290030175 -0.5112804320100928
FixedParameters: 0 0 0
#Transform 64
Transform: MatrixOffsetTransformBase_double_3_3
Parameters: 0.9999868286682821 -0.0014612610133251983 0.004902804544517595 0.0014517579218105913 0.9999967295116964 0.001959630415962574 -0.004905298667474724 -0.0019523708845780308 0.9999864472248933 -0.0016079086515645713 -0.0943412775491339 -0.5163878438846368
FixedParameters: 0 0 0
#Transform 65
Transform: MatrixOffsetTransformBase_double_3_3
Parameters: 0.9999855353728572 -0.0010597591831794208 0.005323791215684145 0.0010497921893617083 0.9999980116278495 0.001858967029604905 -0.005325496386201359 -0.0018540321378716917 0.9999836305058032 -0.008208897948932758 -0.09571722592589538 -0.5297580288568469
FixedParameters: 0 0 0
#Transform 66
Transform: MatrixOffsetTransformBase_double_3_3
Parameters: 0.9999868562733794 -0.001330167477845721 0.005037167849360673 0.0013206784300695497 0.9999976222774717 0.001819164316150687 -0.005039892448190601 -0.0018128340279003619 0.9999856382366185 0.01877857619825818 -0.07836418467685746 -0.5221519363399416
FixedParameters: 0 0 0
#Transform 67
Transform: MatrixOffsetTransformBase_double_3_3
Parameters: 0.999986337444179 -0.0013302191759791916 0.004989522386000942 0.0013189737911390627 0.9999970850404752 0.0021992179078510893 -0.0049920144014113585 -0.002192780543890105 0.9999846074995087 0.017529002073203515 -0.12479679639636743 -0.5155446199656701
FixedParameters: 0 0 0
#Transform 68
Transform: MatrixOffsetTransformBase_double_3_3
Parameters: 0.9999869686136731 -0.001864374966278128 0.004749218353302449 0.0018572779887634022 0.9999970170161195 0.0015614793921346348 -0.004752052962052029 -0.0015525238929387924 0.9999881030603136 0.05906716755801256 -0.054357045529187076 -0.5225720019202917
FixedParameters: 0 0 0
#Transform 69
Transform: MatrixOffsetTransformBase_double_3_3
Parameters: 0.999988702939528 -0.002071838570647377 0.004242930816560192 0.0020636917854490403 0.9999953553653503 0.002089793679286342 -0.004247359189034287 -0.002081207003537408 0.9999886488944406 0.1255989276841234 -0.10166383269478274 -0.5678374732228519
FixedParameters: 0 0 0
#Transform 70
Transform: MatrixOffsetTransformBase_double_3_3
Parameters: 0.9999899632257854 -0.0006535082094285956 0.0044281789431745615 0.0006456596177864856 0.9999986701875282 0.0017836836392847583 -0.0044295197690583515 -0.001781319312424437 0.9999889383840798 0.17539585793683443 -0.11096494384426592 -0.46269914891603037
FixedParameters: 0 0 0
#Transform 71
Transform: MatrixOffsetTransformBase_double_3_3
Parameters: 0.9999961357650238 0.00044820988667304556 0.0027683522154974215 -0.0004518349823996256 0.9999986717190336 0.0013932412645264042 -0.0027676026220513125 -0.0013947596742252266 0.9999955775633947 0.13093293237197656 -0.23142407204076676 -0.4485303184112617
FixedParameters: 0 0 0
#Transform 72
Transform: MatrixOffsetTransformBase_double_3_3
Parameters: 0.9999962242267411 0.00012001129819455818 0.002600513295160296 -0.00012303232264373266 0.9999995782582063 0.001153306548683064 -0.002599867338398948 -0.0011536939829779047 0.9999959848379445 0.10836549410497298 -0.19827993051639226 -0.5640259921631312
FixedParameters: 0 0 0
#Transform 73
Transform: MatrixOffsetTransformBase_double_3_3
Parameters: 0.9999958840154617 0.00028467446561714196 0.002834373261246891 -0.000282625786753771 0.9999993517596782 -0.0007123022513188665 -0.002835020639494037 0.000710696729277191 0.999995519790314 0.07822433959793784 -0.09139067316409921 -0.6958578241787556
FixedParameters: 0 0 0
#Transform 74
Transform: MatrixOffsetTransformBase_double_3_3
Parameters: 0.9999960402991703 0.0006709205576928162 0.002740472889003854 -0.0006690810830723423 0.9999998353335313 -0.000721229416284469 -0.0027406888906783096 0.0007187718512613878 0.9999961681628566 0.03467503276937123 -0.07553411738355464 -0.5744396660942961
FixedParameters: 0 0 0
#Transform 75
Transform: MatrixOffsetTransformBase_double_3_3
Parameters: 0.9999971011626202 0.001265719283618352 0.0020729500975428922 -0.0012702846288082659 0.9999964280659372 0.002147206361391471 -0.002069991647105215 -0.0021497906740797212 0.9999954409745044 0.017313354968550243 -0.20069163998479667 -0.24513568532013608
FixedParameters: 0 0 0
#Transform 76
Transform: MatrixOffsetTransformBase_double_3_3
Parameters: 0.9999988073215295 0.0008594074811313655 0.0015666317350401361 -0.0008628305870905646 0.999997513651384 0.0021216217326198855 -0.0015645966297476261 -0.002122377509376369 0.9999962878865137 0.06937372008128762 -0.09119986681953662 -0.25244764581513834
FixedParameters: 0 0 0
#Transform 77
Transform: MatrixOffsetTransformBase_double_3_3
Parameters: 0.9999982278811684 0.0005202944220361143 0.001870845765453879 -0.0005245536383916926 0.9999976378006337 0.001998765866843319 -0.0018703760760867003 -0.0020002339264185015 0.9999965940651918 0.06790472093963729 -0.10166819821236572 -0.24328636767623024
FixedParameters: 0 0 0
#Transform 78
Transform: MatrixOffsetTransformBase_double_3_3
Parameters: 0.999998324595603 0.0003758032616542938 0.0018800984257490749 -0.00037970870231058407 0.9999972397712742 0.0021270324687416714 -0.001878996141683586 -0.0021279660451544585 0.9999960322966129 0.054726683582515534 -0.15395541781543898 -0.24948775547817093
FixedParameters: 0 0 0
#Transform 79
Transform: MatrixOffsetTransformBase_double_3_3
Parameters: 0.9999950770937701 0.0001997897886662627 0.003298990380821841 -0.0002051924096868863 0.9999987637164054 0.0017396989524190026 -0.0032985470433556318 -0.0017403039197744913 0.9999932581510947 0.056439737962577397 -0.10900104580504433 -0.3009803767059722
FixedParameters: 0 0 0
#Transform 80
Transform: MatrixOffsetTransformBase_double_3_3
Parameters: 0.9999944975414438 0.0004436953664196823 0.003362647287343659 -0.00044951298951121375 0.9999985035024397 0.0017678643147029938 -0.003361328528046533 -0.001770136307860784 0.9999927352932736 0.06318236987223713 -0.061691234778507464 -0.3323095759510224
FixedParameters: 0 0 0
#Transform 81
Transform: MatrixOffsetTransformBase_double_3_3
Parameters: 0.9999966181610196 0.0007765438475186403 0.0026037645653846126 -0.0007816563543827483 0.9999985713079935 0.0015766838078420664 -0.002601933444339168 -0.0015783125371896245 0.9999950698340978 0.08198751661713288 -0.16360869626272745 -0.31238472457708966
FixedParameters: 0 0 0
#Transform 82
Transform: MatrixOffsetTransformBase_double_3_3
Parameters: 0.9999962370235257 0.0005318044534221276 0.002545471759560473 -0.0005368241777617756 0.9999974810436035 0.002008246891355134 -0.0025447006286002595 -0.002009751829975384 0.9999946837986946 0.07634699988177829 -0.1620390216258727 -0.3407443948800122
FixedParameters: 0 0 0
#Transform 83
Transform: MatrixOffsetTransformBase_double_3_3
Parameters: 0.9999922418211824 0.00027659450513380557 0.0038319473060972977 -0.00028575417005348707 0.9999976107324581 0.0022470315811304736 -0.0038307010162830636 -0.0022479687043144986 0.9999905285256031 0.04559654721087725 -0.107973687571004 -0.3810866872318712
FixedParameters: 0 0 0
#Transform 84
Transform: MatrixOffsetTransformBase_double_3_3
Parameters: 0.99999806937953 0.00047193536001076733 0.0021697929381895202 -0.00047536140548635314 0.999998301415742 0.0015036995497800243 -0.0021689951446089003 -0.0015042978677555219 0.9999962439276245 0.06726592450206681 -0.15310523476220794 -0.3234029079884664
FixedParameters: 0 0 0
#Transform 85
Transform: MatrixOffsetTransformBase_double_3_3
Parameters: 0.9999963862099065 0.0002685262471733079 0.002746269281885347 -0.00027321187715421605 0.9999985644076217 0.0017788639201793965 -0.0027456887313287042 -0.0017791367014067527 0.999994492102254 0.03750412945055359 -0.11213922688605749 -0.3687552991345271
FixedParameters: 0 0 0
#Transform 86
Transform: MatrixOffsetTransformBase_double_3_3
Parameters: 0.9999948522855248 0.00019424443776753538 0.0033328082394796926 -0.00020133797119331373 0.9999982007382828 0.0021427081984111 -0.003333092516338354 -0.002143295678160878 0.99999246660498 0.06357218013219779 -0.09977545722718162 -0.3779532051580894
FixedParameters: 0 0 0
#Transform 87
Transform: MatrixOffsetTransformBase_double_3_3
Parameters: 0.9999943287482981 -0.0008903789934030985 0.003143037870555714 0.0008851054966705666 0.9999982865895781 0.001768202361320928 -0.0031444505149485595 -0.0017648005782773951 0.9999938010877316 0.0528449039832708 -0.116366710241806 -0.35693506199609004
FixedParameters: 0 0 0
#Transform 88
Transform: MatrixOffsetTransformBase_double_3_3
Parameters: 0.999994925524358 0.000020418094209905034 0.0031737880774973084 -0.000025309241929511256 0.9999984831520495 0.0015713071340445472 -0.003174099418920144 -0.001571691587842386 0.9999935031345045 0.05479352208487853 -0.0406476770760662 -0.40845517279448984
FixedParameters: 0 0 0
#Transform 89
Transform: MatrixOffsetTransformBase_double_3_3
Parameters: 0.9999957516186001 0.0000851506854268465 0.0030398019213724752 -0.00009023137586661478 0.9999990141968325 0.0016722208680150785 -0.0030398918866653296 -0.0016717810989241438 0.9999941462339516 0.05983549892596329 -0.07241337822728156 -0.3737601640459225
FixedParameters: 0 0 0
#Transform 90
Transform: MatrixOffsetTransformBase_double_3_3
Parameters: 0.9999954804636737 -0.0005479498399175145 0.0028672998022690487 0.0005430755222414112 0.9999984483725783 0.0015220789276263053 -0.002867479234196836 -0.0015199182124147892 0.9999944052011925 0.09222650890363582 -0.054099453343908976 -0.3999841264398505
FixedParameters: 0 0 0
#Transform 91
Transform: MatrixOffsetTransformBase_double_3_3
Parameters: 0.999994687382323 -0.00036058521932808257 0.0033440814938907894 0.00035389863962522123 0.9999983745199814 0.0018905889211239119 -0.003344700658299322 -0.0018894090125674279 0.9999921686397993 0.09812520938265834 -0.06207621783396178 -0.39899532389669545
FixedParameters: 0 0 0
#Transform 92
Transform: MatrixOffsetTransformBase_double_3_3
Parameters: 0.9999917274487646 -0.0002975015253449911 0.0041450628162353 0.00028932516878930897 0.9999980908646463 0.0019591137212398024 -0.0041462297183269626 -0.0019578879365657192 0.9999899650959858 0.026073365928127146 -0.11761067856494378 -0.418067025645783
FixedParameters: 0 0 0
#Transform 93
Transform: MatrixOffsetTransformBase_double_3_3
Parameters: 0.9999902134886368 -0.00058663971654288 0.004409302876191878 0.0005788985430322674 0.9999986475873426 0.0017793622111403617 -0.004410400263658819 -0.0017766415544157865 0.9999892432907844 0.03806991283815364 -0.06863888959915698 -0.4423721117850832
FixedParameters: 0 0 0
#Transform 94
Transform: MatrixOffsetTransformBase_double_3_3
Parameters: 0.9999927867874486 -0.00026533016775971544 0.0038910620628122656 0.0002581058875111628 0.9999985417525686 0.001837156737560186 -0.0038921628229248192 -0.0018358428751779898 0.9999904995397644 0.0607238634708267 -0.11549824480732696 -0.4266455136288023
FixedParameters: 0 0 0
#Transform 95
Transform: MatrixOffsetTransformBase_double_3_3
Parameters: 0.9999909934625981 -0.0003085533842044169 0.004232370952485838 0.0002996017787982931 0.999997938196867 0.0019961825247966497 -0.0042326095802746036 -0.00199481550574801 0.9999890911853867 0.06402795466826205 -0.10390220409507833 -0.4383770808017431
FixedParameters: 0 0 0
#Transform 96
Transform: MatrixOffsetTransformBase_double_3_3
Parameters: 0.9999910083404363 -0.000292259571226847 0.0041113927083723184 0.0002852868494675539 0.9999980137417649 0.0017080832339544244 -0.004112518338262532 -0.001706915377812368 0.9999901634595185 0.05358186129322462 -0.08385168209464666 -0.44532582625651074
FixedParameters: 0 0 0
#Transform 97
Transform: MatrixOffsetTransformBase_double_3_3
Parameters: 0.9999909698578632 -0.0004818286850276896 0.004335712262632362 0.0004731741326834464 0.9999978076952084 0.0020288619934956814 -0.0043365521959881905 -0.002027140180696052 0.9999889365426354 0.03816401924007096 -0.12201997626807781 -0.44148922656931333
FixedParameters: 0 0 0
#Transform 98
Transform: MatrixOffsetTransformBase_double_3_3
Parameters: 0.9999898915837151 -0.00042573113869370544 0.004463569674053949 0.0004196802749982552 0.9999986894298566 0.001470663281814874 -0.004464951478914322 -0.0014683380429043186 0.999988883267487 0.03788087611405899 -0.06326332739979534 -0.4569140108977159
FixedParameters: 0 0 0
#Transform 99
Transform: MatrixOffsetTransformBase_double_3_3
Parameters: 0.9999910525276849 -0.000306824584564088 0.004225489406989529 0.0002986319691068055 0.9999987115672201 0.0017921759091180517 -0.004225721005139122 -0.001790824481463879 0.9999899219816533 0.06416890381609619 -0.07632935871519919 -0.44155432615476187
FixedParameters: 0 0 0
#Transform 100
Transform: MatrixOffsetTransformBase_double_3_3
Parameters: 0.9999915711331552 -0.00043403467968215303 0.00415226383593658 0.00042352877054200396 0.9999961749842409 0.0025806766389364633 -0.004153135375843011 -0.0025783224172594987 0.9999880884309763 0.04899815849201161 -0.10910414584267869 -0.4393760368434485
FixedParameters: 0 0 0
#Transform 101
Transform: MatrixOffsetTransformBase_double_3_3
Parameters: 0.9999876491274432 -0.00044542124383712377 0.0049146490939080785 0.00043610983164553814 0.9999985391836086 0.0018567151047412384 -0.004915188402017226 -0.0018552854978166194 0.999986220423211 0.015723042673485566 -0.04878563058370844 -0.46055761262406136
FixedParameters: 0 0 0
#Transform 102
Transform: MatrixOffsetTransformBase_double_3_3
Parameters: 0.9999916455785272 -0.00023361146248371446 0.004159067738883844 0.00022564697558436769 0.9999982336983675 0.0019269719114403533 -0.004159970099829024 -0.0019260266888262434 0.9999889890394277 0.052715675487576164 -0.11356872611230528 -0.4413713865846667
FixedParameters: 0 0 0
#Transform 103
Transform: MatrixOffsetTransformBase_double_3_3
Parameters: 0.9999921000612763 -0.0003498351315360602 0.0040961668297746666 0.00034276112885973475 0.9999979635333948 0.0017123143239288485 -0.004096499131271925 -0.0017106842097587838 0.999990278036848 0.059843929074588686 -0.07118256992509941 -0.4589793290127453
FixedParameters: 0 0 0
#Transform 104
Transform: MatrixOffsetTransformBase_double_3_3
Parameters: 0.9999920377552697 -0.0006617717786302821 0.003940432823070124 0.0006555227357523635 0.9999979326989666 0.0016606273917537384 -0.003940772596040615 -0.0016573718073704252 0.9999906004703876 0.08979778646947523 -0.0755365792196585 -0.43488570967999607
FixedParameters: 0 0 0
#Transform 105
Transform: MatrixOffsetTransformBase_double_3_3
Parameters: 0.9999905867872371 -0.000557652673511663 0.0043705816294828575 0.0005480212064195487 0.999997823828553 0.0022383288932584233 -0.00437183634648133 -0.0022356730331988817 0.9999877545554875 0.046671004140080186 -0.12302517748392461 -0.47394722404605005
FixedParameters: 0 0 0
#Transform 106
Transform: MatrixOffsetTransformBase_double_3_3
Parameters: 0.9999899106740081 -0.0009837175513242175 0.004372973961421521 0.000975926543931032 0.9999976381271601 0.0016731032038732746 -0.00437440291238762 -0.001668892092832358 0.9999886880411215 0.0696850132550253 -0.04365537078913917 -0.46606583978241645
FixedParameters: 0 0 0
#Transform 107
Transform: MatrixOffsetTransformBase_double_3_3
Parameters: 0.9999900540470318 -0.0004509113149952611 0.0044433461528659 0.0004428454951867198 0.9999987051916223 0.0018017774836612266 -0.004443980864157208 -0.0018002251354707483 0.9999888616114856 0.04901323065878671 -0.10650200505556029 -0.4611610156562662
FixedParameters: 0 0 0
#Transform 108
Transform: MatrixOffsetTransformBase_double_3_3
Parameters: 0.9999891832920976 -0.0001971617702689902 0.00466656619973848 0.00018719743755051836 0.9999972877459478 0.0021445356030010687 -0.004667164129033504 -0.002143462388984191 0.9999867020179223 0.050562149261125455 -0.08193643590770705 -0.4848090539489256
FixedParameters: 0 0 0
#Transform 109
Transform: MatrixOffsetTransformBase_double_3_3
Parameters: 0.9999866253842458 -0.00036331730165350376 0.005122552833069708 0.000350722399482865 0.9999971677865913 0.0024042410391976465 -0.005123799157530249 -0.002402757553596438 0.9999839038837153 0.006444626121265173 -0.1101501516461525 -0.45063241640443863
FixedParameters: 0 0 0
#Transform 110
Transform: MatrixOffsetTransformBase_double_3_3
Parameters: 0.9999891749100179 -0.0010070920713037693 0.004561541227409441 0.0009989826548612232 0.9999976766861015 0.0016522730165868665 -0.004563998184900213 -0.0016477214332719786 0.9999880531998926 0.05568834131960898 -0.05745971777893999 -0.49832315850552433
FixedParameters: 0 0 0
#Transform 111
Transform: MatrixOffsetTransformBase_double_3_3
Parameters: 0.9999901613746306 -0.00029074543511718113 0.004330342250297596 0.00028212579789604496 0.9999977818399585 0.002041017313865537 -0.004331406926710032 -0.002039985192756888 0.9999890522012878 0.06983189951911584 -0.07462203259937894 -0.48112881025536325
FixedParameters: 0 0 0
#Transform 112
Transform: MatrixOffsetTransformBase_double_3_3
Parameters: 0.9999895230993509 -0.0005892039246969602 0.0044865756988953474 0.0005812058999738366 0.9999986518512359 0.001777417289675634 -0.004487679407687476 -0.0017745847006278015 0.9999885628554789 0.03753865131760392 -0.06841033869211799 -0.46266344927048664
FixedParameters: 0 0 0
#Transform 113
Transform: MatrixOffsetTransformBase_double_3_3
Parameters: 0.99999073097869 -0.0007285094580851898 0.004329074012993856 0.0007185689033257796 0.9999970565483496 0.002166936153902954 -0.004330118307101397 -0.0021640603760788024 0.9999882956011923 0.04366622782227125 -0.06679366344683046 -0.45891505547698586
FixedParameters: 0 0 0
#Transform 114
Transform: MatrixOffsetTransformBase_double_3_3
