#Insight Transform File V1.0
#Transform 0
Transform: MatrixOffsetTransformBase_double_3_3
Parameters: 0.999996625588385 0.00038838697614266426 0.002494633615324444 -0.00039040131280443266 0.9999995855233643 0.0010247574865960285 -0.0024944622981496684 -0.0010252434680579486 0.9999959388104395 -0.08889964498231961 -0.048648130269697276 -0.39035858256332645
FixedParameters: 0 0 0
#Transform 1
Transform: MatrixOffsetTransformBase_double_3_3
Parameters: 0.999997121166779 0.0002719951446892596 0.0024096753976248315 -0.00027385282724327 0.9999998272373172 0.0010030863308905652 -0.002408762033203982 -0.001003914951200044 0.9999962799004533 -0.05531927767178502 -0.042712156673459845 -0.43980960999682495
FixedParameters: 0 0 0
#Transform 2
Transform: MatrixOffsetTransformBase_double_3_3
Parameters: 0.999994772085439 0.0003267116124111285 0.003181221218865795 -0.00032979959895766903 0.999999643011784 0.0009724273481005602 -0.003181209703818003 -0.0009725726550819658 0.9999942375563409 -0.10489818576067478 -0.04450082340429162 -0.4316423516601553
FixedParameters: 0 0 0
#Transform 3
Transform: MatrixOffsetTransformBase_double_3_3
Parameters: 0.9999965420354204 0.00010873715207589541 0.0027290022249220496 -0.0001108049356215517 1.0000000568395362 0.0009243237090326706 -0.0027284336524780735 -0.0009246782508327417 0.9999957757901935 -0.06595005988994274 -0.01535360583065426 -0.4396439886853436
FixedParameters: 0 0 0
#Transform 4
Transform: MatrixOffsetTransformBase_double_3_3
Parameters: 0.9999978373114259 0.0005604792746781242 0.002202024829461393 -0.0005643275663685475 0.999998981388254 0.0015774912475374353 -0.0022008768232823217 -0.0015785107122949643 0.9999968757428433 -0.06214694993826697 -0.10810691428990538 -0.41130481189216894
FixedParameters: 0 0 0
#Transform 5
Transform: MatrixOffsetTransformBase_double_3_3
Parameters: 0.9999976761894266 0.0005249926017132983 0.0022468664818536908 -0.0005283156471415883 0.999998587900155 0.001428558964463325 -0.0022459877166570463 -0.001430438701463227 0.9999960013449782 -0.04701862922003386 -0.0633655717136179 -0.4214670290831748
FixedParameters: 0 0 0
#Transform 6
Transform: MatrixOffsetTransformBase_double_3_3
Parameters: 0.999996055628809 0.000368245274448008 0.0029679569375289463 -0.0003719257211914763 0.9999988447628756 0.0013093733503470317 -0.002967492755790575 -0.001309626778290121 0.9999947812762584 -0.10539262859295206 -0.06338200180121589 -0.41343873506596296
FixedParameters: 0 0 0
#Transform 7
Transform: MatrixOffsetTransformBase_double_3_3
Parameters: 0.9999956788113101 0.0003619855422276371 0.003031516484944259 -0.00036456859389974217 0.9999994733063965 0.0011003865241343141 -0.0030312216194795967 -0.001101616081321602 0.9999947810935751 -0.07593801857038329 -0.058522857316518184 -0.4130382897132314
FixedParameters: 0 0 0
#Transform 8
Transform: MatrixOffsetTransformBase_double_3_3
Parameters: 0.99999608588463 0.0005484074205645265 0.0029349822747508484 -0.0005525582980703568 0.9999984208639068 0.0014038555036967187 -0.002933941038653722 -0.0014051430554432864 0.999994719771463 -0.12309483790699005 -0.10132671005054306 -0.41467781096461565
FixedParameters: 0 0 0
#Transform 9
Transform: MatrixOffsetTransformBase_double_3_3
Parameters: 0.9999960180220748 0.0005759543051377983 0.0027659166097177613 -0.0005795944084130074 0.9999988631008352 0.0012179937306009136 -0.0027651355147228704 -0.0012190043179809845 0.9999951854323751 -0.09376488492719659 -0.05203918665353058 -0.43693213107887985
FixedParameters: 0 0 0
#Transform 10
Transform: MatrixOffsetTransformBase_double_3_3
Parameters: 0.9999949621671886 0.0007360313753817322 0.0030815054871489458 -0.0007410291234430043 0.9999982877848221 0.0016551819636599213 -0.0030804352198323145 -0.0016568192613842098 0.9999941896911158 -0.12498281115294674 -0.0821586102957923 -0.41563215851958546
FixedParameters: 0 0 0
#Transform 11
Transform: MatrixOffsetTransformBase_double_3_3
Parameters: 0.9999963371662904 0.00026155338411171654 0.0025678040257110977 -0.000265515227042981 0.9999988425511824 0.001374929895298943 -0.0025677062476763966 -0.0013750684566647825 0.9999957133593564 -0.058160533032364015 -0.031154554991488226 -0.4004063267521225
FixedParameters: 0 0 0
#Transform 12
Transform: MatrixOffsetTransformBase_double_3_3
Parameters: 0.9999949040974512 0.0005084656720111141 0.003136534204984491 -0.0005127533251447933 0.9999987867088883 0.0013347641825026263 -0.0031356749238586564 -0.0013372358669780232 0.9999945475864341 -0.12049422236488283 -0.06534165336840658 -0.4221924908006791
FixedParameters: 0 0 0
#Transform 13
Transform: MatrixOffsetTransformBase_double_3_3
Parameters: 0.9999949871211633 0.00015473759416864008 0.0029980933690157674 -0.00015987627736617922 0.9999988856995488 0.0017050158099317786 -0.0029979401549237042 -0.001704986127142441 0.999994287351034 -0.09135286014230815 -0.07383817143909255 -0.4142237726156175
FixedParameters: 0 0 0
#Transform 14
Transform: MatrixOffsetTransformBase_double_3_3
Parameters: 0.9999941078707767 0.0006456552362227466 0.003236378851022754 -0.0006502476832483689 0.9999988635125501 0.0015133609359444244 -0.003235792600016168 -0.0015146411058721554 0.9999936599482091 -0.13555367034072674 -0.10758551521004733 -0.404760534021964
FixedParameters: 0 0 0
#Transform 15
Transform: MatrixOffsetTransformBase_double_3_3
Parameters: 0.9999952439762846 0.0006100538435098919 0.002895182263694828 -0.0006134107212253749 0.9999986127419818 0.0013067012682187462 -0.0028950801994446374 -0.0013083001702644398 0.9999952121110334 -0.1058360242976022 -0.054999200964061856 -0.419613360295898
FixedParameters: 0 0 0
#Transform 16
Transform: MatrixOffsetTransformBase_double_3_3
Parameters: 0.9999953375186724 0.0007877868002985657 0.0030072519018646197 -0.0007932576553012475 0.999998527044836 0.0015892141374496405 -0.00300524231830614 -0.0015917820472099026 0.9999937510842005 -0.13487673512740628 -0.09100516796372915 -0.3863763415821069
FixedParameters: 0 0 0
#Transform 17
Transform: MatrixOffsetTransformBase_double_3_3
Parameters: 0.9999943929024593 0.0008438313135434423 0.0031459316769622808 -0.0008482120480763306 0.9999990305392265 0.0013459162684184428 -0.0031441575640439832 -0.0013480824230026334 0.9999937335360148 -0.11857184136225385 -0.034667268871373835 -0.4340339285641086
FixedParameters: 0 0 0
#Transform 18
Transform: MatrixOffsetTransformBase_double_3_3
Parameters: 0.9999951370081248 0.00046642567079222674 0.0031052766507093437 -0.0004716829850415745 0.9999992718357789 0.001524030393420639 -0.0031053436504212004 -0.0015259706192596173 0.9999942139070764 -0.11099879801444956 -0.07928215108292136 -0.41450833334626935
FixedParameters: 0 0 0
#Transform 19
Transform: MatrixOffsetTransformBase_double_3_3
Parameters: 0.9999949807871726 0.00036608367886841077 0.0029806783458796115 -0.0003699229525073988 0.9999993271562431 0.0011633892331480294 -0.002980448574094849 -0.001164610052897544 0.9999949438324899 -0.10797513589108121 -0.030492401139568415 -0.40339394815475416
FixedParameters: 0 0 0
#Transform 20
Transform: MatrixOffsetTransformBase_double_3_3
Parameters: 0.9999943863067898 0.00039307026599472356 0.0032341809074351658 -0.0003976223846546261 0.999998455927009 0.001489086623459479 -0.0032333859740650583 -0.0014909125857912597 0.9999934901669246 -0.11225375465468801 -0.09293883097286937 -0.40515057249357156
FixedParameters: 0 0 0
#Transform 21
Transform: MatrixOffsetTransformBase_double_3_3
Parameters: 0.9999965125642567 0.0006950202525952531 0.0026468628168011916 -0.0006984009030369904 0.9999993086206571 0.0014108854544209876 -0.0026454003746771604 -0.00141311589469989 0.9999952164446342 -0.07385271973402041 -0.05101982487451551 -0.43335514400807185
FixedParameters: 0 0 0
#Transform 22
Transform: MatrixOffsetTransformBase_double_3_3
Parameters: 0.999993678846989 0.0010041491551062212 0.0033632736794955765 -0.001011331629320188 0.9999975279331216 0.002006067331548539 -0.003361473006486755 -0.0020099306708382253 0.9999920867570591 -0.1331609482306959 -0.12717416591208064 -0.3906178274318357
FixedParameters: 0 0 0
#Transform 23
Transform: MatrixOffsetTransformBase_double_3_3
Parameters: 0.9999959118492325 0.0006306519492204241 0.0029481371915408023 -0.0006343444156437539 0.9999985527409914 0.0013196070811125477 -0.0029469718332323126 -0.0013213925388981668 0.9999948716587428 -0.11129142377293988 -0.035940959611579615 -0.41787700496011837
FixedParameters: 0 0 0
#Transform 24
Transform: MatrixOffsetTransformBase_double_3_3
Parameters: 0.9999951034923744 0.0010310654078667003 0.0027988482563141653 -0.0010364005257528857 0.9999977009100112 0.0017046987975251615 -0.002796817734996622 -0.0017082981285067717 0.9999945782860613 -0.09861123687829831 -0.08561122673189914 -0.3964140487335328
FixedParameters: 0 0 0
#Transform 25
Transform: MatrixOffsetTransformBase_double_3_3
Parameters: 0.9999948459655768 0.0008075066763655594 0.0030827099086402354 -0.0008134374518023695 0.9999980308007655 0.0019670802001198334 -0.0030807737633550113 -0.0019689201333052547 0.9999930690893495 -0.10994423227045047 -0.11818387797322316 -0.3892660883243906
FixedParameters: 0 0 0
#Transform 26
Transform: MatrixOffsetTransformBase_double_3_3
Parameters: 0.999993603637833 0.0004900883821723374 0.0034865081506876778 -0.0004965659154505556 0.9999976392726578 0.0019595104581014294 -0.003485705817942748 -0.001961490704083857 0.999992277211358 -0.10714326454952072 -0.05007987949566939 -0.3789455360392502
FixedParameters: 0 0 0
#Transform 27
Transform: MatrixOffsetTransformBase_double_3_3
Parameters: 0.9999941361208398 0.0008652104326874646 0.003333655386265396 -0.0008713156321416962 0.999998347162927 0.0018625642359012679 -0.003332664918995308 -0.001865438881570869 0.9999928399336806 -0.11974524762136696 -0.10715550445615918 -0.3803691729828067
FixedParameters: 0 0 0
#Transform 28
Transform: MatrixOffsetTransformBase_double_3_3
Parameters: 0.9999963398106119 0.0007369084511499091 0.00266811092617887 -0.0007399569852641875 0.9999983447983078 0.0013376225629157523 -0.0026666392111067507 -0.00133937680767314 0.9999954118404291 -0.06025162435288678 -0.0468858781894852 -0.39473701087710467
FixedParameters: 0 0 0
#Transform 29
Transform: MatrixOffsetTransformBase_double_3_3
Parameters: 0.9999951734263899 0.0007234424400654606 0.0028814917473548862 -0.0007281838520957928 0.9999981740500606 0.0017255012367659028 -0.002880361258244036 -0.0017274981613115553 0.999994037755213 -0.11833226198855584 -0.10606316623656653 -0.36800652588150484
FixedParameters: 0 0 0
#Transform 30
Transform: MatrixOffsetTransformBase_double_3_3
Parameters: 0.9999958177610115 0.0007361088197769051 0.0029392303613078328 -0.000740579346307493 0.9999989535022022 0.0014764229393326583 -0.0029385461701245063 -0.0014785776513379228 0.9999944982329734 -0.09422326661555758 -0.06069889343422119 -0.4080035078482922
FixedParameters: 0 0 0
#Transform 31
Transform: MatrixOffsetTransformBase_double_3_3
Parameters: 0.9999942254847829 0.0006411299672638368 0.0032192227544459947 -0.0006479950765753842 0.9999981621690714 0.0020283974868264554 -0.0032178603464734965 -0.0020306034108300564 0.9999928255427647 -0.10488369131331865 -0.09908797601050878 -0.3803104234458061
FixedParameters: 0 0 0
#Transform 32
Transform: MatrixOffsetTransformBase_double_3_3
Parameters: 0.9999947057459387 0.00033989292309965705 0.003343525599375992 -0.00034535275209227013 0.9999992280028798 0.0015762210611544453 -0.0033428281658857153 -0.0015777809889555017 0.9999935038650444 -0.08595630489180905 -0.06976762029228212 -0.39783985643488506
FixedParameters: 0 0 0
#Transform 33
Transform: MatrixOffsetTransformBase_double_3_3
Parameters: 0.9999941215387107 0.0005847110003024134 0.003396605532756517 -0.0005913241542122943 0.9999982345265005 0.0020313560972440164 -0.003395347242282427 -0.0020336486269877663 0.9999926248575122 -0.11032944464923844 -0.11273704215504665 -0.41236738613458
FixedParameters: 0 0 0
#Transform 34
Transform: MatrixOffsetTransformBase_double_3_3
Parameters: 0.9999948008975417 0.0005368801034416734 0.003303378357897014 -0.000541132582443993 0.9999984228551417 0.0014125701371975746 -0.0033022377861066463 -0.0014144293436129801 0.9999933820655071 -0.08395259118458398 -0.050785057222867636 -0.4314694916778947
FixedParameters: 0 0 0
#Transform 35
Transform: MatrixOffsetTransformBase_double_3_3
Parameters: 0.9999944380272345 0.0004330503703155487 0.0033724949222405116 -0.00043849804250121143 0.999998130540565 0.0018728969353456748 -0.003371993644444153 -0.0018751050447983891 0.9999922837047901 -0.08676719789690424 -0.10020583817457407 -0.40906684211485356
FixedParameters: 0 0 0
#Transform 36
Transform: MatrixOffsetTransformBase_double_3_3
Parameters: 0.9999921097762369 0.0005037714505364201 0.003825663273484235 -0.000510412299591658 0.9999980940902932 0.0018071551685509696 -0.003824961633551629 -0.0018088470281083652 0.9999914779243292 -0.08430856537621878 -0.12152586670276833 -0.4222225334669538
FixedParameters: 0 0 0
#Transform 37
Transform: MatrixOffsetTransformBase_double_3_3
Parameters: 0.999994091471359 0.0019228807790924955 0.002685157490255143 -0.0019288277386632494 0.9999960787771667 0.002143758088592476 -0.0026812431587252892 -0.002149241566161725 0.9999937977346776 0.08291364618915509 -0.03890171919550767 -0.37289926930366946
FixedParameters: 0 0 0
#Transform 38
Transform: MatrixOffsetTransformBase_double_3_3
Parameters: 0.9999933117305532 0.002431775474159222 0.002602728693933931 -0.002436656747608826 0.9999950251668506 0.0018157002171867304 -0.002598348245081341 -0.0018222971305598412 0.9999946690201943 0.0658183739556506 -0.10560537702998829 -0.36653660335345606
FixedParameters: 0 0 0
#Transform 39
Transform: MatrixOffsetTransformBase_double_3_3
Parameters: 0.9999955412001349 0.0023963406697480347 0.0019272960148169135 -0.002401300650586529 0.9999946605612559 0.0022495655831107214 -0.0019220813688947465 -0.0022544345593289022 0.9999957375936926 -0.021224309102962025 -0.15720635365919122 -0.3551018787345974
FixedParameters: 0 0 0
#Transform 40
Transform: MatrixOffsetTransformBase_double_3_3
Parameters: 0.9999946178111561 0.0015692438296905174 0.00298697462371888 -0.0015756674083537779 0.9999965480273123 0.002319111310296315 -0.0029827907908704346 -0.002323888987275702 0.9999922910139091 -0.13596069367726216 -0.17415148902635735 -0.4177159400460937
FixedParameters: 0 0 0
#Transform 41
Transform: MatrixOffsetTransformBase_double_3_3
Parameters: 0.9999965053892831 0.002064440252252671 0.0017981565441987102 -0.002067561716891968 0.9999959921543697 0.001831365266675447 -0.00179418508375571 -0.0018356342631247885 0.9999967897731636 -0.017886335811724052 -0.11200376601721018 -0.42454416447198895
FixedParameters: 0 0 0
#Transform 42
Transform: MatrixOffsetTransformBase_double_3_3
Parameters: 0.9999949170076046 0.0013537856603994427 0.002872691075898193 -0.0013586107530657845 0.9999969539267369 0.001938684982537353 -0.002869672721599563 -0.0019433173828686257 0.9999944280887029 -0.0831821766155656 -0.1097098447070124 -0.41821533487083684
FixedParameters: 0 0 0
#Transform 43
Transform: MatrixOffsetTransformBase_double_3_3
Parameters: 0.9999954919268269 0.0017383571117236664 0.002546578863641462 -0.0017432528089760188 0.9999969883627076 0.0018354948938754667 -0.002543664104549355 -0.0018395045636239726 0.9999947507310334 -0.02984188783774755 -0.06392350826320126 -0.4356430536233482
FixedParameters: 0 0 0
#Transform 44
Transform: MatrixOffsetTransformBase_double_3_3
Parameters: 0.9999935880303717 0.0018470737179026389 0.003162475085876532 -0.0018531669689882335 0.9999960965448654 0.0021568093456466875 -0.0031585940341656077 -0.002162195902584138 0.9999931645518056 -0.05448276419062381 -0.08259254139203165 -0.4141980056142671
FixedParameters: 0 0 0
#Transform 45
Transform: MatrixOffsetTransformBase_double_3_3
Parameters: 0.9999926429353891 0.0012224171929638252 0.0035864051108670794 -0.0012300222798211718 0.999996830292158 0.0022340313203436657 -0.0035839166690980143 -0.0022379696680886185 0.9999908132007791 -0.05142996532187283 -0.08342362189719665 -0.42797272232061445
FixedParameters: 0 0 0
#Transform 46
Transform: MatrixOffsetTransformBase_double_3_3
Parameters: 0.9999917299647706 0.0012918005235978596 0.0038213166151162313 -0.001301569404249675 0.9999963569013502 0.0025093541791740837 -0.0038176753990288186 -0.002514647444797291 0.9999897527003035 -0.06649190111221515 -0.11193681397391231 -0.4417923476817762
FixedParameters: 0 0 0
#Transform 47
Transform: MatrixOffsetTransformBase_double_3_3
Parameters: 0.9999914631075303 0.0013147856652118315 0.0038483282243406917 -0.0013222365709974647 0.999996942277255 0.001916112655361471 -0.0038453923103527778 -0.001921886733283265 0.99999115567267 -0.034348383922250036 -0.06660494096280445 -0.45611348170440635
FixedParameters: 0 0 0
#Transform 48
Transform: MatrixOffsetTransformBase_double_3_3
Parameters: 0.9999903141242326 0.0013115198471867588 0.00423888437773592 -0.0013192736925524142 0.9999968149470171 0.0018924600103731037 -0.004235901688559068 -0.0018975388700861184 0.9999893170879239 -0.08463002248535645 -0.13080777300530144 -0.4347052194201595
FixedParameters: 0 0 0
#Transform 49
Transform: MatrixOffsetTransformBase_double_3_3
Parameters: 0.9999904627174665 0.0012427280411572406 0.004122223233438316 -0.0012524816606720314 0.9999962732196821 0.0023240272105267273 -0.0041192914644598115 -0.002328968896466166 0.9999883642377244 -0.05769129617074498 -0.13811919476599144 -0.45636527330057675
FixedParameters: 0 0 0
#Transform 50
Transform: MatrixOffsetTransformBase_double_3_3
Parameters: 0.999991334428693 0.0008826481812041274 0.004109373288574823 -0.0008922396221548004 0.9999972903490417 0.0022975385958791117 -0.004107173624518976 -0.0023004601173784583 0.9999884732204958 -0.07755011043525428 -0.1481978394421617 -0.4365807207592951
FixedParameters: 0 0 0
#Transform 51
Transform: MatrixOffsetTransformBase_double_3_3
Parameters: 0.9999892539370541 0.0011064586010663242 0.00453028892178334 -0.0011172814995028693 0.9999971007265106 0.0022188912907927377 -0.004527229673290602 -0.002224105454790612 0.9999872830274709 -0.0741019098791611 -0.09414824445471481 -0.45853989522865746
FixedParameters: 0 0 0
#Transform 52
Transform: MatrixOffsetTransformBase_double_3_3
Parameters: 0.9999922852866374 0.0011730804486799035 0.0037864370699603805 -0.0011797647537934918 0.9999969804752071 0.001993852961239495 -0.0037847360065634116 -0.0019981477413296006 0.9999903367391482 -0.06366127482155548 -0.14837535798727686 -0.4013529110282299
FixedParameters: 0 0 0
#Transform 53
Transform: MatrixOffsetTransformBase_double_3_3
Parameters: 0.9999902258617883 0.0008720845436750816 0.004360121200030859 -0.0008824399712344568 0.9999969494859147 0.0023801202314529396 -0.004358693396618678 -0.0023838825657890306 0.9999879284491048 -0.07342300057989348 -0.13696549427129412 -0.43007507823585556
FixedParameters: 0 0 0
#Transform 54
Transform: MatrixOffsetTransformBase_double_3_3
Parameters: 0.999991595801155 0.0015766201518514456 0.003730283069517523 -0.0015850565347494546 0.9999961147103353 0.0021415153232949707 -0.0037276124754577226 -0.0021474807393651596 0.999990283290758 -0.014472614011410201 -0.10485575234537237 -0.3894113875270726
FixedParameters: 0 0 0
#Transform 55
Transform: MatrixOffsetTransformBase_double_3_3
Parameters: 0.9999914615329454 0.0008217151009183467 0.0039828848528154865 -0.0008310638927426054 0.9999973187224762 0.002339909869366219 -0.003980895671102427 -0.002343091147685411 0.9999891775033389 -0.05529821277863789 -0.10354582414265678 -0.44313951888074854
FixedParameters: 0 0 0
#Transform 56
Transform: MatrixOffsetTransformBase_double_3_3
Parameters: 0.9999898766100888 0.0008457620017847865 0.004517298185297882 -0.0008540054874141749 0.9999983144934111 0.0018301048816254106 -0.004516186885433354 -0.0018338959389643666 0.9999878496261022 -0.0504043592764134 -0.07835435145995007 -0.43914505132852
FixedParameters: 0 0 0
#Transform 57
Transform: MatrixOffsetTransformBase_double_3_3
Parameters: 0.9999906888673025 0.0010477423364800152 0.004267909475299333 -0.0010570247998581829 0.999997408176782 0.002175560342367752 -0.00426520714180606 -0.0021794418852625064 0.9999887976163968 -0.073332510235673 -0.10958703165168515 -0.39862236087525815
FixedParameters: 0 0 0
#Transform 58
Transform: MatrixOffsetTransformBase_double_3_3
Parameters: 0.9999929973313182 0.0012933785810023265 0.0036509998968427227 -0.001302475157648895 0.9999958990350166 0.0023985680986514935 -0.003647762459146521 -0.0024034292458208345 0.9999905686407298 -0.0032296897213797138 -0.1006886202452506 -0.4164960800516937
FixedParameters: 0 0 0
#Transform 59
Transform: MatrixOffsetTransformBase_double_3_3
Parameters: 0.9999882018633951 0.0009431595175544776 0.0046806481457798655 -0.0009544072197302469 0.9999960034891374 0.002524366935059419 -0.004678361669082629 -0.002528631908328874 0.9999854318797083 -0.07328661944812609 -0.13938569302671056 -0.4224834586341508
FixedParameters: 0 0 0
#Transform 60
Transform: MatrixOffsetTransformBase_double_3_3
Parameters: 0.9999908184555891 0.000952734553106559 0.004156300692873478 -0.0009617685777031843 0.9999965953949826 0.002204084681881241 -0.0041539580975178386 -0.0022079114232706754 0.9999884901415809 -0.04254894037944723 -0.10303504498634197 -0.4324120203872788
FixedParameters: 0 0 0
#Transform 61
Transform: MatrixOffsetTransformBase_double_3_3
Parameters: 0.9999888408682094 0.0009905591785876592 0.004601854579117854 -0.0010019227545984399 0.9999961712373782 0.002472223569965501 -0.0045995537780004715 -0.0024767756867754426 0.9999864232456533 -0.07277885838601605 -0.1456931581662957 -0.4247134429483772
FixedParameters: 0 0 0
#Transform 62
Transform: MatrixOffsetTransformBase_double_3_3
Parameters: 0.9999875029823071 0.0006049026556796763 0.00491233378268247 -0.0006170666834978657 0.9999968740980496 0.002486580930462695 -0.00491080871294423 -0.0024894221349453655 0.9999852484937903 -0.05871666859479774 -0.09981841507597267 -0.44158911670970724
FixedParameters: 0 0 0
#Transform 63
Transform: MatrixOffsetTransformBase_double_3_3
Parameters: 0.9999899388403712 0.0010216614419867977 0.00447436801415967 -0.001031413795053208 0.99999719842035 0.0022383380019215388 -0.004471527022201132 -0.002242664661969332 0.9999877006680072 -0.0273869106684117 -0.11735716413404873 -0.4109813180348745
FixedParameters: 0 0 0
#Transform 64
Transform: MatrixOffsetTransformBase_double_3_3
Parameters: 0.9999880097907469 0.000853573541920134 0.004823051824607923 -0.0008638970923815104 0.9999969954190585 0.0021355442123284774 -0.004821139659389534 -0.0021394532322721455 0.9999858764996036 -0.04247738219778796 -0.12612182061867827 -0.42486096885597746
FixedParameters: 0 0 0
#Transform 65
Transform: MatrixOffsetTransformBase_double_3_3
Parameters: 0.9999868542090034 0.0009154327349034573 0.005129288457857251 -0.0009274048809572948 0.999997326020915 0.002264839925775239 -0.005126746871077611 -0.0022701591868850846 0.9999842449946947 -0.04072199164188817 -0.08189064286510472 -0.4450229882309067
FixedParameters: 0 0 0
#Transform 66
Transform: MatrixOffsetTransformBase_double_3_3
Parameters: 0.9999868739700318 0.0009482898514676042 0.005121425052854707 -0.0009609987881310107 0.9999967946355638 0.002340660551944318 -0.005118588639959539 -0.002345334979755434 0.9999840999572464 -0.050912074060832424 -0.1303097892296563 -0.4386928037155329
FixedParameters: 0 0 0
#Transform 67
Transform: MatrixOffsetTransformBase_double_3_3
Parameters: 0.9999895330227986 0.001244266547443462 0.0044631154903938515 -0.0012549077812617439 0.9999961433253287 0.002356352129853481 -0.0044599701458566164 -0.0023626456954758818 0.9999872551471196 -0.005033256073389225 -0.07468918145974612 -0.42326513705069146
FixedParameters: 0 0 0
#Transform 68
Transform: MatrixOffsetTransformBase_double_3_3
Parameters: 0.9999884460614978 0.0011779830575245629 0.0047085099864544455 -0.001188430232483697 0.9999969127408338 0.0022002235255770553 -0.0047050556931532775 -0.0022057767333693162 0.999986826833221 -0.003782395694102547 -0.09066722825102147 -0.4206778185680591
FixedParameters: 0 0 0
#Transform 69
Transform: MatrixOffsetTransformBase_double_3_3
Parameters: 0.9999882803458185 0.0012607022214617724 0.004596811791943625 -0.0012700683215819168 0.9999969187716968 0.002149099659030748 -0.00459411703462545 -0.002154902821117577 0.999987099297324 -0.016012027359892045 -0.08918697965717115 -0.40889915411609934
FixedParameters: 0 0 0
#Transform 70
Transform: MatrixOffsetTransformBase_double_3_3
Parameters: 0.9999899455055937 0.001622228167786728 0.004174203828834347 -0.0016310572242469548 0.9999961987844844 0.0020643671202654756 -0.004170471231922482 -0.0020716301860966985 0.9999891934268812 0.06869364259060262 -0.01715622554354468 -0.40220169869115807
FixedParameters: 0 0 0
#Transform 71
Transform: MatrixOffsetTransformBase_double_3_3
Parameters: 0.999988821128853 0.002175257768954154 0.004294558789289014 -0.002186070447753695 0.9999952158616712 0.0023949939027124306 -0.004289944724178932 -0.0024040083759777064 0.9999880899780579 0.0723383582313204 -0.11279043603539662 -0.3625392886149008
FixedParameters: 0 0 0
#Transform 72
Transform: MatrixOffsetTransformBase_double_3_3
Parameters: 0.9999913136697093 0.0026263582082192813 0.0032846762003558914 -0.0026351377848211166 0.9999927193061025 0.0026922342542798766 -0.0032774539163574353 -0.0027007650140003225 0.9999910520503646 0.06069256231374709 -0.2122780311080703 -0.3695786159609078
FixedParameters: 0 0 0
#Transform 73
Transform: MatrixOffsetTransformBase_double_3_3
Parameters: 0.9999920374643624 0.002283774826892982 0.0034273819446416958 -0.0022926836409286624 0.9999949450180259 0.0024179244113519127 -0.003421399905162993 -0.002426075637660105 0.9999913602113112 0.07317578355326759 -0.19189904395811652 -0.4261049974574398
FixedParameters: 0 0 0
#Transform 74
Transform: MatrixOffsetTransformBase_double_3_3
Parameters: 0.9999896307697294 0.0020466311191570147 0.004145198352225686 -0.002058395319714053 0.9999944327165587 0.0027018788721399484 -0.004138824613428585 -0.0027111171009127216 0.9999875476747306 0.035347061630886856 -0.183715527258272 -0.4506387813385295
FixedParameters: 0 0 0
#Transform 75
Transform: MatrixOffsetTransformBase_double_3_3
Parameters: 0.9999862884433577 0.0017511885333049944 0.004964335103501079 -0.001763541371898072 0.9999953569839886 0.002514148461704821 -0.0049599760386304535 -0.002522851371979093 0.9999842456673442 0.047206404850825834 -0.14924724259535083 -0.47331447905867563
FixedParameters: 0 0 0
#Transform 76
Transform: MatrixOffsetTransformBase_double_3_3
Parameters: 0.9999870007291788 0.0013363421681126743 0.005021016408654708 -0.0013492201378996142 0.9999962260205773 0.002427901627398296 -0.005018109937810831 -0.0024340983346773787 0.9999849550896128 0.020253947865739974 -0.13106572976597874 -0.4480028385893817
FixedParameters: 0 0 0
#Transform 77
Transform: MatrixOffsetTransformBase_double_3_3
Parameters: 0.9999851605938878 0.0014233382714472444 0.00527406194827024 -0.0014338714663763544 0.999996463348725 0.0020769741982192835 -0.005270747105403282 -0.002084026579030243 0.9999840402093407 0.04038228570668423 -0.07326268177595807 -0.46809814386113047
FixedParameters: 0 0 0
#Transform 78
Transform: MatrixOffsetTransformBase_double_3_3
Parameters: 0.9999842368243238 0.0016079367408352056 0.005307922399125572 -0.001620781357566509 0.999996444503333 0.002397062948006401 -0.005304661414889911 -0.002405941596268099 0.9999832578005875 0.03414953725750536 -0.10238471834377094 -0.43811278574108314
FixedParameters: 0 0 0
#Transform 79
Transform: MatrixOffsetTransformBase_double_3_3
Parameters: 0.9999847187316726 0.0012937239997027946 0.0054413663589938125 -0.0013078368816612112 0.9999952360079655 0.0026273082925100805 -0.005437779463256537 -0.002633689611738682 0.999981643536885 0.03772293474564492 -0.1269074794970777 -0.46279034359118754
FixedParameters: 0 0 0
#Transform 80
Transform: MatrixOffsetTransformBase_double_3_3
Parameters: 0.9999810353147577 0.0014345514849212664 0.00599195018895166 -0.0014467555973533125 0.9999963167009245 0.00205936221311577 -0.005989504860426555 -0.002067638500518207 0.9999802024583722 0.035305041156561856 -0.08041795582840905 -0.46372644889072134
FixedParameters: 0 0 0
#Transform 81
Transform: MatrixOffsetTransformBase_double_3_3
Parameters: 0.9999818553115521 0.0013075921816470618 0.00586809443374264 -0.0013221265331165857 0.9999959018289979 0.0024714141281660523 -0.0058648423856735915 -0.0024785848084109136 0.9999797021058906 0.030757539137354684 -0.16297759818696989 -0.47249939959525733
FixedParameters: 0 0 0
#Transform 82
Transform: MatrixOffsetTransformBase_double_3_3
Parameters: 0.9999790419742844 0.0012895813542189937 0.006347974987250669 -0.0013039055702139762 0.9999972158475202 0.0021796406660648943 -0.006344697942224455 -0.002187356899493259 0.9999772906765524 0.028648845769311038 -0.12570045908073268 -0.4996311374278797
FixedParameters: 0 0 0
#Transform 83
Transform: MatrixOffsetTransformBase_double_3_3
Parameters: 0.9999814476478991 0.0013573961217188382 0.00589170291268892 -0.001372396001668284 0.9999961755819987 0.002585210829630702 -0.005887770108335294 -0.002592790199077183 0.9999788660766978 0.0708060033834812 -0.15715197682048654 -0.46799476084871827
FixedParameters: 0 0 0
#Transform 84
Transform: MatrixOffsetTransformBase_double_3_3
Parameters: 0.9999800919403267 0.001282775154755235 0.006185854266755172 -0.0012992086948964995 0.9999960182345352 0.0026580235730431084 -0.006181993778009308 -0.002665975839739626 0.9999769010531894 0.048513717370369136 -0.16874780814153212 -0.47659234577126597
FixedParameters: 0 0 0
#Transform 85
Transform: MatrixOffsetTransformBase_double_3_3
Parameters: 0.9999803078697898 0.0008886431588312995 0.006237276164145776 -0.0009027212309681126 0.9999977757986847 0.002110207957178506 -0.006235006186650881 -0.002115788998515278 0.9999786024411836 0.05850185938246 -0.10739983991662427 -0.465484488119138
FixedParameters: 0 0 0
#Transform 86
Transform: MatrixOffsetTransformBase_double_3_3
Parameters: 0.9999797324961067 0.0011152893456001203 0.006326685823182352 -0.0011308054275040007 0.999996576261272 0.002438662491886609 -0.006323342952082475 -0.0024453383572019677 0.9999772293639703 0.05170292326066317 -0.1350003817100145 -0.4793532428786982
FixedParameters: 0 0 0
#Transform 87
Transform: MatrixOffsetTransformBase_double_3_3
Parameters: 0.9999788082408876 0.0013431753850834762 0.0063550065368635595 -0.0013583732723289207 0.999996391400398 0.0023331683630619243 -0.006351948162418645 -0.002341831627355462 0.9999774888979761 0.04636936117668711 -0.09855201073541764 -0.47626310469260247
FixedParameters: 0 0 0
#Transform 88
Transform: MatrixOffsetTransformBase_double_3_3
Parameters: 0.9999780846675158 0.0015092478570471368 0.006374938554052317 -0.001521947842688437 0.9999973701021393 0.0019641978250518333 -0.006371477823187055 -0.001973803110628586 0.9999779605508712 0.06795350827204061 -0.06267300957918565 -0.46313637192269397
FixedParameters: 0 0 0
#Transform 89
Transform: MatrixOffsetTransformBase_double_3_3
Parameters: 0.9999807888343517 0.0012022989904529567 0.0060632557757862625 -0.0012161708178770167 0.9999969519326385 0.0023366938745686405 -0.006060851853206732 -0.002344310509367259 0.9999788808914957 0.06496068501111552 -0.1256817649729811 -0.4646449717544314
FixedParameters: 0 0 0
#Transform 90
Transform: MatrixOffsetTransformBase_double_3_3
Parameters: 0.9999779343388036 0.0009580619124470862 0.006568718214817915 -0.000972549495192408 0.9999968509158422 0.002270199522339575 -0.006566471066997425 -0.0022768024261755476 0.9999757456868419 0.06397346836429563 -0.07952462989931064 -0.4739623753949296
FixedParameters: 0 0 0
#Transform 91
Transform: MatrixOffsetTransformBase_double_3_3
Parameters: 0.9999781380890395 0.0012955878546762447 0.00641707006030266 -0.0013089909900916169 0.9999965844526214 0.002093393811541569 -0.006414985333247057 -0.002101603897456894 0.9999767545249326 0.06096695542026964 -0.09789976521213362 -0.4542350844293672
FixedParameters: 0 0 0
#Transform 92
Transform: MatrixOffsetTransformBase_double_3_3
Parameters: 0.9999783626526964 0.0011239285323229895 0.006509475412300334 -0.001137599882788101 0.9999972148648141 0.002075284284618756 -0.006507159533000999 -0.002082714255127918 0.9999765032052644 0.053318034274496995 -0.1009121767982748 -0.48155434028747024
FixedParameters: 0 0 0
#Transform 93
Transform: MatrixOffsetTransformBase_double_3_3
Parameters: 0.9999801672156344 0.001073540280436514 0.006219288293736417 -0.0010879882889586103 0.9999967429071238 0.0022350584532630224 -0.006216835551252765 -0.00224193854835035 0.9999784024384596 0.07658652545656253 -0.0960392835725088 -0.46707214116828055
FixedParameters: 0 0 0
#Transform 94
Transform: MatrixOffsetTransformBase_double_3_3
Parameters: 0.9999783457261666 0.001216467133174125 0.006416454186526043 -0.001230094049886595 0.9999973764351847 0.0021889063243413637 -0.006414346610231622 -0.002196100991414096 0.9999773550488649 0.06908194229761477 -0.12404021688161038 -0.45706520029600384
FixedParameters: 0 0 0
#Transform 95
Transform: MatrixOffsetTransformBase_double_3_3
Parameters: 0.9999770113211973 0.001026294086126543 0.006777355363284959 -0.0010404298137380633 0.9999976526405004 0.00202739960133419 -0.006775543688371024 -0.002034599716819546 0.9999751086545023 0.05683268337027414 -0.09345299521096706 -0.4673595004373112
FixedParameters: 0 0 0
#Transform 96
Transform: MatrixOffsetTransformBase_double_3_3
Parameters: 0.9999766378459394 0.0014158845902721502 0.006659997839023881 -0.001427279416230377 0.9999976219772428 0.001707148473083564 -0.0066577599146827185 -0.0017168514571184318 0.9999761539086258 0.0776755109261984 -0.0625808855763097 -0.4495719827211495
FixedParameters: 0 0 0
#Transform 97
Transform: MatrixOffsetTransformBase_double_3_3
Parameters: 0.999975886656874 0.0008911568667928054 0.006878784645342016 -0.0009068487717924287 0.9999970722091133 0.0022551123209434837 -0.006876865946459334 -0.00226188598024972 0.9999736126715826 0.06180878669961487 -0.12553022226545352 -0.4677845550827797
FixedParameters: 0 0 0
#Transform 98
Transform: MatrixOffsetTransformBase_double_3_3
Parameters: 0.9999785418546782 0.001254448077850822 0.0064714071083718586 -0.0012713583415781546 0.9999953891217311 0.002586457207655893 -0.006468869307564443 -0.0025945404751438472 0.9999757311902543 0.07788664428025527 -0.1389807099628797 -0.45507270938919575
FixedParameters: 0 0 0
#Transform 99
Transform: MatrixOffsetTransformBase_double_3_3
Parameters: 0.9999756634750401 0.0009617433554392427 0.006957669015258157 -0.000975035088884857 0.9999979663870757 0.001985547351688474 -0.006956080734166076 -0.0019924582658973067 0.9999737847294503 0.07718370061699886 -0.06770414470678077 -0.46267605682348645
FixedParameters: 0 0 0
#Transform 100
Transform: MatrixOffsetTransformBase_double_3_3
Parameters: 0.9999762673438065 0.0010128863765252905 0.006760508260297079 -0.0010298228696398895 0.9999963201162582 0.0025425002195317847 -0.006758198413534068 -0.0025495026942891907 0.999973982815537 0.04818514446104416 -0.11162002459266773 -0.4579771627996472
FixedParameters: 0 0 0
#Transform 101
Transform: MatrixOffsetTransformBase_double_3_3
Parameters: 0.9999761292661855 0.0008258272780488594 0.006796061349149302 -0.0008413363995196433 0.9999971221225453 0.002269632768740551 -0.006794414823303234 -0.002275368803827879 0.9999746784931403 0.06906257946835126 -0.08092461727966338 -0.4601856909014579
FixedParameters: 0 0 0
#Transform 102
Transform: MatrixOffsetTransformBase_double_3_3
Parameters: 0.9999759790486645 0.001281480439829259 0.006736560126462455 -0.001297200992799615 0.9999958499972078 0.00246081153863692 -0.006733094553249164 -0.002469191131724724 0.9999739764335145 0.06171497184502073 -0.10716977912700543 -0.45673287679909436
FixedParameters: 0 0 0
#Transform 103
Transform: MatrixOffsetTransformBase_double_3_3
Parameters: 0.9999756052808264 0.0007682769528960231 0.006913944742960801 -0.0007842972500025719 0.999996906154313 0.002339810251160049 -0.00691232807257934 -0.002345192585135117 0.9999737243596292 0.060427155177677605 -0.07871521541935067 -0.4687847687180273
FixedParameters: 0 0 0
#Transform 104
Transform: MatrixOffsetTransformBase_double_3_3
Parameters: 0.9999763624803847 0.0008533643761659973 0.006775629206132048 -0.0008702662998237206 0.9999962090231764 0.0024524561726551874 -0.006773417057924245 -0.002458540226211642 0.9999740943468668 0.055908249427815804 -0.09337174389641234 -0.4495544253557462
FixedParameters: 0 0 0
#Transform 105
Transform: MatrixOffsetTransformBase_double_3_3
Parameters: 0.9999769103729913 0.0011680477434290503 0.0067620849976088825 -0.001186740410159283 0.9999961650201519 0.0026715475221857354 -0.006758675643427274 -0.00267944967058982 0.999973428565691 0.06918645704185167 -0.11435237557738276 -0.46687184727333886
FixedParameters: 0 0 0
#Transform 106
Transform: MatrixOffsetTransformBase_double_3_3
Parameters: 0.999977533200363 0.001249021772989079 0.0065505198625705795 -0.0012665811839314102 0.999995954354571 0.002671393879484396 -0.006546680240341341 -0.0026796085270358594 0.9999752620542077 0.0952523499757234 -0.09659748994798179 -0.4457345148015257
FixedParameters: 0 0 0
#Transform 107
Transform: MatrixOffsetTransformBase_double_3_3
Parameters: 0.9999762413790306 0.0011302183499644855 0.006817687147127209 -0.0011484051361931053 0.9999955803336879 0.0026126187213386665 -0.006814616012981656 -0.002620374979717774 0.9999729687306566 0.08131091966617987 -0.15152374514831024 -0.4470686383639446
FixedParameters: 0 0 0
#Transform 108
Transform: MatrixOffsetTransformBase_double_3_3
Parameters: 0.9999731160122726 0.0012604767872269216 0.007231283243063321 -0.001277203950861809 0.9999969360647162 0.0022239403742655983 -0.007228762645133173 -0.002233055978969417 0.9999712473851156 0.10758159532957734 -0.07367298700944502 -0.4660688602198455
FixedParameters: 0 0 0
#Transform 109
Transform: MatrixOffsetTransformBase_double_3_3
Parameters: 0.9999773174461524 0.0010750062521241398 0.00667292753136662 -0.0010930905473239539 0.9999961477659782 0.002736293687496019 -0.006669755957237275 -0.002743710965863122 0.9999741542680125 0.10330594494448064 -0.1378270259557297 -0.4486457087247082
FixedParameters: 0 0 0
#Transform 110
Transform: MatrixOffsetTransformBase_double_3_3
Parameters: 0.9999739087314531 0.001089884351186052 0.007134306614553965 -0.0011088857299507674 0.9999961074789966 0.002701291878797335 -0.007131998627735295 -0.0027087143986891937 0.9999711669684201 0.1003595202843286 -0.0878042884584147 -0.4764162963397993
FixedParameters: 0 0 0
#Transform 111
Transform: MatrixOffsetTransformBase_double_3_3
Parameters: 0.9999756408368528 0.00151113139983224 0.00686096335949391 -0.0015276434794509266 0.9999963293025631 0.002409058496500943 -0.006857631513671014 -0.002419944726515022 0.9999736517453065 0.10889151893626092 -0.08041023051328011 -0.44378092882826436
FixedParameters: 0 0 0
#Transform 112
Transform: MatrixOffsetTransformBase_double_3_3
Parameters: 0.9999761810353531 0.0013608399260426418 0.006705566663888863 -0.0013785855814155454 0.9999956404015458 0.002632298065641192 -0.006702227585611706 -0.00264070520510043 0.9999746381742777 0.10575760575356696 -0.14610861870852432 -0.45484709306534654
FixedParameters: 0 0 0
#Transform 113
Transform: MatrixOffsetTransformBase_double_3_3
Parameters: 0.9999708748531684 0.00144989277669155 0.007551711901653129 -0.0014646340685920817 0.9999971983599564 0.0019888436733693643 -0.007548040938895711 -0.0020001594397792005 0.9999697203009514 0.15113766951706964 -0.07822095630592685 -0.482779290021945
FixedParameters: 0 0 0
#Transform 114
Transform: MatrixOffsetTransformBase_double_3_3
