#Insight Transform File V1.0
#Transform 0
Transform: MatrixOffsetTransformBase_double_3_3
Parameters: 0.999998749270183 -0.0014968105566923965 -0.00010222673608189438 0.0014968436226397558 0.9999978732225888 0.001367969486029283 0.00010011651070543455 -0.0013680304397569315 0.9999991331958372 -0.16591704536692475 -0.07351194718098952 -0.40745462802264854
FixedParameters: 0 0 0
#Transform 1
Transform: MatrixOffsetTransformBase_double_3_3
Parameters: 0.999997772653437 -0.00164003501321691 -0.0012398255715413851 0.001637797171763994 0.9999966420723301 -0.0018489422560468288 0.0012431491242923208 0.0018470553764293185 0.9999973003645736 -0.07071410000806111 0.1133152874728296 -0.6210712058416199
FixedParameters: 0 0 0
#Transform 2
Transform: MatrixOffsetTransformBase_double_3_3
Parameters: 0.9999978403733878 -0.0015219228437007223 -0.0016864730350089599 0.0015183513456462408 0.9999969663025409 -0.0020854897874617584 0.0016892059288279224 0.0020835110981305555 0.9999961837679812 -0.058340415048121486 0.09397129251607339 -0.6005814141275678
FixedParameters: 0 0 0
#Transform 3
Transform: MatrixOffsetTransformBase_double_3_3
Parameters: 0.9999975974342347 -0.001580514695310474 -0.0013800714605843054 0.001578359653261735 0.9999975884398232 -0.0016320908098341746 0.0013824897019514607 0.0016299100265317473 0.999997688661641 -0.05006052077307288 0.019063777626783462 -0.6206146402776724
FixedParameters: 0 0 0
#Transform 4
Transform: MatrixOffsetTransformBase_double_3_3
Parameters: 0.9999970634910461 -0.002357726558656097 -0.0011738598587104302 0.002354539453354057 0.9999938869178995 -0.0025095609874440927 0.0011799667328310857 0.0025064394819489244 0.9999965964023746 -0.044124484645109874 0.089130940198757 -0.6908093872917114
FixedParameters: 0 0 0
#Transform 5
Transform: MatrixOffsetTransformBase_double_3_3
Parameters: 0.9999968848734515 -0.0020442366151003388 -0.0009675780840314166 0.0020417409417713152 0.999994339946439 -0.0026867708079282293 0.0009728415275638067 0.002685230980664241 0.9999961156855564 -0.08052466715128048 0.07463602028980176 -0.6770275033660482
FixedParameters: 0 0 0
#Transform 6
Transform: MatrixOffsetTransformBase_double_3_3
Parameters: 0.9999963919501434 -0.0021367659205499987 -0.0014290977735098428 0.0021342975098960684 0.999996066102788 -0.0017278579712153574 0.001432745346171382 0.0017251411324440136 0.9999973642301178 -0.05396075395744049 -0.002460414418550272 -0.6670877564625286
FixedParameters: 0 0 0
#Transform 7
Transform: MatrixOffsetTransformBase_double_3_3
Parameters: 0.999996137395481 -0.0024644677750494098 -0.0008887882989769282 0.0024618750556884557 0.9999937898783873 -0.0024208625166179526 0.0008948766904770981 0.0024191353892933226 0.999996634684905 -0.06466051062190559 0.019535122734254173 -0.7035110161286191
FixedParameters: 0 0 0
#Transform 8
Transform: MatrixOffsetTransformBase_double_3_3
Parameters: 0.999996651844241 -0.002426885048608528 -0.001207463774966404 0.0024229649231487147 0.9999922771949814 -0.0032506069030122653 0.0012156462584020716 0.003247397382450501 0.9999942625390882 -0.05472151985233609 0.1031410389769718 -0.6883269612565854
FixedParameters: 0 0 0
#Transform 9
Transform: MatrixOffsetTransformBase_double_3_3
Parameters: 0.9999959935521414 -0.0022952268323327236 -0.0013180454307533827 0.0022918914753743062 0.9999932420749257 -0.0026668311731190136 0.0013246827816979384 0.0026641646301910904 0.9999955416579168 -0.047896568546590856 0.08119403513228463 -0.6692325830393919
FixedParameters: 0 0 0
#Transform 10
Transform: MatrixOffsetTransformBase_double_3_3
Parameters: 0.9999973609380499 -0.0017108732484008712 -0.001308547633671131 0.0017082866278108628 0.9999976918777463 -0.0014601483083785394 0.0013116729819519068 0.0014578513383296382 0.9999984116916744 -0.05688296082288957 0.04054526435123762 -0.6838124493056235
FixedParameters: 0 0 0
#Transform 11
Transform: MatrixOffsetTransformBase_double_3_3
Parameters: 0.9999971855008388 -0.0016866011108139344 -0.0017233331401847012 0.001681905401098743 0.9999945777298228 -0.0026889505053331736 0.0017279107864891768 0.002686048609828587 0.9999951624140271 -0.04163046987521568 0.07357861925611076 -0.6702666111016242
FixedParameters: 0 0 0
#Transform 12
Transform: MatrixOffsetTransformBase_double_3_3
Parameters: 0.9999991962746237 -0.001295046398888497 -0.0003550187175285477 0.0012941294545119246 0.999993081404896 -0.0033534619767445206 0.00035985194631605596 0.0033525365172886734 0.9999946295838466 -0.10672617365722203 0.0825428755208435 -0.7123198849939669
FixedParameters: 0 0 0
#Transform 13
Transform: MatrixOffsetTransformBase_double_3_3
Parameters: 0.999998425152224 -0.0012410884252425948 -0.0014265830968247647 0.0012339413771992774 0.999989173913592 -0.004492783372496922 0.0014323538382393075 0.004490215675363118 0.9999889038591353 -0.050832375787010164 0.0792484815924297 -0.6881950169429842
FixedParameters: 0 0 0
#Transform 14
Transform: MatrixOffsetTransformBase_double_3_3
Parameters: 0.9999985651302535 -0.001148851860729986 -0.001454293204708539 0.0011421067470397978 0.999990578335739 -0.0042276996721679755 0.0014596237627936607 0.004226302421525871 0.9999902515373982 -0.03277194043337772 0.09228882724646326 -0.6793635990170372
FixedParameters: 0 0 0
#Transform 15
Transform: MatrixOffsetTransformBase_double_3_3
Parameters: 0.9999986639904804 -0.0011327128795575138 -0.0014328008354092144 0.001127389609051525 0.9999921885568611 -0.00379763619790352 0.0014370279737418751 0.0037953634332552194 0.99999164848272 -0.055220987870399085 0.05737906286675809 -0.663068117979055
FixedParameters: 0 0 0
#Transform 16
Transform: MatrixOffsetTransformBase_double_3_3
Parameters: 0.9999980946051866 -0.0014300225770569428 -0.0013642554178809685 0.001424035940241455 0.9999914264703488 -0.003909858212265624 0.001369944190738593 0.003908138929563099 0.9999911074375608 -0.037000563648419416 0.08282951865460575 -0.6332227020027474
FixedParameters: 0 0 0
#Transform 17
Transform: MatrixOffsetTransformBase_double_3_3
Parameters: 0.9999990599981176 -0.0011377624839926978 -0.0008035474238584132 0.0011348479587240483 0.9999935264479854 -0.0033449146359525173 0.0008074206191416735 0.0033430840836060627 0.9999941688095252 -0.04710630106696101 0.13109804855216112 -0.678328502705984
FixedParameters: 0 0 0
#Transform 18
Transform: MatrixOffsetTransformBase_double_3_3
Parameters: 0.9999994289047547 -0.0009115170254058978 -0.0008609277841996194 0.0009078733436699906 0.9999934737911153 -0.0035468015060309693 0.0008636538303192489 0.0035462029604917122 0.9999937996845333 -0.07044252636438841 0.08575649948150499 -0.6587255343734775
FixedParameters: 0 0 0
#Transform 19
Transform: MatrixOffsetTransformBase_double_3_3
Parameters: 0.9999986061563771 -0.0009645147513903257 -0.00120974453327386 0.0009605863127623509 0.9999939705101175 -0.003462183898710086 0.0012129255938322333 0.003460822251119558 0.9999936715746632 -0.05793715209311756 0.1438194762274918 -0.6980915349419341
FixedParameters: 0 0 0
#Transform 20
Transform: MatrixOffsetTransformBase_double_3_3
Parameters: 0.9999988468239965 -0.001529200202633853 -0.0009026790721992589 0.0015258917375088863 0.9999909874177162 -0.003943277021393715 0.000908141613908524 0.003941723124276278 0.9999917726477451 -0.037061516897594515 0.13451536084964744 -0.6596753559817472
FixedParameters: 0 0 0
#Transform 21
Transform: MatrixOffsetTransformBase_double_3_3
Parameters: 0.9999983938976574 -0.0012894087542002011 -0.0009709740690569916 0.0012865803048990368 0.9999912547600373 -0.0038692680885671904 0.0009754715330097442 0.003867731371047664 0.9999922084238917 -0.04116317518754897 0.08735964978174593 -0.6461024686269567
FixedParameters: 0 0 0
#Transform 22
Transform: MatrixOffsetTransformBase_double_3_3
Parameters: 0.9999990915035047 -0.0012642792450909923 -0.000556647493137988 0.0012622759744135208 0.9999904556129572 -0.004220601540781882 0.0005615993358249278 0.0042204011055146234 0.9999910104633914 -0.04421481845027131 0.1832762230965983 -0.6776769197224297
FixedParameters: 0 0 0
#Transform 23
Transform: MatrixOffsetTransformBase_double_3_3
Parameters: 0.9999991810534725 -0.0008128462128437182 -0.001076274817724222 0.0008085313583769791 0.9999916609204696 -0.00406989090656755 0.0010793903398372642 0.004069113629779242 0.9999913983019852 -0.04146861556633041 0.13855995823905687 -0.6503018677241634
FixedParameters: 0 0 0
#Transform 24
Transform: MatrixOffsetTransformBase_double_3_3
Parameters: 0.9999996133188659 -0.0009961272749778132 -0.0006274837002520902 0.0009942831020061202 0.9999903840422077 -0.004314504611052289 0.0006314732498364238 0.004313493616664568 0.9999900079064742 -0.04179014918919677 0.17018830648414962 -0.6700449324420248
FixedParameters: 0 0 0
#Transform 25
Transform: MatrixOffsetTransformBase_double_3_3
Parameters: 0.9999983681719855 -0.001489650560885754 -0.0006421907985483957 0.0014872755137772878 0.9999910816260783 -0.003945854656490624 0.0006482247854664726 0.0039451461372185526 0.9999921524605779 -0.016549877502129107 0.15910081834844902 -0.6733657173805483
FixedParameters: 0 0 0
#Transform 26
Transform: MatrixOffsetTransformBase_double_3_3
Parameters: 0.9999986675245012 -0.0017750903706127432 -0.00042540326630115927 0.0017739327772088563 0.9999924088491482 -0.0033626542193211095 0.0004315035008068083 0.003362345848912679 0.9999946457801417 -0.030258033791284333 0.10995540756839262 -0.6768276689056556
FixedParameters: 0 0 0
#Transform 27
Transform: MatrixOffsetTransformBase_double_3_3
Parameters: 0.9999988293615811 -0.0012596940914251153 -0.0007647037142590623 0.001256107797797807 0.99999041687948 -0.004108980001202786 0.0007693284007967657 0.004108020634902995 0.9999916527744692 0.01732797343100856 0.22262208167030906 -0.6997401793648166
FixedParameters: 0 0 0
#Transform 28
Transform: MatrixOffsetTransformBase_double_3_3
Parameters: 0.9999998569605496 -0.000842663574042751 -0.000658285789685316 0.0008389086521461746 0.9999890468832691 -0.004715434900317228 0.0006624880070416809 0.004714566335127693 0.9999883473618666 -0.01336732875772384 0.15847838657377622 -0.6837613290428948
FixedParameters: 0 0 0
#Transform 29
Transform: MatrixOffsetTransformBase_double_3_3
Parameters: 0.9999987730106602 -0.0013782461031515625 -0.0005721624398024815 0.0013762303854631668 0.9999901293654133 -0.004223686222272358 0.0005770919447620155 0.004223315645403541 0.9999909675539765 -0.03556112847276438 0.1459072052376058 -0.670045825891787
FixedParameters: 0 0 0
#Transform 30
Transform: MatrixOffsetTransformBase_double_3_3
Parameters: 0.9999998283562347 -0.000948345623589567 -0.0005218226789861287 0.0009460965934409971 0.999988730534562 -0.004623496592397941 0.0005258617426660897 0.004622504207758046 0.9999893533190672 -0.013285494070046866 0.2179480983530624 -0.7242085297135183
FixedParameters: 0 0 0
#Transform 31
Transform: MatrixOffsetTransformBase_double_3_3
Parameters: 0.9999995523749046 -0.0005354058842021453 -0.0004010072689306874 0.0005346638916581265 0.9999927592321498 -0.0038491089894833602 0.0004023926158638167 0.003849891367035535 0.9999921557284387 -0.038735806288073604 0.14042428833440113 -0.6808599555521191
FixedParameters: 0 0 0
#Transform 32
Transform: MatrixOffsetTransformBase_double_3_3
Parameters: 0.9999999554754521 -0.00015221211759951372 0.00014613850529004164 0.00015351655293049346 0.9999898702952505 -0.004483977084116714 -0.00014476760377366487 0.004484021562786711 0.9999898724716966 -0.05179840080869269 0.193331598983022 -0.7272628424228671
FixedParameters: 0 0 0
#Transform 33
Transform: MatrixOffsetTransformBase_double_3_3
Parameters: 0.9999999650097612 -0.00014486568034171728 0.00011777070407958805 0.00014598078696733975 0.9999911619450234 -0.004220983576461584 -0.00011753558469541897 0.004221017803695493 0.9999911692178929 -0.04725161734035055 0.17557838710921203 -0.7058741744874837
FixedParameters: 0 0 0
#Transform 34
Transform: MatrixOffsetTransformBase_double_3_3
Parameters: 0.9999994818767264 -0.0007043666229910072 -0.00014893380748275196 0.0007034667033389766 0.9999908055848481 -0.004207106032594055 0.00015187895473324996 0.004206894292116667 0.999991278431268 -0.017056819135930823 0.1956364257231229 -0.6933347654058863
FixedParameters: 0 0 0
#Transform 35
Transform: MatrixOffsetTransformBase_double_3_3
Parameters: 0.9999995251710022 -0.0006532260429726666 0.0002187713186468845 0.0006545197031777218 0.9999901878517834 -0.0044168441373016315 -0.00021609513776610942 0.004416158198815301 0.9999903261698574 -0.022198749063051082 0.179570955052327 -0.6856972432098125
FixedParameters: 0 0 0
#Transform 36
Transform: MatrixOffsetTransformBase_double_3_3
Parameters: 0.9999994791612017 0.0001355123414599041 0.000708875178257342 -0.00013264524011187057 0.9999912831084947 -0.004207095291532403 -0.0007093763851088073 0.004206905141333525 0.9999907981916175 -0.023085667455035264 0.1303304931238216 -0.7265528812441246
FixedParameters: 0 0 0
#Transform 37
Transform: MatrixOffsetTransformBase_double_3_3
Parameters: 0.9999988884747258 0.0006876212295125821 0.000799466756859709 -0.000683362338274284 0.9999841074407199 -0.005517670384952017 -0.0008025552780754228 0.005516330292771668 0.9999849059725247 0.03701253454782716 0.3148210213882976 -0.7754984552885595
FixedParameters: 0 0 0
#Transform 38
Transform: MatrixOffsetTransformBase_double_3_3
Parameters: 0.9999989452844711 0.0008709051057909484 0.0011385816916303407 -0.0008649814852214118 0.9999867390821866 -0.005039002790486483 -0.0011429746359582491 0.005037992819860435 0.9999864329116653 0.04587822654289653 0.16566920789105666 -0.7781830299506929
FixedParameters: 0 0 0
#Transform 39
Transform: MatrixOffsetTransformBase_double_3_3
Parameters: 0.9999994474526287 0.0004079443946751443 0.0006211491837230742 -0.0004054626285855899 0.9999898305913757 -0.004583256413149148 -0.000623257570080006 0.004582750314451503 0.9999896088262543 0.05630426982706638 0.10446338716880632 -0.7513512134323044
FixedParameters: 0 0 0
#Transform 40
Transform: MatrixOffsetTransformBase_double_3_3
Parameters: 0.99999972884664 0.00015132878382987562 0.0004983064785070865 -0.00014939954532058433 0.9999915910423609 -0.004048072878880343 -0.0004987750243226069 0.0040479229608287315 0.9999913650767687 0.04888017032159553 0.06121241073186923 -0.7103042544873333
FixedParameters: 0 0 0
#Transform 41
Transform: MatrixOffsetTransformBase_double_3_3
Parameters: 0.9999997050755939 0.00009843729772297055 0.0005344078829739671 -0.00009577836331380052 0.9999935225914498 -0.0035310495288427834 -0.0005342229816962533 0.0035309457634092184 0.9999932464993816 0.03571536149782162 0.07917590331005897 -0.7422885973770903
FixedParameters: 0 0 0
#Transform 42
Transform: MatrixOffsetTransformBase_double_3_3
Parameters: 0.9999996303652703 0.00014554558153740275 0.0005902315823302941 -0.00014367638357078575 0.9999912801721007 -0.004207086064935778 -0.0005908214076728041 0.004206915279161422 0.9999909523296076 0.048337768352112676 0.1209224759012244 -0.7201914931591098
FixedParameters: 0 0 0
#Transform 43
Transform: MatrixOffsetTransformBase_double_3_3
Parameters: 0.9999991045986549 0.000444271232839388 0.0008354351045713458 -0.0004415145397068079 0.9999929206590278 -0.0035745054634298973 -0.0008369818754798325 0.0035744931399090407 0.9999936297571226 0.04059733841791058 0.08895943747600654 -0.7006531220038639
FixedParameters: 0 0 0
#Transform 44
Transform: MatrixOffsetTransformBase_double_3_3
Parameters: 0.9999986713135115 -0.00003750577419913269 0.0015252547489091814 0.00004291224245287366 0.9999931450172526 -0.003724059720027678 -0.001525686492701895 0.003723940479326518 0.9999917898312138 0.022980719427536656 0.1545177243539939 -0.7422572824737337
FixedParameters: 0 0 0
#Transform 45
Transform: MatrixOffsetTransformBase_double_3_3
Parameters: 0.9999982496213201 0.0002946986778385295 0.0016321059119686935 -0.0002877008763981728 0.999991475321905 -0.004041608060556132 -0.0016332058158604226 0.004041385579072729 0.9999901067249078 0.0061154077295668685 0.14258637438268806 -0.7106422697222712
FixedParameters: 0 0 0
#Transform 46
Transform: MatrixOffsetTransformBase_double_3_3
Parameters: 0.9999994207669696 0.0002329869925352965 0.0012350907878108362 -0.0002283590357596957 0.9999919962406061 -0.0039804224528088294 -0.0012355514354583268 0.003980580923240412 0.9999917356146247 0.020887038720758255 0.1273956727846297 -0.7094395241879141
FixedParameters: 0 0 0
#Transform 47
Transform: MatrixOffsetTransformBase_double_3_3
Parameters: 0.9999989261396779 0.0002074275674804806 0.001425387976185133 -0.0002011656636958553 0.9999916715945314 -0.004022425844475916 -0.0014256558006499433 0.004022571766569297 0.9999908933947138 0.04169624265377081 0.16285199759286684 -0.7254921874160196
FixedParameters: 0 0 0
#Transform 48
Transform: MatrixOffsetTransformBase_double_3_3
Parameters: 0.9999983601048502 0.0002709346255902304 0.001602134982153144 -0.00026444765993092995 0.9999922773730155 -0.00395854991947725 -0.0016030001621657555 0.003957450014355782 0.999990751060871 0.024682563401356106 0.09310355906453083 -0.7353373079357581
FixedParameters: 0 0 0
#Transform 49
Transform: MatrixOffsetTransformBase_double_3_3
Parameters: 0.9999985599123008 -0.0004777519639999582 0.001792154499689785 0.0004850065778225325 0.9999924552016862 -0.003930242994603719 -0.0017902159932042462 0.003930755271058406 0.9999902069113102 0.04439908633865741 0.06466267188757513 -0.7246181430660847
FixedParameters: 0 0 0
#Transform 50
Transform: MatrixOffsetTransformBase_double_3_3
Parameters: 0.9999976151787853 -0.0008661144181535769 0.0019060670135181063 0.0008740971745709981 0.9999927595183894 -0.0038224491177360487 -0.0019032440074963815 0.0038245514273404085 0.9999906172152291 0.06663467105012444 0.10168269940174923 -0.7214977656974746
FixedParameters: 0 0 0
#Transform 51
Transform: MatrixOffsetTransformBase_double_3_3
Parameters: 0.9999951798410405 -0.0015573842002349777 0.002528278178638522 0.0015684433344284087 0.9999902699661313 -0.004204375168430002 -0.0025224251324253598 0.0042086323885068 0.9999885203243373 0.03271579514756695 0.07983370968108261 -0.7064032461896979
FixedParameters: 0 0 0
#Transform 52
Transform: MatrixOffsetTransformBase_double_3_3
Parameters: 0.999995071786944 -0.00154455010652254 0.0027466601709050594 0.0015542716037580762 0.999991534284944 -0.003670186788497523 -0.0027405904206821144 0.003674810280329538 0.9999895628427034 0.059908602410132517 0.07817668990321636 -0.7247443400773008
FixedParameters: 0 0 0
#Transform 53
Transform: MatrixOffsetTransformBase_double_3_3
Parameters: 0.9999955832947339 -0.0017132606249143727 0.002545645061460226 0.0017212134719231977 0.9999933394445469 -0.0031979370961655595 -0.0025407142447972713 0.00320206467462103 0.9999917637438395 0.0820653284235533 0.07385878686757508 -0.7268800839493963
FixedParameters: 0 0 0
#Transform 54
Transform: MatrixOffsetTransformBase_double_3_3
Parameters: 0.999993101370555 -0.0017538334406878118 0.0032897096586052294 0.0017635958941261808 0.9999940566194134 -0.0029177476999882046 -0.0032846258270428233 0.0029232490631071195 0.9999899860246207 0.055979753672204424 0.03619396189236568 -0.7066531251536645
FixedParameters: 0 0 0
#Transform 55
Transform: MatrixOffsetTransformBase_double_3_3
Parameters: 0.9999952409964423 -0.0019881865631606955 0.0024092982266843152 0.0019951139574944125 0.9999939513048521 -0.002753387811585642 -0.002404136015199914 0.002758609512021379 0.9999930985612493 0.09510669257613813 0.06956735259190339 -0.7054483502462574
FixedParameters: 0 0 0
#Transform 56
Transform: MatrixOffsetTransformBase_double_3_3
Parameters: 0.9999965044032224 -0.0013790534433212461 0.0021435241503764244 0.0013863874281753658 0.9999937971678817 -0.003248251625101825 -0.0021383671437664 0.003251747885970352 0.9999925821469484 0.1089445810969778 0.10549809069526361 -0.7240490394177215
FixedParameters: 0 0 0
#Transform 57
Transform: MatrixOffsetTransformBase_double_3_3
Parameters: 0.9999938902364056 -0.001433498003228311 0.0033248476040097256 0.0014418927265379509 0.9999950868840042 -0.0026989052236078698 -0.0033212760240483555 0.002704097955530338 0.9999912070649266 0.04609873387713037 0.05164912983030945 -0.7060105582215677
FixedParameters: 0 0 0
#Transform 58
Transform: MatrixOffsetTransformBase_double_3_3
Parameters: 0.999992998909102 -0.0012548923219986127 0.00352482188694734 0.001265630567773491 0.9999947342258155 -0.003019240827094427 -0.0035215242851836604 0.003023758702675003 0.9999890056546833 0.03414657496183793 0.08425196721711359 -0.7405292161669053
FixedParameters: 0 0 0
#Transform 59
Transform: MatrixOffsetTransformBase_double_3_3
Parameters: 0.9999955085195453 -0.0004057994588356254 0.002885178601977781 0.0004125221655626765 0.9999973788795484 -0.0023473041734521083 -0.002885102809975512 0.002348697469938335 0.9999931033895442 0.10644626855425088 0.13295984569677444 -0.7474380089749282
FixedParameters: 0 0 0
#Transform 60
Transform: MatrixOffsetTransformBase_double_3_3
Parameters: 0.9999993756739463 0.0007859885565465424 0.00008073547822712223 -0.0007858914386540917 0.9999979826109981 -0.002093943774474985 -0.00008204190959582846 0.002094057767130661 0.9999976233769229 0.2035634597488638 -0.0482879945185033 -0.742737683242435
FixedParameters: 0 0 0
#Transform 61
Transform: MatrixOffsetTransformBase_double_3_3
Parameters: 0.9999993860919587 0.0005748067872939553 0.000532121831735019 -0.0005738511369314996 0.9999956240114716 -0.002987323418679133 -0.0005338121056452877 0.002987681523267033 0.9999959117111099 0.16481180493411784 -0.07652319266048835 -0.7862104182743934
FixedParameters: 0 0 0
#Transform 62
Transform: MatrixOffsetTransformBase_double_3_3
Parameters: 0.9999985942571422 0.0006314849625081426 0.0017342799649465571 -0.0006259899902907759 0.9999946494421245 -0.003119240271348536 -0.001735833749997221 0.003118757151181442 0.9999934884373721 0.07409801133943006 -0.06278013090722823 -0.8390087878564074
FixedParameters: 0 0 0
#Transform 63
Transform: MatrixOffsetTransformBase_double_3_3
Parameters: 0.9999991931600852 -0.0002533193903723287 0.0013202067160042164 0.00025715421058433306 0.9999962881456343 -0.0025807823349987963 -0.0013192547883234104 0.002581214108056562 0.9999955818735882 0.0792425920121218 -0.04446975417275212 -0.774532351051846
FixedParameters: 0 0 0
#Transform 64
Transform: MatrixOffsetTransformBase_double_3_3
Parameters: 0.9999962607364522 -0.0006696925039200215 0.002508205460870505 0.0006774256033426139 0.9999950925036888 -0.0031006593867810017 -0.0025059948566386113 0.0031023407067941877 0.9999919295491876 0.028650886577594292 0.08432611053467554 -0.8056655215617141
FixedParameters: 0 0 0
#Transform 65
Transform: MatrixOffsetTransformBase_double_3_3
Parameters: 0.9999972849422049 -0.0008716786664355927 0.002225931630425964 0.0008766850500924833 0.9999964616610844 -0.0026302837155524478 -0.002224168973393435 0.0026327197888100645 0.999993973643836 0.07006910516460607 0.1067351507440577 -0.747225888750819
FixedParameters: 0 0 0
#Transform 66
Transform: MatrixOffsetTransformBase_double_3_3
Parameters: 0.9999984438081468 0.000037648232779402405 0.0018852008631574993 -0.000041404999661627963 0.9999975745224473 0.0020816686381166932 -0.001885541386122921 -0.0020813312336298018 0.9999962039845006 0.10442594745222777 -0.1643694538660867 -0.3411670688224113
FixedParameters: 0 0 0
#Transform 67
Transform: MatrixOffsetTransformBase_double_3_3
Parameters: 0.9999987703664517 0.00026582230574912977 0.0014693121332313907 -0.000269102877947161 0.999998092073703 0.002171592539260317 -0.0014687774829138696 -0.0021714080773608258 0.999996247451024 0.10759133744673477 -0.06862163843462099 -0.3957351983774835
FixedParameters: 0 0 0
#Transform 68
Transform: MatrixOffsetTransformBase_double_3_3
Parameters: 0.9999983275276086 -0.0001986020183583834 0.0019060992548827452 0.00019396083526184333 0.9999966457920144 0.0025191319525218053 -0.0019064787768608737 -0.0025188674615512774 0.9999949909832925 0.08445664952589027 -0.13262362049800913 -0.38902892943553624
FixedParameters: 0 0 0
#Transform 69
Transform: MatrixOffsetTransformBase_double_3_3
Parameters: 0.9999972524695006 -0.000378664687398702 0.0021455681177363255 0.00037403950359621817 0.9999968118129848 0.0024655653467980654 -0.0021466923246079342 -0.0024644337879921457 0.999994288175821 0.09310181896150027 -0.16901813560514256 -0.4134785183231422
FixedParameters: 0 0 0
#Transform 70
Transform: MatrixOffsetTransformBase_double_3_3
Parameters: 0.9999975089569976 0.0007741153902010162 0.0019728816544869175 -0.0007788486141551281 0.9999953280106726 0.0028021978000538766 -0.001970775108436031 -0.0028038032457518847 0.9999944672771393 0.1438248582632724 -0.17387133288407597 -0.41053878464132865
FixedParameters: 0 0 0
#Transform 71
Transform: MatrixOffsetTransformBase_double_3_3
Parameters: 0.9999973304147506 0.0016069156403360754 0.0017573251688207646 -0.0016101507106805683 0.999996539715512 0.0018721305445038722 -0.0017539100195693607 -0.001874867612558534 0.9999967706822316 0.13783104222325449 -0.18698367171984387 -0.43411681686213655
FixedParameters: 0 0 0
#Transform 72
Transform: MatrixOffsetTransformBase_double_3_3
Parameters: 0.9999986606421994 0.0009581006212407077 0.001556267915385613 -0.0009600683297012179 0.9999980560001469 0.0016674782010169947 -0.0015546878952366519 -0.0016685212853727038 0.9999970401865221 0.1660759102222613 -0.18817965462537245 -0.48017606226834175
FixedParameters: 0 0 0
#Transform 73
Transform: MatrixOffsetTransformBase_double_3_3
Parameters: 0.9999917903320786 -0.0008766959270938648 0.004055127110982374 0.0008845252981450761 0.9999978170735386 -0.001943489996508993 -0.004052676473010187 0.001946511959899408 0.9999904071652957 0.09422006518930459 -0.01772921125964899 -0.4212108137908004
FixedParameters: 0 0 0
#Transform 74
Transform: MatrixOffsetTransformBase_double_3_3
Parameters: 0.9999896178249725 -0.0017736452552400998 0.004151655115533769 0.0017727525904832496 0.9999985678126416 0.00011146754667423764 -0.004152036350588098 -0.00010353021863633571 0.9999910269002249 0.053052851354266295 -0.0951456456092643 -0.4251780550750901
FixedParameters: 0 0 0
#Transform 75
Transform: MatrixOffsetTransformBase_double_3_3
Parameters: 0.9999919216020126 -0.00206169370972402 0.0035816663356153804 0.002060110979724924 0.9999973361777834 0.00048474574493899414 -0.0035824126431897906 -0.0004772545210489365 0.9999931227001925 0.11031159969806481 -0.040924844320059606 -0.4693966030640553
FixedParameters: 0 0 0
#Transform 76
Transform: MatrixOffsetTransformBase_double_3_3
Parameters: 0.9999927582844647 -0.001697943578695074 0.0035156561284553274 0.001696315502214536 0.9999985671449861 0.0004993160249222028 -0.0035161050967500267 -0.0004936851882470644 0.9999936981123969 0.12898201899324135 -0.025521536784793852 -0.48149701417963797
FixedParameters: 0 0 0
#Transform 77
Transform: MatrixOffsetTransformBase_double_3_3
Parameters: 0.999990253303289 -0.0015171807626068678 0.004177134531899423 0.0015126255942426504 0.9999980904576823 0.0011133000740531918 -0.0041779031948241925 -0.0011067014169705014 0.9999906986310709 0.09222984891432873 -0.08803240946824076 -0.46345848359753816
FixedParameters: 0 0 0
#Transform 78
Transform: MatrixOffsetTransformBase_double_3_3
Parameters: 0.9999899095583354 -0.0019366557486404563 0.004042232335911089 0.0019317168347170865 0.9999973689808301 0.001320943431035268 -0.004044610700715772 -0.0013130590380416723 0.9999910715773497 0.11202074877843415 -0.10072475318058594 -0.4273579904242304
FixedParameters: 0 0 0
#Transform 79
Transform: MatrixOffsetTransformBase_double_3_3
Parameters: 0.9999870293546604 -0.002445863267165677 0.004357521602775725 0.0024419346188214943 0.9999961445927619 0.000997682948746692 -0.00435977589048676 -0.0009863182580375218 0.9999899166200997 0.1154530439829955 -0.0449081572315464 -0.4515656074367129
FixedParameters: 0 0 0
#Transform 80
Transform: MatrixOffsetTransformBase_double_3_3
Parameters: 0.9999838998189646 -0.0023802808417461496 0.005237302054517073 0.0023760557882310123 0.9999968253472973 0.0009660356826091815 -0.005240144410616484 -0.0009539662945047128 0.9999852312543211 0.09659965520674518 -0.009332739247824406 -0.46521132659528064
FixedParameters: 0 0 0
#Transform 81
Transform: MatrixOffsetTransformBase_double_3_3
Parameters: 0.9999864698725414 -0.002368008115475403 0.0046818712017001945 0.0023618459647651927 0.999995772580547 0.0013788790426595698 -0.004685529520253134 -0.0013681194667874569 0.9999879242620537 0.10984454096079332 -0.09699164147168915 -0.44033689969587897
FixedParameters: 0 0 0
#Transform 82
Transform: MatrixOffsetTransformBase_double_3_3
Parameters: 0.9999869497181533 -0.0018449776110105187 0.004758789195049293 0.0018386796641944709 0.9999973358587813 0.0014745273633725714 -0.004761244163337693 -0.0014654758836467469 0.9999872920242593 0.12849714206144824 -0.10184260410552781 -0.4314397856901344
FixedParameters: 0 0 0
#Transform 83
Transform: MatrixOffsetTransformBase_double_3_3
Parameters: 0.9999804104642699 -0.002375375323273036 0.005739580712826663 0.0023693358495535436 0.9999967499455167 0.0010408318523873195 -0.005742763023813527 -0.0010271650733229415 0.9999825221888688 0.13712295773656535 -0.05876503264497046 -0.49304652358977563
FixedParameters: 0 0 0
#Transform 84
Transform: MatrixOffsetTransformBase_double_3_3
Parameters: 0.9999804245905478 -0.0026078750157916618 0.005724783222277755 0.0025988049783346938 0.9999951452152922 0.0016341372231255258 -0.005729055641559617 -0.001618862671082355 0.9999819883152052 0.16004180160589954 -0.08661780857946155 -0.4600474139277644
FixedParameters: 0 0 0
#Transform 85
Transform: MatrixOffsetTransformBase_double_3_3
Parameters: 0.9999759028949426 -0.0030410342778188827 0.0062331654663709095 0.0030300630678391375 0.9999942037659215 0.0016458514328964724 -0.006237912052660055 -0.0016271453525767143 0.9999793428018494 0.14940356784025255 -0.11857355280706372 -0.47061347740435266
FixedParameters: 0 0 0
#Transform 86
Transform: MatrixOffsetTransformBase_double_3_3
Parameters: 0.9999566269787571 -0.005476739123306845 0.007508850913965448 0.005463113635421706 0.9999840046378732 0.0017208650056563801 -0.007517929853739971 -0.0016801329717786445 0.9999708388152188 0.22497917809651824 -0.05077564704215831 -0.5451557075586919
FixedParameters: 0 0 0
#Transform 87
Transform: MatrixOffsetTransformBase_double_3_3
Parameters: 0.9999747314602806 -0.0035933864998005946 0.006193042075001947 0.003584280128115011 0.999992446161586 0.0015073413086992282 -0.006198594708036216 -0.0014856594435952858 0.999979806213186 0.1698300804859656 -0.06820319479496106 -0.4484571418849832
FixedParameters: 0 0 0
#Transform 88
Transform: MatrixOffsetTransformBase_double_3_3
Parameters: 0.9999517762400508 -0.006514716466803727 0.00740159225011912 0.006501697631412095 0.9999773442012937 0.001758700086557513 -0.007412538139088812 -0.0017103021955196251 0.9999714149035133 0.24536201583113382 -0.03361196284444645 -0.5259896489947025
FixedParameters: 0 0 0
#Transform 89
Transform: MatrixOffsetTransformBase_double_3_3
Parameters: 0.9999542810442413 -0.006485994968815356 0.007046252764296138 0.006476146185617709 0.9999774489553227 0.0014265210572184245 -0.00705516460817575 -0.001380478143169342 0.999973892373692 0.26144932990082737 0.012610466220422722 -0.49036664138902
FixedParameters: 0 0 0
#Transform 90
Transform: MatrixOffsetTransformBase_double_3_3
Parameters: 0.9999579459011693 -0.006008690590690991 0.006924585032483185 0.0059940723174815 0.9999795129110329 0.0021242386551837827 -0.006936965469399359 -0.0020827606359544726 0.9999735833714876 0.2453316205526761 -0.06504533452070405 -0.48239417102015025
FixedParameters: 0 0 0
#Transform 91
Transform: MatrixOffsetTransformBase_double_3_3
Parameters: 0.9999424909341429 -0.006866856867575327 0.008267346916149993 0.006854769093168543 0.9999755883563995 0.0014796404925085244 -0.008277739735134714 -0.0014233562712921005 0.999964688754122 0.2958153194241788 0.02046192237733635 -0.5523083790965657
FixedParameters: 0 0 0
#Transform 92
Transform: MatrixOffsetTransformBase_double_3_3
Parameters: 0.9999435205888386 -0.006724385646436482 0.008201174278572417 0.006712860310202861 0.9999766536827631 0.0013429833127974605 -0.008210563045001815 -0.0012880070765722146 0.9999654057393599 0.2565930586060716 -0.026698572867644543 -0.5376915421393598
FixedParameters: 0 0 0
#Transform 93
Transform: MatrixOffsetTransformBase_double_3_3
Parameters: 0.9999444894612622 -0.007571176650574787 0.0073614546998768534 0.007557467200983591 0.9999693571759041 0.0018019640995793618 -0.007374676929664329 -0.0017460330368746363 0.9999718379584939 0.294671044889796 -0.033482928029542336 -0.5210279839462437
FixedParameters: 0 0 0
#Transform 94
Transform: MatrixOffsetTransformBase_double_3_3
Parameters: 0.9999366432894994 -0.007190278809327877 0.008640021368048352 0.007176183179896856 0.9999730357667684 0.0016938259293621805 -0.008652038179259813 -0.0016321761975422316 0.9999610762027872 0.2830063606048441 0.011694669603187435 -0.5510022206130536
FixedParameters: 0 0 0
#Transform 95
Transform: MatrixOffsetTransformBase_double_3_3
Parameters: 0.9999542914273858 -0.006400613647353514 0.00705214443747248 0.006391702889858629 0.9999787045792802 0.0013669612377732177 -0.007061055708102008 -0.001322040406806474 0.9999739714017257 0.27106572100073834 -0.052640804455023726 -0.4772129800511067
FixedParameters: 0 0 0
#Transform 96
Transform: MatrixOffsetTransformBase_double_3_3
Parameters: 0.9999386419416029 -0.00734197979030527 0.008333684770424132 0.0073280887912724095 0.9999715265262575 0.0017352421545166474 -0.008345822777973287 -0.001673764646316911 0.9999643045800715 0.30118017726833557 -0.0026188268947890947 -0.5548306524581115
FixedParameters: 0 0 0
#Transform 97
Transform: MatrixOffsetTransformBase_double_3_3
Parameters: 0.9999367009761366 -0.007321094041336315 0.008525705026076129 0.0073057054622880264 0.999971402444217 0.001901244410270883 -0.008539946365685265 -0.0018387576304600972 0.999962304501356 0.29496242661497263 -0.015043314591764556 -0.5553870749065695
FixedParameters: 0 0 0
#Transform 98
Transform: MatrixOffsetTransformBase_double_3_3
Parameters: 0.9999389814490136 -0.006902208037827516 0.008566002948424866 0.0068850717019176355 0.9999743527861648 0.0020436381636521755 -0.008579545332423418 -0.0019843670555578508 0.9999615160065256 0.29220562891070756 -0.05212508430861362 -0.5343654337039005
FixedParameters: 0 0 0
#Transform 99
Transform: MatrixOffsetTransformBase_double_3_3
Parameters: 0.9999319544268289 -0.00692581833342649 0.009331781076355041 0.006907361553413725 0.9999741864104352 0.001905214396880378 -0.00934457982540461 -0.0018407775502546908 0.999954751530206 0.3019156015281794 0.0006486158158622857 -0.6109817405061442
FixedParameters: 0 0 0
#Transform 100
Transform: MatrixOffsetTransformBase_double_3_3
Parameters: 0.9999643492651167 -0.004287551306675837 0.007229993003476293 0.00426682911984303 0.9999874336166639 0.0028034337768018114 -0.0072413583590743985 -0.0027725696738324784 0.9999703694463383 0.517480757061648 -0.027264613192457432 -0.5052993723737096
FixedParameters: 0 0 0
#Transform 101
Transform: MatrixOffsetTransformBase_double_3_3
Parameters: 0.9999967221005351 -0.0013740446459603768 0.002095497049570802 0.0013685236429757024 0.9999966771283545 0.002413799006148687 -0.0020985265241980195 -0.002411200604634109 0.9999944046259472 0.4037667693813347 -0.15575728676749634 -0.5239218650702675
FixedParameters: 0 0 0
#Transform 102
Transform: MatrixOffsetTransformBase_double_3_3
Parameters: 0.9999989773595527 -0.0011056088742856527 0.0008945586246902374 0.001105878567942492 0.999999491887129 -0.0006369968897197431 -0.0008942632122734004 0.0006380045742465645 0.999999672658667 0.366311065528933 -0.08970702983828005 -0.7016364257865675
FixedParameters: 0 0 0
#Transform 103
Transform: MatrixOffsetTransformBase_double_3_3
Parameters: 0.9999986922084518 -0.0015824492072106196 0.0008966730459625521 0.0015826101901576554 0.9999982853599624 -0.0005745670227608468 -0.0008959659625415289 0.0005764336347556381 0.9999997444471745 0.3729304598960397 -0.09753417834831168 -0.7394231442351433
FixedParameters: 0 0 0
#Transform 104
Transform: MatrixOffsetTransformBase_double_3_3
Parameters: 0.9999875849758542 -0.0016815904721036422 0.004752891211303276 0.0016693055845037493 0.9999961937765494 0.002405709543488288 -0.004756620245623421 -0.0023972893540201573 0.9999858567077848 0.22915879171377185 -0.17168742048532692 -0.6414981637405752
FixedParameters: 0 0 0
#Transform 105
Transform: MatrixOffsetTransformBase_double_3_3
Parameters: 0.9999937770851659 -0.000812957981096724 0.0035442245829825536 0.0008022611283479989 0.9999954917731283 0.003032167985752121 -0.003546787227207991 -0.0030298333192487065 0.9999889112833439 0.26492641970672537 -0.21279645365709143 -0.519027950991557
FixedParameters: 0 0 0
#Transform 106
Transform: MatrixOffsetTransformBase_double_3_3
Parameters: 0.9999955268691318 -0.0008211820651938499 0.0027924679256864145 0.00081393412730032 0.9999962408094004 0.0026978166477232696 -0.002794909536021639 -0.0026951866103934186 0.9999927437693337 0.35125806094546874 -0.09758437432248002 -0.4305624145718454
FixedParameters: 0 0 0
#Transform 107
Transform: MatrixOffsetTransformBase_double_3_3
Parameters: 0.99999762316423 -0.000506523443273988 0.0022624541427626876 0.0004996929245411206 0.999995634608468 0.0030439117906573 -0.0022646634893186994 -0.0030430882970989698 0.9999924627034166 0.3777710255378821 -0.09413511768744343 -0.4001122945375002
FixedParameters: 0 0 0
#Transform 108
Transform: MatrixOffsetTransformBase_double_3_3
Parameters: 0.9999902324959297 -0.002820069386127493 0.0034376732045804993 0.0028078866202375504 0.9999900876745507 0.0034893368162805805 -0.003446766744368915 -0.0034796643605099625 0.9999878611430807 0.4526785258831154 -0.08248956845781663 -0.38869711575724253
FixedParameters: 0 0 0
#Transform 109
Transform: MatrixOffsetTransformBase_double_3_3
Parameters: 0.9999720769956946 -0.005562446186757931 0.0050970984645863845 0.005545929025869614 0.9999788989301511 0.003287172173185332 -0.005115260514703872 -0.003258827780498866 0.9999817526452479 0.47768233205947297 -0.03443550802903417 -0.4517857602326707
FixedParameters: 0 0 0
#Transform 110
Transform: MatrixOffsetTransformBase_double_3_3
Parameters: 0.9999702125353827 -0.005313254003179642 0.005617635106839257 0.005295106519137007 0.9999811735257657 0.0032291870393279243 -0.005634410686927393 -0.00319981903905793 0.9999793726076934 0.4922611949204878 -0.06767327425303904 -0.47522277051357165
FixedParameters: 0 0 0
#Transform 111
Transform: MatrixOffsetTransformBase_double_3_3
Parameters: 0.9999650111188986 -0.006267189660840938 0.00554192441078433 0.006248394600263232 0.9999747147480671 0.0033787665209152468 -0.005562572497995165 -0.0033432331892840755 0.9999787032710508 0.49453349622119447 -0.12155866020793837 -0.4741618546460806
FixedParameters: 0 0 0
#Transform 112
Transform: MatrixOffsetTransformBase_double_3_3
Parameters: 0.9999618191444476 -0.006097345282246314 0.006244609348275437 0.006078791095780099 0.999976552338721 0.003022293422256156 -0.00626373368231744 -0.0029847022449614596 0.9999762244102867 0.5290428020888953 -0.06711016842143636 -0.5042507161724288
FixedParameters: 0 0 0
#Transform 113
Transform: MatrixOffsetTransformBase_double_3_3
Parameters: 0.9999639390603272 -0.006844378374448848 0.005021940204783873 0.006828986108921975 0.9999717269419766 0.0029931765773091312 -0.00504170277951388 -0.0029588200335058656 0.9999824986184986 0.579345259663711 -0.09442869655146069 -0.4599408929101152
FixedParameters: 0 0 0
#Transform 114
Transform: MatrixOffsetTransformBase_double_3_3
Parameters: 0.999954820252744 -0.008214504996141521 0.004868594277777284 0.008200329076133245 0.9999623533918202 0.0027480333163131393 -0.004891696016729668 -0.0027079564606318635 0.9999845825537693 0.590158221329304 -0.09819984919256797 -0.4524889661752347
FixedParameters: 0 0 0
#Transform 115
Transform: MatrixOffsetTransformBase_double_3_3
