#Insight Transform File V1.0
#Transform 0
Transform: MatrixOffsetTransformBase_double_3_3
Parameters: 0.9999983995317202 0.0010797115464794742 0.0011975105659874632 -0.001077657006815822 0.9999975351789179 -0.002082294963950706 -0.0011999078914268829 0.002080706928473758 0.9999971990493848 0.05716337958747886 -0.24308057977536635 -0.6045501368227093
FixedParameters: 0 0 0
#Transform 1
Transform: MatrixOffsetTransformBase_double_3_3
Parameters: 0.9999993351026936 0.0009671148686487843 0.0008540644894378934 -0.0009645870376013463 0.9999940210496047 -0.0031748245605644973 -0.0008571039399435344 0.0031741698491148593 0.9999941591115701 0.050583022744817185 -0.18595041777642507 -0.6333185338362881
FixedParameters: 0 0 0
#Transform 2
Transform: MatrixOffsetTransformBase_double_3_3
Parameters: 0.9999996379961472 0.0004040080329445256 0.00044600614645551117 -0.0004024450051866525 0.9999924866112683 -0.003918182036317785 -0.00044710400388354646 0.003917821910247123 0.9999924498009074 0.06140763502914126 -0.17986236146944634 -0.521175340847094
FixedParameters: 0 0 0
#Transform 3
Transform: MatrixOffsetTransformBase_double_3_3
Parameters: 0.9999990583440592 0.0010083218946108157 0.0009622991016849923 -0.0010032567427269118 0.999988698348826 -0.004617969553219189 -0.0009664644370149146 0.004617027639208245 0.9999887171477388 0.06745041363909365 -0.1616485527620597 -0.511322322642144
FixedParameters: 0 0 0
#Transform 4
Transform: MatrixOffsetTransformBase_double_3_3
Parameters: 0.9999997689776079 0.00015632922051659812 0.0004547099264474868 -0.00015440015371500675 0.9999906588029028 -0.004283069701174404 -0.0004549786091800182 0.004283926394460784 0.9999904132770135 0.06266496034928082 -0.20087373933706942 -0.6120263891000235
FixedParameters: 0 0 0
#Transform 5
Transform: MatrixOffsetTransformBase_double_3_3
Parameters: 0.9999999584960082 0.00015237815381585374 0.0001352216266167548 -0.0001522707396483394 0.9999998191877946 -0.000397020527696048 -0.00013534257204812804 0.0003969793142082588 0.9999998240902762 0.06243262368138858 -0.19114388575515306 -0.4021884918799401
FixedParameters: 0 0 0
#Transform 6
Transform: MatrixOffsetTransformBase_double_3_3
Parameters: 0.9999989932182344 0.0005032055813300509 0.001324728106879671 -0.0005024881511388127 0.9999996810501544 -0.000259634507165922 -0.0013239890747183 0.00025836539757240207 0.9999991780062504 0.09567908955858684 -0.14578898259085804 -0.44683408567637173
FixedParameters: 0 0 0
#Transform 7
Transform: MatrixOffsetTransformBase_double_3_3
Parameters: 0.9999997658071043 0.0003187956794433623 0.00036418422000811604 -0.00031742830985921643 0.9999946459735377 -0.003202114792599048 -0.0003651904968081965 0.003201882769513116 0.9999946141796732 0.0430697694824147 -0.2278987504295742 -0.5562749542255858
FixedParameters: 0 0 0
#Transform 8
Transform: MatrixOffsetTransformBase_double_3_3
Parameters: 0.9999995960496414 0.0005122756335278958 0.0003765775658927956 -0.0005109217078323137 0.9999955148660854 -0.0030371947600468067 -0.0003776545979366766 0.00303680889546595 0.9999956343902003 0.05422865981869052 -0.1577202086340037 -0.5616078876171713
FixedParameters: 0 0 0
#Transform 9
Transform: MatrixOffsetTransformBase_double_3_3
Parameters: 0.9999993337021603 0.0008083189376462723 0.00011489265783200383 -0.0008077457531298108 0.99999747965174 -0.0022061244938364616 -0.00011645868690407423 0.0022058747637137242 0.9999971211667469 0.05724342527209103 -0.1550907849348846 -0.5433076044472642
FixedParameters: 0 0 0
#Transform 10
Transform: MatrixOffsetTransformBase_double_3_3
Parameters: 0.999998505802903 0.00006634036407569893 -0.0015779446075294213 -0.00006760038649874271 0.9999994838448524 -0.0007158622837841813 0.001577817295281478 0.0007161364173994961 0.9999979966464811 0.06624225464227607 -0.17223482474598484 -0.4737546102895607
FixedParameters: 0 0 0
#Transform 11
Transform: MatrixOffsetTransformBase_double_3_3
Parameters: 0.9999995899191678 0.0006026776354585041 0.00021564038112338162 -0.0006025280994040486 0.9999969846258644 -0.0025791622239278063 -0.0002177176953221904 0.00257883829071125 0.9999963027868327 0.05304136800400272 -0.13266746698971588 -0.544621906190784
FixedParameters: 0 0 0
#Transform 12
Transform: MatrixOffsetTransformBase_double_3_3
Parameters: 0.9999999551446089 0.0007995802544089195 0.000636629774702055 -0.0007973015253531856 0.9999944592439197 -0.0033025112071596585 -0.000639840862115444 0.0033014920176222887 0.9999946894169778 0.05027083428291235 -0.12517896448339627 -0.6379110352037856
FixedParameters: 0 0 0
#Transform 13
Transform: MatrixOffsetTransformBase_double_3_3
Parameters: 0.9999993512345845 0.001097071039072631 0.0006669241707104843 -0.0010950314768194262 0.9999923150309737 -0.0036727321992459025 -0.0006708813416740377 0.003671265891420583 0.9999930689409583 0.03824883655150302 -0.17140732500408262 -0.6175520135203101
FixedParameters: 0 0 0
#Transform 14
Transform: MatrixOffsetTransformBase_double_3_3
Parameters: 0.9999991280851986 0.0008317098905566601 0.0010864315671194164 -0.0008274570714340536 0.9999922928577311 -0.0037488721230223704 -0.0010895268159440892 0.003748127794577262 0.9999927326116502 0.052421210152914455 -0.14345120960805957 -0.6414558096300311
FixedParameters: 0 0 0
#Transform 15
Transform: MatrixOffsetTransformBase_double_3_3
Parameters: 0.9999989804036238 0.0007129367967429801 0.0012294856302516094 -0.0007061189922410471 0.9999846307752075 -0.005558875279731548 -0.0012331556090216188 0.005558125981487354 0.9999835552685622 0.05476195972136111 -0.05637661792499671 -0.6675018865041267
FixedParameters: 0 0 0
#Transform 16
Transform: MatrixOffsetTransformBase_double_3_3
Parameters: 0.9999986783914537 0.0011303873137763116 0.0010221455462612883 -0.0011260599508046733 0.9999933997075664 -0.0035161577539123794 -0.001025985856788311 0.00351484502121642 0.9999935611030184 0.05073357712214488 -0.1640700519791949 -0.6282318354988803
FixedParameters: 0 0 0
#Transform 17
Transform: MatrixOffsetTransformBase_double_3_3
Parameters: 0.9999999778667923 0.0007804313060585 0.0006424208224520143 -0.0007768464533957998 0.9999829618951481 -0.0057825023471540365 -0.0006473014153245275 0.005781498111412556 0.9999831523449568 0.06845964504422852 -0.030343663321986014 -0.6425065204632858
FixedParameters: 0 0 0
#Transform 18
Transform: MatrixOffsetTransformBase_double_3_3
Parameters: 0.9999990711811444 0.00058672931383172 0.0007644957884613366 -0.0005829670129782461 0.9999905434583238 -0.004372449547376561 -0.0007675164868893366 0.004371553546982404 0.999990298749714 0.053827004433458114 -0.159116323498651 -0.649713374426625
FixedParameters: 0 0 0
#Transform 19
Transform: MatrixOffsetTransformBase_double_3_3
Parameters: 0.9999998526842703 0.0006234958937519962 0.0008709581376759822 -0.0006208924742812307 0.9999945550673662 -0.003176513252118117 -0.0008728177012493847 0.003176489101062 0.999995117248524 0.0585301049660103 -0.17550323343280638 -0.6059589462211648
FixedParameters: 0 0 0
#Transform 20
Transform: MatrixOffsetTransformBase_double_3_3
Parameters: 0.9999990830462668 0.0008650971980232288 0.00041166765582556925 -0.0008627065765693171 0.9999916706456811 -0.003951357658488763 -0.00041446565919444717 0.003951641984093233 0.9999921835684578 0.06224488135808315 -0.11794140151033616 -0.6368607314375936
FixedParameters: 0 0 0
#Transform 21
Transform: MatrixOffsetTransformBase_double_3_3
Parameters: 0.9999981769534089 0.00119908073173292 0.0011765437925904047 -0.0011961317373209766 0.9999951435442075 -0.0029084127857923713 -0.0011803837320330266 0.002906588132614827 0.9999951262462932 0.05732602133824116 -0.1796506760162231 -0.6180364444637689
FixedParameters: 0 0 0
#Transform 22
Transform: MatrixOffsetTransformBase_double_3_3
Parameters: 0.9999992853566569 0.0011288484723884975 0.0006640305709230866 -0.0011260997201248462 0.9999937147906468 -0.0034707834627204608 -0.0006677955436059299 0.003470217094677392 0.9999934817409265 0.0618640658007763 -0.1389726666200204 -0.6030972287714889
FixedParameters: 0 0 0
#Transform 23
Transform: MatrixOffsetTransformBase_double_3_3
Parameters: 0.9999995744691326 0.0007329268474971266 0.000942573678998795 -0.0007291001505837858 0.9999917319922998 -0.004094693273270656 -0.0009454358100808521 0.004094311135387829 0.9999913124459295 0.07349619100342863 -0.1310920882945652 -0.683978454978714
FixedParameters: 0 0 0
#Transform 24
Transform: MatrixOffsetTransformBase_double_3_3
Parameters: 0.9999987836454275 0.0007352788138920108 0.0016360368979557978 -0.0007283040259053022 0.9999920322304078 -0.003933167161823039 -0.0016386054756709581 0.003931831614250071 0.9999908221627538 0.06606843290693121 -0.14795195437251607 -0.6247662126544071
FixedParameters: 0 0 0
#Transform 25
Transform: MatrixOffsetTransformBase_double_3_3
Parameters: 0.9999983329678562 0.001319180189131436 0.0013878600099397464 -0.0013144615841853787 0.9999934331124746 -0.0034498335205309753 -0.0013927883952578669 0.003448167945099636 0.9999931085558105 0.05814601656618379 -0.12199457950265469 -0.6214950627354057
FixedParameters: 0 0 0
#Transform 26
Transform: MatrixOffsetTransformBase_double_3_3
Parameters: 0.9999996629905842 0.0008308054868765621 0.0008042732248412743 -0.0008276376646166843 0.9999921496808063 -0.0037676659021844104 -0.0008074286779390866 0.0037673274658705756 0.999992125112356 0.06445833232292841 -0.12584314245300732 -0.6061903117469711
FixedParameters: 0 0 0
#Transform 27
Transform: MatrixOffsetTransformBase_double_3_3
Parameters: 0.9999993788570133 0.0012658517607412165 -0.00013979783184207077 -0.00126576966278348 0.9999910939042854 -0.003911825771233713 0.00013486020988075784 0.00391217343695207 0.9999926773386166 0.05981696389947899 -0.1614620049212192 -0.49226109884452285
FixedParameters: 0 0 0
#Transform 28
Transform: MatrixOffsetTransformBase_double_3_3
Parameters: 0.9999991737058583 0.00114604934458534 0.0007153890605523963 -0.0011432124026894087 0.9999854016420248 -0.005321853849701786 -0.000721417360388463 0.005321144464486435 0.9999851349217207 0.05393032499749495 -0.030371564478585356 -0.6310528891078206
FixedParameters: 0 0 0
#Transform 29
Transform: MatrixOffsetTransformBase_double_3_3
Parameters: 0.9999990776873247 0.0011787747608757659 0.0007299313693725154 -0.0011763636750344079 0.9999949510407093 -0.0029488635029910684 -0.0007338141733550543 0.002948137863521331 0.9999957392920734 0.06127725213013946 -0.178154320257903 -0.6070043157254759
FixedParameters: 0 0 0
#Transform 30
Transform: MatrixOffsetTransformBase_double_3_3
Parameters: 0.9999996880918142 0.0004222297791181106 -0.0003650736671281582 -0.0004232603985519994 0.9999987042591159 -0.0014548453083389964 0.0003648429854933969 0.0014551538774625651 0.9999987497813368 0.048704883012561595 -0.15810738735282825 -0.4319483345906434
FixedParameters: 0 0 0
#Transform 31
Transform: MatrixOffsetTransformBase_double_3_3
Parameters: 0.9999994301019024 0.0003651268282305344 0.0006607258504354582 -0.00036081370122135385 0.9999800811177162 -0.006230209114411689 -0.0006631242131633676 0.006230789409172634 0.999980709968913 0.05020065827247322 -0.029392139875170642 -0.6029061058812175
FixedParameters: 0 0 0
#Transform 32
Transform: MatrixOffsetTransformBase_double_3_3
Parameters: 0.9999979896750253 0.0012400364040202182 0.0015721104103752904 -0.0012350901974526437 0.9999947467994852 -0.0031289506032281603 -0.0015766970601329006 0.0031270497938547075 0.999993674039014 0.04369128122365851 -0.14257028961628748 -0.5003079006842768
FixedParameters: 0 0 0
#Transform 33
Transform: MatrixOffsetTransformBase_double_3_3
Parameters: 0.9999994149637051 0.0006399227904896384 0.0004194934417338088 -0.0006390697628425747 0.9999996326012773 -0.0009792691053407028 -0.0004197460689559797 0.0009787324145302603 0.999999865478438 0.02540788741461597 -0.13666244778308112 -0.4279982623977219
FixedParameters: 0 0 0
#Transform 34
Transform: MatrixOffsetTransformBase_double_3_3
Parameters: 0.9999996661455467 0.00027582512209136783 0.000507713986295467 -0.000274367035603536 0.9999945606380369 -0.0033711414448095965 -0.0005085063607883537 0.0033708618864347825 0.9999943781479127 0.053971958048705915 -0.10195407372118837 -0.6115109356207853
FixedParameters: 0 0 0
#Transform 35
Transform: MatrixOffsetTransformBase_double_3_3
Parameters: 0.9999988745391751 0.00009955344441464479 -0.0017651799609351415 -0.00010166343105460646 0.999999635965646 -0.0011637910650476 0.0017648829226506587 0.0011642090106758554 0.9999975287784006 0.053933561553733966 -0.1352255018411057 -0.45234173040508097
FixedParameters: 0 0 0
#Transform 36
Transform: MatrixOffsetTransformBase_double_3_3
Parameters: 0.9999982855367743 0.00010604238637749597 -0.0019245048322447842 -0.00010817410001921478 0.9999992136068273 -0.0013327319907140908 0.0019241250485679895 0.0013332697933340354 0.999997518144803 0.06687858382076683 -0.08833859326085758 -0.4784871180712713
FixedParameters: 0 0 0
#Transform 37
Transform: MatrixOffsetTransformBase_double_3_3
Parameters: 0.999998396386476 0.00014586234488562984 -0.0016065891501695533 -0.00014733657169607029 0.9999997589067272 -0.0010907328838400156 0.00160720610254421 0.0010902687870502983 0.9999982590954788 0.05888988377279247 -0.13079524998258307 -0.4583809531860936
FixedParameters: 0 0 0
#Transform 38
Transform: MatrixOffsetTransformBase_double_3_3
Parameters: 0.9999996820441921 0.0004449082398292264 0.0003464280088615966 -0.00044527866253806907 0.9999995156675403 0.0005348455897781906 -0.00034595175834096754 -0.0005351537637484499 0.999999593926998 0.04716082218990891 -0.13553054303714873 -0.38305997027525507
FixedParameters: 0 0 0
#Transform 39
Transform: MatrixOffsetTransformBase_double_3_3
Parameters: 0.9999991772789661 0.0004146970346104466 -0.0008068578878285974 -0.0004119904212231499 0.999993070912116 0.003572364673024908 0.0008079060441410023 -0.0035716344285418866 0.9999935879156224 0.120399835476519 -0.03897945212189313 -0.5511024687225472
FixedParameters: 0 0 0
#Transform 40
Transform: MatrixOffsetTransformBase_double_3_3
Parameters: 0.9999983007863061 0.00158240109280392 0.0004412775609632777 -0.0015828629241812562 0.9999982561422756 0.00048727049338832124 -0.0004407324150310646 -0.000488729183747795 0.999999568356191 0.15199940345030427 -0.07607253914817136 -0.7845413208601002
FixedParameters: 0 0 0
#Transform 41
Transform: MatrixOffsetTransformBase_double_3_3
Parameters: 0.9999982713295812 0.0007904955881880428 -0.001762024390821612 -0.0007865521931395015 0.9999973692379961 0.001987454765240218 0.001763253209632663 -0.0019865454689748027 0.999997005738466 0.14803734295462334 -0.1653014971490876 -0.43177637939628255
FixedParameters: 0 0 0
#Transform 42
Transform: MatrixOffsetTransformBase_double_3_3
Parameters: 0.9999974077299737 0.0007241731710483036 -0.002017098176828777 -0.0007197880214595105 0.9999980362824248 0.0020934907349958246 0.002018247023858408 -0.002092510552322367 0.999995610127491 0.13408716142980381 -0.12077918221906714 -0.31093616335309093
FixedParameters: 0 0 0
#Transform 43
Transform: MatrixOffsetTransformBase_double_3_3
Parameters: 0.999998803523496 0.00024802273057305613 -0.0014607501379094168 -0.00024440656576610597 0.9999961543336178 0.002605388969785981 0.0014621585652756593 -0.002604606513318272 0.999995077121638 0.11816717874658877 -0.10379875595070587 -0.28385896776494235
FixedParameters: 0 0 0
#Transform 44
Transform: MatrixOffsetTransformBase_double_3_3
Parameters: 0.9999989375180454 0.0002624049002032085 -0.0017302524359262723 -0.00025813741469434253 0.999996718631653 0.002686482834018525 0.0017308081640812674 -0.0026855192274192127 0.9999947896518353 0.12913189457606222 -0.07635008199275717 -0.3088330556261809
FixedParameters: 0 0 0
#Transform 45
Transform: MatrixOffsetTransformBase_double_3_3
Parameters: 0.9999982411550449 0.0007407693315043168 -0.00148634102132637 -0.0007375147743429938 0.9999979596107914 0.002113100433719005 0.0014885586299426355 -0.002111899581401691 0.9999963562157783 0.0932634952198299 -0.10850060207341983 -0.30707710537208754
FixedParameters: 0 0 0
#Transform 46
Transform: MatrixOffsetTransformBase_double_3_3
Parameters: 0.9999990535157373 0.0005718382617072243 -0.001272363121527037 -0.0005697492208667018 0.9999976016711865 0.0020107592356990514 0.0012737530137779485 -0.002010241163139595 0.9999973676112521 0.11726125780661789 -0.035942774340540495 -0.3055556687643133
FixedParameters: 0 0 0
#Transform 47
Transform: MatrixOffsetTransformBase_double_3_3
Parameters: 0.9999988365901423 0.0003667598587976664 -0.0010144468501630149 -0.000365868503376552 0.999998792214838 0.0014403710484842264 0.0010145651517046148 -0.0014396277919228595 0.9999978971736636 0.12402918865372214 -0.10384715407505496 -0.3096711426242962
FixedParameters: 0 0 0
#Transform 48
Transform: MatrixOffsetTransformBase_double_3_3
Parameters: 0.999999048946952 0.0005656191497280113 -0.0007941817062061094 -0.0005650168976403359 0.9999979060143072 0.0016564815322287416 0.0007951179230516125 -0.0016565183080773788 0.9999986549436651 0.11319979723134566 -0.10373362045835677 -0.27736745363651494
FixedParameters: 0 0 0
#Transform 49
Transform: MatrixOffsetTransformBase_double_3_3
Parameters: 0.9999978363875867 0.0003711113758140051 -0.001739638809252012 -0.0003669466042033676 0.9999975598342618 0.0020677056995168433 0.0017402594730788427 -0.002067293959620929 0.9999967274255183 0.12065575333139122 -0.03879976970951304 -0.2749268196464101
FixedParameters: 0 0 0
#Transform 50
Transform: MatrixOffsetTransformBase_double_3_3
Parameters: 0.9999976513111266 0.0005460950809733478 -0.0022474979525512217 -0.0005392077774806399 0.9999953855491321 0.0028803148413184543 0.0022488125451162787 -0.0028786845595640473 0.999993682666878 0.13038502219568215 -0.04304530385530825 -0.2994430729175832
FixedParameters: 0 0 0
#Transform 51
Transform: MatrixOffsetTransformBase_double_3_3
Parameters: 0.999998668840751 0.0009551661646957539 -0.0015551004819174417 -0.0009520096969838201 0.9999982830349985 0.0016675165576907347 0.001557342113321675 -0.001665483801059256 0.9999978313524128 0.11007956625249449 -0.08421277236126912 -0.2609750093492522
FixedParameters: 0 0 0
#Transform 52
Transform: MatrixOffsetTransformBase_double_3_3
Parameters: 0.999998596043194 0.00037435565691554734 -0.0015048135876875293 -0.00037146788531023755 0.9999981919688228 0.001634590925135057 0.0015050955808636837 -0.0016334057023113663 0.9999970641616442 0.13369759490750255 -0.05755041283636331 -0.27022125151054865
FixedParameters: 0 0 0
#Transform 53
Transform: MatrixOffsetTransformBase_double_3_3
Parameters: 0.99999994945999 0.0009409815865137248 -0.00040656572829657854 -0.000941457515870391 0.9999974897834845 -0.0018956170206516354 0.00040496516543297377 0.0018953828229772672 0.9999982738280208 0.14228091296905632 -0.018660946791129618 -0.72678759407043
FixedParameters: 0 0 0
#Transform 54
Transform: MatrixOffsetTransformBase_double_3_3
Parameters: 0.9999978361759856 0.0015680002786972722 0.0016445380395357586 -0.0015727361820506065 0.9999957610843816 0.0026194188244428665 -0.0016404313851051658 -0.0026215833677969355 0.9999953410041601 0.13710689167108114 -0.03620951205853373 -0.5421036682404292
FixedParameters: 0 0 0
#Transform 55
Transform: MatrixOffsetTransformBase_double_3_3
Parameters: 0.9999984778536662 0.000867246661698915 0.001330450621472551 -0.0008720904324795728 0.9999928254458561 0.003666875816521767 -0.0013272271472532801 -0.0036681263082964308 0.9999927511801664 0.07711658341577277 -0.12444453965575519 -0.5058417743048267
FixedParameters: 0 0 0
#Transform 56
Transform: MatrixOffsetTransformBase_double_3_3
Parameters: 0.9999991808141521 0.00007909137954075528 0.0009013330082024299 -0.00008461944524593959 0.9999759678405795 0.006929923552546027 -0.0009014178750597467 -0.006930071118436694 0.9999751620376199 0.08027595405820875 -0.08606813113196665 -0.3700712296998603
FixedParameters: 0 0 0
#Transform 57
Transform: MatrixOffsetTransformBase_double_3_3
Parameters: 0.9999995063771474 0.00011961779615839873 0.0006920387396928861 -0.00012297865320709097 0.9999890829868396 0.0045719467310081155 -0.0006920233268599782 -0.004572051825582318 0.9999896168055176 0.02488769498133081 -0.09839923966571007 -0.4424819380809595
FixedParameters: 0 0 0
#Transform 58
Transform: MatrixOffsetTransformBase_double_3_3
Parameters: 0.99999988917706 0.00027828130216952965 -0.0001824104974888483 -0.00027747461757343086 0.9999878024665813 0.005012055022890552 0.00018422787445028873 -0.0050119531422098546 0.999987846064986 0.03326775625775724 -0.07975827672080982 -0.42688470812892376
FixedParameters: 0 0 0
#Transform 59
Transform: MatrixOffsetTransformBase_double_3_3
Parameters: 0.9999991398317686 0.0007931700315086747 0.0011100504718147188 -0.0007972232892296868 0.9999892173790351 0.00449214912172987 -0.0011060925691457556 -0.00449285058340388 0.9999895571193375 0.03812057070970809 -0.03209252177448718 -0.45946279208042995
FixedParameters: 0 0 0
#Transform 60
Transform: MatrixOffsetTransformBase_double_3_3
Parameters: 0.9999996431510421 0.0006867507198619133 0.0009407325320846182 -0.0006909411449275565 0.9999909936118753 0.004308355212849967 -0.0009379208815611744 -0.004308651294478716 0.9999905229820196 0.04266845136120878 -0.0900152372254297 -0.4377390277190898
FixedParameters: 0 0 0
#Transform 61
Transform: MatrixOffsetTransformBase_double_3_3
Parameters: 0.999999621853394 0.0006094699743532078 0.00008363567006268158 -0.0006093084450912986 0.9999892613850926 0.004512947382222202 -0.00008116522689133967 -0.004513047810657138 0.9999896259408694 0.021980187616748026 -0.013495690732455046 -0.42335513471591923
FixedParameters: 0 0 0
#Transform 62
Transform: MatrixOffsetTransformBase_double_3_3
Parameters: 0.9999990694716886 0.0006303227455304835 0.000729932368854127 -0.0006331004402409678 0.9999924142680353 0.0038965410482980772 -0.0007281015423994012 -0.003897462109233918 0.9999922818509173 0.018084828599342018 -0.02758655450485037 -0.47548172537656797
FixedParameters: 0 0 0
#Transform 63
Transform: MatrixOffsetTransformBase_double_3_3
Parameters: 0.9999997130292795 0.0005133622806283167 0.0001519738547874128 -0.0005146261983804529 0.9999919033088951 0.0039789224564009615 -0.00014988248381651943 -0.003979077610810684 0.999992144710501 0.01857625898325921 -0.07688687905762492 -0.4079227604840554
FixedParameters: 0 0 0
#Transform 64
Transform: MatrixOffsetTransformBase_double_3_3
Parameters: 0.9999984045735045 0.0012646558322557645 0.000997916604502485 -0.0012691138452721607 0.9999910405871566 0.0041687078812385064 -0.0009924751712679979 -0.00417029425748696 0.9999905943435524 0.028467093829306123 -0.06964060049634213 -0.4551896057209319
FixedParameters: 0 0 0
#Transform 65
Transform: MatrixOffsetTransformBase_double_3_3
Parameters: 0.9999995345013988 0.0011396689283611435 0.0004088266815254425 -0.0011409844541767416 0.9999913371345535 0.003923534926225727 -0.0004039393441675197 -0.003923463721946893 0.9999924095380899 0.031241077273691076 -0.07400284746599084 -0.43655974647913354
FixedParameters: 0 0 0
#Transform 66
Transform: MatrixOffsetTransformBase_double_3_3
Parameters: 0.9999993655394268 0.0007948592931486477 -0.000052681490210932095 -0.0007945357494373007 0.999991062773896 0.004160044745396538 0.00005529537440323258 -0.004159958936625317 0.9999916913950014 0.038162925796811464 -0.0244608912176858 -0.48976728506460177
FixedParameters: 0 0 0
#Transform 67
Transform: MatrixOffsetTransformBase_double_3_3
Parameters: 0.9999992615907655 0.0006913850957612766 0.0005100552416709084 -0.0006932759748043708 0.999992650317203 0.0037286457700989525 -0.0005079538572824983 -0.003728352545148944 0.999992807753692 0.00437564006448099 -0.11466112841831944 -0.5199392944889212
FixedParameters: 0 0 0
#Transform 68
Transform: MatrixOffsetTransformBase_double_3_3
Parameters: 0.9999992175510221 0.0006921183923653593 0.000550510084714925 -0.0006950534793778732 0.9999900883764533 0.004407619875480287 -0.0005474567385509118 -0.004408381415595401 0.9999902680444416 -0.005552845090477376 -0.07635825596405255 -0.4251359758993374
FixedParameters: 0 0 0
#Transform 69
Transform: MatrixOffsetTransformBase_double_3_3
Parameters: 0.9999998739731136 0.0006820352853726896 0.0008130125575639344 -0.0006856144593156344 0.9999892709428588 0.004610445991896382 -0.0008098304511185161 -0.004611555738867651 0.9999890801422622 -0.023467511299685384 -0.0660586787917623 -0.4612267649385444
FixedParameters: 0 0 0
#Transform 70
Transform: MatrixOffsetTransformBase_double_3_3
Parameters: 0.9999989811657284 0.0007587629556578306 0.0006652688409280187 -0.0007626650864725698 0.9999863499196957 0.0051054922571704894 -0.0006615926350040242 -0.005106501628301306 0.9999864884521523 -0.008972197745649169 -0.0792393673595484 -0.4593706492757832
FixedParameters: 0 0 0
#Transform 71
Transform: MatrixOffsetTransformBase_double_3_3
Parameters: 0.9999998237933603 0.0010541611626072634 0.0002561475024379984 -0.0010548063454857487 0.999987854382334 0.00490570202323086 -0.0002508622514978215 -0.004905301422261976 0.9999878412301901 0.023946241711684024 -0.07403336338370536 -0.42427133794447514
FixedParameters: 0 0 0
#Transform 72
Transform: MatrixOffsetTransformBase_double_3_3
Parameters: 0.9999993234742973 0.0007111080372216856 0.0004134587858314573 -0.0007134309275191635 0.9999860831950893 0.005138702920743955 -0.0004091993629894281 -0.0051392888811876355 0.9999864213218965 0.026884419432136042 -0.06701142488117284 -0.4551426635974565
FixedParameters: 0 0 0
#Transform 73
Transform: MatrixOffsetTransformBase_double_3_3
Parameters: 0.9999989247522888 0.0009079983635180726 0.0011182967625593693 -0.0009140035609200301 0.9999874513007068 0.004873014366819327 -0.0011135722526157232 -0.004873986800205669 0.9999879711349775 -0.004209783728796879 -0.08507024511585826 -0.4329184231774974
FixedParameters: 0 0 0
#Transform 74
Transform: MatrixOffsetTransformBase_double_3_3
Parameters: 0.9999995210146401 0.0010687238536733561 0.0005799170008744282 -0.0010716275693251427 0.9999874270081034 0.004945348842467195 -0.0005754231079094441 -0.0049456500305649215 0.99998717775464 0.024117368243423698 -0.062010960947574745 -0.4250454491001392
FixedParameters: 0 0 0
#Transform 75
Transform: MatrixOffsetTransformBase_double_3_3
Parameters: 0.999999063990101 0.0010787150390487595 0.0008786620392052521 -0.0010833807114696615 0.9999872867122581 0.004855049145415076 -0.0008732870910456561 -0.004855945074221699 0.9999876252448308 0.024404431355179668 -0.06623083832243992 -0.4539718144465894
FixedParameters: 0 0 0
#Transform 76
Transform: MatrixOffsetTransformBase_double_3_3
Parameters: 0.9999990382984734 0.0008198831813438696 0.0005379749189312411 -0.0008225957918064728 0.9999908022992078 0.004307562703245865 -0.0005339612393683814 -0.0043074449983413685 0.9999911266729292 0.026076750986135266 -0.08109010705648245 -0.46272433934835533
FixedParameters: 0 0 0
#Transform 77
Transform: MatrixOffsetTransformBase_double_3_3
Parameters: 0.9999997300784934 0.0004734336455625585 -0.0002137817602356317 -0.0004725281941804812 0.9999898262687587 0.004577069855566121 0.00021614384994590597 -0.004576929299070061 0.999989005733745 0.028230028223802606 -0.05045665945748112 -0.47373995776389677
FixedParameters: 0 0 0
#Transform 78
Transform: MatrixOffsetTransformBase_double_3_3
Parameters: 0.9999999010057454 0.00027610113407342164 0.00015071891876575322 -0.00027662297664184495 0.9999884106795139 0.004848960669030351 -0.00015006917510097605 -0.00484904379638481 0.9999884644250798 0.023197758805324042 -0.06175918544721526 -0.5028110806600097
FixedParameters: 0 0 0
#Transform 79
Transform: MatrixOffsetTransformBase_double_3_3
Parameters: 0.99999971923365 0.000526630543720086 -0.000059666064486979295 -0.0005260529606588164 0.9999844617492121 0.0055010299500832666 0.00006245840015139725 -0.005500965670917263 0.9999847350444792 0.02793960776487836 -0.06224592944941776 -0.47008233749699
FixedParameters: 0 0 0
#Transform 80
Transform: MatrixOffsetTransformBase_double_3_3
Parameters: 0.9999995408907482 0.0005592535492631172 0.00038241994448001427 -0.000561240485431518 0.999986614726423 0.0051057850053517 -0.0003797600064827154 -0.00510621201803569 0.9999867833616991 0.028130503953917696 -0.041747831105681144 -0.5064884662820788
FixedParameters: 0 0 0
#Transform 81
Transform: MatrixOffsetTransformBase_double_3_3
Parameters: 0.9999991179692608 0.0003704292416949464 0.0008633185690970925 -0.0003741020408141748 0.9999902364234573 0.0044296786913796335 -0.0008611454219876168 -0.004430320655325198 0.9999896315473773 0.011421565123839628 -0.0833262680439617 -0.4875659415663023
FixedParameters: 0 0 0
#Transform 82
Transform: MatrixOffsetTransformBase_double_3_3
Parameters: 0.9999992945656028 0.0009767201463391072 0.0008669920418403173 -0.000980565129413418 0.999989159655581 0.004462149254041925 -0.0008623812774652961 -0.004462843676452881 0.9999893069140893 0.025201388760422105 -0.04302918922904553 -0.4880002101543113
FixedParameters: 0 0 0
#Transform 83
Transform: MatrixOffsetTransformBase_double_3_3
Parameters: 0.9999991281114695 0.0008074660402922069 0.0011043569755456138 -0.0008126002978888023 0.9999915774603155 0.004098106539345225 -0.0011008412637553945 -0.00409889480636088 0.9999909550844296 0.026789645815213703 -0.0703454050385659 -0.5058481626411293
FixedParameters: 0 0 0
#Transform 84
Transform: MatrixOffsetTransformBase_double_3_3
Parameters: 0.9999995157127523 0.0006937727632603276 -0.00005543487627639788 -0.0006933088809077971 0.9999878116985939 0.00486903985826103 0.000059190104504844564 -0.0048689603610121285 0.9999882894043041 0.0265767017559142 -0.06845263760583009 -0.46648636330664317
FixedParameters: 0 0 0
#Transform 85
Transform: MatrixOffsetTransformBase_double_3_3
Parameters: 0.9999996130595046 0.0006134370182930131 -0.00010438002187602511 -0.0006125216455185855 0.9999888607001608 0.004771033672172145 0.00010723058424303827 -0.004770966749170262 0.9999882272121585 0.027113573682242986 -0.027594426206420053 -0.4912334101901763
FixedParameters: 0 0 0
#Transform 86
Transform: MatrixOffsetTransformBase_double_3_3
Parameters: 0.9999997361964265 0.0009301799580386492 0.0006314047640306101 -0.0009332572461738692 0.9999887940085753 0.004729381342421381 -0.0006266838437493635 -0.00472961829849354 0.9999882055850102 0.0017818603207473416 -0.053271265578857196 -0.46310879032472485
FixedParameters: 0 0 0
#Transform 87
Transform: MatrixOffsetTransformBase_double_3_3
Parameters: 0.9999993288149138 0.0007872793382902056 0.00022618687066680327 -0.000788593004442467 0.9999876133909279 0.004874822771990306 -0.0002225338824903258 -0.0048751763387042055 0.9999881838878888 0.02604981670572215 -0.0642303740875576 -0.457534543557486
FixedParameters: 0 0 0
#Transform 88
Transform: MatrixOffsetTransformBase_double_3_3
Parameters: 0.9999983156268422 0.0013491306753469702 0.0009295400666673966 -0.0013534097371662487 0.9999873166609736 0.004886715003371393 -0.0009234849159758088 -0.004888283721510241 0.9999872233423508 0.005497324349278188 -0.05115494888924843 -0.47706270778223825
FixedParameters: 0 0 0
#Transform 89
Transform: MatrixOffsetTransformBase_double_3_3
Parameters: 1.0000001146028878 0.0005996716647810022 0.0007251736528725428 -0.0006024060733838563 0.9999896523843551 0.004584566667611194 -0.0007227868650453466 -0.004584438924337339 0.9999894266822226 0.011626719004667052 -0.08474672719580667 -0.4474203660792142
FixedParameters: 0 0 0
#Transform 90
Transform: MatrixOffsetTransformBase_double_3_3
Parameters: 0.9999995347598252 0.0004125310858123782 0.0005432656111748291 -0.00041494330453470553 0.9999875139279352 0.004930773022284257 -0.0005412785550589841 -0.004931221741924723 0.999987391034567 -0.015390056963767051 -0.028334810899067975 -0.43574880644383995
FixedParameters: 0 0 0
#Transform 91
Transform: MatrixOffsetTransformBase_double_3_3
Parameters: 0.9999995991738169 0.0006042182324369642 0.00018798249422718425 -0.0006060648533906839 0.9999886608061261 0.00479289099244512 -0.0001841805733533226 -0.004793116208130721 0.9999889923670164 0.0029596986629059074 -0.03330194095143213 -0.49730498786752264
FixedParameters: 0 0 0
#Transform 92
Transform: MatrixOffsetTransformBase_double_3_3
Parameters: 0.9999992592096502 0.0006151581591071019 0.0006019170590822181 -0.0006181693034812018 0.9999873541172282 0.004925626604244962 -0.000598934401151946 -0.004926367131599267 0.999987373868015 -0.0047741472859286205 -0.06488103288744185 -0.4316322477405379
FixedParameters: 0 0 0
#Transform 93
Transform: MatrixOffsetTransformBase_double_3_3
Parameters: 0.9999999829417602 0.0005625614885398427 0.0008372749263163568 -0.0005664925831487097 0.9999885614528935 0.004706523990956453 -0.0008340856557860367 -0.00470646949963735 0.9999881189785459 0.013640168111834328 -0.027117467712386656 -0.4501923168062092
FixedParameters: 0 0 0
#Transform 94
Transform: MatrixOffsetTransformBase_double_3_3
Parameters: 0.9999990228336544 0.0006198776164852859 0.0007696413895133202 -0.0006240052399665529 0.9999896732909103 0.00457552458994822 -0.0007670421011878954 -0.00457648032408952 0.999989469738831 0.01572918295478587 -0.07347236876550767 -0.44213494423485145
FixedParameters: 0 0 0
#Transform 95
Transform: MatrixOffsetTransformBase_double_3_3
Parameters: 0.9999996167271046 0.0005945601276728834 -0.00017214906982787771 -0.0005941441170650641 0.9999906622251119 0.004357070957516453 0.00017436116708895833 -0.004356927799084753 0.9999899874259142 0.026642554419723297 -0.06095911644001717 -0.45980301702414295
FixedParameters: 0 0 0
#Transform 96
Transform: MatrixOffsetTransformBase_double_3_3
Parameters: 0.9999996694248969 0.00013613501179924066 -0.000558831753511044 -0.0001328817404172214 0.9999886467228295 0.004726072674049293 0.0005591664458405017 -0.004725922294074425 0.9999883523208376 0.03002460197623691 -0.039316901535812576 -0.45615241966463316
FixedParameters: 0 0 0
#Transform 97
Transform: MatrixOffsetTransformBase_double_3_3
Parameters: 0.9999995786916354 0.000574206743713141 0.0003029299349340459 -0.0005753082865491611 0.9999878282596525 0.0049837951215573745 -0.0003002620591859301 -0.004984204603613991 0.9999870696079673 0.002297358016818407 -0.039981429490808296 -0.44591196350233986
FixedParameters: 0 0 0
#Transform 98
Transform: MatrixOffsetTransformBase_double_3_3
Parameters: 0.9999995715189449 0.0006539247384398593 0.000026960043490054243 -0.0006542856592352983 0.9999850456835462 0.005340979548091422 -0.000022971353497126977 -0.005341012210049609 0.9999854729046788 0.02634774431945175 -0.042807740671662486 -0.4370232495020474
FixedParameters: 0 0 0
#Transform 99
Transform: MatrixOffsetTransformBase_double_3_3
Parameters: 0.9999993819499229 0.00010739761659390072 -0.0007787919772850797 -0.00010175706295053466 0.9999719181548554 0.007488078715936951 0.000779547107349662 -0.007487915747925539 0.9999713219592452 0.030197549957534875 0.0029486069789612657 -0.5973726422445651
FixedParameters: 0 0 0
#Transform 100
Transform: MatrixOffsetTransformBase_double_3_3
Parameters: 0.9999998725810414 -0.0000431044695590076 0.0003541963799791008 0.00004066521933176488 0.9999808102393725 0.006260019486108319 -0.0003547836115642609 -0.006259989790853918 0.9999806863135262 0.05172016138924107 -0.09132802143483332 -0.4947582630729812
FixedParameters: 0 0 0
#Transform 101
Transform: MatrixOffsetTransformBase_double_3_3
Parameters: 0.9999993477954882 -0.0006978710631847345 0.0010797101264291304 0.0006918831910159727 0.9999860926560764 0.005137782527857057 -0.0010830090634003963 -0.005137214930486689 0.9999864669701098 0.03915614874496498 -0.032493076149648914 -0.5443081420759626
FixedParameters: 0 0 0
#Transform 102
Transform: MatrixOffsetTransformBase_double_3_3
Parameters: 0.9999985209216918 -0.0006021534556745236 0.0014552427856370173 0.0005939400111934287 0.9999858967667216 0.005264903473071 -0.0014577615092227563 -0.0052640965856863425 0.9999851938157032 0.01898692196130014 -0.047961378558440515 -0.49048850812398825
FixedParameters: 0 0 0
#Transform 103
Transform: MatrixOffsetTransformBase_double_3_3
Parameters: 0.9999998788221873 -0.00008114155567325867 0.00033824837990397013 0.00007965810689941784 0.9999865634986027 0.005141024732939439 -0.00033913788416806373 -0.005140970271338384 0.999986455236511 0.03891527343444068 -0.03932924150186068 -0.5182410906615758
FixedParameters: 0 0 0
#Transform 104
Transform: MatrixOffsetTransformBase_double_3_3
Parameters: 0.9999998291409636 -0.00041327954276934093 -0.000005009876041910391 0.00041338107426282033 0.9999886351550125 0.004816001810333009 0.0000030276669879364305 -0.004816005133350003 0.9999888059698039 0.05333821032392905 -0.059936203821408185 -0.5341243242010023
FixedParameters: 0 0 0
#Transform 105
Transform: MatrixOffsetTransformBase_double_3_3
Parameters: 0.999999830332595 -0.00008043480547556743 0.0004042466220863156 0.00007825433105063772 0.9999868598237467 0.005209036145284313 -0.0004041365475026525 -0.005208972005397175 0.9999867027342667 0.050532429875545404 -0.03585382401186621 -0.483531133485144
FixedParameters: 0 0 0
#Transform 106
Transform: MatrixOffsetTransformBase_double_3_3
Parameters: 0.9999991929028145 -0.0008114301995627414 0.0003858062202487647 0.0008089859834806022 0.9999822257561001 0.0059263173395333255 -0.0003904741843103972 -0.005925688385585708 0.9999827315300179 0.039950695912523315 0.004401698246354613 -0.5050837084622799
FixedParameters: 0 0 0
#Transform 107
Transform: MatrixOffsetTransformBase_double_3_3
Parameters: 0.9999992164168403 -0.0008380640119666547 0.0002843276703441995 0.0008367348076002449 0.9999814161099417 0.006073207229918824 -0.00028956411144229953 -0.006072789440900492 0.9999810369746748 0.042258035338647915 -0.040714648173576506 -0.49307352720148856
FixedParameters: 0 0 0
#Transform 108
Transform: MatrixOffsetTransformBase_double_3_3
Parameters: 0.999999579804739 -0.000337204698203713 0.0005536413521319888 0.00033327101239278634 0.999980146806146 0.006304186146093259 -0.0005559632978656884 -0.006303814160876088 0.9999799513666213 0.05028975784392742 0.013348596251020695 -0.5081976045027545
FixedParameters: 0 0 0
#Transform 109
Transform: MatrixOffsetTransformBase_double_3_3
Parameters: 0.9999999473020647 -0.00022929614590110962 -0.000009449107405025131 0.00022948554880338907 0.9999742074571204 0.007192999701721936 0.000008148069578144106 -0.007193003739605332 0.9999742599823441 0.05319855629466019 -0.026725753984521816 -0.569775426351228
FixedParameters: 0 0 0
#Transform 110
Transform: MatrixOffsetTransformBase_double_3_3
Parameters: 0.9999999392271017 -0.0002462971211424802 -0.000008870856270987515 0.00024646766799121936 0.9999784675839742 0.006516994738846364 0.00000765849537336245 -0.006516998812513809 0.9999785282040644 0.05240411536344425 -0.04999166962340951 -0.5481191670164378
FixedParameters: 0 0 0
#Transform 111
Transform: MatrixOffsetTransformBase_double_3_3
Parameters: 0.9999999507330579 -0.00019572033660080298 -0.00010508363683514866 0.00019603051937357963 0.9999814823858499 0.0061219825879825565 0.00010371622914570417 -0.006122023487920347 0.9999815098388639 0.04390109217742122 -0.02801931665104007 -0.5464055623523763
FixedParameters: 0 0 0
#Transform 112
Transform: MatrixOffsetTransformBase_double_3_3
Parameters: 0.9999997924368111 -0.0003829303409796891 0.000246686601707877 0.00038189345130313696 0.9999799109681202 0.006320094569025464 -0.0002485846289761065 -0.0063199051713833596 0.9999799958684682 0.038202360576875094 -0.058291218858570915 -0.5412084935647528
FixedParameters: 0 0 0
#Transform 113
Transform: MatrixOffsetTransformBase_double_3_3
Parameters: 0.9999994673646552 -0.0007251782359908644 -0.00007908657668993697 0.0007263602376542658 0.999977876082054 0.006677913855474359 0.00007439062865150799 -0.006678088038933792 0.9999773988958808 0.04071593485399205 -0.027603223718756453 -0.5275487044560947
FixedParameters: 0 0 0
#Transform 114
Transform: MatrixOffsetTransformBase_double_3_3
