#Insight Transform File V1.0
#Transform 0
Transform: MatrixOffsetTransformBase_double_3_3
Parameters: 0.9999996109229701 0.0005480912724658931 -0.0010433952766823245 -0.0005468816112176966 0.9999993340307017 0.0005796033803423806 0.001044029814321178 -0.0005793957795015084 0.9999996052521609 0.10780324788466089 -0.032618364863893134 -0.3664989632706863
FixedParameters: 0 0 0
#Transform 1
Transform: MatrixOffsetTransformBase_double_3_3
Parameters: 0.9999998847026665 0.000530919654817773 -0.0009129194431495524 -0.0005302412105331957 0.9999995490777152 0.00037148500297046194 0.0009133136648181132 -0.00037151406582153906 0.999999059600912 0.11173387208623353 -0.040707500348844405 -0.36741207510611673
FixedParameters: 0 0 0
#Transform 2
Transform: MatrixOffsetTransformBase_double_3_3
Parameters: 0.9999987261558831 0.0009318768631594472 -0.0015509505702484667 -0.0009316054342217162 1.0000000928071093 0.00008844603578501281 0.0015511136262657589 -0.00008655373995399701 0.9999986180365615 0.12129783471223732 -0.03460419336715859 -0.4413724779984989
FixedParameters: 0 0 0
#Transform 3
Transform: MatrixOffsetTransformBase_double_3_3
Parameters: 0.999999740278351 0.0008402182178391696 -0.0007435669883267685 -0.0008408867476586126 0.9999992125704745 0.00022262623141675736 0.0007439724463842908 -0.00022237390297658727 0.999999428695487 0.11188172326863821 -0.05665611484911892 -0.386017131902733
FixedParameters: 0 0 0
#Transform 4
Transform: MatrixOffsetTransformBase_double_3_3
Parameters: 0.9999992339504665 0.000469278458800981 -0.0012433130228038309 -0.00046907579410097476 0.9999997428221075 0.0000816156708719068 0.0012433894993420722 -0.00008138420317969214 0.9999994778439969 0.12317423781738057 -0.03897816510269081 -0.3959097260083837
FixedParameters: 0 0 0
#Transform 5
Transform: MatrixOffsetTransformBase_double_3_3
Parameters: 0.9999973107789235 0.000893220945611603 -0.00197216316745589 -0.0008937418485902127 0.9999991212723341 -0.00013917290581520747 0.001972912499837511 0.0001408272907134217 0.9999981503066345 0.13524064113319412 -0.01869109126194246 -0.4661934040038176
FixedParameters: 0 0 0
#Transform 6
Transform: MatrixOffsetTransformBase_double_3_3
Parameters: 0.999997899784103 0.0007959494597069741 -0.0018619011381727165 -0.0007958656756272951 0.9999993366017961 0.000023545647586040164 0.0018619369551879509 -0.00002145425788229599 0.9999985621701989 0.13696764909919068 -0.04213831304686266 -0.44719135389593134
FixedParameters: 0 0 0
#Transform 7
Transform: MatrixOffsetTransformBase_double_3_3
Parameters: 0.9999985313481922 0.0008337023975603214 -0.0013317623699345624 -0.0008334520132660356 0.9999992345092035 0.00009414342239222329 0.0013319190835174878 -0.00009385629984019067 0.9999992791674881 0.14443247861102293 -0.01121726711807014 -0.3750550639394419
FixedParameters: 0 0 0
#Transform 8
Transform: MatrixOffsetTransformBase_double_3_3
Parameters: 0.99999833594264 0.0010002344231781577 -0.0016318818200727013 -0.0010012448169997906 0.9999995768589074 -0.0006243353351199285 0.0016315979902714823 0.0006266659956907158 0.9999989765821504 0.16609490046641895 -0.014882932626349543 -0.4778454058514967
FixedParameters: 0 0 0
#Transform 9
Transform: MatrixOffsetTransformBase_double_3_3
Parameters: 0.9999997135720327 0.0007785318279641608 -0.0008248197123345972 -0.0007804790556400242 0.9999964728707712 -0.002432356440975964 0.000822962825370963 0.002433640898988558 0.9999964017086437 0.17783813987959718 -0.03662760808899179 -0.6237712881215884
FixedParameters: 0 0 0
#Transform 10
Transform: MatrixOffsetTransformBase_double_3_3
Parameters: 0.9999985989216787 0.001281714682215849 0.0008714539001325457 -0.001278405460652057 0.999994586752707 -0.002968118601751526 -0.0008749902289800225 0.0029668810677571586 0.999995400008144 0.17929457154730244 -0.020415826171273466 -0.6419641427482219
FixedParameters: 0 0 0
#Transform 11
Transform: MatrixOffsetTransformBase_double_3_3
Parameters: 0.9999991883525376 0.000647007169184433 -0.0006265397470234433 -0.0006503586760861431 0.9999905860329067 -0.004354596058626859 0.0006238260385407056 0.004354409127683336 0.9999906787692913 0.197763626712117 0.011000222043165309 -0.6663204050391727
FixedParameters: 0 0 0
#Transform 12
Transform: MatrixOffsetTransformBase_double_3_3
Parameters: 0.9999994258057983 0.0006729089729990617 0.00034810494165386845 -0.0006717138837799817 0.9999898875326313 -0.004434235332247332 -0.00035100568815793953 0.004433765310873711 0.9999902173593641 0.19809890183321954 -0.020685077536754193 -0.6734353561364799
FixedParameters: 0 0 0
#Transform 13
Transform: MatrixOffsetTransformBase_double_3_3
Parameters: 0.9999996356961701 0.0006934269268794081 0.000939866615594595 -0.0006884199224619627 0.9999831973194695 -0.005775651724445011 -0.0009436610439083377 0.005775348369367401 0.999982724996566 0.21997920353074107 0.04025984433610574 -0.6386157439735882
FixedParameters: 0 0 0
#Transform 14
Transform: MatrixOffsetTransformBase_double_3_3
Parameters: 0.9999997577509687 0.00039733419177399957 -0.00029069516636110896 -0.0003978316922896137 0.999996903949423 -0.002633887149400091 0.00028956879100337763 0.0026341178532007688 0.9999969778518959 0.23157204951992583 -0.05971124342504197 -0.5227647100961121
FixedParameters: 0 0 0
#Transform 15
Transform: MatrixOffsetTransformBase_double_3_3
Parameters: 0.9999990652110051 0.00015945083345133984 -0.0013818707004865003 -0.0001609066327700157 0.9999991545013758 -0.0008887454528554717 0.001381554652812342 0.0008882528592027636 0.9999983318461011 0.23555849564317555 -0.012130603886234326 -0.3530835447880776
FixedParameters: 0 0 0
#Transform 16
Transform: MatrixOffsetTransformBase_double_3_3
Parameters: 1.0000002153700644 0.0006570879290178278 -0.0005945943036250256 -0.0006572495677324775 0.9999995812258718 -0.000977609238036907 0.0005932781275463987 0.0009773918429963578 0.9999997231298379 0.21059834804648858 -0.0128077335843102 -0.38231669476074615
FixedParameters: 0 0 0
#Transform 17
Transform: MatrixOffsetTransformBase_double_3_3
Parameters: 0.99999726693825 0.0002635477471312558 -0.002159767208896216 -0.0002660578247581492 0.9999992735527328 -0.0012753646261395926 0.0021589974642354346 0.001275635803584519 0.9999967395792344 0.20538687914998377 -0.021271986243675656 -0.4419125304625169
FixedParameters: 0 0 0
#Transform 18
Transform: MatrixOffsetTransformBase_double_3_3
Parameters: 0.9999960972242271 0.0005392687703131645 -0.002571479815718022 -0.0005447646794926002 0.9999974561667894 -0.0020465087381283734 0.002570103247608449 0.0020474878901374366 0.9999942606231871 0.18973232485400615 -0.013975610463461408 -0.45220240070707973
FixedParameters: 0 0 0
#Transform 19
Transform: MatrixOffsetTransformBase_double_3_3
Parameters: 0.9999988612924349 0.001099609438441806 -0.0009646711863759936 -0.0011040659551303344 0.9999867793684774 -0.004996939073224228 0.0009584987153339393 0.004998060083518854 0.9999871315771044 0.18635576742015303 0.01010489691931582 -0.5271092396036465
FixedParameters: 0 0 0
#Transform 20
Transform: MatrixOffsetTransformBase_double_3_3
Parameters: 0.9999985673185766 0.0006392450479703639 -0.001422896043212429 -0.0006471251384993179 0.9999817652422319 -0.005982054060041209 0.0014189155865170357 0.00598294665281764 0.9999812207755476 0.21536563880364668 0.023968330904779123 -0.6154307723289492
FixedParameters: 0 0 0
#Transform 21
Transform: MatrixOffsetTransformBase_double_3_3
Parameters: 0.9999996015507775 0.0009332087590972851 -0.0007264074542656668 -0.0009372459789090693 0.9999876150474214 -0.00494735216880603 0.000721057110848408 0.004947645071599109 0.9999870306880972 0.19059014814759223 -0.012473706854478905 -0.5960581812353496
FixedParameters: 0 0 0
#Transform 22
Transform: MatrixOffsetTransformBase_double_3_3
Parameters: 0.999996672605807 0.00010260945925912833 -0.002513244520228547 -0.00011261843028471362 0.9999914770362658 -0.00418463736254179 0.002512997773985325 0.0041853666322025675 0.9999881668941798 0.18706282011801534 0.04550460434774095 -0.5270551241153072
FixedParameters: 0 0 0
#Transform 23
Transform: MatrixOffsetTransformBase_double_3_3
Parameters: 0.9999997998016972 0.001009357455799478 -0.0004264669980293859 -0.0010110046155874907 0.9999891588798734 -0.004448568790443398 0.00042141457272454086 0.0044484272824183435 0.9999900624273058 0.18745433735514894 0.013420807077096697 -0.6004237197488749
FixedParameters: 0 0 0
#Transform 24
Transform: MatrixOffsetTransformBase_double_3_3
Parameters: 0.9999984112050341 0.0002798431445390871 -0.0018736412959604518 -0.00028978269127896683 0.9999844665641734 -0.005605433514766802 0.0018721017294238186 0.005605565123306389 0.9999821008382183 0.19644036542703702 0.01017376291812866 -0.5084633299253909
FixedParameters: 0 0 0
#Transform 25
Transform: MatrixOffsetTransformBase_double_3_3
Parameters: 0.9999999557993581 0.0007067530766616543 -0.0007380899194211559 -0.0007117293624571562 0.9999802423942504 -0.006184473104609747 0.0007331888963962048 0.00618551660940243 0.9999802042672571 0.1953920727920604 0.0242903781133208 -0.605942464990946
FixedParameters: 0 0 0
#Transform 26
Transform: MatrixOffsetTransformBase_double_3_3
Parameters: 0.9999990628046829 0.00033790537237700797 -0.00090743528184349 -0.0003435023381140015 0.9999795128427731 -0.00643169233837472 0.000904862960802626 0.0064323098041593404 0.9999788078248629 0.20892043233024538 0.04689802893443584 -0.6261416668601925
FixedParameters: 0 0 0
#Transform 27
Transform: MatrixOffsetTransformBase_double_3_3
Parameters: 0.9999995770286255 0.0006607678550117521 -0.0009928142163170759 -0.0006676445991572123 0.9999782897380516 -0.0065753411785116345 0.000988888224286915 0.0065756594252110515 0.9999778119205895 0.19058359431579674 0.023130279465306103 -0.5572091429495032
FixedParameters: 0 0 0
#Transform 28
Transform: MatrixOffsetTransformBase_double_3_3
Parameters: 0.9999997358934924 0.0006094287360833843 -0.0009449144037287478 -0.0006159517159932879 0.9999776402125337 -0.006706424789455323 0.0009405052371511127 0.006707579983379196 0.9999771269108555 0.17837633280883836 0.058659827407964826 -0.5998078815274681
FixedParameters: 0 0 0
#Transform 29
Transform: MatrixOffsetTransformBase_double_3_3
Parameters: 0.9999995709691083 0.0005014661016538807 -0.0010851759205301689 -0.0005089716486253409 0.9999737320738469 -0.007211423393722927 0.0010816352869308244 0.007212580913111621 0.9999738115866125 0.18671893803872308 0.04580773244006764 -0.6092060618118609
FixedParameters: 0 0 0
#Transform 30
Transform: MatrixOffsetTransformBase_double_3_3
Parameters: 0.9999981331374571 0.0006923281747118041 -0.0018403193930550373 -0.0007038765508079491 0.9999803331504945 -0.006173651492731046 0.001836351159099687 0.006174347737863128 0.9999795626398938 0.1617534889719252 0.041806486530319376 -0.3723671709758918
FixedParameters: 0 0 0
#Transform 31
Transform: MatrixOffsetTransformBase_double_3_3
Parameters: 0.9999988389678983 0.0005522379118137425 -0.0016898177351569287 -0.0005622508154193058 0.9999821073139017 -0.005962026151028095 0.0016868564596602747 0.005962972564071023 0.9999806281608592 0.16397999059412882 0.052963605593475904 -0.39162814758213926
FixedParameters: 0 0 0
#Transform 32
Transform: MatrixOffsetTransformBase_double_3_3
Parameters: 0.9999985648775522 0.0006142270915713789 -0.001748513757602045 -0.0006246503700958355 0.9999788344356418 -0.00646088347440453 0.0017451292791802048 0.006462112356592664 0.9999772275611248 0.14864057152347243 0.03956985064176877 -0.4261157911077902
FixedParameters: 0 0 0
#Transform 33
Transform: MatrixOffsetTransformBase_double_3_3
Parameters: 0.9999987853753031 0.0006863430000427825 -0.0016563749030677033 -0.0006974303396363593 0.9999772983078145 -0.0067218245614604315 0.001651724390028427 0.006723178182978115 0.9999761019426068 0.1609362000179999 0.05231723002374622 -0.4702374298780967
FixedParameters: 0 0 0
#Transform 34
Transform: MatrixOffsetTransformBase_double_3_3
Parameters: 0.9999996460105969 0.000501920779390984 -0.0010501144865747193 -0.0005097418930722253 0.9999751202061038 -0.007114474502863843 0.0010456950358588002 0.007115534647769244 0.9999742779740928 0.17075720370752379 0.06211539666992394 -0.6073937529633184
FixedParameters: 0 0 0
#Transform 35
Transform: MatrixOffsetTransformBase_double_3_3
Parameters: 0.9999984798743989 0.0006719514667512567 -0.0017517850309741036 -0.0006828031417559337 0.9999782993259169 -0.006572783249616309 0.0017475000556085353 0.0065742183759154235 0.9999767577236317 0.16039378643692714 0.04991831887983267 -0.4787451903828952
FixedParameters: 0 0 0
#Transform 36
Transform: MatrixOffsetTransformBase_double_3_3
Parameters: 0.9999974659737408 0.00022685379412985482 -0.002117274145772418 -0.00024141990745910364 0.9999759744458172 -0.00699744724057761 0.0021155249666065523 0.006998563892595625 0.9999735461322634 0.16585640932626688 0.07874845487849313 -0.4624571806413229
FixedParameters: 0 0 0
#Transform 37
Transform: MatrixOffsetTransformBase_double_3_3
Parameters: 0.9999986972292688 0.0002652787314455584 -0.0014941877629822613 -0.00027517951250031103 0.9999772649762979 -0.0066825596860163455 0.0014922607397071445 0.0066834295135511194 0.9999761062987557 0.1661273013956901 0.06878779584796746 -0.6119422922848088
FixedParameters: 0 0 0
#Transform 38
Transform: MatrixOffsetTransformBase_double_3_3
Parameters: 0.9999983984492021 0.0005673549784035061 -0.0015099341379707998 -0.0005784891435260445 0.9999749593387955 -0.0070481034261855 0.0015055414601347896 0.007048895849563464 0.999974075112152 0.1533262868823897 0.05638076905695755 -0.5477820197441474
FixedParameters: 0 0 0
#Transform 39
Transform: MatrixOffsetTransformBase_double_3_3
Parameters: 0.9999995147908001 0.0005854426133593278 -0.0010692291701871629 -0.0005921046948421493 0.9999756320590095 -0.0069273415129680015 0.0010648183430974401 0.00692766276315477 0.9999759010027054 0.16639237632691106 0.10260395957294577 -0.5994637860708565
FixedParameters: 0 0 0
#Transform 40
Transform: MatrixOffsetTransformBase_double_3_3
Parameters: 0.9999996888832874 0.0004231619021319638 -0.0003637466813493923 -0.0004255123788241869 0.999971298836804 -0.007517841302958454 0.00036027053783421644 0.007518148535715415 0.9999713478689839 0.1499274939184687 0.08587896573716591 -0.6305438398034653
FixedParameters: 0 0 0
#Transform 41
Transform: MatrixOffsetTransformBase_double_3_3
Parameters: 0.9999998352661257 0.0003590588917657102 -0.0001897591776450181 -0.00035943356155909825 0.9999781904187702 -0.006532927347759704 0.00018800092766851854 0.0065330630580289276 0.9999782838179935 0.16952723385661272 0.06446953405553302 -0.6122618125480415
FixedParameters: 0 0 0
#Transform 42
Transform: MatrixOffsetTransformBase_double_3_3
Parameters: 0.9999998963837408 0.0003283528828110604 -0.0009981819133257949 -0.00033434608920936165 0.9999790016431914 -0.006546672756869612 0.000995622639233454 0.006546335383878936 0.9999781804210073 0.17394111001154045 0.10110630281251076 -0.603594005472857
FixedParameters: 0 0 0
#Transform 43
Transform: MatrixOffsetTransformBase_double_3_3
Parameters: 0.9999993558618456 0.0005073044862050506 -0.0006220987387958743 -0.0005112304236013597 0.9999735374553707 -0.007293687775540271 0.0006185104189401617 0.00729431958600376 0.9999734120484165 0.17099495346360527 0.05799989281024409 -0.6294392310740449
FixedParameters: 0 0 0
#Transform 44
Transform: MatrixOffsetTransformBase_double_3_3
Parameters: 0.9999987830722166 0.0003632010565656975 -0.0014439010747829151 -0.0003725258770843259 0.9999775991016927 -0.00672744237575679 0.0014416354587141512 0.006728566662766569 0.9999766508673662 0.18227697885036775 0.05780507539473945 -0.4419190105066235
FixedParameters: 0 0 0
#Transform 45
Transform: MatrixOffsetTransformBase_double_3_3
Parameters: 0.9999996824532775 0.0005135190413072263 -0.00023178900106785884 -0.0005155500434038358 0.9999764701278521 -0.006799877924606727 0.00022775886266074072 0.006799116356595771 0.9999767448881446 0.14939674529342994 0.10760149002356911 -0.3821456512747403
FixedParameters: 0 0 0
#Transform 46
Transform: MatrixOffsetTransformBase_double_3_3
Parameters: 0.9999986889430046 0.000473015594928725 -0.001757413003380071 -0.0004851751372300387 0.9999760397142156 -0.0069061239400587705 0.0017534167526296457 0.006906870752484563 0.9999742485643306 0.16441243324102572 0.08225898225587969 -0.4247162007089571
FixedParameters: 0 0 0
#Transform 47
Transform: MatrixOffsetTransformBase_double_3_3
Parameters: 0.9999974536547751 0.0004327211581472691 -0.002315254390355139 -0.00044837387574783635 0.9999767231160858 -0.006858918333876845 0.0023117063753735688 0.006860084315723564 0.9999736238026276 0.1654225523733146 0.06648286899022082 -0.41558500709636803
FixedParameters: 0 0 0
#Transform 48
Transform: MatrixOffsetTransformBase_double_3_3
Parameters: 0.9999991544548319 0.0004883115097022891 -0.0012674197502133833 -0.0004966403517356059 0.9999785220769886 -0.006496343330536041 0.0012647676936371804 0.0064966551480675795 0.999978222433775 0.17382762122726092 0.10121793186819161 -0.5259740374916788
FixedParameters: 0 0 0
#Transform 49
Transform: MatrixOffsetTransformBase_double_3_3
Parameters: 0.9999992286715437 0.000839636304880913 -0.00025775075428465037 -0.0008411760123640159 0.9999719908266173 -0.007368780953507237 0.0002522984212323752 0.0073692096076599135 0.9999726320973004 0.1610814917701333 0.08578580383743883 -0.604169893033685
FixedParameters: 0 0 0
#Transform 50
Transform: MatrixOffsetTransformBase_double_3_3
Parameters: 0.9999990066659219 0.0003525719035775665 -0.0009321801295009511 -0.00035828610851117577 0.9999765937009222 -0.006875670962991378 0.0009300708613185634 0.006876332868772823 0.9999758530453743 0.17397225500145908 0.07739716031090893 -0.5295044825089548
FixedParameters: 0 0 0
#Transform 51
Transform: MatrixOffsetTransformBase_double_3_3
Parameters: 0.9999996381416127 0.0005803568522715148 -0.0001583594102412034 -0.0005813952385671172 0.9999757755958384 -0.0069199087121428575 0.0001542866028100129 0.006920090323988614 0.999976088597185 0.17018340156425893 0.08782760296276138 -0.6162526415386935
FixedParameters: 0 0 0
#Transform 52
Transform: MatrixOffsetTransformBase_double_3_3
Parameters: 0.9999993605306462 0.0006666485972559346 -0.001093313102476524 -0.0006734708400685505 0.9999764251245651 -0.0068622689124362285 0.0010888626739161253 0.0068627330900834956 0.9999757464323428 0.16966385435158315 0.07263909904230559 -0.546152141119947
FixedParameters: 0 0 0
#Transform 53
Transform: MatrixOffsetTransformBase_double_3_3
Parameters: 0.9999996911940271 0.0006967854998640018 -0.0009073319665157386 -0.0007030562694850964 0.9999763812907244 -0.0068643680746232096 0.0009025310052586268 0.0068656348520367665 0.9999760522919261 0.1809837822035263 0.09012094254724445 -0.5195363146202965
FixedParameters: 0 0 0
#Transform 54
Transform: MatrixOffsetTransformBase_double_3_3
Parameters: 0.999999148366491 0.0005532382042888413 -0.0007386322128532902 -0.0005580231182947917 0.9999774538777294 -0.006723592177622292 0.0007350015360501069 0.006723412956634214 0.9999772825087624 0.17585795963748296 0.09060830437167056 -0.6289225122861382
FixedParameters: 0 0 0
#Transform 55
Transform: MatrixOffsetTransformBase_double_3_3
Parameters: 0.9999994561744072 0.0007355822567664183 -0.000051156224726991915 -0.0007360886173905519 0.9999769445878735 -0.006819997060872086 0.000046116844475973955 0.006820005849680386 0.9999764856725235 0.16253405149915068 0.07563154673829331 -0.6323614000408782
FixedParameters: 0 0 0
#Transform 56
Transform: MatrixOffsetTransformBase_double_3_3
Parameters: 0.9999992684521981 0.0008549115076882528 0.000006471968439607773 -0.0008555639559888796 0.9999691464467999 -0.007818012400119118 -0.000013816246511342155 0.007817995052482065 0.9999698778088858 0.16559575187272912 0.08778696726139401 -0.6076543897243596
FixedParameters: 0 0 0
#Transform 57
Transform: MatrixOffsetTransformBase_double_3_3
Parameters: 0.9999979939865935 0.0008653599463802642 0.001804922729167172 -0.0008520637735225753 0.9999731884968421 -0.0072194897681002665 -0.0018109147450996587 0.007217508370535815 0.999972590557043 0.15700842427351347 0.10910810679757788 -0.6517136834847292
FixedParameters: 0 0 0
#Transform 58
Transform: MatrixOffsetTransformBase_double_3_3
Parameters: 0.9999980060013159 0.0007617657588042327 0.0015536517282866515 -0.0007497609174748204 0.9999726215363061 -0.007338142973844466 -0.0015593996683561273 0.007336851024164353 0.9999717051664142 0.15284141837710763 0.09282173432906404 -0.6255449514208493
FixedParameters: 0 0 0
#Transform 59
Transform: MatrixOffsetTransformBase_double_3_3
Parameters: 0.9999982653845589 0.000624345404631238 -0.0015312463089362097 -0.000635219847339608 0.9999736962480137 -0.007202003028852301 0.001526826183115718 0.007202993741019216 0.9999728157306819 0.16788035058183937 0.08584601515934764 -0.4102667829488098
FixedParameters: 0 0 0
#Transform 60
Transform: MatrixOffsetTransformBase_double_3_3
Parameters: 0.9999996880706252 0.0004359947505576859 -0.00034890313339685115 -0.00043861170331545947 0.9999768533880626 -0.006778847268969584 0.0003459098052214593 0.006779151117984904 0.9999769239483766 0.1702527264709488 0.13252897706337308 -0.5078258933544646
FixedParameters: 0 0 0
#Transform 61
Transform: MatrixOffsetTransformBase_double_3_3
Parameters: 0.999998410375166 0.0005733550328992665 -0.0018056130373350482 -0.0005869144839447648 0.9999728055808852 -0.0074039239632273345 0.0018016108983719924 0.00740508143259265 0.9999709499125128 0.17309860712609293 0.1093474994376038 -0.45556922423241986
FixedParameters: 0 0 0
#Transform 62
Transform: MatrixOffsetTransformBase_double_3_3
Parameters: 0.9999986232859945 0.00042491435573983085 -0.0014815754698832245 -0.0004365211790650428 0.9999729537855372 -0.007338330218331052 0.0014789372345037867 0.0073396681725601785 0.999971946155931 0.1566721230353494 0.10516579897019085 -0.3997952386022092
FixedParameters: 0 0 0
#Transform 63
Transform: MatrixOffsetTransformBase_double_3_3
Parameters: 0.9999993922502123 0.0007267955933959755 -0.00028277640371320646 -0.0007283279529500438 0.999978790364812 -0.006530826753654462 0.00027720880636985 0.006530173365405428 0.9999783061022697 0.15665104086444614 0.12201359184811622 -0.535171261444404
FixedParameters: 0 0 0
#Transform 64
Transform: MatrixOffsetTransformBase_double_3_3
Parameters: 0.9999980735647164 0.0005699948252265966 -0.0018974794748294257 -0.0005844951934063432 0.9999734404770897 -0.007292871706850133 0.0018936482862448034 0.00729412491166859 0.999971241308639 0.16304272784603313 0.11181467428698966 -0.49660582975941736
FixedParameters: 0 0 0
#Transform 65
Transform: MatrixOffsetTransformBase_double_3_3
Parameters: 0.9999984787005823 0.0009996905872285838 -0.0015879781245202065 -0.0010128023773815812 0.999964535480725 -0.008329371731903738 0.001579800983421339 0.00833062609220071 0.9999641629083963 0.15124139589603658 0.11525668822379487 -0.4700384669261837
FixedParameters: 0 0 0
#Transform 66
Transform: MatrixOffsetTransformBase_double_3_3
Parameters: 0.9999997070879522 0.000620255248446508 -0.0009529522280272865 -0.0006276446048836527 0.9999700645475554 -0.007649373206734349 0.0009481839353098503 0.007649624203005016 0.9999706111101085 0.16328989296641794 0.11197481412864363 -0.5803412009354645
FixedParameters: 0 0 0
#Transform 67
Transform: MatrixOffsetTransformBase_double_3_3
Parameters: 0.9999984983347392 0.0007150603936518323 -0.0017292241479084983 -0.0007281891818704307 0.9999703921329899 -0.007618691818432787 0.0017238158378291594 0.007620311210731059 0.9999699908315414 0.16553465666582667 0.08744028130121251 -0.45084603023900627
FixedParameters: 0 0 0
#Transform 68
Transform: MatrixOffsetTransformBase_double_3_3
Parameters: 0.9999989103140384 0.0005173981317144256 -0.0013499256321807332 -0.0005264282075534378 0.9999742753315946 -0.007102261847965686 0.0013461951518242163 0.0071037317989526595 0.9999737284845297 0.16499243555652754 0.12210480605865826 -0.36999174030610504
FixedParameters: 0 0 0
#Transform 69
Transform: MatrixOffsetTransformBase_double_3_3
Parameters: 0.9999987802534195 0.0004947028552735855 -0.001405701035120808 -0.000505623233742001 0.9999663387314749 -0.008208270154606952 0.0014011107961900155 0.008208738808496173 0.9999656801591741 0.17272477622070426 0.10972319811092746 -0.46244781142624447
FixedParameters: 0 0 0
#Transform 70
Transform: MatrixOffsetTransformBase_double_3_3
Parameters: 0.9999982771971145 0.0004882785755090522 -0.0015764573516136473 -0.0005003061193269436 0.9999679400155896 -0.007986188607137512 0.001572151564293561 0.007986809732910872 0.9999667667090608 0.16821362345677926 0.09322975218975671 -0.425814190481816
FixedParameters: 0 0 0
#Transform 71
Transform: MatrixOffsetTransformBase_double_3_3
Parameters: 0.9999983822995685 0.00047758741640958034 -0.0018413187807551333 -0.0004923502346144239 0.9999667429539314 -0.008123045956600752 0.0018369662061336024 0.008123957398994065 0.9999656545171093 0.17815802646124723 0.12849916663225258 -0.43483873600632705
FixedParameters: 0 0 0
#Transform 72
Transform: MatrixOffsetTransformBase_double_3_3
Parameters: 0.9999988661023891 0.0004962795555628234 -0.0013736138517919515 -0.0005070326036365078 0.9999680199611649 -0.007982282279930097 0.0013702563096138942 0.007983721570540694 0.9999673874340897 0.16202736261035966 0.1134063914995238 -0.4516821522835528
FixedParameters: 0 0 0
#Transform 73
Transform: MatrixOffsetTransformBase_double_3_3
Parameters: 0.9999982939004224 0.0007841103571524618 -0.0017578832882148372 -0.0007974114230856598 0.9999712641942243 -0.007552579612521933 0.0017525261019713354 0.00755342228181316 0.9999699323410371 0.14986258553267362 0.12235680459200182 -0.3916325482694134
FixedParameters: 0 0 0
#Transform 74
Transform: MatrixOffsetTransformBase_double_3_3
Parameters: 0.9999989169649142 0.0005505106142318957 -0.0013344235890192777 -0.0005603491125916814 0.9999715376948871 -0.007491226441219152 0.0013297853687956576 0.0074917710110004 0.9999711325113283 0.15544958690458088 0.14638009819441322 -0.3691362360942776
FixedParameters: 0 0 0
#Transform 75
Transform: MatrixOffsetTransformBase_double_3_3
Parameters: 0.9999974813126941 0.0007840831451747865 -0.002214326835548749 -0.000800774249431232 0.9999705580204686 -0.0076641869451972225 0.002208641284866655 0.0076658214110473105 0.9999684168901536 0.1550126543652226 0.12047912494169566 -0.43505970325507803
FixedParameters: 0 0 0
#Transform 76
Transform: MatrixOffsetTransformBase_double_3_3
Parameters: 0.9999978836042805 0.00047419845531594874 -0.001972776132976746 -0.00048745033482842736 0.9999739490233008 -0.007195990492678998 0.0019693823962759877 0.007197013558675094 0.999972353879647 0.15960992009499364 0.11979883057972529 -0.3992191269237537
FixedParameters: 0 0 0
#Transform 77
Transform: MatrixOffsetTransformBase_double_3_3
Parameters: 0.9999977444979697 0.000996614456388964 -0.0018060646992952474 -0.0010101465217655624 0.9999717554132764 -0.007427155787295723 0.001798745976042079 0.007428839576370673 0.9999706371115741 0.16240607048571576 0.13372668674266208 -0.4185187298676851
FixedParameters: 0 0 0
#Transform 78
Transform: MatrixOffsetTransformBase_double_3_3
Parameters: 0.9999979172832892 0.0005210676209771392 -0.0019518710528191833 -0.000536951105983663 0.9999703920407669 -0.007699908963643868 0.0019482814450776434 0.007701099766796917 0.9999689278958503 0.16703419952608556 0.13579468550059914 -0.4464188064788033
FixedParameters: 0 0 0
#Transform 79
Transform: MatrixOffsetTransformBase_double_3_3
Parameters: 0.9999977641396518 0.0007082173993651872 -0.002176075267953521 -0.0007249690228563909 0.9999725492975727 -0.007339373234323911 0.002170081883483838 0.007340617242953294 0.9999704621196255 0.16980658860613573 0.10763770789306193 -0.41172448472164547
FixedParameters: 0 0 0
#Transform 80
Transform: MatrixOffsetTransformBase_double_3_3
Parameters: 0.9999987499562454 0.00047935880710197915 -0.0017377737902973722 -0.0004920571618464104 0.9999746462041963 -0.0071471262032517975 0.0017344516041578977 0.007147877477172812 0.9999729288252198 0.15185561906586997 0.14155628085387661 -0.34784380700291706
FixedParameters: 0 0 0
#Transform 81
Transform: MatrixOffsetTransformBase_double_3_3
Parameters: 0.9999985236406606 0.00023059445893260208 -0.0018503057451082889 -0.00024346005039522887 0.999973936071074 -0.007278531864406714 0.0018484145530145528 0.007278473338423949 0.9999716329121232 0.14499025637177 0.1443538144766734 -0.41418314768306175
FixedParameters: 0 0 0
#Transform 82
Transform: MatrixOffsetTransformBase_double_3_3
Parameters: 0.999998378694857 0.0005742517599556261 -0.0018145669227973534 -0.0005874759841710186 0.9999738003185753 -0.007267917361579657 0.0018097124562341694 0.007269087372946324 0.9999719146662265 0.14435633003981252 0.11695072261751704 -0.3868022592265987
FixedParameters: 0 0 0
#Transform 83
Transform: MatrixOffsetTransformBase_double_3_3
Parameters: 0.9999972893735721 0.0003878777230182323 -0.0023576087615961765 -0.0004044724776987918 0.9999756434132483 -0.006939970871173859 0.0023556048529008683 0.006941028494361602 0.9999733035865032 0.16366211569618372 0.15158833563455687 -0.4163126609586101
FixedParameters: 0 0 0
#Transform 84
Transform: MatrixOffsetTransformBase_double_3_3
Parameters: 0.9999988516453215 0.0009807333731887903 -0.0014786239926200579 -0.0009925952671087103 0.9999686156779312 -0.007833512630304372 0.0014708142314900435 0.007835487548929161 0.9999684752051478 0.15017823873516534 0.14647839270402585 -0.4287315472518429
FixedParameters: 0 0 0
#Transform 85
Transform: MatrixOffsetTransformBase_double_3_3
Parameters: 0.9999987202325914 0.000921632184272156 -0.0015586669176125155 -0.0009335711578699968 0.9999743926516597 -0.007120528752512848 0.0015521373471666534 0.007122479145188952 0.9999738946311846 0.14490836235924576 0.13360152973220352 -0.35746362294653977
FixedParameters: 0 0 0
#Transform 86
Transform: MatrixOffsetTransformBase_double_3_3
Parameters: 0.99999697830675 0.0006882403334515397 -0.0021325043243429222 -0.0007046438848889909 0.9999709450195795 -0.007648483032968008 0.002127344460205292 0.007649516555768069 0.9999680170300581 0.14605361046882592 0.15403662202378143 -0.398181359190275
FixedParameters: 0 0 0
#Transform 87
Transform: MatrixOffsetTransformBase_double_3_3
Parameters: 0.999997529240098 0.0005415447654126213 -0.0022758827714683227 -0.000558172861925591 0.9999702757520914 -0.007640654406910807 0.002270911751716523 0.00764234489337217 0.9999684665844576 0.16010452297005884 0.145474570901726 -0.41102302859334827
FixedParameters: 0 0 0
#Transform 88
Transform: MatrixOffsetTransformBase_double_3_3
Parameters: 0.9999979988981702 0.0004759968347035578 -0.0016656358228194369 -0.00048794663621834494 0.9999734284789561 -0.00723213570450261 0.0016622851035907257 0.007232867245523408 0.9999729508388102 0.16716526185911107 0.11236675389513096 -0.3841331517760551
FixedParameters: 0 0 0
#Transform 89
Transform: MatrixOffsetTransformBase_double_3_3
Parameters: 0.9999997359791111 0.0005066227130909758 0.00008460825018035473 -0.0005063163010448606 0.9999758398419113 -0.006993074914035703 -0.00008866189974343549 0.006992924367917781 0.9999750908424013 0.17402842565159915 0.17413284743376778 -0.6352762003858032
FixedParameters: 0 0 0
#Transform 90
Transform: MatrixOffsetTransformBase_double_3_3
Parameters: 0.9999985702391487 0.001149964107028623 -0.0014514987586779807 -0.0011592139728221036 0.9999788099122076 -0.006386323128778976 0.0014444632455120838 0.006387670757226724 0.9999781719260844 0.13292919913030232 0.09892997692686833 -0.32821740784616793
FixedParameters: 0 0 0
#Transform 91
Transform: MatrixOffsetTransformBase_double_3_3
Parameters: 0.9999983896818291 0.0009875162189503246 -0.001278947600397193 -0.000996345062530444 0.9999749354144502 -0.0070737385393814245 0.0012716264272127878 0.007075270540738334 0.9999743557850402 0.1315185382105568 0.1406595274690403 -0.35656586071074514
FixedParameters: 0 0 0
#Transform 92
Transform: MatrixOffsetTransformBase_double_3_3
Parameters: 0.9999976281217213 0.0007320124038956595 -0.0019582725562125028 -0.0007448299857012692 0.9999772621048809 -0.006644489846038496 0.0019540467914877027 0.006646506373246472 0.9999760396300108 0.1265682252895317 0.1119843556076745 -0.35460262011079635
FixedParameters: 0 0 0
#Transform 93
Transform: MatrixOffsetTransformBase_double_3_3
Parameters: 0.9999980357147906 0.0009049740696185888 -0.0017738232220343788 -0.0009166968918134794 0.9999765320149291 -0.0067503501805995965 0.0017671450725183543 0.006751642201004802 0.9999753506205513 0.13380895634939804 0.1225410880624338 -0.34175431002901746
FixedParameters: 0 0 0
#Transform 94
Transform: MatrixOffsetTransformBase_double_3_3
Parameters: 0.9999987114102967 0.0004355690472312788 -0.0017600730701457094 -0.0004483834698332951 0.9999745277156635 -0.007088159456937578 0.0017574281999974517 0.0070888416818274645 0.9999736886771036 0.15042875747076323 0.15662594519763218 -0.4193020153530398
FixedParameters: 0 0 0
#Transform 95
Transform: MatrixOffsetTransformBase_double_3_3
Parameters: 0.9999981395057614 0.0006524875315805766 -0.0018533529618047695 -0.0006648750411037464 0.9999759213275304 -0.006897744156338915 0.0018488548793985902 0.006898249499162311 0.9999740521905292 0.13873955643046543 0.12947445825129478 -0.4305675977553136
FixedParameters: 0 0 0
#Transform 96
Transform: MatrixOffsetTransformBase_double_3_3
Parameters: 0.9999981423819663 0.0010038887333296647 -0.0013600513945721008 -0.0010138971930564464 0.9999712022714664 -0.007465598000614984 0.0013526673182673928 0.007467399649262005 0.9999714412500295 0.14135063316550145 0.12075368545561105 -0.4123249709366803
FixedParameters: 0 0 0
#Transform 97
Transform: MatrixOffsetTransformBase_double_3_3
Parameters: 0.999999134008482 0.0010616080685426502 -0.0008596218007531157 -0.0010676783567683714 0.9999740438081643 -0.007196121313828765 0.0008521057811216296 0.007196882899971044 0.9999735095563688 0.14001012393660517 0.15116074505576194 -0.41332712069633715
FixedParameters: 0 0 0
#Transform 98
Transform: MatrixOffsetTransformBase_double_3_3
Parameters: 0.9999986165923237 0.0008977747902514875 -0.001255912045176547 -0.0009074330897785642 0.9999713843584586 -0.007533868626643021 0.0012490243523010822 0.007535131601720063 0.999970693172624 0.14335281705081115 0.11212765361419486 -0.4140805570363142
FixedParameters: 0 0 0
#Transform 99
Transform: MatrixOffsetTransformBase_double_3_3
Parameters: 0.999998512641184 0.0005741115453293525 -0.0014690849859343388 -0.0005843034920058577 0.9999756986493509 -0.006923116595702675 0.0014647485096648974 0.006923880682627514 0.9999749430976286 0.14996581240114892 0.13740133258413323 -0.3681976455912803
FixedParameters: 0 0 0
#Transform 100
Transform: MatrixOffsetTransformBase_double_3_3
Parameters: 0.9999987315119647 0.001024699373511324 -0.0011038309438262184 -0.0010321892638318955 0.9999772545472336 -0.006681868628669374 0.0010968622921361912 0.0066831339210721985 0.99997716428746 0.1429268164600046 0.14787512519149004 -0.37027998127574335
FixedParameters: 0 0 0
#Transform 101
Transform: MatrixOffsetTransformBase_double_3_3
Parameters: 0.9999988162804971 0.001142595309096548 -0.0013704485564841854 -0.001152710097696886 0.9999709238879376 -0.0074623966233432655 0.0013619998992025159 0.007463599307353179 0.9999714980454815 0.15455278988282828 0.1454882390602279 -0.4224378985490631
FixedParameters: 0 0 0
#Transform 102
Transform: MatrixOffsetTransformBase_double_3_3
Parameters: 0.9999999444305047 0.0006727900349209561 -0.0007763108362503673 -0.0006782484961708457 0.9999765520484125 -0.006854480380357807 0.0007718898406617957 0.0068555262329416215 0.9999764091578823 0.139866248773302 0.129161442816212 -0.3444470977944576
FixedParameters: 0 0 0
#Transform 103
Transform: MatrixOffsetTransformBase_double_3_3
Parameters: 0.9999981652640554 0.0009621035008659258 -0.001705277705183334 -0.0009739197082689158 0.9999750813014914 -0.007066352693985412 0.0016992138199462636 0.007068650295496703 0.9999731834862836 0.16012865033106038 0.1671565605191745 -0.40031072928714195
FixedParameters: 0 0 0
#Transform 104
Transform: MatrixOffsetTransformBase_double_3_3
Parameters: 0.9999968945071375 0.0005932027106102266 -0.0023985855724049723 -0.0006098342833082835 0.9999749417610971 -0.00704646556678833 0.0023945706003820426 0.007048539124458197 0.9999726168157046 0.17345355858316225 0.12051669561859057 -0.42017230848335885
FixedParameters: 0 0 0
#Transform 105
Transform: MatrixOffsetTransformBase_double_3_3
Parameters: 0.9999986556270613 0.0010340472423129936 -0.001508410036367132 -0.0010454700475511416 0.9999710941027679 -0.0075334303548742175 0.0015003932567898694 0.007534562779355956 0.9999700375583308 0.17248460444302793 0.15327639750793765 -0.3788138681085229
FixedParameters: 0 0 0
#Transform 106
Transform: MatrixOffsetTransformBase_double_3_3
Parameters: 0.9999980004024234 0.0008142717005383247 -0.0015287592825055307 -0.0008256985652739029 0.9999723808596686 -0.0074097207627568835 0.001522257610313457 0.0074112873564016225 0.9999717868718199 0.17589048122565032 0.16769527824015995 -0.42631693144369365
FixedParameters: 0 0 0
#Transform 107
Transform: MatrixOffsetTransformBase_double_3_3
Parameters: 0.9999981125815852 0.0007168608442908108 -0.0015409185576692377 -0.0007282313402027815 0.9999728036694571 -0.007321854644668689 0.0015349894440088987 0.007322143903405361 0.9999720840403746 0.16109374200608784 0.13044864384212929 -0.3905987115058309
FixedParameters: 0 0 0
#Transform 108
Transform: MatrixOffsetTransformBase_double_3_3
Parameters: 0.9999988437231856 0.0010714352976665396 -0.0010046263767547968 -0.0010777521525873839 0.9999760954358701 -0.00676091817744685 0.0009968711345474343 0.006762070975146004 0.9999763115021079 0.17044027687985874 0.14834778292225792 -0.3837368150100531
FixedParameters: 0 0 0
#Transform 109
Transform: MatrixOffsetTransformBase_double_3_3
Parameters: 0.9999999094892946 0.000587017896587427 -0.0008633715793247887 -0.000593449973617315 0.9999732878543302 -0.007304492279319546 0.0008595572271675877 0.007305509223874244 0.9999728941209871 0.15682005645851405 0.1562704303803173 -0.41560002445899613
FixedParameters: 0 0 0
#Transform 110
Transform: MatrixOffsetTransformBase_double_3_3
Parameters: 0.9999986159720482 0.0007873690663959029 -0.0016626516078828005 -0.0007991451378605011 0.9999732473276514 -0.0072166454623974335 0.0016568208931207657 0.007218343459583158 0.9999721826671569 0.16434073039970087 0.12888844016896428 -0.3784991792184087
FixedParameters: 0 0 0
#Transform 111
Transform: MatrixOffsetTransformBase_double_3_3
Parameters: 0.9999980117814928 0.0008347711679238176 -0.0018144796530599667 -0.000847266622108319 0.9999739914362421 -0.007087410358137997 0.0018081458990812037 0.007088586625704656 0.9999735395168313 0.15909236465775223 0.14882093607079128 -0.3823357865549468
FixedParameters: 0 0 0
#Transform 112
Transform: MatrixOffsetTransformBase_double_3_3
Parameters: 0.9999983109379085 0.0009154596599935031 -0.0013611191984537173 -0.0009241587166601411 0.9999757568313776 -0.006953752487130597 0.0013540083222358594 0.00695525189425044 0.9999748227009604 0.15062464695429867 0.1448990920930413 -0.42005899796431834
FixedParameters: 0 0 0
#Transform 113
Transform: MatrixOffsetTransformBase_double_3_3
Parameters: 0.9999976019309879 0.0007713344395604017 -0.0019502109259549457 -0.0007850946608468247 0.9999738665341439 -0.007173422305927841 0.0019446022356197274 0.007174582876023024 0.9999728013702829 0.1563728153577273 0.13505124052231565 -0.3888881025447404
FixedParameters: 0 0 0
#Transform 114
Transform: MatrixOffsetTransformBase_double_3_3
Parameters: 0.9999985176243723 0.000794017852417901 -0.0013606948025494173 -0.0008044715715003299 0.9999730355040709 -0.0072308780720446095 0.001354849508340521 0.007232113254509544 0.999972891566419 0.1496632973581029 0.16061101483940377 -0.39923485910449585
FixedParameters: 0 0 0
#Transform 115
