#Insight Transform File V1.0
#Transform 0
Transform: MatrixOffsetTransformBase_double_3_3
Parameters: 0.9999985483359818 0.0015400340954497488 0.00028371861594974723 -0.001540217511297711 0.9999969393012207 0.0019285330997230454 -0.00028080826922213293 -0.001928467306568163 0.9999981707980823 0.05770698106960026 -0.14105315437517163 -0.3056347817917242
FixedParameters: 0 0 0
#Transform 1
Transform: MatrixOffsetTransformBase_double_3_3
Parameters: 0.9999986816085984 0.0010240519342135613 -0.001126845516703817 -0.0010221138414542848 0.9999977766009108 0.0017741542677894642 0.0011285382064904815 -0.001772844846474192 0.9999976143962002 0.0762197382724139 -0.12790228624605504 -0.33385483093975665
FixedParameters: 0 0 0
#Transform 2
Transform: MatrixOffsetTransformBase_double_3_3
Parameters: 0.9999983390644858 0.0012813682805248097 -0.0010097812834582677 -0.0012794004771398571 0.9999980508208963 0.0014992965159515564 0.0010116522803027446 -0.0014987043550453369 0.9999987942350905 0.0721417296660718 -0.11751846108899144 -0.3505913796533804
FixedParameters: 0 0 0
#Transform 3
Transform: MatrixOffsetTransformBase_double_3_3
Parameters: 0.9999975344706018 0.002111190488734355 -0.00009208004271030524 -0.0021109933875974644 0.9999961326024516 0.0015521340597933683 0.00009563436598691964 -0.0015518633575693427 0.9999985844560593 0.07825038205906765 -0.15063382678172843 -0.26329672774480173
FixedParameters: 0 0 0
#Transform 4
Transform: MatrixOffsetTransformBase_double_3_3
Parameters: 0.9999982418232132 0.00131952370057583 -0.0010087708365221141 -0.0013173320926431972 0.9999976036325932 0.001611333123212856 0.001011051216541544 -0.0016106661828047542 0.9999984475429858 0.06770992305658297 -0.12047214523344962 -0.29079996409328146
FixedParameters: 0 0 0
#Transform 5
Transform: MatrixOffsetTransformBase_double_3_3
Parameters: 0.9999985788629775 0.001514209735019796 -0.000357372789684229 -0.001513716741229013 0.9999967980470452 0.002208515239608494 0.0003610928735357956 -0.002208488326387835 0.9999980258462733 0.06840358279376346 -0.08302669437976817 -0.300959002801406
FixedParameters: 0 0 0
#Transform 6
Transform: MatrixOffsetTransformBase_double_3_3
Parameters: 0.9999992190617616 0.0012203822522774059 -0.0005397890120929142 -0.001219861727282889 0.9999983670183015 0.0014646283272838553 0.0005413939316068247 -0.0014633719415522925 0.9999985654471076 0.07397070870860034 -0.1265604381552805 -0.28165133252061025
FixedParameters: 0 0 0
#Transform 7
Transform: MatrixOffsetTransformBase_double_3_3
Parameters: 0.999998535215508 0.0014427294235994637 -0.0011763307866959117 -0.0014407324898018554 0.9999978404606532 0.0017376688004771407 0.0011784036702869507 -0.001736332748202618 0.9999976604045498 0.06512023746371653 -0.06930484005121684 -0.3059472986659557
FixedParameters: 0 0 0
#Transform 8
Transform: MatrixOffsetTransformBase_double_3_3
Parameters: 0.9999975994026368 0.0019789006062420275 -0.0006960235833762072 -0.001978266497992354 0.999997515471369 0.0012403181717660638 0.0006979613943697208 -0.0012386836595077028 0.9999990112039882 0.07046798481995609 -0.12377937077305035 -0.334009343706299
FixedParameters: 0 0 0
#Transform 9
Transform: MatrixOffsetTransformBase_double_3_3
Parameters: 0.99999854565526 0.0017155316083960006 -0.0007152237293201411 -0.0017141361822643135 0.9999970115230976 0.0017371990290433806 0.0007182122503588984 -0.0017358017384022928 0.9999985032565868 0.07246105080224652 -0.10111888078506581 -0.3252850137799186
FixedParameters: 0 0 0
#Transform 10
Transform: MatrixOffsetTransformBase_double_3_3
Parameters: 0.9999988948514575 0.0014243426898637671 -0.000277660801499473 -0.0014235756612961954 0.9999975781422265 0.0015473648149006008 0.00027906801800333693 -0.0015466348451722081 0.9999985302865264 0.07289500149620665 -0.03858446290843176 -0.32708537452511166
FixedParameters: 0 0 0
#Transform 11
Transform: MatrixOffsetTransformBase_double_3_3
Parameters: 0.9999988739970498 0.0016936241031679051 -0.0005067961153226447 -0.0016931077207273503 0.9999976888840164 0.001552798724563327 0.000510086421593459 -0.001552200377343653 0.9999983645952972 0.07566181479249678 -0.10742671224927847 -0.2884613077174123
FixedParameters: 0 0 0
#Transform 12
Transform: MatrixOffsetTransformBase_double_3_3
Parameters: 0.9999983450988107 0.0015947690435702256 -0.0003353655370415313 -0.0015936489859544026 0.999997206693897 0.0018035062141641273 0.00033811574751214766 -0.0018024953318221473 0.9999986367746444 0.05404415324765921 -0.08126359206353584 -0.2358119655877715
FixedParameters: 0 0 0
#Transform 13
Transform: MatrixOffsetTransformBase_double_3_3
Parameters: 0.999999213258254 0.001150200611523181 -0.0006806285103453173 -0.0011490922581212364 0.9999981857381379 0.001568752543221641 0.0006832668597936029 -0.0015682453611408978 0.9999981071338971 0.07002351663696516 -0.02406474558898708 -0.3040966522436861
FixedParameters: 0 0 0
#Transform 14
Transform: MatrixOffsetTransformBase_double_3_3
Parameters: 0.9999982270135596 0.0015977629691828333 -0.00047053417505956086 -0.0015961673450176133 0.9999972114223128 0.0017907238552510793 0.00047325439963287334 -0.0017902774723692963 0.999998603798793 0.07131962714619533 -0.12420325995286419 -0.27419831927500127
FixedParameters: 0 0 0
#Transform 15
Transform: MatrixOffsetTransformBase_double_3_3
Parameters: 0.999998934371348 0.0011448968599235263 -0.0008691011633438816 -0.001142555228053799 0.9999978355242498 0.0019559648874345817 0.0008716066809805017 -0.0019550348082833374 0.9999974508761612 0.07985911122901257 -0.0917540479737795 -0.2732628788674418
FixedParameters: 0 0 0
#Transform 16
Transform: MatrixOffsetTransformBase_double_3_3
Parameters: 0.9999991661670772 0.0011490747915647685 -0.0007166940498072638 -0.0011479891332037027 0.9999984388775734 0.0014977924984750923 0.0007181651567074674 -0.001496207305442157 0.999998245267704 0.07877227159853817 -0.09976866859648226 -0.26753514268602885
FixedParameters: 0 0 0
#Transform 17
Transform: MatrixOffsetTransformBase_double_3_3
Parameters: 0.9999988868688137 0.001227339532126938 -0.0012675564190561398 -0.0012241420930061977 0.9999971415780957 0.0020725571788126895 0.0012706997075980278 -0.0020714419833861644 0.9999971589084694 0.08517895393491415 -0.10753878442912423 -0.28913684909484516
FixedParameters: 0 0 0
#Transform 18
Transform: MatrixOffsetTransformBase_double_3_3
Parameters: 0.9999987991429891 0.001654643877208474 -0.0006810686309337737 -0.001653127892213308 0.9999964861123132 0.0019360979122618333 0.0006835042187350865 -0.0019349018788105687 0.9999978206974904 0.07381337265088916 -0.11619764826069456 -0.27685906945420413
FixedParameters: 0 0 0
#Transform 19
Transform: MatrixOffsetTransformBase_double_3_3
Parameters: 0.9999993786193133 0.0009072270065021196 -0.0008939345748605826 -0.0009044493364360617 0.9999975448847596 0.002145812501689451 0.0008958539309462033 -0.0021451892677282203 0.9999976273760871 0.07743848875415438 -0.045135890395414435 -0.2955652490072822
FixedParameters: 0 0 0
#Transform 20
Transform: MatrixOffsetTransformBase_double_3_3
Parameters: 0.9999985141983281 0.0014864342177006668 0.0005245696269729184 -0.0014879226516468938 0.9999979650240943 0.001361188659056413 -0.0005225190471403537 -0.0013618106335219274 0.999998841806637 0.06786349467073194 -0.09391915700790321 -0.2714093135768394
FixedParameters: 0 0 0
#Transform 21
Transform: MatrixOffsetTransformBase_double_3_3
Parameters: 0.9999989208852396 0.0014979064868041994 0.0009137509357296814 -0.0014998884714955017 0.9999972262973982 0.0015986307938210265 -0.0009109863781308456 -0.0016003678657556877 0.9999985777823428 0.06990811949900433 -0.10410125930512493 -0.30320446675331425
FixedParameters: 0 0 0
#Transform 22
Transform: MatrixOffsetTransformBase_double_3_3
Parameters: 0.9999980467380544 0.0008353860982576043 -0.0015016994200540337 -0.000833048914819222 0.9999981610093333 0.001454284662624629 0.0015031878102180231 -0.0014527131637254095 0.9999976604020654 0.09632054623310182 -0.03435902557484383 -0.31339207925614687
FixedParameters: 0 0 0
#Transform 23
Transform: MatrixOffsetTransformBase_double_3_3
Parameters: 0.9999986876202007 0.0014107178533406364 0.0005678240658185145 -0.0014112921150950068 0.9999982639150008 0.0013321678834666423 -0.0005660941556259237 -0.001332832613178063 0.9999988725884216 0.06345965373333229 -0.11596739706172343 -0.2677072917127674
FixedParameters: 0 0 0
#Transform 24
Transform: MatrixOffsetTransformBase_double_3_3
Parameters: 0.99999972718851 0.0009260812488280988 -0.0006440924413293616 -0.0009253187120500609 0.9999981781948688 0.0013905970699250592 0.0006456987199178034 -0.001390401136347301 0.9999986820126864 0.0741219270926905 -0.029865828685572637 -0.2724858519559774
FixedParameters: 0 0 0
#Transform 25
Transform: MatrixOffsetTransformBase_double_3_3
Parameters: 0.9999998825429212 0.0009869921333749028 -0.0003790153679908377 -0.000986130166004206 0.9999986111501218 0.0011763754693122075 0.00038033724212630437 -0.001176624348398235 0.9999995030868978 0.0704279341671139 -0.05159213520947503 -0.29247084877660257
FixedParameters: 0 0 0
#Transform 26
Transform: MatrixOffsetTransformBase_double_3_3
Parameters: 0.9999994655017856 0.0010198799592439198 0.0007032825274604715 -0.0010202788205259914 0.9999990450770839 0.0009722824944153191 -0.0007023293878734845 -0.0009727183034886691 0.9999995289103019 0.06616716547982548 -0.04549683818076744 -0.2743444181184742
FixedParameters: 0 0 0
#Transform 27
Transform: MatrixOffsetTransformBase_double_3_3
Parameters: 0.9999990536572573 0.0006631180376392576 -0.0012276486584020948 -0.0006613959862412295 0.9999993047751834 0.0011218127958805627 0.0012281653451754761 -0.0011201864140285844 0.9999982355994461 0.08126037847858925 -0.0185903660088087 -0.28313825556165284
FixedParameters: 0 0 0
#Transform 28
Transform: MatrixOffsetTransformBase_double_3_3
Parameters: 0.9999991065720325 0.0010273794176841131 -0.0009157685769496557 -0.0010250454211682494 0.9999974837347111 0.0018529407440973436 0.0009176030972722803 -0.0018520573390803721 0.9999977593193194 0.07841055500890093 -0.030758012442049676 -0.28785558724187865
FixedParameters: 0 0 0
#Transform 29
Transform: MatrixOffsetTransformBase_double_3_3
Parameters: 0.9999991721962955 0.0013518903150298352 0.000009661823558614935 -0.0013519799484248386 0.9999977063829613 0.001569956382103728 -0.000007415754774738406 -0.0015700422607989734 0.9999985360102448 0.07032750750445871 -0.05085840354985294 -0.27055768614380327
FixedParameters: 0 0 0
#Transform 30
Transform: MatrixOffsetTransformBase_double_3_3
Parameters: 0.9999988813284785 0.0012955216292515066 -0.0006634943954705031 -0.0012950434454938248 0.9999989756552203 0.0011608297787330316 0.0006645318534862816 -0.001159172398154544 0.9999992144689654 0.07455599803242308 -0.038117689498520235 -0.3117556461157278
FixedParameters: 0 0 0
#Transform 31
Transform: MatrixOffsetTransformBase_double_3_3
Parameters: 0.9999990796201047 0.0011124242062086223 -0.000826163058083108 -0.0011117295095626613 0.9999986429969777 0.0010439204075369385 0.0008275158700743756 -0.001043079415109685 0.9999992588372343 0.0780660342463193 -0.04150858770941568 -0.2796548093567708
FixedParameters: 0 0 0
#Transform 32
Transform: MatrixOffsetTransformBase_double_3_3
Parameters: 0.9999989301408966 0.0011244738794901155 -0.0008972885796406089 -0.0011232043945766529 0.999998065909742 0.0012810092872982057 0.0008991986397123064 -0.0012799883485686073 0.9999985848709093 0.07578800353726933 -0.042331162805893996 -0.2718726114313341
FixedParameters: 0 0 0
#Transform 33
Transform: MatrixOffsetTransformBase_double_3_3
Parameters: 0.9999988436503198 0.001214496603281153 -0.0012971558420870918 -0.0012121769839785368 0.9999987672131265 0.0013035773549040647 0.0012983501994472298 -0.0013024241851558385 0.999998680813239 0.08106276634953247 -0.03128686653425916 -0.30312373840368423
FixedParameters: 0 0 0
#Transform 34
Transform: MatrixOffsetTransformBase_double_3_3
Parameters: 0.9999990335686058 0.0013151061750072152 0.0004870027063656918 -0.0013157181231874407 0.9999977608556747 0.0015933275935056113 -0.00048484090635100163 -0.0015936707339056916 0.9999981942256047 0.06277392037823404 -0.05157627596835823 -0.29166992511542844
FixedParameters: 0 0 0
#Transform 35
Transform: MatrixOffsetTransformBase_double_3_3
Parameters: 0.999999068098095 0.0010263836320505589 -0.0009371707233374862 -0.00102469102449787 0.9999988090387156 0.0014519311985161445 0.000939179765830006 -0.001451067745976295 0.999998045352524 0.0741647398583467 -0.02705627170537639 -0.2735026688192619
FixedParameters: 0 0 0
#Transform 36
Transform: MatrixOffsetTransformBase_double_3_3
Parameters: 0.9999987010509658 0.001021378751929224 -0.0011206252354023392 -0.0010191672839642363 0.9999972672260695 0.0019051447855147202 0.001122576289688731 -0.0019048521568911306 0.9999971757706076 0.0763121987990445 -0.014102101204173323 -0.2894792046463408
FixedParameters: 0 0 0
#Transform 37
Transform: MatrixOffsetTransformBase_double_3_3
Parameters: 0.9999992029432471 0.0011510819956415033 0.0006868422472868101 -0.0011521619513296787 0.9999985447444117 0.0014691774994650478 -0.0006854880503769664 -0.0014698226704149275 0.9999983393340162 0.06217565976083961 -0.04251836921571339 -0.27880405487920257
FixedParameters: 0 0 0
#Transform 38
Transform: MatrixOffsetTransformBase_double_3_3
Parameters: 0.9999990319986001 0.001130441163977539 -0.0008305075588319528 -0.0011294426274087862 0.9999982022153228 0.0012209396207504969 0.0008322976549563297 -0.0012200587721920078 0.99999885054234 0.0758019089423243 -0.02542441930816608 -0.2829946739950202
FixedParameters: 0 0 0
#Transform 39
Transform: MatrixOffsetTransformBase_double_3_3
Parameters: 0.999999965474133 0.00086968298205051 0.0005274263062486395 -0.0008702799970911559 0.9999999526200818 0.0005665089944971377 -0.0005264406164865957 -0.0005664906027809322 0.9999993710097925 0.07100179378524274 -0.03882254956472764 -0.3150190433869824
FixedParameters: 0 0 0
#Transform 40
Transform: MatrixOffsetTransformBase_double_3_3
Parameters: 0.9999988072668956 0.0014542598863807523 -0.0002772413158814545 -0.0014547235026554236 0.9999986910643733 0.0010773748817743817 0.00027840814875322557 -0.0010776275129154023 0.9999997941859805 0.07358240234890445 -0.03322247216878793 -0.27988909629580405
FixedParameters: 0 0 0
#Transform 41
Transform: MatrixOffsetTransformBase_double_3_3
Parameters: 0.9999999638355805 0.0009337814785118679 0.0004047024817902303 -0.0009345443714602808 0.9999993406153822 0.000904621870453759 -0.0004040120861619992 -0.0009043793141445336 0.9999999869780914 0.054196605007035714 -0.031137040188937704 -0.2772316935540573
FixedParameters: 0 0 0
#Transform 42
Transform: MatrixOffsetTransformBase_double_3_3
Parameters: 0.9999994861661435 0.0009893513492609748 -0.0007312363913811156 -0.0009886439407870249 0.9999985803322424 0.0011877246194862898 0.0007326171678449083 -0.001187274898034829 0.9999990855199453 0.07692184521530976 -0.02361901940679445 -0.3202931186900031
FixedParameters: 0 0 0
#Transform 43
Transform: MatrixOffsetTransformBase_double_3_3
Parameters: 0.9999982313408738 0.001224508882900667 -0.0011263766452773067 -0.0012228672811385925 0.999997063281571 0.0021003817398588392 0.0011286106368305565 -0.002098620360729428 0.999997352238538 0.06895137791310901 -0.023135594300981666 -0.2862810767792041
FixedParameters: 0 0 0
#Transform 44
Transform: MatrixOffsetTransformBase_double_3_3
Parameters: 0.9999980326338643 0.0016334923371512174 -0.0005467231104335509 -0.001632688116513406 0.9999973025334293 0.0017318656865617787 0.0005494114059197816 -0.001731136415034383 0.9999987339032983 0.0765270372622524 -0.012155705666245353 -0.2877616160889147
FixedParameters: 0 0 0
#Transform 45
Transform: MatrixOffsetTransformBase_double_3_3
Parameters: 0.9999987380428987 0.001390559966847024 -0.0005726689789409388 -0.0013897535168094937 0.9999974160911232 0.0016287650435068204 0.0005752277337270646 -0.001627232074902056 0.9999980211825342 0.06720383447282074 -0.02446879440232408 -0.2901229504421252
FixedParameters: 0 0 0
#Transform 46
Transform: MatrixOffsetTransformBase_double_3_3
Parameters: 0.9999982973997814 0.0015609735849447662 0.000517063296129751 -0.0015609651228807174 0.9999972136928768 0.0018381634777867167 -0.0005143849406151595 -0.0018388383021667176 0.9999983235287738 0.06064064115255974 -0.08898286594472893 -0.27531975737221615
FixedParameters: 0 0 0
#Transform 47
Transform: MatrixOffsetTransformBase_double_3_3
Parameters: 0.9999989732191281 0.0009140102267087391 -0.0010916030150835043 -0.0009122765879816566 0.9999981158648904 0.0017379985355519267 0.0010928400016793703 -0.0017370018506724094 0.9999978195334576 0.07513982728823976 0.000021738915009450466 -0.2791263588886892
FixedParameters: 0 0 0
#Transform 48
Transform: MatrixOffsetTransformBase_double_3_3
Parameters: 0.999999782207582 0.0009824730366350483 -0.0005024801710281866 -0.0009818927437487204 0.9999983378785521 0.0016324635196061782 0.0005037193984662066 -0.0016325360648875437 0.9999981142122475 0.07975787622392261 -0.0019245688460500787 -0.30146761270221134
FixedParameters: 0 0 0
#Transform 49
Transform: MatrixOffsetTransformBase_double_3_3
Parameters: 0.999999434237855 0.0006382876161704602 -0.0003984086750680716 -0.0006372926959639728 0.9999989368551137 0.0012872543452332671 0.0003990508424036313 -0.0012867457329978974 0.9999991846427624 0.09245226491599112 -0.023632340215471004 -0.2750086223119439
FixedParameters: 0 0 0
#Transform 50
Transform: MatrixOffsetTransformBase_double_3_3
Parameters: 0.999998846576226 0.001220832187604464 0.0008139319023520047 -0.001222449227508863 0.9999980725154636 0.0015700064308396752 -0.0008121251462170133 -0.0015709948640624041 0.9999988411126917 0.06649875523740434 0.00016428128294876387 -0.29539347579965636
FixedParameters: 0 0 0
#Transform 51
Transform: MatrixOffsetTransformBase_double_3_3
Parameters: 0.9999988409047087 0.0008008824269530476 -0.0012322413987981098 -0.0007984657631584929 0.9999980294521347 0.0018169861619925023 0.001233210427281337 -0.0018160126282909736 0.999997212101402 0.08957748553334 -0.020612416980853254 -0.3099142881296757
FixedParameters: 0 0 0
#Transform 52
Transform: MatrixOffsetTransformBase_double_3_3
Parameters: 0.9999990422884665 0.0009151258582243583 -0.0010584993493502777 -0.000913233555288966 0.9999976490558452 0.0018669686077208286 0.0010599757957231765 -0.00186602996501882 0.9999974255814166 0.07868567728048959 -0.020871872189133 -0.26238820538588925
FixedParameters: 0 0 0
#Transform 53
Transform: MatrixOffsetTransformBase_double_3_3
Parameters: 0.9999998554131826 0.000976347536607956 -0.0004383485495163184 -0.0009750476844307292 0.9999986053762379 0.0015523979173180102 0.0004393790793907638 -0.0015526023378893902 0.999998429519936 0.07672136516205796 -0.005994895325500238 -0.30492786985250575
FixedParameters: 0 0 0
#Transform 54
Transform: MatrixOffsetTransformBase_double_3_3
Parameters: 0.9999991321262415 0.0011755648415976234 -0.0006966953627934574 -0.0011747606572526487 0.9999988887798221 0.0013157887266800755 0.0006988179494818264 -0.0013142115599459603 0.9999987848934229 0.07570084383144149 -0.02498350923897874 -0.3209241392557942
FixedParameters: 0 0 0
#Transform 55
Transform: MatrixOffsetTransformBase_double_3_3
Parameters: 0.9999987635890801 0.0013900321546706763 0.0005529684086626784 -0.0013899907503644017 0.9999971494522093 0.0017172321955332068 -0.0005502555443595925 -0.0017177676637952707 0.9999987145172603 0.061180955297885475 -0.011141828331133752 -0.2820045043123969
FixedParameters: 0 0 0
#Transform 56
Transform: MatrixOffsetTransformBase_double_3_3
Parameters: 1.0000001080548502 0.000892272019383608 -0.000308507437178958 -0.0008921537196934654 0.9999977296785186 0.0018552772559693523 0.0003108503490680376 -0.0018557226844784641 0.9999984926085245 0.07619611484400934 -0.003542260986563406 -0.3304716717271816
FixedParameters: 0 0 0
#Transform 57
Transform: MatrixOffsetTransformBase_double_3_3
Parameters: 0.9999991929305418 0.0009905168177509706 -0.0009087390919249231 -0.0009882889270358259 0.9999977837943984 0.0017909005054538366 0.0009113140540140774 -0.0017900977631236797 0.9999979973507189 0.068029744898638 -0.01966933838731677 -0.348848345544738
FixedParameters: 0 0 0
#Transform 58
Transform: MatrixOffsetTransformBase_double_3_3
Parameters: 0.9999996304442894 0.0006845064269584685 -0.0009494402844782276 -0.0006824930206260647 0.9999979317954034 0.002145650987225113 0.0009504363113189819 -0.0021443524209506237 0.99999749657823 0.06848556124157312 -0.012808197117720965 -0.30051118820857425
FixedParameters: 0 0 0
#Transform 59
Transform: MatrixOffsetTransformBase_double_3_3
Parameters: 0.9999992671171832 0.0007308601664002588 -0.0010951447450743175 -0.0007290429417461008 0.9999983011031037 0.00177080092625774 0.001095793314748391 -0.0017701996737246942 0.9999976966649263 0.07344211181737137 0.0034678135917545205 -0.3727839489257718
FixedParameters: 0 0 0
#Transform 60
Transform: MatrixOffsetTransformBase_double_3_3
Parameters: 0.9999994893588379 0.0009056158989921832 -0.000831370247801804 -0.0009040213546712519 0.9999986308916636 0.0015977538917099424 0.0008322926401761969 -0.0015962485772866367 0.9999987576405188 0.0724362086037047 -0.02323346793997416 -0.31154596922188205
FixedParameters: 0 0 0
#Transform 61
Transform: MatrixOffsetTransformBase_double_3_3
Parameters: 0.9999989283800725 0.0006895013598181454 -0.0007717073256770502 -0.0006886463975852749 0.9999980062231548 0.0018675333772550026 0.0007733443363920552 -0.0018674667482057386 0.9999979470360544 0.07442673972774116 -0.009824367889990526 -0.2939575927586162
FixedParameters: 0 0 0
#Transform 62
Transform: MatrixOffsetTransformBase_double_3_3
Parameters: 0.9999982030971234 0.0018044607473383563 -0.0007364805906562723 -0.0018019269974836956 0.999995472602964 0.002499269672659239 0.0007405250504677104 -0.0024977299453582194 0.999996245459468 0.06981742339613106 0.01764834971193352 -0.434521938165048
FixedParameters: 0 0 0
#Transform 63
Transform: MatrixOffsetTransformBase_double_3_3
Parameters: 0.9999988827494062 0.0013717490732522875 -0.00048430769513907565 -0.0013710525963439842 0.9999946739574703 0.002900635305729947 0.0004883280086430633 -0.0029003622477474025 0.9999953829544292 0.06951268093516205 -0.02592159007228645 -0.4193023184233198
FixedParameters: 0 0 0
#Transform 64
Transform: MatrixOffsetTransformBase_double_3_3
Parameters: 0.9999993289201882 0.0010925443216797137 -0.000690777306518589 -0.0010910529860360112 0.9999960710538831 0.0025897580129801007 0.0006934960471837124 -0.0025892446905812425 0.999996846810915 0.07725082462874866 -0.009311917992491203 -0.36782157653736647
FixedParameters: 0 0 0
#Transform 65
Transform: MatrixOffsetTransformBase_double_3_3
Parameters: 0.9999991788976587 0.0013494223438483806 -0.000004175699053942526 -0.0013495080686512354 0.9999944247957414 0.0031229781334912513 0.000008606459617476828 -0.0031230236756743454 0.9999952477818782 0.05410896010947397 0.019998609940159895 -0.5386260628689428
FixedParameters: 0 0 0
#Transform 66
Transform: MatrixOffsetTransformBase_double_3_3
Parameters: 0.9999983513691095 0.0013131204915456409 0.0013868760183091075 -0.0013191481064674852 0.9999900548544213 0.004274175901517033 -0.0013818085178918561 -0.004275823827250218 0.9999897450655191 0.050244600162784536 0.007973948397676622 -0.5106349519470967
FixedParameters: 0 0 0
#Transform 67
Transform: MatrixOffsetTransformBase_double_3_3
Parameters: 0.9999977223612956 0.0015188059282597974 0.0017240351230064473 -0.0015257789468224338 0.9999906341094168 0.004012410513480301 -0.0017170314913679192 -0.004015590010223648 0.9999908636856658 0.05202805101536967 0.013802485815418208 -0.5382115959058353
FixedParameters: 0 0 0
#Transform 68
Transform: MatrixOffsetTransformBase_double_3_3
Parameters: 0.9999978627512538 0.000931521848749328 0.0018078472515393278 -0.0009378910669933779 0.9999927300925251 0.0036633406001025104 -0.0018052146618216243 -0.003665656949669298 0.9999912754296146 0.09744118667556734 -0.13996796479054296 -0.24506784066880982
FixedParameters: 0 0 0
#Transform 69
Transform: MatrixOffsetTransformBase_double_3_3
Parameters: 0.9999951657194407 0.0012164139071060068 0.0027120027780686766 -0.0012250348660681845 0.9999929695657568 0.003409815193611221 -0.0027079858614587177 -0.00341318629934409 0.9999909193651702 0.07000512600220077 -0.01787474474559758 -0.43194478593494523
FixedParameters: 0 0 0
#Transform 70
Transform: MatrixOffsetTransformBase_double_3_3
Parameters: 0.9999983710229374 0.0006991758914230219 0.0014630239325823767 -0.0007043399474797642 0.9999936063095962 0.0034540036248798117 -0.0014603315337346637 -0.0034549943051881693 0.9999928974930384 0.08440342934396483 -0.08385309012307118 -0.3305059429143711
FixedParameters: 0 0 0
#Transform 71
Transform: MatrixOffsetTransformBase_double_3_3
Parameters: 0.9999989955955827 0.0007054700678608346 0.001227828271805425 -0.0007092709397963957 0.999993846691342 0.003561132835715755 -0.0012249457174754444 -0.0035618698354263068 0.9999927802372862 0.09154291839328721 0.000040893953141107886 -0.30927055074775467
FixedParameters: 0 0 0
#Transform 72
Transform: MatrixOffsetTransformBase_double_3_3
Parameters: 0.9999981641696795 0.0007346392571716271 0.0018153197456125005 -0.0007410642483326556 0.9999930283721463 0.0036726896948435783 -0.001813117864077359 -0.0036733081093771255 0.9999911538311823 0.07536835407901776 0.017281677514915827 -0.3362409896631817
FixedParameters: 0 0 0
#Transform 73
Transform: MatrixOffsetTransformBase_double_3_3
Parameters: 0.999998981660152 0.0004974049916019981 0.0013306108542070682 -0.0005016404294472223 0.9999938975629614 0.0034473667630025157 -0.001329322702585909 -0.003447634646416106 0.9999933134973066 0.0867989789890089 -0.015372497028351972 -0.3743397747978605
FixedParameters: 0 0 0
#Transform 74
Transform: MatrixOffsetTransformBase_double_3_3
Parameters: 0.9999992539761536 0.0006504639804357441 0.0011502377248372535 -0.0006543666399248969 0.9999939751842385 0.0034102823984222957 -0.001147912239717872 -0.0034107209341380784 0.9999940156825226 0.08386020649649595 -0.00035499900981506016 -0.36017276886217076
FixedParameters: 0 0 0
#Transform 75
Transform: MatrixOffsetTransformBase_double_3_3
Parameters: 0.9999984416198793 0.0004646741333877692 0.001530689635641509 -0.0004708753792684534 0.9999934873659623 0.0036503157542330383 -0.0015284309555232938 -0.0036506859244067186 0.999992301841516 0.09135275447110303 0.004900383271049691 -0.44464681667334105
FixedParameters: 0 0 0
#Transform 76
Transform: MatrixOffsetTransformBase_double_3_3
Parameters: 0.9999982413996422 0.0004962682944538467 0.001873932136725345 -0.0005029061903399609 0.9999936602361416 0.003622094796636742 -0.0018725315035640628 -0.0036229056713465158 0.9999913360387779 0.08167401600952928 -0.007147792654109253 -0.3843117761510655
FixedParameters: 0 0 0
#Transform 77
Transform: MatrixOffsetTransformBase_double_3_3
Parameters: 0.9999976223704046 0.00026410941862458064 0.0020754285358031217 -0.0002705192438200583 0.9999939660340493 0.0034635073013251708 -0.002074827637724785 -0.003463493119370435 0.9999916645723511 0.09390443851106056 -0.015587641463767454 -0.5491603410618069
FixedParameters: 0 0 0
#Transform 78
Transform: MatrixOffsetTransformBase_double_3_3
Parameters: 0.9999980859945059 0.00025701740588004687 0.001961267266342007 -0.00026145234945020664 0.9999983739968891 0.001886554614430165 -0.001961382651225132 -0.0018874459227470747 0.9999965904454886 0.08300704066317621 -0.050021179518211056 -0.6943258295034553
FixedParameters: 0 0 0
#Transform 79
Transform: MatrixOffsetTransformBase_double_3_3
Parameters: 0.9999986283751024 0.000330246341592997 0.0015039613019490086 -0.00033355316107717953 0.9999975394308502 0.0020855310963566187 -0.001503670352456064 -0.0020864665401742546 0.999996386142763 0.09238029925063529 -0.040542993898498025 -0.5557656338155539
FixedParameters: 0 0 0
#Transform 80
Transform: MatrixOffsetTransformBase_double_3_3
Parameters: 0.9999973330156376 -0.00003596515226340184 0.0021598344239743216 0.0000283653903831764 0.9999929697764083 0.003610162554324406 -0.002160317947902907 -0.0036098352218867646 0.9999912989321361 0.10031940263148442 -0.02357945324257571 -0.4656157064437423
FixedParameters: 0 0 0
#Transform 81
Transform: MatrixOffsetTransformBase_double_3_3
Parameters: 0.9999990190949286 0.00038109230063128476 0.0016840326328500929 -0.00038703246795775197 0.999993378988036 0.003536415308923263 -0.0016825041203624722 -0.0035365846659774283 0.9999926263456579 0.09988339704186444 0.005022219805297823 -0.43859695122976916
FixedParameters: 0 0 0
#Transform 82
Transform: MatrixOffsetTransformBase_double_3_3
Parameters: 0.9999976369803574 0.0005204548499499355 0.0020230827696310124 -0.0005270886271084926 0.9999950526602164 0.003115002604290304 -0.0020210071050015617 -0.003115997186313099 0.9999931715719877 0.0964085634309555 0.0021162146921938074 -0.49648818897750857
FixedParameters: 0 0 0
#Transform 83
Transform: MatrixOffsetTransformBase_double_3_3
Parameters: 0.9999987221963481 0.0005283066851985573 0.0017319959324669518 -0.0005349385454694887 0.9999935037475634 0.003639110280334354 -0.0017293142026639236 -0.0036398895837890383 0.9999917264193169 0.0972536105132491 -0.001799013233537039 -0.45207083132598314
FixedParameters: 0 0 0
#Transform 84
Transform: MatrixOffsetTransformBase_double_3_3
Parameters: 0.9999978631235639 0.00032583686991258926 0.002242884523695299 -0.00033535043408044676 0.9999927334975135 0.0038973206009689787 -0.0022415583280204847 -0.003897679528476375 0.9999897484587073 0.10836738305111737 0.009782292434991291 -0.449054474602832
FixedParameters: 0 0 0
#Transform 85
Transform: MatrixOffsetTransformBase_double_3_3
Parameters: 0.9999989791596919 0.00018316229826850566 0.0014094624569965268 -0.00018856063106371878 0.9999934460593407 0.0036767710661668035 -0.001409252189321562 -0.003677232167668444 0.9999924923255284 0.11054433355778315 0.01467867618421792 -0.48482600415147203
FixedParameters: 0 0 0
#Transform 86
Transform: MatrixOffsetTransformBase_double_3_3
Parameters: 0.9999985364964293 0.00041787246157610385 0.0018132256542665922 -0.0004254200724676006 0.9999918994757249 0.00399429858533247 -0.0018120759998174704 -0.003994703577384254 0.999990724796748 0.09936406896167682 -0.002293446796244325 -0.463593178604782
FixedParameters: 0 0 0
#Transform 87
Transform: MatrixOffsetTransformBase_double_3_3
Parameters: 0.9999981500406547 0.0005098657710139457 0.001894557555286115 -0.0005166149019967362 0.999993718757923 0.003612058694519603 -0.0018930682693992706 -0.0036129418467468685 0.9999913308582634 0.11024024336028049 0.007805019502200139 -0.4838515941698063
FixedParameters: 0 0 0
#Transform 88
Transform: MatrixOffsetTransformBase_double_3_3
Parameters: 0.9999988429974819 0.0003850084969991008 0.001734460455473116 -0.00038831864325563985 0.9999974508539017 0.002097392619765208 -0.0017339631612970864 -0.002098608154291935 0.9999965889174529 0.13213570150797693 -0.01713113994435389 -0.5485979972622204
FixedParameters: 0 0 0
#Transform 89
Transform: MatrixOffsetTransformBase_double_3_3
Parameters: 0.9999989533758231 0.0014279141801417888 -0.00008742791849486038 -0.0014280680045329465 0.9999988106669124 -0.0010719085261645875 0.00008536581083531762 0.001072092484022305 0.9999998443383353 0.13971439606899594 -0.19643042170260117 0.031295086099618175
FixedParameters: 0 0 0
#Transform 90
Transform: MatrixOffsetTransformBase_double_3_3
Parameters: 0.9999972374611507 0.002177546910877659 -0.00014428836198776099 -0.0021775229289913624 0.9999972494703739 0.00008325156686530416 0.00014464983551035242 -0.00008274797340623863 0.9999999742128126 0.09213454294776113 -0.21508026282442927 0.0004273198057802574
FixedParameters: 0 0 0
#Transform 91
Transform: MatrixOffsetTransformBase_double_3_3
Parameters: 0.9999993508183168 0.0012820933960765767 0.00007438248452855842 -0.0012818992543027008 0.9999981879208767 -0.0010810962496137708 -0.00007615465485153616 0.0010809032614265725 0.9999998257746318 0.102671115792063 0.06402382808978757 -0.05127888564069849
FixedParameters: 0 0 0
#Transform 92
Transform: MatrixOffsetTransformBase_double_3_3
Parameters: 0.999999765884844 0.0008089567382446611 -0.000761383920102636 -0.000810048492059297 0.9999997985031813 -0.0007173833216359247 0.0007602222842657052 0.0007176170386618275 0.9999999377687622 0.12191519142324125 0.0055301029667020885 -0.05827260909408949
FixedParameters: 0 0 0
#Transform 93
Transform: MatrixOffsetTransformBase_double_3_3
Parameters: 0.9999998541641862 0.0008460604558230311 -0.0006559390993149361 -0.0008466018631275406 0.999998813525519 -0.0011994443673642302 0.0006548768468058914 0.0011995557250926818 0.9999991630361343 0.12501450003620107 0.009452983893766032 -0.08758055692523214
FixedParameters: 0 0 0
#Transform 94
Transform: MatrixOffsetTransformBase_double_3_3
Parameters: 0.9999986655023437 0.001429036739499608 -0.0005411152814416087 -0.0014294398681294759 0.9999980847977473 -0.0013562584897567065 0.0005392053577270328 0.0013567417095765068 0.9999989005160006 0.1075506871629699 -0.040993919613569574 -0.08435827649424255
FixedParameters: 0 0 0
#Transform 95
Transform: MatrixOffsetTransformBase_double_3_3
Parameters: 0.9999982605095983 0.0016185291032961625 -0.0003453464285068418 -0.0016194536290492269 0.9999973186471285 -0.0014344734716857863 0.0003426989323542112 0.0014355246239947522 0.999998823410371 0.10243690975343611 -0.06184472728355672 -0.08092889486579224
FixedParameters: 0 0 0
#Transform 96
Transform: MatrixOffsetTransformBase_double_3_3
Parameters: 0.9999986428730478 0.0018244459635341317 -0.00016824135720402086 -0.0018249018012319435 0.9999972082661276 -0.0015587572287925726 0.0001645528578534073 0.0015582408620856518 0.9999985767586472 0.10454152289106844 -0.06285126289056109 -0.10408840396813446
FixedParameters: 0 0 0
#Transform 97
Transform: MatrixOffsetTransformBase_double_3_3
Parameters: 0.9999982228678179 0.0019139735864880628 -0.0003361704132893921 -0.0019148837512870756 0.9999970829797327 -0.0014994216871024 0.00033342564135563574 0.0015005780034939367 0.999998639881923 0.10018662779850729 -0.06212921254719106 -0.0776489577092434
FixedParameters: 0 0 0
#Transform 98
Transform: MatrixOffsetTransformBase_double_3_3
Parameters: 0.9999979720795829 0.0019907395243453324 -0.00025358223678076494 -0.0019913838857350294 0.9999968575335197 -0.0014645595412033675 0.00025074893058388563 0.0014644400890083814 0.999998825019691 0.12452377276920856 -0.03564897326707239 -0.08012638749417533
FixedParameters: 0 0 0
#Transform 99
Transform: MatrixOffsetTransformBase_double_3_3
Parameters: 0.9999979350365292 0.0017013702258376856 -0.00041387618846090474 -0.00170138242733049 0.999997409118755 -0.001301328930912695 0.0004114134024953476 0.0013026702716047722 0.9999991355067909 0.12615034317019536 -0.04061780373616841 -0.1046995632583787
FixedParameters: 0 0 0
#Transform 100
Transform: MatrixOffsetTransformBase_double_3_3
Parameters: 0.9999988716447002 0.001445243549501204 -0.00019791368216523833 -0.0014458065165538674 0.9999971272402143 -0.0016677456131669079 0.00019608992696297105 0.0016682523661336393 0.9999981799534046 0.13687848462556929 -0.023152695290477254 -0.09495124081983874
FixedParameters: 0 0 0
#Transform 101
Transform: MatrixOffsetTransformBase_double_3_3
Parameters: 0.999998862556006 0.0014561168602701595 0.00013237999705838235 -0.0014556961683340518 0.9999980783797832 -0.0013422257095696728 -0.00013428863941444862 0.0013417746737394536 0.9999991822442001 0.1460996498840217 0.02407536421816303 -0.10854239526797471
FixedParameters: 0 0 0
#Transform 102
Transform: MatrixOffsetTransformBase_double_3_3
Parameters: 0.9999988625554047 0.001456082195112789 0.0001327659057479519 -0.0014557321703287996 0.9999987194144598 -0.0010772266488092742 -0.00013390291831660175 0.0010767756126483403 0.9999998232789237 0.12156446917832398 -0.029818014052523267 -0.06157560785791816
FixedParameters: 0 0 0
#Transform 103
Transform: MatrixOffsetTransformBase_double_3_3
Parameters: 0.9999987616583698 0.0017994916999245706 -0.000013085804334834008 -0.00179949944313716 0.9999986643606447 -0.0003090398311822208 0.000011973718314836081 0.00030895934451687784 0.9999999063357926 0.12317571101240787 -0.025031863966049173 -0.045007299687455316
FixedParameters: 0 0 0
#Transform 104
Transform: MatrixOffsetTransformBase_double_3_3
Parameters: 0.9999983962032167 0.001898369686242378 0.000011388208810289013 -0.0018982809064413393 0.9999973274103768 -0.0010480559918078988 -0.000013369986555732959 0.0010489442306892104 0.9999998700861773 0.1404209784290913 0.013879113677347732 -0.07920460493909331
FixedParameters: 0 0 0
#Transform 105
Transform: MatrixOffsetTransformBase_double_3_3
Parameters: 0.9999986713131057 0.0013594806813214443 0.0012172510875335773 -0.0013573749649957215 0.9999986574586928 -0.0012496572866483903 -0.0012186140179951523 0.0012483443924075042 0.9999988938467507 0.10509232963548243 -0.018807723985020175 -0.09003245842630747
FixedParameters: 0 0 0
#Transform 106
Transform: MatrixOffsetTransformBase_double_3_3
Parameters: 0.9999991040975347 0.0013187270489651388 -0.00039728813872048517 -0.0013186899913721687 0.9999986548513842 -0.0012545082981244224 0.00039494759321792377 0.001254492208464606 0.9999993017025519 0.12297082002991999 0.014597221232364177 -0.0810800353243053
FixedParameters: 0 0 0
#Transform 107
Transform: MatrixOffsetTransformBase_double_3_3
Parameters: 0.9999984011118389 0.0016117743072930754 -0.000032997457368056584 -0.0016117968971991732 0.9999986945703728 -0.00084001069254451 0.000031289164529014387 0.0008399887279154743 0.9999992953409433 0.12576616311832822 -0.023470433538136604 -0.08930547874790307
FixedParameters: 0 0 0
#Transform 108
Transform: MatrixOffsetTransformBase_double_3_3
Parameters: 0.9999985717341807 0.0018356722458143717 0.0002388331303641821 -0.0018362137099442919 0.9999978370147219 -0.0008895024152230369 -0.00024106651883270777 0.0008884957651309998 0.9999991540776727 0.12444256312049617 -0.02444066342654594 -0.06289803524856552
FixedParameters: 0 0 0
#Transform 109
Transform: MatrixOffsetTransformBase_double_3_3
Parameters: 0.9999991319330088 0.0013601113843494555 0.00013609133977096171 -0.0013597963151677221 0.9999982939111772 -0.0009252165853999295 -0.00013660824133275925 0.0009247829357700681 0.999999126771451 0.1319857754951812 -0.014406029637342499 -0.08424562618242248
FixedParameters: 0 0 0
#Transform 110
Transform: MatrixOffsetTransformBase_double_3_3
Parameters: 0.9999979178352294 0.001629034692797386 0.0015583456511647114 -0.0016275222150273967 0.9999988100720328 -0.0007965418808498943 -0.0015599053258131127 0.0007944585786108724 0.99999884212076 0.10938065896463911 -0.007198263398265681 -0.09801475963567441
FixedParameters: 0 0 0
#Transform 111
Transform: MatrixOffsetTransformBase_double_3_3
Parameters: 0.9999980864079661 0.0018049130440985694 0.001286124917009112 -0.0018047195502967346 0.9999986210037035 -0.00046435674119924344 -0.001287766570074162 0.0004626426287530419 0.9999990357395222 0.09803218169317063 -0.014701285309527634 -0.08770183086235761
FixedParameters: 0 0 0
#Transform 112
Transform: MatrixOffsetTransformBase_double_3_3
Parameters: 0.9999991511541534 0.001359048412279444 0.00004280985335892962 -0.001359015045581208 0.9999990038198014 -0.00038508990247248034 -0.000043856306101001515 0.0003849093297840049 0.9999998508845067 0.1307629016273637 0.002911194847925458 -0.07456142581057179
FixedParameters: 0 0 0
#Transform 113
Transform: MatrixOffsetTransformBase_double_3_3
Parameters: 0.999998412542079 0.0015060294199886566 0.0011479810790760324 -0.0015065914401267719 0.9999987261313407 -0.0001917309009408924 -0.0011485235716593924 0.00018926967541211745 0.9999996138303875 0.11597161935699773 -0.014102382381892653 -0.08371613625511998
FixedParameters: 0 0 0
#Transform 114
Transform: MatrixOffsetTransformBase_double_3_3
