#Insight Transform File V1.0
#Transform 0
Transform: MatrixOffsetTransformBase_double_3_3
Parameters: 0.9999981033745815 0.0004176145043659027 0.00217320308944937 -0.0004063742914647688 0.9999868322367967 -0.005099830542539669 -0.0021750601081096496 0.005098164650713277 0.999984271158771 0.1730596893089711 -0.05040130912337304 -0.7303989999779645
FixedParameters: 0 0 0
#Transform 1
Transform: MatrixOffsetTransformBase_double_3_3
Parameters: 0.9999948463831706 0.000750022325615029 0.0030969959280836646 -0.0007353757482453724 0.9999892997316878 -0.004607175891909874 -0.0031003994527236236 0.004604820270684332 0.99998411586466 0.2083500091260504 -0.043742528343713616 -0.8015352203829309
FixedParameters: 0 0 0
#Transform 2
Transform: MatrixOffsetTransformBase_double_3_3
Parameters: 0.9999966006917687 -0.00020473323376766177 0.0027121115450718073 0.00020807998838323307 0.9999995471566645 -0.001175344744110192 -0.002712531557855224 0.0011756547714913065 0.9999952899292311 0.220638867368109 -0.14964257888303223 -0.8434610669348928
FixedParameters: 0 0 0
#Transform 3
Transform: MatrixOffsetTransformBase_double_3_3
Parameters: 0.999983637587183 -0.0018466608399531417 0.005472846166730365 0.0018200588174178164 0.9999860945531919 0.004925462578942524 -0.0054817415460173755 -0.004915540619613509 0.9999731196807408 0.07398876564467116 -0.052579257550462444 -1.3383813779834952
FixedParameters: 0 0 0
#Transform 4
Transform: MatrixOffsetTransformBase_double_3_3
Parameters: 0.9999897166634618 -0.0015417623799839654 0.004231595345532769 0.0015216884757021213 0.9999877878493192 0.0047627151217392305 -0.00423880816064896 -0.004756287305451655 0.9999796226358402 0.04548873863963365 -0.09930112652790513 -1.4440629071128654
FixedParameters: 0 0 0
#Transform 5
Transform: MatrixOffsetTransformBase_double_3_3
Parameters: 0.9999863660919108 -0.001466148476846561 0.005047818100839724 0.0014419306339262328 0.9999876722954092 0.004796699123845678 -0.005055514021843824 -0.00478930180700942 0.9999757475127532 0.04420064056898809 -0.12608029990661862 -1.386001777418187
FixedParameters: 0 0 0
#Transform 6
Transform: MatrixOffsetTransformBase_double_3_3
Parameters: 0.9999887624818133 -0.0009270620653755693 0.004730654993439825 0.000905534290634292 0.99998968649217 0.0045106553076481246 -0.004734579433524501 -0.004506344470979598 0.9999784224033541 0.05752108826035851 -0.08690974887349512 -1.4739368986789998
FixedParameters: 0 0 0
#Transform 7
Transform: MatrixOffsetTransformBase_double_3_3
Parameters: 0.9999912450074117 -0.0007001283389756207 0.004033027227079803 0.0006851164289868582 0.9999934270383828 0.0036080496616319666 -0.004035464384913372 -0.00360495295553713 0.9999858040816648 0.07470183806910313 -0.12893478517587198 -1.4921769883970768
FixedParameters: 0 0 0
#Transform 8
Transform: MatrixOffsetTransformBase_double_3_3
Parameters: 0.9999926524181997 -0.0008607037780337361 0.0036883765685381763 0.0008483176998149854 0.9999932834889355 0.003588346830519319 -0.0036919481041333474 -0.0035856555855349748 0.999986635607618 0.06616011708008784 -0.12083341289407201 -1.467057229660469
FixedParameters: 0 0 0
#Transform 9
Transform: MatrixOffsetTransformBase_double_3_3
Parameters: 0.9999916339337237 -0.0006779035424938564 0.003988284280151578 0.0006631285205731526 0.999992457705346 0.003743928795153166 -0.0039907757758094005 -0.0037410704208552317 0.9999851634062051 0.07312847642418774 -0.0633972123175397 -1.4721188802704432
FixedParameters: 0 0 0
#Transform 10
Transform: MatrixOffsetTransformBase_double_3_3
Parameters: 0.9999885943398099 -0.0008604146861669319 0.004654900147783806 0.0008489514011353177 0.9999962886612046 0.0024243280714414117 -0.0046563872648622455 -0.0024196712210425853 0.9999865734298736 0.08462404334359519 -0.10629605862186509 -1.6193205527086718
FixedParameters: 0 0 0
#Transform 11
Transform: MatrixOffsetTransformBase_double_3_3
Parameters: 0.9999926487421147 -0.000816118729763672 0.0036992100688503387 0.0008072193652617573 0.9999963659808534 0.002428226070955157 -0.003701432807413265 -0.0024247737092645966 0.9999905068979991 0.07648329954778887 -0.0950316898491792 -1.6691437602070351
FixedParameters: 0 0 0
#Transform 12
Transform: MatrixOffsetTransformBase_double_3_3
Parameters: 0.9999880460248868 -0.0009564125124093733 0.00469490253332089 0.00094553544149135 0.9999969644476324 0.0022347827046555815 -0.0046964642504785095 -0.002230213920854436 0.9999861134025877 0.09057932725731632 -0.12031484905688217 -1.6456674864140126
FixedParameters: 0 0 0
#Transform 13
Transform: MatrixOffsetTransformBase_double_3_3
Parameters: 0.9999906609334951 -0.0007992953025156708 0.004324423584954496 0.000781722511745424 0.9999912426066667 0.004126708202577933 -0.004327512710077617 -0.004123295705976665 0.9999823867513609 0.10106922381990557 -0.08834001224354893 -1.5001392983793238
FixedParameters: 0 0 0
#Transform 14
Transform: MatrixOffsetTransformBase_double_3_3
Parameters: 0.9999838745191105 -0.0007616435330452872 0.005616262206258942 0.0007411715379130225 0.9999926141557332 0.0037006951769712054 -0.005619481542974556 -0.00369630072384039 0.999976902261066 0.106095340198749 -0.057811419703512 -1.5501478852097108
FixedParameters: 0 0 0
#Transform 15
Transform: MatrixOffsetTransformBase_double_3_3
Parameters: 0.9999871430266275 -0.0007796210242102012 0.0049247197760434736 0.0007627066416696504 0.9999933264925149 0.0034561794988513805 -0.004926583747487014 -0.0034528191155245233 0.9999819491789578 0.09521638277885813 -0.11949597209553531 -1.4639278111797154
FixedParameters: 0 0 0
#Transform 16
Transform: MatrixOffsetTransformBase_double_3_3
Parameters: 0.9999882781239071 -0.0009274349093521854 0.004781082745327645 0.0009130116978545565 0.9999948340504278 0.003191756401058281 -0.00478445695985717 -0.003187253334595269 0.9999840980500124 0.0894379450771936 -0.06639707255908434 -1.5302190824886566
FixedParameters: 0 0 0
#Transform 17
Transform: MatrixOffsetTransformBase_double_3_3
Parameters: 0.9999904092155839 -0.001069693680833576 0.004177232466905884 0.0010538313924237774 0.9999929546685549 0.0037126610755494546 -0.004180585495028911 -0.0037083375884612788 0.9999839187090279 0.07533575333994236 -0.09208832428006986 -1.530436249744895
FixedParameters: 0 0 0
#Transform 18
Transform: MatrixOffsetTransformBase_double_3_3
Parameters: 0.9999860500253338 -0.000994970378523947 0.005287669536211537 0.0009797345259344942 0.9999961655289394 0.0027746370594426695 -0.005290584700064315 -0.002769364389565661 0.9999825163837188 0.08117634436159449 -0.09015003079588269 -1.5172993768496355
FixedParameters: 0 0 0
#Transform 19
Transform: MatrixOffsetTransformBase_double_3_3
Parameters: 0.9999886716020517 -0.00159081291554039 0.00456075494093215 0.0015761013842619793 0.9999942257399957 0.0031694852213002 -0.00456522418123365 -0.003162516407623106 0.9999843985779379 0.07652321016466601 -0.09264076241481689 -1.4902274190358469
FixedParameters: 0 0 0
#Transform 20
Transform: MatrixOffsetTransformBase_double_3_3
Parameters: 0.9999830764345197 -0.0011180860052873614 0.005716165347844368 0.0010967866857209156 0.9999927932077441 0.0037148112333124025 -0.005720048041923547 -0.0037081905332950055 0.9999767324273102 0.07283183787420455 -0.09997072469799662 -1.280116101230874
FixedParameters: 0 0 0
#Transform 21
Transform: MatrixOffsetTransformBase_double_3_3
Parameters: 0.9999833642694022 -0.0015608883844244123 0.005585619245576526 0.0015435985161435664 0.9999943382245217 0.0029961224271803436 -0.005590413005494956 -0.0029878755299455675 0.9999801217324689 0.09554506283798503 0.03297496223316898 -1.3245521480378954
FixedParameters: 0 0 0
#Transform 22
Transform: MatrixOffsetTransformBase_double_3_3
Parameters: 0.9999856867461131 -0.0005864927884189397 0.005382401714302493 0.0005678924206593488 0.999993645283901 0.0035945543452105128 -0.005384179159479907 -0.0035914529360850656 0.999979221865486 0.08561800214810944 -0.09552984146839094 -1.2504431602951627
FixedParameters: 0 0 0
#Transform 23
Transform: MatrixOffsetTransformBase_double_3_3
Parameters: 0.9999822929368649 -0.0015549317860348846 0.00576974237656395 0.001537995902911478 0.9999950952252454 0.00287040854889703 -0.005774111845149753 -0.002861594622373703 0.9999797696105742 0.081927896101476 0.0307298090747139 -1.2965311153906072
FixedParameters: 0 0 0
#Transform 24
Transform: MatrixOffsetTransformBase_double_3_3
Parameters: 0.9999843203426595 -0.0006947319048290235 0.005585207218043831 0.0006729700635203022 0.9999920236091356 0.003926294810878715 -0.005588266672551289 -0.0039217039640213405 0.9999765008241922 0.08149359451321914 -0.04499891077760765 -1.337526129399535
FixedParameters: 0 0 0
#Transform 25
Transform: MatrixOffsetTransformBase_double_3_3
Parameters: 0.9999871921172155 -0.001653887262934992 0.004697848272359843 0.0016374078014309377 0.999992233017889 0.0035840264142560363 -0.004704168172443353 -0.0035759729489748884 0.9999823260604329 0.10161160317423423 0.04915215674749618 -1.2793149235743897
FixedParameters: 0 0 0
#Transform 26
Transform: MatrixOffsetTransformBase_double_3_3
Parameters: 0.9999883789108422 -0.0016581150916070118 0.0045686712381394975 0.0016413228814555901 0.9999922040420363 0.003722803017816842 -0.004574479399775595 -0.0037152011458762013 0.9999825126725305 0.09490347320297587 -0.05554521336173934 -1.2911798318631895
FixedParameters: 0 0 0
#Transform 27
Transform: MatrixOffsetTransformBase_double_3_3
Parameters: 0.9999888442272324 -0.0016610727223746271 0.004516134106967309 0.0016426292715504328 0.9999905849126827 0.004058724291845124 -0.004523099598510444 -0.0040512745706216755 0.999981372943484 0.09750481558874924 -0.05358494404281089 -1.305781692141963
FixedParameters: 0 0 0
#Transform 28
Transform: MatrixOffsetTransformBase_double_3_3
Parameters: 0.9999882929992836 -0.0016582085961235297 0.004577541738760942 0.0016406272038611326 0.999991641563335 0.0037978131703625406 -0.004584594587525301 -0.0037901827168990987 0.9999818623055456 0.1058958226327178 -0.02630596732976187 -1.3172907895336863
FixedParameters: 0 0 0
#Transform 29
Transform: MatrixOffsetTransformBase_double_3_3
Parameters: 0.9999841245880737 -0.0009335543271590211 0.005568108488831177 0.0009134560110727122 0.9999929413140405 0.0036126207555452275 -0.005571406462573405 -0.0036073795432004507 0.9999781187803664 0.11285599261964308 -0.056552161104562515 -1.3623951970578076
FixedParameters: 0 0 0
#Transform 30
Transform: MatrixOffsetTransformBase_double_3_3
Parameters: 0.9999831077604316 -0.001631677389714035 0.00549851098895364 0.0016113287289667038 0.999992173208815 0.0036003347991990092 -0.005503771615301281 -0.003590660305047795 0.999978079032738 0.10295586867823658 -0.04794287398334518 -1.294078329735413
FixedParameters: 0 0 0
#Transform 31
Transform: MatrixOffsetTransformBase_double_3_3
Parameters: 0.9999846087176723 -0.0017412825222422076 0.005230782389015369 0.0017236541311835955 0.9999929715251492 0.0034284236475723706 -0.005236215304384802 -0.0034195792926412782 0.9999801893837413 0.08715344937886016 0.04791801367746018 -1.3680464313621883
FixedParameters: 0 0 0
#Transform 32
Transform: MatrixOffsetTransformBase_double_3_3
Parameters: 0.9999877633431367 -0.0005353976869019773 0.004893467478639155 0.000515610468087309 0.9999920795091725 0.004070922068140553 -0.004896373811758823 -0.004068080788701238 0.9999795618243151 0.10024611489725999 -0.049675342277964774 -1.3263647726070786
FixedParameters: 0 0 0
#Transform 33
Transform: MatrixOffsetTransformBase_double_3_3
Parameters: 0.9999854357959178 -0.001639109958712322 0.0050869859341671295 0.0016247853619653259 0.999995238938665 0.0028016619947563853 -0.005091558987549591 -0.002793342538625815 0.9999835446899947 0.09578910757890924 0.052226895317602384 -1.2949952809079122
FixedParameters: 0 0 0
#Transform 34
Transform: MatrixOffsetTransformBase_double_3_3
Parameters: 0.9999875836300883 -0.0015093542248420515 0.004705275580078997 0.001494394426896104 0.9999935938124294 0.0033113609397726687 -0.00470971610592984 -0.003303641747098192 0.9999831105031999 0.06887162978861738 0.06301903954435772 -1.369280574182639
FixedParameters: 0 0 0
#Transform 35
Transform: MatrixOffsetTransformBase_double_3_3
Parameters: 0.9999877238923703 -0.001213248831336561 0.004775139173370734 0.0011947958158552783 0.9999918874268977 0.003938074474440535 -0.004780214204432863 -0.0039319297505041526 0.999980867691198 0.07486870347786123 -0.048182553893667546 -1.3454990353038028
FixedParameters: 0 0 0
#Transform 36
Transform: MatrixOffsetTransformBase_double_3_3
Parameters: 0.99998483656538 -0.0016393621410799065 0.0052414457473589 0.0016197557401907042 0.9999914021492621 0.00370192853399693 -0.005248096239236518 -0.003693063755509353 0.999979091132813 0.07923057918785048 0.0507879767319821 -1.3517693660303678
FixedParameters: 0 0 0
#Transform 37
Transform: MatrixOffsetTransformBase_double_3_3
Parameters: 0.9999916721861601 -0.0010327175128864352 0.004032578250237046 0.0010158334725125324 0.9999910133145362 0.004219359994977759 -0.004036754536074998 -0.00421564531367951 0.9999830839246028 0.09106643200587428 -0.04753367064718361 -1.3519529005321829
FixedParameters: 0 0 0
#Transform 38
Transform: MatrixOffsetTransformBase_double_3_3
Parameters: 0.9999843314507566 -0.0016342960679268258 0.005384728743264511 0.0016158470278290172 0.9999928628075052 0.003496142765258302 -0.005390678130730258 -0.003487858556339714 0.9999790802434582 0.06790007394660336 0.05619459737117438 -1.3753594961691107
FixedParameters: 0 0 0
#Transform 39
Transform: MatrixOffsetTransformBase_double_3_3
Parameters: 0.9999873169461198 -0.0017992082368107197 0.004631018587721339 0.0017783806226930878 0.9999879010462854 0.004545583402479396 -0.004638930463381182 -0.004537418307317714 0.9999791649802888 0.07928225500248232 0.07954674466161293 -1.4332471354655212
FixedParameters: 0 0 0
#Transform 40
Transform: MatrixOffsetTransformBase_double_3_3
Parameters: 0.9999840889597597 -0.001641541454235812 0.005405331833916714 0.0016142422400648817 0.9999865624995888 0.004956224217596318 -0.0054132742052567925 -0.004946778407597122 0.9999734910512894 0.07434221696333054 -0.02180103094782737 -1.396412699928021
FixedParameters: 0 0 0
#Transform 41
Transform: MatrixOffsetTransformBase_double_3_3
Parameters: 0.999985141122183 -0.0016530373845366595 0.005111221876491866 0.0016241827889719794 0.9999827405397805 0.005687739381617964 -0.005120764100844057 -0.005679264427008862 0.999970795228291 0.0773186134749011 -0.018640711761591433 -1.2990606039892327
FixedParameters: 0 0 0
#Transform 42
Transform: MatrixOffsetTransformBase_double_3_3
Parameters: 0.9999844436216624 -0.0016452500085531075 0.005277273293103705 0.0016185787622282986 0.9999859142321771 0.005016002933018224 -0.005285452945347983 -0.005007992010036724 0.9999732884277029 0.06734688295503588 0.09462730042656631 -1.3477519873815993
FixedParameters: 0 0 0
#Transform 43
Transform: MatrixOffsetTransformBase_double_3_3
Parameters: 0.9999841717993397 -0.002171408718330033 0.005207189947369938 0.0021432431171323385 0.9999825489219616 0.005430602012639514 -0.005218483205769915 -0.005419395724296713 0.9999717607383564 0.04845885254124482 -0.047503691085935884 -1.3065474044023517
FixedParameters: 0 0 0
#Transform 44
Transform: MatrixOffsetTransformBase_double_3_3
Parameters: 0.9999828835264304 -0.002440164258300143 0.00530659546252169 0.0024094047841784786 0.9999806215638226 0.0056692408789130525 -0.0053209768528453836 -0.005656752548045138 0.9999701218008407 0.047513561884628075 -0.020014613896606193 -1.353937443230393
FixedParameters: 0 0 0
#Transform 45
Transform: MatrixOffsetTransformBase_double_3_3
Parameters: 0.999983795484902 -0.00270905505743505 0.004986665764802015 0.0026808690140389642 0.9999812354452386 0.005580728044358968 -0.005001565670025194 -0.005567279772638316 0.9999724200614548 0.05483347510751457 0.0867674081986678 -1.4298816562408234
FixedParameters: 0 0 0
#Transform 46
Transform: MatrixOffsetTransformBase_double_3_3
Parameters: 0.9999837858801486 -0.0025242310127702072 0.005083586440473734 0.002496460019851639 0.9999829587290956 0.00533007514635829 -0.005097138093219167 -0.005316926847994591 0.9999731469780901 0.05258679567415925 0.09613985817773596 -1.3469156054027707
FixedParameters: 0 0 0
#Transform 47
Transform: MatrixOffsetTransformBase_double_3_3
Parameters: 0.999986449002918 -0.0025492592870869756 0.004588244960396863 0.002521523253931023 0.9999791042353726 0.006013853185733317 -0.004603566689968858 -0.006002147558278097 0.9999711514864847 0.06991889026292597 0.09721552007616197 -1.4062294077935036
FixedParameters: 0 0 0
#Transform 48
Transform: MatrixOffsetTransformBase_double_3_3
Parameters: 0.999985416580178 -0.002229425471586457 0.004859173120183163 0.0021960100519864364 0.9999734969327064 0.006878059847165406 -0.0048746341659978865 -0.006867932470662447 0.9999644416517033 0.07177064733441796 0.004613191175280917 -1.3555610583684512
FixedParameters: 0 0 0
#Transform 49
Transform: MatrixOffsetTransformBase_double_3_3
Parameters: 0.9999828497741385 -0.0030955710138609828 0.0049562445400188745 0.003067547647420671 0.9999795510751853 0.005704507745395042 -0.004974244802346631 -0.00568949753524222 0.9999713859702837 0.06308301259490179 0.10446987143382103 -1.38479792500722
FixedParameters: 0 0 0
#Transform 50
Transform: MatrixOffsetTransformBase_double_3_3
Parameters: 0.9999763768661495 -0.0032617076981677306 0.005998616019572093 0.0032240061248842255 0.9999744806610866 0.006364886344910066 -0.0060190381177172665 -0.006345121009405229 0.9999621223513747 0.06011010731462818 0.10634073672370903 -1.3689500689125396
FixedParameters: 0 0 0
#Transform 51
Transform: MatrixOffsetTransformBase_double_3_3
Parameters: 0.9999827401939271 -0.0026165489736995353 0.005235598901532442 0.002578508940568016 0.9999704045201276 0.0073129261990427935 -0.0052547608991993485 -0.007300081892056526 0.9999595633911523 0.05240603745832573 -0.01755220244538691 -1.3474921128438098
FixedParameters: 0 0 0
#Transform 52
Transform: MatrixOffsetTransformBase_double_3_3
Parameters: 0.999986863907014 -0.0026341487807947568 0.004381671880268387 0.002605659862906359 0.9999750184062696 0.006619673699306369 -0.004398248857006417 -0.00660833313249172 0.9999683539351717 0.05697970550828302 0.12176776003904877 -1.4116466085676365
FixedParameters: 0 0 0
#Transform 53
Transform: MatrixOffsetTransformBase_double_3_3
Parameters: 0.9999860926797166 -0.0026283334823499426 0.0045821032015391765 0.002598836633595507 0.9999754543713097 0.006433228781510772 -0.004599620730376925 -0.006421765959353239 0.9999690114002437 0.03510080569940044 0.09996055912078816 -1.364594749424711
FixedParameters: 0 0 0
#Transform 54
Transform: MatrixOffsetTransformBase_double_3_3
Parameters: 0.9999853419417098 -0.001590813551107401 0.005111314565383192 0.0015552835302014385 0.9999739092375461 0.007028399754358504 -0.005122551466011435 -0.007020592609925776 0.999961743632996 0.052526122915310225 -0.0031788163298074323 -1.3562837176784086
FixedParameters: 0 0 0
#Transform 55
Transform: MatrixOffsetTransformBase_double_3_3
Parameters: 0.9999833571342158 -0.001513325605355999 0.005599488061405915 0.0014629660057175935 0.999959277703468 0.00890578954285088 -0.00561252879282704 -0.008897207131466418 0.9999446015835369 -0.005540048229079275 0.13696632977536183 -1.6668772193473274
FixedParameters: 0 0 0
#Transform 56
Transform: MatrixOffsetTransformBase_double_3_3
Parameters: 0.9999711758153941 -0.0017056254555841092 0.00741047140444967 0.0016208905402768517 0.9999329989242902 0.011487145451257105 -0.007429345701890737 -0.011474864470605473 0.9999065375558764 -0.1357730801200887 -0.10170464752690123 -1.0280970142458585
FixedParameters: 0 0 0
#Transform 57
Transform: MatrixOffsetTransformBase_double_3_3
Parameters: 0.9999692293719091 -0.0008615166130736453 0.007747663796299591 0.0007943541056666122 0.999963003415918 0.008608340095541449 -0.0077549914097288525 -0.008602665796595611 0.9999331116526078 -0.07700623767030379 -0.11515335755021283 -0.9545819803339128
FixedParameters: 0 0 0
#Transform 58
Transform: MatrixOffsetTransformBase_double_3_3
Parameters: 0.9999677706338219 0.00011255605236450478 0.008013520503728533 -0.00018096540615150097 0.9999635305882526 0.008510823996089392 -0.008012158526614646 -0.008512164758420482 0.9999313439259416 0.033417413235497406 -0.10074006398141933 -0.8570746167566341
FixedParameters: 0 0 0
#Transform 59
Transform: MatrixOffsetTransformBase_double_3_3
Parameters: 0.999983229111894 0.0002795746663156644 0.005804957862441678 -0.00032229092198731433 0.9999724163457535 0.007381784559596677 -0.005801864815582656 -0.007384210102578656 0.9999557930217735 0.04254530243127874 -0.08303803976831148 -0.6590746115799817
FixedParameters: 0 0 0
#Transform 60
Transform: MatrixOffsetTransformBase_double_3_3
Parameters: 0.9999910844552654 -0.00035097788348600043 0.004097576942354639 0.0003208401534614501 0.9999720751778242 0.007467629357801521 -0.004100568725606071 -0.007466369199903775 0.9999634950840514 0.05630022903984866 -0.007998172220226252 -0.5786631251461642
FixedParameters: 0 0 0
#Transform 61
Transform: MatrixOffsetTransformBase_double_3_3
Parameters: 0.9999863498508617 0.000025999713525130276 0.005161865085180769 -0.0000643420727465268 0.9999723302215967 0.007392207079229947 -0.005162390845671054 -0.00739279239361041 0.9999597192993345 0.09424103031761888 -0.002575749483156642 -0.5980607149634807
FixedParameters: 0 0 0
#Transform 62
Transform: MatrixOffsetTransformBase_double_3_3
Parameters: 0.9999893153551804 0.000008950186688151186 0.004548068145643598 -0.000043779799240851685 0.9999710172068824 0.007678200588193788 -0.004547763109020155 -0.007678810534440569 0.9999603769907192 0.09483018902710683 -0.07213436238663462 -0.5611583656695558
FixedParameters: 0 0 0
#Transform 63
Transform: MatrixOffsetTransformBase_double_3_3
Parameters: 0.9999837656247286 -0.00036782532115104544 0.0056657761077106295 0.00031850350140339237 0.9999618089057337 0.008775418917789407 -0.005668371451315632 -0.008773581571215903 0.9999449688095954 0.12209741278735464 -0.0783602403286352 -0.597275494202421
FixedParameters: 0 0 0
#Transform 64
Transform: MatrixOffsetTransformBase_double_3_3
Parameters: 0.9999883599101397 -0.00039570162156052526 0.004741496625149272 0.0003576918246191873 0.9999667240779715 0.008130132080310805 -0.0047448481097454925 -0.008127863873336631 0.9999554716516845 0.11064051928858021 -0.07635747851142582 -0.5715497658533764
FixedParameters: 0 0 0
#Transform 65
Transform: MatrixOffsetTransformBase_double_3_3
Parameters: 0.9999912144157074 -0.0004590398473659249 0.004071104273875412 0.0004275260884671502 0.9999715183137124 0.007566059990155194 -0.004074755581159687 -0.007563942723568862 0.9999632355134596 0.08707377144206419 -0.09268195742518515 -0.5931554030866693
FixedParameters: 0 0 0
#Transform 66
Transform: MatrixOffsetTransformBase_double_3_3
Parameters: 0.9999889614451729 -0.00024831777362006283 0.00468771858728226 0.00021936277226203946 0.999980303490927 0.0062924474287409105 -0.004689604594886367 -0.006291559955065258 0.9999694781599625 0.10461208250920606 -0.09113755107532029 -0.6066555110541287
FixedParameters: 0 0 0
#Transform 67
Transform: MatrixOffsetTransformBase_double_3_3
Parameters: 0.9999928185443004 -0.00045046996339390155 0.0038703195479543612 0.0004247404962302872 0.999977928897176 0.006695920367122708 -0.0038729978196181698 -0.006694088325768767 0.9999702421941524 0.09187042705652004 -0.09470537750085839 -0.6009234746111076
FixedParameters: 0 0 0
#Transform 68
Transform: MatrixOffsetTransformBase_double_3_3
Parameters: 0.9999900262565051 -0.0008250332415236103 0.004277025321787446 0.0007979165785298825 0.9999799895627055 0.006344729779250262 -0.004282170898813738 -0.006341273885077922 0.9999705681814397 0.10463494720960398 -0.05190582625385787 -0.6262050156756089
FixedParameters: 0 0 0
#Transform 69
Transform: MatrixOffsetTransformBase_double_3_3
Parameters: 0.999990230407338 -0.000707485558417856 0.004274189141881625 0.0006805502554234317 0.9999808856668754 0.006207222785018486 -0.004278622558753202 -0.006204776679694081 0.9999713147688433 0.11899274848875052 -0.05233742350461057 -0.6932269841599492
FixedParameters: 0 0 0
#Transform 70
Transform: MatrixOffsetTransformBase_double_3_3
Parameters: 0.9999903794200059 -0.0006113413150445471 0.004271795108564895 0.0005857888810215366 0.9999805424896148 0.006166843304157857 -0.0042750266731814346 -0.006164156372758335 0.9999718090754215 0.09823920749400372 -0.029288681837840613 -0.6888216914009888
FixedParameters: 0 0 0
#Transform 71
Transform: MatrixOffsetTransformBase_double_3_3
Parameters: 0.9999904869272597 -0.0005350538384135312 0.004269617211644825 0.0005071567168037945 0.9999786022929962 0.006561516227986286 -0.004272336693230206 -0.006559493881195651 0.9999698029229943 0.09995064161861933 -0.04348739929373835 -0.5507741958987395
FixedParameters: 0 0 0
#Transform 72
Transform: MatrixOffsetTransformBase_double_3_3
Parameters: 0.9999905300738912 -0.0005089902651725834 0.004267688022745199 0.0004722790363598289 0.9999628455372117 0.008653347776448252 -0.004271343311084308 -0.008650651869351024 0.9999529668390226 0.09198618330823649 -0.056634879772261115 -0.5531465243912379
FixedParameters: 0 0 0
#Transform 73
Transform: MatrixOffsetTransformBase_double_3_3
Parameters: 0.9999920398413029 -0.0011080617616515591 0.003705761473152714 0.0010809718526733985 0.9999729714637916 0.007328221388724215 -0.0037136522241177946 -0.007324776760652317 0.9999657113448087 0.10164244659719657 0.02176872994398593 -0.4942655547765895
FixedParameters: 0 0 0
#Transform 74
Transform: MatrixOffsetTransformBase_double_3_3
Parameters: 0.999990618971296 -0.0008808760808268134 0.004195979740749453 0.0008522044192884634 0.9999762581427899 0.0067749241629151205 -0.00420160104048139 -0.006771074196907756 0.9999686123080864 0.0922268425310051 -0.041445517489819395 -0.5113158377083664
FixedParameters: 0 0 0
#Transform 75
Transform: MatrixOffsetTransformBase_double_3_3
Parameters: 0.9999903628276452 -0.0008063279391840321 0.004240812407160287 0.000775837672346534 0.9999741760215853 0.007148609054532025 -0.0042470656383402 -0.0071453840951337805 0.9999650258565055 0.0912433349769799 0.00599659200108249 -0.4767599938049756
FixedParameters: 0 0 0
#Transform 76
Transform: MatrixOffsetTransformBase_double_3_3
Parameters: 0.9999908253493086 -0.0005447882061950391 0.004228277682358631 0.0005129876463751093 0.9999722877722356 0.007440526391783393 -0.004232123348415205 -0.007438480675768473 0.9999638431696161 0.09756948170694102 -0.025373333116007757 -0.5092579409171947
FixedParameters: 0 0 0
#Transform 77
Transform: MatrixOffsetTransformBase_double_3_3
Parameters: 0.9999918929472361 -0.0006389404345307054 0.003962317758761278 0.0006086179225130477 0.9999703142738585 0.0076307251004878035 -0.003966781458456133 -0.0076282707623715265 0.9999631580015832 0.07901275708317712 -0.010761459820017194 -0.47952050307340244
FixedParameters: 0 0 0
#Transform 78
Transform: MatrixOffsetTransformBase_double_3_3
Parameters: 0.9999914624134251 -0.0008873719372417151 0.003968597483659855 0.0008579690127106859 0.9999735273561635 0.0072536896328784795 -0.0039751378760767 -0.007250309818528582 0.9999657502353608 0.10174921353099364 -0.010779332792537843 -0.49809341607701185
FixedParameters: 0 0 0
#Transform 79
Transform: MatrixOffsetTransformBase_double_3_3
Parameters: 0.9999914623084265 -0.0008906257471546989 0.003967866347209505 0.0008587411640341835 0.9999669810805594 0.008074693351158728 -0.0039749975096055054 -0.008070300254390449 0.9999591481052931 0.10048142934876125 -0.02902513033122034 -0.5122922332559625
FixedParameters: 0 0 0
#Transform 80
Transform: MatrixOffsetTransformBase_double_3_3
Parameters: 0.9999919087231558 -0.000989510841216471 0.0040139370144318415 0.0009560281977971355 0.9999649439526682 0.008308127688931174 -0.004022138009527873 -0.008303862842590777 0.9999569826077418 0.09826776388484859 -0.009959788363048006 -0.4848073569771003
FixedParameters: 0 0 0
#Transform 81
Transform: MatrixOffsetTransformBase_double_3_3
Parameters: 0.9999927318432176 -0.0009023047521406349 0.003667795668719872 0.0008678747504861847 0.9999556382088083 0.00935543542277429 -0.003676425895653068 -0.009351552287307718 0.9999491133738325 0.10944452806974425 0.008827280015296424 -0.4249799293444312
FixedParameters: 0 0 0
#Transform 82
Transform: MatrixOffsetTransformBase_double_3_3
Parameters: 0.999988615287127 -0.0016535882440786352 0.004432597033729796 0.0016019388331345954 0.9999310541043707 0.011624487060646949 -0.004452042851908232 -0.01161750627436877 0.9999224553470304 0.12087496019650246 -0.010476808693169914 -0.8380132221438714
FixedParameters: 0 0 0
#Transform 83
Transform: MatrixOffsetTransformBase_double_3_3
Parameters: 0.9999918880055472 -0.002183479560643496 0.0035134259557803383 0.002148260169268988 0.9999468148033193 0.0100657693287267 -0.003535123933098973 -0.010058235702018997 0.9999435794719023 0.08359092149845537 -0.031289973617504074 -0.4784384595533737
FixedParameters: 0 0 0
#Transform 84
Transform: MatrixOffsetTransformBase_double_3_3
Parameters: 0.9999910325517325 -0.0024210212370102398 0.0036202836554898414 0.0023831426461200754 0.9999414857780988 0.010561831425071444 -0.0036452121679259783 -0.010553172434637242 0.9999376178508725 0.06611936411192687 0.034082951730226796 -0.5218967050971344
FixedParameters: 0 0 0
#Transform 85
Transform: MatrixOffsetTransformBase_double_3_3
Parameters: 0.9999908449099814 -0.0019529074329879637 0.003786680746805973 0.0019093949458564184 0.9999322059824785 0.011484500584498306 -0.0038093875492381706 -0.011477501133325019 0.9999270023012261 0.042332059610572514 0.02721618175144158 -0.662749131480254
FixedParameters: 0 0 0
#Transform 86
Transform: MatrixOffsetTransformBase_double_3_3
Parameters: 0.9999946833999397 -0.0014199334909394382 0.003049210552340842 0.00138333229785672 0.9999279657098854 0.011956389933531833 -0.0030668627116957506 -0.011952618868619175 0.9999238864234116 0.05470576341262756 0.07491705980217489 -0.7284768204214487
FixedParameters: 0 0 0
#Transform 87
Transform: MatrixOffsetTransformBase_double_3_3
Parameters: 0.9999938565185218 -0.0005838235089672642 0.0032864561361657147 0.0005420258634287759 0.9999185521065351 0.012769017361080277 -0.003294155399721138 -0.012767992934303043 0.9999132208963893 0.04807169722376159 0.011462773559685502 -0.6985853491993339
FixedParameters: 0 0 0
#Transform 88
Transform: MatrixOffsetTransformBase_double_3_3
Parameters: 0.999993357935495 -0.0008089213030023433 0.0034625975703801173 0.0007640317185173238 0.9999166874986716 0.012869919159893821 -0.0034722279819148875 -0.012867082185946684 0.9999114590756029 0.04042050855457546 0.07853964255954793 -0.7160620093331858
FixedParameters: 0 0 0
#Transform 89
Transform: MatrixOffsetTransformBase_double_3_3
Parameters: 0.9999956338830314 -0.0014833647101554698 0.002676693769323721 0.0014503482953890305 0.9999220328311971 0.0123990022913808 -0.002695110432029695 -0.012394988831507595 0.9999192174135612 0.05455180889039468 0.023880319534285377 -0.7122763508319991
FixedParameters: 0 0 0
#Transform 90
Transform: MatrixOffsetTransformBase_double_3_3
Parameters: 0.999996633427301 -0.0012273565167022977 0.0024206909111950843 0.0011972926412962563 0.9999219929915376 0.012469020818391359 -0.002435871682638065 -0.01246600135434401 0.9999197503929823 0.030374581446181992 0.018931015377788185 -0.6758190478417845
FixedParameters: 0 0 0
#Transform 91
Transform: MatrixOffsetTransformBase_double_3_3
Parameters: 0.9999967628683352 -0.0012387840754476739 0.0023880072191770803 0.0012089279066535938 0.9999230030026726 0.012387009569523218 -0.0024032433909587157 -0.012384014036599583 0.9999209460311684 0.03937588406290615 0.062170762721024175 -0.7394862042639119
FixedParameters: 0 0 0
#Transform 92
Transform: MatrixOffsetTransformBase_double_3_3
Parameters: 0.9999939843723511 -0.0014238595111087226 0.0031602662108836175 0.0013864652152880306 0.9999272864669042 0.011984588980797947 -0.0031771447343072875 -0.011980422524155092 0.9999235259841482 0.033862179042174034 0.03175489811494003 -0.6641676480156633
FixedParameters: 0 0 0
#Transform 93
Transform: MatrixOffsetTransformBase_double_3_3
Parameters: 0.9999943692773076 -0.0012285753482192373 0.003020142829868692 0.0011893956928119744 0.9999145650819254 0.012995788580718794 -0.003035796765953902 -0.012992207655692312 0.9999111010193429 0.03148969800913903 0.06816599813789992 -0.7350230012774404
FixedParameters: 0 0 0
#Transform 94
Transform: MatrixOffsetTransformBase_double_3_3
Parameters: 0.9999903214535478 -0.0004959110491824589 0.004293007762720946 0.00044064187416778506 0.9999184188087871 0.012739288326039946 -0.00429963825955288 -0.012737693358703651 0.999909349431338 0.06061272875911072 -0.03600873986567876 -0.8042400117866748
FixedParameters: 0 0 0
#Transform 95
Transform: MatrixOffsetTransformBase_double_3_3
Parameters: 0.9999902484212925 -0.0005278374859539695 0.004412885452495869 0.00047324520739142073 0.9999238638690029 0.012321530951643213 -0.004418919937560377 -0.012319476261127879 0.9999147820021507 0.06763619383646358 0.010665158617143788 -0.8016792426267898
FixedParameters: 0 0 0
#Transform 96
Transform: MatrixOffsetTransformBase_double_3_3
Parameters: 0.9999913749609705 -0.0009588230424843613 0.003962946942097918 0.0009097686948866168 0.9999222180394778 0.012402962285878887 -0.003974665902258469 -0.012399035668958586 0.9999155742408213 0.07375809398979527 -0.009294618667865961 -0.7560736577378719
FixedParameters: 0 0 0
#Transform 97
Transform: MatrixOffsetTransformBase_double_3_3
Parameters: 0.9999911326573385 -0.000449678525599138 0.004082388127396556 0.00040012539498993267 0.9999256986211916 0.012209995686692635 -0.004087337798490651 -0.012208017945291666 0.9999173021401895 0.06970989562886132 0.015265849377684049 -0.729388236772067
FixedParameters: 0 0 0
#Transform 98
Transform: MatrixOffsetTransformBase_double_3_3
Parameters: 0.9999912110169008 -0.0007067210325215976 0.004035881324361354 0.0006601514561488503 0.9999334561313711 0.011490010445158266 -0.004044034588329549 -0.011486979877196365 0.9999257739134589 0.09888138106640554 0.026448242757908247 -0.7100379692599148
FixedParameters: 0 0 0
#Transform 99
Transform: MatrixOffsetTransformBase_double_3_3
Parameters: 0.9999949993499427 -0.0007361392791407119 0.0029082596462078397 0.0007025956920175691 0.9999338810870401 0.0114702220128097 -0.002916802103698445 -0.011467776389522427 0.9999300331153389 0.09318301686681707 0.041712724685453395 -0.7166851237297607
FixedParameters: 0 0 0
#Transform 100
Transform: MatrixOffsetTransformBase_double_3_3
Parameters: 0.9999928750112189 -0.0004901425224034542 0.0038576936229903895 0.00044778160581605836 0.9999371453417114 0.0112070323120564 -0.0038635894486003155 -0.011204967705677485 0.9999295719624728 0.06968557505622641 0.021085199842588054 -0.7193501523259727
FixedParameters: 0 0 0
#Transform 101
Transform: MatrixOffsetTransformBase_double_3_3
Parameters: 0.9999946050455298 -0.0005435358107377835 0.0031783162640200567 0.0005061512459112173 0.9999311155816277 0.011728831566651235 -0.0031837935513500987 -0.011727174445966056 0.9999263872503255 0.084951688726008 0.008071717151267421 -0.675160469473127
FixedParameters: 0 0 0
#Transform 102
Transform: MatrixOffsetTransformBase_double_3_3
Parameters: 0.9999928132328312 -0.0009258172479341637 0.0036510678126982503 0.0008833898907862813 0.9999326361217328 0.011595505458264037 -0.0036613696983859097 -0.011592505728120941 0.9999263253208628 0.0888929858384131 0.09078233826978988 -0.8104085141151955
FixedParameters: 0 0 0
#Transform 103
Transform: MatrixOffsetTransformBase_double_3_3
Parameters: 0.9999935712664287 -0.0004161696353258183 0.0036407971764774805 0.00037234526649133134 0.9999282867835442 0.011939653595968276 -0.0036455648752724175 -0.011937339269091546 0.9999222178891287 0.07459369119669645 0.043910969648862874 -0.8304645786125917
FixedParameters: 0 0 0
#Transform 104
Transform: MatrixOffsetTransformBase_double_3_3
Parameters: 0.9999934416049033 -0.0005328821418353338 0.0036432816334957133 0.0004905515941069072 0.9999323062324423 0.01159108708603205 -0.0036494668904653704 -0.011589909673593954 0.9999264460949407 0.07593743873184167 0.02646932980351835 -0.7708720721839626
FixedParameters: 0 0 0
#Transform 105
Transform: MatrixOffsetTransformBase_double_3_3
Parameters: 0.9999959001181745 -0.0006505932754096994 0.0029452718827320114 0.0006157423130748568 0.9999293767467571 0.011881998548021681 -0.002953421150471696 -0.011880008429937791 0.9999251963605055 0.08620310880409932 0.03647501402991793 -0.8115098973674009
FixedParameters: 0 0 0
#Transform 106
Transform: MatrixOffsetTransformBase_double_3_3
Parameters: 0.9999940320119696 -0.000734944479598166 0.0032287540694323305 0.0006956130930447875 0.9999257100306713 0.012153470446191104 -0.0032383691361148703 -0.012151524577198071 0.9999209438131872 0.060776048289028495 -0.0008048616873566061 -0.7159585129814161
FixedParameters: 0 0 0
#Transform 107
Transform: MatrixOffsetTransformBase_double_3_3
Parameters: 0.9999869774927067 -0.002376830568256463 0.004623722719467239 0.002283588385580725 0.9997999550811169 0.01988606220549813 -0.004669235426657623 -0.019874944170624652 0.9997914702619739 -0.009922387422591328 0.04517431682349127 -1.054616813501255
FixedParameters: 0 0 0
#Transform 108
Transform: MatrixOffsetTransformBase_double_3_3
Parameters: 0.9999829753337479 -0.0018044823890517748 0.005636068948349856 0.001692058524777448 0.999799756865519 0.019951347343119104 -0.005671355383946416 -0.019940677955138555 0.9997854460072486 0.004165893662616327 0.020969495974554775 -1.2647905914913622
FixedParameters: 0 0 0
#Transform 109
Transform: MatrixOffsetTransformBase_double_3_3
Parameters: 0.99998120310373 -0.0023296536754335967 0.005600909636654737 0.002214272690062255 0.9997887324345892 0.020442167052416076 -0.005647353940216075 -0.020429827385283206 0.9997751156789628 0.00959474931511295 -0.05114129974188586 -1.2161636579748176
FixedParameters: 0 0 0
#Transform 110
Transform: MatrixOffsetTransformBase_double_3_3
Parameters: 0.9999872102444527 -0.0017744729225335255 0.0046517968682096384 0.0016768420211264409 0.9997783234123443 0.020966332816882483 -0.004688217905330139 -0.020957632354631814 0.9997689746667683 -0.050191467793766265 0.00863020608721854 -1.2198325516094002
FixedParameters: 0 0 0
#Transform 111
Transform: MatrixOffsetTransformBase_double_3_3
Parameters: 0.9999869107546754 -0.002870603131230943 0.004341396663371242 0.0027826655468476133 0.999791530911364 0.020230532154253765 -0.004398505978896586 -0.020218485385252165 0.9997862294760059 -0.05741201387540684 -0.018242064947699532 -1.1006087831546978
FixedParameters: 0 0 0
#Transform 112
Transform: MatrixOffsetTransformBase_double_3_3
Parameters: 0.9999955451674059 -0.00108849670735051 0.002876023610788042 0.0010545088173473881 0.9999309943709349 0.011696179455852808 -0.002888129336383481 -0.011692808639154804 0.9999270182763038 -0.0002799217570128576 0.009705270825250523 -0.9340101012052742
FixedParameters: 0 0 0
#Transform 113
Transform: MatrixOffsetTransformBase_double_3_3
Parameters: 0.9999921986680232 0.0038221268344390577 0.00043635314635390903 -0.003822982654001352 0.9999927399795238 0.0008381170432512769 -0.000433936888197094 -0.0008398872689221182 1.0000000508376754 0.6005141919143426 -0.0933042866125362 -0.8295715791424243
FixedParameters: 0 0 0
#Transform 114
Transform: MatrixOffsetTransformBase_double_3_3
Parameters: 0.9999993434403321 -0.0012276931586760586 -0.00038605422238374666 0.001225961862690319 0.999988417476998 -0.00459147752335546 0.0003922586683408701 0.004590522662411757 0.9999897711612129 1.189979985897807 0.1517477791258841 -1.017243196571897
FixedParameters: 0 0 0
#Transform 115
Transform: MatrixOffsetTransformBase_double_3_3
