#Insight Transform File V1.0
#Transform 0
Transform: MatrixOffsetTransformBase_double_3_3
Parameters: 0.9999998448362162 0.00041832641810485435 0.0009897235260073385 -0.0004192716718093604 0.9999999218811236 0.0009665850808898008 -0.0009899449048534402 -0.0009664161365212989 0.9999990547086591 0.06451817197689991 -0.018127889562748578 -0.29487482783858354
FixedParameters: 0 0 0
#Transform 1
Transform: MatrixOffsetTransformBase_double_3_3
Parameters: 0.9999994445407657 0.0006073038200962373 0.001089085218659416 -0.000608705256456175 0.999999446586974 0.0010873379557352417 -0.0010887931165650742 -0.001088662116757802 0.9999986304643453 0.06792126100236828 -0.0203154286693632 -0.29174408181047795
FixedParameters: 0 0 0
#Transform 2
Transform: MatrixOffsetTransformBase_double_3_3
Parameters: 0.999998017540145 0.0007916726156869613 0.0015348095090699859 -0.0007934994905184248 0.9999988752556432 0.0012358143553035314 -0.0015339117680656994 -0.0012371857680179843 0.9999980844161739 0.08427680364195567 0.019079762234454734 -0.31335061603692793
FixedParameters: 0 0 0
#Transform 3
Transform: MatrixOffsetTransformBase_double_3_3
Parameters: 0.9999984473766306 0.0007964045832392234 0.0017079602321110848 -0.0007986691180679517 0.9999980792945341 0.001521700268331351 -0.0017076249739627933 -0.0015233007185943837 0.9999977320615868 0.0951706028917414 0.014549509820554363 -0.3319743836289888
FixedParameters: 0 0 0
#Transform 4
Transform: MatrixOffsetTransformBase_double_3_3
Parameters: 0.9999985650484978 0.000294002944340281 0.0015324051335968457 -0.0002935618716840006 0.9999996937776998 -0.00047041882722258926 -0.0015326498783319767 0.00046958115727447833 0.9999984294706447 0.11422974213171244 0.018032173689860542 -0.15000431121117686
FixedParameters: 0 0 0
#Transform 5
Transform: MatrixOffsetTransformBase_double_3_3
Parameters: 0.9999980659907818 0.0003253900372017752 0.0016817033790545656 -0.00032657219192014554 0.9999998025667098 0.0003514815185105963 -0.0016814742144617464 -0.00035151703502620674 0.99999801632007 0.11861964959248894 -0.018433615430268446 -0.20979510105620136
FixedParameters: 0 0 0
#Transform 6
Transform: MatrixOffsetTransformBase_double_3_3
Parameters: 0.999998332789464 0.00036766925447200076 0.0015913341320970959 -0.0003676579048159144 0.9999998007954907 0.0003104456220939175 -0.0015911372231896066 -0.00031055488469837467 0.999998339173312 0.10692001673784546 0.0002243939056114641 -0.2902394671252466
FixedParameters: 0 0 0
#Transform 7
Transform: MatrixOffsetTransformBase_double_3_3
Parameters: 0.9999993457477176 0.00035574741655444893 0.0012357520267414423 -0.0003562467260205193 0.9999988782499408 0.0009975911662662013 -0.0012361037839886898 -0.0009984083498222954 0.9999984754893642 0.08520543970708161 -0.0011843218378118081 -0.2649295217237011
FixedParameters: 0 0 0
#Transform 8
Transform: MatrixOffsetTransformBase_double_3_3
Parameters: 0.9999996290637301 0.0003530765557962842 0.001116508593460371 -0.0003524097567622597 0.9999998543581315 0.00014863807230149073 -0.0011164348862993281 -0.00014936293754449353 0.9999997303035268 0.08715173766601936 0.018527766884687935 -0.2963480978233548
FixedParameters: 0 0 0
#Transform 9
Transform: MatrixOffsetTransformBase_double_3_3
Parameters: 0.9999987873485542 0.0003645943154102415 0.0014420130121998822 -0.00036336982636797296 0.9999992740616997 -0.000771492902008078 -0.0014425428619834206 0.0007705057644536648 0.9999983244053896 0.09259821974343652 0.0073591717350325325 -0.32822543466825493
FixedParameters: 0 0 0
#Transform 10
Transform: MatrixOffsetTransformBase_double_3_3
Parameters: 0.9999997796941846 0.00070072676796611 0.0008539840050708298 -0.0006996407880596807 0.9999991382637445 -0.00063556745203271 -0.0008548739381317061 0.0006354317546532137 0.9999998337104038 0.08135993942052266 0.0015399856807079004 -0.3297864019883434
FixedParameters: 0 0 0
#Transform 11
Transform: MatrixOffsetTransformBase_double_3_3
Parameters: 0.9999992482026459 0.000666606418474958 0.0011434304780242452 -0.0006658962183995084 0.9999994920804224 -0.00031073127804269116 -0.0011438442193755637 0.00031026819522057825 0.999999563301954 0.09273193971890237 0.04323328423660655 -0.32477855235228503
FixedParameters: 0 0 0
#Transform 12
Transform: MatrixOffsetTransformBase_double_3_3
Parameters: 0.9999992914370921 0.00029370721820425337 0.0012740989945153277 -0.0002916140431800776 0.999999502141321 -0.0012013732001976384 -0.0012737713397960439 0.0012016255661456282 0.9999979020910421 0.09836302521669893 0.008340806496249797 -0.3067573409022373
FixedParameters: 0 0 0
#Transform 13
Transform: MatrixOffsetTransformBase_double_3_3
Parameters: 0.9999991584523541 0.0002696077961147301 0.001329899552991792 -0.00026722320469408804 0.9999993109526771 -0.0012723257428425144 -0.0013305509922902576 0.0012716744261042114 0.9999986115288182 0.09260277657547533 0.014339848138391176 -0.26843290204770653
FixedParameters: 0 0 0
#Transform 14
Transform: MatrixOffsetTransformBase_double_3_3
Parameters: 0.9999991837058876 0.00025389590821548656 0.0013234872635481034 -0.0002525114295482483 0.9999991573689533 -0.0009003039574249673 -0.0013239118720880093 0.0009006944429975905 0.9999984045373272 0.10910830589928366 0.016872276848474144 -0.33316381050795485
FixedParameters: 0 0 0
#Transform 15
Transform: MatrixOffsetTransformBase_double_3_3
Parameters: 0.9999995275472521 0.0002232069160178111 0.0006501012769032741 -0.00022186723303989798 0.9999998895753343 -0.001030145203431719 -0.0006505597035087519 0.0010298557578599654 0.9999995161703336 0.08236725547520507 0.005274033218725549 -0.3029704380402336
FixedParameters: 0 0 0
#Transform 16
Transform: MatrixOffsetTransformBase_double_3_3
Parameters: 0.9999988178306681 0.00035688271754522917 0.001433349625238558 -0.000356524694089862 0.999999680941503 -0.00047348098341041395 -0.0014336560127013087 0.00047351912875419344 0.9999986884845349 0.10456102033802495 0.024631826769805798 -0.2645967965056286
FixedParameters: 0 0 0
#Transform 17
Transform: MatrixOffsetTransformBase_double_3_3
Parameters: 0.9999993105655999 0.0002715902361208137 0.0012710001545626639 -0.0002715296449186637 0.9999997533521218 -0.00041731406363043275 -0.00127119522477076 0.000416686495357272 0.9999992094351248 0.10259833295866372 0.020654489122492237 -0.3431927304605722
FixedParameters: 0 0 0
#Transform 18
Transform: MatrixOffsetTransformBase_double_3_3
Parameters: 0.999999197829152 0.0002002636488761432 0.0013274279071370197 -0.00020132021620272172 0.9999998022658463 0.00039776449192113067 -0.0013272680764859679 -0.0003982347434622127 0.9999990787554772 0.10049867481572505 0.04397450201851427 -0.31192079698176656
FixedParameters: 0 0 0
#Transform 19
Transform: MatrixOffsetTransformBase_double_3_3
Parameters: 0.9999990815508438 0.00024821645968692486 0.0009256548504627741 -0.0002481794321206021 0.9999999379976985 -0.000020229728696551097 -0.0009256647781437332 0.00001977023454845933 0.9999991427531462 0.11436072729679836 0.023919659125397175 -0.2810895178627817
FixedParameters: 0 0 0
#Transform 20
Transform: MatrixOffsetTransformBase_double_3_3
Parameters: 0.9999993667151964 0.00035491761124852673 0.0007120291536713377 -0.00035517358073168764 0.9999996014579849 -0.000522252751826699 -0.0007123684101485626 0.0005217470255497667 0.999999220289328 0.10260538588691759 0.042312493637936655 -0.3187807578340198
FixedParameters: 0 0 0
#Transform 21
Transform: MatrixOffsetTransformBase_double_3_3
Parameters: 0.999999718750095 0.0004896889448510412 0.00020360393763560719 -0.0004895919736140306 0.9999997036078622 -0.0002380996693817604 -0.00020383700589961286 0.00023790016978098016 0.9999999018542712 0.1274616376694695 0.027273726802320652 -0.2979115754814501
FixedParameters: 0 0 0
#Transform 22
Transform: MatrixOffsetTransformBase_double_3_3
Parameters: 0.9999983661275061 0.0005720133122242272 0.0015187726931427822 -0.0005719631904835404 0.9999997049388125 -0.000016838290836103387 -0.0015187915681526526 0.00001616165523576213 0.9999986606441643 0.11436976404358745 0.04417936225536323 -0.33037088704337236
FixedParameters: 0 0 0
#Transform 23
Transform: MatrixOffsetTransformBase_double_3_3
Parameters: 0.9999984763658439 0.00039003266913998616 0.0015403167629132024 -0.0003851334474795853 0.9999934884653393 -0.0035165640750166836 -0.0015408547758925383 0.003515432653100177 0.9999922633082717 0.11976408706598818 0.06907909643464905 -0.5591960254409685
FixedParameters: 0 0 0
#Transform 24
Transform: MatrixOffsetTransformBase_double_3_3
Parameters: 0.9999976191073155 0.0008306954277498742 0.0021657772967837614 -0.0008212932317252756 0.9999905571113165 -0.004222727103844595 -0.0021694708137684573 0.004221267827366072 0.999988411242671 0.08032696664990624 0.00838625308307428 -0.618449140538246
FixedParameters: 0 0 0
#Transform 25
Transform: MatrixOffsetTransformBase_double_3_3
Parameters: 0.9999989807882992 0.0008073403423800415 0.0015386913711786074 -0.0008021998857826137 0.9999935288499464 -0.0035862116170682773 -0.001541275413664996 0.003584793762762703 0.9999927401964988 0.09347825917225805 0.04642397871060666 -0.6208998161051369
FixedParameters: 0 0 0
#Transform 26
Transform: MatrixOffsetTransformBase_double_3_3
Parameters: 0.9999985186168813 0.0003401943948252363 0.0015380062207044313 -0.00033479852218733344 0.9999932561562058 -0.0036924885820321628 -0.0015393103351674505 0.003691512784718576 0.9999920006178796 0.08646424636782513 0.039323814526952106 -0.6036906187454036
FixedParameters: 0 0 0
#Transform 27
Transform: MatrixOffsetTransformBase_double_3_3
Parameters: 0.9999981348881385 0.00034760436077335775 0.0019349402059584085 -0.0003473015802583151 0.9999997994121911 -0.0003366108389764033 -0.0019351426310546672 0.00033638977459609157 0.9999981090111215 0.0785508025874293 0.02830224619863486 -0.4702428453359033
FixedParameters: 0 0 0
#Transform 28
Transform: MatrixOffsetTransformBase_double_3_3
Parameters: 0.9999981427717319 0.0008207808828303693 0.00178454228113874 -0.0008191434198980403 0.9999998585380446 -0.0007304341751851358 -0.0017847085082297114 0.0007295663682260027 0.9999982184325119 0.09206231664740017 0.03094710549537183 -0.4980367408919193
FixedParameters: 0 0 0
#Transform 29
Transform: MatrixOffsetTransformBase_double_3_3
Parameters: 0.9999976106717943 -0.00006826322515796528 0.002093740713538883 0.00006124621628622629 0.9999948020180046 0.0033462004074326993 -0.0020943939328208405 -0.003345803622141527 0.9999924171212637 0.08585627200928059 0.004590563673616543 -0.22657379804961408
FixedParameters: 0 0 0
#Transform 30
Transform: MatrixOffsetTransformBase_double_3_3
Parameters: 0.9999954994402054 -0.0003013747149741615 0.0028999116078911695 0.0002947179477539594 0.9999964752081637 0.002531990317854456 -0.0029006724027978237 -0.0025310083324957475 0.9999922072033529 0.10226084946712888 0.06145096075319145 -0.30737277185686196
FixedParameters: 0 0 0
#Transform 31
Transform: MatrixOffsetTransformBase_double_3_3
Parameters: 0.9999980011683282 0.0001887755542085076 0.002227457233918358 -0.00019435482962421963 0.9999973625764742 0.002366635546957714 -0.0022277069238727234 -0.002367363421379491 0.9999944331865062 0.07310512624664511 0.03444693556292577 -0.29707369103309134
FixedParameters: 0 0 0
#Transform 32
Transform: MatrixOffsetTransformBase_double_3_3
Parameters: 0.9999976909901116 0.00009342439797437991 0.0023022642795254697 -0.00009929246312004262 0.9999963527311785 0.00257687166706929 -0.002301956111052425 -0.0025771269528563207 0.9999940563647959 0.07742621472071676 0.08455204088906498 -0.3279601555131535
FixedParameters: 0 0 0
#Transform 33
Transform: MatrixOffsetTransformBase_double_3_3
Parameters: 0.999997914915933 0.00006227104160441336 0.0022541455433817627 -0.00006639809659629033 0.999997902235665 0.002023950391130319 -0.0022540421704774437 -0.002024052052480775 0.9999958195044761 0.08383465900567444 0.05112555554475762 -0.34478824441458755
FixedParameters: 0 0 0
#Transform 34
Transform: MatrixOffsetTransformBase_double_3_3
Parameters: 0.9999983190283344 0.0005845352409032039 0.0018274449064484167 -0.0005868188203653755 0.9999987635493172 0.0017099615766204973 -0.0018265664510450739 -0.0017110408325647641 0.999996703844891 0.08611001282663722 0.019110074640053654 -0.345565483204183
FixedParameters: 0 0 0
#Transform 35
Transform: MatrixOffsetTransformBase_double_3_3
Parameters: 0.9999980597267667 0.0005865769061687023 0.0018964162960419895 -0.0005891115852429282 0.9999987473062418 0.0017139167393097343 -0.001895525723650103 -0.0017150849968969734 0.9999964333871791 0.08128687228978038 0.045706588539758286 -0.3465963668581935
FixedParameters: 0 0 0
#Transform 36
Transform: MatrixOffsetTransformBase_double_3_3
Parameters: 0.9999980935612814 0.0005865867070442212 0.001887334596444428 -0.0005895352225968317 0.9999982304951041 0.0015669515708454165 -0.001886584760915773 -0.00156804726158917 0.999996948947825 0.07082242846954045 0.044234042399921236 -0.38272181599519683
FixedParameters: 0 0 0
#Transform 37
Transform: MatrixOffsetTransformBase_double_3_3
Parameters: 0.999999010488748 0.0002944062027822337 0.0017039127632397894 -0.0002969045742875719 0.9999991711747148 0.0013195271552312662 -0.001703195052876634 -0.0013204716965204907 0.9999973545113804 0.07907361269337798 0.02771264518004557 -0.3014168739444898
FixedParameters: 0 0 0
#Transform 38
Transform: MatrixOffsetTransformBase_double_3_3
Parameters: 0.9999972617245001 0.0005945376144551169 0.0020937377314529993 -0.0005955872386313169 0.9999991601487236 0.0007198158647429634 -0.0020939425720786125 -0.0007211841933478097 0.9999970633341392 0.07470680621334225 0.07529489576192816 -0.3559826646635571
FixedParameters: 0 0 0
#Transform 39
Transform: MatrixOffsetTransformBase_double_3_3
Parameters: 0.9999980991146129 0.0004970242351055662 0.0019116184859987657 -0.0004985361855802946 0.9999993225393796 0.0006561108081714548 -0.0019109958118807314 -0.0006578880528798001 0.9999979132775012 0.07078733154436634 0.05087973718103456 -0.35187970679776015
FixedParameters: 0 0 0
#Transform 40
Transform: MatrixOffsetTransformBase_double_3_3
Parameters: 0.9999985474326184 0.0006717835984294337 0.0017320907002314418 -0.0006727019115120427 0.9999992849779937 0.0005438975499455281 -0.0017323895440934777 -0.0005451029153432582 0.9999986694934587 0.04793013622479236 0.06978612901046688 -0.33741573788705637
FixedParameters: 0 0 0
#Transform 41
Transform: MatrixOffsetTransformBase_double_3_3
Parameters: 0.9999985721850536 0.0003536940120290526 0.001517269830932154 -0.0003569621374645046 0.999997651700921 0.0020544913831385125 -0.0015169031684966609 -0.002055506721883614 0.9999964744241505 0.05076852763451711 0.06908188374066526 -0.4585571367151857
FixedParameters: 0 0 0
#Transform 42
Transform: MatrixOffsetTransformBase_double_3_3
Parameters: 0.9999979150483143 0.0007564016664949939 0.0021241560401012967 -0.0007597625226246826 0.9999988849089472 0.0012534509913379593 -0.00212331633660594 -0.0012555473219256832 0.99999688259566 0.03924665755725698 0.04851639578239997 -0.3189534055828602
FixedParameters: 0 0 0
#Transform 43
Transform: MatrixOffsetTransformBase_double_3_3
Parameters: 0.9999981581005092 0.0007209066158339938 0.0018228697555157435 -0.000723280034511378 0.9999996544131032 0.0009247139457239095 -0.0018215645694043144 -0.0009262847544454708 0.9999977905862558 0.05846773923286719 0.061801003633647156 -0.34353667388538156
FixedParameters: 0 0 0
#Transform 44
Transform: MatrixOffsetTransformBase_double_3_3
Parameters: 0.9999968337376046 0.0007971159025960961 0.002351384187762943 -0.0008013717883615638 0.9999983914038661 0.001741181647128505 -0.0023507242727365645 -0.0017428181511696672 0.9999953731923237 0.043605687379368874 0.0806675581522569 -0.46188360723914457
FixedParameters: 0 0 0
#Transform 45
Transform: MatrixOffsetTransformBase_double_3_3
Parameters: 0.9999989694774498 0.0009620946019250108 0.0010515095874268818 -0.0009628663997881434 0.9999984059141629 0.001302986941324337 -0.001050062725608783 -0.001304011639515247 0.9999981653377348 0.05871998066083961 0.05231512781132608 -0.3221875552178233
FixedParameters: 0 0 0
#Transform 46
Transform: MatrixOffsetTransformBase_double_3_3
Parameters: 0.999998518186069 0.0007343319396802766 0.0013935010440605453 -0.0007369092354117534 0.9999988719878807 0.00127200528094093 -0.0013926598043598045 -0.00127299402383136 0.9999984076832323 0.07562310033823394 0.10255484141057991 -0.45344408187493457
FixedParameters: 0 0 0
#Transform 47
Transform: MatrixOffsetTransformBase_double_3_3
Parameters: 0.9999986783609977 0.0004943451019982351 0.001754084862256397 -0.0004973216000413961 0.9999989151973996 0.001694161671204078 -0.0017534982197758519 -0.001694840031811036 0.9999970204914491 0.0625656698246928 0.04826047548435497 -0.4699991577152076
FixedParameters: 0 0 0
#Transform 48
Transform: MatrixOffsetTransformBase_double_3_3
Parameters: 0.999999352875197 0.0007232761857425461 0.0010603283907692333 -0.00072598205100883 0.9999976084697666 0.002205232720574088 -0.0010581936472632205 -0.0022067678675584956 0.9999970115166403 0.05680254045023503 0.058488179610208135 -0.37617414102439284
FixedParameters: 0 0 0
#Transform 49
Transform: MatrixOffsetTransformBase_double_3_3
Parameters: 0.999998537953885 0.0007341709255223711 0.001386477886947088 -0.0007366306172554121 0.9999989626351328 0.0012360109047265116 -0.0013856901555970177 -0.0012369887445803363 0.9999985174516407 0.05067060785222566 0.09819364655741936 -0.48472594372321964
FixedParameters: 0 0 0
#Transform 50
Transform: MatrixOffsetTransformBase_double_3_3
Parameters: 0.9999994517069883 0.0007746127036779657 0.000973913524029892 -0.0007762866961118514 0.99999682027434 0.002368243901033469 -0.0009723334583027714 -0.002368755093075485 0.9999964118305332 0.055132667817531456 0.06851220549027914 -0.3809370253894997
FixedParameters: 0 0 0
#Transform 51
Transform: MatrixOffsetTransformBase_double_3_3
Parameters: 0.9999980631570027 0.0009693769436312991 0.0014128399987703637 -0.0009722973203554199 0.9999981331717198 0.0017186602198513146 -0.0014115631171767067 -0.001720341443303637 0.9999980166132881 0.052413473184756754 0.09697296086780227 -0.4624124865000141
FixedParameters: 0 0 0
#Transform 52
Transform: MatrixOffsetTransformBase_double_3_3
Parameters: 0.999998698664199 0.0008823970432052071 0.0015880581555583655 -0.0008852056645704039 0.9999988363668939 0.0011886265349306188 -0.001586986506517905 -0.0011903718301174288 0.9999980324753541 0.08316480535690118 0.09560840968528339 -0.5047019093264566
FixedParameters: 0 0 0
#Transform 53
Transform: MatrixOffsetTransformBase_double_3_3
Parameters: 0.9999964959589153 0.001592012263212474 0.001992495045001154 -0.0015956326703105664 0.9999978429444096 0.0016448231589652126 -0.001989339820098289 -0.0016481754350066713 0.999996231080188 0.04085967324441242 0.10462522096426596 -0.4305940722846344
FixedParameters: 0 0 0
#Transform 54
Transform: MatrixOffsetTransformBase_double_3_3
Parameters: 0.9999977250489321 0.0014590471761027567 0.0017738954934439655 -0.0014607798452620504 0.999998230647679 0.0013154414643491846 -0.0017721447776845396 -0.0013175615092615653 0.9999980280469875 0.05874426291293844 0.06010477471068043 -0.4596082075965313
FixedParameters: 0 0 0
#Transform 55
Transform: MatrixOffsetTransformBase_double_3_3
Parameters: 0.9999988326575735 0.0014948341734541996 0.0009657696924622624 -0.0014972027443696046 0.9999968794531056 0.0022155262902886427 -0.0009621991689722352 -0.0022174753370737196 0.9999971274366768 0.06431816145727964 0.07696981040636786 -0.3657042769865484
FixedParameters: 0 0 0
#Transform 56
Transform: MatrixOffsetTransformBase_double_3_3
Parameters: 0.9999978634820299 0.0016090339954290625 0.0015960428509073925 -0.001610771598592477 0.9999981764434678 0.001150429257190791 -0.0015943970725799251 -0.0011525714797396489 0.9999980351288523 0.04612808324843343 0.08282844578315007 -0.4433014572374532
FixedParameters: 0 0 0
#Transform 57
Transform: MatrixOffsetTransformBase_double_3_3
Parameters: 0.9999976648184403 0.0015090296043831952 0.0014350798147914924 -0.0015105317628407557 0.9999983192480727 0.0012088333589031636 -0.0014324884658418978 -0.0012111667118294145 0.9999984173660905 0.04447080364859346 0.0632716361628809 -0.3581602729983757
FixedParameters: 0 0 0
#Transform 58
Transform: MatrixOffsetTransformBase_double_3_3
Parameters: 0.9999972759587624 0.0012311222752249189 0.0017913382161206894 -0.0012325856367378573 0.9999986285458848 0.0009568234350698993 -0.0017900403067214127 -0.0009591763352273519 0.9999978118824281 0.06540635032401099 0.1079139037364456 -0.4503955858485824
FixedParameters: 0 0 0
#Transform 59
Transform: MatrixOffsetTransformBase_double_3_3
Parameters: 0.9999980440089615 0.0013052326216614436 0.0015012036713067441 -0.0013053346576728127 0.9999992243349963 0.0003660391361185178 -0.0015002770015352404 -0.00036796087032319597 0.999998550295774 0.07637932337753739 0.10012382139173326 -0.4949645741010187
FixedParameters: 0 0 0
#Transform 60
Transform: MatrixOffsetTransformBase_double_3_3
Parameters: 0.9999974299376791 0.001318399492517384 0.001957649631937384 -0.0013198449541554395 0.9999985633065304 0.0008704475765431569 -0.0019564114057252073 -0.0008735518671571865 0.9999973458614815 0.05813578886358073 0.0951545404300731 -0.35123193441150136
FixedParameters: 0 0 0
#Transform 61
Transform: MatrixOffsetTransformBase_double_3_3
Parameters: 0.9999972327017115 0.0007292847585397434 0.0020580168462459732 -0.0007287270066737998 0.9999994835574211 -0.0001364382001146497 -0.002058214406167753 0.00013456104496960275 0.9999977124238567 0.06479168953040926 0.11822402454960468 -0.45489182389529503
FixedParameters: 0 0 0
#Transform 62
Transform: MatrixOffsetTransformBase_double_3_3
Parameters: 0.9999966450409052 0.0016757891374175526 0.0021321590443569697 -0.001676795180047203 0.9999981022392133 0.00046145353807496015 -0.0021316377108176955 -0.00046454602272904405 0.9999971140635009 0.0479979376235633 0.09354556242742262 -0.4957252709722013
FixedParameters: 0 0 0
#Transform 63
Transform: MatrixOffsetTransformBase_double_3_3
Parameters: 0.9999995809986936 0.0009707731463312952 0.0006903627256835609 -0.0009715223074120082 0.9999997610373758 0.0005422982845052077 -0.0006893080580707367 -0.0005437009402540424 0.9999992302639623 0.05456330860063474 0.09915560130986023 -0.37236588609040666
FixedParameters: 0 0 0
#Transform 64
Transform: MatrixOffsetTransformBase_double_3_3
Parameters: 0.9999964356230993 0.0017895809018264406 0.0018334259467488142 -0.0017913155414895302 0.9999978854707867 0.0009997157899024889 -0.0018319015038511714 -0.0010032843046301684 0.9999975441439601 0.06680216931053451 0.10721628640351355 -0.5029309368393058
FixedParameters: 0 0 0
#Transform 65
Transform: MatrixOffsetTransformBase_double_3_3
Parameters: 0.9999975640678068 0.0017625059888886014 0.0011534897181918924 -0.0017636150389997662 0.9999972394345678 0.001320965704779846 -0.0011508917734688816 -0.0013220343934082293 0.9999988319038738 0.05122470901362419 0.07347368366254159 -0.43744718266974303
FixedParameters: 0 0 0
#Transform 66
Transform: MatrixOffsetTransformBase_double_3_3
Parameters: 0.9999978620075829 0.0015014824257771615 0.0013719337714272672 -0.001504126533431045 0.9999970520833411 0.0016579365314074862 -0.0013700087979594655 -0.0016600610906510119 0.9999973053570412 0.04124747101585058 0.11062161180794305 -0.36326813047391227
FixedParameters: 0 0 0
#Transform 67
Transform: MatrixOffsetTransformBase_double_3_3
Parameters: 0.9999972705930146 0.0015801995477302227 0.0014946236795106104 -0.0015802190174501387 0.9999984494435332 0.00033963683172249376 -0.0014935773846377384 -0.0003423627705171073 0.9999985885873844 0.04041480247944662 0.08124018785142084 -0.4727981536251633
FixedParameters: 0 0 0
#Transform 68
Transform: MatrixOffsetTransformBase_double_3_3
Parameters: 0.9999973813512373 0.001508081667210522 0.0015310819355253832 -0.0015085770898807388 0.999998559245181 0.0004766891140661131 -0.001530670885606758 -0.0004793112010730363 0.9999983651374627 0.05798515869278731 0.07329454190711715 -0.3414586260284693
FixedParameters: 0 0 0
#Transform 69
Transform: MatrixOffsetTransformBase_double_3_3
Parameters: 0.9999981967864269 0.0015121899636557359 0.0012315391567317678 -0.0015136116662429182 0.9999988300928965 0.0009701045554909513 -0.0012296320166035745 -0.0009718948046704354 0.9999984810101903 0.046116841781895346 0.1225759374621731 -0.38166610552106306
FixedParameters: 0 0 0
#Transform 70
Transform: MatrixOffsetTransformBase_double_3_3
Parameters: 0.999996571723769 0.0014755719004638265 0.002061957942256641 -0.001477370006841471 0.99999908071966 0.0009119859615961332 -0.0020603227505777274 -0.0009150155283448105 0.9999978220356492 0.04153530660646254 0.12002349239116938 -0.4745270500316252
FixedParameters: 0 0 0
#Transform 71
Transform: MatrixOffsetTransformBase_double_3_3
Parameters: 0.9999968397948064 0.0015213452721387606 0.001960906696145742 -0.0015223280388827155 0.9999985316754817 0.0004960446562095808 -0.0019604233815716104 -0.0004989554201176027 0.9999978131060446 0.058758613757220246 0.10907411389634092 -0.363622662393297
FixedParameters: 0 0 0
#Transform 72
Transform: MatrixOffsetTransformBase_double_3_3
Parameters: 0.9999974579521732 0.0015061895345425621 0.0015082437594076286 -0.0015079620734802267 0.9999982514268834 0.0012397267016811958 -0.0015055655174576854 -0.0012422726964674974 0.9999981263593433 0.07106614247378218 0.12334106569507242 -0.4611404078247574
FixedParameters: 0 0 0
#Transform 73
Transform: MatrixOffsetTransformBase_double_3_3
Parameters: 0.9999969006414625 0.0012932368295333163 0.002329830263093728 -0.001293385779174821 0.9999993627411248 0.0002450474290902685 -0.0023292240683234267 -0.00024795338197444033 0.9999974163753012 0.08418819063992089 0.10563064787469045 -0.4611817293263414
FixedParameters: 0 0 0
#Transform 74
Transform: MatrixOffsetTransformBase_double_3_3
Parameters: 0.9999982221896694 0.001207932890392671 0.0011483498184147853 -0.0012093536197478189 0.9999992188107778 0.0006186102656400155 -0.0011468535166634694 -0.0006193882970774028 0.9999992370572376 0.07253874294183049 0.12313274745059744 -0.364974210966281
FixedParameters: 0 0 0
#Transform 75
Transform: MatrixOffsetTransformBase_double_3_3
Parameters: 0.9999972321431551 0.0015075388224798515 0.0015799698242876525 -0.0015101069648691967 0.9999977778379343 0.0017426162754734797 -0.0015768017913397323 -0.0017443852132333695 0.9999973747065082 0.13063391047930395 0.12075568071995235 -0.12853617653468064
FixedParameters: 0 0 0
#Transform 76
Transform: MatrixOffsetTransformBase_double_3_3
Parameters: 0.9999980145589102 0.001895098466560206 0.0011799101248582697 -0.001897812410414835 0.9999971388904688 0.001534730453226947 -0.0011771160310076678 -0.0015362691637928333 0.9999981601398724 0.1197811849470014 0.08714563204574688 -0.11687976138283318
FixedParameters: 0 0 0
#Transform 77
Transform: MatrixOffsetTransformBase_double_3_3
Parameters: 0.9999969259686984 0.0016896201886096507 0.0014897335119264563 -0.0016905969184675314 0.9999987789234395 0.0006514497678388811 -0.001488557142154656 -0.0006545501505836743 0.9999982942263452 0.13037021641410718 0.14279852679426597 -0.11871691185994848
FixedParameters: 0 0 0
#Transform 78
Transform: MatrixOffsetTransformBase_double_3_3
Parameters: 0.9999977755484107 0.0018817808446346931 0.0012974801359178015 -0.0018844630358102 0.9999959189039381 0.002142526727417403 -0.0012934975470952521 -0.002145472603283946 0.9999966631513525 0.11979176304346595 0.11051517211241446 -0.15605721354634738
FixedParameters: 0 0 0
#Transform 79
Transform: MatrixOffsetTransformBase_double_3_3
Parameters: 0.9999976890436855 0.0016084274728838193 0.0013132934283503137 -0.0016115247879154144 0.999995404793588 0.0026568553666130104 -0.0013088584386085375 -0.0026591437188898184 0.9999951542845951 0.11427701241433397 0.12165024796674118 -0.17691616810762412
FixedParameters: 0 0 0
#Transform 80
Transform: MatrixOffsetTransformBase_double_3_3
Parameters: 0.9999978086014014 0.0017650747003505685 0.001036827820262276 -0.0017676912869930609 0.9999962371191049 0.0021681388167935356 -0.0010332260795196534 -0.00216986207048607 0.9999971623374676 0.11959460440603209 0.0993156100112742 -0.13672347618278025
FixedParameters: 0 0 0
#Transform 81
Transform: MatrixOffsetTransformBase_double_3_3
Parameters: 0.9999975030127365 0.0019625964633168307 0.0012828085660759017 -0.0019648153792132385 0.9999962868867122 0.0019864512224195413 -0.0012790950734457803 -0.00198855076615171 0.9999973157909849 0.11628872268840951 0.08724693032908704 -0.13737846487191518
FixedParameters: 0 0 0
#Transform 82
Transform: MatrixOffsetTransformBase_double_3_3
Parameters: 0.99999706776567 0.0015590622280531783 0.0015810760829025711 -0.0015607812568906355 0.9999979248157834 0.000838563630430382 -0.0015804858311059382 -0.0008414365860022061 0.9999987317479487 0.11445511342651571 0.14701857146270925 -0.10811859787068556
FixedParameters: 0 0 0
#Transform 83
Transform: MatrixOffsetTransformBase_double_3_3
Parameters: 0.9999968698349874 0.002097826798507447 0.0013144954505517655 -0.002098805774805319 0.9999975603004433 0.0003592078043870156 -0.0013139820663967134 -0.0003617919010606846 0.9999990496137848 0.10382462531866565 0.09781354141213683 -0.09482369914627498
FixedParameters: 0 0 0
#Transform 84
Transform: MatrixOffsetTransformBase_double_3_3
Parameters: 0.9999976761113816 0.0017826337750269728 0.0014650307690014803 -0.0017821755811178843 0.9999988545593649 0.00017235620293114262 -0.0014654414049308801 -0.0001756462338216927 0.99999876099986 0.10857172177539098 0.08899126321756512 -0.0738580107218354
FixedParameters: 0 0 0
#Transform 85
Transform: MatrixOffsetTransformBase_double_3_3
Parameters: 0.9999980405508999 0.0017183905229106598 0.00008110668377013913 -0.0017183945758676518 0.9999980455106533 0.000024829256134430155 -0.00008102076200601754 -0.000025170645859468044 0.9999999937902666 0.11112249230754401 0.13761532229040085 -0.051676763606863574
FixedParameters: 0 0 0
#Transform 86
Transform: MatrixOffsetTransformBase_double_3_3
Parameters: 0.9999979282968129 0.002009396617783021 0.001017223384060657 -0.0020104073863732573 0.9999969628644477 0.0014339258165762883 -0.0010145162934733086 -0.0014360761556501747 0.9999988469721375 0.11261698422894995 0.10929650718797745 -0.10383664207698473
FixedParameters: 0 0 0
#Transform 87
Transform: MatrixOffsetTransformBase_double_3_3
Parameters: 0.9999971899531513 0.001876276485411281 0.0011350917974345786 -0.0018768845341843889 0.9999984757288483 0.0002528369376768383 -0.0011351379966674433 -0.00025516395004381714 0.9999995851919166 0.10314442825981018 0.10404615358832814 -0.06749401708312064
FixedParameters: 0 0 0
#Transform 88
Transform: MatrixOffsetTransformBase_double_3_3
Parameters: 0.9999981167308126 0.0019319875597061424 0.00038818861877004847 -0.001932263072773426 0.9999981699307469 0.00035518680576477474 -0.0003868148754518864 -0.00035581176537280435 0.9999996940398626 0.1175606901950772 0.1508462117190419 -0.07109646323387153
FixedParameters: 0 0 0
#Transform 89
Transform: MatrixOffsetTransformBase_double_3_3
Parameters: 0.9999975998486904 0.0020894738501373088 0.0001830363939144887 -0.0020900185881539478 0.99999709833522 0.0012375577134385585 -0.00018086068995438692 -0.0012384437499504755 0.9999994362192504 0.10243428931693188 0.11095256049247837 -0.08339431034796974
FixedParameters: 0 0 0
#Transform 90
Transform: MatrixOffsetTransformBase_double_3_3
Parameters: 0.9999983879649715 0.0018915415238307453 0.00018401199998010134 -0.0018918326706816814 0.9999979168630304 0.000708590150460417 -0.00018232909025922583 -0.0007094087358702691 0.9999994657398431 0.10899327065004627 0.1354432167731403 -0.056531284802048276
FixedParameters: 0 0 0
#Transform 91
Transform: MatrixOffsetTransformBase_double_3_3
Parameters: 0.9999985465991943 0.0018053744098588576 0.0004419452359235689 -0.0018051132585343165 0.9999981281128494 0.0008011395491293455 -0.00044008234360182343 -0.0008018593792974357 0.9999991336815235 0.1052172253981638 0.1444561317579911 -0.07159765989823086
FixedParameters: 0 0 0
#Transform 92
Transform: MatrixOffsetTransformBase_double_3_3
Parameters: 0.9999989445982032 0.0017369668204754644 0.00019582063164980625 -0.0017370309559075047 0.9999979549501938 0.00016362861742974522 -0.00019525089386124268 -0.00016437069957420114 0.9999999358562124 0.10040221391372484 0.11754473079504635 -0.027494127966178894
FixedParameters: 0 0 0
#Transform 93
Transform: MatrixOffsetTransformBase_double_3_3
Parameters: 0.9999981471845589 0.0016517349734095146 0.00035296350266038356 -0.0016520234956051202 0.9999981340098112 0.0004093848542146214 -0.0003516106117111593 -0.00040961349098966177 0.9999996777947581 0.10534121988040113 0.14096073298870238 -0.0451858241433456
FixedParameters: 0 0 0
#Transform 94
Transform: MatrixOffsetTransformBase_double_3_3
Parameters: 0.9999984538833859 0.0015487936616044213 0.0003858604149513329 -0.0015479541600914072 0.9999985898885283 0.0002073705219454436 -0.0003852492482132637 -0.00020762925254622783 0.9999997778823835 0.1171573857938597 0.1371529515038361 -0.05138034386013146
FixedParameters: 0 0 0
#Transform 95
Transform: MatrixOffsetTransformBase_double_3_3
Parameters: 0.9999987304808238 0.0018079031815770583 -0.000031298653581341253 -0.0018079171249744234 0.9999986516464956 0.00027899433106827465 0.00003130796441313904 -0.0002790067251043152 0.9999999231518794 0.10394657850383737 0.1161587754980502 -0.06364922614758939
FixedParameters: 0 0 0
#Transform 96
Transform: MatrixOffsetTransformBase_double_3_3
Parameters: 0.9999974164908432 0.002110207129526999 0.00036069504985343406 -0.0021105135172839865 0.9999974302517793 0.00038117567735915237 -0.00036008434645316037 -0.0003818243383706052 0.9999996951542357 0.10191853401231299 0.15097144649077165 -0.060298128744278756
FixedParameters: 0 0 0
#Transform 97
Transform: MatrixOffsetTransformBase_double_3_3
Parameters: 0.9999977984003924 0.0015141564111805545 0.0013811215452083027 -0.0015160681839052888 0.9999983034618726 0.0006799051953460256 -0.0013800574657486715 -0.0006820926454321197 0.9999985674170648 0.08895203104019345 0.08850300826537705 -0.10514720922230936
FixedParameters: 0 0 0
#Transform 98
Transform: MatrixOffsetTransformBase_double_3_3
Parameters: 0.9999985609093998 0.0015495536273581133 0.00019693268995326873 -0.0015492855121457302 0.9999979534457961 0.001625634308924373 -0.00019492389967867043 -0.0016263670412575912 0.9999983197030738 0.14351247110835175 0.12843735186754657 -0.13408484464115134
FixedParameters: 0 0 0
#Transform 99
Transform: MatrixOffsetTransformBase_double_3_3
Parameters: 0.9999980695256487 0.0018050274565528633 0.0008200027474786292 -0.0018061865146509792 0.9999963716740685 0.001851488459892317 -0.0008173756129633967 -0.001852511663243385 0.9999978380309241 0.10210410405257164 0.09154233031482306 -0.15654424467182082
FixedParameters: 0 0 0
#Transform 100
Transform: MatrixOffsetTransformBase_double_3_3
Parameters: 0.9999972979165623 0.002358544545026616 0.000375223484093794 -0.002358284616956936 0.999996649172803 0.0009040542160205708 -0.00037298752531412474 -0.0009049463639244845 1.000000012500313 0.10767221395259696 0.09691408187748607 -0.06948878163309757
FixedParameters: 0 0 0
#Transform 101
Transform: MatrixOffsetTransformBase_double_3_3
Parameters: 0.9999972279161051 0.002276977816322355 0.0007664532536707621 -0.002277383715733626 0.9999978040491245 0.0002641591069770105 -0.000765246345524333 -0.00026583938659809764 0.9999992834175009 0.09725521266300063 0.13904653138015988 -0.06025048787304854
FixedParameters: 0 0 0
#Transform 102
Transform: MatrixOffsetTransformBase_double_3_3
Parameters: 0.9999973934250436 0.0019574541574790176 0.0008803356679124915 -0.0019586928223541706 0.9999976639568261 0.0012362149670682374 -0.0008775198500459598 -0.0012387845404195977 0.9999986666520481 0.09953256776744013 0.08494687472243356 -0.09252607218060405
FixedParameters: 0 0 0
#Transform 103
Transform: MatrixOffsetTransformBase_double_3_3
Parameters: 0.9999982965023485 0.001826772086643162 0.0006053093491136293 -0.0018270340136176083 0.9999986449737063 0.00021583072388264846 -0.0006045182979998033 -0.00021716851820626631 0.9999995577843931 0.10072382073748543 0.12185474860193324 -0.058074085147566734
FixedParameters: 0 0 0
#Transform 104
Transform: MatrixOffsetTransformBase_double_3_3
Parameters: 0.9999972266864173 0.0021189475063829923 0.0005326120341182957 -0.0021195120509232683 0.9999966242038086 0.0013828102287772384 -0.0005297780422517334 -0.0013841892372110781 0.9999987743323763 0.10133079284069879 0.11640422781536586 -0.0945772140560166
FixedParameters: 0 0 0
#Transform 105
Transform: MatrixOffsetTransformBase_double_3_3
Parameters: 0.9999976387718511 0.0022064009122073265 0.0007010575236410102 -0.002207755971457719 0.9999973376880591 0.0009223903771722261 -0.000698982261859052 -0.0009236099053369154 0.999999597222947 0.09040718205325504 0.11661437263514074 -0.06910487490647199
FixedParameters: 0 0 0
#Transform 106
Transform: MatrixOffsetTransformBase_double_3_3
Parameters: 0.9999977927802847 0.0019528194798076194 0.0006273612018564401 -0.0019534646941451136 0.9999976832459005 0.0012367137480534668 -0.0006255570950867239 -0.001238288433840884 0.9999990467149679 0.08829906448005431 0.12238662469269457 -0.08920878473676908
FixedParameters: 0 0 0
#Transform 107
Transform: MatrixOffsetTransformBase_double_3_3
Parameters: 0.9999985096107519 0.0018631571268584236 0.00013725212853066575 -0.0018632928270097197 0.9999984130334737 0.00038068118825234504 -0.00013683371715281882 -0.000380319425382733 0.9999998070164681 0.10046142755317078 0.10854183656296357 -0.049275591295341314
FixedParameters: 0 0 0
#Transform 108
Transform: MatrixOffsetTransformBase_double_3_3
Parameters: 0.999998092571174 0.001969215134189583 0.00017141713239141165 -0.001969453122860641 0.9999977537208564 0.0006046005992396131 -0.00017003374028981007 -0.0006053986128785951 0.9999996068001704 0.09257169414591715 0.141220508800302 -0.04383731798158408
FixedParameters: 0 0 0
#Transform 109
Transform: MatrixOffsetTransformBase_double_3_3
Parameters: 0.9999974960251272 0.002050419748152514 0.0005463793763390639 -0.0020518310521142995 0.9999972908927847 0.0012368181977390272 -0.0005433018442027499 -0.0012381808306835065 0.9999991423164191 0.09906450434846192 0.13939682393414898 -0.0872516674773749
FixedParameters: 0 0 0
#Transform 110
Transform: MatrixOffsetTransformBase_double_3_3
Parameters: 0.9999977558886465 0.0022261470695129544 0.0005373690536770756 -0.0022267115797484542 0.9999961914125487 0.001370742561279302 -0.0005342918762046732 -0.001372256097495382 0.9999988024468088 0.08853507086156753 0.09638955844590669 -0.08834484571903545
FixedParameters: 0 0 0
#Transform 111
Transform: MatrixOffsetTransformBase_double_3_3
Parameters: 0.9999978116223686 0.002046459658633064 -0.000015244079631935098 -0.0020465039238755037 0.9999965957860973 0.001487971063746013 0.000018335901977339226 -0.0014880279243357289 0.9999987875427364 0.0856843116954451 0.11857262604789298 -0.08968831443564795
FixedParameters: 0 0 0
#Transform 112
Transform: MatrixOffsetTransformBase_double_3_3
Parameters: 0.9999979831153771 0.002130433330007895 0.0006924459360300685 -0.0021301370953261045 0.999997255591539 0.00048446207239418587 -0.0006914083416269136 -0.00048653763533368366 0.9999992561030777 0.09260762588010607 0.14253096173989377 -0.084293020565255
FixedParameters: 0 0 0
#Transform 113
Transform: MatrixOffsetTransformBase_double_3_3
Parameters: 0.9999985665056501 0.0018458198771144334 0.00016684105881366884 -0.0018453745593573281 0.9999973776490589 0.0014876319819222272 -0.00016337897673100157 -0.0014883670166966137 0.9999987605638907 0.09629826074191783 0.11284766203201002 -0.08665070032743927
FixedParameters: 0 0 0
#Transform 114
Transform: MatrixOffsetTransformBase_double_3_3
