#Insight Transform File V1.0
#Transform 0
Transform: MatrixOffsetTransformBase_double_3_3
Parameters: 0.9999994505680537 0.0007178940958444485 0.0010172243027419705 -0.0007177000174534814 0.9999993289381099 0.00039530166685368406 -0.0010166872168559241 -0.00039669881279772584 0.9999998079980672 0.0876118762126481 -0.058484828068756656 -0.3150221993546012
FixedParameters: 0 0 0
#Transform 1
Transform: MatrixOffsetTransformBase_double_3_3
Parameters: 0.9999991396089571 0.00043158369662468635 0.0008210516526290756 -0.000432407813696916 0.9999995613763665 0.00050164484399913 -0.0008206179284166016 -0.0005023540391572018 0.9999990742251517 0.09163483551206753 -0.03610656646267785 -0.3529718268069644
FixedParameters: 0 0 0
#Transform 2
Transform: MatrixOffsetTransformBase_double_3_3
Parameters: 0.9999995235085088 0.0005845475992267758 0.0010652681289755807 -0.0005849449020842539 0.9999996556718236 0.00018640746567472055 -0.0010650500179781707 -0.0001865923436201039 0.999999798272393 0.08578667806462192 -0.05917771972994501 -0.35826126921081425
FixedParameters: 0 0 0
#Transform 3
Transform: MatrixOffsetTransformBase_double_3_3
Parameters: 0.999999193388651 0.0006633605663252651 0.0006054448432867378 -0.0006633290814895518 0.9999995592972577 -0.000026401609476117693 -0.000605479336437904 0.00002559834854495846 0.9999996327393946 0.08621447194525445 -0.07101565152137823 -0.3128059349120349
FixedParameters: 0 0 0
#Transform 4
Transform: MatrixOffsetTransformBase_double_3_3
Parameters: 0.9999987690671622 0.001017835444409577 0.00109358410341118 -0.0010168698377452357 0.9999999961489029 0.000014887011298668484 -0.0010935839745338666 -0.000016114106536214978 0.9999997724381362 0.09009749535256617 -0.04848468042476384 -0.3424133271351053
FixedParameters: 0 0 0
#Transform 5
Transform: MatrixOffsetTransformBase_double_3_3
Parameters: 0.9999996505944554 0.0008830930311745213 0.0007546867531437483 -0.0008831858499030003 0.9999992476777936 0.0000613324842305904 -0.0007545781260002374 -0.00006166734932722129 0.9999993953523497 0.09165706420877484 -0.05220925179774838 -0.36858990013104176
FixedParameters: 0 0 0
#Transform 6
Transform: MatrixOffsetTransformBase_double_3_3
Parameters: 0.9999990249899408 0.0010449759410858495 0.0009396991329420016 -0.0010450858775340312 0.9999999348970564 0.00005798560961700616 -0.000939576863151325 -0.00005901427590759151 0.9999990832488459 0.0909589843341223 -0.059199502568048956 -0.33716983783875776
FixedParameters: 0 0 0
#Transform 7
Transform: MatrixOffsetTransformBase_double_3_3
Parameters: 0.9999994015642926 0.0004299006229009195 0.00064313391678532 -0.0004309046721649622 0.9999992057800741 0.0007807545702542204 -0.0006424616267234964 -0.0007812451042290697 0.9999999758624323 0.09262051258724568 -0.045862186159368434 -0.3541189003558287
FixedParameters: 0 0 0
#Transform 8
Transform: MatrixOffsetTransformBase_double_3_3
Parameters: 0.9999996590095874 0.00044354159325985367 0.0010697018683789841 -0.0004440902904473639 0.9999997696176011 0.0002565556043469183 -0.0010694741904020257 -0.00025644418697368804 0.9999997578076985 0.08782549871891376 -0.04158907798378664 -0.3692785477671805
FixedParameters: 0 0 0
#Transform 9
Transform: MatrixOffsetTransformBase_double_3_3
Parameters: 0.999999662927766 0.0003764721412699446 -0.001093128866042971 -0.0003762120965430272 0.9999995275777117 0.0005764430285722585 0.0010935938239391148 -0.0005755572819148083 0.9999994717977123 0.10005453828394195 -0.031774754224301205 -0.3222662996953005
FixedParameters: 0 0 0
#Transform 10
Transform: MatrixOffsetTransformBase_double_3_3
Parameters: 0.9999992942289996 0.0006862922533489081 0.0004840128659156149 -0.0006868015431519192 0.9999993165070146 0.0004936664719982498 -0.00048433474940793014 -0.0004933332620291678 0.9999994906377774 0.08748319488860545 -0.022580035928015718 -0.35387775861879334
FixedParameters: 0 0 0
#Transform 11
Transform: MatrixOffsetTransformBase_double_3_3
Parameters: 0.9999989338515008 0.0006177274471258795 -0.0008274814736961 -0.0006179087119944148 0.9999993242102225 0.0005135440681655126 0.0008271478786698979 -0.0005134570440968947 1.0000000822762718 0.10020446985578246 -0.02322907451596734 -0.36671754746343765
FixedParameters: 0 0 0
#Transform 12
Transform: MatrixOffsetTransformBase_double_3_3
Parameters: 0.9999996370322988 0.0005590566750346143 0.0010251588626088279 -0.0005588843011483036 0.9999995571221758 0.0004034578014379467 -0.0010247391830574268 -0.0004035428162580401 0.9999997542854393 0.08506952239491739 -0.038522283911689215 -0.3269374857362948
FixedParameters: 0 0 0
#Transform 13
Transform: MatrixOffsetTransformBase_double_3_3
Parameters: 0.9999990934230112 0.0005022004526799859 -0.0008089319323534076 -0.000501460880249471 0.9999995393175042 0.00045740555260679466 0.0008093906062718098 -0.00045659342789452356 0.999999136407973 0.10120277698116809 -0.024052103230502553 -0.37634658413769273
FixedParameters: 0 0 0
#Transform 14
Transform: MatrixOffsetTransformBase_double_3_3
Parameters: 0.99999961556558 0.0004939732556982155 -0.0010679071053889466 -0.0004934189468488562 0.9999996585157522 0.0002595595492646541 0.0010681633343697415 -0.0002594402162641937 0.9999998223695447 0.11080956376001438 -0.04756691252097767 -0.38109289956705084
FixedParameters: 0 0 0
#Transform 15
Transform: MatrixOffsetTransformBase_double_3_3
Parameters: 0.9999995060460484 0.000541204018522887 0.00044838840709253067 -0.0005414877391652748 0.9999996381681747 0.0003167561846402836 -0.0004480457346636783 -0.000316243439277962 0.9999996675337471 0.07662317926033779 -0.045030470925709665 -0.361477157506485
FixedParameters: 0 0 0
#Transform 16
Transform: MatrixOffsetTransformBase_double_3_3
Parameters: 0.9999993741714337 0.0005451234799707366 0.0005732962297602006 -0.0005454203735053249 0.9999996355976892 0.0002586872949662533 -0.0005730137782671734 -0.0002593123461067104 0.9999996044118372 0.0946723638704583 -0.01363034688105813 -0.3528311353732363
FixedParameters: 0 0 0
#Transform 17
Transform: MatrixOffsetTransformBase_double_3_3
Parameters: 0.9999993366301588 0.0005074017210630803 -0.0006371131932616872 -0.0005070658928720996 0.9999996418867996 0.000263324026938877 0.0006373805060012722 -0.00026367558687472037 0.9999995558791339 0.12141372028152375 -0.037646953497812774 -0.41120609479679615
FixedParameters: 0 0 0
#Transform 18
Transform: MatrixOffsetTransformBase_double_3_3
Parameters: 0.9999990504359301 0.0008417460483082647 0.0004909447621275709 -0.0008419158641274075 0.9999992613911921 0.00017258666023258623 -0.0004906534876054786 -0.00017341300086231443 0.9999997291867969 0.08746539695351885 -0.05891691759765649 -0.3836308144506262
FixedParameters: 0 0 0
#Transform 19
Transform: MatrixOffsetTransformBase_double_3_3
Parameters: 0.9999994549823057 0.000543042039090132 0.0005001227266583979 -0.0005429159902560982 0.999999689297476 -0.00012627152276311476 -0.0005002595567322535 0.00012572833589167415 0.9999997339328474 0.08982211788560335 0.00552725891451189 -0.3760273615330618
FixedParameters: 0 0 0
#Transform 20
Transform: MatrixOffsetTransformBase_double_3_3
Parameters: 0.99999939164612 0.0005446366816825378 0.0005583231132647327 -0.0005449654386060859 0.9999996478572822 0.00029469472077051084 -0.0005580022249788704 -0.0002943048698251932 0.9999995703286553 0.09160090999219506 -0.03076904779919687 -0.387873556895002
FixedParameters: 0 0 0
#Transform 21
Transform: MatrixOffsetTransformBase_double_3_3
Parameters: 0.9999997021695376 0.0004950477286953828 -0.0010260404842711364 -0.0004949830884196771 0.9999997235590582 0.000031540285731969375 0.0010260716709415535 -0.000031459695441903024 0.9999999766262242 0.10959739832524917 -0.03557880095389976 -0.3621584091028467
FixedParameters: 0 0 0
#Transform 22
Transform: MatrixOffsetTransformBase_double_3_3
Parameters: 0.9999992219775298 0.0005693079906745019 0.0012059195092167668 -0.0005650648241152344 0.9999942277240398 -0.0033886841646892443 -0.0012076386845309268 0.0033883132503531033 0.9999930303219278 0.08946674501711982 0.011843290506973858 -0.6313164437060976
FixedParameters: 0 0 0
#Transform 23
Transform: MatrixOffsetTransformBase_double_3_3
Parameters: 0.9999992813756025 0.0005473723390614463 0.0006473078127377801 -0.000547820144105675 0.9999995804226364 0.00034564535003704655 -0.0006469288755065317 -0.0003463540698316822 0.9999994615211665 0.10460928291334426 -0.04821302932990079 -0.3907835084533957
FixedParameters: 0 0 0
#Transform 24
Transform: MatrixOffsetTransformBase_double_3_3
Parameters: 0.9999992813752467 0.0005473807728026287 0.0006473012262241066 -0.0005478123998919201 0.9999996203114933 0.0003336443762970778 -0.0006469359788957949 -0.0003333550701954194 0.9999994386195881 0.10365113402615123 -0.050407314452215246 -0.3149818326237295
FixedParameters: 0 0 0
#Transform 25
Transform: MatrixOffsetTransformBase_double_3_3
Parameters: 0.9999991239692179 0.0005029670183002076 -0.0007898281014506292 -0.0005019197386916986 0.9999992820489437 0.0006834281902710349 0.0007895149338293633 -0.0006825718688456689 0.9999999089421692 0.12383216605174141 -0.019607446777570203 -0.3707395405059515
FixedParameters: 0 0 0
#Transform 26
Transform: MatrixOffsetTransformBase_double_3_3
Parameters: 0.9999999752376638 0.0007275296489181912 -0.0007038916141655665 -0.0007269501009670401 0.9999992703955234 0.0004115126111004924 0.000704490133274331 -0.00041148640615995546 0.9999993661780592 0.1090705486520136 -0.04430758419628944 -0.3806179599266386
FixedParameters: 0 0 0
#Transform 27
Transform: MatrixOffsetTransformBase_double_3_3
Parameters: 0.9999995786301786 0.0005148560158452668 -0.0003953390015671239 -0.0005148141074713446 0.9999997321358142 0.00005320352602797285 0.000395393574756666 -0.000052796429008912515 0.9999998408763671 0.11931342601418748 -0.03251797567983772 -0.32953355233024695
FixedParameters: 0 0 0
#Transform 28
Transform: MatrixOffsetTransformBase_double_3_3
Parameters: 0.9999995829993288 0.0009476612169683972 -0.0007203740834214965 -0.0009480356845252358 1.000000032996883 -0.0002593486970691068 0.0007198812034768218 0.0002606510509378483 0.9999994148029193 0.11037167932157388 -0.014329916340557247 -0.40393437102966345
FixedParameters: 0 0 0
#Transform 29
Transform: MatrixOffsetTransformBase_double_3_3
Parameters: 0.9999999375000049 0.0008732085669267139 -0.0005477286403398396 -0.0008732458110698557 0.9999992363181863 -0.000033521698187349847 0.0005476692620228525 0.000034478229484692646 0.9999996988698833 0.10084048399671985 -0.03513085837684571 -0.3906783067478443
FixedParameters: 0 0 0
#Transform 30
Transform: MatrixOffsetTransformBase_double_3_3
Parameters: 0.9999984675893947 0.0007067942358808788 -0.0014257805299509266 -0.0007063251176925936 0.9999994433042394 0.00016503960761858616 0.0014260129890976785 -0.00016395987931610428 0.9999989701647231 0.11223271268741541 -0.019105668096997874 -0.3447868378495258
FixedParameters: 0 0 0
#Transform 31
Transform: MatrixOffsetTransformBase_double_3_3
Parameters: 0.9999991401023998 0.000502563464680014 -0.0007793120208113096 -0.0005029834416101051 0.9999996431930943 -0.00026960701235372725 0.0007790410268092066 0.0002693924850135504 0.9999993516490389 0.11822582931849013 -0.0034640505008241007 -0.4190859227978905
FixedParameters: 0 0 0
#Transform 32
Transform: MatrixOffsetTransformBase_double_3_3
Parameters: 0.9999997057094565 0.000750608907111446 -0.0008549133176744367 -0.0007504199540361837 0.9999993931228122 0.00011064252948529002 0.0008550791822774632 -0.00011035718177826448 0.9999992881663249 0.11314191009880403 -0.031187019602597843 -0.3830884266334067
FixedParameters: 0 0 0
#Transform 33
Transform: MatrixOffsetTransformBase_double_3_3
Parameters: 0.9999986321494548 0.0009561941426181351 -0.001206116793498805 -0.0009549796413279352 0.9999997886864133 0.0005171536995019696 0.0012061044102323836 -0.0005158466379330609 0.9999993099181662 0.111095852737364 -0.019673478915066767 -0.3472548093997716
FixedParameters: 0 0 0
#Transform 34
Transform: MatrixOffsetTransformBase_double_3_3
Parameters: 0.9999990018557009 0.0007478422706291124 -0.000662476965961204 -0.00074725568688081 0.99999921396939 0.00044249594022895133 0.0006631385475196364 -0.0004425030031250318 0.9999993962742877 0.11065761990059286 -0.009292827383490021 -0.4256476618040921
FixedParameters: 0 0 0
#Transform 35
Transform: MatrixOffsetTransformBase_double_3_3
Parameters: 0.999998962241583 0.00109947326845131 -0.0009103101779029267 -0.0010994143363397685 0.9999994016255616 0.0005990027774853135 0.0009106581191085339 -0.0005979987515499358 0.9999998442104029 0.09733295099675843 -0.023319492531072683 -0.3730134149490141
FixedParameters: 0 0 0
#Transform 36
Transform: MatrixOffsetTransformBase_double_3_3
Parameters: 0.9999996033716447 0.0007740161088028068 -0.0008930437628672656 -0.0007746633627772522 0.9999992375961511 -0.000362307157076764 0.0008924823678998061 0.0003626917350986261 0.9999991029635954 0.12117618721441659 -0.01575386836273651 -0.34296792379575436
FixedParameters: 0 0 0
#Transform 37
Transform: MatrixOffsetTransformBase_double_3_3
Parameters: 0.9999997838359244 0.0004959973732377363 -0.0009852298410892833 -0.0004956086055640229 0.9999996590655437 -0.0003094805964052108 0.000984891032853892 0.0003105201789921075 0.9999999325703218 0.10515348862820417 -0.005895220034403792 -0.41046252340613876
FixedParameters: 0 0 0
#Transform 38
Transform: MatrixOffsetTransformBase_double_3_3
Parameters: 0.9999989003322147 0.000714287784365277 -0.000767762681956115 -0.0007141802914916553 0.9999994849692684 0.00007054832123047639 0.0007678626756722973 -0.00006945152413006389 0.9999994055629572 0.10812420948369095 -0.03506620286353268 -0.39505726963450627
FixedParameters: 0 0 0
#Transform 39
Transform: MatrixOffsetTransformBase_double_3_3
Parameters: 0.9999984806094977 0.0008221084626202969 -0.0013576192697354495 -0.0008213930460611126 0.99999923981446 0.0010111181015744972 0.0013583441673272088 -0.001010882308488642 0.9999981965512781 0.12802310856235977 -0.024888843524948356 -0.390372251918663
FixedParameters: 0 0 0
#Transform 40
Transform: MatrixOffsetTransformBase_double_3_3
Parameters: 0.9999993718074537 0.0005087806627375148 -0.0006077293939424528 -0.0005075081803518177 0.9999996476737085 0.0010463093753050323 0.0006087924338167283 -0.0010456912056240192 0.999999535900321 0.14724031311443753 -0.01851814916048511 -0.410946991795484
FixedParameters: 0 0 0
#Transform 41
Transform: MatrixOffsetTransformBase_double_3_3
Parameters: 0.9999995951787373 0.0005158570420977357 -0.00037292012727578654 -0.0005152277143350918 0.999999948234563 0.000886160934021836 0.00037283416286649 -0.0008858392566228751 0.9999990769519429 0.1402518253743068 -0.03405501837065117 -0.36848013629479226
FixedParameters: 0 0 0
#Transform 42
Transform: MatrixOffsetTransformBase_double_3_3
Parameters: 0.9999997881477549 0.0004969896555150696 -0.0009827620098782465 -0.0004957741768362397 0.9999993206072199 0.0006345199887512407 0.0009823924119280684 -0.000634479758521149 0.9999996623600611 0.13743887419055056 -0.033159258885305576 -0.3476596231459439
FixedParameters: 0 0 0
#Transform 43
Transform: MatrixOffsetTransformBase_double_3_3
Parameters: 0.9999987281654631 0.0005695164364871903 0.0013953938115627456 -0.0005706993812457217 0.99999940132148 0.001128236991757417 -0.001395168833615817 -0.001129765125299477 0.9999987775577737 0.12480677061198264 -0.01279435451938582 -0.3361518111073565
FixedParameters: 0 0 0
#Transform 44
Transform: MatrixOffsetTransformBase_double_3_3
Parameters: 0.9999999711082888 0.0005530226090164706 0.0008506378240561616 -0.0005539237799736366 0.9999994437438239 0.001117529649964269 -0.0008494316669207462 -0.0011184705936023928 0.9999990275146927 0.11854423192207264 -0.049093674154818245 -0.347219366395791
FixedParameters: 0 0 0
#Transform 45
Transform: MatrixOffsetTransformBase_double_3_3
Parameters: 0.9999996118802235 0.0004948631897068656 -0.0010694654732333296 -0.0004934352124349706 0.9999994030719171 0.0011495294784422336 0.0010696334269806986 -0.001149470471485746 0.9999985661061651 0.13385570837921534 -0.024616447864957536 -0.36564928246826867
FixedParameters: 0 0 0
#Transform 46
Transform: MatrixOffsetTransformBase_double_3_3
Parameters: 0.999998301661732 0.0005746476690656669 0.0015390390856645096 -0.0005755822994193094 0.9999993066128704 0.0006281449439688377 -0.0015383475760641706 -0.0006288539806901389 0.9999982050246004 0.10896538337830464 -0.012323010588119132 -0.33965961193162286
FixedParameters: 0 0 0
#Transform 47
Transform: MatrixOffsetTransformBase_double_3_3
Parameters: 0.9999998358884862 0.0004445658842817172 -0.0009828521135925004 -0.0004430910901860458 0.9999992204531111 0.0012584360181207288 0.0009840001985979274 -0.001257563072241931 0.9999984503063545 0.1289122509495968 -0.02380978523397914 -0.3675520206776781
FixedParameters: 0 0 0
#Transform 48
Transform: MatrixOffsetTransformBase_double_3_3
Parameters: 0.9999992722193537 0.00037854493007280824 0.0007642411323308047 -0.00038082209873320066 0.9999973454476779 0.0021237413928081664 -0.0007636591512423604 -0.002124258722227497 0.9999979040078173 0.10015906564861154 -0.021363127552618266 -0.3090236840681939
FixedParameters: 0 0 0
#Transform 49
Transform: MatrixOffsetTransformBase_double_3_3
Parameters: 0.999999281735285 0.00044046473076704643 0.001234265508811922 -0.000442509421217587 0.9999993478507926 0.0012204860782386306 -0.001234218755976209 -0.0012205150643126855 0.9999989546405704 0.09989760419621518 -0.004362311249010986 -0.311403448822162
FixedParameters: 0 0 0
#Transform 50
Transform: MatrixOffsetTransformBase_double_3_3
Parameters: 0.9999998052851647 0.00027811040838820436 -0.0010569101336859732 -0.00027674593498048426 0.9999996731102667 0.0011182933341368564 0.0010575618749103948 -0.0011177067196499885 0.9999986323253384 0.1231912312290433 -0.020920845332511817 -0.30525970407337866
FixedParameters: 0 0 0
#Transform 51
Transform: MatrixOffsetTransformBase_double_3_3
Parameters: 1.0000000537263096 0.0002599718742379032 -0.000937230148305808 -0.00025838265716190674 0.9999989956531544 0.0013802432805528272 0.0009379771478702698 -0.001380755295924914 0.9999982465120407 0.12207981265217427 -0.000050869941873088464 -0.3394086248844843
FixedParameters: 0 0 0
#Transform 52
Transform: MatrixOffsetTransformBase_double_3_3
Parameters: 0.999999228114377 0.00021122698925526973 -0.0008525225497048876 -0.00020939078816436307 0.9999979022588394 0.002248180638034822 0.0008535309232903684 -0.002247821838974831 0.9999972188273324 0.12168680623415185 -0.02848441353735609 -0.3222241862996498
FixedParameters: 0 0 0
#Transform 53
Transform: MatrixOffsetTransformBase_double_3_3
Parameters: 0.9999987057209753 0.0010091278149193456 0.0011294099091723115 -0.0010107847040861497 0.9999984785082273 0.0015908597571644353 -0.001128257047753015 -0.0015921418780026203 0.9999981614595894 0.09396012914685059 -0.008128364507655306 -0.30815507004554377
FixedParameters: 0 0 0
#Transform 54
Transform: MatrixOffsetTransformBase_double_3_3
Parameters: 0.9999993134886526 0.00010001138991491633 -0.0008224253603678007 -0.0000994135282232832 0.9999990482043006 0.0009711132109479978 0.00082265041313224 -0.0009708863858487321 0.9999993796021297 0.12404217199812706 -0.0035808896231657172 -0.37836602365358374
FixedParameters: 0 0 0
#Transform 55
Transform: MatrixOffsetTransformBase_double_3_3
Parameters: 0.9999995675015388 0.00037342662977099696 -0.0011369444712228446 -0.000372496179177787 0.9999991105401721 0.0008484561269717084 0.0011376087982744023 -0.0008485430423200088 0.9999990170570591 0.12660624638044737 -0.02212211263955055 -0.3582460247675101
FixedParameters: 0 0 0
#Transform 56
Transform: MatrixOffsetTransformBase_double_3_3
Parameters: 0.9999984864702909 0.0004574660462817677 -0.0015178100366319935 -0.0004566149843354448 0.9999993892157164 0.0006097258204842415 0.0015183985806281213 -0.0006092733846770754 0.9999983542741834 0.13018299826480018 0.003460553746705841 -0.3357065468972422
FixedParameters: 0 0 0
#Transform 57
Transform: MatrixOffsetTransformBase_double_3_3
Parameters: 0.9999990855630182 0.00027883673008101466 -0.0013551255928338066 -0.00027728943633177335 0.9999990096138911 0.0009394082543615762 0.0013556794843967135 -0.0009395897148943427 0.9999983106298237 0.13600287341574813 -0.0011066039465816857 -0.37496361799595945
FixedParameters: 0 0 0
#Transform 58
Transform: MatrixOffsetTransformBase_double_3_3
Parameters: 0.9999983458597284 0.00010181712479489358 -0.0016259205208983551 -0.00010113698554168797 0.9999996925223091 0.0005161972011951746 0.0016260567574788427 -0.0005168024365032262 0.9999981197931155 0.13454927632625413 -0.022493529771054455 -0.36758946229593903
FixedParameters: 0 0 0
#Transform 59
Transform: MatrixOffsetTransformBase_double_3_3
Parameters: 0.9999993394703507 0.00023939475848038725 -0.0007766723589492653 -0.00023803521725475373 0.9999991783781268 0.0008752164757707889 0.0007770901109966774 -0.0008747827784578166 0.9999996298425197 0.13841232274941717 -0.01085147844628409 -0.36665430538313615
FixedParameters: 0 0 0
#Transform 60
Transform: MatrixOffsetTransformBase_double_3_3
Parameters: 0.9999984141817007 0.0001509932683061412 -0.0018875400256764031 -0.000149569030166515 0.9999995672254682 0.00064234612793658 0.0018877643982534512 -0.0006416531886560273 0.9999980226279346 0.1385558625432708 0.008462184888088586 -0.35624749604836836
FixedParameters: 0 0 0
#Transform 61
Transform: MatrixOffsetTransformBase_double_3_3
Parameters: 0.9999988406867137 0.0002829055258987603 -0.0014423526929307033 -0.00028178053443045153 0.9999993311186862 0.0007474391388426968 0.0014418067004572954 -0.0007475600526442375 0.999998392055711 0.13509353773822852 -0.012941356269351445 -0.38146350475125246
FixedParameters: 0 0 0
#Transform 62
Transform: MatrixOffsetTransformBase_double_3_3
Parameters: 0.9999988284917231 0.00010431855139975704 -0.001469855796380343 -0.00010243691188355938 0.9999990308874145 0.0009802143769787053 0.0014700898282855677 -0.0009797848704810388 0.9999988768039985 0.13761903674293308 -0.01912228507734426 -0.3405874812380745
FixedParameters: 0 0 0
#Transform 63
Transform: MatrixOffsetTransformBase_double_3_3
Parameters: 0.9999973512318912 0.0002044276217183685 -0.0021462595564230046 -0.00020292790730970685 0.9999992972501995 0.0008155316267053417 0.0021466543742757168 -0.0008144688811162482 0.9999977255298567 0.1386720059072104 -0.015567770850864804 -0.3923831986909221
FixedParameters: 0 0 0
#Transform 64
Transform: MatrixOffsetTransformBase_double_3_3
Parameters: 0.9999988228371128 0.00042538386445523395 -0.0014128730752443633 -0.0004242661508698927 0.9999996326955253 0.0003956321500314178 0.0014132091122896204 -0.00039536679510548955 0.9999988773014122 0.11812278532788412 -0.01598579736503325 -0.36588348126642245
FixedParameters: 0 0 0
#Transform 65
Transform: MatrixOffsetTransformBase_double_3_3
Parameters: 0.9999995628906687 0.0003608661477282875 -0.0011436858853353295 -0.0003596615649176585 0.9999995476620827 0.0005404441041540822 0.0011430758237875548 -0.000540555503527565 0.9999994309482149 0.133899042306993 -0.018708738081784304 -0.3394595910151281
FixedParameters: 0 0 0
#Transform 66
Transform: MatrixOffsetTransformBase_double_3_3
Parameters: 0.999999779814609 0.0004608896340130865 -0.0010038755564890545 -0.0004604950766610751 0.9999997177555349 0.00019646325890544658 0.0010040566090467342 -0.00019653624638821254 0.9999989848349047 0.11073942617788646 0.012593064585374236 -0.34111705115655866
FixedParameters: 0 0 0
#Transform 67
Transform: MatrixOffsetTransformBase_double_3_3
Parameters: 0.9999980311556147 0.0004172520967797669 -0.0019477641720797628 -0.0004167790202650657 0.9999993940858515 0.00063487657880517 0.001948356187883805 -0.0006341242798452371 0.9999978318879459 0.13055625241469215 -0.004724121666285441 -0.3976325031276531
FixedParameters: 0 0 0
#Transform 68
Transform: MatrixOffsetTransformBase_double_3_3
Parameters: 0.9999997230240181 0.0004293031709450691 -0.001045583827681129 -0.0004284428010774974 0.999999966553143 0.0009044500279737841 0.0010453915633677642 -0.000904551292998497 0.9999991202285681 0.11942178726768304 -0.02049655847585541 -0.3474907618798113
FixedParameters: 0 0 0
#Transform 69
Transform: MatrixOffsetTransformBase_double_3_3
Parameters: 0.999998749226593 0.00023157102371359592 -0.0017878962178427891 -0.00023032277789153448 1.0000001231860043 0.0009084451643828484 0.00178837844028354 -0.0009075564429885871 0.9999979771097387 0.13314279638829873 0.012838301849313893 -0.36357763387542263
FixedParameters: 0 0 0
#Transform 70
Transform: MatrixOffsetTransformBase_double_3_3
Parameters: 0.9999990860227185 0.0004356790466663066 -0.0013130727594559072 -0.0004342449134613121 0.9999995136795252 0.0005466019741541678 0.0013135477391030938 -0.0005453967022406234 0.9999989761118445 0.1387810040758808 -0.004820891100877134 -0.4052838348342931
FixedParameters: 0 0 0
#Transform 71
Transform: MatrixOffsetTransformBase_double_3_3
Parameters: 0.9999992191107921 0.00024197074270394732 0.0008500321428782592 -0.00024265385559024786 0.9999989621726711 0.0009898251511441317 -0.0008495837745974725 -0.0009901741990961735 0.9999992967380498 0.10658309402454336 -0.01702588078445899 -0.34994695168420265
FixedParameters: 0 0 0
#Transform 72
Transform: MatrixOffsetTransformBase_double_3_3
Parameters: 0.9999981618138862 0.00009757445192668627 -0.001681773828703548 -0.00009686226708777722 0.9999993428861017 0.0008062267796577899 0.0016819933668361761 -0.0008057741779720351 0.9999985196539198 0.14407100713305 -0.002734939854732943 -0.3604990962398489
FixedParameters: 0 0 0
#Transform 73
Transform: MatrixOffsetTransformBase_double_3_3
Parameters: 0.9999986739074574 0.00003370454972198953 -0.0015247273916424583 -0.000032538090272044 0.9999999224451 0.0010380830026351998 0.0015248589733960869 -0.0010379192056233916 0.9999985965705133 0.12893881607524804 -0.004269042914316401 -0.40638346005978576
FixedParameters: 0 0 0
#Transform 74
Transform: MatrixOffsetTransformBase_double_3_3
Parameters: 0.9999991132875515 0.0003343689609613984 -0.0008805780620349073 -0.0003336513523058853 0.9999999023884976 0.0009932948130971994 0.0008802733114428508 -0.0009927066705977816 0.9999992387987219 0.1215810229730181 -0.014401212980715172 -0.3205319327003622
FixedParameters: 0 0 0
#Transform 75
Transform: MatrixOffsetTransformBase_double_3_3
Parameters: 0.9999992007808814 0.00028084334994523004 0.0008488818135070338 -0.00028174297220064613 0.9999996687135037 0.0011187616700672337 -0.0008482836892631525 -0.0011192390719425363 0.9999990277432442 0.10557055114296077 -0.0030202547269908564 -0.36670620216837335
FixedParameters: 0 0 0
#Transform 76
Transform: MatrixOffsetTransformBase_double_3_3
Parameters: 0.9999991107687947 -0.00015147146075945365 -0.0009308113907003009 0.00015214533564349188 0.9999991697409051 0.0008988899488835272 0.0009305698495939914 -0.0008991097321323013 0.9999993246254938 0.12936013634438837 0.012117066894774098 -0.37842111532950184
FixedParameters: 0 0 0
#Transform 77
Transform: MatrixOffsetTransformBase_double_3_3
Parameters: 0.9999991222637461 -0.00006956455306558316 -0.0009343111448635958 0.00007019627437442015 0.9999992339753665 0.0008729660176394621 0.0009342205443071695 -0.0008730338011547975 0.9999993640298995 0.1461352493154351 -0.027662494794327586 -0.3465755150098886
FixedParameters: 0 0 0
#Transform 78
Transform: MatrixOffsetTransformBase_double_3_3
Parameters: 0.9999991230896732 0.0002087735500433709 -0.0013538178268048063 -0.00020635790916206123 0.9999983010039892 0.0016303113256520146 0.0013545573144634173 -0.001629686368120449 0.9999975082836581 0.1311835628636402 0.004163105022612967 -0.36001279999742053
FixedParameters: 0 0 0
#Transform 79
Transform: MatrixOffsetTransformBase_double_3_3
Parameters: 0.9999990782285485 -0.0003323265626929597 -0.001345460780118569 0.0003335425473174725 0.9999992630055422 0.0008115819170116112 0.0013459513445140058 -0.0008114171641564888 0.999998498158784 0.1454994954126505 0.014089511129881771 -0.44421121722066914
FixedParameters: 0 0 0
#Transform 80
Transform: MatrixOffsetTransformBase_double_3_3
Parameters: 0.9999992893956164 0.000014295969964571727 -0.0008428282446068906 -0.00001376822058874106 0.9999991799547883 0.000906043161768684 0.000842885081656204 -0.0009059567172603616 0.9999994677684078 0.12681779834665008 -0.018508123244430408 -0.36448536531587195
FixedParameters: 0 0 0
#Transform 81
Transform: MatrixOffsetTransformBase_double_3_3
Parameters: 0.9999984265523998 0.0005077612532241551 -0.0015218477852402457 -0.0005051140832299518 0.9999983522806405 0.001536802071511939 0.001522467385395283 -0.001536195549439609 0.9999973526052318 0.14561262758809335 0.017794480952701974 -0.3604054027305068
FixedParameters: 0 0 0
#Transform 82
Transform: MatrixOffsetTransformBase_double_3_3
Parameters: 0.9999983011013822 0.000036331878332889075 -0.0016429031447464338 -0.00003552326407957025 0.9999996870828146 0.0005601220963451434 0.0016419752878390485 -0.0005598784976572485 0.9999989868179237 0.1530786951229146 -0.015399921445848008 -0.43361195997431423
FixedParameters: 0 0 0
#Transform 83
Transform: MatrixOffsetTransformBase_double_3_3
Parameters: 0.9999985055132193 0.00012300803684271171 -0.0015744875273724424 -0.00012219318797957737 0.9999991572053655 0.0008932572421782373 0.0015747694365820465 -0.0008937435875362582 0.9999987516218103 0.13417887358131964 -0.009676625530573801 -0.351930416044425
FixedParameters: 0 0 0
#Transform 84
Transform: MatrixOffsetTransformBase_double_3_3
Parameters: 0.999997814887552 0.00020626882599225423 -0.0017730779000202815 -0.00020456390143418768 0.9999998175331778 0.0010533970807146548 0.0017725740278759416 -0.001053603982770851 0.9999977776263466 0.1448494481131064 -0.008610962384864251 -0.3630424873932583
FixedParameters: 0 0 0
#Transform 85
Transform: MatrixOffsetTransformBase_double_3_3
Parameters: 0.999998628694369 -0.00022355746849012456 -0.001822040499600923 0.00022514892153387405 0.999999029482993 0.000976652595233253 0.0018226646664155244 -0.000976346688320813 0.9999976921059189 0.1467363232132044 -0.0004963521636796031 -0.4012495172759145
FixedParameters: 0 0 0
#Transform 86
Transform: MatrixOffsetTransformBase_double_3_3
Parameters: 0.9999991640176519 0.0002172355011783147 -0.001337263086110049 -0.0002169567871486815 0.9999991974094755 0.0008513227443619903 0.0013376956229980829 -0.0008516772571965925 0.9999985165031727 0.14486214270093 -0.014909071520236239 -0.3706423130617651
FixedParameters: 0 0 0
#Transform 87
Transform: MatrixOffsetTransformBase_double_3_3
Parameters: 0.9999984325299202 0.0003484059469292895 -0.001564365008528589 -0.00034667137986176184 0.9999990997348642 0.0008846061891437246 0.0015640113625589632 -0.0008833933749544665 0.9999987698826251 0.13250431285366915 -0.001434379035515576 -0.39622049262172254
FixedParameters: 0 0 0
#Transform 88
Transform: MatrixOffsetTransformBase_double_3_3
Parameters: 0.9999986793791037 0.0002609917537255586 -0.0015007313209246585 -0.0002599755228592809 0.9999994508283927 0.0006714229042222297 0.0015011125615276178 -0.000671576208609817 0.9999983267264914 0.12381374618918528 -0.008356708202171603 -0.42525528630997655
FixedParameters: 0 0 0
#Transform 89
Transform: MatrixOffsetTransformBase_double_3_3
Parameters: 0.9999990590034933 0.0003790036688628676 -0.0008929463245942802 -0.0003772500864522224 0.9999998622836692 0.0009813388679164523 0.0008936885880872263 -0.000981661319866059 0.9999992700344144 0.11636063965029564 -0.009820555788166985 -0.3751357800837525
FixedParameters: 0 0 0
#Transform 90
Transform: MatrixOffsetTransformBase_double_3_3
Parameters: 0.9999990917755118 0.0003634469693295839 0.0008811734499658843 -0.0003632588834891854 0.9999996882968668 0.0004607106774765224 -0.000880870211872999 -0.00046029010374089296 0.9999999793579781 0.10383983511232486 0.012166741862884578 -0.42543372868182416
FixedParameters: 0 0 0
#Transform 91
Transform: MatrixOffsetTransformBase_double_3_3
Parameters: 0.9999997005316577 0.00010720208002043479 -0.0011348276747511167 -0.00010660589222347484 0.9999994953498861 0.0007031527301430765 0.0011350093929268193 -0.000702847284946996 0.9999992167632871 0.12186625143783658 -0.0038998496026323437 -0.4078073958776258
FixedParameters: 0 0 0
#Transform 92
Transform: MatrixOffsetTransformBase_double_3_3
Parameters: 0.9999994971566789 0.00045562299215105655 -0.001138368830265517 -0.00045431345630539334 0.9999997362204679 0.0010285181460831655 0.0011383361502429147 -0.0010274823173229489 0.999998647366621 0.13349699176620788 0.0027906450650192482 -0.3771244615348479
FixedParameters: 0 0 0
#Transform 93
Transform: MatrixOffsetTransformBase_double_3_3
Parameters: 0.9999990587956801 0.00006621250759130862 -0.0013916183724697387 -0.00006442181442331657 0.9999991116425274 0.0013611235926268908 0.0013918590523980263 -0.0013618770208940131 0.9999982397846754 0.14311658888208 0.03240961121242947 -0.38201297565051107
FixedParameters: 0 0 0
#Transform 94
Transform: MatrixOffsetTransformBase_double_3_3
Parameters: 0.9999976719574679 -0.00010484089866948653 -0.0020777594577921442 0.00010678757063287893 0.9999994880966749 0.0007088419727539208 0.002077640823808557 -0.0007091560932818847 0.9999971784991619 0.14262395922499138 0.01498816697110783 -0.4165792970274538
FixedParameters: 0 0 0
#Transform 95
Transform: MatrixOffsetTransformBase_double_3_3
Parameters: 0.9999995345582241 0.000020276440687393404 -0.0006819317345413782 -0.000018901625977042585 0.9999999835529835 0.001008013881352958 0.0006819712261499958 -0.0010079871639309887 0.9999995188756897 0.12562802168591247 -0.007964633374399455 -0.3559041483464114
FixedParameters: 0 0 0
#Transform 96
Transform: MatrixOffsetTransformBase_double_3_3
Parameters: 0.9999987870210378 0.0003885713152509821 -0.0017494745504278485 -0.00038686921788471567 0.999999047009887 0.0013437098205609163 0.0017506102021680031 -0.001342289973773253 0.9999971327092118 0.13799002813232164 0.012656599696398985 -0.36145679552706156
FixedParameters: 0 0 0
#Transform 97
Transform: MatrixOffsetTransformBase_double_3_3
Parameters: 0.9999989929239449 -0.00014725356545750338 -0.0014090757012742135 0.0001464118754513098 0.9999999762910111 0.000055825145485591254 0.0014090906666518854 -0.00005617615437188139 0.9999990103608684 0.12972742744510413 0.01821934636218714 -0.37720559631722494
FixedParameters: 0 0 0
#Transform 98
Transform: MatrixOffsetTransformBase_double_3_3
Parameters: 0.9999991730949231 0.0003336543809201652 -0.0013096590641854008 -0.0003313721078892538 0.9999992902702344 0.0012524681586030192 0.0013105234217998638 -0.0012525321492631164 0.9999987453094242 0.11905297545534665 -0.016800744661210842 -0.3456695951090154
FixedParameters: 0 0 0
#Transform 99
Transform: MatrixOffsetTransformBase_double_3_3
Parameters: 0.9999983860157932 0.0005451843810346237 -0.0015225834044019994 -0.0005437162769089763 0.999999430609684 0.0004928606092584817 0.0015221201826633556 -0.0004921381540502479 0.9999984702939353 0.12487499488696585 0.027326458575231527 -0.40816621570810696
FixedParameters: 0 0 0
#Transform 100
Transform: MatrixOffsetTransformBase_double_3_3
Parameters: 0.999997961976539 0.00001790315964460686 0.0020093810734427664 -0.0000203489241665282 0.9999997783707253 0.0011060249728835347 -0.002009401588374948 -0.0011059762552106944 0.999997737129528 0.1623255316457488 -0.001987351851610697 -0.7151209990479259
FixedParameters: 0 0 0
#Transform 101
Transform: MatrixOffsetTransformBase_double_3_3
Parameters: 0.9999991729076784 -0.000716395620906787 -0.0005602405204187518 0.0007155398586001303 0.9999999042335418 -0.0007634325887708529 0.0005613330863687594 0.0007625667866950417 0.9999991043365438 0.19641896256685243 0.10896982459101423 -0.03515955459515396
FixedParameters: 0 0 0
#Transform 102
Transform: MatrixOffsetTransformBase_double_3_3
Parameters: 0.9999985104332919 -0.0005531388016342064 -0.001478207299304697 0.0005522487472799869 0.9999996425208192 -0.00029078619619939475 0.0014775289076143195 0.00029021339533026255 0.9999986991320067 0.17412961077562272 0.03227608039561858 -0.05577658558077303
FixedParameters: 0 0 0
#Transform 103
Transform: MatrixOffsetTransformBase_double_3_3
Parameters: 0.9999996464031987 0.00008227429207926486 -0.0005889207220038475 -0.00008281253186887532 0.9999997843371288 -0.0004569511344868736 0.0005888452774744327 0.00045704835143734954 0.9999994443683046 0.16324771318927844 0.003675348928837252 -0.021330131045658618
FixedParameters: 0 0 0
#Transform 104
Transform: MatrixOffsetTransformBase_double_3_3
Parameters: 0.9999991967957325 0.00013092457006285538 -0.0008866015897009857 -0.00013150969962826822 0.9999998738817358 -0.0003298833672347179 0.000886514986625166 0.0003301160307755853 0.9999991051141954 0.1443139267240383 0.00874759833806138 -0.032396235246110905
FixedParameters: 0 0 0
#Transform 105
Transform: MatrixOffsetTransformBase_double_3_3
Parameters: 0.9999995183281087 0.0004760791182430991 -0.0005054820007385394 -0.0004756525055648277 0.9999994520620616 -0.0005667593837753379 0.0005049109587979782 0.0005672401954401017 0.9999994232882853 0.1471846579248819 0.032874100015476415 -0.025515783848959472
FixedParameters: 0 0 0
#Transform 106
Transform: MatrixOffsetTransformBase_double_3_3
Parameters: 0.9999998826710425 0.00025275264184879094 -0.00023118184533576147 -0.00025298138822664213 0.9999996910327209 -0.0004949413939627917 0.00023093150732432104 0.0004950582473068933 0.9999997015884988 0.15289788059797615 0.04117276941215664 -0.016075447159437317
FixedParameters: 0 0 0
#Transform 107
Transform: MatrixOffsetTransformBase_double_3_3
Parameters: 0.9999992249493045 0.0003278212578721321 -0.0008175514982509669 -0.00032716541292559094 0.9999996845334421 0.0004202683871189841 0.0008168274144827864 -0.0004207311653582277 0.9999991867757659 0.14096800022005596 0.04686931921918358 -0.04356100164314114
FixedParameters: 0 0 0
#Transform 108
Transform: MatrixOffsetTransformBase_double_3_3
Parameters: 0.9999993881500292 0.0005871910893520004 -0.0011254211382895943 -0.0005876829861214063 0.999999166855845 -0.0006763065939455019 0.001125594432416989 0.0006766936880184572 0.9999993059892347 0.13986557650963505 0.1199397055745095 -0.06741962890052378
FixedParameters: 0 0 0
#Transform 109
Transform: MatrixOffsetTransformBase_double_3_3
Parameters: 0.9999988330330937 0.0007957140989614686 -0.0007311803119259113 -0.0007961877339895756 0.9999993179918916 -0.0010084178475834558 0.0007295434678039627 0.001008582486207759 0.9999994808950876 0.13602799305422764 0.07856360455194533 -0.045507662331488064
FixedParameters: 0 0 0
#Transform 110
Transform: MatrixOffsetTransformBase_double_3_3
Parameters: 0.999999812673699 0.0008796615245710946 -0.0006437566949946633 -0.0008798161160824499 0.9999993891562861 -0.0008974336983274961 0.000642146152623533 0.0008975669295382266 0.9999998125036853 0.11916511971304544 0.0819700673852708 -0.05012238232572486
FixedParameters: 0 0 0
#Transform 111
Transform: MatrixOffsetTransformBase_double_3_3
Parameters: 0.9999997203540243 0.0003116865827210978 -0.0010874272258233125 -0.0003123128903839085 0.9999998206984365 -0.00028762925116794166 0.0010872475142502229 0.00028837053998014006 0.9999997337676847 0.16325722972308654 0.031021460562328684 -0.03183171487796699
FixedParameters: 0 0 0
#Transform 112
Transform: MatrixOffsetTransformBase_double_3_3
Parameters: 0.9999996076381575 0.0005711822191779009 -0.00025712362909200695 -0.0005712315766620176 0.9999996645064327 -0.00009585312191406209 0.0002570139581000573 0.00009614680098334744 0.9999999246997322 0.14966206620189837 0.01990508428634996 -0.007362943332864802
FixedParameters: 0 0 0
#Transform 113
Transform: MatrixOffsetTransformBase_double_3_3
Parameters: 0.9999990270479537 0.0009214238178792839 -0.0003520358598558169 -0.000921363254448828 0.9999991436372336 0.00008632435257829169 0.00035219434072062035 -0.0000856754788008951 0.9999998686187344 0.14023486450233236 0.03732007415014493 -0.009937051397528762
