#Insight Transform File V1.0
#Transform 0
Transform: MatrixOffsetTransformBase_double_3_3
Parameters: 0.9999993110999933 0.000025615484769290544 0.0008296047661010179 -0.000026526374050351846 0.999999698906624 0.0005490097723465648 -0.0008295761402530998 -0.0005489902383025574 1.000000009391373 0.07520549868235094 -0.0579775874256967 -0.3128717603699869
FixedParameters: 0 0 0
#Transform 1
Transform: MatrixOffsetTransformBase_double_3_3
Parameters: 0.999999519014996 -0.00014623832053609875 0.0006778138897339948 0.00014631719997923445 0.9999995175628673 0.0006790988627781921 -0.0006780439459109278 -0.0006789005309509877 0.9999990793705402 0.07724006620360058 -0.028242845048538356 -0.3492299206621965
FixedParameters: 0 0 0
#Transform 2
Transform: MatrixOffsetTransformBase_double_3_3
Parameters: 0.9999993218154202 -0.00030744726774188853 -0.000763977025691214 0.0003088326140910318 0.9999990833888132 0.0009067956148679224 0.0007634180589991406 -0.0009072034766192047 0.9999995931290108 0.10991391359900149 -0.050073522294127315 -0.3469620304129961
FixedParameters: 0 0 0
#Transform 3
Transform: MatrixOffsetTransformBase_double_3_3
Parameters: 0.9999997902355873 0.00001383175323108732 0.00045779111667263296 -0.000013941013811341264 0.9999995332864325 0.0012109942638735827 -0.000457788894619553 -0.0012110069781615662 0.9999993239045077 0.08738350513772275 -0.010520222772555599 -0.3402114891332957
FixedParameters: 0 0 0
#Transform 4
Transform: MatrixOffsetTransformBase_double_3_3
Parameters: 0.9999995225185042 0.000021144016195556407 0.0006906765630446098 -0.000021266165530539944 0.9999993411937715 0.0008120169837687111 -0.0006906735367486255 -0.000811983485025862 0.9999998626362151 0.09132240605720199 -0.011650365577736466 -0.37113834991274075
FixedParameters: 0 0 0
#Transform 5
Transform: MatrixOffsetTransformBase_double_3_3
Parameters: 1.000000009974097 0.00003017366185548928 0.0009945428006350072 -0.000031334263736026164 0.9999998196587375 0.001085969727824286 -0.0009945074137904357 -0.001086030899190911 0.9999988315213199 0.07993603157302687 -0.021083672015066668 -0.33116300064018844
FixedParameters: 0 0 0
#Transform 6
Transform: MatrixOffsetTransformBase_double_3_3
Parameters: 0.9999999607260744 -0.00003929708607727391 0.0001942414516097727 0.000038533804150535533 0.9999981411879176 0.001964007764971104 -0.00019439431184767184 -0.0019639926412866257 0.9999981049378508 0.07772718553370339 0.003425894907707061 -0.3736131585092721
FixedParameters: 0 0 0
#Transform 7
Transform: MatrixOffsetTransformBase_double_3_3
Parameters: 0.9999985795146927 -0.00025497711547656124 0.0015347538716464798 0.00025485740579217345 0.9999999344827852 0.00003942257817296513 -0.0015347737556547156 -0.000038577310912085716 0.9999986419900022 0.12484517780164595 -0.008706178449102708 -0.7328491739452971
FixedParameters: 0 0 0
#Transform 8
Transform: MatrixOffsetTransformBase_double_3_3
Parameters: 0.999998489430908 -0.0002110370021722345 0.0015703597086469988 0.00021051563307158288 0.9999999290041619 0.0001663621424690398 -0.0015704296868567624 -0.0001656373468751568 0.9999985053148713 0.14328373336310563 -0.05224127038134441 -0.6547739015524314
FixedParameters: 0 0 0
#Transform 9
Transform: MatrixOffsetTransformBase_double_3_3
Parameters: 0.9999984144482786 -0.0002838549382500406 0.0015826060729682114 0.0002839982053269195 0.9999998158071974 0.00027048209014403357 -0.001582791088687619 -0.0002705185854882178 0.9999984523004118 0.13590246422040764 -0.047074501040384575 -0.6645583850862096
FixedParameters: 0 0 0
#Transform 10
Transform: MatrixOffsetTransformBase_double_3_3
Parameters: 0.9999983161832314 0.00031971172024745253 0.001606735072821845 -0.00031954140250631773 0.9999998960162644 -0.00005348207680074685 -0.001606768952993338 0.00005251774441498297 0.9999984145490461 0.11422768239035008 -0.0693888377755627 -0.6490140333988279
FixedParameters: 0 0 0
#Transform 11
Transform: MatrixOffsetTransformBase_double_3_3
Parameters: 0.9999979554642004 -0.00006148314099861817 0.001743774751563795 0.00006102975966141958 0.9999999803344733 0.0001301379454534471 -0.001743790678484217 -0.00012986151857577455 0.9999979413297936 0.13530033194285807 -0.051486207554290786 -0.5223838746463798
FixedParameters: 0 0 0
#Transform 12
Transform: MatrixOffsetTransformBase_double_3_3
Parameters: 0.9999988208234892 0.00029399773863228267 0.0017586872978079102 -0.00029377379041847643 0.9999998983798435 0.00022054557839670114 -0.0017585891043593138 -0.0002204556471477187 0.9999988252029708 0.11489090444294447 -0.04729973635518547 -0.6552816174315126
FixedParameters: 0 0 0
#Transform 13
Transform: MatrixOffsetTransformBase_double_3_3
Parameters: 0.9999985743140711 -0.00019884938443330726 0.0018400780648350442 0.00019874479979229068 0.9999998724531399 0.00030042907008163283 -0.0018402287545034603 -0.0002995718535093034 0.9999985218606056 0.13849638051007673 -0.05492162455749394 -0.6333737661417018
FixedParameters: 0 0 0
#Transform 14
Transform: MatrixOffsetTransformBase_double_3_3
Parameters: 0.9999989102938078 0.000003924606297906288 0.0017577663972928059 -0.000003503845802808227 0.9999998387427205 -0.0004039441103480326 -0.0017577379877137494 0.00040405663429069275 0.9999987451184656 0.13075082711124253 -0.01079685736117142 -0.6537246122643836
FixedParameters: 0 0 0
#Transform 15
Transform: MatrixOffsetTransformBase_double_3_3
Parameters: 0.9999988554052744 0.00011123789070444658 0.001460167374827995 -0.00011060555461114439 0.999999176880817 -0.0009011302770398182 -0.001460304434421404 0.0009008691235322663 0.9999980549221903 0.1443689188342887 -0.028667381215370824 -0.691525420251125
FixedParameters: 0 0 0
#Transform 16
Transform: MatrixOffsetTransformBase_double_3_3
Parameters: 0.9999982780894301 0.0002857927976629308 0.0019078796641525167 -0.0002853498733513198 0.9999997775374593 -0.00037848232548668564 -0.0019080641455125982 0.00037751818072682963 0.9999982147835954 0.11952696269102603 -0.035670079587347914 -0.6499667538312366
FixedParameters: 0 0 0
#Transform 17
Transform: MatrixOffsetTransformBase_double_3_3
Parameters: 0.9999984850233621 -0.000269016529724218 0.001855514044941793 0.00026969057691778405 0.9999997260200142 -0.0004504376041918716 -0.0018552396772171832 0.00045156269183033865 0.999998352201022 0.13196522993679594 0.003019947645654497 -0.6506243210964442
FixedParameters: 0 0 0
#Transform 18
Transform: MatrixOffsetTransformBase_double_3_3
Parameters: 0.9999986312230926 0.0000650989999132776 0.0015377050384158665 -0.00006356741186313024 0.9999997488436485 -0.0004980667272368317 -0.0015377691143452774 0.0004979316624478224 0.9999983863719983 0.12246013985456727 -0.0420538075918131 -0.660641601964727
FixedParameters: 0 0 0
#Transform 19
Transform: MatrixOffsetTransformBase_double_3_3
Parameters: 0.9999981236855071 0.0004356651475486914 0.0019198186321617305 -0.0004383650592727235 0.9999986324132323 0.001475223895949472 -0.0019196222995453032 -0.0014767762120066336 0.9999971341138082 0.10889712613995073 -0.035538991667138475 -0.5000019393772703
FixedParameters: 0 0 0
#Transform 20
Transform: MatrixOffsetTransformBase_double_3_3
Parameters: 0.9999979892901034 -0.000422143230513535 0.001683144233805837 0.00042153756855858805 0.9999998093478886 -0.0001162592101457971 -0.0016830141130045736 0.00011774198514120232 0.9999981525642866 0.13063693488462036 -0.01945148934731833 -0.6473553717213321
FixedParameters: 0 0 0
#Transform 21
Transform: MatrixOffsetTransformBase_double_3_3
Parameters: 0.9999983040701687 -0.000048212123354069206 0.0016411005394238462 0.00004472594632728287 0.9999978004171834 0.0022801089026629404 -0.0016414380826877159 -0.002279893575141495 0.9999961068268688 0.1154411173065455 -0.021448710280068894 -0.5049103786488018
FixedParameters: 0 0 0
#Transform 22
Transform: MatrixOffsetTransformBase_double_3_3
Parameters: 0.9999994623140546 0.00008071584587632851 -0.0007286735083174205 -0.00007957339393460785 0.9999973505345446 0.002155090145268969 0.0007290817545287995 -0.0021549105235298543 0.9999978237162457 0.12509655051573532 -0.01522264328909273 -0.4762041645278572
FixedParameters: 0 0 0
#Transform 23
Transform: MatrixOffsetTransformBase_double_3_3
Parameters: 0.9999999971830021 -0.00003781827767588803 0.00003723943896162808 0.0000378816044225402 0.9999992743658462 -0.0008509979729489359 -0.000037175018412079386 0.0008510007896673222 0.9999992744162087 0.15485346101627329 -0.021079198837426816 -0.6831648518262057
FixedParameters: 0 0 0
#Transform 24
Transform: MatrixOffsetTransformBase_double_3_3
Parameters: 0.9999999082350162 -0.00029616627997372486 -0.00006364361833026648 0.0002961294443906012 0.9999998287750828 -0.0002890188225908169 0.0000638147914303173 0.00028898107609398246 0.999999912417963 0.1561750306559162 -0.030942130533972545 -0.66107601739985
FixedParameters: 0 0 0
#Transform 25
Transform: MatrixOffsetTransformBase_double_3_3
Parameters: 0.9999997636214716 -0.0000011601697944295497 -0.00048617252509521866 0.0000023844729634295356 0.9999977696203688 0.002287000600681939 0.0004861958293536721 -0.0022870023243761473 0.9999975332423215 0.14771219554526738 0.003914483917412781 -0.4817369685409574
FixedParameters: 0 0 0
#Transform 26
Transform: MatrixOffsetTransformBase_double_3_3
Parameters: 0.9999989617921875 -0.00015186897439148188 0.0014196962927299657 0.00015310782501364522 0.9999996455950395 -0.0011407521899811333 -0.0014192856452864635 0.0011402498648760626 0.9999987147126241 0.1366963570029469 -0.00964024692756027 -0.6700677984837853
FixedParameters: 0 0 0
#Transform 27
Transform: MatrixOffsetTransformBase_double_3_3
Parameters: 0.9999999431310088 -0.00018005174878920566 -0.0001563660949372208 0.00017995257629942988 0.9999998671098369 -0.0003170281066033481 0.00015648021609608685 0.0003169717936316978 0.9999998750432035 0.15745332540247148 -0.02430562472919462 -0.6613851351450961
FixedParameters: 0 0 0
#Transform 28
Transform: MatrixOffsetTransformBase_double_3_3
Parameters: 0.9999986672672556 0.0004935651307950858 0.0017575976390476068 -0.0004913562316391757 0.9999987045630622 -0.0017568365611083693 -0.0017582025054749865 0.0017561659843513926 0.9999967921053796 0.1296357424448047 -0.004071876854766288 -0.7175666336343482
FixedParameters: 0 0 0
#Transform 29
Transform: MatrixOffsetTransformBase_double_3_3
Parameters: 0.9999999878190114 0.00011023600504135573 0.000005387373474761033 -0.00011022062494202093 0.9999990613029196 -0.0013880006956463256 -0.000005693367446154572 0.001387999474450348 0.9999990734259905 0.16521838508178632 -0.028915180962485465 -0.7127031805520261
FixedParameters: 0 0 0
#Transform 30
Transform: MatrixOffsetTransformBase_double_3_3
Parameters: 0.9999999952280011 0.00006479635410338176 0.000023946427695687332 -0.00006477381580435309 0.9999997749023557 -0.00047000144724165804 -0.000024007325596639388 0.0004699983406267136 0.9999997785257452 0.1446663448806902 -0.04217594512685707 -0.6625650938283059
FixedParameters: 0 0 0
#Transform 31
Transform: MatrixOffsetTransformBase_double_3_3
Parameters: 0.9999986136532375 0.00012538040750362814 0.0018359079936519252 -0.00012308244747524167 0.9999991801350427 -0.0008981642495513864 -0.0018360997028090981 0.0008978336512664338 0.9999978207104759 0.12563204049811816 -0.016013586047321837 -0.6749849486594002
FixedParameters: 0 0 0
#Transform 32
Transform: MatrixOffsetTransformBase_double_3_3
Parameters: 0.9999987077944152 0.00005074807392432869 0.0015131517623288827 -0.00005036070352578016 0.999999982046749 -0.00012804493408972994 -0.0015131647043088354 0.00012795473090972814 0.9999986929796929 0.1284206331188642 -0.04618316705186487 -0.664855700199297
FixedParameters: 0 0 0
#Transform 33
Transform: MatrixOffsetTransformBase_double_3_3
Parameters: 0.9999987118075344 0.00037031411903252614 0.0017750649019231328 -0.00037454084889134185 0.9999961551587699 0.002589401301208924 -0.0017742922824954867 -0.002590597601919792 0.9999951404182761 0.11803614810845886 -0.0052033926272372355 -0.5018550712356813
FixedParameters: 0 0 0
#Transform 34
Transform: MatrixOffsetTransformBase_double_3_3
Parameters: 0.9999982163226336 0.00033700843157576067 0.0016339571052181349 -0.00033498783688021093 0.999999035301216 -0.0009244856251840981 -0.0016345466198284166 0.0009235129928000727 0.9999984734693652 0.11428745153743591 -0.010562660903062238 -0.6674800393822409
FixedParameters: 0 0 0
#Transform 35
Transform: MatrixOffsetTransformBase_double_3_3
Parameters: 0.9999982615896966 0.0003363822004790997 0.0016203515860788583 -0.00033673558284806783 0.9999997448042445 0.00041748512277080957 -0.00162010196976107 -0.0004175149101116951 0.9999981681728801 0.1316177285214195 -0.04805292463488797 -0.6696983861964299
FixedParameters: 0 0 0
#Transform 36
Transform: MatrixOffsetTransformBase_double_3_3
Parameters: 0.9999981926304838 0.00017552306547751864 0.0016663004174220766 -0.00017532977135766362 0.9999999668480865 -0.00005826081511024761 -0.001666320766812848 0.0000577389748424445 0.9999982190544213 0.13467889567877478 -0.03906870411400121 -0.6404204835536262
FixedParameters: 0 0 0
#Transform 37
Transform: MatrixOffsetTransformBase_double_3_3
Parameters: 0.9999999733150007 0.00016125918042885566 -0.000026085920210888393 -0.00016126168395398514 0.9999999716910124 -0.00004799579322610492 0.00002607043941253234 0.000048004203990974215 0.9999999970159885 0.14360647849075292 0.008140659867137856 -0.6798616310052097
FixedParameters: 0 0 0
#Transform 38
Transform: MatrixOffsetTransformBase_double_3_3
Parameters: 0.999998614080306 0.00015488423328231132 0.001536788117114419 -0.00015382017914312773 0.9999990165299674 -0.0009961755882912822 -0.0015370329194441743 0.0009968247454962102 0.999998611524493 0.12378232263948519 -0.02785314796344096 -0.6928877605021881
FixedParameters: 0 0 0
#Transform 39
Transform: MatrixOffsetTransformBase_double_3_3
Parameters: 0.9999994346633659 0.00019908167211735712 0.0007250536550458262 -0.00019866690797268262 0.9999998786526874 -0.00028614402083309773 -0.0007251674109486268 0.0002858556090064336 0.9999993924187843 0.12928047600522063 -0.023883777449839272 -0.6497214512533844
FixedParameters: 0 0 0
#Transform 40
Transform: MatrixOffsetTransformBase_double_3_3
Parameters: 0.99999891985116 0.000017577841645597913 0.001442164557755534 -0.000017038469090444377 0.9999999657178698 -0.00018699335746069634 -0.0014421710310867349 0.00018700622548387807 0.9999988841953339 0.11669660948369653 0.002343199119806627 -0.657603161625218
FixedParameters: 0 0 0
#Transform 41
Transform: MatrixOffsetTransformBase_double_3_3
Parameters: 0.999999463626481 0.0002489810874338483 0.0012146576653329414 -0.00024854789541139326 0.9999996061729362 -0.0005772708903442232 -0.0012139138218189309 0.0005767295384802515 0.9999991915950085 0.1062054237572454 -0.026473213664701234 -0.6577704825124897
FixedParameters: 0 0 0
#Transform 42
Transform: MatrixOffsetTransformBase_double_3_3
Parameters: 0.9999985399544274 0.00011701173964604787 0.0015640599444759885 -0.0001163642395391112 0.999999741563059 -0.0005261519724181381 -0.0015641514059391323 0.0005268477652574169 0.9999982439871282 0.13657707445264577 -0.015481888700477953 -0.6518895399099733
FixedParameters: 0 0 0
#Transform 43
Transform: MatrixOffsetTransformBase_double_3_3
Parameters: 0.9999991731576343 0.0000017961365567829317 0.00135159090264422 -0.000002115796256366929 0.9999997628392633 0.000488028907336395 -0.0013516204044961631 -0.00048797140423787605 0.9999989340299825 0.12672037186315777 -0.01885185829056013 -0.552802058173242
FixedParameters: 0 0 0
#Transform 44
Transform: MatrixOffsetTransformBase_double_3_3
Parameters: 0.99999811137443 0.00021446879105811712 0.00168596135299139 -0.00021266595699895384 0.9999992658000366 -0.0008312968447434128 -0.001686284891667534 0.0008307022226461784 0.9999984644519498 0.11119379373923266 -0.02395970842357542 -0.6469657906051509
FixedParameters: 0 0 0
#Transform 45
Transform: MatrixOffsetTransformBase_double_3_3
Parameters: 0.9999999440804066 -0.00010128877271605344 0.0010223811284256468 0.00009956464384064647 0.9999976584265395 0.0023091033364280936 -0.0010229391331127414 -0.002308897931516618 0.9999966226718386 0.11488989020431006 -0.002515169550065366 -0.48514116568357224
FixedParameters: 0 0 0
#Transform 46
Transform: MatrixOffsetTransformBase_double_3_3
Parameters: 0.9999981575419538 0.0002932520336143136 0.0019386007184950995 -0.00029180116693829994 0.999999527024426 -0.0006245039013588922 -0.001937934874639061 0.0006234954913096578 0.9999978517652349 0.10659106106427885 -0.001229231997314173 -0.6370017464945619
FixedParameters: 0 0 0
#Transform 47
Transform: MatrixOffsetTransformBase_double_3_3
Parameters: 0.9999980900906675 0.00044409058803352667 0.001926734483745194 -0.00044240381363621213 0.9999993196949246 -0.0006977906610382764 -0.0019273209603094738 0.000696207939327842 0.9999977987780395 0.11383331241074757 -0.0355546035204668 -0.6909827809258218
FixedParameters: 0 0 0
#Transform 48
Transform: MatrixOffsetTransformBase_double_3_3
Parameters: 0.999997699292192 -0.000042204361747699576 0.0020733838722045038 0.00004358522848009187 0.9999998892441594 -0.0003328474692965329 -0.0020733553043433247 0.0003331509245771691 0.9999975882703689 0.114512961667117 -0.018523500337252585 -0.5497462135446654
FixedParameters: 0 0 0
#Transform 49
Transform: MatrixOffsetTransformBase_double_3_3
Parameters: 0.9999987417373494 0.0002492680815159645 0.001787487625519722 -0.0002532736855959075 0.9999979649402942 0.002229583191413656 -0.0017874921055263872 -0.002230418690555888 0.9999958309725697 0.1202186362316553 0.019453769901758733 -0.5174859487460708
FixedParameters: 0 0 0
#Transform 50
Transform: MatrixOffsetTransformBase_double_3_3
Parameters: 0.9999981441746167 0.00013453488172000404 0.0016845304199299249 -0.00013242791224891216 0.99999913407094 -0.0009221613488236968 -0.0016847451491886903 0.0009218371934769654 0.9999983099354778 0.12674780837012634 -0.019294358710283177 -0.6650220072958319
FixedParameters: 0 0 0
#Transform 51
Transform: MatrixOffsetTransformBase_double_3_3
Parameters: 0.9999988169842509 0.00022147472785150434 0.0017707557622369196 -0.00021896564355790404 0.9999989891516365 -0.0009823259615104017 -0.0017701573570939272 0.000981671762112904 0.9999978991849753 0.12448478803919727 -0.011458302616404126 -0.6519687835333912
FixedParameters: 0 0 0
#Transform 52
Transform: MatrixOffsetTransformBase_double_3_3
Parameters: 0.9999980533565034 0.0002911906848556044 0.0016916994693468802 -0.00029137169288836004 0.9999999446751027 0.0000535375481962308 -0.0016916683020950186 -0.00005346224320897791 0.9999981029570612 0.12021958076870476 0.00959306115780123 -0.6488901236172637
FixedParameters: 0 0 0
#Transform 53
Transform: MatrixOffsetTransformBase_double_3_3
Parameters: 0.9999982967479558 -0.00011690123148629801 0.0016404420444630797 0.00011718759612062796 0.9999999357584732 0.00022722385036036408 -0.0016395270878250484 -0.00022677715696976103 0.9999982579312309 0.1289883209840923 0.010379552210750376 -0.6577193326899646
FixedParameters: 0 0 0
#Transform 54
Transform: MatrixOffsetTransformBase_double_3_3
Parameters: 0.999999492493455 -0.0004940322142062331 0.001124028138562422 0.0004938399995811689 0.9999997183084539 0.0000855875566351666 -0.0011241126023379636 -0.00008541235533114644 0.9999997595646949 0.13668461080241912 -0.017277540844048644 -0.6577964904233795
FixedParameters: 0 0 0
#Transform 55
Transform: MatrixOffsetTransformBase_double_3_3
Parameters: 0.9999979993511721 0.000251318466907619 0.0017139086367167385 -0.0002506020290187264 0.9999998943242905 -0.00020939831440756895 -0.0017140135380042162 0.00020860083106018223 0.9999980176650551 0.12566049695396941 0.006202124921244945 -0.6765274730841071
FixedParameters: 0 0 0
#Transform 56
Transform: MatrixOffsetTransformBase_double_3_3
Parameters: 0.9999986021545226 0.000471345616568576 0.0017820431236053643 -0.0004710711740848073 0.9999997740065242 -0.00007777683321631701 -0.001782115689378224 0.00007622295060109863 0.9999988162903477 0.11191160609311623 -0.03798646610677281 -0.6633304898880539
FixedParameters: 0 0 0
#Transform 57
Transform: MatrixOffsetTransformBase_double_3_3
Parameters: 0.999998874402043 -0.00007608412946685743 0.00176629834415177 0.00007703262278995225 0.9999998926245155 -0.0002688006785651134 -0.0017662572328681465 0.00026819867827398633 0.9999988375933582 0.12454063157152007 -0.02023473999419423 -0.6612868537111183
FixedParameters: 0 0 0
#Transform 58
Transform: MatrixOffsetTransformBase_double_3_3
Parameters: 0.9999983492713536 0.00046950826435353596 0.0015589378068451005 -0.0004688940044635531 0.9999997420273802 -0.00019769977184869517 -0.001559122671794682 0.00019629956247185082 0.9999985296262421 0.12013051262871954 0.012218927716830308 -0.657465536965347
FixedParameters: 0 0 0
#Transform 59
Transform: MatrixOffsetTransformBase_double_3_3
Parameters: 0.9999989670704704 -0.0000025572135157897005 0.00142580569789207 0.000003874658386919233 0.9999997875319844 -0.0004619634435544251 -0.0014258027264387896 0.00046203540479520036 0.9999987526508073 0.12561099203254855 -0.007312476765591214 -0.7386255863187046
FixedParameters: 0 0 0
#Transform 60
Transform: MatrixOffsetTransformBase_double_3_3
Parameters: 0.9999982835305996 -0.00009619759604434723 -0.0016449174508288797 0.0001012566233380099 0.999996467175196 0.002742868884501301 0.0016455009846481916 -0.0027431309469049606 0.9999947682192859 0.14674663122040954 0.002582902199264936 -0.5227316976465488
FixedParameters: 0 0 0
#Transform 61
Transform: MatrixOffsetTransformBase_double_3_3
Parameters: 0.9999982750454912 0.0000993967231721422 0.0016477930811759777 -0.00010320951995372335 0.9999977192162209 0.0020668962929910883 -0.0016474685251277141 -0.0020671045335452984 0.9999970108347569 0.12498225758865544 0.005751221285137831 -0.5255266086275725
FixedParameters: 0 0 0
#Transform 62
Transform: MatrixOffsetTransformBase_double_3_3
Parameters: 0.9999978375177336 -0.00004968248761498564 0.0020396378633493043 0.0000512365531584068 0.999999607550299 -0.0006258337117811992 -0.002039543277276053 0.0006261651271587225 0.999997446215404 0.12994494398687095 -0.005861300163218175 -0.6706621410363596
FixedParameters: 0 0 0
#Transform 63
Transform: MatrixOffsetTransformBase_double_3_3
Parameters: 0.9999981469166174 0.00019598935484601407 0.0016777405266114134 -0.00019659704841635438 0.9999997340014659 0.0004787337992422716 -0.0016775838880360985 -0.0004792668467001951 0.9999989540325713 0.12726945330645378 -0.026227402710929937 -0.6733390751931978
FixedParameters: 0 0 0
#Transform 64
Transform: MatrixOffsetTransformBase_double_3_3
Parameters: 0.9999981577489206 0.00029750681811493214 0.0016592916495875771 -0.0002970365171463202 0.9999993600649938 -0.0007444311566259278 -0.0016596711689169637 0.0007435701024404127 0.9999986906101606 0.1191412744589826 -0.02973758726935216 -0.6514130517995511
FixedParameters: 0 0 0
#Transform 65
Transform: MatrixOffsetTransformBase_double_3_3
Parameters: 0.9999989350649142 0.0002687937388274878 0.0014118898135908073 -0.0002671626756767744 0.9999983085535692 -0.0016283473624227572 -0.0014116688794188802 0.0016286515274711762 0.9999973224828645 0.1373252371102467 0.018205689488326016 -0.723273477510304
FixedParameters: 0 0 0
#Transform 66
Transform: MatrixOffsetTransformBase_double_3_3
Parameters: 0.9999983581402164 0.000242952228313892 0.0016071187338552802 -0.00024225149946661623 0.9999998946066814 -0.0002183581398971894 -0.0016072245081751749 0.00021764112352953488 0.9999983684856851 0.12956123100111938 -0.015812445121184737 -0.6659900968240322
FixedParameters: 0 0 0
#Transform 67
Transform: MatrixOffsetTransformBase_double_3_3
Parameters: 0.9999989173072298 -0.00014557850443849404 0.0017499290350395423 0.00014163406868182202 0.9999964072414769 0.0025643142962266385 -0.0017498229962528877 -0.0025636861286869456 0.9999953618409012 0.133669442571545 0.042534698041535535 -0.49162969499312226
FixedParameters: 0 0 0
#Transform 68
Transform: MatrixOffsetTransformBase_double_3_3
Parameters: 0.9999993471723948 9.040267463024691e-7 0.001285654432437457 1.3874922710578255e-7 0.9999996014936482 -0.001182970319620353 -0.001285592516229607 0.0011830321265967857 0.9999989466960032 0.14427792420129038 -0.013821916927454936 -0.7185437528991088
FixedParameters: 0 0 0
#Transform 69
Transform: MatrixOffsetTransformBase_double_3_3
Parameters: 0.9999996655105956 0.000022212537097077246 -0.000577889734617908 -0.000020500271500669362 0.9999974958213195 0.0023460130109781013 0.0005780213500812114 -0.0023459883251208055 0.9999971622381156 0.14944315484093806 0.00873123606758952 -0.5286144848862335
FixedParameters: 0 0 0
#Transform 70
Transform: MatrixOffsetTransformBase_double_3_3
Parameters: 0.9999990188209946 -0.00006888889386519423 0.0014058564538181305 0.00006886077846994109 0.9999999961429018 0.000010128213752520765 -0.0014058578315132924 -0.000009871766623099909 0.9999990224781059 0.1437337761912687 0.015169676928948661 -0.6708397293702717
FixedParameters: 0 0 0
#Transform 71
Transform: MatrixOffsetTransformBase_double_3_3
Parameters: 0.9999990019154531 -0.0004397399128527861 0.0013432166816605277 0.0004392951915302365 0.9999994875099983 0.0005376228329507932 -0.0013437205747205264 -0.000537377112534751 0.9999989365927875 0.16017624844641887 0.013056358179198924 -0.684468771888092
FixedParameters: 0 0 0
#Transform 72
Transform: MatrixOffsetTransformBase_double_3_3
Parameters: 0.9999979275609364 -0.00004704707231028512 0.002017506274305262 0.00004725805619145859 0.9999999097493714 -0.0002998424387189967 -0.002017446572158329 0.0003001582788146884 0.9999978378111942 0.14806690447770166 -0.013576286161523399 -0.646298412252932
FixedParameters: 0 0 0
#Transform 73
Transform: MatrixOffsetTransformBase_double_3_3
Parameters: 0.9999992337362593 -0.00011308443313977928 -0.001324299092069046 0.00011620718120120681 0.9999967571020414 0.0026888822594660702 0.0013238081674587063 -0.002689123064652868 0.9999960151457651 0.14322057567660806 0.03808845728849519 -0.5216115996353494
FixedParameters: 0 0 0
#Transform 74
Transform: MatrixOffsetTransformBase_double_3_3
Parameters: 0.9999985798619542 0.000021438946878470197 0.0018492469319612444 -0.000021754232678784086 0.999999967281589 -0.00018497780202014757 -0.0018492235120772006 0.00018502350886474145 0.999998544130057 0.15238034306845805 0.0040422366781598384 -0.6830994019414476
FixedParameters: 0 0 0
#Transform 75
Transform: MatrixOffsetTransformBase_double_3_3
Parameters: 0.9999989232988792 -0.00013489010580268452 0.0017485899795487154 0.00013036240177724867 0.9999965686510023 0.0027232636623744436 -0.0017494693205884397 -0.002722736935194002 0.9999945251493219 0.1305191011582849 0.011592188825304106 -0.5266029505520606
FixedParameters: 0 0 0
#Transform 76
Transform: MatrixOffsetTransformBase_double_3_3
Parameters: 0.9999999272670066 -0.00026568120236717654 0.000046330191415935984 0.0002656680339156176 0.9999999092531697 0.0001420123055773312 -0.00004640564334241657 -0.0001419876680398488 0.9999999776858407 0.15892188493110382 0.023940927218063734 -0.6738940550296064
FixedParameters: 0 0 0
#Transform 77
Transform: MatrixOffsetTransformBase_double_3_3
Parameters: 0.999999961191028 0.0000060250764891683985 0.00019690776749118962 -0.000006350753226397568 0.9999993160342351 0.0008269981838135362 -0.00019689753268774623 -0.0008270006207787284 0.9999992772997812 0.1564211495563228 -0.021918669977395666 -0.67169542269896
FixedParameters: 0 0 0
#Transform 78
Transform: MatrixOffsetTransformBase_double_3_3
Parameters: 0.9999990941895932 0.00021531431620196143 0.001363369057418141 -0.00021854897303428137 0.9999959790400638 0.0026407334981820157 -0.0013633483728998626 -0.002641262219943215 0.9999951653683266 0.12723728631962672 0.012330032966900717 -0.5411856817734559
FixedParameters: 0 0 0
#Transform 79
Transform: MatrixOffsetTransformBase_double_3_3
Parameters: 0.9999981541344029 -0.0002949526907666889 0.001660879421936425 0.00029398715273463245 0.9999995339936628 0.0005915530305515629 -0.0016612591914009305 -0.0005914472058911463 0.9999989203957228 0.15704342396402637 0.04179089814199699 -0.6899252534919924
FixedParameters: 0 0 0
#Transform 80
Transform: MatrixOffsetTransformBase_double_3_3
Parameters: 0.999999465409643 -0.00027753866826021916 -0.0006763077125290426 0.0002792097879121848 0.999996681012343 0.0026908132090880735 0.0006758718279043899 -0.002691189622011557 0.9999963013996115 0.14335546283521694 0.008574853530788573 -0.5071941987777393
FixedParameters: 0 0 0
#Transform 81
Transform: MatrixOffsetTransformBase_double_3_3
Parameters: 0.9999974445349918 0.00007215101882697223 0.002355898114672771 -0.00007092182312073815 0.9999997741126097 -0.0004730742121233436 -0.0023559343775377945 0.00047292551575639843 0.9999972229638397 0.12347181691023934 0.013614566881557266 -0.6598665635470269
FixedParameters: 0 0 0
#Transform 82
Transform: MatrixOffsetTransformBase_double_3_3
Parameters: 0.9999980791375267 0.00004009964116336868 0.0017085852244584292 -0.00004027560849342859 0.9999999412902408 -0.0002410376461378927 -0.0017085731842733376 0.00024096310900730347 0.9999980216850459 0.12649088162729072 -0.005459023322529788 -0.6905267704203766
FixedParameters: 0 0 0
#Transform 83
Transform: MatrixOffsetTransformBase_double_3_3
Parameters: 0.9999999800510085 0.00008549926083893425 0.00011242271711867723 -0.00008564421479715646 0.9999995766534602 0.0006449901032578656 -0.00011231232947900138 -0.0006450093343359428 0.9999995713479113 0.16430465653280635 -0.007142249421363545 -0.5462977209862032
FixedParameters: 0 0 0
#Transform 84
Transform: MatrixOffsetTransformBase_double_3_3
Parameters: 0.9999974623998641 0.0006105651535893308 0.002040784982588373 -0.0006102447402745586 0.9999996546113674 -0.00007918373297177705 -0.002040880815572449 0.00007781586765514409 0.9999977954639876 0.17101473373070064 0.021288977884879046 -0.6761819292259617
FixedParameters: 0 0 0
#Transform 85
Transform: MatrixOffsetTransformBase_double_3_3
Parameters: 0.9999981716978589 0.00036282287728453224 0.0019226697856411185 -0.00036431283464996946 0.9999997510315248 0.00038736206714482663 -0.0019223880205331482 -0.00038763639955217283 0.9999981203542259 0.1522056656902464 -0.016793707828398396 -0.681283840555011
FixedParameters: 0 0 0
#Transform 86
Transform: MatrixOffsetTransformBase_double_3_3
Parameters: 0.9999997666988836 0.00039721269645390993 0.00027410757416999567 -0.0003974327298359338 0.9999988285708811 -0.0014191089199910752 -0.00027520376590149626 0.0014188906664114147 0.9999989110043289 0.16841948692302822 0.0002834533689650698 -0.6906591007474816
FixedParameters: 0 0 0
#Transform 87
Transform: MatrixOffsetTransformBase_double_3_3
Parameters: 0.9999992999285555 0.0005658332141498792 0.0006163633091591249 -0.0005654558930623032 0.9999995864096776 -0.0003063484978328042 -0.0006167094829689542 0.00030565101641815556 0.9999995262470264 0.18601700940206456 0.0303839819079883 -0.6900759240742929
FixedParameters: 0 0 0
#Transform 88
Transform: MatrixOffsetTransformBase_double_3_3
Parameters: 0.999999742618978 0.00020570447163865995 0.0004637528610480127 -0.00020563351446271612 0.9999999832434189 -0.00007609634934016563 -0.00046378432814747227 0.00007690361038495408 0.9999997476714725 0.18473707079807866 0.007252159282472803 -0.6896208690696142
FixedParameters: 0 0 0
#Transform 89
Transform: MatrixOffsetTransformBase_double_3_3
Parameters: 0.999999915731008 -0.000003915523284581989 0.0002902647989347697 0.00000385340689031045 0.9999999885360455 0.00010700111727503236 -0.00029026563023791454 -0.00010699886224142113 0.9999999042969648 0.17509845909130206 0.01659315687874141 -0.5431482154926641
FixedParameters: 0 0 0
#Transform 90
Transform: MatrixOffsetTransformBase_double_3_3
Parameters: 0.9999978347812142 0.0004603899634394069 0.0019881794733076007 -0.0004579870453147716 0.999999090633482 -0.0008558498426321365 -0.0019889337338653765 0.0008551472024288589 0.9999972803883169 0.16213251084045055 0.028639863763032736 -0.6828891601672638
FixedParameters: 0 0 0
#Transform 91
Transform: MatrixOffsetTransformBase_double_3_3
Parameters: 0.9999997444903568 0.0005314140118919721 0.0009862095603781252 -0.0005301023940092242 0.9999993470523943 -0.001171523528366733 -0.0009874211859666423 0.0011704760067800107 0.999998654954764 0.16915393258254596 0.002197533987256861 -0.7363922612893532
FixedParameters: 0 0 0
#Transform 92
Transform: MatrixOffsetTransformBase_double_3_3
Parameters: 0.9999989628082732 0.000038029973255836584 -0.0014266818768870328 -0.00003436869537304802 0.999996795801188 0.0026840852491550604 0.0014270018396869218 -0.0026839191568022377 0.9999957592502827 0.16749392416782882 0.039579554938782735 -0.5105444540547239
FixedParameters: 0 0 0
#Transform 93
Transform: MatrixOffsetTransformBase_double_3_3
Parameters: 0.999999273127315 0.00042650418974219 0.0007385322436260285 -0.000429241816689801 0.9999928554360272 0.003867687007512763 -0.0007363159379064684 -0.003868318059332812 0.9999924947064901 0.1849447092134966 0.05758338596028523 -0.4538067322262833
FixedParameters: 0 0 0
#Transform 94
Transform: MatrixOffsetTransformBase_double_3_3
Parameters: 0.9999997440900014 -0.00005864163695666375 -0.0005025951385288166 0.000059976714964799105 0.9999903944440256 0.004312967259008461 0.000502177766036031 -0.00431302685223206 0.9999901455582344 0.20816392495039793 -0.0011836204830331098 -0.41060950618791026
FixedParameters: 0 0 0
#Transform 95
Transform: MatrixOffsetTransformBase_double_3_3
Parameters: 0.9999999347297182 0.00020593378263608246 -0.00015168129778790027 -0.0002047188978161519 0.9999911559886298 0.00409902776486655 0.00015236506236799 -0.004098965336363898 0.9999911750260148 0.20559944956045229 0.02070028580257599 -0.45958005920540757
FixedParameters: 0 0 0
#Transform 96
Transform: MatrixOffsetTransformBase_double_3_3
Parameters: 0.9999997278548901 -0.000010833857958627292 0.0005214868027819219 0.000009409393088707412 0.9999910222221469 0.0042400050011755785 -0.0005216668680889066 -0.004239994443298915 0.9999907502710513 0.20014117877543924 -0.006253205595569966 -0.43463207341434895
FixedParameters: 0 0 0
#Transform 97
Transform: MatrixOffsetTransformBase_double_3_3
Parameters: 0.9999998987209145 0.00028304497777050544 0.00014538042183130854 -0.00028335797674816594 0.9999903953103021 0.004303956547522081 -0.00014497304318007853 -0.004304038776799704 0.9999904544263841 0.18787169930709524 0.019132844654563996 -0.45758778263461863
FixedParameters: 0 0 0
#Transform 98
Transform: MatrixOffsetTransformBase_double_3_3
Parameters: 0.9999992481867384 -0.00023781886486320798 -0.0008338267115131542 0.0002407736280585186 0.9999917307966694 0.00415280139182813 0.0008329644984414826 -0.004152202223449822 0.9999910307077313 0.20527585283755911 0.01872670960803191 -0.4641432979125142
FixedParameters: 0 0 0
#Transform 99
Transform: MatrixOffsetTransformBase_double_3_3
Parameters: 0.9999994343157643 0.00040238244230632553 0.0006353180466604245 -0.00040488622253558704 0.9999905028938159 0.004285740214436437 -0.0006339517295499228 -0.004285254511604261 0.9999902002506302 0.19779828040647374 0.029415918381261008 -0.4278728803162153
FixedParameters: 0 0 0
#Transform 100
Transform: MatrixOffsetTransformBase_double_3_3
Parameters: 0.999997103097378 0.0005849529159113293 0.0023568243647743544 -0.0005946156777036195 0.9999921390104609 0.0039467043102967905 -0.0023544502949129358 -0.0039472985337653255 0.9999898062908679 0.17793687033304195 0.023359199044634238 -0.4837908189711584
FixedParameters: 0 0 0
#Transform 101
Transform: MatrixOffsetTransformBase_double_3_3
Parameters: 0.9999991345855647 0.0001861248663832812 0.0009112265876576237 -0.00019029576035879285 0.9999926491065622 0.00391782816931488 -0.0009108456966232277 -0.003917173076435881 0.999991791737503 0.20784197195806087 0.008265884625615172 -0.46776173169803315
FixedParameters: 0 0 0
#Transform 102
Transform: MatrixOffsetTransformBase_double_3_3
Parameters: 0.9999994565958484 0.0003006170460383734 0.0006729889704651748 -0.00030391789396997624 0.9999925578491642 0.003917798009805178 -0.00067168271929521 -0.0039182044633063184 0.9999921971670346 0.1938190736963037 0.030481563445164284 -0.4626881144453705
FixedParameters: 0 0 0
#Transform 103
Transform: MatrixOffsetTransformBase_double_3_3
Parameters: 0.9999991145576909 0.00043824973286587566 0.0008331781434160103 -0.0004404557357804323 0.9999930502432016 0.0037086339235805413 -0.0008310441580085549 -0.0037093651077823656 0.9999925508552893 0.1888515134075135 0.04145721954054693 -0.4883111837594072
FixedParameters: 0 0 0
#Transform 104
Transform: MatrixOffsetTransformBase_double_3_3
Parameters: 0.9999995267496464 0.00003130541912255446 -0.0006871067899194749 -0.000028547262508854636 0.9999914596826049 0.0041880215435876125 0.0006874516883749336 -0.004187980408244141 0.9999909882128984 0.19684499806223243 0.015094753041879017 -0.4504627223880675
FixedParameters: 0 0 0
#Transform 105
Transform: MatrixOffsetTransformBase_double_3_3
Parameters: 0.9999995013645829 0.00036468819189377187 0.0006042366643601671 -0.0003676065409663804 0.9999917054804905 0.004019777233158578 -0.0006033546656776114 -0.004020219391682026 0.9999914749631039 0.17871026928487765 0.03134806835839754 -0.44931490090925763
FixedParameters: 0 0 0
#Transform 106
Transform: MatrixOffsetTransformBase_double_3_3
Parameters: 0.9999974340131742 -0.00010999752874325241 0.0023567135608338293 0.00009803869959791742 0.9999871041901106 0.005088341069543388 -0.0023571494817114045 -0.005087662367194386 0.9999845539105643 0.18680849310234748 -0.058611684870299996 -0.5470267534909397
FixedParameters: 0 0 0
#Transform 107
Transform: MatrixOffsetTransformBase_double_3_3
Parameters: 0.9999976970998894 -0.00015141385399917073 0.0022977962313372536 0.0001393519452988593 0.9999877501218063 0.005023396903519987 -0.0022986027744465324 -0.005022603078706993 0.9999844855351718 0.18048262056341002 0.01493672321186068 -0.4663793350459571
FixedParameters: 0 0 0
#Transform 108
Transform: MatrixOffsetTransformBase_double_3_3
Parameters: 0.999998274068112 -0.00047491337870701685 0.001871149500437864 0.0004649385761109877 0.9999868261845343 0.0050919443191131605 -0.0018732189659786118 -0.0050910571780478225 0.9999856007472351 0.17617434206771065 0.01738398127801588 -0.3990226120111373
FixedParameters: 0 0 0
#Transform 109
Transform: MatrixOffsetTransformBase_double_3_3
Parameters: 0.9999999245984365 -0.00024163734754045613 0.00013138289532142413 0.00024033511772943226 0.9999870574971473 0.005185037359802774 -0.0001318829168949069 -0.0051849739168497305 0.9999870982309998 0.18127472979514891 0.03242936472381075 -0.44258183224462755
FixedParameters: 0 0 0
#Transform 110
Transform: MatrixOffsetTransformBase_double_3_3
Parameters: 0.9999977401508036 0.00017894665243977026 0.0020559549411615506 -0.00018838113318130463 0.9999887085823134 0.004717683697163848 -0.0020555354949137014 -0.004718313252674619 0.9999865122398192 0.17774626973982777 0.030302637010024114 -0.4375258800862838
FixedParameters: 0 0 0
#Transform 111
Transform: MatrixOffsetTransformBase_double_3_3
Parameters: 0.9999995901351018 0.00025959445213336106 0.000585329446743579 -0.00026238734709288 0.9999876927443855 0.004926844096894617 -0.0005838516252225168 -0.00492615121901762 0.9999873563102372 0.19868078951375878 0.04213966761577126 -0.41383976957561686
FixedParameters: 0 0 0
#Transform 112
Transform: MatrixOffsetTransformBase_double_3_3
Parameters: 0.9999999067810199 0.0002225782759311839 -0.0002089303672175272 -0.0002214740052132427 0.9999870017053848 0.005094046532018455 0.0002102242909398475 -0.005093953468803598 0.9999870070657448 0.2082020736966399 0.047343310147581974 -0.4638425173688745
FixedParameters: 0 0 0
#Transform 113
Transform: MatrixOffsetTransformBase_double_3_3
