#Insight Transform File V1.0
#Transform 0
Transform: MatrixOffsetTransformBase_double_3_3
Parameters: 0.999992316212773 0.000381509114202144 0.0038128657040776472 -0.0003664380033163983 0.9999913465993564 -0.004069177307373818 -0.0038144066729000415 0.004067825238329582 0.9999848639601822 0.026608173970359417 0.00990774632556679 -0.6789849129954462
FixedParameters: 0 0 0
#Transform 1
Transform: MatrixOffsetTransformBase_double_3_3
Parameters: 0.9999930345514991 0.0007707000239467502 0.0036568778008265416 -0.0007548753526028934 0.9999908560981389 -0.004200573642844742 -0.003659814061789249 0.004197428103949245 0.9999849149657115 0.03541661313377631 0.004093965482823592 -0.6492832963690063
FixedParameters: 0 0 0
#Transform 2
Transform: MatrixOffsetTransformBase_double_3_3
Parameters: 0.9999927802745214 0.0004380210599545958 0.0037456693385257266 -0.00042075650139270393 0.9999890291917292 -0.004564358585033911 -0.0037470554039090807 0.004562641620247675 0.9999830996529243 0.0417356400744211 0.0068018305631483145 -0.689239788024608
FixedParameters: 0 0 0
#Transform 3
Transform: MatrixOffsetTransformBase_double_3_3
Parameters: 0.9999938626197239 0.0005625955106989447 0.0034381728693633692 -0.0005490137580669175 0.999991578616274 -0.004145729473389408 -0.00344031034583037 0.004144279155953379 0.9999859216662064 0.04091106933533695 -0.0016234086377266976 -0.6740320512202231
FixedParameters: 0 0 0
#Transform 4
Transform: MatrixOffsetTransformBase_double_3_3
Parameters: 0.9999928132260779 0.0006040942009860323 0.003717677159662189 -0.0005871303139957038 0.9999889216825644 -0.004557992415886097 -0.003720572032819364 0.004554999617131763 0.9999823678331923 0.04115138581244082 0.02660450709272766 -0.6734158117052118
FixedParameters: 0 0 0
#Transform 5
Transform: MatrixOffsetTransformBase_double_3_3
Parameters: 0.9999926723205963 0.0006117747917404232 0.003867223481499993 -0.0005918478648641874 0.9999862166151587 -0.00514807827073473 -0.0038697918474622016 0.005145920384715261 0.9999794719404873 0.059041339803229675 0.04632937612642252 -0.6854570517820378
FixedParameters: 0 0 0
#Transform 6
Transform: MatrixOffsetTransformBase_double_3_3
Parameters: 0.9999938222092061 0.0007398339767533111 0.003410294018180333 -0.0007222505263104502 0.999987037669076 -0.005053310378906831 -0.0034141487619626116 0.005051692204079472 0.9999817285337824 0.04249427677147821 0.052832370911644944 -0.715277967455421
FixedParameters: 0 0 0
#Transform 7
Transform: MatrixOffsetTransformBase_double_3_3
Parameters: 0.999992274910832 0.0007801627906956571 0.0037569631902178075 -0.0007667192639214263 0.9999932422515525 -0.0036426919210097893 -0.0037601574369733083 0.003640311446077179 0.9999865114170432 0.04971508227164634 0.04663813857251853 -0.659903231987883
FixedParameters: 0 0 0
#Transform 8
Transform: MatrixOffsetTransformBase_double_3_3
Parameters: 0.9999968145594504 0.0008091330008460887 0.0023517152882443822 -0.0007995052349886867 0.9999912035287821 -0.004149830952053745 -0.0023550769373044443 0.00414816680189389 0.9999881824368121 0.09388103272570447 0.06212933228421491 -0.7187202073825034
FixedParameters: 0 0 0
#Transform 9
Transform: MatrixOffsetTransformBase_double_3_3
Parameters: 0.9999962991121142 0.0007207506190157596 0.0024859695478147855 -0.0007102383778427786 0.9999916698184756 -0.004109690332955596 -0.00248953639985156 0.0041083147885455085 0.9999888613117432 0.08979834002990117 0.012839021747453216 -0.7066175332848701
FixedParameters: 0 0 0
#Transform 10
Transform: MatrixOffsetTransformBase_double_3_3
Parameters: 0.9999935985834111 0.00119528259342295 0.0034601489981712745 -0.001182400731831994 0.9999928584171704 -0.0037209639520717278 -0.0034645841104266072 0.0037160395166675707 0.9999870854810577 0.09396530992530927 0.00849238943384023 -0.6605568053253421
FixedParameters: 0 0 0
#Transform 11
Transform: MatrixOffsetTransformBase_double_3_3
Parameters: 0.9999884639528761 0.001506074163777717 0.004501985794656654 -0.001486427657705657 0.9999897913603897 -0.004381467081845048 -0.004508461851894526 0.00437453832546178 0.9999803384013443 0.1100435897216272 0.043753729440581424 -0.6920747081986605
FixedParameters: 0 0 0
#Transform 12
Transform: MatrixOffsetTransformBase_double_3_3
Parameters: 0.9999886909243644 0.0015192664087259418 0.004582652140849817 -0.0015032837218963908 0.9999921398829942 -0.0035816220742509383 -0.004587936909616179 0.0035753767707848785 0.9999829394899994 0.11820127267506564 0.02518115780466701 -0.66591325550975
FixedParameters: 0 0 0
#Transform 13
Transform: MatrixOffsetTransformBase_double_3_3
Parameters: 0.9999933235178645 0.001642089504525383 0.003159269110074431 -0.0016282110100796618 0.9999893770055541 -0.00437405344393494 -0.0031661290455208923 0.004368951683365287 0.9999857261617124 0.12364868742160695 0.051234177303825845 -0.6812379036672951
FixedParameters: 0 0 0
#Transform 14
Transform: MatrixOffsetTransformBase_double_3_3
Parameters: 0.9999910608654322 0.001672497303239348 0.003760617261401682 -0.0016566116323979095 0.9999896050906996 -0.004341087286746835 -0.003767528538284971 0.0043349210737055124 0.9999838189140562 0.14390094895719585 0.0386882724636024 -0.6756182855247346
FixedParameters: 0 0 0
#Transform 15
Transform: MatrixOffsetTransformBase_double_3_3
Parameters: 0.999997951297923 0.0017112807453144548 0.00034600259674596144 -0.0017111997238511163 0.9999970813937217 -0.0014216258542128074 -0.00034783772813586804 0.0014213737615757678 0.9999988285751163 0.14867147492168442 0.021513368013600598 -0.8028127512757379
FixedParameters: 0 0 0
#Transform 16
Transform: MatrixOffsetTransformBase_double_3_3
Parameters: 0.999993732484378 0.0028617861943976103 0.002253011205584314 -0.0028539093151034992 0.99998958037685 -0.0036694949387790256 -0.0022636873253495133 0.0036625121943014913 0.9999912727903578 0.10929744075167491 -0.1765948235960053 -0.6827621698560478
FixedParameters: 0 0 0
#Transform 17
Transform: MatrixOffsetTransformBase_double_3_3
Parameters: 0.9999909088370217 0.003775145549602052 0.001958970558713221 -0.0037586497557764 0.9999570535905218 -0.00848760359797636 -0.001991334864313566 0.008479395095615228 0.9999619124724534 0.11850785019495902 -0.38508049181955073 -0.6608311352505751
FixedParameters: 0 0 0
#Transform 18
Transform: MatrixOffsetTransformBase_double_3_3
Parameters: 0.9999896072880298 0.004030393776586183 0.002036977534363418 -0.004017332667177041 0.9999729593912351 -0.006176440667512592 -0.002062252328250804 0.006167553137795132 0.9999784596533572 0.16701496441235975 -0.26399287515351944 -0.4829118081726307
FixedParameters: 0 0 0
#Transform 19
Transform: MatrixOffsetTransformBase_double_3_3
Parameters: 0.9999950344106389 0.002711260118405336 0.0012709377642837684 -0.0027018605144299938 0.9999691122489397 -0.0073285322522928555 -0.0012902960793885845 0.007325466536717767 0.9999725506308675 0.2154246297102418 -0.032845125596338676 -0.3944630645087983
FixedParameters: 0 0 0
#Transform 20
Transform: MatrixOffsetTransformBase_double_3_3
Parameters: 0.9999975945665117 0.002085065280064268 -0.00024371216541776595 -0.0020861896061983103 0.9999684494929556 -0.007693575913141817 0.00022754729316796775 0.007694433216073632 0.9999707478488971 0.23671353430832198 -0.04559735799287523 -0.45192208324048977
FixedParameters: 0 0 0
#Transform 21
Transform: MatrixOffsetTransformBase_double_3_3
Parameters: 0.9999957098050378 0.003045880822801272 0.00011147673234342748 -0.0030449430457678422 0.9999591114269569 -0.008521533834650936 -0.00013732768932229068 0.008520462154695214 0.9999633805571647 0.27465349045735366 -0.058288495501372495 -0.4585932831790416
FixedParameters: 0 0 0
#Transform 22
Transform: MatrixOffsetTransformBase_double_3_3
Parameters: 0.9999938755843734 0.0033033778178583103 0.00045790580014558053 -0.0032996217778929167 0.9999516087755526 -0.009303751985902962 -0.0004891613639120289 0.009302244486644726 0.9999561709969618 0.301650664528637 -0.05927549697379675 -0.5354356697051372
FixedParameters: 0 0 0
#Transform 23
Transform: MatrixOffsetTransformBase_double_3_3
Parameters: 0.9999950155406924 0.003211549441861031 0.000817227372049045 -0.0032048644660227104 0.9999556113112457 -0.008899830787915827 -0.0008460562292880169 0.008897174651520668 0.9999600340063658 0.32538545261760987 -0.08894632210720488 -0.49123848399959513
FixedParameters: 0 0 0
#Transform 24
Transform: MatrixOffsetTransformBase_double_3_3
Parameters: 0.9999916257598843 0.0035926072731563377 0.002113114477004614 -0.0035737103267977394 0.9999520671180266 -0.009132764213284884 -0.0021458935847017413 0.009125236193710789 0.9999558771592778 0.3189988004576634 -0.08251440744781746 -0.49565247380608923
FixedParameters: 0 0 0
#Transform 25
Transform: MatrixOffsetTransformBase_double_3_3
Parameters: 0.9999946555809524 0.003192456384382323 0.00038967370150350133 -0.0031890738241239563 0.9999521029544713 -0.009206417661083047 -0.00041827801231891705 0.009204586484821996 0.9999580660993715 0.31016187003879736 -0.1116440053434502 -0.5331885821390614
FixedParameters: 0 0 0
#Transform 26
Transform: MatrixOffsetTransformBase_double_3_3
Parameters: 0.9999946728609492 0.0032024710224517897 0.0002644434993267599 -0.003200252844083412 0.9999508220014147 -0.009432061260281226 -0.0002947214670134535 0.00943095520748262 0.9999559399042366 0.30588836356024274 -0.09034356244745823 -0.50238861019551
FixedParameters: 0 0 0
#Transform 27
Transform: MatrixOffsetTransformBase_double_3_3
Parameters: 0.9999935317836179 0.003095238444059439 0.0016995994349003835 -0.003078503259480197 0.9999490290984551 -0.009573361245218622 -0.0017291671179225257 0.009567641355074447 0.9999533089542954 0.3146648771610643 -0.04992998092919265 -0.5510203504512674
FixedParameters: 0 0 0
#Transform 28
Transform: MatrixOffsetTransformBase_double_3_3
Parameters: 0.9999934637584773 0.003384254406772827 0.0010408703934980468 -0.00337444477859634 0.9999498834873223 -0.009372699831259483 -0.0010718780157000884 0.009369300886470793 0.9999559445763487 0.3397469234610071 -0.07349087708026047 -0.5470497632903459
FixedParameters: 0 0 0
#Transform 29
Transform: MatrixOffsetTransformBase_double_3_3
Parameters: 0.9999920722086805 0.003187636262802116 0.0024012725890863785 -0.0031623988712793376 0.9999391014913513 -0.010588747814553035 -0.002434654869157988 0.010580253779319992 0.9999409002521582 0.35778191339660737 -0.024266746087192814 -0.6356716705347765
FixedParameters: 0 0 0
#Transform 30
Transform: MatrixOffsetTransformBase_double_3_3
Parameters: 0.9999970222735395 0.0020041721255122666 0.0013998877803087218 -0.0019913465898506013 0.9999518516663125 -0.009657858227678624 -0.0014190096736083038 0.009655157911692854 0.9999526698406606 0.3601615959490516 -0.03464338449921911 -0.487493172191094
FixedParameters: 0 0 0
#Transform 31
Transform: MatrixOffsetTransformBase_double_3_3
Parameters: 0.9999976647655461 0.0018274687305483955 0.0009978816079290538 -0.0018175735736266519 0.9999523280864889 -0.009613871971027053 -0.0010156165415923808 0.009612135501196474 0.9999535125989858 0.3225031640286886 -0.011340371455077047 -0.5011431128482968
FixedParameters: 0 0 0
#Transform 32
Transform: MatrixOffsetTransformBase_double_3_3
Parameters: 0.9999976683660032 0.002052011333300684 0.000348086624096644 -0.002048489132474409 0.9999510578221416 -0.009631788695210652 -0.0003674657538003289 0.00963119404451172 0.9999530746221562 0.3278914345512334 -0.01850031468514146 -0.46813604704610157
FixedParameters: 0 0 0
#Transform 33
Transform: MatrixOffsetTransformBase_double_3_3
Parameters: 0.9999960756993845 0.0025429372712624035 0.0006771993506346289 -0.0025358860078420944 0.999950698349085 -0.009639852859627096 -0.0007019473426553121 0.009638158228270948 0.9999535519633539 0.3386439322052155 -0.005431847015273661 -0.4452971867798112
FixedParameters: 0 0 0
#Transform 34
Transform: MatrixOffsetTransformBase_double_3_3
Parameters: 0.9999959847307958 0.0025345269554256514 0.0016104741349924321 -0.002516958836148121 0.9999427472705174 -0.010394161843357775 -0.0016364495168209121 0.010389827230900442 0.9999442439273402 0.3549361245565734 -0.010547457878445243 -0.5321283420708909
FixedParameters: 0 0 0
#Transform 35
Transform: MatrixOffsetTransformBase_double_3_3
Parameters: 0.9999969326972254 0.002232874927295484 0.00028479626698495577 -0.002229952595246046 0.9999428548571294 -0.010449728168227788 -0.00030831764910925946 0.010449277097025492 0.9999456874459677 0.3594157484539977 -0.051048316724063625 -0.4908948444987544
FixedParameters: 0 0 0
#Transform 36
Transform: MatrixOffsetTransformBase_double_3_3
Parameters: 0.9999962299158206 0.0026310509443990206 0.0009217883544573049 -0.0026212460744902363 0.9999502503154754 -0.009640551795745134 -0.0009471461580980224 0.00963745124414718 0.9999531542519136 0.36029607854045764 0.01591777461123911 -0.47262692831682784
FixedParameters: 0 0 0
#Transform 37
Transform: MatrixOffsetTransformBase_double_3_3
Parameters: 0.9999954542804019 0.002665972761106463 0.0015613427660914681 -0.0026496193350522682 0.9999402711358738 -0.010623259715507916 -0.0015892524514620969 0.010619750389189057 0.9999425436103395 0.40600349549633563 -0.029988689142257385 -0.5440244435547328
FixedParameters: 0 0 0
#Transform 38
Transform: MatrixOffsetTransformBase_double_3_3
Parameters: 0.9999967261414038 0.0024776575832681567 0.0003669613280723288 -0.002473682615112042 0.9999400301399678 -0.010719047846071035 -0.0003938921586180215 0.010718971855150035 0.9999428949075834 0.3851632599808994 -0.012290094116508499 -0.49958811968254224
FixedParameters: 0 0 0
#Transform 39
Transform: MatrixOffsetTransformBase_double_3_3
Parameters: 0.9999966764284672 0.0025673600401231104 0.0008543738199120752 -0.0025587236733153416 0.9999385441548834 -0.010815326105715683 -0.0008824768300234244 0.010812682039580912 0.9999412397271258 0.4113956175419986 -0.0025077735220122577 -0.5064876992184963
FixedParameters: 0 0 0
#Transform 40
Transform: MatrixOffsetTransformBase_double_3_3
Parameters: 0.9999970882181395 0.0022132151031370112 -0.00011281022603720962 -0.0022146127697023257 0.9999421371458744 -0.01048583435662585 0.00008936732036387426 0.010486156398353732 0.99994503246162 0.42105226277776353 -0.02175906809848982 -0.500670962517674
FixedParameters: 0 0 0
#Transform 41
Transform: MatrixOffsetTransformBase_double_3_3
Parameters: 0.9999977572209352 0.0021015093684968716 0.0009085124729577423 -0.0020913858943378293 0.9999365847512134 -0.011094997200285329 -0.0009326953262849936 0.011093007553114313 0.9999380108478653 0.4128574390885973 0.016996884480008134 -0.5068009018583979
FixedParameters: 0 0 0
#Transform 42
Transform: MatrixOffsetTransformBase_double_3_3
Parameters: 0.9999972585791749 0.0018233114975898539 0.0015543370243829506 -0.001806744663504045 0.9999389337605342 -0.010856833773288919 -0.001574186490378087 0.01085315129475286 0.9999396556505955 0.39515109183069796 0.011527857378524686 -0.5520658633856073
FixedParameters: 0 0 0
#Transform 43
Transform: MatrixOffsetTransformBase_double_3_3
Parameters: 0.9999980094618348 0.0021529487176857195 0.0005960634213764518 -0.002146351335060375 0.9999417372636237 -0.010615378475008538 -0.0006194906955141415 0.010613637826851912 0.9999439301763416 0.391922945887373 0.005763442817382725 -0.4972268962138884
FixedParameters: 0 0 0
#Transform 44
Transform: MatrixOffsetTransformBase_double_3_3
Parameters: 0.9999970359923679 0.002264568770097663 0.0013550845574895648 -0.00224955913496002 0.9999359033635178 -0.011051114796900664 -0.0013794747384038189 0.01104787382026571 0.999937941975355 0.3877613594888629 0.021394976567478352 -0.5458696674882759
FixedParameters: 0 0 0
#Transform 45
Transform: MatrixOffsetTransformBase_double_3_3
Parameters: 0.9999979875883399 0.0017009356317199812 0.001455520755397443 -0.001685744502210274 0.9999406803264199 -0.010795513840549172 -0.0014735525631512562 0.010792487045835863 0.9999402793007871 0.39579956462922894 0.0047469447195709336 -0.536979808073923
FixedParameters: 0 0 0
#Transform 46
Transform: MatrixOffsetTransformBase_double_3_3
Parameters: 0.9999989420068122 0.0013382155823774106 0.0011249285137652644 -0.001326252561526271 0.9999354286271168 -0.011263506760274936 -0.0011405065737881046 0.011262484631591282 0.9999357948980275 0.38323488291642605 0.019130291565730317 -0.5877015388339544
FixedParameters: 0 0 0
#Transform 47
Transform: MatrixOffsetTransformBase_double_3_3
Parameters: 0.9999991499033731 0.0010511179200915189 0.0008637117491210458 -0.0010415145249231933 0.9999446518955876 -0.010501918567957569 -0.0008744108621283496 0.010501097919241049 0.9999449286470875 0.3861710613014253 0.015050829722682124 -0.6258411536055348
FixedParameters: 0 0 0
#Transform 48
Transform: MatrixOffsetTransformBase_double_3_3
Parameters: 0.9999980071847538 0.0013611410385996783 0.0010676575298184249 -0.0013497239720487593 0.9999420322064116 -0.010685461669886726 -0.0010822526134733545 0.010683545552910616 0.9999426511333214 0.38444796300201745 -0.009838611835078837 -0.6005766350807846
FixedParameters: 0 0 0
#Transform 49
Transform: MatrixOffsetTransformBase_double_3_3
Parameters: 0.9999984256580056 0.001593267576543651 0.0010178176626763006 -0.0015817857618757095 0.9999409856206767 -0.01070262673683086 -0.0010354589134040592 0.010700365028977664 0.9999423891586606 0.40453056361842243 0.014827132902269113 -0.6381165814594425
FixedParameters: 0 0 0
#Transform 50
Transform: MatrixOffsetTransformBase_double_3_3
Parameters: 0.9999970124019099 0.0018480751346876226 0.0016036416719336362 -0.0018301351893378229 0.9999352462243937 -0.011246977590995712 -0.001624419431601759 0.011244034735576572 0.9999358351231868 0.4323242598966601 -0.019847773964315252 -0.577149808375097
FixedParameters: 0 0 0
#Transform 51
Transform: MatrixOffsetTransformBase_double_3_3
Parameters: 0.9999959236257915 0.0023227491585056715 0.001918682416879314 -0.002298955415681285 0.9999234192047446 -0.012142471780843656 -0.0019470538887014748 0.01213852841982736 0.9999247094062257 0.5565704193054586 -0.004477242649173263 -0.5774419266386417
FixedParameters: 0 0 0
#Transform 52
Transform: MatrixOffsetTransformBase_double_3_3
Parameters: 0.9999950799986039 0.0016351430832800776 0.00269169032786686 -0.0016031611944752676 0.9999274388132974 -0.011921283769546917 -0.002711261493732856 0.011916715713499466 0.9999255052732586 0.3337085448335415 -0.016831787092286277 -0.6799733199407427
FixedParameters: 0 0 0
#Transform 53
Transform: MatrixOffsetTransformBase_double_3_3
Parameters: 0.9999949585875804 0.0008610041749568671 0.0028806089499904537 -0.0008390184282349585 0.9999706440304571 -0.007597325944623902 -0.0028878339932915634 0.007594669825167068 0.9999669142315323 0.3018597311133391 0.049880418202448595 -0.8148875791300298
FixedParameters: 0 0 0
#Transform 54
Transform: MatrixOffsetTransformBase_double_3_3
Parameters: 0.9999999959937581 -0.00004206786635124243 0.00004681127453037149 0.000043036160812562633 0.9999432100262278 -0.01066700024451802 -0.00004690298171305383 0.010667004233877661 0.9999432096676818 0.2649875885643098 0.023180099966850776 -1.259322591148461
FixedParameters: 0 0 0
#Transform 55
Transform: MatrixOffsetTransformBase_double_3_3
Parameters: 0.9999998713220712 0.0003186478942743525 0.00016500144492937268 -0.00031616247705203865 0.99991482433959 -0.013041051189400077 -0.00016921951790032562 0.01304094510272404 0.9999148971951657 0.33175166760119623 -0.06705516752766982 -1.3671154265733776
FixedParameters: 0 0 0
#Transform 56
Transform: MatrixOffsetTransformBase_double_3_3
Parameters: 0.9999996201287126 0.00013743399011424492 0.0006005571572357648 -0.0001304864311456182 0.9999234086452626 -0.012393084248328655 -0.0006026269925528115 0.012393921091342758 0.9999230019068158 0.29332711560392966 -0.06909865514133173 -1.311035460357317
FixedParameters: 0 0 0
#Transform 57
Transform: MatrixOffsetTransformBase_double_3_3
Parameters: 0.9999997755794556 -0.00042391356050602776 0.00021221486882556267 0.0004263679372536998 0.9999096342277578 -0.013422907033666932 -0.00020570425429978893 0.0134230847182517 0.999909771350914 0.33426541076747185 -0.05566492373800713 -1.360004106564162
FixedParameters: 0 0 0
#Transform 58
Transform: MatrixOffsetTransformBase_double_3_3
Parameters: 0.999999547213077 -0.0006496289701814552 -0.00017691428868327297 0.0006463981420597532 0.9999063035366277 -0.013648110581654258 0.00018554489210544797 0.013647875691284665 0.9999066906642573 0.3209137663541384 -0.07016992186419202 -1.3568016636934885
FixedParameters: 0 0 0
#Transform 59
Transform: MatrixOffsetTransformBase_double_3_3
Parameters: 0.9999998501344795 -0.0003871523592923794 0.000005109723359856467 0.00038706331922453227 0.9999185405104263 -0.012779006844285627 -2.1315222113814275e-7 0.012779008906599904 0.9999186903937071 0.3236181240427669 -0.029201992844676283 -1.322103810464526
FixedParameters: 0 0 0
#Transform 60
Transform: MatrixOffsetTransformBase_double_3_3
Parameters: 0.9999995758871835 -0.0006458707738929679 0.00008412286566722351 0.0006467536437563233 0.9999077544198296 -0.013557947926451732 -0.00007556082140047616 0.013558051137918942 0.999908165816701 0.34153344412182207 -0.003470067335072713 -1.3793437142898881
FixedParameters: 0 0 0
#Transform 61
Transform: MatrixOffsetTransformBase_double_3_3
Parameters: 0.9999994006822285 -0.0005123338072426587 0.0005797357402977457 0.0005209672813495312 0.9999050284915347 -0.013772702044564888 -0.0005732796442814472 0.01377329778097829 0.9999049630842964 0.3127734068651762 -0.0029887294624586502 -1.3428320720068427
FixedParameters: 0 0 0
#Transform 62
Transform: MatrixOffsetTransformBase_double_3_3
Parameters: 0.9999989739726288 -0.00141533682822205 -0.00015489683047363194 0.0014123742719069157 0.9999102883031253 -0.01329325399937245 0.00017343379712788414 0.013292726970907862 0.9999112624322617 0.32468281161055756 0.01350469973742463 -1.3212390269260084
FixedParameters: 0 0 0
#Transform 63
Transform: MatrixOffsetTransformBase_double_3_3
Parameters: 0.9999992952331768 -0.0007410288031198169 -0.0003938025806617733 0.0007367318851420837 0.9999206690654631 -0.012561292827229547 0.00040318145558906817 0.012560703932796315 0.999921056262712 0.32699442518884325 0.05694884063919403 -1.3264353952192067
FixedParameters: 0 0 0
#Transform 64
Transform: MatrixOffsetTransformBase_double_3_3
Parameters: 0.999999451847129 -0.0007331141838705271 0.00010370015061483184 0.0007344080287441032 0.9999148112831485 -0.01306295981744935 -0.00009349318468429739 0.01306304172844187 0.9999143419986236 0.3328798421052426 -0.0138906862149355 -1.316199821831944
FixedParameters: 0 0 0
#Transform 65
Transform: MatrixOffsetTransformBase_double_3_3
Parameters: 0.9999996791132192 -0.0005285301789746545 -0.00020382722401525409 0.0005260004946533397 0.9999173885192472 -0.012819102937306575 0.00021025500323572705 0.012818884599912754 0.9999176237027346 0.3073548317611454 0.008305627603675703 -1.2989803520419372
FixedParameters: 0 0 0
#Transform 66
Transform: MatrixOffsetTransformBase_double_3_3
Parameters: 0.9999993484599415 -0.0007675029188610748 -0.0010309594871876734 0.0007543138918824101 0.99991518641348 -0.012971756766280089 0.0010402657073950014 0.012971241511282181 0.9999156281487191 0.3108773041026893 0.03033275185912032 -1.3629242092120535
FixedParameters: 0 0 0
#Transform 67
Transform: MatrixOffsetTransformBase_double_3_3
Parameters: 0.999999124964957 -0.0007011512204548093 -0.0006195282342314492 0.0006927344402415382 0.9999164256641255 -0.012926440949552108 0.0006282994992314394 0.012925571249314018 0.9999165221587659 0.3058228718788456 0.0028470673110660982 -1.3266880402589436
FixedParameters: 0 0 0
#Transform 68
Transform: MatrixOffsetTransformBase_double_3_3
Parameters: 0.999999976601568 -0.0009792876201556748 -0.00025356585043327613 0.000976010169508408 0.9999125760080926 -0.013209286487437369 0.0002662762312610676 0.013209713482312774 0.9999124034993965 0.31532284024996216 -0.010297865779975268 -1.3304128301099354
FixedParameters: 0 0 0
#Transform 69
Transform: MatrixOffsetTransformBase_double_3_3
Parameters: 0.9999997667380177 -0.00045865463030029375 0.00015173000236959306 0.00046046609184289774 0.999909528071523 -0.013462940086282679 -0.00014528951104939968 0.013463076592655138 0.9999097172552708 0.3292116439022692 -0.010624157427528758 -1.366065615348333
FixedParameters: 0 0 0
#Transform 70
Transform: MatrixOffsetTransformBase_double_3_3
Parameters: 0.9999994233528977 -0.0003972341524151242 -0.0006469347502388997 0.00038797408030425123 0.9999132049378118 -0.013177255724914443 0.000653032659345637 0.013176745325898003 0.9999129366175543 0.2998833234470908 -0.020601559474570763 -1.3090282322010012
FixedParameters: 0 0 0
#Transform 71
Transform: MatrixOffsetTransformBase_double_3_3
Parameters: 0.9999998379359472 -0.0008795020049235794 -0.00062363630259247 0.000870896554722543 0.9999164296484945 -0.012915558564511473 0.0006349977969080104 0.012914456961816558 0.9999167996283517 0.30337993827882315 0.023031438567997498 -1.3388399505733446
FixedParameters: 0 0 0
#Transform 72
Transform: MatrixOffsetTransformBase_double_3_3
Parameters: 0.9999997049208289 -0.0006607887076901031 -0.0009265776713177998 0.00064833735221877 0.9999157386147144 -0.012994616478595976 0.0009352168578977108 0.012994395792484362 0.9999152377193471 0.2872295412972221 0.021196090692001235 -1.3601404882405177
FixedParameters: 0 0 0
#Transform 73
Transform: MatrixOffsetTransformBase_double_3_3
Parameters: 0.9999993731943249 0.0002561639379240138 -0.0007490459555726161 -0.0002651351481757433 0.9999188779043009 -0.01276881347886339 0.0007460731605089166 0.0127692031965604 0.9999183870108186 0.2769972603974651 0.01929169841400835 -1.3136439426055375
FixedParameters: 0 0 0
#Transform 74
Transform: MatrixOffsetTransformBase_double_3_3
Parameters: 0.9999990865665017 -0.0008029909088852516 -0.0005175473613653773 0.0007966558039893868 0.9999099173115819 -0.01339642033519127 0.0005287316883664584 0.013396581489933782 0.999910220618454 0.31411139691076073 0.020981408951442404 -1.3789504050557184
FixedParameters: 0 0 0
#Transform 75
Transform: MatrixOffsetTransformBase_double_3_3
Parameters: 0.9999988472246955 0.0002824804430942725 0.0014397500218189616 -0.00026931910572997595 0.9999589663242227 -0.009053365785062994 -0.0014423382209921816 0.009052633391621503 0.9999579638431575 0.3382182080518419 0.013835953222994135 -0.8698681712947973
FixedParameters: 0 0 0
#Transform 76
Transform: MatrixOffsetTransformBase_double_3_3
Parameters: 0.9999985008380965 0.0012442630945314237 0.001396747019261992 -0.0012281515289906727 0.9999312041244897 -0.011633705406030842 -0.001410982528949406 0.011632293199587328 0.9999316339579685 0.43542201284222415 0.057747577634017944 -0.8247909837056824
FixedParameters: 0 0 0
#Transform 77
Transform: MatrixOffsetTransformBase_double_3_3
Parameters: 0.9999994829070906 -0.0003188342900129556 0.0006447120772267179 0.0003271191755725443 0.9999188670604993 -0.012767801504717256 -0.0006402109129757446 0.012768216525810321 0.9999185586372851 0.22131016680862103 0.04789668098595712 -1.2033128216084634
FixedParameters: 0 0 0
#Transform 78
Transform: MatrixOffsetTransformBase_double_3_3
Parameters: 0.99999989324123 -0.00031794603632931 0.00007531523178981322 0.0003187581344812828 0.9999107322360772 -0.01338498715035373 -0.00007175874829647767 0.013385033975211291 0.9999108282128275 0.26227836999443355 0.025248684855483816 -1.3065667094787443
FixedParameters: 0 0 0
#Transform 79
Transform: MatrixOffsetTransformBase_double_3_3
Parameters: 0.9999998555735397 -0.0010353337102693976 -0.00027029116172626376 0.0010311085373342047 0.9999013985025204 -0.013983285216044878 0.0002840693334143204 0.01398271241207482 0.9999023892975342 0.2947291313454201 0.033932549634982934 -1.3885001001463024
FixedParameters: 0 0 0
#Transform 80
Transform: MatrixOffsetTransformBase_double_3_3
Parameters: 0.9999990846936025 -0.0009350634514349609 -0.00020081992858787763 0.0009328787882457118 0.9999021012335391 -0.01392918697130829 0.0002137205299454073 0.013928799790231441 0.9999029306505547 0.29808886790141287 0.02538683853234147 -1.366363136434586
FixedParameters: 0 0 0
#Transform 81
Transform: MatrixOffsetTransformBase_double_3_3
Parameters: 0.9999992029608487 -0.0007039068613453099 -0.0005495058165387078 0.0006965780047874877 0.9999197900304451 -0.01267839959543065 0.0005580471240002401 0.01267862203791215 0.9999199109475118 0.2926331481067166 0.0439810320968661 -1.3824541101365924
FixedParameters: 0 0 0
#Transform 82
Transform: MatrixOffsetTransformBase_double_3_3
Parameters: 0.9999993506344268 -0.0007260297295022323 -0.0010592558965678103 0.000712512134444255 0.9999232212153217 -0.012340733038170775 0.0010686045471201054 0.01234026328575823 0.9999235418618954 0.29211876373291545 0.017455758209393935 -1.3435420530158666
FixedParameters: 0 0 0
#Transform 83
Transform: MatrixOffsetTransformBase_double_3_3
Parameters: 0.9999996489394589 -0.00006410319560515697 -0.0005887404582784151 0.0000569760522007027 0.9999174064153792 -0.01282902597445586 0.0005900426047193349 0.012828954608720165 0.9999170627176469 0.28934481498468756 0.013698617022754433 -1.3842921502513406
FixedParameters: 0 0 0
#Transform 84
Transform: MatrixOffsetTransformBase_double_3_3
Parameters: 0.9999997427437443 -0.0004003122991990753 0.0003123809522438269 0.00040364543613166805 0.999905563747511 -0.013720870138903316 -0.00030618974447589223 0.01372111880378651 0.9999056297181361 0.3066937205884699 0.024040533115382345 -1.429190166203142
FixedParameters: 0 0 0
#Transform 85
Transform: MatrixOffsetTransformBase_double_3_3
Parameters: 0.9999999230697502 -0.0009529943707095576 -0.00041044151977836114 0.0009481020726188909 0.9999197246223871 -0.012624397070199887 0.00042225936321824343 0.01262360552086806 0.9999204548770904 0.31098866389358193 0.038145917305257626 -1.2581878967001927
FixedParameters: 0 0 0
#Transform 86
Transform: MatrixOffsetTransformBase_double_3_3
Parameters: 0.99999992052036 -0.00078314260315012 0.0006828373412077352 0.0007920704465082794 0.9999086160984607 -0.01348046176772422 -0.0006723136036823457 0.013480531115631827 0.9999088401459052 0.3251235706525648 0.07299004947569188 -1.263786841500746
FixedParameters: 0 0 0
#Transform 87
Transform: MatrixOffsetTransformBase_double_3_3
Parameters: 0.999999280796574 -0.0008352456192477314 0.00014821219973184816 0.0008366079456513508 0.9999159164561708 -0.012975915395572416 -0.00013744906764238133 0.012976091406459622 0.9999155968631696 0.31148856532021796 0.02015856261907345 -1.1995530784689095
FixedParameters: 0 0 0
#Transform 88
Transform: MatrixOffsetTransformBase_double_3_3
Parameters: 0.999999152051782 -0.0005366103808653679 0.0007483212982290319 0.0005461277172922176 0.9999205952181077 -0.012573589914935183 -0.0007414202483408662 0.012574396450396274 0.9999203334864845 0.3278421032287753 0.021901072657797727 -1.1953118661351425
FixedParameters: 0 0 0
#Transform 89
Transform: MatrixOffsetTransformBase_double_3_3
Parameters: 0.9999996265570865 -0.0006006903545059766 0.00011221415122010802 0.0006020869394499657 0.9999271652288182 -0.012060938791900969 -0.00010467203702537527 0.012061069232000031 0.9999275151811619 0.35202249654867046 0.05826374191163097 -1.215758538239342
FixedParameters: 0 0 0
#Transform 90
Transform: MatrixOffsetTransformBase_double_3_3
Parameters: 0.999999504111937 -0.0005483322168374754 -0.0004418947263822271 0.000542196398886451 0.9999100181308297 -0.013367230441623853 0.00044928747279022525 0.013366744490954964 0.9999101169302038 0.33601564871665346 0.029262556407687157 -1.2733001135374025
FixedParameters: 0 0 0
#Transform 91
Transform: MatrixOffsetTransformBase_double_3_3
Parameters: 0.999999374211647 0.00027538477612606114 0.0007414418439691397 -0.0002655787244905462 0.9999122687011304 -0.013254202012081311 -0.0007452997537023371 0.013254797885562782 0.9999117264832635 0.31179434915567583 0.011600309918790686 -1.212574881990676
FixedParameters: 0 0 0
#Transform 92
Transform: MatrixOffsetTransformBase_double_3_3
Parameters: 0.9999995385670601 0.00004525638857574046 -0.0006777558310279465 -0.00005523715176809091 0.9999011759087701 -0.014028933655861449 0.0006770627477457869 0.014029064527339152 0.9999017175870615 0.3135553254877692 0.04546759474226292 -1.2858183527457356
FixedParameters: 0 0 0
#Transform 93
Transform: MatrixOffsetTransformBase_double_3_3
Parameters: 0.9999999614315931 0.00006786104443413521 -0.00018420597665041405 -0.00007066311007510418 0.9999131179645493 -0.0131479754476705 0.00018332127009116194 0.013148000906674555 0.9999130890237377 0.26439009062164587 0.0225759070425795 -1.1936412337023512
FixedParameters: 0 0 0
#Transform 94
Transform: MatrixOffsetTransformBase_double_3_3
Parameters: 0.9999999879790015 0.00007248034584658257 -0.00008224112749101368 -0.00007345177856556182 0.9999253182557674 -0.012233997917439166 0.00008142382847166327 0.012234009861743247 0.9999253169137013 0.25733374576773826 0.05078133972430976 -1.1493517395409611
FixedParameters: 0 0 0
#Transform 95
Transform: MatrixOffsetTransformBase_double_3_3
Parameters: 0.9999997473012854 -0.0004082618987904423 -0.00029337393081825736 0.0004037466531343489 0.9999225026454192 -0.012463126767438666 0.00029940220564183943 0.01246288608607771 0.9999225796740939 0.2775842668898747 0.032241097695987264 -1.1849863748474263
FixedParameters: 0 0 0
#Transform 96
Transform: MatrixOffsetTransformBase_double_3_3
Parameters: 0.9999996693064996 0.000014363584783862452 0.000574925895496025 -0.000006767280481493257 0.9999199571493455 -0.012690016038334046 -0.0005749741748853668 0.012690003890946062 0.9999196267105445 0.2845359280778439 0.022302176165055698 -1.1683668710914077
FixedParameters: 0 0 0
#Transform 97
Transform: MatrixOffsetTransformBase_double_3_3
Parameters: 0.9999990517240368 -0.0008519097328588603 -0.00047141153922242835 0.000845895862838585 0.9999110990987432 -0.013273396371644451 0.0004827330713318494 0.013272586362886397 0.9999115921932916 0.3151016208550601 0.04899866097171923 -1.2473221271212225
FixedParameters: 0 0 0
#Transform 98
Transform: MatrixOffsetTransformBase_double_3_3
Parameters: 0.9999997124335293 -0.00043338767788001745 -0.0003151059772581992 0.0004300157710356303 0.9999161903194408 -0.012908127453330549 0.00032109670058374975 0.012907852795383708 0.9999162755357041 0.30225983044540783 0.04265420974391532 -1.2666305407491052
FixedParameters: 0 0 0
#Transform 99
Transform: MatrixOffsetTransformBase_double_3_3
Parameters: 0.9999998372465233 -0.00034547501951340867 -0.0002080193997625521 0.0003430727578244492 0.9999215734020847 -0.012542080043824108 0.00021256326668904544 0.012541935244680589 0.9999216477391606 0.3198195186061099 0.04622142045876387 -1.1939219017279044
FixedParameters: 0 0 0
#Transform 100
Transform: MatrixOffsetTransformBase_double_3_3
Parameters: 0.9999997562497767 0.000275594319107289 0.0004100985930954433 -0.0002695420447105892 0.9999118962637938 -0.01326811071726295 -0.00041317692338857645 0.013268884337931827 0.9999117383473297 0.3127661283280929 0.03857257159107519 -1.2529483710968492
FixedParameters: 0 0 0
#Transform 101
Transform: MatrixOffsetTransformBase_double_3_3
Parameters: 0.9999992449853912 -0.0007265072308415386 0.00047586165527448604 0.0007336159393137332 0.9999127470125934 -0.013179654589816802 -0.00046645441879548277 0.013180342574607599 0.9999130580552112 0.3228251645364537 0.018924919332263812 -1.2040422111353735
FixedParameters: 0 0 0
#Transform 102
Transform: MatrixOffsetTransformBase_double_3_3
Parameters: 0.9999992126682709 0.000114997456038527 0.0008797764072695889 -0.0001044239286651566 0.9999182180237343 -0.012797094812945234 -0.0008812080254816845 0.012796901608411085 0.9999174547975039 0.32255097816067746 0.051369235216483844 -1.207099449012432
FixedParameters: 0 0 0
#Transform 103
Transform: MatrixOffsetTransformBase_double_3_3
Parameters: 0.9999994375090527 -0.0006652116423007959 -0.0003465117907943278 0.0006604867087388851 0.9999095959413793 -0.013452242793922622 0.000355193266542485 0.013451777650643273 0.9999099122598996 0.3067840519291707 0.05014806872176791 -1.2573257104583035
FixedParameters: 0 0 0
#Transform 104
Transform: MatrixOffsetTransformBase_double_3_3
Parameters: 0.9999994767128968 -0.0005636776373371117 -0.00045343109703301836 0.0005575903431785669 0.9999152761320187 -0.012977247512732847 0.00046079740301165566 0.012976734944508364 0.9999153815257733 0.30857371526107613 0.035269865208576334 -1.2077225645303287
FixedParameters: 0 0 0
#Transform 105
Transform: MatrixOffsetTransformBase_double_3_3
Parameters: 0.999999492804924 -0.000681788027237298 -0.00020372788790755728 0.0006799834366343072 0.9999116907423328 -0.01329817199191009 0.00021371591161820864 0.01329782496278617 0.9999111128135014 0.3230902812619405 0.06990276457020173 -1.2343652268780687
FixedParameters: 0 0 0
#Transform 106
Transform: MatrixOffsetTransformBase_double_3_3
Parameters: 0.999999609527543 -0.000546013029338986 -0.0003041015187114058 0.0005418470387431033 0.999916924755256 -0.012914199032979908 0.0003110285318824499 0.012913801642205923 0.999916128031886 0.31866232410450834 0.03425089745329046 -1.2630613597194298
FixedParameters: 0 0 0
#Transform 107
Transform: MatrixOffsetTransformBase_double_3_3
Parameters: 0.999999782045798 -0.0004419166383406527 0.0001493780178239301 0.00044429386910052306 0.9999267339709984 -0.012126944914207297 -0.00014459621701506627 0.012127075183350135 0.9999269087426376 0.32339721875537464 0.05310507488722749 -1.2098579043051245
FixedParameters: 0 0 0
#Transform 108
Transform: MatrixOffsetTransformBase_double_3_3
Parameters: 0.9999993836686585 -0.0012704970768050894 -0.00005074543324192109 0.0012694479363767517 0.9999155819531599 -0.012915098341772461 0.00006652711964389239 0.012914886611980852 0.9999161934133821 0.34375045568808105 0.07333291691803367 -1.2658879893554769
FixedParameters: 0 0 0
#Transform 109
Transform: MatrixOffsetTransformBase_double_3_3
Parameters: 0.9999998967128508 -0.0010323690376228638 0.0001934509510548926 0.0010349321619419992 0.9999092293995337 -0.013404803783332211 -0.00017966780818593736 0.013405189477568608 0.9999102631080835 0.339763909936849 0.05054523062979399 -1.2697488295711423
FixedParameters: 0 0 0
#Transform 110
Transform: MatrixOffsetTransformBase_double_3_3
Parameters: 0.9999999129671948 -0.0010421421638260545 -0.000026913332466192453 0.001041973523355185 0.9999286557824298 -0.01188503685756501 0.000039658462579756874 0.011884967486687943 0.9999297406293658 0.34048924235004563 0.05395419304727511 -1.2126300174970623
FixedParameters: 0 0 0
#Transform 111
Transform: MatrixOffsetTransformBase_double_3_3
Parameters: 0.9999993808166331 -0.001007003157656002 0.0007777102489635536 0.0010165226353547338 0.9999246374857123 -0.01226024895273773 -0.0007656097738813676 0.0122617476966011 0.9999240677081022 0.34500544027629587 0.06349706727827709 -1.2469453405742854
FixedParameters: 0 0 0
#Transform 112
Transform: MatrixOffsetTransformBase_double_3_3
Parameters: 0.9999988114066907 -0.0009936187034223904 0.0010959134720298933 0.0010068941647523363 0.9999305596510759 -0.011763914267922504 -0.0010839947474850723 0.011765096790378727 0.9999304349752376 0.33706131558894015 0.05480436879342676 -1.178451199353134
FixedParameters: 0 0 0
#Transform 113
Transform: MatrixOffsetTransformBase_double_3_3
Parameters: 0.9999981630333598 -0.001682252483774084 -0.00008179470082703612 0.0016812262671894534 0.9999174473976957 -0.012756216604132821 0.00010364858334514021 0.012755779145879793 0.9999182711478397 0.3825991459536482 0.07557113399630566 -1.280930798577785
FixedParameters: 0 0 0
#Transform 114
Transform: MatrixOffsetTransformBase_double_3_3
Parameters: 0.9999984618127084 -0.0018392141287040527 0.00039612675324227195 0.0018434775293080569 0.9999135660178113 -0.013038357500354349 -0.00037193899301637094 0.01303864822079549 0.9999148760034625 0.3601828738941606 0.04533715177122133 -1.2797130399892893
FixedParameters: 0 0 0
#Transform 115
Transform: MatrixOffsetTransformBase_double_3_3
