#Insight Transform File V1.0
#Transform 0
Transform: MatrixOffsetTransformBase_double_3_3
Parameters: 0.9999977757513274 0.0005058947772640062 0.0019920627816681856 -0.0005067732306076279 0.9999998584891023 0.00022023268741419577 -0.001991839488576436 -0.00022076631024769977 0.9999978200219719 0.4218707513920634 0.07767666141202767 -0.42118927254774974
FixedParameters: 0 0 0
#Transform 1
Transform: MatrixOffsetTransformBase_double_3_3
Parameters: 0.9999954677454371 0.0003811103872693597 0.0028960294827840064 -0.0003814231603377136 0.9999999198675363 0.00005341323826160704 -0.0028959883054316344 -0.00005458627193349885 0.9999955420459155 0.43812155734460134 0.10477457444180516 -0.21229060714537695
FixedParameters: 0 0 0
#Transform 2
Transform: MatrixOffsetTransformBase_double_3_3
Parameters: 0.999997934471452 0.0006639518188258421 0.0019040591029135484 -0.0006615055093928649 0.9999986655415242 -0.0013900036053105524 -0.0019045171435244476 0.0013879971849915518 0.9999974102813806 0.39730061861311583 0.13013219114158403 -0.49257517134375917
FixedParameters: 0 0 0
#Transform 3
Transform: MatrixOffsetTransformBase_double_3_3
Parameters: 0.9999961414948244 0.00047965623088904916 0.002761898513697715 -0.00047660890696170756 0.9999996514349387 -0.0010908039553575166 -0.0027625492669356854 0.0010891978060475205 0.9999961138530298 0.42684403395718107 0.10682249491361517 -0.22651228219326924
FixedParameters: 0 0 0
#Transform 4
Transform: MatrixOffsetTransformBase_double_3_3
Parameters: 0.9999988743047811 0.0006248164568434916 0.0016543098643250116 -0.0006188643741955978 0.9999942982687208 -0.0032177702871952207 -0.0016556752761047037 0.003216229634822848 0.999993877788814 0.36643035552249614 0.12946355483494187 -0.44171806753261933
FixedParameters: 0 0 0
#Transform 5
Transform: MatrixOffsetTransformBase_double_3_3
Parameters: 0.999997325354497 0.0007469060904561382 0.00226205456020533 -0.0007434992132064474 0.9999982975695126 -0.0018204449504128362 -0.0022631222830391084 0.0018185563323272758 0.999995406607467 0.40822843643866236 0.07106177031975847 -0.319818964150798
FixedParameters: 0 0 0
#Transform 6
Transform: MatrixOffsetTransformBase_double_3_3
Parameters: 0.9999961080210983 0.0007246913392858618 0.002523533278661767 -0.0007215009552852101 0.9999992284299863 -0.0011964538135075808 -0.002523879182129635 0.001194546422498305 0.9999960211442357 0.39354717451253407 0.12824069790691794 -0.2427306332079695
FixedParameters: 0 0 0
#Transform 7
Transform: MatrixOffsetTransformBase_double_3_3
Parameters: 0.9999969194548523 0.0007663932013075428 0.0023434635853483952 -0.0007636547129245072 0.9999991105137822 -0.0012194226918054718 -0.002344936374819031 0.001217578328587543 0.9999968394498396 0.4288144730547856 0.0911851611150638 -0.3154706722431939
FixedParameters: 0 0 0
#Transform 8
Transform: MatrixOffsetTransformBase_double_3_3
Parameters: 0.9999996800911597 0.0005834947119374038 0.0009897487693882668 -0.0005828873057345862 0.9999992454922568 -0.001242594516318224 -0.0009899455025326037 0.0012424059013494138 0.9999983469838215 0.42400426299589355 0.15780013385136726 -0.05636604986548832
FixedParameters: 0 0 0
#Transform 9
Transform: MatrixOffsetTransformBase_double_3_3
Parameters: 0.9999990037971089 0.000491090730293775 0.0016594250943512835 -0.0004877147618769132 0.9999966263643465 -0.0025095718168044456 -0.0016612287827539808 0.002509430239579946 0.9999957822179171 0.39680419769852904 0.1865634517417334 -0.30471011152327776
FixedParameters: 0 0 0
#Transform 10
Transform: MatrixOffsetTransformBase_double_3_3
Parameters: 0.9999989327577409 0.00035337720864603956 0.0013936280571977433 -0.0003515389958834734 0.9999988796235914 -0.0010152320805482118 -0.0013942130217479696 0.001014767119593224 0.9999989926838897 0.44094092138448104 0.14867473041333312 -0.05636602493166265
FixedParameters: 0 0 0
#Transform 11
Transform: MatrixOffsetTransformBase_double_3_3
Parameters: 0.9999976211488086 0.000561947988382542 0.0022504039592619266 -0.0005571809877634938 0.9999980690365076 -0.0019119995535250012 -0.0022510290699305677 0.0019099983418375543 0.9999952482581684 0.45099594480981864 0.21383580107055877 -0.28972244802305624
FixedParameters: 0 0 0
#Transform 12
Transform: MatrixOffsetTransformBase_double_3_3
Parameters: 0.9999994217143666 0.0007562714717705151 0.0010034011554436442 -0.0007556072006208909 0.9999998509561419 -0.0007607592588804168 -0.0010034282135330942 0.0007592422161750711 0.9999994155569483 0.4980208074992447 0.13937325930163524 -0.07771196091799482
FixedParameters: 0 0 0
#Transform 13
Transform: MatrixOffsetTransformBase_double_3_3
Parameters: 0.9999994436338385 0.0006389137983345947 0.0010715203097653309 -0.000637817300965708 0.9999994773047115 -0.0005115714395541038 -0.0010721733580896994 0.0005114277236338283 0.9999994430649713 0.47060427333103405 0.22523864187313336 -0.07130765548505735
FixedParameters: 0 0 0
#Transform 14
Transform: MatrixOffsetTransformBase_double_3_3
Parameters: 0.9999982792599482 0.0002861577189838892 0.0016243468093967406 -0.00028186639448389117 0.9999958366429245 -0.002846331003134972 -0.0016253107802770086 0.002845666874711439 0.9999942431472872 0.4500237965316245 0.1957969216443587 -0.17374988096696597
FixedParameters: 0 0 0
#Transform 15
Transform: MatrixOffsetTransformBase_double_3_3
Parameters: 0.999999524363953 0.0010172416444765254 0.0006638716679236904 -0.0010166148622685015 0.9999988419864878 -0.001119692775212372 -0.0006650266016239769 0.001119307305742362 0.9999991758151383 0.4296143909787844 0.18514031227950056 -0.04810864959540595
FixedParameters: 0 0 0
#Transform 16
Transform: MatrixOffsetTransformBase_double_3_3
Parameters: 0.9999990281591808 0.0007252881769839815 0.0006672079050134925 -0.0007245218608090186 0.999998873382503 -0.0013155007990931222 -0.0006689846059875793 0.0013154981099395557 0.9999986936952021 0.4335602695352776 0.2690373106664481 -0.07758212457291336
FixedParameters: 0 0 0
#Transform 17
Transform: MatrixOffsetTransformBase_double_3_3
Parameters: 0.999999751593484 0.00017330821925095854 0.0004671834263138607 -0.0001726721098450157 0.9999979560310287 -0.001740951206582242 -0.00046765525283587456 0.0017410483062340887 0.9999987333967254 0.45973389250239904 0.1570281484658409 -0.10067592322717189
FixedParameters: 0 0 0
#Transform 18
Transform: MatrixOffsetTransformBase_double_3_3
Parameters: 0.9999998001977141 0.00036686527179064486 0.00025595697072131784 -0.00036619644370177243 0.9999997589515612 -0.001052094670684539 -0.000255736707169394 0.0010519071184257045 0.9999998278358573 0.443364649219987 0.21113141826666038 -0.06283761400071342
FixedParameters: 0 0 0
#Transform 19
Transform: MatrixOffsetTransformBase_double_3_3
Parameters: 1.0000000301860807 0.0005468250573571585 0.0008195713258591073 -0.0005445225463140335 0.999996807075383 -0.002454463252719752 -0.0008200060969776997 0.002454534501806216 0.9999961739547379 0.43418721645554115 0.15676400515474143 -0.2545239590767494
FixedParameters: 0 0 0
#Transform 20
Transform: MatrixOffsetTransformBase_double_3_3
Parameters: 0.9999994548688447 0.0006603570482231053 0.000330868861980427 -0.0006593945425610148 0.9999989870284055 -0.0012562187043156647 -0.0003315350271048798 0.0012557815985413945 0.9999993127663581 0.45591349580283236 0.17313244734225464 -0.04091397106802219
FixedParameters: 0 0 0
#Transform 21
Transform: MatrixOffsetTransformBase_double_3_3
Parameters: 0.999999598587075 0.0006128356230890421 -0.00016221579045160977 -0.0006125257454275377 0.9999950923716666 -0.0029208990849626526 0.00016048886488758722 0.002921096797538797 0.9999954417075715 0.44647646163497257 0.24977834101953533 -0.14314655977928226
FixedParameters: 0 0 0
#Transform 22
Transform: MatrixOffsetTransformBase_double_3_3
Parameters: 0.9999994438865583 0.0007376964550909462 0.0001091653439093794 -0.000737549732018525 0.9999990083519914 -0.0006690802157423292 -0.00011015228457891469 0.0006689184413411764 0.9999995404134648 0.4588508000178564 0.17110768714002234 -0.031508081380223985
FixedParameters: 0 0 0
#Transform 23
Transform: MatrixOffsetTransformBase_double_3_3
Parameters: 0.999999152869914 0.0008386196767330567 0.00038055404849392477 -0.0008371504346089099 0.9999987655154089 -0.0015864487599944188 -0.00038122893372953055 0.0015855516520662805 0.999998356557848 0.45020733243974576 0.22597830612592418 -0.08942845031069169
FixedParameters: 0 0 0
#Transform 24
Transform: MatrixOffsetTransformBase_double_3_3
Parameters: 0.999998235838018 0.0005031936730430851 0.0015843244215508832 -0.0005001779948327651 0.9999983245443036 -0.0018896827745800426 -0.0015858287170132284 0.0018893170938057147 0.9999967708621924 0.4641796454469045 0.13392072652182208 -0.1389819280187936
FixedParameters: 0 0 0
#Transform 25
Transform: MatrixOffsetTransformBase_double_3_3
Parameters: 0.9999998541820295 0.0003005917819231846 0.0002355051495095207 -0.0003001069484745346 0.9999998530066593 -0.001028071646745371 -0.0002361226687468254 0.001027929992704485 0.9999998876054255 0.45741223609492465 0.18113931694955454 -0.0562433648367886
FixedParameters: 0 0 0
#Transform 26
Transform: MatrixOffsetTransformBase_double_3_3
Parameters: 0.9999979656272682 0.000537375753949249 0.0016570286464280954 -0.0005315734917880551 0.999994602558969 -0.0032056445808979206 -0.001658811098812255 0.003205355904011581 0.9999938125378943 0.5302340071387874 0.1875526702690138 -0.17606767770894294
FixedParameters: 0 0 0
#Transform 27
Transform: MatrixOffsetTransformBase_double_3_3
Parameters: 0.9999990495092452 0.0012811410475822153 0.00055667540940737 -0.0012802055054273594 0.9999989672790192 -0.0007227307640884084 -0.0005575345402178132 0.0007222697501520492 1.0000000382169494 0.5443834444776883 0.16859318172896565 -0.03384521516905181
FixedParameters: 0 0 0
#Transform 28
Transform: MatrixOffsetTransformBase_double_3_3
Parameters: 0.9999980675582846 0.0010329396564234651 0.0013656786900318983 -0.0010295874593574093 0.999996533739574 -0.002581443616670037 -0.0013684970911219763 0.002580555803007062 0.9999952106666032 0.5019778207593504 0.220382438945677 -0.27126359340699935
FixedParameters: 0 0 0
#Transform 29
Transform: MatrixOffsetTransformBase_double_3_3
Parameters: 0.9999997918138948 0.00041928424644603396 0.0001806116723694777 -0.000418964367901992 0.9999995487105994 -0.0005250755253605466 -0.00018006030874374417 0.000524924358637574 0.9999996918533561 0.4596091186083697 0.17304574772327896 -0.04429053193700838
FixedParameters: 0 0 0
#Transform 30
Transform: MatrixOffsetTransformBase_double_3_3
Parameters: 0.9999982285376775 0.000795513952408396 0.0014624480764585442 -0.0007892483842688032 0.9999925047377397 -0.0037440455568309994 -0.0014657451409037636 0.0037429500405451455 0.9999916961142399 0.45890025494391296 0.18388959118077253 -0.29562788410324004
FixedParameters: 0 0 0
#Transform 31
Transform: MatrixOffsetTransformBase_double_3_3
Parameters: 0.9999993389616348 0.001243780272522048 0.0003381662653672424 -0.001243021343962015 0.9999975523098363 -0.0020035687705649563 -0.00034004371854279243 0.0020034325884852877 0.9999977586133393 0.4692713759765752 0.1398524167176589 -0.04867469979551231
FixedParameters: 0 0 0
#Transform 32
Transform: MatrixOffsetTransformBase_double_3_3
Parameters: 0.9999981780705194 0.0015616042935449838 0.0006197051931566578 -0.0015579134770903709 0.9999846010182737 -0.005300992581630484 -0.0006277866691736833 0.005300012700434523 0.9999863859896703 0.41311310244590516 0.19946418506862074 -0.444753630038889
FixedParameters: 0 0 0
#Transform 33
Transform: MatrixOffsetTransformBase_double_3_3
Parameters: 0.9999992161544393 0.0009378816301050259 0.0009508978384904548 -0.0009347744895265344 0.9999929671405997 -0.003507778950308932 -0.0009539697633383638 0.0035072201062883446 0.9999936438183001 0.41210572870748763 0.13938096255314747 -0.1758900854325134
FixedParameters: 0 0 0
#Transform 34
Transform: MatrixOffsetTransformBase_double_3_3
Parameters: 0.9999990502596993 0.001026946826793623 0.0013768123411827431 -0.0010233213779634958 0.9999969349471765 -0.0023003175194481196 -0.0013791534976835313 0.002299682950700377 0.9999965352897021 0.4311261062461966 0.07556510673541084 -0.27902445377614526
FixedParameters: 0 0 0
#Transform 35
Transform: MatrixOffsetTransformBase_double_3_3
Parameters: 0.9999983048045006 0.001612718428383833 0.0003045633936665274 -0.0016129168144302063 0.9999963514645335 -0.0022716418632268975 -0.00030865505663539637 0.0022713599588735367 0.9999976338910869 0.46923526288993855 0.1467339218552013 -0.10514115376035704
FixedParameters: 0 0 0
#Transform 36
Transform: MatrixOffsetTransformBase_double_3_3
Parameters: 0.999999446103689 0.000741905890271733 0.00100161979169049 -0.0007385848632895543 0.9999933309381482 -0.0035026299754498114 -0.0010043002344714675 0.003502369840333197 0.99999358006909 0.44836183771930394 0.1357050375799389 -0.35019044446561054
FixedParameters: 0 0 0
#Transform 37
Transform: MatrixOffsetTransformBase_double_3_3
Parameters: 0.9999994213653999 0.001224275260729029 0.0002819389660826678 -0.0012237166864611652 0.9999963398413686 -0.002272346918404583 -0.0002853874010202379 0.0022716525101824925 0.9999977575401998 0.4680598958523774 0.18340521941121324 -0.09319967401262375
FixedParameters: 0 0 0
#Transform 38
Transform: MatrixOffsetTransformBase_double_3_3
Parameters: 0.9999992625860322 0.0008498127647836309 0.001007483880681497 -0.0008452230869515065 0.9999888663663473 -0.004534741165249587 -0.001011543099964169 0.004534254735177809 0.9999892726288168 0.4369598062364446 0.22221278375837983 -0.26974607105526616
FixedParameters: 0 0 0
#Transform 39
Transform: MatrixOffsetTransformBase_double_3_3
Parameters: 0.9999987111374696 0.001406342058517124 0.0011446118568400098 -0.001402248769936093 0.9999924780489917 -0.0037166472488710245 -0.0011504302185397183 0.0037153561689150794 0.9999926156458216 0.46522804332225576 0.1688925060671096 -0.27761732128504946
FixedParameters: 0 0 0
#Transform 40
Transform: MatrixOffsetTransformBase_double_3_3
Parameters: 0.9999992825461639 0.0008007817898477644 0.0002760584269801686 -0.0007994664840876959 0.9999874195905268 -0.004994225994073606 -0.00027982328801515004 0.00499378121323428 0.9999879825278714 0.43840262169167943 0.2263355668594329 -0.4356527630555149
FixedParameters: 0 0 0
#Transform 41
Transform: MatrixOffsetTransformBase_double_3_3
Parameters: 0.9999982728192939 0.0011863109712785618 0.001148874356622971 -0.0011815009573854676 0.9999917368766597 -0.0040153990193131095 -0.0011537627584158304 0.004014604749380285 0.9999912953258672 0.41606255351589994 0.09476293363975685 -0.263586441256237
FixedParameters: 0 0 0
#Transform 42
Transform: MatrixOffsetTransformBase_double_3_3
Parameters: 0.9999992380436328 0.0011749596480761539 0.0006171965146009463 -0.0011728694565542428 0.9999897372713931 -0.004360745228896706 -0.0006219549458847801 0.00436025648846558 0.9999904726467804 0.4241306707409507 0.16118680900783033 -0.2777575824785572
FixedParameters: 0 0 0
#Transform 43
Transform: MatrixOffsetTransformBase_double_3_3
Parameters: 0.9999990661669005 0.0006292390017607894 0.000733077874070406 -0.0006271957333201798 0.9999922858839956 -0.003914462448816408 -0.0007354905874018819 0.003913539862403281 0.9999921413572765 0.41529249020507564 0.08475443396663707 -0.39514656073296806
FixedParameters: 0 0 0
#Transform 44
Transform: MatrixOffsetTransformBase_double_3_3
Parameters: 0.9999987070203739 0.0010177824230839698 0.001121163448785493 -0.001013763173971877 0.9999951125870324 -0.002998156675753094 -0.0011248785586442061 0.0029968411215728352 0.9999946243768492 0.40783406178695714 0.1133190102570012 -0.20071307467445365
FixedParameters: 0 0 0
#Transform 45
Transform: MatrixOffsetTransformBase_double_3_3
Parameters: 0.9999986712067939 0.0011125128717001363 0.0010449795609137255 -0.001107817785577004 0.9999917919994105 -0.003887178165190658 -0.0010491210292624365 0.0038858192783517986 0.9999916693211979 0.3951835310084988 0.11341366145326504 -0.40457590214602135
FixedParameters: 0 0 0
#Transform 46
Transform: MatrixOffsetTransformBase_double_3_3
Parameters: 0.9999982939610584 0.0011533131713041518 0.001172985024481939 -0.0011509202570530418 0.9999964747493585 -0.002541388009681178 -0.0011753436559321592 0.002540614306299205 0.999995905814443 0.41747949976010545 0.09428847394841 -0.2353237738038274
FixedParameters: 0 0 0
#Transform 47
Transform: MatrixOffsetTransformBase_double_3_3
Parameters: 0.9999992093610333 0.0011622869961511332 0.0006629693243986474 -0.0011593520592873847 0.999988611077661 -0.004693902605406114 -0.0006683855131723259 0.004692098310818765 0.9999885495194728 0.408563433668121 0.2004934333012045 -0.3272168261815409
FixedParameters: 0 0 0
#Transform 48
Transform: MatrixOffsetTransformBase_double_3_3
Parameters: 0.9999981569008694 0.0011607225924741725 0.00122325007025727 -0.0011559618860872345 0.9999927063296838 -0.003753438270460263 -0.0012273250578245546 0.003751565575776772 0.9999922879251991 0.42425931477795586 0.14748433331401145 -0.25414364519646426
FixedParameters: 0 0 0
#Transform 49
Transform: MatrixOffsetTransformBase_double_3_3
Parameters: 0.9999998290669173 0.00040288364387951897 -0.0000946022903819201 -0.00040263133656304883 0.9999851508718192 -0.005355958232907909 0.00009214028031916073 0.005356033440646682 0.9999853043540671 0.35381218551567883 0.23847247818741835 -0.272366301663169
FixedParameters: 0 0 0
#Transform 50
Transform: MatrixOffsetTransformBase_double_3_3
Parameters: 0.9999994077002254 0.0011384973922921474 0.0005437960679465434 -0.0011365521776907654 0.9999916136878465 -0.004025767702159705 -0.0005485969631122211 0.004025232177019472 0.9999913845683936 0.40404090502805445 0.14539510380306808 -0.4218418328282212
FixedParameters: 0 0 0
#Transform 51
Transform: MatrixOffsetTransformBase_double_3_3
Parameters: 0.9999982824253731 0.0015783477612433079 0.0011077657145237376 -0.0015735954177539487 0.9999906307226828 -0.004018784707696066 -0.00111382898362967 0.004017215369445187 0.9999913628940528 0.43314780970831634 0.1765057399938712 -0.13965506567262764
FixedParameters: 0 0 0
#Transform 52
Transform: MatrixOffsetTransformBase_double_3_3
Parameters: 0.9999993990669199 0.0010570591292397406 0.0006950244167588745 -0.001053268918802583 0.999986054027921 -0.005180738097117332 -0.0007014681259667416 0.005179264551526119 0.9999866798441539 0.411375615283049 0.206286528565073 -0.4043026259207352
FixedParameters: 0 0 0
#Transform 53
Transform: MatrixOffsetTransformBase_double_3_3
Parameters: 0.9999984004833457 0.0014150009200509322 0.0007727855589506375 -0.0014125289388259871 0.9999940404853552 -0.003177114687568927 -0.0007774098841260311 0.003175888991740622 0.9999951796179835 0.447492708562109 0.12972660129067037 -0.1043255599658579
FixedParameters: 0 0 0
#Transform 54
Transform: MatrixOffsetTransformBase_double_3_3
Parameters: 0.99999973721685 0.0010719353662186767 0.0003384847692530415 -0.001069449128087457 0.9999846717861541 -0.00540236641408301 -0.0003438428900961674 0.0054016358403290304 0.9999857017663835 0.39537867140077765 0.19470807027769865 -0.4952611982211863
FixedParameters: 0 0 0
#Transform 55
Transform: MatrixOffsetTransformBase_double_3_3
Parameters: 0.999999663943683 0.0004884427848903773 0.0003121092839589699 -0.0004867458537755912 0.9999911239585217 -0.0040791493158039704 -0.0003149651311480618 0.004078843552360656 0.9999912633913504 0.3427271096346658 0.058345880146660534 -0.36338420568581853
FixedParameters: 0 0 0
#Transform 56
Transform: MatrixOffsetTransformBase_double_3_3
Parameters: 0.9999999165189579 0.0008904445054442039 0.0005393752666757636 -0.0008880162624458539 0.9999925411249843 -0.003714496764365721 -0.0005427459955217365 0.003714500428387252 0.9999927802812051 0.3602748088877803 0.043025618678512956 -0.4609198155797145
FixedParameters: 0 0 0
#Transform 57
Transform: MatrixOffsetTransformBase_double_3_3
Parameters: 0.9999991077375943 0.0012621990500304532 0.0005469255734578343 -0.001259854035939955 0.9999904978225397 -0.004245839636900811 -0.000552284200069405 0.0042451606010592 0.9999905611942181 0.37959298250795825 0.1346343460855337 -0.44686723695710384
FixedParameters: 0 0 0
#Transform 58
Transform: MatrixOffsetTransformBase_double_3_3
Parameters: 0.9999974791365905 0.0015636363043453263 0.0017532315836715749 -0.0015594123503983592 0.9999952078638988 -0.002786664743252343 -0.001758173375967128 0.0027843381794306343 0.9999947531926838 0.36857011126762984 0.03512291918509902 -0.25553224400503893
FixedParameters: 0 0 0
#Transform 59
Transform: MatrixOffsetTransformBase_double_3_3
Parameters: 0.9999984277970512 0.0015662515432942645 0.0003462749558421498 -0.0015639492689443072 0.9999874928808102 -0.00481369681405272 -0.0003541411170821829 0.0048133076863600965 0.9999885950319366 0.33461847876215245 0.1486168503493559 -0.3420705000319515
FixedParameters: 0 0 0
#Transform 60
Transform: MatrixOffsetTransformBase_double_3_3
Parameters: 0.9999985408932324 0.0015653844342972487 0.0000962363956962742 -0.0015645173572793345 0.999987255355263 -0.004720283380402118 -0.00010393898932760867 0.004719711289279879 0.999988728487764 0.35695182985126905 0.16076084796546297 -0.36663239011450344
FixedParameters: 0 0 0
#Transform 61
Transform: MatrixOffsetTransformBase_double_3_3
Parameters: 0.9999987551717436 0.0014432195205919015 0.0004026706985200754 -0.00144137018962762 0.9999916774373432 -0.003918733292781806 -0.0004087557422875641 0.003918270074609959 0.9999923683017519 0.33406288295094555 0.22455310910625315 -0.16413329990911052
FixedParameters: 0 0 0
#Transform 62
Transform: MatrixOffsetTransformBase_double_3_3
Parameters: 0.9999992341056309 0.0012789811059571656 -0.00036095507521420925 -0.0012804329928504062 0.9999890501766644 -0.00450467040753634 0.00035524299432218516 0.004505328113587753 0.9999895936618067 0.3346921542103587 0.21487158796244898 -0.41068479368101407
FixedParameters: 0 0 0
#Transform 63
Transform: MatrixOffsetTransformBase_double_3_3
Parameters: 0.9999978346533428 0.0018135113420140513 0.0009357673635792946 -0.001810623240079263 0.9999930549408956 -0.003302864732444205 -0.0009422549758712603 0.0033011346465749714 0.9999939732243828 0.3404958740810713 0.1983142328627565 -0.13787850637248766
FixedParameters: 0 0 0
#Transform 64
Transform: MatrixOffsetTransformBase_double_3_3
Parameters: 0.9999997602696409 0.0011034644018374795 0.0001500060322854547 -0.0011023093859807342 0.9999880179695858 -0.004886317283565256 -0.00015569686532075278 0.004886687228490547 0.999987986213949 0.3329727122552413 0.2078624846301551 -0.3660274929337959
FixedParameters: 0 0 0
#Transform 65
Transform: MatrixOffsetTransformBase_double_3_3
Parameters: 0.9999968258530293 0.0022084542098623422 0.0011390501418545682 -0.0022037647701757057 0.9999893769557996 -0.004139706750989597 -0.0011476040588346086 0.004137301071038796 0.9999911943011212 0.3092613627701013 0.14084048613942457 -0.1777464606352197
FixedParameters: 0 0 0
#Transform 66
Transform: MatrixOffsetTransformBase_double_3_3
Parameters: 0.9999979612448746 0.001998064650883487 0.0002177318483424413 -0.0019963785933302136 0.9999840744634769 -0.005294720953540943 -0.00022870510270891237 0.0052942775937165065 0.9999858228791122 0.2822344659346072 0.18525509543518126 -0.27393527528691664
FixedParameters: 0 0 0
#Transform 67
Transform: MatrixOffsetTransformBase_double_3_3
Parameters: 0.9999978425863033 0.0021520454963599046 0.0007252541816400327 -0.0021491993840678956 0.9999899732646174 -0.003953860995476982 -0.0007338034243991716 0.003952137308579101 0.9999916167479406 0.31864675500118267 0.09820451528524643 -0.28833745321277604
FixedParameters: 0 0 0
#Transform 68
Transform: MatrixOffsetTransformBase_double_3_3
Parameters: 0.9999992048987782 0.0011197782710903157 -0.0007361882200212425 -0.0011242676435763137 0.99997868319928 -0.006397162147796176 0.0007282497731173413 0.006397839368405961 0.9999796648032008 0.3027150063622486 0.15745601568583822 -0.727739152705837
FixedParameters: 0 0 0
#Transform 69
Transform: MatrixOffsetTransformBase_double_3_3
Parameters: 0.9999997028816539 0.0010940925051070233 -0.0003163553615406397 -0.0010940029328104816 0.999999636591261 0.00014123385948583422 0.00031666497542044497 -0.00014176605076374194 1.0000000262462219 0.3585807176567215 0.06597019136168569 -0.21179742304659044
FixedParameters: 0 0 0
#Transform 70
Transform: MatrixOffsetTransformBase_double_3_3
Parameters: 0.9999989898466752 0.0014173644955958393 -0.00003712894972950439 -0.001417276193319137 0.9999987746727537 -0.0005730942094161473 0.00003649472530271422 0.000573905664685681 0.9999995573694771 0.3461692358439592 0.08052729007717119 -0.40085502782717697
FixedParameters: 0 0 0
#Transform 71
Transform: MatrixOffsetTransformBase_double_3_3
Parameters: 0.9999981873939565 0.0018917117206732007 0.000484519106805252 -0.0018912021106736667 0.9999984942535358 -0.00039120993947625027 -0.0004850067849912658 0.00039079033551267517 0.9999993873784293 0.3584476770375886 0.12864157529058673 -0.30477428159616693
FixedParameters: 0 0 0
#Transform 72
Transform: MatrixOffsetTransformBase_double_3_3
Parameters: 0.999997849156393 0.0020041003535795064 -0.00036583395603126856 -0.0020054982509956627 0.9999939106244152 -0.003005534049557418 0.00035972972576023743 0.003006471024723595 0.9999958663855562 0.3086915313405143 0.2040907689562914 -0.36444997848062144
FixedParameters: 0 0 0
#Transform 73
Transform: MatrixOffsetTransformBase_double_3_3
Parameters: 0.9999981314226803 0.0016876145689398911 0.00014455526679966484 -0.0016872372907343813 0.9999983994130364 -0.0008485038053632488 -0.00014642570058645983 0.000847495155927136 0.999999293801483 0.31622849801344444 0.13839289208539185 -0.3328484499084823
FixedParameters: 0 0 0
#Transform 74
Transform: MatrixOffsetTransformBase_double_3_3
Parameters: 0.9999977305827532 0.0020438204754705726 -0.00030349843347398454 -0.0020443436219626182 0.9999964924202146 -0.0015146409462633292 0.00030027918659953647 0.0015153574808553782 0.9999986477074728 0.312281386606287 0.24184500733419156 -0.11302606485403999
FixedParameters: 0 0 0
#Transform 75
Transform: MatrixOffsetTransformBase_double_3_3
Parameters: 0.9999985380337475 0.0014445982596912375 -0.0006126667214682835 -0.0014455328649983995 0.9999971724116453 -0.0018952294099232603 0.0006100322748832483 0.0018957715459782531 0.9999981797689439 0.27360265176113785 0.23870064128523438 -0.4011313710105071
FixedParameters: 0 0 0
#Transform 76
Transform: MatrixOffsetTransformBase_double_3_3
Parameters: 0.9999985265714499 0.0017075808831968123 -0.0007456873025020257 -0.0017092056500740682 0.9999980859441573 -0.00135297018366079 0.0007440370088059191 0.0013540316556415466 0.9999987766956098 0.2849484810703302 0.22543101459133652 -0.10038835945802305
FixedParameters: 0 0 0
#Transform 77
Transform: MatrixOffsetTransformBase_double_3_3
Parameters: 0.9999985673174965 0.0016227399603494959 -0.0008937128213186326 -0.001623910573666282 0.9999986706188801 -0.0007277915418981429 0.0008923390779386797 0.0007292073234353713 0.9999988352741259 0.2720462170442204 0.19363052510755097 -0.3639419600850431
FixedParameters: 0 0 0
#Transform 78
Transform: MatrixOffsetTransformBase_double_3_3
Parameters: 0.9999975178891882 0.0020674920024422705 0.0004564040920106603 -0.0020670683580595356 0.999997848051415 -0.00032123692169572227 -0.0004567398457742914 0.00032076340863429476 0.9999994637556295 0.27041040136337813 0.1549848071649791 -0.20751699666797663
FixedParameters: 0 0 0
#Transform 79
Transform: MatrixOffsetTransformBase_double_3_3
Parameters: 0.9999975414482065 0.0021107559896731574 0.00005313185284936057 -0.0021108387427441924 0.9999953106744092 -0.002308394174997286 -0.00005778968272162981 0.0023086083290125015 0.999997572397537 0.26370383999376656 0.1834888595962667 -0.45902745227849095
FixedParameters: 0 0 0
#Transform 80
Transform: MatrixOffsetTransformBase_double_3_3
Parameters: 0.9999966190338 0.0027155663684569897 0.00006942809015110117 -0.0027162072374353613 0.9999962775272135 -0.0006387255509185397 -0.00007078287242643618 0.0006382754019745862 0.9999995261399284 0.24942191150962856 0.1168863014271011 -0.19437507254977504
FixedParameters: 0 0 0
#Transform 81
Transform: MatrixOffsetTransformBase_double_3_3
Parameters: 0.9999965195339201 0.002587717085538343 -0.0008855412308018765 -0.0025904759626160295 0.9999912046272381 -0.003429204116423029 0.0008774333402350538 0.0034308015119790813 0.9999937849745277 0.2308152014611693 0.19819267594608903 -0.45612272127350195
FixedParameters: 0 0 0
#Transform 82
Transform: MatrixOffsetTransformBase_double_3_3
Parameters: 0.9999969140394653 0.0023583750667990067 -0.0007233255463429697 -0.0023594838013024297 0.9999963723036839 -0.0009475380451004767 0.000720833535238849 0.0009494611571815859 0.9999997424292797 0.2324508299742689 0.12466951245285429 -0.20033816825744566
FixedParameters: 0 0 0
#Transform 83
Transform: MatrixOffsetTransformBase_double_3_3
Parameters: 0.9999970757373184 0.0024028753854291474 -0.0003875150353549307 -0.002403483432238606 0.9999960303078442 -0.0014634610237165557 0.000384444287473796 0.0014645397264551607 0.9999987588277495 0.2237256569402888 0.07844329713761056 -0.3997820066249034
FixedParameters: 0 0 0
#Transform 84
Transform: MatrixOffsetTransformBase_double_3_3
Parameters: 0.999996716154801 0.0026976971508009344 -0.00006665338632747865 -0.002698441103125661 0.9999955787857976 -0.0011042295799534585 0.00006379819577766394 0.001104771018218459 0.9999996975227196 0.23882740334546781 0.14854749478405438 -0.1179424599002914
FixedParameters: 0 0 0
#Transform 85
Transform: MatrixOffsetTransformBase_double_3_3
Parameters: 0.9999960177809681 0.0029933123794984823 -0.00014424475741343457 -0.002994115821213526 0.9999934961339981 -0.0021112247557721064 0.000137684450318365 0.0021107746746564238 0.9999976089764153 0.23404027399064375 0.1768180581269121 -0.28104791903965065
FixedParameters: 0 0 0
#Transform 86
Transform: MatrixOffsetTransformBase_double_3_3
Parameters: 0.9999970566293178 0.0023915595855180626 -0.00047259036166324216 -0.002392478572516122 0.9999962894569091 -0.001391261827377449 0.0004689052994140665 0.0013927374508076462 0.9999988918378531 0.2312003329568597 0.14852953371003252 -0.3123407484283689
FixedParameters: 0 0 0
#Transform 87
Transform: MatrixOffsetTransformBase_double_3_3
Parameters: 0.9999966210926828 0.0025008421884848433 0.00035157061893093466 -0.0025009894109055187 0.9999962862224502 -0.0008271749109182436 -0.0003535937298667608 0.0008268255661418866 0.9999999670097262 0.28824843416984436 0.20922229759415245 -0.18661086259824344
FixedParameters: 0 0 0
#Transform 88
Transform: MatrixOffsetTransformBase_double_3_3
Parameters: 0.9999978649663919 0.0020246959851891334 -0.0001889757963749744 -0.0020247662858358197 0.9999975822955248 -0.0005328771016104017 0.0001878088728656472 0.0005331223516011618 0.9999997144926018 0.3050132014896576 0.26758617859070455 -0.052655594797656136
FixedParameters: 0 0 0
#Transform 89
Transform: MatrixOffsetTransformBase_double_3_3
Parameters: 0.9999980503568303 0.0016018591942449378 -0.0006194703955695244 -0.0016033681448893806 0.9999952949115868 -0.0024471216042321886 0.0006154608333341361 0.0024478759808936323 0.9999967749118626 0.29057243383880405 0.3554803414003942 -0.21764906753847413
FixedParameters: 0 0 0
#Transform 90
Transform: MatrixOffsetTransformBase_double_3_3
Parameters: 0.9999972558054383 0.0023432771311388775 -0.0005028469583194504 -0.0023437246628901123 0.9999968297445356 -0.0007051944211987626 0.0005015231595934693 0.0007058057824409214 0.9999994305989177 0.2796536558523428 0.2589471239077028 -0.0663685301790764
FixedParameters: 0 0 0
#Transform 91
Transform: MatrixOffsetTransformBase_double_3_3
Parameters: 0.9999973516884542 0.0020882251664412076 -0.0005373345599880475 -0.0020887961646934607 0.9999956818668132 -0.001947123697555897 0.0005330350421211652 0.0019478756144470366 0.999998084294508 0.2916569169921388 0.37118471652976837 -0.14801022636335404
FixedParameters: 0 0 0
#Transform 92
Transform: MatrixOffsetTransformBase_double_3_3
Parameters: 0.9999980299095665 0.001984015897919862 -0.00018396763015567032 -0.0019841478527070277 0.9999975152513323 -0.000716894865376877 0.00018211389684134554 0.0007171035633064538 0.9999994864803448 0.320448050247947 0.20961155345563043 -0.05998504827365991
FixedParameters: 0 0 0
#Transform 93
Transform: MatrixOffsetTransformBase_double_3_3
Parameters: 0.9999979737386553 0.0020559994637240763 -0.0008941072435997399 -0.002057180811271938 0.9999965434135688 -0.0014354052216519753 0.0008910424569435267 0.0014375929843595536 0.9999983032558404 0.322070092733739 0.3035108116786347 -0.1838827452742322
FixedParameters: 0 0 0
#Transform 94
Transform: MatrixOffsetTransformBase_double_3_3
Parameters: 0.9999985775888333 0.0018445874139912351 0.0001424428299354505 -0.0018442974709436265 0.9999983825603808 -0.0005575395049889353 -0.0001435079421143839 0.0005574603724727012 0.999999573415499 0.3417058227672811 0.1657533230410877 -0.05798305783980595
FixedParameters: 0 0 0
#Transform 95
Transform: MatrixOffsetTransformBase_double_3_3
Parameters: 0.9999977995162472 0.0022662916366901287 -0.00025404827869438164 -0.0022665787507895143 0.9999970058176613 -0.001343816700868944 0.0002509304225730846 0.0013441847447930588 0.9999991810184169 0.36772138007194144 0.23557310675177234 -0.2001105738789164
FixedParameters: 0 0 0
#Transform 96
Transform: MatrixOffsetTransformBase_double_3_3
Parameters: 0.9999980682520664 0.0017048436346136903 -0.00015932203357611508 -0.0017048485589792755 0.999998358853794 -0.0008369882868314582 0.00015845100468250934 0.0008370124026661763 0.9999993082583701 0.34111419938813015 0.15084234564727694 -0.07080441625556944
FixedParameters: 0 0 0
#Transform 97
Transform: MatrixOffsetTransformBase_double_3_3
Parameters: 0.9999976644956862 0.002256812482877077 -0.0004916552688344265 -0.0022580690093275562 0.9999960340174852 -0.001683153954767147 0.0004870265236805601 0.0016848456380659516 0.9999989587556083 0.3395930793788864 0.26193303490443043 -0.2810395467191569
FixedParameters: 0 0 0
#Transform 98
Transform: MatrixOffsetTransformBase_double_3_3
Parameters: 0.999998540213611 0.0018422112162699514 -0.0002569608277968567 -0.0018424403438240201 0.9999980789557921 -0.0007017864420407194 0.00025536564320381906 0.0007022126765203751 0.9999994756494522 0.3275711211579164 0.16229755053269912 -0.0790276728307191
FixedParameters: 0 0 0
#Transform 99
Transform: MatrixOffsetTransformBase_double_3_3
Parameters: 0.99999811671299 0.001485042133266839 -0.0008245310487143136 -0.0014855475391823238 0.9999978568749894 -0.0016698911828691987 0.0008212905038017802 0.0016711109697556958 0.9999986786860888 0.30918245163296376 0.2722108740596241 -0.12889468305819207
FixedParameters: 0 0 0
#Transform 100
Transform: MatrixOffsetTransformBase_double_3_3
Parameters: 0.9999988351097447 0.0017741970611940012 0.0001308270736289919 -0.0017742400080693749 0.9999989204241243 0.00016449235004234453 -0.0001302433581793075 -0.0001645072578072837 0.9999998605652624 0.33373391057112656 0.21033808024400003 -0.22361950510131123
FixedParameters: 0 0 0
#Transform 101
Transform: MatrixOffsetTransformBase_double_3_3
Parameters: 0.9999983323275311 0.0018846564749221263 -0.0003399385963384853 -0.0018851159814032047 0.9999973001930018 -0.0010624905732408152 0.00033791420992970424 0.001063509430966142 0.9999997721941426 0.3086299372385355 0.3136822548156317 -0.08232742290040562
FixedParameters: 0 0 0
#Transform 102
Transform: MatrixOffsetTransformBase_double_3_3
Parameters: 0.9999982851452315 0.0018985228440451603 0.00033236094946602 -0.0018986400504178802 0.9999984595694766 0.00017609345700550505 -0.00033169075278466505 -0.00017690592665553506 0.999999763271406 0.32306412039380916 0.2362739500531177 -0.22161231632084366
FixedParameters: 0 0 0
#Transform 103
Transform: MatrixOffsetTransformBase_double_3_3
Parameters: 0.9999982076742888 0.0016347390637410997 -0.00034615035893958306 -0.0016349460859621141 0.9999980721051278 -0.00048756384338830006 0.00034554619332187854 0.0004884358408693001 0.9999996592810938 0.31432946545115215 0.2749459514047601 -0.062582676357124
FixedParameters: 0 0 0
#Transform 104
Transform: MatrixOffsetTransformBase_double_3_3
Parameters: 0.9999989113496671 0.0016304002517592154 -0.0006560818976426032 -0.0016301370317191688 0.9999981555751887 0.00020095732405828182 0.0006567356328278804 -0.00020004182227520428 0.9999996753741441 0.30760651026898245 0.24366455756494076 -0.2189767410123551
FixedParameters: 0 0 0
#Transform 105
Transform: MatrixOffsetTransformBase_double_3_3
Parameters: 0.9999975492177928 0.002008662561300623 -0.0006441465864171583 -0.0020097916503606017 0.9999975318013964 -0.0011809672931344939 0.0006423710963049092 0.0011830345664062547 0.9999992231624409 0.29688615724886347 0.296484606540119 -0.09676146276856912
FixedParameters: 0 0 0
#Transform 106
Transform: MatrixOffsetTransformBase_double_3_3
Parameters: 0.9999987636782977 0.0014869017971865083 -0.0001595085629848426 -0.0014869155097485909 0.9999987702148767 -0.00004289227652939931 0.00015938068674449234 0.000043107616986198805 0.9999999897654247 0.28798170113037713 0.1482809845028612 -0.01923548364456451
FixedParameters: 0 0 0
#Transform 107
Transform: MatrixOffsetTransformBase_double_3_3
Parameters: 0.9999982696129603 0.0015660130627624881 -0.0005281780777822583 -0.0015662254256857027 0.9999975981291547 -0.001389303647175516 0.0005256766217655801 0.001390695292100369 0.9999988072808547 0.2828733664535008 0.24913219444262324 -0.10590599132119394
FixedParameters: 0 0 0
#Transform 108
Transform: MatrixOffsetTransformBase_double_3_3
Parameters: 0.9999982057502989 0.0016100438805041676 -0.0004494493583472222 -0.0016102885909214353 0.9999981866585541 -0.0002723888808890407 0.0004485718153991722 0.000272610100772952 0.9999998705796138 0.294957799750577 0.15668904694271646 -0.042196910137690224
FixedParameters: 0 0 0
#Transform 109
Transform: MatrixOffsetTransformBase_double_3_3
Parameters: 0.9999987666260135 0.0017732654749306662 -0.0002980595479298256 -0.0017731522623820244 0.9999988208152331 -0.00002873037191697403 0.0002989481429172482 0.00002927135349822807 0.9999999441287369 0.2973903248740726 0.24330918505938826 -0.03610371242666588
FixedParameters: 0 0 0
#Transform 110
Transform: MatrixOffsetTransformBase_double_3_3
Parameters: 0.9999973955241768 0.0020820291688225705 -0.000519252128083201 -0.0020820535713981245 0.9999975010604648 -0.000023160716857983932 0.0005191542690976967 0.00002383916070219927 0.9999998933593133 0.2968317978510271 0.21462107108634143 -0.2371001508951025
FixedParameters: 0 0 0
#Transform 111
Transform: MatrixOffsetTransformBase_double_3_3
Parameters: 0.9999978943593812 0.0020126593181448924 -0.00023417622063570082 -0.0020127675268570254 0.9999979907237868 -0.00023080496306901455 0.00023324433154225344 0.00023219403720328713 0.9999997964516574 0.3255382261799866 0.20449917361932535 -0.030986368116131757
FixedParameters: 0 0 0
#Transform 112
Transform: MatrixOffsetTransformBase_double_3_3
Parameters: 0.9999978000905941 0.00204767394154775 -0.00008327980706147224 -0.002047697676359033 0.9999977524544821 -0.00014308857042538703 0.00008269416607029967 0.00014291079454908928 1.00000000673823 0.3326786869288725 0.2543732231757474 -0.3239962800212908
FixedParameters: 0 0 0
#Transform 113
Transform: MatrixOffsetTransformBase_double_3_3
Parameters: 0.9999983595219756 0.001902614106148117 -0.00014330245035808626 -0.0019027241689979519 0.9999981967779406 -0.000385986868653293 0.00014183358710313085 0.00038601174987046294 0.999999864752293 0.29822102071406675 0.16662217204411434 -0.0394981389479625
FixedParameters: 0 0 0
#Transform 114
Transform: MatrixOffsetTransformBase_double_3_3
Parameters: 0.9999985981387111 0.001807646655476113 -0.0003666085359690112 -0.0018075883936733538 0.9999985027276942 0.00025742139290840793 0.00036654801285702107 -0.00025757969098830213 0.999999962798403 0.2683638059884572 0.2047218629171681 -0.2148253429921141
