#Insight Transform File V1.0
#Transform 0
Transform: MatrixOffsetTransformBase_double_3_3
Parameters: 0.999999992944 0.00008328136787215974 -0.000010964199276177227 -0.0000832813678877117 0.9999999930642135 9.131135292328452e-10 0.000010964199158048308 9.131135014772696e-10 0.9999999998797863 0.1676980915820252 -0.16294900505346277 0.02145264168116512
FixedParameters: 0 0 0
#Transform 1
Transform: MatrixOffsetTransformBase_double_3_3
Parameters: 0.9999996471351528 0.00037908054018290135 0.0004573430510194245 -0.0003788216240821704 0.9999997763074373 -0.0002831732289372002 -0.0004575575376831743 0.0002828265260111651 0.9999997106497843 0.14964191986121023 -0.16249535900531953 -0.01511284565016524
FixedParameters: 0 0 0
#Transform 2
Transform: MatrixOffsetTransformBase_double_3_3
Parameters: 0.9999981048318657 0.0016957770066626022 0.00013965622061591098 -0.0016957442814108138 0.9999980936654205 -0.00011736634676876023 -0.00014005303088962916 0.00011663320655638798 0.999999983788613 0.14371231868929613 -0.19351640619598243 0.019537915725479138
FixedParameters: 0 0 0
#Transform 3
Transform: MatrixOffsetTransformBase_double_3_3
Parameters: 0.9999972306738522 0.0022950223271806305 0.0007085303104909131 -0.0022944712794806177 0.9999971434653683 -0.0009039214739180457 -0.0007105612172313328 0.0009020792260465704 0.9999994563872237 0.13592486515788949 -0.17866563427803328 -0.03572993335616559
FixedParameters: 0 0 0
#Transform 4
Transform: MatrixOffsetTransformBase_double_3_3
Parameters: 0.9999957265323373 0.002717842996843537 0.0013736477844214592 -0.002715762678173703 0.9999954510470533 -0.0013360801435927938 -0.0013776635623708926 0.0013329173453188181 0.9999977136985273 0.12090623541114098 -0.21879792764701733 -0.10552768376076926
FixedParameters: 0 0 0
#Transform 5
Transform: MatrixOffsetTransformBase_double_3_3
Parameters: 0.999995697222157 0.002612351509056967 0.0012150725571881658 -0.002610307550696319 0.9999938459195384 -0.002200378435385675 -0.0012210778994565985 0.0021976217079476 0.9999971800688263 0.12228633667625388 -0.17037177721815056 -0.09535045106092355
FixedParameters: 0 0 0
#Transform 6
Transform: MatrixOffsetTransformBase_double_3_3
Parameters: 0.9999967233987032 0.002535787747835233 0.0009201477812992835 -0.0025335510082304417 0.9999941767675536 -0.0023996513619779503 -0.0009259663850433968 0.002397352198884567 0.9999970409806889 0.12650760661132665 -0.3187337432316042 -0.18774872019292843
FixedParameters: 0 0 0
#Transform 7
Transform: MatrixOffsetTransformBase_double_3_3
Parameters: 0.9999961432348535 0.0026924006470389656 0.0007806180556393901 -0.0026901627287573616 0.9999941510398084 -0.00219553148367721 -0.0007862177198376748 0.0021924700625307603 0.9999973648896442 0.11003320666081606 -0.2526129826462693 -0.001942423188779685
FixedParameters: 0 0 0
#Transform 8
Transform: MatrixOffsetTransformBase_double_3_3
Parameters: 0.9999973506157409 0.002341916933257335 0.0004035373278185144 -0.0023408868340128878 0.9999873582200672 -0.004513378821980302 -0.000414234402726825 0.004512619473442975 0.9999892578007162 0.09739564519803423 -0.23304154016186374 -0.32180640289388407
FixedParameters: 0 0 0
#Transform 9
Transform: MatrixOffsetTransformBase_double_3_3
Parameters: 0.999996017795508 0.0026608675602331536 0.0009499705151494483 -0.002656230302206829 0.999985040688014 -0.004717850986046351 -0.000962368304424453 0.004715147035646891 0.9999884860362172 0.1026454175145517 -0.41295080887731217 -0.16884119464525327
FixedParameters: 0 0 0
#Transform 10
Transform: MatrixOffsetTransformBase_double_3_3
Parameters: 0.9999970977323228 0.002207828068947362 0.00016737378551563757 -0.002206933654732202 0.9999874074533006 -0.004560784691922823 -0.0001773319365753312 0.004560213254271417 0.9999890937007407 0.11638821160333634 -0.2988081730154306 -0.22304444132151957
FixedParameters: 0 0 0
#Transform 11
Transform: MatrixOffsetTransformBase_double_3_3
Parameters: 0.9999979169732126 0.0019771329464980366 0.0004183741643777871 -0.001974289556766737 0.9999838413573651 -0.0053251106338095405 -0.0004291076589504291 0.0053238845202989715 0.9999853745816001 0.1113154674120409 -0.40823292628165575 -0.16532288001111795
FixedParameters: 0 0 0
#Transform 12
Transform: MatrixOffsetTransformBase_double_3_3
Parameters: 0.9999973561168358 0.0023757044013366104 -0.000004325339745574349 -0.002375658348495887 0.9999919889867879 -0.003055256692805347 -0.00000212804544065748 0.0030547442710674444 0.999995701007722 0.11409301249722148 -0.24408310081273044 -0.05039363595143698
FixedParameters: 0 0 0
#Transform 13
Transform: MatrixOffsetTransformBase_double_3_3
Parameters: 0.9999984893172922 0.0018693270695665134 -0.0001252030430858648 -0.0018703154944759482 0.9999830883881933 -0.0054219039264671864 0.00011497150461269483 0.005422094192261903 0.9999856042878171 0.1104902310394209 -0.26942083389204186 -0.27803617295018057
FixedParameters: 0 0 0
#Transform 14
Transform: MatrixOffsetTransformBase_double_3_3
Parameters: 0.9999991763132838 0.0006986803775699249 -0.0005797470599537206 -0.0007003321266255553 0.9999940344548075 -0.0033685791488533845 0.0005767563035718467 0.0033684222043873224 0.9999944482004427 0.1421654169836728 -0.24085307137741552 -0.07127311956351434
FixedParameters: 0 0 0
#Transform 15
Transform: MatrixOffsetTransformBase_double_3_3
Parameters: 0.9999987007923962 0.0017561255103298787 -0.00046584271064101235 -0.001757519139104099 0.9999869160868288 -0.0047914450598696146 0.0004566757186879938 0.004792548127228818 0.9999878579089057 0.15282465984444116 -0.19284367858097085 -0.17818390128107353
FixedParameters: 0 0 0
#Transform 16
Transform: MatrixOffsetTransformBase_double_3_3
Parameters: 0.9999990792014708 0.0008693787036459582 -0.00040624107755495313 -0.0008709026911542069 0.9999933161313532 -0.003592775938550896 0.0004028320306350943 0.0035932211275486736 0.9999929436934697 0.12870293143225808 -0.22606476896018535 -0.07668457087684999
FixedParameters: 0 0 0
#Transform 17
Transform: MatrixOffsetTransformBase_double_3_3
Parameters: 0.9999974021572746 0.0021207775807669397 -0.00031602653334434125 -0.0021219219648717378 0.999991208737927 -0.003500594337460583 0.00030910433603775403 0.0035014028245707873 0.9999936793240994 0.10925843559734005 -0.16445679511679145 -0.03854231232270422
FixedParameters: 0 0 0
#Transform 18
Transform: MatrixOffsetTransformBase_double_3_3
Parameters: 0.9999977025779944 0.0018768916611956795 -0.0008800044609130243 -0.0018818954512161423 0.9999840211101033 -0.005305578464512822 0.000869583038977448 0.005306417163481986 0.9999853737626231 0.12805507084587475 -0.23217406752239356 -0.1572820198517917
FixedParameters: 0 0 0
#Transform 19
Transform: MatrixOffsetTransformBase_double_3_3
Parameters: 0.9999977819661491 0.002009480214961306 -0.0004231966469250959 -0.0020112754479308884 0.999993373021675 -0.0030693985316740946 0.0004168035588122409 0.0030696036889895084 0.999995565213237 0.12678775268233267 -0.23357038396767393 -0.044564210390277026
FixedParameters: 0 0 0
#Transform 20
Transform: MatrixOffsetTransformBase_double_3_3
Parameters: 0.999997799674598 0.001873145932596107 -0.000832574893196635 -0.0018769599918293906 0.9999823181032689 -0.005568560692331845 0.0008220722740473273 0.005570438518888013 0.9999844423692692 0.1260168832133246 -0.32215416731249036 -0.27181870992329493
FixedParameters: 0 0 0
#Transform 21
Transform: MatrixOffsetTransformBase_double_3_3
Parameters: 0.9999977115172379 0.002282501721826544 -0.0002767846610189729 -0.0022843339286010133 0.9999901135997994 -0.0036926352726891765 0.00026897278848583053 0.0036933638330012564 0.9999933212937988 0.12662894785474066 -0.2996450445994725 -0.031932291140378766
FixedParameters: 0 0 0
#Transform 22
Transform: MatrixOffsetTransformBase_double_3_3
Parameters: 0.9999982921819472 0.0017123125439137445 -0.0008805938327291543 -0.0017173921191877385 0.9999851384637118 -0.005267741273656146 0.0008710557103635585 0.005269261552236226 0.9999856390823791 0.11989100768629157 -0.32044190846664833 -0.4086184015779111
FixedParameters: 0 0 0
#Transform 23
Transform: MatrixOffsetTransformBase_double_3_3
Parameters: 0.99999854545918 0.0017736776007919862 -0.0005557173723324988 -0.001777133824068242 0.9999786322897534 -0.00625013685900698 0.0005441676179594172 0.006250864872090353 0.9999807748276577 0.11068335031075094 -0.4365689670632946 -0.1927910685873968
FixedParameters: 0 0 0
#Transform 24
Transform: MatrixOffsetTransformBase_double_3_3
Parameters: 0.9999976344459004 0.002004584244832897 -0.0005877716118329117 -0.0020088412479926853 0.9999805223938356 -0.005855071072011386 0.0005760375819930908 0.0058559229625329695 0.99998253766399 0.10260523151426071 -0.3544532567697729 -0.2077806544451022
FixedParameters: 0 0 0
#Transform 25
Transform: MatrixOffsetTransformBase_double_3_3
Parameters: 0.999998190040824 0.0018799554836431052 -0.0005261928306062396 -0.0018822232033260337 0.9999839969633361 -0.005331276776107063 0.0005157861244079816 0.005332719204184808 0.999985332192815 0.11043271282248668 -0.34253892520993645 -0.3638099393386369
FixedParameters: 0 0 0
#Transform 26
Transform: MatrixOffsetTransformBase_double_3_3
Parameters: 0.9999984918377128 0.0017126671178749222 -0.0007583514931285061 -0.00171702844335848 0.9999820165610247 -0.005734822328767208 0.0007482031559927496 0.005736181115045466 0.9999836827377686 0.1048400761319499 -0.41952824862575255 -0.25099269405106384
FixedParameters: 0 0 0
#Transform 27
Transform: MatrixOffsetTransformBase_double_3_3
Parameters: 0.9999977498545374 0.001958865134564193 -0.0006422850706882264 -0.0019623008184848525 0.9999829674314746 -0.0054789922471381175 0.0006324351519228645 0.0054800078936153435 0.9999847320672539 0.11196194987742558 -0.32790323321741255 -0.19125475170392292
FixedParameters: 0 0 0
#Transform 28
Transform: MatrixOffsetTransformBase_double_3_3
Parameters: 0.9999985584850142 0.0010912430713337932 -0.0011185150516132996 -0.0010973067722366253 0.9999856559353701 -0.005290890309616075 0.0011122302836450244 0.005292106630899962 0.9999849021953889 0.11762200398516143 -0.35525283205765845 -0.38429779119383056
FixedParameters: 0 0 0
#Transform 29
Transform: MatrixOffsetTransformBase_double_3_3
Parameters: 0.9999979421312207 0.0018338273106332794 -0.0008336118650921712 -0.001838243758942613 0.9999849394800409 -0.005245722380688586 0.000823869057173908 0.00524728203093211 0.9999859506689986 0.119751551349637 -0.3874069919727532 -0.25888587833475185
FixedParameters: 0 0 0
#Transform 30
Transform: MatrixOffsetTransformBase_double_3_3
Parameters: 0.9999983237692176 0.0013552154520273952 -0.0009163277290309703 -0.0013596741871799202 0.99998612126055 -0.00518487740977519 0.000909659016757144 0.005186131353796808 0.9999864232454206 0.12027680199405211 -0.3284054583417486 -0.40978521610236385
FixedParameters: 0 0 0
#Transform 31
Transform: MatrixOffsetTransformBase_double_3_3
Parameters: 0.9999979391933403 0.0021812153131893163 -0.000551816276882573 -0.0021837139788119637 0.999982460588091 -0.005542195829751462 0.0005392575445820343 0.005543800617478084 0.9999840283772976 0.1145436481544948 -0.4214139779806061 -0.2596614079162265
FixedParameters: 0 0 0
#Transform 32
Transform: MatrixOffsetTransformBase_double_3_3
Parameters: 0.9999981756161209 0.001797932937738204 -0.0007692363853187409 -0.001802424339417875 0.9999816590761449 -0.005824867312052159 0.0007587766208209241 0.005826134465712743 0.9999826429884421 0.12732766944988327 -0.3607843176037022 -0.37350193955332145
FixedParameters: 0 0 0
#Transform 33
Transform: MatrixOffsetTransformBase_double_3_3
Parameters: 0.9999987751834649 0.0017018730570924128 -0.0005734949876990481 -0.0017048113361491533 0.999984210667189 -0.0053592709191464805 0.0005638986672041778 0.005359724736514568 0.9999851156003094 0.13001014544590817 -0.4949500043937576 -0.41062346839289887
FixedParameters: 0 0 0
#Transform 34
Transform: MatrixOffsetTransformBase_double_3_3
Parameters: 0.999999070139964 0.0008181241459904072 -0.0005102039159329702 -0.0008213278187674481 0.9999832767539034 -0.0057485864111904705 0.0005054747924655887 0.005749418993545849 0.9999836907914368 0.12674981420212816 -0.4182775391618492 -0.376352824518861
FixedParameters: 0 0 0
#Transform 35
Transform: MatrixOffsetTransformBase_double_3_3
Parameters: 0.9999979959615933 0.0017614362597364818 -0.0009495090697452212 -0.0017673557026935494 0.999976360613181 -0.00665957456663839 0.0009382414305595783 0.006661421774857193 0.999976909779677 0.10917516439319286 -0.5124487614345412 -0.43195968408512897
FixedParameters: 0 0 0
#Transform 36
Transform: MatrixOffsetTransformBase_double_3_3
Parameters: 0.9999979788956308 0.0015642900463757722 -0.0012553095380755507 -0.0015747581577073158 0.9999591564405221 -0.008949144446168775 0.0012407808495234064 0.008950871520551518 0.9999596139432254 0.09722101680308981 -0.5243473052820491 -0.5986521743139406
FixedParameters: 0 0 0
#Transform 37
Transform: MatrixOffsetTransformBase_double_3_3
Parameters: 0.99999843448731 0.00022808118014172924 -0.001585480448783371 -0.00024646460008164557 0.99993230211601 -0.01164147991496009 0.001582563577037699 0.011641524517516169 0.9999310739172548 0.09050499637386622 -0.4952353786681698 -0.6718744854386358
FixedParameters: 0 0 0
#Transform 38
Transform: MatrixOffsetTransformBase_double_3_3
Parameters: 0.9999980265049598 0.0017886573417719533 -0.0008802398675709886 -0.0017963897419529693 0.9999565097465596 -0.009116548164108937 0.0008636238762961972 0.009118449397492595 0.9999582555478224 0.09069504066253842 -0.6146470845911551 -0.5487169317226943
FixedParameters: 0 0 0
#Transform 39
Transform: MatrixOffsetTransformBase_double_3_3
Parameters: 0.9999982957355045 0.0017948017487126307 -0.00069518623067763 -0.0018004775711937494 0.9999618341812646 -0.008530000602357285 0.0006798571345106167 0.008530988910590814 0.9999629200008714 0.09848229614046033 -0.5005853807295466 -0.5003183414004155
FixedParameters: 0 0 0
#Transform 40
Transform: MatrixOffsetTransformBase_double_3_3
Parameters: 0.9999977671658649 0.0014217450943871854 -0.001487672998091377 -0.001435173003573275 0.9999535171557519 -0.009546977774590584 0.0014735693067956844 0.009549017210378236 0.9999529171015556 0.12116193106058404 -0.5236637594336457 -0.6122637674287716
FixedParameters: 0 0 0
#Transform 41
Transform: MatrixOffsetTransformBase_double_3_3
Parameters: 0.9999974408128344 0.002128957859491485 0.00016111718677658596 -0.002127872625151475 0.9999632997950285 -0.008322641455876564 -0.00017916866825194353 0.008322365457523559 0.999965610391061 0.0955150120776409 -0.5181270069026453 -0.4558383585898724
FixedParameters: 0 0 0
#Transform 42
Transform: MatrixOffsetTransformBase_double_3_3
Parameters: 0.9999993109071486 0.0006235104457424034 -0.0011404951460086154 -0.0006343476644363048 0.9999547568073842 -0.00952427170446811 0.0011341492359952623 0.009524736395718908 0.9999541176307201 0.11872636100005707 -0.4851805024242708 -0.5566608623474991
FixedParameters: 0 0 0
#Transform 43
Transform: MatrixOffsetTransformBase_double_3_3
Parameters: 0.9999989272158223 0.0016602595547999734 -0.0005613401465353926 -0.001665367628868679 0.9999664690448509 -0.008037318179688363 0.0005482291587622978 0.008037679650218649 0.9999672531899686 0.10616756454190579 -0.5311592813032178 -0.48597520759555835
FixedParameters: 0 0 0
#Transform 44
Transform: MatrixOffsetTransformBase_double_3_3
Parameters: 0.9999979203780929 0.0016301860000099942 -0.0006500552108242522 -0.0016361111400677118 0.9999560745751149 -0.009225066232345522 0.0006342708450451065 0.009225939024788216 0.9999576223007899 0.13204897097702428 -0.4526432607696904 -0.51997573677518
FixedParameters: 0 0 0
#Transform 45
Transform: MatrixOffsetTransformBase_double_3_3
Parameters: 0.9999987297967865 0.00113010121165452 -0.0009963305176799114 -0.0011395824077634947 0.9999584279706839 -0.009007855178872731 0.0009858758429834391 0.009009138788682744 0.9999589923509019 0.11343627750252949 -0.533361784168676 -0.5732127744214921
FixedParameters: 0 0 0
#Transform 46
Transform: MatrixOffsetTransformBase_double_3_3
Parameters: 0.9999985259687426 0.0014505927313222665 -0.0011703483898186792 -0.0014615828620034384 0.9999544165393457 -0.009397288063053316 0.0011566746104133586 0.009399710558637794 0.9999554417833862 0.10912286520887449 -0.4958353073380266 -0.4445480558118078
FixedParameters: 0 0 0
#Transform 47
Transform: MatrixOffsetTransformBase_double_3_3
Parameters: 0.9999987711156956 0.0011968350353991962 -0.0008922457187701281 -0.0012064595810392716 0.9999392489907168 -0.011012071786860672 0.0008796049096203662 0.011013942162292428 0.9999389421432462 0.11565866486259324 -0.48862709045650377 -0.6239113686905995
FixedParameters: 0 0 0
#Transform 48
Transform: MatrixOffsetTransformBase_double_3_3
Parameters: 0.9999988026104322 0.0017471322851590433 -0.0003802343525367236 -0.0017504329925750262 0.9999636987001146 -0.008378608254365968 0.00036566887021560653 0.008379395057442396 0.9999646860236548 0.11786943241293102 -0.5726488608416389 -0.4277106059792146
FixedParameters: 0 0 0
#Transform 49
Transform: MatrixOffsetTransformBase_double_3_3
Parameters: 0.9999989366938727 0.000560026077729065 -0.0013226232672612101 -0.0005720312614849394 0.9999520466269016 -0.009823241084953499 0.0013177369783722093 0.009823769700980353 0.9999508829007192 0.11718639295992261 -0.4677718340032726 -0.5993027542501892
FixedParameters: 0 0 0
#Transform 50
Transform: MatrixOffsetTransformBase_double_3_3
Parameters: 0.9999988692844382 0.0007501511201608918 -0.0007540158277331407 -0.0007568742250166089 0.9999583352878676 -0.00905341256431405 0.0007465286177500822 0.00905357733750635 0.9999585989577523 0.12516254943828642 -0.5579988941003364 -0.50435641980458
FixedParameters: 0 0 0
#Transform 51
Transform: MatrixOffsetTransformBase_double_3_3
Parameters: 0.9999996133632585 0.0008305664873260793 -0.0008342556714514901 -0.0008389009580260656 0.9999565795138872 -0.009305296189934448 0.0008268599618720106 0.009305716876504791 0.9999568452581891 0.09656308456150953 -0.48719789311087425 -0.5592094108626782
FixedParameters: 0 0 0
#Transform 52
Transform: MatrixOffsetTransformBase_double_3_3
Parameters: 0.9999981397563453 0.0012930548630786139 -0.001090400339996697 -0.0013043676609705436 0.9999415397252288 -0.01070055953914198 0.00107617088720929 0.010701441512927165 0.9999425704975261 0.09689237907453219 -0.6137599124581214 -0.6056022145751285
FixedParameters: 0 0 0
#Transform 53
Transform: MatrixOffsetTransformBase_double_3_3
Parameters: 0.9999983096099049 0.0019044774468596223 -0.00025198640677741383 -0.001906740490853946 0.9999531203922082 -0.00949779531180675 0.00023363260750665309 0.009498203088139007 0.9999547609891279 0.07131454614473398 -0.5507695556698451 -0.5151634996015844
FixedParameters: 0 0 0
#Transform 54
Transform: MatrixOffsetTransformBase_double_3_3
Parameters: 0.9999985381868787 0.0016728873498861715 -0.0008142004361752562 -0.0016829671010959054 0.9999219779879644 -0.012370766104141964 0.0007935799687739942 0.012372239194207865 0.999923440130274 0.10256063728060383 -0.6028761018734627 -0.6630324882250136
FixedParameters: 0 0 0
#Transform 55
Transform: MatrixOffsetTransformBase_double_3_3
Parameters: 0.9999985926177961 0.0018333959489397755 -0.00021166674546889923 -0.0018359442255814033 0.9999581552198286 -0.008968884163872495 0.0001947493757201093 0.008969112180536448 0.9999595481360022 0.08955806409653633 -0.5943024004725714 -0.5023319717997623
FixedParameters: 0 0 0
#Transform 56
Transform: MatrixOffsetTransformBase_double_3_3
Parameters: 0.9999994905604391 0.0007878727904958448 -0.0009427060210301702 -0.0007988167793142189 0.9999290423370978 -0.011882239437601902 0.0009334521546273332 0.011882761993971688 0.999929050518681 0.1034919775006955 -0.557179297321369 -0.6348158263288752
FixedParameters: 0 0 0
#Transform 57
Transform: MatrixOffsetTransformBase_double_3_3
Parameters: 0.9999990055912531 0.0013022373771677954 -0.0005455124443032414 -0.0013083957316012164 0.9999479084062258 -0.010166432232272607 0.0005324580933670669 0.010167580539744467 0.999948355831676 0.10723239362279458 -0.6346874052263871 -0.5523093934670129
FixedParameters: 0 0 0
#Transform 58
Transform: MatrixOffsetTransformBase_double_3_3
Parameters: 0.9999984902578406 0.0014837834840873922 -0.0005542528483550235 -0.0014899288608933667 0.9999465876206906 -0.010249306512989553 0.000539244503459656 0.010249707680082917 0.9999477923413439 0.10566110571915033 -0.5395013054065316 -0.5864721419813037
FixedParameters: 0 0 0
#Transform 59
Transform: MatrixOffsetTransformBase_double_3_3
Parameters: 0.9999991860417743 0.00042459247907501057 -0.001277868673390731 -0.000438759319808797 0.9999395431557915 -0.010961302108512136 0.001273648058068675 0.010961696452135267 0.9999393266094228 0.10953858228909041 -0.6028245062180986 -0.5968901213730788
FixedParameters: 0 0 0
#Transform 60
Transform: MatrixOffsetTransformBase_double_3_3
Parameters: 0.9999990154022492 0.0015651073963429934 -0.000731833685306812 -0.0015716166264006168 0.9999555423846301 -0.009264972855946352 0.0007169887579699583 0.009266020431512728 0.9999567702858086 0.1068065147956645 -0.5431378654545398 -0.46293493759486637
FixedParameters: 0 0 0
#Transform 61
Transform: MatrixOffsetTransformBase_double_3_3
Parameters: 0.9999963990842702 0.0024892139488038156 -0.00118447799461778 -0.0025000890847359505 0.9999568271837472 -0.008922422840277056 0.0011628335037746338 0.008925570378853886 0.9999592929352271 0.07997144181166504 -0.5752604976179327 -0.5502304560016995
FixedParameters: 0 0 0
#Transform 62
Transform: MatrixOffsetTransformBase_double_3_3
Parameters: 0.9999950418679718 0.002886719018671728 -0.0007913307716335602 -0.0028937793065224623 0.9999517450246885 -0.009357235042038878 0.0007634824165319143 0.009358761812376881 0.9999561483180137 0.08236047589291218 -0.609838504559221 -0.3658788515505904
FixedParameters: 0 0 0
#Transform 63
Transform: MatrixOffsetTransformBase_double_3_3
Parameters: 0.9999956042237758 0.002979957316473784 -0.0007183894877807204 -0.002985948637663071 0.9999558634333642 -0.008944529450935282 0.0006923891902034136 0.008946477795007152 0.9999596932072746 0.11893241793084997 -0.4915588772517765 -0.2301534871340607
FixedParameters: 0 0 0
#Transform 64
Transform: MatrixOffsetTransformBase_double_3_3
Parameters: 0.9999961376504144 0.0020568533554957157 -0.0016221680902745645 -0.0020738332916254436 0.9999420759003339 -0.01054575370986087 0.0016005656814610518 0.010549253354560431 0.9999435555928028 0.14604556156587023 -0.5515856557737209 -0.47625966940874775
FixedParameters: 0 0 0
#Transform 65
Transform: MatrixOffsetTransformBase_double_3_3
Parameters: 0.999996527895003 0.0023385900374786645 -0.0010021182765112898 -0.002346456873150443 0.9999627095644349 -0.008275902203329716 0.0009823851268863353 0.008278101538519489 0.9999657982734174 0.14001181022634057 -0.5197768276812553 -0.23109940219468683
FixedParameters: 0 0 0
#Transform 66
Transform: MatrixOffsetTransformBase_double_3_3
Parameters: 0.9999975102107258 0.0020594578368257547 -0.0004981245140948118 -0.002064476284256446 0.9999478718980493 -0.009985236257286645 0.0004775031747736753 0.009985764451589663 0.9999502126900416 0.15698598005486986 -0.4819856322327496 -0.47299006766213836
FixedParameters: 0 0 0
#Transform 67
Transform: MatrixOffsetTransformBase_double_3_3
Parameters: 0.9999996677365688 0.0009078047245950965 -0.0007131788978452426 -0.0009124510080620276 0.9999772504773783 -0.006617333602255249 0.0007065597724384256 0.006617659830897002 0.9999778337022484 0.1633213496947974 -0.5645289284092314 -0.2656174763691439
FixedParameters: 0 0 0
#Transform 68
Transform: MatrixOffsetTransformBase_double_3_3
Parameters: 0.9999988430415406 0.0007314206818067783 -0.001619487699500818 -0.0007431851077891749 0.9999704385413698 -0.007600642242702821 0.0016136528463120993 0.007601353043399955 0.9999698523738672 0.15951255463444625 -0.45252788579527703 -0.3275231683353752
FixedParameters: 0 0 0
#Transform 69
Transform: MatrixOffsetTransformBase_double_3_3
Parameters: 0.9999974325826649 0.002011067065448799 -0.0012340512684864318 -0.0020202192931242586 0.9999707204724709 -0.007409754488849396 0.0012191243871031464 0.007412249793939216 0.9999718645752576 0.12708984734247508 -0.4543544627172622 -0.3082160389022732
FixedParameters: 0 0 0
#Transform 70
Transform: MatrixOffsetTransformBase_double_3_3
Parameters: 0.9999986816920903 0.000264267040970281 -0.0014995693531640153 -0.0002782577580572772 0.9999581903622071 -0.009144448875610472 0.0014968770591856676 0.00914455460426579 0.9999572439442206 0.14161851403508763 -0.513212251056359 -0.49854616229440296
FixedParameters: 0 0 0
#Transform 71
Transform: MatrixOffsetTransformBase_double_3_3
Parameters: 0.9999982630757921 0.0009326608753639834 -0.0013664152510264726 -0.000943679115570283 0.9999670552886105 -0.008111694271362643 0.0013588118581062214 0.008112319182137881 0.9999665963352161 0.15488550832260728 -0.48876599649869945 -0.35420541348824486
FixedParameters: 0 0 0
#Transform 72
Transform: MatrixOffsetTransformBase_double_3_3
Parameters: 0.9999988467646287 0.0008575301518412911 -0.001554798822384861 -0.0008713449485514293 0.9999586248402028 -0.009027512192100698 0.0015474069641661415 0.009029486794937203 0.9999581908582653 0.1547744522762713 -0.5984269735324403 -0.44533061383418726
FixedParameters: 0 0 0
#Transform 73
Transform: MatrixOffsetTransformBase_double_3_3
Parameters: 0.9999982600814348 0.0012152154962344762 -0.0011239024126257632 -0.0012245870185668248 0.9999682508642551 -0.007872727010805936 0.0011136942860337656 0.007873266031722087 0.9999680390082835 0.13540184825173185 -0.5165578501652277 -0.2975182328894448
FixedParameters: 0 0 0
#Transform 74
Transform: MatrixOffsetTransformBase_double_3_3
Parameters: 0.9999989468141679 0.0005330824160879879 -0.0016641138036733302 -0.0005494734643666112 0.9999528222403339 -0.009682951057259664 0.0016586128296443617 0.009684042508081053 0.9999515797516981 0.14622787854412422 -0.5100659518233641 -0.514677370107151
FixedParameters: 0 0 0
#Transform 75
Transform: MatrixOffsetTransformBase_double_3_3
Parameters: 0.9999985148577486 0.0017244766140530384 -0.0007151181612590303 -0.001730250408033962 0.9999646156057206 -0.008260019013548212 0.000700929452515027 0.008260981514557439 0.9999654250801685 0.1537257803869494 -0.5113910324456725 -0.2861875942740113
FixedParameters: 0 0 0
#Transform 76
Transform: MatrixOffsetTransformBase_double_3_3
Parameters: 0.999997990978776 0.0006006430169409047 -0.0021560724528855942 -0.0006207243576921431 0.9999562820178833 -0.009279386225496913 0.002150189460654734 0.009280601830668936 0.9999544683476937 0.13871843591063282 -0.4692895674994304 -0.3985973724560239
FixedParameters: 0 0 0
#Transform 77
Transform: MatrixOffsetTransformBase_double_3_3
Parameters: 0.999998365777564 0.0009615331831157647 -0.0013073938332591175 -0.000973888335599186 0.9999549720791712 -0.009476833307027505 0.0012985215435654374 0.009477164458064555 0.9999537625105391 0.15235524926357868 -0.5131270489446251 -0.40455228401818033
FixedParameters: 0 0 0
#Transform 78
Transform: MatrixOffsetTransformBase_double_3_3
Parameters: 0.9999992679202052 0.0006586478481673056 -0.0011389476868662578 -0.0006690664330476454 0.9999599762510765 -0.008969234805088946 0.0011337953637304997 0.008969777675825366 0.9999593843908603 0.1456471054244446 -0.4364783513626236 -0.40191831294389146
FixedParameters: 0 0 0
#Transform 79
Transform: MatrixOffsetTransformBase_double_3_3
Parameters: 0.9999980122154257 0.0008384923071908426 -0.0015114013337932915 -0.000853492705545719 0.9999522604145665 -0.009683558342365867 0.0015032333596533645 0.009684435725271362 0.9999521876087889 0.14966908845998717 -0.5448996188869017 -0.5065387100355423
FixedParameters: 0 0 0
#Transform 80
Transform: MatrixOffsetTransformBase_double_3_3
Parameters: 0.9999970854628104 0.0021148381650964087 -0.0006638845121428615 -0.0021217823818899142 0.9999505573478816 -0.00968385454951265 0.0006432826948415222 0.009685140040569723 0.9999529444577865 0.14421284017480218 -0.47942394777170705 -0.32065389313355297
FixedParameters: 0 0 0
#Transform 81
Transform: MatrixOffsetTransformBase_double_3_3
Parameters: 0.9999980392766136 0.001371233621943256 -0.001442169330537359 -0.0013879346731128109 0.9999330659363883 -0.011477989867538882 0.001426514408033932 0.011480015732239932 0.9999334294511951 0.13458946845524622 -0.5234040364749575 -0.547111168686115
FixedParameters: 0 0 0
#Transform 82
Transform: MatrixOffsetTransformBase_double_3_3
Parameters: 0.9999976583398233 0.0022480163650446037 -0.0005363617163540468 -0.0022533701997072514 0.9999504607234795 -0.009716204654994787 0.000514171381977726 0.009717792681508741 0.9999523527543455 0.11504017631392571 -0.5249108033502949 -0.3424607031334119
FixedParameters: 0 0 0
#Transform 83
Transform: MatrixOffsetTransformBase_double_3_3
Parameters: 0.9999981118054595 0.0013665555206951558 -0.0010101551453146126 -0.0013770433304811952 0.9999478144169021 -0.010155740063199248 0.0009961164930667996 0.010157267589723531 0.9999479828565802 0.15631434275377387 -0.5443983297013517 -0.5141456759214549
FixedParameters: 0 0 0
#Transform 84
Transform: MatrixOffsetTransformBase_double_3_3
Parameters: 0.9999978278514627 0.0018388742970865336 -0.0008893507953104886 -0.001846655104599755 0.9999571822987553 -0.009123624475844971 0.0008727843000805805 0.009125388173051557 0.9999581287974135 0.14690927211579208 -0.5480500414084446 -0.3200352857577258
FixedParameters: 0 0 0
#Transform 85
Transform: MatrixOffsetTransformBase_double_3_3
Parameters: 0.9999983233248618 0.0006216310197559457 -0.0018141721869460218 -0.0006415526825309253 0.9999388571558422 -0.011027704760436657 0.0018066837013734167 0.011029284626064548 0.9999372030410542 0.15275454857533077 -0.5364827390441178 -0.5324598871890203
FixedParameters: 0 0 0
#Transform 86
Transform: MatrixOffsetTransformBase_double_3_3
Parameters: 0.9999986968450963 0.0007678237670438331 -0.0013087880924922684 -0.0007806963675305791 0.9999495154600246 -0.009987844049142977 0.0013016684618014289 0.0099891581548604 0.9999496360066179 0.1541385600234122 -0.569380612878021 -0.32580980467592724
FixedParameters: 0 0 0
#Transform 87
Transform: MatrixOffsetTransformBase_double_3_3
Parameters: 0.9999984851434117 0.0006486794214408346 -0.0014471355036169207 -0.0006625961765232979 0.9999534414433833 -0.009643033749285684 0.001440724629630246 0.009643961253146038 0.9999520451224772 0.1478893659730005 -0.5094694290732633 -0.49145784306780627
FixedParameters: 0 0 0
#Transform 88
Transform: MatrixOffsetTransformBase_double_3_3
Parameters: 0.9999983277720652 0.0013941624054647909 -0.001315320579231254 -0.0014050956404245741 0.9999581622184436 -0.009039275682318063 0.001302457781171359 0.009041714924282657 0.9999577008683741 0.1339451282576647 -0.5470373831409034 -0.42426861034384444
FixedParameters: 0 0 0
#Transform 89
Transform: MatrixOffsetTransformBase_double_3_3
Parameters: 0.999997336160402 0.0018801208886895925 -0.00106204581002023 -0.0018927372172981103 0.9999295744055703 -0.011733258558611848 0.001040391596093533 0.011735741228875315 0.9999303549747148 0.12344968462160466 -0.4658073254751969 -0.5403510888338019
FixedParameters: 0 0 0
#Transform 90
Transform: MatrixOffsetTransformBase_double_3_3
Parameters: 0.9999977701460913 0.0017332555398086244 -0.0011073005413410972 -0.0017448890597414066 0.9999436184575186 -0.010490312938531574 0.001088472974146709 0.010491682163301236 0.9999440232883932 0.12427458232316724 -0.640248376100061 -0.5095733162862359
FixedParameters: 0 0 0
#Transform 91
Transform: MatrixOffsetTransformBase_double_3_3
Parameters: 0.9999976204738649 0.0019814380321468484 -0.0006739009753960335 -0.001988512037955053 0.9999320467277547 -0.011438796719831834 0.0006516272503382552 0.011440203189442402 0.9999348405775639 0.11011573732579905 -0.5253547999763271 -0.3786399899976942
FixedParameters: 0 0 0
#Transform 92
Transform: MatrixOffsetTransformBase_double_3_3
Parameters: 0.9999983791068435 0.0013004947904781171 -0.0009646117476042496 -0.0013134823134222924 0.9999036164640502 -0.013802736038854513 0.0009459295590567011 0.013804267282464477 0.9999046709690582 0.13067127775157417 -0.518211559469691 -0.6070906301651888
FixedParameters: 0 0 0
#Transform 93
Transform: MatrixOffsetTransformBase_double_3_3
Parameters: 0.9999985083172118 0.0018220502724196907 -0.0004130229068718773 -0.001826682928218923 0.9999479547904898 -0.010027501829922264 0.00039514123678898025 0.010027492687821743 0.9999494468384202 0.1326297915082506 -0.5686874040490437 -0.35728053283166616
FixedParameters: 0 0 0
#Transform 94
Transform: MatrixOffsetTransformBase_double_3_3
Parameters: 0.9999977008114225 0.002027731228025701 -0.00043276922093002027 -0.0020338508112995157 0.9998967934406315 -0.014213406377648896 0.00040352572103025786 0.01421458716179344 0.9998988110246202 0.12359666490306154 -0.5629120342920544 -0.6071381445697313
FixedParameters: 0 0 0
#Transform 95
Transform: MatrixOffsetTransformBase_double_3_3
Parameters: 0.999997899624498 0.0020109307734193383 -0.0002354449445589052 -0.0020140018668474403 0.9999333613560532 -0.011337801025474922 0.00021274251236489143 0.01133818537726855 0.9999354294081131 0.13602062191434072 -0.6330474713103627 -0.3990410479715081
FixedParameters: 0 0 0
#Transform 96
Transform: MatrixOffsetTransformBase_double_3_3
Parameters: 0.999999321201503 0.0006612777082523358 -0.0004910276034908339 -0.0006692434663474882 0.9998729038168619 -0.015925676905296907 0.00048095061611290127 0.015926323552979044 0.9998731101691185 0.13353601843647311 -0.5901088037558679 -0.7446666731320164
FixedParameters: 0 0 0
#Transform 97
Transform: MatrixOffsetTransformBase_double_3_3
Parameters: 0.9999998034023782 0.0007172758510932452 -0.0008260292502434713 -0.000727671955888971 0.9999208437808182 -0.0125544035179629 0.0008166268977199731 0.012555590334051167 0.9999206911302023 0.1400105086705139 -0.7060400074405777 -0.47447930179744446
FixedParameters: 0 0 0
#Transform 98
Transform: MatrixOffsetTransformBase_double_3_3
Parameters: 0.999999229917111 0.0005303243614263298 -0.000699182990052745 -0.0005403190127956646 0.9998948598996711 -0.014447479516004655 0.0006914623230700704 0.014447516880158814 0.9998958876907454 0.152527223710905 -0.6788476533758683 -0.5994315542823756
FixedParameters: 0 0 0
#Transform 99
Transform: MatrixOffsetTransformBase_double_3_3
Parameters: 0.9999993567264676 0.0005884987971358082 -0.0005451648534159477 -0.0005941784863555328 0.9999318789607388 -0.01169380836129151 0.0005384825676903914 0.011694190355599501 0.9999309691142165 0.1438949511760086 -0.6452091302593317 -0.44349197438525323
FixedParameters: 0 0 0
#Transform 100
Transform: MatrixOffsetTransformBase_double_3_3
Parameters: 0.9999992157300133 0.0004436665433015444 -0.0007663523965357313 -0.00045479580395965815 0.9998952623754197 -0.014470643024153448 0.0007599768232430742 0.014470362797806016 0.9998951405222707 0.14863380795947023 -0.6301980963224025 -0.6646669774838614
FixedParameters: 0 0 0
#Transform 101
Transform: MatrixOffsetTransformBase_double_3_3
Parameters: 0.9999980757885506 0.0016940268989798352 -0.00023339116229908905 -0.0016965916550998148 0.9999284508503137 -0.011858878970811657 0.0002140007591907545 0.01185911981735048 0.9999293430949776 0.16196763005403625 -0.6145088509535412 -0.4511062112016333
FixedParameters: 0 0 0
#Transform 102
Transform: MatrixOffsetTransformBase_double_3_3
Parameters: 0.9999997833919939 0.0004340080481860247 0.00016796973678436737 -0.0004304177450102484 0.9998144090465113 -0.019245064524448074 -0.00017714509199286688 0.01924491533073447 0.9998145660435612 0.17737860833688046 -0.7272005659149983 -1.149657915827916
FixedParameters: 0 0 0
#Transform 103
Transform: MatrixOffsetTransformBase_double_3_3
Parameters: 0.9999998927678442 0.0002220861983181279 0.0002407793449152233 -0.00021707808796339048 0.9998439105885831 -0.017664051546088147 -0.0002450409689515491 0.017663944844970192 0.9998438997494222 0.1677005088734944 -0.8089228571047329 -0.9010073730509873
FixedParameters: 0 0 0
#Transform 104
Transform: MatrixOffsetTransformBase_double_3_3
Parameters: 0.9999998605284943 0.00018224352185172398 0.0003260020357241743 -0.000177284062887918 0.9998914522737414 -0.014748064947493186 -0.00032866911911387677 0.014747947243865106 0.9998913773953887 0.19363643779657025 -0.8917773685678014 -0.670736366353907
FixedParameters: 0 0 0
#Transform 105
Transform: MatrixOffsetTransformBase_double_3_3
Parameters: 0.9999996990756367 0.00028746498626948755 0.00046694313583016953 -0.0002799410263474095 0.9998715570618683 -0.016042140950774803 -0.000472027576358215 0.01604187453097465 0.9998714170810744 0.18954227256661227 -0.7662368115753964 -0.7162265712687343
FixedParameters: 0 0 0
#Transform 106
Transform: MatrixOffsetTransformBase_double_3_3
Parameters: 0.9999995186596812 0.00033030016107577317 0.0006100610349743843 -0.00032023444019975634 0.999860631852405 -0.016684205868044366 -0.0006155140673007437 0.01668477311410564 0.9998601032599709 0.20513080681811857 -0.7726496993029883 -0.748266234716823
FixedParameters: 0 0 0
#Transform 107
Transform: MatrixOffsetTransformBase_double_3_3
Parameters: 0.9999999596652824 -0.00012524583567508473 -0.0001574500147900172 0.00012217667025508883 0.9998857215284247 -0.015141030399598118 0.00015895246984697225 0.015140991243626056 0.9998857117619854 0.23329243885906692 -0.6646404499854413 -0.5914304301058166
FixedParameters: 0 0 0
#Transform 108
Transform: MatrixOffsetTransformBase_double_3_3
Parameters: 0.9999999841453527 -0.00007382851558704689 -0.00010226126582700088 0.00007127660093614727 0.9998630460114846 -0.01658102472812155 0.00010354546001748375 0.016581009782503917 0.999863040639605 0.23591888786744164 -0.6477721943992094 -0.6862436644070016
FixedParameters: 0 0 0
#Transform 109
Transform: MatrixOffsetTransformBase_double_3_3
Parameters: 0.9999998854286237 0.0002285279173422818 -0.0002496254845478255 -0.00023275496456531187 0.999840227763313 -0.017851929066094896 0.00024582517696138356 0.017852043332487008 0.9998402195411724 0.23473234568719192 -0.7208171351298347 -0.7068881367732729
FixedParameters: 0 0 0
#Transform 110
Transform: MatrixOffsetTransformBase_double_3_3
Parameters: 0.9999997147831196 0.00023311787226482853 -0.0004803518346815586 -0.00024101828656620638 0.999868907711226 -0.016186883647497083 0.0004767200563009564 0.016187110541218075 0.9998687348591375 0.2108513738965172 -0.6630129868940031 -0.6090955120612307
FixedParameters: 0 0 0
#Transform 111
Transform: MatrixOffsetTransformBase_double_3_3
Parameters: 0.9999993948858324 0.00009730239650644564 -0.0007720451415580501 -0.00011226688711314953 0.9998323017838161 -0.018320919061188476 0.0007694826852419176 0.01832108059544843 0.9998317185817283 0.2194650018450517 -0.645716389978233 -0.7404482803135721
FixedParameters: 0 0 0
#Transform 112
Transform: MatrixOffsetTransformBase_double_3_3
Parameters: 0.999999769830957 0.000048217020099553426 -0.00047730935559804063 -0.00005618273065852917 0.9998560301570533 -0.016939844047941965 0.0004764793830936807 0.01694015264550383 0.9998567713173258 0.2312957246238625 -0.7129499258674201 -0.705760088406393
FixedParameters: 0 0 0
#Transform 113
Transform: MatrixOffsetTransformBase_double_3_3
Parameters: 0.9999996541501955 0.0005836153899368517 -0.00007302574248003291 -0.0005846685127022472 0.9998484325793735 -0.017383953377264158 0.00006262916960725095 0.017384032611727135 0.9998487691798545 0.23324913309373585 -0.7299211403498163 -0.6037363772405087
FixedParameters: 0 0 0
#Transform 114
Transform: MatrixOffsetTransformBase_double_3_3
Parameters: 0.999999625931016 -0.00017949172292359967 -0.0005847288662734891 0.00016854500550283238 0.9998141203272047 -0.019256971722305116 0.0005878823920787366 0.019257026453996143 0.9998147727009088 0.2269197784779351 -0.6636851335543668 -0.8324434493221986
FixedParameters: 0 0 0
#Transform 115
Transform: MatrixOffsetTransformBase_double_3_3
