#Insight Transform File V1.0
#Transform 0
Transform: MatrixOffsetTransformBase_double_3_3
Parameters: 0.9999998242377321 -0.0006909513569712825 -0.0008353285596324299 0.0006901094098988979 0.9999994502658397 -0.0010965943799666755 0.0008367123680414447 0.001096405709915288 0.9999989693458601 -0.046605139144872965 -0.12014445631142223 -0.04376210691786753
FixedParameters: 0 0 0
#Transform 1
Transform: MatrixOffsetTransformBase_double_3_3
Parameters: 0.9999998111281008 0.00041104720949815753 -0.00014111008121840853 -0.00041121287061974876 0.99999948522899 -0.0005879417706259604 0.00014062659167629504 0.0005880576006657701 0.9999996344114801 -0.031916334476406405 -0.08310743436761925 0.0012705549505369618
FixedParameters: 0 0 0
#Transform 2
Transform: MatrixOffsetTransformBase_double_3_3
Parameters: 0.9999993681990867 0.0003240309830810727 -0.0007260999261581902 -0.0003251088698940505 0.9999988611795753 -0.0014257638911097381 0.0007250437248609746 0.0014262348885176745 0.9999984400665533 -0.04266104447692953 -0.0715479826587142 -0.052091315397660765
FixedParameters: 0 0 0
#Transform 3
Transform: MatrixOffsetTransformBase_double_3_3
Parameters: 1.0000001285790396 0.0005795021050271559 -0.0007318602984684591 -0.0005804721135524163 0.9999986187162377 -0.0014295751118769406 0.0007310624522662021 0.001430423587442109 0.9999984200615718 -0.04699539584024137 -0.10717362475214998 -0.0014059905451375698
FixedParameters: 0 0 0
#Transform 4
Transform: MatrixOffsetTransformBase_double_3_3
Parameters: 0.9999988648352879 0.0013016597458191939 -0.0006638972515323046 -0.0013025074913590236 0.9999974754498387 -0.0016811372379012812 0.0006623608423169875 0.0016828641382158616 0.9999987311286824 -0.0713212762498614 -0.05504815137872754 -0.039375908926615466
FixedParameters: 0 0 0
#Transform 5
Transform: MatrixOffsetTransformBase_double_3_3
Parameters: 0.9999985838768394 0.0013672768469349442 -0.0007392352988423146 -0.0013683798665084848 0.9999981484209925 -0.0016831044644106952 0.0007374736198930926 0.0016838996038307796 0.9999987670974968 -0.08121524040005568 -0.12550104005022433 -0.01926146652866123
FixedParameters: 0 0 0
#Transform 6
Transform: MatrixOffsetTransformBase_double_3_3
Parameters: 0.9999991589106513 0.0016055269572034312 -0.0005126175209264731 -0.001606296037063863 0.999998391974466 -0.0010053079938487364 0.0005113693114937052 0.0010066936076605082 0.9999997428606265 -0.0785753984778097 -0.07297147758892208 -0.002461970168369021
FixedParameters: 0 0 0
#Transform 7
Transform: MatrixOffsetTransformBase_double_3_3
Parameters: 0.9999980788583142 0.001455849816301058 -0.00089553165817089 -0.0014577467796381732 0.9999956673722493 -0.00246180921811176 0.0008920616344420978 0.002463188641460723 0.9999962836515225 -0.06982864376868747 -0.058572482853648467 -0.058603600466639705
FixedParameters: 0 0 0
#Transform 8
Transform: MatrixOffsetTransformBase_double_3_3
Parameters: 0.9999988464296372 0.0013044751405641018 -0.00067253721313096 -0.0013056660755849919 0.9999978361182182 -0.00182023733304984 0.000669637804924905 0.0018207642217057118 0.999998381859271 -0.07728070236419171 -0.11212601363853025 0.006616860713137385
FixedParameters: 0 0 0
#Transform 9
Transform: MatrixOffsetTransformBase_double_3_3
Parameters: 0.999998262642985 0.0015945555663075242 -0.0004423785951412235 -0.0015944989648522157 0.9999980364887691 -0.0015025390284464368 0.0004404308395186243 0.0015024631269803246 0.9999987111332016 -0.08547806474243203 -0.07116986540731318 -0.01886410104484071
FixedParameters: 0 0 0
#Transform 10
Transform: MatrixOffsetTransformBase_double_3_3
Parameters: 0.9999988816481579 0.0012244821286536373 -0.000786419801535652 -0.0012265138449369267 0.9999966402861409 -0.002174021173444396 0.0007839339072513182 0.0021749797147742334 0.9999977844436628 -0.0878465029695974 -0.12180563067964556 -0.04402786768679334
FixedParameters: 0 0 0
#Transform 11
Transform: MatrixOffsetTransformBase_double_3_3
Parameters: 0.9999986632434016 0.00139307724834567 -0.0006294672128398896 -0.0013936269972502327 0.9999976791611217 -0.0015362531465221985 0.0006280278494863848 0.0015377464623556603 0.9999982593396518 -0.07584597159724638 -0.10135712474395575 0.006051688850831738
FixedParameters: 0 0 0
#Transform 12
Transform: MatrixOffsetTransformBase_double_3_3
Parameters: 0.9999988615533075 0.0012336648534575665 -0.0007848549869686474 -0.0012359613594641948 0.9999968133263281 -0.002348145809097396 0.0007818988651017684 0.0023488557144859257 0.9999970172979398 -0.08562011347819976 -0.0672590456324258 -0.046751976330114076
FixedParameters: 0 0 0
#Transform 13
Transform: MatrixOffsetTransformBase_double_3_3
Parameters: 0.9999999848023441 0.0009110270005010147 -0.00043113876372533435 -0.0009112826707841555 0.9999984585481569 -0.0016017201809602477 0.00042908124984578533 0.0016012792282944777 0.9999983966462228 -0.07315382149639049 -0.09486534407541569 -0.007679843042652124
FixedParameters: 0 0 0
#Transform 14
Transform: MatrixOffsetTransformBase_double_3_3
Parameters: 0.9999989457695064 0.0009034170258791932 -0.0004885305087555174 -0.0009037500927567542 0.9999989404346898 -0.001491689054913592 0.00048669512994698437 0.0014923114336809207 0.9999985532024341 -0.06293568145548534 -0.04981872849896263 -0.011495574547453202
FixedParameters: 0 0 0
#Transform 15
Transform: MatrixOffsetTransformBase_double_3_3
Parameters: 0.9999995688715504 0.0009910690903613794 -0.000670009780116541 -0.000992212857926316 0.9999976813459612 -0.0017903195931991966 0.0006683110718637171 0.0017906808006229458 0.9999984757370568 -0.07004347051515936 -0.1026232067977304 -0.02408550436069845
FixedParameters: 0 0 0
#Transform 16
Transform: MatrixOffsetTransformBase_double_3_3
Parameters: 0.9999982477170967 0.00164462569374455 -0.0002179146087024585 -0.0016448571885086737 0.9999985651934962 -0.000833901468539594 0.00021616262077115705 0.0008340977754630885 0.9999992914110871 -0.07979501575167092 -0.07327096561131441 0.011051727438726289
FixedParameters: 0 0 0
#Transform 17
Transform: MatrixOffsetTransformBase_double_3_3
Parameters: 0.9999986837642386 0.0013107702904318122 -0.0007740378486122227 -0.0013120618494094852 0.9999965002262675 -0.0023731000306284056 0.0007705258228412014 0.0023739008529090055 0.9999969165090107 -0.08406266785139849 -0.027300683527499814 -0.03213735859503686
FixedParameters: 0 0 0
#Transform 18
Transform: MatrixOffsetTransformBase_double_3_3
Parameters: 0.9999993378279659 0.0010958707182734094 -0.0006796217662920439 -0.0010967887081566607 0.9999983911017366 -0.001503368083279305 0.0006771860169735277 0.0015036308472037296 0.9999984256990512 -0.09170107002142913 -0.09716867190401501 -0.00006144314050970934
FixedParameters: 0 0 0
#Transform 19
Transform: MatrixOffsetTransformBase_double_3_3
Parameters: 0.9999991434862537 0.0013027931589855342 -0.0003984907543602696 -0.00130373497473576 0.9999979952953101 -0.0015126109588673442 0.0003965299615171458 0.0015133882622893335 0.999998569849448 -0.0822502897059394 -0.0699351515587665 0.0006167081049284207
FixedParameters: 0 0 0
#Transform 20
Transform: MatrixOffsetTransformBase_double_3_3
Parameters: 0.9999989572815312 0.0012057446570488952 -0.0007670657678452158 -0.0012080494445133238 0.9999965960696857 -0.0024081886077810533 0.000764095940324732 0.0024088118195862707 0.9999967594436634 -0.06531943442587362 -0.1051422811617897 -0.023386181550179685
FixedParameters: 0 0 0
#Transform 21
Transform: MatrixOffsetTransformBase_double_3_3
Parameters: 0.9999996520784841 0.0011508731502307 -0.00015300836175870328 -0.001151130317780747 0.9999980495700765 -0.001274824345169706 0.0001510647482783404 0.0012751743332821974 0.9999993512578411 -0.06943302453561273 -0.06989775773466533 0.025038686738142246
FixedParameters: 0 0 0
#Transform 22
Transform: MatrixOffsetTransformBase_double_3_3
Parameters: 0.999999578644477 0.0010748474187352336 -0.0005158325759407549 -0.0010762986559467117 0.9999951209394272 -0.0027554288960330298 0.0005127488864444082 0.0027555692849763336 0.9999962721156367 -0.09086849531955465 -0.04064295480253577 -0.026503630685624557
FixedParameters: 0 0 0
#Transform 23
Transform: MatrixOffsetTransformBase_double_3_3
Parameters: 0.9999991729875762 0.0006484692737745722 -0.0006372857394101937 -0.0006493059868975608 0.9999987615723308 -0.0016395713214490126 0.0006370103975765757 0.0016394322689460006 0.9999990354845552 -0.08571042833024478 -0.09399551007241769 0.006708397498087493
FixedParameters: 0 0 0
#Transform 24
Transform: MatrixOffsetTransformBase_double_3_3
Parameters: 0.999999378447192 0.0005235923964594703 -0.00058947826989326 -0.000524628335083181 0.9999983690820587 -0.0018316919228681117 0.0005884188446054559 0.0018323092705430089 0.9999982969082785 -0.0792073874906265 -0.04651166277109553 -0.01771116667967476
FixedParameters: 0 0 0
#Transform 25
Transform: MatrixOffsetTransformBase_double_3_3
Parameters: 0.9999994133929266 0.00019005177444054755 -0.0007418548547093209 -0.00019157739862708543 0.9999969463757666 -0.0024528578359581665 0.000741649109266909 0.0024531409086756273 0.9999964325823757 -0.06687681540962842 -0.08225788469128759 -0.018301558344290925
FixedParameters: 0 0 0
#Transform 26
Transform: MatrixOffsetTransformBase_double_3_3
Parameters: 0.9999996311571514 0.00021374379945294592 -0.0005682495526748774 -0.00021456091858253838 0.9999980607401691 -0.0017057488197031456 0.0005683797828394488 0.0017062510493891792 0.9999987495408186 -0.07870863618038015 -0.08402875718203973 0.015626536982310313
FixedParameters: 0 0 0
#Transform 27
Transform: MatrixOffsetTransformBase_double_3_3
Parameters: 0.9999997584326636 0.00013535361984962497 -0.0011060239210439228 -0.000138310262824795 0.9999948285653761 -0.0031887202647200297 0.0011056205435536531 0.0031892817058938316 0.9999945903610061 -0.07210190075649336 -0.05663790655236767 -0.029484061085668145
FixedParameters: 0 0 0
#Transform 28
Transform: MatrixOffsetTransformBase_double_3_3
Parameters: 0.9999991638973514 0.00016761363746133052 -0.0008993675135950139 -0.00016966214836496935 0.9999960329098511 -0.0027948309083438982 0.0008980334131120257 0.002794168091801136 0.9999955124962288 -0.0748761954592112 -0.11429103798217 0.011214696970142768
FixedParameters: 0 0 0
#Transform 29
Transform: MatrixOffsetTransformBase_double_3_3
Parameters: 0.9999997243746421 0.0005203627549576728 -0.00006962277064249641 -0.0005205230875917382 0.999997289690056 -0.002106962834576953 0.00006842106561988203 0.0021070346770834525 0.9999975557815194 -0.09471577809344467 -0.05397116724684281 0.0006486076497651538
FixedParameters: 0 0 0
#Transform 30
Transform: MatrixOffsetTransformBase_double_3_3
Parameters: 0.999999656027951 0.0004035697352779394 -0.001086593772404542 -0.0004068145186003686 0.9999959375077082 -0.002982561245153559 0.0010857677017227893 0.0029834414683725663 0.9999949218887892 -0.08124489940362878 -0.09517288106275146 -0.021013798658557903
FixedParameters: 0 0 0
#Transform 31
Transform: MatrixOffsetTransformBase_double_3_3
Parameters: 1.000000098358593 0.0006661530216733261 -0.0006763626047883274 -0.0006678316564990433 0.9999977233120492 -0.002168534081871315 0.00067532221913222 0.0021684697174011447 0.99999797024085 -0.08114129463875486 -0.059669635261059284 0.0077972625425104525
FixedParameters: 0 0 0
#Transform 32
Transform: MatrixOffsetTransformBase_double_3_3
Parameters: 0.9999990427255169 0.00016732749865212848 -0.0009641130747543998 -0.00016996691832758213 0.9999936305904502 -0.0034948183572941494 0.0009634037354414199 0.0034941775006778197 0.9999929890089848 -0.07977563581788161 -0.06749969321211324 -0.03187555786877283
FixedParameters: 0 0 0
#Transform 33
Transform: MatrixOffsetTransformBase_double_3_3
Parameters: 0.9999992550374643 0.0006387379017515559 -0.0005806841554150005 -0.0006398137662042117 0.9999980002993383 -0.0018946292457028002 0.0005791222138308616 0.0018953706818879423 0.9999980726804084 -0.07772853631810506 -0.11098001582519146 0.026019688010151754
FixedParameters: 0 0 0
#Transform 34
Transform: MatrixOffsetTransformBase_double_3_3
Parameters: 0.9999994678517863 0.000053883865666504705 -0.000727800402198023 -0.00005616432546223141 0.9999929674300078 -0.003611829547109646 0.0007270113236461669 0.0036121684141126598 0.9999934072528339 -0.08133678016564261 -0.002807696868558196 -0.04172780444925195
FixedParameters: 0 0 0
#Transform 35
Transform: MatrixOffsetTransformBase_double_3_3
Parameters: 0.9999994769294261 0.00001018404959157352 -0.0007227429319088716 -0.000012229474126921759 0.9999972208089722 -0.002189862199021536 0.0007235547663983793 0.00219013722398384 0.9999976639091787 -0.08068700349528513 -0.11749542508290745 0.04012174172369498
FixedParameters: 0 0 0
#Transform 36
Transform: MatrixOffsetTransformBase_double_3_3
Parameters: 0.9999992360592146 0.000031969088300379194 -0.0008732123688180644 -0.00003561287473339254 0.9999919598057633 -0.003863822740461126 0.0008735511354316475 0.0038631746550475965 0.9999924228823965 -0.07963432297822237 -0.05399830298853203 -0.03457156226154723
FixedParameters: 0 0 0
#Transform 37
Transform: MatrixOffsetTransformBase_double_3_3
Parameters: 0.9999990771799845 0.0004444220645283732 -0.000851838829611861 -0.00044705786771312065 0.9999958850049119 -0.0027906027370798447 0.0008500815397787999 0.0027903954259373698 0.9999956183657775 -0.0813048111880903 -0.11323529833114776 0.03365587103347423
FixedParameters: 0 0 0
#Transform 38
Transform: MatrixOffsetTransformBase_double_3_3
Parameters: 0.9999996092219935 0.0006235289181061814 -0.00003816522584325358 -0.0006245486696661026 0.9999921262882231 -0.003934978194718081 0.00003536743236616313 0.003935024080504668 0.9999925143519423 -0.1027341664928656 -0.04691648795306946 -0.01623052064799424
FixedParameters: 0 0 0
#Transform 39
Transform: MatrixOffsetTransformBase_double_3_3
Parameters: 0.9999990996573846 0.00036740729524304436 -0.0008749260725963877 -0.00037070662519949374 0.9999952785608989 -0.0030956769440473597 0.0008733712551390113 0.00309632216621733 0.999994650616886 -0.09156546049490544 -0.11053536672464759 0.02307255907761885
FixedParameters: 0 0 0
#Transform 40
Transform: MatrixOffsetTransformBase_double_3_3
Parameters: 0.9999996036475831 0.00014135622892168367 -0.0006133705249704167 -0.00014297293241415115 0.9999957320848483 -0.0030409145934268134 0.0006132362711086565 0.003041088971412448 0.9999953761454351 -0.07945390470841573 -0.04215474658549567 -0.010335072617095875
FixedParameters: 0 0 0
#Transform 41
Transform: MatrixOffsetTransformBase_double_3_3
Parameters: 0.9999995158137914 -0.000627617995739939 -0.0010443094318383765 0.0006239588356481219 0.9999933467917327 -0.003522541320066269 0.0010462131292660736 0.0035224578341440105 0.9999933529265211 -0.07167460600938114 -0.09291547107817166 -0.031995559804542495
FixedParameters: 0 0 0
#Transform 42
Transform: MatrixOffsetTransformBase_double_3_3
Parameters: 0.9999993530558325 -0.0002511196861842165 -0.0007643482294900683 0.00024970297560063953 0.9999961699125686 -0.0027871915094721256 0.0007643609998478238 0.002786808701056437 0.9999956483719501 -0.07513266165568666 -0.04960892811986639 0.02521568388236517
FixedParameters: 0 0 0
#Transform 43
Transform: MatrixOffsetTransformBase_double_3_3
Parameters: 0.9999994982386414 -0.00023984008714604289 -0.0006665842273082439 0.0002363909231867672 0.9999852663531025 -0.005459175670685393 0.0006676706762492237 0.005459823883881984 0.9999846191561499 -0.07820056082610449 -0.04290953017104471 -0.04308125643444782
FixedParameters: 0 0 0
#Transform 44
Transform: MatrixOffsetTransformBase_double_3_3
Parameters: 0.9999993579733771 0.0006563249790509041 -0.00045920588430118064 -0.0006583043596866282 0.9999931063296755 -0.00366869967927122 0.00045722630091172677 0.003669302063242036 0.9999933284203514 -0.09097772324653874 -0.10910247429758613 0.02144309816347345
FixedParameters: 0 0 0
#Transform 45
Transform: MatrixOffsetTransformBase_double_3_3
Parameters: 0.99999949434163 0.00017974706690991642 -0.0012139650635809508 -0.00018665282668947614 0.9999802698256536 -0.006221645784191668 0.0012126239748481323 0.006222349154560908 0.9999797972011423 -0.10752203276105377 -0.07717996145689199 -0.025326902117015493
FixedParameters: 0 0 0
#Transform 46
Transform: MatrixOffsetTransformBase_double_3_3
Parameters: 0.999999796946602 0.00007325685718012471 -0.00044476790549459754 -0.00007497850469629874 0.9999956797795342 -0.003051968744529704 0.000444184961835139 0.003052034629929007 0.9999954877046063 -0.05387464821528454 -0.19797528133204878 0.08251784103788395
FixedParameters: 0 0 0
#Transform 47
Transform: MatrixOffsetTransformBase_double_3_3
Parameters: 0.9999989605264663 -0.00039584514677530787 -0.0013722750326703654 0.00039028963696083384 0.999992566525721 -0.003781408838826189 0.001373603344142988 0.0037805883351940406 0.9999918019727579 -0.0602893928568875 -0.01503935242327259 0.045670744174742595
FixedParameters: 0 0 0
#Transform 48
Transform: MatrixOffsetTransformBase_double_3_3
Parameters: 0.9999973789620563 -0.0005523260304814734 -0.002077221424937355 0.0005417280111940898 0.9999858009316535 -0.00537988296675912 0.0020805486429765273 0.005378126166281638 0.9999837102142223 -0.08589216177303172 0.0026257285089457127 -0.04779646906344226
FixedParameters: 0 0 0
#Transform 49
Transform: MatrixOffsetTransformBase_double_3_3
Parameters: 0.9999997134693224 0.0003344927526570088 -0.0010837367889580227 -0.00033849601768633913 0.9999924713565835 -0.0037985059072125626 0.0010826408790726941 0.003799493699919332 0.9999923771989643 -0.07615974011503113 -0.16081327022725134 0.012244550612138028
FixedParameters: 0 0 0
#Transform 50
Transform: MatrixOffsetTransformBase_double_3_3
Parameters: 0.9999997170284325 0.0003335387519524199 -0.001082132576165573 -0.0003388527839940352 0.9999876088176171 -0.004928507382441563 0.0010811400468743117 0.004929493483974062 0.9999875178139943 -0.07716074296781983 -0.06778232731090839 -0.005166242513695352
FixedParameters: 0 0 0
#Transform 51
Transform: MatrixOffsetTransformBase_double_3_3
Parameters: 0.9999980795663865 0.0001689190679433521 -0.0017006213390728753 -0.00017721593050325544 0.9999865740489741 -0.0051404478756743865 0.00169964999403487 0.005141553992379033 0.9999856453581901 -0.10624589056243394 -0.1422021680344443 -0.016787567758925093
FixedParameters: 0 0 0
#Transform 52
Transform: MatrixOffsetTransformBase_double_3_3
Parameters: 0.999999522192893 0.00016254831189430784 -0.0012050472097202938 -0.00016787214463946326 0.999988578861511 -0.004733671087050029 0.0012036912693441676 0.004734327854785503 0.9999881215567881 -0.0965465024442409 -0.09932712098716934 -0.012300743139263659
FixedParameters: 0 0 0
#Transform 53
Transform: MatrixOffsetTransformBase_double_3_3
Parameters: 0.9999986217573537 0.00011294039066838969 -0.0015382729665373485 -0.00012368640601684164 0.9999725295201662 -0.007447691698576633 0.0015369271039977288 0.007448314357632199 0.9999711451795994 -0.08404133111396561 -0.13318942398581157 -0.06689248787597535
FixedParameters: 0 0 0
#Transform 54
Transform: MatrixOffsetTransformBase_double_3_3
Parameters: 0.9999994464213968 0.00023077259955424698 -0.0007075446092902994 -0.0002336718200116648 0.9999909089910709 -0.004246834510709813 0.0007061719668933701 0.00424716280615034 0.9999904632560713 -0.08730156437007963 -0.12496393946217665 0.010165029153256455
FixedParameters: 0 0 0
#Transform 55
Transform: MatrixOffsetTransformBase_double_3_3
Parameters: 0.9999989563689509 0.0001292692446670876 -0.0014233513148926848 -0.00013950050318657444 0.9999739420622684 -0.007214678838859567 0.0014230812028683622 0.007215320172087522 0.9999729004557685 -0.0870791252263814 -0.09678988005352096 -0.069338064433623
FixedParameters: 0 0 0
#Transform 56
Transform: MatrixOffsetTransformBase_double_3_3
Parameters: 0.9999993950001644 -0.000041746289898678986 -0.0012660011352701752 0.000035481579213271876 0.9999882595159341 -0.004873921574969298 0.0012665858379169548 0.004874082595699658 0.9999876234107576 -0.08325091804748297 -0.13612581142341185 0.024049908254184515
FixedParameters: 0 0 0
#Transform 57
Transform: MatrixOffsetTransformBase_double_3_3
Parameters: 0.999998879472539 -0.0007892408425294485 -0.001580339647647995 0.0007774853826257569 0.9999731763136217 -0.007305128326739158 0.0015862518698924225 0.007303872439728312 0.9999719902059502 -0.09701755297282944 -0.08550627324697757 -0.060288069508715125
FixedParameters: 0 0 0
#Transform 58
Transform: MatrixOffsetTransformBase_double_3_3
Parameters: 0.9999976733978615 -0.0010018668825362924 -0.0018226568831098443 0.0009898898232521105 0.9999756766830838 -0.006901595882352174 0.001829617586023607 0.006900408101588526 0.9999747478484391 -0.1239799261587109 -0.1540058112147591 -0.015411188149855093
FixedParameters: 0 0 0
#Transform 59
Transform: MatrixOffsetTransformBase_double_3_3
Parameters: 0.9999999186431774 -0.000023859773554781133 -0.0010394442295015482 0.000017902618233404174 0.9999833631420643 -0.005789004427664016 0.0010398942690926526 0.005787995076687591 0.9999825414603226 -0.0874099652131548 -0.07301503922303709 0.00583568070001661
FixedParameters: 0 0 0
#Transform 60
Transform: MatrixOffsetTransformBase_double_3_3
Parameters: 0.9999981506724176 -0.0007714818191084322 -0.0015015943124151985 0.0007593617999937536 0.9999670385229313 -0.008095039848373814 0.001507331861025819 0.00809396145235225 0.9999660680383731 -0.09526013015997137 -0.07992791644485919 -0.06543557825436608
FixedParameters: 0 0 0
#Transform 61
Transform: MatrixOffsetTransformBase_double_3_3
Parameters: 0.9999987856284028 -0.000730048986326393 -0.0012968008826396294 0.0007224351082924399 0.9999847650681362 -0.005452814401741848 0.0013008318767424338 0.005451186689324275 0.9999845714719446 -0.07938276303484315 -0.13920597891785746 0.029025568228362886
FixedParameters: 0 0 0
#Transform 62
Transform: MatrixOffsetTransformBase_double_3_3
Parameters: 0.9999975971156959 -0.0017082899277684669 -0.001217997867360078 0.0016986754543837318 0.9999650961823766 -0.00814111722100802 0.0012322674194536754 0.008138875006922952 0.999965979455567 -0.06601232514390176 -0.06840773972092506 -0.04685329905093738
FixedParameters: 0 0 0
#Transform 63
Transform: MatrixOffsetTransformBase_double_3_3
Parameters: 0.9999975602150503 -0.0019750057782553414 -0.0012406238349147258 0.001966360991697374 0.9999749678322858 -0.006812620778842315 0.0012542662351526786 0.006809377101473418 0.9999758117532811 -0.06453556036535701 -0.1692925086977084 -0.021638450516320518
FixedParameters: 0 0 0
#Transform 64
Transform: MatrixOffsetTransformBase_double_3_3
Parameters: 0.9999986683005543 -0.0016802806108830233 -0.0007129135078512284 0.0016758987236762356 0.9999789367040992 -0.006284367751820896 0.0007233063510300203 0.006283630650687752 0.9999797534490824 -0.09201530244189371 -0.10976109801443101 -0.023062774706644973
FixedParameters: 0 0 0
#Transform 65
Transform: MatrixOffsetTransformBase_double_3_3
Parameters: 0.9999972848560342 -0.0018085080578623199 -0.001201622264320551 0.0017998001561992283 0.9999735420509871 -0.00711236045758902 0.0012150719612672922 0.007110639258028392 0.9999735945448025 -0.07663051954064315 -0.13406487830843616 -0.03597928382710336
FixedParameters: 0 0 0
#Transform 66
Transform: MatrixOffsetTransformBase_double_3_3
Parameters: 0.9999986008201162 -0.001557398266628433 -0.0009866692094525897 0.0015519180776143735 0.9999846985954645 -0.005305575156330095 0.000995440998112834 0.0053044254755057335 0.9999856157274646 -0.08713292764457492 -0.11635011303744136 0.001886060312855875
FixedParameters: 0 0 0
#Transform 67
Transform: MatrixOffsetTransformBase_double_3_3
Parameters: 0.999997789222929 -0.001714896098627727 -0.0011272031012354701 0.0017062562613310234 0.9999701718451414 -0.00749497115916499 0.001139638997040068 0.007493025340486945 0.9999712956368266 -0.06503390679704069 -0.09350656943742308 -0.04348111684659273
FixedParameters: 0 0 0
#Transform 68
Transform: MatrixOffsetTransformBase_double_3_3
Parameters: 0.9999988313849528 -0.0014506792041483574 -0.00103121066693221 0.0014436544060658155 0.9999732474295105 -0.007127514392300832 0.0010417396784038926 0.0071254803686545826 0.9999740086181915 -0.09632726097312627 -0.12819851954500905 -0.041092104396511786
FixedParameters: 0 0 0
#Transform 69
Transform: MatrixOffsetTransformBase_double_3_3
Parameters: 0.9999984657763741 -0.0017360600508997967 -0.0007211406238702122 0.001731368198448618 0.9999780062913495 -0.006421423413520075 0.0007327076296462652 0.006420575856150468 0.9999790000849728 -0.09295224693386217 -0.08866052885043985 -0.006775928967797995
FixedParameters: 0 0 0
#Transform 70
Transform: MatrixOffsetTransformBase_double_3_3
Parameters: 0.9999969892610024 -0.0020688457392162036 -0.0008544322222947406 0.002062588951355792 0.9999681907221959 -0.007667942823915003 0.0008700620341945614 0.007666053477312168 0.9999702309139521 -0.09373743840855298 -0.1389380376646443 -0.0636112330308265
FixedParameters: 0 0 0
#Transform 71
Transform: MatrixOffsetTransformBase_double_3_3
Parameters: 0.9999987265100962 -0.0017470070061967901 -0.00047017481709466966 0.0017447821079194653 0.9999841486333342 -0.005283972531335737 0.0004791787148885471 0.005283022151738051 0.9999857467250682 -0.062486032981851736 -0.12032013727151991 0.024714074479447845
FixedParameters: 0 0 0
#Transform 72
Transform: MatrixOffsetTransformBase_double_3_3
Parameters: 0.9999982389997378 -0.001474100014719419 -0.0007671351078248559 0.001468620187348831 0.9999768677128527 -0.00664115630912214 0.0007769703215853873 0.00663985026584725 0.9999781777297297 -0.05718227697292377 -0.07345761398158857 -0.005732159004963933
FixedParameters: 0 0 0
#Transform 73
Transform: MatrixOffsetTransformBase_double_3_3
Parameters: 0.9999980294614738 -0.00142429501363761 -0.0009699264283633581 0.0014176358626454512 0.9999715638515622 -0.007386402779914689 0.0009808180912747057 0.007384596719459763 0.9999723728243294 -0.030582689136366525 -0.11264697944355362 -0.028322065724964318
FixedParameters: 0 0 0
#Transform 74
Transform: MatrixOffsetTransformBase_double_3_3
Parameters: 0.9999983908018776 -0.0017231186379490578 -0.0008000699870386548 0.0017176844073651003 0.9999752180720332 -0.006787544108524293 0.0008116034195586419 0.006786444376562659 0.9999760449263615 -0.03598135410848613 -0.04818154071601555 0.013196521018414842
FixedParameters: 0 0 0
#Transform 75
Transform: MatrixOffsetTransformBase_double_3_3
Parameters: 0.9999976350095502 -0.0019833056302156807 -0.0006573808879513621 0.0019780900225831463 0.9999725949868871 -0.0071224800587075116 0.0006719224124873601 0.007121520097618433 0.999974592856472 -0.054558289826076134 -0.09918864082727907 -0.06240670054653208
FixedParameters: 0 0 0
#Transform 76
Transform: MatrixOffsetTransformBase_double_3_3
Parameters: 0.9999983094169353 -0.0017029176830672768 -0.0008889846043610751 0.0016976185298056981 0.9999768563209863 -0.006595682572721626 0.000899461283463403 0.006594314732633097 0.9999774640377145 -0.0449993093603922 -0.05553008252176994 0.003948288516056664
FixedParameters: 0 0 0
#Transform 77
Transform: MatrixOffsetTransformBase_double_3_3
Parameters: 0.9999991981966095 -0.00117276006630456 -0.0006528057300478542 0.0011678739362557455 0.9999661243807473 -0.008101782389172058 0.0006619319962557337 0.00810120962596432 0.9999668030630942 -0.07385236248893534 -0.07103681155042807 -0.029417046631706967
FixedParameters: 0 0 0
#Transform 78
Transform: MatrixOffsetTransformBase_double_3_3
Parameters: 0.9999989597459126 -0.0011164077132909058 -0.0008906279457413576 0.0011102381723338028 0.9999716114098185 -0.007368881630774066 0.0008990509027877384 0.007368113852505645 0.9999727572559887 -0.08220189480104523 -0.09441346024244979 0.001930677985583884
FixedParameters: 0 0 0
#Transform 79
Transform: MatrixOffsetTransformBase_double_3_3
Parameters: 0.9999998765526694 -0.0006712303142061991 -0.0008204751297021121 0.0006650046107937006 0.9999745489462578 -0.007080561710029687 0.0008251875199379432 0.007080428119774704 0.9999740594332531 -0.07427423346746309 -0.04494212855647106 0.023556683432857994
FixedParameters: 0 0 0
#Transform 80
Transform: MatrixOffsetTransformBase_double_3_3
Parameters: 0.9999991267640708 -0.0009288660137570936 -0.0010056010810977802 0.0009194822217608563 0.9999620813366245 -0.008614819060081907 0.001013409125092543 0.00861417784434007 0.9999626234107131 -0.06836090305536402 -0.056010641838156516 -0.060938914856876636
FixedParameters: 0 0 0
#Transform 81
Transform: MatrixOffsetTransformBase_double_3_3
Parameters: 0.9999988009488504 -0.0010809579753693495 -0.0010148917667045846 0.0010735094666200118 0.9999736812233947 -0.007162111637319543 0.0010233283308056038 0.007160881885108411 0.9999735442358292 -0.0669539448279437 -0.10017467200579233 0.0524737971481386
FixedParameters: 0 0 0
#Transform 82
Transform: MatrixOffsetTransformBase_double_3_3
Parameters: 0.9999988608842567 -0.0013510222454425605 -0.0005607033421050661 0.0013458953482725405 0.9999628810501231 -0.008510785050014513 0.0005719668364743767 0.008510223581434453 0.9999641198399157 -0.0856742356722151 -0.051676426572200285 -0.05305845418206445
FixedParameters: 0 0 0
#Transform 83
Transform: MatrixOffsetTransformBase_double_3_3
Parameters: 0.9999999159427521 -0.0006872902491625281 -0.0007817428533332738 0.00068217680349358 0.9999724932275922 -0.007351533010760941 0.0007869304840383287 0.0073504588687839795 0.9999723468836198 -0.06330196368168117 -0.12456588177144567 0.02467241648677998
FixedParameters: 0 0 0
#Transform 84
Transform: MatrixOffsetTransformBase_double_3_3
Parameters: 0.9999990548412541 0.0004976915881644039 -0.000835492645527983 -0.0005032919581936114 0.9999731971142134 -0.0072414371142002915 0.0008314265332737561 0.0072415642931910745 0.9999739776729132 -0.07816408921972595 -0.03873152213883202 0.03867633875097454
FixedParameters: 0 0 0
#Transform 85
Transform: MatrixOffsetTransformBase_double_3_3
Parameters: 0.9999999745589995 -0.0001334420106789503 -0.00008728253895682324 0.0001327759356004783 0.9999624994866284 -0.008688016085750733 0.00008847351486504054 0.008687992684266663 0.9999625094585166 -0.12279225925196613 -0.04876006698150093 -0.028710125809098486
FixedParameters: 0 0 0
#Transform 86
Transform: MatrixOffsetTransformBase_double_3_3
Parameters: 0.9999989936798259 0.0009546573773914219 -0.0003077352795063049 -0.0009573655787488337 0.9999703401018314 -0.007590691261149737 0.0003000314257399268 0.0075903063723372355 0.9999714205268412 -0.09535389284459939 -0.08093453926115046 0.04875944766129692
FixedParameters: 0 0 0
#Transform 87
Transform: MatrixOffsetTransformBase_double_3_3
Parameters: 0.9999992839825445 0.0006947090315307171 -0.00048383170358859006 -0.0006976391569799991 0.9999676646059782 -0.007982647650281283 0.0004781436622676331 0.007982351429461368 0.9999681767185435 -0.08197069728851147 -0.0026949272389629186 -0.029660916062312026
FixedParameters: 0 0 0
#Transform 88
Transform: MatrixOffsetTransformBase_double_3_3
Parameters: 0.9999997981649528 0.00025960746958011505 -0.001064979352367 -0.0002681366410793259 0.9999723823944705 -0.0074527178115018355 0.001063106673220798 0.007453279356562606 0.9999713197974517 -0.07477918248977744 -0.08005496636609166 0.023541303028821403
FixedParameters: 0 0 0
#Transform 89
Transform: MatrixOffsetTransformBase_double_3_3
Parameters: 0.9999994356658922 0.0002830586313777829 -0.0006955239044414223 -0.00028846946981355836 0.9999754968166851 -0.007029803431737244 0.000693958250578097 0.0070302004950842795 0.9999750957864163 -0.08036011810928301 -0.02465460799048458 0.022730134708680794
FixedParameters: 0 0 0
#Transform 90
Transform: MatrixOffsetTransformBase_double_3_3
Parameters: 0.9999992092369567 0.0007899432727252454 -0.00040785550694513967 -0.0007940531406403642 0.9999623063798302 -0.00866368423321616 0.0004008105494711519 0.008664324703904644 0.9999627701406026 -0.09838618969254753 -0.0354603546846306 -0.010848096716699729
FixedParameters: 0 0 0
#Transform 91
Transform: MatrixOffsetTransformBase_double_3_3
Parameters: 0.9999995751584526 0.0007130236487399386 -0.0009572458098866983 -0.0007211339644900351 0.999964390329968 -0.008364292946925811 0.0009512760196040554 0.008364695600265731 0.9999642527065 -0.0939306259060686 -0.042601328336346 0.07841252891479655
FixedParameters: 0 0 0
#Transform 92
Transform: MatrixOffsetTransformBase_double_3_3
Parameters: 0.9999996353931351 0.0005898343089208447 0.00013027873422853697 -0.0005880247330364924 0.9999635492730719 -0.008550084272211642 -0.00013625334671646936 0.008549927291860132 0.9999638783360114 -0.09916411100888922 0.0007213456239725247 -0.03193880524999315
FixedParameters: 0 0 0
#Transform 93
Transform: MatrixOffsetTransformBase_double_3_3
Parameters: 0.999999042410576 -0.00013370048784258135 -0.001393017045174943 0.0001202146611290854 0.9999515661983961 -0.009820043605989467 0.0013936831576840602 0.009819948620422042 0.9999506067443856 -0.08485002544841791 -0.0781528681693402 -0.08041968957526535
FixedParameters: 0 0 0
#Transform 94
Transform: MatrixOffsetTransformBase_double_3_3
Parameters: 0.9999990704105584 0.00009421917017868726 -0.0009594893189955082 -0.00010309855471869116 0.99996077866741 -0.00889990809797886 0.0009586718374536454 0.008900097338847182 0.9999598685206478 -0.06656148958626318 -0.051964891182834094 -0.04073207818468916
FixedParameters: 0 0 0
#Transform 95
Transform: MatrixOffsetTransformBase_double_3_3
Parameters: 0.999998464906565 -0.0008271618489046782 -0.0013605051836313206 0.0008112542624573635 0.9999357698801938 -0.011301005977218531 0.0013699921919511529 0.011299993791026058 0.9999352841122159 -0.08070608880636598 -0.040378114146705 -0.13632935669708957
FixedParameters: 0 0 0
#Transform 96
Transform: MatrixOffsetTransformBase_double_3_3
Parameters: 0.9999991276874227 0.0002629408281251171 -0.0008962630507926544 -0.0002709828601798036 0.9999630356400168 -0.008588742123500484 0.0008937380061480096 0.008588254063688003 0.9999625646630379 -0.06612378273905506 -0.09568230520649479 -0.030772538909630498
FixedParameters: 0 0 0
#Transform 97
Transform: MatrixOffsetTransformBase_double_3_3
Parameters: 0.9999992363557699 -0.0009897614403201606 -0.000885242512170161 0.0009805691937635492 0.9999432755824872 -0.010624896947578885 0.0008958181041585593 0.010624108177594821 0.9999431942475034 -0.07780685542070387 -0.050235495331847346 -0.10602464115470411
FixedParameters: 0 0 0
#Transform 98
Transform: MatrixOffsetTransformBase_double_3_3
Parameters: 1.0000000213905111 0.0008170779210885877 -0.0005576717408092254 -0.0008223930877818771 0.9999564077422108 -0.009322551444427882 0.0005497960590690995 0.009323459289169014 0.9999567730701651 -0.09387328342486967 -0.09357091621825475 -0.06064863112483465
FixedParameters: 0 0 0
#Transform 99
Transform: MatrixOffsetTransformBase_double_3_3
Parameters: 0.9999998472929961 0.0009118857698389177 -0.0005666966388088941 -0.0009168768011647877 0.9999591081974745 -0.009002488913855383 0.0005586328550609724 0.009003517907754638 0.9999596276844297 -0.09485408103027737 -0.04892281776393759 -0.05270365793623455
FixedParameters: 0 0 0
#Transform 100
Transform: MatrixOffsetTransformBase_double_3_3
Parameters: 0.9999996066174315 0.00020368684238193056 -0.0011627915404462167 -0.00021771936606538504 0.9999303801440634 -0.011813751857092866 0.0011600817952937676 0.011814241304245993 0.9999290755244498 -0.07472824848892401 -0.05385945571646289 -0.136611233253646
FixedParameters: 0 0 0
#Transform 101
Transform: MatrixOffsetTransformBase_double_3_3
Parameters: 0.9999995324690237 0.00028295840185006357 -0.0006225372399080054 -0.0002887839075209411 0.9999600065490171 -0.008994830013696609 0.0006197160041371744 0.008995185139845097 0.999959702441769 -0.055679742325466464 -0.06699135946850276 0.0013981691468814006
FixedParameters: 0 0 0
#Transform 102
Transform: MatrixOffsetTransformBase_double_3_3
Parameters: 0.99999995586798 -0.0008521663563138666 -0.0005631989060515837 0.0008466393071418564 0.9999398537192249 -0.010928483116328574 0.0005727882626961837 0.010927518171043898 0.9999402525731079 -0.058507752135312785 -0.007846772035563276 -0.11484565099011945
FixedParameters: 0 0 0
#Transform 103
Transform: MatrixOffsetTransformBase_double_3_3
Parameters: 0.9999993818447498 -0.0009414875100750268 -0.0008552108601475407 0.000933057157371428 0.9999489555447374 -0.010058806353530902 0.0008648287068785739 0.01005719415910937 0.9999490943680197 -0.06451437130398574 -0.14196575005449574 -0.022704712017571183
FixedParameters: 0 0 0
#Transform 104
Transform: MatrixOffsetTransformBase_double_3_3
Parameters: 0.999999786374824 0.0005430095919204657 -0.0009585687343371739 -0.0005528740487182257 0.9999522361537758 -0.009719345674123775 0.0009528209258471735 0.009720651845049735 0.9999525889249058 -0.06871002061994602 -0.06345925903333693 -0.013263978524776121
FixedParameters: 0 0 0
#Transform 105
Transform: MatrixOffsetTransformBase_double_3_3
Parameters: 0.9999998345573092 0.00015965637136336613 -0.0010673085265106381 -0.00017170827968390946 0.9999398588014763 -0.01100482649153274 0.0010661917808152425 0.01100517997353287 0.9999387482298788 -0.07653723514098942 -0.04137818523304304 -0.10312832495078794
FixedParameters: 0 0 0
#Transform 106
Transform: MatrixOffsetTransformBase_double_3_3
Parameters: 0.9999999457121727 0.0005713439105107544 -0.0008532390325077311 -0.000579504442480458 0.9999564500256829 -0.009338512842691993 0.0008475259928933003 0.009339491520513013 0.999956057954147 -0.059817558880837396 -0.11668567732775159 -0.0011372529157540612
FixedParameters: 0 0 0
#Transform 107
Transform: MatrixOffsetTransformBase_double_3_3
Parameters: 0.9999987321524269 -0.001211588401991789 -0.0008947990937638755 0.00120218733257727 0.999950154743326 -0.009926107466628378 0.0009065464676195304 0.009924899306525653 0.999950541276809 -0.04593469936642691 -0.010196185526098134 -0.05067543891605908
FixedParameters: 0 0 0
#Transform 108
Transform: MatrixOffsetTransformBase_double_3_3
Parameters: 0.9999982551594592 -0.0016685816473338757 -0.0009798264046701013 0.001658886148165131 0.9999449715267715 -0.01036968522249973 0.0009967699107694605 0.010368328453174078 0.9999462451876531 -0.022393231409594705 -0.061616342318970396 -0.058574033541020754
FixedParameters: 0 0 0
#Transform 109
Transform: MatrixOffsetTransformBase_double_3_3
Parameters: 0.999998312040019 -0.0017477013784816771 -0.000795941694568479 0.0017385015860564073 0.9999316552922315 -0.011551548464433237 0.0008158066773357634 0.011549446026781623 0.999932819564889 -0.032961263871342794 0.0026261740665773914 -0.09671650447815239
FixedParameters: 0 0 0
#Transform 110
Transform: MatrixOffsetTransformBase_double_3_3
Parameters: 0.9999986951251744 -0.00140371410684849 -0.0005782983457300977 0.001398007717616408 0.9999545142943023 -0.00946796783342474 0.0005920132575096304 0.009467035449193598 0.9999549095668123 -0.0055066831665016025 -0.08383895363880356 -0.00046053286595792997
FixedParameters: 0 0 0
#Transform 111
Transform: MatrixOffsetTransformBase_double_3_3
Parameters: 0.99999806708323 -0.0015903909689355244 -0.0006365486637227019 0.0015829866865864656 0.9999459443203597 -0.01027916797153726 0.0006522597616175132 0.010277830071703811 0.9999468219223989 -0.02837083220249781 -0.017701453848701476 -0.05117854652316112
FixedParameters: 0 0 0
#Transform 112
Transform: MatrixOffsetTransformBase_double_3_3
Parameters: 0.999997868199062 -0.001704040894164118 -0.0011080487360890336 0.0016925808207113534 0.9999440242076179 -0.010409926714137055 0.0011257146827811592 0.010408064827363367 0.9999451434238836 -0.022230567428678683 -0.09222064088751836 -0.046604836602540445
FixedParameters: 0 0 0
#Transform 113
Transform: MatrixOffsetTransformBase_double_3_3
Parameters: 0.99999932561822 0.0011528512286856016 -0.000587088214752773 -0.0011591678983173493 0.9999463728057396 -0.010302440657620635 0.0005756347012013936 0.010302560060042362 0.9999466640705574 -0.06417512673266401 -0.01757910986418665 0.002148063460978733
FixedParameters: 0 0 0
#Transform 114
