#Insight Transform File V1.0
#Transform 0
Transform: MatrixOffsetTransformBase_double_3_3
Parameters: 0.999997323326305 -0.00022970877409331052 0.0023715144481216343 0.0002270886833879774 0.999998735063252 0.0014159650878825258 -0.002371691932492903 -0.001416037139450571 0.9999965781405699 0.4033673723780282 0.49460429565080233 -0.49702672377979695
FixedParameters: 0 0 0
#Transform 1
Transform: MatrixOffsetTransformBase_double_3_3
Parameters: 0.9999948494136706 0.0011528381323541064 0.0029703595130753492 -0.0011541814814941822 0.9999986998135446 0.0005581872539586474 -0.0029693286309683117 -0.0005618128161453961 0.9999955223986964 0.4163619236745859 0.39091589429712315 -0.2932475407171893
FixedParameters: 0 0 0
#Transform 2
Transform: MatrixOffsetTransformBase_double_3_3
Parameters: 0.9999927426460091 0.0008739316692919418 0.0036733560693427915 -0.000873961061464253 0.9999996142784635 0.0000026614400609747957 -0.0036733490776294196 -0.000005338501870177925 0.9999931283356871 0.4190158288441381 0.5260933805370769 -0.399489404077471
FixedParameters: 0 0 0
#Transform 3
Transform: MatrixOffsetTransformBase_double_3_3
Parameters: 0.9999931092185638 0.0007497736206868886 0.0035112467451502483 -0.0007506465885178397 0.9999995983237208 0.00026412527830266264 -0.003510978908160672 -0.000266874604249262 0.9999933699139184 0.4090724745755523 0.561740526671386 -0.3837331429755295
FixedParameters: 0 0 0
#Transform 4
Transform: MatrixOffsetTransformBase_double_3_3
Parameters: 0.9999964497104984 0.0005008234861024055 0.002701750256353848 -0.0005010396283994442 0.9999998156152435 0.00003916411132415254 -0.002701710181478057 -0.000040835604519728896 0.9999966308953424 0.38138502633941584 0.6368103579883666 -0.322592971450149
FixedParameters: 0 0 0
#Transform 5
Transform: MatrixOffsetTransformBase_double_3_3
Parameters: 0.999994286218219 0.0003869650670732727 0.003400598341344609 -0.00038639222492386864 0.9999998998019659 -0.00023053887849452948 -0.0034006456872012997 0.00022946189084069313 0.9999942806157802 0.40686757785358907 0.5802424531966466 -0.4244461535604671
FixedParameters: 0 0 0
#Transform 6
Transform: MatrixOffsetTransformBase_double_3_3
Parameters: 0.9999966937238205 0.00034553731764178075 0.0026808341956740655 -0.00034620751918296324 0.9999999328953616 0.00012459001018588767 -0.002680747727066117 -0.00012540915933414998 0.9999967295785002 0.38173283481191334 0.5898852499259135 -0.32194775641998774
FixedParameters: 0 0 0
#Transform 7
Transform: MatrixOffsetTransformBase_double_3_3
Parameters: 0.9999947302198614 0.00024696341836902784 0.003195142045758787 -0.00024635409807721454 0.9999998321849524 -0.00025112429190290997 -0.0031951350953323453 0.0002498762365058249 0.9999947725340592 0.38664748168433505 0.59870428879114 -0.3507665166701628
FixedParameters: 0 0 0
#Transform 8
Transform: MatrixOffsetTransformBase_double_3_3
Parameters: 0.9999931900920265 0.0002981511152028259 0.0035666952707723476 -0.0002960393841434159 0.9999997015178996 -0.0005741538459426432 -0.003566775283267801 0.0005738462560515856 0.9999938296201561 0.3924852099824534 0.5010720060719649 -0.38179634034888466
FixedParameters: 0 0 0
#Transform 9
Transform: MatrixOffsetTransformBase_double_3_3
Parameters: 0.9999955233018949 0.0003097824524633088 0.0030628407895369144 -0.0003080736328163007 0.9999992758779469 -0.0007652828753132446 -0.003062921563146735 0.0007637186171818855 0.9999950784996405 0.395005801085361 0.5100558735276621 -0.3156567069856635
FixedParameters: 0 0 0
#Transform 10
Transform: MatrixOffsetTransformBase_double_3_3
Parameters: 0.9999960905665217 0.00005514189349833514 0.0028117257185292523 -0.00004678355750772011 0.9999964093227885 -0.002743609140973713 -0.0028120831139170203 0.0027433918822994674 0.9999926275984821 0.3963871642820038 0.46720669411276106 -0.5067580488150298
FixedParameters: 0 0 0
#Transform 11
Transform: MatrixOffsetTransformBase_double_3_3
Parameters: 0.9999936477487334 0.00045648024327055506 0.0036254549785897294 -0.00045378212741671256 0.9999990675514921 -0.0009197449621745901 -0.003625769407308544 0.0009182564260909187 0.9999928910680567 0.4271554186402682 0.46281574906687695 -0.2891284311318856
FixedParameters: 0 0 0
#Transform 12
Transform: MatrixOffsetTransformBase_double_3_3
Parameters: 0.9999942841006665 0.00013976453075803053 0.0034199489748143884 -0.00012938742409243404 0.9999960244120345 -0.0029857965884367843 -0.0034204387149564 0.0029852041978750965 0.9999894331741448 0.40387677457663074 0.4554709973939026 -0.4483721406793819
FixedParameters: 0 0 0
#Transform 13
Transform: MatrixOffsetTransformBase_double_3_3
Parameters: 0.999994448720071 0.00025870143768250755 0.003237975592524211 -0.0002580026571256816 0.9999999503188338 -0.00026118964750868057 -0.0032379799255698696 0.00026081066316988033 0.999994362158954 0.4093846831144532 0.48033156138006916 -0.3921492573509937
FixedParameters: 0 0 0
#Transform 14
Transform: MatrixOffsetTransformBase_double_3_3
Parameters: 0.9999930448740005 0.00031774103490229207 0.0035853290214936584 -0.000314648855552631 0.9999993035634517 -0.0008462275720814982 -0.003585472444820945 0.0008457719288546273 0.9999933098741726 0.4091483015194939 0.5583922682045142 -0.34434894551257855
FixedParameters: 0 0 0
#Transform 15
Transform: MatrixOffsetTransformBase_double_3_3
Parameters: 0.9999951421907708 0.00008177191891846987 0.0031390697892533055 -0.00007293304439250341 0.9999967958190272 -0.0026717072604201253 -0.0031384388727399757 0.002671291028621542 0.9999910724915014 0.39172938298997906 0.4308833795957412 -0.5266643205688837
FixedParameters: 0 0 0
#Transform 16
Transform: MatrixOffsetTransformBase_double_3_3
Parameters: 0.9999949065984104 -0.00031575822267716633 0.003161221931530779 0.00032457726759249037 0.9999964653162031 -0.0026904350300483437 -0.0031604374601432767 0.002691562453445512 0.9999909582644181 0.3932164401587954 0.5044079451127033 -0.4714073460223318
FixedParameters: 0 0 0
#Transform 17
Transform: MatrixOffsetTransformBase_double_3_3
Parameters: 0.9999955500171558 -0.000027997769050476008 0.003073948652336563 0.00003508870275051204 0.999997631615458 -0.0023033682765680463 -0.0030738810919962675 0.0023036315490184422 0.9999923061385699 0.40598450395367536 0.4448560554129415 -0.5441336046138616
FixedParameters: 0 0 0
#Transform 18
Transform: MatrixOffsetTransformBase_double_3_3
Parameters: 0.9999924609021233 0.00006404196376025485 0.0038127010188983034 -0.00006028358439810652 0.9999998304039222 -0.0010132979826532884 -0.0038123048555731543 0.0010127038681194134 0.9999925781505791 0.4255039408519252 0.5195205429307919 -0.34726481097064266
FixedParameters: 0 0 0
#Transform 19
Transform: MatrixOffsetTransformBase_double_3_3
Parameters: 0.999992692251534 0.00004036406351028512 0.003912346342301227 -0.00003057176103203347 0.9999971876971296 -0.0024082140415056796 -0.0039123338961446295 0.002408782326132758 0.9999889027578616 0.4595612268705196 0.44780706264180026 -0.4876319514373506
FixedParameters: 0 0 0
#Transform 20
Transform: MatrixOffsetTransformBase_double_3_3
Parameters: 0.9999910334891091 0.00010493462036378676 0.0041178022573255925 -0.00010178268081466953 0.9999996244893351 -0.0006232427655240014 -0.004117670090834296 0.0006237550074707499 0.9999916314936185 0.4491921025186656 0.503921351863454 -0.3486166747527051
FixedParameters: 0 0 0
#Transform 21
Transform: MatrixOffsetTransformBase_double_3_3
Parameters: 0.9999951962003552 -0.0002003377209725515 0.0031245793893038293 0.00020852236155212048 0.9999961883287375 -0.0027786990278173274 -0.003124251107169836 0.0027803046529588094 0.9999915565537268 0.4080075076524139 0.48891754851284475 -0.5474011637596448
FixedParameters: 0 0 0
#Transform 22
Transform: MatrixOffsetTransformBase_double_3_3
Parameters: 0.9999909192466221 0.00022425847101282837 0.004246375696051082 -0.00022005852684627285 1.0000000330477892 -0.0009618908679960014 -0.004246280802429735 0.0009611087709329724 0.9999900372264117 0.4454359440319564 0.454746567454265 -0.38536230713022235
FixedParameters: 0 0 0
#Transform 23
Transform: MatrixOffsetTransformBase_double_3_3
Parameters: 0.9999925926792457 -0.00014275238575856388 0.0037928652462519215 0.0001536649208389862 0.9999961100370495 -0.002779497441115608 -0.0037927188264537306 0.002780501578041772 0.9999890257594483 0.45088828754280996 0.47462037128283896 -0.4515371115133746
FixedParameters: 0 0 0
#Transform 24
Transform: MatrixOffsetTransformBase_double_3_3
Parameters: 0.9999898138646093 0.0002544485773665833 0.004595443313253825 -0.0002496379511936972 0.9999989260993943 -0.0009696993749214178 -0.004596401115514715 0.0009682977726556963 0.9999890098357849 0.4605281158710426 0.4690918162194748 -0.4611684801893432
FixedParameters: 0 0 0
#Transform 25
Transform: MatrixOffsetTransformBase_double_3_3
Parameters: 0.9999914363742975 -0.00001393169136865342 0.004069854577192343 0.000023963967325363366 0.9999979183349764 -0.002222980443457062 -0.004069717568694312 0.0022230145516030364 0.9999886345397585 0.45664697749406 0.4995380198770505 -0.4543346828459107
FixedParameters: 0 0 0
#Transform 26
Transform: MatrixOffsetTransformBase_double_3_3
Parameters: 0.9999941042696247 -0.00011760884586671955 0.003447259586144293 0.00012565873726684502 0.9999966732218555 -0.0024807707904985765 -0.0034464727424635445 0.0024812303678629077 0.9999911202674148 0.43599604519552315 0.4337184431866916 -0.5126636572299788
FixedParameters: 0 0 0
#Transform 27
Transform: MatrixOffsetTransformBase_double_3_3
Parameters: 0.9999940115967416 0.00017454896479789453 0.0034582629517772214 -0.0001691513968803323 0.9999982520337393 -0.0016408001874473332 -0.0034580436356585345 0.001640198602615911 0.9999923770649728 0.41823508469467185 0.5559113363201789 -0.34966576212201517
FixedParameters: 0 0 0
#Transform 28
Transform: MatrixOffsetTransformBase_double_3_3
Parameters: 0.9999939916065564 -0.00005251678997046275 0.0033177130727381886 0.00006245583402681554 0.9999957508723539 -0.0030121295241392343 -0.003317052955279126 0.003011873175412738 0.9999900963469305 0.41493363401788486 0.45969801305210467 -0.4671201341691358
FixedParameters: 0 0 0
#Transform 29
Transform: MatrixOffsetTransformBase_double_3_3
Parameters: 0.9999905708353204 0.0003194573213790289 0.0042810917636586085 -0.0003165750709504837 0.9999993255226 -0.0006851623745115776 -0.004281135233647983 0.0006828369443677429 0.9999903095974217 0.4653189986459978 0.533228113224439 -0.3522122539820458
FixedParameters: 0 0 0
#Transform 30
Transform: MatrixOffsetTransformBase_double_3_3
Parameters: 0.9999932527443982 0.0003718156859351098 0.0036890330512658466 -0.0003715795922428287 0.9999999800764076 -0.000032465129692710315 -0.003689056839019509 0.00003153443842698889 0.9999932706200864 0.4448707952352322 0.5917737593908896 -0.26374978696675555
FixedParameters: 0 0 0
#Transform 31
Transform: MatrixOffsetTransformBase_double_3_3
Parameters: 0.9999924198296889 0.00009081619414219165 0.003946336395991164 -0.00008685804719733088 0.9999998445295829 -0.0010044108577667576 -0.003945992676271822 0.0010035896011591772 0.9999915592594979 0.43059722211286555 0.586972769599285 -0.4083817501402365
FixedParameters: 0 0 0
#Transform 32
Transform: MatrixOffsetTransformBase_double_3_3
Parameters: 0.9999957475255988 0.00001039344129373889 0.0030418317434348506 -0.000008829799187778367 0.9999996498745103 -0.00042034776475691205 -0.0030417092903304087 0.0004196515319966898 0.9999957448509142 0.3986090621222331 0.5903110279338648 -0.25044909717976793
FixedParameters: 0 0 0
#Transform 33
Transform: MatrixOffsetTransformBase_double_3_3
Parameters: 0.9999940663705894 0.00004887986558071896 0.0034541907215184424 -0.000040613907799625726 0.9999965563270315 -0.0025073440871692942 -0.003454231793455345 0.0025066560132482596 0.9999909398882867 0.39893386382638596 0.5996518551261971 -0.47436185438310474
FixedParameters: 0 0 0
#Transform 34
Transform: MatrixOffsetTransformBase_double_3_3
Parameters: 0.999996346904965 -0.00036925986083322456 0.0027416659183251203 0.0003693421070031455 0.9999996727208551 -0.000014435733207335266 -0.0027416548377735554 0.00001556415719677906 0.9999966737343409 0.37822963935229836 0.5558489569724401 -0.25943269890773024
FixedParameters: 0 0 0
#Transform 35
Transform: MatrixOffsetTransformBase_double_3_3
Parameters: 0.9999959460625701 -0.00037920177671658424 0.002812450614805842 0.00038626600301879465 0.9999960995855385 -0.0025363539420535375 -0.00281157820653469 0.0025366439503909377 0.9999929787719744 0.3881712468107139 0.5179986242678893 -0.46844900528151356
FixedParameters: 0 0 0
#Transform 36
Transform: MatrixOffsetTransformBase_double_3_3
Parameters: 0.9999963583188773 -0.0003311951007218702 0.0027440828204117512 0.00033307543067363624 1.0000003827699417 -0.0005466662816553391 -0.002744580381693831 0.0005473338660172133 0.9999963771300947 0.35248302979250923 0.5526263410522461 -0.24356532560156552
FixedParameters: 0 0 0
#Transform 37
Transform: MatrixOffsetTransformBase_double_3_3
Parameters: 0.9999942867676972 -0.0004716138288517125 0.003238732508772693 0.00048015866147448424 0.9999958666488201 -0.0027567616121601524 -0.0032379075821349678 0.0027582400841814347 0.999991212432048 0.38555352062614645 0.553348845621997 -0.4310263237456837
FixedParameters: 0 0 0
#Transform 38
Transform: MatrixOffsetTransformBase_double_3_3
Parameters: 0.9999950698006544 -0.00011960384417189393 0.0029856237153236273 0.00012300236305537937 0.999998959723778 -0.0009229554680298679 -0.002986130181133558 0.0009230421031627134 0.9999954062172253 0.3715348697499934 0.5790379536124846 -0.30648487775418687
FixedParameters: 0 0 0
#Transform 39
Transform: MatrixOffsetTransformBase_double_3_3
Parameters: 0.9999967905801982 0.000055567896640751954 0.0026842392656384532 -0.000051139061950720066 0.9999987770917618 -0.0017727388440567093 -0.0026847672187757295 0.001772262916003936 0.9999947299565862 0.38809573621539073 0.6403495429664758 -0.28137730868523647
FixedParameters: 0 0 0
#Transform 40
Transform: MatrixOffsetTransformBase_double_3_3
Parameters: 0.9999949031546815 0.00008320206203526131 0.0031766166275261276 -0.00008043010676191543 0.9999991309615565 -0.0009045951944377517 -0.0031763730535348676 0.0009044035853895682 0.9999941359496403 0.4152363928312326 0.573429706432762 -0.35981626161283486
FixedParameters: 0 0 0
#Transform 41
Transform: MatrixOffsetTransformBase_double_3_3
Parameters: 0.9999957768554386 0.00009325291650980809 0.0028658825567360047 -0.00008851806626901691 0.9999983715856103 -0.0018867273870379342 -0.002866433756834733 0.0018862757483404935 0.9999942874785074 0.39661098867843236 0.6160438001403321 -0.27458623224302414
FixedParameters: 0 0 0
#Transform 42
Transform: MatrixOffsetTransformBase_double_3_3
Parameters: 0.9999945519784061 0.00039188058754112664 0.003360835981349208 -0.0003782366835735716 0.999991193010329 -0.004094516187527181 -0.0033621614919848684 0.0040934803354288896 0.9999858370740063 0.43486129531572715 0.5427127571223451 -0.5907669286736734
FixedParameters: 0 0 0
#Transform 43
Transform: MatrixOffsetTransformBase_double_3_3
Parameters: 0.9999935596202563 0.0003767123343446744 0.0035069744203595483 -0.0003702569146980383 0.9999983326338671 -0.0016274029543141277 -0.003507537110431352 0.0016265948669124675 0.9999929327122824 0.41037395855347825 0.6059533556860828 -0.3068077603533652
FixedParameters: 0 0 0
#Transform 44
Transform: MatrixOffsetTransformBase_double_3_3
Parameters: 0.9999968533531686 -0.00019016579668754661 0.002666579986221599 0.00019914184227176498 0.9999939848700611 -0.003591078435770917 -0.0026658594059512947 0.0035919269497962925 0.9999900705900646 0.4204262248259738 0.5592012881213293 -0.5412580201034274
FixedParameters: 0 0 0
#Transform 45
Transform: MatrixOffsetTransformBase_double_3_3
Parameters: 0.9999939744152093 0.00033770230087404015 0.0033033160483270764 -0.00033242479616547063 0.9999990157146453 -0.001399458115367569 -0.0033037314528420493 0.0013985384207763907 0.9999930442907328 0.45953295577899667 0.579087124739587 -0.2619801250476286
FixedParameters: 0 0 0
#Transform 46
Transform: MatrixOffsetTransformBase_double_3_3
Parameters: 0.9999950335399126 0.00006814292659713836 0.0031562887107744794 -0.00005689825771885168 0.9999945780508127 -0.00337253447827629 -0.003156396595042432 0.0033724679715514683 0.999989707847198 0.45077013648798925 0.5678183938452577 -0.5542164867859185
FixedParameters: 0 0 0
#Transform 47
Transform: MatrixOffsetTransformBase_double_3_3
Parameters: 0.9999900295418734 0.0008870947012506111 0.004380085848101491 -0.0008786181914534898 0.9999977648885296 -0.0019726083555094698 -0.004381399904958379 0.0019693932248305013 0.9999884949221143 0.45910269829272465 0.5537597785391881 -0.37486781188475504
FixedParameters: 0 0 0
#Transform 48
Transform: MatrixOffsetTransformBase_double_3_3
Parameters: 0.9999946788906312 0.00017212936276869326 0.0033602658186917293 -0.00015999791983822647 0.9999930247401398 -0.0035947624024145197 -0.00336088478682354 0.0035942332426404655 0.9999878131491812 0.42744721072240566 0.6103408619680408 -0.45116023550639284
FixedParameters: 0 0 0
#Transform 49
Transform: MatrixOffsetTransformBase_double_3_3
Parameters: 0.9999950211685505 0.0002058680931662153 0.0029890742366764623 -0.0002000427335291285 0.9999980628677914 -0.001991088341669639 -0.0029900906940602216 0.001990910107594973 0.9999930301163188 0.43394656425031997 0.586845972903248 -0.32127159272810957
FixedParameters: 0 0 0
#Transform 50
Transform: MatrixOffsetTransformBase_double_3_3
Parameters: 0.9999973207655026 -0.00013118838408983412 0.0023794532261390056 0.0001420569312213684 0.9999903444023657 -0.004422271937081057 -0.002378922417848118 0.004422732570979249 0.9999878590841115 0.4170226906622929 0.6090275579935849 -0.5248858993922596
FixedParameters: 0 0 0
#Transform 51
Transform: MatrixOffsetTransformBase_double_3_3
Parameters: 0.9999958748449808 0.0002221413485566556 0.003012430435905475 -0.0002111164537145195 0.9999936182283438 -0.00366113516686678 -0.0030135722573784423 0.003660865027018345 0.9999884506230492 0.4017596073090175 0.5018868391599227 -0.4766406888009982
FixedParameters: 0 0 0
#Transform 52
Transform: MatrixOffsetTransformBase_double_3_3
Parameters: 0.9999963377837405 -0.00046583447550193604 0.0025390203039215215 0.00047674733527651545 0.9999904206710344 -0.004375384075356259 -0.0025364340774372313 0.004376620711469631 0.9999876180926908 0.3671383038490603 0.5496987784625702 -0.5300614325125963
FixedParameters: 0 0 0
#Transform 53
Transform: MatrixOffsetTransformBase_double_3_3
Parameters: 0.9999957823427222 0.00018818988764150466 0.00303007178722574 -0.00017806662538099143 0.9999948328916067 -0.003328021279795784 -0.003030976698030211 0.0033269806694606607 0.9999898048199187 0.36265752658725603 0.4364149053631081 -0.514792684593985
FixedParameters: 0 0 0
#Transform 54
Transform: MatrixOffsetTransformBase_double_3_3
Parameters: 0.9999972523311965 -0.0002486272032850523 0.002384096957073575 0.00025836790184815433 0.9999918853453741 -0.003995990861347609 -0.0023838703423304185 0.003997010061549761 0.9999894227843207 0.35243410124469676 0.5455828016896334 -0.43833147352088986
FixedParameters: 0 0 0
#Transform 55
Transform: MatrixOffsetTransformBase_double_3_3
Parameters: 0.9999958220801255 0.0003453363622410078 0.003009850499713992 -0.0003363341994653754 0.9999950968022646 -0.003142381381742637 -0.0030106870540826994 0.00314162345725158 0.9999909808406987 0.35941945284847066 0.49931730335640623 -0.4760289142977143
FixedParameters: 0 0 0
#Transform 56
Transform: MatrixOffsetTransformBase_double_3_3
Parameters: 0.9999969337626652 0.00007965515351372916 0.0024616380265031997 -0.00006928712010340819 0.9999923569937718 -0.00394477886889083 -0.0024620422437460245 0.00394422272130035 0.9999894584340441 0.33515157577390653 0.5703414928065484 -0.473597022216822
FixedParameters: 0 0 0
#Transform 57
Transform: MatrixOffsetTransformBase_double_3_3
Parameters: 0.9999979637639906 0.00008691404181829308 0.0020074693656008907 -0.00007952391789102425 0.9999931563711821 -0.0035698882802925325 -0.0020071497829304424 0.003569105897317071 0.9999913246466997 0.3124441763451813 0.5148163971640969 -0.5343852894964982
FixedParameters: 0 0 0
#Transform 58
Transform: MatrixOffsetTransformBase_double_3_3
Parameters: 0.9999936189681078 0.0006523462649584553 0.0034579239397124514 -0.0006426041442975111 0.9999966326524937 -0.0026804809377892758 -0.0034592275927376594 0.0026785210739517784 0.9999906267997312 0.34415662384449774 0.6068049374146796 -0.3173577865142221
FixedParameters: 0 0 0
#Transform 59
Transform: MatrixOffsetTransformBase_double_3_3
Parameters: 0.9999970922085035 -0.0002221122487816768 0.0024201849045974054 0.00023306114052564064 0.9999897249207069 -0.004596173294918696 -0.002419631236228436 0.004596826486467531 0.9999861113789559 0.33127273360815934 0.49581583624376435 -0.7251246887713734
FixedParameters: 0 0 0
#Transform 60
Transform: MatrixOffsetTransformBase_double_3_3
Parameters: 0.9999967831493809 -0.0004347241735464105 0.0024554153472747453 0.00044718208772905613 0.9999881720767889 -0.004839496979131205 -0.0024526854267822185 0.004840505843229176 0.9999857595119558 0.30310035436893656 0.432096380271318 -0.7992247601678599
FixedParameters: 0 0 0
#Transform 61
Transform: MatrixOffsetTransformBase_double_3_3
Parameters: 0.9999941322065353 -0.00009732612140338871 0.0032954227793091373 0.0001072422057646228 0.9999956595239103 -0.0028779960750450473 -0.003294650629718555 0.0028789983117039897 0.9999899010952796 0.33827328369591214 0.40870578210440556 -0.5784003431011939
FixedParameters: 0 0 0
#Transform 62
Transform: MatrixOffsetTransformBase_double_3_3
Parameters: 0.999994392863564 -0.0001450378758089205 0.003403628914401496 0.00015399527288174002 0.999996701755454 -0.0026648104529911065 -0.0034036401421204815 0.0026651904959432704 0.99999048658921 0.3396310996965042 0.40259330719173647 -0.5797821550149109
FixedParameters: 0 0 0
#Transform 63
Transform: MatrixOffsetTransformBase_double_3_3
Parameters: 0.9999957029763983 -0.0004941004002555981 0.002837829577810214 0.0005038570336391917 0.9999940399493593 -0.0035351637348229326 -0.0028359698508470094 0.003536839458841007 0.999989656293898 0.27445859302490305 0.39728236429722585 -0.5135585832511396
FixedParameters: 0 0 0
#Transform 64
Transform: MatrixOffsetTransformBase_double_3_3
Parameters: 0.9999932264915731 -0.000010489278508236304 0.003574007913400783 0.000025831800313241816 0.9999907949272809 -0.004263139006095429 -0.003573878047514806 0.004263855806043382 0.9999840764408804 0.2444302804663323 0.38118483226867284 -0.6246901014577446
FixedParameters: 0 0 0
#Transform 65
Transform: MatrixOffsetTransformBase_double_3_3
Parameters: 0.9999917738275094 0.0006479079102894591 0.003975975018200258 -0.000632247173592932 0.9999912787687547 -0.00407252579284062 -0.003977976813212535 0.004070471086931815 0.9999833405754368 0.24830307033415977 0.4338120953919997 -0.5569848270682627
FixedParameters: 0 0 0
#Transform 66
Transform: MatrixOffsetTransformBase_double_3_3
Parameters: 0.9999921709240797 -0.00036556277961850186 0.003961766104539037 0.00038896295076348397 0.9999829348074731 -0.005789528286011564 -0.003959482998872613 0.00579046473951364 0.9999751871299566 0.2590780141704556 0.40622322728113147 -0.9077541964918936
FixedParameters: 0 0 0
#Transform 67
Transform: MatrixOffsetTransformBase_double_3_3
Parameters: 0.9999917280990858 -0.00001680692933356037 0.0041560757444867496 0.00003372804668909477 0.9999921076665416 -0.004094828273680545 -0.00415563274002357 0.004095176993973576 0.9999830820757025 0.2937899834671356 0.4324608048265617 -0.646733461367063
FixedParameters: 0 0 0
#Transform 68
Transform: MatrixOffsetTransformBase_double_3_3
Parameters: 0.9999932819444857 0.00005681976921712104 0.0037034333429254366 -0.00004685138058958994 0.999996539878917 -0.0027023810843867235 -0.0037033996477803133 0.002701618202495454 0.9999891403830707 0.3052929867572942 0.4436799431627776 -0.5300148644161169
FixedParameters: 0 0 0
#Transform 69
Transform: MatrixOffsetTransformBase_double_3_3
Parameters: 0.9999893654914266 0.00005447255969409713 0.004542600238633453 -0.00004715910308770293 0.9999984471992752 -0.0015689010209988252 -0.004541846012793258 0.0015690957288570784 0.9999879947471241 0.29274758933340195 0.4723684211714243 -0.4736631461573637
FixedParameters: 0 0 0
#Transform 70
Transform: MatrixOffsetTransformBase_double_3_3
Parameters: 0.999993266714132 0.000058738563883612945 0.003567963979600384 -0.00004961283031361478 0.9999967525584604 -0.002686401744602551 -0.00356794124663394 0.0026866021397924378 0.9999900795088182 0.2562214344251288 0.4223330838367332 -0.5809175912085607
FixedParameters: 0 0 0
#Transform 71
Transform: MatrixOffsetTransformBase_double_3_3
Parameters: 0.9999930652847531 0.00007803552436265232 0.003595687521405531 -0.00006789033960478502 0.9999960853990273 -0.0028074677953310034 -0.0035957833902504573 0.0028075300702531947 0.9999892156971564 0.24564956419651196 0.33100658206993216 -0.6537346688628389
FixedParameters: 0 0 0
#Transform 72
Transform: MatrixOffsetTransformBase_double_3_3
Parameters: 0.999991232911858 -0.00029795636382397154 0.004083860590165503 0.00031330930563231574 0.9999934958041063 -0.003626666166407916 -0.004082790170039463 0.0036283349578607738 0.9999854193943463 0.21888912306312136 0.3875910499082664 -0.6056522929360426
FixedParameters: 0 0 0
#Transform 73
Transform: MatrixOffsetTransformBase_double_3_3
Parameters: 0.9999921413673534 -0.00027876256365704356 0.004096470344970546 0.0002938871322362253 0.9999929055970641 -0.003708740272730132 -0.004095362522256103 0.003710258590009091 0.9999847147831046 0.21508276900452472 0.3590317267039609 -0.7171565345593507
FixedParameters: 0 0 0
#Transform 74
Transform: MatrixOffsetTransformBase_double_3_3
Parameters: 0.9999928724524737 -0.0002931763130572503 0.0038782174689935027 0.00030664145563853175 0.9999937488633311 -0.0034478783078790987 -0.0038774264775156262 0.00344911826173791 0.9999863391357278 0.2184828863384638 0.40977951737026785 -0.61606022220451
FixedParameters: 0 0 0
#Transform 75
Transform: MatrixOffsetTransformBase_double_3_3
Parameters: 0.9999922772401274 -0.0010045945609892647 0.0037036686306293363 0.0010163871935734345 0.999993737840211 -0.0032683978673633818 -0.0036994584202973304 0.0032726020009696544 0.9999881469241624 0.22833512573564008 0.43781310756924086 -0.6431807757081316
FixedParameters: 0 0 0
#Transform 76
Transform: MatrixOffsetTransformBase_double_3_3
Parameters: 0.9999930088233814 -0.0006270645461841193 0.003687676844087471 0.0006445675484773337 0.9999886271079962 -0.0047478137965443895 -0.0036843760805580455 0.004750190317882971 0.9999822752818794 0.22085626303828576 0.4314005898355049 -0.8312261291881384
FixedParameters: 0 0 0
#Transform 77
Transform: MatrixOffsetTransformBase_double_3_3
Parameters: 0.9999906130949227 -0.0003797931955500562 0.004271161122413581 0.00039809021624721483 0.9999910373618044 -0.0042922373465926755 -0.004269437944557867 0.0042937660172732706 0.9999817156814894 0.22194631625433203 0.35421256028485004 -0.6871277213476787
FixedParameters: 0 0 0
#Transform 78
Transform: MatrixOffsetTransformBase_double_3_3
Parameters: 0.9999925290277901 -0.0003948482059004675 0.0037832142793130063 0.0004085181742823084 0.9999928017753701 -0.0037095243389851373 -0.003782371778747521 0.0037114772812943397 0.9999861914316583 0.18454805127674945 0.2800880715269187 -0.7116908045334327
FixedParameters: 0 0 0
#Transform 79
Transform: MatrixOffsetTransformBase_double_3_3
Parameters: 0.9999946779766173 -0.0002881497377103197 0.0031997702168876066 0.0003048018591894502 0.9999853223603605 -0.005318351613582961 -0.00319836341349452 0.005318644833336411 0.9999807822050278 0.1694234118469211 0.3241839525641552 -0.8046989156047033
FixedParameters: 0 0 0
#Transform 80
Transform: MatrixOffsetTransformBase_double_3_3
Parameters: 0.9999933470849431 0.0003140594739058832 0.0035430777571204557 -0.0002973203417604254 0.9999883870539383 -0.004758177832451638 -0.0035447592242375176 0.00475782286493881 0.9999826825005058 0.17010314450595843 0.20936274538814814 -0.6961164450228807
FixedParameters: 0 0 0
#Transform 81
Transform: MatrixOffsetTransformBase_double_3_3
Parameters: 0.999995712625058 0.00015950401323959874 0.0028739423684904985 -0.0001445522067054378 0.9999865363191321 -0.005232904940998026 -0.00287555836736992 0.0052321001861875965 0.9999824176784937 0.13962052772340883 0.27922185297848046 -0.8035661406120198
FixedParameters: 0 0 0
#Transform 82
Transform: MatrixOffsetTransformBase_double_3_3
Parameters: 0.9999945693813297 0.000544782418682895 0.0033370224492603796 -0.0005307776837330754 0.9999902712459605 -0.0043070182701898385 -0.00333870450318047 0.004304981085599263 0.9999852145883217 0.14023140064499273 0.22501090181592076 -0.7134035148773279
FixedParameters: 0 0 0
#Transform 83
Transform: MatrixOffsetTransformBase_double_3_3
Parameters: 0.999994379646495 0.0008412369373426331 0.0033033809955290336 -0.0008239440965320818 0.9999857072392481 -0.0052769949345495976 -0.0033078333875845916 0.005274009282362754 0.9999810100356523 0.15234953896175796 0.3257414114805073 -0.7939969430503311
FixedParameters: 0 0 0
#Transform 84
Transform: MatrixOffsetTransformBase_double_3_3
Parameters: 0.9999951133222469 0.0014514867359958002 0.002789057727230194 -0.0014401530955043883 0.9999908294334331 -0.004068572370989232 -0.0027952845707778914 0.004064431415035402 0.9999882108106085 0.18320745067083521 0.3647668603077818 -0.5588947968292786
FixedParameters: 0 0 0
#Transform 85
Transform: MatrixOffsetTransformBase_double_3_3
Parameters: 0.9999969952767417 0.001253766654158392 0.0021051214343673756 -0.001243044281118118 0.9999840969846099 -0.005445404883348548 -0.0021120601321417943 0.005442589569307876 0.9999826235223837 0.1675214931187412 0.27853152813960946 -0.9641354688854449
FixedParameters: 0 0 0
#Transform 86
Transform: MatrixOffsetTransformBase_double_3_3
Parameters: 0.9999964460122623 0.0017492334533350468 0.0018693569677351355 -0.0017406452028338357 0.9999861095569128 -0.004926189136089457 -0.0018771756560055084 0.004922808208743815 0.9999858346944718 0.19724544831561275 0.32623798620178945 -0.7340571460959637
FixedParameters: 0 0 0
#Transform 87
Transform: MatrixOffsetTransformBase_double_3_3
Parameters: 0.9999988416544757 0.0009809197984234138 0.001482306715686428 -0.0009705355378383026 0.999975671807429 -0.006903352603926008 -0.0014883933031502178 0.006902644643337133 0.9999748658375811 0.11042838271700361 0.23152118832122426 -1.046637839375279
FixedParameters: 0 0 0
#Transform 88
Transform: MatrixOffsetTransformBase_double_3_3
Parameters: 0.9999973991260085 0.0018253246841390463 0.0015060974299999116 -0.0018181968812462429 0.9999870187300747 -0.004683782195299774 -0.0015151721968446003 0.004680209970363988 0.9999875378835111 0.07385296183338141 0.2482826229225168 -0.8516210781841806
FixedParameters: 0 0 0
#Transform 89
Transform: MatrixOffsetTransformBase_double_3_3
Parameters: 0.9999943428258536 0.002770257407413397 0.001727150432901621 -0.002762543989289471 0.9999868780211905 -0.004387028282424599 -0.0017393313249604702 0.004382975268340361 0.9999890080520515 0.08718771468085151 0.11347430038981088 -0.9539423133400646
FixedParameters: 0 0 0
#Transform 90
Transform: MatrixOffsetTransformBase_double_3_3
Parameters: 0.9999951507640977 0.0029099586201727745 0.0011756223362710295 -0.0029013325174415705 0.9999725683107311 -0.006827791734377156 -0.0011961424241130189 0.006825212114059759 0.9999763789077607 0.028329730323520153 0.17344201379201252 -1.000886889572513
FixedParameters: 0 0 0
#Transform 91
Transform: MatrixOffsetTransformBase_double_3_3
Parameters: 0.9999907306065735 0.0037790222675676607 0.0019979265548760268 -0.003770096014825455 0.9999849099993581 -0.003998110098657942 -0.0020130268020774446 0.003990887254343489 0.9999899082842869 0.02454030619593084 0.018430671188184533 -0.9096889405420399
FixedParameters: 0 0 0
#Transform 92
Transform: MatrixOffsetTransformBase_double_3_3
Parameters: 0.9999918747078623 0.0034318675516691504 0.0020843113934141243 -0.003417999908305819 0.9999705219796722 -0.006913576338330146 -0.002108474934584216 0.006906425861803053 0.9999738549880975 0.0016677651839529517 0.08534417934615135 -1.0862126849393974
FixedParameters: 0 0 0
#Transform 93
Transform: MatrixOffsetTransformBase_double_3_3
Parameters: 0.9999876263547404 0.00404609874315578 0.003000107486692411 -0.004029214621394473 0.9999763093507461 -0.005667512340728931 -0.0030233871040557044 0.005655489411927714 0.999979210909421 -0.018257718309854454 -0.053875506186940925 -1.1129840264867426
FixedParameters: 0 0 0
#Transform 94
Transform: MatrixOffsetTransformBase_double_3_3
Parameters: 0.9999865749347002 0.0042858429827890045 0.0028385845168661093 -0.004264456803579061 0.9999619985728617 -0.0075815591026307805 -0.0028702216590674938 0.0075694508131688015 0.9999677974814954 -0.028682168555661747 0.054901824431524915 -1.301511370052637
FixedParameters: 0 0 0
#Transform 95
Transform: MatrixOffsetTransformBase_double_3_3
Parameters: 0.9999875991870525 0.004359304871055481 0.0023231539794684275 -0.004345086329069344 0.999971424135142 -0.006168873449123702 -0.002349668749119154 0.006158125988605739 0.9999781964059419 -0.03854345204705112 0.017761009328154387 -1.0798354409738522
FixedParameters: 0 0 0
#Transform 96
Transform: MatrixOffsetTransformBase_double_3_3
Parameters: 0.9999870206492655 0.004330072962008721 0.0026888858514307057 -0.004310791287420635 0.9999654756626735 -0.007111289913167784 -0.002719522113754775 0.007099703375905528 0.9999705668436568 -0.040905280486569495 0.05333048265850948 -1.3319132978676578
FixedParameters: 0 0 0
#Transform 97
Transform: MatrixOffsetTransformBase_double_3_3
Parameters: 0.9999899097614515 0.004383040909492898 0.0013698752110366443 -0.004377183853521998 0.9999805781401766 -0.004506103691575128 -0.001390306541171225 0.004500895273241393 0.9999887681821488 0.0026441204947076358 0.16767262922520842 -0.919358058155268
FixedParameters: 0 0 0
#Transform 98
Transform: MatrixOffsetTransformBase_double_3_3
Parameters: 0.9999925852204977 0.003760179111981327 0.0005242219905668185 -0.00375812479491832 0.9999830248885642 -0.00450184954607695 -0.0005405549881466185 0.00450015764491872 0.9999900419464847 0.07460065062595334 0.2882690644391772 -0.7858591097308647
FixedParameters: 0 0 0
#Transform 99
Transform: MatrixOffsetTransformBase_double_3_3
Parameters: 0.9999936664192275 0.0036285321760596537 -0.0004077564545867423 -0.0036320718110343805 0.9999582071068573 -0.008395479487794857 0.0003776604860898027 0.008396519108675421 0.9999644707374682 0.10526559663058777 0.20706672372772061 -1.0067733393380678
FixedParameters: 0 0 0
#Transform 100
Transform: MatrixOffsetTransformBase_double_3_3
Parameters: 0.999993151358972 0.0034391811584860597 -0.0010117492487157146 -0.0034479905094295816 0.9999477325395448 -0.00964432093419694 0.0009782397567704778 0.009647689029552847 0.9999533231645714 0.1640070253553887 0.2639361957718478 -0.8694691914851518
FixedParameters: 0 0 0
#Transform 101
Transform: MatrixOffsetTransformBase_double_3_3
Parameters: 0.9999919180528338 0.003775182902109289 -0.0009102919304758168 -0.0037852859831751058 0.9999320605229136 -0.011060656773947214 0.0008687613929055445 0.011064345767458406 0.9999380912776242 0.20079635325400602 0.35098629784639 -0.613685992255796
FixedParameters: 0 0 0
#Transform 102
Transform: MatrixOffsetTransformBase_double_3_3
Parameters: 0.9999913526410181 0.004046549416395816 -0.001128467245737554 -0.0040615194149630175 0.9998965130421285 -0.013840676894519469 0.0010726810007251467 0.013845339647047733 0.9999035620185243 0.14039366374737483 0.19621387194304418 -1.0195416492298932
FixedParameters: 0 0 0
#Transform 103
Transform: MatrixOffsetTransformBase_double_3_3
Parameters: 0.9999875843753394 0.004904752722230917 -0.0005988842925860826 -0.0049119379610395465 0.9999104439777555 -0.01245876997912472 0.0005371714149898049 0.012461240546784977 0.9999226231186323 0.048245864397785 0.18558725273832977 -1.0656099403628616
FixedParameters: 0 0 0
#Transform 104
Transform: MatrixOffsetTransformBase_double_3_3
Parameters: 0.9999878634057471 0.005006683925146452 0.0002693783035990437 -0.005003033204441794 0.9999355219099986 -0.010241120263412062 -0.0003211391730040068 0.010239888492575067 0.9999475989086175 0.04281905161853672 0.07826145666618345 -0.9798244105471383
FixedParameters: 0 0 0
#Transform 105
Transform: MatrixOffsetTransformBase_double_3_3
Parameters: 0.9999869532570471 0.00519850412111196 -0.00015770712720431337 -0.005199507587345292 0.9999152436541597 -0.011953082071515436 0.00009467045364107776 0.0119539273475847 0.9999289250242839 0.02525459095895144 0.09405426087646163 -1.1413775823108665
FixedParameters: 0 0 0
#Transform 106
Transform: MatrixOffsetTransformBase_double_3_3
Parameters: 0.9999855065444292 0.005336557869394176 0.00013244928349292432 -0.005334356525986853 0.9999353005560153 -0.010081748228502038 -0.00018644083394068805 0.010081252892563689 0.9999489260794208 0.019116685936722888 -0.011550529192348336 -1.0483980308384986
FixedParameters: 0 0 0
#Transform 107
Transform: MatrixOffsetTransformBase_double_3_3
Parameters: 0.9999876688895316 0.00485291992166202 -0.0008818636409620791 -0.004863416670041745 0.9999190775592298 -0.011744388108525738 0.0008249688066573462 0.011748608776990271 0.9999306196436569 0.008764333473365582 0.06157360413287449 -1.2174243564825957
FixedParameters: 0 0 0
#Transform 108
Transform: MatrixOffsetTransformBase_double_3_3
Parameters: 0.9999863952305575 0.005233576030031128 0.00046108468309668475 -0.005229501365466783 0.9999449538110611 -0.009124321420971457 -0.000508508262621044 0.009121679726757495 0.9999579785386106 -0.007555971753248514 0.021955431391376123 -1.0691213020628538
FixedParameters: 0 0 0
#Transform 109
Transform: MatrixOffsetTransformBase_double_3_3
Parameters: 0.9999862347587408 0.005111184838627976 -0.0008001261923779662 -0.0051199986917276185 0.9999217545838199 -0.011430850001412335 0.0007425097818643189 0.011434152398256195 0.9999340657437709 -0.0015598318383212018 0.10483154628627744 -1.2360063634391452
FixedParameters: 0 0 0
#Transform 110
Transform: MatrixOffsetTransformBase_double_3_3
Parameters: 0.9999855819500236 0.0053223819337298185 0.0003070022702247111 -0.005318085583598084 0.9999310582328326 -0.010497572673723102 -0.0003628644327347242 0.010496439590841164 0.9999451419340746 -0.0004081296863773787 0.07420728926291531 -1.0781936053853656
FixedParameters: 0 0 0
#Transform 111
Transform: MatrixOffsetTransformBase_double_3_3
Parameters: 0.9999885098245179 0.004798225962870557 -0.000685909156995516 -0.004804940031976278 0.9999251575854454 -0.011293397411661271 0.0006318362451826841 0.011296619054641938 0.9999361883662511 0.010314270742398435 0.18663239175701563 -1.172783971491171
FixedParameters: 0 0 0
#Transform 112
Transform: MatrixOffsetTransformBase_double_3_3
Parameters: 0.9999867185070753 0.005123219305080826 0.00018172883402272483 -0.005121384929228098 0.9999376648934357 -0.00992068659629422 -0.00023162005673566346 0.009919327102553083 0.9999512345425912 0.028853490090483547 0.1590022518007146 -1.0788512134971455
FixedParameters: 0 0 0
#Transform 113
Transform: MatrixOffsetTransformBase_double_3_3
Parameters: 0.9999881552159905 0.004840522191429859 -0.0006441201246441964 -0.004846630657043267 0.9999363524478639 -0.010195553634868196 0.0005949093166113569 0.01019844931693023 0.9999478384741723 0.03625959186865657 0.19936420700352642 -1.1163678739686844
FixedParameters: 0 0 0
#Transform 114
Transform: MatrixOffsetTransformBase_double_3_3
Parameters: 0.9999908230580187 0.004342177032174526 -0.0005688138115135512 -0.004347684072322366 0.9999347669742773 -0.010543794990461722 0.0005227826867835696 0.010546208669915347 0.9999446547461356 0.02797896298784508 0.12720582462155505 -1.1453547481705186
FixedParameters: 0 0 0
#Transform 115
Transform: MatrixOffsetTransformBase_double_3_3
