#Insight Transform File V1.0
#Transform 0
Transform: MatrixOffsetTransformBase_double_3_3
Parameters: 0.9999993528875156 -0.0002916007429392087 0.0007499334534249299 0.00029061395798846395 0.9999989384177502 0.0014062179743535297 -0.0007498911284544374 -0.0014057813630993232 0.9999984607960961 0.3395387462634716 0.10235774161932909 -0.5232179651569879
FixedParameters: 0 0 0
#Transform 1
Transform: MatrixOffsetTransformBase_double_3_3
Parameters: 0.9999998147888852 -0.000017181765626209198 0.0010883926155244386 0.00001694403054811519 0.9999999593064351 0.001020019420927526 -0.001088688476025202 -0.0010199822728237384 0.999998774679641 0.3256176877406034 0.1563608522069586 -0.46531757336114765
FixedParameters: 0 0 0
#Transform 2
Transform: MatrixOffsetTransformBase_double_3_3
Parameters: 0.9999996350951732 0.000043214692614833233 0.0006025256709161706 -0.000042815812036483576 0.9999998885891924 -0.0003310257614921319 -0.0006025541468509427 0.00033097392441203133 0.9999995273840843 0.3136154001964968 0.1364585852790725 -0.657778201054299
FixedParameters: 0 0 0
#Transform 3
Transform: MatrixOffsetTransformBase_double_3_3
Parameters: 0.999999362569653 0.000037090526275053524 0.0012790835567985975 -0.000037452507158229766 0.9999998662161137 0.0001410986800534919 -0.0012790730084011484 -0.00014190113388662384 0.9999994563093968 0.31626896174408614 0.08028315010076881 -0.5562474629277432
FixedParameters: 0 0 0
#Transform 4
Transform: MatrixOffsetTransformBase_double_3_3
Parameters: 0.99999971754295 -0.0003033549184691552 0.0010912728740221978 0.00030403920922579097 0.9999993349820856 -0.0007675391158953881 -0.0010906758676949206 0.0007684605862808003 0.9999992029126996 0.29097086131602623 0.11836743972115471 -0.6128832215514421
FixedParameters: 0 0 0
#Transform 5
Transform: MatrixOffsetTransformBase_double_3_3
Parameters: 0.9999992672152477 -0.00028922626762325115 0.0008056877065476249 0.0002894059277360179 0.9999997744547838 -0.00011174979059552781 -0.000805623188444101 0.00011125004322176668 0.9999994678961833 0.30552371163372527 0.05923549472223044 -0.6413224873796821
FixedParameters: 0 0 0
#Transform 6
Transform: MatrixOffsetTransformBase_double_3_3
Parameters: 0.9999993584187669 -0.00035239588308532565 0.0007196123365380233 0.0003528931454173013 0.9999998044171802 -0.0010347470152380633 -0.0007187518346875063 0.0010352542462520598 0.9999994115494968 0.26273859689987944 0.10647158975649518 -0.7512230828847493
FixedParameters: 0 0 0
#Transform 7
Transform: MatrixOffsetTransformBase_double_3_3
Parameters: 0.9999998232069021 -0.00031005858747500575 0.0010397599172803803 0.00031091107208549396 1.000000116830809 -0.000886677803534186 -0.001039078589545039 0.0008873232511074081 0.9999991328365839 0.27445516789529734 0.02100663527011193 -0.5360214939722852
FixedParameters: 0 0 0
#Transform 8
Transform: MatrixOffsetTransformBase_double_3_3
Parameters: 0.9999994281512695 -0.0003596672149699132 0.0006650709996791302 0.00035985026539650994 0.9999999082129662 -0.0009807616921714835 -0.0006652260706371864 0.000981240277708767 0.9999995952138742 0.27343964186965763 -0.011022343927805878 -0.6990614471357617
FixedParameters: 0 0 0
#Transform 9
Transform: MatrixOffsetTransformBase_double_3_3
Parameters: 0.9999999653793462 0.000013154323386171821 0.0010171373080937833 -0.000011570501983544317 0.9999993970922927 -0.0012660122721642741 -0.0010170380830894666 0.0012659871239967813 0.999998362773612 0.2974764575051978 0.06749227186074336 -0.5295143062065932
FixedParameters: 0 0 0
#Transform 10
Transform: MatrixOffsetTransformBase_double_3_3
Parameters: 0.9999993581473586 -0.0004852282287922718 0.0006374966802487042 0.00048570465270541456 0.9999991918067138 -0.001253690901221849 -0.0006371400472876157 0.0012543096941386445 0.9999990213061114 0.2713358258291123 0.08841760455464964 -0.6482500670349225
FixedParameters: 0 0 0
#Transform 11
Transform: MatrixOffsetTransformBase_double_3_3
Parameters: 0.9999998965587503 -0.00031619081226284465 0.0010017313673946293 0.0003156909078312419 0.9999997255584908 0.0002494629178440011 -0.0010018890210817689 -0.0002495369994764407 1.000000046499992 0.28974691062444435 0.11342635805119983 -0.45443871550898507
FixedParameters: 0 0 0
#Transform 12
Transform: MatrixOffsetTransformBase_double_3_3
Parameters: 0.9999996519909674 -0.00002062363819870327 0.001161078912488674 0.000023718106439213392 0.9999961835428743 -0.002613843489338963 -0.0011605714218799312 0.0026141537803046067 0.9999958024353851 0.2916414831524179 0.21141948251718645 -0.5583244350724925
FixedParameters: 0 0 0
#Transform 13
Transform: MatrixOffsetTransformBase_double_3_3
Parameters: 0.9999999313208713 0.000009045474557030397 0.0010337912349839445 -0.000007958080812899823 0.999998876526977 -0.0010058617696717675 -0.0010336778057761806 0.0010051370850333308 0.9999990327339208 0.31006000241004017 0.13529727308585393 -0.5939927182673301
FixedParameters: 0 0 0
#Transform 14
Transform: MatrixOffsetTransformBase_double_3_3
Parameters: 0.9999997480838738 0.00008260339326593325 0.001115895830408592 -0.0000801047095086483 0.9999979783509623 -0.002007961923237739 -0.0011159614955548838 0.002008039170275866 0.9999977055920553 0.3022402539596385 0.19308193906216786 -0.5065223702675183
FixedParameters: 0 0 0
#Transform 15
Transform: MatrixOffsetTransformBase_double_3_3
Parameters: 0.9999993277347874 -0.00008634502508614842 0.0008154765585628264 0.00008730216578476637 0.9999995644372799 -0.0011949294910304498 -0.0008151385233191021 0.0011950710662742003 0.9999989072453135 0.29878974705282246 0.10658138317000976 -0.701082551924813
FixedParameters: 0 0 0
#Transform 16
Transform: MatrixOffsetTransformBase_double_3_3
Parameters: 0.9999992748727861 0.0004993213529909116 0.0012145517169405086 -0.0004964827114480526 0.9999979642648098 -0.001983492745875115 -0.0012162658455164915 0.001983507178266064 0.9999974420526911 0.3293521418896148 0.1454720674982184 -0.569923561327272
FixedParameters: 0 0 0
#Transform 17
Transform: MatrixOffsetTransformBase_double_3_3
Parameters: 0.999999783345717 -0.0001675086419354316 0.00109036882650523 0.00016775785280960404 0.9999996651757601 -0.0005686880574155007 -0.001090047532737944 0.0005693123865922467 0.9999994706474752 0.3228751364095501 0.04513592974436165 -0.8002853861600556
FixedParameters: 0 0 0
#Transform 18
Transform: MatrixOffsetTransformBase_double_3_3
Parameters: 0.9999995607350763 -0.00041472890736020504 0.001125753489279318 0.00041659935040620256 0.999998694321573 -0.0017695325470326873 -0.0011250124279760226 0.0017704681094914132 0.9999976006053696 0.2968634808503623 0.031781482205460065 -0.8036387242022016
FixedParameters: 0 0 0
#Transform 19
Transform: MatrixOffsetTransformBase_double_3_3
Parameters: 0.9999995131369446 0.0001301906384581561 0.001212424664886149 -0.00012854576415125086 0.9999987622847403 -0.0014960275829940806 -0.0012125506820765432 0.0014959726861629719 0.9999982748156014 0.2816792016514711 -0.09257883161146196 -0.6046205253312564
FixedParameters: 0 0 0
#Transform 20
Transform: MatrixOffsetTransformBase_double_3_3
Parameters: 0.9999996935425736 -0.000031747106826274 0.001142307342776589 0.00003355058861356078 0.9999974020638901 -0.0021478330954514124 -0.0011427669501328564 0.002148166517650596 0.9999970636578647 0.2729957763912836 -0.005199445710573514 -0.7234626337738774
FixedParameters: 0 0 0
#Transform 21
Transform: MatrixOffsetTransformBase_double_3_3
Parameters: 0.9999990958053432 0.0002832504305225684 0.0013504650713555195 -0.00028217813935160736 0.9999996579480309 -0.0011312536090148095 -0.0013508435194431172 0.0011307487282350148 0.9999988795309377 0.2948799051530244 -0.015599031380787665 -0.6659358917473241
FixedParameters: 0 0 0
#Transform 22
Transform: MatrixOffsetTransformBase_double_3_3
Parameters: 0.9999984433512953 0.00031368681367849007 0.0015682544352192936 -0.00031102680311221134 0.9999976304261474 -0.0020713598334623495 -0.0015680346687371972 0.0020706390086637216 0.9999962348309978 0.3025541644176286 0.07640325736170439 -0.6450674158258067
FixedParameters: 0 0 0
#Transform 23
Transform: MatrixOffsetTransformBase_double_3_3
Parameters: 0.9999985127128459 0.0003482920981506208 0.0018350830315810732 -0.0003456550262965547 0.9999988125497459 -0.0014933951665958567 -0.001834736417121899 0.0014936054002429866 0.9999972390716706 0.2966462687921023 0.04092524617605875 -0.5771593954597307
FixedParameters: 0 0 0
#Transform 24
Transform: MatrixOffsetTransformBase_double_3_3
Parameters: 0.999997416497205 0.0008707909511723515 0.0019555678537810364 -0.0008659192425164825 0.9999963983567046 -0.0024784732298379353 -0.0019582273571386575 0.002477524143009391 0.9999947371463821 0.2790509199529083 0.09860967305145607 -0.6898537843853063
FixedParameters: 0 0 0
#Transform 25
Transform: MatrixOffsetTransformBase_double_3_3
Parameters: 0.9999978960752299 0.0004300649940110143 0.0019794697100998255 -0.0004261580427974872 0.9999978986449223 -0.0019885888210154634 -0.0019806497813956844 0.0019874110800257583 0.9999960931266385 0.2730206411726357 0.054771660254473886 -0.5994761770680412
FixedParameters: 0 0 0
#Transform 26
Transform: MatrixOffsetTransformBase_double_3_3
Parameters: 0.9999982770393907 0.0005643047265645042 0.001550712082064942 -0.0005603055192490514 0.999996325217849 -0.0025257410418857706 -0.0015520381809175335 0.002524255161193062 0.9999952005524564 0.22888733282572105 0.044557736921703395 -0.7325028767222506
FixedParameters: 0 0 0
#Transform 27
Transform: MatrixOffsetTransformBase_double_3_3
Parameters: 0.9999984991984612 0.0007909992507407151 0.001369443132858176 -0.0007881944387440078 0.9999986346792126 -0.0016999706048145824 -0.0013708744801319921 0.001699031599614459 0.9999980879075407 0.24634491860103935 -0.04128710958941895 -0.6087028994655412
FixedParameters: 0 0 0
#Transform 28
Transform: MatrixOffsetTransformBase_double_3_3
Parameters: 0.9999994562727913 0.00046376068456683927 0.0005731618340562442 -0.0004620003318780637 0.9999948821121325 -0.0031472651055207135 -0.0005748227161570256 0.003146733721787226 0.9999947668945941 0.21555516122406004 -0.07828769614746989 -0.8981128157268046
FixedParameters: 0 0 0
#Transform 29
Transform: MatrixOffsetTransformBase_double_3_3
Parameters: 0.9999986693504523 0.0009927430957140395 0.0015308907978579581 -0.0009902028719492514 0.9999968519765401 -0.002081277589649655 -0.0015335027782991952 0.00207972288368119 0.9999971603962303 0.23088914452674203 -0.1214203912333005 -0.6456341426449512
FixedParameters: 0 0 0
#Transform 30
Transform: MatrixOffsetTransformBase_double_3_3
Parameters: 0.9999983729350143 0.0015404580771361388 0.0011191372305933136 -0.0015385599538574742 0.9999958032621583 -0.0024417438877759323 -0.0011231551568031508 0.0024392577750142197 0.9999966575600838 0.2265457438433316 -0.15270538154501878 -0.9058043750596738
FixedParameters: 0 0 0
#Transform 31
Transform: MatrixOffsetTransformBase_double_3_3
Parameters: 0.999997407812288 0.00193469107107739 0.0009220836184495201 -0.0019317490253617493 0.9999958352565008 -0.0023819526512270095 -0.0009270628100219714 0.002380050864150468 0.9999972341967851 0.23096633271116218 -0.16553915440643152 -0.6734399947345082
FixedParameters: 0 0 0
#Transform 32
Transform: MatrixOffsetTransformBase_double_3_3
Parameters: 0.9999972590026118 0.0017478444578233642 0.0012983462684324181 -0.0017420035155643666 0.9999864654044381 -0.0048873232088710306 -0.0013064237621198162 0.004885675827172434 0.9999870374967944 0.19944667287101936 -0.2352811365171874 -0.9462372332459381
FixedParameters: 0 0 0
#Transform 33
Transform: MatrixOffsetTransformBase_double_3_3
Parameters: 0.9999982595013127 0.0015476837138523136 0.001159745706006188 -0.0015441562261911846 0.9999918812800187 -0.0037408324314228414 -0.0011645774085171502 0.003739171051932111 0.9999924028842808 0.2211125357498247 -0.24355780952016914 -0.8874425325443269
FixedParameters: 0 0 0
#Transform 34
Transform: MatrixOffsetTransformBase_double_3_3
Parameters: 0.9999955972676987 0.0023095753021838278 0.002016916631114376 -0.0023051307271409133 0.9999945248347316 -0.002413617543405855 -0.0020223046584333503 0.0024093860537740264 0.9999954417157054 0.1902958343925576 -0.18466998925048017 -0.7330640657484366
FixedParameters: 0 0 0
#Transform 35
Transform: MatrixOffsetTransformBase_double_3_3
Parameters: 0.9999965790868786 0.0021634309254264785 0.0016548562905889146 -0.002158533005902344 0.999993404406452 -0.0030746542173807345 -0.0016623973657549664 0.003071349367738563 0.9999942879320971 0.17429740071402477 -0.18662534831065614 -0.8827138385997984
FixedParameters: 0 0 0
#Transform 36
Transform: MatrixOffsetTransformBase_double_3_3
Parameters: 0.9999950344850159 0.0025653619918778103 0.001543693147215368 -0.00256310258361412 0.9999954729298277 -0.0015681613353994428 -0.0015483584368533535 0.001563837451796224 0.9999976568309248 0.19562130994303573 -0.16186942247385616 -0.7626721781665111
FixedParameters: 0 0 0
#Transform 37
Transform: MatrixOffsetTransformBase_double_3_3
Parameters: 0.9999950056256318 0.002485186711745682 0.0019535151534269667 -0.0024810811346971775 0.9999947177495192 -0.002184943456480154 -0.0019597356655538644 0.002180055922167662 0.9999957612298573 0.1874658657215349 -0.15655052390623325 -0.9082851265920766
FixedParameters: 0 0 0
#Transform 38
Transform: MatrixOffsetTransformBase_double_3_3
Parameters: 0.9999944146929627 0.0027139167525937397 0.0020548085931907465 -0.002710365783417447 0.9999951611661473 -0.0014626630528873086 -0.0020583680062126524 0.0014563371246981427 0.999996993231724 0.20510341818901168 -0.16320644339680257 -0.926800403777932
FixedParameters: 0 0 0
#Transform 39
Transform: MatrixOffsetTransformBase_double_3_3
Parameters: 0.9999917273446403 0.0030407133010430976 0.002650482052643731 -0.003037725209509888 0.999994285240327 -0.001241067600787349 -0.0026545046778281875 0.0012329307280017354 0.9999953817549663 0.20126934669012542 -0.12299871892783187 -1.1007398734093243
FixedParameters: 0 0 0
#Transform 40
Transform: MatrixOffsetTransformBase_double_3_3
Parameters: 0.9999936795250698 0.0029374415480759616 0.0019214238927012794 -0.002936572768732092 0.999995099338167 -0.0002287459865576713 -0.0019227514236895143 0.00022325113349874748 0.9999984780356621 0.1981599030673351 -0.18346435430598262 -0.8176988939799514
FixedParameters: 0 0 0
#Transform 41
Transform: MatrixOffsetTransformBase_double_3_3
Parameters: 0.9999937087899691 0.00298675549189579 0.0018352799866011486 -0.0029874659803460937 0.9999957945613183 0.00015515704733717883 -0.0018353275035874175 -0.0001608436787519929 0.9999978643006465 0.19889355794330754 -0.18502050747217424 -0.8141181785274796
FixedParameters: 0 0 0
#Transform 42
Transform: MatrixOffsetTransformBase_double_3_3
Parameters: 0.9999929610781418 0.0031801811403849908 0.0022188867495708878 -0.0031839199636331497 0.999993813121864 0.0013926963918707569 -0.002214356611313149 -0.0014003005954567604 0.9999962475194643 0.17549951343768555 -0.25430785038919623 -1.1077863243106947
FixedParameters: 0 0 0
#Transform 43
Transform: MatrixOffsetTransformBase_double_3_3
Parameters: 0.9999918010805913 0.003829402174729617 0.0012386192401175325 -0.0038280362559956226 0.9999917347859129 -0.0011414995448006393 -0.0012431142729292203 0.0011364990967363542 0.9999984716429917 0.13489321132314558 -0.44858317824578364 -1.4231600136206595
FixedParameters: 0 0 0
#Transform 44
Transform: MatrixOffsetTransformBase_double_3_3
Parameters: 0.9999853351919427 0.004920942377242042 0.002334133149104114 -0.0049246427976237595 0.999986677675393 0.001627532249840108 -0.00232663444275308 -0.0016394723007697454 0.9999963208217133 0.16290399476288542 -0.6158140739014755 -1.0923477549438587
FixedParameters: 0 0 0
#Transform 45
Transform: MatrixOffsetTransformBase_double_3_3
Parameters: 0.9999852786323915 0.0049315778355478 0.0023237327290325073 -0.004933862056960691 0.9999873935324186 0.000986534864478389 -0.0023192949417518496 -0.0009974677339518179 0.9999969169544152 0.17079936319754552 -0.5291232107419148 -0.9780297904230508
FixedParameters: 0 0 0
#Transform 46
Transform: MatrixOffsetTransformBase_double_3_3
Parameters: 0.9999849689175191 0.004840796297867028 0.002569824230597855 -0.004843031103155105 0.9999876591443195 0.001267688192471056 -0.0025630967959975348 -0.0012803126787102603 0.9999960635944855 0.11699654383774316 -0.39531868144788973 -1.4926777176087853
FixedParameters: 0 0 0
#Transform 47
Transform: MatrixOffsetTransformBase_double_3_3
Parameters: 0.9999789947283076 0.00629637071189301 0.0015364205143036718 -0.006306194724065462 0.9999590391246651 0.0064612682893396 -0.0014955548534981969 -0.006470733340084245 0.9999783355291426 0.08635259185554389 -0.3137081819675416 -1.3382376787984782
FixedParameters: 0 0 0
#Transform 48
Transform: MatrixOffsetTransformBase_double_3_3
Parameters: 0.9999822092069595 0.005880680778390331 0.001099145704599055 -0.005887251674632225 0.9999642077728378 0.00602663624962585 -0.0010633346008343586 -0.006032358708975782 0.9999812904128493 0.1372958388683827 -0.3926457777512695 -0.9763421259710157
FixedParameters: 0 0 0
#Transform 49
Transform: MatrixOffsetTransformBase_double_3_3
Parameters: 0.9999846043700332 0.005510325121391283 -0.00018652209669986443 -0.005509215552295676 0.9999809878408187 0.0027910777984617996 0.00020213968485475987 -0.0027899208404869036 0.9999960426038194 0.11158198623064663 -0.22323124389851046 -0.8291946867363151
FixedParameters: 0 0 0
#Transform 50
Transform: MatrixOffsetTransformBase_double_3_3
Parameters: 0.9999876661105781 0.004909440300471447 -0.0004834618137332128 -0.004907525742305582 0.9999832025716198 0.002938836071007589 0.0004972971848226837 -0.0029361618841429182 0.9999952055905743 0.08528691612394823 -0.17803226752897672 -0.815040289895137
FixedParameters: 0 0 0
#Transform 51
Transform: MatrixOffsetTransformBase_double_3_3
Parameters: 0.9999891907091917 0.0046290020374001265 -0.0006178214957143751 -0.004627180175975163 0.9999860327881064 0.002714466860582243 0.0006310363544809858 -0.0027115339985828157 0.9999964370736717 0.08310540995331905 -0.10524942860634212 -0.7771440641651708
FixedParameters: 0 0 0
#Transform 52
Transform: MatrixOffsetTransformBase_double_3_3
Parameters: 0.9999873386501559 0.004923719227533646 -0.0006467055244982744 -0.004922131899206583 0.9999851962676701 0.002317659542837025 0.0006586027889760233 -0.002314339382217534 0.9999974145924411 0.12736890071732887 -0.1837380122714194 -0.7674086042329549
FixedParameters: 0 0 0
#Transform 53
Transform: MatrixOffsetTransformBase_double_3_3
Parameters: 0.9999857363571245 0.005255213454465551 -0.0008048906887982345 -0.005252784084515853 0.9999832647603382 0.0026243238445847195 0.0008185626605477992 -0.0026196764227055247 0.9999957217078692 0.12207804677808554 -0.20454922610394988 -0.7522695255281917
FixedParameters: 0 0 0
#Transform 54
Transform: MatrixOffsetTransformBase_double_3_3
Parameters: 0.999977177734752 0.006623734144678416 -0.0009744909142695936 -0.006621001866946673 0.9999746245895412 0.0024556761287088114 0.0009911109132748044 -0.0024493189592768305 0.999996523491905 0.08309486401796562 -0.2868148898696319 -0.7726026500368022
FixedParameters: 0 0 0
#Transform 55
Transform: MatrixOffsetTransformBase_double_3_3
Parameters: 0.999975252165486 0.006929630803873884 -0.0013139561008260682 -0.0069270326361753716 0.9999737754583519 0.00210396943331706 0.001328307402010532 -0.002095030965553718 0.9999966607865147 0.09725017206218922 -0.344530461689871 -0.7540662810103669
FixedParameters: 0 0 0
#Transform 56
Transform: MatrixOffsetTransformBase_double_3_3
Parameters: 0.9999673159913278 0.007807596733216121 -0.0019287495315682677 -0.00780456631101865 0.999967497244615 0.0017402333480151244 0.0019431781081413273 -0.0017257590546106982 0.999996812080641 0.1488402585850963 -0.389196654665497 -0.7738846153234249
FixedParameters: 0 0 0
#Transform 57
Transform: MatrixOffsetTransformBase_double_3_3
Parameters: 0.9999681694654334 0.00748644898544455 -0.002788870912826805 -0.007484792502484639 0.9999720315210254 0.0008023857277732194 0.002795040698181133 -0.0007816147411211227 0.9999958833959617 0.15972611696304284 -0.3647783301811245 -0.784333847302122
FixedParameters: 0 0 0
#Transform 58
Transform: MatrixOffsetTransformBase_double_3_3
Parameters: 0.9999651620376443 0.007194208486568878 -0.004251979635654124 -0.007201564827512989 0.9999728737316845 -0.0016191162105437251 0.004239694029350295 0.001649879613549371 0.9999899450355393 0.025551634002610513 -0.6377563529517971 -1.4128817019472137
FixedParameters: 0 0 0
#Transform 59
Transform: MatrixOffsetTransformBase_double_3_3
Parameters: 0.9999617550976052 0.008068064608761083 -0.0034854885444748876 -0.008069498578760811 0.9999675641919732 -0.00040881951457061305 0.0034824974510808846 0.00043718419783561613 0.9999938330390663 0.0205895491898076 -0.7238333416209031 -1.3464821056374205
FixedParameters: 0 0 0
#Transform 60
Transform: MatrixOffsetTransformBase_double_3_3
Parameters: 0.9999662387733734 0.008072539168656984 -0.0016095679772797262 -0.0080772851221543 0.9999633355956745 -0.002686275052485171 0.0015877650106887365 0.0026987230486352487 0.9999954037987853 0.0031228798579689965 -0.6438036187913809 -0.9381897795632028
FixedParameters: 0 0 0
#Transform 61
Transform: MatrixOffsetTransformBase_double_3_3
Parameters: 0.9999700553405255 0.0074452212046120115 -0.0018744648741250182 -0.007448804722340001 0.9999700679928332 -0.0020427469412074017 0.0018595336833267106 0.0020572532450400804 0.9999955822149175 0.004224688962779055 -0.664090599330251 -1.5149948297864597
FixedParameters: 0 0 0
#Transform 62
Transform: MatrixOffsetTransformBase_double_3_3
Parameters: 0.9999760844218054 0.006626968001849711 -0.002000204664469785 -0.006629577834508115 0.9999764708291397 -0.0014714852434611625 0.001990264628923601 0.0014845140626201236 0.9999972445713139 -0.007141376577621372 -0.6390027861869498 -1.4276943215271416
FixedParameters: 0 0 0
#Transform 63
Transform: MatrixOffsetTransformBase_double_3_3
Parameters: 0.9999732865001089 0.006903376121176971 -0.002248195032394278 -0.00690229959687959 0.9999764283795166 0.0005834513724387314 0.002252305040155983 -0.0005675485301376848 0.9999971957114915 0.013616381252390397 -0.7274340044463798 -1.3015820878782023
FixedParameters: 0 0 0
#Transform 64
Transform: MatrixOffsetTransformBase_double_3_3
Parameters: 0.9999739507674312 0.0068446419190596125 -0.0024901786574132684 -0.006844401396873461 0.999976313965254 0.00008312752370209786 0.0024902070598677717 -0.00006587555616976992 0.9999966257012367 -0.02210445431893504 -0.5268738527455525 -1.3436896854685045
FixedParameters: 0 0 0
#Transform 65
Transform: MatrixOffsetTransformBase_double_3_3
Parameters: 0.999972166751594 0.0069644885059640515 -0.0027077018644072527 -0.006960668400164861 0.9999746961133164 0.001319869679372504 0.0027162976433902503 -0.001301131619314222 0.9999950357668845 -0.03314486443075282 -0.5674227492485926 -1.2919833310190256
FixedParameters: 0 0 0
#Transform 66
Transform: MatrixOffsetTransformBase_double_3_3
Parameters: 0.9999719201952448 0.00673732857565639 -0.0032684355951005956 -0.006734839904238705 0.999977083054508 0.000985353242597825 0.003275015870198429 -0.0009636489600124976 0.9999939378111805 -0.045313277041415745 -0.4842074248289663 -1.3777662199098302
FixedParameters: 0 0 0
#Transform 67
Transform: MatrixOffsetTransformBase_double_3_3
Parameters: 0.9999692603099956 0.007405072892456016 -0.0024295650209529072 -0.007402146457748309 0.9999716556581049 0.0012855869887161975 0.0024388133358183143 -0.0012674149527984457 0.9999963456940022 -0.04188108879755248 -0.5994784192964318 -1.3445932028018603
FixedParameters: 0 0 0
#Transform 68
Transform: MatrixOffsetTransformBase_double_3_3
Parameters: 0.9999767190535294 0.006349499496998729 -0.00244172768274983 -0.006345070039423803 0.9999786703352257 0.001813005775847365 0.002454133672039612 -0.0017979903623225602 0.9999955289843662 -0.021898383703501167 -0.45487004118832886 -1.2127598904645964
FixedParameters: 0 0 0
#Transform 69
Transform: MatrixOffsetTransformBase_double_3_3
Parameters: 0.9999731867840311 0.006802530040311553 -0.0027448869768163034 -0.006803424417953089 0.9999766003825478 -0.0002010857287712553 0.0027440057543195225 0.00021991717017477708 0.9999964977793215 -0.0494776216983297 -0.5898984125910545 -1.459135475888715
FixedParameters: 0 0 0
#Transform 70
Transform: MatrixOffsetTransformBase_double_3_3
Parameters: 0.9999682856726552 0.007035070783290222 -0.003770977911800488 -0.007032102049356924 0.9999748500614483 0.0007557936279868616 0.0037767267552323664 -0.0007292014345671449 0.9999923329847302 -0.06425996172971793 -0.5848403278353942 -1.29831390854973
FixedParameters: 0 0 0
#Transform 71
Transform: MatrixOffsetTransformBase_double_3_3
Parameters: 0.9999656867881971 0.007545213298021194 -0.003373722817409321 -0.007549447179096489 0.9999705045137801 -0.0012508730567807325 0.0033641732335982877 0.0012761275434197694 0.9999939893536052 -0.07303387438042819 -0.7428248211194131 -1.5142720730004413
FixedParameters: 0 0 0
#Transform 72
Transform: MatrixOffsetTransformBase_double_3_3
Parameters: 0.9999705387298234 0.00723315641225241 -0.0026723370759309134 -0.0072391397689194675 0.9999712974648951 -0.0022980123842245015 0.002656258356771875 0.002317992297333815 0.9999935873537935 -0.06914460959784208 -0.7121799928495705 -1.549307200518797
FixedParameters: 0 0 0
#Transform 73
Transform: MatrixOffsetTransformBase_double_3_3
Parameters: 0.9999623127103467 0.008292704893124203 -0.0024329848338776805 -0.008295399695782574 0.999964473021 -0.0012491890395303351 0.0024227448232313157 0.0012688136974667585 0.9999966694637453 -0.013176459506212268 -0.8592690377120391 -1.4747053448284788
FixedParameters: 0 0 0
#Transform 74
Transform: MatrixOffsetTransformBase_double_3_3
Parameters: 0.9999510673272429 0.009330124739154202 -0.003142593103578501 -0.009336532133222518 0.9999543643996444 -0.001836263157796919 0.003124503269050145 0.0018657240431268762 0.9999928503775773 -0.019713069084090762 -0.9830599996568026 -1.3828687556467116
FixedParameters: 0 0 0
#Transform 75
Transform: MatrixOffsetTransformBase_double_3_3
Parameters: 0.999956432551889 0.009010501563156565 -0.0025254358888420012 -0.009016169026600192 0.9999564851408663 -0.0022255566749529443 0.002504546638929404 0.00224843315202386 0.9999939388644371 -0.025956004432217128 -0.8531570256966745 -1.3493637558804892
FixedParameters: 0 0 0
#Transform 76
Transform: MatrixOffsetTransformBase_double_3_3
Parameters: 0.9999667549941013 0.008120451293615051 -0.0011406055205331585 -0.008123333141153963 0.9999644273222794 -0.0024242000473211345 0.0011209856578409624 0.002432802978538484 0.9999965322244554 -0.04598276240530197 -0.7765181382118698 -1.4865451858750163
FixedParameters: 0 0 0
#Transform 77
Transform: MatrixOffsetTransformBase_double_3_3
Parameters: 0.9999677929756666 0.007999861197645767 0.00045585988144141235 -0.007999635910504756 0.9999675365110131 -0.0006177359422943618 -0.0004606199961641711 0.0006132648004396335 0.999999498771894 -0.014025232215345795 -0.5972779932347976 -1.1687360063760934
FixedParameters: 0 0 0
#Transform 78
Transform: MatrixOffsetTransformBase_double_3_3
Parameters: 0.9999713743704521 0.007587135095730697 -0.00024096288242261995 -0.007586959837970956 0.9999695810352421 0.001777153750454702 0.00025489315138988084 -0.0017748429765569451 0.9999984848932353 0.007503681906683823 -0.5038040291905901 -1.1459565523575037
FixedParameters: 0 0 0
#Transform 79
Transform: MatrixOffsetTransformBase_double_3_3
Parameters: 0.9999724134092635 0.007449014395546384 0.00031047737754107444 -0.007449530914045392 0.9999712912520518 0.0009671952814540308 -0.00030311859012796 -0.0009698021614262808 0.9999992461489873 0.012419715893443595 -0.43890892500414225 -1.048813841320694
FixedParameters: 0 0 0
#Transform 80
Transform: MatrixOffsetTransformBase_double_3_3
Parameters: 0.9999695665318191 0.007748630246833915 -0.0006261341976094882 -0.0077485913427017905 0.9999698037101508 -0.00017508698353380092 0.0006253662591214201 0.0001799177293511367 0.9999996998073655 0.006975372086827747 -0.46480164478347774 -0.8819010066654869
FixedParameters: 0 0 0
#Transform 81
Transform: MatrixOffsetTransformBase_double_3_3
Parameters: 0.9999747909536517 0.007094096673136781 -0.0009392620969329889 -0.007094428452148003 0.999975128009558 -0.0003127092235385154 0.0009367613526764308 0.00031928909320924626 0.9999994632300294 0.04430283762432907 -0.4293729102476931 -0.8411531462925694
FixedParameters: 0 0 0
#Transform 82
Transform: MatrixOffsetTransformBase_double_3_3
Parameters: 0.9999452928668479 0.010352065006618758 0.0012394773279969646 -0.010352463137255364 0.9999463628749484 0.00010151920749162935 -0.0012382326452721002 -0.00011447907531161872 0.9999989066634392 -0.009181717233971654 -0.5839130644722559 -1.13320891632776
FixedParameters: 0 0 0
#Transform 83
Transform: MatrixOffsetTransformBase_double_3_3
Parameters: 0.9999729798329703 0.0067886534179264395 -0.0028168789368227284 -0.006802823044099756 0.999963928972481 -0.005154845483245421 0.0027820693245820907 0.0051731605832884 0.9999827159616733 -0.04956787947001828 -0.8408629032281567 -1.756053442308911
FixedParameters: 0 0 0
#Transform 84
Transform: MatrixOffsetTransformBase_double_3_3
Parameters: 0.9999752085928961 0.006478468863089992 -0.002796559112514093 -0.006501639004683526 0.9999434352496938 -0.008381520063086137 0.0027420701777445084 0.008399474904270995 0.9999609681740247 -0.054864373317826676 -1.1791343239654566 -1.8975306390992301
FixedParameters: 0 0 0
#Transform 85
Transform: MatrixOffsetTransformBase_double_3_3
Parameters: 0.9999713048579424 0.006971450342633512 -0.0028449160817027247 -0.006991996512995573 0.9999489189850472 -0.0073453173798837534 0.0027939227041525612 0.007364693825788762 0.999969190743758 -0.09974258070097619 -1.3086320332281076 -1.4793832600413026
FixedParameters: 0 0 0
#Transform 86
Transform: MatrixOffsetTransformBase_double_3_3
Parameters: 0.9999339321915808 0.011405782123491668 -0.001725099532363585 -0.011422062722869447 0.999885624559443 -0.009924590275778883 0.0016110783275299378 0.009943398583530133 0.9999489275946507 -0.1656683372266059 -1.1235643813474212 -1.471541978795159
FixedParameters: 0 0 0
#Transform 87
Transform: MatrixOffsetTransformBase_double_3_3
Parameters: 0.9999362366911725 0.011289637761796133 -0.0005537918883034143 -0.01129413103861388 0.9998907722815801 -0.009539695540903698 0.00044553382641042633 0.009545299989492606 0.9999543358760468 -0.14094206150640787 -0.950349713774699 -1.2401914603877913
FixedParameters: 0 0 0
#Transform 88
Transform: MatrixOffsetTransformBase_double_3_3
Parameters: 0.9999335500490382 0.01155059841067142 -0.00017052010993500507 -0.011551545486595758 0.9999066452679354 -0.007271195182324788 0.00008610873701239089 0.007272791238406365 0.9999731359849005 -0.09060903608772719 -0.8292736894783133 -1.0419122116331323
FixedParameters: 0 0 0
#Transform 89
Transform: MatrixOffsetTransformBase_double_3_3
Parameters: 0.9999288647650569 0.011899798305072483 -0.0012371002374796521 -0.011907411587938463 0.9999066617881992 -0.0067060249559538765 0.0011568396582129267 0.006720976302535056 0.9999770565624867 -0.18701206316086427 -0.7849252477792703 -1.0890297099669652
FixedParameters: 0 0 0
#Transform 90
Transform: MatrixOffsetTransformBase_double_3_3
Parameters: 0.9999350975900594 0.01089815669727789 -0.0033364603605846805 -0.010918351807898574 0.9999210230555001 -0.006243641499253327 0.0032686767680916327 0.006279363794718218 0.999974658421804 -0.19816917786894805 -0.7673500537075313 -1.2266424098686741
FixedParameters: 0 0 0
#Transform 91
Transform: MatrixOffsetTransformBase_double_3_3
Parameters: 0.9999333918446587 0.011139251776413762 -0.00291896613842892 -0.01115372642021797 0.9999256888611837 -0.0049737860190118555 0.002863318408236719 0.005006221503578628 0.9999839007851402 -0.21108123984289762 -0.7669068291067305 -1.292305669763394
FixedParameters: 0 0 0
#Transform 92
Transform: MatrixOffsetTransformBase_double_3_3
Parameters: 0.9999340839370047 0.011040716017724774 -0.003002766525801206 -0.011053888764251434 0.9999284778184817 -0.004477961052491056 0.0029531085471353885 0.004511033608038742 0.9999852035556707 -0.22494216027190816 -0.8542824764705159 -1.4018910508628153
FixedParameters: 0 0 0
#Transform 93
Transform: MatrixOffsetTransformBase_double_3_3
Parameters: 0.9999464778598014 0.009533513018097073 -0.004076959836636439 -0.00955614361129476 0.9999397184158086 -0.005355817218411871 0.004026050556907504 0.005395176083430528 0.9999769655088486 -0.15517216942637901 -0.8240861035154268 -1.3960566891245776
FixedParameters: 0 0 0
#Transform 94
Transform: MatrixOffsetTransformBase_double_3_3
Parameters: 0.9999261587442605 0.011632617240402958 -0.003393812340652238 -0.011645244076667628 0.9999252435362123 -0.003771456776371307 0.003350243472487389 0.0038115518414017224 0.9999871630722484 -0.17539093638950476 -0.8928714527613977 -1.378314173740847
FixedParameters: 0 0 0
#Transform 95
Transform: MatrixOffsetTransformBase_double_3_3
Parameters: 0.9999194474779936 0.011270195840435242 -0.005876763175005221 -0.011318242528739792 0.9999012549187755 -0.00836432143902241 0.005782372130076511 0.00843070081969248 0.9999481481769351 -0.22629370014806227 -0.991798139226276 -1.172024462621394
FixedParameters: 0 0 0
#Transform 96
Transform: MatrixOffsetTransformBase_double_3_3
Parameters: 0.9999183676575703 0.01215307588744125 -0.003990927583252361 -0.012186950583610284 0.9998883443142994 -0.008599388826188034 0.0038864879802581404 0.008646614674393566 0.9999553022068897 -0.2926576309640865 -1.0570822461403537 -1.4617140288790722
FixedParameters: 0 0 0
#Transform 97
Transform: MatrixOffsetTransformBase_double_3_3
Parameters: 0.9999070502604874 0.012331073835454657 -0.005734853317456817 -0.012383101464345195 0.9998819912328116 -0.009143911331074964 0.005621139060750325 0.009214090605293962 0.9999415395861877 -0.3419381714901135 -1.0555821447919698 -1.5386531654792606
FixedParameters: 0 0 0
#Transform 98
Transform: MatrixOffsetTransformBase_double_3_3
Parameters: 0.9998964601848277 0.01192894094202154 -0.008076868319549731 -0.011996515410445538 0.9998931254668019 -0.00837471594332112 0.007975369795236652 0.00847028032992124 0.9999324478587277 -0.2203870039353717 -1.0833533789848957 -1.2192421366559785
FixedParameters: 0 0 0
#Transform 99
Transform: MatrixOffsetTransformBase_double_3_3
Parameters: 0.9999247784483156 0.010263200614508056 -0.006699614162741422 -0.010316741593780644 0.9999146407618559 -0.007975572748126533 0.006616525020040643 0.008044414666225533 0.9999458107095792 -0.11163897757053576 -1.0014491229851927 -1.4092348072561691
FixedParameters: 0 0 0
#Transform 100
Transform: MatrixOffsetTransformBase_double_3_3
Parameters: 0.9999569881028757 0.0067877549382529415 -0.0063197438763477895 -0.006852375408508406 0.9999232046256399 -0.010357385663540872 0.006249187610180466 0.01039962542812052 0.9999263464037403 -0.0472952740378787 -0.8830943703179344 -1.3088850855768612
FixedParameters: 0 0 0
#Transform 101
Transform: MatrixOffsetTransformBase_double_3_3
Parameters: 0.9999559472428768 0.006822407793881619 -0.006519949996959037 -0.006883276268996233 0.9999322732766788 -0.009356612588560131 0.006455010815100493 0.0094003735661176 0.9999347537866521 -0.009583413140248354 -0.8701908022644318 -1.0852199784329883
FixedParameters: 0 0 0
#Transform 102
Transform: MatrixOffsetTransformBase_double_3_3
Parameters: 0.9999629650309163 0.006111170783520715 -0.006139022261882779 -0.00618167576023432 0.999914171139772 -0.011566168325809228 0.006067955690854655 0.0116038399230569 0.9999143553024176 -0.07381961165640405 -1.0346274489732536 -1.6886127109345068
FixedParameters: 0 0 0
#Transform 103
Transform: MatrixOffsetTransformBase_double_3_3
Parameters: 0.9999587916302164 0.006247648660592994 -0.006570459793402495 -0.0063149916627609605 0.9999274931845743 -0.01025539844566456 0.006506171282724069 0.010295608427481617 0.9999261166600141 -0.005717575172781153 -0.8494931769538852 -1.0177417736710623
FixedParameters: 0 0 0
#Transform 104
Transform: MatrixOffsetTransformBase_double_3_3
Parameters: 0.9999728845733687 0.0044069399163972 -0.00597452177920484 -0.004488496626703506 0.9998962668402466 -0.013714101139208956 0.0059132664232792315 0.013740897877786817 0.999887706283105 -0.02847439733631063 -1.067460431045589 -1.6399090179330784
FixedParameters: 0 0 0
#Transform 105
Transform: MatrixOffsetTransformBase_double_3_3
Parameters: 0.9999684356013842 0.003475561120313593 -0.007175634371593513 -0.003582610355964721 0.9998811598613091 -0.015010713237880113 0.007121974486698154 0.015035302397131148 0.9998618618021976 -0.0022937404010576756 -0.875207879981744 -1.1427773023419832
FixedParameters: 0 0 0
#Transform 106
Transform: MatrixOffsetTransformBase_double_3_3
Parameters: 0.9999689210648645 0.0038285879016353385 -0.006813491802951493 -0.003935174748675346 0.9998688455422446 -0.01571713823866186 0.0067519297546374 0.015743860412341534 0.9998531401054878 0.0010160268926426852 -0.9055607641671344 -1.1482422288948442
FixedParameters: 0 0 0
#Transform 107
Transform: MatrixOffsetTransformBase_double_3_3
Parameters: 0.9999777553293688 0.00341475904093255 -0.005708524705436194 -0.003519780348948266 0.999823886323132 -0.018410284350717718 0.005643727916160496 0.01842969323122068 0.9998142115406531 -0.022607255282622418 -0.9730717308429888 -1.5856517706245938
FixedParameters: 0 0 0
#Transform 108
Transform: MatrixOffsetTransformBase_double_3_3
Parameters: 0.9999666867075651 0.004234851959685275 -0.007026912307147297 -0.004377949780561869 0.9997814954992564 -0.020448467693017586 0.0069387675581574 0.020478552957068588 0.9997665793264694 -0.037650367955180286 -1.1475464296535876 -1.3385519003682589
FixedParameters: 0 0 0
#Transform 109
Transform: MatrixOffsetTransformBase_double_3_3
Parameters: 0.9999674875904809 0.004863383830835941 -0.0064697925173428095 -0.004983976603887445 0.9998113694446445 -0.01880094050218685 0.006377459566596814 0.01883206844469963 0.9998019223419375 -0.08624326753118794 -1.2388635150510225 -1.7482288094366538
FixedParameters: 0 0 0
#Transform 110
Transform: MatrixOffsetTransformBase_double_3_3
Parameters: 0.9999569692936702 0.004197728149894936 -0.008209973016171332 -0.004327748542615611 0.9998651385446161 -0.015817514654225664 0.00814270949126793 0.015852473006369994 0.9998412943905151 -0.0630728853478928 -1.1354652713214506 -1.1529118457774103
FixedParameters: 0 0 0
#Transform 111
Transform: MatrixOffsetTransformBase_double_3_3
Parameters: 0.9999632089975915 0.005048537200635915 -0.006950009000591929 -0.005183774113366029 0.9997961308136225 -0.01949880623118369 0.0068496317197372335 0.01953419378879577 0.9997862040280048 -0.11415357908364854 -1.2926521573172494 -1.7568725738423154
FixedParameters: 0 0 0
#Transform 112
Transform: MatrixOffsetTransformBase_double_3_3
Parameters: 0.9999606184020419 0.0053727399888510155 -0.00710701490405132 -0.005497407886474929 0.9998302297582489 -0.017559932286143595 0.00701160260849404 0.017598038434877103 0.999820286653984 -0.12950781764980945 -1.3288038769328523 -1.682308608138328
FixedParameters: 0 0 0
#Transform 113
Transform: MatrixOffsetTransformBase_double_3_3
Parameters: 0.9999547660946079 0.0052349366911837916 -0.007926406994851577 -0.005377149733403549 0.9998236018730068 -0.017992653721812718 0.007830552183331826 0.018034355758539483 0.9998071243885631 -0.1717072366642327 -1.2003736863698293 -1.4416089740928868
FixedParameters: 0 0 0
#Transform 114
Transform: MatrixOffsetTransformBase_double_3_3
Parameters: 0.9999460589305104 0.006005645106812036 -0.008477687093053996 -0.006163209499412549 0.9998068694777276 -0.01865944646326209 0.008363744015576425 0.01871054511363697 0.9997898513558371 -0.21134751087217296 -1.2459922060536286 -1.7074632041918818
FixedParameters: 0 0 0
#Transform 115
Transform: MatrixOffsetTransformBase_double_3_3
