#Insight Transform File V1.0
#Transform 0
Transform: MatrixOffsetTransformBase_double_3_3
Parameters: 0.9999997474495664 0.00001514138008036144 0.000502265680632986 -0.000015249000001918991 0.9999998029304519 0.0010939932200113578 -0.0005023629596399786 -0.0010940084847298193 0.999999550844603 0.27645877533151975 0.13661021537922124 -0.7070936030427077
FixedParameters: 0 0 0
#Transform 1
Transform: MatrixOffsetTransformBase_double_3_3
Parameters: 0.9999991985234123 -0.00003790476726439504 0.001341834953763677 0.000034460688992364754 0.9999961196027265 0.0028101787531881472 -0.0013415689595156482 -0.002809822839319881 0.999995286677984 0.3011599498819493 0.22252548184273735 -0.5339808949314317
FixedParameters: 0 0 0
#Transform 2
Transform: MatrixOffsetTransformBase_double_3_3
Parameters: 0.9999990946369126 -0.0004880302863294377 0.0008165512542341833 0.0004869985866515618 0.9999979292130321 0.0019244152675362003 -0.0008176973064371732 -0.0019245844711623106 0.9999977580153168 0.2814572069701313 0.1834915886564943 -0.75671261513979
FixedParameters: 0 0 0
#Transform 3
Transform: MatrixOffsetTransformBase_double_3_3
Parameters: 0.9999998877935994 0.0000022088481058310234 0.0010545458459212374 -0.000004153431744178453 0.9999990623238598 0.001391995707296645 -0.0010546675155339823 -0.0013920024158599054 0.9999979501414763 0.29799939263693886 0.27639640090305306 -0.6467847385546861
FixedParameters: 0 0 0
#Transform 4
Transform: MatrixOffsetTransformBase_double_3_3
Parameters: 0.9999999653466013 0.000029055397226120797 0.001016613304004222 -0.00003188452547078487 0.999995870767228 0.0028540994356509863 -0.0010168309611166943 -0.0028539025729713285 0.9999958039042045 0.2993524526318936 0.20569516615969974 -0.6152442516363834
FixedParameters: 0 0 0
#Transform 5
Transform: MatrixOffsetTransformBase_double_3_3
Parameters: 0.9999999837240002 0.00012753290786873448 0.0000033699724127843493 -0.00012753223816573995 0.9999999739345781 -0.00009900042884619653 -0.0000033952240357322813 0.00009899956599057624 0.9999999901874224 0.2229461856372552 0.23743175249035176 -0.8062320568104866
FixedParameters: 0 0 0
#Transform 6
Transform: MatrixOffsetTransformBase_double_3_3
Parameters: 0.999998945517101 0.00035973443319111374 0.0013870839480190007 -0.0003606012938938928 0.9999989269148652 0.0009796292638924453 -0.0013876305155461628 -0.000980369807934478 0.9999980978022157 0.259727573870407 0.12242380476436665 -0.5997993297187492
FixedParameters: 0 0 0
#Transform 7
Transform: MatrixOffsetTransformBase_double_3_3
Parameters: 0.9999990493328592 0.00013409825746023778 0.0009657525303597273 -0.00013331647557482602 0.999999156436688 -0.00091799948602872 -0.0009658674908671223 0.000918000032304106 0.9999992074478197 0.2150623583448521 0.1930347332683482 -0.8317842245219111
FixedParameters: 0 0 0
#Transform 8
Transform: MatrixOffsetTransformBase_double_3_3
Parameters: 0.999998749629487 0.0006015297907018885 0.001374238128725711 -0.0006015105534135743 0.9999996551611409 -0.000007697217130370193 -0.0013742465503335424 0.000006302765365007179 0.9999990943705197 0.255616986668727 0.06905258034417727 -0.6439176936518294
FixedParameters: 0 0 0
#Transform 9
Transform: MatrixOffsetTransformBase_double_3_3
Parameters: 0.9999980409707452 0.00039984462884284076 0.001673013412526305 -0.0003987797194509987 0.9999996264239343 -0.0006144263791661442 -0.0016733736410664318 0.0006145736891046694 0.9999986593258138 0.23837644021209314 0.11507503079791093 -0.7811842820165964
FixedParameters: 0 0 0
#Transform 10
Transform: MatrixOffsetTransformBase_double_3_3
Parameters: 0.9999997564686521 0.0003191930184955834 0.0010684793048364946 -0.00031919836246902694 1.000000044554826 0.0000027713186149525004 -0.0010684777089050243 -0.000002228680167082331 0.9999997119016621 0.2391571504610539 0.13185450757480055 -0.6107966150314184
FixedParameters: 0 0 0
#Transform 11
Transform: MatrixOffsetTransformBase_double_3_3
Parameters: 0.9999994195332756 -0.0002391367280918465 0.0012346978684677765 0.00024185213316145734 0.9999974974172107 -0.002305685928093215 -0.0012331973661624796 0.0023053135173486117 0.9999962914388141 0.1930906420427334 0.21750508033022697 -0.8926352114950902
FixedParameters: 0 0 0
#Transform 12
Transform: MatrixOffsetTransformBase_double_3_3
Parameters: 0.9999973419228959 0.0004868908750943359 0.0023282290655596556 -0.00048527859948211674 0.9999992188486504 -0.0007727434694582147 -0.0023287185293523753 0.0007712562502741604 0.9999969311047687 0.2209276756909162 0.07523331974208247 -0.7054460303112364
FixedParameters: 0 0 0
#Transform 13
Transform: MatrixOffsetTransformBase_double_3_3
Parameters: 0.9999983861395995 0.0005920871742247348 0.0015044234130957741 -0.0005908292718884901 0.9999994924905278 -0.00041875979432318133 -0.001504917872751466 0.00041723871042223526 0.9999985442016736 0.2433273034314567 0.0995124400601668 -0.7992724610943185
FixedParameters: 0 0 0
#Transform 14
Transform: MatrixOffsetTransformBase_double_3_3
Parameters: 0.9999933372580955 0.001463531452172192 0.0032436248156118824 -0.001459457989182416 0.9999983304927655 -0.0010681613024107472 -0.003245357707821096 0.001063835449907402 0.9999937340491175 0.2546139981031246 0.14104831446313426 -0.6722349301437021
FixedParameters: 0 0 0
#Transform 15
Transform: MatrixOffsetTransformBase_double_3_3
Parameters: 0.99999762942826 0.00007117189903724951 0.002316161481927153 -0.00006470285011598544 0.9999965640581898 -0.0027088812235590287 -0.002316737790167189 0.002708118182971758 0.9999933933807742 0.21368123038671172 0.21785249125461803 -0.8842112607557056
FixedParameters: 0 0 0
#Transform 16
Transform: MatrixOffsetTransformBase_double_3_3
Parameters: 0.9999956169119838 0.0010246567570182195 0.0028864985615356634 -0.0010225399689744207 0.9999987921486181 -0.0007113417848010062 -0.0028876910224714713 0.0007086572673991043 0.9999958165617299 0.23834033507674235 0.1467668581316417 -0.6155045699712076
FixedParameters: 0 0 0
#Transform 17
Transform: MatrixOffsetTransformBase_double_3_3
Parameters: 0.9999993638337787 0.00018488481836188383 0.0012656806811146156 -0.00018469322076110296 0.9999992450100778 -0.0008591045787184892 -0.0012657370962713163 0.000858895618668809 0.9999986430607936 0.2188973459018655 0.1922121190438304 -0.8493926665588134
FixedParameters: 0 0 0
#Transform 18
Transform: MatrixOffsetTransformBase_double_3_3
Parameters: 0.9999946441552799 0.0011603825335468375 0.003002075339543311 -0.0011590873110961955 0.9999989613793581 -0.00019586766744184025 -0.003001533873017191 0.00019213099789375243 0.9999956075041238 0.24638750022155875 0.12498648094440057 -0.706257147713174
FixedParameters: 0 0 0
#Transform 19
Transform: MatrixOffsetTransformBase_double_3_3
Parameters: 0.9999989223059662 0.00027109381747892605 0.0014156684137123304 -0.00027013288927098505 0.9999995978059337 -0.0006892704082186729 -0.0014159110629548982 0.0006897288890519715 0.999998373679928 0.23366050333000032 0.10645433203808352 -0.8429860900309905
FixedParameters: 0 0 0
#Transform 20
Transform: MatrixOffsetTransformBase_double_3_3
Parameters: 0.999997207363558 0.00046130780280708664 0.0021400114092466295 -0.00046027037206495305 0.9999996141085133 -0.00047459807266186926 -0.002140317711830081 0.0004734021969282909 0.9999981439025445 0.2428933931053905 0.12390706141439978 -0.6615541543000774
FixedParameters: 0 0 0
#Transform 21
Transform: MatrixOffsetTransformBase_double_3_3
Parameters: 0.9999949912733389 0.0009019949316572899 0.0028625935008271966 -0.0008959495086065081 0.9999973516048292 -0.0022460752846869547 -0.0028647238771514682 0.0022429277634555267 0.9999935640658044 0.2339811137334067 0.1327093420351133 -0.8451770545281647
FixedParameters: 0 0 0
#Transform 22
Transform: MatrixOffsetTransformBase_double_3_3
Parameters: 0.999995327520775 0.0012111631563432436 0.002864622589451918 -0.0012084773134624822 0.9999989320716539 -0.0009669831679245122 -0.0028655745266280403 0.0009630177679287033 0.9999955329934057 0.24611547146929524 0.10356661627582753 -0.6316298596402561
FixedParameters: 0 0 0
#Transform 23
Transform: MatrixOffsetTransformBase_double_3_3
Parameters: 0.9999950474403765 0.0012596585638942465 0.002892217561363656 -0.0012532624641920568 0.9999959873622791 -0.0024320411573077183 -0.0028952981421718244 0.0024289612186705334 0.9999932453653526 0.23180236483013061 0.10926048981109204 -0.8831494251595302
FixedParameters: 0 0 0
#Transform 24
Transform: MatrixOffsetTransformBase_double_3_3
Parameters: 0.9999959743876349 0.001211613234364113 0.002560798291647725 -0.0012087654885166472 0.9999986110459258 -0.0011127454416775262 -0.0025621043162481747 0.0011092540507466608 0.9999958946946789 0.21532076488156804 0.11875277464353928 -0.643963945171663
FixedParameters: 0 0 0
#Transform 25
Transform: MatrixOffsetTransformBase_double_3_3
Parameters: 0.9999955646033959 0.001266403231222162 0.0027984409647063813 -0.0012591824108718016 0.9999965549339762 -0.002484181615322656 -0.0028018129216002357 0.0024798179314018676 0.9999926889750527 0.20649431315698052 0.10080645477644623 -0.8950319953100774
FixedParameters: 0 0 0
#Transform 26
Transform: MatrixOffsetTransformBase_double_3_3
Parameters: 0.999997995902771 0.0004396771692208492 0.0019519376487450947 -0.0004355358022606399 0.9999975327936337 -0.002076594830625833 -0.0019532324911380513 0.0020754035341399857 0.9999958435427291 0.19370991494616874 0.12315374603041107 -0.7697692609384035
FixedParameters: 0 0 0
#Transform 27
Transform: MatrixOffsetTransformBase_double_3_3
Parameters: 0.9999947376319234 0.001226957128261924 0.002959311370124985 -0.0012236946834586393 0.9999988909564089 -0.0010331598680322351 -0.0029604562007159887 0.0010298392556844227 0.9999947186860882 0.20896708542764486 0.014103263954808654 -0.8146581854713588
FixedParameters: 0 0 0
#Transform 28
Transform: MatrixOffsetTransformBase_double_3_3
Parameters: 0.9999968953803337 0.0011235576564946547 0.0024169366911650147 -0.0011207925471466169 0.9999981874234554 -0.001366359016629376 -0.0024184866869260712 0.0013636411221507883 0.9999959814982238 0.1587756359395769 0.08397845007813487 -0.8168307274316646
FixedParameters: 0 0 0
#Transform 29
Transform: MatrixOffsetTransformBase_double_3_3
Parameters: 0.9999972824808158 0.001792083556157121 0.001582595732524696 -0.0017918588321432787 0.9999976343527063 -0.0006577421436318176 -0.0015836943084301704 0.0006542589033798341 0.9999987874546508 0.1719666240549742 0.018860927174600306 -0.8323017232297474
FixedParameters: 0 0 0
#Transform 30
Transform: MatrixOffsetTransformBase_double_3_3
Parameters: 0.9999967384939417 0.0017028518140398672 0.0020888293780991704 -0.001702522468780714 0.9999984980321127 0.00015665205409229332 -0.0020884201519804925 -0.00016034919704616124 0.9999981902170616 0.17349541757033649 0.14213840111463583 -0.745857539230343
FixedParameters: 0 0 0
#Transform 31
Transform: MatrixOffsetTransformBase_double_3_3
Parameters: 0.9999960957729561 0.0019865214760760724 0.001989887163505386 -0.0019858961547195397 0.9999975811768117 0.0000901098179041937 -0.001989652227113433 -0.00009389151015759545 0.9999974976684652 0.18530887790676331 0.1200563808477142 -0.8308894650075302
FixedParameters: 0 0 0
#Transform 32
Transform: MatrixOffsetTransformBase_double_3_3
Parameters: 0.9999956119749753 0.0016823038886400643 0.0023575452485490034 -0.0016837866650007156 0.9999980890946786 0.0007052405692040686 -0.002356416232275704 -0.0007097589874434096 0.9999965217662625 0.17399964515401223 0.13997981423879935 -0.7361171081711859
FixedParameters: 0 0 0
#Transform 33
Transform: MatrixOffsetTransformBase_double_3_3
Parameters: 0.9999961206180393 0.0016914705026145032 0.0020043324469044134 -0.0016962769433598536 0.9999961745138313 0.002090815376492444 -0.0020007400044746012 -0.002094184068977517 0.9999961889682155 0.1757986964177718 0.2185846576601307 -0.6799770907612412
FixedParameters: 0 0 0
#Transform 34
Transform: MatrixOffsetTransformBase_double_3_3
Parameters: 0.9999949951378643 0.0022694633684135464 0.0019637012992519422 -0.002269827294607209 0.9999971941191741 0.0005625895937232672 -0.0019623913608859166 -0.0005664120040178022 0.9999981636958176 0.1678609842531955 0.23728388198732375 -0.8253974482091024
FixedParameters: 0 0 0
#Transform 35
Transform: MatrixOffsetTransformBase_double_3_3
Parameters: 0.9999961257243718 0.002124773277828381 0.0018329210360991906 -0.0021259092839859884 0.999997904454341 0.0003080364305883543 -0.001831603326985566 -0.0003119611077774531 0.9999980290705112 0.1841940948894205 0.22850589014856837 -0.7181995949462845
FixedParameters: 0 0 0
#Transform 36
Transform: MatrixOffsetTransformBase_double_3_3
Parameters: 0.999996720165103 0.001957267388280502 0.0018569155025129984 -0.001958829366225658 0.9999977889618423 0.0008824446432277588 -0.0018556956509647555 -0.0008865575297845318 0.9999983665179093 0.15441944644022954 0.12551517917808042 -0.7631184637293842
FixedParameters: 0 0 0
#Transform 37
Transform: MatrixOffsetTransformBase_double_3_3
Parameters: 0.9999952331297388 0.0024823826185017303 0.0016132892930581972 -0.002483235876484378 0.9999972860687765 0.00022179736297076036 -0.0016131684388181221 -0.0002262031779926288 0.9999988467087376 0.15931807969843703 0.23714372048668508 -0.6126639674964167
FixedParameters: 0 0 0
#Transform 38
Transform: MatrixOffsetTransformBase_double_3_3
Parameters: 0.99999540350294 0.0024292166608399592 0.0019217601529688435 -0.0024300486539804845 0.9999967276496529 0.00018037515108335067 -0.0019218647823389008 -0.00018462531704033225 0.999998609240904 0.15468756713977427 0.17683551550825882 -0.823955542752401
FixedParameters: 0 0 0
#Transform 39
Transform: MatrixOffsetTransformBase_double_3_3
Parameters: 0.9999965718437349 0.0022334199873852477 0.0011997508882837834 -0.0022331226481385764 0.9999971508741774 -0.00048386105253217515 -0.0012007840307834052 0.00048113895363557924 0.9999989553563342 0.14064214568146838 0.1751976045406991 -0.7829638584171477
FixedParameters: 0 0 0
#Transform 40
Transform: MatrixOffsetTransformBase_double_3_3
Parameters: 0.9999952386397851 0.002343734977526077 0.0018078276581197014 -0.002344223008899123 0.9999970051591964 0.00013269442557595212 -0.0018071947863440988 -0.0001373042839359906 0.9999981970306898 0.15401195395789102 0.02121076974930247 -0.8305857706013882
FixedParameters: 0 0 0
#Transform 41
Transform: MatrixOffsetTransformBase_double_3_3
Parameters: 0.9999953719672219 0.0024632587949686723 0.0016005098621743735 -0.002461028133909031 0.9999960322180188 -0.001195012518044991 -0.0016031491695294375 0.0011909883305822322 0.9999984932432303 0.1402165701935587 0.14976561076716166 -0.8144496334851112
FixedParameters: 0 0 0
#Transform 42
Transform: MatrixOffsetTransformBase_double_3_3
Parameters: 0.9999958113345729 0.002554505393298598 0.0012902557908557742 -0.0025539916969733395 0.9999968079019357 -0.00015060583270712358 -0.0012900229642280343 0.00014639528070761743 0.9999989593283364 0.13565984255465935 0.05680403730549699 -0.8028284900738498
FixedParameters: 0 0 0
#Transform 43
Transform: MatrixOffsetTransformBase_double_3_3
Parameters: 0.9999827987690841 0.003012480971249112 0.005012668204864063 -0.003016334361356365 0.9999949430034273 0.0008452431865537957 -0.0050101610980929304 -0.000860759411816181 0.9999874005329323 -0.31844354963284616 -0.10282801523132434 -1.759723309202272
FixedParameters: 0 0 0
#Transform 44
Transform: MatrixOffsetTransformBase_double_3_3
Parameters: 0.999982129830938 0.0033315396906837534 0.004977013309276617 -0.003334499188448654 0.99999478566966 0.000475581041452261 -0.004975042757351675 -0.0004914158110302103 0.9999878766147057 -0.16054661644658097 0.011249839829872599 -1.1325020399356305
FixedParameters: 0 0 0
#Transform 45
Transform: MatrixOffsetTransformBase_double_3_3
Parameters: 0.9999970360821705 0.0018907255825478806 0.0018411487714374653 -0.001892930118293519 0.9999970400077717 0.0013345974227416402 -0.0018384663752630767 -0.0013384020370981742 0.9999974236026664 0.07643707405901523 0.1749623705104142 -0.8741567592505675
FixedParameters: 0 0 0
#Transform 46
Transform: MatrixOffsetTransformBase_double_3_3
Parameters: 0.9999970914579371 0.00181065375474864 0.001276307456360944 -0.0018140265700679141 0.9999958801155138 0.002284639976891295 -0.0012723805875212036 -0.0022863612994333538 0.9999967642925637 0.08039464788741668 0.22235754836567878 -0.6967385431022706
FixedParameters: 0 0 0
#Transform 47
Transform: MatrixOffsetTransformBase_double_3_3
Parameters: 0.9999979602944988 0.001379296289459123 0.0014618718861452798 -0.001381673436054481 0.9999972036966553 0.0020359498644210994 -0.0014597442208180754 -0.0020380512652531657 0.9999964578407693 0.07370356047238147 0.10829052160789843 -1.400821443732056
FixedParameters: 0 0 0
#Transform 48
Transform: MatrixOffsetTransformBase_double_3_3
Parameters: 0.9999993416632817 0.001235257935976266 0.0003646883606746481 -0.0012350046072918913 0.9999995584314659 -0.0001685970021342298 -0.000364113157236731 0.00016840394343842213 0.9999997264472859 0.07646608620616746 -0.005275463701394756 -1.3198814441559108
FixedParameters: 0 0 0
#Transform 49
Transform: MatrixOffsetTransformBase_double_3_3
Parameters: 0.9999974677714287 0.0016894344292066948 0.0016367905963359656 -0.0016949758953100406 0.9999924165700426 0.0036191850368542944 -0.001630408192643966 -0.00362181605066203 0.9999918350349717 0.09173041367256474 -0.08455786749918559 -1.049968839285313
FixedParameters: 0 0 0
#Transform 50
Transform: MatrixOffsetTransformBase_double_3_3
Parameters: 0.9999982954895682 0.0015463145321077173 0.0005597141031682859 -0.001548512514338152 0.999991182372136 0.003940992601955434 -0.0005538560357667129 -0.003942008654086837 0.9999920421262085 0.09730690161565292 -0.018282797319173483 -1.1851077710825848
FixedParameters: 0 0 0
#Transform 51
Transform: MatrixOffsetTransformBase_double_3_3
Parameters: 0.9999975634143656 0.001476347519074052 0.0015022022670664178 -0.0014814811237508615 0.9999939125134139 0.003188878858019467 -0.0014973851675116636 -0.0031911243347915175 0.9999942986166388 0.10597637638288404 0.017205908857334862 -0.9931264175652785
FixedParameters: 0 0 0
#Transform 52
Transform: MatrixOffsetTransformBase_double_3_3
Parameters: 0.9999973672166768 0.0015513557978759829 0.0014920048533204752 -0.0015551902294847373 0.9999951455008771 0.0027736519523058334 -0.0014880025726058542 -0.0027763488791381907 0.9999948204160664 0.12574488353423874 0.08606954836366754 -1.0435316897888214
FixedParameters: 0 0 0
#Transform 53
Transform: MatrixOffsetTransformBase_double_3_3
Parameters: 0.9999971106830164 0.0016410558471127207 0.001481962790448304 -0.0016461934963242864 0.999990997137343 0.0038166649851361367 -0.0014762743627880226 -0.003819336566567716 0.9999919591499449 0.11929858968844087 0.08734205358111069 -1.1713353844631769
FixedParameters: 0 0 0
#Transform 54
Transform: MatrixOffsetTransformBase_double_3_3
Parameters: 0.9999985329369678 0.001272235118109287 0.0013595168291258236 -0.0012760256965103191 0.9999952974772441 0.002711365018536277 -0.0013561023692522662 -0.0027126344067956165 0.9999955255335803 0.11666070953899066 0.21869046081647525 -1.0935809443441258
FixedParameters: 0 0 0
#Transform 55
Transform: MatrixOffsetTransformBase_double_3_3
Parameters: 0.9999998668683295 0.00022367668907040812 -0.0002882651847578892 -0.00022280421157920885 0.9999858007184527 0.005399068820940739 0.00028895390792750536 -0.00539893995800883 0.999985767273999 0.14316143881308108 0.1759803303717291 -0.73754461393969
FixedParameters: 0 0 0
#Transform 56
Transform: MatrixOffsetTransformBase_double_3_3
Parameters: 0.9999991770308132 0.0009804019320590594 0.0009285710345449847 -0.0009833317632230163 0.9999948963361612 0.003044072095758299 -0.000924966898492974 -0.0030449261012100437 0.9999947426882665 0.14289325221822935 0.08425720495051792 -0.9186509425032909
FixedParameters: 0 0 0
#Transform 57
Transform: MatrixOffsetTransformBase_double_3_3
Parameters: 0.9999998884760736 0.0005636837128369212 0.0008911204210119876 -0.0005672778842768274 0.999989107891637 0.00465847884123724 -0.0008884873303144059 -0.004658519250553578 0.9999883771013475 0.10897198491421989 0.08575982564146045 -1.315205444681709
FixedParameters: 0 0 0
#Transform 58
Transform: MatrixOffsetTransformBase_double_3_3
Parameters: 0.9999997965305797 0.0004354582866796142 -0.0001179234597251151 -0.0004350996463979305 0.9999975380370018 0.002067050745982013 0.00011873145928799201 -0.0020669477333899178 0.9999977135092237 0.16509556502892053 0.0881126282227882 -0.8100038534166316
FixedParameters: 0 0 0
#Transform 59
Transform: MatrixOffsetTransformBase_double_3_3
Parameters: 0.9999982411676134 0.0011246533204391498 0.0012222563432420222 -0.0011300648765698459 0.9999878614945905 0.004794606543831653 -0.001217314684440346 -0.004796390904313025 0.9999873857486856 0.14694402836984466 0.1100707872035116 -0.9445222080769611
FixedParameters: 0 0 0
#Transform 60
Transform: MatrixOffsetTransformBase_double_3_3
Parameters: 0.9999994065767376 0.0000946947963342148 0.0012591183214801626 -0.00010051348916261497 0.9999902325318418 0.0043330038276985505 -0.001257933658826097 -0.004332990683726723 0.9999896240996169 0.15834315624037743 0.06883279623197325 -1.1624087488498986
FixedParameters: 0 0 0
#Transform 61
Transform: MatrixOffsetTransformBase_double_3_3
Parameters: 0.9999971143462764 0.0014542766452650745 0.0019415004471613464 -0.0014609321903819295 0.9999944479688465 0.003113269200774066 -0.0019371684739241438 -0.003116732116261095 0.9999932598480252 0.14316694982721856 0.005034228443506095 -1.1517721479661276
FixedParameters: 0 0 0
#Transform 62
Transform: MatrixOffsetTransformBase_double_3_3
Parameters: 0.9999984633565981 0.000967575441565927 0.0012647075591051414 -0.0009709281463016512 0.9999956966301575 0.0027398885146590335 -0.001262891518069099 -0.0027411136527143443 0.9999957460022965 0.09632859585931897 0.01298862776219778 -1.2929121373824444
FixedParameters: 0 0 0
#Transform 63
Transform: MatrixOffsetTransformBase_double_3_3
Parameters: 0.999998358311726 0.0015725463775786285 0.00041191951516776377 -0.0015725878851316386 0.9999984326971055 0.0010982077436762216 -0.00040958655433068626 -0.001098792510407759 0.9999995122075325 0.03635360583020031 -0.060234472597528566 -1.5499870995756453
FixedParameters: 0 0 0
#Transform 64
Transform: MatrixOffsetTransformBase_double_3_3
Parameters: 0.9999987424976929 0.00171093586927981 0.000574065028575758 -0.0017141240885562227 0.9999879688277634 0.004604877776144822 -0.0005656225096508127 -0.004606122429680337 0.9999893521489002 0.04968812012857882 -0.171678326736469 -1.3116552090593245
FixedParameters: 0 0 0
#Transform 65
Transform: MatrixOffsetTransformBase_double_3_3
Parameters: 0.9999990380779169 0.0012492721932922319 0.0006333594823856285 -0.0012526232226953548 0.9999856852832536 0.00518419541440876 -0.0006268590862182717 -0.005184805963625888 0.9999865943194826 0.032935349404013436 -0.14456722623309304 -1.2572738652361721
FixedParameters: 0 0 0
#Transform 66
Transform: MatrixOffsetTransformBase_double_3_3
Parameters: 0.9999974473373401 0.0017648364537828681 0.0011984452733815275 -0.0017712279185953523 0.9999869034161178 0.004727833927887004 -0.001190439605029506 -0.004729159803884414 0.9999878262259431 0.04763331074187249 -0.06828922312217856 -1.4508874938875778
FixedParameters: 0 0 0
#Transform 67
Transform: MatrixOffsetTransformBase_double_3_3
Parameters: 0.9999978086312322 0.0019544588465806906 0.0011711251248867074 -0.0019579630861410713 0.9999939002526332 0.0029165507466485385 -0.001165187971654064 -0.0029194480494284802 0.9999948788758216 0.049783502366764765 -0.004004289608943168 -1.4882040249760422
FixedParameters: 0 0 0
#Transform 68
Transform: MatrixOffsetTransformBase_double_3_3
Parameters: 0.999998110005638 0.001987922990650461 0.0009692285056976085 -0.0019887308605943286 0.9999965971152242 0.0013060413855632835 -0.0009662749549691617 -0.0013079579506251326 0.9999990963878397 0.03748404297037666 -0.17162363586560048 -1.682628646867883
FixedParameters: 0 0 0
#Transform 69
Transform: MatrixOffsetTransformBase_double_3_3
Parameters: 0.9999899523934752 0.0027709838173764715 0.0033715585790350935 -0.0027888717661747634 0.9999817203723177 0.0053480284698032565 -0.0033572956203848717 -0.005357971745544726 0.9999799221184629 0.09047390031481939 -0.08627040886180737 -1.1144217590459107
FixedParameters: 0 0 0
#Transform 70
Transform: MatrixOffsetTransformBase_double_3_3
Parameters: 0.9999903299192997 0.0027238102827056836 0.0035002144171838376 -0.002744568119687067 0.9999773496301892 0.006112945673784648 -0.0034837740034596256 -0.006122054047058401 0.9999751316100706 0.09126534082778903 -0.18445220612838398 -1.104445342109301
FixedParameters: 0 0 0
#Transform 71
Transform: MatrixOffsetTransformBase_double_3_3
Parameters: 0.999992574362602 0.002240605544038472 0.0032260103736587373 -0.002265725334574104 0.9999682900751481 0.00764316365991366 -0.003207832271291732 -0.007650829619677002 0.9999653289600736 0.09593585135712601 -0.06311426919367591 -1.1633799548844763
FixedParameters: 0 0 0
#Transform 72
Transform: MatrixOffsetTransformBase_double_3_3
Parameters: 0.9999916966877351 0.0022664310990889937 0.0033419756820005893 -0.0022861071047218916 0.9999789434553158 0.0061499438552286845 -0.0033278692467165554 -0.006157070827954247 0.9999760209925409 0.11334843373735737 0.04544374888969571 -1.0555250400895915
FixedParameters: 0 0 0
#Transform 73
Transform: MatrixOffsetTransformBase_double_3_3
Parameters: 0.9999939995261351 0.0020628002453057953 0.0029569779365556117 -0.0020846721818313 0.9999724414435972 0.007136318276764808 -0.0029421354992961815 -0.007142686765934908 0.9999706114955473 0.12913261375601337 0.10388105039494633 -0.9848295988236799
FixedParameters: 0 0 0
#Transform 74
Transform: MatrixOffsetTransformBase_double_3_3
Parameters: 0.9999908791790352 0.002451944730242508 0.0034796574294489457 -0.0024781996254728744 0.9999687927334436 0.007495953046539883 -0.0034612070792869707 -0.007504041590579408 0.9999655843942454 0.11635053254580896 0.15203040727877237 -1.008222495051882
FixedParameters: 0 0 0
#Transform 75
Transform: MatrixOffsetTransformBase_double_3_3
Parameters: 0.9999914915950491 0.002064156654817495 0.0034996728662605647 -0.0020909046465094833 0.999969089818953 0.007577421370700138 -0.0034837248253891356 -0.007584581392812512 0.9999654565072266 0.11234428223465898 -0.022650081887604756 -1.5830002479517162
FixedParameters: 0 0 0
#Transform 76
Transform: MatrixOffsetTransformBase_double_3_3
Parameters: 0.999991410708651 0.002255483924209866 0.003535618119039418 -0.00226726110983714 0.9999923762993286 0.0032365391266143406 -0.0035284770531913505 -0.0032444582097641006 0.9999880325901906 0.09840797216035924 -0.19099026035834754 -1.7933290649394422
FixedParameters: 0 0 0
#Transform 77
Transform: MatrixOffsetTransformBase_double_3_3
Parameters: 0.9999866002568978 0.0029026206239282557 0.004239526229115494 -0.0029305340926487466 0.9999752198621414 0.006460379553678952 -0.004220462430818406 -0.006472617275721265 0.9999697477447544 0.11694308557463273 -0.2992421620240435 -1.618984664017077
FixedParameters: 0 0 0
#Transform 78
Transform: MatrixOffsetTransformBase_double_3_3
Parameters: 0.9999842743936116 0.003724085181119359 0.004105526264346469 -0.0037541036950190713 0.9999651124233856 0.007396237632939756 -0.004078389127455139 -0.0074117628439153704 0.9999645211900854 0.09302745301957316 -0.30733590038177283 -1.5109927957530545
FixedParameters: 0 0 0
#Transform 79
Transform: MatrixOffsetTransformBase_double_3_3
Parameters: 0.9999835721012825 0.004159211444881862 0.004016170293558641 -0.004185938297839219 0.9999697460164921 0.006547545042322772 -0.003988046930986138 -0.006564453787626573 0.9999708621784127 0.04895454811466493 -0.2636000696245162 -1.6400538219232317
FixedParameters: 0 0 0
#Transform 80
Transform: MatrixOffsetTransformBase_double_3_3
Parameters: 0.9999809267132292 0.004024961066308606 0.004677060325900546 -0.004050166721314608 0.9999767432019535 0.005414886334354996 -0.004654760842949854 -0.005433107575594759 0.9999743429998188 0.11415139291010235 -0.18417286168904923 -1.378650977650679
FixedParameters: 0 0 0
#Transform 81
Transform: MatrixOffsetTransformBase_double_3_3
Parameters: 0.9999710741144767 0.00556911595388546 0.0052834834764709585 -0.005596728333388507 0.9999694869452194 0.005388867366093064 -0.00525323245954991 -0.005418129531338939 0.9999711902749168 0.13063393366201126 -0.35110445708546933 -1.3106926632790845
FixedParameters: 0 0 0
#Transform 82
Transform: MatrixOffsetTransformBase_double_3_3
Parameters: 0.9999690072779064 0.005622394693013566 0.005420944858988982 -0.005647585722814132 0.9999721880472772 0.004786922794873277 -0.005393544283413841 -0.00481707413564364 0.9999736998682489 0.13233085235329156 -0.2311623873721942 -1.1959035164054796
FixedParameters: 0 0 0
#Transform 83
Transform: MatrixOffsetTransformBase_double_3_3
Parameters: 0.9999673988816559 0.005397232362975806 0.005955642373087372 -0.0054275132243856985 0.9999724167507686 0.005032729585855933 -0.005928103038007007 -0.005064259613023453 0.9999690063333274 0.12184380769166125 -0.15871040252939395 -1.3045546650514268
FixedParameters: 0 0 0
#Transform 84
Transform: MatrixOffsetTransformBase_double_3_3
Parameters: 0.9999684536402592 0.005419449429930242 0.005846294530717991 -0.00543914622692868 0.9999791131006243 0.003372219838309126 -0.005827248179824052 -0.0034037753755212508 0.9999773830374021 0.08039441187654006 -0.10019973040064656 -1.5311579234134314
FixedParameters: 0 0 0
#Transform 85
Transform: MatrixOffsetTransformBase_double_3_3
Parameters: 0.9999651684959638 0.005635187491030806 0.0061704212922422015 -0.005681850022057644 0.9999558502538112 0.0075061969874429535 -0.006127623723480181 -0.007540806503868319 0.9999531085330668 0.09414654615451923 -0.17895677080825578 -1.3327052431898778
FixedParameters: 0 0 0
#Transform 86
Transform: MatrixOffsetTransformBase_double_3_3
Parameters: 0.999964615740273 0.005000057991484934 0.006810487714938847 -0.005050909704177824 0.9999592017451246 0.007515821006380818 -0.006772815601079506 -0.007550190480404256 0.9999489180950997 0.13186075115122264 -0.132476264071542 -1.3123258122866446
FixedParameters: 0 0 0
#Transform 87
Transform: MatrixOffsetTransformBase_double_3_3
Parameters: 0.9999608834561946 0.005074941657143674 0.007304506602652046 -0.0051201043716727936 0.9999682497116245 0.0061791296002172424 -0.007273494341859185 -0.006215873839809205 0.9999538134539049 0.14105581684245294 -0.05169158972000787 -1.1564733425644533
FixedParameters: 0 0 0
#Transform 88
Transform: MatrixOffsetTransformBase_double_3_3
Parameters: 0.9999657856530427 0.005205658811262549 0.006489485512213906 -0.0052474732795561195 0.9999659282390196 0.006310703316578931 -0.006455853717892128 -0.006344280037780731 0.9999587808197993 0.1433253583217322 -0.12391966997374482 -1.1628783313769873
FixedParameters: 0 0 0
#Transform 89
Transform: MatrixOffsetTransformBase_double_3_3
Parameters: 0.999962933984482 0.005245647330780024 0.006895531606762812 -0.005289207873595759 0.999966064876637 0.006278676194093696 -0.006862095475149594 -0.0063153183823828896 0.9999565624494172 0.11226401801819463 -0.11793644787806556 -1.207552261180382
FixedParameters: 0 0 0
#Transform 90
Transform: MatrixOffsetTransformBase_double_3_3
Parameters: 0.9999654503028026 0.005110719616314719 0.006589709492237158 -0.005145810877920412 0.9999727390587868 0.00528696380309715 -0.006563070757875372 -0.005321038680766665 0.9999644450248114 0.04096520624844402 -0.0643714094577632 -1.3629407315642226
FixedParameters: 0 0 0
#Transform 91
Transform: MatrixOffsetTransformBase_double_3_3
Parameters: 0.9999590826138588 0.006191806092030694 0.006601485918649914 -0.006238999933505081 0.9999546215298091 0.007182143549113423 -0.006556536590967045 -0.007223858887271811 0.9999526911777634 0.0745031010610262 -0.1912420064865188 -1.2261316923100196
FixedParameters: 0 0 0
#Transform 92
Transform: MatrixOffsetTransformBase_double_3_3
Parameters: 0.9999563995796376 0.006876636920870856 0.006348535671649788 -0.006921459477867068 0.9999517913424317 0.006928664261334372 -0.006300665239140675 -0.00697232931283065 0.9999559860983986 0.06823762642501663 -0.14523705163715306 -1.1572641496036482
FixedParameters: 0 0 0
#Transform 93
Transform: MatrixOffsetTransformBase_double_3_3
Parameters: 0.9999475083901809 0.007678091427580425 0.006748041420330685 -0.007720851271718978 0.9999500852417054 0.006413126840574573 -0.006699033878478493 -0.006464884911704577 0.99995649860519 0.06798124237869274 -0.12986133344749362 -1.1005540665260583
FixedParameters: 0 0 0
#Transform 94
Transform: MatrixOffsetTransformBase_double_3_3
Parameters: 0.9999395404686747 0.008529775197104173 0.00697850138162596 -0.008576779171869137 0.9999411583395877 0.00672490869829373 -0.006920562464646543 -0.006784098191819354 0.9999531317306827 0.05655205075977676 -0.25996711660249616 -1.4706308442395652
FixedParameters: 0 0 0
#Transform 95
Transform: MatrixOffsetTransformBase_double_3_3
Parameters: 0.999935456002482 0.008738245573379558 0.007292056233143934 -0.008787680708702074 0.9999390235005786 0.006716916087860236 -0.007233624606471015 -0.006781096269967785 0.9999513304289799 0.10601991892239937 -0.2752441459729056 -1.3564479998705252
FixedParameters: 0 0 0
#Transform 96
Transform: MatrixOffsetTransformBase_double_3_3
Parameters: 0.9999424325691585 0.008326255941802464 0.006726188149629856 -0.00835464005003991 0.9999557776660049 0.004224462636818999 -0.006690292444937682 -0.004280531636483287 0.9999684862156313 0.04509777305025864 -0.2890249292945981 -1.5925120896131233
FixedParameters: 0 0 0
#Transform 97
Transform: MatrixOffsetTransformBase_double_3_3
Parameters: 0.9999267982335998 0.009245812347496586 0.00785528256298243 -0.009292342561905878 0.999940235554011 0.005827967778878951 -0.007800937395632687 -0.005901027573473577 0.9999517748637198 0.059104602847668275 -0.3560097151286925 -1.3417244644720512
FixedParameters: 0 0 0
#Transform 98
Transform: MatrixOffsetTransformBase_double_3_3
Parameters: 0.9999462964233452 0.008456675689027322 0.006015360718149022 -0.008476826108522864 0.9999586879451147 0.003352771288112344 -0.005987059354142073 -0.0034042369983971754 0.9999767792463833 0.007150519361942997 -0.44292143851633625 -1.7592880966970341
FixedParameters: 0 0 0
#Transform 99
Transform: MatrixOffsetTransformBase_double_3_3
Parameters: 0.9999270963936318 0.009454780576771734 0.00751646695185562 -0.009482070222607553 0.9999488766308686 0.003563003734619402 -0.007483101088630654 -0.003634001420079247 0.9999653203111966 0.0038228034497365115 -0.4469703874222972 -1.5749141260347699
FixedParameters: 0 0 0
#Transform 100
Transform: MatrixOffsetTransformBase_double_3_3
Parameters: 0.9999224069946153 0.009891726675499134 0.007532910989662933 -0.009924570510388152 0.9999418559359708 0.004327118139375419 -0.007489063841286047 -0.004400881115505351 0.9999624604167815 0.02541834223376327 -0.5987331582114024 -1.6272245259725082
FixedParameters: 0 0 0
#Transform 101
Transform: MatrixOffsetTransformBase_double_3_3
Parameters: 0.9999164162680714 0.010343979816610192 0.007783694073869296 -0.010372183520484518 0.9999398436316002 0.0036608848416259387 -0.007745167096840693 -0.0037411211111716136 0.9999631765709576 0.011551070310957812 -0.4376321570609747 -1.5517883628751434
FixedParameters: 0 0 0
#Transform 102
Transform: MatrixOffsetTransformBase_double_3_3
Parameters: 0.999920041511506 0.010913604883058939 0.006390938500739473 -0.01094397482427256 0.9999285076188064 0.004740516036956327 -0.006338982643101785 -0.004809479188602667 0.9999679305823669 0.053227776493073975 -0.5693308863034048 -1.7124623291812497
FixedParameters: 0 0 0
#Transform 103
Transform: MatrixOffsetTransformBase_double_3_3
Parameters: 0.9999180259499554 0.010581952371925392 0.007210654630956632 -0.010591633744515421 0.9999434519567563 0.0013420464368675833 -0.00719588898515756 -0.0014179540884900754 0.999972765034894 0.07807240917941272 -0.5088928445524346 -1.923834560898996
FixedParameters: 0 0 0
#Transform 104
Transform: MatrixOffsetTransformBase_double_3_3
Parameters: 0.9999256388784442 0.010415585627332035 0.006392917710159892 -0.010428839481119155 0.9999432526378681 0.002043297069814959 -0.0063715499139124126 -0.0021097058207363018 0.9999777621988154 -0.017731266352456032 -0.5966963667255101 -1.7145209304445075
FixedParameters: 0 0 0
#Transform 105
Transform: MatrixOffsetTransformBase_double_3_3
Parameters: 0.9999264386248429 0.010224091252479892 0.006559510445421933 -0.010234184551273591 0.9999460287373839 0.0015711874949287385 -0.006543252418194324 -0.001637815697046574 0.9999772608487338 -0.016191521796685038 -0.47452589502165665 -1.8442650109168142
FixedParameters: 0 0 0
#Transform 106
Transform: MatrixOffsetTransformBase_double_3_3
Parameters: 0.9999164912039977 0.010897162481815409 0.006981757561021784 -0.01091546956514519 0.9999368457423522 0.0025257927741406117 -0.0069543461540897316 -0.0026022085102614667 0.9999724966942899 -0.010348954016748735 -0.5464502741682793 -1.6168145650966324
FixedParameters: 0 0 0
#Transform 107
Transform: MatrixOffsetTransformBase_double_3_3
Parameters: 0.9999127118483961 0.01102137008669259 0.0073353882546938086 -0.01104897775311237 0.9999323934254051 0.0036852411300322685 -0.007294021630292777 -0.0037657570224554904 0.9999665584165548 0.0029026486389227557 -0.5214699492965167 -1.6363316381840889
FixedParameters: 0 0 0
#Transform 108
Transform: MatrixOffsetTransformBase_double_3_3
Parameters: 0.9999216211123421 0.01085689963673527 0.00620494974081057 -0.010867351835130141 0.9999394519781346 0.0016707037012658743 -0.00618647068434469 -0.0017382970424011102 0.999979358261061 0.037461679464300346 -0.4935640698841297 -1.6599005568245957
FixedParameters: 0 0 0
#Transform 109
Transform: MatrixOffsetTransformBase_double_3_3
Parameters: 0.9998844787935831 0.012442892112657407 0.008699763026892673 -0.012437072128098574 0.9999223671825881 -0.0007275199631895934 -0.008707663026906799 0.000618486632492643 0.9999622056965581 0.22434001541009252 -0.32373758114886186 -1.1560789291168447
FixedParameters: 0 0 0
#Transform 110
Transform: MatrixOffsetTransformBase_double_3_3
Parameters: 0.9998934373628188 0.012532555394932745 0.007515047001781077 -0.012497237263348945 0.9999107208505811 -0.004811311210496272 -0.007575014822401394 0.004716694205707667 0.9999603224133717 0.21044266777424525 -0.31770268110993527 -1.2604783090307308
FixedParameters: 0 0 0
#Transform 111
Transform: MatrixOffsetTransformBase_double_3_3
Parameters: 0.999893997876785 0.012137313997080125 0.007979317961334192 -0.012082750513695124 0.9999030967685548 -0.006864720241827382 -0.008062561490952585 0.006767272733838939 0.9999449794631946 0.26710419360367155 -0.2373499358626816 -0.9808290198761966
FixedParameters: 0 0 0
#Transform 112
Transform: MatrixOffsetTransformBase_double_3_3
Parameters: 0.9999124267982776 0.01073869034098821 0.00776158200144228 -0.010661433805067975 0.9998932483929301 -0.009963621847771734 -0.00786785276414631 0.009879374705390062 0.999920292627807 0.2673085853934509 -0.21490906058532744 -0.973938342332346
FixedParameters: 0 0 0
#Transform 113
Transform: MatrixOffsetTransformBase_double_3_3
Parameters: 0.9999617460978284 0.00690771616966312 0.005434782131030369 -0.006833698051115973 0.999885620783348 -0.013481067656800377 -0.005527394653651259 0.01344393365731783 0.9998946240573303 0.2765600314171337 0.05177947646298264 -0.47276008982622386
FixedParameters: 0 0 0
#Transform 114
Transform: MatrixOffsetTransformBase_double_3_3
Parameters: 0.9999476405621645 0.007561715388782008 0.006868819530347337 -0.007457563356899115 0.9998592367372658 -0.014996577292674812 -0.006981250993989356 0.014944410042391734 0.9998641354609344 0.324631213409063 0.09093168862831646 -0.4010221136028349
FixedParameters: 0 0 0
#Transform 115
Transform: MatrixOffsetTransformBase_double_3_3
