#Insight Transform File V1.0
#Transform 0
Transform: MatrixOffsetTransformBase_double_3_3
Parameters: 0.9999996366539842 -0.00003494707301287826 0.0006016738351147707 0.00003556783873011209 0.9999999038925946 0.0003080213711406654 -0.0006018260795730196 -0.0003079789386012388 0.9999995430332937 0.26752709703905 0.37214771745766484 -0.6415809245808362
FixedParameters: 0 0 0
#Transform 1
Transform: MatrixOffsetTransformBase_double_3_3
Parameters: 0.9999994824119652 -0.00011397921720524137 0.0012268879571788163 0.00011171444754671552 0.999998673409839 0.0017841555538875564 -0.0012265603130066052 -0.0017848446155587228 0.9999974401142413 0.258108903496705 0.2841892877856935 -0.6886352977042236
FixedParameters: 0 0 0
#Transform 2
Transform: MatrixOffsetTransformBase_double_3_3
Parameters: 0.9999989982542076 0.00046753799335889104 0.0016684263299252692 -0.00046795734489603216 0.999999296884407 0.0007194791332905126 -0.001668013824710381 -0.0007205221076995727 0.9999986645679908 0.2549981631306224 0.42125841025656996 -0.6359640931913901
FixedParameters: 0 0 0
#Transform 3
Transform: MatrixOffsetTransformBase_double_3_3
Parameters: 0.9999994927877456 0.00011879961959820049 0.0012218908441072591 -0.00012021349163686117 0.9999990706508782 0.0013899840067023717 -0.0012218196678713891 -0.0013900172260047639 0.9999985579318519 0.23632724974463315 0.3643432224669141 -0.6400969134269161
FixedParameters: 0 0 0
#Transform 4
Transform: MatrixOffsetTransformBase_double_3_3
Parameters: 0.9999994989022574 0.000009549252777897233 0.0007078179875172448 -0.000009390702284397428 0.9999999873664791 -0.00011200664554750217 -0.0007078201085453339 0.00011199323939742323 0.9999994864477906 0.23975244359095882 0.4781468461693379 -0.6058703733539375
FixedParameters: 0 0 0
#Transform 5
Transform: MatrixOffsetTransformBase_double_3_3
Parameters: 0.9999989693702247 0.00011022400832751903 0.0014207051724556689 -0.00011154543381505985 0.9999993421447537 0.0008139712111646935 -0.0014206551779295472 -0.0008140274552620175 0.9999983020338995 0.2381918186960661 0.42041190031712006 -0.6421586091364162
FixedParameters: 0 0 0
#Transform 6
Transform: MatrixOffsetTransformBase_double_3_3
Parameters: 0.9999976332421697 0.00012459931829301646 0.00208631847697796 -0.0001280788551830249 0.9999987202456895 0.0018159965135705336 -0.002085390271018061 -0.001816005925523334 0.9999963172675734 0.25422883968776944 0.5325810899296926 -0.4762227081811119
FixedParameters: 0 0 0
#Transform 7
Transform: MatrixOffsetTransformBase_double_3_3
Parameters: 0.9999998185580395 -0.0001165970844734052 0.0004096914052659302 0.0001164397538645998 0.9999999495591997 0.0001920476973676366 -0.0004097361480288363 -0.00019195221880269342 0.9999997952708553 0.24528391110460745 0.46861304228600886 -0.6254323309873797
FixedParameters: 0 0 0
#Transform 8
Transform: MatrixOffsetTransformBase_double_3_3
Parameters: 0.9999978123571007 0.00016737685864995648 0.002039442601807338 -0.00017089996651457166 0.9999984678130248 0.001592912608078978 -0.0020392953044724737 -0.0015930848411251641 0.9999962692418201 0.26848878055892555 0.500712853589107 -0.47658091885830345
FixedParameters: 0 0 0
#Transform 9
Transform: MatrixOffsetTransformBase_double_3_3
Parameters: 0.9999995255112261 -0.0004969769481004173 0.0004769721821897919 0.000497017011539265 0.9999997512299427 -0.00004176293654026275 -0.00047693043358745465 0.000042237023454294587 0.9999997707532847 0.24411562711065926 0.4502984834634276 -0.6271596335926688
FixedParameters: 0 0 0
#Transform 10
Transform: MatrixOffsetTransformBase_double_3_3
Parameters: 0.9999972050334386 0.00014129899031878232 0.0021850437901039617 -0.00014356295226931418 0.9999988523221272 0.0014249649692930355 -0.002185159821918509 -0.0014260357108631383 0.9999962886031453 0.2599020104996015 0.4852576462118918 -0.46903641774615323
FixedParameters: 0 0 0
#Transform 11
Transform: MatrixOffsetTransformBase_double_3_3
Parameters: 0.999999686102223 -0.00028193738137906153 0.00048415802354428506 0.0002825471958849581 0.9999995234403791 -0.0006298629526495236 -0.00048380239769623133 0.000630136151745786 0.9999993688624081 0.25738076749522065 0.4447574470342772 -0.6913653468748464
FixedParameters: 0 0 0
#Transform 12
Transform: MatrixOffsetTransformBase_double_3_3
Parameters: 0.9999990912097951 -0.00007993411376419737 0.0013793691440881692 0.00008037710066511677 0.9999997402127336 -0.0005197601001820651 -0.0013791552553094667 0.000520240030461 0.9999988101967903 0.2823688472018233 0.3951784118695656 -0.5849848884709417
FixedParameters: 0 0 0
#Transform 13
Transform: MatrixOffsetTransformBase_double_3_3
Parameters: 0.9999994000114065 -0.00042887075021842187 0.0006450261343543665 0.00043020889947404826 0.9999997380522264 -0.0010377234618441367 -0.0006441344079611124 0.0010382772078044167 0.9999995070697298 0.2662309560087124 0.45153602315252783 -0.6365739516525224
FixedParameters: 0 0 0
#Transform 14
Transform: MatrixOffsetTransformBase_double_3_3
Parameters: 1.000000126690029 -0.0003922312187881929 0.0008477473575491518 0.0003931132139051209 0.9999994894006893 -0.0005966665267969629 -0.0008482699510618305 0.00059733250491939 0.9999989244717904 0.2604500466288613 0.4395294298761314 -0.6582842609943356
FixedParameters: 0 0 0
#Transform 15
Transform: MatrixOffsetTransformBase_double_3_3
Parameters: 0.9999995678314048 -0.0004833365622162834 0.00044577250316703965 0.0004836577513603616 0.9999981418326577 -0.0016197833876460954 -0.00044506688915604267 0.0016202141050694063 0.9999981771991273 0.26139892348003 0.5134858223697449 -0.6795485048304357
FixedParameters: 0 0 0
#Transform 16
Transform: MatrixOffsetTransformBase_double_3_3
Parameters: 0.9999997343558101 -0.0005858483284420745 0.000960342510644418 0.0005865133404925271 0.9999996611528161 -0.0009304207653070828 -0.0009601125454692195 0.0009305805720196125 0.9999993415403992 0.28317394796276574 0.3654618911701135 -0.5412663957163346
FixedParameters: 0 0 0
#Transform 17
Transform: MatrixOffsetTransformBase_double_3_3
Parameters: 0.9999996532288005 -0.000011612209050147401 0.0011604468377119385 0.000011649341758015167 1.0000000166458483 -0.000015857087912518608 -0.001160446465079999 0.00001614290098300719 0.9999996360709785 0.2950346113090774 0.35301144280607843 -0.6318698827603129
FixedParameters: 0 0 0
#Transform 18
Transform: MatrixOffsetTransformBase_double_3_3
Parameters: 0.9999980840713291 0.00017197772362878018 0.0019713384757257886 -0.00017359248510501863 1.0000000251143428 0.0009118062136695138 -0.0019712841936017802 -0.0009131945491567817 0.9999973936426293 0.3258773096536771 0.46280863530365934 -0.4142633476060382
FixedParameters: 0 0 0
#Transform 19
Transform: MatrixOffsetTransformBase_double_3_3
Parameters: 0.9999998916156642 0.00007726447519604729 0.0010499890327785124 -0.00007515411196314755 0.9999988297004109 -0.001476950710804531 -0.0010500836284972244 0.0014770494837861026 0.9999986988533164 0.3167527124003584 0.487139689613997 -0.6364219343706026
FixedParameters: 0 0 0
#Transform 20
Transform: MatrixOffsetTransformBase_double_3_3
Parameters: 0.9999986204006146 -0.00025430064754000876 0.0018205605009318458 0.00025373900257494417 0.9999996582354855 0.0004267385791231204 -0.0018209077054297913 -0.00042626186091557217 0.9999985983601892 0.370420530582237 0.4937708970917214 -0.47630073758773506
FixedParameters: 0 0 0
#Transform 21
Transform: MatrixOffsetTransformBase_double_3_3
Parameters: 0.9999986864637768 -0.00006614537132100957 0.0018190266660512984 0.00006509029261585639 0.9999995839517645 0.0005623952040967883 -0.001819231011556838 -0.0005626047572171167 0.9999984696990412 0.37712202754936186 0.5879617430500872 -0.3899994339437711
FixedParameters: 0 0 0
#Transform 22
Transform: MatrixOffsetTransformBase_double_3_3
Parameters: 0.9999992661078035 -0.0004843655890097684 0.0012242434842230435 0.0004853358778706847 0.9999999053406654 -0.0008543898791908144 -0.001224275791759768 0.0008546111187276717 0.9999989004250879 0.33773269041294895 0.5888552902594171 -0.4575817471009316
FixedParameters: 0 0 0
#Transform 23
Transform: MatrixOffsetTransformBase_double_3_3
Parameters: 0.9999996083355067 -0.000350811928648044 0.0005186631155368653 0.0003509061757911099 0.9999996502325974 -0.0010478019071988032 -0.0005177975380884756 0.0010471996315119525 0.9999997635885169 0.32834652415080257 0.5452577322545835 -0.5589150605302251
FixedParameters: 0 0 0
#Transform 24
Transform: MatrixOffsetTransformBase_double_3_3
Parameters: 0.9999994505583127 -0.0007413722659606064 0.0000010477810622607452 0.0007411138343039074 0.9999984475377246 -0.0017281286578402777 -4.6893207893165193e-7 0.0017278709617215005 0.9999980310481977 0.29154523741074456 0.5912875136427971 -0.5072015648083692
FixedParameters: 0 0 0
#Transform 25
Transform: MatrixOffsetTransformBase_double_3_3
Parameters: 0.9999996094897875 0.000006912070091852547 0.001179178897277072 -0.000007034706279583701 1.0000000142844028 0.000052121166340568514 -0.0011791781716365157 -0.000051878792764636916 0.9999995897974057 0.30404431572659973 0.5215233598363369 -0.3619546607924633
FixedParameters: 0 0 0
#Transform 26
Transform: MatrixOffsetTransformBase_double_3_3
Parameters: 0.9999997577397435 -0.00039466030638082725 0.00029370734009564494 0.00039546041951863623 0.999998331704378 -0.001584883039048024 -0.00029344644245767005 0.0015851149992312796 0.9999984015852078 0.2913769032892901 0.5166493597860438 -0.5114191131613097
FixedParameters: 0 0 0
#Transform 27
Transform: MatrixOffsetTransformBase_double_3_3
Parameters: 0.9999996608005591 0.00006470913282999786 0.0011553900009469227 -0.00006502562372064289 0.9999996924723493 0.000566054664506932 -0.001155447096974299 -0.0005659457428761061 0.999999327615666 0.31034936093422516 0.5296147969598763 -0.40248212464422295
FixedParameters: 0 0 0
#Transform 28
Transform: MatrixOffsetTransformBase_double_3_3
Parameters: 0.9999997458306764 -0.0004979641489615101 -0.00007965831973579807 0.0004974930111142913 0.999997245137433 -0.0021230385536039897 0.00008078023357223749 0.0021229586969073178 0.9999974864305433 0.2646199300664307 0.511014604573873 -0.6494631855597817
FixedParameters: 0 0 0
#Transform 29
Transform: MatrixOffsetTransformBase_double_3_3
Parameters: 0.9999997614515607 -0.00041323306967878476 0.0002599682348910895 0.0004140463397139554 0.9999985274108995 -0.001816893630933375 -0.00025945651114490665 0.0018171084845571561 0.9999986310531338 0.26048274511155967 0.4236802327941831 -0.5171092024251607
FixedParameters: 0 0 0
#Transform 30
Transform: MatrixOffsetTransformBase_double_3_3
Parameters: 0.9999997890618494 0.00008781560037091668 0.0010969171858596636 -0.00008803937118385365 0.9999999989017192 0.00010203293869809338 -0.0010968992483816667 -0.00010196701614778592 0.9999997693521274 0.3042836212707556 0.442727169038136 -0.3604909773423657
FixedParameters: 0 0 0
#Transform 31
Transform: MatrixOffsetTransformBase_double_3_3
Parameters: 0.9999996162169871 -0.0004138744777667162 -0.000461143156349912 0.00041267431190771876 0.9999978429076147 -0.002233192566426373 0.0004618668717510073 0.0022328111077954127 0.9999978007100983 0.2863555002024327 0.5256325977061067 -0.525590339478228
FixedParameters: 0 0 0
#Transform 32
Transform: MatrixOffsetTransformBase_double_3_3
Parameters: 0.999999490119308 -0.0006514798307837773 0.0002923259524346276 0.000651300219701919 0.9999994814414148 0.0003071903632323736 -0.0002927259049102662 -0.00030680926583259716 0.9999998201800068 0.27060963790874837 0.5476727295488502 -0.41049576847323976
FixedParameters: 0 0 0
#Transform 33
Transform: MatrixOffsetTransformBase_double_3_3
Parameters: 0.9999998299052372 -0.000060431880051014076 0.0004076273876517149 0.00006112027218226152 0.9999970893792895 -0.002218845845707529 -0.00040821858340150935 0.002219154246845073 0.9999978925916246 0.28189788720061415 0.548383143886852 -0.6341606650058935
FixedParameters: 0 0 0
#Transform 34
Transform: MatrixOffsetTransformBase_double_3_3
Parameters: 0.9999998357502364 -0.00027300384783992296 -0.00029953115049286883 0.00027197304987488857 0.9999979912636427 -0.0017179521388033248 0.0003004674227895411 0.0017180474633898268 0.999998941435147 0.28075033878656086 0.46699824272035073 -0.48934096488031287
FixedParameters: 0 0 0
#Transform 35
Transform: MatrixOffsetTransformBase_double_3_3
Parameters: 0.9999997260382619 -0.0004805397227545304 -0.00020746930246426775 0.00047999993147474634 0.9999990871324629 -0.0012970999979281805 0.0002087151242232466 0.0012969001157622229 0.9999992744860129 0.2638373308643196 0.47375235196035703 -0.6008922804957848
FixedParameters: 0 0 0
#Transform 36
Transform: MatrixOffsetTransformBase_double_3_3
Parameters: 0.9999993923833975 -0.0004915097282029964 -0.0006052202283358653 0.0004899869041796552 0.9999978861409817 -0.0019682968007696255 0.0006060298454146077 0.00196770237941285 0.9999977601873212 0.2876156871598994 0.5936662244470909 -0.19857821067837733
FixedParameters: 0 0 0
#Transform 37
Transform: MatrixOffsetTransformBase_double_3_3
Parameters: 0.9999997196896249 0.0003728014851648565 -0.0003756367759082383 -0.0003747019352226075 0.9999911866164526 -0.004203860621455335 0.00037434662229191945 0.004204140927250799 0.9999911856760121 0.3451991869946909 0.5433845798116863 -0.3088492230017579
FixedParameters: 0 0 0
#Transform 38
Transform: MatrixOffsetTransformBase_double_3_3
Parameters: 0.9999998313813696 0.00020282718401199386 -0.001061989796334666 -0.00020761030894940217 0.9999914603224404 -0.004182781623134485 0.00106074226445828 0.004183217247532844 0.9999903759223482 0.24656766790148765 0.4618032834945609 -0.6770836995456477
FixedParameters: 0 0 0
#Transform 39
Transform: MatrixOffsetTransformBase_double_3_3
Parameters: 0.9999996877522858 0.0007403725590566178 -0.0008742650198934711 -0.0007434732999271577 0.9999925967772657 -0.003704333996286946 0.0008713508475286053 0.003704663184828705 0.999992644241809 0.2933993784552058 0.3712056548043847 -0.49114711007520384
FixedParameters: 0 0 0
#Transform 40
Transform: MatrixOffsetTransformBase_double_3_3
Parameters: 0.9999991440303647 0.000924321857299504 -0.00002939697514834303 -0.0009252039323246635 0.9999957790026344 -0.0027139745239633806 0.000026490763351666368 0.0027140262062035347 0.9999966334033978 0.32861571257406297 0.4053459276727125 -0.4356932403865983
FixedParameters: 0 0 0
#Transform 41
Transform: MatrixOffsetTransformBase_double_3_3
Parameters: 0.9999996788585064 0.00006712806431811134 -0.0005628284585041075 -0.0000681497548230291 0.9999987949017284 -0.0017889630742849438 0.0005624559193011995 0.0017890391861944133 0.9999984829052891 0.2453079653802206 0.3498691972045833 -0.5096791721905447
FixedParameters: 0 0 0
#Transform 42
Transform: MatrixOffsetTransformBase_double_3_3
Parameters: 0.9999997255887444 -0.00001483158093813721 -0.0005236847122835331 0.00001310943752412021 0.9999962865217645 -0.0025910050180320277 0.000523626580968615 0.0025909903847035898 0.9999960124937879 0.2378565086118556 0.395821488063973 -0.5062754342531406
FixedParameters: 0 0 0
#Transform 43
Transform: MatrixOffsetTransformBase_double_3_3
Parameters: 0.9999991719031766 0.00009890218170906931 -0.0009043604919747451 -0.00010272884933443584 0.9999942221942258 -0.0032837783947660404 0.0009044287270054167 0.003284219565473895 0.9999943803410963 0.21788138977093752 0.3403795810853296 -0.533754087624942
FixedParameters: 0 0 0
#Transform 44
Transform: MatrixOffsetTransformBase_double_3_3
Parameters: 0.9999993115653366 0.00010215519611630656 -0.0012954116724768294 -0.00010651467097203632 0.9999937054853683 -0.003646738808647826 0.0012949894626375568 0.0036472678958718585 0.9999930047382619 0.21156458041465953 0.41171741052097843 -0.6226876776595418
FixedParameters: 0 0 0
#Transform 45
Transform: MatrixOffsetTransformBase_double_3_3
Parameters: 0.999999462226351 0.00007145884539716665 -0.001237993205987546 -0.00007768113642636881 0.9999890107794098 -0.004568757974311138 0.0012376506715876651 0.00456823547396594 0.9999887088589662 0.194292414917129 0.29657527774837433 -0.7019414872018928
FixedParameters: 0 0 0
#Transform 46
Transform: MatrixOffsetTransformBase_double_3_3
Parameters: 0.9999993691817257 -0.00009791246911846907 -0.001273445156110765 0.00009216279314563564 0.9999898952032716 -0.0045931215191548636 0.0012735350158430672 0.004592879456409432 0.9999882824365581 0.1774325612250891 0.39515292537436153 -0.6818204563686407
FixedParameters: 0 0 0
#Transform 47
Transform: MatrixOffsetTransformBase_double_3_3
Parameters: 0.9999989670585306 0.0002565215112064256 -0.0009832560743122116 -0.00025925976990402423 0.9999932717756463 -0.003542600232290777 0.0009828897002601836 0.003542400174183502 0.9999935965838582 0.18856976629892586 0.3256779171539961 -0.6612456070525354
FixedParameters: 0 0 0
#Transform 48
Transform: MatrixOffsetTransformBase_double_3_3
Parameters: 0.9999993769994463 0.00038787192851714243 -0.0006868562611586878 -0.0003905307369881797 0.999995737408354 -0.0028477314459268432 0.0006864917305131945 0.0028482659535220556 0.9999954173551172 0.18516991943465655 0.4216871315057915 -0.5474033316978222
FixedParameters: 0 0 0
#Transform 49
Transform: MatrixOffsetTransformBase_double_3_3
Parameters: 0.9999992763528286 0.0005114684010909959 -0.0006797275011459917 -0.0005141188679255241 0.9999936079545504 -0.0036056371103972695 0.0006777515686039175 0.003605367290700434 0.999993669032987 0.1987102322934362 0.34643094943454855 -0.7088648477918724
FixedParameters: 0 0 0
#Transform 50
Transform: MatrixOffsetTransformBase_double_3_3
Parameters: 0.9999998111334185 0.0007707477377087556 -0.0007710770174816688 -0.0007734890588105827 0.9999942353830179 -0.0033223897376365163 0.0007686595576026178 0.003322612670913355 0.9999944976624113 0.18361091881428138 0.37238368344813466 -0.5685072206406687
FixedParameters: 0 0 0
#Transform 51
Transform: MatrixOffsetTransformBase_double_3_3
Parameters: 1.00000004502777 0.0006832779586915837 -0.0006988821725965078 -0.0006841508592724125 0.9999975507028585 -0.002231524132553092 0.0006975519037297216 0.0022324788935510487 0.9999975306553558 0.17905472131361932 0.3215879988876509 -0.5203256539751493
FixedParameters: 0 0 0
#Transform 52
Transform: MatrixOffsetTransformBase_double_3_3
Parameters: 0.9999993383554212 0.0007492514274984296 -0.0010488785489695949 -0.000752023995033047 0.999996578286567 -0.0023931948305621897 0.0010470070765370724 0.0023938021571356105 0.9999963023705384 0.14925880872026198 0.20623734299097407 -0.6376352130308192
FixedParameters: 0 0 0
#Transform 53
Transform: MatrixOffsetTransformBase_double_3_3
Parameters: 0.9999973192273771 0.0009841486220380404 -0.00192663778423364 -0.0009912543958853282 0.9999922054675056 -0.0038169359767458444 0.001923139197261444 0.0038190653904086602 0.9999909593662085 0.12981918424095795 0.2346367415290871 -0.5852494377519974
FixedParameters: 0 0 0
#Transform 54
Transform: MatrixOffsetTransformBase_double_3_3
Parameters: 0.9999989587575353 0.0009758727401685318 -0.0014451574486594016 -0.0009810238683977447 0.9999950813004291 -0.0029495520203000614 0.0014419673433456659 0.00295044507747913 0.9999944724144985 0.13720703359845743 0.1281327883057486 -0.6498695633201379
FixedParameters: 0 0 0
#Transform 55
Transform: MatrixOffsetTransformBase_double_3_3
Parameters: 0.9999980149090756 0.00044081170211798126 -0.0019468562075438977 -0.0004508513878614809 0.9999860222929845 -0.005260858589509573 0.0019448252027801523 0.005262145344802405 0.9999846253927573 0.1438618763242232 0.24984700796362347 -0.7613684752891032
FixedParameters: 0 0 0
#Transform 56
Transform: MatrixOffsetTransformBase_double_3_3
Parameters: 0.9999984076572542 0.0006028758128356961 -0.0017968825727447527 -0.0006086581570934402 0.9999940006017529 -0.003374748261437688 0.001794984809207378 0.0033752510672551694 0.9999926257225821 0.129957428266664 0.14104980380579946 -0.5941394315891984
FixedParameters: 0 0 0
#Transform 57
Transform: MatrixOffsetTransformBase_double_3_3
Parameters: 0.9999971600082852 0.0006433666025263588 -0.0021034445811484127 -0.0006518499394831561 0.9999929594912302 -0.0037914753233733445 0.002101585195782768 0.0037925255112510325 0.9999904418477353 0.13132252101958386 0.15029113367276636 -0.7362855225676128
FixedParameters: 0 0 0
#Transform 58
Transform: MatrixOffsetTransformBase_double_3_3
Parameters: 0.9999964494619477 0.0007596575231866235 -0.0026406444656659244 -0.0007715256248203535 0.9999903592924541 -0.004437671828116552 0.00263736970144565 0.0044393325121334926 0.9999866893175684 0.16401873419656 0.3098683198143988 -0.5039106303280931
FixedParameters: 0 0 0
#Transform 59
Transform: MatrixOffsetTransformBase_double_3_3
Parameters: 0.9999960887479005 0.00139951990222626 -0.0022252112336278826 -0.0014093671002060183 0.9999886530388146 -0.004456680233884097 0.002219445955145921 0.004459317657745737 0.9999876879244204 0.15493494995230606 0.22312912044266398 -0.7173648745137626
FixedParameters: 0 0 0
#Transform 60
Transform: MatrixOffsetTransformBase_double_3_3
Parameters: 0.9999896737782749 0.0013282172025238011 -0.004422654822186447 -0.0013499521675190897 0.9999866691003365 -0.0049590389326863715 0.004416538997298563 0.0049649598119354404 0.9999777612304365 0.2151092471548992 0.32618212598215734 -0.4178372046185217
FixedParameters: 0 0 0
#Transform 61
Transform: MatrixOffsetTransformBase_double_3_3
Parameters: 0.9999905665646346 0.0021757088079949064 -0.0038338910409172417 -0.0022007238457312644 0.9999769055765737 -0.006404067708446315 0.003819829424781984 0.006411933144187448 0.9999725348127388 0.300329547074341 0.4251183159695273 -0.1777629965209968
FixedParameters: 0 0 0
#Transform 62
Transform: MatrixOffsetTransformBase_double_3_3
Parameters: 0.9999877113348871 0.0008304295482275967 -0.004857912026025818 -0.0008822580196254403 0.9999416741665138 -0.010761431392918602 0.004848683144386106 0.01076557056751748 0.9999303231643246 0.24987612008105486 0.3190232634448904 -0.43577451629674613
FixedParameters: 0 0 0
#Transform 63
Transform: MatrixOffsetTransformBase_double_3_3
Parameters: 0.9999935619730516 0.0019038778760106245 -0.0029685982868142085 -0.0019356803484112891 0.9999400947076126 -0.010783076993531829 0.002948186274664983 0.010787933597569396 0.9999378056412384 0.37367229546815395 0.5862903520030187 0.1232628886724001
FixedParameters: 0 0 0
#Transform 64
Transform: MatrixOffsetTransformBase_double_3_3
Parameters: 0.9999879403718319 0.0010676063488889095 -0.0048903222068190436 -0.0011303030710901982 0.9999176526560057 -0.012813334751946154 0.004877124206925324 0.012818671162757936 0.9999057723795718 0.2897269822339439 0.4774476930288074 -0.1888710948510095
FixedParameters: 0 0 0
#Transform 65
Transform: MatrixOffsetTransformBase_double_3_3
Parameters: 0.9999850480485564 0.000599694295561999 -0.005439813531583313 -0.0006691302176263846 0.9999196026202317 -0.012698757717910278 0.00543180736207193 0.012702258292430296 0.9999048243984379 0.19859637757154758 0.4051394541798743 -0.3966539175216752
FixedParameters: 0 0 0
#Transform 66
Transform: MatrixOffsetTransformBase_double_3_3
Parameters: 0.9999838492533303 0.000051997499646529036 -0.005669600303955445 -0.00011542508170845309 0.9999358216855648 -0.011304373019103517 0.005669268416115727 0.011304633692085661 0.9999204338312533 0.164367998411592 0.27154369680857826 -0.388627616667506
FixedParameters: 0 0 0
#Transform 67
Transform: MatrixOffsetTransformBase_double_3_3
Parameters: 0.9999904128510438 -0.0006301492686370984 -0.004264703100407849 0.0005715799844423757 0.9999058185395283 -0.013711396701767617 0.004273478671135596 0.013708595486376068 0.999896646804608 0.1285119202019871 0.1606527391396071 -0.6659261340575284
FixedParameters: 0 0 0
#Transform 68
Transform: MatrixOffsetTransformBase_double_3_3
Parameters: 0.999991058809834 -0.00014312011430063108 -0.004232984700414396 0.00009921760758512588 0.999946868950204 -0.010296313785169722 0.004234824518091779 0.010295685216389891 0.9999381680678123 0.08398618955899906 0.06131167105652935 -0.5284119529105453
FixedParameters: 0 0 0
#Transform 69
Transform: MatrixOffsetTransformBase_double_3_3
Parameters: 0.9999894603503529 -0.00009596339470697491 -0.004640041996186092 0.00004564806189343343 0.9999398107307749 -0.010953857870996161 0.004640885038326238 0.010953149923245045 0.9999296827197413 0.07639450317869034 0.18567151223810185 -0.5936870081254426
FixedParameters: 0 0 0
#Transform 70
Transform: MatrixOffsetTransformBase_double_3_3
Parameters: 0.9999872575119463 -0.0001916191693419051 -0.004970418739017825 0.00014100250739243535 0.9999490544608615 -0.010142247090343393 0.004972223207542697 0.0101417674391025 0.9999364760129684 0.08059793266259874 0.06918918874323765 -0.5830962010428209
FixedParameters: 0 0 0
#Transform 71
Transform: MatrixOffsetTransformBase_double_3_3
Parameters: 0.9999864891461454 -0.00027308748318064326 -0.005141895674148109 0.00021868905444916414 0.999943548541245 -0.010641537640381171 0.005143915432716335 0.010639475259440104 0.9999304920768347 0.0553639579070051 0.18937319313567968 -0.6158703713137186
FixedParameters: 0 0 0
#Transform 72
Transform: MatrixOffsetTransformBase_double_3_3
Parameters: 0.9999913464452995 -0.000042451252858999246 -0.00420141340837487 0.000002746210778644732 0.9999552059892296 -0.009522031022520902 0.004201579962686551 0.009521979815419385 0.9999457984741899 0.04746724444423478 0.06859396780242832 -0.630055709216478
FixedParameters: 0 0 0
#Transform 73
Transform: MatrixOffsetTransformBase_double_3_3
Parameters: 0.9999882349497955 -0.00029738801534242947 -0.004865832811252341 0.00025589817126488434 0.9999648311327908 -0.008376774328509418 0.004868220792988405 0.00837622131023194 0.9999530690538433 0.05395058549495957 0.23497367920280965 -0.5786465626276538
FixedParameters: 0 0 0
#Transform 74
Transform: MatrixOffsetTransformBase_double_3_3
Parameters: 0.9999909796644151 -0.00001216901337839423 -0.004125438038231509 -0.000023288535047543053 0.999962150908827 -0.00870190657221935 0.004125599559051642 0.008702091138862986 0.9999533756556213 0.04664088023538682 0.1699935061624842 -0.6458916194368953
FixedParameters: 0 0 0
#Transform 75
Transform: MatrixOffsetTransformBase_double_3_3
Parameters: 0.9999892602586399 -0.000018400644557997592 -0.004662636916637799 -0.000013182409395870974 0.9999770567080529 -0.006844686653574836 0.004662461561298356 0.006845318666683697 0.9999654938576437 0.07322618752668575 0.3002847833279958 -0.49940073678641284
FixedParameters: 0 0 0
#Transform 76
Transform: MatrixOffsetTransformBase_double_3_3
Parameters: 0.9999911905468153 0.000025626543387919352 -0.004219662869449583 -0.00005546214767333682 0.9999748159142039 -0.007136744310358517 0.00422012563626894 0.007136259254136398 0.9999655135924915 0.07485343046909065 0.317118705335119 -0.6348523844421408
FixedParameters: 0 0 0
#Transform 77
Transform: MatrixOffsetTransformBase_double_3_3
Parameters: 0.9999923487053914 -0.0005954799511104963 -0.00391145062072382 0.0005798828943517171 0.9999917587839664 -0.004005264821325294 0.003913076942367212 0.004002737009729168 0.9999845256281527 0.09788055616307645 0.40189503231219703 -0.3939106407480324
FixedParameters: 0 0 0
#Transform 78
Transform: MatrixOffsetTransformBase_double_3_3
Parameters: 0.999990054456379 -0.0007892945861309826 -0.00439587312407771 0.0007739526643572224 0.999993203125617 -0.0035351587769289206 0.0043983170356554045 0.0035318390903297803 0.9999838798914458 0.10731245821628477 0.35719862988267437 -0.34057295823313893
FixedParameters: 0 0 0
#Transform 79
Transform: MatrixOffsetTransformBase_double_3_3
Parameters: 0.9999914907397458 -0.0002930624905756455 -0.00405274216200607 0.00027189743670422546 0.9999856509866136 -0.005318090696158087 0.004053866233206031 0.005316905341330683 0.9999772875286193 0.09012369649275342 0.3033285163946289 -0.35941072826517484
FixedParameters: 0 0 0
#Transform 80
Transform: MatrixOffsetTransformBase_double_3_3
Parameters: 0.9999902503072833 0.000009779818113230389 -0.004443889007874908 -0.00003550159396257244 0.9999821888543357 -0.005964682652818409 0.004444060505440663 0.005964315466024009 0.9999719099598228 0.0868097682503759 0.25376355926289307 -0.46851364084378133
FixedParameters: 0 0 0
#Transform 81
Transform: MatrixOffsetTransformBase_double_3_3
Parameters: 0.999993824078841 -9.857409480167056e-8 -0.003629638979640278 -0.000019693512634547594 0.9999859523739199 -0.0053751562027634925 0.0036300280015557143 0.0053748483815655584 0.9999790898226671 0.0755120150106734 0.2610134461549194 -0.4091449658544235
FixedParameters: 0 0 0
#Transform 82
Transform: MatrixOffsetTransformBase_double_3_3
Parameters: 0.9999902818294806 -0.000179891787848582 -0.004322884247563764 0.00014350963973242594 0.999964763490625 -0.008380512117411351 0.004323869939199773 0.00838047735076329 0.9999550497432007 0.1081253919810905 0.3128049826890731 -0.5491698956152788
FixedParameters: 0 0 0
#Transform 83
Transform: MatrixOffsetTransformBase_double_3_3
Parameters: 0.9999957474487707 -0.000007725392957167062 -0.003041481872322299 -0.000011697765533368704 0.9999806330381754 -0.006190329292837318 0.003042082152130197 0.006190669536435156 0.9999764689257586 0.17969490690431655 0.43226727603961024 -0.24029373415926614
FixedParameters: 0 0 0
#Transform 84
Transform: MatrixOffsetTransformBase_double_3_3
Parameters: 0.9999972386652747 0.0005627835826075543 -0.0021080216519472512 -0.0005739819595928489 0.9999852811383023 -0.005400512420223394 0.002105403369107753 0.00540149305810711 0.9999836154005175 0.21046469472790363 0.46051750205246833 -0.19436514232512536
FixedParameters: 0 0 0
#Transform 85
Transform: MatrixOffsetTransformBase_double_3_3
Parameters: 0.9999989646671447 0.0008097815447020058 -0.0015424408128182855 -0.000818019226510138 0.9999849303936547 -0.005501730694851575 0.001538388230648732 0.0055032722705508075 0.9999834787403568 0.20960952303155977 0.45135766771478814 -0.18901203648113096
FixedParameters: 0 0 0
#Transform 86
Transform: MatrixOffsetTransformBase_double_3_3
Parameters: 0.99999433012132 0.00048322815503053923 -0.0033813960940664712 -0.0005068841862450033 0.9999762484623717 -0.006860611486741025 0.003378671396537926 0.006861388522604303 0.9999709336346448 0.14387493765417503 0.3509709758704673 -0.43582443256394754
FixedParameters: 0 0 0
#Transform 87
Transform: MatrixOffsetTransformBase_double_3_3
Parameters: 0.9999946700908335 0.000611974016145454 -0.0033098330611919112 -0.0006321098007029946 0.9999792596179768 -0.006327240982040114 0.00330615883970183 0.006329752770242794 0.9999743096592946 0.10558713760977412 0.34273363752825503 -0.3774877309068927
FixedParameters: 0 0 0
#Transform 88
Transform: MatrixOffsetTransformBase_double_3_3
Parameters: 0.9999950600890253 0.0008219288964148635 -0.0030438031031537575 -0.0008414172321879048 0.9999804660702651 -0.006123897565057129 0.0030383353104478593 0.006127093479785406 0.9999765496830822 0.10017532720672762 0.24564081378844094 -0.5518688124317919
FixedParameters: 0 0 0
#Transform 89
Transform: MatrixOffsetTransformBase_double_3_3
Parameters: 0.9999938792070291 0.000686044362733766 -0.00355656276799796 -0.0007058868661919802 0.9999836252461345 -0.005706827908986453 0.003552946425471162 0.005710172252241949 0.9999770792710273 0.07896983396430812 0.3137542541725509 -0.4302166728687382
FixedParameters: 0 0 0
#Transform 90
Transform: MatrixOffsetTransformBase_double_3_3
Parameters: 0.9999941593364917 0.0007432110689474447 -0.003207441530119971 -0.0007629432742903361 0.9999820583385255 -0.006003019848436417 0.0032029883546340113 0.0060059849520991415 0.999976992083388 0.07427989915370858 0.2649979741975983 -0.558832893594797
FixedParameters: 0 0 0
#Transform 91
Transform: MatrixOffsetTransformBase_double_3_3
Parameters: 0.9999933407050116 0.0005300690687048287 -0.003657767846999613 -0.0005527975313840432 0.9999809989178645 -0.006197197393621942 0.003654132688703915 0.006199811489647836 0.9999744979275063 0.09577713730986659 0.3286345527963448 -0.4101820083104144
FixedParameters: 0 0 0
#Transform 92
Transform: MatrixOffsetTransformBase_double_3_3
Parameters: 0.9999930243514138 0.0007051186641632328 -0.003532749839260844 -0.0007275662534749972 0.9999791194624829 -0.006396753291193713 0.003527651922623342 0.006399241420768975 0.9999730350112088 0.09562118361651528 0.3129968122779587 -0.5463953765477356
FixedParameters: 0 0 0
#Transform 93
Transform: MatrixOffsetTransformBase_double_3_3
Parameters: 0.999992909518544 0.0006506388984037789 -0.0038298236929356503 -0.0006775627357986665 0.9999748653521005 -0.0070194851268913505 0.003825036105452365 0.007022516834920126 0.9999684536838804 0.0940477472212109 0.2696940206420919 -0.48093187112395697
FixedParameters: 0 0 0
#Transform 94
Transform: MatrixOffsetTransformBase_double_3_3
Parameters: 0.9999934621472247 0.0005683507554606294 -0.0036351406398122273 -0.0005920929268893264 0.999978593346971 -0.006530051023670727 0.0036314996900716208 0.006531956546946466 0.9999725596305901 0.06334921375666624 0.26162842568945166 -0.6799887709782553
FixedParameters: 0 0 0
#Transform 95
Transform: MatrixOffsetTransformBase_double_3_3
Parameters: 0.9999950023114442 0.0009829205420130724 -0.003005834119502923 -0.0009970938904566163 0.9999870164405344 -0.004964585076087449 0.0029999910514399686 0.004968409624211231 0.9999826532258569 0.11304589911262042 0.2899797736698986 -0.4567364218291061
FixedParameters: 0 0 0
#Transform 96
Transform: MatrixOffsetTransformBase_double_3_3
Parameters: 0.9999935642547858 0.0019225588422876645 -0.003120564560939379 -0.0019391262238798777 0.999984988828739 -0.005134734084440068 0.003110794936217353 0.005140263308235429 0.9999817871013708 0.09092999900484244 0.2209352029018845 -0.4898921658291897
FixedParameters: 0 0 0
#Transform 97
Transform: MatrixOffsetTransformBase_double_3_3
Parameters: 0.9999908656972429 0.0012269451062691548 -0.004077971843921674 -0.0012538140773603493 0.9999757496983188 -0.006773046068740088 0.004069536321961497 0.006777943663441824 0.9999682997984474 0.02016752991008275 0.2585866195294244 -0.5222435689820628
FixedParameters: 0 0 0
#Transform 98
Transform: MatrixOffsetTransformBase_double_3_3
Parameters: 0.9999917123332734 0.0018443525918374222 -0.0037261517726590128 -0.001866024035423462 0.9999816779448691 -0.005818575365396678 0.0037158193945693715 0.005825430832586284 0.99997624211686 0.0022738854032127165 0.1644029698075542 -0.5694547700989006
FixedParameters: 0 0 0
#Transform 99
Transform: MatrixOffsetTransformBase_double_3_3
Parameters: 0.9999900799400132 0.0021454973255884214 -0.003784085241544175 -0.002169440042305665 0.9999781008267664 -0.006329441077171649 0.003769747703191087 0.0063375627885945 0.9999727514602528 -0.027373659525025573 0.25754966522261213 -0.5537280942386644
FixedParameters: 0 0 0
#Transform 100
Transform: MatrixOffsetTransformBase_double_3_3
Parameters: 0.9999883030878467 0.0024282436669339795 -0.004099003164986759 -0.0024512834347403846 0.9999805948450387 -0.005746445045653303 0.0040849211392808464 0.005756563432961562 0.9999755477670944 -0.05369850068360904 0.15717295974751266 -0.5126509034309095
FixedParameters: 0 0 0
#Transform 101
Transform: MatrixOffsetTransformBase_double_3_3
Parameters: 0.9999877950052025 0.002441869186358224 -0.00438657172362293 -0.0024777188048476593 0.9999642089621774 -0.008072512114122118 0.004366448220565443 0.008083487389184268 0.9999580749274714 -0.02070660378331013 0.21958406948485276 -0.5703345445557204
FixedParameters: 0 0 0
#Transform 102
Transform: MatrixOffsetTransformBase_double_3_3
Parameters: 0.9999863229465132 0.0023830395266660415 -0.004582306087419845 -0.0024095341845335326 0.9999808478399738 -0.00573231163844419 0.004568527816045248 0.00574368416777879 0.9999726248615985 0.0028571126879484154 0.20761095921918127 -0.4396136963474788
FixedParameters: 0 0 0
#Transform 103
Transform: MatrixOffsetTransformBase_double_3_3
Parameters: 0.9999760051346684 0.0015247465135123034 -0.0067579205437174935 -0.001578235189805251 0.9999675909218543 -0.007883919785316926 0.006745621068755563 0.007894074905078444 0.9999459381824449 -0.004859158905745176 0.162426902383487 -0.6548682826367553
FixedParameters: 0 0 0
#Transform 104
Transform: MatrixOffsetTransformBase_double_3_3
Parameters: 0.9999786397008472 0.0020791644358974567 -0.006248013747480412 -0.0021163167311699406 0.9999804138130902 -0.005926934442733595 0.006235405514966615 0.005940065830832425 0.9999628116585246 0.09825268096844297 0.2774299783441876 -0.2986635356657388
FixedParameters: 0 0 0
#Transform 105
Transform: MatrixOffsetTransformBase_double_3_3
Parameters: 0.9999712275154833 0.0016061048730060742 -0.00742910138779267 -0.0016828568407949373 0.9999451727076323 -0.010345642495830684 0.007412162710128581 0.010358357031695187 0.9999187181666837 0.07684372913975324 0.10102958664275263 -0.6827232531789633
FixedParameters: 0 0 0
#Transform 106
Transform: MatrixOffsetTransformBase_double_3_3
Parameters: 0.9999736535361345 0.0013880376111359697 -0.007100367571981005 -0.0014740787129800777 0.9999249979693348 -0.012128855728475205 0.007083555175215949 0.012139135124203407 0.9999011730721309 0.13709543762173837 0.42461324621879726 -0.06556197774469297
FixedParameters: 0 0 0
#Transform 107
Transform: MatrixOffsetTransformBase_double_3_3
Parameters: 0.9999809965458215 0.0003923206278858434 -0.006152487560854281 -0.0004850025767811969 0.9998861699614241 -0.015061837911088519 0.0061452396303066535 0.015064164156361137 0.9998680085600254 0.1652687934228112 0.40604644959542213 -0.11441316879782448
FixedParameters: 0 0 0
#Transform 108
Transform: MatrixOffsetTransformBase_double_3_3
Parameters: 0.9999780722868897 0.0017909093062940928 -0.006459024737813279 -0.001897468330756626 0.9998619771041067 -0.016476751558974004 0.006428666700846211 0.0164882411133474 0.9998437066789942 0.2477538187760615 0.3679200468222348 -0.2000920905542216
FixedParameters: 0 0 0
#Transform 109
Transform: MatrixOffsetTransformBase_double_3_3
Parameters: 0.999979574828245 0.003534416715921451 -0.005378714033304416 -0.0036511475609805064 0.9997529843435117 -0.02190806596678982 0.005300564078655413 0.021926931228902435 0.9997457115716384 0.3646625491127793 0.576541063800974 0.5375744554057746
FixedParameters: 0 0 0
#Transform 110
Transform: MatrixOffsetTransformBase_double_3_3
Parameters: 0.9999834394251148 0.001605206415039401 -0.0055664435865840365 -0.0017227689835927823 0.9997738566726794 -0.021181106772733493 0.005530883545676249 0.02118986478606466 0.9997598242561467 0.2000190583245285 0.3270734486825546 -0.3687907260632102
FixedParameters: 0 0 0
#Transform 111
Transform: MatrixOffsetTransformBase_double_3_3
Parameters: 0.9999741734103755 0.0015264668112602484 -0.007035467213123029 -0.001658087908357194 0.999821323769972 -0.018842071083862558 0.0070053307717567615 0.01885292700182717 0.9997973208517741 0.10402481042724787 0.31676430146261225 -0.19747845031308486
FixedParameters: 0 0 0
#Transform 112
Transform: MatrixOffsetTransformBase_double_3_3
Parameters: 0.9999715296325652 0.0015307104628308897 -0.007357360018646994 -0.0016710851513577947 0.9998166169018444 -0.01909421849311574 0.007326167503641959 0.01910577636285292 0.9997902159704738 0.053783238776532016 0.13586287192501345 -0.5717624192295432
FixedParameters: 0 0 0
#Transform 113
Transform: MatrixOffsetTransformBase_double_3_3
Parameters: 0.9999730003675249 0.001735342174539433 -0.007210132642202531 -0.001867560838341096 0.9998308161312263 -0.018318138967258882 0.007177230774865735 0.01833088338467742 0.9998065436035757 0.020332816358944683 0.14405211607552815 -0.37098250243990094
FixedParameters: 0 0 0
#Transform 114
Transform: MatrixOffsetTransformBase_double_3_3
Parameters: 0.9999689399256376 0.0013787030284006419 -0.007756136932991247 -0.0015446300658693082 0.9997688093834669 -0.021467161473332316 0.007724887832290777 0.02147887631202447 0.9997398296338382 -0.013000865230182512 -0.0480852750531966 -0.6192255905060051
FixedParameters: 0 0 0
#Transform 115
Transform: MatrixOffsetTransformBase_double_3_3
