#Insight Transform File V1.0
#Transform 0
Transform: MatrixOffsetTransformBase_double_3_3
Parameters: 0.9999984262869998 0.000832235371871983 0.0016970362654435008 -0.0008349594910285274 0.9999978624220495 0.0018936980881079368 -0.001696382755609888 -0.00189530209085359 0.9999963855913738 0.3643155260596842 0.1970093899844585 -0.31979411300910954
FixedParameters: 0 0 0
#Transform 1
Transform: MatrixOffsetTransformBase_double_3_3
Parameters: 0.9999959474127817 0.0010259581380089656 0.002645735990994171 -0.0010300974108273812 0.9999978681496724 0.0015057808475487655 -0.0026441500276742783 -0.0015092178121213218 0.999995534141401 0.3851772792192065 0.13999880422078093 -0.40589771456237145
FixedParameters: 0 0 0
#Transform 2
Transform: MatrixOffsetTransformBase_double_3_3
Parameters: 0.9999973229068654 0.0011596932313177619 0.0020813872349645947 -0.001164212068519657 0.9999970365136974 0.002213808419537111 -0.002078875292844497 -0.0022161929673040204 0.9999954739141435 0.3552273130784016 0.2213379530590629 -0.35232229670623383
FixedParameters: 0 0 0
#Transform 3
Transform: MatrixOffsetTransformBase_double_3_3
Parameters: 0.9999971222118129 0.0007156555480760164 0.0020893080318027594 -0.0007198805327975641 0.9999979253115066 0.001928742121356436 -0.002088051708700789 -0.0019302569392771474 0.9999957509454607 0.3335013762047794 0.18944780667118266 -0.3957918227632149
FixedParameters: 0 0 0
#Transform 4
Transform: MatrixOffsetTransformBase_double_3_3
Parameters: 0.9999978099471526 0.001234297117797526 0.0016328155762760249 -0.0012313740719725606 0.9999976431766748 -0.002028921128674005 -0.0016353109756619385 0.002027082728985663 0.9999969411779084 0.321013466520796 0.23789418202291301 -0.4725929988094322
FixedParameters: 0 0 0
#Transform 5
Transform: MatrixOffsetTransformBase_double_3_3
Parameters: 0.9999979795992167 0.0009230032326775662 0.0017802091975739523 -0.0009243840772096945 0.9999988660491158 0.0006655972199077764 -0.0017791084394652053 -0.0006674013797478284 0.9999982251057917 0.349989879539919 0.1280290290012971 -0.31853053456840996
FixedParameters: 0 0 0
#Transform 6
Transform: MatrixOffsetTransformBase_double_3_3
Parameters: 0.9999970417672707 0.0009234740610658274 0.0022591329944267997 -0.0009251072878938396 0.9999991509114244 0.0005512656994521581 -0.0022592345481697155 -0.0005527336802630123 0.9999972814474989 0.33466215591957393 0.19129226303088842 -0.4125625070924741
FixedParameters: 0 0 0
#Transform 7
Transform: MatrixOffsetTransformBase_double_3_3
Parameters: 0.9999975299302417 0.0011953112863735762 0.0017442152486459442 -0.0011972405586715964 0.9999979876483952 0.001368139407844693 -0.0017423228634018562 -0.001369860785642718 0.9999977939538395 0.3262384726858585 0.18935576968924295 -0.331900942605202
FixedParameters: 0 0 0
#Transform 8
Transform: MatrixOffsetTransformBase_double_3_3
Parameters: 0.9999973559994586 0.001286861304921479 0.0017284544178053293 -0.0012827667339127466 0.9999965445814961 -0.002255126199571078 -0.0017317413804556995 0.0022528711462541373 0.9999956503672449 0.307339005701607 0.2527048833431138 -0.46573148679379983
FixedParameters: 0 0 0
#Transform 9
Transform: MatrixOffsetTransformBase_double_3_3
Parameters: 0.9999993436776294 0.0008802074490373471 0.0009387557948844456 -0.0008808830148804388 0.9999996841057017 0.000818157117934204 -0.0009384363135581348 -0.0008188441439701821 0.9999993196857698 0.3357378419279229 0.15257390522101844 -0.32193319018355737
FixedParameters: 0 0 0
#Transform 10
Transform: MatrixOffsetTransformBase_double_3_3
Parameters: 0.9999983184393957 0.0015244640199403312 0.0011645636279813097 -0.001524740177036122 0.9999988401572167 -0.0003078103174451452 -0.0011653692102321955 0.0003061899462080686 0.9999992897839091 0.3158763097356001 0.27201460329847293 -0.33386766677733704
FixedParameters: 0 0 0
#Transform 11
Transform: MatrixOffsetTransformBase_double_3_3
Parameters: 0.9999980197412865 0.0015376774342955452 0.0012706911287758045 -0.0015357544352636264 0.9999975776297423 -0.0018229904291839072 -0.0012739164666946726 0.0018210119348028575 0.9999978027273688 0.3099554981529451 0.16426712688748069 -0.4601749369628436
FixedParameters: 0 0 0
#Transform 12
Transform: MatrixOffsetTransformBase_double_3_3
Parameters: 0.9999979540645619 0.0015541973449183669 0.0012769089145060282 -0.0015529169228934113 0.9999981430325993 -0.000839018098262756 -0.0012783907090341108 0.0008369801387876075 0.9999984065440444 0.3334011896296545 0.2868444797752261 -0.30750701592427276
FixedParameters: 0 0 0
#Transform 13
Transform: MatrixOffsetTransformBase_double_3_3
Parameters: 0.9999988134526124 0.0014906311801522938 0.0009822156326197945 -0.001490320385472199 0.9999989589002393 0.0002795026481224039 -0.0009825029374891307 -0.0002804991615094621 0.9999996977517426 0.3250565253757145 0.16679889391535596 -0.39946870008934354
FixedParameters: 0 0 0
#Transform 14
Transform: MatrixOffsetTransformBase_double_3_3
Parameters: 0.9999980287668608 0.0014689283517727136 0.0009013297565094857 -0.0014695330373959115 0.999999031008964 0.000262641899136995 -0.0009015483865006559 -0.00026335889261233647 0.9999998594196428 0.32829082684502 0.24040760400369265 -0.2892875157267838
FixedParameters: 0 0 0
#Transform 15
Transform: MatrixOffsetTransformBase_double_3_3
Parameters: 0.999998745796481 0.001289753907996541 0.0007681137196533154 -0.0012882680693966878 0.9999954850373696 -0.0026430092630784496 -0.0007715602479216942 0.0026419905262394516 0.9999962951149457 0.33605612927912887 0.1940119976800645 -0.4817626602622198
FixedParameters: 0 0 0
#Transform 16
Transform: MatrixOffsetTransformBase_double_3_3
Parameters: 0.9999992534863547 0.0010733734542156777 0.0007709627997815309 -0.0010741246343719754 0.9999997388156867 0.00048715571233598487 -0.000769915895103011 -0.00048784430309853355 1.0000000393583137 0.3282001538095898 0.17652570037313353 -0.2985939450271644
FixedParameters: 0 0 0
#Transform 17
Transform: MatrixOffsetTransformBase_double_3_3
Parameters: 0.9999995447291886 0.0009537701306089926 0.0007386564260205416 -0.0009517032961302495 0.9999965386772234 -0.0025607066857636362 -0.0007412905084950326 0.0025592966807415907 0.9999968988175518 0.3251601784117497 0.19175653017721572 -0.48165167085706173
FixedParameters: 0 0 0
#Transform 18
Transform: MatrixOffsetTransformBase_double_3_3
Parameters: 0.9999997469113834 0.0008803728934838876 0.0006913983025637364 -0.0008810707578277936 0.9999989693033641 0.0005043907004172454 -0.0006905087744728394 -0.0005056077763886113 0.9999992675590413 0.3321850820411356 0.1552820027770565 -0.3230670294964
FixedParameters: 0 0 0
#Transform 19
Transform: MatrixOffsetTransformBase_double_3_3
Parameters: 0.9999986952240407 0.0013521624641339037 0.0006909308264025167 -0.0013497565152570884 0.9999954947885397 -0.0027920824075594874 -0.0006942464205694044 0.002790918188392999 0.9999956154501525 0.3324094268497788 0.19374325213922816 -0.5190161938091791
FixedParameters: 0 0 0
#Transform 20
Transform: MatrixOffsetTransformBase_double_3_3
Parameters: 0.9999997849868734 0.0010633663297353146 0.0002910207190539119 -0.0010628508007747464 0.9999994158431307 -0.0006614390936951486 -0.00029143470535106106 0.0006605610604483447 0.9999994953013862 0.3268260235386862 0.16484127052257236 -0.35135481318458517
FixedParameters: 0 0 0
#Transform 21
Transform: MatrixOffsetTransformBase_double_3_3
Parameters: 0.9999988331903938 0.0009995118891926267 0.0010804114952495444 -0.0009978767489400553 0.9999985318602246 -0.001613097413013631 -0.0010823797925265692 0.0016119033675114913 0.9999981010103219 0.33154714656701856 0.1048872560883467 -0.48654906005263854
FixedParameters: 0 0 0
#Transform 22
Transform: MatrixOffsetTransformBase_double_3_3
Parameters: 0.9999985230232531 0.0012165822488238122 0.0009979487983887065 -0.0012151017774971943 0.9999978705775666 -0.0016682316816759024 -0.0010007511419516074 0.0016667674984382208 0.999998091327218 0.3478121988817833 0.18416417305108723 -0.3486647013832709
FixedParameters: 0 0 0
#Transform 23
Transform: MatrixOffsetTransformBase_double_3_3
Parameters: 0.9999989324131117 0.0011449581571021468 0.0008704354928957361 -0.001142167461443012 0.999996503975927 -0.0025140154498262957 -0.0008729488092667133 0.0025129877003517986 0.9999967930384883 0.3396997818709764 0.1645807100591128 -0.48105451822848977
FixedParameters: 0 0 0
#Transform 24
Transform: MatrixOffsetTransformBase_double_3_3
Parameters: 0.9999992836935091 0.001202178563396212 0.0005206469671202951 -0.0012022790270543571 0.99999965770628 0.00009622768601216802 -0.0005204149384804868 -0.00009677217394321591 0.9999996073629295 0.3413540243512756 0.20174039582771286 -0.32304336541162115
FixedParameters: 0 0 0
#Transform 25
Transform: MatrixOffsetTransformBase_double_3_3
Parameters: 0.9999983682997202 0.0015112282884349037 0.0005895272001999951 -0.0015100010813307147 0.9999938444246883 -0.003000910217292957 -0.0005932436241528946 0.0030000894257126154 0.9999955178234327 0.3365872291961409 0.20622997232632656 -0.4811020712686087
FixedParameters: 0 0 0
#Transform 26
Transform: MatrixOffsetTransformBase_double_3_3
Parameters: 0.9999992667537003 0.0010080565123445273 0.0008468478266824828 -0.0010073543171364278 0.9999992629332722 -0.0009228711732549022 -0.0008475850743229076 0.0009221296087988939 0.9999993018061414 0.34683044161694454 0.20811831542437176 -0.3279001282407279
FixedParameters: 0 0 0
#Transform 27
Transform: MatrixOffsetTransformBase_double_3_3
Parameters: 0.9999993898305759 0.001234980017168617 0.00029183095677234763 -0.001233860625951241 0.9999949035261888 -0.002925490789330354 -0.0002959474750421995 0.002924506399654886 0.9999953750193724 0.3425435823784113 0.20246031803856113 -0.4697907438230544
FixedParameters: 0 0 0
#Transform 28
Transform: MatrixOffsetTransformBase_double_3_3
Parameters: 0.9999986719577056 0.0012991153584199788 0.0007994729358795647 -0.0012990272212449192 0.9999989868720236 -0.000675056617208375 -0.0008010948598963366 0.0006739432895334074 0.9999997751846953 0.33147394878551495 0.17218627120733743 -0.3512633918775947
FixedParameters: 0 0 0
#Transform 29
Transform: MatrixOffsetTransformBase_double_3_3
Parameters: 0.9999991420700692 0.0012989485374059002 0.0004114400046756469 -0.001298356357692263 0.9999929091619102 -0.003676686096958176 -0.00041663167903992687 0.0036763178223352955 0.9999931994856139 0.3194090934656515 0.2655677509047365 -0.4839515105280441
FixedParameters: 0 0 0
#Transform 30
Transform: MatrixOffsetTransformBase_double_3_3
Parameters: 0.9999983619177693 0.001371748764772184 0.000869354197390437 -0.0013700870740190351 0.9999963134427917 -0.0024372131574929845 -0.0008726687863763364 0.0024357909063383865 0.9999971753753709 0.32771071521354145 0.10382109747479262 -0.4189723563893324
FixedParameters: 0 0 0
#Transform 31
Transform: MatrixOffsetTransformBase_double_3_3
Parameters: 0.9999980770588186 0.0015124989861736535 0.0007975315408517719 -0.00150922850961192 0.999992635115231 -0.003495226946805069 -0.0008027422110085793 0.003493775063029947 0.9999940187836837 0.32159603671262005 0.18810439630529174 -0.4605381909631916
FixedParameters: 0 0 0
#Transform 32
Transform: MatrixOffsetTransformBase_double_3_3
Parameters: 0.999999453853042 0.0010300929189451904 0.0006969050562072493 -0.0010277723761484055 0.9999952222931621 -0.002801733722853278 -0.0006994347904704198 0.00280126290339916 0.9999955347281377 0.31076443455606295 0.11787044030309346 -0.44636778679861777
FixedParameters: 0 0 0
#Transform 33
Transform: MatrixOffsetTransformBase_double_3_3
Parameters: 0.9999986055768892 0.0013081213436296187 0.0008255079096876931 -0.0013063825518909633 0.9999941259895229 -0.0032091009401523096 -0.0008304001403631516 0.003207902168979926 0.9999948905677061 0.3103815524709006 0.1903759531467415 -0.3705842101410326
FixedParameters: 0 0 0
#Transform 34
Transform: MatrixOffsetTransformBase_double_3_3
Parameters: 0.9999973443162897 0.0018823754029653264 0.0010544656405296667 -0.00187974388056485 0.999993813056294 -0.002813022088271888 -0.0010595654292907997 0.0028109773061153753 0.9999957165241898 0.3230560401500071 0.1683949223299379 -0.4601036922583148
FixedParameters: 0 0 0
#Transform 35
Transform: MatrixOffsetTransformBase_double_3_3
Parameters: 0.999998402580325 0.00161932695193986 0.0009874130113028431 -0.0016158833406996237 0.9999918333403304 -0.0038467675228365528 -0.0009932543848374363 0.0038452366033960572 0.9999919856563879 0.28862611994711074 0.26042970070454885 -0.4593772853216507
FixedParameters: 0 0 0
#Transform 36
Transform: MatrixOffsetTransformBase_double_3_3
Parameters: 0.9999992775069219 0.001195140330275252 0.0005422107577413139 -0.001193376182899827 0.9999942013275216 -0.0030826656354538684 -0.0005463379959649338 0.003082331546586742 0.9999950725224036 0.3093411543949145 0.11609581397659952 -0.41718861542568675
FixedParameters: 0 0 0
#Transform 37
Transform: MatrixOffsetTransformBase_double_3_3
Parameters: 0.9999974979803186 0.0018134520672013973 0.0011012778546616326 -0.0018098742804984027 0.9999907573761003 -0.003900163672415219 -0.0011076820010522048 0.003897834792505689 0.9999913360586242 0.2974467165898744 0.1905690686178474 -0.47271822509712536
FixedParameters: 0 0 0
#Transform 38
Transform: MatrixOffsetTransformBase_double_3_3
Parameters: 0.9999985598136482 0.0017002415208510614 0.0007407942292569344 -0.0016972137966252629 0.9999899671096171 -0.004170427489788797 -0.0007484909202759412 0.004169570616889634 0.9999908147308879 0.2929239630953191 0.12497104360286926 -0.5953322050104219
FixedParameters: 0 0 0
#Transform 39
Transform: MatrixOffsetTransformBase_double_3_3
Parameters: 0.9999984996803969 0.001409488298333269 0.0007177365970703735 -0.001405671002325109 0.9999908715073383 -0.0041701791048271986 -0.0007231356189006224 0.004169823981340942 0.9999908501877641 0.2819097636835721 0.16929309022397376 -0.5348580560687424
FixedParameters: 0 0 0
#Transform 40
Transform: MatrixOffsetTransformBase_double_3_3
Parameters: 0.9999994328864191 0.00113641014807442 0.0005252361599756313 -0.0011338095843891334 0.9999881019126834 -0.004662613773586732 -0.000530472316677383 0.004662381343651267 0.999988852930862 0.281627462615873 0.14647745857718064 -0.6171680467092671
FixedParameters: 0 0 0
#Transform 41
Transform: MatrixOffsetTransformBase_double_3_3
Parameters: 0.999998453998394 0.0014583357605551376 0.0006465211824179246 -0.0014562402178335046 0.9999906705035422 -0.004162094938072791 -0.0006531709298988058 0.0041609080074122284 0.9999911471461962 0.27808136394870075 0.1425445378887673 -0.49790544101178114
FixedParameters: 0 0 0
#Transform 42
Transform: MatrixOffsetTransformBase_double_3_3
Parameters: 0.9999993265485964 0.0012818291195330358 0.0001719620479841063 -0.0012817041968849014 0.9999900097673895 -0.004165223124628359 -0.00017742094190557322 0.004164775293460349 0.999991622173156 0.29641102306504763 0.21061309276271345 -0.5324685786658421
FixedParameters: 0 0 0
#Transform 43
Transform: MatrixOffsetTransformBase_double_3_3
Parameters: 0.9999983316915537 0.0014073305702530317 0.0008292341338592343 -0.0014039524018623565 0.9999909890726774 -0.004021188624507177 -0.0008350576287946348 0.004019815137874028 0.999992013611146 0.26140267323509647 0.15064709679730015 -0.36689834036155844
FixedParameters: 0 0 0
#Transform 44
Transform: MatrixOffsetTransformBase_double_3_3
Parameters: 0.999998241978207 0.0017832348005622086 0.0007604957837700729 -0.0017805594818912918 0.999991996539719 -0.0037515285831593304 -0.000766401416215333 0.0037504808315064198 0.9999931052763559 0.2926574732798741 0.2376252491089872 -0.43574982630396164
FixedParameters: 0 0 0
#Transform 45
Transform: MatrixOffsetTransformBase_double_3_3
Parameters: 0.9999986252386134 0.0009820488507955927 0.0011875776358202604 -0.0009808893102783633 0.9999990744312627 -0.00048806991959574053 -0.0011885355499749977 0.0004879285062097949 0.999999074520413 0.3267797665645986 0.15884524013644352 -0.3063790927379415
FixedParameters: 0 0 0
#Transform 46
Transform: MatrixOffsetTransformBase_double_3_3
Parameters: 0.9999996533625244 0.0011225299962721062 0.00029496414533569594 -0.0011218269802021562 0.9999989321331705 -0.0009683489643328713 -0.00029614636266706116 0.0009686515583374189 0.9999998452434996 0.2911951788126572 0.19679431535726621 -0.3236260917998379
FixedParameters: 0 0 0
#Transform 47
Transform: MatrixOffsetTransformBase_double_3_3
Parameters: 0.999997893718475 0.0017097710049448404 0.0010870700490936346 -0.001706965473644954 0.9999936825671704 -0.003263026773959038 -0.0010926056315475286 0.0032609761038359386 0.9999939297757107 0.3032642223677158 0.31042713820660595 -0.22349909669036094
FixedParameters: 0 0 0
#Transform 48
Transform: MatrixOffsetTransformBase_double_3_3
Parameters: 0.9999981004647605 0.001640659232274369 0.0010987429305931054 -0.0016395201419752412 0.9999976890171021 -0.0016929685131360228 -0.0011009270920843226 0.00169103388389083 0.9999976857062224 0.29668997786168916 0.25208291889113355 -0.3167274222274301
FixedParameters: 0 0 0
#Transform 49
Transform: MatrixOffsetTransformBase_double_3_3
Parameters: 0.9999984554654394 0.0015172686649677846 0.0011145711190752366 -0.0015150475012682102 0.9999963289704449 -0.002152725650284293 -0.0011177307637125842 0.0021512729717318158 0.9999968642710865 0.2852351819194183 0.28519540917419306 -0.1944348817183652
FixedParameters: 0 0 0
#Transform 50
Transform: MatrixOffsetTransformBase_double_3_3
Parameters: 0.9999988548795524 0.0015714418609919427 0.0008215874588312164 -0.0015686915551747212 0.9999921305510496 -0.0036774407195383496 -0.000827652879220756 0.0036755583960395577 0.9999926909146968 0.28781889049160725 0.20725556523171917 -0.4037476079468689
FixedParameters: 0 0 0
#Transform 51
Transform: MatrixOffsetTransformBase_double_3_3
Parameters: 0.9999975691690813 0.0018091929073088436 0.0010762226608123427 -0.0018070833578239514 0.9999970243205547 -0.0017181118345127033 -0.0010791964336175164 0.0017158875612561242 0.9999976486607839 0.3275255812700806 0.23430996079254385 -0.2276742455923113
FixedParameters: 0 0 0
#Transform 52
Transform: MatrixOffsetTransformBase_double_3_3
Parameters: 0.9999991833588927 0.0012230089877325963 0.0005660103748863594 -0.0012212668450633814 0.9999918902319681 -0.0036906926680347063 -0.0005706724323708907 0.003689303476972272 0.9999930608366233 0.32364034124721286 0.22648083063150182 -0.36607563647001484
FixedParameters: 0 0 0
#Transform 53
Transform: MatrixOffsetTransformBase_double_3_3
Parameters: 0.9999989151850708 0.0011918365856303334 0.0008148674571369735 -0.001190563743600241 0.9999961290377565 -0.0023629881793595375 -0.0008171299756443316 0.0023620100647014364 0.9999966233177677 0.3329333091611346 0.2213962606716251 -0.24603208219036787
FixedParameters: 0 0 0
#Transform 54
Transform: MatrixOffsetTransformBase_double_3_3
Parameters: 0.9999993291836666 0.0012368184595149727 0.0003760671840058815 -0.0012351161200588564 0.999991399225288 -0.004007597680186076 -0.00038075399203810515 0.004006403447139789 0.9999918177138285 0.32046214778540616 0.2440956212282117 -0.4095413985497629
FixedParameters: 0 0 0
#Transform 55
Transform: MatrixOffsetTransformBase_double_3_3
Parameters: 0.9999994692270728 0.0011672572193879615 0.00040958360309472155 -0.0011661887193008336 0.9999941887918932 -0.0032306088944407396 -0.00041388527140892004 0.0032293893100385496 0.9999944145788766 0.31829933165542457 0.1653094553512915 -0.3659541840284817
FixedParameters: 0 0 0
#Transform 56
Transform: MatrixOffsetTransformBase_double_3_3
Parameters: 0.9999996631922958 0.001102798990599766 0.00034785312299167253 -0.0011013380384801593 0.9999919656717282 -0.003991533814042381 -0.00035143269012243245 0.003991470254921331 0.9999918332225121 0.3162411808998229 0.27505785361438484 -0.4148034205511095
FixedParameters: 0 0 0
#Transform 57
Transform: MatrixOffsetTransformBase_double_3_3
Parameters: 1.0000000397298716 0.0007638623694081512 0.000613275799724733 -0.0007643703682914161 0.9999992608908262 -0.00039446870881193474 -0.0006137473980578085 0.00039353112016932146 0.9999994683670725 0.32064272915881986 0.11768674149155345 -0.22811563897904819
FixedParameters: 0 0 0
#Transform 58
Transform: MatrixOffsetTransformBase_double_3_3
Parameters: 0.9999998903912207 0.001005275005378108 0.0003137754968237003 -0.0010044207496623279 0.9999920210539317 -0.0038693191521472214 -0.00031831566068430225 0.003868683991839622 0.9999929308828496 0.31320249142591194 0.1839080670776383 -0.4130744097242882
FixedParameters: 0 0 0
#Transform 59
Transform: MatrixOffsetTransformBase_double_3_3
Parameters: 0.9999997048433343 0.0010810105273737392 0.00035646641004717547 -0.0010805438407069136 0.9999997219821549 -0.00047153199087340836 -0.0003564941395434355 0.00047146854615434663 0.9999995382364415 0.28328182038769967 0.15203931919725733 -0.25640002379806504
FixedParameters: 0 0 0
#Transform 60
Transform: MatrixOffsetTransformBase_double_3_3
Parameters: 0.9999992364803482 0.0012110524635290634 0.0005443215042266987 -0.0012093753558705706 0.9999923857469417 -0.003776807524267428 -0.0005491049290274076 0.0037761913439224026 0.9999923267191057 0.30100653746254125 0.2530292166410675 -0.3154825314534975
FixedParameters: 0 0 0
#Transform 61
Transform: MatrixOffsetTransformBase_double_3_3
Parameters: 0.9999983994224845 0.001536612255370497 0.0004890295575697484 -0.001535036181606965 0.9999910978528916 -0.0038307728009850384 -0.0004944553131995541 0.0038302282587097947 0.999992955978561 0.2881075183108379 0.21554664727065642 -0.332823863511976
FixedParameters: 0 0 0
#Transform 62
Transform: MatrixOffsetTransformBase_double_3_3
Parameters: 0.9999991592814406 0.001324239124780958 -0.00029662202713152437 -0.0013245708079207372 0.9999944069267247 -0.0031337402055081065 0.0002921558825603156 0.00313426116566079 0.9999951083811867 0.2543883300194949 0.2884355847523494 -0.13249571614117883
FixedParameters: 0 0 0
#Transform 63
Transform: MatrixOffsetTransformBase_double_3_3
Parameters: 0.999999740425546 0.0011107182200366882 0.00016133335979239558 -0.0011099553165552466 0.9999925446982216 -0.003769311478652476 -0.0001656068053290846 0.003768689641243439 0.999992784891299 0.27646061013770407 0.28139092337821126 -0.3565957617968536
FixedParameters: 0 0 0
#Transform 64
Transform: MatrixOffsetTransformBase_double_3_3
Parameters: 0.9999993887607098 0.0007789207260648238 0.0000685007682430652 -0.0007785324715745154 0.9999980801118742 -0.001855071401330649 -0.00007039918279966194 0.0018559291608169215 0.999998422880668 0.277756856086981 0.26056813691442926 -0.12863686862534962
FixedParameters: 0 0 0
#Transform 65
Transform: MatrixOffsetTransformBase_double_3_3
Parameters: 0.9999996043717813 0.0006038523578543386 -0.00017524259402047673 -0.0006050967154181317 0.9999885068816432 -0.004703893362092135 0.00017253000026066107 0.004704103580087035 0.9999888420233595 0.27511759581967965 0.2805746021236075 -0.4342811996564251
FixedParameters: 0 0 0
#Transform 66
Transform: MatrixOffsetTransformBase_double_3_3
Parameters: 0.9999992970411266 0.0008080484280039199 -0.00022446977575450358 -0.0008087185974608112 0.9999872480986657 -0.004908817985624092 0.0002203682665919303 0.004909177583386132 0.9999878521034146 0.28692854794329037 0.1948609038182525 -0.3097836382130055
FixedParameters: 0 0 0
#Transform 67
Transform: MatrixOffsetTransformBase_double_3_3
Parameters: 0.9999997232735631 0.00044136029763444017 -0.0002862743629856191 -0.00044276589177193133 0.9999890795420969 -0.004660874530732009 0.0002840057881828824 0.004661126628782347 0.9999891936450661 0.28190923299985116 0.21604249894193117 -0.5753251462049604
FixedParameters: 0 0 0
#Transform 68
Transform: MatrixOffsetTransformBase_double_3_3
Parameters: 0.9999996894925146 0.0001441110482312528 -0.000538194241623445 -0.00014591666489513141 0.9999937147591706 -0.0036419241495420918 0.0005378683502865627 0.003642080191197078 0.999993446299662 0.2697340207978698 0.1162359948544065 -0.3842907652216354
FixedParameters: 0 0 0
#Transform 69
Transform: MatrixOffsetTransformBase_double_3_3
Parameters: 0.9999991407523143 0.0006330424766740423 -0.0006768869026234934 -0.0006353220251596383 0.9999937504176496 -0.003441570484985612 0.0006752344608690487 0.0034424279764483923 0.999993695536636 0.29143777023450923 0.09425045008998723 -0.4285263271303421
FixedParameters: 0 0 0
#Transform 70
Transform: MatrixOffsetTransformBase_double_3_3
Parameters: 0.9999988675162689 0.0009505964162419303 -0.0004783397911519089 -0.0009522198627240037 0.9999941533922162 -0.0031525447006499896 0.00047518399935231765 0.003153451892219522 0.9999948312617182 0.27401787584356896 0.19019096868609608 -0.20092033956655087
FixedParameters: 0 0 0
#Transform 71
Transform: MatrixOffsetTransformBase_double_3_3
Parameters: 0.9999995894210517 0.0005710266394252601 -0.0002906451806416839 -0.0005721583854684621 0.9999908031957468 -0.004341963754020434 0.0002885252586436462 0.004342035982591141 0.9999900801171795 0.2779523472073606 0.23341545181064305 -0.3993538586507981
FixedParameters: 0 0 0
#Transform 72
Transform: MatrixOffsetTransformBase_double_3_3
Parameters: 0.9999999143379799 0.0009547549478766558 -0.0004174265444463369 -0.00095605734288296 0.9999945110546612 -0.0032297151320017647 0.00041409936652856034 0.0032292848312752975 0.9999945438830766 0.2567147537818357 0.21142850480082132 -0.18664464230022304
FixedParameters: 0 0 0
#Transform 73
Transform: MatrixOffsetTransformBase_double_3_3
Parameters: 0.9999992139599416 0.0007486628895160865 -0.0004754361310752242 -0.0007505792997737036 0.9999898818994117 -0.004531774647083625 0.00047135480372896115 0.0045322255635370234 0.9999892537927447 0.2572299348297662 0.29836402743069357 -0.4183990951233625
FixedParameters: 0 0 0
#Transform 74
Transform: MatrixOffsetTransformBase_double_3_3
Parameters: 0.9999987755846205 0.001448191120675425 0.0003569325425221581 -0.0014471926774891775 0.9999960673755152 -0.0022285358919762743 -0.00036028005932676246 0.002228463511354112 0.9999977757684322 0.24969573716664684 0.23780038498344425 -0.24298931811242142
FixedParameters: 0 0 0
#Transform 75
Transform: MatrixOffsetTransformBase_double_3_3
Parameters: 0.999999694139919 0.0010587799351769237 -0.00042956342904818727 -0.0010607600916225054 0.9999908906376467 -0.004238678116840339 0.00042540535668361804 0.004239325369111258 0.9999908650724086 0.2707439126263722 0.3068963617485849 -0.34522285355414795
FixedParameters: 0 0 0
#Transform 76
Transform: MatrixOffsetTransformBase_double_3_3
Parameters: 0.9999994246836439 0.0012085936848976943 -0.0003396000695594998 -0.001208811516785686 0.9999969193000894 -0.0023667222052631554 0.0003367218677814465 0.002367280857006715 0.9999972999783924 0.27798673005901264 0.24044648238739796 -0.2803955562337421
FixedParameters: 0 0 0
#Transform 77
Transform: MatrixOffsetTransformBase_double_3_3
Parameters: 0.9999994493992281 0.0011042858058496706 -0.0005756541090379317 -0.0011071198186920466 0.9999879596329283 -0.0047744930442539385 0.0005697907505891928 0.004775500752279435 0.9999878882686265 0.27342290470093644 0.23507016759840837 -0.5867451800271226
FixedParameters: 0 0 0
#Transform 78
Transform: MatrixOffsetTransformBase_double_3_3
Parameters: 0.9999992309766544 0.001104705222454187 -0.0007407479847963119 -0.001108634519546943 0.9999855067849163 -0.005209166230761647 0.0007347745934770187 0.005209833229646216 0.9999864460219567 0.28698468332406435 0.06700274068934675 -0.7278824808646789
FixedParameters: 0 0 0
#Transform 79
Transform: MatrixOffsetTransformBase_double_3_3
Parameters: 0.9999994342093094 0.0009545595208774712 -0.0008087082437767243 -0.0009569546189171479 0.9999947549735281 -0.0030332114871766958 0.0008066143794347208 0.0030337894177454305 0.9999952749390396 0.32600061307216777 0.028234306821076416 -0.4291086464159122
FixedParameters: 0 0 0
#Transform 80
Transform: MatrixOffsetTransformBase_double_3_3
Parameters: 0.9999988182742203 0.0014625260945675996 -0.00020674047491323842 -0.00146254676155746 0.9999988414486312 -0.00004982709156647891 0.0002065942191909231 0.00005017279000923969 0.9999999718255925 0.32917554729368703 -0.022469301951801413 -0.20952190333714782
FixedParameters: 0 0 0
#Transform 81
Transform: MatrixOffsetTransformBase_double_3_3
Parameters: 0.9999983539060273 0.0019009911777349041 0.00017774771876868784 -0.0019007683314973135 0.9999917334666357 -0.0035706181833543016 -0.00018412078666589895 0.0035703785987164505 0.9999931234060951 0.29317374344950053 0.09871099922932558 -0.45157833288510574
FixedParameters: 0 0 0
#Transform 82
Transform: MatrixOffsetTransformBase_double_3_3
Parameters: 0.9999982464554891 0.001923781101934946 0.00022745452476933414 -0.001923409118542516 0.9999928112469764 -0.0034037215690454203 -0.00023433876914983966 0.0034032815492502644 0.9999942674847637 0.29236082557460463 0.11021059420163226 -0.3808842179425369
FixedParameters: 0 0 0
#Transform 83
Transform: MatrixOffsetTransformBase_double_3_3
Parameters: 0.9999982378639999 0.0019099871038042516 0.0003373810917228253 -0.0019087585669814026 0.9999887580872171 -0.0044379300812835976 -0.0003450122875396749 0.004437075416476199 0.9999900967091557 0.2758475084331451 0.2296127752786674 -0.33035653272121124
FixedParameters: 0 0 0
#Transform 84
Transform: MatrixOffsetTransformBase_double_3_3
Parameters: 0.9999976499073868 0.0020774423176743158 0.000184132801330159 -0.0020770392726824566 0.9999909746852003 -0.0035786625828874152 -0.00019080706378493082 0.003578332025017339 0.999993063807589 0.27592103856825645 0.23491405408549326 -0.4069684098270301
FixedParameters: 0 0 0
#Transform 85
Transform: MatrixOffsetTransformBase_double_3_3
Parameters: 0.9999969360412527 0.0024561458736198365 0.00017744527149885853 -0.002455391946037161 0.9999895828248657 -0.003932854868595181 -0.0001865844997853238 0.0039321503559544 0.999992423917046 0.2943007401668609 0.2999041209705524 -0.35377875089506006
FixedParameters: 0 0 0
#Transform 86
Transform: MatrixOffsetTransformBase_double_3_3
Parameters: 0.9999985985881726 0.0017736531993591978 -0.0005065134134300206 -0.0017756841036972687 0.9999846127218072 -0.005298352579442542 0.0004973605017180317 0.005298650564171364 0.9999858372035153 0.3146486795486396 0.29506223247047103 -0.651447452035427
FixedParameters: 0 0 0
#Transform 87
Transform: MatrixOffsetTransformBase_double_3_3
Parameters: 0.9999976310285127 0.0019387129302432069 -0.000781195223416337 -0.0019414157555896286 0.9999913786922774 -0.0036827170906660045 0.000774575149919889 0.0036832859030061227 0.9999931232260324 0.32237400140799366 0.08651124284953937 -0.5246218316932527
FixedParameters: 0 0 0
#Transform 88
Transform: MatrixOffsetTransformBase_double_3_3
Parameters: 0.9999969194722166 0.0024611349793033795 0.00015735962346596818 -0.002460050004656903 0.9999917741209059 -0.003201801185569425 -0.00016505277801651423 0.0032011973203437405 0.9999946460679766 0.37513426170156094 0.13856999543978077 -0.3740399613907357
FixedParameters: 0 0 0
#Transform 89
Transform: MatrixOffsetTransformBase_double_3_3
Parameters: 0.9999977502598697 0.0021925050200307236 0.0006664713549532622 -0.0021898183281853917 0.9999928924399712 -0.0029026133907902874 -0.0006729769921814217 0.002900385534066491 0.9999960203615843 0.3479261335474746 0.08932720614147627 -0.3388802979676768
FixedParameters: 0 0 0
#Transform 90
Transform: MatrixOffsetTransformBase_double_3_3
Parameters: 0.9999980315096997 0.001987022248289006 0.00014391097006987937 -0.0019863322663674055 0.9999938062123848 -0.0030565698357081506 -0.00014997637701453823 0.0030564342598857763 0.9999955408383853 0.31228499095081474 0.08448079906048633 -0.4244776880508141
FixedParameters: 0 0 0
#Transform 91
Transform: MatrixOffsetTransformBase_double_3_3
Parameters: 0.9999973755704229 0.002134421613107746 0.0002642945463494437 -0.0021329907797899912 0.9999931759249867 -0.003060847655205451 -0.0002712758193191393 0.003060153184118286 0.9999954662568047 0.3089570573644096 0.08164586786081429 -0.4059698031739316
FixedParameters: 0 0 0
#Transform 92
Transform: MatrixOffsetTransformBase_double_3_3
Parameters: 0.999997299737596 0.0021057155924000485 -0.0005160251087496019 -0.0021077098314159905 0.9999899944470464 -0.004063310691117816 0.000507694132293855 0.004064690925598469 0.9999912729170313 0.3020048239069837 0.12793390044024022 -0.648111005550021
FixedParameters: 0 0 0
#Transform 93
Transform: MatrixOffsetTransformBase_double_3_3
Parameters: 0.9999982933050803 0.0015510435891740318 -0.0005493682648941799 -0.0015530391583967265 0.9999884856912146 -0.004481280305035418 0.0005421347417682743 0.004482715550418015 0.9999896307556315 0.3014159354511179 0.052447394801617975 -0.6065715227763775
FixedParameters: 0 0 0
#Transform 94
Transform: MatrixOffsetTransformBase_double_3_3
Parameters: 0.9999977714508254 0.002047009374646057 0.0001924927238152928 -0.0020470450072312936 0.9999930565049727 -0.0029775468444635245 -0.00019847309501085878 0.0029774536312540123 0.9999959838742893 0.3318677149287481 -0.03753971430585068 -0.4938754989625096
FixedParameters: 0 0 0
#Transform 95
Transform: MatrixOffsetTransformBase_double_3_3
Parameters: 0.999996875016669 0.0026646113765571833 0.00016219567855105596 -0.0026634909130909337 0.9999917080197231 -0.0032029786745507716 -0.00017119691432617185 0.0032020211389328923 0.9999946548960419 0.34133518574282107 0.034739604376966327 -0.660368456377924
FixedParameters: 0 0 0
#Transform 96
Transform: MatrixOffsetTransformBase_double_3_3
Parameters: 0.9999949246651773 0.0031734450688956353 0.00003982694047524848 -0.003174162777610571 0.9999843705757775 -0.004552826981463018 -0.00005445601312095054 0.004553165505502804 0.999989094186771 0.3127392580761068 0.09732235840324677 -0.5212472487472724
FixedParameters: 0 0 0
#Transform 97
Transform: MatrixOffsetTransformBase_double_3_3
Parameters: 0.9999928917109238 0.0038109061746740467 0.0007638015349456149 -0.00380791147819809 0.9999833415297834 -0.004438807008713658 -0.0007809640611774005 0.004436199036460725 0.9999901669993325 0.3591865798798466 0.023028237581371513 -0.7301420473731355
FixedParameters: 0 0 0
#Transform 98
Transform: MatrixOffsetTransformBase_double_3_3
Parameters: 0.9999965439061127 0.002483912144921976 0.0005353349195141248 -0.0024803557780235944 0.9999740792643251 -0.0067076409447109075 -0.0005509929629748462 0.006706358709171079 0.9999774957891869 0.30317757483010155 0.01379066366469317 -0.7832463562107534
FixedParameters: 0 0 0
#Transform 99
Transform: MatrixOffsetTransformBase_double_3_3
Parameters: 0.9999943041374166 0.0033460134342866623 0.0007072354023359351 -0.003342153469299218 0.9999801868097756 -0.005299980854630709 -0.0007250386373675805 0.00529801958915424 0.999985957965015 0.2856533049924366 -0.017123740483171446 -0.7467704268413655
FixedParameters: 0 0 0
#Transform 100
Transform: MatrixOffsetTransformBase_double_3_3
Parameters: 0.9999951235428551 0.002917203755784723 0.0006075898521433625 -0.002912556801701033 0.9999779250036438 -0.005992362970714038 -0.0006250120617832534 0.005990632530336021 0.9999814016180275 0.25981802638627016 0.03896025833179806 -0.7904586539465441
FixedParameters: 0 0 0
#Transform 101
Transform: MatrixOffsetTransformBase_double_3_3
Parameters: 0.9999964294410517 0.002739304244453337 0.00025591394160340346 -0.0027387530157963304 0.9999877053073283 -0.0040001351897138715 -0.0002665288249992753 0.003999859591099858 0.9999917239664387 0.24330226073860217 0.0012527168089206953 -0.6256795375516617
FixedParameters: 0 0 0
#Transform 102
Transform: MatrixOffsetTransformBase_double_3_3
Parameters: 0.9999940378917984 0.0034154908860957118 0.0005451109394688052 -0.0034130492793668942 0.9999855691080328 -0.004148599725117413 -0.0005590335977583584 0.004147399458026058 0.9999910567284891 0.24727751707006007 0.04680202915636755 -0.6609549655713209
FixedParameters: 0 0 0
#Transform 103
Transform: MatrixOffsetTransformBase_double_3_3
Parameters: 0.9999938094850834 0.0034489309013233387 0.0005421129121225944 -0.003447282039569911 0.999986801037963 -0.0036905868608463066 -0.0005551372139937882 0.0036884070797264523 0.9999927834736553 0.2479569955464882 0.041377544502410046 -0.4993661221179764
FixedParameters: 0 0 0
#Transform 104
Transform: MatrixOffsetTransformBase_double_3_3
Parameters: 0.9999942562042498 0.003405088977955312 0.0003873319751957679 -0.003403154432218379 0.9999861458299137 -0.004071042490427806 -0.000401764773004398 0.004069959969362935 0.9999919721894437 0.24334837542173204 0.0805708520350521 -0.5693892659441673
FixedParameters: 0 0 0
#Transform 105
Transform: MatrixOffsetTransformBase_double_3_3
Parameters: 0.9999938195445759 0.003461075953764633 0.0004457336960462974 -0.003460171417748021 0.9999869789081087 -0.0036542611293287064 -0.00045860119701825734 0.0036527352301654603 0.9999931443550154 0.2280249495332356 0.07231353275464869 -0.5259447743951426
FixedParameters: 0 0 0
#Transform 106
Transform: MatrixOffsetTransformBase_double_3_3
Parameters: 0.9999934707359411 0.0035202432142504327 0.00036972623792739113 -0.0035186159408707456 0.9999833929292168 -0.004638158612177465 -0.00038598400948564206 0.004636843781257283 0.9999890646171846 0.22887336152699334 0.1148847964688855 -0.5699477128747503
FixedParameters: 0 0 0
#Transform 107
Transform: MatrixOffsetTransformBase_double_3_3
Parameters: 0.9999918977236137 0.003869957304914931 0.0003537862215946554 -0.0038686294977581235 0.9999833471763633 -0.004252372113850739 -0.00036931430344868765 0.004251626174009482 0.9999903912467507 0.23509202129274342 0.07094923206543058 -0.5528371801357252
FixedParameters: 0 0 0
#Transform 108
Transform: MatrixOffsetTransformBase_double_3_3
Parameters: 0.9999946876941875 0.003149625208418444 0.0006258711368365153 -0.0031454145310230827 0.9999724218963526 -0.0067085709785924125 -0.0006473531329182964 0.00670642591918591 0.9999772834620612 0.2564196970630661 0.1423555713582516 -0.7508594169464544
FixedParameters: 0 0 0
#Transform 109
Transform: MatrixOffsetTransformBase_double_3_3
Parameters: 0.9999936119990036 0.003610095446622796 0.0005967859972479016 -0.003607362080112847 0.999985152295239 -0.004032895213020027 -0.0006114846723337821 0.0040311044665241325 0.9999919454161745 0.22312560302178497 0.020246807474023854 -0.5078851749504878
FixedParameters: 0 0 0
#Transform 110
Transform: MatrixOffsetTransformBase_double_3_3
Parameters: 0.9999935243785978 0.0036488476663017826 0.0004050721371199553 -0.003646358352516593 0.9999840901574616 -0.00424534703239135 -0.000420777270813816 0.0042446454224266406 0.9999903939199627 0.22101822851713848 -0.006311787751727138 -0.6393694767371869
FixedParameters: 0 0 0
#Transform 111
Transform: MatrixOffsetTransformBase_double_3_3
Parameters: 0.9999925802043919 0.0039012147554367536 0.00044877501219842673 -0.003898912158211197 0.9999825892667409 -0.004427756523001147 -0.0004659298031089538 0.004426241052043367 0.9999897939472762 0.2165856271842017 0.03229760534651405 -0.44169648916857795
FixedParameters: 0 0 0
#Transform 112
Transform: MatrixOffsetTransformBase_double_3_3
Parameters: 0.9999934023968554 0.0035486983833060617 0.000057494033904668897 -0.0035486012792713484 0.999978882840516 -0.005356918907817379 -0.00007727710056360654 0.005357078404760421 0.9999861240806328 0.1770429150818984 0.04364950162583625 -0.5981284316871864
FixedParameters: 0 0 0
#Transform 113
Transform: MatrixOffsetTransformBase_double_3_3
Parameters: 0.9999929433586014 0.0037489961007591247 -0.000039081973885860953 -0.0037491605337633236 0.9999836444106798 -0.00440882675101556 0.000022146485520265388 0.004409176420474031 0.9999904200465652 0.18634776930555574 0.03735057007069997 -0.40600767081089373
FixedParameters: 0 0 0
#Transform 114
Transform: MatrixOffsetTransformBase_double_3_3
Parameters: 0.9999922816621172 0.003809674287420909 -0.0004535965397049974 -0.0038116942470553263 0.999979643978209 -0.0050702138313662715 0.000433785623405817 0.005071783660624371 0.999987207094706 0.175994275074288 0.11572034016874966 -0.5358616696746878
FixedParameters: 0 0 0
#Transform 115
Transform: MatrixOffsetTransformBase_double_3_3
