#Insight Transform File V1.0
#Transform 0
Transform: MatrixOffsetTransformBase_double_3_3
Parameters: 0.9999998242760932 0.00014439509825688352 -0.0010743542668028645 -0.00014660643734358992 0.9999970981905207 -0.0024248452071791347 0.0010746485890805984 0.002425157888474193 0.9999969648073951 -0.0060739004201906255 -0.08092425759701882 -0.32887024532145404
FixedParameters: 0 0 0
#Transform 1
Transform: MatrixOffsetTransformBase_double_3_3
Parameters: 0.9999981985497857 0.0004891747787219108 -0.0018875203868242965 -0.0004958239561493322 0.9999952247528057 -0.003087071739557542 0.0018854791904651456 0.003087929947128988 0.9999939084159291 -0.04148118010699875 -0.10028747119868342 -0.3238383254609829
FixedParameters: 0 0 0
#Transform 2
Transform: MatrixOffsetTransformBase_double_3_3
Parameters: 0.9999980287622462 0.00019016896110000804 -0.001713428884951248 -0.00019383122619822377 0.9999979611912444 -0.0022366723529837476 0.0017125700669282159 0.002236330145974571 0.9999960636811936 -0.037229061949375364 -0.07247557162108365 -0.47932955346777817
FixedParameters: 0 0 0
#Transform 3
Transform: MatrixOffsetTransformBase_double_3_3
Parameters: 0.9999999747190156 0.0004737801631161265 -0.0008946471081883986 -0.0004752203602806288 0.9999989143528946 -0.0013635750357502928 0.0008943526711547673 0.001364423916847254 0.9999983393728287 -0.013694680769063439 -0.12493655966115114 -0.2777280997749614
FixedParameters: 0 0 0
#Transform 4
Transform: MatrixOffsetTransformBase_double_3_3
Parameters: 0.999998761960162 0.0005484599904147239 -0.001713816386852703 -0.0005505405285884636 0.9999985002390143 -0.0014820591461064247 0.0017131871164976988 0.00148294228660465 0.9999978661006567 -0.011803175245049147 -0.10908364484146205 -0.36002241868567353
FixedParameters: 0 0 0
#Transform 5
Transform: MatrixOffsetTransformBase_double_3_3
Parameters: 0.9999995398466328 0.000266287944140554 -0.0011783887310996318 -0.00026771266975124245 0.9999988174993232 -0.0014526858216731928 0.001178612828195688 0.0014533151419429422 0.999998499924187 -0.023370937463212726 -0.11903525142307103 -0.3289428646704522
FixedParameters: 0 0 0
#Transform 6
Transform: MatrixOffsetTransformBase_double_3_3
Parameters: 0.9999991341511764 0.00033337344132428455 -0.0008686253941496098 -0.0003346268458555336 0.9999983803104583 -0.0018727102556397972 0.0008683742282435412 0.001873290414422828 0.9999977375736987 -0.02683048506406749 -0.1051131836788528 -0.2836797079657316
FixedParameters: 0 0 0
#Transform 7
Transform: MatrixOffsetTransformBase_double_3_3
Parameters: 0.9999999087533352 0.0001243946224622963 -0.0010373165339349697 -0.00012760452038373282 0.9999966739683989 -0.002511869366598447 0.001036683509556043 0.002512130690754874 0.9999966144733634 -0.02183555809061488 -0.09149186489301542 -0.3269411470432857
FixedParameters: 0 0 0
#Transform 8
Transform: MatrixOffsetTransformBase_double_3_3
Parameters: 0.9999995550578261 0.0001850543745043383 -0.0011874635266652662 -0.0001879479506536783 0.9999968073627348 -0.002481778908772517 0.0011875379226948164 0.0024812218485512506 0.9999964319855857 -0.04141417533304548 -0.08403036060350644 -0.3272280232196749
FixedParameters: 0 0 0
#Transform 9
Transform: MatrixOffsetTransformBase_double_3_3
Parameters: 0.9999993043757627 0.00010135366482576552 -0.0012983709304426646 -0.00010664477415424427 0.999993179906855 -0.0035788622180053077 0.0012976264988185339 0.0035791322018689916 0.9999925059141953 -0.037254335233626534 -0.07648320471909642 -0.3256653417694224
FixedParameters: 0 0 0
#Transform 10
Transform: MatrixOffsetTransformBase_double_3_3
Parameters: 0.9999992549092346 0.00026329680436864384 -0.0008221942889206604 -0.00026670184176529526 0.9999896166324342 -0.00450677930774337 0.0008208055703902585 0.004507214704282615 0.999989011992074 -0.022300504130626564 -0.09261208914732322 -0.2820684362204986
FixedParameters: 0 0 0
#Transform 11
Transform: MatrixOffsetTransformBase_double_3_3
Parameters: 0.9999992953925164 0.00013329779475026933 -0.0012985975153091826 -0.0001387038787806976 0.999990691740468 -0.004391822998719466 0.001298402881308087 0.004392176193721453 0.9999890241254585 -0.03889653617007127 -0.09233152913803622 -0.3105868924593267
FixedParameters: 0 0 0
#Transform 12
Transform: MatrixOffsetTransformBase_double_3_3
Parameters: 0.9999995909514581 -0.000010452394444596568 -0.0011869698032862452 0.000006547478410546613 0.9999929298679883 -0.003751011259881776 0.0011870335703194612 0.0037509910808712654 0.9999925209637753 -0.029145898813354165 -0.07985052954803962 -0.2958749382824948
FixedParameters: 0 0 0
#Transform 13
Transform: MatrixOffsetTransformBase_double_3_3
Parameters: 0.9999988852831744 0.00010751370021396831 -0.001450416711322203 -0.00011348443767125632 0.9999926766488184 -0.003782838006031905 0.001449580668678242 0.0037831584558954373 0.9999915863522828 -0.034564749778056125 -0.08477386619732385 -0.3171508516625039
FixedParameters: 0 0 0
#Transform 14
Transform: MatrixOffsetTransformBase_double_3_3
Parameters: 0.9999992204899925 0.000024322686104669954 -0.0008821086527284183 -0.000028680997406677107 0.99999161865521 -0.0041689772823293985 0.0008828876866036545 0.004169024056321908 0.9999908405493346 -0.03160806976106301 -0.11085761724380916 -0.2663659466396666
FixedParameters: 0 0 0
#Transform 15
Transform: MatrixOffsetTransformBase_double_3_3
Parameters: 0.9999990698869008 0.0004486316005677424 -0.0008537776839557533 -0.00045136862513141056 0.9999922028335045 -0.003948616231850753 0.0008522235687713195 0.003949383935447878 0.9999916777217801 -0.02630594100745043 -0.08915328370918019 -0.2875170811783221
FixedParameters: 0 0 0
#Transform 16
Transform: MatrixOffsetTransformBase_double_3_3
Parameters: 0.9999993071792855 0.00008662416743336343 -0.0012983695833464718 -0.00009237554732526667 0.9999918398881273 -0.004141883574308365 0.0012976282522315088 0.004141115917189318 0.9999901630878675 -0.026668745189724063 -0.10762284874708428 -0.2456755762138414
FixedParameters: 0 0 0
#Transform 17
Transform: MatrixOffsetTransformBase_double_3_3
Parameters: 0.9999998824721834 0.0006192433690306555 -0.0008567281837898653 -0.0006227581231138791 0.9999903245905184 -0.004391469584860266 0.0008542732883348286 0.004392532122490041 0.9999899783493132 -0.025692896540491006 -0.0914355530294273 -0.2870109387296367
FixedParameters: 0 0 0
#Transform 18
Transform: MatrixOffsetTransformBase_double_3_3
Parameters: 0.9999991336592354 0.00042035603516864603 -0.0012998387412059423 -0.0004256457064920661 0.9999909375971846 -0.004345451581186151 0.0012981624247865458 0.004345550542210908 0.9999894291168074 -0.04155622330152653 -0.11643397410982459 -0.2991751619450156
FixedParameters: 0 0 0
#Transform 19
Transform: MatrixOffsetTransformBase_double_3_3
Parameters: 0.9999991394845462 -0.00000670525452887677 -0.0013639841360043997 -0.0000017053383888371778 0.9999840885211144 -0.005649003823039206 0.00136401238101084 0.00564899700303765 0.9999832280179183 -0.02545803023973292 -0.10289117638340883 -0.3848977712973749
FixedParameters: 0 0 0
#Transform 20
Transform: MatrixOffsetTransformBase_double_3_3
Parameters: 0.9999994321040082 0.0004762430428056856 -0.0005834384594508893 -0.0004787585386656184 0.9999956817407262 -0.003014723416595869 0.0005825591241502847 0.003015280182786202 0.9999955698586878 -0.021241410829546226 -0.10067560152087651 -0.3481458082924149
FixedParameters: 0 0 0
#Transform 21
Transform: MatrixOffsetTransformBase_double_3_3
Parameters: 0.999998398668783 0.00020284635524734504 -0.0018866720742510164 -0.00020915580869980898 0.9999943136247851 -0.0032626098157711755 0.0018863279163354291 0.003262387058825812 0.999992797166157 -0.03139181524343826 -0.07630772057747492 -0.49501831665470775
FixedParameters: 0 0 0
#Transform 22
Transform: MatrixOffsetTransformBase_double_3_3
Parameters: 0.9999986049798006 0.0004283833552158314 -0.0014873374097257425 -0.00043261603704999386 0.9999951705079354 -0.0031053607643311766 0.001485663566791324 0.0031056406443202103 0.9999941461489754 -0.051633976542007076 -0.1277369483754569 -0.32058920009447434
FixedParameters: 0 0 0
#Transform 23
Transform: MatrixOffsetTransformBase_double_3_3
Parameters: 0.999998943198766 0.00023954272721973067 -0.0014141085326543827 -0.0002454579546449518 0.9999900698781282 -0.004568658052421831 0.0014128927955669882 0.004568343604399227 0.9999881306899888 -0.057134413480312674 -0.09652539420855533 -0.4437691703677302
FixedParameters: 0 0 0
#Transform 24
Transform: MatrixOffsetTransformBase_double_3_3
Parameters: 0.9999996934039709 0.0005279826217137773 -0.0010136300770782517 -0.00053301960135023 0.9999871515213862 -0.0049564618612787424 0.0010113711917928282 0.004956536132288128 0.9999874077904185 -0.04500054418603838 -0.12070361443559818 -0.37398420650919206
FixedParameters: 0 0 0
#Transform 25
Transform: MatrixOffsetTransformBase_double_3_3
Parameters: 0.9999996730250568 0.00033962717497721355 -0.001100673028153667 -0.00034437425682066146 0.9999880196466215 -0.004884626508810115 0.0010993316630676384 0.004885378915419297 0.9999879266015462 -0.05930113239593027 -0.08488986708829316 -0.4322772145066267
FixedParameters: 0 0 0
#Transform 26
Transform: MatrixOffsetTransformBase_double_3_3
Parameters: 0.9999994007707458 0.00040052057854693033 -0.0011991836862872373 -0.00040648486043366305 0.9999855850866917 -0.005408516595104902 0.0011978189780843407 0.005408483796100026 0.9999843114865025 -0.06268587108394286 -0.1238623456211343 -0.34132285817790375
FixedParameters: 0 0 0
#Transform 27
Transform: MatrixOffsetTransformBase_double_3_3
Parameters: 0.9999997298321913 0.000030949442682340855 -0.001126182879889778 -0.00003705490083058764 0.9999851295122281 -0.005372958971435439 0.001126817501801244 0.0053730355764247525 0.9999848616562657 -0.05255096009108229 -0.07356695166502902 -0.45472251053040225
FixedParameters: 0 0 0
#Transform 28
Transform: MatrixOffsetTransformBase_double_3_3
Parameters: 0.9999996213702863 0.00035177205498532335 -0.0005052628165364723 -0.0003542263645131813 0.9999798765229948 -0.006402827432891477 0.0005027422549673711 0.006403183261112987 0.9999797471129142 -0.061896151375279373 -0.14027079344963056 -0.3139189992750602
FixedParameters: 0 0 0
#Transform 29
Transform: MatrixOffsetTransformBase_double_3_3
Parameters: 0.9999993084045818 -0.0000782290067582666 -0.001298530711775679 0.00006977424537939061 0.9999798492084083 -0.00633609601934563 0.0012984684597655263 0.006335903837314286 0.9999791685652973 -0.0568646275416711 -0.09496687576769602 -0.422735020924236
FixedParameters: 0 0 0
#Transform 30
Transform: MatrixOffsetTransformBase_double_3_3
Parameters: 0.9999996040662112 -0.000019086915158878007 -0.0006288889308504924 0.000014912349748690862 0.9999787752751329 -0.006498007919772122 0.0006291098627134308 0.006497986533785389 0.9999783799193782 -0.05721169863994646 -0.1275985872464105 -0.39449460503287526
FixedParameters: 0 0 0
#Transform 31
Transform: MatrixOffsetTransformBase_double_3_3
Parameters: 0.9999997811145926 -0.00001135034512632312 -0.0011039495785929668 0.000003649316648194492 0.9999776704736065 -0.006658008493054191 0.0011040494486380728 0.006657991933046711 0.9999774517005077 -0.05769197143344229 -0.13267753633864743 -0.4410850610465076
FixedParameters: 0 0 0
#Transform 32
Transform: MatrixOffsetTransformBase_double_3_3
Parameters: 0.9999994473348941 0.0002645195849400215 -0.000694722209129431 -0.0002684820049654436 0.9999792356848652 -0.006456815459912393 0.0006932805864840058 0.0064571853668214125 0.9999788250659662 -0.058210224208934847 -0.13375333081562246 -0.3646614178983185
FixedParameters: 0 0 0
#Transform 33
Transform: MatrixOffsetTransformBase_double_3_3
Parameters: 0.9999989931370591 0.000039206346274324146 -0.0010022878235646689 -0.000046798371969019586 0.9999770427941805 -0.006778953397061169 0.001002704806163434 0.006779039614978208 0.9999760396291459 -0.06051953721140535 -0.13973350558975994 -0.4063786149132653
FixedParameters: 0 0 0
#Transform 34
Transform: MatrixOffsetTransformBase_double_3_3
Parameters: 0.9999996635784623 0.00011310921039629894 -0.000568787692362346 -0.0001168920706737779 0.9999761321979567 -0.006844934508627078 0.0005682133194720503 0.006845065265602103 0.9999768222268249 -0.05578690431987354 -0.14008275329764786 -0.35138645175621264
FixedParameters: 0 0 0
#Transform 35
Transform: MatrixOffsetTransformBase_double_3_3
Parameters: 0.9999996227445614 -0.0001710685963145306 -0.0005898350993872177 0.0001669302287505224 0.9999764849744078 -0.006891102000171841 0.0005911642815683687 0.006890902409144639 0.9999761648413643 -0.05429042981158716 -0.14106841715693008 -0.36659679334532314
FixedParameters: 0 0 0
#Transform 36
Transform: MatrixOffsetTransformBase_double_3_3
Parameters: 0.9999994883112652 -0.00022446194390150485 -0.0006795423555817443 0.00021954161360200562 0.9999789297356572 -0.006559155609398444 0.0006804545960080768 0.006558853685257341 0.9999785166164641 -0.0613595559854474 -0.10500187254339721 -0.41202580658556087
FixedParameters: 0 0 0
#Transform 37
Transform: MatrixOffsetTransformBase_double_3_3
Parameters: 0.99999942844913 -0.00006403911626773039 -0.0007535888001007965 0.00005896470759358212 0.99997730648591 -0.006685046509317548 0.0007534110771472323 0.006684953826341765 0.9999777424997961 -0.05837938558863698 -0.12844179200784822 -0.3499141449732548
FixedParameters: 0 0 0
#Transform 38
Transform: MatrixOffsetTransformBase_double_3_3
Parameters: 0.9999993252747114 -0.00005871487913720831 -0.0008196106355686872 0.00005328926160302826 0.9999754014201747 -0.00697104649665697 0.000819391411627914 0.006970954709681768 0.9999757329670852 -0.054749044523674684 -0.1079700312350127 -0.4613806027266776
FixedParameters: 0 0 0
#Transform 39
Transform: MatrixOffsetTransformBase_double_3_3
Parameters: 0.9999998332895711 0.0008236190048357085 -0.0006993874410002828 -0.0008283786522508427 0.9999695716539316 -0.007729422605157037 0.0006926181234098658 0.007729572416170104 0.9999697695139489 -0.051022396834341066 -0.1554945053458141 -0.3782492708309917
FixedParameters: 0 0 0
#Transform 40
Transform: MatrixOffsetTransformBase_double_3_3
Parameters: 0.9999992319971895 -0.00024308492953311505 -0.0013075228802774121 0.00023491788921282646 0.9999807500994646 -0.006180312149374658 0.0013084769583148281 0.00617968691735014 0.9999800963404389 -0.06911307319685989 -0.09829711538584718 -0.45091231731730375
FixedParameters: 0 0 0
#Transform 41
Transform: MatrixOffsetTransformBase_double_3_3
Parameters: 0.999999467431469 0.00014634354402731542 -0.000714968354957949 -0.00015065643769588034 0.9999785062325202 -0.006516889211094253 0.00071403278589754 0.006517101419881132 0.9999780177690109 -0.05668009691436282 -0.13933164272583554 -0.3175699279426851
FixedParameters: 0 0 0
#Transform 42
Transform: MatrixOffsetTransformBase_double_3_3
Parameters: 0.999999945910961 -0.00022517618355545407 -0.0010011967739573793 0.00021781707979205188 0.9999663805353568 -0.008159221582852825 0.0010038112449391341 0.008158777470686057 0.9999664245703734 -0.07199913360503274 -0.1351529790262589 -0.4495101261432666
FixedParameters: 0 0 0
#Transform 43
Transform: MatrixOffsetTransformBase_double_3_3
Parameters: 0.9999994749662702 0.00006926494670006175 -0.0007215734373918893 -0.00007473048209673234 0.9999687753744252 -0.007950952282797514 0.0007204284930993088 0.007951056106824044 0.9999682607082936 -0.0458711642661882 -0.12440293742029951 -0.37852611294060523
FixedParameters: 0 0 0
#Transform 44
Transform: MatrixOffsetTransformBase_double_3_3
Parameters: 1.0000002513629627 -0.00028390867095828826 -0.0008176343034956804 0.0002770970426896154 0.9999647370360655 -0.008437233446352358 0.0008193675703452453 0.00843677425686236 0.9999641457634345 -0.05794967925078254 -0.1312497934949448 -0.43599983702493716
FixedParameters: 0 0 0
#Transform 45
Transform: MatrixOffsetTransformBase_double_3_3
Parameters: 0.9999994784104282 -0.00012098789384387308 -0.0007120084781519848 0.00011501197874065265 0.9999643575956988 -0.00840408501183552 0.0007129918570044136 0.008403916858860754 0.9999648638546229 -0.06540242811931307 -0.12789439564008376 -0.407590349926906
FixedParameters: 0 0 0
#Transform 46
Transform: MatrixOffsetTransformBase_double_3_3
Parameters: 0.9999994585250842 -0.0002070460364301763 -0.0007062555044779473 0.00020095611227034647 0.999963854491457 -0.008550149588364215 0.0007077439790058442 0.00854986112626191 0.9999633962502945 -0.051778625230653574 -0.13538585866335495 -0.4235289990983233
FixedParameters: 0 0 0
#Transform 47
Transform: MatrixOffsetTransformBase_double_3_3
Parameters: 0.9999997836336567 -0.00008566090074863241 -0.0004573293338978112 0.00008234168841709318 0.9999680079210561 -0.007999037777062689 0.00045767319782856003 0.007998960915078167 0.9999678056670969 -0.05232654173344997 -0.13858914130655364 -0.33841147494284485
FixedParameters: 0 0 0
#Transform 48
Transform: MatrixOffsetTransformBase_double_3_3
Parameters: 0.9999995757137486 0.00048585930271998796 -0.0004335452303008849 -0.0004891441156160793 0.9999738505643939 -0.007273788575538652 0.0004304529733400824 0.007274209781397098 0.999972901598713 -0.04223533162844717 -0.11490632047684812 -0.30713143291417566
FixedParameters: 0 0 0
#Transform 49
Transform: MatrixOffsetTransformBase_double_3_3
Parameters: 0.999999831533036 -0.0001889494522111095 -0.0010646196889531078 0.0001810551670324528 0.9999722835529229 -0.007462195126143498 0.0010653806850667283 0.007461801068084664 0.9999711835377586 -0.04637815452832683 -0.10043174801793953 -0.3822821965099621
FixedParameters: 0 0 0
#Transform 50
Transform: MatrixOffsetTransformBase_double_3_3
Parameters: 0.9999996901887448 0.00043231946645075873 -0.00035033407457580516 -0.00043567806441199505 0.9999707053778193 -0.007687854238283472 0.00034666079843081424 0.007688156739460116 0.9999707722828585 -0.03650928663098796 -0.1388535084231819 -0.3296040642043323
FixedParameters: 0 0 0
#Transform 51
Transform: MatrixOffsetTransformBase_double_3_3
Parameters: 1.0000000267552562 0.000265806394380527 -0.00095004238906267 -0.00027319344158755556 0.9999714701269927 -0.007579744568772474 0.000947956709874846 0.007580256087063791 0.9999706421445212 -0.04194265885321613 -0.10040066279894688 -0.4633965204813961
FixedParameters: 0 0 0
#Transform 52
Transform: MatrixOffsetTransformBase_double_3_3
Parameters: 0.9999990344555101 0.0003583359303979429 -0.0009150384992654377 -0.00036566383382940403 0.9999644839776205 -0.008389670563296064 0.0009119643933429572 0.008389331949414753 0.9999647805255167 -0.04072837356144987 -0.16993505823806743 -0.378979574046852
FixedParameters: 0 0 0
#Transform 53
Transform: MatrixOffsetTransformBase_double_3_3
Parameters: 0.9999992327956743 0.00016057534464146398 -0.0008612221493722108 -0.00016642280275157008 0.9999722462600114 -0.007464858710764521 0.0008597810670844134 0.007465140097625456 0.999971532520364 -0.04640819896121684 -0.12877201333661503 -0.39001049168896884
FixedParameters: 0 0 0
#Transform 54
Transform: MatrixOffsetTransformBase_double_3_3
Parameters: 0.999999125480199 0.00025392985468409586 -0.0009000240198030684 -0.0002610695385579639 0.9999690902447637 -0.007863766261993319 0.0008979739992749368 0.0078642292536609 0.9999683483392963 -0.042694211021043316 -0.143223359627072 -0.2672328005268696
FixedParameters: 0 0 0
#Transform 55
Transform: MatrixOffsetTransformBase_double_3_3
Parameters: 0.9999994710151473 0.0000803808925632446 -0.0007226473031025822 -0.00008662170229641332 0.9999694792514298 -0.0077789411854045625 0.0007223481801153714 0.007779061845399403 0.999969964211409 -0.028304196352024746 -0.08336151786065216 -0.3397151153051823
FixedParameters: 0 0 0
#Transform 56
Transform: MatrixOffsetTransformBase_double_3_3
Parameters: 0.9999996714355355 0.0003421807135579967 -0.0004598666527035361 -0.0003458203815212335 0.9999654748604855 -0.008330845910755225 0.00045713481898055724 0.008331161364838711 0.9999653829724612 -0.040014904728650436 -0.13915209861346511 -0.28511648344725415
FixedParameters: 0 0 0
#Transform 57
Transform: MatrixOffsetTransformBase_double_3_3
Parameters: 0.9999991906154083 0.00004145591933099383 -0.0008983798031120099 -0.00004954917146722991 0.9999644534687001 -0.00839895931206287 0.0008986154590286239 0.008399041079033937 0.9999646482246312 -0.029465345054305203 -0.10500800161969437 -0.341872199333892
FixedParameters: 0 0 0
#Transform 58
Transform: MatrixOffsetTransformBase_double_3_3
Parameters: 0.9999996984270654 0.00037059423603725487 -0.0004051419086343096 -0.0003744046188678017 0.9999646432032245 -0.008438854912112064 0.0004018547440551221 0.00843915552425648 0.999964619147213 -0.035708809547827514 -0.1330923046192254 -0.28774582646063607
FixedParameters: 0 0 0
#Transform 59
Transform: MatrixOffsetTransformBase_double_3_3
Parameters: 0.9999995321332075 0.00021305373824849472 -0.0006499789942899113 -0.0002189462638215108 0.9999580093423097 -0.009161858202459789 0.0006480209270963901 0.00916213857634431 0.999957634789464 -0.04104868882288315 -0.12704328148336685 -0.40407047187687795
FixedParameters: 0 0 0
#Transform 60
Transform: MatrixOffsetTransformBase_double_3_3
Parameters: 0.9999995736673701 0.0002740625047200248 -0.0005923094493338968 -0.00027894309482462333 0.9999651664146826 -0.008351836807757754 0.0005906906886308773 0.008352163914697742 0.9999648929907325 -0.04166035477716434 -0.13221616018358873 -0.33854006811715465
FixedParameters: 0 0 0
#Transform 61
Transform: MatrixOffsetTransformBase_double_3_3
Parameters: 0.9999994037770771 0.00038575826824453036 -0.0006686401068254935 -0.0003922454398360418 0.9999562277754515 -0.009360741277604724 0.000665357459538219 0.009360260215709173 0.9999559342025153 -0.04521258608689038 -0.14146124447090358 -0.3785321784468181
FixedParameters: 0 0 0
#Transform 62
Transform: MatrixOffsetTransformBase_double_3_3
Parameters: 0.9999994722009763 0.00023916391448759348 -0.000686062460684033 -0.0002448351659063352 0.999963366735677 -0.008518835650886835 0.0006839391929016511 0.008519167196852855 0.9999639560666165 -0.030979392193628996 -0.14590786248540155 -0.3287422789196057
FixedParameters: 0 0 0
#Transform 63
Transform: MatrixOffsetTransformBase_double_3_3
Parameters: 0.9999994923967691 -0.00004895155625061076 -0.0007105549995139488 0.000042044061344117705 0.9999523472212327 -0.009780033290749227 0.0007114449793730584 0.009779968589759472 0.9999518437583125 -0.040314464532201555 -0.1505568357998044 -0.4182296928712361
FixedParameters: 0 0 0
#Transform 64
Transform: MatrixOffsetTransformBase_double_3_3
Parameters: 0.9999997002942336 -0.00020133680464010372 -0.0005093066177123455 0.0001966656432933371 0.9999636921166863 -0.00850109788235144 0.000510690086926531 0.008500894898466735 0.9999634716148117 -0.037835995664437405 -0.15589907292665828 -0.3208191997056389
FixedParameters: 0 0 0
#Transform 65
Transform: MatrixOffsetTransformBase_double_3_3
Parameters: 0.9999991275159616 -0.0002575951645983015 -0.0008975773783598811 0.00024940137718759003 0.9999544922080668 -0.009562229178275202 0.0009004256614598056 0.009562773376103232 0.9999537482503018 -0.04805885355654027 -0.12286772294505965 -0.4031642457054687
FixedParameters: 0 0 0
#Transform 66
Transform: MatrixOffsetTransformBase_double_3_3
Parameters: 0.999999689282605 -0.0000243290619536854 -0.0005567926345977676 0.00001866896526651773 0.9999544316491106 -0.00956901452973236 0.0005572041016477222 0.009568990578729451 0.9999541218560729 -0.03406674642906182 -0.13959853202651118 -0.36651858336298915
FixedParameters: 0 0 0
#Transform 67
Transform: MatrixOffsetTransformBase_double_3_3
Parameters: 0.9999994503192899 -0.00027551377040171683 -0.0006884286474120892 0.00026949017784065203 0.9999557345549607 -0.009444193163542294 0.0006905757629685321 0.009443817375444906 0.9999553333908566 -0.028622621568018758 -0.14607000329540654 -0.36777232354279477
FixedParameters: 0 0 0
#Transform 68
Transform: MatrixOffsetTransformBase_double_3_3
Parameters: 0.999999171237742 -0.0002003947208923703 -0.0008879312151392476 0.0001916042614152611 0.999944275825987 -0.010568173452435025 0.0008900739820367456 0.010567824954614334 0.999943523897374 -0.041038057864824395 -0.13952695922202452 -0.4185269535545615
FixedParameters: 0 0 0
#Transform 69
Transform: MatrixOffsetTransformBase_double_3_3
Parameters: 0.9999992861430701 -0.0004559645031101386 -0.0007115852552783488 0.00044904163845560155 0.9999526036186563 -0.009756327418432832 0.0007154151316404528 0.009756681683466323 0.9999522992866275 -0.03854219216393062 -0.15994481152807793 -0.3523525059314494
FixedParameters: 0 0 0
#Transform 70
Transform: MatrixOffsetTransformBase_double_3_3
Parameters: 0.9999996111698164 -0.0000745000278193143 -0.0006192523125106497 0.00006750259084189465 0.9999449518484269 -0.010490041348770502 0.0006197419472991492 0.010489953376808503 0.9999445731005905 -0.03989063019507455 -0.13987407239494587 -0.45235019822141
FixedParameters: 0 0 0
#Transform 71
Transform: MatrixOffsetTransformBase_double_3_3
Parameters: 0.9999994916153591 -0.0000033990163425291552 -0.0007130028680840411 -0.0000033990163425291552 0.9999463149496449 -0.010377000844779433 0.000713002868084041 0.010377000844779433 0.9999458065647433 -0.03098647910864827 -0.15393904295233085 -0.3570641244745474
FixedParameters: 0 0 0
#Transform 72
Transform: MatrixOffsetTransformBase_double_3_3
Parameters: 0.9999992969235625 0.00014827484542262353 -0.000825614254653002 -0.00015671929126412378 0.9999440689592999 -0.010578871585633228 0.000823387753013116 0.010578123063090483 0.9999434123957011 -0.03606052557994133 -0.16457072731607525 -0.4349695376773042
FixedParameters: 0 0 0
#Transform 73
Transform: MatrixOffsetTransformBase_double_3_3
Parameters: 0.9999994168785141 -0.00020716208946308139 -0.0007350189568568286 0.00019983772349734089 0.9999522639696101 -0.009731149856283598 0.0007369795673122915 0.009730850297366795 0.9999527636744715 -0.04179250731863249 -0.15110261455160412 -0.3263480276248032
FixedParameters: 0 0 0
#Transform 74
Transform: MatrixOffsetTransformBase_double_3_3
Parameters: 0.9999992060902546 -0.000006883159168639209 -0.0008909781852724052 -0.000002883406489551642 0.9999389636530267 -0.011092008120227643 0.0008910225532799382 0.011092004556227036 0.9999381697508919 -0.025932828596566537 -0.1556310771047862 -0.4402787335752265
FixedParameters: 0 0 0
#Transform 75
Transform: MatrixOffsetTransformBase_double_3_3
Parameters: 0.9999995706425727 0.00028105358419084074 -0.0005918604226364158 -0.0002869477420337091 0.9999494916814115 -0.010070835931135926 0.0005891399412473851 0.010071171344183888 0.9999492236403731 -0.0026189080263634423 -0.14019934470920248 -0.2965779977701004
FixedParameters: 0 0 0
#Transform 76
Transform: MatrixOffsetTransformBase_double_3_3
Parameters: 0.999999329045182 -0.0002737117198900419 -0.0007719660707374218 0.0002652872873563069 0.9999360681777203 -0.011263206378741605 0.0007750370151093415 0.011262789448962642 0.9999365424874687 -0.022404577412615367 -0.1639636892574572 -0.3860869128577491
FixedParameters: 0 0 0
#Transform 77
Transform: MatrixOffsetTransformBase_double_3_3
Parameters: 0.9999993109027338 0.00023140616302514194 -0.0007975438425657521 -0.00023958755671789128 0.9999414738409752 -0.010791814630647422 0.0007944606950583878 0.010792189555587516 0.9999418956659079 -0.012087578697602908 -0.15560152781155523 -0.32644033157937713
FixedParameters: 0 0 0
#Transform 78
Transform: MatrixOffsetTransformBase_double_3_3
Parameters: 0.9999993138633454 -0.0003059920239216558 -0.0007694845395501767 0.00029700235041778993 0.9999319838685097 -0.011658229410355863 0.0007735148210861307 0.011658764182028913 0.9999314795408181 -0.013165386226376086 -0.17249000759971977 -0.3978380376484836
FixedParameters: 0 0 0
#Transform 79
Transform: MatrixOffsetTransformBase_double_3_3
Parameters: 0.9999994963513333 -0.00030673031197948203 -0.0006398163448892756 0.0003002674119200607 0.9999448018306818 -0.010493191003060379 0.0006431857588348666 0.010492801602297805 0.9999444824108766 -0.01287281755855929 -0.14209992845079 -0.3550497196602578
FixedParameters: 0 0 0
#Transform 80
Transform: MatrixOffsetTransformBase_double_3_3
Parameters: 0.9999994467990131 -0.00008357962821877735 -0.0007390802408206795 0.00007542113836878229 0.9999324059114632 -0.011601060524736959 0.0007399248667016225 0.011600942939753535 0.9999328653513982 -0.012452006876031874 -0.192961377309544 -0.379756280252451
FixedParameters: 0 0 0
#Transform 81
Transform: MatrixOffsetTransformBase_double_3_3
Parameters: 0.9999995340120329 0.0002472677279486617 -0.0006366554061117151 -0.00025372503514222767 0.9999436589256228 -0.010595835515092465 0.000633346700574518 0.010596153656855659 0.9999433184398764 -0.016438168987733093 -0.14900963153483815 -0.39492761760799056
FixedParameters: 0 0 0
#Transform 82
Transform: MatrixOffsetTransformBase_double_3_3
Parameters: 0.9999998487231526 0.00002463859507207748 -0.0003883012435371559 -0.000029357981170439042 0.9999367476275787 -0.01123598577255045 0.0003876944997816384 0.011236006724542006 0.999936597808639 -0.007110460952148401 -0.18401530660244703 -0.3597320174116305
FixedParameters: 0 0 0
#Transform 83
Transform: MatrixOffsetTransformBase_double_3_3
Parameters: 0.9999995517744031 -0.0002000444316165322 -0.0006388367926729423 0.00019295440090106764 0.9999397925735155 -0.01100713241570502 0.000641162866563823 0.011007880888991685 0.9999394215743734 -0.010283007055235771 -0.1473269027289632 -0.41170876539230505
FixedParameters: 0 0 0
#Transform 84
Transform: MatrixOffsetTransformBase_double_3_3
Parameters: 0.9999995963050128 -0.00023805947662533498 -0.0005891966582478587 0.00023094248163955917 0.9999280656922571 -0.01195313751306962 0.0005918028275102709 0.011952860558148003 0.9999287719820572 -0.01634436598045852 -0.1804051499125876 -0.3659733111286698
FixedParameters: 0 0 0
#Transform 85
Transform: MatrixOffsetTransformBase_double_3_3
Parameters: 0.9999991979924818 -0.00021633413354989623 -0.0013247385233252254 0.00020166387041330177 0.9999410860335529 -0.010810268553823419 0.0013272574336316608 0.010810714270523747 0.9999403713900333 -0.01956877935069201 -0.151223486237825 -0.4381626280252675
FixedParameters: 0 0 0
#Transform 86
Transform: MatrixOffsetTransformBase_double_3_3
Parameters: 0.9999992771016268 -0.0001512012586705802 -0.0008362195721409141 0.00014178888580760804 0.9999254743783832 -0.012186124609206978 0.0008387901435572798 0.012185879216262694 0.9999257944043106 -0.013780779064362036 -0.19159690036886445 -0.3656362659863106
FixedParameters: 0 0 0
#Transform 87
Transform: MatrixOffsetTransformBase_double_3_3
Parameters: 0.9999995802341384 -0.000234996365623744 -0.0011682716575024627 0.00022100687816932252 0.999928757666525 -0.011966267884579664 0.001170728370460321 0.011965734571371726 0.9999274418730119 -0.01713589331687615 -0.1774065838034744 -0.4423273694489467
FixedParameters: 0 0 0
#Transform 88
Transform: MatrixOffsetTransformBase_double_3_3
Parameters: 0.9999995339191246 -0.0002923804234109508 -0.000616553341202826 0.00028561379292783395 0.9999284195176142 -0.01193717016341498 0.0006204531364469672 0.01193681265875929 0.9999281204829024 -0.014714479444350559 -0.15788425647103566 -0.36293278070257884
FixedParameters: 0 0 0
#Transform 89
Transform: MatrixOffsetTransformBase_double_3_3
Parameters: 0.9999995003076734 -0.0003124031136596106 -0.0006339276844917467 0.00030459538636790713 0.9999123137825827 -0.013213198495333358 0.0006380804531150182 0.013212806065368959 0.9999130044425202 -0.006093484015522677 -0.2103565412353987 -0.3649875071332076
FixedParameters: 0 0 0
#Transform 90
Transform: MatrixOffsetTransformBase_double_3_3
Parameters: 0.9999995525489181 -0.00012706002300075329 -0.0006564908053255293 0.00011893358478019742 0.9999245981234485 -0.012263073335586802 0.0006585075766430471 0.012262911586721742 0.9999241809307965 -0.011675187371807283 -0.15969682081568237 -0.3519856041631897
FixedParameters: 0 0 0
#Transform 91
Transform: MatrixOffsetTransformBase_double_3_3
Parameters: 0.9999998314736889 0.000017497777570410236 -0.0004102715880332425 -0.00002349852673719821 0.9999100292611581 -0.013414990757310633 0.0004097215731096128 0.013415007567308297 0.9999098615751814 -0.002787931164704105 -0.18510656902853384 -0.34811392078705694
FixedParameters: 0 0 0
#Transform 92
Transform: MatrixOffsetTransformBase_double_3_3
Parameters: 0.999999207756327 -0.0004246569998613422 -0.0007823074785408934 0.00041434638845072656 0.9999075892734226 -0.013573320959690556 0.0007876957720069143 0.013572662312367012 0.9999071490078749 -0.00650355806098446 -0.18000039884881858 -0.3879621742652972
FixedParameters: 0 0 0
#Transform 93
Transform: MatrixOffsetTransformBase_double_3_3
Parameters: 0.9999997098210737 -0.00003903109016905375 -0.0005375357794879035 0.000031975932715774744 0.9999150617896453 -0.013074031087563153 0.000537464119432514 0.013073992921533651 0.9999147741314229 -0.015714660042590367 -0.1975633042490017 -0.33999506649877276
FixedParameters: 0 0 0
#Transform 94
Transform: MatrixOffsetTransformBase_double_3_3
Parameters: 0.9999995972853466 -0.00033598032794347765 -0.0005387086680132778 0.0003290289056275069 0.9999163306804102 -0.012905170039239707 0.0005422912405685122 0.0129058105886238 0.9999161490905847 -0.012486147752781562 -0.17305298215033815 -0.3774618635367375
FixedParameters: 0 0 0
#Transform 95
Transform: MatrixOffsetTransformBase_double_3_3
Parameters: 0.9999995890009499 0.0002830397241122687 -0.0005754761880793913 -0.00028995507694917544 0.9999267391030644 -0.012131843100883829 0.0005715246114583238 0.012131171726608408 0.9999264922729632 -0.0036191891979200363 -0.15772013514060745 -0.2964247400934852
FixedParameters: 0 0 0
#Transform 96
Transform: MatrixOffsetTransformBase_double_3_3
Parameters: 0.9999993737436298 -0.0005544382181691251 -0.0005647928354422431 0.0005475718333248916 0.9999144455491876 -0.013086319068985263 0.0005712142962317726 0.013085693100908301 0.9999144265261853 -0.019438632107650733 -0.18680711477048817 -0.37600416905230816
FixedParameters: 0 0 0
#Transform 97
Transform: MatrixOffsetTransformBase_double_3_3
Parameters: 0.9999995677875229 0.0003167697170159786 -0.0005760355502042956 -0.0003242293364747272 0.9999202569202775 -0.0125948177621514 0.000571961839499874 0.012595185710124706 0.9999210301562214 -0.009357321631213722 -0.1770286606159175 -0.32035242558966104
FixedParameters: 0 0 0
#Transform 98
Transform: MatrixOffsetTransformBase_double_3_3
Parameters: 0.9999996632025838 0.00009133261759978434 -0.0005732742544518223 -0.00009866374545732394 0.9999107175029145 -0.013388953166769132 0.0005717302538499989 0.01338906194581153 0.9999103987557902 -0.026193018776936583 -0.17644281635627124 -0.37613789271802034
FixedParameters: 0 0 0
#Transform 99
Transform: MatrixOffsetTransformBase_double_3_3
Parameters: 0.9999995886439668 -0.00029763758205459957 -0.0005680634397271391 0.0002903637094178592 0.9999104124261606 -0.01339717162876165 0.0005719415340666198 0.013397836452819847 0.9999101739501397 -0.03601830059302813 -0.22014897642561948 -0.31442463944169674
FixedParameters: 0 0 0
#Transform 100
Transform: MatrixOffsetTransformBase_double_3_3
Parameters: 0.9999993377849409 -0.00031318437195938743 -0.0007508324447974291 0.0003038132004297807 0.9999089436158944 -0.013526242164594054 0.0007551783564342958 0.013525777541419055 0.9999084717527167 -0.033457917878010335 -0.1830912730872143 -0.35556280552316366
FixedParameters: 0 0 0
#Transform 101
Transform: MatrixOffsetTransformBase_double_3_3
Parameters: 0.9999997490031758 0.00026751912821070824 -0.0004235123041982889 -0.0002724874225418356 0.9999160497602108 -0.01299489918834748 0.0004204946615676487 0.012995127080546147 0.9999159445711191 -0.01977222951045121 -0.17182341903152576 -0.31091257554450635
FixedParameters: 0 0 0
#Transform 102
Transform: MatrixOffsetTransformBase_double_3_3
Parameters: 0.9999998202060018 3.2591592211748757e-7 -0.0004240424486686787 -0.000005673542644221648 0.9999099408324797 -0.013380996802409548 0.0004239621626878643 0.01338099934640894 0.9999107610562837 -0.017841404983741427 -0.17618286963886476 -0.34068920605074027
FixedParameters: 0 0 0
#Transform 103
Transform: MatrixOffsetTransformBase_double_3_3
Parameters: 0.9999992947466105 -0.0006230439881515337 -0.0005632273261989121 0.0006149590913734214 0.9998997892941112 -0.014171362978347929 0.0005717719371918509 0.0141706603770196 0.9998998504031398 -0.01699049281636178 -0.18994223551548828 -0.3150025311586546
FixedParameters: 0 0 0
#Transform 104
Transform: MatrixOffsetTransformBase_double_3_3
Parameters: 0.9999994403993392 -0.0003290619244047799 -0.0006716358448743656 0.0003199338679565836 0.9999100510809861 -0.0134472304301499 0.0006763636436962125 0.01344779298648567 0.9999097020887778 -0.016240198698540098 -0.18703793250696776 -0.3312770764567148
FixedParameters: 0 0 0
#Transform 105
Transform: MatrixOffsetTransformBase_double_3_3
Parameters: 0.9999995156115384 -0.00033910673029564393 -0.0011704536712151732 0.00032290015195423347 0.9999052725141835 -0.013733383186518545 0.0011745457257963901 0.013733606950495645 0.9999050072602106 -0.018377240418033125 -0.19815263426131935 -0.3372095117645699
FixedParameters: 0 0 0
#Transform 106
Transform: MatrixOffsetTransformBase_double_3_3
Parameters: 0.9999995941832119 -0.00012252166397295737 -0.0006253906320783133 0.0001134837002866397 0.9999077997077718 -0.013608082044333563 0.0006266023065725194 0.0136079343002733 0.9999074217406176 -0.01187256141764692 -0.19650253073345425 -0.3294819879407669
FixedParameters: 0 0 0
#Transform 107
Transform: MatrixOffsetTransformBase_double_3_3
Parameters: 0.9999997585356312 -0.00009639473082008937 -0.000481764470094327 0.00008960216262136845 0.9999122620590712 -0.013256046755814108 0.00048323017413720717 0.013255957007811483 0.9999120378930647 -0.00709644008091459 -0.17431066803828799 -0.3573919482606698
FixedParameters: 0 0 0
#Transform 108
Transform: MatrixOffsetTransformBase_double_3_3
Parameters: 0.9999995832169466 -0.00029775608142562263 -0.0005730357717451382 0.0002892442474150486 0.9999089794447673 -0.013488166631845277 0.0005769535903691682 0.013487829092963824 0.9999087349538532 -0.0232139774372655 -0.21767189426630296 -0.326070023143501
FixedParameters: 0 0 0
#Transform 109
Transform: MatrixOffsetTransformBase_double_3_3
Parameters: 0.9999993946235083 -0.0006165749617186417 -0.00047457751051482253 0.0006104323040638426 0.9999050332863427 -0.013732281590360416 0.00048242812812729563 0.013732694438866743 0.9999051807141666 -0.013286961507247952 -0.19942368118719855 -0.3584448815980892
FixedParameters: 0 0 0
#Transform 110
Transform: MatrixOffsetTransformBase_double_3_3
Parameters: 0.9999997037833777 0.000024781777989001105 -0.000543376981376431 -0.0000322269873762191 0.9999114072778019 -0.013288974621827284 0.0005436194451610765 0.013288005605687958 0.9999111126860635 -0.012414412404723407 -0.21350496933993668 -0.3292271459168745
FixedParameters: 0 0 0
#Transform 111
Transform: MatrixOffsetTransformBase_double_3_3
Parameters: 0.9999997660592701 -0.000036464686987416446 -0.0004825550548027983 0.000030542704228605227 0.9999106986237772 -0.01339002410886832 0.0004824522747549172 0.013389991777853258 0.9999104669276693 -0.005999364425690601 -0.18475000259114438 -0.35785201843319214
FixedParameters: 0 0 0
#Transform 112
Transform: MatrixOffsetTransformBase_double_3_3
Parameters: 0.9999994387581691 -0.0005793755542765341 -0.0004753334418468707 0.0005726288275251353 0.9999116372013627 -0.013305285083060218 0.0004826615168353506 0.013304733250835175 0.9999117395434042 -0.01630491352102581 -0.2008278948719493 -0.32267412691354025
FixedParameters: 0 0 0
#Transform 113
Transform: MatrixOffsetTransformBase_double_3_3
Parameters: 0.9999995839094249 -0.00011447602843465512 -0.0006345288692643835 0.00010651754888048383 0.9999109709227921 -0.013342067363208306 0.0006364775394206567 0.013341926913269117 0.9999105792529618 -0.010369928266882766 -0.18427662169040104 -0.35807621115250754
FixedParameters: 0 0 0
#Transform 114
