#Insight Transform File V1.0
#Transform 0
Transform: MatrixOffsetTransformBase_double_3_3
Parameters: 0.9999995462202342 0.00020383939476179724 -0.0006420506685220808 -0.00020416039459607147 0.9999998958840537 -0.00024986890299768275 0.0006419486685747413 0.0002501308388624505 0.9999995253362448 0.04218702411002084 -0.06904123323813849 -0.3159069423216181
FixedParameters: 0 0 0
#Transform 1
Transform: MatrixOffsetTransformBase_double_3_3
Parameters: 0.9999995194832836 -0.00017422199819543173 -0.0006709420100918806 0.0001737777964575454 0.9999998601630824 -0.00033111655861540334 0.0006710571980239107 0.00033088305075319117 0.9999994401983302 0.03500767889754286 -0.08233341958113272 -0.30834530031054896
FixedParameters: 0 0 0
#Transform 2
Transform: MatrixOffsetTransformBase_double_3_3
Parameters: 0.9999993968251308 0.000050627957797781254 -0.0007750238339592193 -0.00005037195801117638 0.9999997670498223 -0.00047996084991645604 0.0007749753539996309 0.000480039124851208 0.9999991689753208 0.03837864712524208 -0.07520606040019118 -0.3077852492410358
FixedParameters: 0 0 0
#Transform 3
Transform: MatrixOffsetTransformBase_double_3_3
Parameters: 1.0000000032963106 -0.0005612327122526837 -0.0008254868538849576 0.0005587662965200851 0.999996385579769 -0.0027024631434163318 0.0008275130993083469 0.0027015374617660624 0.9999960160765096 0.05022063939019006 -0.06895604024259683 -0.3333554289087175
FixedParameters: 0 0 0
#Transform 4
Transform: MatrixOffsetTransformBase_double_3_3
Parameters: 1.0000000816820431 -0.00036123990865536744 -0.0008872865219695879 0.00035675734933190067 0.9999880846885009 -0.0047733175653125555 0.0008897139086862689 0.004773679619419451 0.9999884241326011 0.03489955324545235 -0.05557270277854798 -0.4549210195854414
FixedParameters: 0 0 0
#Transform 5
Transform: MatrixOffsetTransformBase_double_3_3
Parameters: 0.9999997322585824 -0.00011560585581775622 -0.0011199382772998923 0.00011539401472463561 0.9999996939785656 -0.0005411296168685125 0.0011200632483548264 0.000540870896754785 0.9999994529174596 0.05103750289936215 -0.08003676960656492 -0.32798924990545686
FixedParameters: 0 0 0
#Transform 6
Transform: MatrixOffsetTransformBase_double_3_3
Parameters: 0.9999998039262656 -0.0005641044027241297 -0.0009369462701427279 0.0005588962605449057 0.9999851072109379 -0.005438525953387293 0.0009400537538463222 0.00543847200937508 0.99998454170681 0.030628961274786093 -0.047412476410428894 -0.4514034767848756
FixedParameters: 0 0 0
#Transform 7
Transform: MatrixOffsetTransformBase_double_3_3
Parameters: 0.999999225547156 0.000005183346972343298 -0.0008800305989633061 -0.000008816504850171106 0.9999901902934336 -0.00433699306670902 0.0008799698809987722 0.004337005386701824 0.9999904159383018 0.03400430032793622 -0.07591726580812974 -0.41100425923384876
FixedParameters: 0 0 0
#Transform 8
Transform: MatrixOffsetTransformBase_double_3_3
Parameters: 0.9999997740821019 -0.0004728432850686726 -0.0010012615368024606 0.0004671590451257305 0.999982819061255 -0.0058274679813069205 0.0010037394403416627 0.005827525621296202 0.9999820349484008 0.036224870412283394 -0.06395088810556615 -0.4157998046743643
FixedParameters: 0 0 0
#Transform 9
Transform: MatrixOffsetTransformBase_double_3_3
Parameters: 0.9999991829292701 -0.0004548524612571761 -0.0007811944431931559 0.0004501477975267389 0.9999803424573542 -0.006201355046552246 0.000783806404488313 0.006200646876743347 0.9999809349031944 0.03450953685366187 -0.09877111694687812 -0.38785919806356617
FixedParameters: 0 0 0
#Transform 10
Transform: MatrixOffsetTransformBase_double_3_3
Parameters: 0.9999997524291117 -0.0004954754591596988 -0.0010013089795910507 0.0004895260795780408 0.9999849347031535 -0.005461491134964841 0.0010036881094237576 0.005460503665034277 0.999984172249207 0.0521749310712778 -0.06195017374520262 -0.4632637164257005
FixedParameters: 0 0 0
#Transform 11
Transform: MatrixOffsetTransformBase_double_3_3
Parameters: 0.9999992427775641 -0.0007855021133626861 -0.0010672443985539895 0.0007794929186309816 0.9999814330854317 -0.006079838265062149 0.0010727581111429079 0.006078163700579579 0.9999809004832783 0.04048821724117602 -0.06609267107553762 -0.4100547859262349
FixedParameters: 0 0 0
#Transform 12
Transform: MatrixOffsetTransformBase_double_3_3
Parameters: 0.9999998587812498 -0.0008642581144321482 -0.0006281840734610428 0.0008597439348838286 0.9999767411573207 -0.006746543343998914 0.0006338151813924582 0.00674645548696878 0.9999770860454389 0.043633720735456905 -0.07399984127626169 -0.4355266930612771
FixedParameters: 0 0 0
#Transform 13
Transform: MatrixOffsetTransformBase_double_3_3
Parameters: 0.9999987760031805 -0.0010550439898104362 -0.0010540077668860887 0.001046954756207474 0.9999700813569669 -0.007604104913550605 0.0010619905515995504 0.007602880965821124 0.9999700665939824 0.045529942220554176 -0.07460244692073559 -0.41598040470495334
FixedParameters: 0 0 0
#Transform 14
Transform: MatrixOffsetTransformBase_double_3_3
Parameters: 0.9999987503570928 -0.0010581729133904557 -0.0014599681052382004 0.0010468366315262228 0.9999706591545613 -0.007631541831779336 0.0014670316448921535 0.007630461110220281 0.9999696250680264 0.046677909373016746 -0.09571089879241867 -0.4275833784114269
FixedParameters: 0 0 0
#Transform 15
Transform: MatrixOffsetTransformBase_double_3_3
Parameters: 0.999999184084558 -0.0010539663518096666 -0.0008393262989973306 0.0010470291377187714 0.9999657254561197 -0.008256885644186413 0.0008486734891198027 0.00825611237117628 0.9999651166751118 0.0419097084482587 -0.07184501572754698 -0.4173680049329249
FixedParameters: 0 0 0
#Transform 16
Transform: MatrixOffsetTransformBase_double_3_3
Parameters: 0.9999998424685222 -0.0006261320784589231 -0.0008749401589959108 0.000618868084019785 0.9999665551636747 -0.00812754100658234 0.0008800590638959782 0.008127448500602217 0.999966172657757 0.04761725784965165 -0.0968720939586234 -0.4387926184832196
FixedParameters: 0 0 0
#Transform 17
Transform: MatrixOffsetTransformBase_double_3_3
Parameters: 0.9999980683428134 -0.001058095582888442 -0.001346352249719824 0.001046905132669987 0.9999653965917736 -0.008216421864221437 0.0013546461851759249 0.008214579012008864 0.9999656804866525 0.05401136053424693 -0.06046770798886314 -0.42526206181898374
FixedParameters: 0 0 0
#Transform 18
Transform: MatrixOffsetTransformBase_double_3_3
Parameters: 0.9999993876400978 -0.0008242690615657731 -0.0009660057798306359 0.0008157319950084886 0.9999635908907952 -0.008528798775902555 0.0009729927873788947 0.008528208766518481 0.9999633233566212 0.044045501804717446 -0.08209815866688075 -0.43422728937532895
FixedParameters: 0 0 0
#Transform 19
Transform: MatrixOffsetTransformBase_double_3_3
Parameters: 0.9999989334380102 -0.0006469006863488336 -0.0016275446297483907 0.0006331037581635609 0.9999628878266885 -0.008527041467623198 0.0016324587738829107 0.00852595502337237 0.9999626404826314 0.033121084685859614 -0.06903071838323172 -0.4683804487942922
FixedParameters: 0 0 0
#Transform 20
Transform: MatrixOffsetTransformBase_double_3_3
Parameters: 1.0000001159366014 -0.000646058332124347 -0.0006833233265340596 0.0006399453920728994 0.9999606426228119 -0.00882843778452292 0.0006886770154549131 0.008828555569543178 0.999960585475802 0.033932362182270026 -0.10649719944265712 -0.42817235958375477
FixedParameters: 0 0 0
#Transform 21
Transform: MatrixOffsetTransformBase_double_3_3
Parameters: 0.9999992786158848 -0.0010540972183717898 -0.0007815171900969351 0.001046907269815296 0.9999584170530884 -0.009026822875709505 0.0007904822782970389 0.009026171453840288 0.999958902819991 0.03782673649320145 -0.07314396866124184 -0.43407103971387073
FixedParameters: 0 0 0
#Transform 22
Transform: MatrixOffsetTransformBase_double_3_3
Parameters: 0.9999990659440002 -0.0009062339674199036 -0.0010549830247077023 0.0008977666266788572 0.9999696803455466 -0.007778958749606434 0.001062015663645428 0.0077780491860971485 0.9999693735233749 0.0471608141120754 -0.09625998555667081 -0.42091475858877914
FixedParameters: 0 0 0
#Transform 23
Transform: MatrixOffsetTransformBase_double_3_3
Parameters: 0.999997972913341 -0.0010585651661355797 -0.0013802057355155452 0.0010474269250568238 0.9999641173174579 -0.00835345590824701 0.0013897974378330109 0.008352539048981374 0.9999643078803052 0.04448393271965756 -0.08078869773187591 -0.40463335517547705
FixedParameters: 0 0 0
#Transform 24
Transform: MatrixOffsetTransformBase_double_3_3
Parameters: 0.9999990804349373 -0.001303819280074766 -0.0011045134804109052 0.0012941862956811253 0.9999601034529751 -0.00884444528455202 0.0011154893879746935 0.008842561440910545 0.9999605587653718 0.05133562747948872 -0.12330287099817383 -0.42558428657336833
FixedParameters: 0 0 0
#Transform 25
Transform: MatrixOffsetTransformBase_double_3_3
Parameters: 0.9999987749445957 -0.0010565461314963561 -0.001052502296564039 0.0010474483313980142 0.9999583597512548 -0.009030106654694866 0.0010625007309791534 0.009028881629624178 0.9999583481442637 0.060836907822064745 -0.07009426683973174 -0.4354440196749465
FixedParameters: 0 0 0
#Transform 26
Transform: MatrixOffsetTransformBase_double_3_3
Parameters: 0.999999497107286 -0.0006177438880058151 -0.0010592485669950126 0.0006122576672970398 0.9999896184054082 -0.004472652990334549 0.001061749775229963 0.004472348568184244 0.9999898719675335 0.037229477291177204 -0.053941828695187155 -0.5231308178791494
FixedParameters: 0 0 0
#Transform 27
Transform: MatrixOffsetTransformBase_double_3_3
Parameters: 0.9999983213750827 0.00013260402809769461 -0.0016315063783790488 -0.00015039009279479147 0.9999431917938183 -0.010666767563532086 0.0016294875613214745 0.010667229003316679 0.9999415532135831 -0.0146469421617752 -0.05496192646839404 -0.5450441429125306
FixedParameters: 0 0 0
#Transform 28
Transform: MatrixOffsetTransformBase_double_3_3
Parameters: 0.9999974656535183 -0.0001753977929038755 -0.0023459694223588413 0.0001606012248484962 0.9999813208543645 -0.006136397316578065 0.0023470311382238654 0.006135608884935697 0.9999788429563456 0.014195005796779014 -0.04902710031937829 -0.46243042068752516
FixedParameters: 0 0 0
#Transform 29
Transform: MatrixOffsetTransformBase_double_3_3
Parameters: 0.999997437493553 -0.000737833095725097 -0.002240168720960299 0.000723168945242099 0.9999777208486262 -0.006614634933492438 0.0022448318985238995 0.006613358597885587 0.9999752256173949 0.028486878332714127 -0.060820993715068994 -0.4436362369021083
FixedParameters: 0 0 0
#Transform 30
Transform: MatrixOffsetTransformBase_double_3_3
Parameters: 0.9999989292937393 -0.0004406164349168488 -0.0013696301766330887 0.0004303811579420098 0.9999698785828108 -0.007741597732969115 0.0013733731186238874 0.007741403138969593 0.9999691872018126 0.031673156687617166 -0.06536193965460768 -0.4470968238577768
FixedParameters: 0 0 0
#Transform 31
Transform: MatrixOffsetTransformBase_double_3_3
Parameters: 0.9999988323146488 -0.0006450063256913219 -0.0016586220226608363 0.000630991243072745 0.9999645182766509 -0.008431062807824527 0.0016643795320230338 0.008429942695975872 0.9999631646926253 0.027731568817472407 -0.08250068108694109 -0.459344191785263
FixedParameters: 0 0 0
#Transform 32
Transform: MatrixOffsetTransformBase_double_3_3
Parameters: 0.999998529204911 -0.0005703218470222973 -0.0014642592788992202 0.0005586713883398455 0.9999640949003168 -0.008401821515101578 0.0014697447130996974 0.008401165245795424 0.9999632614331981 0.030261017521567624 -0.061698227979661624 -0.4397562044370744
FixedParameters: 0 0 0
#Transform 33
Transform: MatrixOffsetTransformBase_double_3_3
Parameters: 0.9999972521447539 -0.0010629498123660586 -0.0019021735540896837 0.001047049665117973 0.9999638957154081 -0.008367008478883145 0.0019108261386944956 0.008364985689378204 0.9999633739507936 0.034252638671375735 -0.025638987776119393 -0.5261966715144979
FixedParameters: 0 0 0
#Transform 34
Transform: MatrixOffsetTransformBase_double_3_3
Parameters: 0.9999983395615657 -0.0007219724807870952 -0.0014621822575404434 0.0007080196194636435 0.9999545990406307 -0.009534045839583945 0.0014698154413408386 0.00953294941718717 0.9999529610705317 0.03813610407311785 -0.08733188314590734 -0.4694856583498961
FixedParameters: 0 0 0
#Transform 35
Transform: MatrixOffsetTransformBase_double_3_3
Parameters: 0.9999978652898313 -0.0006270268878912097 -0.0019346225649091646 0.0006069795956797528 0.9999468144307462 -0.010335196963555544 0.001940375726256828 0.010333806016471487 0.9999444411236029 0.03516820373403107 -0.054256956027955994 -0.530418946589478
FixedParameters: 0 0 0
#Transform 36
Transform: MatrixOffsetTransformBase_double_3_3
Parameters: 0.9999989142285428 -0.0007539665203634929 -0.0012315581292751683 0.0007400282957686589 0.9999357138997769 -0.01130192576304273 0.0012404430909292526 0.011301079121885112 0.9999357441787826 0.038792281191661004 -0.12007619046060825 -0.49756040391940815
FixedParameters: 0 0 0
#Transform 37
Transform: MatrixOffsetTransformBase_double_3_3
Parameters: 0.999998320958444 -0.000724485866130193 -0.0017757803743078907 0.0007045123929386588 0.999933027919625 -0.011509268765684111 0.0017842272831201727 0.011508725057760563 0.9999323699317174 0.033423999272883975 -0.08868672431651703 -0.5479198121535376
FixedParameters: 0 0 0
#Transform 38
Transform: MatrixOffsetTransformBase_double_3_3
Parameters: 0.9999985615999974 -0.0006382814682819509 -0.0014253859561005509 0.0006207227106630974 0.9999263939717746 -0.012091894325337183 0.0014326097424182736 0.01209109514585519 0.9999257481441933 0.027401329177479283 -0.11836370763921877 -0.501981141031905
FixedParameters: 0 0 0
#Transform 39
Transform: MatrixOffsetTransformBase_double_3_3
Parameters: 0.9999986477906682 -0.0007514483343843952 -0.001669382591642687 0.0007315465906086791 0.9999324442941695 -0.011619244400852363 0.0016786141375687812 0.011618761778542546 0.9999311917633655 0.036210791799007325 -0.10146482979645555 -0.5122399184819955
FixedParameters: 0 0 0
#Transform 40
Transform: MatrixOffsetTransformBase_double_3_3
Parameters: 0.9999987529123601 -0.0005946188770040205 -0.0017009329300078212 0.0005743803214608024 0.9999263275527874 -0.01209699717445566 0.0017080742630223628 0.01209600453803664 0.9999257637705495 0.035684902290029186 -0.08274933159034958 -0.5681072354497019
FixedParameters: 0 0 0
#Transform 41
Transform: MatrixOffsetTransformBase_double_3_3
Parameters: 0.9999975807981524 -0.001069357712832326 -0.0018099743724498828 0.0010466410625480727 0.9999233879348102 -0.01230891294826775 0.001823019098554148 0.0123070690889492 0.9999222075468865 0.024967329461532017 -0.11636410959425803 -0.5382786601743135
FixedParameters: 0 0 0
#Transform 42
Transform: MatrixOffsetTransformBase_double_3_3
Parameters: 0.9999983773177099 -0.0005971480907785328 -0.0018075161232178115 0.0005738588275001434 0.9999183347583163 -0.012780058698520414 0.0018144815856001582 0.012778937923458892 0.9999163977292098 0.03920412508060167 -0.11520310654709931 -0.5579418421068567
FixedParameters: 0 0 0
#Transform 43
Transform: MatrixOffsetTransformBase_double_3_3
Parameters: 0.9999975019239241 -0.0010707550300539652 -0.0018303071778742676 0.0010472352432853648 0.9999156864753864 -0.01293094014214097 0.0018446940239456632 0.012929048158446659 0.9999144314472524 0.028214946671880625 -0.12171746975184305 -0.5442178657777959
FixedParameters: 0 0 0
#Transform 44
Transform: MatrixOffsetTransformBase_double_3_3
Parameters: 0.9999986707856666 -0.0010138919330924343 -0.0015168920598326936 0.000994108564051583 0.9999145254194794 -0.013056527976860317 0.0015301096485324512 0.013055468654643942 0.9999132123252112 0.03249709437083936 -0.1383928357456199 -0.5385317396993088
FixedParameters: 0 0 0
#Transform 45
Transform: MatrixOffsetTransformBase_double_3_3
Parameters: 0.9999988188095206 -0.0009168665412760003 -0.0015296872541094735 0.0008961314091944178 0.999907617176803 -0.013585403934332498 0.001542318011997009 0.013584619035345217 0.9999070795461267 0.03793681397887383 -0.1233546651310462 -0.5461094575551897
FixedParameters: 0 0 0
#Transform 46
Transform: MatrixOffsetTransformBase_double_3_3
Parameters: 0.9999984929532717 -0.0010683507762284069 -0.0015383908225449514 0.0010466542790737005 0.9999040871273308 -0.01381364062863907 0.0015526057204738632 0.01381137173505428 0.9999038168071419 0.03621192276362706 -0.14558184051375633 -0.5587648719439642
FixedParameters: 0 0 0
#Transform 47
Transform: MatrixOffsetTransformBase_double_3_3
Parameters: 0.9999981979234971 -0.0010671965081903794 -0.0016319695002722271 0.0010468026682452108 0.9999229466460479 -0.012326721465354634 0.0016450276626326287 0.01232525754343531 0.9999223791534668 0.027882378815604625 -0.09160455124127509 -0.5287226620536103
FixedParameters: 0 0 0
#Transform 48
Transform: MatrixOffsetTransformBase_double_3_3
Parameters: 0.9999986422141339 -0.0009267703763099845 -0.0015804345423064143 0.0009052241592125318 0.9999059409129927 -0.013719455067761495 0.0015935689178521377 0.013718547547378314 0.9999042613142836 0.047931146856825535 -0.15145468620001168 -0.5599013163860462
FixedParameters: 0 0 0
#Transform 49
Transform: MatrixOffsetTransformBase_double_3_3
Parameters: 0.9999984296667237 -0.0010693525379453705 -0.001557889776976001 0.0010466442913094596 0.9998969945850189 -0.014279646463740898 0.0015731046170319174 0.014277333699796446 0.9998966630921702 0.030799606037149374 -0.14452193777424327 -0.5693360854833998
FixedParameters: 0 0 0
#Transform 50
Transform: MatrixOffsetTransformBase_double_3_3
Parameters: 0.9999982110622971 -0.001070388799969486 -0.0016258413954091892 0.0010466094823271058 0.9998968636815113 -0.014318730031411963 0.0016411541723986664 0.014317271735127264 0.9998963157034044 0.04784307981475422 -0.15105563032284408 -0.5796249707485828
FixedParameters: 0 0 0
#Transform 51
Transform: MatrixOffsetTransformBase_double_3_3
Parameters: 0.9999984520149043 -0.0010696894246901435 -0.0015505898806385046 0.0010473195433658477 0.9998938889916459 -0.014560653222129053 0.001565414072480264 0.014558354749068242 0.9998925819810426 0.04150762627079985 -0.15222908275657687 -0.5796584286666473
FixedParameters: 0 0 0
#Transform 52
Transform: MatrixOffsetTransformBase_double_3_3
Parameters: 0.9999987898689366 -0.000893011997294324 -0.0015535537215668126 0.0008709959860865616 0.9999000774732337 -0.014112379323250664 0.0015654477262424622 0.014110628219120607 0.9998994232758116 0.03709027243229457 -0.16020777312873236 -0.5549464861805973
FixedParameters: 0 0 0
#Transform 53
Transform: MatrixOffsetTransformBase_double_3_3
Parameters: 0.9999986042190867 -0.0010522589721023282 -0.0015127572259345595 0.00102973786285057 0.9998925896456576 -0.014640582242159372 0.0015282383002320355 0.014638416393558139 0.9998913613413165 0.03481692171989437 -0.14230951229201594 -0.5794890661386916
FixedParameters: 0 0 0
#Transform 54
Transform: MatrixOffsetTransformBase_double_3_3
Parameters: 0.9999992197331256 -0.0008731842261831273 -0.0010088961987983205 0.0008588146142827034 0.9999019537735685 -0.013974876289629413 0.0010211012148643812 0.01397411822468742 0.9999016734915901 0.03446157749822021 -0.17925062600534147 -0.5442737046209061
FixedParameters: 0 0 0
#Transform 55
Transform: MatrixOffsetTransformBase_double_3_3
Parameters: 0.9999973692875832 -0.0013234795198873942 -0.001696181656291732 0.0012995095404715403 0.9998963033428828 -0.014352247597830048 0.001715827558009008 0.014350772528250615 0.9998961128618079 0.04517713224488773 -0.1324520112432026 -0.6135380799635328
FixedParameters: 0 0 0
#Transform 56
Transform: MatrixOffsetTransformBase_double_3_3
Parameters: 0.9999988293351159 -0.0008699465122929791 -0.0011890750611932065 0.0008520543752130051 0.9998869308029023 -0.015011023246337407 0.0012019246137871331 0.015009964477865248 0.9998862428652453 0.04151438575476618 -0.1835893371542312 -0.5901938076416542
FixedParameters: 0 0 0
#Transform 57
Transform: MatrixOffsetTransformBase_double_3_3
Parameters: 0.9999979249180654 -0.0013998542286591182 -0.0017650310420045255 0.0013731457469529917 0.9998843288210494 -0.015125457696157538 0.001785972339694454 0.015122533944642363 0.9998840987280089 0.04716457586854972 -0.15885507273588928 -0.6241369072499481
FixedParameters: 0 0 0
#Transform 58
Transform: MatrixOffsetTransformBase_double_3_3
Parameters: 0.999998899494271 -0.000967505721697056 -0.001471079530513787 0.0009464950344906639 0.9998933848301469 -0.014550411295028591 0.0014849287712864394 0.01454858224666241 0.9998931161210928 0.055596248220794564 -0.1838792786249286 -0.5702523726863973
FixedParameters: 0 0 0
#Transform 59
Transform: MatrixOffsetTransformBase_double_3_3
Parameters: 0.9999989249269519 -0.0007089053584076649 -0.0012539538068333388 0.0006890938132662448 0.9998747449812613 -0.015803883587944736 0.0012650484865925678 0.01580312269582408 0.9998746471712456 0.04261762996549123 -0.16825810521218898 -0.6188121183363506
FixedParameters: 0 0 0
#Transform 60
Transform: MatrixOffsetTransformBase_double_3_3
Parameters: 0.9999989602545946 -0.0010322860461277276 -0.0009872595400925673 0.0010167168886755621 0.9998809915674015 -0.01536100439603336 0.0010027350846382175 0.015359965521070815 0.9998810511503422 0.03262495477157756 -0.18370532128400896 -0.580585887644645
FixedParameters: 0 0 0
#Transform 61
Transform: MatrixOffsetTransformBase_double_3_3
Parameters: 0.9999981973775065 -0.0011553536426019656 -0.0015710919357417629 0.0011316484019399512 0.9998901134156551 -0.014784813718608677 0.0015879048471407775 0.014783201201611312 0.9998899261255393 0.03754602037957966 -0.1352773314958 -0.6073019428515067
FixedParameters: 0 0 0
#Transform 62
Transform: MatrixOffsetTransformBase_double_3_3
Parameters: 0.999998378308904 -0.0010529252608770402 -0.0012300481095120503 0.0010340736427696714 0.9998822201552128 -0.015287291973504345 0.0012459529115405339 0.015285708114999427 0.9998827763760386 0.04789584136530323 -0.18106291910898165 -0.5637703934479958
FixedParameters: 0 0 0
#Transform 63
Transform: MatrixOffsetTransformBase_double_3_3
Parameters: 0.999997652629375 -0.0015446677441084296 -0.0017204252866349651 0.0015183242536428027 0.9998806647008126 -0.015395658508258952 0.0017445799116493832 0.015392351542066446 0.9998800085863776 0.033222137162084664 -0.13969208222478358 -0.623488770755074
FixedParameters: 0 0 0
#Transform 64
Transform: MatrixOffsetTransformBase_double_3_3
Parameters: 0.9999987039889731 -0.001108729193552602 -0.0010323611377131092 0.0010932610343316147 0.9998853565830426 -0.015114152352385057 0.0010496429174290014 0.015112859941032383 0.9998854851030774 0.04670518105437793 -0.16930682712670375 -0.5796133517294777
FixedParameters: 0 0 0
#Transform 65
Transform: MatrixOffsetTransformBase_double_3_3
Parameters: 0.9999971166798337 -0.0015468848320215538 -0.0018684586087714468 0.0015181220723767313 0.9998806613210766 -0.015362882790787567 0.001891544508696897 0.015360120233437495 0.999880475408053 0.04834473641358272 -0.16191269357283034 -0.6158495834434916
FixedParameters: 0 0 0
#Transform 66
Transform: MatrixOffsetTransformBase_double_3_3
Parameters: 0.9999977691302971 -0.0014870931292122111 -0.001421222912096897 0.0014639102313560417 0.9998691767924545 -0.01611411847628473 0.0014447755449986182 0.016111889413010106 0.9998693004154696 0.049102019660253404 -0.185007414473489 -0.5835976880888154
FixedParameters: 0 0 0
#Transform 67
Transform: MatrixOffsetTransformBase_double_3_3
Parameters: 0.9999980036958506 -0.0015439631365559926 -0.0016165959638778378 0.0015180464622252413 0.9998715878399927 -0.01594048486330082 0.0016404044063443766 0.015937498065493196 0.9998712797760125 0.05210744349535901 -0.1821159885164434 -0.641355639137771
FixedParameters: 0 0 0
#Transform 68
Transform: MatrixOffsetTransformBase_double_3_3
Parameters: 0.9999982168899493 -0.0015368227717009381 -0.001192122386047205 0.0015181785576404282 0.9998762920751723 -0.015632835265290742 0.0012158811133013482 0.01563115681355537 0.9998771757690329 0.04878904833785214 -0.1749839233915651 -0.5995906522709475
FixedParameters: 0 0 0
#Transform 69
Transform: MatrixOffsetTransformBase_double_3_3
Parameters: 0.9999974272488409 -0.0015467680604939157 -0.0017834510663115332 0.0015182400136146813 0.9998710259414683 -0.01602076177050522 0.001807552599640744 0.016017258191695378 0.9998701506227662 0.04965603692379261 -0.20948900178602514 -0.6279110355678483
FixedParameters: 0 0 0
#Transform 70
Transform: MatrixOffsetTransformBase_double_3_3
Parameters: 0.999997806507221 -0.0015447845092964626 -0.001675697988897859 0.0015182265553773256 0.9998728448366015 -0.015869578850680535 0.001699304874825981 0.01586640969469019 0.9998723426466032 0.050963276423402704 -0.18473610499508197 -0.6235727220883263
FixedParameters: 0 0 0
#Transform 71
Transform: MatrixOffsetTransformBase_double_3_3
Parameters: 0.9999991382929618 -0.0011588971728384708 -0.000720200490357758 0.0011471072984930797 0.9998668159264151 -0.016304844823519387 0.0007388012246357388 0.016304162481325775 0.9998666132203577 0.04711127063782783 -0.2269392197591884 -0.5996693796649737
FixedParameters: 0 0 0
#Transform 72
Transform: MatrixOffsetTransformBase_double_3_3
Parameters: 0.9999982032632632 -0.0015384130340359806 -0.001196198910404334 0.0015175906899208686 0.9998566593992898 -0.016882849010551006 0.0012217925334623919 0.0168801540440184 0.9998565325732648 0.06293819361606268 -0.18669239300477614 -0.6456184584295244
FixedParameters: 0 0 0
#Transform 73
Transform: MatrixOffsetTransformBase_double_3_3
Parameters: 0.9999982558536389 -0.0014348251760345771 -0.0012982810054472415 0.001413180715138759 0.9998604967341033 -0.016657876761255217 0.0013217235417466494 0.016656145611903865 0.9998608084333467 0.061054973150334035 -0.1983095077741126 -0.6175633113678032
FixedParameters: 0 0 0
#Transform 74
Transform: MatrixOffsetTransformBase_double_3_3
Parameters: 0.9999977744980881 -0.0014397303356450126 -0.0014671341359385032 0.0014152719790279653 0.9998594172043134 -0.016720117443902033 0.0014908702953896928 0.016717894594391536 0.999859267507279 0.07168757519428937 -0.17258815961237417 -0.6375912329842777
FixedParameters: 0 0 0
#Transform 75
Transform: MatrixOffsetTransformBase_double_3_3
Parameters: 0.9999982772612632 -0.0015374412918862789 -0.0011657944930714675 0.0015185704271692868 0.9998624787629076 -0.016498800265166775 0.00119021442729335 0.016496200034930186 0.9998634259319937 0.05890090103707735 -0.20713910389171986 -0.5968708183481937
FixedParameters: 0 0 0
#Transform 76
Transform: MatrixOffsetTransformBase_double_3_3
Parameters: 0.9999977071738557 -0.001541773917848778 -0.0013839640008731493 0.0015182248873156063 0.9998540592864036 -0.01701814201864328 0.0014100398436781305 0.01701586688239854 0.9998544486024454 0.06393198102722408 -0.16693921120734956 -0.6430613544365684
FixedParameters: 0 0 0
#Transform 77
Transform: MatrixOffsetTransformBase_double_3_3
Parameters: 0.9999979405221109 -0.001540129593380166 -0.0012992103128037647 0.0015178726726900631 0.9998562133821298 -0.016865998201510368 0.001324787209806815 0.016863985816532964 0.9998568299268166 0.06622618634126809 -0.18930289866682415 -0.6163918172224214
FixedParameters: 0 0 0
#Transform 78
Transform: MatrixOffsetTransformBase_double_3_3
Parameters: 0.9999982425404865 -0.0015386198971294566 -0.0011785580803728996 0.0015183735225489023 0.9998493508969252 -0.017300818684063184 0.0012054481254876752 0.017299174463178465 0.999849266405931 0.06293285636043322 -0.1792016771383942 -0.6562069858410808
FixedParameters: 0 0 0
#Transform 79
Transform: MatrixOffsetTransformBase_double_3_3
Parameters: 0.9999976078621301 -0.0017721021514295352 -0.0011188275900760032 0.001753893684268954 0.9998705787057027 -0.01597898926266249 0.0011471696280910529 0.015976994050069384 0.9998714033021212 0.06314115227752382 -0.1879370662813642 -0.5894569561961731
FixedParameters: 0 0 0
#Transform 80
Transform: MatrixOffsetTransformBase_double_3_3
Parameters: 0.9999968268485051 -0.0015463580175524981 -0.0016681508713667686 0.0015176404032890296 0.9998560690830455 -0.016870572418564257 0.0016938412139215972 0.01686742146894923 0.9998565903166511 0.06078890810807991 -0.16583179756416655 -0.6265235718140758
FixedParameters: 0 0 0
#Transform 81
Transform: MatrixOffsetTransformBase_double_3_3
Parameters: 0.9999970705291761 -0.0019041685266195602 -0.0015177372599703622 0.001877826110029958 0.9998523757199376 -0.0170609004078612 0.0015502610326983174 0.017058098394798483 0.9998535985319651 0.050278636474800464 -0.18707097443217435 -0.6245414570719987
FixedParameters: 0 0 0
#Transform 82
Transform: MatrixOffsetTransformBase_double_3_3
Parameters: 0.9999969216453658 -0.001629560492625533 -0.0018498171871326177 0.0015974365355522705 0.9998462591698525 -0.017469004975240596 0.0018781891650149016 0.017465989376890836 0.9998453879800403 0.05722848075217257 -0.16800738908108315 -0.6688920773016207
FixedParameters: 0 0 0
#Transform 83
Transform: MatrixOffsetTransformBase_double_3_3
Parameters: 0.9999976209102381 -0.001542834798184231 -0.0014133599079891592 0.0015181556709150796 0.9998476827432825 -0.017406180954135236 0.0014406421493373949 0.01740481257661933 0.999846988859528 0.052411289759135116 -0.20506262254208707 -0.6226923226744958
FixedParameters: 0 0 0
#Transform 84
Transform: MatrixOffsetTransformBase_double_3_3
Parameters: 0.999998303822198 -0.0015388797036235032 -0.001152637626473195 0.0015181311661071637 0.9998381918100807 -0.017901777214307954 0.0011793655079856081 0.01790021245457068 0.9998391686519166 0.06529766214947585 -0.18364521500642184 -0.6563857515868108
FixedParameters: 0 0 0
#Transform 85
Transform: MatrixOffsetTransformBase_double_3_3
Parameters: 0.9999985122863825 -0.0016051185513245273 -0.0009537633634516665 0.0015888785072104045 0.999842682966143 -0.017685554916389224 0.0009822521107026052 0.01768346286882868 0.9998432964686006 0.06213927790587093 -0.202416136963123 -0.6364486651409464
FixedParameters: 0 0 0
#Transform 86
Transform: MatrixOffsetTransformBase_double_3_3
Parameters: 0.999998555537304 -0.0015369232157715152 -0.0010405854081197206 0.0015180878255878032 0.9998375454593476 -0.017947613421985538 0.0010674180597781298 0.017946393181455363 0.9998387679058786 0.06967570115310195 -0.17943642555711392 -0.6553879932703239
FixedParameters: 0 0 0
#Transform 87
Transform: MatrixOffsetTransformBase_double_3_3
Parameters: 0.9999970541166542 -0.0015465317288160755 -0.0015978678783373807 0.0015184639171062022 0.9998421592624785 -0.017706470713820997 0.0016251379863965463 0.01770353107210819 0.9998419108585872 0.04338528211022208 -0.1948647696455481 -0.6217955005632234
FixedParameters: 0 0 0
#Transform 88
Transform: MatrixOffsetTransformBase_double_3_3
Parameters: 0.9999985518107678 -0.001536359514477835 -0.001043468956592929 0.001517649701589076 0.9998478585259044 -0.017372621674128657 0.0010695271859366001 0.01737139487521797 0.9998490741648068 0.05984871361985711 -0.1639269882213057 -0.6542334797938736
FixedParameters: 0 0 0
#Transform 89
Transform: MatrixOffsetTransformBase_double_3_3
Parameters: 0.9999968447088269 -0.0017984440203665198 -0.0017085318401493326 0.0017695494460830796 0.9998530860104908 -0.017081079168011597 0.001739475984665676 0.017077927476653456 0.999852296493401 0.05545614065117377 -0.2044064378466004 -0.6292146058469115
FixedParameters: 0 0 0
#Transform 90
Transform: MatrixOffsetTransformBase_double_3_3
Parameters: 0.9999986397930348 -0.001536176219754244 -0.0010006375712030865 0.0015178376068459994 0.9998386230498529 -0.01791755383378825 0.0010273606590986163 0.01791645682113572 0.9998389267000336 0.050084810114427114 -0.17377935825574298 -0.6388034514261562
FixedParameters: 0 0 0
#Transform 91
Transform: MatrixOffsetTransformBase_double_3_3
Parameters: 0.999998238951009 -0.001538955984736791 -0.0011801628883935295 0.0015180453510664686 0.9998444088064344 -0.017557822184183045 0.0012068373039729806 0.017555173369224807 0.9998453207484199 0.06415729456246311 -0.19953563502294003 -0.6261791408377633
FixedParameters: 0 0 0
#Transform 92
Transform: MatrixOffsetTransformBase_double_3_3
Parameters: 0.9999990274058593 -0.0014298546566954104 -0.0009640351565704662 0.0014111483012006001 0.9998320880385954 -0.01827238060493239 0.0009899502970266906 0.018271604722828908 0.9998321514286038 0.061535920163819924 -0.1835976977941698 -0.6824607603302866
FixedParameters: 0 0 0
#Transform 93
Transform: MatrixOffsetTransformBase_double_3_3
Parameters: 0.9999973009709692 -0.0015458020330152515 -0.0015192195325818656 0.001518183434097253 0.999834819422972 -0.01813436387995395 0.0015477835679420713 0.01813166485269154 0.9998348148109699 0.05854108265326374 -0.20918067627087567 -0.6360416119103718
FixedParameters: 0 0 0
#Transform 94
Transform: MatrixOffsetTransformBase_double_3_3
Parameters: 0.9999976648962721 -0.0015429405702693506 -0.0013979554774916352 0.001518057045037754 0.9998424392371607 -0.017670153661856248 0.0014250445355028795 0.017667832720140456 0.999842789360967 0.056673292891346705 -0.19157611127238283 -0.6557151417342055
FixedParameters: 0 0 0
#Transform 95
Transform: MatrixOffsetTransformBase_double_3_3
Parameters: 0.9999982472765779 -0.0015393211434608259 -0.0011766196231220826 0.001517691924660705 0.9998388692493644 -0.017910825253329946 0.0012033750622448746 0.017909187124587715 0.9998387895493281 0.055490644357931274 -0.2003647925940868 -0.6363427662751207
FixedParameters: 0 0 0
#Transform 96
Transform: MatrixOffsetTransformBase_double_3_3
Parameters: 0.9999985413160322 -0.001537665856519535 -0.0010456510163632427 0.0015183278834825262 0.9998263841771902 -0.01855461953896651 0.0010743569118403366 0.018553379894643614 0.9998275954575057 0.062146672732524166 -0.18819288484031915 -0.6686673268928018
FixedParameters: 0 0 0
#Transform 97
Transform: MatrixOffsetTransformBase_double_3_3
Parameters: 0.9999988658006547 -0.0015347762763748207 -0.0008824438693956733 0.0015182325339984472 0.9998237057278451 -0.018707359137032527 0.0009105599236363226 0.01870562187420302 0.9998242323577934 0.054178611446261016 -0.19593940508973162 -0.648292141821301
FixedParameters: 0 0 0
#Transform 98
Transform: MatrixOffsetTransformBase_double_3_3
Parameters: 0.9999976067973937 -0.0015795662765694433 -0.00137812965833658 0.0015524352560196434 0.9998168871480536 -0.019070184076665594 0.00140785928074748 0.019067820806791914 0.9998173991110263 0.05500841075395613 -0.18330948883985343 -0.7037624497144179
FixedParameters: 0 0 0
#Transform 99
Transform: MatrixOffsetTransformBase_double_3_3
Parameters: 0.999997314682663 -0.0016653875391004053 -0.0013828211958675993 0.0016386062813609726 0.9998201995356543 -0.018870302298231955 0.0014141699231516487 0.018867681249214834 0.9998209729080693 0.06270843878753851 -0.18740118542959294 -0.6500266486914512
FixedParameters: 0 0 0
#Transform 100
Transform: MatrixOffsetTransformBase_double_3_3
Parameters: 0.9999975825906109 -0.0016249934867460607 -0.0013329258353212547 0.0015990039181743509 0.999812840579547 -0.019276178376030895 0.0013640742590064472 0.01927383040497925 0.9998136207425643 0.07662599334375386 -0.18637268267319484 -0.7018370660580757
FixedParameters: 0 0 0
#Transform 101
Transform: MatrixOffsetTransformBase_double_3_3
Parameters: 0.9999980696392423 -0.001601471241899966 -0.0011684931225827498 0.0015785398186273596 0.9998027190772879 -0.019817889053161366 0.0011995175524220191 0.019816123544601435 0.9998028454353279 0.05884083737915091 -0.19544222412766032 -0.6725731985673775
FixedParameters: 0 0 0
#Transform 102
Transform: MatrixOffsetTransformBase_double_3_3
Parameters: 0.9999979267755349 -0.0015673137030667794 -0.0012714148946119776 0.001541675670586976 0.999805597248939 -0.019671999727556882 0.0013025779067641797 0.019669998065675567 0.9998053574209533 0.06161779508214238 -0.20342669094314658 -0.710495022091493
FixedParameters: 0 0 0
#Transform 103
Transform: MatrixOffsetTransformBase_double_3_3
Parameters: 0.999997784861325 -0.001542532534571705 -0.0013553867723442926 0.0015154757402978038 0.999811739362946 -0.01936309428143122 0.001384601460321022 0.01936090442773279 0.9998112003620202 0.06297798262247056 -0.18904888661131736 -0.6815058917798638
FixedParameters: 0 0 0
#Transform 104
Transform: MatrixOffsetTransformBase_double_3_3
Parameters: 0.9999980108252494 -0.001637991729096776 -0.0011427299385874772 0.0016150026953022489 0.9998017691079756 -0.019838873580057162 0.0011752692928960618 0.019837102982074237 0.9998020714548019 0.06441058463087757 -0.20007738129709196 -0.7078775590742765
FixedParameters: 0 0 0
#Transform 105
Transform: MatrixOffsetTransformBase_double_3_3
Parameters: 0.9999972381340759 -0.001824225389462188 -0.0011968663863068695 0.0018007697885695435 0.9997991307235512 -0.019939203459076564 0.0012331506737653188 0.019937798628562136 0.999800939821926 0.06356214158199691 -0.18727778143981766 -0.693703452285618
FixedParameters: 0 0 0
#Transform 106
Transform: MatrixOffsetTransformBase_double_3_3
Parameters: 0.9999974910777424 -0.0018212534667143925 -0.001091286363941055 0.001800749514871679 0.9998141971618769 -0.019170993452144954 0.0011257265654034563 0.019168978078224548 0.9998152482967922 0.07104595600084451 -0.20281385520189588 -0.6833222691949317
FixedParameters: 0 0 0
#Transform 107
Transform: MatrixOffsetTransformBase_double_3_3
Parameters: 0.9999971191060762 -0.0018314214834194266 -0.001589503538911929 0.0018005896211194328 0.9998075600013802 -0.01954891791816158 0.0016245070541172095 0.019546080709225998 0.9998072754793863 0.06944493476012781 -0.16951765809494646 -0.6840732175542428
FixedParameters: 0 0 0
#Transform 108
Transform: MatrixOffsetTransformBase_double_3_3
Parameters: 0.9999976419001093 -0.0016853480291067048 -0.0012323731697555683 0.0016606569200963226 0.9998079923855622 -0.019499081483108503 0.0012646197864851119 0.019496903603342452 0.9998092326898593 0.06508427322111743 -0.21606813258915736 -0.6809314901779402
FixedParameters: 0 0 0
#Transform 109
Transform: MatrixOffsetTransformBase_double_3_3
Parameters: 0.9999981147034946 -0.0014910793787844758 -0.0012894440504486332 0.0014649284740889691 0.999798994806899 -0.019995932525264045 0.0013185538440148607 0.019993077508423888 0.9997994789310416 0.06163197124550379 -0.19244772794871778 -0.6985141013346663
FixedParameters: 0 0 0
#Transform 110
Transform: MatrixOffsetTransformBase_double_3_3
Parameters: 0.9999976177323053 -0.0015519026872417951 -0.0014047757720440208 0.001524091240326835 0.9998054742645246 -0.01965117716312316 0.0014352250035282361 0.01964880882040776 0.9998058233373354 0.06208766843228375 -0.21051331211073432 -0.6909051766595837
FixedParameters: 0 0 0
#Transform 111
Transform: MatrixOffsetTransformBase_double_3_3
Parameters: 0.9999976154261659 -0.0017421033324132148 -0.0011616394662518372 0.0017178873768261432 0.9997892917129237 -0.02043804226551113 0.001197358856692683 0.020435960771718536 0.9997908935547644 0.06315715098850205 -0.18588011357284984 -0.7165464044032603
FixedParameters: 0 0 0
#Transform 112
Transform: MatrixOffsetTransformBase_double_3_3
Parameters: 0.9999964847640925 -0.0018351982901105635 -0.0017732814548178408 0.001800787047276802 0.9998055535764329 -0.019651269137920167 0.0018097339283535655 0.019647754603711546 0.9998056492104658 0.04633038376807974 -0.20227953450364566 -0.6789198190302272
FixedParameters: 0 0 0
#Transform 113
Transform: MatrixOffsetTransformBase_double_3_3
Parameters: 0.9999973763880889 -0.0016717280040645314 -0.0013524241426929834 0.0016442777220634019 0.9997931458858809 -0.02025126213996682 0.0013855801505372129 0.02024872205781739 0.9997940207812436 0.05790946411387665 -0.18496901086743378 -0.706878790084545
FixedParameters: 0 0 0
#Transform 114
Transform: MatrixOffsetTransformBase_double_3_3
Parameters: 0.9999977390464417 -0.0018280507438690828 -0.001385754523822312 0.0017999640107526158 0.9997985081712144 -0.01998055023566518 0.0014212458199239638 0.01997745781200082 0.9997998291019253 0.042124880581056345 -0.19969728021985134 -0.6839475666724155
FixedParameters: 0 0 0
#Transform 115
Transform: MatrixOffsetTransformBase_double_3_3
