#Insight Transform File V1.0
#Transform 0
Transform: MatrixOffsetTransformBase_double_3_3
Parameters: 0.999999701935313 0.00023406634843752209 0.0004934952564339324 -0.0002329344275283191 0.999997279875647 -0.002160113514365625 -0.0004935039784255273 0.002159883049587717 0.9999970908558291 -0.00228750996778615 -0.1808587899145948 -0.1456793590535881
FixedParameters: 0 0 0
#Transform 1
Transform: MatrixOffsetTransformBase_double_3_3
Parameters: 0.9999998187504084 0.00017221460833022649 -0.0003893482372699938 -0.00017378461193210865 0.9999978977438955 -0.002017932191297522 0.00038865000944704876 0.002018066785263392 0.9999977763519262 0.007667775881955663 -0.1410242144379339 -0.2964684801331856
FixedParameters: 0 0 0
#Transform 2
Transform: MatrixOffsetTransformBase_double_3_3
Parameters: 0.9999997529906501 7.937083670814335e-7 0.0004969991066831976 -2.0628983550045273e-7 0.9999984495906893 -0.0015969992235216027 -0.0004970007036819242 0.001596998726521999 0.9999982025818864 -0.006047370557965337 -0.1925885747086511 -0.29903532785918685
FixedParameters: 0 0 0
#Transform 3
Transform: MatrixOffsetTransformBase_double_3_3
Parameters: 0.9999998436512426 -0.00016944710035440874 0.00035726260555744784 0.00017055237174357625 0.999998574795944 -0.0015479384545258631 -0.0003567362858483204 0.0015480598344587823 0.9999984762469984 -0.017467322595223322 -0.19507906793106145 -0.2737791303732564
FixedParameters: 0 0 0
#Transform 4
Transform: MatrixOffsetTransformBase_double_3_3
Parameters: 0.9999999870040152 2.0246416861702396e-7 -0.00011399986694182814 2.0246416861702396e-7 0.9999988458190647 0.0017760014790967017 0.00011399986694182814 -0.0017760014790967015 0.9999988328230538 -0.01946933259148409 -0.2007178726787373 -0.14181937295786895
FixedParameters: 0 0 0
#Transform 5
Transform: MatrixOffsetTransformBase_double_3_3
Parameters: 0.9999991917692665 0.0013255087722406288 0.0002249124131702162 -0.0013264908306169765 0.9999964149080298 0.0021967020359926173 -0.0002220859619651434 -0.0021972947576162113 0.9999971232345802 -0.01874088386895778 -0.21043106207963547 -0.02660733198769094
FixedParameters: 0 0 0
#Transform 6
Transform: MatrixOffsetTransformBase_double_3_3
Parameters: 0.999998835497834 0.0013233747799956308 0.0006433532930962223 -0.0013246239842735021 0.9999958334545695 0.0025321492832383395 -0.0006396472222385937 -0.002532847978834444 0.9999961749103723 -0.02852458306854544 -0.13129978986125934 -0.32414941977371825
FixedParameters: 0 0 0
#Transform 7
Transform: MatrixOffsetTransformBase_double_3_3
Parameters: 0.9999993164895096 0.0010372801592076397 0.0007792952332300566 -0.0010387219158278413 0.9999970362325286 0.0022101929907604946 -0.0007777062245465116 -0.0022108091610255533 0.9999975076157315 -0.03351871895993952 -0.15788093515006096 -0.3327872492722008
FixedParameters: 0 0 0
#Transform 8
Transform: MatrixOffsetTransformBase_double_3_3
Parameters: 0.9999998761429004 0.0010600023285049704 -0.000015906717813377968 -0.001059999512502525 0.9999998686548939 0.00008801694843383068 0.00001609327797538663 -0.00008798302840437458 0.999999992000001 -0.03759786149437616 -0.15295815580255123 -0.30834937855276223
FixedParameters: 0 0 0
#Transform 9
Transform: MatrixOffsetTransformBase_double_3_3
Parameters: 0.9999988523139963 0.0010414687369957837 0.0010305280619259333 -0.0010415325880370441 0.99999970916055 -0.00045407414242213783 -0.001031473745537033 0.000453926567326775 0.9999997309215641 -0.03627081169550195 -0.153713935335702 -0.21686491217917592
FixedParameters: 0 0 0
#Transform 10
Transform: MatrixOffsetTransformBase_double_3_3
Parameters: 0.9999990160573272 0.0007757885951139788 0.0006180108784915937 -0.0007752108004669214 0.9999987716984764 -0.0012754795648806114 -0.0006189891798940039 0.0012755202708557463 0.9999989905563427 -0.030501817889174276 -0.16647878726239185 -0.2488410958833498
FixedParameters: 0 0 0
#Transform 11
Transform: MatrixOffsetTransformBase_double_3_3
Parameters: 0.9999997479270734 0.00042558492003271116 0.0002660667315154398 -0.00042541551604384357 0.9999980053071877 -0.0021941135978139495 -0.0002669338284584586 0.0021938868058288532 0.9999971153352464 -0.042427354791016114 -0.15349117659049227 -0.2597874867346235
FixedParameters: 0 0 0
#Transform 12
Transform: MatrixOffsetTransformBase_double_3_3
Parameters: 0.9999991560852516 0.0008709589645102499 0.00029215578888703875 -0.0008700412309849331 0.9999945689086244 -0.0032672552550638916 -0.00029484365249678375 0.00326674427032819 0.9999942405387943 -0.041278966398394346 -0.1373132186667334 -0.22114565415871823
FixedParameters: 0 0 0
#Transform 13
Transform: MatrixOffsetTransformBase_double_3_3
Parameters: 0.9999997249581257 0.0005045960854762248 0.00014392671675022761 -0.0005034038956853766 0.999991845590508 -0.004111072862774252 -0.0001460706223741117 0.004110926702799893 0.9999910785826427 -0.04960678798788365 -0.12560021197216997 -0.21764556528897572
FixedParameters: 0 0 0
#Transform 14
Transform: MatrixOffsetTransformBase_double_3_3
Parameters: 0.9999997247141955 0.00037265677049060325 0.0003693355795200458 -0.0003713445108973537 0.9999898269402635 -0.004476136995568118 -0.00037066574310774586 0.004475861713653444 0.999989828424263 -0.047578473602996496 -0.15705225337208617 -0.25242701815692214
FixedParameters: 0 0 0
#Transform 15
Transform: MatrixOffsetTransformBase_double_3_3
Parameters: 0.9999996382292476 0.0005719674352559382 0.00018605042634751444 -0.0005710320481893246 0.9999860373068196 -0.005161102957936057 -0.00018894948545465607 0.005160888644149912 0.9999863287645286 -0.06035171135015105 -0.14343142218885419 -0.27910874466734015
FixedParameters: 0 0 0
#Transform 16
Transform: MatrixOffsetTransformBase_double_3_3
Parameters: 0.9999997106951468 0.0005049016353238534 0.00018556501219712572 -0.0005041011519951572 0.999988445397521 -0.0048270969221134745 -0.00018743549196518637 0.004826908742036203 0.9999886651376113 -0.04791971425964903 -0.16893052812795872 -0.2466172603378567
FixedParameters: 0 0 0
#Transform 17
Transform: MatrixOffsetTransformBase_double_3_3
Parameters: 0.9999997028350343 0.0005054112904336381 0.00020454762955860085 -0.0005035861395981881 0.9999769524850852 -0.006840104423316755 -0.000208449766206796 0.006840896063245385 0.9999761643651562 -0.05454201251315283 -0.17333198887715184 -0.3771344337663294
FixedParameters: 0 0 0
#Transform 18
Transform: MatrixOffsetTransformBase_double_3_3
Parameters: 0.9999995380747675 0.000566608946309349 0.0003750878931313113 -0.0005643911950831255 0.999975793232052 -0.006920212478528222 -0.00037891450779620016 0.0069197860856769905 0.9999759708949901 -0.05568599928852791 -0.19739694048102763 -0.32772318454968286
FixedParameters: 0 0 0
#Transform 19
Transform: MatrixOffsetTransformBase_double_3_3
Parameters: 0.9999997392586735 0.000503328428865123 -0.00008697846595051995 -0.0005036712896402394 0.9999683513382609 -0.007898953070049054 0.00008302405154423422 0.007899038666992911 0.9999685976290993 -0.060884536358415176 -0.1899077331233343 -0.47152250157702724
FixedParameters: 0 0 0
#Transform 20
Transform: MatrixOffsetTransformBase_double_3_3
Parameters: 0.9999997310754668 0.0005049821457433335 0.00011786906306094151 -0.0005040169930458034 0.999966701015818 -0.008188059043939119 -0.00012213088972532504 0.008187937961977065 0.9999659411400561 -0.0543204314030703 -0.20414574114968786 -0.42485836876497274
FixedParameters: 0 0 0
#Transform 21
Transform: MatrixOffsetTransformBase_double_3_3
Parameters: 0.9999995324387047 0.0006267409005070922 -0.0002732408444196603 -0.000629256697151873 0.99996493197359 -0.00834683078546621 0.00026775683819397654 0.00834717053841824 0.9999652531925448 -0.06252702047007119 -0.17200690975613497 -0.48837087137547996
FixedParameters: 0 0 0
#Transform 22
Transform: MatrixOffsetTransformBase_double_3_3
Parameters: 0.9999994746231424 0.0011790614006486927 -0.00036756233881752036 -0.0011819417412789548 0.9999660034154391 -0.00809956877829136 0.00035843908898863477 0.00809942583730971 0.9999672652492769 -0.07200657912963493 -0.1940706267279353 -0.49611294151955576
FixedParameters: 0 0 0
#Transform 23
Transform: MatrixOffsetTransformBase_double_3_3
Parameters: 0.9999997901546891 0.0010798171693918704 0.00020881606788630252 -0.0010781824728447722 0.9999633802645032 -0.0085122297768625 -0.0002181853000219855 0.008511769034708301 0.999963498943543 -0.07083018692971166 -0.19486558457971626 -0.4978386620576458
FixedParameters: 0 0 0
#Transform 24
Transform: MatrixOffsetTransformBase_double_3_3
Parameters: 1.0000001123348758 0.0007620390578003511 0.0005541362356401848 -0.0007569625955500325 0.9999587541015422 -0.009037422451152237 -0.0005608637286223803 0.009036575590776837 0.9999590201416602 -0.07526358441076297 -0.17244340316133844 -0.5534816357610453
FixedParameters: 0 0 0
#Transform 25
Transform: MatrixOffsetTransformBase_double_3_3
Parameters: 1.000000136789215 0.000854551467090742 -0.0003642016959267683 -0.0008584474106731463 0.9999535357782872 -0.009577689932143113 0.0003557950655122711 0.009577306624987427 0.9999541397845325 -0.07691856422316334 -0.22294844263407754 -0.496687083897811
FixedParameters: 0 0 0
#Transform 26
Transform: MatrixOffsetTransformBase_double_3_3
Parameters: 0.999999277475602 0.0008499727204439022 -0.000006797935973187631 -0.0008500277643951023 0.9999571134659831 -0.009173992716658794 -7.981932923497318e-7 0.009173997816654272 0.9999578359723428 -0.06700361584033487 -0.1614903974252968 -0.5834385713579877
FixedParameters: 0 0 0
#Transform 27
Transform: MatrixOffsetTransformBase_double_3_3
Parameters: 0.9999984977879489 0.0015734266749508634 0.00016491144771798395 -0.0015715721935042218 0.9999642702407054 -0.008322273676372267 -0.0001780846088906649 0.008321734302242364 0.9999657136280531 -0.0842430584734899 -0.19116078487738264 -0.487293596281944
FixedParameters: 0 0 0
#Transform 28
Transform: MatrixOffsetTransformBase_double_3_3
Parameters: 0.999998961454729 0.0014109981252328648 0.00021846732898480313 -0.0014090073353059031 0.999960013710158 -0.00888831672690269 -0.00023053202154216997 0.008887683623925915 0.9999599514531602 -0.07760361598118948 -0.18978040240119753 -0.5262318561840829
FixedParameters: 0 0 0
#Transform 29
Transform: MatrixOffsetTransformBase_double_3_3
Parameters: 0.9999994163677226 0.0012486307641300619 -0.000155431415568196 -0.0012503666573314078 0.9999577143948621 -0.009149817326242036 0.00014356508435595756 0.009150190932500595 0.999958253326235 -0.06973688522515431 -0.20783691852446395 -0.4833748633063806
FixedParameters: 0 0 0
#Transform 30
Transform: MatrixOffsetTransformBase_double_3_3
Parameters: 0.9999981456329486 0.0016588568479227648 -0.00031975527009794706 -0.0016621433887036583 0.999947421836198 -0.010090480418803654 0.0003032438452466313 0.010090514936780348 0.9999490821340768 -0.08011343601931742 -0.2024809503410836 -0.5285488381529149
FixedParameters: 0 0 0
#Transform 31
Transform: MatrixOffsetTransformBase_double_3_3
Parameters: 0.9999982353872678 0.0016624705815792378 0.000039621519995866576 -0.0016615246934360975 0.9999501536099918 -0.009853084710052874 -0.00005637369453094861 0.00985292515802873 0.9999519136152581 -0.0772944020053501 -0.197474447041742 -0.5158806352255283
FixedParameters: 0 0 0
#Transform 32
Transform: MatrixOffsetTransformBase_double_3_3
Parameters: 0.9999981830545653 0.0016643606958333455 0.00021764871526951392 -0.0016616348935958344 0.999944404725338 -0.010432373862483297 -0.00023534648782622963 0.010431620506970411 0.9999451190648762 -0.07170856233415179 -0.2321073778227003 -0.520192762892961
FixedParameters: 0 0 0
#Transform 33
Transform: MatrixOffsetTransformBase_double_3_3
Parameters: 0.9999984984741489 0.0016707705892825386 0.0008428327709844308 -0.0016622369556185406 0.9999450989695391 -0.0103024100159979 -0.0008591686367697643 0.010300573551146228 0.9999461520528807 -0.07425367538132832 -0.21239973795519518 -0.5135851311976296
FixedParameters: 0 0 0
#Transform 34
Transform: MatrixOffsetTransformBase_double_3_3
Parameters: 0.9999992497932954 0.001250406917983011 0.0004314313226485074 -0.0012465962885072348 0.9999480538533384 -0.010069543989744838 -0.0004435742769780155 0.01006845151989513 0.9999494212351502 -0.061062181300840734 -0.1945279927365391 -0.5367412444309139
FixedParameters: 0 0 0
#Transform 35
Transform: MatrixOffsetTransformBase_double_3_3
Parameters: 0.9999980199591004 0.00169646442732345 0.0003180464976314878 -0.001693536045925324 0.9999429013844291 -0.0105935574216923 -0.000335959504949804 0.010593448854714615 0.9999436675592716 -0.07021606475787223 -0.19651884284769494 -0.5498652048901391
FixedParameters: 0 0 0
#Transform 36
Transform: MatrixOffsetTransformBase_double_3_3
Parameters: 0.9999981316769713 0.0012576951696232513 0.0011341628190887506 -0.0012463051581915045 0.9999462851566291 -0.010254422258107042 -0.0011468395232136698 0.010253566366976328 0.9999465519263582 -0.07105126040093523 -0.19537370509671348 -0.5449681481304083
FixedParameters: 0 0 0
#Transform 37
Transform: MatrixOffsetTransformBase_double_3_3
Parameters: 0.9999978580647864 0.0014323972234186314 0.0014458769749337032 -0.0014176009603415834 0.9999497785607834 -0.00991006760676268 -0.001460118334195376 0.009907926455475075 0.9999496979768101 -0.06725661722084908 -0.19472232577058435 -0.5792709731511394
FixedParameters: 0 0 0
#Transform 38
Transform: MatrixOffsetTransformBase_double_3_3
Parameters: 0.9999988590341926 0.0014509457932343564 0.00018858370590919474 -0.001449048433106635 0.9999490516853418 -0.009942274800152794 -0.00020341619127278094 0.009941706386713692 0.9999501158172917 -0.05604424564114652 -0.2519691689703194 -0.4754054523306479
FixedParameters: 0 0 0
#Transform 39
Transform: MatrixOffsetTransformBase_double_3_3
Parameters: 0.9999991031456612 0.0013693699645161807 0.00014889906281361366 -0.0013676292156235767 0.9999599623350761 -0.008841211022538003 -0.00016109735906103494 0.008840786781564176 0.9999608111390237 -0.05770302477849043 -0.18691924693909812 -0.562012823289777
FixedParameters: 0 0 0
#Transform 40
Transform: MatrixOffsetTransformBase_double_3_3
Parameters: 0.9999985142144039 0.0015729242945425484 -0.00010716847336545202 -0.001574084733077086 0.9999394703862063 -0.010910852544910614 0.0000908304508396019 0.01091116410705413 0.9999409365698816 -0.041861596972680104 -0.24638806329262763 -0.5732328176496111
FixedParameters: 0 0 0
#Transform 41
Transform: MatrixOffsetTransformBase_double_3_3
Parameters: 0.9999987197331945 0.001492620328591639 0.00023063201358862112 -0.0014893741609761204 0.9999383226095594 -0.010975349487026897 -0.0002473604273007189 0.010974636773550423 0.9999394886327028 -0.053132197399179404 -0.23074758796583694 -0.6131605099791813
FixedParameters: 0 0 0
#Transform 42
Transform: MatrixOffsetTransformBase_double_3_3
Parameters: 0.9999984516540429 0.0017951339825566881 0.0005710636803822928 -0.0017888659318257194 0.9999421345534449 -0.010567035778595078 -0.0005899350985615804 0.01056595520781385 0.9999440089200655 -0.05510644631664263 -0.2471813340123532 -0.5808323306584384
FixedParameters: 0 0 0
#Transform 43
Transform: MatrixOffsetTransformBase_double_3_3
Parameters: 0.9999983231869127 0.0015234767414359128 0.0005956927124390704 -0.0015175193258113887 0.9999416374834552 -0.010726924887118388 -0.0006123114269708172 0.010725088066617507 0.9999425846407134 -0.058922316754873805 -0.20288571731434502 -0.6515522713122124
FixedParameters: 0 0 0
#Transform 44
Transform: MatrixOffsetTransformBase_double_3_3
Parameters: 0.9999982642797716 0.0019196832152598828 0.0002273888892746741 -0.001916309432083679 0.9999344055075087 -0.011265459228481298 -0.00024960472101978793 0.01126554431951096 0.9999370274614227 -0.05327280858114136 -0.2582694543200006 -0.5642952841036077
FixedParameters: 0 0 0
#Transform 45
Transform: MatrixOffsetTransformBase_double_3_3
Parameters: 0.99999937165968 0.0011812089134263975 0.0004830889541945316 -0.0011747928962019404 0.9999194314424238 -0.01265657789742942 -0.0004979077080225989 0.012655422234208867 0.9999195785844519 -0.044368416398739896 -0.254699236570616 -0.6354949401492007
FixedParameters: 0 0 0
#Transform 46
Transform: MatrixOffsetTransformBase_double_3_3
Parameters: 0.9999970525883737 0.0022236363832939727 -0.00004529810711465267 -0.002224357499057008 0.9999376724768867 -0.0109259278536462 0.000020697779198531868 0.010926074637597968 0.9999406177109189 -0.0560115169901394 -0.24822490104861572 -0.4925142861566201
FixedParameters: 0 0 0
#Transform 47
Transform: MatrixOffsetTransformBase_double_3_3
Parameters: 0.9999980772391007 0.0011469784670537881 0.0012674879139313506 -0.0011330145861664202 0.9999392569906368 -0.01097545316752876 -0.0012805105081633544 0.010973548363226171 0.9999389335017552 -0.054992414974307735 -0.2145933110458884 -0.580236392490491
FixedParameters: 0 0 0
#Transform 48
Transform: MatrixOffsetTransformBase_double_3_3
Parameters: 0.9999974208818219 0.00176501850178748 0.001209797821553147 -0.0017509794985474676 0.9999328616557253 -0.011492152259408877 -0.0012302015591687764 0.011489862594554267 0.9999334638729501 -0.05518380261671041 -0.26412839474163263 -0.5554199216470863
FixedParameters: 0 0 0
#Transform 49
Transform: MatrixOffsetTransformBase_double_3_3
Parameters: 0.999997820387897 0.0015891851685720826 0.0012864638498065147 -0.0015738201935527 0.9999301590010405 -0.011720044121571165 -0.0013045323824216603 0.011717946309660776 0.9999299818591326 -0.054820294846877005 -0.22463332633832067 -0.6049261803168093
FixedParameters: 0 0 0
#Transform 50
Transform: MatrixOffsetTransformBase_double_3_3
Parameters: 0.9999977452197516 0.00185948843546955 0.00134077888319243 -0.0018435096611152126 0.9999322242896957 -0.011461502138937374 -0.0013622185527184217 0.011459497367140126 0.9999338258443325 -0.06983187091499587 -0.2198851880830972 -0.5922555588362997
FixedParameters: 0 0 0
#Transform 51
Transform: MatrixOffsetTransformBase_double_3_3
Parameters: 0.9999979095700775 0.0019960115660911837 0.00032633943487829677 -0.0019919905496043333 0.9999272406068208 -0.0118656645030075 -0.00034965876250427595 0.011864316512185237 0.9999291025411939 -0.05318250121126766 -0.26369985128734186 -0.5878954382616257
FixedParameters: 0 0 0
#Transform 52
Transform: MatrixOffsetTransformBase_double_3_3
Parameters: 0.9999979572760893 0.00176714118299352 0.0013854107590839028 -0.0017498529976498704 0.9999232015603069 -0.012277452428705043 -0.0014075870906556972 0.012274540752973486 0.9999233437113427 -0.053061267722696925 -0.2500574904399855 -0.6221880528838284
FixedParameters: 0 0 0
#Transform 53
Transform: MatrixOffsetTransformBase_double_3_3
Parameters: 0.9999983716029911 0.001848532313725874 -0.00046053370157869824 -0.0018534749488160578 0.9999244226166802 -0.012171168916562478 0.00043847305271283934 0.012171833036708959 0.9999256468949503 -0.05237366473596694 -0.25345160558356383 -0.5805436081033548
FixedParameters: 0 0 0
#Transform 54
Transform: MatrixOffsetTransformBase_double_3_3
Parameters: 0.9999984546936711 0.001804951404373979 0.0005361305096179182 -0.0017980503463193814 0.9999175974835983 -0.012694987386578701 -0.0005588706893881728 0.0126940146612891 0.9999195432521776 -0.05671822617540556 -0.24392732040300302 -0.6183249194476304
FixedParameters: 0 0 0
#Transform 55
Transform: MatrixOffsetTransformBase_double_3_3
Parameters: 0.9999984961642148 0.0018043698560474308 0.0004984961065862691 -0.0017976260043338207 0.9999206624858958 -0.012493919925338732 -0.0005214994658424256 0.012493082837001901 0.9999216461032917 -0.05715991086056249 -0.28303718773540254 -0.5806293479959237
FixedParameters: 0 0 0
#Transform 56
Transform: MatrixOffsetTransformBase_double_3_3
Parameters: 0.999997583462558 0.0019557904276368675 0.0007685390536797659 -0.0019462052540364697 0.9999199855664107 -0.012538530743741297 -0.0007934642930422208 0.0125374831573478 0.9999211821298601 -0.05429910000854932 -0.23855916912820874 -0.6178622577270829
FixedParameters: 0 0 0
#Transform 57
Transform: MatrixOffsetTransformBase_double_3_3
Parameters: 0.9999978309601512 0.0022735934921898565 0.00003398040823931559 -0.0022724102911021006 0.9999219215973653 -0.012325115281886997 -0.00006201209600977527 0.012324897073686392 0.9999240860293549 -0.04549098716081801 -0.2699028892229052 -0.517943613111683
FixedParameters: 0 0 0
#Transform 58
Transform: MatrixOffsetTransformBase_double_3_3
Parameters: 0.9999988735434675 0.0017276082278237426 0.0003753916540575244 -0.0017233867079909184 0.9999273463043564 -0.011944662756451306 -0.0003966135902442026 0.011944330618385783 0.99992817475652 -0.0466520478934882 -0.2299729899127101 -0.5443805914095918
FixedParameters: 0 0 0
#Transform 59
Transform: MatrixOffsetTransformBase_double_3_3
Parameters: 0.9999977079901959 0.0020346883804168766 0.0003892400145538674 -0.0020303122516379243 0.99992919629928 -0.011690805798492807 -0.00041276355686395205 0.011690175672100601 0.9999311666943793 -0.053816594155975395 -0.2659991087851523 -0.4927755375852172
FixedParameters: 0 0 0
#Transform 60
Transform: MatrixOffsetTransformBase_double_3_3
Parameters: 0.9999985157722613 0.0018626514184448494 -0.000118530903582773 -0.0018643537955393933 0.9999180669967936 -0.012627798460301756 0.00009546626530184731 0.012627197263268367 0.9999205283259301 -0.042707372369960694 -0.24743454562472778 -0.5802108757001179
FixedParameters: 0 0 0
#Transform 61
Transform: MatrixOffsetTransformBase_double_3_3
Parameters: 0.9999972826370495 0.0023861094283080353 0.00015546904757263549 -0.0023838995471535387 0.9999210037666826 -0.01238141633810955 -0.0001845312319064546 0.012381605405293882 0.9999236633272754 -0.04464012880087864 -0.2704069130147815 -0.5272640582317507
FixedParameters: 0 0 0
#Transform 62
Transform: MatrixOffsetTransformBase_double_3_3
Parameters: 0.9999983519437231 0.0018064235005908888 0.0006210179365011875 -0.0017975767451050195 0.9999096816898073 -0.013307141997202924 -0.0006449767332334223 0.013305860566842853 0.9999115283353264 -0.04737671505753838 -0.26969730330924335 -0.5679329703400384
FixedParameters: 0 0 0
#Transform 63
Transform: MatrixOffsetTransformBase_double_3_3
Parameters: 0.9999975397614824 0.0021017881241098702 0.00020521825332078206 -0.0020992031492191956 0.9999170056648885 -0.01275046162474955 -0.0002327852881548999 0.01275054156474617 0.9999183699768307 -0.04444419386182119 -0.2556480331414832 -0.519639885831495
FixedParameters: 0 0 0
#Transform 64
Transform: MatrixOffsetTransformBase_double_3_3
Parameters: 0.9999977103072843 0.002260637380423008 0.00042504792191732055 -0.0022543659766241686 0.9999154800036981 -0.01282299125204347 -0.0004539439852056344 0.01282200683376111 0.9999173833632442 -0.04188893364572266 -0.2530287465915677 -0.5360783443344417
FixedParameters: 0 0 0
#Transform 65
Transform: MatrixOffsetTransformBase_double_3_3
Parameters: 0.999998493318415 0.00180465133164183 0.0004995649658543002 -0.0017983555370557445 0.9999135130530061 -0.013009921274560776 -0.0005224384626167697 0.013008080057096923 0.999915497468506 -0.03677535086083594 -0.25222664809906803 -0.5428030783353677
FixedParameters: 0 0 0
#Transform 66
Transform: MatrixOffsetTransformBase_double_3_3
Parameters: 0.9999972217491621 0.0021510799697798946 0.0003888747206868049 -0.002145916834620512 0.9999179991860605 -0.012624867512529031 -0.0004161244092502481 0.01262413790064782 0.9999204534116609 -0.030512938232888587 -0.26303406791083717 -0.4984661978952545
FixedParameters: 0 0 0
#Transform 67
Transform: MatrixOffsetTransformBase_double_3_3
Parameters: 0.9999977501962838 0.002259999860823205 0.0003771811172078941 -0.0022550040458998908 0.9999159385620354 -0.012765889290308826 -0.0004058198106984343 0.012765121591705933 0.9999188818083469 -0.03683998038141567 -0.24229519646713982 -0.5409990305198136
FixedParameters: 0 0 0
#Transform 68
Transform: MatrixOffsetTransformBase_double_3_3
Parameters: 0.9999981390509003 0.0019291415171533508 0.00037334596597138374 -0.001923848179061155 0.9999089779201914 -0.0133157407573582 -0.00039965283545977093 0.013315251508442105 0.999911540091752 -0.03047609743374835 -0.26505427834882767 -0.49218535336787284
FixedParameters: 0 0 0
#Transform 69
Transform: MatrixOffsetTransformBase_double_3_3
Parameters: 0.9999973090891915 0.0023697419328557417 0.00027331265451821627 -0.0023662639486275194 0.9999134363555726 -0.012959686179611336 -0.0003036915562462867 0.012959319778481944 0.9999159607934641 -0.0383053319205402 -0.2457938778170643 -0.5395331253835991
FixedParameters: 0 0 0
#Transform 70
Transform: MatrixOffsetTransformBase_double_3_3
Parameters: 0.9999972075665324 0.0021728907568842656 0.0002659258195540099 -0.002169105255509887 0.9999013853969947 -0.013852605895840803 -0.0002960762956416577 0.01385238573199351 0.9999040199001674 -0.039298489766480316 -0.27671003317257714 -0.5212247549449671
FixedParameters: 0 0 0
#Transform 71
Transform: MatrixOffsetTransformBase_double_3_3
Parameters: 0.9999985289588063 0.0018596607674496552 -0.00010972021968362082 -0.001861342914104048 0.9999023984164095 -0.01382482148816494 0.00008427486278480757 0.013825182438305356 0.9999048506393633 -0.02321184209257865 -0.25554685522504883 -0.5870948703745995
FixedParameters: 0 0 0
#Transform 72
Transform: MatrixOffsetTransformBase_double_3_3
Parameters: 0.9999983744059078 0.001806380461744349 0.0006024340414247812 -0.0017976141857033736 0.9999059532547617 -0.013631112940460302 -0.0006275606618736394 0.013629896381760728 0.9999068223662616 -0.0386938570238442 -0.2987558910417363 -0.5147189109574555
FixedParameters: 0 0 0
#Transform 73
Transform: MatrixOffsetTransformBase_double_3_3
Parameters: 0.9999985242085949 0.001856400636828598 0.00016835781740183274 -0.0018545920956631475 0.9999101242675078 -0.013282333052104087 -0.0001936513387157531 0.013282661323134118 0.9999115345326369 -0.030950648605568176 -0.2673963927813787 -0.5577460094430933
FixedParameters: 0 0 0
#Transform 74
Transform: MatrixOffsetTransformBase_double_3_3
Parameters: 0.9999970920262148 0.0021667625509844235 0.00046115731356967 -0.0021622359123751067 0.9999464737541305 -0.010092018919563505 -0.00048284456932481013 0.010090975575345025 0.999948936147286 -0.0334995764533943 -0.1826965484433174 -0.6385612104061948
FixedParameters: 0 0 0
#Transform 75
Transform: MatrixOffsetTransformBase_double_3_3
Parameters: 0.9999983932288666 0.0018600608739909724 0.00038108827601458843 -0.0018559425761702723 0.9999158393323239 -0.012872736777781581 -0.00040492454534050135 0.012872276315466202 0.9999171371872129 -0.0418798015091113 -0.25716994083487066 -0.5609350090738161
FixedParameters: 0 0 0
#Transform 76
Transform: MatrixOffsetTransformBase_double_3_3
Parameters: 0.9999982850324266 0.0018066714044862504 0.0006711012154883652 -0.001798329022536805 0.9999173399166201 -0.012705227050033435 -0.0006939028256169635 0.012703766532217357 0.9999191232303957 -0.03645558451908926 -0.26853121878627917 -0.49503557591420133
FixedParameters: 0 0 0
#Transform 77
Transform: MatrixOffsetTransformBase_double_3_3
Parameters: 0.9999981538667948 0.0019479692909833278 0.00022680763846038613 -0.0019450282259239652 0.9999207373275552 -0.012428460117020573 -0.0002511936786610283 0.012428529651998333 0.999922469214001 -0.018535259136797322 -0.2574333597865319 -0.46025379672813926
FixedParameters: 0 0 0
#Transform 78
Transform: MatrixOffsetTransformBase_double_3_3
Parameters: 0.9999984386277636 0.0018564337963493352 0.0003406705510421674 -0.0018515760916785497 0.9999192619938304 -0.012581652159362343 -0.00036332470217041073 0.01258134689332019 0.999920575550012 -0.011286639129139076 -0.24135163995447328 -0.49943555770363446
FixedParameters: 0 0 0
#Transform 79
Transform: MatrixOffsetTransformBase_double_3_3
Parameters: 0.9999986410807907 0.0018025378804418643 0.0003301233124236731 -0.001798466229377874 0.999910869446741 -0.013262621718359095 -0.0003538819523024729 0.013261390115432288 0.9999119944255876 -0.016650961911224726 -0.27572191807361435 -0.4549232026935499
FixedParameters: 0 0 0
#Transform 80
Transform: MatrixOffsetTransformBase_double_3_3
Parameters: 0.9999986424467627 0.001802550254324873 0.00032790370087045466 -0.0017984486822625965 0.9999086183914984 -0.013384614617803573 -0.0003521016810372341 0.013383390217187945 0.9999107447325677 -0.0214014625871215 -0.24560267055022678 -0.5062170332859353
FixedParameters: 0 0 0
#Transform 81
Transform: MatrixOffsetTransformBase_double_3_3
Parameters: 0.9999978051631637 0.002005049275172838 0.00041796327650362315 -0.0019989496510188862 0.9998998840047995 -0.014003861985738162 -0.0004460360850074016 0.014003132171959044 0.9999017055752483 -0.017598464874780007 -0.27775788383453914 -0.48150269225075704
FixedParameters: 0 0 0
#Transform 82
Transform: MatrixOffsetTransformBase_double_3_3
Parameters: 0.9999977763026497 0.002013986482907345 0.00040959444038001527 -0.002008022415329233 0.9998984439183661 -0.014124857621483064 -0.0004374061477390831 0.014124154215296942 0.9999003088928595 -0.007878659696586965 -0.25990600926395757 -0.512810594914356
FixedParameters: 0 0 0
#Transform 83
Transform: MatrixOffsetTransformBase_double_3_3
Parameters: 0.9999974166917766 0.0020887316837745686 0.00046896070273579293 -0.0020822660019079184 0.999900749191623 -0.013925005725768509 -0.0004980426526423174 0.013923988944261253 0.9999028649305974 -0.011634487171662045 -0.28348796292337397 -0.45762846751922837
FixedParameters: 0 0 0
#Transform 84
Transform: MatrixOffsetTransformBase_double_3_3
Parameters: 0.9999982959834282 0.0019069289381684219 0.0002596141477182878 -0.0019030654025417434 0.9998947194062453 -0.014375513449120565 -0.0002873857228466821 0.014374471360490982 0.9998962738106927 -0.01269025273462887 -0.26901061774540835 -0.5327889862588506
FixedParameters: 0 0 0
#Transform 85
Transform: MatrixOffsetTransformBase_double_3_3
Parameters: 0.9999974218935989 0.002224251061250231 0.0007941689389532257 -0.002212738440641296 0.9999009696113634 -0.013896797471318141 -0.0008258284818777454 0.013895203329818416 0.9999032354550736 -0.024968157850764783 -0.27625433472839234 -0.4911930733545091
FixedParameters: 0 0 0
#Transform 86
Transform: MatrixOffsetTransformBase_double_3_3
Parameters: 0.9999976478051333 0.002303225187660402 -0.00021853973956821197 -0.0023057813936144854 0.9999034144409616 -0.013684533391642766 0.00018746479396973678 0.013684469069618762 0.9999066842131821 -0.014115156332323409 -0.28448080678633403 -0.46683569235885614
FixedParameters: 0 0 0
#Transform 87
Transform: MatrixOffsetTransformBase_double_3_3
Parameters: 0.9999974689237767 0.0023360778779242227 0.00027202465830614706 -0.0023319258903021535 0.9998979555409643 -0.014127682423566103 -0.00030497525805126127 0.014127335636263576 0.9999003201440273 -0.020373162167601322 -0.3008188822681319 -0.4832505498426798
FixedParameters: 0 0 0
#Transform 88
Transform: MatrixOffsetTransformBase_double_3_3
Parameters: 0.9999957389871056 0.0028420685477568083 0.00042852456347616563 -0.0028359253653055766 0.999904274156387 -0.013552274005447304 -0.0004674764763372778 0.013551730139407353 0.9999081337416709 -0.01872830852536822 -0.3124169784415045 -0.4640415494141763
FixedParameters: 0 0 0
#Transform 89
Transform: MatrixOffsetTransformBase_double_3_3
Parameters: 0.999997963863376 0.0022092698798919625 0.0003945654452437553 -0.002203729106791031 0.999915087873079 -0.012885907614988843 -0.00042343159381842975 0.012885102624247751 0.9999167894346456 0.0006696441687523702 -0.25416300045178275 -0.47726934749968564
FixedParameters: 0 0 0
#Transform 90
Transform: MatrixOffsetTransformBase_double_3_3
Parameters: 0.9999966240453976 0.0024408617847149422 0.0006485211726308144 -0.00243114547042464 0.999908368519844 -0.013330620679306815 -0.000680467974297361 0.013329383097397212 0.999910861320662 -0.004059945350846306 -0.3013802142557438 -0.42257659610795884
FixedParameters: 0 0 0
#Transform 91
Transform: MatrixOffsetTransformBase_double_3_3
Parameters: 0.9999980215789149 0.0018813760579008117 0.0006629694773906754 -0.0018716236203225498 0.9999021061735679 -0.013870263404482445 -0.0006890242542491022 0.013868726258021769 0.9999031706021944 -0.0005789317568059005 -0.27153161416325133 -0.5022268148157849
FixedParameters: 0 0 0
#Transform 92
Transform: MatrixOffsetTransformBase_double_3_3
Parameters: 0.9999977132816696 0.002217517587250518 0.0006066844508238179 -0.002209478279365021 0.9999034970762922 -0.013697373286709806 -0.0006373217441983908 0.013695619554516638 0.9999060099855689 0.00587367954339868 -0.27937065378260684 -0.4472693229079141
FixedParameters: 0 0 0
#Transform 93
Transform: MatrixOffsetTransformBase_double_3_3
Parameters: 0.9999970590177799 0.0022122173005931383 0.00021286127498770771 -0.0022097800604176723 0.9998987138980506 -0.01408550703678543 -0.000244148296403114 0.01408449654812728 0.9999005504484294 -0.0013137017516982041 -0.2894530095574197 -0.5096398099969548
FixedParameters: 0 0 0
#Transform 94
Transform: MatrixOffsetTransformBase_double_3_3
Parameters: 0.9999972902574173 0.002221289608263289 0.0008795783451763701 -0.0022097062653199384 0.999903486775091 -0.013733990242169997 -0.0009104322123346031 0.013732024294821836 0.9999055943805364 -0.011027042468128911 -0.28801591296328866 -0.4634444950744836
FixedParameters: 0 0 0
#Transform 95
Transform: MatrixOffsetTransformBase_double_3_3
Parameters: 0.9999971408824768 0.0020765045202408537 0.0007391230261191183 -0.0020664943494553044 0.9999003476635844 -0.01394155024446446 -0.0007678834360255508 0.013940428331833421 0.9999020711954814 -0.0015600700438795911 -0.2785748039484588 -0.5188654748281181
FixedParameters: 0 0 0
#Transform 96
Transform: MatrixOffsetTransformBase_double_3_3
Parameters: 0.9999971558763673 0.0022227913943055912 0.0009503682430604612 -0.0022092125744774386 0.9998953314606461 -0.0142751315761067 -0.0009816339342445073 0.014272850035479753 0.999897309172456 0.011434776032587024 -0.2863456359353336 -0.44264054707061007
FixedParameters: 0 0 0
#Transform 97
Transform: MatrixOffsetTransformBase_double_3_3
Parameters: 0.9999983142791581 0.0018019827691511307 0.0006624539585366892 -0.001792025368105919 0.9998895612927424 -0.014772213586614664 -0.0006885457342754994 0.014770785702464782 0.9998903343628236 0.0047785298941818155 -0.31836918631975664 -0.4780470304666835
FixedParameters: 0 0 0
#Transform 98
Transform: MatrixOffsetTransformBase_double_3_3
Parameters: 0.9999972857395527 0.002150870249052179 0.0010428862885088228 -0.002135130167679616 0.9998858440040335 -0.0149862782009234 -0.0010751157177953112 0.014983739063088811 0.9998873151710965 -0.008409151675095927 -0.29794221139515287 -0.4589985456345147
FixedParameters: 0 0 0
#Transform 99
Transform: MatrixOffsetTransformBase_double_3_3
Parameters: 0.9999981149182918 0.001803949981752327 0.0007943982001198869 -0.001792055528070381 0.999888877547661 -0.014795454832060169 -0.000820602231028338 0.014793550897630875 0.9998904584440175 0.0025366376399347246 -0.27364215571091677 -0.46091719037225687
FixedParameters: 0 0 0
#Transform 100
Transform: MatrixOffsetTransformBase_double_3_3
Parameters: 0.999997219405514 0.0020790062474140146 0.0006770087687090535 -0.002068993233102001 0.9998936098659378 -0.014460442829764523 -0.0007069899936375198 0.014458572261519422 0.999895432682177 -0.00781042489347783 -0.29127233286352805 -0.4718162191151549
FixedParameters: 0 0 0
#Transform 101
Transform: MatrixOffsetTransformBase_double_3_3
Parameters: 0.999997474399821 0.0021649081907345624 0.0009168280015423227 -0.0021500883715737714 0.9998860838260636 -0.014909012094814371 -0.0009491596574380622 0.01490698598538224 0.9998888683606574 -0.010728433223690104 -0.28421099995398436 -0.49016490491217724
FixedParameters: 0 0 0
#Transform 102
Transform: MatrixOffsetTransformBase_double_3_3
Parameters: 0.999996370087609 0.002393965379112366 0.0009480468181550559 -0.002379034908606207 0.9998775662233244 -0.015484305946368048 -0.000984951729575461 0.015481692559329673 0.9998793277776763 -0.017454322752726625 -0.2919223127537123 -0.5172450255423513
FixedParameters: 0 0 0
#Transform 103
Transform: MatrixOffsetTransformBase_double_3_3
Parameters: 0.9999982296734471 0.0018032088933323445 0.0007195190101467742 -0.0017927974711342523 0.9998810761664803 -0.01528730996525769 -0.0007464925617061576 0.015285673928012255 0.9998827718426982 -0.003972752874574326 -0.31142951825353293 -0.5134880258601413
FixedParameters: 0 0 0
#Transform 104
Transform: MatrixOffsetTransformBase_double_3_3
Parameters: 0.9999982074569458 0.0018036619502416345 0.0007339690885067233 -0.0017923370827834313 0.9998766882972988 -0.015591345475559987 -0.0007620359801206493 0.015589655497342382 0.9998783617595141 -0.015953347938207685 -0.2787066471670272 -0.6135643606381223
FixedParameters: 0 0 0
#Transform 105
Transform: MatrixOffsetTransformBase_double_3_3
Parameters: 0.9999976369380046 0.0021297494249506227 0.0009107894289877308 -0.0021122643252072986 0.999835078130203 -0.018011970247119865 -0.0009481985109965105 0.018010026989703835 0.9998377131207671 -0.01726295264985822 -0.35197684183950173 -0.6487648127139494
FixedParameters: 0 0 0
#Transform 106
Transform: MatrixOffsetTransformBase_double_3_3
Parameters: 0.9999977502928525 0.002137751290130989 0.0008242574512295648 -0.0021222537683500673 0.9998233112338543 -0.018658783773322432 -0.000863747571382375 0.0186571880079628 0.9998251361391218 -0.019316090406007902 -0.32383967694420335 -0.7284704994222011
FixedParameters: 0 0 0
#Transform 107
Transform: MatrixOffsetTransformBase_double_3_3
Parameters: 0.9999961542750199 0.0025729207313642402 0.00047492294909034236 -0.0025650750872449066 0.999868750922037 -0.01598927179527634 -0.0005160772167343352 0.015987725750041055 0.9998721055743777 -0.01832710191935405 -0.3053229661364867 -0.5746885011084402
FixedParameters: 0 0 0
#Transform 108
Transform: MatrixOffsetTransformBase_double_3_3
Parameters: 0.9999964864603914 0.0021968320540946486 0.0012987598501552709 -0.0021751638365997573 0.999860388262531 -0.016578877524659977 -0.0013352417405192274 0.016576119196615363 0.9998614325781693 -0.018416418233485388 -0.309313496455232 -0.5588082451448173
FixedParameters: 0 0 0
#Transform 109
Transform: MatrixOffsetTransformBase_double_3_3
Parameters: 0.9999956697478176 0.002435586615096412 0.0018432672473672048 -0.00240542002310051 0.9998626697813824 -0.016417508186138643 -0.0018827378522123701 0.01641248876214099 0.9998630580024597 -0.026848877081505407 -0.30821905472575395 -0.5558522636145113
FixedParameters: 0 0 0
#Transform 110
Transform: MatrixOffsetTransformBase_double_3_3
Parameters: 0.9999976051079539 0.0021670826148244534 0.0008359053049316475 -0.0021519175400586915 0.9998421772026111 -0.017639848913860234 -0.0008740941819692721 0.017638155877104898 0.9998441099294735 -0.016420819936001863 -0.3253268329532375 -0.6392684530427317
FixedParameters: 0 0 0
#Transform 111
Transform: MatrixOffsetTransformBase_double_3_3
Parameters: 0.9999958622503078 0.002649270109158391 0.0010569227549786237 -0.0026307297339499863 0.9998379877208055 -0.017834868901687957 -0.0011040887146681862 0.01783116338064837 0.9998407903071045 -0.021793359576932403 -0.3182187007258648 -0.6457421511328647
FixedParameters: 0 0 0
#Transform 112
Transform: MatrixOffsetTransformBase_double_3_3
Parameters: 0.9999969780077261 0.002433108166783566 0.0003158162343501002 -0.00242988905229984 0.9999199492020797 -0.012415802927781355 -0.0003461927744783788 0.01241419320003952 0.9999227520606303 -0.0166189369770251 -0.2763926234746066 -0.48114932006812694
FixedParameters: 0 0 0
#Transform 113
Transform: MatrixOffsetTransformBase_double_3_3
Parameters: 0.9999970388158311 0.001985758051228613 -0.0010083872710237906 -0.001993243949254103 0.9999717392435046 -0.007231009542720363 0.0009946107196575481 0.007232994567196785 0.9999736943969888 -0.02618997204558582 -0.18099047721591432 -0.48635383592090875
FixedParameters: 0 0 0
#Transform 114
Transform: MatrixOffsetTransformBase_double_3_3
