#Insight Transform File V1.0
#Transform 0
Transform: MatrixOffsetTransformBase_double_3_3
Parameters: 0.9999997308518704 -0.0005025839546405912 0.00012962295466939258 0.0005024167837557982 0.9999943274865943 -0.003227933519446003 -0.00012837880552680708 0.003228063165356656 0.9999945633524316 -0.01407647704303372 -0.10552154269080916 -0.12080929055808554
FixedParameters: 0 0 0
#Transform 1
Transform: MatrixOffsetTransformBase_double_3_3
Parameters: 0.999999728372567 -0.0005108895130014257 0.0001025523464099028 0.0005111111181254827 0.9999995703164787 -0.0010809484831265479 -0.00010244756335124412 0.0010810532381851908 0.999999820931619 -0.00295371158071589 -0.12487991268224619 -0.16014287036801989
FixedParameters: 0 0 0
#Transform 2
Transform: MatrixOffsetTransformBase_double_3_3
Parameters: 0.9999999973990006 5.559004498891237e-8 0.00005099999027419026 5.559004498891237e-8 0.9999998118988503 -0.001090000882135537 -0.000050999990274190256 0.001090000882135537 0.9999998092978483 -0.022961141392755735 -0.12022412380871117 -0.05669397588440006
FixedParameters: 0 0 0
#Transform 3
Transform: MatrixOffsetTransformBase_double_3_3
Parameters: 0.999999998631006 1.065969678561113e-7 0.0000369998408428462 1.065969678561113e-7 0.9999956998243023 -0.002880999131246252 -0.0000369998408428462 0.002880999131246252 0.9999956984553026 -0.020032204193086045 -0.10440604255471442 -0.1203835969108411
FixedParameters: 0 0 0
#Transform 4
Transform: MatrixOffsetTransformBase_double_3_3
Parameters: 0.999999974595063 -0.0001580486638202248 -0.000020630859680391318 0.00015795055176943317 0.9999975181297913 -0.002336004527326362 0.000021369036062537906 0.002335997891322926 0.9999975426528039 -0.008372517207050123 -0.12166949141180794 -0.10029144047983607
FixedParameters: 0 0 0
#Transform 5
Transform: MatrixOffsetTransformBase_double_3_3
Parameters: 0.9999996546870591 -0.0004498233928386271 -0.0003780222592914899 0.0004491769158877231 0.9999980673181798 -0.0021751703848089314 0.00037897758721893864 0.002174830112834773 0.999997126106251 -0.0021503840471694957 -0.09163496564364948 -0.1016190813499378
FixedParameters: 0 0 0
#Transform 6
Transform: MatrixOffsetTransformBase_double_3_3
Parameters: 0.9999999369990187 1.2173496369546873e-7 -0.0002509999251452963 1.2173496369546873e-7 0.9999997647750702 0.0004849998553604332 0.0002509999251452963 -0.00048499985536043315 0.999999701774089 -0.026045702382688773 -0.15134270655136106 -0.008157837873000062
FixedParameters: 0 0 0
#Transform 7
Transform: MatrixOffsetTransformBase_double_3_3
Parameters: 0.999999645974522 5.224099347460247e-7 -0.0005949999256788436 -4.775889403445935e-7 0.999999229115574 0.0008780004853293788 0.0005950008036787338 -0.0008779998903294531 0.9999998750904934 -0.009885447582419715 -0.1285928347791696 -0.06941582786086542
FixedParameters: 0 0 0
#Transform 8
Transform: MatrixOffsetTransformBase_double_3_3
Parameters: 0.9999998904390258 1.1750497231747358e-7 -0.0003309999220210524 1.1750497231747358e-7 0.9999998739750297 0.0003549999163669897 0.00033099992202105234 -0.0003549999163669897 0.9999997644140554 -0.01048373786390755 -0.11956885818221963 -0.06650192174741676
FixedParameters: 0 0 0
#Transform 9
Transform: MatrixOffsetTransformBase_double_3_3
Parameters: 0.9999998701551073 -0.00031084777290713245 0.00018225953425860702 0.00031115171265575306 0.9999992060546564 -0.0008349427074439349 -0.00018174016468816196 0.0008350559113503072 0.9999992696516039 -0.01460322297498351 -0.12704006375747667 -0.041418293286298535
FixedParameters: 0 0 0
#Transform 10
Transform: MatrixOffsetTransformBase_double_3_3
Parameters: 0.9999999379990607 3.448650068190371e-7 0.00024899975592348767 3.448650068190371e-7 0.9999990817740438 -0.0013850000273856915 -0.00024899975592348767 0.0013850000273856915 0.9999990197730427 -0.014639066983704652 -0.10661808626528568 -0.08561037626179768
FixedParameters: 0 0 0
#Transform 11
Transform: MatrixOffsetTransformBase_double_3_3
Parameters: 0.9999999984790013 5.440500285370569e-8 0.00003899996304566512 5.440500285370569e-8 0.999999053973952 -0.001395000073171941 -0.00003899996304566512 0.0013950000731719411 0.999999052452952 -0.014829807114978166 -0.10450368848651692 -0.06556705053542089
FixedParameters: 0 0 0
#Transform 12
Transform: MatrixOffsetTransformBase_double_3_3
Parameters: 0.9999999995160008 3.5991975634116364e-8 0.000021999963106442986 3.5991975634116364e-8 0.9999983235041354 -0.0016359988924598346 -0.000021999963106442986 0.0016359988924598348 0.9999983230201358 -0.01443809321824574 -0.09103291354911391 -0.07241901107406079
FixedParameters: 0 0 0
#Transform 13
Transform: MatrixOffsetTransformBase_double_3_3
Parameters: 0.9999998576827271 -0.00026860251797762135 -0.00026438941612325404 0.00026839623483786493 0.9999977477212977 -0.0022760728270343864 0.00026561162895130056 0.0022759305219379753 0.9999977495882989 -0.014272041382511702 -0.08873337773344758 -0.10574779272340606
FixedParameters: 0 0 0
#Transform 14
Transform: MatrixOffsetTransformBase_double_3_3
Parameters: 0.9999999319071914 -0.0001824067739256715 -0.00018660307851919172 0.00018159220258692494 0.9999972231903904 -0.002178032265915086 0.00018739586987561886 0.0021779641979703416 0.9999972213453919 -0.0018500265197474164 -0.10519593989924658 -0.0961202496638549
FixedParameters: 0 0 0
#Transform 15
Transform: MatrixOffsetTransformBase_double_3_3
Parameters: 0.9999999563910605 -0.00016522050439167382 -0.0001277152819837665 0.0001647791603986413 0.9999990005970758 -0.0017240210927829823 0.000128284201974785 0.0017239788527836492 0.9999980114380915 0.008014707356466033 -0.12164190645543727 -0.07135484901452571
FixedParameters: 0 0 0
#Transform 16
Transform: MatrixOffsetTransformBase_double_3_3
Parameters: 0.9999996634670637 -0.0004331613410224838 0.00038594320139928714 0.00043383903897401834 0.9999980770951772 -0.002175833139395379 -0.00038505660646269196 0.0021761673683714767 0.9999971164072458 -0.006601098362864377 -0.11359459786213222 -0.0879386106930724
FixedParameters: 0 0 0
#Transform 17
Transform: MatrixOffsetTransformBase_double_3_3
Parameters: 0.999999653522224 -0.0005787668736596886 0.000106278093433061 0.0005792349695558893 0.9999977894876374 -0.002207938715394331 -0.00010572122355654567 0.002208061463367112 0.9999971134937873 0.00484001281398605 -0.11990019930844653 -0.09876193522414667
FixedParameters: 0 0 0
#Transform 18
Transform: MatrixOffsetTransformBase_double_3_3
Parameters: 0.999999724883662 -0.00039267556660206306 -0.0003482399878918656 0.00039132512864126136 0.9999980924257091 -0.0019371367517719978 0.00034875898987680087 0.0019378635277509024 0.9999981246377083 -0.0019966431582929545 -0.11792798431437745 -0.07384496886456304
FixedParameters: 0 0 0
#Transform 19
Transform: MatrixOffsetTransformBase_double_3_3
Parameters: 0.99999974118934 -0.0005048501551919313 0.00006615426909488313 0.0005041496238308884 0.9999975196731948 -0.002285968418152629 -0.0000648476914214933 0.002286034508186691 0.9999977699033238 -0.01583549349989255 -0.11435804035731678 -0.10774703190816126
FixedParameters: 0 0 0
#Transform 20
Transform: MatrixOffsetTransformBase_double_3_3
Parameters: 0.9999997333537088 -0.0004373591535825772 0.00027402548177885185 0.00043864077489490303 0.9999973184971203 -0.002342880996950197 -0.00027297301052236903 0.0023431205830085834 0.9999974355391488 -0.016708565144909926 -0.097274863112645 -0.09827675815252235
FixedParameters: 0 0 0
#Transform 21
Transform: MatrixOffsetTransformBase_double_3_3
Parameters: 0.9999996923432242 -0.0005255005973939088 0.00017847731613269212 0.000525497974394436 0.9999958305440003 -0.002809906510313215 -0.00017652452752513006 0.0028090930634766874 0.9999960751879512 -0.013610267040306212 -0.10919393692367407 -0.11730329084808488
FixedParameters: 0 0 0
#Transform 22
Transform: MatrixOffsetTransformBase_double_3_3
Parameters: 0.9999992741932032 -0.000554983911114915 0.0006467348703155573 0.0005570131311683384 0.9999949501992201 -0.00312064056930501 -0.0006442643144680053 0.0031213583659701768 0.9999948426642705 -0.009122990551574617 -0.1050204883616459 -0.12534443812754148
FixedParameters: 0 0 0
#Transform 23
Transform: MatrixOffsetTransformBase_double_3_3
Parameters: 0.9999994155374097 -0.0005303776377907628 0.0005505670459967507 0.0005316226474334664 0.9999950155176723 -0.00294970818348461 -0.0005494341383218757 0.002950292285316983 0.9999959949783913 -0.01192828471256746 -0.10982516802187092 -0.13036692744125844
FixedParameters: 0 0 0
#Transform 24
Transform: MatrixOffsetTransformBase_double_3_3
Parameters: 0.9999995859578086 -0.00037847169848034915 0.0005201149508371367 0.00037953034535443634 0.999995206864466 -0.002940800690341917 -0.0005198856650809911 0.0029411948519227097 0.9999950801056007 -0.0160752117445071 -0.09417966641694875 -0.12477259295255294
FixedParameters: 0 0 0
#Transform 25
Transform: MatrixOffsetTransformBase_double_3_3
Parameters: 0.9999993303464186 -0.0004349045918352627 0.0006933190244897377 0.00043709492022223133 0.9999956562267697 -0.003025699514554984 -0.000691680782200307 0.0030253033754849973 0.9999953667657183 -0.022125083076275587 -0.10116623664484337 -0.11763110317826886
FixedParameters: 0 0 0
#Transform 26
Transform: MatrixOffsetTransformBase_double_3_3
Parameters: 0.9999997264271726 -0.0002976281375570024 0.0004299526566718975 0.00029937178772836056 0.999994709238557 -0.0031938706401642156 -0.00042904583410285034 0.0031941270520423606 0.9999946138706022 -0.01432728406808792 -0.11255655003454024 -0.12329592398425859
FixedParameters: 0 0 0
#Transform 27
Transform: MatrixOffsetTransformBase_double_3_3
Parameters: 0.9999997911956177 -0.0003974057917929727 0.00022505278656984065 0.0003985942957254382 0.9999968349682984 -0.0026469129246905424 -0.00022394576970130754 0.002647091626830747 0.9999969429723832 -0.016318862525466216 -0.10456201116954844 -0.09770309592343551
FixedParameters: 0 0 0
#Transform 28
Transform: MatrixOffsetTransformBase_double_3_3
Parameters: 0.9999996880171552 -0.00037464183137404474 0.0004142322660866479 0.00037635728949839684 0.9999940776082894 -0.0032838415345127323 -0.00041276635368944737 0.0032831520742665743 0.9999940476263223 -0.028500109164056653 -0.10086103768807675 -0.1576024189152463
FixedParameters: 0 0 0
#Transform 29
Transform: MatrixOffsetTransformBase_double_3_3
Parameters: 0.9999995386549526 -0.0004625089301808659 0.0004973911724460518 0.0004644904192184215 0.9999957701339794 -0.0030027719243240296 -0.0004956078485122604 0.0030022321800414063 0.9999957384539626 -0.027972433945691932 -0.10991357632170207 -0.12024665562925918
FixedParameters: 0 0 0
#Transform 30
Transform: MatrixOffsetTransformBase_double_3_3
Parameters: 0.999999477233094 -0.0004279108680027882 0.0005825404019822395 0.00043009080727130227 0.9999939206228604 -0.003590753421471618 -0.000581459309353148 0.003591252779762196 0.9999937659397705 -0.013803091493642228 -0.09501735910154707 -0.1587036688107304
FixedParameters: 0 0 0
#Transform 31
Transform: MatrixOffsetTransformBase_double_3_3
Parameters: 0.9999992959371877 -0.0006011912563497752 0.0005848644031743116 0.0006038085565763706 0.9999950455594437 -0.0030966481189497077 -0.0005831325086860812 0.0030973518397417604 0.9999950675104373 -0.008088285368415882 -0.110644889225199 -0.12978606834627726
FixedParameters: 0 0 0
#Transform 32
Transform: MatrixOffsetTransformBase_double_3_3
Parameters: 0.9999995600877403 -0.0005406767341792393 0.00038387017329114583 0.0005423232695585394 0.999993769716923 -0.0034547920356352117 -0.00038212839694774916 0.0034552068254788473 0.9999939162508679 -0.01812058785540671 -0.09343128479081031 -0.14748046094454992
FixedParameters: 0 0 0
#Transform 33
Transform: MatrixOffsetTransformBase_double_3_3
Parameters: 0.9999994844374137 -0.0004912799863930367 0.0005236191837466655 0.0004937180440028905 0.9999949333044085 -0.003289745348224624 -0.0005213785262671555 0.0032902600115644566 0.9999949028543883 -0.019600193859403703 -0.11710573717247996 -0.13474332360829067
FixedParameters: 0 0 0
#Transform 34
Transform: MatrixOffsetTransformBase_double_3_3
Parameters: 1.0000000245744762 -0.000719517008132267 0.000676651136677064 0.0007214853341174527 0.9999929568209385 -0.0036775135566671133 -0.0006743518355262191 0.0036774869576538002 0.9999930196409699 -0.01741899639759481 -0.08591747313450071 -0.17139789636740943
FixedParameters: 0 0 0
#Transform 35
Transform: MatrixOffsetTransformBase_double_3_3
Parameters: 0.9999993489934053 -0.00045285006621737384 0.0006674633452098851 0.00045515155780441577 0.9999943964615977 -0.0032246949211257605 -0.0006665354891826793 0.003224300559539221 0.999994157688848 -0.017657162200762855 -0.11250581344934574 -0.13717819393873754
FixedParameters: 0 0 0
#Transform 36
Transform: MatrixOffsetTransformBase_double_3_3
Parameters: 0.9999994567837888 -0.0006338188077967273 0.00037599757225075013 0.0006351805621710795 0.9999946811839827 -0.0031487614373252966 -0.00037400148216783864 0.0031492373131066587 0.9999949431498625 -0.01584282188288455 -0.09816886195196162 -0.15286293429346642
FixedParameters: 0 0 0
#Transform 37
Transform: MatrixOffsetTransformBase_double_3_3
Parameters: 0.9999996156192864 -0.0004084764909378005 0.0004663386880347569 0.00041052226071380707 0.9999941295782506 -0.003271806258160095 -0.00046465932586042195 0.0032711875038327538 0.9999940805783037 -0.011233868572873007 -0.11475474434269017 -0.12295811904142795
FixedParameters: 0 0 0
#Transform 38
Transform: MatrixOffsetTransformBase_double_3_3
Parameters: 0.9999995852116444 -0.00040832923992047425 0.0004983735453498724 0.00040966946734361995 0.9999945632310588 -0.003356798283831098 -0.0004966275127986032 0.003357205239959585 0.9999944830050336 -0.018396422783098387 -0.08701184567425457 -0.1677165938544647
FixedParameters: 0 0 0
#Transform 39
Transform: MatrixOffsetTransformBase_double_3_3
Parameters: 0.9999997836890694 -0.0004093387163577837 0.00022122803479537512 0.000409660838291963 0.9999958442858744 -0.002997909407422257 -0.0002197726680927574 0.002998089997385356 0.9999949633560544 -0.01875947547962653 -0.11330616283814265 -0.11790233500899205
FixedParameters: 0 0 0
#Transform 40
Transform: MatrixOffsetTransformBase_double_3_3
Parameters: 0.999999621577895 -0.00040837877474992273 0.0004604425325192171 0.00040961917974378757 0.9999934000109417 -0.003525809868094286 -0.00045855826004761546 0.003526185739789404 0.9999933561509771 -0.02822036300324271 -0.08284216546582002 -0.13526317741505522
FixedParameters: 0 0 0
#Transform 41
Transform: MatrixOffsetTransformBase_double_3_3
Parameters: 0.9999996741093095 -0.0005102609179883697 0.0002564750865902887 0.0005107372006681993 0.9999953930551873 -0.0028888680080222983 -0.0002545254149009124 0.002889128873846936 0.9999955883850561 -0.01191286034494965 -0.10580545054627066 -0.10582857581159999
FixedParameters: 0 0 0
#Transform 42
Transform: MatrixOffsetTransformBase_double_3_3
Parameters: 0.9999997359915538 -0.00041418879997637265 -0.0003043890889502191 0.00041281284119908975 0.9999926579225554 -0.003895128884368835 0.00030561027064006797 0.0038948766482263465 0.9999927358805994 -0.013025396557978297 -0.09750202774209527 -0.17296582456908993
FixedParameters: 0 0 0
#Transform 43
Transform: MatrixOffsetTransformBase_double_3_3
Parameters: 0.9999993806012314 -0.000558124134877121 0.0005548927951499458 0.0005598758347292237 0.9999942224846669 -0.0033856911401433177 -0.0005531072353007022 0.003386310514091023 0.9999942280496663 -0.021838363113246828 -0.10451634357190187 -0.11781649104699454
FixedParameters: 0 0 0
#Transform 44
Transform: MatrixOffsetTransformBase_double_3_3
Parameters: 0.9999994757213435 -0.0005330301489862575 0.0004901501777634054 0.0005349685695497482 0.9999914980542555 -0.004026736911897842 -0.0004878493274685011 0.004027259165510815 0.9999915440892213 -0.024514514536690513 -0.09256165371580494 -0.154804954040614
FixedParameters: 0 0 0
#Transform 45
Transform: MatrixOffsetTransformBase_double_3_3
Parameters: 0.9999997402527617 -0.0004746628001964846 -0.0001853103143948529 0.00047433773050452966 0.9999930869740664 -0.0035620854494699252 0.00018669066308679656 0.0035619089346371957 0.9999932775288859 -0.023818247344081556 -0.1092386063840678 -0.11505281979722781
FixedParameters: 0 0 0
#Transform 46
Transform: MatrixOffsetTransformBase_double_3_3
Parameters: 0.9999994586201129 -0.000669778892368707 0.0003046974643458806 0.0006712174433127813 0.9999913577940591 -0.004023794706453065 -0.00030130126683875847 0.004024201030154816 0.9999917155557965 -0.011566170838861467 -0.09556518587370988 -0.15267339385651724
FixedParameters: 0 0 0
#Transform 47
Transform: MatrixOffsetTransformBase_double_3_3
Parameters: 0.9999995063577463 -0.0006158358332657641 0.00033812834403853365 0.0006171631607124179 0.9999936966831683 -0.0034527915845744875 -0.00033587078397968217 0.0034532071064012617 0.9999939631870572 -0.012714149319378976 -0.09213761291903211 -0.11639739330477994
FixedParameters: 0 0 0
#Transform 48
Transform: MatrixOffsetTransformBase_double_3_3
Parameters: 0.9999994803229012 -0.0007055054464135575 -0.00014963596456849017 0.0007044964941669866 0.9999942670296273 -0.003352107979198299 0.00015136230299037795 0.00335189577414644 0.9999947414067432 -0.005408896647637107 -0.08732105238550503 -0.1449282994453398
FixedParameters: 0 0 0
#Transform 49
Transform: MatrixOffsetTransformBase_double_3_3
Parameters: 0.999999626575654 -0.0005733454988198561 0.0002117800715640832 0.0005736549698192192 0.9999950424616636 -0.003102879663613198 -0.00021022092056729246 0.0031031216816126994 0.999995326843663 -0.012467403450813208 -0.11032202677432679 -0.11637525921625524
FixedParameters: 0 0 0
#Transform 50
Transform: MatrixOffsetTransformBase_double_3_3
Parameters: 0.9999997164339695 -0.0005256807343070601 0.00008402338437688971 0.0005263195022491072 0.9999929161625865 -0.0038479565188900802 -0.00008197527256270681 0.0038480438348821584 0.9999921859506526 -0.016692098165037805 -0.09615643323400036 -0.15836683253655792
FixedParameters: 0 0 0
#Transform 51
Transform: MatrixOffsetTransformBase_double_3_3
Parameters: 0.9999996391704827 -0.0005683025883913286 0.00019504434347557433 0.0005686974556736971 0.9999937527272733 -0.003594892946696229 -0.00019295681298278806 0.003595113525853965 0.9999940382844775 -0.009500555990967996 -0.10529944844726913 -0.13177096284296397
FixedParameters: 0 0 0
#Transform 52
Transform: MatrixOffsetTransformBase_double_3_3
Parameters: 0.9999994063669572 -0.0006716958043979227 0.0003773301390264862 0.0006733022414230957 0.9999935345535202 -0.003465745896897348 -0.00037466835864172215 0.0034662516175904645 0.9999938454343316 -0.017928298236000728 -0.08591591043663982 -0.16208524459433704
FixedParameters: 0 0 0
#Transform 53
Transform: MatrixOffsetTransformBase_double_3_3
Parameters: 0.9999998581872167 -0.0003738360556021862 0.000044402189925888004 0.0003741660555347467 0.9999927975746598 -0.0037499831516466476 -0.00004359717609040209 0.0037500160636399216 0.9999929355156316 -0.010899152865846418 -0.11284128008290395 -0.1467989011439812
FixedParameters: 0 0 0
#Transform 54
Transform: MatrixOffsetTransformBase_double_3_3
Parameters: 0.9999994238119928 -0.0007434846746736144 0.00015154874542056592 0.0007445162013429553 0.9999937020968269 -0.0034268880455000984 -0.00014944935209353316 0.0034271119894283123 0.9999942329846567 -0.0166022807008801 -0.08322828923515146 -0.29306155121794575
FixedParameters: 0 0 0
#Transform 55
Transform: MatrixOffsetTransformBase_double_3_3
Parameters: 0.9999995607790512 -0.0006455159946944113 0.00014911151829476272 0.0006464839145664998 0.9999948897526683 -0.003269904605878814 -0.00014688666658877912 0.003270095821853544 0.9999942851657484 -0.010780161922070874 -0.10338552962019776 -0.11912110751335092
FixedParameters: 0 0 0
#Transform 56
Transform: MatrixOffsetTransformBase_double_3_3
Parameters: 0.9999994723901764 -0.0007154230689211883 -0.00012663251474277735 0.00071457570933109 0.9999945326455658 -0.003310090633776496 0.0001293658254205654 0.0033099075938650396 0.9999940274878102 -0.00653862202666744 -0.09364502610748104 -0.15626889628968854
FixedParameters: 0 0 0
#Transform 57
Transform: MatrixOffsetTransformBase_double_3_3
Parameters: 0.9999994894828114 -0.0006568018346614175 -0.00028113303563800116 0.0006561978150231464 0.9999954806562122 -0.0028441842277048303 0.0002828672145994542 0.002843813960926572 0.9999958321250016 -0.006039477601305521 -0.10858969912732164 -0.10327047481716534
FixedParameters: 0 0 0
#Transform 58
Transform: MatrixOffsetTransformBase_double_3_3
Parameters: 0.9999994667081398 -0.0006225987208744925 0.0003822917688881309 0.000623400228834423 0.9999930951674584 -0.0036767634561879806 -0.00037971083501715916 0.0036762381842142403 0.9999933381354461 -0.022811533531992723 -0.09561380497126493 -0.1379157159409914
FixedParameters: 0 0 0
#Transform 59
Transform: MatrixOffsetTransformBase_double_3_3
Parameters: 0.9999992146816467 -0.0008675455218852212 0.00018217794443646163 0.0008674541448930275 0.9999969473298403 -0.002509843725582995 -0.0001798230866376381 0.0025101577615561674 0.9999966671258642 -0.02238660642673551 -0.10839417249002281 -0.08393590010810215
FixedParameters: 0 0 0
#Transform 60
Transform: MatrixOffsetTransformBase_double_3_3
Parameters: 0.9999997854930603 -0.0003749657899501852 -0.0002716719427800988 0.00037403294168919234 0.9999932820562123 -0.0035460995657618046 0.00027332827646794276 0.0035468954621312907 0.99999334805016 -0.021336472568236786 -0.09417266072422592 -0.14413922530327739
FixedParameters: 0 0 0
#Transform 61
Transform: MatrixOffsetTransformBase_double_3_3
Parameters: 0.999999308890108 -0.0008298765793328005 0.00004817355949089605 0.0008301227651973284 0.9999964519266804 -0.002618960378829913 -0.00004582601278271174 0.0026190383987869797 0.9999961386188527 -0.014310344034214495 -0.09710262398151315 -0.09683499658797246
FixedParameters: 0 0 0
#Transform 62
Transform: MatrixOffsetTransformBase_double_3_3
Parameters: 0.9999994594817333 -0.000731770106365885 0.0000694649822934102 0.0007322314554209654 0.9999941240790964 -0.0033679513580990314 -0.00006753494406298331 0.003367051641991614 0.9999946552131596 -0.013041047302223774 -0.08392718355601403 -0.13202095347351417
FixedParameters: 0 0 0
#Transform 63
Transform: MatrixOffsetTransformBase_double_3_3
Parameters: 0.9999995314770208 -0.0006811827907299739 -0.00006819851151595673 0.0006808177805345342 0.9999965401944191 -0.0026450490862552213 0.00006980101037399277 0.002644955108204902 0.9999969991956649 -0.020981473072879453 -0.09866591440507477 -0.0931852846493797
FixedParameters: 0 0 0
#Transform 64
Transform: MatrixOffsetTransformBase_double_3_3
Parameters: 0.9999993758652914 -0.0007867343776344841 0.0000758090510206275 0.0007862663138072357 0.9999936364734096 -0.003569941304416991 -0.00007319342098599623 0.0035700584943737386 0.9999932495075524 -0.02354483396396745 -0.09585897918657338 -0.14574508213638637
FixedParameters: 0 0 0
#Transform 65
Transform: MatrixOffsetTransformBase_double_3_3
Parameters: 0.9999994839741633 -0.0007171467560685158 -0.00004259563927957529 0.0007168516919973083 0.9999942432628987 -0.003353033074185084 0.000045403853957279746 0.003352969978169857 0.9999947554170222 -0.019812405837470237 -0.12127023226254607 -0.12845060770793282
FixedParameters: 0 0 0
#Transform 66
Transform: MatrixOffsetTransformBase_double_3_3
Parameters: 0.9999995528293403 -0.0006282368011254347 0.00022811277150464247 0.0006297626955167844 0.9999943079989948 -0.0033608587079676823 -0.00022588462093318324 0.0033611442740409223 0.9999946521120832 -0.009418482864688826 -0.09074221363559332 -0.14943024073592426
FixedParameters: 0 0 0
#Transform 67
Transform: MatrixOffsetTransformBase_double_3_3
Parameters: 0.9999996229992524 -0.0006097734402478893 0.00007097111660141259 0.0006102259198755664 0.9999941820537295 -0.003231955250585435 -0.0000690280682002501 0.0032320406505151637 0.9999945492544273 -0.012470587057009652 -0.09546370478993538 -0.13160994782178648
FixedParameters: 0 0 0
#Transform 68
Transform: MatrixOffsetTransformBase_double_3_3
Parameters: 0.9999995173393051 -0.0006941013713066621 -0.00003078526052266014 0.0006938971474425051 0.9999943358597518 -0.0031910207794382307 0.000033214376906892026 0.003190976363467775 0.9999948164724322 -0.011787035034231508 -0.10893335347529387 -0.13340942260487054
FixedParameters: 0 0 0
#Transform 69
Transform: MatrixOffsetTransformBase_double_3_3
Parameters: 0.9999995266209281 -0.0006643576298092627 0.00017742274267851593 0.0006656443151187711 0.9999932716954235 -0.003644884501766185 -0.00017557487123401588 0.003645119246822652 0.9999936827705224 -0.013691531198645635 -0.08393326121822042 -0.14633710780560705
FixedParameters: 0 0 0
#Transform 70
Transform: MatrixOffsetTransformBase_double_3_3
Parameters: 0.9999995289194212 -0.000685915872775959 0.00002357782700198891 0.0006860812246777906 0.9999924067936498 -0.0037579833629083578 -0.000020421838875679685 0.0037580135468904376 0.9999928769063706 -0.0023228016421086295 -0.09498677290355317 -0.1440537781138289
FixedParameters: 0 0 0
#Transform 71
Transform: MatrixOffsetTransformBase_double_3_3
Parameters: 1.0000000483223668 -0.0009716858986580384 0.00008469397487273501 0.000972316865037038 0.9999926075528972 -0.003800919750080745 -0.00008130479683697326 0.003801081102177664 0.99999254545286 -0.008618601354626776 -0.09605852331631581 -0.1386047689564549
FixedParameters: 0 0 0
#Transform 72
Transform: MatrixOffsetTransformBase_double_3_3
Parameters: 0.9999986907621067 -0.0018183085917780205 -0.0000591709145011232 0.0018176870237097285 0.999986113972725 -0.0048561144455425125 0.0000688274355620876 0.0048558817415169445 0.9999884150189778 0.008322364264671478 -0.08873192619594761 -0.21771403031118552
FixedParameters: 0 0 0
#Transform 73
Transform: MatrixOffsetTransformBase_double_3_3
Parameters: 0.9999989292221885 -0.0014148489582613665 -0.0002624636058112092 0.0014141521835114139 0.9999937110970611 -0.0032073734469885077 0.0002665376523491798 0.003207625172898172 0.9999946419537271 0.0070764368529836474 -0.09901009614600298 -0.26800015635276964
FixedParameters: 0 0 0
#Transform 74
Transform: MatrixOffsetTransformBase_double_3_3
Parameters: 0.9999989592347337 -0.0013944885447705817 -0.00031140576919479684 0.0013925127356068606 0.9999876756555096 -0.0047314365583782814 0.0003175911475767817 0.004730560043749274 0.9999885186001528 0.009328852625600348 -0.09931921196762517 -0.22851748466823096
FixedParameters: 0 0 0
#Transform 75
Transform: MatrixOffsetTransformBase_double_3_3
Parameters: 0.99999936243344 -0.001273522523094282 -0.00012790430130063462 0.0012724780007325037 0.9999913633866695 -0.004002166693181094 0.00013309344009793255 0.004001834440066016 0.9999919668928785 -0.004841066046282094 -0.10053740473459527 -0.18709625172714084
FixedParameters: 0 0 0
#Transform 76
Transform: MatrixOffsetTransformBase_double_3_3
Parameters: 0.9999986615473189 -0.0013398998076119698 -0.000736751153731694 0.0013370998818187122 0.9999918301733834 -0.003921991470153907 0.0007422490572893254 0.00392101181987636 0.9999920749004528 0.004251191608545923 -0.11795671644739514 -0.2728533403233371
FixedParameters: 0 0 0
#Transform 77
Transform: MatrixOffsetTransformBase_double_3_3
Parameters: 0.9999995307766943 -0.0012119331870776007 0.000018937560735513752 0.0012120676290686238 0.9999909335032684 -0.004073978685974997 -0.000014062140061052107 0.004074018681972326 0.9999914021822371 -0.002502358230501045 -0.08967926249057712 -0.2547681723003592
FixedParameters: 0 0 0
#Transform 78
Transform: MatrixOffsetTransformBase_double_3_3
Parameters: 0.9999983657932177 -0.0017588457995755284 -0.0007352295952353646 0.0017561556281659697 0.9999910693473947 -0.0038532994929982075 0.0007417712006629438 0.0038517036521620407 0.9999926127842034 0.003502202930974363 -0.10519543075811555 -0.19723107997920408
FixedParameters: 0 0 0
#Transform 79
Transform: MatrixOffsetTransformBase_double_3_3
Parameters: 0.9999982445924712 -0.0016383112240262222 -0.00026810443434970385 0.0016366883120301583 0.9999870715544982 -0.0048214472553054204 0.0002758949513308077 0.004821556450305156 0.9999886789934945 0.0033890999527983467 -0.09052837351462983 -0.26222490637388773
FixedParameters: 0 0 0
#Transform 80
Transform: MatrixOffsetTransformBase_double_3_3
Parameters: 0.9999993994344352 -0.0011551647618761687 -0.0005161815198581864 0.0011528352689490155 0.9999902375737217 -0.0041755974494224555 0.0005208174647132131 0.004174400746459878 0.9999913004526886 0.010710218828620555 -0.08742336353384417 -0.2271406918240899
FixedParameters: 0 0 0
#Transform 81
Transform: MatrixOffsetTransformBase_double_3_3
Parameters: 0.9999995227437102 -0.001154345796551621 -0.0003809468851543535 0.001152654832244656 0.9999933282225857 -0.0035134414148048467 0.00038505140489945855 0.003512557831644447 0.9999935121006192 -0.003328376656398291 -0.07410098936769316 -0.30940143230832007
FixedParameters: 0 0 0
#Transform 82
Transform: MatrixOffsetTransformBase_double_3_3
Parameters: 0.9999985141848657 -0.0015619299518262173 -0.00021432122612192973 0.0015610651714995658 0.9999892688970645 -0.004277337594513997 0.00022167835139341233 0.004276656778044105 0.9999906596639815 -0.014514234114940905 -0.08200219274830545 -0.40859197251465673
FixedParameters: 0 0 0
#Transform 83
Transform: MatrixOffsetTransformBase_double_3_3
Parameters: 0.999999632951612 -0.0011536721671318744 -0.00018894359780944519 0.001153328667041321 0.9999933001019424 -0.0035172201322120644 0.00019305734589391437 0.003516779493095902 0.9999935941880201 -0.012254534819049923 -0.09662363941232854 -0.34197771740682015
FixedParameters: 0 0 0
#Transform 84
Transform: MatrixOffsetTransformBase_double_3_3
Parameters: 0.9999981009547424 -0.0014067381609630762 -0.0009590852616642617 0.0014022603555902667 0.9999867863423272 -0.004924353549262918 0.0009659154657075786 0.004922649868501547 0.9999878325621808 -0.004898958739289583 -0.08030053800720793 -0.3974550375558721
FixedParameters: 0 0 0
#Transform 85
Transform: MatrixOffsetTransformBase_double_3_3
Parameters: 0.9999996626686541 -0.001153161297237834 -0.00008790946402721473 0.0011528385831165917 0.9999973836167977 -0.0018131026381750111 0.00009009024684652561 0.0018128974040979053 0.9999987051062943 -0.0001927164348671795 -0.08613035738636654 -0.335075288682674
FixedParameters: 0 0 0
#Transform 86
Transform: MatrixOffsetTransformBase_double_3_3
Parameters: 0.9999983018579517 -0.0013469704980392655 -0.0009401820099456822 0.0013450284301963658 0.9999968055300728 -0.0020942679585879928 0.0009428177217324709 0.0020927334367121255 0.9999977308249979 -0.013267970015803598 -0.11119611433490206 -0.29513497661835686
FixedParameters: 0 0 0
#Transform 87
Transform: MatrixOffsetTransformBase_double_3_3
Parameters: 0.9999994792576986 -0.0007084097290450737 -0.00013588090975189858 0.0007085899169598759 0.9999955459435584 -0.0029920964272573763 0.00013812058269292176 0.0029919022973491664 0.9999950291478028 -0.005143734186148663 -0.10119685876786377 -0.15003966627921272
FixedParameters: 0 0 0
#Transform 88
Transform: MatrixOffsetTransformBase_double_3_3
Parameters: 0.9999992753554681 -0.0008396702473118602 0.00013900377094509808 0.0008403287830368229 0.9999966013945849 -0.0023858839235359744 -0.00013699528578394157 0.0023861157634391464 0.9999972879512982 -0.014193221045147197 -0.08443677802875982 -0.29498773386391974
FixedParameters: 0 0 0
#Transform 89
Transform: MatrixOffsetTransformBase_double_3_3
Parameters: 0.9999995627303215 -0.0011845629403696302 -0.00018339976389066586 0.0011844381353295545 0.9999943553296493 -0.003040219531231097 0.00018660154491877525 0.0030397812640903673 0.9999957241490887 -0.0023842934527351645 -0.10214374226816858 -0.2615053115947603
FixedParameters: 0 0 0
#Transform 90
Transform: MatrixOffsetTransformBase_double_3_3
Parameters: 0.9999997732701658 -0.0010896370962945893 -0.0002005740479495071 0.0010883665151736632 0.9999949230158867 -0.0031452217857629882 0.0002034238844636766 0.003144781829374852 0.9999950681380148 -0.011974599510324424 -0.1028332337114648 -0.2221057100053514
FixedParameters: 0 0 0
#Transform 91
Transform: MatrixOffsetTransformBase_double_3_3
Parameters: 0.9999993491853099 -0.0012793242599098578 -0.00011546944947349857 0.0012796784161689465 0.9999957452516735 -0.0027601515792324595 0.00011853231171418379 0.002759852174013425 0.9999963686881294 -0.0055936957984528135 -0.09242784795983994 -0.24977807349365833
FixedParameters: 0 0 0
#Transform 92
Transform: MatrixOffsetTransformBase_double_3_3
Parameters: 0.9999982554450916 -0.0018310567019644186 -0.0006260169291841514 0.0018289436547689114 0.9999929614140967 -0.0032701525041675204 0.0006319833455597952 0.0032688503554307983 0.9999949146842017 -0.012927734889160547 -0.10020841515495249 -0.2839891606791838
FixedParameters: 0 0 0
#Transform 93
Transform: MatrixOffsetTransformBase_double_3_3
Parameters: 0.9999989607421514 -0.0014280337468304855 -0.00000492374928914355 0.0014279656668403147 0.9999898556924659 -0.004255010838691326 0.000011076088400911905 0.004254987990694624 0.9999908948223158 -0.010767420088285462 -0.10961761072886134 -0.27118325749270866
FixedParameters: 0 0 0
#Transform 94
Transform: MatrixOffsetTransformBase_double_3_3
Parameters: 0.9999985911524267 -0.0015359755777778277 -0.0002223662641742831 0.001535022699849929 0.9999899754100787 -0.004320347097093679 0.00022963458562431336 0.00432065304707053 0.9999902821050556 -0.009442642377095467 -0.08784175897173441 -0.22207114010186046
FixedParameters: 0 0 0
#Transform 95
Transform: MatrixOffsetTransformBase_double_3_3
Parameters: 0.9999992791963055 -0.0008436535950463496 0.00009319212902263101 0.0008443496670241111 0.999992976511507 -0.0037829239191404323 -0.00009080639309885219 0.003783079215135471 0.9999926803875162 -0.011825587084686617 -0.08826114241567495 -0.2532771438738024
FixedParameters: 0 0 0
#Transform 96
Transform: MatrixOffsetTransformBase_double_3_3
Parameters: 0.999998144505542 -0.0016365808328415944 -0.00042191080536417314 0.0016344166993836646 0.9999914680712993 -0.003722693833365546 0.00042808714696317287 0.003722303654643571 0.9999929623152347 -0.0049074600076011166 -0.12178380401562094 -0.2371515766915877
FixedParameters: 0 0 0
#Transform 97
Transform: MatrixOffsetTransformBase_double_3_3
Parameters: 0.9999983265013627 -0.0016349288915231718 0.000019411306696357852 0.0016350739474910116 0.9999887785444794 -0.004532974842003175 -0.000012588302209072592 0.004533027161991576 0.9999894515313302 0.0029715649839801017 -0.08847278997329511 -0.2515420563655084
FixedParameters: 0 0 0
#Transform 98
Transform: MatrixOffsetTransformBase_double_3_3
Parameters: 0.9999982733847745 -0.001595247609148431 -0.0004266828157048694 0.0015927500920213853 0.9999852366271114 -0.005217688873417897 0.0004353163271440463 0.00521731483639887 0.9999865917181802 0.0008032215529709674 -0.12280887711045807 -0.26668844149895676
FixedParameters: 0 0 0
#Transform 99
Transform: MatrixOffsetTransformBase_double_3_3
Parameters: 0.999998867876194 -0.0016786104776040807 -0.0005602402675272246 0.0016763917475762706 0.9999877813390583 -0.0046269465633993045 0.0005677622760117401 0.0046260543289859835 0.9999892772657514 0.0008240198953330946 -0.0923606771393537 -0.24224635289530738
FixedParameters: 0 0 0
#Transform 100
Transform: MatrixOffsetTransformBase_double_3_3
Parameters: 0.9999981053321919 -0.0016474721068839156 -0.00042553838777383387 0.0016445239056568533 0.9999822623429716 -0.00574771114067341 0.0004354576745377909 0.005746293925564262 0.9999837863490891 0.012042089143506018 -0.11866043319932373 -0.2292022993883478
FixedParameters: 0 0 0
#Transform 101
Transform: MatrixOffsetTransformBase_double_3_3
Parameters: 0.9999990050071572 -0.0017237392003152821 -0.00015815323178447046 0.0017222638619161657 0.9999882967702604 -0.004553278143777512 0.00016584469086520568 0.004553719889897015 0.9999892392755153 -0.001611293091002608 -0.07515297923345088 -0.23490881802180752
FixedParameters: 0 0 0
#Transform 102
Transform: MatrixOffsetTransformBase_double_3_3
Parameters: 0.999998429233018 -0.0016314582863574906 -0.0009537268086829107 0.0016255427883988477 0.9999829260124016 -0.0056945650030988835 0.0009632723432980666 0.00569344314096884 0.9999836593191405 0.005436716195191593 -0.0989842780817014 -0.25221389111855785
FixedParameters: 0 0 0
#Transform 103
Transform: MatrixOffsetTransformBase_double_3_3
Parameters: 0.9999987759945108 -0.001479015387547056 -0.00019131155476942975 0.0014779871737958584 0.9999857685980078 -0.005200292920258109 0.00019868955915969207 0.0052007163005674244 0.9999869165528464 0.0012697808304267255 -0.0791949014571145 -0.2645973143098388
FixedParameters: 0 0 0
#Transform 104
Transform: MatrixOffsetTransformBase_double_3_3
Parameters: 0.9999990281764293 -0.0015108201250854018 -0.0008300872505504112 0.0015071827133101197 0.9999887326237435 -0.004582260300943721 0.0008369143106362402 0.004580744780370757 0.999989314993348 -0.007464076230263572 -0.09012208654210951 -0.15944084110030587
FixedParameters: 0 0 0
#Transform 105
Transform: MatrixOffsetTransformBase_double_3_3
Parameters: 0.9999985579428672 -0.0016614144156789105 -0.0008262044844796 0.0016555898207455543 0.999977881738255 -0.006509384989502296 0.0008367951080862397 0.0065086268715998635 0.9999789409955158 0.004996281773443911 -0.08592874011536367 -0.31015332078344215
FixedParameters: 0 0 0
#Transform 106
Transform: MatrixOffsetTransformBase_double_3_3
Parameters: 0.9999979967316563 -0.0016859909333907428 -0.0004007122858002615 0.0016840073297679462 0.9999869738627526 -0.00491868372065954 0.000409286056169867 0.004917318862919082 0.9999876490796241 0.0020607251308177865 -0.0961974987066867 -0.15977525563482686
FixedParameters: 0 0 0
#Transform 107
Transform: MatrixOffsetTransformBase_double_3_3
Parameters: 0.9999988451406593 -0.0016684075559041023 -0.0006097593898023725 0.0016645933086955004 0.9999834809937068 -0.005545027522327551 0.000619239373262491 0.005543979377171036 0.9999848806272511 0.0015636441333839457 -0.0853308729918183 -0.25846442650372126
FixedParameters: 0 0 0
#Transform 108
Transform: MatrixOffsetTransformBase_double_3_3
Parameters: 0.9999984018593893 -0.0015501050788040017 -0.0004422537109895461 0.0015468946042069224 0.999974451806315 -0.0069396900169001316 0.0004527440611379092 0.006938304093937442 0.9999756494304186 -0.0036343160370648775 -0.11717275223800527 -0.24756171168837682
FixedParameters: 0 0 0
#Transform 109
Transform: MatrixOffsetTransformBase_double_3_3
Parameters: 0.9999981957013792 -0.0019005603002149563 -0.00043782581571981003 0.0018974477281861204 0.999966528555912 -0.007991847812641164 0.000452178083463837 0.007991157668413044 0.9999679367963774 0.0029123689261609798 -0.12038320905026012 -0.28325890341798754
FixedParameters: 0 0 0
#Transform 110
Transform: MatrixOffsetTransformBase_double_3_3
Parameters: 0.9999981957031064 -0.0019006445470029722 -0.00043745537987465664 0.0018973584174254957 0.9999643737541631 -0.008186846219686142 0.00045254827152695206 0.008186156075564862 0.9999667819925862 -0.004423927772151615 -0.09344779401193648 -0.30492437057672817
FixedParameters: 0 0 0
#Transform 111
Transform: MatrixOffsetTransformBase_double_3_3
Parameters: 0.9999981782511173 -0.0016217539263832029 -0.000439371176327442 0.0016172489676265491 0.9999635888266294 -0.008413729180831279 0.00045262302749484004 0.008413284564657906 0.9999650127391848 -0.009024353374357474 -0.12470853041875785 -0.23245044930536096
FixedParameters: 0 0 0
#Transform 112
Transform: MatrixOffsetTransformBase_double_3_3
Parameters: 0.9999983794550402 -0.0015576812244913927 -0.00044017270775048974 0.001554318745487077 0.9999646058590854 -0.00824469263664365 0.00045283004123816077 0.008244303101874847 0.9999658276713602 -0.003816859223391589 -0.08919050535627093 -0.2961733461893914
FixedParameters: 0 0 0
#Transform 113
Transform: MatrixOffsetTransformBase_double_3_3
