#Insight Transform File V1.0
#Transform 0
Transform: MatrixOffsetTransformBase_double_3_3
Parameters: 0.9999996181947884 -0.00041223401564290856 -0.00045989687641338013 0.0004117657274388383 0.999996647837494 -0.002680191560971077 0.0004611052009399425 0.00267981210780572 0.9999966055204756 -0.044296504310224805 -0.12876731391477847 -0.12022462159946201
FixedParameters: 0 0 0
#Transform 1
Transform: MatrixOffsetTransformBase_double_3_3
Parameters: 0.9999998586177627 -0.0002746248219537939 -0.00025733477033445585 0.0002733759469812894 0.9999970442898246 -0.0024250706386090616 0.0002576636733272146 0.0024249295286121685 0.9999970530598244 -0.03298891999676812 -0.09709722178455138 -0.10610923385124238
FixedParameters: 0 0 0
#Transform 2
Transform: MatrixOffsetTransformBase_double_3_3
Parameters: 0.999999650894244 -0.0005833827629592326 -0.00009466952597216435 0.0005826155312025878 0.9999916920317684 -0.003996055283507742 0.00009732887712865575 0.003995943347543246 0.9999920227056636 -0.02608823568743901 -0.0862267803765775 -0.17411242823193618
FixedParameters: 0 0 0
#Transform 3
Transform: MatrixOffsetTransformBase_double_3_3
Parameters: 0.9999999402265897 -0.00023888385732892236 0.00005154170128122458 0.00023911735851594014 0.9999978035788782 -0.0022669896266969128 -0.00005145807221424366 0.0022670142437166293 0.999997858047922 -0.04112932781160339 -0.09967001422472777 -0.11453524130608628
FixedParameters: 0 0 0
#Transform 4
Transform: MatrixOffsetTransformBase_double_3_3
Parameters: 0.9999996837096674 -0.0005208053851717361 -0.0002120317305692633 0.0005201942465505587 0.9999924255091664 -0.0037821091496084767 0.00021396880536854126 0.0037818874157459215 0.9999926510610266 -0.024404664501162188 -0.07799123794002583 -0.1906876389447234
FixedParameters: 0 0 0
#Transform 5
Transform: MatrixOffsetTransformBase_double_3_3
Parameters: 0.9999996821464807 -0.0005213812273087439 0.0002135164419086081 0.0005226196083570248 0.9999952768528664 -0.0029068871020027183 -0.00021248152670395984 0.0029071094738318216 0.9999955039686919 -0.04148093269982667 -0.10752505421778835 -0.17021461022848428
FixedParameters: 0 0 0
#Transform 6
Transform: MatrixOffsetTransformBase_double_3_3
Parameters: 0.9999993543435537 -0.0008021902259276958 -0.000047914276672314096 0.0008018093730972217 0.9999925573295793 -0.0038470391895992465 0.00005108488726100642 0.0038469597916345882 0.9999921980857391 -0.03315792401510009 -0.08973438192190031 -0.1682284836641088
FixedParameters: 0 0 0
#Transform 7
Transform: MatrixOffsetTransformBase_double_3_3
Parameters: 0.9999997505391197 -0.0004916561191840684 0.00008696631569084858 0.0004923437750234808 0.9999917738679823 -0.003997957246361287 -0.00008503226814250468 0.003998041870341525 0.9999920085369275 -0.035984610752905155 -0.07779359876626302 -0.2456781175639975
FixedParameters: 0 0 0
#Transform 8
Transform: MatrixOffsetTransformBase_double_3_3
Parameters: 0.9999996118516505 -0.0005821771627481649 0.00022216775100420612 0.000582821851597283 0.9999928148032413 -0.003720871089173134 -0.0002198327725506808 0.003721128555112877 0.9999931052691733 -0.03196690421940218 -0.09599746126343689 -0.2169360608871358
FixedParameters: 0 0 0
#Transform 9
Transform: MatrixOffsetTransformBase_double_3_3
Parameters: 0.9999996032901278 -0.00062469560058777 0.00007943192018618893 0.0006253027528643658 0.9999924616418743 -0.0038919536480273888 -0.00007656690288099504 0.0038920511480718062 0.9999928461840496 -0.03356607396894162 -0.07969682724406368 -0.24127111488805042
FixedParameters: 0 0 0
#Transform 10
Transform: MatrixOffsetTransformBase_double_3_3
Parameters: 0.9999995974581058 -0.0006205240365793227 0.00013127074389311004 0.0006214749877886301 0.9999932370007057 -0.0036579206961200295 -0.0001287281143334692 0.0036570821559354645 0.999993605742787 -0.04228864702987778 -0.08667870413120227 -0.2175523825870158
FixedParameters: 0 0 0
#Transform 11
Transform: MatrixOffsetTransformBase_double_3_3
Parameters: 0.9999995150511296 -0.0006917381819779384 0.00007931706973279949 0.0006922606261342612 0.9999943052955708 -0.0033489477180529623 -0.00007668204094436126 0.003349055670085263 0.9999947780767122 -0.03447915715972272 -0.053177588330015624 -0.27448535237220995
FixedParameters: 0 0 0
#Transform 12
Transform: MatrixOffsetTransformBase_double_3_3
Parameters: 0.9999992183656763 -0.0008431095027630651 -0.0002665150866910848 0.000841892327632033 0.9999911794718108 -0.004136228055276368 0.0002694851260108177 0.0041367764733354065 0.9999918174578795 -0.03232371123436906 -0.08854417126718772 -0.1774771798233985
FixedParameters: 0 0 0
#Transform 13
Transform: MatrixOffsetTransformBase_double_3_3
Parameters: 0.9999995313981217 -0.0006715335325485216 -0.0001312980651233615 0.0006714628745958123 0.9999913484025983 -0.004025087354044487 0.00013470365384403096 0.004024908734164036 0.9999917816263083 -0.03173755662804467 -0.05779570749267293 -0.27632260319197144
FixedParameters: 0 0 0
#Transform 14
Transform: MatrixOffsetTransformBase_double_3_3
Parameters: 0.9999998568331169 -0.0003748088751907661 0.0000543338883934143 0.00037419314568493025 0.9999932003534591 -0.0035579773224848205 -0.00005366893492708401 0.0035580177694523587 0.9999933376883487 -0.046385215940958346 -0.11797602356340064 -0.17307516497756126
FixedParameters: 0 0 0
#Transform 15
Transform: MatrixOffsetTransformBase_double_3_3
Parameters: 0.9999994903552074 -0.0006678860712220159 0.0002519718142892426 0.0006691135268824268 0.9999897860898921 -0.004445832438011847 -0.000249027483103824 0.004446167357919187 0.9999901702337857 -0.03185341886583615 -0.08417156236173184 -0.2633054040478129
FixedParameters: 0 0 0
#Transform 16
Transform: MatrixOffsetTransformBase_double_3_3
Parameters: 0.9999996876739173 -0.0005581188862095706 -0.000029858138727264107 0.0005578809302197139 0.999992958334204 -0.003838017692400289 0.00003214136262993919 0.0038379830964017634 0.9999922687382334 -0.03865429947884991 -0.07742152584005169 -0.17318285157107027
FixedParameters: 0 0 0
#Transform 17
Transform: MatrixOffsetTransformBase_double_3_3
Parameters: 0.9999994438689772 -0.0007304491151750137 0.00015167661398166152 0.0007305480221776101 0.9999930487498092 -0.0036628913261545297 -0.00014832495689367725 0.0036631104771602833 0.9999935598808227 -0.034459115831367626 -0.054475666070132434 -0.28776732939340377
FixedParameters: 0 0 0
#Transform 18
Transform: MatrixOffsetTransformBase_double_3_3
Parameters: 0.9999998086878662 -0.00027684002380714716 0.00033895069980228467 0.00027716011482773633 0.9999941789045039 -0.0034269069324285176 -0.00033805213574448643 0.00342709446244058 0.9999941410505016 -0.051560764238288925 -0.098302706191717 -0.17247103680330156
FixedParameters: 0 0 0
#Transform 19
Transform: MatrixOffsetTransformBase_double_3_3
Parameters: 0.9999993485667354 -0.0008069464712305847 0.000015164150609700827 0.0008070523382278599 0.9999919744419253 -0.003920990215080451 -0.00001183563269537116 0.00392101200407989 0.9999926255109085 -0.04581388127860464 -0.06540009058417695 -0.27650472669697024
FixedParameters: 0 0 0
#Transform 20
Transform: MatrixOffsetTransformBase_double_3_3
Parameters: 0.9999997690389382 -0.0004713899969247373 -0.00009406708859706156 0.0004706065149697382 0.9999919516833872 -0.004102044980390534 0.00009693118143255646 0.004101955019395701 0.9999911644044323 -0.04762671474375679 -0.08091514778374176 -0.2314675313489971
FixedParameters: 0 0 0
#Transform 21
Transform: MatrixOffsetTransformBase_double_3_3
Parameters: 0.9999998373215132 -0.0010725249676408503 0.00010879847524644738 0.0010734777174311397 0.9999898408202214 -0.0044728876451826894 -0.00010419935843155977 0.004473116194372267 0.9999899808143374 -0.04203510146558642 -0.06601294803473934 -0.2667046754225453
FixedParameters: 0 0 0
#Transform 22
Transform: MatrixOffsetTransformBase_double_3_3
Parameters: 0.999999659521205 -0.0005704011872674727 0.00012379127650430908 0.0005705994942154164 0.9999877525033306 -0.0048909297461119435 -0.00012121061018174401 0.0048910695200752525 0.999988062969249 -0.03848716157123988 -0.10914154893519878 -0.2254188156193777
FixedParameters: 0 0 0
#Transform 23
Transform: MatrixOffsetTransformBase_double_3_3
Parameters: 0.9999990495853277 -0.0009590644539715292 -0.00017526777736018702 0.0009579355567743324 0.9999813205489353 -0.005980169326266283 0.0001807315414746894 0.005979828097508943 0.9999822075953047 -0.024163404320532322 -0.09091512078266817 -0.28413130235352924
FixedParameters: 0 0 0
#Transform 24
Transform: MatrixOffsetTransformBase_double_3_3
Parameters: 0.999999534189703 -0.0006610535061338545 0.00016972899695351848 0.0006619475539176422 0.9999837863885114 -0.005636888910800661 -0.0001662711827897404 0.005637111176746908 0.9999841957504123 -0.037221613763904315 -0.10446201288027623 -0.27662442773389273
FixedParameters: 0 0 0
#Transform 25
Transform: MatrixOffsetTransformBase_double_3_3
Parameters: 0.9999999416444192 -0.0010212701687686376 0.00012510944063485378 0.0010217293068517052 0.9999811958100276 -0.0059798736028813014 -0.00011889219151002637 0.005980122851926396 0.9999822243972136 -0.02699193705788616 -0.10662204723249147 -0.3143057155522939
FixedParameters: 0 0 0
#Transform 26
Transform: MatrixOffsetTransformBase_double_3_3
Parameters: 0.9999996346250417 -0.0005801505563934515 0.0001699272671421906 0.0005808497235421588 0.9999872410794057 -0.005041904212373293 -0.0001670734655352095 0.005042099842414902 0.9999875496694713 -0.02644061133250375 -0.09760794476900969 -0.25973008178827683
FixedParameters: 0 0 0
#Transform 27
Transform: MatrixOffsetTransformBase_double_3_3
Parameters: 0.9999992831447826 -0.0007967608968226729 -0.0002861425963511537 0.0007952394277676339 0.9999811194001254 -0.0061032321477832545 0.00029085866752175663 0.00610277285076664 0.9999816697891455 -0.034960602301921995 -0.1002516015728645 -0.3336758861956497
FixedParameters: 0 0 0
#Transform 28
Transform: MatrixOffsetTransformBase_double_3_3
Parameters: 0.9999994408597846 -0.0006314565574491617 -0.0004001491773757087 0.0006295440602418491 0.999981269996815 -0.006110255990344693 0.0004038539637773034 0.006109749062289743 0.9999815059248405 -0.0475564598611129 -0.09400830594836407 -0.3362917991543384
FixedParameters: 0 0 0
#Transform 29
Transform: MatrixOffsetTransformBase_double_3_3
Parameters: 0.9999992509754301 -0.0008285175452995734 -0.00025104399249786655 0.0008264818635199747 0.9999814647620928 -0.005987208378638527 0.00025595339255465654 0.005987788833290541 0.999982085261721 -0.05423909561092444 -0.11627275251282754 -0.3381630049790658
FixedParameters: 0 0 0
#Transform 30
Transform: MatrixOffsetTransformBase_double_3_3
Parameters: 0.9999992220493767 -0.0008819746362757205 0.000006999142668792238 0.0008820256482805948 0.9999840955659316 -0.005667998777596847 -0.000002000705191174286 0.0056680067155976035 0.9999838734759103 -0.041683155602413535 -0.0835003118731521 -0.3274946485695409
FixedParameters: 0 0 0
#Transform 31
Transform: MatrixOffsetTransformBase_double_3_3
Parameters: 0.9999991441110059 -0.000876860172492878 -0.000294517365760984 0.0008751360275469642 0.9999800571306044 -0.00625926290364679 0.00030048323357383463 0.006258741678663141 0.9999807360055832 -0.03440513084528618 -0.09625665613553736 -0.37407944912381197
FixedParameters: 0 0 0
#Transform 32
Transform: MatrixOffsetTransformBase_double_3_3
Parameters: 0.9999994585837388 -0.0006785930228442499 0.0002853690931430396 0.0006794053667279448 0.9999879371993883 -0.004959808093892676 -0.00028163337467789114 0.004960193089837555 0.999987317869477 -0.03963830369544041 -0.09541100857425988 -0.3521332959934256
FixedParameters: 0 0 0
#Transform 33
Transform: MatrixOffsetTransformBase_double_3_3
Parameters: 0.9999993208241356 -0.0008239237236835587 0.000016419748580208363 0.0008240739156156896 0.9999855483163592 -0.005363987688109595 -0.000011579818767286352 0.005364010760099171 0.9999852271005043 -0.029290757757394204 -0.0984403321420757 -0.35182969146670473
FixedParameters: 0 0 0
#Transform 34
Transform: MatrixOffsetTransformBase_double_3_3
Parameters: 0.9999994264182749 -0.0007568654668492987 0.000025382670513239938 0.0007571318068232052 0.9999829025558937 -0.005789983535750789 -0.000020616542980181173 0.005790018357747377 0.9999834750798375 -0.036645705368101744 -0.08622859308526643 -0.3378022343822096
FixedParameters: 0 0 0
#Transform 35
Transform: MatrixOffsetTransformBase_double_3_3
Parameters: 0.9999992878215267 -0.0008432527133789146 -0.0000365676607770801 0.0008427501594919234 0.999978776648139 -0.00644303395716376 0.00004143068368353878 0.0064429682031785455 0.9999794857849796 -0.03042951960638618 -0.11904467905561944 -0.3817639263628081
FixedParameters: 0 0 0
#Transform 36
Transform: MatrixOffsetTransformBase_double_3_3
Parameters: 0.9999999291518835 -0.0007662499429208275 0.0006951573230948853 0.0007707503318217555 0.9999851248453405 -0.005411468079204883 -0.0006908397833118212 0.005411533227246876 0.9999852351904118 -0.03416834258270285 -0.10073560320147124 -0.3326631489663896
FixedParameters: 0 0 0
#Transform 37
Transform: MatrixOffsetTransformBase_double_3_3
Parameters: 0.9999997579010875 -0.00047951005781627097 0.00011183418479130017 0.0004784932834909618 0.9999893491009944 0.004519051607337785 -0.00011316341590927547 -0.0045189438324093004 0.9999895658878506 0.00020706923153568368 -0.16588333799005284 -0.10569738020186037
FixedParameters: 0 0 0
#Transform 38
Transform: MatrixOffsetTransformBase_double_3_3
Parameters: 0.9999990727714037 -0.0009288094009607374 -0.00025340418431725996 0.0009301931284273354 0.9999886777684107 0.004738766852290896 0.000249594324785892 -0.004739234393110666 0.9999884784924876 0.008424372301647054 -0.1174974368668984 -0.2078470731221671
FixedParameters: 0 0 0
#Transform 39
Transform: MatrixOffsetTransformBase_double_3_3
Parameters: 0.9999992272464449 -0.0007391905520789739 -0.0004758229772045901 0.0007408105275553658 0.9999929019304894 0.0038146492200298227 0.000473177493059663 -0.003814351483126058 0.9999922243817083 0.000674012311449701 -0.1380993631434535 -0.19552177654881575
FixedParameters: 0 0 0
#Transform 40
Transform: MatrixOffsetTransformBase_double_3_3
Parameters: 0.9999995617101071 -0.00100039479041159 -0.0006609595603265199 0.0010036048602043385 0.999991369722636 0.003952338134825505 0.0006570377165797256 -0.00395365877474024 0.9999919394485991 0.0015875477052844644 -0.10214474070829738 -0.23867981730684562
FixedParameters: 0 0 0
#Transform 41
Transform: MatrixOffsetTransformBase_double_3_3
Parameters: 0.9999986625783226 -0.0013527311394377073 -0.0007123245907189095 0.0013552673400623703 0.9999939618218716 0.00319403714892986 0.0007076738622409177 -0.0031949598334295045 0.9999942910416931 -0.008114962904542722 -0.1288667006162001 -0.20872656920607824
FixedParameters: 0 0 0
#Transform 42
Transform: MatrixOffsetTransformBase_double_3_3
Parameters: 0.9999992808901521 -0.0011327643875008878 -0.0006608469621933937 0.001134235722165126 0.9999932060825385 0.003392252108881244 0.0006571561400356467 -0.0033927460687685207 0.9999940566253442 -0.0025520139831485267 -0.09095215314812322 -0.24209365032379537
FixedParameters: 0 0 0
#Transform 43
Transform: MatrixOffsetTransformBase_double_3_3
Parameters: 0.9999995476671846 -0.0011630230731606286 -0.0003156219278085497 0.0011639777300269632 0.9999939585839671 0.0031126335951880972 0.0003123791202625877 -0.003112364276225806 0.9999952137237914 -0.0015816040084359884 -0.10383204501592047 -0.21661330976320414
FixedParameters: 0 0 0
#Transform 44
Transform: MatrixOffsetTransformBase_double_3_3
Parameters: 0.9999992409126415 -0.0011499478139178519 -0.0006605848916444179 0.0011520527359512238 0.9999939750620598 0.0031142399048703206 0.0006574152930999694 -0.0031147569276328917 0.9999948655846508 0.0030236969581096673 -0.09248984291239992 -0.24772119997541608
FixedParameters: 0 0 0
#Transform 45
Transform: MatrixOffsetTransformBase_double_3_3
Parameters: 0.9999989369952034 -0.0011519848899534876 -0.0008577122847138136 0.001154014728741125 0.999996136324876 0.0023520112822132066 0.0008552874111621187 -0.002352986374630812 0.9999967321425202 -0.005204453616514115 -0.11786001850761352 -0.1942649131382268
FixedParameters: 0 0 0
#Transform 46
Transform: MatrixOffsetTransformBase_double_3_3
Parameters: 0.9999982986318079 -0.0015414023886766908 -0.0005693403638125516 0.0015435974163034501 0.9999946964430614 0.0028141241944437843 0.0005656560661175008 -0.0028158749333484973 0.9999957536994001 -0.006333618117238871 -0.08823564871617862 -0.29020746668157926
FixedParameters: 0 0 0
#Transform 47
Transform: MatrixOffsetTransformBase_double_3_3
Parameters: 0.9999993552735845 -0.0010994092897496787 -0.000659659927057141 0.0011015931428655314 0.9999969445773529 0.002417276117121528 0.0006573389958712475 -0.0024177254783511316 0.9999967220582391 -0.006938580765293523 -0.12022521938681052 -0.23704228365798485
FixedParameters: 0 0 0
#Transform 48
Transform: MatrixOffsetTransformBase_double_3_3
Parameters: 0.9999995582364303 -0.0011026283587079247 -0.000476190497021203 0.0011033724018548318 0.9999954225956138 0.0028914764329061697 0.000472811831354104 -0.0028915231839154003 0.9999954140566122 -0.0026158132509692678 -0.10467620479208506 -0.292764651373119
FixedParameters: 0 0 0
#Transform 49
Transform: MatrixOffsetTransformBase_double_3_3
Parameters: 0.9999989817630057 -0.0007455729672789797 -0.0006805663729811126 0.0007464261919153836 0.9999980355774087 0.0020994932503147485 0.0006784339158898453 -0.002099507065308861 0.9999971303727946 -0.013528908576859067 -0.12154516093728773 -0.2134651669001073
FixedParameters: 0 0 0
#Transform 50
Transform: MatrixOffsetTransformBase_double_3_3
Parameters: 1.0000001145135882 -0.0008984134847338424 -0.000278898937211381 0.0008995883134971737 0.9999977270220369 0.0021127502367351988 0.00027709975604238364 -0.0021132500810599666 0.9999974579408623 -0.018460481625083958 -0.10224263159976488 -0.2744873170947244
FixedParameters: 0 0 0
#Transform 51
Transform: MatrixOffsetTransformBase_double_3_3
Parameters: 0.9999996923743774 -0.0010812407953568397 -0.0003712204162798453 0.001082760016082358 0.9999976144593847 0.0020525996692385214 0.00036877771711331115 -0.0020534003496208942 0.999997648285401 -0.00925416546976976 -0.1434295194242452 -0.22106747164906437
FixedParameters: 0 0 0
#Transform 52
Transform: MatrixOffsetTransformBase_double_3_3
Parameters: 0.9999985251234508 -0.001174463296375518 -0.0010468530700614663 0.001176537122696973 0.999996730276307 0.0024257734627183523 0.0010441483533380036 -0.0024272314396473847 0.9999970190064912 -0.004623858649182466 -0.09173530601856328 -0.2755105142650365
FixedParameters: 0 0 0
#Transform 53
Transform: MatrixOffsetTransformBase_double_3_3
Parameters: 0.9999986190442519 -0.0011039544523144046 -0.0010780970797907197 0.0011060438242558232 0.9999971746696747 0.0018978083271594677 0.0010759013919540497 -0.0018991884987996353 0.9999972357656146 -0.004556624632627404 -0.1354771636384129 -0.2263858805542327
FixedParameters: 0 0 0
#Transform 54
Transform: MatrixOffsetTransformBase_double_3_3
Parameters: 0.9999984207322784 -0.0011509080357277645 -0.0011201526727108433 0.0011530908613868291 0.9999971797316091 0.0018687093079336943 0.0011178464931840674 -0.0018692874873136355 0.9999972546745288 -0.0045168882423070045 -0.09838225535936829 -0.28824938970922176
FixedParameters: 0 0 0
#Transform 55
Transform: MatrixOffsetTransformBase_double_3_3
Parameters: 0.9999971241495633 -0.0008401005424160883 -0.002042194039842151 0.000842898409919677 0.999998275474536 0.0014192814516390245 0.0020408041770822636 -0.0014207173003578813 0.9999968158698382 -0.017968928264139095 -0.12966623079775275 -0.2596115116866997
FixedParameters: 0 0 0
#Transform 56
Transform: MatrixOffsetTransformBase_double_3_3
Parameters: 0.9999985376055405 -0.0012555554039442762 -0.0009409302973280594 0.0012574440272781278 0.9999980603704559 0.0015358193504864774 0.0009390690679990501 -0.0015371815727272774 0.9999987555635789 0.006014467568306259 -0.10053411232763665 -0.3037559937643124
FixedParameters: 0 0 0
#Transform 57
Transform: MatrixOffsetTransformBase_double_3_3
Parameters: 0.9999992817988529 -0.0005984497817638402 -0.0005995495462467184 0.0005995504642471216 0.9999997984740798 0.000917641601912723 0.000599449781202914 -0.0009183598032280667 0.9999997978750795 -0.010307989201891132 -0.12421533858588418 -0.22718875699628427
FixedParameters: 0 0 0
#Transform 58
Transform: MatrixOffsetTransformBase_double_3_3
Parameters: 0.9999995295519652 -0.0009657932494038468 -0.0007335927500925562 0.0009662084897423892 0.9999983525810057 0.0016472933150256358 0.000732409774128085 -0.0016477094743649274 0.9999987484483285 0.006190626198005589 -0.09633770195594593 -0.31265284971438234
FixedParameters: 0 0 0
#Transform 59
Transform: MatrixOffsetTransformBase_double_3_3
Parameters: 0.999999571094588 -0.0007974519117828498 -0.0008904925365962901 0.0007985492830898432 0.9999999831230788 0.0006162898970148867 0.0008895086014244015 -0.0006167103385156419 0.9999998278268939 0.000879289031360031 -0.15297684316369953 -0.2704963598150556
FixedParameters: 0 0 0
#Transform 60
Transform: MatrixOffsetTransformBase_double_3_3
Parameters: 0.9999976757939826 -0.000987769154802462 -0.0018296641769967301 0.0009892298351289771 0.9999995706104063 0.0006711917520358567 0.0018293346429230674 -0.0006738086766208347 0.9999982006700999 0.014052345422271628 -0.1254015471934764 -0.29255356245747066
FixedParameters: 0 0 0
#Transform 61
Transform: MatrixOffsetTransformBase_double_3_3
Parameters: 0.9999986745647806 -0.0012414876492668413 -0.0008857197755461813 0.0012415130602754637 0.999999123434933 0.0005789013314352489 0.0008852821163976729 -0.0005791000305026723 0.99999988064719 -0.013494257092929729 -0.13501968666072628 -0.22467490999027007
FixedParameters: 0 0 0
#Transform 62
Transform: MatrixOffsetTransformBase_double_3_3
Parameters: 0.9999985051405148 -0.0016216051652988978 -0.0009304345029925175 0.0016223946004991273 0.9999971176081631 0.0014994930903267701 0.0009285668735188177 -0.0015015083938379253 0.9999988845236111 0.0025095987211471993 -0.12234929111627935 -0.34227317468292995
FixedParameters: 0 0 0
#Transform 63
Transform: MatrixOffsetTransformBase_double_3_3
Parameters: 0.9999987430979854 -0.0013100098958145423 -0.0007357657065391858 0.001310989374743373 0.9999984668310055 0.0013470370141241477 0.0007332339067231467 -0.0013479621400569282 0.9999986447519925 0.0024534597760776933 -0.1435442639040616 -0.27691878370220024
FixedParameters: 0 0 0
#Transform 64
Transform: MatrixOffsetTransformBase_double_3_3
Parameters: 0.9999982350456067 -0.001126093220227136 -0.0015803606944684366 0.001127906137825022 0.9999982730195984 0.0012062193624547742 0.001578640113850069 -0.0012077795601087148 0.9999980483256481 0.031635695566620825 -0.12625178400705295 -0.3148538006961701
FixedParameters: 0 0 0
#Transform 65
Transform: MatrixOffsetTransformBase_double_3_3
Parameters: 0.9999992843014373 -0.0010355177171233547 -0.0008016228083911593 0.0010364827230479852 0.9999995642994155 0.0006011695150470867 0.0008013754634104777 -0.0006028302229173811 0.9999989951944597 0.0017691653806934937 -0.1340600460413981 -0.2620350686015058
FixedParameters: 0 0 0
#Transform 66
Transform: MatrixOffsetTransformBase_double_3_3
Parameters: 0.9999981669709431 -0.0008242368605766059 -0.0017753547189329098 0.0008257620155499169 0.9999991349049263 0.00042853475750103217 0.0017756460439278118 -0.0004304643344672663 0.9999986631259344 0.030408591663274365 -0.10752793327368693 -0.36865054927196184
FixedParameters: 0 0 0
#Transform 67
Transform: MatrixOffsetTransformBase_double_3_3
Parameters: 0.9999996166758027 -0.0002566772183347669 -0.0005631468602345828 0.000256322989586855 0.9999996058788106 0.000572855464325421 0.0005638529107321196 -0.0005731445401196993 0.9999993541389898 0.009708005813791942 -0.13373824604275342 -0.30635233154302455
FixedParameters: 0 0 0
#Transform 68
Transform: MatrixOffsetTransformBase_double_3_3
Parameters: 0.9999984072717111 -0.0009452496320824389 -0.001643009252116086 0.0009467514474893034 0.9999989687248634 0.001065446464645581 0.0016419923768405988 -0.0010665540799456507 0.9999981658316457 0.029063970410049933 -0.10222092403249405 -0.324441255265171
FixedParameters: 0 0 0
#Transform 69
Transform: MatrixOffsetTransformBase_double_3_3
Parameters: 0.9999985741936654 -0.0006816046315303949 -0.0014006789643677318 0.0006833948317806233 0.9999995411812604 0.0009960437858370097 0.0013993187419374202 -0.0009969547864554645 0.9999980469878862 -0.01097085508871487 -0.1343692766984219 -0.29581455636639475
FixedParameters: 0 0 0
#Transform 70
Transform: MatrixOffsetTransformBase_double_3_3
Parameters: 0.9999992133856977 -0.001057282901777085 -0.0008179284696523452 0.0010577176159698282 0.9999991116856528 0.0008771359419036976 0.0008170725552728507 -0.0008778649562269274 0.9999995616858524 0.002456349594723406 -0.11969096130624735 -0.32589569174486144
FixedParameters: 0 0 0
#Transform 71
Transform: MatrixOffsetTransformBase_double_3_3
Parameters: 0.9999997480502314 -0.0007641901733455432 -0.000817757924376749 0.000764809468819904 0.9999994334579906 0.0009903755795964224 0.0008162426842161229 -0.0009916247735532655 0.999999350428927 0.00204253577251734 -0.15510977535814163 -0.2867305897841419
FixedParameters: 0 0 0
#Transform 72
Transform: MatrixOffsetTransformBase_double_3_3
Parameters: 0.999999784349384 -0.000994753987286859 -0.0004755161748853593 0.0009952470375407742 0.9999997406133615 0.0005185271230355029 0.0004744833643534737 -0.0005194723735222959 0.99999950501424 0.013270416687191755 -0.12151370761418434 -0.3072047373373721
FixedParameters: 0 0 0
#Transform 73
Transform: MatrixOffsetTransformBase_double_3_3
Parameters: 0.9999979943264541 -0.0009380051906706698 -0.0017679981139550173 0.0009379945826707302 0.9999991201464479 -0.000003658379979214705 0.0017680037419549855 0.0000023416079866960206 0.999998874162449 0.03054387043893314 -0.151485365721598 -0.3163590141961805
FixedParameters: 0 0 0
#Transform 74
Transform: MatrixOffsetTransformBase_double_3_3
Parameters: 0.9999988009258217 -0.000707943120727206 -0.0013030308901345476 0.0007080564817044243 0.9999994968436817 0.00004307742334288447 0.0013029692941469264 -0.00004392247217305804 0.9999993002977212 0.009586540135558153 -0.1350751549468754 -0.33883984380500465
FixedParameters: 0 0 0
#Transform 75
Transform: MatrixOffsetTransformBase_double_3_3
Parameters: 0.999998168626053 -0.0010671517169175229 -0.0016409015248106387 0.0010668497728691627 0.9999998530453227 -0.00009275077985518254 0.0016410978528420828 0.00009124888161463499 0.9999982986530738 0.006706662060722124 -0.1270895589043448 -0.36277174365274334
FixedParameters: 0 0 0
#Transform 76
Transform: MatrixOffsetTransformBase_double_3_3
Parameters: 0.9999995020362127 -0.0008375515869945296 -0.0008924217366862967 0.000837448550968819 0.9999990460870988 0.0005022530183273648 0.0008925800487258003 -0.0005027479574508672 0.9999999509363247 0.0007579344442092406 -0.1367304479685032 -0.2929891513122129
FixedParameters: 0 0 0
#Transform 77
Transform: MatrixOffsetTransformBase_double_3_3
Parameters: 0.9999979764232807 -0.0007477810700421147 -0.0018614897537041102 0.0007492171203930951 0.9999990113778129 0.0006536063666041491 0.0018605099671469222 -0.0006553922847970075 0.999998108305221 0.010663401220341484 -0.12418549475839313 -0.3328148834048932
FixedParameters: 0 0 0
#Transform 78
Transform: MatrixOffsetTransformBase_double_3_3
Parameters: 0.9999990608710126 -0.0005707073256296897 -0.0007832121384944625 0.0005712914429998599 0.9999995348305015 0.0003725525052919081 0.0007827861729537639 -0.0003734466903277451 0.9999992477828109 -0.006120121484059382 -0.12934036564071505 -0.29531403084106955
FixedParameters: 0 0 0
#Transform 79
Transform: MatrixOffsetTransformBase_double_3_3
Parameters: 0.9999984344807118 -0.0006110451429179841 -0.0017863276857893837 0.0006119549140533498 0.9999993403768468 0.0005339077634406405 0.001786673991840911 -0.0005350926556169417 0.999998522722725 0.0028874837277186316 -0.12907824960331027 -0.32448779122209714
FixedParameters: 0 0 0
#Transform 80
Transform: MatrixOffsetTransformBase_double_3_3
Parameters: 0.9999984771546595 -0.0004400178883594438 -0.0018242380404480056 0.0004409828775400637 0.999999515976854 0.0005381964627358168 0.0018247636215463802 -0.0005388038498495032 0.9999983812126415 -0.006815876846218316 -0.12804096102581752 -0.2979190593750758
FixedParameters: 0 0 0
#Transform 81
Transform: MatrixOffsetTransformBase_double_3_3
Parameters: 0.9999986021711771 -0.0009481565551394837 -0.0012238781488966121 0.0009488419858554814 0.9999990838359777 -0.00012916139448308672 0.0012241219137956103 0.00012783946603081643 0.9999994853108113 -0.004087000655857764 -0.08580917732716387 -0.35236850203048675
FixedParameters: 0 0 0
#Transform 82
Transform: MatrixOffsetTransformBase_double_3_3
Parameters: 0.9999988533903049 -0.000501271303741029 -0.001701216497439208 0.000501729492047914 0.9999995648847815 0.0004281472277640533 0.0017017867118211258 -0.00042885383523732416 0.9999989212803504 0.010314898820254825 -0.12678553455985764 -0.3270928981976766
FixedParameters: 0 0 0
#Transform 83
Transform: MatrixOffsetTransformBase_double_3_3
Parameters: 0.9999988515365276 -0.0006488363086144236 -0.0013140809095384838 0.0006481636207247201 0.9999995639474106 0.0001241483826441767 0.0013149194324009962 -0.00012485329052859746 0.9999992565884612 -0.001157741643609711 -0.12597830067211646 -0.3524651675723476
FixedParameters: 0 0 0
#Transform 84
Transform: MatrixOffsetTransformBase_double_3_3
Parameters: 0.9999983153885603 -0.0007127225183821965 -0.0017825122978152087 0.0007142779080731409 0.9999989768284291 0.0007167278555863368 0.0017814891380185103 -0.0007172707734784591 0.9999983103825614 0.01993355204056968 -0.13353978593593752 -0.30980647374033765
FixedParameters: 0 0 0
#Transform 85
Transform: MatrixOffsetTransformBase_double_3_3
Parameters: 0.9999962634600118 -0.001014105983325726 -0.0023893785312853093 0.0010148929584229821 0.9999998309124527 0.00037257647504392244 0.002388619684191529 -0.0003754237623957972 0.9999971527951217 0.010853424795641331 -0.12418725197642289 -0.3943736530709856
FixedParameters: 0 0 0
#Transform 86
Transform: MatrixOffsetTransformBase_double_3_3
Parameters: 0.9999979037627701 -0.0006029233870356394 -0.001932023931053015 0.0006030760150207128 0.9999996348306011 0.00003883492020204443 0.0019319762940576742 -0.00004016491407197443 0.9999982658117348 0.029523239598532314 -0.14660157491593395 -0.32133339457674026
FixedParameters: 0 0 0
#Transform 87
Transform: MatrixOffsetTransformBase_double_3_3
Parameters: 0.9999981400465094 -0.0007778540535642806 -0.001804201395073729 0.0007761458014202945 0.9999993405126107 -0.00102840232268266 0.0018047981321240275 0.0010265981265305869 0.9999976880184714 0.030331823721439832 -0.1136175124727572 -0.3480054591261137
FixedParameters: 0 0 0
#Transform 88
Transform: MatrixOffsetTransformBase_double_3_3
Parameters: 0.9999975239557056 -0.0006290752016471161 -0.00201997576255959 0.0006289237017194499 0.999999602952713 -0.00003827048772769913 0.0020200229375370656 0.00003672932646352884 0.9999979181905174 0.013700098087440438 -0.15582057829644214 -0.32174367050048147
FixedParameters: 0 0 0
#Transform 89
Transform: MatrixOffsetTransformBase_double_3_3
Parameters: 0.999996834173404 -0.0008882606697053336 -0.002525207998915298 0.0008867400101342663 0.9999994113140666 -0.0008962429639522305 0.0025257966285234397 0.0008937601893871551 0.9999968208033903 -0.0013008633601572228 -0.08072793975928505 -0.4107207189796185
FixedParameters: 0 0 0
#Transform 90
Transform: MatrixOffsetTransformBase_double_3_3
Parameters: 0.9999983373052443 -0.0006013968951427255 -0.0018168695080995041 0.0006006028659128036 0.9999995910566074 -0.00021909164444099285 0.001817132145175554 0.0002179076080981389 0.999998650764335 -0.007575711655874784 -0.16028896369066103 -0.3312096660091157
FixedParameters: 0 0 0
#Transform 91
Transform: MatrixOffsetTransformBase_double_3_3
Parameters: 0.9999981586484001 -0.0007211481536193367 -0.0018229418760993426 0.0007208510855741802 0.9999994735166001 -0.00008231423351231337 0.0018220593989651999 0.0000806861862648393 0.9999986718474781 0.011970603690954817 -0.15048677631594387 -0.35233559404072423
FixedParameters: 0 0 0
#Transform 92
Transform: MatrixOffsetTransformBase_double_3_3
Parameters: 0.9999987472289367 -0.0008554371518422095 -0.0015877643531471482 0.000854562164129793 0.9999991930747901 -0.00027635709916930463 0.0015882354579923091 0.00027464161773313445 0.9999984023540502 -0.001448717148022638 -0.1743683471696187 -0.3228639506897082
FixedParameters: 0 0 0
#Transform 93
Transform: MatrixOffsetTransformBase_double_3_3
Parameters: 0.9999969829419925 -0.0005063912378201364 -0.0024001285828209365 0.000507608037721186 0.9999996786887732 0.00025278241744366986 0.0023998715338418397 -0.00025421602032708895 0.9999971757289767 0.00008007103541274319 -0.13269221096017247 -0.3814684642049144
FixedParameters: 0 0 0
#Transform 94
Transform: MatrixOffsetTransformBase_double_3_3
Parameters: 0.9999979587547161 -0.0006448406469074721 -0.001904054088191496 0.0006451586148921404 0.9999995770026381 0.00008277174800896298 0.0019039463731966898 -0.00008422790993875067 0.9999983678076965 -0.0025370643331683596 -0.158397582804497 -0.3430790022059398
FixedParameters: 0 0 0
#Transform 95
Transform: MatrixOffsetTransformBase_double_3_3
Parameters: 0.9999976725690127 -0.0009009304017743067 -0.0018750336214894093 0.0009010691517286859 0.9999991868295148 0.0000363105370611044 0.0018749669475113316 -0.00003768929060777058 0.9999984830017463 -0.0016624725501230841 -0.1309119315830145 -0.4832770304522285
FixedParameters: 0 0 0
#Transform 96
Transform: MatrixOffsetTransformBase_double_3_3
Parameters: 0.9999950540046131 -0.0008911836672627025 -0.0028553173223683425 0.0008888175995178068 0.9999996234361891 -0.0007655412379109868 0.0028556781361769455 0.0007634584360158298 0.9999952616455029 -0.017644213831275124 -0.07035143186153903 -0.5804797765542986
FixedParameters: 0 0 0
#Transform 97
Transform: MatrixOffsetTransformBase_double_3_3
Parameters: 0.999997548642271 0.0003730312209660359 -0.0023046463034507307 -0.0003769702422570877 0.9999988923610524 -0.0017221364406456955 0.002304354424280965 0.0017228648210693433 0.9999957222542086 -0.030289982724184483 -0.11925833005618358 -0.6044708926714435
FixedParameters: 0 0 0
#Transform 98
Transform: MatrixOffsetTransformBase_double_3_3
Parameters: 0.9999991259181338 -0.00018900242748902412 -0.0013557223696043274 0.00018699679960056296 0.9999987831251529 -0.0014772547248455591 0.0013562777215734428 0.0014767448688739137 0.9999979797311975 -0.05188916271437449 -0.19874985923996746 -0.6285639661674054
FixedParameters: 0 0 0
#Transform 99
Transform: MatrixOffsetTransformBase_double_3_3
Parameters: 0.9999998827376465 -0.0001718603388769368 -0.0010428593076354385 0.00017114043073084025 0.9999992907875264 -0.0008241787392569132 0.00104314211169283 0.0008248209893872498 0.9999992323495144 -0.03480927241277243 -0.2929001863066816 -0.6274696092297205
FixedParameters: 0 0 0
#Transform 100
Transform: MatrixOffsetTransformBase_double_3_3
Parameters: 0.9999973736516312 0.0003749588426444527 -0.0023423274652264593 -0.00037703861184376164 0.9999990999829667 -0.000870118802012632 0.002341672473478625 0.0008718799853345932 0.999996756385869 -0.02681210321017602 -0.28629727705369135 -0.6264063621287619
FixedParameters: 0 0 0
#Transform 101
Transform: MatrixOffsetTransformBase_double_3_3
Parameters: 0.9999992157843205 -0.0002353266475246608 -0.0013147628389318681 0.00023367297619772585 0.9999999269284612 -0.001009308215542733 0.001315236060025425 0.001008691480420803 0.9999982526931301 -0.04551837450635787 -0.24202423911579274 -0.6832162616993998
FixedParameters: 0 0 0
#Transform 102
Transform: MatrixOffsetTransformBase_double_3_3
Parameters: 0.9999982982207284 -0.00020435161350294454 -0.0016308310785725709 0.00020364741177689375 0.9999992711423499 -0.0008293332033720228 0.0016311693104409917 0.0008286677556308958 0.9999986525945904 -0.044204267116811025 -0.15841155477342284 -0.6643560870787013
FixedParameters: 0 0 0
#Transform 103
Transform: MatrixOffsetTransformBase_double_3_3
Parameters: 0.9999987615526202 -0.00005925419116065472 -0.0014949499292047127 0.000057745581582322445 0.9999992926571197 -0.0008390865752703642 0.0014950480921122069 0.0008389116604351987 0.9999980610542804 -0.05029624836008395 -0.19224901601415922 -0.6719756494165097
FixedParameters: 0 0 0
#Transform 104
Transform: MatrixOffsetTransformBase_double_3_3
Parameters: 0.9999984607977964 0.00013721437378027984 -0.0015871550977668014 -0.00013878625308706526 0.9999997153290413 -0.0011247816755248733 0.0015878445969013716 0.0011252198266103878 0.9999982142147483 -0.05160257679486335 -0.23576385633525376 -0.6726857233017256
FixedParameters: 0 0 0
#Transform 105
Transform: MatrixOffsetTransformBase_double_3_3
Parameters: 0.9999989160989801 0.000018013935473736088 -0.0017560219824747946 -0.000019986012729824405 0.9999997204764925 -0.0011309668503542605 0.0017559790044474203 0.0011310335783967617 0.9999976372971656 -0.04760787600926619 -0.18498765198593503 -0.6861314615569398
FixedParameters: 0 0 0
#Transform 106
Transform: MatrixOffsetTransformBase_double_3_3
Parameters: 0.9999991278444732 -0.000027674397425655424 -0.0013679676693641293 0.000026325528576317193 0.9999995010927081 -0.0012240378507362688 0.0013680337654057477 0.001223963978689754 0.9999986303951599 -0.05770060873054206 -0.241317263320866 -0.6777821092266691
FixedParameters: 0 0 0
#Transform 107
Transform: MatrixOffsetTransformBase_double_3_3
Parameters: 0.9999988563678802 0.0001504530856853601 -0.001766220382809469 -0.00015354944708677345 0.9999988960869112 -0.0014427315669245583 0.0017667818612449291 0.0014422685855654887 0.99999779866306 -0.04778672145576479 -0.26646622209160853 -0.6790868006913087
FixedParameters: 0 0 0
#Transform 108
Transform: MatrixOffsetTransformBase_double_3_3
Parameters: 0.999998277423491 0.000007529920274176097 -0.0016500133800795508 -0.000009470029344818483 0.9999987589145085 -0.001496987007507623 0.0016499879310786243 0.0014970150575086443 0.9999980364824822 -0.05465139039775124 -0.25783040624618536 -0.6937615158555417
FixedParameters: 0 0 0
#Transform 109
Transform: MatrixOffsetTransformBase_double_3_3
Parameters: 0.9999985507940427 0.00010320396641005903 -0.0015611872596551198 -0.00010579726929984077 0.9999987813921218 -0.0017908380404500343 0.0015618129388697954 0.0017911643955620094 0.9999973540266319 -0.05418642535470042 -0.2921583327749744 -0.6677122762031473
FixedParameters: 0 0 0
#Transform 110
Transform: MatrixOffsetTransformBase_double_3_3
Parameters: 0.999998523475954 -0.0002011025881922051 -0.0015606027861115846 0.0001978976055597285 0.9999980100381731 -0.001987310926040907 0.0015613957997732163 0.001987688085879978 0.9999966131147692 -0.05555733755294057 -0.20291630628096868 -0.6863327092220857
FixedParameters: 0 0 0
#Transform 111
Transform: MatrixOffsetTransformBase_double_3_3
Parameters: 0.9999992037964736 -0.000026308370836662186 -0.001339939337477029 0.00002269143844667166 0.9999969034272257 -0.0024690326372198874 0.0013400603184900736 0.0024689669772128076 0.99999610842414 -0.06356363715110547 -0.2685887031470173 -0.6590356752778206
FixedParameters: 0 0 0
#Transform 112
Transform: MatrixOffsetTransformBase_double_3_3
Parameters: 0.9999990183915918 0.0001248437079302917 -0.0014022838538231244 -0.00012815552076927647 0.9999979169886454 -0.0022508223895684903 0.0014017143508508127 0.0022511770955512453 0.9999959673847402 -0.050343386849192484 -0.2251723271880195 -0.6943700481989623
FixedParameters: 0 0 0
#Transform 113
Transform: MatrixOffsetTransformBase_double_3_3
