#Insight Transform File V1.0
#Transform 0
Transform: MatrixOffsetTransformBase_double_3_3
Parameters: 0.9999972464338418 -0.0012627673062336523 -0.0017775382911090101 0.0012322411227098787 0.9998514435559058 -0.017205241971567736 0.00179846558526695 0.01720278056596108 0.999850802746748 0.04711360136549558 -0.116420386885693 -0.8212393149269133
FixedParameters: 0 0 0
#Transform 1
Transform: MatrixOffsetTransformBase_double_3_3
Parameters: 0.9999983336651977 -0.0006256187257063163 -0.0015084189745855458 0.0006023874801041378 0.9998780139033334 -0.015607930362618724 0.0015175862140609131 0.015607072277855037 0.9998771016105846 0.03218136660572668 -0.10964809466725 -0.7785360215168566
FixedParameters: 0 0 0
#Transform 2
Transform: MatrixOffsetTransformBase_double_3_3
Parameters: 0.9999974429798889 -0.0004459827154823596 -0.0020872158554207276 0.0004180049059943335 0.9999105665068475 -0.013388909328320127 0.0020937835387090206 0.013387103065965817 0.9999083827464191 0.021553391283106293 -0.05214167413937787 -0.6873388281061921
FixedParameters: 0 0 0
#Transform 3
Transform: MatrixOffsetTransformBase_double_3_3
Parameters: 0.9999974502488818 -0.00034568146873431506 -0.0021047439011804506 0.0003113151528659831 0.9998724670737239 -0.015981696391808662 0.0021102444033194315 0.015981311679798944 0.9998701331596649 0.015426181599536903 -0.10546264482101719 -0.7527704045573103
FixedParameters: 0 0 0
#Transform 4
Transform: MatrixOffsetTransformBase_double_3_3
Parameters: 0.9999983849905875 -0.0004839313285452296 -0.0018383814134384795 0.00045405894004240245 0.999867813547938 -0.016246867771984565 0.0018466215728873262 0.016246139399679716 0.9998666384854462 0.014380675123490505 -0.1443521030673054 -0.7738933146621463
FixedParameters: 0 0 0
#Transform 5
Transform: MatrixOffsetTransformBase_double_3_3
Parameters: 0.9999971109428366 -0.0006202750958780234 -0.0021224602028533162 0.000583734313048618 0.9998467681325091 -0.017517293793730588 0.002132552405291911 0.017516732070594853 0.9998446039449863 0.013292914813277434 -0.0987030633503565 -0.8232013741136228
FixedParameters: 0 0 0
#Transform 6
Transform: MatrixOffsetTransformBase_double_3_3
Parameters: 0.9999986864395739 -0.0007642464926735673 -0.0016523447204529124 0.0007337592710780552 0.9998331328446074 -0.01822924330131174 0.0016656533575147203 0.018227757906746783 0.9998329413845344 0.02629569607277915 -0.12138541130936176 -0.9255930456661048
FixedParameters: 0 0 0
#Transform 7
Transform: MatrixOffsetTransformBase_double_3_3
Parameters: 0.999998152952127 -0.0006526871087435203 -0.0018494552345217265 0.0006183028046892827 0.999834910012908 -0.018157185537698677 0.0018615339831613664 0.018155827013064375 0.9998338707464228 0.020809184272479797 -0.09438207421560207 -0.8621513597366146
FixedParameters: 0 0 0
#Transform 8
Transform: MatrixOffsetTransformBase_double_3_3
Parameters: 0.9999968482776936 -0.000950821641949744 -0.0022904764161287613 0.0009101683997906339 0.9998417978423665 -0.017758132022110917 0.0023075247538082884 0.017755853250223073 0.9998393779105476 0.015379783895824062 -0.11220589044167184 -0.8340576637894657
FixedParameters: 0 0 0
#Transform 9
Transform: MatrixOffsetTransformBase_double_3_3
Parameters: 0.9999986255910173 -0.0006447012250151151 -0.001399442871108195 0.0006182880690394152 0.9998321040161738 -0.018288874453621408 0.00141154308556046 0.01828809916929722 0.9998315272516766 -0.0010721974735901085 -0.09826193952545736 -0.7970379560980092
FixedParameters: 0 0 0
#Transform 10
Transform: MatrixOffsetTransformBase_double_3_3
Parameters: 0.9999983617774357 -0.00042103670304497994 -0.0015684923350844447 0.00039195455971705815 0.9998297936053686 -0.01846665095306678 0.0015765068136550403 0.01846637240797744 0.999828485891949 -0.001722528866608286 -0.10760938784817142 -0.8256885979947128
FixedParameters: 0 0 0
#Transform 11
Transform: MatrixOffsetTransformBase_double_3_3
Parameters: 0.9999988612407764 0.00007898945668574235 -0.0017697834908192895 -0.00011201613504198254 0.9998257459620757 -0.018660834507744906 0.0017682189698549854 0.01866017242133682 0.999824625445385 0.0009914679277756022 -0.11141216171711221 -0.8069858723119836
FixedParameters: 0 0 0
#Transform 12
Transform: MatrixOffsetTransformBase_double_3_3
Parameters: 0.9999974386077708 -0.00079818756315412 -0.001981036562674083 0.0007598121578874276 0.999815622700099 -0.01920354803208842 0.0019959568467233972 0.019201449662784673 0.9998132751028783 0.003381294762434095 -0.09744906314786306 -0.7772633569057064
FixedParameters: 0 0 0
#Transform 13
Transform: MatrixOffsetTransformBase_double_3_3
Parameters: 0.999998394885696 -0.0008571985914068031 -0.0013673198142518752 0.0008297876404725362 0.9998044169401575 -0.019770156895335875 0.0013846741019797621 0.019768835366965797 0.9998032349387211 -0.003132760070215568 -0.09298337703462778 -0.7244610506645586
FixedParameters: 0 0 0
#Transform 14
Transform: MatrixOffsetTransformBase_double_3_3
Parameters: 0.9999994061958052 -0.00031712847574419454 -0.00122199171386287 0.00029287103421363593 0.99980597605986 -0.019695378943022847 0.0012280068307221022 0.01969463162066761 0.999805568323666 -0.010633056597242785 -0.10911134990872995 -0.7065810077650383
FixedParameters: 0 0 0
#Transform 15
Transform: MatrixOffsetTransformBase_double_3_3
Parameters: 0.9999985640955239 -0.0006529237105532001 -0.001734606582832072 0.0006190687048652097 0.9998098745521301 -0.019486098763539492 0.001747394433825598 0.019484884005730094 0.9998082477123853 -0.0024436982111097905 -0.08114298562018973 -0.7094005142871964
FixedParameters: 0 0 0
#Transform 16
Transform: MatrixOffsetTransformBase_double_3_3
Parameters: 0.9999997907084934 -0.00016665574671163036 -0.0010868995285538306 0.00014534215313217975 0.9998021653003929 -0.019894161743458136 0.0010901070504905413 0.01989382209846484 0.9998010046854158 -0.00727492593651391 -0.08449771079099833 -0.7774577500643289
FixedParameters: 0 0 0
#Transform 17
Transform: MatrixOffsetTransformBase_double_3_3
Parameters: 0.9999980890041161 -0.0006515884822860988 -0.001576924458637751 0.0006184095645800644 0.9997880769195923 -0.020579005646261705 0.0015900619199779391 0.02057799439269737 0.9997869724580681 -0.012611426617525012 -0.11227099871081236 -0.7386675117547554
FixedParameters: 0 0 0
#Transform 18
Transform: MatrixOffsetTransformBase_double_3_3
Parameters: 0.9999989101594879 -0.00013223766380375285 -0.0017526428754139297 0.00009575464275433625 0.9997861057033667 -0.020660190934280464 0.0017553537814919075 0.02065979098626896 0.9997850418563362 -0.00376413226625516 -0.0915670520040095 -0.7762039496993225
FixedParameters: 0 0 0
#Transform 19
Transform: MatrixOffsetTransformBase_double_3_3
Parameters: 0.9999978094950348 -0.0006600213911655687 -0.0019375059163820535 0.0006189679245953114 0.9997774787837441 -0.02109723908039677 0.0019514912551477177 0.021095751796847067 0.9997751062844626 0.0011402491933694137 -0.11484441667283818 -0.7464898765879582
FixedParameters: 0 0 0
#Transform 20
Transform: MatrixOffsetTransformBase_double_3_3
Parameters: 0.9999976825438532 -0.0005589807110694154 -0.002001489902104167 0.0005160290585659898 0.9997702487872215 -0.021411065749217372 0.002012508950510775 0.02140990796512029 0.999768509215578 -0.003052443629286472 -0.1105117384261689 -0.8073441802581129
FixedParameters: 0 0 0
#Transform 21
Transform: MatrixOffsetTransformBase_double_3_3
Parameters: 0.9999980883517545 -0.0006523251850468493 -0.001576620363300995 0.000618666716813422 0.9997786334011524 -0.021046018282083894 0.0015903720980306331 0.0210450054379565 0.9997775295580135 0.01768492683605416 -0.09925885990129757 -0.7709805125137308
FixedParameters: 0 0 0
#Transform 22
Transform: MatrixOffsetTransformBase_double_3_3
Parameters: 0.9999974423385206 -0.0002156846653565469 -0.0021238552148415794 0.00017031336011346965 0.999769239235684 -0.02148641063472612 0.002128149949634041 0.021486589904675713 0.9997667560803822 -0.005279461769717386 -0.1321593947979096 -0.802764776225473
FixedParameters: 0 0 0
#Transform 23
Transform: MatrixOffsetTransformBase_double_3_3
Parameters: 0.99999802882488 -0.000701644544941443 -0.0015741716336292514 0.0006643366625214501 0.9997311223408915 -0.023159059413445992 0.0015908108606246907 0.023158897446669918 0.9997300842563266 0.00500000626944086 -0.0969008881354938 -0.811416625499163
FixedParameters: 0 0 0
#Transform 24
Transform: MatrixOffsetTransformBase_double_3_3
Parameters: 0.9999986051813825 -0.0005241113978708446 -0.001456169540112587 0.0004898925218164883 0.999727496524253 -0.02332773094419104 0.0014678268986363554 0.023327248271500595 0.9997266158758177 0.0027657712494146836 -0.10400455125302699 -0.826566562386077
FixedParameters: 0 0 0
#Transform 25
Transform: MatrixOffsetTransformBase_double_3_3
Parameters: 0.9999981323561274 -0.0004519545289406648 -0.0016319599006575072 0.00041404314179296637 0.999731288355667 -0.02318370991846624 0.0016420390647088575 0.02318229208702169 0.9997297957392519 -0.011991911518023812 -0.1085790255304886 -0.7935710164499028
FixedParameters: 0 0 0
#Transform 26
Transform: MatrixOffsetTransformBase_double_3_3
Parameters: 0.9999984421699293 -0.00020750334728092962 -0.0015855408679404772 0.0001704851300378603 0.9997211234914796 -0.02361729768820773 0.0015904692079758453 0.023616697348447048 0.999719637111072 -0.011365984757389924 -0.11818815081896616 -0.7899584543671807
FixedParameters: 0 0 0
#Transform 27
Transform: MatrixOffsetTransformBase_double_3_3
Parameters: 0.9999983523272415 -0.0007315555397138027 -0.0014531664451553857 0.0006944236024957695 0.999687468088947 -0.02499905852878481 0.0014718196512931072 0.024997972696427524 0.9996868372987395 -0.005483761649955454 -0.0866372851053967 -0.7973287743532183
FixedParameters: 0 0 0
#Transform 28
Transform: MatrixOffsetTransformBase_double_3_3
Parameters: 0.9999994822201697 -0.0001985537052108993 -0.001215680201532971 0.00017043852981706034 0.9997253156390434 -0.02344323884345327 0.0012203317724034113 0.023442789343079255 0.9997248659476695 -0.016374074631215763 -0.11293977304877956 -0.8068371318940706
FixedParameters: 0 0 0
#Transform 29
Transform: MatrixOffsetTransformBase_double_3_3
Parameters: 0.9999983225673245 -0.0006829302430974134 -0.0014868793828077141 0.000649066649563584 0.9997421314025473 -0.022702000841294763 0.001502121666247562 0.022701009911396192 0.9997413411946282 -0.017732320480916997 -0.09649593905643883 -0.7792689318656016
FixedParameters: 0 0 0
#Transform 30
Transform: MatrixOffsetTransformBase_double_3_3
Parameters: 0.9999987439995651 -0.00005232233893652136 -0.0015011848214559246 0.000016682031950559064 0.9997237312424954 -0.023520065793526085 0.0015018079787529177 0.0235199621724767 0.9997224776228981 -0.015511337019319171 -0.10868278648445084 -0.778850203484339
FixedParameters: 0 0 0
#Transform 31
Transform: MatrixOffsetTransformBase_double_3_3
Parameters: 0.9999991140362683 -0.0007241616986675724 -0.0011668121472175313 0.0006938323979281688 0.9996706712806273 -0.025646839684150286 0.0011851841025114199 0.025645171845669692 0.9996707908406619 -0.008288538035174042 -0.0699859117500381 -0.8004554897574252
FixedParameters: 0 0 0
#Transform 32
Transform: MatrixOffsetTransformBase_double_3_3
Parameters: 0.999999828102226 -0.0006690752345447829 -0.0008511001999860868 0.0006469274845822616 0.9996700983976823 -0.025678564245913454 0.0008678980640252262 0.025677432956506735 0.9996697925725723 0.004455641503867014 -0.09527414193701134 -0.7643839443911844
FixedParameters: 0 0 0
#Transform 33
Transform: MatrixOffsetTransformBase_double_3_3
Parameters: 0.9999978467541525 -0.0009292349793028846 -0.0020714534485658494 0.0008817767060617848 0.9997424127423583 -0.02268789990631787 0.0020915450922589667 0.022686129808406678 0.9997408995807244 0.005515693302982072 -0.10170968085030552 -0.7323900402702321
FixedParameters: 0 0 0
#Transform 34
Transform: MatrixOffsetTransformBase_double_3_3
Parameters: 0.999997656371995 -0.0008235696131128883 -0.0021601033252211144 0.0007744339531167861 0.999749030707055 -0.022389732618972036 0.0021778855190101036 0.022388266118494617 0.9997469640453822 0.001377140496259699 -0.11927306206203525 -0.70546044436378
FixedParameters: 0 0 0
#Transform 35
Transform: MatrixOffsetTransformBase_double_3_3
Parameters: 0.9999985356607386 -0.000993732175041864 -0.001215282316744389 0.000964273978580035 0.9997060801782153 -0.024226197029703463 0.001238722906767467 0.02422479420330054 0.9997055330094483 -0.0026167674988926137 -0.05690768131231039 -0.7590886957127765
FixedParameters: 0 0 0
#Transform 36
Transform: MatrixOffsetTransformBase_double_3_3
Parameters: 0.9999989411598063 -0.0010560193513700254 -0.001394319685129449 0.0010239901861616393 0.9997405143449608 -0.022767464108329524 0.0014176813296810154 0.022766539239832614 0.9997396189964799 -0.011962479815167626 -0.08147694929519389 -0.7176289338536037
FixedParameters: 0 0 0
#Transform 37
Transform: MatrixOffsetTransformBase_double_3_3
Parameters: 0.9999988970409079 -0.00079691666784942 -0.0015708556980648027 0.000758079415989733 0.9996961345171411 -0.024621209025627235 0.0015901463450412419 0.024619750976158098 0.9996952407514665 -0.003786355334099767 -0.07751314259785147 -0.7604957620500699
FixedParameters: 0 0 0
#Transform 38
Transform: MatrixOffsetTransformBase_double_3_3
Parameters: 0.9999992456247097 -0.0007677547498579492 -0.0010794614348452445 0.0007412566225657273 0.9996976301621211 -0.024570805055981804 0.0010975440608084884 0.024570162252338587 0.9996970145084628 -0.003849572196671147 -0.08766891138637334 -0.7333860233963918
FixedParameters: 0 0 0
#Transform 39
Transform: MatrixOffsetTransformBase_double_3_3
Parameters: 0.9999980238398448 -0.000731852495575699 -0.001562382939981411 0.0006931577099748458 0.9996941220950792 -0.024724123275584004 0.0015796201810125362 0.024723884247666774 0.9996931614104119 -0.014147430194697108 -0.07916095899130937 -0.7477311083516014
FixedParameters: 0 0 0
#Transform 40
Transform: MatrixOffsetTransformBase_double_3_3
Parameters: 0.9999998871684167 -0.0004480502064336951 -0.0009550837464834316 0.00042395328462706137 0.999687034946384 -0.02503343558345899 0.0009659164365342635 0.025033597894639555 0.9996863023675691 -0.013520182513204304 -0.09212100208158347 -0.7108347522385259
FixedParameters: 0 0 0
#Transform 41
Transform: MatrixOffsetTransformBase_double_3_3
Parameters: 0.9999986321875379 -0.0012349922849760938 -0.0013578439605498932 0.001201029350216927 0.9996926121278016 -0.024755657936336162 0.0013871566835743166 0.024754313995701823 0.9996922118469106 -0.002126773516337721 -0.08310822586767586 -0.7473347488996325
FixedParameters: 0 0 0
#Transform 42
Transform: MatrixOffsetTransformBase_double_3_3
Parameters: 0.9999984796433173 -0.0011343292076633415 -0.0011107343302641762 0.0011076648871228747 0.9997249838018297 -0.023424259381896937 0.0011372581068439611 0.02342373903404251 0.9997249770668316 0.01159950713208957 -0.0999690527595476 -0.7019894162533262
FixedParameters: 0 0 0
#Transform 43
Transform: MatrixOffsetTransformBase_double_3_3
Parameters: 0.9999983823762221 -0.0011383089560557942 -0.001149762233328356 0.0011076830870887472 0.9996602453179764 -0.02602728675321467 0.0011792275655850475 0.026025670852010338 0.9996601503720819 0.00653025778008498 -0.08244909852837168 -0.7606698836387267
FixedParameters: 0 0 0
#Transform 44
Transform: MatrixOffsetTransformBase_double_3_3
Parameters: 0.9999989132380637 -0.0009595505508010595 -0.0010801406215302353 0.0009314537853215845 0.9996817789780561 -0.025224048307552614 0.001103845943434016 0.025222983009927792 0.9996814804458811 -0.012109192283702441 -0.09555120926808058 -0.7053908199981151
FixedParameters: 0 0 0
#Transform 45
Transform: MatrixOffsetTransformBase_double_3_3
Parameters: 0.9999992346308464 -0.0007159713986675351 -0.0005024525487883938 0.0007070185804083895 0.9998445113448038 -0.017634373189840798 0.0005155476060927878 0.017633648828658016 0.999844758511866 0.0046686387298251475 -0.10481489955945733 -0.28965368989960893
FixedParameters: 0 0 0
#Transform 46
Transform: MatrixOffsetTransformBase_double_3_3
Parameters: 0.9999962378112136 -0.0007666988605779137 -0.002484555120228847 0.0007322941044317633 0.9999022164837292 -0.013936858146305957 0.002495446178512182 0.013935125457010903 0.9998995778463258 0.011459455349324799 -0.1948768893792021 0.6037214503465407
FixedParameters: 0 0 0
#Transform 47
Transform: MatrixOffsetTransformBase_double_3_3
Parameters: 0.9999957342803847 -0.0017721972447395156 -0.00226385558061409 0.0017327982574357715 0.9998501004180474 -0.01720099456627123 0.0022941426207726805 0.017197006070645414 0.9998499776700591 0.024277341347612946 0.03460073572436784 -1.2332978683980684
FixedParameters: 0 0 0
#Transform 48
Transform: MatrixOffsetTransformBase_double_3_3
Parameters: 0.9999968714970155 -0.0022103481121786275 -0.001115358090424829 0.002191655748986905 0.9998659730726898 -0.016192490108508255 0.0011506378774623425 0.01619050231012592 0.9998685340298941 0.043990330204195516 -0.044068549314445704 -1.7319870835584226
FixedParameters: 0 0 0
#Transform 49
Transform: MatrixOffsetTransformBase_double_3_3
Parameters: 0.9999962525933311 -0.0018628533777986078 -0.002068131448968852 0.0018281510873719624 0.9998588145922735 -0.016727851459280796 0.0020988716015199827 0.016724160700533737 0.9998578794238309 0.022530457100458534 -0.07190804892050551 -1.7358958182571058
FixedParameters: 0 0 0
#Transform 50
Transform: MatrixOffsetTransformBase_double_3_3
Parameters: 0.9999970035228243 -0.0021562455846342774 -0.0011607258446995527 0.002137749102459608 0.999877233866119 -0.015497525411758674 0.0011942718635754106 0.015495468921072801 0.9998794571627795 0.016372140472256547 -0.04479705331111461 -1.8175740407563126
FixedParameters: 0 0 0
#Transform 51
Transform: MatrixOffsetTransformBase_double_3_3
Parameters: 0.9999964567050673 -0.0014474819301360986 -0.0021087389605319025 0.0014135122180209028 0.9998664994227 -0.016263022133627826 0.00213226620006347 0.016259954974687324 0.9998650490571468 0.012531533431996422 -0.10727673934273696 -1.5838626776084368
FixedParameters: 0 0 0
#Transform 52
Transform: MatrixOffsetTransformBase_double_3_3
Parameters: 0.9999958644794854 -0.001930977661231798 -0.0020994693228644614 0.0018950283897647808 0.9998531827032907 -0.01700604390130182 0.0021315315074703785 0.017001949389501492 0.9998533668762367 0.0019442158576055135 -0.02377507375854293 -1.6665240837195086
FixedParameters: 0 0 0
#Transform 53
Transform: MatrixOffsetTransformBase_double_3_3
Parameters: 0.9999941012753886 -0.0020117300303165125 -0.0028019587430926016 0.0019622724695089974 0.9998429975841053 -0.01763862072271216 0.002837049923851124 0.017633415113259207 0.9998409958400085 0.009672416591854471 -0.04477117111103723 -1.737661680591799
FixedParameters: 0 0 0
#Transform 54
Transform: MatrixOffsetTransformBase_double_3_3
Parameters: 0.9999964580190442 -0.0014500336832236344 -0.0021069869430268553 0.001412966215520365 0.9998466734009575 -0.017473042149819436 0.0021320117575523343 0.017469973549264516 0.9998452301236963 0.0056515730946529175 -0.004131991212119601 -1.7122884898268609
FixedParameters: 0 0 0
#Transform 55
Transform: MatrixOffsetTransformBase_double_3_3
Parameters: 0.9999956848879699 -0.0017036423363141196 -0.002326779118054387 0.0016633705536308518 0.9998478769442185 -0.017358934722403796 0.002355224761878463 0.017355051946748277 0.9998462306372127 -0.0024842310615014185 -0.028930856802389826 -1.6600790064212276
FixedParameters: 0 0 0
#Transform 56
Transform: MatrixOffsetTransformBase_double_3_3
Parameters: 0.9999943637352278 -0.00193994345301527 -0.002621184703283422 0.001899040732964005 0.9998770727663128 -0.015534051642374813 0.002651813745364056 0.015528929503876576 0.9998758058954264 0.01244343583577745 0.04260962518439726 -1.5014397157164723
FixedParameters: 0 0 0
#Transform 57
Transform: MatrixOffsetTransformBase_double_3_3
Parameters: 0.9999951709469106 -0.0022495991455767604 -0.0019409766591884112 0.0022263961314337006 0.9999241799343663 -0.012077371974832381 0.001968026414868394 0.01207262329587297 0.9999253685456053 0.03850186357725249 0.05377896947844363 -1.4059911207380935
FixedParameters: 0 0 0
#Transform 58
Transform: MatrixOffsetTransformBase_double_3_3
Parameters: 0.9999949044762172 -0.002545089487645977 -0.002149018363718273 0.0025159122443709674 0.9999062495707656 -0.01343148267105497 0.0021829858006652434 0.01342652001328681 0.9999079615247206 0.054472824808840414 0.044288027916280726 -1.3268186781001816
FixedParameters: 0 0 0
#Transform 59
Transform: MatrixOffsetTransformBase_double_3_3
Parameters: 0.9999941320472636 -0.0027336508104134506 -0.002096429490973816 0.002706354451952935 0.9999105593327302 -0.013080751617109315 0.0021315771021420495 0.01307525091661348 0.999912488870904 0.035504041309934564 0.022167816412363095 -1.2713787251690576
FixedParameters: 0 0 0
#Transform 60
Transform: MatrixOffsetTransformBase_double_3_3
Parameters: 0.9999934081515088 -0.002548888249040901 -0.0024684863479179247 0.0025161038946123694 0.9999094655503677 -0.01323630202465993 0.002502514604704193 0.013229712384764796 0.9999097013964355 0.0512978231389809 0.04463169701809022 -1.308184342894208
FixedParameters: 0 0 0
#Transform 61
Transform: MatrixOffsetTransformBase_double_3_3
Parameters: 0.9999941249165208 -0.00254490783064832 -0.0020974075701272847 0.002516096636146402 0.9999037316409841 -0.013672361165037438 0.002131592386028397 0.013666659146552733 0.999904664062227 0.03800734748256218 -0.006623496869224255 -1.2451495401694785
FixedParameters: 0 0 0
#Transform 62
Transform: MatrixOffsetTransformBase_double_3_3
Parameters: 0.999993769335395 -0.0028019004160310394 -0.002092547661396854 0.0027720923820736144 0.9998958576586604 -0.014157880382342941 0.002132451753243211 0.014152104689838926 0.9998971625378705 0.04383821728853832 0.023879146134262896 -1.2885136439939373
FixedParameters: 0 0 0
#Transform 63
Transform: MatrixOffsetTransformBase_double_3_3
Parameters: 0.9999932010032694 -0.0026868898335670817 -0.0023621011658500352 0.0026541085352042217 0.999900976543955 -0.013819353692039429 0.0023988961584412373 0.013812638799676397 0.9999014414096342 0.041099903724500564 0.0020681745968857967 -1.2381250761903573
FixedParameters: 0 0 0
#Transform 64
Transform: MatrixOffsetTransformBase_double_3_3
Parameters: 0.9999928105569398 -0.002719173712557604 -0.002606812201575099 0.0026848207705505002 0.9999111317347416 -0.013025082616668925 0.002642183559811626 0.01301789918010422 0.9999115445554291 0.0331427241589779 0.025778295081963165 -1.2997254898409523
FixedParameters: 0 0 0
#Transform 65
Transform: MatrixOffsetTransformBase_double_3_3
Parameters: 0.9999950711406256 -0.0025419465494637967 -0.0018620873261487039 0.002516052837477506 0.9999010301668888 -0.013806746224979918 0.0018969139646454673 0.013802239236245049 0.9999028936289523 0.03253856266141497 -0.016368892165402826 -1.2349140368170737
FixedParameters: 0 0 0
#Transform 66
Transform: MatrixOffsetTransformBase_double_3_3
Parameters: 0.9999929547933756 -0.0029837196631162712 -0.0020352554685477498 0.00295227987966036 0.9998766458049778 -0.015415108157725564 0.0020807468277156374 0.015408891101392562 0.9998792197484596 0.0562636773791354 0.009627900225765984 -1.2753348867436642
FixedParameters: 0 0 0
#Transform 67
Transform: MatrixOffsetTransformBase_double_3_3
Parameters: 0.9999954753091949 -0.0022829781048884796 -0.0020763741782651723 0.002251010898602957 0.9998805817426041 -0.015275746061579583 0.0021116260771965444 0.015270251300499183 0.9998813362287524 0.023912071506956067 0.012286840433333168 -1.189024428525741
FixedParameters: 0 0 0
#Transform 68
Transform: MatrixOffsetTransformBase_double_3_3
Parameters: 0.9999956695467918 -0.001995741503497941 -0.0020848613166203197 0.001967256551221448 0.9999044838155043 -0.013698161870745289 0.0021121412168005056 0.013693845107400297 0.9999040064274662 0.02252468002035357 0.01602221364650802 -1.2056720303357054
FixedParameters: 0 0 0
#Transform 69
Transform: MatrixOffsetTransformBase_double_3_3
Parameters: 0.9999953425758146 -0.0011694661277571235 -0.0028791682976293275 0.0011555363426398169 0.9999864579964641 -0.005020351128085954 0.00288483758149105 0.0050176504126754505 0.9999835034110152 -0.013950274219126868 0.12769552346068735 -0.8696793325526215
FixedParameters: 0 0 0
#Transform 70
Transform: MatrixOffsetTransformBase_double_3_3
Parameters: 0.999987031142118 -0.0013248883607178156 -0.004920653748617853 0.0013521150777716943 0.9999825181120928 0.005714417048419546 0.004913347768433492 -0.005720580060357281 0.9999711324755973 0.08576414331196247 -0.10390445096646772 0.08271880702804424
FixedParameters: 0 0 0
#Transform 71
Transform: MatrixOffsetTransformBase_double_3_3
Parameters: 0.9999673016213567 -0.003723228719434506 -0.0071298389582877 0.003720772090933423 0.9999930488326084 -0.00032553921140089263 0.0071311652425582244 0.00029945889908123845 0.9999750574739387 0.12542993631851118 0.15117445855878486 -1.0004350609108599
FixedParameters: 0 0 0
#Transform 72
Transform: MatrixOffsetTransformBase_double_3_3
Parameters: 0.9999703335438976 -0.002643120185528566 -0.007188736837480167 0.0026038763542659184 0.9999815609173979 -0.00544587893351477 0.007203262772246074 0.005427120701691154 0.9999596602602738 0.06364269583339421 0.05945272870513918 -1.5798470019977344
FixedParameters: 0 0 0
#Transform 73
Transform: MatrixOffsetTransformBase_double_3_3
Parameters: 0.9999700467289059 -0.0014728040480498992 -0.007535894105702073 0.0014361992957050713 0.9999870548485915 -0.00488696560935361 0.00754209469184809 0.004876034199911008 0.9999593328102931 0.020314248121607648 0.05993938938173926 -1.3937592752102574
FixedParameters: 0 0 0
#Transform 74
Transform: MatrixOffsetTransformBase_double_3_3
Parameters: 0.9999751807072665 -0.001045598207800005 -0.0069806556627236135 0.0010234030021385179 0.9999944546908667 -0.003240226725384269 0.006983352087626278 0.0032327807411301973 0.9999707758121582 0.004623238323986811 0.0539450939055115 -1.2957403563409144
FixedParameters: 0 0 0
#Transform 75
Transform: MatrixOffsetTransformBase_double_3_3
Parameters: 0.9999817529278054 -0.00045782925040060735 -0.0060856128332952295 0.0004391655470414937 0.9999952258992304 -0.003095729636172793 0.006087388175614757 0.0030922699975501236 0.9999763811338387 -0.011390051935961765 0.04507638058350949 -1.2285922754310832
FixedParameters: 0 0 0
#Transform 76
Transform: MatrixOffsetTransformBase_double_3_3
Parameters: 0.9999810191780497 -0.0006892820247987112 -0.006041967060615879 0.0006527225357782378 0.999981519109544 -0.006004051620966936 0.006046022573513771 0.006000940414113886 0.9999634387888322 -0.00195748346311575 0.07624337602553055 -1.3683047502283188
FixedParameters: 0 0 0
#Transform 77
Transform: MatrixOffsetTransformBase_double_3_3
Parameters: 0.9999800751365389 -0.0007591875891033094 -0.006351930489797392 0.0007338148704942085 0.9999914557009224 -0.004123747788219949 0.006355083987228841 0.0041192618623386275 0.999971645379366 -0.0015263099952136372 0.06602023478450292 -1.271691981911232
FixedParameters: 0 0 0
#Transform 78
Transform: MatrixOffsetTransformBase_double_3_3
Parameters: 0.9999809484228572 -0.0010531100003436464 -0.006077860681545667 0.0010238877399027667 0.9999873987906034 -0.004955319560642905 0.006083146145795865 0.004948690167820555 0.999969504208985 0.0013875641097627067 0.10220560448478011 -1.2667058294460247
FixedParameters: 0 0 0
#Transform 79
Transform: MatrixOffsetTransformBase_double_3_3
Parameters: 0.9999826718570226 -0.0011113962958993065 -0.005838854219207994 0.0010836080749995704 0.9999888037471931 -0.004692411527472415 0.005844147829808363 0.004686589237512472 0.9999718846556859 0.010021486105230792 0.08351512610384759 -1.1874503845114361
FixedParameters: 0 0 0
#Transform 80
Transform: MatrixOffsetTransformBase_double_3_3
Parameters: 0.9999812027426647 -0.0010651786283923555 -0.006054734891730023 0.0010238242288227054 0.9999754454204088 -0.006964335038116967 0.0060622777963058256 0.006958678543935622 0.9999578301733875 0.001823642976361839 0.10313971592317728 -1.3596416591243354
FixedParameters: 0 0 0
#Transform 81
Transform: MatrixOffsetTransformBase_double_3_3
Parameters: 0.9999850164797287 -0.0012498237228436109 -0.00533127290656876 0.0012121808345525844 0.9999742367732226 -0.007091567084311081 0.005339725158613267 0.007085430808730756 0.9999602840414508 0.012957492853317376 0.12368833588249117 -1.5566709822841887
FixedParameters: 0 0 0
#Transform 82
Transform: MatrixOffsetTransformBase_double_3_3
Parameters: 0.999983063904514 -0.0010658815507379419 -0.0057271831394325535 0.0010231209472181067 0.9999719274055971 -0.007484986983126015 0.005734813399060639 0.0074790146496344035 0.9999551733222182 -0.000607427755355161 0.0805148997292946 -1.605409229276134
FixedParameters: 0 0 0
#Transform 83
Transform: MatrixOffsetTransformBase_double_3_3
Parameters: 0.9999848209315242 -0.001483317517623403 -0.005289770768311669 0.0014396844929004695 0.9999638304049872 -0.008372740912823804 0.005301232516874722 0.008364261770626604 0.9999509234107314 0.003382828022239437 0.09689781166311207 -1.6063793598032845
FixedParameters: 0 0 0
#Transform 84
Transform: MatrixOffsetTransformBase_double_3_3
Parameters: 0.999984252701465 -0.0010679180595384605 -0.005441375820237281 0.0010230868496085737 0.9999658756723946 -0.008250698752488133 0.0054496228400639545 0.008245311918294976 0.9999513145731694 0.012060522010003183 0.09052331844917205 -1.6010209557839374
FixedParameters: 0 0 0
#Transform 85
Transform: MatrixOffsetTransformBase_double_3_3
Parameters: 0.9999865133635248 -0.0010669134319990733 -0.005133070529965311 0.0010230856271990026 0.9999628463388328 -0.008550370746797724 0.005141935251970124 0.008544633101205628 0.999950543806275 0.012254265683552035 0.10444021162328454 -1.6334017464316162
FixedParameters: 0 0 0
#Transform 86
Transform: MatrixOffsetTransformBase_double_3_3
Parameters: 0.9999879646200441 -0.0007551413469079688 -0.004739475917632599 0.0007128513424651007 0.9999605070727569 -0.008887485599071262 0.004746520134706367 0.008883522716029763 0.999949549226642 -0.015295457073150942 0.0778622537484921 -1.5713107170594895
FixedParameters: 0 0 0
#Transform 87
Transform: MatrixOffsetTransformBase_double_3_3
Parameters: 0.9999855643884165 -0.0010693481078920624 -0.00531889313292141 0.001023652865494178 0.9999611084030906 -0.008708568394455964 0.00532811527178171 0.00870342600864909 0.9999478631741638 -0.00018547679837865871 0.10766593025749671 -1.6225198916083343
FixedParameters: 0 0 0
#Transform 88
Transform: MatrixOffsetTransformBase_double_3_3
Parameters: 0.9999854894285288 -0.0010686801939307758 -0.005231877116413897 0.0010233304979411733 0.9999618130701367 -0.008725484010279838 0.005240126163686181 0.008720529982314642 0.9999484907988521 -0.017049004447954985 0.095907096236715 -1.5714772977226659
FixedParameters: 0 0 0
#Transform 89
Transform: MatrixOffsetTransformBase_double_3_3
Parameters: 0.9999871814645426 -0.0014696262566604285 -0.004864203915651894 0.0014293749505735597 0.99996569476403 -0.008140056930336717 0.004875792173389006 0.0081329384754982 0.9999550784272706 0.00108430855914321 0.13803288680878723 -1.6651942014802046
FixedParameters: 0 0 0
#Transform 90
Transform: MatrixOffsetTransformBase_double_3_3
Parameters: 0.9999898948279116 -0.0012266286377357538 -0.004312827342158754 0.0011823692773122343 0.9999485057430616 -0.010104199958621071 0.004325162585325864 0.010098795180424166 0.9999393022974291 -0.003952153894374533 0.10927553787807653 -1.560118208005747
FixedParameters: 0 0 0
#Transform 91
Transform: MatrixOffsetTransformBase_double_3_3
Parameters: 0.9999878106717465 -0.001477240667190893 -0.004691387234324499 0.0014297649263148955 0.9999488111590972 -0.010056837549820254 0.004705613713775365 0.01005017856892852 0.9999388472957776 0.0025673830665340347 0.13440890808695372 -1.5948278791844075
FixedParameters: 0 0 0
#Transform 92
Transform: MatrixOffsetTransformBase_double_3_3
Parameters: 0.999988205899349 -0.0010102115248391136 -0.004666233832834667 0.0009647929293353224 0.9999511602127035 -0.009894622023562621 0.004675772141090601 0.009890396507120227 0.9999403164870018 -0.015133282211394317 0.11112953124185765 -1.563178405953451
FixedParameters: 0 0 0
#Transform 93
Transform: MatrixOffsetTransformBase_double_3_3
Parameters: 0.9999891262734019 -0.0014877657516183297 -0.0044338772098970166 0.0014452296677038498 0.9999521098211026 -0.009633506819191574 0.0044481227781608314 0.009626481003500198 0.9999435374553596 0.004910581388983815 0.13012489894038026 -1.5012720655526266
FixedParameters: 0 0 0
#Transform 94
Transform: MatrixOffsetTransformBase_double_3_3
Parameters: 0.9999889824632573 -0.0013357314368753997 -0.0046078271121746004 0.0012932686047874356 0.9999565036083061 -0.00926406320670977 0.004620174940817304 0.009257932669397702 0.9999459419860456 0.014253975290444032 0.09019805445831253 -1.395613817879095
FixedParameters: 0 0 0
#Transform 95
Transform: MatrixOffsetTransformBase_double_3_3
Parameters: 0.9999924797778994 -0.0018535037891530377 -0.003476342322731003 0.0018204993549244988 0.9999522130791807 -0.009616401645322589 0.003493661451900431 0.009609597400863151 0.9999474421828584 0.009067206564694175 0.11754787893153207 -1.335820635237809
FixedParameters: 0 0 0
#Transform 96
Transform: MatrixOffsetTransformBase_double_3_3
Parameters: 0.9999925907356949 -0.001449845896396454 -0.0036477325880039414 0.0014161554806884525 0.9999561781217481 -0.009263242004366163 0.003661275299141871 0.009258767934686557 0.9999508759413875 0.021362524908866476 0.09332785300171054 -1.3044932474217745
FixedParameters: 0 0 0
#Transform 97
Transform: MatrixOffsetTransformBase_double_3_3
Parameters: 0.9999921261366458 -0.0016042293879884497 -0.003646562159403709 0.0015717687482495173 0.999957775282107 -0.009096807027214281 0.0036614454137030316 0.009091201634841804 0.9999519450276394 0.01058457629476095 0.11673157435578219 -1.405249279874127
FixedParameters: 0 0 0
#Transform 98
Transform: MatrixOffsetTransformBase_double_3_3
Parameters: 0.999988855883601 -0.000510426364506667 -0.004783374837710899 0.00046456633687023816 0.9999546617057754 -0.009493335157974453 0.004788629766679757 0.009490668691960568 0.9999439929117176 -0.028949909967792564 0.07749998394622537 -1.4075178772513794
FixedParameters: 0 0 0
#Transform 99
Transform: MatrixOffsetTransformBase_double_3_3
Parameters: 0.9999943746073845 -0.0012145737424030523 -0.0030246801293909832 0.0011864201206924021 0.9999546411009625 -0.009431636477973718 0.0030363208910692504 0.009427360075296098 0.9999508981729952 -0.0022779951697202705 0.10350611557313982 -1.3774588004866075
FixedParameters: 0 0 0
#Transform 100
Transform: MatrixOffsetTransformBase_double_3_3
Parameters: 0.9999955564713117 -0.0011035042933830697 -0.002868319816992608 0.0010774987895547908 0.9999600167582139 -0.00887813682826593 0.002877679908129347 0.008874870672775603 0.999956951665877 -0.0005575519753620028 0.09531025971817542 -1.3503431879303918
FixedParameters: 0 0 0
#Transform 101
Transform: MatrixOffsetTransformBase_double_3_3
Parameters: 0.999994982892458 -0.0014230379148236845 -0.002827060312578519 0.0013949628757691762 0.9999501405645792 -0.009894994364555635 0.0028409395440885518 0.009891007936121918 0.9999470941272478 0.0011330291721947106 0.1082524121472801 -1.3962591481995617
FixedParameters: 0 0 0
#Transform 102
Transform: MatrixOffsetTransformBase_double_3_3
Parameters: 0.9999947900263275 -0.0015044949168259237 -0.0029913681235648254 0.0014725080103311714 0.9999435099398838 -0.010503464950342926 0.00300663056643524 0.010498536652801541 0.9999407313694509 0.009127986929996723 0.09933350200921609 -1.3563977494628148
FixedParameters: 0 0 0
#Transform 103
Transform: MatrixOffsetTransformBase_double_3_3
Parameters: 0.999992473884283 -0.0018239143958436017 -0.0034924808617923745 0.001788082676257747 0.999945559811423 -0.01025832507864269 0.0035115248314185822 0.010252675472973613 0.9999415571592404 0.03500852304190971 0.10166479417189578 -1.419867942014747
FixedParameters: 0 0 0
#Transform 104
Transform: MatrixOffsetTransformBase_double_3_3
Parameters: 0.9999955218212431 -0.0015707145743221037 -0.0026474938707568593 0.001546282560256012 0.9999559114060897 -0.00931114349537616 0.002662510716704881 0.009306867661689394 0.9999532911838306 0.024973154922435015 0.10299173708669684 -1.3245451297329254
FixedParameters: 0 0 0
#Transform 105
Transform: MatrixOffsetTransformBase_double_3_3
Parameters: 0.9999933065435288 -0.0017361340207248113 -0.003111375008130442 0.0017058667977819097 0.9999517296336072 -0.009662372247772093 0.0031276238980997885 0.009656634643782917 0.9999489600176126 -0.016302819299212956 0.09664378516927741 -1.5095703871279795
FixedParameters: 0 0 0
#Transform 106
Transform: MatrixOffsetTransformBase_double_3_3
Parameters: 0.9999946201464909 -0.0012782193074638189 -0.003121799152804255 0.0012477784988555536 0.9999520674334575 -0.009662950030556767 0.0031342034663120336 0.009659048497453466 0.9999488779985556 -0.029928063819454565 0.09217839868355782 -1.4884639860984095
FixedParameters: 0 0 0
#Transform 107
Transform: MatrixOffsetTransformBase_double_3_3
Parameters: 0.9999834959693684 0.00007622514412072674 -0.005700385411522448 -0.00010177450410570717 0.9999901041327779 -0.004345489860624027 0.0057006118144337006 0.004346504561226277 0.9999746159438493 0.011641415210092987 0.0988365216049516 -0.805646881428359
FixedParameters: 0 0 0
#Transform 108
Transform: MatrixOffsetTransformBase_double_3_3
Parameters: 0.999992541342855 0.0007775702476939198 -0.003854086098376041 -0.0007784296892890449 0.9999993822816322 -0.00011000063217972972 0.0038539126044577717 0.00011299747876794329 0.9999921341970467 0.005312569987893312 0.04248912180663922 -0.13108579506186402
FixedParameters: 0 0 0
#Transform 109
Transform: MatrixOffsetTransformBase_double_3_3
Parameters: 0.9999926865978344 -0.0012800799894333718 -0.003697901912364626 0.001273921323522699 0.9999976681597621 -0.0016457228481299884 0.003700099430332752 0.001641275556194493 0.9999916162318498 0.0366686228091595 0.15240554384550364 -0.869754122543938
FixedParameters: 0 0 0
#Transform 110
Transform: MatrixOffsetTransformBase_double_3_3
Parameters: 0.9999943255005557 -0.000855591171606529 -0.003153485765903933 0.00084941021365186 0.9999981314764489 -0.0017736872221921958 0.0031545078890696044 0.0017713096341329497 0.9999929104957107 0.007416371715109449 0.12703469621334307 -0.8992268533602754
FixedParameters: 0 0 0
#Transform 111
Transform: MatrixOffsetTransformBase_double_3_3
Parameters: 0.9999930425550521 -0.0011043510325623447 -0.0035688115311806245 0.001094649161071458 0.9999953868452043 -0.0029009257317512208 0.0035721864679599284 0.002897074159144313 0.9999888472145695 0.02292078511865725 0.12566347788030896 -0.9513150929421386
FixedParameters: 0 0 0
#Transform 112
Transform: MatrixOffsetTransformBase_double_3_3
Parameters: 0.9999956621597361 -0.0012169986409266208 -0.002802972254215528 0.001210001324885478 0.9999962998670133 -0.0024974035174105823 0.0028060288565439754 0.0024935969687561966 0.9999929072025389 0.013849582657542214 0.10602614089252427 -0.931323964934677
FixedParameters: 0 0 0
#Transform 113
Transform: MatrixOffsetTransformBase_double_3_3
Parameters: 0.9999921634358874 -0.001224072669408841 -0.0036523122424245488 0.0012099291657863417 0.9999916924421998 -0.0038524466777303534 0.003656684431525677 0.003848551557312917 0.9999858180800946 0.03301592235847295 0.11219559867957685 -0.9852044822036987
FixedParameters: 0 0 0
#Transform 114
Transform: MatrixOffsetTransformBase_double_3_3
Parameters: 0.999994195577691 -0.0017798036380958073 -0.002763430757832793 0.0017671911711376466 0.9999896557917061 -0.00426890827483863 0.002771562358805818 0.004263091893857925 0.9999871420097144 0.027667439666842597 0.1270635467459016 -0.9863873939064831
FixedParameters: 0 0 0
#Transform 115
Transform: MatrixOffsetTransformBase_double_3_3
