#Insight Transform File V1.0
#Transform 0
Transform: MatrixOffsetTransformBase_double_3_3
Parameters: 0.9999999884300007 0.0000729834059370138 -0.00007901532560121682 -0.00007301658593516666 0.9999999505710027 -0.00020999422130962172 0.00007898466560292366 0.0002100057553089796 0.9999999496590026 0.029823969682354345 -0.08271212502747005 -0.2741646094457053
FixedParameters: 0 0 0
#Transform 1
Transform: MatrixOffsetTransformBase_double_3_3
Parameters: 1 0 0 0 0.999999120156774 -0.0009379991747070541 0 0.000937999174707054 0.9999991201567741 0.02497499999999775 -0.08280898795968028 -0.27453309200600984
FixedParameters: 0 0 0
#Transform 2
Transform: MatrixOffsetTransformBase_double_3_3
Parameters: 0.9999999990389999 -2.913999971451543e-9 -0.00003099999969629301 -2.913999971451543e-9 0.9999999911640002 -0.00009399999907908202 0.00003099999969629301 0.000093999999079082 0.9999999902030002 0.040637776712983964 -0.060686612547769414 -0.30731332189147054
FixedParameters: 0 0 0
#Transform 3
Transform: MatrixOffsetTransformBase_double_3_3
Parameters: 0.9999996053633023 0.0004303380798027031 -0.0004576229764754802 -0.0004306620856444434 0.9999987208597345 -0.0014468027833136796 0.0004573771085955736 0.0014471966911212767 0.9999986968837462 0.020733938857276257 -0.0552670199567018 -0.2895335552337599
FixedParameters: 0 0 0
#Transform 4
Transform: MatrixOffsetTransformBase_double_3_3
Parameters: 0.9999996185551424 0.0005537278849317728 -0.00027355168239062835 -0.0005542717012724946 0.999999701067194 -0.0009958493819378599 0.0002724481136992002 0.0009961518661273777 0.9999999334543396 0.03527214271048251 -0.08253101198476998 -0.2722528760876912
FixedParameters: 0 0 0
#Transform 5
Transform: MatrixOffsetTransformBase_double_3_3
Parameters: 0.9999997109372066 0.0004219278981513565 -0.0003333610225241089 -0.00042307053238536653 0.99999444018774 -0.0032218577361568276 0.00033163842867888757 0.0032221386989684775 0.9999945081376945 0.01642928139854405 -0.0466862463333797 -0.31306453639381004
FixedParameters: 0 0 0
#Transform 6
Transform: MatrixOffsetTransformBase_double_3_3
Parameters: 0.9999997427353138 0.0003685120019027641 -0.00034851654430309933 -0.000369487097688178 0.9999989010374992 -0.0014008712797148207 0.0003474826065306346 0.001401128103658302 0.9999989160944959 0.017751583217076927 -0.08130609684567958 -0.29106874543587935
FixedParameters: 0 0 0
#Transform 7
Transform: MatrixOffsetTransformBase_double_3_3
Parameters: 0.9999999725593298 0.00009532398064526404 -0.0001354782820924224 -0.00009667371197122574 0.9999880006025688 -0.0049989919509564875 0.00013451847314951631 0.004999017870981951 0.9999879915935598 0.025387739588452973 -0.06589272079084196 -0.38975590708147934
FixedParameters: 0 0 0
#Transform 8
Transform: MatrixOffsetTransformBase_double_3_3
Parameters: 0.9999996829751769 0.0005177155975298755 -0.000221032324683658 -0.0005192837636833575 0.999982508373448 -0.005849883918150796 0.00021796582533899724 0.005850111541027923 0.9999827290373289 0.020788373701179808 -0.08676896125403744 -0.3560380514837931
FixedParameters: 0 0 0
#Transform 9
Transform: MatrixOffsetTransformBase_double_3_3
Parameters: 0.9999999516321313 0.000024727743917605647 -0.0002181479596291336 -0.000025277235871331353 0.999982963530562 -0.005833994276702584 0.00021885624256948709 0.005834005202701662 0.9999829164125659 0.015504986269561982 -0.06371744225150167 -0.4676302711673799
FixedParameters: 0 0 0
#Transform 10
Transform: MatrixOffsetTransformBase_double_3_3
Parameters: 0.9999998764725028 0.00014097454345506893 -0.0003218946788395606 -0.00014302612681096026 0.9999802768301029 -0.006300955832036413 0.00032110517470260413 0.006301047139052251 0.9999801936310886 0.019860802906478625 -0.10013294890897839 -0.3809175594432901
FixedParameters: 0 0 0
#Transform 11
Transform: MatrixOffsetTransformBase_double_3_3
Parameters: 0.9999998574131864 0.00030055652470473214 -0.0002289076697006177 -0.00030144395649422365 0.9999798147769408 -0.0063319303979974245 0.00022709576613042087 0.006332067655964866 0.9999798533939316 0.017330107090373303 -0.09957471035967558 -0.42526071661364995
FixedParameters: 0 0 0
#Transform 12
Transform: MatrixOffsetTransformBase_double_3_3
Parameters: 0.9999998026961877 0.00044166420038864776 -0.00004539642631441685 -0.00044234065687016796 0.9999707137384815 -0.0076869869078073525 0.000042600996324553396 0.00768702580383504 0.9999709071706191 0.016607574076019205 -0.12091119921282711 -0.3839266508761767
FixedParameters: 0 0 0
#Transform 13
Transform: MatrixOffsetTransformBase_double_3_3
Parameters: 0.9999998268436422 -0.00022462427558178396 -0.0003503311311092104 0.00022237814562596392 0.9999721035311875 -0.007473079053009308 0.0003516716180828439 0.007472922153012395 0.9999720302811891 0.016011624437240357 -0.053511738519645746 -0.4123317225641756
FixedParameters: 0 0 0
#Transform 14
Transform: MatrixOffsetTransformBase_double_3_3
Parameters: 0.9999997237656724 0.00032105311659823814 -0.0004162891278887999 -0.00032394452969434806 0.9999745137772721 -0.007097862432316592 0.0004137108695864888 0.007098130110140337 0.9999744455573171 0.02183008245121698 -0.10073735601952194 -0.37542822992915603
FixedParameters: 0 0 0
#Transform 15
Transform: MatrixOffsetTransformBase_double_3_3
Parameters: 0.9999999105650569 -0.00003606509883492492 -0.00029675622675976837 0.00003393318784960153 0.9999756122736216 -0.006956007381309255 0.0002972431465280204 0.006955986591319149 0.999975525288663 0.031678658199538745 -0.04922252290884899 -0.4209899368130863
FixedParameters: 0 0 0
#Transform 16
Transform: MatrixOffsetTransformBase_double_3_3
Parameters: 0.9999999892345357 0.000012760323985401461 0.0001029085424291706 -0.000012238987271990404 0.9999724609046687 -0.00738499727932321 -0.00010309316732767869 0.007384994704324625 0.9999724504516746 0.03173209279117373 -0.0983614699594284 -0.3871519556655443
FixedParameters: 0 0 0
#Transform 17
Transform: MatrixOffsetTransformBase_double_3_3
Parameters: 0.9999999795485117 -0.0001430111920538582 -8.878285533507688e-7 0.0001429878610655956 0.9999694969368468 -0.007776996373544787 0.0000021120799374537717 0.007776995944545002 0.9999695173838368 0.03922822032482998 -0.06956775986192554 -0.4347583768249166
FixedParameters: 0 0 0
#Transform 18
Transform: MatrixOffsetTransformBase_double_3_3
Parameters: 0.9999999394875648 -0.00022117049942465926 0.0001077199506007341 0.00022183159721968164 0.9999697014009404 -0.007761974167349814 -0.00010628132504678924 0.007762021569335116 0.9999697390149288 0.034970823849931776 -0.09645203234364885 -0.3838921337313934
FixedParameters: 0 0 0
#Transform 19
Transform: MatrixOffsetTransformBase_double_3_3
Parameters: 0.9999999418172425 -0.00022129632749424654 0.00009662780365245442 0.0002216990584969659 0.9999730158720607 -0.007343979054588331 -0.00009437438463723877 0.007344021361588616 0.999973055814061 0.041687472408369786 -0.05932707067533727 -0.4321291184671452
FixedParameters: 0 0 0
#Transform 20
Transform: MatrixOffsetTransformBase_double_3_3
Parameters: 0.9999998910237722 0.00021401971300453792 -0.00025169724698505746 -0.00021597466817334322 0.9999686375900605 -0.00789394314370635 0.00024930279700311354 0.00789405085966055 0.9999686210640675 0.03335339527761505 -0.10697318129160749 -0.3832217595038969
FixedParameters: 0 0 0
#Transform 21
Transform: MatrixOffsetTransformBase_double_3_3
Parameters: 0.9999999834312261 -0.00004294265921161681 -0.0001216714007663123 0.00004206253810480335 0.9999701361206038 -0.00773700618498031 0.00012132907572476698 0.007736995856979057 0.9999701231646023 0.04882114582883901 -0.04956888699497597 -0.45051775862386023
FixedParameters: 0 0 0
#Transform 22
Transform: MatrixOffsetTransformBase_double_3_3
Parameters: 0.9999999356084869 -0.00022303016504455808 -0.00012112220091626587 0.00022197101228451903 0.9999647324492256 -0.008439033484778978 0.00012287762917594634 0.00843897919374002 0.9999647670722503 0.031737414154790144 -0.08673858451190597 -0.40897661867091983
FixedParameters: 0 0 0
#Transform 23
Transform: MatrixOffsetTransformBase_double_3_3
Parameters: 0.9999999145890646 0.000025646937839603277 -0.00029121688950132883 -0.00002835131140438387 0.9999676632734035 -0.008082997110911962 0.00029078040724877537 0.008083012824921056 0.9999675793203551 0.03644663630109335 -0.08255051145472692 -0.4092722615867359
FixedParameters: 0 0 0
#Transform 24
Transform: MatrixOffsetTransformBase_double_3_3
Parameters: 0.9999999834910825 0.00008279152336573522 0.00009833899161290884 -0.00008221115758048039 0.9999676396970502 -0.008022005248722297 -0.00009866265349314847 0.00802198899572831 0.9999676368010513 0.026264025015493075 -0.05791158524264972 -0.3977245763243218
FixedParameters: 0 0 0
#Transform 25
Transform: MatrixOffsetTransformBase_double_3_3
Parameters: 0.9999999639170712 0.00018916678599563883 0.000018355891597990072 -0.00018883637587687352 0.9999623597945546 -0.008695006905403575 -0.000019642678060522995 0.008694999723400994 0.9999623951555673 0.031581722239408805 -0.0852822765872503 -0.4227974795998506
FixedParameters: 0 0 0
#Transform 26
Transform: MatrixOffsetTransformBase_double_3_3
Parameters: 0.9999999681611877 -0.000167510593407971 -0.00006060709105227889 0.00016748621439306683 0.999965615113186 -0.008328015507350663 0.00006239700714654803 0.008327994904338066 0.9999656393872007 0.03246780303182106 -0.08147973016860988 -0.3966590165799886
FixedParameters: 0 0 0
#Transform 27
Transform: MatrixOffsetTransformBase_double_3_3
Parameters: 0.9999999505839103 -0.000221897405806423 0.000012905466187520088 0.0002220948608551924 0.9999632471128448 -0.008584999678408405 -0.000010093688493039339 0.008585004784409666 0.9999632962648569 0.048462168555559515 -0.11427238637473636 -0.4139981059220048
FixedParameters: 0 0 0
#Transform 28
Transform: MatrixOffsetTransformBase_double_3_3
Parameters: 0.9999999506790246 -0.00022205022357631008 -0.000005165152222294103 0.00022195105561044105 0.9999656558738279 -0.008263998709754836 0.000006834435647771833 0.008263996045755753 0.999965705122811 0.036924788391687 -0.05431608169871538 -0.41087951685840096
FixedParameters: 0 0 0
#Transform 29
Transform: MatrixOffsetTransformBase_double_3_3
Parameters: 0.9999999453115173 -0.00022132424700498868 0.00007599768597218609 0.00022167601426406473 0.9999597420929077 -0.009011990283317844 -0.00007400550750494954 0.009011023508605815 0.9999597855309397 0.03999680940320616 -0.09637577952427989 -0.40121736196390145
FixedParameters: 0 0 0
#Transform 30
Transform: MatrixOffsetTransformBase_double_3_3
Parameters: 0.9999996796811594 -0.0005571610465721375 0.00009980137599265456 0.0005578402282522369 0.9999625385086534 -0.00861094302916841 -0.00009519992815997787 0.008611051744117205 0.9999628398145114 0.034638512799702426 -0.051594361606689176 -0.4151270670475782
FixedParameters: 0 0 0
#Transform 31
Transform: MatrixOffsetTransformBase_double_3_3
Parameters: 0.999999928291588 -0.00022333854455317502 -0.00014799943573690194 0.00022166127387077925 0.9999592366675538 -0.008984026392468087 0.0001499973941673768 0.008983960086520172 0.9999592639735325 0.045690723777653375 -0.09727710266892586 -0.4068279728572719
FixedParameters: 0 0 0
#Transform 32
Transform: MatrixOffsetTransformBase_double_3_3
Parameters: 0.9999999978838282 0.000028351902197549792 0.000036731070644475666 -0.000027655116578286567 0.9999548900347386 -0.00954500951905877 -0.00003626563623082418 0.009545007475056955 0.9999548894867383 0.044399135386655075 -0.07567571785094174 -0.3674373124252668
FixedParameters: 0 0 0
#Transform 33
Transform: MatrixOffsetTransformBase_double_3_3
Parameters: 0.999999897369075 -0.00022419032558797968 -0.00022887463860944268 0.00022180827761112928 0.9999542036058843 -0.009526043653226176 0.0002311233226995633 0.009525941071313302 0.9999542004348869 0.03883934873321948 -0.07067206699626638 -0.40608428310380873
FixedParameters: 0 0 0
#Transform 34
Transform: MatrixOffsetTransformBase_double_3_3
Parameters: 0.9999999828035494 0.000029183700431333154 0.00012773533690344836 -0.000027813865035580106 0.9999573052772199 -0.009257006386400564 -0.00012826298605588912 0.009256999090398456 0.9999572897052154 0.03580362602657772 -0.07235328565782595 -0.3980278806009352
FixedParameters: 0 0 0
#Transform 35
Transform: MatrixOffsetTransformBase_double_3_3
Parameters: 0.99999980159406 -0.00022576636598030815 -0.00038380922236686346 0.00022223172379274208 0.9999522012865341 -0.009785087755246374 0.0003861929984933587 0.00978491527123722 0.999952103234529 0.04286639381818702 -0.09867465942323861 -0.44140927164532684
FixedParameters: 0 0 0
#Transform 36
Transform: MatrixOffsetTransformBase_double_3_3
Parameters: 0.9999999787209981 -0.00009697417671090105 0.00010892208095884263 0.00009802660826125121 0.9999555346807568 -0.00945799446988805 -0.00010807772551730216 0.009458015627899113 0.9999555324147555 0.030440486934097066 -0.09886042446046872 -0.40373316596588893
FixedParameters: 0 0 0
#Transform 37
Transform: MatrixOffsetTransformBase_double_3_3
Parameters: 0.9999999580589986 -0.00020417027626856005 -0.000017074420995471905 0.00020383061595036323 0.9999559370907591 -0.009435012714805183 0.00001892399272816742 0.009435005370798303 0.999955978383798 0.047895648319538964 -0.11619481017601174 -0.39425488938627495
FixedParameters: 0 0 0
#Transform 38
Transform: MatrixOffsetTransformBase_double_3_3
Parameters: 0.9999999931106137 0.00007260265884740463 -0.000039734804842107744 -0.00007340000594456984 0.9999491234144149 -0.010092998382938987 0.00003926117578439102 0.01009300414993969 0.9999491271834153 0.03947042997626227 -0.07557672475307697 -0.4256003547822047
FixedParameters: 0 0 0
#Transform 39
Transform: MatrixOffsetTransformBase_double_3_3
Parameters: 0.9999999155329674 -0.00020499700493904866 -0.00020603226483766258 0.00020300346520864013 0.9999539108160351 -0.009646051012849842 0.00020796792851783422 0.009645966554776533 0.9999539095830341 0.045696726036837276 -0.10904427810798722 -0.3975304391789365
FixedParameters: 0 0 0
#Transform 40
Transform: MatrixOffsetTransformBase_double_3_3
Parameters: 0.9999994797474728 -0.0005079549323480076 -0.0005121316830883543 0.000503045438530382 0.9999530054939965 -0.009630250508922316 0.0005168678371242614 0.009629730337577353 0.999952996314008 0.04823698901492435 -0.07137739631802731 -0.4476343798126834
FixedParameters: 0 0 0
#Transform 41
Transform: MatrixOffsetTransformBase_double_3_3
Parameters: 0.9999999515096084 -0.00017628249238529664 -0.00013230812670946094 0.00017472033567568566 0.9999531916962331 -0.009632015627661972 0.00013368904956877667 0.009631968943700532 0.9999532048082225 0.03507951207885185 -0.09464939340860212 -0.4025763483980853
FixedParameters: 0 0 0
#Transform 42
Transform: MatrixOffsetTransformBase_double_3_3
Parameters: 0.9999999953752423 -0.00006798616851881275 0.0000016981039870692075 0.0000680067025307487 0.9999475812477753 -0.010267005899976905 -3.01791175424343e-7 0.010267006035976984 0.9999475858707778 0.04277801534161085 -0.08544292436305057 -0.4460223600296871
FixedParameters: 0 0 0
#Transform 43
Transform: MatrixOffsetTransformBase_double_3_3
Parameters: 0.9999999446093785 -0.000037395252696759456 -0.00023262759399672275 0.00003561117352039185 0.9999471529071597 -0.010288009871035455 0.00023237867097211515 0.010287992897033776 0.9999471001811545 0.035360557239386026 -0.08750980120608176 -0.4044796372674426
FixedParameters: 0 0 0
#Transform 44
Transform: MatrixOffsetTransformBase_double_3_3
Parameters: 0.9999996084564863 -0.0006151734025690908 -0.00011488583702049153 0.0006138256260498396 0.999950657234947 -0.009948070866546466 0.00012111222679955291 0.009947925841598197 0.999950020930174 0.0524799750802174 -0.09953448894407302 -0.4206583580206029
FixedParameters: 0 0 0
#Transform 45
Transform: MatrixOffsetTransformBase_double_3_3
Parameters: 0.999999691883957 -0.0005374463872442476 -0.00013746294454465506 0.0005365474859011477 0.9999462889919828 -0.010316069395209725 0.0001435425891017647 0.010315918493320001 0.9999465576257865 0.0326203526288964 -0.10757973587099912 -0.4030075248876557
FixedParameters: 0 0 0
#Transform 46
Transform: MatrixOffsetTransformBase_double_3_3
Parameters: 0.9999999523532865 0.00012116452680448211 -0.00018124068986085151 -0.0001228432759517482 0.9999487161302715 -0.010161985164754713 0.0001807610575330682 0.010162029330784897 0.9999486982532593 0.039396988699920144 -0.09796425711897427 -0.4163364207642246
FixedParameters: 0 0 0
#Transform 47
Transform: MatrixOffsetTransformBase_double_3_3
Parameters: 0.9999999713116513 0.00008453850345749745 -0.00014685111717036893 -0.0000854630367796517 0.9999503698953677 -0.009980991213882991 0.0001461542969275614 0.00998101611989167 0.9999503556573628 0.03337969075386127 -0.08961109850896776 -0.40204714421535925
FixedParameters: 0 0 0
#Transform 48
Transform: MatrixOffsetTransformBase_double_3_3
Parameters: 0.9999999527415004 -0.00010001892058449594 0.0001930394167082681 0.00010198067671364327 0.9999471028850213 -0.010289981477415243 -0.00019196078363725898 0.010290020363417803 0.9999470760290194 0.059334282267002436 -0.0990581683342242 -0.42408090534772214
FixedParameters: 0 0 0
#Transform 49
Transform: MatrixOffsetTransformBase_double_3_3
Parameters: 0.9999999383925736 -0.00022316131006935928 -0.00010864636966560352 0.00022183497390253193 0.9999441378725549 -0.010574026083007145 0.00011135191200590822 0.01057397713200099 0.9999441752795596 0.03931485720271155 -0.0995867093784426 -0.4044584529499673
FixedParameters: 0 0 0
#Transform 50
Transform: MatrixOffsetTransformBase_double_3_3
Parameters: 0.9999998454910082 -0.000026903089903647582 0.0003923025726541946 0.000031093760848252344 0.9999458562830722 -0.010446996756656621 -0.0003916966462284361 0.010447019492672594 0.999945703455965 0.06431355835538 -0.0971636394769888 -0.41518950272703137
FixedParameters: 0 0 0
#Transform 51
Transform: MatrixOffsetTransformBase_double_3_3
Parameters: 0.9999999907505309 0.000024016998920001266 -0.00009325872105177888 -0.000024980285478312073 0.99994458820642 -0.010555003885569807 0.00009274152575201789 0.010555008442572447 0.9999445801574155 0.04500084809073712 -0.08516954653771336 -0.4164278189098667
FixedParameters: 0 0 0
#Transform 52
Transform: MatrixOffsetTransformBase_double_3_3
Parameters: 0.9999998356010853 -0.00021135469046517348 0.0003462516617805262 0.00021464269537470513 0.9999443956297495 -0.010561930337653111 -0.0003437521370891049 0.01056207731169377 0.999944321970729 0.06155747138843992 -0.10660326264729747 -0.4155588656788183
FixedParameters: 0 0 0
#Transform 53
Transform: MatrixOffsetTransformBase_double_3_3
Parameters: 0.9999999460637287 -0.00023189550899118405 0.000011376128667369952 0.0002321106327768828 0.9999470039844683 -0.010243987707181972 -0.000009622758414035885 0.010243992579177118 0.9999470577004147 0.04882508166069499 -0.08580071580814774 -0.40870593952878664
FixedParameters: 0 0 0
#Transform 54
Transform: MatrixOffsetTransformBase_double_3_3
Parameters: 0.9999996899012168 -0.0002719961396913113 0.00048583504760668243 0.00027700520067649445 0.9999462336427345 -0.010328858283272891 -0.00048316427028052876 0.010329124281006588 0.9999460742488941 0.05429129862336879 -0.1109146617638288 -0.40637641811831315
FixedParameters: 0 0 0
#Transform 55
Transform: MatrixOffsetTransformBase_double_3_3
Parameters: 0.9999999696865948 -0.00015214015902108996 0.000084565893928399 0.00015286439648294246 0.9999476447302267 -0.010262993928799634 -0.00008343557220758312 0.010263019549815972 0.999947660931237 0.05029136946706103 -0.07843456623317024 -0.4492026876419146
FixedParameters: 0 0 0
#Transform 56
Transform: MatrixOffsetTransformBase_double_3_3
Parameters: 0.9999998978915694 -0.00014297231227258886 0.0002855363281959951 0.0001460327258899117 0.99994393639471 -0.010631968480657806 -0.00028446356527854824 0.010632050848728246 0.9999438760486584 0.055075696388172446 -0.10094214192889694 -0.425506471424967
FixedParameters: 0 0 0
#Transform 57
Transform: MatrixOffsetTransformBase_double_3_3
Parameters: 0.9999999454754323 -0.00020419986337764795 -0.00011387429631348842 0.00020280905083944846 0.9999449621252221 -0.010440012691122536 0.00011512353700048572 0.010439966088171517 0.9999449904291923 0.048384565815950964 -0.09013833261914783 -0.44279325357878463
FixedParameters: 0 0 0
#Transform 58
Transform: MatrixOffsetTransformBase_double_3_3
Parameters: 0.9999997884055714 -0.0002519471645566094 0.0003846850469572504 0.00025605611263092206 0.9999441651545654 -0.010571903927198962 -0.00038231430291437406 0.010572098751202486 0.9999440825965639 0.05072892567889653 -0.09517719816138026 -0.4103255793702658
FixedParameters: 0 0 0
#Transform 59
Transform: MatrixOffsetTransformBase_double_3_3
Parameters: 0.9999999712819232 -0.00010652279344181539 0.00013121316670314595 0.00010848607754211158 0.9999360682426587 -0.011309986667781125 -0.0001307813886810882 0.011310014833782566 0.9999360626386584 0.04254557465351638 -0.08933842566665362 -0.44596826161404124
FixedParameters: 0 0 0
#Transform 60
Transform: MatrixOffsetTransformBase_double_3_3
Parameters: 0.9999996455062702 -0.0005484805976661602 0.00023107308085926128 0.000551518150468077 0.9999386575753253 -0.011046872117849953 -0.00022492101728578201 0.011047122923751028 0.9999389080992265 0.04616947028672769 -0.10728761629931682 -0.42313457308048896
FixedParameters: 0 0 0
#Transform 61
Transform: MatrixOffsetTransformBase_double_3_3
Parameters: 0.9999999943955439 0.000020813113073510077 0.00007176917570174961 -0.000020184265041075003 0.9999360567592459 -0.01131100209540502 -0.00007223292672566921 0.011310999143404868 0.9999360519952458 0.046575769506063125 -0.0810545794610249 -0.46679216849101124
FixedParameters: 0 0 0
#Transform 62
Transform: MatrixOffsetTransformBase_double_3_3
Parameters: 0.9999999982321119 -0.0000024736338694144463 -0.0000419747837218599 0.000001526113153338823 0.9999367574523185 -0.011280008608709863 0.00004201990375595874 0.011280008440709737 0.9999367556923172 0.03201736681251077 -0.11434114327207112 -0.4294784186830043
FixedParameters: 0 0 0
#Transform 63
Transform: MatrixOffsetTransformBase_double_3_3
Parameters: 0.9999998399551301 -0.0001396136790003115 0.0003746638794066532 0.00014439023982142695 0.9999313117683498 -0.011732949796954585 -0.0003733315691776222 0.011733056016972844 0.9999311920533293 0.04257342533885833 -0.10117317938329506 -0.43323387582918826
FixedParameters: 0 0 0
#Transform 64
Transform: MatrixOffsetTransformBase_double_3_3
Parameters: 0.9999999114612618 0.000044422751617016404 0.0002945038686484949 -0.0000405830861939405 0.9999321552213816 -0.011612002162586005 -0.0002944909556605243 0.011611977128609325 0.9999320702954607 0.03125508676620825 -0.11809204608971413 -0.4254939294682458
FixedParameters: 0 0 0
#Transform 65
Transform: MatrixOffsetTransformBase_double_3_3
Parameters: 0.9999999858986365 0.00011257824164692814 -0.00003729789898031482 -0.0001134182522861382 0.9999335718541618 -0.011506990989674077 0.00003569725166780303 0.011506999238670532 0.9999335832911568 0.04101774567206462 -0.07744157956344111 -0.4555177674648405
FixedParameters: 0 0 0
#Transform 66
Transform: MatrixOffsetTransformBase_double_3_3
Parameters: 0.9999999600110754 -0.00019768913526638498 0.00002918881434142588 0.00019830866299770886 0.9999385671307003 -0.011062989856214265 -0.000026807745374045352 0.011063000944209457 0.9999386055516837 0.030543664996670827 -0.11996631437435212 -0.41636885363659815
FixedParameters: 0 0 0
#Transform 67
Transform: MatrixOffsetTransformBase_double_3_3
Parameters: 0.9999999589754974 0.00018610832534280485 -0.0000801044253931808 -0.00018689062990331006 0.99993672267419 -0.01127999357388446 0.00007789685581150241 0.011280023041905571 0.9999367512162104 0.037797363061628175 -0.08558741777575563 -0.48681195937192
FixedParameters: 0 0 0
#Transform 68
Transform: MatrixOffsetTransformBase_double_3_3
Parameters: 0.9999999504735945 0.00022218841193352522 0.000014326993163938937 -0.00022181532726778496 0.9999271043678599 -0.01203499299142314 -0.000016670747064086728 0.012034986109429307 0.999927153413816 0.028310612803721824 -0.1430122596414094 -0.4284946868267383
FixedParameters: 0 0 0
#Transform 69
Transform: MatrixOffsetTransformBase_double_3_3
Parameters: 0.9999998877942218 -0.0003007320836037027 -0.00014751987105806745 0.00029927366075982345 0.999932229530856 -0.011605036251457208 0.0001504831367090279 0.011604946847528079 0.9999322973328022 0.03199459791333936 -0.09170983323573978 -0.48490859831967725
FixedParameters: 0 0 0
#Transform 70
Transform: MatrixOffsetTransformBase_double_3_3
Parameters: 0.9999999731741034 -0.00016039773769239648 -0.000034184078458545755 0.0001596042880995527 0.9999354881101936 -0.011334999943479798 0.00003581140562348784 0.011334988743485545 0.9999355124861812 0.030152749757746733 -0.12189256887326394 -0.42344491779600446
FixedParameters: 0 0 0
#Transform 71
Transform: MatrixOffsetTransformBase_double_3_3
Parameters: 0.9999999461716645 -0.00020064167004889402 0.00011637378958659774 0.00020235366718920225 0.9999299270297243 -0.011790964277824587 -0.00011362188157591393 0.011791010623774245 0.9999299544076946 0.04180337249349009 -0.100947080387769 -0.4572150478129089
FixedParameters: 0 0 0
#Transform 72
Transform: MatrixOffsetTransformBase_double_3_3
Parameters: 0.9999999871392595 -0.00010936090084524727 -0.000028656600991853236 0.0001096348890077078 0.999924593772555 -0.012304010595629456 0.000030351253996693105 0.012304004134625623 0.9999246048925616 0.02915058733096032 -0.11441924509225032 -0.43045457940087317
FixedParameters: 0 0 0
#Transform 73
Transform: MatrixOffsetTransformBase_double_3_3
Parameters: 0.9999999887396009 -0.00003616461259405146 -0.00009958472960660078 0.00003483054486724773 0.9999318052295642 -0.01167000121016579 0.0001004132994369226 0.011669994110167243 0.9999317964895659 0.03899330173395299 -0.08532601375517856 -0.47814682614369985
FixedParameters: 0 0 0
#Transform 74
Transform: MatrixOffsetTransformBase_double_3_3
Parameters: 0.9999997078354816 -0.0005265556282947394 -0.0001235468108033615 0.000524450486240562 0.999924091741375 -0.01227305703578279 0.00012944625335039594 0.01227292408090568 0.9999243519011344 0.02350657248368293 -0.11201180850642345 -0.42889747081993335
FixedParameters: 0 0 0
#Transform 75
Transform: MatrixOffsetTransformBase_double_3_3
Parameters: 0.9999999667765076 -0.00015913780431311134 -0.00008899529647825412 0.00015786216413425064 0.9999201483003162 -0.01264201624156886 0.00009100297075975517 0.012641987710564859 0.9999201653233186 0.04158851461878044 -0.10592202329137024 -0.48490160492131906
FixedParameters: 0 0 0
#Transform 76
Transform: MatrixOffsetTransformBase_double_3_3
Parameters: 0.9999999549056574 -0.000032604206453726946 -0.0002096114472011189 0.00003039093569445854 0.9999229353410345 -0.012412005579979074 0.00021039340311606756 0.012411992349980513 0.9999228922310391 0.037022354102646204 -0.1326130830658343 -0.46607219449484205
FixedParameters: 0 0 0
#Transform 77
Transform: MatrixOffsetTransformBase_double_3_3
Parameters: 0.9999999366070217 -0.00024095467783543067 -0.00007291645345211081 0.0002400441182668547 0.999917531786065 -0.01282201224091767 0.00007608407995128619 0.012821976404934649 0.9999175840780402 0.042995042787211446 -0.146733343703076 -0.47134723910059506
FixedParameters: 0 0 0
#Transform 78
Transform: MatrixOffsetTransformBase_double_3_3
Parameters: 0.9999997892655696 -0.00017617044358752217 -0.0004238878121381015 0.00017082812493431795 0.9999259285431898 -0.01216707190868746 0.0004261099085779122 0.012166924428724638 0.999925778015228 0.03987669758700463 -0.09099996453913661 -0.4702663426169664
FixedParameters: 0 0 0
#Transform 79
Transform: MatrixOffsetTransformBase_double_3_3
Parameters: 0.9999999160355219 -0.0002461694242921683 0.00015298562050934772 0.0002478307191456712 0.9999269347739576 -0.012082962034494375 -0.00015001639977118102 0.012083036878487774 0.9999269728319542 0.049138539994189046 -0.12089592294032059 -0.46897823815682216
FixedParameters: 0 0 0
#Transform 80
Transform: MatrixOffsetTransformBase_double_3_3
Parameters: 0.9999997406668082 -0.000422517602956569 -0.00028383185124203813 0.00041947972033616024 0.9999239696781022 -0.01228210858336938 0.00028917366429936475 0.012281867340637758 0.9999240648389963 0.026271992355034968 -0.09581971476995932 -0.451163399395341
FixedParameters: 0 0 0
#Transform 81
Transform: MatrixOffsetTransformBase_double_3_3
Parameters: 0.9999999799771231 -0.00008547997296615953 -0.00011289450750318627 0.00008351867335699336 0.9999148136260946 -0.013045007090483856 0.00011409919726312424 0.013044987908487678 0.9999148078840957 0.04095693437793102 -0.11421733167981074 -0.4705138943446201
FixedParameters: 0 0 0
#Transform 82
Transform: MatrixOffsetTransformBase_double_3_3
Parameters: 0.9999994929532118 -0.0005052571707648874 -0.0005017767271109298 0.000498739779412878 0.9999231555988016 -0.012393255307802591 0.0005082197604703322 0.012392748269853003 0.999923152577802 0.03482747935960617 -0.09549445026452474 -0.45298915740519874
FixedParameters: 0 0 0
#Transform 83
Transform: MatrixOffsetTransformBase_double_3_3
Parameters: 0.9999997742901482 -0.00043932625664909296 -0.00018146754187915666 0.0004366797277174771 0.9999203858332023 -0.012626086537562102 0.00018652839966065056 0.012625925347505361 0.9999205438292581 0.048175458242496916 -0.11507408912413553 -0.4481971328883674
FixedParameters: 0 0 0
#Transform 84
Transform: MatrixOffsetTransformBase_double_3_3
Parameters: 0.9999997977891165 -0.0003869348955969111 -0.00022911388199152173 0.00038406613307619895 0.9999191894197812 -0.012675079603739167 0.00023388670286667788 0.012674901109893427 0.9999192844416991 0.04099364805418304 -0.0864322617547657 -0.46474801028482204
FixedParameters: 0 0 0
#Transform 85
Transform: MatrixOffsetTransformBase_double_3_3
Parameters: 0.9999999611741193 -0.0001969463484903672 0.000005490037877819314 0.00019704747650653686 0.9999201598953594 -0.012641001430209225 -0.000002509323401223562 0.012641003006209479 0.9999201986893657 0.04875348221071363 -0.12143345406936135 -0.4312623043470154
FixedParameters: 0 0 0
#Transform 86
Transform: MatrixOffsetTransformBase_double_3_3
Parameters: 0.9999994900107722 -0.0006568170353825908 -0.00028021584196033825 0.0006531852488347005 0.9999096811226807 -0.01341218451036024 0.00028878636853355515 0.013411811797509264 0.9999100292235416 0.0395077356532596 -0.12221223216194232 -0.46805920023111014
FixedParameters: 0 0 0
#Transform 87
Transform: MatrixOffsetTransformBase_double_3_3
Parameters: 0.9999999363531025 -0.00004512289063104414 -0.00024845309405448007 0.00004188281765225983 0.9999213638153667 -0.012555014997708345 0.00024854545808238206 0.012554993376701813 0.9999213039533487 0.036578892926812046 -0.12173719252062654 -0.42742648866641275
FixedParameters: 0 0 0
#Transform 88
Transform: MatrixOffsetTransformBase_double_3_3
Parameters: 0.9999999547374925 -0.0010216417886159833 0.00003366336749004078 0.0010223638227337373 0.9999101638408487 -0.01337096836962443 -0.00002033178131583905 0.01337102355763343 0.9999102076458559 0.034271113123139685 -0.10711897647011881 -0.4706511531386468
FixedParameters: 0 0 0
#Transform 89
Transform: MatrixOffsetTransformBase_double_3_3
Parameters: 0.9999998557231076 -0.00026374811074760565 -0.00027343366759422617 0.00026025783736144305 0.9999074727344177 -0.013618078536422136 0.00027656987283977057 0.013617934428364904 0.9999074657534149 0.0416185741496804 -0.13302474337409365 -0.4593247496437698
FixedParameters: 0 0 0
#Transform 90
Transform: MatrixOffsetTransformBase_double_3_3
Parameters: 0.9999998589476408 -0.00028733587717472034 -0.00024209488602041832 0.0002836651298133945 0.9999060683626119 -0.013669057052376348 0.0002459002532483004 0.01366891772251446 0.9999060903385901 0.04131211320087402 -0.13173764002740995 -0.4755874427939375
FixedParameters: 0 0 0
#Transform 91
Transform: MatrixOffsetTransformBase_double_3_3
Parameters: 0.9999995630592288 -0.0006593860540359055 0.000049089007644548064 0.0006596123019789601 0.9999047502890928 -0.01377697017240713 -0.000039916291953273645 0.013777028872392355 0.9999051832689838 0.04736775155677719 -0.16058842228240167 -0.45622217190407355
FixedParameters: 0 0 0
#Transform 92
Transform: MatrixOffsetTransformBase_double_3_3
Parameters: 0.9999991163898944 -0.0009207845271280493 -0.00019103843306948818 0.0009172158123871053 0.9999004060103795 -0.014097178756250914 0.00020395093089566188 0.014097815737847696 0.9999002116065027 0.04145787160760506 -0.1219667457819611 -0.477888852426986
FixedParameters: 0 0 0
#Transform 93
Transform: MatrixOffsetTransformBase_double_3_3
Parameters: 0.9999999367105933 -0.00022545531204435385 0.00011216037007166927 0.0002265426579078648 0.9999028062764577 -0.01396898656840983 -0.00010884608543964456 0.013969036517449497 0.9999028451434885 0.06380800529164787 -0.1624732958043893 -0.47000277960600556
FixedParameters: 0 0 0
#Transform 94
Transform: MatrixOffsetTransformBase_double_3_3
Parameters: 0.99999987106885 -0.0007895584564767124 -0.000710520169266372 0.0007804353536077833 0.9999100599465178 -0.013353550190322742 0.0007214860543008635 0.013353426019378969 0.9999101635154709 0.04109763198285066 -0.12006642015727209 -0.4684843655164741
FixedParameters: 0 0 0
#Transform 95
Transform: MatrixOffsetTransformBase_double_3_3
Parameters: 0.9999999431546391 -0.001020460396677837 0.00012258392492546104 0.0010225329067442043 0.9999110454057925 -0.013300875835929172 -0.00010840984547156958 0.013300111809904704 0.9999110755707935 0.048060720607736584 -0.13639857321739157 -0.4586520726097518
FixedParameters: 0 0 0
#Transform 96
Transform: MatrixOffsetTransformBase_double_3_3
Parameters: 0.999999592336887 -0.0003606918037691761 -0.0005264769862212821 0.0003543011995294035 0.9999196914849006 -0.012656184244109383 0.0005315263432502435 0.012655805995331944 0.9999195394419902 0.03722573627894121 -0.09767166041021369 -0.49661775752628046
FixedParameters: 0 0 0
#Transform 97
Transform: MatrixOffsetTransformBase_double_3_3
Parameters: 0.9999999431546225 -0.0010205444241708271 0.00012188085054954028 0.0010224578778435887 0.9999198875186368 -0.01261188712444632 -0.00010911348338817165 0.01261212309765261 0.9999209176835374 0.05071768997096626 -0.15409156713096195 -0.4230147657820993
FixedParameters: 0 0 0
#Transform 98
Transform: MatrixOffsetTransformBase_double_3_3
Parameters: 0.9999995839545748 -0.0006449953521622377 0.000004684645388424416 0.0006450088161662281 0.9999092963308155 -0.013464006570431274 0.0000036847360920735997 0.013464007215431463 0.9999097123759387 0.05416801553786854 -0.10789346200211014 -0.4781111408982355
FixedParameters: 0 0 0
#Transform 99
Transform: MatrixOffsetTransformBase_double_3_3
Parameters: 0.9999997771171878 -0.0010842702141985504 0.00021804438975151787 0.0010867294592559402 0.9999154744849407 -0.012935771489932659 -0.00020395915169535455 0.012936229592129625 0.9999166083214281 0.06374038036700824 -0.12678137268277112 -0.4363342979555114
FixedParameters: 0 0 0
#Transform 100
Transform: MatrixOffsetTransformBase_double_3_3
Parameters: 1.0000000412223553 -0.0009026825247021494 -0.0003790379051434505 0.0008983195761897693 0.9999259528717107 -0.012175349796732751 0.00038996591394101476 0.012174657284175244 0.9999256159564394 0.05203482080364097 -0.08327931006751044 -0.49915368652982295
FixedParameters: 0 0 0
#Transform 101
Transform: MatrixOffsetTransformBase_double_3_3
Parameters: 0.9999995936054756 -0.0011831996537075996 0.00007413145961557628 0.001184799479785627 0.9999280532799862 -0.011938917603290803 -0.00005985889891946787 0.011939076259298544 0.9999284506970058 0.05630158412525077 -0.12475085736126346 -0.39660731454563347
FixedParameters: 0 0 0
#Transform 102
Transform: MatrixOffsetTransformBase_double_3_3
Parameters: 0.9999993598141574 -0.0007993889896204257 -0.000025948111531664583 0.0007996091364382856 0.9999201736456726 -0.012577018394323687 0.000036059516165929526 0.012576968820364704 0.9999208119091446 0.07461587966780314 -0.08481657176697865 -0.4554610229613161
FixedParameters: 0 0 0
#Transform 103
Transform: MatrixOffsetTransformBase_double_3_3
Parameters: 0.9999988879710537 -0.0010476268789335022 0.00012328133186339152 0.0010483683266680527 0.9999306556624818 -0.011714879588893352 -0.00011072586835844012 0.011715124832805547 0.9999317403120938 0.06705058354593518 -0.09816069876984557 -0.3860922055112468
FixedParameters: 0 0 0
#Transform 104
Transform: MatrixOffsetTransformBase_double_3_3
Parameters: 0.9999992809612878 -0.0012834791487461093 -0.0002689005401083845 0.0012795206696835767 0.9999205977442905 -0.01256035963947067 0.00028509310854538724 0.01255964966410074 0.9999211633205853 0.06159925102959107 -0.11057081837256533 -0.42276413190262474
FixedParameters: 0 0 0
#Transform 105
Transform: MatrixOffsetTransformBase_double_3_3
Parameters: 0.9999996291270432 -0.001137671602621179 0.0002760952975652245 0.0011413274337472537 0.9999226539012778 -0.012370696667268444 -0.00026190070231025457 0.012371309739624982 0.9999238800479908 0.05836812736176 -0.12344982375772418 -0.3931515852634391
FixedParameters: 0 0 0
#Transform 106
Transform: MatrixOffsetTransformBase_double_3_3
Parameters: 0.9999998477935501 -0.0002481408307255926 0.00030122100988604414 0.00025185628252683283 0.9999170362069801 -0.012879925406982493 -0.0002977807610700818 0.01288007516297448 0.9999170090049816 0.061505945220574176 -0.09562938106476793 -0.447174488932518
FixedParameters: 0 0 0
#Transform 107
Transform: MatrixOffsetTransformBase_double_3_3
Parameters: 0.9999997410849416 -0.0004849411713565567 -0.00015401682109168389 0.00048305935151427405 0.9999239408352946 -0.012362076563921008 0.00015998369859159344 0.012361924581933746 0.9999231504503606 0.05662100615035115 -0.1090094234589003 -0.42778596751301734
FixedParameters: 0 0 0
#Transform 108
Transform: MatrixOffsetTransformBase_double_3_3
Parameters: 0.9999996047766669 -0.001177907882338743 0.00009388681209202705 0.0011780932993468245 0.999919051087156 -0.012631894935557154 -0.00007912579644867285 0.01263109874552245 0.9999204313442162 0.06221665564264356 -0.11013106295331454 -0.4572183939422416
FixedParameters: 0 0 0
#Transform 109
Transform: MatrixOffsetTransformBase_double_3_3
Parameters: 0.9999993003455517 -0.0012768090742582559 0.00026299832981034426 0.0012801912002656061 0.9999207715635998 -0.012513668394255174 -0.00024700004950581794 0.012513320454357291 0.9999213411634326 0.05743926072207728 -0.11613953928988963 -0.4114426425446993
FixedParameters: 0 0 0
#Transform 110
Transform: MatrixOffsetTransformBase_double_3_3
Parameters: 1.0000000223838437 -0.0009715467124303412 -0.00018510443781432942 0.0009684562672647429 0.9999114138464238 -0.01329018398055018 0.00019788917063624274 0.013290812456787216 0.9999113181163878 0.04788324731477189 -0.10404121548765488 -0.46852617702977284
FixedParameters: 0 0 0
#Transform 111
Transform: MatrixOffsetTransformBase_double_3_3
Parameters: 0.9999992377112628 -0.0008553262697552223 -0.0001760498660890332 0.000852672811662814 0.9999169372284453 -0.012819145838105948 0.0001869456081497561 0.012818835825445652 0.9999176336306822 0.0578706977589718 -0.10761077024582733 -0.4531558988037716
FixedParameters: 0 0 0
#Transform 112
Transform: MatrixOffsetTransformBase_double_3_3
Parameters: 0.9999996295825506 -0.0005996592490236241 0.00010312524060876406 0.0006013390737828424 0.9999084617063463 -0.013533949116840428 -0.00009487016687777849 0.013534068019894168 0.9999088125215048 0.06530281398488569 -0.13216132105149825 -0.45974709153446724
FixedParameters: 0 0 0
#Transform 113
Transform: MatrixOffsetTransformBase_double_3_3
Parameters: 0.9999999609166146 -0.00019678781887479872 0.000017565834577445806 0.00019721784193789624 0.9999151469881699 -0.01303099895704656 -0.0000154313652642538 0.013031005458047515 0.9999151855271755 0.05943673203236699 -0.0890066057646095 -0.4437250763966034
FixedParameters: 0 0 0
#Transform 114
Transform: MatrixOffsetTransformBase_double_3_3
