#Insight Transform File V1.0
#Transform 0
Transform: MatrixOffsetTransformBase_double_3_3
Parameters: 0.9999994464634419 -0.0007418147861662521 0.00005698228328613316 0.0007419216006698965 0.9999988357755042 -0.0016150331229838888 -0.000055583235330083335 0.0016149670985176195 0.9999983942336486 -0.08184968290737515 0.030328638996451218 -0.15645058604486906
FixedParameters: 0 0 0
#Transform 1
Transform: MatrixOffsetTransformBase_double_3_3
Parameters: 0.9999976609838053 -0.0018442168203503364 -0.001392263712096732 0.001838469464914813 0.9999912654964306 -0.0036845854572413184 0.0013994709381946419 0.0036824111640505475 0.9999922590270858 0.009489789077406385 0.07041399671224724 -0.38133585557331173
FixedParameters: 0 0 0
#Transform 2
Transform: MatrixOffsetTransformBase_double_3_3
Parameters: 0.9999984518441455 -0.0017622710222633957 -0.000665763866804877 0.0017607143716806683 0.9999969960157367 -0.0017452616416536865 0.0006688449443163152 0.001744738715135405 0.999998365767927 -0.015187270774390527 0.007133587365288463 -0.0919934145554322
FixedParameters: 0 0 0
#Transform 3
Transform: MatrixOffsetTransformBase_double_3_3
Parameters: 0.9999979519212765 -0.0019746096456672415 -0.001071285422708946 0.0019734109851947735 0.9999972364576654 -0.0014192043372120433 0.0010747393904040697 0.0014167960360196158 0.9999986940079126 -0.018278450013795577 0.03052402330172299 -0.28100263962211613
FixedParameters: 0 0 0
#Transform 4
Transform: MatrixOffsetTransformBase_double_3_3
Parameters: 0.9999946529279393 -0.002496636967156378 -0.002028601935730726 0.0024892308724034683 0.999990734903122 -0.0033930986641121513 0.002037006759282322 0.00338889585423742 0.9999919201563829 -0.030580764873747057 0.05344342612454511 -0.20302464694694322
FixedParameters: 0 0 0
#Transform 5
Transform: MatrixOffsetTransformBase_double_3_3
Parameters: 0.9999992541936863 -0.0013192246941586094 -0.00006817415428225658 0.0013196663885223711 0.9999966412552903 -0.0023691680212537536 0.00007135915950467469 0.0023688343826469976 0.9999973885902069 -0.07298808244000554 0.029007708981211522 -0.08034203720899313
FixedParameters: 0 0 0
#Transform 6
Transform: MatrixOffsetTransformBase_double_3_3
Parameters: 0.9999970464860825 -0.001984120321267021 -0.0017369530523404341 0.0019780139675940494 0.9999921920355102 -0.0033454676292491714 0.0017437694916899761 0.003342527083883065 0.9999924896949334 0.014737717609818901 0.06996249620706863 -0.413659251934007
FixedParameters: 0 0 0
#Transform 7
Transform: MatrixOffsetTransformBase_double_3_3
Parameters: 0.9999975390248116 -0.002075716009285402 -0.00039195415789003353 0.002074130060910549 0.9999944492578701 -0.0027039753957286278 0.00039711520349627335 0.0027030278203731967 0.9999964718907967 -0.02110921898453455 0.06202667156217956 -0.09988977578730385
FixedParameters: 0 0 0
#Transform 8
Transform: MatrixOffsetTransformBase_double_3_3
Parameters: 0.9999954647295919 -0.0025893675900305548 -0.0013532718046365398 0.0025847362247734145 0.9999917082053202 -0.0029836073607574787 0.0013614208321596096 0.0029803897688440717 0.9999949718076808 -0.024560454579045654 0.07081364577845761 -0.4383801838793744
FixedParameters: 0 0 0
#Transform 9
Transform: MatrixOffsetTransformBase_double_3_3
Parameters: 0.9999970251917929 -0.0025632384155143194 -0.0006367170103082136 0.0025611907112156615 0.9999930216590919 -0.0027478757888692307 0.0006436635999723578 0.00274612407763139 0.9999959114600417 -0.006464348087405369 0.054750595376077626 -0.19188982341663063
FixedParameters: 0 0 0
#Transform 10
Transform: MatrixOffsetTransformBase_double_3_3
Parameters: 0.999998222021569 -0.001533490642847133 -0.000653608714713495 0.0015322715221744228 0.9999974044471354 -0.0015220829383158496 0.0006552067381755584 0.0015209158988582355 0.9999981876459336 -0.10496890061295971 0.03270035228506174 -0.08877305190436857
FixedParameters: 0 0 0
#Transform 11
Transform: MatrixOffsetTransformBase_double_3_3
Parameters: 0.9999973026196319 -0.0022013487685915204 -0.0009240065701516507 0.002197153689957796 0.999991698988548 -0.0035512030247354803 0.0009314188975214101 0.003548800903695415 0.9999933985020596 -0.00004896291068234859 0.06858742731590439 -0.41723987866835444
FixedParameters: 0 0 0
#Transform 12
Transform: MatrixOffsetTransformBase_double_3_3
Parameters: 0.9999985333957746 -0.0018220476166392286 -0.0003834580845557264 0.0018210170305392613 0.9999956542892153 -0.002241777483629595 0.0003875584841855338 0.002240223515041384 0.9999978349215047 -0.03246852187875504 0.03695171186149082 -0.11786300940440242
FixedParameters: 0 0 0
#Transform 13
Transform: MatrixOffsetTransformBase_double_3_3
Parameters: 0.9999968476748372 -0.0021553476629942057 -0.0015833891234798552 0.0021497644936261306 0.9999925021529295 -0.003189438633252162 0.0015907558670024363 0.003186561110772451 0.9999940187468356 -0.013975684499214935 0.035629588551216784 -0.4476931252145988
FixedParameters: 0 0 0
#Transform 14
Transform: MatrixOffsetTransformBase_double_3_3
Parameters: 0.9999972169867868 -0.002309565917217591 -0.0006697947813918587 0.002308246200031222 0.9999950286121866 -0.0021867138724182555 0.0006747534537412639 0.0021852878751811022 0.9999976311536091 -0.022672132765478636 0.024172239927651162 -0.1447395887268499
FixedParameters: 0 0 0
#Transform 15
Transform: MatrixOffsetTransformBase_double_3_3
Parameters: 0.9999972515514103 -0.0015919795309897033 -0.0014880532372045768 0.0015902491023808884 0.9999982514470367 -0.001201386314550107 0.0014897291755726417 0.0011996145860957291 0.9999981176984295 -0.041250385906849374 0.03193711440864888 -0.3002577209844617
FixedParameters: 0 0 0
#Transform 16
Transform: MatrixOffsetTransformBase_double_3_3
Parameters: 0.9999959231556177 -0.0025631242207358744 -0.0012278838715385812 0.002559034680121762 0.9999910291331273 -0.0034113235204799447 0.0012359983903218676 0.0034076804943592442 0.9999936445139673 -0.020264847411752385 0.05011827742683295 -0.39454767944681635
FixedParameters: 0 0 0
#Transform 17
Transform: MatrixOffsetTransformBase_double_3_3
Parameters: 0.9999988232273739 -0.0014329702713791782 -0.00035054418604750314 0.0014328145139951998 0.9999979810529327 -0.0014265840302737087 0.0003525628775518526 0.0014264157758153984 0.9999987723660037 -0.08890521693420794 0.024406961001091076 -0.07512716878503056
FixedParameters: 0 0 0
#Transform 18
Transform: MatrixOffsetTransformBase_double_3_3
Parameters: 0.9999948904733719 -0.0024670156714652657 -0.002005619848824937 0.002461181546585906 0.9999920253759704 -0.003059984150396128 0.0020131851905077925 0.0030560139155408894 0.9999931622848903 -0.017222189929142928 0.06035897478020047 -0.48407560963065066
FixedParameters: 0 0 0
#Transform 19
Transform: MatrixOffsetTransformBase_double_3_3
Parameters: 0.9999973353471217 -0.0023352907176594356 -0.00045969050914235757 0.002334171816828705 0.9999957476435213 -0.0019653090922031047 0.0004647999600453438 0.0019636908013166976 0.9999978691652203 -0.048314882672457315 0.059338283434456685 -0.19808831534207627
FixedParameters: 0 0 0
#Transform 20
Transform: MatrixOffsetTransformBase_double_3_3
Parameters: 0.9999969663393145 -0.0021727858115985904 -0.0011464159488436731 0.002168805366340914 0.9999933829342682 -0.0028385807405592878 0.0011525250325784037 0.0028354181687103713 0.999995486213777 -0.027184357788897273 0.029339422443968033 -0.35902246283852435
FixedParameters: 0 0 0
#Transform 21
Transform: MatrixOffsetTransformBase_double_3_3
Parameters: 0.9999962845243353 -0.002281608111420413 -0.0015845659459519056 0.002275448335553622 0.9999909029612248 -0.0036347166666934883 0.0015926944523423081 0.003631282646496564 0.9999919840496152 -0.003666769665727543 0.05163466504149028 -0.40976416871518495
FixedParameters: 0 0 0
#Transform 22
Transform: MatrixOffsetTransformBase_double_3_3
Parameters: 0.9999974743465194 -0.0019491069680125101 -0.0008519759666326948 0.0019478948973083484 0.9999962987203385 -0.0017467489795222335 0.0008556386250823901 0.001745249663462678 0.9999980785850286 -0.03360508950216001 -0.0037518403413656642 -0.15498803165276342
FixedParameters: 0 0 0
#Transform 23
Transform: MatrixOffsetTransformBase_double_3_3
Parameters: 0.9999958444133923 -0.0025871115304545085 -0.001569222960935143 0.0025823414375295037 0.9999920042038051 -0.00293616241604637 0.0015770350026706637 0.0029318356579289134 0.9999946234267848 -0.00514530777508071 0.056576977415303986 -0.49797095104824507
FixedParameters: 0 0 0
#Transform 24
Transform: MatrixOffsetTransformBase_double_3_3
Parameters: 0.9999979161297127 -0.0016528441343015739 -0.0005931289178232178 0.0016524973131893683 0.9999983267855943 -0.0010060625339068235 0.0005943830884789736 0.001004939187248588 0.9999995672796351 -0.0232156162768149 0.012333172168794704 -0.17498215622647706
FixedParameters: 0 0 0
#Transform 25
Transform: MatrixOffsetTransformBase_double_3_3
Parameters: 0.9999943134100785 -0.0024672699875812856 -0.002144603763073444 0.002460753352904754 0.9999934371832357 -0.0028073226680015856 0.002151991481889112 0.0028016795386700544 0.9999941457074528 0.009650303151090611 0.03948183324848742 -0.5181116312381704
FixedParameters: 0 0 0
#Transform 26
Transform: MatrixOffsetTransformBase_double_3_3
Parameters: 0.9999973737340951 -0.0018698015176463485 -0.0010630798259951262 0.0018683289118449483 0.9999973309619878 -0.0015240762782293416 0.0010656314903115032 0.0015219255498677975 0.9999984037032559 0.004366043505001471 0.018820055813876024 -0.27878444792133905
FixedParameters: 0 0 0
#Transform 27
Transform: MatrixOffsetTransformBase_double_3_3
Parameters: 0.9999965652113606 -0.002083010810453017 -0.001448309062068545 0.002078304610793789 0.9999938929789902 -0.002842115605725115 0.0014538483644187473 0.002839882680631692 0.9999945296171138 0.016604227993354925 -0.004732702866078853 -0.4232437517419214
FixedParameters: 0 0 0
#Transform 28
Transform: MatrixOffsetTransformBase_double_3_3
Parameters: 0.9999960975515939 -0.0023999092661962785 -0.0014636682435393233 0.0023956299988989573 0.9999916287295121 -0.00329461174124919 0.0014710302708659132 0.0032903917167250163 0.9999937875969338 -0.01042838796732326 0.03496989952394358 -0.37128986897818095
FixedParameters: 0 0 0
#Transform 29
Transform: MatrixOffsetTransformBase_double_3_3
Parameters: 0.9999977483462595 -0.001852920510609497 -0.0009043799741814131 0.0018513932576259813 0.999996404647411 -0.0018197634517120587 0.0009079766132816493 0.0018182346554819623 0.9999977261678735 -0.011610458127734091 0.013858280461093386 -0.24648683640643299
FixedParameters: 0 0 0
#Transform 30
Transform: MatrixOffsetTransformBase_double_3_3
Parameters: 0.9999964413469202 -0.00233626499074666 -0.0010494327729971206 0.0023327719542300526 0.9999920084058276 -0.00326961972038102 0.0010564138481449707 0.0032663820046261866 0.9999940731956349 0.027735409285085666 0.04761578950910916 -0.5015243516092056
FixedParameters: 0 0 0
#Transform 31
Transform: MatrixOffsetTransformBase_double_3_3
Parameters: 0.9999975393383618 -0.00220536740996891 -0.0007715404513759831 0.0022041664162461053 0.999994201031908 -0.0024658661256049264 0.0007771991097226765 0.002464129952477717 0.9999961858313348 -0.016879020414265256 0.03347856318931974 -0.12553884105666668
FixedParameters: 0 0 0
#Transform 32
Transform: MatrixOffsetTransformBase_double_3_3
Parameters: 0.9999951630140002 -0.0024613135117710315 -0.0016673989727500967 0.00245608359180099 0.9999928381726966 -0.0029022058463631095 0.0016743042906271126 0.0028977950588946894 0.9999945047660405 -0.017345966467473772 0.0427341449841947 -0.3460117946121528
FixedParameters: 0 0 0
#Transform 33
Transform: MatrixOffsetTransformBase_double_3_3
Parameters: 0.9999957108047112 -0.0026543940070595995 -0.001497815646497758 0.0026497613073401907 0.9999913761852193 -0.0033111632051836953 0.0015059452834756042 0.003307841683770074 0.9999934289121877 0.0001615595756732091 0.0534504182823099 -0.33949285299316045
FixedParameters: 0 0 0
#Transform 34
Transform: MatrixOffsetTransformBase_double_3_3
Parameters: 0.9999973133793953 -0.0023220337236077517 -0.0005427104287226863 0.0023208366397437707 0.9999944283975318 -0.0025135018355764843 0.0005482449157965637 0.002512498157350468 0.9999962546062657 -0.051590470204644134 0.037559169130759074 -0.08294316860110484
FixedParameters: 0 0 0
#Transform 35
Transform: MatrixOffsetTransformBase_double_3_3
Parameters: 0.9999951901795595 -0.002209516760102933 -0.0019815270247081546 0.0022026704189449554 0.9999915432696587 -0.003602410899663372 0.0019898330621495076 0.0035985934484031312 0.999991719552848 0.03512409642607395 0.03691221361091834 -0.5039423350382037
FixedParameters: 0 0 0
#Transform 36
Transform: MatrixOffsetTransformBase_double_3_3
Parameters: 0.9999978451604898 -0.0020197175852247895 -0.0010371668902217387 0.0020166177914132336 0.999994513742622 -0.0027492590773007114 0.001043047901576811 0.0027467392865133528 0.9999952283666113 -0.016785084459300492 0.027546275665358166 -0.13293137650573783
FixedParameters: 0 0 0
#Transform 37
Transform: MatrixOffsetTransformBase_double_3_3
Parameters: 0.9999948928544636 -0.002407641420897369 -0.002076168801978523 0.0024008195744339273 0.999992407742351 -0.0031940311811705507 0.002084009930788159 0.003188972889430583 0.9999931136515606 0.028720730990073662 0.012340923626197764 -0.4486585039543911
FixedParameters: 0 0 0
#Transform 38
Transform: MatrixOffsetTransformBase_double_3_3
Parameters: 0.9999950711684806 -0.0024978845646950196 -0.0016393426480580263 0.002491769509703344 0.9999896367438672 -0.003801199480042941 0.0016497961236644945 0.003796799087651223 0.9999915694593223 0.020626691818335985 0.012690697846736043 -0.3529503474389486
FixedParameters: 0 0 0
#Transform 39
Transform: MatrixOffsetTransformBase_double_3_3
Parameters: 0.9999978484671008 -0.001980192882515607 -0.0011094968527582837 0.0019785098885745215 0.9999969287486 -0.0011402831035845634 0.0011119364636780265 0.0011377140769272404 0.9999983250758001 -0.01879239808349098 0.024306244532880328 -0.26599539823448026
FixedParameters: 0 0 0
#Transform 40
Transform: MatrixOffsetTransformBase_double_3_3
Parameters: 0.9999967776561267 -0.0020526689145907297 -0.0014171269877526426 0.002047927402858993 0.999991135971075 -0.003590930223952904 0.001424415975884606 0.003588070460500928 0.999992872539199 0.02322646512838844 0.03674615140191406 -0.4724104360047221
FixedParameters: 0 0 0
#Transform 41
Transform: MatrixOffsetTransformBase_double_3_3
Parameters: 0.9999972142622857 -0.0023240094227697204 -0.0006197978834409131 0.002322502376507197 0.9999944400285784 -0.0025096818156610246 0.0006263201209962168 0.0025083156657108446 0.9999961840403004 -0.0355451656898822 0.029761633295365186 -0.1193391770084844
FixedParameters: 0 0 0
#Transform 42
Transform: MatrixOffsetTransformBase_double_3_3
Parameters: 0.9999974277681982 -0.002201403272030257 -0.0008512650655944705 0.002199188676292884 0.9999922678676987 -0.003322042738106809 0.0008585992718473842 0.003319958963940897 0.9999941017213146 0.04269939025319047 0.04059658255324905 -0.5352980878434437
FixedParameters: 0 0 0
#Transform 43
Transform: MatrixOffsetTransformBase_double_3_3
Parameters: 0.9999968922420187 -0.0022814289128865726 -0.0009514255363984912 0.002277582122971407 0.9999922687758244 -0.0032683385988808294 0.00095811746080051 0.003265664210462857 0.9999942767896284 -0.0634418046041958 0.04004351886477764 -0.13873747727653551
FixedParameters: 0 0 0
#Transform 44
Transform: MatrixOffsetTransformBase_double_3_3
Parameters: 0.9999966474952228 -0.00246680065540653 -0.0011262275342975565 0.0024625831890312954 0.9999908184088608 -0.0033659488505628915 0.0011345351109154358 0.0033630439407827117 0.9999931892848295 -0.02074640988875842 0.02022667084634122 -0.43771090533199697
FixedParameters: 0 0 0
#Transform 45
Transform: MatrixOffsetTransformBase_double_3_3
Parameters: 0.9999967981931736 -0.002398401398099146 -0.0012031854617062594 0.0023951207061972666 0.9999921868711011 -0.003208060100237886 0.0012112007571037672 0.0032049405741265413 0.9999940479454434 -0.026853443814289335 0.04269628085755528 -0.3278021388212835
FixedParameters: 0 0 0
#Transform 46
Transform: MatrixOffsetTransformBase_double_3_3
Parameters: 0.9999977535039043 -0.002024454185728181 -0.0010707210236741032 0.002021965452804119 0.9999940511283167 -0.002842264906795927 0.0010769331148250507 0.002840736479987227 0.9999955540734827 -0.0062171259949934665 -0.00468389079071585 -0.4005622955899213
FixedParameters: 0 0 0
#Transform 47
Transform: MatrixOffsetTransformBase_double_3_3
Parameters: 0.9999965439791948 -0.0022834085900755316 -0.0014973103808120932 0.002277628022155233 0.9999888999801843 -0.004025518871656322 0.001506164565222828 0.004022474848734234 0.9999902586812408 -0.011092956156787181 0.02954960037365595 -0.3908604118854413
FixedParameters: 0 0 0
#Transform 48
Transform: MatrixOffsetTransformBase_double_3_3
Parameters: 0.999997544018022 -0.002161370965678527 -0.0008857081214442286 0.0021590354739677788 0.9999940142546564 -0.0027450854483095366 0.0008913574550251386 0.0027439138180051503 0.9999954651563211 -0.03166054554807829 0.007633008015190512 -0.1578414318388326
FixedParameters: 0 0 0
#Transform 49
Transform: MatrixOffsetTransformBase_double_3_3
Parameters: 0.9999968391517219 -0.0023053753417181166 -0.0009197402630116097 0.0023021345407568095 0.9999909571581185 -0.00358928936341181 0.0009279946835657599 0.0035867110599157453 0.9999931343816572 0.03659218297327982 0.03698369304959215 -0.5523294537480012
FixedParameters: 0 0 0
#Transform 50
Transform: MatrixOffsetTransformBase_double_3_3
Parameters: 0.9999969905380708 -0.0025054600662360307 -0.0008548363673333874 0.00250340259815692 0.9999918823867925 -0.00317231890018381 0.000862444635604231 0.003170685280033697 0.999994991227724 -0.03830236280191457 0.0004405687980550965 -0.17179860004087288
FixedParameters: 0 0 0
#Transform 51
Transform: MatrixOffsetTransformBase_double_3_3
Parameters: 0.9999968049529102 -0.0023019534772213807 -0.0009472172116677397 0.002298560010364434 0.9999923483198654 -0.0030833457263226283 0.0009541908072167701 0.003080650424058931 0.9999944591226746 0.016681904312008555 0.018450336024855574 -0.5375939219539703
FixedParameters: 0 0 0
#Transform 52
Transform: MatrixOffsetTransformBase_double_3_3
Parameters: 0.9999960522334208 -0.002433345713043565 -0.0014232098983478607 0.0024284405361293983 0.9999904024833471 -0.00360456791731896 0.001432299645538726 0.0036014319391201727 0.9999926863968583 -0.0016171316302830974 0.01999891639974294 -0.36217321693027316
FixedParameters: 0 0 0
#Transform 53
Transform: MatrixOffsetTransformBase_double_3_3
Parameters: 0.9999980481157601 -0.001778097632271616 -0.0013384760516501478 0.0017757821978970894 0.999997673197975 -0.0011813967842872058 0.001340602055618149 0.0011796024900722069 0.9999985877536526 0.019037890287933124 0.011305021508732693 -0.31692833929868414
FixedParameters: 0 0 0
#Transform 54
Transform: MatrixOffsetTransformBase_double_3_3
Parameters: 0.999996108794773 -0.002087806940877413 -0.001879095517269776 0.002080375742674795 0.9999903450940925 -0.003952949059014166 0.0018879839748415653 0.003949053105549605 0.9999905427068072 0.056437224417294374 0.040355644958921744 -0.4932801180885491
FixedParameters: 0 0 0
#Transform 55
Transform: MatrixOffsetTransformBase_double_3_3
Parameters: 0.9999972059678587 -0.0021785235627345702 -0.00021869735063190286 0.002177998472217982 0.9999946230557587 -0.00258671222121723 0.00022490461380769423 0.0025862860908846402 0.9999962029136941 -0.01446948908589718 0.0013860297936361121 -0.20662433828093185
FixedParameters: 0 0 0
#Transform 56
Transform: MatrixOffsetTransformBase_double_3_3
Parameters: 0.9999985503386806 -0.0006548809040786105 -0.0014213536725524109 0.0006530355624798258 0.9999996537223396 -0.0009998610482141457 0.0014225859559303209 0.000999139521906195 0.9999988986138215 0.04143379062772112 0.08327359629221576 -0.08324990632964102
FixedParameters: 0 0 0
#Transform 57
Transform: MatrixOffsetTransformBase_double_3_3
Parameters: 0.9999999136700772 0.0001002446156093493 0.0002761900300658434 -0.00009974841582643346 0.9999991835936669 -0.0008980268248043738 -0.00027636962356556273 0.0008979715718464842 0.99999911726985 -0.14466183293480128 0.055533351937924635 -0.2665232444063719
FixedParameters: 0 0 0
#Transform 58
Transform: MatrixOffsetTransformBase_double_3_3
Parameters: 0.9999991265171169 -0.0011891443072809347 -0.0006778273010141458 0.0011874145689953959 0.999996029528936 -0.002575814002383492 0.0006808066246086026 0.00257518832261687 0.9999968305536372 0.018362782803947653 0.05359274612662546 -0.5895225473843766
FixedParameters: 0 0 0
#Transform 59
Transform: MatrixOffsetTransformBase_double_3_3
Parameters: 0.9999998059605072 -0.0007557665121887155 0.000789320461279764 0.0007583311725844807 0.999995498692925 -0.002987404634324814 -0.0007866407401067287 0.0029885977213608556 0.999995450927485 -0.10958789674224079 -0.006387648811497115 -0.5037340660811509
FixedParameters: 0 0 0
#Transform 60
Transform: MatrixOffsetTransformBase_double_3_3
Parameters: 0.9999985106100143 -0.0015142571156565217 -0.00044299945829009876 0.0015130344721062318 0.9999935923005857 -0.003191753260409602 0.0004475251996996023 0.003191244542476976 0.9999945469074387 -0.001421468836127815 0.006538576016453135 -0.6547465448362288
FixedParameters: 0 0 0
#Transform 61
Transform: MatrixOffsetTransformBase_double_3_3
Parameters: 0.9999976477096137 -0.0020734558356138694 -0.00022817209916170569 0.002073036848417049 0.9999904412601808 -0.00390563328584502 0.00023623678987070415 0.0039043713812748626 0.9999927082322051 0.019677345250684652 0.03162532920090655 -0.6641428398887115
FixedParameters: 0 0 0
#Transform 62
Transform: MatrixOffsetTransformBase_double_3_3
Parameters: 0.999998903571449 -0.0017226380791262725 -0.0003587767962083379 0.001722100365080256 0.9999967992669752 -0.0018177013216858495 0.0003619710765601331 0.0018172991502667518 0.999998497680416 -0.003397912638817502 -0.0963526560545489 -0.5762883273177835
FixedParameters: 0 0 0
#Transform 63
Transform: MatrixOffsetTransformBase_double_3_3
Parameters: 0.9999978039021438 -0.0019576658971329165 -0.0006029744456897719 0.0019561465610402782 0.9999945959263196 -0.002592271430253257 0.0006079831858951889 0.002591729675569393 0.9999967710086056 0.0036393802584768764 -0.03481146480756081 -0.670317877937805
FixedParameters: 0 0 0
#Transform 64
Transform: MatrixOffsetTransformBase_double_3_3
Parameters: 0.9999982816417098 -0.0018871177776808516 -0.00039651384046212126 0.0018855133965153476 0.9999907614131135 -0.003840836662575453 0.00040387243943277153 0.003840166100730319 0.9999930212015052 -0.006563233419640824 0.005060998201500411 -0.5915483597178479
FixedParameters: 0 0 0
#Transform 65
Transform: MatrixOffsetTransformBase_double_3_3
Parameters: 0.999999012936045 -0.001661043502606827 0.00047779753517764457 0.0016619446676857076 0.9999958252314255 -0.002309278919593691 -0.0004740368480936154 0.0023097220993376077 0.9999975200994855 -0.05478178527970101 -0.002038310580857683 -0.5399391757081986
FixedParameters: 0 0 0
#Transform 66
Transform: MatrixOffsetTransformBase_double_3_3
Parameters: 0.9999972918739564 -0.002102781210957612 -0.0005346237392513531 0.002100864207941298 0.9999896657397008 -0.003998286403474383 0.0005432254759701854 0.00399671063326483 0.9999916659683318 0.007494141179677172 0.031283521504605005 -0.7425314721145355
FixedParameters: 0 0 0
#Transform 67
Transform: MatrixOffsetTransformBase_double_3_3
Parameters: 0.999997568387752 -0.002312164648244072 -0.00029180940397238535 0.002311241367065973 0.9999903610895136 -0.003788914394255563 0.00030020062475437517 0.0037880859922501398 0.9999925016903436 -0.005915595569533139 0.008283870081456257 -0.6106813722922482
FixedParameters: 0 0 0
#Transform 68
Transform: MatrixOffsetTransformBase_double_3_3
Parameters: 0.9999975168969877 -0.002077278774514012 -0.00040906254559228887 0.0020762607242865673 0.9999931001449899 -0.0031070117761064497 0.00041583248769786976 0.003105988342587934 0.9999951159988951 -0.018396107923535965 0.03149755059770598 -0.5403286989657516
FixedParameters: 0 0 0
#Transform 69
Transform: MatrixOffsetTransformBase_double_3_3
Parameters: 0.9999978974421018 -0.0019071966161118348 -0.0006828124763784277 0.001903559945870074 0.9999882675323241 -0.004387393479480348 0.0006913279385160656 0.004386603187345156 0.9999901381619385 0.00992208821720908 0.02200462408151793 -0.6975418784363256
FixedParameters: 0 0 0
#Transform 70
Transform: MatrixOffsetTransformBase_double_3_3
Parameters: 0.9999986087598273 -0.001433682480577863 0.0005800033498678359 0.0014359101366203694 0.9999909766620754 -0.003985240756834388 -0.0005734025042510444 0.003985757380979851 0.9999918635395406 -0.053218742454617995 -0.022933011397896053 -0.5448527889603412
FixedParameters: 0 0 0
#Transform 71
Transform: MatrixOffsetTransformBase_double_3_3
Parameters: 0.9999986550906116 -0.0017399109573003927 -0.0005633918609749804 0.0017378626116690604 0.9999901770473052 -0.003984063993417941 0.0005700403945466195 0.003982932300596639 0.9999917413612004 0.005404693767516733 -0.03546651499199527 -0.7234697424311918
FixedParameters: 0 0 0
#Transform 72
Transform: MatrixOffsetTransformBase_double_3_3
Parameters: 0.9999965933200289 -0.002702877955710319 -0.00031953347177567624 0.0027011198027973348 0.9999865330686517 -0.004385109578227894 0.00033111126575048356 0.004383891678630236 0.9999906123094812 -0.009029794764856547 -0.03614997170623724 -0.629711860911172
FixedParameters: 0 0 0
#Transform 73
Transform: MatrixOffsetTransformBase_double_3_3
Parameters: 0.9999980392645587 -0.0019404819247000897 -0.00044158010099727604 0.0019391400546766835 0.9999927738168305 -0.0032450162216905026 0.00044803450187981726 0.0032439802205955492 0.9999942118227205 -0.028092011377268022 -0.07493537740791112 -0.5913025190614007
FixedParameters: 0 0 0
#Transform 74
Transform: MatrixOffsetTransformBase_double_3_3
Parameters: 0.999997529135163 -0.0022693646711983723 -0.000565775717796941 0.0022670397515728137 0.9999858956900668 -0.004806457360703759 0.0005763088678245518 0.004805545316282384 0.99998843783032 -0.0009626533230857603 -0.040335898087874966 -0.7153744780740823
FixedParameters: 0 0 0
#Transform 75
Transform: MatrixOffsetTransformBase_double_3_3
Parameters: 0.9999986109806933 -0.0012641117746589115 0.0008898677775124056 0.0012669406263586288 0.9999934258398568 -0.0034479455533849984 -0.000884903219690773 0.0034490532940850416 0.9999934007554528 -0.07517086626997127 -0.046987481480357474 -0.5467371595436674
FixedParameters: 0 0 0
#Transform 76
Transform: MatrixOffsetTransformBase_double_3_3
Parameters: 0.9999974991596176 -0.0020500642579006243 -0.000545052927977444 0.0020479354305835474 0.9999860456247189 -0.004881282031521439 0.0005547815821080008 0.004879718148142156 0.9999878146362864 0.006379723343982846 -0.03120168484532826 -0.7934903186182822
FixedParameters: 0 0 0
#Transform 77
Transform: MatrixOffsetTransformBase_double_3_3
Parameters: 0.9999965120089432 -0.002495044873698174 -0.0005122540535289393 0.0024934427681885603 0.9999899869694976 -0.003722518926371779 0.0005206220059340258 0.003720482822700988 0.9999928257678364 -0.03125540159976481 -0.019101678219172413 -0.5997370115590854
FixedParameters: 0 0 0
#Transform 78
Transform: MatrixOffsetTransformBase_double_3_3
Parameters: 0.9999981505312501 -0.0019617464993046496 0.00004212991689381123 0.0019614950260468987 0.9999916586347254 -0.0035330722581813356 -0.000035249354407914244 0.0035329249796967194 0.99999352762646 -0.027523912910581316 -0.013468796835979902 -0.5692419292575721
FixedParameters: 0 0 0
#Transform 79
Transform: MatrixOffsetTransformBase_double_3_3
Parameters: 0.9999968866344088 -0.002275584984391615 -0.0009672200958377516 0.0022701647162794185 0.9999854402850294 -0.004961378981144418 0.0009794227144261953 0.004959621672574244 0.9999872328478826 -0.0182497621918003 0.017343182793197798 -0.710091564512382
FixedParameters: 0 0 0
#Transform 80
Transform: MatrixOffsetTransformBase_double_3_3
Parameters: 0.9999982520168504 -0.0015318406311135616 0.0006336505970112023 0.0015342087982284733 0.9999920842769603 -0.0038141828945290196 -0.0006277867276165517 0.003815817653138834 0.9999920591624765 -0.09800924798450694 -0.016396184604886344 -0.5449510792213061
FixedParameters: 0 0 0
#Transform 81
Transform: MatrixOffsetTransformBase_double_3_3
Parameters: 0.999997244221118 -0.002140804068957005 -0.0004149854376854226 0.0021391855727181043 0.9999873375470308 -0.004599056009143024 0.0004244703051615885 0.004597949259035408 0.9999896139714884 -0.0071771509019527 -0.021629092805596883 -0.7603653914991497
FixedParameters: 0 0 0
#Transform 82
Transform: MatrixOffsetTransformBase_double_3_3
Parameters: 0.9999975579839548 -0.002241351344777141 -0.0006474333664463509 0.002238092605790771 0.9999888576351973 -0.004273696275086211 0.0006573745272737536 0.004272302761152022 0.9999901830789 -0.029302445614959538 -0.030174459796498354 -0.6238809531442655
FixedParameters: 0 0 0
#Transform 83
Transform: MatrixOffsetTransformBase_double_3_3
Parameters: 0.9999994475364269 -0.0009695384290688992 0.000782557967073294 0.0009728834524207824 0.9999932762525825 -0.0035642376519736674 -0.0007784757779666129 0.003564764999521297 0.9999937598634733 -0.08628106161205551 -0.05057534141376152 -0.5729265118892073
FixedParameters: 0 0 0
#Transform 84
Transform: MatrixOffsetTransformBase_double_3_3
Parameters: 0.9999967940486084 -0.002425193933004234 -0.0005691583261866133 0.0024226617486520817 0.9999853546789709 -0.0048896295674275 0.0005805935194661326 0.004888371546139983 0.9999876343624796 -0.012152035518170123 -0.02241015119898293 -0.7039720347082152
FixedParameters: 0 0 0
#Transform 85
Transform: MatrixOffsetTransformBase_double_3_3
Parameters: 0.9999993860671234 -0.0010622839243132978 0.0006961672477544656 0.001065603183765259 0.9999910825096497 -0.004096263134781175 -0.0006922852294512666 0.004097740382356566 0.9999917325710135 -0.0816840818759772 -0.05669627980270775 -0.5139927633646266
FixedParameters: 0 0 0
#Transform 86
Transform: MatrixOffsetTransformBase_double_3_3
Parameters: 0.999997533103176 -0.0021125094876778836 -0.00007001851990922297 0.002111755824604723 0.9999821243536274 -0.0056103171648521355 0.00008167776661567815 0.005610686451494679 0.9999844527431547 -0.004795694582995225 -0.051199263805742135 -0.76053373140725
FixedParameters: 0 0 0
#Transform 87
Transform: MatrixOffsetTransformBase_double_3_3
Parameters: 0.9999989674837633 -0.0011866175749178079 0.0007895060999457533 0.0011910854221000924 0.9999867656261421 -0.0050731351628575255 -0.0007841981151333632 0.005073867790497691 0.9999867206808369 -0.0914537271588074 -0.07532673803713408 -0.5474045122702194
FixedParameters: 0 0 0
#Transform 88
Transform: MatrixOffsetTransformBase_double_3_3
Parameters: 0.9999988533422026 -0.0014651466938048377 -0.000031847243140301955 0.0014643172242742174 0.9999896643930747 -0.004380129351425663 0.000037698059693510684 0.004379877953560693 0.9999908199128115 -0.07502644589109764 -0.05464775642403197 -0.6481634064801511
FixedParameters: 0 0 0
#Transform 89
Transform: MatrixOffsetTransformBase_double_3_3
Parameters: 0.9999972057161466 -0.00238235232053044 -0.00034346056438525974 0.0023806002683638065 0.9999823063898691 -0.005485063579899821 0.00035739205213628503 0.005483934657983969 0.9999847393159839 -0.0176368743553752 -0.015361422604101449 -0.6319092111859561
FixedParameters: 0 0 0
#Transform 90
Transform: MatrixOffsetTransformBase_double_3_3
Parameters: 0.9999972837417516 -0.00206691848520943 -0.000666208017271732 0.002064252392873087 0.9999901526357824 -0.0038284646066141653 0.0006748149202248811 0.0038265338179984953 0.9999928314579617 -0.034587218253093965 -0.039707111871592815 -0.5607245409993027
FixedParameters: 0 0 0
#Transform 91
Transform: MatrixOffsetTransformBase_double_3_3
Parameters: 0.9999972320043359 -0.0023904052935527055 -0.00023288966308998468 0.0023889609721662076 0.999983251709342 -0.005300801681693071 0.00024610672254345004 0.005300197178000621 0.99998578922486 0.00608634333656255 0.0031637416947347674 -0.7427866703831398
FixedParameters: 0 0 0
#Transform 92
Transform: MatrixOffsetTransformBase_double_3_3
Parameters: 0.9999983113255364 -0.0011164729539247457 0.0012010948470874063 0.0011210606794040204 0.9999904551415192 -0.0041486511166067275 -0.0011964211907993204 0.004150344641317097 0.9999904193298387 -0.07951829961530166 -0.051809210631788005 -0.5373297850134691
FixedParameters: 0 0 0
#Transform 93
Transform: MatrixOffsetTransformBase_double_3_3
Parameters: 0.9999982756054977 -0.0019061009932963078 -0.0002992608440761153 0.0019052825709295394 0.9999849245712578 -0.005148733016292137 0.0003096842926537633 0.005148262241497878 0.9999863365535957 0.0025358297742457125 -0.07612067034717995 -0.7521061797873614
FixedParameters: 0 0 0
#Transform 94
Transform: MatrixOffsetTransformBase_double_3_3
Parameters: 0.9999973913429749 -0.0021270363712338307 -0.0002910653260588507 0.002125379047400782 0.9999855067523278 -0.004895778138298099 0.0003017592371740134 0.004894218592866734 0.9999879622147676 -0.008112615725181627 -0.062272423106080055 -0.5783084153185882
FixedParameters: 0 0 0
#Transform 95
Transform: MatrixOffsetTransformBase_double_3_3
Parameters: 0.9999979377358158 -0.002195158324892801 -0.0004929945034758546 0.002192931158914608 0.999987469574198 -0.004559250936522707 0.0005037981345393666 0.00455775360599836 0.9999899080280189 -0.0004994907381501434 -0.07795702544245842 -0.6844497103062821
FixedParameters: 0 0 0
#Transform 96
Transform: MatrixOffsetTransformBase_double_3_3
Parameters: 0.9999977338597434 -0.0020652462059659355 0.000016280578521494734 0.0020656019766557283 0.9999879689567978 -0.0045552009285471096 -0.000007511293194707666 0.004554801469227945 0.9999892685829499 -0.0026207448184294435 -0.0403792136333152 -0.628304681966597
FixedParameters: 0 0 0
#Transform 97
Transform: MatrixOffsetTransformBase_double_3_3
Parameters: 0.9999977645736471 -0.0020582742496072204 0.000014881952978675853 0.002057689292865288 0.999989564008329 -0.0041461305633599815 -0.000006791749861489875 0.004145876098879259 0.9999918217218303 -0.02556876903582861 -0.08758019198521083 -0.6835113246807794
FixedParameters: 0 0 0
#Transform 98
Transform: MatrixOffsetTransformBase_double_3_3
Parameters: 0.9999981051187015 -0.0019060186255841559 -0.0005108576695073293 0.0019048003632810525 0.999991668185621 -0.0035840668139169585 0.0005173104618172444 0.0035839357108310155 0.999993746704975 -0.053259234207658324 -0.03496762712411794 -0.4092344350191297
FixedParameters: 0 0 0
#Transform 99
Transform: MatrixOffsetTransformBase_double_3_3
Parameters: 0.9999981255518501 -0.0001816084506811309 0.001959806693608396 0.00018554066081624235 0.9999978159273522 -0.0020394905889183773 -0.0019597549795490644 0.0020405091959652955 0.9999959864084362 -0.08485446632961668 -0.05641096560268011 -0.5164771704963727
FixedParameters: 0 0 0
#Transform 100
Transform: MatrixOffsetTransformBase_double_3_3
Parameters: 0.9999979413797669 -0.0020081717924800534 -0.00016251013166106415 0.002007163358513702 0.9999893043452346 -0.004210490903319444 0.00017136432761575364 0.004210510281119156 0.9999911802160201 -0.00758869006008922 -0.04169545156284471 -0.7322684504280232
FixedParameters: 0 0 0
#Transform 101
Transform: MatrixOffsetTransformBase_double_3_3
Parameters: 0.9999987292029234 -0.0006846192742120757 0.0016739467013609528 0.0006883395328737902 0.9999969441254076 -0.0023477708509484774 -0.0016724167600621663 0.002349228846980439 0.9999957541494214 -0.07781969502157438 -0.061979034587366755 -0.5657566899218267
FixedParameters: 0 0 0
#Transform 102
Transform: MatrixOffsetTransformBase_double_3_3
Parameters: 0.999997353005382 -0.0021500908820181706 -0.00015665334955624856 0.0021491904384768586 0.9999892538971986 -0.0040234991208117216 0.00016589913368440958 0.004023495434897925 0.9999917218570382 -0.006603695795703857 -0.05950770652752624 -0.724660188226764
FixedParameters: 0 0 0
#Transform 103
Transform: MatrixOffsetTransformBase_double_3_3
Parameters: 0.9999981629403135 -0.0019238815713626734 0.0003689813238820386 0.0019252431517272019 0.9999906663958855 -0.00395144856530058 -0.00036067482940565495 0.003952553775889045 0.9999922597754447 -0.0475394447791615 -0.06019608641402385 -0.5817934337824795
FixedParameters: 0 0 0
#Transform 104
Transform: MatrixOffsetTransformBase_double_3_3
Parameters: 0.9999987749393927 -0.0011068104468974634 0.0009998262378507752 0.001109709984210234 0.9999961254297614 -0.0025628885206058355 -0.0009969857772985915 0.0025641127601857133 0.9999965064130234 -0.06615498115280616 -0.08394458442040786 -0.5844147401547417
FixedParameters: 0 0 0
#Transform 105
Transform: MatrixOffsetTransformBase_double_3_3
Parameters: 0.9999969271677803 -0.0022255789346047944 -0.0003445504861634322 0.0022243809320039664 0.9999859622275588 -0.0048119352764653955 0.0003547676423067157 0.004811068990487222 0.9999886635283004 -0.01794960567229964 -0.055251820584032885 -0.6389118130040572
FixedParameters: 0 0 0
#Transform 106
Transform: MatrixOffsetTransformBase_double_3_3
Parameters: 0.9999995242480958 -0.0007404843293030361 0.0009633593429486507 0.0007423852889400043 0.9999965858448983 -0.002619287789438346 -0.0009612436530287189 0.0026207147630845085 0.9999962095681675 -0.07340272416449523 -0.09783238170025754 -0.5290317162305769
FixedParameters: 0 0 0
#Transform 107
Transform: MatrixOffsetTransformBase_double_3_3
Parameters: 0.9999971194597027 -0.0022066801231141204 -0.00010813213399627492 0.0022058134694850776 0.9999852787863956 -0.004890403859512046 0.00011966476103037176 0.0048905909701940364 0.9999880063737244 0.008173672975487989 -0.06517705756972703 -0.7168285599229876
FixedParameters: 0 0 0
#Transform 108
Transform: MatrixOffsetTransformBase_double_3_3
Parameters: 0.999999135137083 -0.0010014159580930904 0.0009284747013790597 0.0010053227249868428 0.999990060196922 -0.0044631461354770335 -0.000924202588919763 0.004464855535145598 0.9999892201242991 -0.06341976771609836 -0.09479447151841214 -0.5161190853980173
FixedParameters: 0 0 0
#Transform 109
Transform: MatrixOffsetTransformBase_double_3_3
Parameters: 0.9999992244325993 -0.001128774519877876 0.000708039262258375 0.001131758429406557 0.9999926581717111 -0.0037392716137067405 -0.0007034247535787297 0.0037397286641184246 0.9999925984293145 -0.03477676837893284 -0.063021317553833 -0.6173100141444223
FixedParameters: 0 0 0
#Transform 110
Transform: MatrixOffsetTransformBase_double_3_3
Parameters: 0.9999981170459705 -0.0019676784113926197 0.00010789927678488961 0.0019679789888083837 0.9999850347127641 -0.005106946985560121 -0.00009777158353487905 0.0051070526480442024 0.9999869190463176 -0.02396354789762256 -0.059626033204622786 -0.6189686711475844
FixedParameters: 0 0 0
#Transform 111
Transform: MatrixOffsetTransformBase_double_3_3
Parameters: 0.9999985547878285 -0.0009072420060726237 0.0012737854821441037 0.0009110918774853187 0.9999939868962832 -0.0031687564843426302 -0.0012707148079160173 0.0031692418939659045 0.9999944827125881 -0.1045651287775371 -0.06769339739818747 -0.47909933184216413
FixedParameters: 0 0 0
#Transform 112
Transform: MatrixOffsetTransformBase_double_3_3
Parameters: 0.9999971700772897 -0.0021530328283276686 -0.00044055285751547034 0.002150945304858437 0.9999858660737431 -0.004855114575272018 0.00045124987898649674 0.004853885102430816 0.9999881713298819 -0.01929393858878825 -0.055556895328180644 -0.7248260024261413
FixedParameters: 0 0 0
#Transform 113
Transform: MatrixOffsetTransformBase_double_3_3
Parameters: 0.9999985621923854 -0.0012917962589823575 0.0013303711846109185 0.0012974508058628666 0.9999910250957229 -0.004148350443208021 -0.0013242380830806634 0.004150648896594486 0.999990100221548 -0.10266115109263296 -0.0504746170600896 -0.517759564515714
FixedParameters: 0 0 0
#Transform 114
Transform: MatrixOffsetTransformBase_double_3_3
