#Insight Transform File V1.0
#Transform 0
Transform: MatrixOffsetTransformBase_double_3_3
Parameters: 0.999997738366777 -0.0019987685533875187 -0.0005150351514621893 0.0019988727634737283 0.9999974401736621 -0.0007931857355062688 0.0005171311126721881 0.0007918123033406749 0.9999990420809973 -0.015984329962094534 0.04249924116729176 -0.2050789904818231
FixedParameters: 0 0 0
#Transform 1
Transform: MatrixOffsetTransformBase_double_3_3
Parameters: 0.9999937904310252 -0.0023561075807886776 -0.0025801133299068967 0.0023495326043731276 0.9999944107969051 -0.002554037602004247 0.002586606689824823 0.00254796325882721 0.9999933643692002 -0.013026474970587287 0.03316888417882069 -0.46035735133798994
FixedParameters: 0 0 0
#Transform 2
Transform: MatrixOffsetTransformBase_double_3_3
Parameters: 0.9999983306059127 -0.0018676287940619144 -0.00042436779298618717 0.0018677162721789026 0.9999976195555226 -0.0009808749868293887 0.00042695813168957923 0.000980124210228181 0.9999997882885785 -0.0011068030566008247 0.0010247987118106039 -0.19244032869676175
FixedParameters: 0 0 0
#Transform 3
Transform: MatrixOffsetTransformBase_double_3_3
Parameters: 0.999994375222573 -0.0025569295584849066 -0.002021276984771496 0.002552065032363351 0.999993027859362 -0.0027982758169985827 0.0020280540914886856 0.0027927260119956637 0.9999937176456648 0.002094475489613501 0.030252114465952218 -0.5358877977687939
FixedParameters: 0 0 0
#Transform 4
Transform: MatrixOffsetTransformBase_double_3_3
Parameters: 0.999997266878095 -0.002179547557825435 -0.000991410552224062 0.0021785409522623693 0.9999975176903295 -0.0009353235313612485 0.0009934116559823494 0.000932676951609035 0.9999990044726448 -0.018647127592217316 0.005936381245277289 -0.32556709571881015
FixedParameters: 0 0 0
#Transform 5
Transform: MatrixOffsetTransformBase_double_3_3
Parameters: 0.9999959652281736 -0.0019042963541283594 -0.002099739847433625 0.0019042779119931498 0.9999976338192298 -0.00022587233246705585 0.0020995208012970727 0.00022212981547657662 0.9999982310567829 -0.030350356707700143 0.017487480845957748 -0.37310209883959544
FixedParameters: 0 0 0
#Transform 6
Transform: MatrixOffsetTransformBase_double_3_3
Parameters: 0.9999969378875365 -0.0019927815360091887 -0.001446065891313322 0.001988686952056237 0.9999933897555481 -0.0029799019583656022 0.0014515667285608387 0.002977099795134261 0.9999948051361479 -0.010731634972287907 0.029948230327164538 -0.49183195927695067
FixedParameters: 0 0 0
#Transform 7
Transform: MatrixOffsetTransformBase_double_3_3
Parameters: 0.9999972658316402 -0.002058386183583351 -0.0007049278427980776 0.002058018249659862 0.9999971663832002 -0.000861538711738441 0.0007064027164766141 0.00086046188247417 0.9999996168040093 -0.020400907840951277 -0.014662645794643936 -0.2134610081526489
FixedParameters: 0 0 0
#Transform 8
Transform: MatrixOffsetTransformBase_double_3_3
Parameters: 0.9999960935334383 -0.0018652622678759392 -0.0021043409190568416 0.0018591502851209533 0.9999940253186299 -0.002783863468929851 0.0021092646082421463 0.0027791326387289067 0.9999935946811842 0.014070323974209487 0.013229499235421827 -0.5112446059407318
FixedParameters: 0 0 0
#Transform 9
Transform: MatrixOffsetTransformBase_double_3_3
Parameters: 0.9999953556663976 -0.0023753267277320314 -0.0017321941054000266 0.0023712744126025962 0.9999944308191274 -0.0024982166767659186 0.0017386808414723517 0.002493784707355687 0.999995464765565 -0.04054790209313808 0.015171325384812917 -0.3689225022022953
FixedParameters: 0 0 0
#Transform 10
Transform: MatrixOffsetTransformBase_double_3_3
Parameters: 0.9999972810260648 -0.0018132800125455826 -0.001559161737515566 0.0018118575464286127 0.9999983741375752 -0.0007528444280971297 0.0015608138617026598 0.0007501555214626948 0.9999987773824087 -0.036002391298836756 0.028025461385496442 -0.4112073912077676
FixedParameters: 0 0 0
#Transform 11
Transform: MatrixOffsetTransformBase_double_3_3
Parameters: 0.9999958136317543 -0.0023328301626532773 -0.0016564641719746293 0.0023272860954323907 0.9999918882173485 -0.003314965658831978 0.001664473034454813 0.003311033137174596 0.9999929733752584 -0.009670055734318339 0.043534911776077934 -0.510361368967807
FixedParameters: 0 0 0
#Transform 12
Transform: MatrixOffsetTransformBase_double_3_3
Parameters: 0.9999959400334408 -0.0020947842471926094 -0.0016350116386017867 0.0020923504431243777 0.9999971856965645 -0.0012865169619464822 0.0016372485058794575 0.0012824829792845022 0.9999974544493575 -0.05344488299867578 0.01348785634719718 -0.2614101814876335
FixedParameters: 0 0 0
#Transform 13
Transform: MatrixOffsetTransformBase_double_3_3
Parameters: 0.9999935743673055 -0.002389580376115489 -0.0025913711071888514 0.0023819778975523722 0.9999922011559894 -0.0030960767002052164 0.0025984745103222 0.0030899264212027877 0.9999922397986009 -0.01624069446604892 0.01999064216695956 -0.5297681268938135
FixedParameters: 0 0 0
#Transform 14
Transform: MatrixOffsetTransformBase_double_3_3
Parameters: 0.9999978875577902 -0.0018387400461945312 -0.0008549336066720834 0.001837985769511325 0.9999975916439598 -0.001474661534376906 0.0008572115907277585 0.0014733419670916598 0.9999989505501684 -0.035243967856800396 -0.00440454448224159 -0.3163852767612667
FixedParameters: 0 0 0
#Transform 15
Transform: MatrixOffsetTransformBase_double_3_3
Parameters: 0.9999979660934516 -0.0016042994374926977 -0.0006789150377268314 0.001602724646465565 0.9999982823793133 -0.0011031704715175339 0.0006814535941246876 0.0011018283215257912 0.9999992527001901 -0.016491679909478307 0.007912936186301067 -0.3489816244698716
FixedParameters: 0 0 0
#Transform 16
Transform: MatrixOffsetTransformBase_double_3_3
Parameters: 0.9999951575018736 -0.002313711189777384 -0.0018682915605611528 0.0023079459685644487 0.9999930428264902 -0.0030003550510585425 0.0018747194871343844 0.002996649344191124 0.9999941325777343 -0.01443101605765662 0.03316702201433941 -0.4649834487145199
FixedParameters: 0 0 0
#Transform 17
Transform: MatrixOffsetTransformBase_double_3_3
Parameters: 0.9999972908592869 -0.0021190522486497273 -0.00046816632171985866 0.0021182730414462123 0.9999961020159911 -0.0015731492640043976 0.0004707658011227326 0.0015718496659202913 0.999998243323862 -0.03061633319097723 0.008234061076791477 -0.19160948436359604
FixedParameters: 0 0 0
#Transform 18
Transform: MatrixOffsetTransformBase_double_3_3
Parameters: 0.9999962863963748 -0.0023862515616280373 -0.0014209982632161092 0.0023818220987436535 0.9999918753420953 -0.0031214920129480905 0.0014285195162443585 0.0031185041222702298 0.9999939421816804 -0.006978322586547847 0.0141379844564824 -0.5284612235014237
FixedParameters: 0 0 0
#Transform 19
Transform: MatrixOffsetTransformBase_double_3_3
Parameters: 0.9999966693318392 -0.0022788432901038385 -0.0010659197479195184 0.002276315264810612 0.9999929079150472 -0.0028385207574293247 0.0010725597490806602 0.002835478162617297 0.9999956642244391 -0.028971176558471257 0.0029707189498111575 -0.3383563733756745
FixedParameters: 0 0 0
#Transform 20
Transform: MatrixOffsetTransformBase_double_3_3
Parameters: 0.9999987538992116 -0.0017109537332504821 -0.0005643199049346452 0.001710452655546615 0.9999977205749112 -0.0011930475134461493 0.0005663305805297521 0.0011919525270015635 0.9999991892083139 -0.03261408416446443 0.016172493777034447 -0.2435274201818345
FixedParameters: 0 0 0
#Transform 21
Transform: MatrixOffsetTransformBase_double_3_3
Parameters: 0.9999958086694825 -0.002353722675648497 -0.0016284938612576006 0.0023473701886086804 0.9999897448703191 -0.0038779353519846765 0.0016372158748195753 0.00387406459993965 0.9999910168729774 -0.02175638458315632 0.0370249292548408 -0.46481602811446976
FixedParameters: 0 0 0
#Transform 22
Transform: MatrixOffsetTransformBase_double_3_3
Parameters: 0.9999977866082906 -0.002068879547174921 -0.0009656617947327613 0.002067795902891779 0.999996690250002 -0.0014760869696565648 0.0009686218816190009 0.0014739141917412824 0.999998745098495 -0.01390407754868761 -0.014694195578258018 -0.2341693232837514
FixedParameters: 0 0 0
#Transform 23
Transform: MatrixOffsetTransformBase_double_3_3
Parameters: 0.9999953260878269 -0.0021749029832729334 -0.0019861357969461393 0.0021677072537403612 0.9999911741405498 -0.0036643446644325367 0.0019934612065641527 0.0036596587266382458 0.9999913312987903 0.00537523206932633 0.014629245196289276 -0.5105980999234276
FixedParameters: 0 0 0
#Transform 24
Transform: MatrixOffsetTransformBase_double_3_3
Parameters: 0.9999964403959959 -0.002309200799181093 -0.001492437407013405 0.0023041595856223393 0.9999907630433742 -0.0034855404339271673 0.001500080760553209 0.003481454353969654 0.9999924077073603 -0.006550496952627327 -0.02934462138874494 -0.37971250824261915
FixedParameters: 0 0 0
#Transform 25
Transform: MatrixOffsetTransformBase_double_3_3
Parameters: 0.9999951501774832 -0.0022453039259635777 -0.0019515562609332651 0.002240389233565034 0.9999941237153026 -0.0026754077203749865 0.00195711358064138 0.002670596165512018 0.9999947365366562 -0.03998178456772905 -0.009197322201075053 -0.3347948895937094
FixedParameters: 0 0 0
#Transform 26
Transform: MatrixOffsetTransformBase_double_3_3
Parameters: 0.999994553011136 -0.0025287714942270386 -0.0020126570148930926 0.002521035260209679 0.9999892042141271 -0.003976197575446594 0.002023073072390352 0.003970801927680498 0.9999897711875333 -0.02323721836505399 0.01706978959903438 -0.48402003466171095
FixedParameters: 0 0 0
#Transform 27
Transform: MatrixOffsetTransformBase_double_3_3
Parameters: 0.9999975467802183 -0.001917344601845015 -0.0013330947284582602 0.0019137286229001743 0.9999942298348719 -0.0027075752870134723 0.0013381777123101623 0.0027054246255972664 0.999995666614413 -0.02452650326250705 -0.005798935296809304 -0.17238928689464217
FixedParameters: 0 0 0
#Transform 28
Transform: MatrixOffsetTransformBase_double_3_3
Parameters: 0.9999959749687718 -0.002287666011904087 -0.0019477199699534462 0.0022807975900097956 0.9999915552329743 -0.0033974800381546683 0.0019547276380506716 0.003392520930779089 0.999992367563966 -0.034022918260930624 0.013193093324019856 -0.47181326937230494
FixedParameters: 0 0 0
#Transform 29
Transform: MatrixOffsetTransformBase_double_3_3
Parameters: 0.99999672026714 -0.002297546684277635 -0.0014144273851354298 0.0022921531356637093 0.9999905255984043 -0.0037994220793813732 0.001423429498656963 0.003795576790922725 0.9999913525044163 -0.049075993002631435 0.00504133075480695 -0.34210514394919755
FixedParameters: 0 0 0
#Transform 30
Transform: MatrixOffsetTransformBase_double_3_3
Parameters: 0.9999968551000805 -0.001992387858585466 -0.0014752612951687352 0.001990213945130877 0.9999974698256846 -0.0013370320181255585 0.0014774385503560604 0.0013339690279475236 0.9999978181455892 -0.0401901801950828 0.01504706598041139 -0.28768564006904285
FixedParameters: 0 0 0
#Transform 31
Transform: MatrixOffsetTransformBase_double_3_3
Parameters: 0.9999948089048839 -0.0027398773678880602 -0.0019188847038147136 0.002733083445308478 0.9999886502156562 -0.003905369878743334 0.0019295964054864003 0.003899632773683173 0.9999906994651631 -0.01786539458313996 0.02431581425535967 -0.5070273896842821
FixedParameters: 0 0 0
#Transform 32
Transform: MatrixOffsetTransformBase_double_3_3
Parameters: 0.9999961120423203 -0.0024072021284922093 -0.0010458762575130303 0.0024037339971182303 0.9999917566735134 -0.0032676912896170973 0.0010533138456333153 0.0032653089337947583 0.9999940152297278 -0.049474883831706506 -0.03648653164378857 -0.24722374106183054
FixedParameters: 0 0 0
#Transform 33
Transform: MatrixOffsetTransformBase_double_3_3
Parameters: 0.9999963724548236 -0.0019738897497814704 -0.0016531413296402184 0.001968515424008109 0.9999933835457178 -0.002994280216957898 0.0016585810120341906 0.002990718384959387 0.9999940787310075 0.006147466048403771 -0.01483559931716627 -0.5251178872457416
FixedParameters: 0 0 0
#Transform 34
Transform: MatrixOffsetTransformBase_double_3_3
Parameters: 0.9999969347637929 -0.002173992330761352 -0.0011572214153872534 0.0021694016186573377 0.9999905623138831 -0.003865688726850003 0.0011656541634363937 0.00386331132167049 0.9999915035726988 -0.03016439300418483 -0.012198738209860949 -0.3500014788727981
FixedParameters: 0 0 0
#Transform 35
Transform: MatrixOffsetTransformBase_double_3_3
Parameters: 0.9999972766480721 -0.001977116161868751 -0.0013468398174957276 0.00197340147614476 0.9999929804014148 -0.0030576828459905753 0.0013525566076710304 0.00305531709513579 0.999994611792186 -0.02730871325078965 -0.029808321776684465 -0.41763027042378553
FixedParameters: 0 0 0
#Transform 36
Transform: MatrixOffsetTransformBase_double_3_3
Parameters: 0.9999974996740592 -0.002203731652209868 -0.0008012088747439188 0.002200627945943634 0.9999871652860215 -0.004596937161779779 0.0008121018820483792 0.004595062788332896 0.9999890876750426 -0.01160429863948309 0.024499158120633524 -0.5166214012547243
FixedParameters: 0 0 0
#Transform 37
Transform: MatrixOffsetTransformBase_double_3_3
Parameters: 0.9999974731499608 -0.002191905504107964 -0.0008498277732035121 0.0021902102281999613 0.9999953870278327 -0.001989953367708408 0.0008544051167997373 0.0019880472670049804 0.9999981738603725 -0.019491800959016814 -0.03604748805851443 -0.26286016088148756
FixedParameters: 0 0 0
#Transform 38
Transform: MatrixOffsetTransformBase_double_3_3
Parameters: 0.9999949070051708 -0.001947733568579641 -0.0025096923778543316 0.0019400229298043952 0.9999932473675551 -0.003049756194455411 0.002515952670101874 0.003044240998577377 0.9999920911384743 -0.022282470883894234 -0.01301530836158804 -0.4871757869291429
FixedParameters: 0 0 0
#Transform 39
Transform: MatrixOffsetTransformBase_double_3_3
Parameters: 0.9999957613734627 -0.00251725915493663 -0.001378724322726459 0.0025114898322878944 0.9999871876218842 -0.004335578184538502 0.0013900223632946137 0.004332421968082714 0.999990006385361 -0.03902758893686098 -0.009402986413945769 -0.4193007916799587
FixedParameters: 0 0 0
#Transform 40
Transform: MatrixOffsetTransformBase_double_3_3
Parameters: 0.9999972818436703 -0.0020959941865573714 -0.000570811164829664 0.0020946544689703656 0.9999965830435481 -0.0017793614746129671 0.0005742026173947707 0.0017786407396660209 0.9999983691018379 -0.03982723177378489 0.016248170037655996 -0.20780363831224236
FixedParameters: 0 0 0
#Transform 41
Transform: MatrixOffsetTransformBase_double_3_3
Parameters: 0.9999963580968306 -0.0025424974552007164 -0.001084822233577886 0.0025382719880407715 0.9999894282132819 -0.003916938256614891 0.0010953665376722374 0.003914066911769043 0.9999922674070626 -0.030473111248866758 0.01677237171658419 -0.5417432958179944
FixedParameters: 0 0 0
#Transform 42
Transform: MatrixOffsetTransformBase_double_3_3
Parameters: 0.9999959756005051 -0.0026318410108592625 -0.00104885956982467 0.002626991879783566 0.9999895670617703 -0.0038390129169553755 0.0010587686769639058 0.0038359887169685525 0.9999919555526421 -0.05327638940212864 -0.031954564996837576 -0.37870944271048756
FixedParameters: 0 0 0
#Transform 43
Transform: MatrixOffsetTransformBase_double_3_3
Parameters: 0.9999975916071536 -0.0020580273649097925 -0.0010833734479345001 0.002054463402994148 0.9999925284774102 -0.0032353255930303304 0.0010893951279303906 0.0032336745712119863 0.9999941390657935 -0.03433450649974645 -0.005482379400476134 -0.3063667380617545
FixedParameters: 0 0 0
#Transform 44
Transform: MatrixOffsetTransformBase_double_3_3
Parameters: 0.9999972596106669 -0.002325256304931846 -0.0005768613236297425 0.0023230879327224264 0.9999867415933592 -0.00458251464636486 0.0005868912142413212 0.004581488319773688 0.9999895282751434 -0.0022166275163897353 0.023244859260785233 -0.5011433514137877
FixedParameters: 0 0 0
#Transform 45
Transform: MatrixOffsetTransformBase_double_3_3
Parameters: 0.999998221739531 -0.0019401111657099202 -0.00012261228919410483 0.0019394641132701453 0.9999964226195196 -0.0016963948615286856 0.00012620243371026733 0.0016966019003944038 0.9999980428918404 -0.02355750568193571 0.0070273663909006245 -0.18315210870976273
FixedParameters: 0 0 0
#Transform 46
Transform: MatrixOffsetTransformBase_double_3_3
Parameters: 0.9999973579528099 -0.0021755354579125943 -0.0009531653480834739 0.002172240526637895 0.9999910283729552 -0.0035311710888314557 0.0009612350212223069 0.00352982611795917 0.9999934006167606 -0.006160064929758846 0.004360716902539252 -0.543512101595411
FixedParameters: 0 0 0
#Transform 47
Transform: MatrixOffsetTransformBase_double_3_3
Parameters: 0.9999960357175236 -0.002151744114157387 -0.0018259588199354257 0.0021457073755448432 0.9999920265543596 -0.003415955297672024 0.0018331252375089822 0.003412047923765496 0.9999926982458937 -0.013510432622084068 -0.015344322878988237 -0.3489112735026936
FixedParameters: 0 0 0
#Transform 48
Transform: MatrixOffsetTransformBase_double_3_3
Parameters: 0.9999976823261884 -0.0019935800079522907 -0.0011593734666949425 0.001990797308396831 0.9999948521533547 -0.002325330979050813 0.0011634243055982918 0.0023236697910880705 0.9999970235420484 -0.027643444636751724 -0.017677961330292646 -0.28513431975082426
FixedParameters: 0 0 0
#Transform 49
Transform: MatrixOffsetTransformBase_double_3_3
Parameters: 0.9999964373959511 -0.0024093531677408103 -0.00132566177667084 0.002403759430984835 0.9999887245606212 -0.004097301123803354 0.0013359518609442104 0.004094701260551781 0.999991158189705 -0.009024553210650765 -0.00960656171480423 -0.5652934178802838
FixedParameters: 0 0 0
#Transform 50
Transform: MatrixOffsetTransformBase_double_3_3
Parameters: 0.9999974094962214 -0.002245211760184484 -0.0007416625041043526 0.0022438856710821583 0.9999960331737743 -0.0014128221995668433 0.0007449323326683312 0.0014101751430847242 0.9999983916548979 -0.030510343509405402 0.0029091869002400017 -0.27188939633501263
FixedParameters: 0 0 0
#Transform 51
Transform: MatrixOffsetTransformBase_double_3_3
Parameters: 0.9999963130856093 -0.002070280035591567 -0.0015489179369783516 0.0020652180460726376 0.9999911900135773 -0.003710302532639445 0.001556749358442538 0.0037066974961914717 0.9999916169869615 -0.01061407572757389 0.00402140225411074 -0.5681574906883071
FixedParameters: 0 0 0
#Transform 52
Transform: MatrixOffsetTransformBase_double_3_3
Parameters: 0.9999974574761511 -0.0020962472622010632 -0.0010712629066025035 0.002092742808840427 0.99999202475721 -0.003277335319868832 0.0010787030606638189 0.0032746601880321857 0.9999939682945431 -0.04644893521275151 -0.015291273986804299 -0.34979675662128784
FixedParameters: 0 0 0
#Transform 53
Transform: MatrixOffsetTransformBase_double_3_3
Parameters: 0.9999986278607433 -0.0018016260881759311 -0.0003577368709765556 0.0017995766588831282 0.9999925887794082 -0.0034978051117934145 0.00036327683751137465 0.003497196537385408 0.9999935739676927 -0.001729730618635017 -0.025866963625446715 -0.4691844151291633
FixedParameters: 0 0 0
#Transform 54
Transform: MatrixOffsetTransformBase_double_3_3
Parameters: 0.9999973290835464 -0.0019882141372017264 -0.0008474844066693498 0.0019846500126182408 0.9999895269835695 -0.0040837774804359794 0.0008554282964843892 0.004082222723653439 0.9999914601431976 -0.006380821049518204 0.004092623595923328 -0.4788565435097354
FixedParameters: 0 0 0
#Transform 55
Transform: MatrixOffsetTransformBase_double_3_3
Parameters: 0.9999975949290215 -0.0021856822425164123 -0.0007927198893207681 0.0021838262802764846 0.9999955865119737 -0.002186898983547389 0.0007971357666627525 0.00218510397741703 0.9999974511943125 -0.03160806210595979 -0.016334857810392123 -0.30466628157842024
FixedParameters: 0 0 0
#Transform 56
Transform: MatrixOffsetTransformBase_double_3_3
Parameters: 0.9999970934193624 -0.002055770901257774 -0.0008247926038874799 0.002052153585807368 0.999989077215772 -0.0042248624947576335 0.0008338671743538669 0.004223134094906711 0.9999903316630192 0.0037972561826080664 0.006345081563040367 -0.6035236649440492
FixedParameters: 0 0 0
#Transform 57
Transform: MatrixOffsetTransformBase_double_3_3
Parameters: 0.9999970267772947 -0.0024287783559142615 -0.0002712116172475632 0.0024281619355436363 0.9999907875341925 -0.0035178977105625314 0.00027917134538586123 0.0035171012717495342 0.9999934935207793 -0.014842752922490376 -0.020258233859152597 -0.24155911826868248
FixedParameters: 0 0 0
#Transform 58
Transform: MatrixOffsetTransformBase_double_3_3
Parameters: 0.999997240280137 -0.0019941769128657074 -0.0008852001094550181 0.0019903692067074043 0.999989796423054 -0.004047858496299142 0.0008930482527561431 0.0040461437025876845 0.9999916872570136 -0.01905479836403856 -0.014105903965713651 -0.36778292029261195
FixedParameters: 0 0 0
#Transform 59
Transform: MatrixOffsetTransformBase_double_3_3
Parameters: 0.9999964723264047 -0.0025986094201419954 -0.0008790271999380121 0.0025948400763931225 0.9999844193978296 -0.0049985366203607745 0.0008925629779419898 0.004995465165758495 0.9999871124962283 -0.012906022692732222 0.01567401975378857 -0.4470053369324489
FixedParameters: 0 0 0
#Transform 60
Transform: MatrixOffsetTransformBase_double_3_3
Parameters: 0.9999972435668252 -0.002133648350855551 -0.00045106998390798505 0.0021324917601590774 0.9999936777149921 -0.002973126465499229 0.0004576180573657138 0.0029718778527449835 0.9999958942666541 -0.020890118817249004 0.0021429772227321564 -0.22232690176933545
FixedParameters: 0 0 0
#Transform 61
Transform: MatrixOffsetTransformBase_double_3_3
Parameters: 0.9999951282846565 -0.0024116920206822827 -0.002013674910110249 0.002402654326976543 0.9999871351647381 -0.0045238914017989434 0.002024721499139025 0.004519114000091709 0.9999881048613012 -0.0196038156235403 0.028464183948671007 -0.5477257155583857
FixedParameters: 0 0 0
#Transform 62
Transform: MatrixOffsetTransformBase_double_3_3
Parameters: 0.9999976684031211 -0.0022963355566455335 -0.0002439803339513144 0.002294865333024583 0.9999906767197354 -0.003756800676184391 0.0002531747930990506 0.003756199553883788 0.9999927689608825 -0.017250527539374616 -0.008216974827234935 -0.2088450551758143
FixedParameters: 0 0 0
#Transform 63
Transform: MatrixOffsetTransformBase_double_3_3
Parameters: 0.9999970903590409 -0.0018449059877137677 -0.0012268024998789483 0.0018400339202766821 0.9999892188584074 -0.004197284250701233 0.0012348362679410973 0.004195715003985814 0.9999906500811214 0.0007371655423327184 0.004177276033132671 -0.44146868877679424
FixedParameters: 0 0 0
#Transform 64
Transform: MatrixOffsetTransformBase_double_3_3
Parameters: 0.9999960361866642 -0.0023773590877437206 -0.0015209201724616507 0.002369889194458814 0.9999875170009614 -0.004489723470886511 0.0015317292653392487 0.004486283073718705 0.9999892345856716 -0.02027210648827804 -0.008047371615845123 -0.38847181932247565
FixedParameters: 0 0 0
#Transform 65
Transform: MatrixOffsetTransformBase_double_3_3
Parameters: 0.9999974948991703 -0.0020480852638580663 -0.0005580668726685301 0.002045654952450416 0.999991893752382 -0.003472309143897831 0.0005651501344818864 0.003471688499933401 0.9999934914873364 -0.015751010643612062 -0.014177933998126946 -0.3928298896107947
FixedParameters: 0 0 0
#Transform 66
Transform: MatrixOffsetTransformBase_double_3_3
Parameters: 0.9999973675055053 -0.0023446469937705673 -0.00036633573048468 0.0023433050926571684 0.9999862992264319 -0.004719101267729328 0.0003772619988888468 0.004717898438326179 0.9999885394855271 -0.0009750716350538369 0.03798098061511723 -0.5320223877624386
FixedParameters: 0 0 0
#Transform 67
Transform: MatrixOffsetTransformBase_double_3_3
Parameters: 0.9999962337968341 -0.0024611337189494147 -0.000842465409975445 0.0024577263827490485 0.9999897646520889 -0.003924325867120826 0.0008514928863763592 0.003922677341253164 0.9999916812573442 -0.03571291740884419 -0.01235404309213095 -0.27722185125065835
FixedParameters: 0 0 0
#Transform 68
Transform: MatrixOffsetTransformBase_double_3_3
Parameters: 0.9999957681236682 -0.002655687674581493 -0.0014755842025078946 0.002649447903025165 0.9999858357484959 -0.004521027433640287 0.0014879894160973002 0.004516971795050936 0.999989089354083 -0.009086568789214766 0.029396080058319285 -0.5250254421059708
FixedParameters: 0 0 0
#Transform 69
Transform: MatrixOffsetTransformBase_double_3_3
Parameters: 0.9999971597243646 -0.002185593356463936 -0.0002534421989578424 0.002184302237610153 0.9999915553934462 -0.003425716512006738 0.0002613560592884057 0.0034252813879600136 0.999994136140239 -0.0026343417523406742 -0.002957382601934455 -0.19284945031049006
FixedParameters: 0 0 0
#Transform 70
Transform: MatrixOffsetTransformBase_double_3_3
Parameters: 0.9999978620784983 -0.0019997341143156103 -0.000373172817657623 0.0019980805972893366 0.9999897421382592 -0.004040907549923908 0.00038119862189202384 0.00404008931338927 0.9999914685054665 0.0042292374486834206 0.008206832040926315 -0.4587576233005848
FixedParameters: 0 0 0
#Transform 71
Transform: MatrixOffsetTransformBase_double_3_3
Parameters: 0.9999974915263485 -0.002248479986147359 -0.0006726702271307977 0.0022457575908467354 0.9999877285816646 -0.0044006830475337155 0.0006821732144931197 0.00439931698486265 0.9999900427037702 0.004240849447072037 0.01344686081338864 -0.4433617002478343
FixedParameters: 0 0 0
#Transform 72
Transform: MatrixOffsetTransformBase_double_3_3
Parameters: 0.9999971463453807 -0.0021672831998434195 -0.0003944889573718008 0.002166542805787112 0.9999931885988363 -0.0028730204711624463 0.000400807003734797 0.0028729755753763297 0.9999954494461891 -0.01256242838277899 0.015752408261249684 -0.17472075836585077
FixedParameters: 0 0 0
#Transform 73
Transform: MatrixOffsetTransformBase_double_3_3
Parameters: 0.9999977508732351 -0.0016944767416722866 -0.0011743034361407834 0.0016886940206842194 0.9999893772069831 -0.004349078158437547 0.0011816583504941705 0.004346920804420423 0.999989563244043 0.025059250055107896 0.022018424333310804 -0.5770501274942603
FixedParameters: 0 0 0
#Transform 74
Transform: MatrixOffsetTransformBase_double_3_3
Parameters: 0.9999957654990408 -0.002715482863968266 -0.0009281357450653124 0.0027117314390390427 0.9999898148605191 -0.00374677664486614 0.0009381917164162684 0.003744229805366206 0.9999928929180625 -0.016070550069613887 0.012643986482302694 -0.37876440140256307
FixedParameters: 0 0 0
#Transform 75
Transform: MatrixOffsetTransformBase_double_3_3
Parameters: 0.9999971437713421 -0.002072941775880973 -0.0007479547959661682 0.0020703816161553625 0.9999925792905277 -0.003346713103145063 0.000754611103316355 0.0033442899693641864 0.9999941796405223 -0.011942514565461693 0.007903477759626298 -0.352955680158189
FixedParameters: 0 0 0
#Transform 76
Transform: MatrixOffsetTransformBase_double_3_3
Parameters: 0.9999953257405332 -0.0026181512925186317 -0.0013486973498459016 0.0026126442618900104 0.9999869057055737 -0.004307710587670335 0.0013597274086946751 0.004304282889005889 0.9999893365390143 -0.021132121126740344 0.031542033763770405 -0.49898501904590375
FixedParameters: 0 0 0
#Transform 77
Transform: MatrixOffsetTransformBase_double_3_3
Parameters: 0.9999975410055579 -0.002109419291075619 -0.00010325511269129064 0.002108446268806691 0.9999937562643586 -0.002803378863558123 0.00011009400324808032 0.002803618610887154 0.9999960654754334 0.0059118119085894705 0.007375493050872706 -0.2311614998266549
FixedParameters: 0 0 0
#Transform 78
Transform: MatrixOffsetTransformBase_double_3_3
Parameters: 0.9999970263470956 -0.0018999914467187065 -0.0011678306567486504 0.0018953673992101927 0.9999905823850653 -0.0038783127216309027 0.0011751920365823336 0.00387668312965965 0.9999913738153282 0.02215628184106322 0.021064713629513676 -0.5660995365021506
FixedParameters: 0 0 0
#Transform 79
Transform: MatrixOffsetTransformBase_double_3_3
Parameters: 0.9999977036991502 -0.0019714643306314727 -0.000639844467805057 0.001969136977442117 0.999991309443076 -0.003725423024251606 0.000647316065030945 0.003723576608352583 0.9999926503311506 0.00597156295214063 -0.0097859771340012 -0.2974535409986174
FixedParameters: 0 0 0
#Transform 80
Transform: MatrixOffsetTransformBase_double_3_3
Parameters: 0.999998365972911 -0.0018307659416847487 -0.0005307155650864761 0.0018287310964470748 0.9999890095724039 -0.004209056346327358 0.0005389114030886178 0.004207938413853654 0.9999909332892203 0.022194286461939328 -0.007137007142418383 -0.5083772821768662
FixedParameters: 0 0 0
#Transform 81
Transform: MatrixOffsetTransformBase_double_3_3
Parameters: 0.9999974159425808 -0.0023098712371472864 -0.000500785593273354 0.0023069057934247644 0.9999883833319365 -0.00416632145418247 0.0005098950664477649 0.004164678083792908 0.9999913296332505 0.011334528981279846 0.0067371696361533395 -0.35102198514942984
FixedParameters: 0 0 0
#Transform 82
Transform: MatrixOffsetTransformBase_double_3_3
Parameters: 0.9999976833457542 -0.002157740149663036 -0.0008126420764483411 0.002155706367666033 0.9999936187633932 -0.0028059185772949663 0.0008185332739045493 0.002804079018529443 0.9999953284873007 -0.02285644805016318 0.03966645362955035 -0.26011604862934234
FixedParameters: 0 0 0
#Transform 83
Transform: MatrixOffsetTransformBase_double_3_3
Parameters: 0.9999979729603097 -0.002165337239054174 -0.0005808288658451382 0.0021627773078470355 0.9999849376850407 -0.004945349208430011 0.0005919576169884723 0.004943650441334199 0.9999881387565792 0.002059854070537881 0.03263917487119272 -0.4568131652944345
FixedParameters: 0 0 0
#Transform 84
Transform: MatrixOffsetTransformBase_double_3_3
Parameters: 0.9999987275950919 -0.001795512016875773 -0.00022033940196311623 0.0017949658396935596 0.9999949529742449 -0.002625481420374054 0.0002247053132152133 0.002625521682683679 0.9999969880773378 0.006208863254556718 0.00866416388316793 -0.21421551824418827
FixedParameters: 0 0 0
#Transform 85
Transform: MatrixOffsetTransformBase_double_3_3
Parameters: 0.9999978220675195 -0.002038575083938557 -0.00015235370845505407 0.002037392234238699 0.9999880605603451 -0.004565550169899707 0.00016091580548021394 0.004565451882568974 0.9999890736570983 0.013091006141422667 0.02686574894171656 -0.5163489308160933
FixedParameters: 0 0 0
#Transform 86
Transform: MatrixOffsetTransformBase_double_3_3
Parameters: 0.9999965765121912 -0.002448349060236841 -0.0006559798375688659 0.002445456902410183 0.9999890420605525 -0.0038877761879346634 0.0006648053659197968 0.0038862227826858414 0.9999923167551084 -0.029264229961029287 0.026345819981258956 -0.35694882760458313
FixedParameters: 0 0 0
#Transform 87
Transform: MatrixOffsetTransformBase_double_3_3
Parameters: 0.9999976206416744 -0.0019740670857903205 -0.0006952909832477436 0.0019708703797893913 0.9999902715356522 -0.003997539195996713 0.000702856549586642 0.003996459825562973 0.9999913969295212 -0.018650311850279877 -0.003352721696941785 -0.39622069350392053
FixedParameters: 0 0 0
#Transform 88
Transform: MatrixOffsetTransformBase_double_3_3
Parameters: 0.9999966980682704 -0.0025489235187238185 -0.0008981952662212477 0.002543995661828566 0.999984290149157 -0.0049444690122132234 0.0009100339906370178 0.00494253159929621 0.999987531143781 -0.007838606211521437 0.022153718365416353 -0.45125408133657174
FixedParameters: 0 0 0
#Transform 89
Transform: MatrixOffsetTransformBase_double_3_3
Parameters: 0.9999986384072975 -0.0018292443440306489 -0.00012336996412540952 0.0018289816323414417 0.9999933453625186 -0.003209380637914455 0.00012905115097354303 0.0032086198626506274 0.9999946976109307 -0.017284376097876475 0.01063227127494315 -0.15530740776998186
FixedParameters: 0 0 0
#Transform 90
Transform: MatrixOffsetTransformBase_double_3_3
Parameters: 0.9999974965211308 -0.002083934824361007 -0.0004009032086283597 0.002081742124662921 0.9999829742232895 -0.005362926994357614 0.0004120478637026754 0.005362072961808309 0.9999860090077379 -0.002230485075415345 0.03479940025310668 -0.5179322352137774
FixedParameters: 0 0 0
#Transform 91
Transform: MatrixOffsetTransformBase_double_3_3
Parameters: 0.9999976292675966 -0.002098323281307514 -0.0009842994502039138 0.00209372800802218 0.9999894450184683 -0.0040391577467805695 0.0009929496412592882 0.004036841339713368 0.9999915731881143 -0.0120323441571486 -0.00031414377583871556 -0.2748409547425439
FixedParameters: 0 0 0
#Transform 92
Transform: MatrixOffsetTransformBase_double_3_3
Parameters: 0.9999977190970966 -0.0021855763624428473 -0.0007104845192821754 0.0021828290918491948 0.999991350677657 -0.0035987170245815187 0.0007179975018835927 0.003596286605158594 0.9999934842762969 -0.029157983428277134 0.02455729768384174 -0.15916690624010243
FixedParameters: 0 0 0
#Transform 93
Transform: MatrixOffsetTransformBase_double_3_3
Parameters: 0.9999973500693045 -0.0022905055788108313 -0.0006356870206813835 0.002287453407380464 0.9999883426219085 -0.004190625122115502 0.0006456691675973214 0.0041893705525321845 0.9999908950618877 0.005515586730794553 0.06363962132199674 -0.4909245981612287
FixedParameters: 0 0 0
#Transform 94
Transform: MatrixOffsetTransformBase_double_3_3
Parameters: 0.999997763727833 -0.0020574515780529042 0.00006187730261938354 0.0020572957184532394 0.999992952745367 -0.0031310291117072897 -0.00005597428816244677 0.0031309725091518 0.99999520458659 0.009696725803323147 0.04101773208698489 -0.16345881341989354
FixedParameters: 0 0 0
#Transform 95
Transform: MatrixOffsetTransformBase_double_3_3
Parameters: 0.9999971293720602 -0.0022064943440979643 0.000030381481125128974 0.0022070970469967705 0.9999899446130075 -0.004021168631415217 -0.000020686798444033832 0.004020832729691434 0.9999918477016007 0.016493251601474412 0.04790207540411018 -0.5090400935902011
FixedParameters: 0 0 0
#Transform 96
Transform: MatrixOffsetTransformBase_double_3_3
Parameters: 0.9999977026993517 -0.0020608097801586346 0.00022326493972411198 0.0020619278560232877 0.9999903808340177 -0.003918699527520497 -0.0002150853370338029 0.003919304069225957 0.9999926045784128 0.021592782610852623 0.04869810471213043 -0.3065323269083535
FixedParameters: 0 0 0
#Transform 97
Transform: MatrixOffsetTransformBase_double_3_3
Parameters: 0.9999978217582067 -0.0020436137030541007 -0.000031083435451786825 0.0020439688553243215 0.9999937573806795 -0.002838218589550884 0.00003662593210732976 0.0028377811387296226 0.9999959558411128 0.001177201220869506 0.06031351927431672 -0.13869229604893007
FixedParameters: 0 0 0
#Transform 98
Transform: MatrixOffsetTransformBase_double_3_3
Parameters: 0.9999979945302583 -0.00160512886934059 -0.0006544188338261056 0.0016025862602660809 0.9999886710811802 -0.004564139073029258 0.0006617771186801669 0.004562867297220649 0.9999896721073563 0.025878247352991934 0.05327296831326578 -0.5209217782294076
FixedParameters: 0 0 0
#Transform 99
Transform: MatrixOffsetTransformBase_double_3_3
Parameters: 0.9999974292895165 -0.0023596244386983522 -0.00005363978002047187 0.002359396157759477 0.9999887448241691 -0.004083360368195399 0.00006286080106370489 0.004082636880190574 0.9999913425134337 0.0031982483648249627 0.025666896114529436 -0.1743946611283178
FixedParameters: 0 0 0
#Transform 100
Transform: MatrixOffsetTransformBase_double_3_3
Parameters: 0.9999977907691859 -0.002029766015955092 -0.0002981577921396661 0.0020289011669576947 0.9999909239519065 -0.00374476749722992 0.0003052280913217967 0.0037442327120065094 0.9999928241281938 0.02157201812674714 0.04126653275088188 -0.5239442189764105
FixedParameters: 0 0 0
#Transform 101
Transform: MatrixOffsetTransformBase_double_3_3
Parameters: 0.9999975374468604 -0.0022067357926619717 -0.0007712907868916236 0.0022029519268145373 0.9999898004820255 -0.003934869822798767 0.0007794389708410843 0.003933129133250848 0.9999917840948721 -0.012677183700432693 0.028668911347921266 -0.3666034429708276
FixedParameters: 0 0 0
#Transform 102
Transform: MatrixOffsetTransformBase_double_3_3
Parameters: 0.9999970718849479 -0.00182789182119819 -0.001608458601427078 0.0018229920965068525 0.9999941806544371 -0.00295295878097096 0.001613873399127564 0.002950042853060525 0.9999944684574776 0.0060637007625956585 0.021253695522531757 -0.32392731632887717
FixedParameters: 0 0 0
#Transform 103
Transform: MatrixOffsetTransformBase_double_3_3
Parameters: 0.9999976587149826 -0.0017672255201789358 -0.0011030802904927167 0.0017627514071998833 0.9999879189681937 -0.004485964152509972 0.0011114821662029511 0.004484032969515911 0.9999895090639398 0.025975588304788744 0.04111022043237256 -0.41748552402555106
FixedParameters: 0 0 0
#Transform 104
Transform: MatrixOffsetTransformBase_double_3_3
Parameters: 0.9999979659207159 -0.0020062644570946237 -0.00009194266289538886 0.002006251352838695 0.9999933093353877 -0.002954343370210624 0.00009773957816784031 0.0029546525082004838 0.9999951984017098 0.01287805242343154 0.029761176580493043 -0.1420196409096519
FixedParameters: 0 0 0
#Transform 105
Transform: MatrixOffsetTransformBase_double_3_3
Parameters: 0.9999971929096461 -0.0023932012048228134 -0.0002829895122625725 0.0023915921069184026 0.9999852180607707 -0.0048088457901806075 0.0002948783597645777 0.004808152981312208 0.9999887311760689 0.022353317395868544 0.06359355396607214 -0.5200722849721018
FixedParameters: 0 0 0
#Transform 106
Transform: MatrixOffsetTransformBase_double_3_3
Parameters: 0.9999973331549136 -0.0021282986428421123 -0.0003718719470583447 0.0021268433271338506 0.999994389313984 -0.002673953695800771 0.0003771900075489241 0.0026730496962344558 0.9999966485851698 -0.005493719832443844 0.04829252648774229 -0.28576995600876387
FixedParameters: 0 0 0
#Transform 107
Transform: MatrixOffsetTransformBase_double_3_3
Parameters: 0.9999979457172338 -0.0019275355493697129 -0.0005816765460249798 0.0019259924963635603 0.9999926677546919 -0.003429288769412106 0.0005876851026496701 0.0034287141263565635 0.9999937617780001 0.019673964389752996 0.04235786976636291 -0.44167769238421783
FixedParameters: 0 0 0
#Transform 108
Transform: MatrixOffsetTransformBase_double_3_3
Parameters: 0.9999972722153586 -0.002103983947878362 -0.0005482118808838477 0.0021017612597926238 0.9999893021470945 -0.004173323779086371 0.0005575601333276796 0.004172676916357587 0.9999911420146222 0.01791942008026126 0.04556639829885967 -0.44697644999078534
FixedParameters: 0 0 0
#Transform 109
Transform: MatrixOffsetTransformBase_double_3_3
Parameters: 0.9999982683180783 -0.0016152869016292717 -0.00035115788460977166 0.0016138034016438658 0.9999945131286481 -0.0029796477986851477 0.0003557164654193638 0.0029783569808670973 0.9999960062421386 0.01911383949979495 0.04288265033719085 -0.31736193947342883
FixedParameters: 0 0 0
#Transform 110
Transform: MatrixOffsetTransformBase_double_3_3
Parameters: 0.9999981054013367 -0.001674933051250933 -0.0010443274763128646 0.0016687240249980038 0.9999858259843599 -0.005052836166801786 0.0010528673707989268 0.005051157969938394 0.9999862336633965 0.053170157024325704 0.053902555175611155 -0.5145030963943782
FixedParameters: 0 0 0
#Transform 111
Transform: MatrixOffsetTransformBase_double_3_3
Parameters: 0.9999979576788334 -0.0020077564759102486 0.00010729551619026865 0.002007973463306687 0.9999926466514345 -0.0032109395113915917 -0.0001003840797650286 0.0032110574384362767 0.9999946899212592 0.011273578333430123 0.0320652762525242 -0.16086460929142277
FixedParameters: 0 0 0
#Transform 112
Transform: MatrixOffsetTransformBase_double_3_3
Parameters: 0.9999983028454973 -0.001632381687023128 -0.00101622044591198 0.0016286245600923455 0.9999902338607383 -0.004032673311109555 0.0010220136874261666 0.004031327468755216 0.9999915547715786 0.04921400521928376 0.03936440053097101 -0.5260036864572868
FixedParameters: 0 0 0
#Transform 113
Transform: MatrixOffsetTransformBase_double_3_3
Parameters: 0.9999977404809293 -0.0020107729460302117 -0.00046550651868797384 0.0020088886678726894 0.9999912525863932 -0.003575023484928719 0.00047274460314918575 0.003573976975248555 0.9999939336838425 -0.0013020293082490753 0.04718869395193792 -0.18349541285952853
FixedParameters: 0 0 0
#Transform 114
Transform: MatrixOffsetTransformBase_double_3_3
