#Insight Transform File V1.0
#Transform 0
Transform: MatrixOffsetTransformBase_double_3_3
Parameters: 0.9999986279333357 -0.0012336109632052053 -0.0009221006377245996 0.0012336100364849724 0.999999552971865 -0.0000011431359823455 0.0009221018667776393 -1.431363530618457e-7 1.000000074961296 -0.012434971280598006 0.028596420281417068 -0.4237658002974598
FixedParameters: 0 0 0
#Transform 1
Transform: MatrixOffsetTransformBase_double_3_3
Parameters: 0.9999983075174209 -0.0018617344950536052 -0.0004752539641567399 0.0018604664407906508 0.9999934940551289 -0.00301897028316582 0.00048135357534664236 0.003018029159974109 0.999995590721236 0.026780223548911408 0.04095586731433798 -0.4473397282468028
FixedParameters: 0 0 0
#Transform 2
Transform: MatrixOffsetTransformBase_double_3_3
Parameters: 0.9999984226269042 -0.0013639716488565475 -0.0008472896689024668 0.0013628158981792706 0.9999988095139004 -0.0006381613381895301 0.0008480308073716863 0.0006368387034941525 0.9999998002999365 -0.025736345323082332 -0.004400460577002718 -0.37134758569443704
FixedParameters: 0 0 0
#Transform 3
Transform: MatrixOffsetTransformBase_double_3_3
Parameters: 0.9999985031963023 -0.0015568550471904668 -0.00026881752759866763 0.0015565561662108523 0.9999930823472882 -0.0034005037019617795 0.00027327164333349466 0.0034004990533114954 0.9999942939578961 0.020897800127158916 0.052844006833908 -0.4929667780810689
FixedParameters: 0 0 0
#Transform 4
Transform: MatrixOffsetTransformBase_double_3_3
Parameters: 1.000000091062707 -0.0007727456540315558 -0.000557739886808644 0.0007723763849259824 0.9999989074142148 -0.0012234314010302616 0.0005595545912778096 0.0012225682241538277 0.9999991921889592 -0.13129334889748634 0.01229827937835637 -0.32891228497815916
FixedParameters: 0 0 0
#Transform 5
Transform: MatrixOffsetTransformBase_double_3_3
Parameters: 0.9999979327790187 -0.0017509580852873056 0.000017649407907234554 0.0017515987951771067 0.9999936735834135 -0.00304204916310509 -0.000013052691224668618 0.0030419534008434973 0.9999957516026912 0.0165375207092211 0.0664438877598883 -0.5480212749412487
FixedParameters: 0 0 0
#Transform 6
Transform: MatrixOffsetTransformBase_double_3_3
Parameters: 0.9999987883423195 -0.0017268657777159545 -0.00047753623721588927 0.0017267411900688662 0.9999961846768357 -0.001975907138166824 0.00048121732889830446 0.0019750907813832624 0.9999977984552135 -0.025046107178624766 0.04373710767187333 -0.33545951340259705
FixedParameters: 0 0 0
#Transform 7
Transform: MatrixOffsetTransformBase_double_3_3
Parameters: 0.9999990934548196 -0.001369695432370591 -0.00017389083405191461 0.0013693786337728028 0.9999948012545476 -0.0028843148569119015 0.00017772661787616555 0.0028836837709362295 0.999995657249823 0.01305253432893494 0.05523796002003678 -0.5249911219639642
FixedParameters: 0 0 0
#Transform 8
Transform: MatrixOffsetTransformBase_double_3_3
Parameters: 0.999998178655933 -0.0018672060865901111 -0.000579288074408844 0.0018646836680722737 0.9999924050889796 -0.0034902417078618714 0.00058617747924761 0.0034887566920850377 0.9999934202548653 -0.018525611507683948 0.03444557586198016 -0.3943114730947741
FixedParameters: 0 0 0
#Transform 9
Transform: MatrixOffsetTransformBase_double_3_3
Parameters: 1.0000000845608987 -0.0006449056648347017 -0.0007070121692157558 0.0006428477247453628 0.9999959843459738 -0.0027574555992531252 0.0007084181807981 0.002756544238741998 0.9999958980848166 -0.1150265496102918 0.00886714661254473 -0.4271041119091592
FixedParameters: 0 0 0
#Transform 10
Transform: MatrixOffsetTransformBase_double_3_3
Parameters: 0.9999981963459892 -0.0016719842192900517 0.00009133063556628491 0.001672138904992594 0.9999925635997419 -0.003410926703984893 -0.00008590690605954999 0.003411073525771968 0.9999943628193887 0.01695256606500095 0.0631127747904543 -0.4916816492831657
FixedParameters: 0 0 0
#Transform 11
Transform: MatrixOffsetTransformBase_double_3_3
Parameters: 0.999999258058602 -0.0007047139053522123 0.0004951566739795803 0.0007061360537869986 0.9999967475444774 -0.0025986535863579963 -0.0004934092613134436 0.0025993509504975837 0.9999970008753273 -0.12007174462227965 0.034278566833251034 -0.25702383085157976
FixedParameters: 0 0 0
#Transform 12
Transform: MatrixOffsetTransformBase_double_3_3
Parameters: 0.9999978638963015 -0.0020327937116390925 -0.00005761650056242891 0.0020328341977506673 0.9999914307203104 -0.0035252722079062992 0.0000648926146553879 0.003524724102570237 0.9999935818363119 0.006515961617409971 0.06989643012627766 -0.5336112689908248
FixedParameters: 0 0 0
#Transform 13
Transform: MatrixOffsetTransformBase_double_3_3
Parameters: 0.9999998994896934 -0.0010139363169616392 -0.00027044092952692656 0.0010125255026888567 0.9999966680310967 -0.0023192808862916026 0.0002731469408193529 0.002319718864211978 0.9999974712813503 -0.11864816504360931 0.01033117530728589 -0.3361580257933241
FixedParameters: 0 0 0
#Transform 14
Transform: MatrixOffsetTransformBase_double_3_3
Parameters: 0.9999978286772645 -0.0020409061278560217 -0.00007323304104488285 0.0020410068349143787 0.9999932324431029 -0.002931303133578367 0.00007913906678644641 0.0029306930809479964 0.9999954146687683 -0.018507751351791057 0.0632663606483419 -0.5672811649420879
FixedParameters: 0 0 0
#Transform 15
Transform: MatrixOffsetTransformBase_double_3_3
Parameters: 0.9999978510031424 -0.002012759848516779 -0.00031158166813147767 0.0020118804038547575 0.999991156988473 -0.00372278999753968 0.00031943319938129174 0.003722209879307159 0.999992979877882 -0.02284583472966517 0.01461932535006838 -0.4246549823850643
FixedParameters: 0 0 0
#Transform 16
Transform: MatrixOffsetTransformBase_double_3_3
Parameters: 0.9999992974433398 -0.0006725705471806371 -0.0005006722278020968 0.0006713455209615551 0.999997271836473 -0.0020683355509242968 0.0005013820976278456 0.002067662214167723 0.9999974723529768 -0.11786542231975261 0.009718438552411612 -0.36217035310215806
FixedParameters: 0 0 0
#Transform 17
Transform: MatrixOffsetTransformBase_double_3_3
Parameters: 0.9999987552422374 -0.0017998771405726306 -0.00006814635655710163 0.0017999392658279033 0.9999921606169673 -0.003405202212292846 0.00007434567920714897 0.003404796208320751 0.9999944064947438 0.0114015831587011 0.06142746826662915 -0.5584215288570107
FixedParameters: 0 0 0
#Transform 18
Transform: MatrixOffsetTransformBase_double_3_3
Parameters: 0.9999980618925566 -0.002077306357820024 -0.0007896889775368121 0.0020751603842479116 0.9999951773854037 -0.0023778050955677726 0.0007944235214144237 0.0023761945458981165 0.9999965842199131 -0.12979074169101068 0.03406286299558303 -0.3484951379494703
FixedParameters: 0 0 0
#Transform 19
Transform: MatrixOffsetTransformBase_double_3_3
Parameters: 0.999998470886654 -0.0018739947768058405 -0.00013054600172441504 0.0018736326301357924 0.999993016058215 -0.0033964081178933375 0.00013721676970240878 0.0033965960700449577 0.9999943823031732 -0.020143261363429588 0.053539253239407 -0.5903311973030441
FixedParameters: 0 0 0
#Transform 20
Transform: MatrixOffsetTransformBase_double_3_3
Parameters: 0.9999975293656281 -0.002078102356324152 -0.0003897124510359539 0.0020766510690133576 0.9999910734357559 -0.0037079784190266335 0.00039798808812753684 0.003708020508751353 0.999992957280926 -0.03672572431709398 0.028020925920671402 -0.44845222902357307
FixedParameters: 0 0 0
#Transform 21
Transform: MatrixOffsetTransformBase_double_3_3
Parameters: 0.9999995556196136 -0.0005972246300503428 -0.00029690962104612293 0.0005957653674213998 0.9999925891288611 -0.003749176679803637 0.00029831561532720657 0.003748821634467381 0.9999928563931908 -0.14057953412599034 0.019458160512641598 -0.38677729418839135
FixedParameters: 0 0 0
#Transform 22
Transform: MatrixOffsetTransformBase_double_3_3
Parameters: 0.9999976600312107 -0.00207225449268188 -0.0002151502587131843 0.0020712152702814465 0.9999918377884716 -0.0034546079161330845 0.0002224086510955919 0.003454391095660328 0.9999939550085563 -0.006375066559229481 0.06425274714838736 -0.5788084506477276
FixedParameters: 0 0 0
#Transform 23
Transform: MatrixOffsetTransformBase_double_3_3
Parameters: 0.9999998828402245 -0.000342066818275584 0.000012254420349386643 0.0003421059064879038 0.999998084041375 -0.0016729944700270422 -0.00001110979966868959 0.0016730024647394898 0.9999982009422628 -0.15539455028074656 0.009148251638748661 -0.29206268758433396
FixedParameters: 0 0 0
#Transform 24
Transform: MatrixOffsetTransformBase_double_3_3
Parameters: 0.9999996202915228 -0.000596115263997768 -0.00015548203641344065 0.0005957460330171995 0.999992590379727 -0.0038800962940801764 0.0001580371280954523 0.003879909462747577 0.9999929209735494 -0.18059751684427283 0.014983204349775292 -0.3337901547604929
FixedParameters: 0 0 0
#Transform 25
Transform: MatrixOffsetTransformBase_double_3_3
Parameters: 0.9999997059776196 -0.0004881148426096712 -0.00023631276602086617 0.0004871866285403454 0.9999927445964317 -0.0037441150602565143 0.00023789495553741235 0.0037438838164277066 0.9999929262130891 -0.1765195052780939 0.035498433500805504 -0.3897989074147006
FixedParameters: 0 0 0
#Transform 26
Transform: MatrixOffsetTransformBase_double_3_3
Parameters: 0.9999992824732483 -0.0013107684434964656 -0.000008157641367049107 0.001310226461490161 0.9999899926837119 -0.004276088513874218 0.000013381950708405963 0.00427591075479708 0.9999907212578165 -0.10128462441601016 0.0785540248392067 -0.540248600519277
FixedParameters: 0 0 0
#Transform 27
Transform: MatrixOffsetTransformBase_double_3_3
Parameters: 0.9999989085699813 -0.0007887426119191113 0.0006849271199117181 0.0007911851637024934 0.9999936764478529 -0.00340945375095833 -0.0006823819404760416 0.003409545127570593 0.9999939826713843 -0.1446243938104601 -0.01319034722827439 -0.4186967307210523
FixedParameters: 0 0 0
#Transform 28
Transform: MatrixOffsetTransformBase_double_3_3
Parameters: 0.9999988266880876 -0.0017802495550964877 0.00006664615382936839 0.0017802272200257807 0.9999925488983854 -0.0033579619087558132 -0.00006067314818305072 0.003358039036295876 0.9999947253770763 -0.03026677543310541 0.06753071897469454 -0.6028507421910803
FixedParameters: 0 0 0
#Transform 29
Transform: MatrixOffsetTransformBase_double_3_3
Parameters: 0.9999984665065168 -0.001429958489070407 0.0006984562784579475 0.0014326851907433679 0.9999945216827582 -0.0028890703553093727 -0.0006940984155233361 0.0028899252694312427 0.9999952463705999 -0.0766760059611471 -0.03928229939364769 -0.5103846947455679
FixedParameters: 0 0 0
#Transform 30
Transform: MatrixOffsetTransformBase_double_3_3
Parameters: 0.9999992930577528 -0.0003250763060921619 0.0007754256865190772 0.0003265244153778715 0.9999977454732918 -0.0022687487353226093 -0.0007747944315167043 0.002269253801269522 0.9999972508416941 -0.09892346260330953 -0.040567330272452296 -0.5519996988498832
FixedParameters: 0 0 0
#Transform 31
Transform: MatrixOffsetTransformBase_double_3_3
Parameters: 0.9999983793764373 -0.0018908626097319727 0.00021587731546850712 0.001890939548328131 0.9999908816525975 -0.00394075104975071 -0.00020887567463008795 0.003941255150753456 0.9999924345888802 -0.01605500701404594 0.019730953476866375 -0.569167556479016
FixedParameters: 0 0 0
#Transform 32
Transform: MatrixOffsetTransformBase_double_3_3
Parameters: 0.9999996916672902 -0.0008006917070753878 0.0008169712892770767 0.0008035419471009499 0.9999949028962333 -0.003062339807690287 -0.0008139027256499211 0.0030626592108204953 0.9999950309113915 -0.13436980476922145 -0.008576218104849431 -0.4333961696693933
FixedParameters: 0 0 0
#Transform 33
Transform: MatrixOffsetTransformBase_double_3_3
Parameters: 0.9999984192096089 -0.0015201271984225584 0.000519182079829048 0.0015219083091943463 0.9999943066141965 -0.0030492841818801214 -0.0005148163172234545 0.0030497186283575395 0.9999955136311804 -0.08999730841762243 0.037129583079959616 -0.6035379023267495
FixedParameters: 0 0 0
#Transform 34
Transform: MatrixOffsetTransformBase_double_3_3
Parameters: 0.9999991611457131 -0.0007366368206345357 0.0011385398977229073 0.0007410071303765036 0.9999931324379279 -0.003774157326823846 -0.0011356541515221003 0.0037748488057207097 0.9999925348699285 -0.08286808736187368 0.02178273437199607 -0.48742648111242204
FixedParameters: 0 0 0
#Transform 35
Transform: MatrixOffsetTransformBase_double_3_3
Parameters: 0.9999998099015743 -0.00043458227594098174 0.000035147005895094255 0.0004347368257927973 0.9999945415682104 -0.0033569871705249194 -0.0000332258769200934 0.003357016893835635 0.9999947293573453 -0.16080770954721402 0.02947781454524545 -0.39455835188890376
FixedParameters: 0 0 0
#Transform 36
Transform: MatrixOffsetTransformBase_double_3_3
Parameters: 0.9999984197796103 -0.0016063210791615115 -0.000029488688110372406 0.001605619717453205 0.999991602421538 -0.0038482014708121765 0.00003586517309115555 0.0038477974458524244 0.9999922030257317 -0.009626377849642154 0.07695819977003282 -0.5806046741342641
FixedParameters: 0 0 0
#Transform 37
Transform: MatrixOffsetTransformBase_double_3_3
Parameters: 0.9999982230123521 -0.0016573973604891454 0.0010144051097368558 0.0016612253587423562 0.9999919929443856 -0.0036283906160508583 -0.0010091154886066021 0.003630609993628159 0.9999928834137438 -0.06673544399845355 0.021565458231663115 -0.49934303737356345
FixedParameters: 0 0 0
#Transform 38
Transform: MatrixOffsetTransformBase_double_3_3
Parameters: 0.9999991957711174 -0.0007395073010765683 0.0005075047583134703 0.0007407184862033657 0.9999939804108307 -0.0033866258684048245 -0.0005053328196062348 0.003387375488741462 0.999994271747203 -0.15428264500582145 0.018091090385908615 -0.4542520893723321
FixedParameters: 0 0 0
#Transform 39
Transform: MatrixOffsetTransformBase_double_3_3
Parameters: 0.9999976482788085 -0.002082515040677136 -0.00011359651484148695 0.002082928970918686 0.9999894366806426 -0.004149397705069668 0.00012275159647345458 0.0041486063921060135 0.9999917829938654 -0.002444649691710765 0.04709022890271797 -0.6452363008564959
FixedParameters: 0 0 0
#Transform 40
Transform: MatrixOffsetTransformBase_double_3_3
Parameters: 0.9999987442589829 -0.000789084539623963 0.0016229226490636452 0.0007942281182772552 0.9999940449455246 -0.0034997115178907467 -0.0016199219285911721 0.0035012899935681907 0.99999219221292 -0.08599604148776052 -0.0026406664240568034 -0.4890021771854691
FixedParameters: 0 0 0
#Transform 41
Transform: MatrixOffsetTransformBase_double_3_3
Parameters: 0.9999994676347295 -0.0010490370926941198 0.0006567032417285788 0.0010516394348998124 0.9999953705739772 -0.0029183855498965405 -0.0006534879341702739 0.0029196121670025665 0.9999950559029319 -0.0696137183697374 0.007425683082217915 -0.6306634895394012
FixedParameters: 0 0 0
#Transform 42
Transform: MatrixOffsetTransformBase_double_3_3
Parameters: 0.9999989777603634 -0.001209045748422467 0.0007481350534094701 0.0012118495155060808 0.99999344467604 -0.0034651659479879443 -0.0007445813896458076 0.003465834521417105 0.9999935136180382 -0.07877101142139509 0.0057430785359713354 -0.5112180514276901
FixedParameters: 0 0 0
#Transform 43
Transform: MatrixOffsetTransformBase_double_3_3
Parameters: 0.9999994932358252 -0.0005500157570100428 0.001097287595171933 0.0005536690448026448 0.9999950199637013 -0.0030983880791011914 -0.0010956372574269907 0.0030986094787729263 0.9999942718219913 -0.1082213392216147 -0.019524452256973746 -0.5339522116275077
FixedParameters: 0 0 0
#Transform 44
Transform: MatrixOffsetTransformBase_double_3_3
Parameters: 0.999998390897539 -0.0017473081075096934 0.0007460160647431291 0.0017502370797206114 0.9999885672035752 -0.004391770929871849 -0.0007384055626274463 0.004393228572923916 0.9999902353627635 -0.08618149287158872 0.037535171654681676 -0.5627640405316185
FixedParameters: 0 0 0
#Transform 45
Transform: MatrixOffsetTransformBase_double_3_3
Parameters: 0.9999989202757852 -0.0009436780805345169 0.0004355407692955246 0.0009445542595603091 0.9999926930517711 -0.0036525853915936324 -0.0004324827626160018 0.003652416156439936 0.9999935456096779 -0.1556460092105425 -0.007027444783133774 -0.43835920429532393
FixedParameters: 0 0 0
#Transform 46
Transform: MatrixOffsetTransformBase_double_3_3
Parameters: 0.9999974777706832 -0.0021263565157773165 -0.000009781669868161124 0.0021266535964517817 0.9999909437436605 -0.0036871848147034397 0.000017412249354144258 0.003687816679685693 0.9999933385859862 -0.038318150492472114 0.04311206462554651 -0.6382375576362875
FixedParameters: 0 0 0
#Transform 47
Transform: MatrixOffsetTransformBase_double_3_3
Parameters: 0.9999968728074696 -0.002009857872297702 0.0010430821349645609 0.002013620721317672 0.999989362699942 -0.004052973544370925 -0.0010354456200408124 0.004055027979327164 0.9999916400921613 -0.0891764717158594 0.006482287281912136 -0.5032669660327684
FixedParameters: 0 0 0
#Transform 48
Transform: MatrixOffsetTransformBase_double_3_3
Parameters: 0.9999992786719155 -0.0008924273781522109 0.0009618316588093229 0.0008956108801691593 0.9999940203535668 -0.003332135929630678 -0.0009586396250531709 0.0033328641209483673 0.9999940471344482 -0.09234978708720121 0.019021027329969797 -0.5571730189156483
FixedParameters: 0 0 0
#Transform 49
Transform: MatrixOffsetTransformBase_double_3_3
Parameters: 0.9999973842061506 -0.00213444966036978 0.00024331901688968792 0.0021356906035932257 0.999989327331968 -0.004003632151327374 -0.0002351980972476809 0.004003366002077305 0.9999920006919871 -0.006997757279791017 0.014862262541669224 -0.588468589948846
FixedParameters: 0 0 0
#Transform 50
Transform: MatrixOffsetTransformBase_double_3_3
Parameters: 0.9999988280300685 -0.0009836929180935786 0.0014846449230788083 0.0009884566746164363 0.9999934051398295 -0.003387451633626956 -0.0014815771104082418 0.003388548585216644 0.9999934657175388 -0.09492364480124138 -0.03095837370450738 -0.4771379526298887
FixedParameters: 0 0 0
#Transform 51
Transform: MatrixOffsetTransformBase_double_3_3
Parameters: 0.9999971129053512 -0.0021991254128897754 0.00022459791499235791 0.002200258537746287 0.9999892686945062 -0.0041077388524170255 -0.0002154998226329426 0.0041082583380269155 0.9999910927107726 -0.002514820189844613 0.04501635005495075 -0.626639656290763
FixedParameters: 0 0 0
#Transform 52
Transform: MatrixOffsetTransformBase_double_3_3
Parameters: 0.9999986917950623 -0.0006950160038956116 0.001680839193316728 0.0007010503692457887 0.9999931611501831 -0.00364374751414058 -0.0016782928950917438 0.0036452530926777416 0.999991965771924 -0.085209948316745 -0.01003537093704665 -0.4659934818499778
FixedParameters: 0 0 0
#Transform 53
Transform: MatrixOffsetTransformBase_double_3_3
Parameters: 0.99999852717917 -0.0007834822283264922 0.0013636365265999207 0.0007876626630072305 0.9999933570947627 -0.003446843754670359 -0.00136083743603204 0.0034471560602258033 0.9999934063822268 -0.07736429394404354 0.008911683177998952 -0.5169163496910301
FixedParameters: 0 0 0
#Transform 54
Transform: MatrixOffsetTransformBase_double_3_3
Parameters: 0.9999984276141104 -0.001889787941298018 -0.000023518883324003258 0.0018899568286981745 0.9999890876475659 -0.004172131470854129 0.00003123748239263521 0.00417286721643155 0.9999915202773662 -0.005956683461491252 0.05589995662290903 -0.5423411211898639
FixedParameters: 0 0 0
#Transform 55
Transform: MatrixOffsetTransformBase_double_3_3
Parameters: 0.9999986211780337 -0.000818343994906831 0.0013076676464912668 0.0008234706201031307 0.9999915871501871 -0.003957848046841059 -0.0013037851526837118 0.003959152603267027 0.9999916944395592 -0.11645513916998596 -0.023052594658594217 -0.4388874583016502
FixedParameters: 0 0 0
#Transform 56
Transform: MatrixOffsetTransformBase_double_3_3
Parameters: 0.9999985396532328 -0.0018293199718882902 0.0003355188909360254 0.0018311024777704213 0.9999926119847417 -0.003467542005205562 -0.00032980480537387653 0.003468460628070269 0.9999938735182933 -0.01459087140423776 0.058406295642384976 -0.6314528710390448
FixedParameters: 0 0 0
#Transform 57
Transform: MatrixOffsetTransformBase_double_3_3
Parameters: 0.9999981296218294 -0.0016312622893054512 0.0011001708042000847 0.0016354930868089908 0.9999905506138783 -0.0039522696282331266 -0.0010929404584966514 0.003953724783186993 0.9999913264599236 -0.07127125252428357 -0.0015399197795176178 -0.48869115280976416
FixedParameters: 0 0 0
#Transform 58
Transform: MatrixOffsetTransformBase_double_3_3
Parameters: 0.9999994960948171 -0.0009597650319314742 0.00076312874282947 0.0009624259915960861 0.9999913475538943 -0.003956261289685431 -0.0007602845639691167 0.003956736688161072 0.9999918406302347 -0.13350607186949048 0.015040997133468181 -0.44831415681267117
FixedParameters: 0 0 0
#Transform 59
Transform: MatrixOffsetTransformBase_double_3_3
Parameters: 0.9999978497773705 -0.0019927943501270116 0.0004229213180332368 0.0019946442246988466 0.9999889989926485 -0.004116234021756385 -0.0004144094448216416 0.00411676514683651 0.9999919594655061 -0.005891684377061779 0.051801022553249254 -0.6295509659496474
FixedParameters: 0 0 0
#Transform 60
Transform: MatrixOffsetTransformBase_double_3_3
Parameters: 0.999997299605334 -0.001591585856073324 0.001472420875195828 0.001597075258532432 0.9999906319426847 -0.004081721460073434 -0.00146593193180796 0.00408427914828928 0.9999903257040494 -0.08071311386406421 -0.010109843410276653 -0.43767709747655204
FixedParameters: 0 0 0
#Transform 61
Transform: MatrixOffsetTransformBase_double_3_3
Parameters: 0.9999980838225294 -0.001116852907012548 0.0012918460772767236 0.0011209996404484327 0.9999930191533327 -0.003684549515035357 -0.0012882105937887833 0.0036854589083955974 0.9999929060765581 -0.0790279530464062 0.01063178733384973 -0.561215257914526
FixedParameters: 0 0 0
#Transform 62
Transform: MatrixOffsetTransformBase_double_3_3
Parameters: 0.9999978576625469 -0.002198617602731249 0.0005555769218258421 0.0022012924432167087 0.9999851289015776 -0.004993936179569017 -0.0005444204921812034 0.004995068319805257 0.9999878383027598 -0.005779143284627253 0.01460488787094505 -0.57558800799832
FixedParameters: 0 0 0
#Transform 63
Transform: MatrixOffsetTransformBase_double_3_3
Parameters: 0.9999975302495313 -0.0010672109703847895 0.001824979676048052 0.0010744574675493849 0.9999916692588905 -0.0040039649753892265 -0.001820863327999659 0.004006041115606665 0.999990780751991 -0.09771041655515944 -0.017955853939071176 -0.4515855462370979
FixedParameters: 0 0 0
#Transform 64
Transform: MatrixOffsetTransformBase_double_3_3
Parameters: 0.9999971137560782 -0.0021997732635965763 0.00021627067005505112 0.0022008857544968037 0.9999877783340165 -0.004400685123956569 -0.0002068751076757292 0.004401317126086879 0.9999905975751847 0.01655837997070364 0.021457883195182603 -0.6788280370631554
FixedParameters: 0 0 0
#Transform 65
Transform: MatrixOffsetTransformBase_double_3_3
Parameters: 0.9999979631887127 -0.0021189280988859515 0.0007404657624239088 0.0021217073991054852 0.9999882205334637 -0.004380585136163559 -0.0007306350421256443 0.004382416532172001 0.9999903473306733 0.002765262991857753 -0.033814787285365355 -0.5122684445242811
FixedParameters: 0 0 0
#Transform 66
Transform: MatrixOffsetTransformBase_double_3_3
Parameters: 0.9999986205284814 -0.0009294891815318036 0.001586448590050386 0.0009351723184336378 0.9999912448428988 -0.004090510319754326 -0.0015822841169270006 0.004091487132498031 0.9999899029659284 -0.06769095383752699 -0.018074640529576413 -0.5304253013671882
FixedParameters: 0 0 0
#Transform 67
Transform: MatrixOffsetTransformBase_double_3_3
Parameters: 0.9999969758379976 -0.0023182000650847244 0.0008068276662228853 0.0023217104530598174 0.999987045843369 -0.004524356857286624 -0.0007955765360048042 0.004526637034007533 0.9999889694506741 -0.010906328897561934 0.03340930117630592 -0.5996751985389182
FixedParameters: 0 0 0
#Transform 68
Transform: MatrixOffsetTransformBase_double_3_3
Parameters: 0.999997462477122 -0.0015515239924396324 0.0014591912619178206 0.0015578664846482367 0.9999908627471688 -0.004068800203664388 -0.0014531413869721312 0.004071200975886563 0.9999904697504685 -0.09122009448731205 -0.0026444380914938392 -0.47073745334539296
FixedParameters: 0 0 0
#Transform 69
Transform: MatrixOffsetTransformBase_double_3_3
Parameters: 0.9999983212776568 -0.001876514307618704 0.0003966182805086457 0.0018781419464126057 0.9999896214692028 -0.004103409375005265 -0.00038911160849258876 0.004104585390553445 0.9999910140254604 0.0033668631456009734 0.03232052772690963 -0.6395063913026178
FixedParameters: 0 0 0
#Transform 70
Transform: MatrixOffsetTransformBase_double_3_3
Parameters: 0.9999970794465175 -0.002283727462995851 0.0013051426051766163 0.002290184449524895 0.9999879967915827 -0.004304158554890858 -0.001295121453938436 0.004306839948281266 0.9999900077646965 -0.059634762190498236 0.011777538733653614 -0.5140619053192523
FixedParameters: 0 0 0
#Transform 71
Transform: MatrixOffsetTransformBase_double_3_3
Parameters: 0.9999975578633888 -0.002085267206359071 0.00030776542573246804 0.0020858545666777445 0.9999917453826221 -0.003589589927274678 -0.0003006935480721276 0.003590410308238756 0.9999930361685687 -0.02653110242219725 0.006971003666677689 -0.5992652450762961
FixedParameters: 0 0 0
#Transform 72
Transform: MatrixOffsetTransformBase_double_3_3
Parameters: 0.9999973540004892 -0.0020941726378976722 0.0005090185567295855 0.0020969640547845825 0.9999872949128733 -0.004497084486660932 -0.0005000656864234568 0.004497911286070647 0.9999896038426634 0.0007803399294630253 0.009284760023788863 -0.5665993096889537
FixedParameters: 0 0 0
#Transform 73
Transform: MatrixOffsetTransformBase_double_3_3
Parameters: 0.9999977586519285 -0.0011172048813526997 0.0017303537115815736 0.0011239916473367204 0.9999922967265575 -0.003780979279147542 -0.0017254163333699996 0.003783023856911677 0.9999918547331271 -0.07553195709914462 0.0015507460956740715 -0.5275828786257506
FixedParameters: 0 0 0
#Transform 74
Transform: MatrixOffsetTransformBase_double_3_3
Parameters: 0.9999972296905701 -0.0021758770179382066 0.00018877447407031846 0.0021767557049981196 0.9999868708303082 -0.004623750723651787 -0.00017961681491772288 0.0046242534002460395 0.9999895958095637 -0.006570428034521569 0.024904878335405556 -0.5881803252396196
FixedParameters: 0 0 0
#Transform 75
Transform: MatrixOffsetTransformBase_double_3_3
Parameters: 0.9999979359818414 -0.0011894511698226902 0.0016276406220411513 0.0011965813191762242 0.9999893566302177 -0.004479049791171058 -0.001622409399662593 0.004480949669362008 0.9999884383118972 -0.08250573200712097 -0.020447194518652623 -0.4581824508334762
FixedParameters: 0 0 0
#Transform 76
Transform: MatrixOffsetTransformBase_double_3_3
Parameters: 0.9999974830767842 -0.002345913419087025 0.00011950797488575836 0.0023460929486239118 0.99998732672399 -0.00437688159386132 -0.00010993998596028503 0.004377120815703836 0.9999908398481212 0.006881180558053757 0.03938637329852668 -0.6625135263935675
FixedParameters: 0 0 0
#Transform 77
Transform: MatrixOffsetTransformBase_double_3_3
Parameters: 0.9999974381844349 -0.0019476171771459691 0.0013297515172000065 0.00195359957681103 0.9999887445257097 -0.004390552386685606 -0.001321217052812225 0.004393446842879192 0.9999891140946342 -0.06887567374046455 -0.010549996088471403 -0.49963407738603394
FixedParameters: 0 0 0
#Transform 78
Transform: MatrixOffsetTransformBase_double_3_3
Parameters: 0.999998043888451 -0.001116447182854966 0.0013070659688378396 0.0011221445796796871 0.9999918151567447 -0.00385353206126246 -0.0013031232949526294 0.0038554648996469015 0.9999915142705339 -0.08075045377769641 0.0031652037497167385 -0.5623852971320247
FixedParameters: 0 0 0
#Transform 79
Transform: MatrixOffsetTransformBase_double_3_3
Parameters: 0.9999964547017759 -0.002455016128012114 0.0007199381993683779 0.0024588596497915516 0.9999813182254398 -0.005526461969125859 -0.0007065121688280665 0.0055285293483514075 0.9999840294453971 -0.016973163626175847 0.021323409907026303 -0.5516320123589651
FixedParameters: 0 0 0
#Transform 80
Transform: MatrixOffsetTransformBase_double_3_3
Parameters: 0.9999982689373257 -0.0007437632407004571 0.0017827018181608071 0.0007513605701654611 0.9999895114869181 -0.004455585232197745 -0.001779427674940567 0.004457408945175642 0.9999880364579664 -0.11883648458936591 -0.012477013594420328 -0.4421358708803069
FixedParameters: 0 0 0
#Transform 81
Transform: MatrixOffsetTransformBase_double_3_3
Parameters: 0.999997060570884 -0.002428111052875049 0.00020850021376063064 0.0024290965013006502 0.9999872378059712 -0.00445473187824677 -0.00019783026192029212 0.004455270100307121 0.9999901284502207 0.003218878119852775 0.05110159283481153 -0.6377531176442659
FixedParameters: 0 0 0
#Transform 82
Transform: MatrixOffsetTransformBase_double_3_3
Parameters: 0.9999970570375469 -0.0013370453753604504 0.0017767459786678613 0.0013456188265436582 0.9999860019863235 -0.005095602627441173 -0.0017693791640404773 0.005097392935776823 0.9999851060478777 -0.07304317716595676 -0.04369017451243451 -0.4688190516284294
FixedParameters: 0 0 0
#Transform 83
Transform: MatrixOffsetTransformBase_double_3_3
Parameters: 0.9999974992687891 -0.0012453848108181355 0.0017174595352741485 0.0012535430625205326 0.999988628650241 -0.004544771682377907 -0.001711557597301573 0.004547228174453605 0.9999885381273149 -0.08207476382330015 -0.010136040623294207 -0.5339803541458821
FixedParameters: 0 0 0
#Transform 84
Transform: MatrixOffsetTransformBase_double_3_3
Parameters: 0.9999963098651171 -0.0026664208128383575 0.0007616983780509936 0.0026704305012702854 0.9999818054402388 -0.005382206239753662 -0.0007477000286767534 0.005384796638718908 0.9999855397337168 -0.0052345781558784665 0.020227179895528025 -0.6144225431072101
FixedParameters: 0 0 0
#Transform 85
Transform: MatrixOffsetTransformBase_double_3_3
Parameters: 0.9999963555523811 -0.0011367298968647831 0.0023132630023887492 0.0011481995802834883 0.9999868652958873 -0.004967199565106883 -0.0023080646324795434 0.004970800876656939 0.9999851079458344 -0.07373643964115217 -0.03446451961414709 -0.47653703999807817
FixedParameters: 0 0 0
#Transform 86
Transform: MatrixOffsetTransformBase_double_3_3
Parameters: 0.9999968480183574 -0.0024693700838604956 0.00023160278060271834 0.002470822843233827 0.9999819121388347 -0.0055646744788209745 -0.00021807094885005672 0.005565336628819431 0.9999849967933476 0.006755258963465849 0.011127181157931432 -0.7031348673265541
FixedParameters: 0 0 0
#Transform 87
Transform: MatrixOffsetTransformBase_double_3_3
Parameters: 0.9999968261860829 -0.002364033635861029 0.0012587928531189205 0.002370396320472728 0.9999852728320741 -0.004886168924347137 -0.0012472444860821285 0.004888835961943672 0.9999877776467601 -0.048196291359388965 -0.024048126979380413 -0.5103829930257575
FixedParameters: 0 0 0
#Transform 88
Transform: MatrixOffsetTransformBase_double_3_3
Parameters: 0.9999977284280105 -0.0018616932092931186 0.0008974588907129256 0.0018658455168918885 0.9999886579352388 -0.004333404208871003 -0.0008890543273537029 0.004335595593707275 0.9999904944967534 -0.061599374238213045 -0.008307401281541615 -0.5337853077885768
FixedParameters: 0 0 0
#Transform 89
Transform: MatrixOffsetTransformBase_double_3_3
Parameters: 0.9999953667799072 -0.0028760966052251632 0.0006012041684416396 0.0028790368685623867 0.9999825270720594 -0.005100577231894554 -0.0005866548080396121 0.005101419754648437 0.9999867988707479 0.021873056423771686 0.021452682727044703 -0.6219742961785926
FixedParameters: 0 0 0
#Transform 90
Transform: MatrixOffsetTransformBase_double_3_3
Parameters: 0.9999976249086443 -0.0011453808045443284 0.002016096885093839 0.001155243411437065 0.999987071369102 -0.0050375974863708095 -0.0020097384242772787 0.00503941175819532 0.9999857801384524 -0.0777484969816129 -0.03202851775472482 -0.4476287696904251
FixedParameters: 0 0 0
#Transform 91
Transform: MatrixOffsetTransformBase_double_3_3
Parameters: 0.9999976243283208 -0.0020733227798830516 0.00027891534336492755 0.00207429925190499 0.9999845654960773 -0.005110580572974241 -0.00026861075390540714 0.005111416981550307 0.9999868138044559 0.00919152799608014 0.023065314508528445 -0.7095268843174694
FixedParameters: 0 0 0
#Transform 92
Transform: MatrixOffsetTransformBase_double_3_3
Parameters: 0.999996480227752 -0.002363175164536903 0.0009672210717615521 0.0023680205258295593 0.9999845931752195 -0.005062939646161585 -0.0009549284169100202 0.005065060604088095 0.9999865984468561 0.012452024730009725 -0.031056202891761586 -0.5084898042462669
FixedParameters: 0 0 0
#Transform 93
Transform: MatrixOffsetTransformBase_double_3_3
Parameters: 0.9999972190770204 -0.001457347669204989 0.0016297057786061513 0.0014649524711569896 0.9999898971062293 -0.0043366151106280365 -0.0016235591921157143 0.004339391141971155 0.9999896852338587 -0.07645540981468457 0.0009667530846257932 -0.5134691753550129
FixedParameters: 0 0 0
#Transform 94
Transform: MatrixOffsetTransformBase_double_3_3
Parameters: 0.9999972251577897 -0.0022698829499752556 0.0007883617906747311 0.0022746313784501493 0.9999817088653562 -0.005570367155582914 -0.000775780274935218 0.005572633504477176 0.9999844324930353 0.010140948970189356 0.017181548144321823 -0.6695923463050093
FixedParameters: 0 0 0
#Transform 95
Transform: MatrixOffsetTransformBase_double_3_3
Parameters: 0.9999973593459328 -0.0012251457999591648 0.002034813297961212 0.001234073637334572 0.999988949731675 -0.0045144146391489365 -0.002029015695390129 0.004517583625355856 0.9999876208448268 -0.07114844012387778 -0.030771859274480562 -0.47690813368396334
FixedParameters: 0 0 0
#Transform 96
Transform: MatrixOffsetTransformBase_double_3_3
Parameters: 0.9999982783104916 -0.001867526303116545 0.0004829453560371573 0.0018702427485018283 0.9999881035462554 -0.004507248268254535 -0.0004739997703849153 0.0045077488798712095 0.9999895394204724 0.009813428840729443 -0.007541704044044195 -0.661379197898313
FixedParameters: 0 0 0
#Transform 97
Transform: MatrixOffsetTransformBase_double_3_3
Parameters: 0.99999529011321 -0.002760223445906709 0.001044406877758961 0.0027658079720908808 0.9999828888877189 -0.005120412874490374 -0.0010297657486464135 0.0051225794964197685 0.9999859412821431 -0.019746415861092714 -0.01963196339485762 -0.531323071479548
FixedParameters: 0 0 0
#Transform 98
Transform: MatrixOffsetTransformBase_double_3_3
Parameters: 0.9999986156771009 -0.0012380598688748218 0.0013613437822979602 0.0012432288619251954 0.9999903080888102 -0.004242304764118382 -0.0013553516715640978 0.004243697725813164 0.99999030128721 -0.06177697576345054 -0.003243439864476727 -0.6221974791653793
FixedParameters: 0 0 0
#Transform 99
Transform: MatrixOffsetTransformBase_double_3_3
Parameters: 0.9999961216184583 -0.0025117516886736637 0.0007549156410586828 0.0025150708394715104 0.9999848673435017 -0.004862330682930238 -0.0007432084967934485 0.00486366999825609 0.9999879563726553 0.00034447340921417435 0.007611909879983614 -0.5994497066764524
FixedParameters: 0 0 0
#Transform 100
Transform: MatrixOffsetTransformBase_double_3_3
Parameters: 0.9999972432050759 -0.0011680732380919918 0.0018418397680447663 0.0011767439488504568 0.9999887924332043 -0.004647826871425592 -0.0018363231029700083 0.004649172946608951 0.9999872333836948 -0.07659474021313883 -0.03072808389234183 -0.5437104761287515
FixedParameters: 0 0 0
#Transform 101
Transform: MatrixOffsetTransformBase_double_3_3
Parameters: 0.9999957932761171 -0.002751850492934301 0.0007960830785746358 0.0027564504980942374 0.9999806780086343 -0.00552804318123043 -0.0007803602246122622 0.005529958875194474 0.9999849749818132 0.00567777050733298 0.02765713715074014 -0.6302797796563198
FixedParameters: 0 0 0
#Transform 102
Transform: MatrixOffsetTransformBase_double_3_3
Parameters: 0.9999981911207445 -0.001021603989416034 0.001662800030391893 0.0010291579484392969 0.9999876491528117 -0.00481121157615845 -0.001658314988474398 0.0048127890326651185 0.9999872309649112 -0.07660755133478858 -0.03732932485223728 -0.452908333354884
FixedParameters: 0 0 0
#Transform 103
Transform: MatrixOffsetTransformBase_double_3_3
Parameters: 0.9999983444354685 -0.0018257306404493082 0.0005683492251985289 0.001827967060815463 0.9999898060358648 -0.004215114385238833 -0.0005597773212354483 0.004215887490296832 0.9999909973209558 -0.02868959886164646 0.00923552498674951 -0.6318014325472063
FixedParameters: 0 0 0
#Transform 104
Transform: MatrixOffsetTransformBase_double_3_3
Parameters: 0.9999971044049838 -0.0021138449401562733 0.00155761888085453 0.0021223203686226927 0.9999835264151961 -0.005266769212185829 -0.001546741838666072 0.0052702287619617455 0.9999850633348797 -0.046580395095588756 0.003418753878776215 -0.5222865156331551
FixedParameters: 0 0 0
#Transform 105
Transform: MatrixOffsetTransformBase_double_3_3
Parameters: 0.9999960128873222 -0.0013007012783244232 0.0023010147278734756 0.0013120602449357126 0.9999874653328993 -0.00475383061644663 -0.0022948201582782143 0.004757167384348962 0.9999863176687284 -0.06307409585386381 -0.0024571888508688744 -0.5593684445356075
FixedParameters: 0 0 0
#Transform 106
Transform: MatrixOffsetTransformBase_double_3_3
Parameters: 0.9999975414240118 -0.002214368942198 0.0007450385294014857 0.0022182509932653005 0.9999833603709668 -0.005256503624898462 -0.0007334751359653482 0.005258492676496668 0.9999858980026415 0.0028052124671660295 0.019818009636296097 -0.5891131152348663
FixedParameters: 0 0 0
#Transform 107
Transform: MatrixOffsetTransformBase_double_3_3
Parameters: 0.9999976957111065 -0.0006780054617037246 0.001961206999532959 0.0006870362478263869 0.9999888247169528 -0.00465150836981143 -0.001957172838999858 0.004653493088687413 0.9999875791943142 -0.07575111717298455 -0.022936107365893577 -0.47678378621476725
FixedParameters: 0 0 0
#Transform 108
Transform: MatrixOffsetTransformBase_double_3_3
Parameters: 0.9999977048579813 -0.002112621687998109 0.0009124001582873836 0.0021173278820354243 0.9999838033245243 -0.005249219232192223 -0.0009008618714710292 0.005250777689237263 0.9999857760967664 0.00934267875608441 0.02484468376766813 -0.6578408777500471
FixedParameters: 0 0 0
#Transform 109
Transform: MatrixOffsetTransformBase_double_3_3
Parameters: 0.9999970018335476 -0.0018436053666049301 0.0016117920719303568 0.0018517290679087334 0.9999872246351517 -0.004596011686741758 -0.0016033274574401106 0.004598985938045627 0.9999885029104164 -0.06726146459718052 -0.01926830841924243 -0.49149792271794013
FixedParameters: 0 0 0
#Transform 110
Transform: MatrixOffsetTransformBase_double_3_3
Parameters: 0.9999983934156831 -0.0017889137457456589 0.0006382638866759528 0.0017910194291014198 0.9999880210018343 -0.004548006729866758 -0.0006307302098251272 0.004548990375458639 0.9999889944713752 0.00845251354932941 -0.00014030181635860117 -0.6636360778293806
FixedParameters: 0 0 0
#Transform 111
Transform: MatrixOffsetTransformBase_double_3_3
Parameters: 0.9999966438384199 -0.002320366492298257 0.000985483381941327 0.002325838078220761 0.9999830651591919 -0.005325865508834696 -0.0009733963328002714 0.00532813965013601 0.9999858243011419 0.008284788389246955 -0.02421264180725302 -0.5591928377894817
FixedParameters: 0 0 0
#Transform 112
Transform: MatrixOffsetTransformBase_double_3_3
Parameters: 0.999998693551808 -0.0015011429371292833 0.0010257020063427409 0.0015059778099307233 0.9999884296959336 -0.0046065326165158765 -0.0010195241948424123 0.004608469468605977 0.9999888054733248 -0.04726398120487829 -0.014606409519714703 -0.6117125638936614
FixedParameters: 0 0 0
#Transform 113
Transform: MatrixOffsetTransformBase_double_3_3
Parameters: 0.9999979778865483 -0.002027633479505854 0.000953771748581913 0.002033652845730465 0.9999816873277033 -0.005752220934664404 -0.0009420712338357253 0.005754782934708186 0.9999830843811132 0.027159974427334532 -0.02021943375368096 -0.6554076924493302
FixedParameters: 0 0 0
#Transform 114
Transform: MatrixOffsetTransformBase_double_3_3
