#Insight Transform File V1.0
#Transform 0
Transform: MatrixOffsetTransformBase_double_3_3
Parameters: 0.9999991035653005 -0.0013494845839447398 -0.00027478903635919224 0.0013485937180437752 0.9999950094334291 -0.002870453148635446 0.00027847016315813886 0.0028705460033005836 0.999995614552205 0.024377958198130045 0.024684875346736135 -0.3344840588960807
FixedParameters: 0 0 0
#Transform 1
Transform: MatrixOffsetTransformBase_double_3_3
Parameters: 0.9999991763725921 -0.0012852668897525542 -0.0004138361296843299 0.0012843253340359103 0.9999943726666759 -0.0031696149122105582 0.0004178417719260256 0.0031693855987446756 0.9999947121842976 0.01812569924133811 0.044335034131194107 -0.1321790806947547
FixedParameters: 0 0 0
#Transform 2
Transform: MatrixOffsetTransformBase_double_3_3
Parameters: 0.9999996741629036 -0.000993981600541844 -0.0005807360769949494 0.000992910007162249 0.9999968096672253 -0.0025046588283900717 0.0005835679240844082 0.002504341378377628 0.9999963194310838 0.00989539611633461 0.05860635614723719 -0.2931191307895773
FixedParameters: 0 0 0
#Transform 3
Transform: MatrixOffsetTransformBase_double_3_3
Parameters: 0.999994512983006 -0.001725763262842718 -0.002740337845625674 0.0017162853736413504 0.9999934912798359 -0.003297593112450009 0.0027460187165060505 0.003292405002896112 0.9999903075439743 -0.01096735885016642 0.08116961706144821 -0.21947363688815358
FixedParameters: 0 0 0
#Transform 4
Transform: MatrixOffsetTransformBase_double_3_3
Parameters: 0.9999955054286485 -0.0025556438208574244 -0.0014016496250134672 0.002551422354535322 0.999993287002719 -0.0027367605904053405 0.0014083372869299652 0.002733241124295696 0.9999952579115157 0.11929740959881485 0.05009444096596383 -0.4939710363702261
FixedParameters: 0 0 0
#Transform 5
Transform: MatrixOffsetTransformBase_double_3_3
Parameters: 0.9999964046514502 -0.0020834640798146438 -0.001803488931191392 0.0020837685756961454 0.9999979207422618 -0.00019378130727733256 0.001804214055696814 0.0001902192529535801 0.9999984101809337 0.07095409357077642 0.01347843915137048 -0.39821116602341533
FixedParameters: 0 0 0
#Transform 6
Transform: MatrixOffsetTransformBase_double_3_3
Parameters: 0.9999976252673336 -0.0017961612628956455 -0.001071695271587078 0.001796602643064352 0.9999978801066314 0.00020506374631623636 0.0010709551552208563 -0.00020693525780407507 0.9999996602890806 -0.11277796127666306 0.007763937481641392 -0.40884695552288974
FixedParameters: 0 0 0
#Transform 7
Transform: MatrixOffsetTransformBase_double_3_3
Parameters: 0.9999979886638376 -0.0015600854493214866 -0.001255936843081007 0.001558209261053426 0.999998479816735 -0.0011139713297989157 0.0012583353402706714 0.0011120287184647887 0.9999990313060905 0.025377209069361584 0.03464018493771448 -0.5723479825904576
FixedParameters: 0 0 0
#Transform 8
Transform: MatrixOffsetTransformBase_double_3_3
Parameters: 0.9999987339928722 -0.0014926090202717498 -0.00019446875754205388 0.0014929039370636865 0.9999985199020257 0.0005666296716065888 0.0001937746423982458 -0.000566370004397479 0.9999995722463522 -0.004114698186228338 0.019569580878112447 -0.4314463839067031
FixedParameters: 0 0 0
#Transform 9
Transform: MatrixOffsetTransformBase_double_3_3
Parameters: 0.9999983418676394 -0.0016441637375322839 -0.0009772532041851065 0.0016419033333755356 0.9999962145904545 -0.0020586194301421834 0.0009808744244327995 0.002057379670199741 0.9999976565345243 0.0514218001547988 0.0445609460207379 -0.5909393637809757
FixedParameters: 0 0 0
#Transform 10
Transform: MatrixOffsetTransformBase_double_3_3
Parameters: 0.9999987149624681 -0.00138072891910786 -0.0006158220119198589 0.0013803750204385826 0.9999989502402987 0.0004610699073558655 0.0006156199194356537 -0.00046193075797008876 0.9999993387572095 0.030442392873553104 0.022298943303056262 -0.42682300860924727
FixedParameters: 0 0 0
#Transform 11
Transform: MatrixOffsetTransformBase_double_3_3
Parameters: 0.9999977409558876 -0.0013497657190548007 -0.0015610274635095784 0.0013471017769934933 0.9999972322231045 -0.0017630426800593624 0.001563560042344695 0.0017609564222825225 0.9999972994350161 0.053502394603270886 0.04968736548995878 -0.600175157815471
FixedParameters: 0 0 0
#Transform 12
Transform: MatrixOffsetTransformBase_double_3_3
Parameters: 0.9999986771026935 -0.0012485293447960198 -0.0013277515728506188 0.0012486619163529905 0.9999994098240432 -0.000326664152198633 0.0013284894263628625 0.00032433633561892994 0.9999990553779783 0.030551395624286215 0.029056396659854045 -0.43962790601007384
FixedParameters: 0 0 0
#Transform 13
Transform: MatrixOffsetTransformBase_double_3_3
Parameters: 0.9999984320756714 -0.0010781137338059098 -0.0011858125626521578 0.0010758881398834849 0.9999980483677602 -0.0017152888609598266 0.0011873623484368384 0.0017147104606426572 0.9999975012512513 0.05543250881336803 0.04304078948563017 -0.5874947301196443
FixedParameters: 0 0 0
#Transform 14
Transform: MatrixOffsetTransformBase_double_3_3
Parameters: 0.9999983815975959 -0.0011691851627799856 -0.001500646378762453 0.0011674984035100911 0.9999990349684087 -0.0008696904288705148 0.0015016047907100297 0.0008683098208747686 0.9999988363054771 0.038404365750039915 0.025346973347211588 -0.4703867279084619
FixedParameters: 0 0 0
#Transform 15
Transform: MatrixOffsetTransformBase_double_3_3
Parameters: 0.9999984987373077 -0.001119356365945366 -0.0011177370652408084 0.0011194808575097854 0.9999996444350961 0.0005017383481621535 0.001116688142839511 -0.0005022620935601352 0.9999993502940119 0.048531246171137354 0.002258886676685279 -0.45818237227068437
FixedParameters: 0 0 0
#Transform 16
Transform: MatrixOffsetTransformBase_double_3_3
Parameters: 0.9999984331357565 -0.0009596655537565268 -0.0016266232681568687 0.0009596622931286329 0.999999234201013 -0.000001497487347276727 0.001626625184509839 5.02507514044126e-7 0.9999981989331787 0.04395766143601065 0.022255718770281874 -0.48534595089763855
FixedParameters: 0 0 0
#Transform 17
Transform: MatrixOffsetTransformBase_double_3_3
Parameters: 0.9999976880749379 -0.0016200398145320455 -0.0012988837493210954 0.0016171388214934466 0.9999968529636057 -0.0021791970193702354 0.0013027194594968095 0.0021778028198043836 0.9999963433663961 0.0715505252465789 0.04101522062461527 -0.582024535721942
FixedParameters: 0 0 0
#Transform 18
Transform: MatrixOffsetTransformBase_double_3_3
Parameters: 0.9999979943283137 -0.0010750508023656183 -0.0016884550375383996 0.0010751509038539845 0.9999988993122586 0.0003243235617430007 0.001687831196110812 -0.00032567682991552216 0.9999988837661686 0.033756128872340696 0.000566885639656789 -0.42318199560254754
FixedParameters: 0 0 0
#Transform 19
Transform: MatrixOffsetTransformBase_double_3_3
Parameters: 0.999997621911116 -0.0018190764305616102 -0.0014382793946786947 0.0018161352316262923 0.9999959942476506 -0.001982633086145519 0.0014422660826970324 0.0019803636493671284 0.9999967749673347 0.08596488418444892 0.044692080509662446 -0.6469106229301644
FixedParameters: 0 0 0
#Transform 20
Transform: MatrixOffsetTransformBase_double_3_3
Parameters: 0.9999981329871106 -0.0014889796286490045 -0.0016283998132957693 0.0014876051019083946 0.99999878093849 -0.0004003600265518187 0.0016285902810469104 0.0003976397185292274 0.9999990336462388 0.06162618217084059 -0.026101557632017602 -0.5182355310307827
FixedParameters: 0 0 0
#Transform 21
Transform: MatrixOffsetTransformBase_double_3_3
Parameters: 0.9999997218745388 -0.0009714210833998906 -0.0005783310191425577 0.0009708445803482715 0.999999803273521 -0.0004986366115972002 0.0005792982638106749 0.0004973628643753503 0.9999994225934533 0.07913970191536635 -0.03192922244870999 -0.5600682373664938
FixedParameters: 0 0 0
#Transform 22
Transform: MatrixOffsetTransformBase_double_3_3
Parameters: 0.9999973517912628 -0.0016374925146509878 -0.0014024311912966079 0.0016333754414644855 0.9999954723592918 -0.0024513068366805585 0.0014072283432010658 0.002448689321767214 0.9999958744094181 0.07518336200274689 0.022413595321594926 -0.6118880733594949
FixedParameters: 0 0 0
#Transform 23
Transform: MatrixOffsetTransformBase_double_3_3
Parameters: 0.9999982267215416 -0.0011165872082439183 -0.0012359332588317503 0.0011160126547749608 0.9999998741695977 0.00017060977561941804 0.001235626458147312 -0.00017139126592213838 0.9999992940700216 0.048337598204469145 -0.0025624547530895825 -0.39311998620667055
FixedParameters: 0 0 0
#Transform 24
Transform: MatrixOffsetTransformBase_double_3_3
Parameters: 0.9999985117549339 -0.0011003464728679894 -0.0011302571556075665 0.0010994045811002881 0.9999996915668284 -0.00041724899313780317 0.0011311733484340065 0.0004157504556494135 0.9999994732437635 0.0651969624882014 0.052211086955509245 -0.4931540231755349
FixedParameters: 0 0 0
#Transform 25
Transform: MatrixOffsetTransformBase_double_3_3
Parameters: 0.9999984629316827 -0.0012646839440825055 -0.000968187686084942 0.0012637339298997923 0.999998466316117 -0.0014423108706043686 0.0009696893359973278 0.001441688965596294 0.9999978378836314 0.06431530361921034 0.05846791970419929 -0.5424241973971107
FixedParameters: 0 0 0
#Transform 26
Transform: MatrixOffsetTransformBase_double_3_3
Parameters: 0.9999981284418182 -0.0013163081970268627 -0.0010677325691341773 0.0013152315678561044 0.9999991983207087 -0.0004694163946121488 0.0010679695723450652 0.0004685838135433662 0.9999994901987053 0.05114144677948218 0.010802862315188122 -0.3402560954722702
FixedParameters: 0 0 0
#Transform 27
Transform: MatrixOffsetTransformBase_double_3_3
Parameters: 0.9999990726107804 -0.000957665222830043 -0.001005752332360821 0.000955593731770469 0.9999980612907878 -0.0014508932439513955 0.001006458164225065 0.001450106596130249 0.9999988034158128 0.06164883488183648 0.030128490749532943 -0.6075370939849307
FixedParameters: 0 0 0
#Transform 28
Transform: MatrixOffsetTransformBase_double_3_3
Parameters: 0.9999985192010851 -0.001237097353613784 -0.0009753770551480484 0.0012352301456164429 0.9999986131659628 -0.0013912133103201052 0.0009767454777835675 0.001389788922535884 0.9999990390475663 0.056310295367978824 0.012233671423715009 -0.5502799606297231
FixedParameters: 0 0 0
#Transform 29
Transform: MatrixOffsetTransformBase_double_3_3
Parameters: 0.999999934764929 -0.0008305568696972808 -0.0006120685421862464 0.0008309587650658749 0.9999990736434751 -0.00048650848865568197 0.0006128010569887157 0.00048549091935413957 0.9999993887298063 0.026353187137672762 0.004661851706686093 -0.3949840715481656
FixedParameters: 0 0 0
#Transform 30
Transform: MatrixOffsetTransformBase_double_3_3
Parameters: 0.999997588275857 -0.0016427279967698469 -0.0016474000463345445 0.0016388074185179915 0.9999964214085711 -0.0020287204697122113 0.0016508368734964088 0.002026275086596127 0.999995945344611 0.07465544739170582 0.03656605901416299 -0.6391580805182713
FixedParameters: 0 0 0
#Transform 31
Transform: MatrixOffsetTransformBase_double_3_3
Parameters: 0.9999981627632533 -0.0011046508512171907 -0.0012716050446619522 0.0011042756738329734 0.999998838791619 -0.0001483352028794488 0.001271930857610665 0.00014666424871849493 0.9999992804593465 0.05042801341961933 -0.0030249669117381472 -0.4711894189033927
FixedParameters: 0 0 0
#Transform 32
Transform: MatrixOffsetTransformBase_double_3_3
Parameters: 0.9999994813041686 -0.000989036588151564 -0.0007356546861181555 0.00098789157274864 0.9999982657374878 -0.0013537325957534568 0.0007362611068050424 0.0013532664170138459 0.9999985516406014 0.06142057797134726 -0.007440187827739919 -0.5782528763148065
FixedParameters: 0 0 0
#Transform 33
Transform: MatrixOffsetTransformBase_double_3_3
Parameters: 0.9999978542322345 -0.0015451283050256018 -0.0013265673953532652 0.0015426298828244665 0.9999972566715954 -0.0016080655453419579 0.001328389454463237 0.001606932877264336 0.9999974294426197 0.08162436336598944 0.024379528553140517 -0.609585001801932
FixedParameters: 0 0 0
#Transform 34
Transform: MatrixOffsetTransformBase_double_3_3
Parameters: 0.9999982501149884 -0.0010192111181031355 -0.0013080865155500557 0.0010187100403228494 0.9999990054343084 -0.00019226360114800445 0.0013084767741049718 0.00019073571460040406 0.9999991713363493 0.048412977344284513 0.00910395022943078 -0.439117010760782
FixedParameters: 0 0 0
#Transform 35
Transform: MatrixOffsetTransformBase_double_3_3
Parameters: 0.9999970346581672 -0.0018643252658233334 -0.00157781725142531 0.0018601386184411784 0.9999940084770255 -0.0027849580965879223 0.001582823504183104 0.002782038501813633 0.9999945303932535 0.09133014232109815 0.06291598466316373 -0.639388951346433
FixedParameters: 0 0 0
#Transform 36
Transform: MatrixOffsetTransformBase_double_3_3
Parameters: 0.9999989201995207 -0.0011228066904626973 -0.0013485177088186952 0.001121828100678963 0.9999987420782228 -0.0010744512631723907 0.0013497813027025796 0.0010735499647503005 0.9999988711656448 0.06357078911975123 -0.010833937573238472 -0.49561292552240843
FixedParameters: 0 0 0
#Transform 37
Transform: MatrixOffsetTransformBase_double_3_3
Parameters: 0.9999985833741659 -0.0008973503493955623 -0.0012692999308831373 0.0008961192616846376 0.9999987374075706 -0.0012410701108248462 0.0012703775874076827 0.0012399309846590767 0.9999987682817758 0.08904479104056406 0.010242905736447483 -0.6315165062735417
FixedParameters: 0 0 0
#Transform 38
Transform: MatrixOffsetTransformBase_double_3_3
Parameters: 0.9999965976212302 -0.0018740836581505054 -0.0017001678492498328 0.0018697454629380604 0.9999951623985955 -0.0023592015097121943 0.0017047052895286976 0.0023557941259379073 0.9999953195874699 0.07729147629216016 0.0305182342032424 -0.627543790602914
FixedParameters: 0 0 0
#Transform 39
Transform: MatrixOffsetTransformBase_double_3_3
Parameters: 0.9999985577795142 -0.0010943629638446599 -0.0014981948882374012 0.0010944588390857215 0.999998956397492 0.00003142384205667703 0.0014981248423671886 -0.000032576001577952485 0.9999985993343413 0.06304729552330457 -0.008502013628060467 -0.45517720972456743
FixedParameters: 0 0 0
#Transform 40
Transform: MatrixOffsetTransformBase_double_3_3
Parameters: 0.9999980984695537 -0.001278474200533252 -0.0015059562922401723 0.0012766217692530626 0.9999980174904167 -0.0012278608475469327 0.0015069470668382955 0.0012261387635241344 0.9999980699177351 0.09868556008188989 0.014179584848776017 -0.6853168957614457
FixedParameters: 0 0 0
#Transform 41
Transform: MatrixOffsetTransformBase_double_3_3
Parameters: 0.9999989786612379 -0.0014479028814308294 -0.0009619659345991835 0.0014466099675485206 0.9999974505134961 -0.0015913995495362154 0.0009634281443947453 0.0015896017666337248 0.9999984687580643 0.0974649287647793 -0.008223989161280088 -0.5892041123657066
FixedParameters: 0 0 0
#Transform 42
Transform: MatrixOffsetTransformBase_double_3_3
Parameters: 0.9999986088907107 -0.0011741644333272691 -0.0014186071609466047 0.001173233567529002 0.9999996643809036 -0.0003286762221101497 0.0014193771032298024 0.000327322794742263 0.999998729342107 0.06559506966603124 -0.00663326633693373 -0.4578177558621235
FixedParameters: 0 0 0
#Transform 43
Transform: MatrixOffsetTransformBase_double_3_3
Parameters: 0.9999982945090985 -0.0014415769459648823 -0.0012757221371420197 0.001439043573460022 0.9999967693961606 -0.002075850579327479 0.0012784829387961296 0.0020741492405077916 0.9999969138460685 0.10776026467245003 0.04801258893569127 -0.6835873579595244
FixedParameters: 0 0 0
#Transform 44
Transform: MatrixOffsetTransformBase_double_3_3
Parameters: 0.9999984573975705 -0.0013209744267478054 -0.0008928084530587452 0.0013204466169353653 0.9999985626038073 -0.0013282609389468347 0.0008941706111905432 0.0013267400766453913 0.999998370276328 0.08960234545770618 -0.020350179775803667 -0.5619157104065238
FixedParameters: 0 0 0
#Transform 45
Transform: MatrixOffsetTransformBase_double_3_3
Parameters: 0.999998021839504 -0.00117094572174338 -0.0012672689348146244 0.0011707575259932168 0.9999994853140207 -0.00046849012103800103 0.0012682886992769215 0.0004665101120278903 0.9999990994124877 0.06443096337386578 0.0061417603248230535 -0.488113865900047
FixedParameters: 0 0 0
#Transform 46
Transform: MatrixOffsetTransformBase_double_3_3
Parameters: 0.9999974553143326 -0.0018035500344690484 -0.0011365908047093645 0.0018004106197471305 0.9999954204703795 -0.002560144231479919 0.00114160148375057 0.0025588556994083494 0.9999959327276262 0.0932452032054698 0.052796765473672735 -0.6531071945581743
FixedParameters: 0 0 0
#Transform 47
Transform: MatrixOffsetTransformBase_double_3_3
Parameters: 0.9999979424572233 -0.0014309446073471645 -0.0010048354346290415 0.0014308225674822812 0.9999987574538496 -0.0005204442635997619 0.0010052499560183707 0.0005185568182083933 0.9999996452417727 0.08113859314748595 -0.003790537767343949 -0.47624685256170096
FixedParameters: 0 0 0
#Transform 48
Transform: MatrixOffsetTransformBase_double_3_3
Parameters: 0.9999987087505335 -0.001191963626325976 -0.0009334856761329023 0.0011898518000720039 0.9999981490225305 -0.001584118694535383 0.0009351879324002177 0.0015828820319029324 0.9999985447763905 0.0964757793568225 0.0027155169743053875 -0.6133833098459576
FixedParameters: 0 0 0
#Transform 49
Transform: MatrixOffsetTransformBase_double_3_3
Parameters: 0.9999972181015587 -0.0018036336080089913 -0.0012364593204551467 0.0018002874088304983 0.9999940119449499 -0.002810243153685693 0.001241296922154335 0.0028077558347462533 0.999995425147529 0.09676453592014411 0.015121022576650489 -0.6062997941639594
FixedParameters: 0 0 0
#Transform 50
Transform: MatrixOffsetTransformBase_double_3_3
Parameters: 0.9999991625586135 -0.0012184840097504944 -0.0005944931331061905 0.0012175756454449722 0.999999094845541 -0.0007008045865542906 0.0005952024034665262 0.0007001947227190802 0.9999990863127337 0.0656692750706327 -0.026557635609933072 -0.47022961939249797
FixedParameters: 0 0 0
#Transform 51
Transform: MatrixOffsetTransformBase_double_3_3
Parameters: 0.9999990969226163 -0.0009957194153148133 -0.0009548434190587216 0.0009941790616650483 0.999998424604816 -0.0012889553448111601 0.0009563352374310092 0.0012880425745369767 0.999998351853215 0.10330696248229287 0.0027398935559972415 -0.6717240611325366
FixedParameters: 0 0 0
#Transform 52
Transform: MatrixOffsetTransformBase_double_3_3
Parameters: 0.9999980638739981 -0.0014877559120057818 -0.0008501468180460842 0.0014862900105233178 0.9999973226589378 -0.0019003522169836196 0.0008526559961877176 0.0018996480857147863 0.9999975212027594 0.08927119645925075 -0.025819229622541684 -0.5575247699033241
FixedParameters: 0 0 0
#Transform 53
Transform: MatrixOffsetTransformBase_double_3_3
Parameters: 0.9999992820160444 -0.0011497850401359462 -0.000628961346999078 0.0011500209465490924 0.9999994492963014 -0.0005458040912584006 0.0006291437237674215 0.0005451966137709346 0.9999992375787854 0.08537415925759717 0.008245110723066773 -0.5042473751954333
FixedParameters: 0 0 0
#Transform 54
Transform: MatrixOffsetTransformBase_double_3_3
Parameters: 0.9999984526467401 -0.0014196516688111034 -0.000728982829289675 0.0014188288290678907 0.9999987016378477 -0.0011951221910641296 0.0007313026470656571 0.0011948776727801896 0.9999988949566496 0.12042967273841043 0.04058420277195296 -0.6607467907626585
FixedParameters: 0 0 0
#Transform 55
Transform: MatrixOffsetTransformBase_double_3_3
Parameters: 0.9999979316793414 -0.001670994912419666 -0.0011301966463528588 0.0016699251462375638 0.9999981654930404 -0.0004408993840763764 0.0011306694612051964 0.0004391002064369903 0.9999993789862018 0.0958835768356181 0.012301782407050155 -0.4590402774965696
FixedParameters: 0 0 0
#Transform 56
Transform: MatrixOffsetTransformBase_double_3_3
Parameters: 0.9999985568330401 -0.0014672603291287754 -0.0005398988274559748 0.0014652090316953203 0.9999954859852205 -0.002537800646460295 0.0005432762615395659 0.0025372012129460386 0.9999971930023362 0.10624829426829763 0.02762330027442772 -0.6278668852833391
FixedParameters: 0 0 0
#Transform 57
Transform: MatrixOffsetTransformBase_double_3_3
Parameters: 0.9999986033817795 -0.0015767303913058084 -0.0009535470734035951 0.0015745035273506682 0.999994772234522 -0.002612510066617446 0.0009585600463105486 0.002610486069261106 0.9999961912583892 0.08254303228818571 0.020974846340507725 -0.5689826196751966
FixedParameters: 0 0 0
#Transform 58
Transform: MatrixOffsetTransformBase_double_3_3
Parameters: 0.9999999312472564 -0.0009217834510865467 -0.0004680477073022054 0.0009216186384736143 1.0000001138695234 -0.00017650629969906406 0.00046837214253938616 0.00017549366519428733 0.9999997554259956 0.056170062892462624 0.009979685598764831 -0.4147995668352138
FixedParameters: 0 0 0
#Transform 59
Transform: MatrixOffsetTransformBase_double_3_3
Parameters: 0.9999982561983919 -0.0014895226566633043 -0.000724986475327864 0.0014877919976639218 0.9999962952121398 -0.0023581624182938826 0.0007278668058280312 0.002356838836568273 0.9999968453476608 0.09807354352646769 0.05236014117032539 -0.6769161806069803
FixedParameters: 0 0 0
#Transform 60
Transform: MatrixOffsetTransformBase_double_3_3
Parameters: 0.9999990915576342 -0.0013241472163614144 -0.00039341104043607683 0.001323517296512629 0.999997817828088 -0.0018706038825029997 0.0003962941498305682 0.001870397668097809 0.9999982761769418 0.08916621470204689 -0.01791242369530721 -0.5581238336901322
FixedParameters: 0 0 0
#Transform 61
Transform: MatrixOffsetTransformBase_double_3_3
Parameters: 0.9999995494919233 -0.0010668681294452725 -0.0005590660876831131 0.0010660555399556561 0.9999986577396562 -0.0014836719500151002 0.000560159862494475 0.0014823288036800303 0.9999984931695077 0.0892819827716238 -0.01234499162868019 -0.5456529890853687
FixedParameters: 0 0 0
#Transform 62
Transform: MatrixOffsetTransformBase_double_3_3
Parameters: 0.9999983772256027 -0.0016658412022687672 -0.0009209790984434013 0.001662988190649321 0.9999946001435953 -0.0029626241822237886 0.0009256282513326137 0.0029613786354159566 0.9999952301314292 0.10765774802617045 0.028275778683223507 -0.6459169884223996
FixedParameters: 0 0 0
#Transform 63
Transform: MatrixOffsetTransformBase_double_3_3
Parameters: 0.999998887325322 -0.0013134830827262888 -0.0006220053046610368 0.001314147884541798 0.9999992254163039 -0.00020789237360510637 0.000621477056470536 0.00020610913000812525 0.9999995762111802 0.084609003930467 -0.005345830316613842 -0.4176167228878285
FixedParameters: 0 0 0
#Transform 64
Transform: MatrixOffsetTransformBase_double_3_3
Parameters: 0.999999789637862 -0.0010682845538021808 -0.0002642319665153777 0.001067418637290523 0.999998105197825 -0.0013522878979876918 0.00026512613135110216 0.0013527113798466467 0.9999990259259958 0.11298641184005476 0.026599391571721753 -0.6151739909771123
FixedParameters: 0 0 0
#Transform 65
Transform: MatrixOffsetTransformBase_double_3_3
Parameters: 0.9999984918908316 -0.001739999929272149 -0.0006931375783107015 0.0017380962060774075 0.9999953548375055 -0.0025872911033148205 0.0006979949937087326 0.002585711074868949 0.9999967570492508 0.10162812438072422 0.026200071244787182 -0.5614549912852738
FixedParameters: 0 0 0
#Transform 66
Transform: MatrixOffsetTransformBase_double_3_3
Parameters: 0.9999993860170243 -0.001241863068701786 -0.000266269293997105 0.0012421858405163241 0.9999981984844671 -0.0011223315869745842 0.00026798423038112013 0.0011216680323155176 0.9999996697634668 0.0808250457662325 0.01498093569406933 -0.3843835121505492
FixedParameters: 0 0 0
#Transform 67
Transform: MatrixOffsetTransformBase_double_3_3
Parameters: 0.9999991782593424 -0.0012100876942171082 -0.0005974568673163027 0.001209470014444708 0.9999989504910753 -0.0012868047250996634 0.0005994974623075892 0.0012861958970313975 0.999998917600354 0.10221388331309811 0.05018722994564939 -0.6896027777961251
FixedParameters: 0 0 0
#Transform 68
Transform: MatrixOffsetTransformBase_double_3_3
Parameters: 0.9999991857156092 -0.001330783042848608 -0.0002064073566351206 0.0013308715840813852 0.9999979655790388 -0.001825358133644206 0.0002091968598586409 0.0018256442606138373 0.9999985552236001 0.0951728726919896 -0.006562323776705625 -0.5451855637014091
FixedParameters: 0 0 0
#Transform 69
Transform: MatrixOffsetTransformBase_double_3_3
Parameters: 0.9999992674609827 -0.0008310825295576629 -0.00020386152355606434 0.000831227113396196 0.999998350768998 -0.0017201712458132096 0.00020465134691055524 0.0017198317103470084 0.9999989998816011 0.10272706185092773 -0.005672762977312118 -0.5672628990209034
FixedParameters: 0 0 0
#Transform 70
Transform: MatrixOffsetTransformBase_double_3_3
Parameters: 0.9999980169025712 -0.0016320765873642801 -0.0005654166254491803 0.0016302517998933632 0.9999942840763244 -0.0030330132431147516 0.0005701754095166433 0.003032988882568269 0.9999953345859866 0.10041668442963214 0.044939152184127806 -0.6474404364761739
FixedParameters: 0 0 0
#Transform 71
Transform: MatrixOffsetTransformBase_double_3_3
Parameters: 0.999999185210561 -0.001095619262447211 -0.0007832906950483747 0.0010960491819359426 0.999999816992196 0.00022606129983257506 0.0007837914625411124 -0.00022693934183097564 0.999999265614021 0.08041528679831345 0.025523268184485914 -0.4086039823158245
FixedParameters: 0 0 0
#Transform 72
Transform: MatrixOffsetTransformBase_double_3_3
Parameters: 0.9999986262963174 -0.0014739502625834712 -0.00044879312893528894 0.00147286864983835 0.9999966607702792 -0.00205874297185471 0.0004517926252356999 0.0020582552611169425 0.9999974906712504 0.10072616507341081 0.05018619928391388 -0.6852818224871129
FixedParameters: 0 0 0
#Transform 73
Transform: MatrixOffsetTransformBase_double_3_3
Parameters: 0.9999990487333495 -0.0013967923252391136 -0.000022195899105726313 0.0013965706535219507 0.9999976843525321 -0.0015361067490386043 0.000024492132793093052 0.00153589200691015 0.9999986457857156 0.09999747940713632 -0.01757921744926705 -0.5421706542987437
FixedParameters: 0 0 0
#Transform 74
Transform: MatrixOffsetTransformBase_double_3_3
Parameters: 0.9999994832359804 -0.0012051696875839267 0.00025299821746737163 0.0012058140856835847 0.9999979841903293 -0.001575764891980705 -0.00025119408536752614 0.0015752344022793296 0.999998534641629 0.09822123324677534 0.010790076755156974 -0.5546387292494899
FixedParameters: 0 0 0
#Transform 75
Transform: MatrixOffsetTransformBase_double_3_3
Parameters: 0.9999982539835516 -0.0015249562558198064 -0.000648562132057972 0.0015231799689996376 0.9999956307680143 -0.0026680732922902545 0.0006525543536859983 0.002666929521118175 0.9999963920604679 0.09310707820833386 0.04880544673457621 -0.6589343827989183
FixedParameters: 0 0 0
#Transform 76
Transform: MatrixOffsetTransformBase_double_3_3
Parameters: 0.9999988903489032 -0.0015960163145337524 -0.0007499206963086919 0.0015955052442938099 0.9999984067500599 -0.0003412771936467246 0.0007510074029349175 0.0003397212907284425 0.9999992517187738 0.08367297189317924 0.018505339634174334 -0.46644682566493145
FixedParameters: 0 0 0
#Transform 77
Transform: MatrixOffsetTransformBase_double_3_3
Parameters: 0.999999408302339 -0.0012612754732577204 0.000031770169445991976 0.0012612282951301546 0.9999976677274804 -0.0016760406363205832 -0.000029535564178668475 0.0016769571815968276 0.9999981192684162 0.12829419876929649 0.05611774423324789 -0.6196176789886323
FixedParameters: 0 0 0
#Transform 78
Transform: MatrixOffsetTransformBase_double_3_3
Parameters: 0.9999974932415053 -0.00204361722335682 -0.0005744864420431817 0.002042399867664783 0.9999948453808827 -0.0024593332971506038 0.0005793960506657958 0.002457665586604485 0.9999965593871017 0.11516022540982362 0.04970951325051942 -0.5699003110777738
FixedParameters: 0 0 0
#Transform 79
Transform: MatrixOffsetTransformBase_double_3_3
Parameters: 0.9999992218466167 -0.0008755230637009099 -0.00010775965993177487 0.0008755484695982087 0.9999992195130167 0.00011790564940387938 0.00010755302991127659 -0.00011809416366283243 0.9999999744856218 0.11523787933334972 0.043716476991193076 -0.44731124004080414
FixedParameters: 0 0 0
#Transform 80
Transform: MatrixOffsetTransformBase_double_3_3
Parameters: 0.9999981805943109 -0.0016569869278242957 -0.00027157516568916196 0.0016563593671061903 0.9999954608889222 -0.0024215329659801332 0.00027553472648801446 0.0024214658058661215 0.9999969923583689 0.10263948409443913 0.08262576130476873 -0.6920125416834821
FixedParameters: 0 0 0
#Transform 81
Transform: MatrixOffsetTransformBase_double_3_3
Parameters: 0.9999987410673732 -0.0015020858438176815 -0.00005166116769425374 0.0015020955284414273 0.9999987292642892 0.00009384772526077612 0.00005137876841784636 -0.00009415203639362435 0.9999999941311242 0.10757027737099634 0.02794828159390761 -0.44995967540629067
FixedParameters: 0 0 0
#Transform 82
Transform: MatrixOffsetTransformBase_double_3_3
Parameters: 0.9999980371751337 -0.0017201449274890958 0.00006420477019025276 0.001720142150181343 0.9999968919359251 -0.0017729676166607783 -0.00006109669170198223 0.0017730336201945002 0.9999988581693763 0.13278482581327467 0.03885972342963839 -0.667248995673134
FixedParameters: 0 0 0
#Transform 83
Transform: MatrixOffsetTransformBase_double_3_3
Parameters: 0.9999980964742908 -0.001971522844545989 -0.0001255534828494009 0.001971701445593718 0.9999960411236051 -0.0020334065018975805 0.00012950831750537387 0.002033593307896764 0.9999977850900678 0.1080342504893963 0.030518884405324798 -0.5966636817957465
FixedParameters: 0 0 0
#Transform 84
Transform: MatrixOffsetTransformBase_double_3_3
Parameters: 0.999999602469397 -0.0010394463110859743 0.0005631005023714792 0.0010400504835713484 0.9999996249303879 -0.0005364894963470895 -0.0005619838173175519 0.0005375097669963469 0.9999994008013497 0.09488036806779121 0.007250546525810364 -0.49046985109278296
FixedParameters: 0 0 0
#Transform 85
Transform: MatrixOffsetTransformBase_double_3_3
Parameters: 0.9999988541750736 -0.001394966702799782 0.00044830356182381435 0.001394803995726388 0.9999989406266677 -0.001016445849203379 -0.0004463899691925108 0.0010165555526954195 0.9999998470013652 0.12565739499063966 0.05283264517287023 -0.6714385751174206
FixedParameters: 0 0 0
#Transform 86
Transform: MatrixOffsetTransformBase_double_3_3
Parameters: 0.9999986826748319 -0.0015154802806587914 0.00014367544488746807 0.00151560100261534 0.9999985194266452 -0.0004218573593779418 -0.0001423963349914716 0.00042214137850234146 0.9999998070805424 0.09502458944776038 0.03638907076016551 -0.5215507890985833
FixedParameters: 0 0 0
#Transform 87
Transform: MatrixOffsetTransformBase_double_3_3
Parameters: 0.999999377242542 -0.0011446037703321075 0.0005583005079244167 0.0011462510407449988 0.9999980894403655 -0.0016113623051913772 -0.0005566020207200985 0.0016126393493276492 0.9999990907064922 0.09936148530344724 0.037036383963766184 -0.558769371078057
FixedParameters: 0 0 0
#Transform 88
Transform: MatrixOffsetTransformBase_double_3_3
Parameters: 0.9999983754416794 -0.0019029098610935833 -0.000052758420724715265 0.0019031224031593424 0.9999933423152669 -0.003017186509836886 0.00005818506235074785 0.003017814609264563 0.999995822453043 0.10592270736027842 0.0710031507898492 -0.6267410806410822
FixedParameters: 0 0 0
#Transform 89
Transform: MatrixOffsetTransformBase_double_3_3
Parameters: 0.9999995188895213 -0.0012132471098056092 0.00009559216100278997 0.0012132280408632958 0.9999994371676836 -0.00029195905951028 -0.00009588082002737522 0.0002920418267295666 0.999999911193494 0.08275384979938849 0.029167984316742945 -0.416074337174436
FixedParameters: 0 0 0
#Transform 90
Transform: MatrixOffsetTransformBase_double_3_3
Parameters: 0.9999989859407274 -0.001413859068807278 -0.0001255320947573742 0.001413124600604777 0.999996964337763 -0.0020082541027524325 0.0001282171252299469 0.0020077458959960465 0.9999979574628326 0.10715566979865798 0.05060095355148064 -0.6456958256197964
FixedParameters: 0 0 0
#Transform 91
Transform: MatrixOffsetTransformBase_double_3_3
Parameters: 0.9999991081311684 -0.0013298098063218684 0.00035033213799471333 0.0013314584558264712 0.9999959876549398 -0.002689613057847859 -0.0003461648682956508 0.0026903903125825718 0.9999966482345308 0.12909428461317418 0.022952660801919933 -0.58724027325934
FixedParameters: 0 0 0
#Transform 92
Transform: MatrixOffsetTransformBase_double_3_3
Parameters: 0.9999990400870281 -0.0008313654671698767 0.0011258504416016828 0.0008335331796915058 0.9999990639943832 -0.001472058640811319 -0.001125318272187588 0.0014729438707227205 0.9999986395723441 0.1293662166843319 0.004957871231354716 -0.509785559326474
FixedParameters: 0 0 0
#Transform 93
Transform: MatrixOffsetTransformBase_double_3_3
Parameters: 0.9999983471823923 -0.0015523012335567881 -0.000493161055312307 0.001550745622143472 0.9999933994591024 -0.0032038475185305892 0.0004979658081709936 0.0032031489813984237 0.9999944228438026 0.12466261111200083 0.1249291727917381 -0.7381570761208422
FixedParameters: 0 0 0
#Transform 94
Transform: MatrixOffsetTransformBase_double_3_3
Parameters: 0.9999987705898465 -0.0014909463512341782 -0.00008414934059597601 0.001490338307727756 0.9999968027368957 -0.002228277253456895 0.00008780009237101219 0.0022277218687428713 0.9999970398695125 0.12093523288129404 -0.012912497038314541 -0.6533268319501246
FixedParameters: 0 0 0
#Transform 95
Transform: MatrixOffsetTransformBase_double_3_3
Parameters: 0.9999983269935213 -0.0015728510654463305 0.0004458881504524548 0.001573166964036961 0.9999982529658057 -0.00043836804254591966 -0.0004455058119946831 0.00043863192360096837 0.9999996894631222 0.12962104378748052 -0.05050513376620813 -0.5234504128289643
FixedParameters: 0 0 0
#Transform 96
Transform: MatrixOffsetTransformBase_double_3_3
Parameters: 0.9999994555104982 -0.0009260920874081164 0.000828303530458168 0.0009269158172968352 0.9999997668928297 -0.0005423017606965425 -0.0008282954631102551 0.0005426983152079373 0.9999991000051597 0.16116734066331162 -0.008257595368704074 -0.514493358464776
FixedParameters: 0 0 0
#Transform 97
Transform: MatrixOffsetTransformBase_double_3_3
Parameters: 0.9999985337058072 -0.0014724145076010428 0.000544970386682379 0.0014743766295479742 0.9999967753220834 -0.002011273188816179 -0.0005420329946645405 0.002012725247062766 0.9999976620858831 0.16676238525964493 0.04243610688737931 -0.6717450672289118
FixedParameters: 0 0 0
#Transform 98
Transform: MatrixOffsetTransformBase_double_3_3
Parameters: 0.9999982140717022 -0.0013382689582228254 0.000997288336546403 0.0013387332422551217 0.9999984060092173 -0.0008076547402589423 -0.0009970447132651035 0.0008083466476558471 0.9999995023325376 0.1661130128916426 0.03699229220381994 -0.5000168762472299
FixedParameters: 0 0 0
#Transform 99
Transform: MatrixOffsetTransformBase_double_3_3
Parameters: 0.9999988769094417 -0.0013009737542039918 0.0011961814139659316 0.0013020868831539266 0.9999983210821052 -0.000913432287528021 -0.001194724427516307 0.0009145666143616643 0.9999988850347553 0.1691642112852918 0.09716248915290748 -0.4706522932905983
FixedParameters: 0 0 0
#Transform 100
Transform: MatrixOffsetTransformBase_double_3_3
Parameters: 0.999999094961851 -0.001379643913156125 -0.00004552262122777074 0.0013792014532869898 0.9999967831297575 -0.0023041414486542483 0.000048887452688473365 0.0023038616837030984 0.9999976949740251 0.15260538893444675 0.11221075635469901 -0.663374848869708
FixedParameters: 0 0 0
#Transform 101
Transform: MatrixOffsetTransformBase_double_3_3
Parameters: 0.9999994468433995 -0.001195898380528099 -0.00035069019983101596 0.0011955189350867142 0.9999992730564896 -0.0005404944069238998 0.0003519815604572274 0.0005395046807396414 0.9999995905873043 0.17177040400434862 0.06143822190135495 -0.528499363665162
FixedParameters: 0 0 0
#Transform 102
Transform: MatrixOffsetTransformBase_double_3_3
Parameters: 0.9999990372515396 -0.0006488383192981128 0.0007355762850287636 0.0006505574336999446 0.9999990894866696 -0.001219522088301478 -0.0007349882089654098 0.0012204775138930646 0.9999989709634158 0.17602753508070634 0.03436463678575308 -0.5519998629910106
FixedParameters: 0 0 0
#Transform 103
Transform: MatrixOffsetTransformBase_double_3_3
Parameters: 0.9999984088573695 -0.0018950753622643127 0.000021127608668617328 0.0018947985666655756 0.9999945426482945 -0.002632117939084036 -0.00001613667663086699 0.0026328782417304186 0.9999960060707117 0.17870769951562693 0.049767088397587145 -0.7360482692391201
FixedParameters: 0 0 0
#Transform 104
Transform: MatrixOffsetTransformBase_double_3_3
Parameters: 0.9999986700068723 -0.0013301581283289344 0.0012493775649368623 0.0013310677888624181 0.9999985250534349 -0.0007923324573033547 -0.0012481880928539974 0.0007946669987571459 0.9999988856683124 0.20954748006619184 -0.04181860101702739 -0.5542253301687765
FixedParameters: 0 0 0
#Transform 105
Transform: MatrixOffsetTransformBase_double_3_3
Parameters: 0.9999993306725848 -0.0010285327210066044 0.0007815021107860334 0.0010301631811843568 0.9999987479730466 -0.0010911958059015153 -0.0007802512028562161 0.0010928033969468398 0.999999197771024 0.21628249413362255 -0.011385630987618356 -0.7181079906346497
FixedParameters: 0 0 0
#Transform 106
Transform: MatrixOffsetTransformBase_double_3_3
Parameters: 0.9999995511534339 -0.0011034907778335473 0.0004815555920231133 0.0011036542325828205 0.9999990492207099 -0.0012855394069086062 -0.000479640516030129 0.0012854618655012556 0.999999196908388 0.18111603622929806 -0.01860955150905852 -0.6306390780730595
FixedParameters: 0 0 0
#Transform 107
Transform: MatrixOffsetTransformBase_double_3_3
Parameters: 0.9999998870833547 -0.0006685755007549043 0.0008155737908711438 0.0006688342430283893 0.9999994362452428 -0.000204448885748304 -0.0008162974790813844 0.0002045513699641538 0.999999367197617 0.192118306972759 0.0002788902950356942 -0.5241122533850131
FixedParameters: 0 0 0
#Transform 108
Transform: MatrixOffsetTransformBase_double_3_3
Parameters: 0.9999986662863111 -0.0015267975037307493 0.000035202659492320664 0.0015277604758469657 0.999997696497084 -0.0017220244892101055 -0.000032012056941173176 0.0017219776130314446 0.9999990392101193 0.1880040457665899 0.0574144512172694 -0.7183494695566708
FixedParameters: 0 0 0
#Transform 109
Transform: MatrixOffsetTransformBase_double_3_3
Parameters: 0.999997573799506 -0.001921883752536933 0.0008554018210431846 0.001923941231833445 0.9999962803804409 -0.0019644967487771753 -0.0008517585302798607 0.0019655028946165 0.9999975709539438 0.1909784507367931 0.048378690663639645 -0.5588527064425222
FixedParameters: 0 0 0
#Transform 110
Transform: MatrixOffsetTransformBase_double_3_3
Parameters: 0.9999982855661362 -0.0009836380726737615 0.0016574230049629002 0.0009864998136958243 0.99999760236703 -0.0018112820494281118 -0.0016556225482711121 0.0018127176576056836 0.9999971165002385 0.21070383665504266 0.08268695284644423 -0.546119213495615
FixedParameters: 0 0 0
#Transform 111
Transform: MatrixOffsetTransformBase_double_3_3
Parameters: 0.9999981430216707 -0.0018923216467179134 -0.0005251089731032606 0.0018913802871672583 0.9999956591184983 -0.0024291590590451856 0.0005291637147824617 0.002428842975293652 0.999996683787885 0.1683652548085064 0.11646568372697175 -0.7261774574387374
FixedParameters: 0 0 0
#Transform 112
Transform: MatrixOffsetTransformBase_double_3_3
Parameters: 0.9999989184242419 -0.0011606901106219077 0.0008574866339144565 0.0011614123795420498 0.9999977765769861 -0.0016730004882484634 -0.0008554450077152306 0.0016740005370935729 0.9999985406343184 0.1803236254959728 -0.0011992230687383199 -0.5659925753191146
FixedParameters: 0 0 0
#Transform 113
Transform: MatrixOffsetTransformBase_double_3_3
Parameters: 1.0000000680547372 -0.0008229854906288774 0.000505032510669602 0.0008229760727676829 0.9999992138881953 -0.0010525853081165132 -0.0005042215225491783 0.001053415906056232 0.9999996365460456 0.1968695333779351 0.03885265870918886 -0.673492578616532
FixedParameters: 0 0 0
#Transform 114
Transform: MatrixOffsetTransformBase_double_3_3
