#Insight Transform File V1.0
#Transform 0
Transform: MatrixOffsetTransformBase_double_3_3
Parameters: 0.9999991402508391 -0.0009258833678965103 0.000050095878115535825 0.0009259706892396139 0.9999984013115071 -0.0016540288164142575 -0.00004803009759865351 0.0016539701407787127 0.9999982675041308 0.022864266773680697 -0.10285170677295241 -0.1279169409392722
FixedParameters: 0 0 0
#Transform 1
Transform: MatrixOffsetTransformBase_double_3_3
Parameters: 0.9999993060326418 -0.0008048423466178871 0.00021611300420333162 0.00080430629855097 0.9999983504278899 -0.001414826174787609 -0.00021575545220996035 0.0014151736469866782 0.999998951152306 -0.03863896910527842 -0.125398155017578 -0.08325594273215131
FixedParameters: 0 0 0
#Transform 2
Transform: MatrixOffsetTransformBase_double_3_3
Parameters: 0.999999704493591 -0.00015478985140865182 0.0005212870207078707 0.00015494216843926233 0.999999759401753 -0.0011029200940196743 -0.0005208704081430575 0.001103081490251706 0.9999995118713618 -0.034243979998478835 -0.07568860082832884 -0.039828705454056035
FixedParameters: 0 0 0
#Transform 3
Transform: MatrixOffsetTransformBase_double_3_3
Parameters: 0.9999998569335937 -0.0003758695645559017 0.00004212972464205111 0.00037597793797251503 0.9999970494214536 -0.0021929823840786677 -0.00004147810834909667 0.0021930138170520447 0.999997189010948 0.03190491066131074 -0.06288334958834696 -0.20872434656043026
FixedParameters: 0 0 0
#Transform 4
Transform: MatrixOffsetTransformBase_double_3_3
Parameters: 0.9999993393948036 -0.0006392205223311856 0.0005017707051266779 0.0006401972116625881 0.9999980992111338 -0.0021177546227550276 -0.0005009802901079783 0.002118246559518158 0.9999972683219581 -0.04446974413841076 -0.09337502027631217 -0.0708332629561852
FixedParameters: 0 0 0
#Transform 5
Transform: MatrixOffsetTransformBase_double_3_3
Parameters: 0.999999852535294 -0.000018650943988338886 0.0003835583057289788 0.000019944962749132773 0.9999981536525413 -0.0016869909217297058 -0.0003834931946912278 0.001687005726423857 0.999998006946568 -0.014412054461431012 -0.08207808445926901 -0.2454994533909911
FixedParameters: 0 0 0
#Transform 6
Transform: MatrixOffsetTransformBase_double_3_3
Parameters: 0.9999993401240701 -0.0007539577747278951 0.00030283349923745353 0.000753942751114188 0.9999979271620819 -0.001871772607334496 -0.00030193010125237465 0.0018722285716630538 0.9999984041844439 0.0160265616688946 -0.06978917338777535 -0.21069417147344893
FixedParameters: 0 0 0
#Transform 7
Transform: MatrixOffsetTransformBase_double_3_3
Parameters: 0.9999990898275275 -0.000804976784224436 0.0005124224092160959 0.0008058778439256992 0.9999975535362471 -0.0019295819613915771 -0.0005102364703670075 0.0019294168862967892 0.9999980903444129 -0.06892373349265313 -0.14739556840559942 -0.07844424354014734
FixedParameters: 0 0 0
#Transform 8
Transform: MatrixOffsetTransformBase_double_3_3
Parameters: 0.9999991679498512 -0.0013168346601175518 -0.000314293578204767 0.0013150698007178714 0.9999921357463314 -0.0037684967136978192 0.0003191510376257477 0.0037685023523211097 0.9999926289088281 0.0018807338018973496 -0.0787465188547003 -0.49265772328865864
FixedParameters: 0 0 0
#Transform 9
Transform: MatrixOffsetTransformBase_double_3_3
Parameters: 0.9999998625503321 -0.0010514361784586235 0.00017814625081391717 0.0010518904590931593 0.9999979116934902 -0.001703881921564121 -0.0001765576069149602 0.0017031166613244025 0.999998147029318 0.0012351217545045756 -0.16129055698380057 -0.12976142031570248
FixedParameters: 0 0 0
#Transform 10
Transform: MatrixOffsetTransformBase_double_3_3
Parameters: 0.9999991220930327 -0.00034519140564712246 0.0008710494747781102 0.00034616139971448666 0.9999988354706876 -0.00174470014135647 -0.0008706902923410879 0.0017453022225951825 0.9999981965622842 -0.039440698776758154 -0.1054668584996108 -0.18466002251211933
FixedParameters: 0 0 0
#Transform 11
Transform: MatrixOffsetTransformBase_double_3_3
Parameters: 0.999999827935739 -0.0010801021424282217 0.0000662909546657402 0.0010812048601032125 0.9999979888701623 -0.0019590053693804704 -0.00006412630316876076 0.0019589967734175845 0.9999981636898462 0.013123755023826789 -0.0753472967525397 -0.1866162956596753
FixedParameters: 0 0 0
#Transform 12
Transform: MatrixOffsetTransformBase_double_3_3
Parameters: 0.999999451159367 -0.00011114238783360169 0.0007326802176178299 0.00011165288063625837 0.9999980691031655 -0.0017098435551320679 -0.000732149280167671 0.0017101562714054858 0.9999985338516557 -0.033616378912824985 -0.11646579859333883 -0.0580683635114525
FixedParameters: 0 0 0
#Transform 13
Transform: MatrixOffsetTransformBase_double_3_3
Parameters: 0.9999993991060155 -0.0007663018049389612 0.00011644587685564537 0.0007666497676181435 0.9999977843771658 -0.002149986304696719 -0.00011514440072518217 0.0021500142806809563 0.9999973697156795 -0.03265578737244823 -0.05763672537803188 -0.19367988820685866
FixedParameters: 0 0 0
#Transform 14
Transform: MatrixOffsetTransformBase_double_3_3
Parameters: 0.9999991057317554 -0.0008989720883669002 0.00029425486656917024 0.0008991160618179076 0.9999972647120863 -0.002201804912738803 -0.0002922157651012341 0.0022011938871802084 0.9999971478042392 0.006086381454053935 -0.06295753592169717 -0.15586316193574135
FixedParameters: 0 0 0
#Transform 15
Transform: MatrixOffsetTransformBase_double_3_3
Parameters: 0.9999996239588493 -0.00045058001207674803 0.0004165328075332052 0.00045058028903259616 0.9999993593702108 -0.0011988129920167956 -0.00041537733861811806 0.0011991878358676433 0.999999389384395 -0.055618954692405964 -0.07413029653804415 -0.038784102991073155
FixedParameters: 0 0 0
#Transform 16
Transform: MatrixOffsetTransformBase_double_3_3
Parameters: 0.9999991376309847 -0.0008960614122289488 0.00024308977399869233 0.000896561423326305 0.9999984063744721 -0.0013377823347075213 -0.00024268561667483365 0.0013382177428991893 0.9999991507659657 0.01522844086871089 -0.053417589421471234 -0.3368961056079769
FixedParameters: 0 0 0
#Transform 17
Transform: MatrixOffsetTransformBase_double_3_3
Parameters: 0.9999991498556069 -0.0008845234420124375 0.00026166938436887616 0.0008843827427729321 0.9999979478059274 -0.0017877644000304227 -0.0002594296693194769 0.0017872365330094536 0.9999988117293558 -0.005995025498748419 -0.10232559890577875 -0.12840594286724638
FixedParameters: 0 0 0
#Transform 18
Transform: MatrixOffsetTransformBase_double_3_3
Parameters: 0.9999997751231766 -0.00012832548453775276 0.00045620908666247587 0.00012895535291172265 0.9999984323114876 -0.001864936522977645 -0.0004566515947943087 0.0018640651990953633 0.9999983900820504 -0.029617378890279156 -0.1228098846130905 -0.1265132684176251
FixedParameters: 0 0 0
#Transform 19
Transform: MatrixOffsetTransformBase_double_3_3
Parameters: 0.9999994479489381 -0.0007407435837287848 0.000057862704220391524 0.0007408471986666173 0.9999980144940126 -0.0015609564498477863 -0.00005654712739870644 0.0015610412062056767 0.999998560013159 0.032156775715080244 -0.06589582010683159 -0.31239073647246585
FixedParameters: 0 0 0
#Transform 20
Transform: MatrixOffsetTransformBase_double_3_3
Parameters: 0.9999990574600226 -0.0009640802308064515 0.00011423071855412996 0.000964383962100138 0.9999982623486682 -0.0016739649352387337 -0.00011199965555616542 0.0016740335411092183 0.9999981905566149 -0.06362104483933706 -0.15293708359395453 -0.0683148002146936
FixedParameters: 0 0 0
#Transform 21
Transform: MatrixOffsetTransformBase_double_3_3
Parameters: 0.9999993882759427 -0.0007088565120363412 0.0003301071185676605 0.0007097083941261366 0.9999985200753955 -0.0014057657517450306 -0.000329109802998331 0.0014062333252227721 0.9999989145272795 0.009293899100143221 -0.08606025792425953 -0.3292281540615676
FixedParameters: 0 0 0
#Transform 22
Transform: MatrixOffsetTransformBase_double_3_3
Parameters: 0.9999989646856604 -0.001285364790493354 0.000619224515664915 0.0012861777909605355 0.9999977525822673 -0.001585273482344371 -0.0006170667283334168 0.0015857247823772291 0.9999981844801467 0.012678355339133418 -0.09930352020208488 -0.25028198934290913
FixedParameters: 0 0 0
#Transform 23
Transform: MatrixOffsetTransformBase_double_3_3
Parameters: 0.9999997527020369 -0.0010105066340734081 0.0004758381634601091 0.0010109368924721138 0.9999982172103999 -0.0016595941298686578 -0.0004744019613704452 0.0016604050255031866 0.9999980242876834 -0.038053602412261966 -0.14194877192673516 -0.08074765697671182
FixedParameters: 0 0 0
#Transform 24
Transform: MatrixOffsetTransformBase_double_3_3
Parameters: 0.9999997835577202 -0.0003723655460984206 -0.0002794511312324387 0.0003716267239922279 0.9999994502687908 -0.001188104550104957 0.0002793378076445515 0.001187896684273243 0.9999995105984238 0.031860248845063666 -0.05572441535801431 -0.34021708525426675
FixedParameters: 0 0 0
#Transform 25
Transform: MatrixOffsetTransformBase_double_3_3
Parameters: 0.9999996686398385 -0.0010066197517793775 0.0005640490561853808 0.0010076095682196558 0.9999973104337255 -0.001897426793810969 -0.0005621464480481101 0.0018975722487454272 0.9999981571866876 -0.00745560432140735 -0.08946790394674053 -0.1581175959547494
FixedParameters: 0 0 0
#Transform 26
Transform: MatrixOffsetTransformBase_double_3_3
Parameters: 0.9999993126704674 -0.0008129511715076109 0.00016198664606136026 0.0008134197987982415 0.9999976676604356 -0.0019158688658064832 -0.00016086488942448134 0.0019161314068465995 0.9999983028894506 -0.0053245194500561865 -0.08883724673832205 -0.089871779041232
FixedParameters: 0 0 0
#Transform 27
Transform: MatrixOffsetTransformBase_double_3_3
Parameters: 0.9999997019037641 -0.00031880659114492894 -0.0004429154590551225 0.0003184710428053956 0.999998639453367 -0.001503140665551267 0.0004437983084701488 0.0015028581257869739 0.9999985444313977 0.020131997068276064 -0.04853970759373283 -0.3028211357848818
FixedParameters: 0 0 0
#Transform 28
Transform: MatrixOffsetTransformBase_double_3_3
Parameters: 0.9999995912350104 -0.00028587407301701884 0.0005716827152540928 0.00028702595710967363 0.9999980581965113 -0.0019458307075588266 -0.000571490345999973 0.001945169415601633 0.9999979630901216 -0.031159629639375908 -0.12070810550106614 -0.08250767298039818
FixedParameters: 0 0 0
#Transform 29
Transform: MatrixOffsetTransformBase_double_3_3
Parameters: 0.9999991091878769 -0.0008959283594209143 0.0002964742280538774 0.0008967985184603095 0.999998634100339 -0.0015988095974813904 -0.00029460484412695216 0.0015991898870434812 0.9999983614819621 0.005495709820749539 -0.0699324744288532 -0.27337505344860347
FixedParameters: 0 0 0
#Transform 30
Transform: MatrixOffsetTransformBase_double_3_3
Parameters: 0.9999997954379879 -0.0010786847453292227 0.0002021940358130994 0.0010792532582965398 0.9999982669940081 -0.0016008572473883848 -0.0001997363641914009 0.0016011413852286271 0.9999984020392886 0.02324374863474077 -0.0726842712174971 -0.2653686962615325
FixedParameters: 0 0 0
#Transform 31
Transform: MatrixOffsetTransformBase_double_3_3
Parameters: 0.9999995060649834 -0.00026907362902171925 0.0006495010873376833 0.0002701144346094548 0.9999984624124337 -0.0015698238294109684 -0.0006485795839994116 0.001570173786843529 0.9999981138528689 -0.043232766510385545 -0.15196679889112374 -0.06388605243921575
FixedParameters: 0 0 0
#Transform 32
Transform: MatrixOffsetTransformBase_double_3_3
Parameters: 0.9999992304881103 -0.0008717601399648411 0.00010191666655800137 0.0008709800091733635 0.9999981555708377 -0.0014439111087049122 -0.00010032235758010784 0.0014440873350717587 0.99999890464458 -0.00937214877539816 -0.09289239404542116 -0.25887861016100544
FixedParameters: 0 0 0
#Transform 33
Transform: MatrixOffsetTransformBase_double_3_3
Parameters: 0.9999992135382797 -0.0008861457639673135 0.00001924869238938926 0.0008871393668686931 0.9999972934521885 -0.0019799830800664026 -0.00001680974967374978 0.0019800150547477496 0.9999980792805299 -0.030220558000010556 -0.10855518792756413 -0.12250332564970279
FixedParameters: 0 0 0
#Transform 34
Transform: MatrixOffsetTransformBase_double_3_3
Parameters: 0.9999993912895648 -0.0007671849190757144 0.00014431922302516576 0.0007666267220801236 0.9999982005787614 -0.0017918907732396294 -0.00014249283804295678 0.0017921107329608443 0.9999987681740417 0.001932158286365393 -0.09355593663931927 -0.24879886289807018
FixedParameters: 0 0 0
#Transform 35
Transform: MatrixOffsetTransformBase_double_3_3
Parameters: 0.9999991697371071 -0.0009097935125054081 0.000050562766259317805 0.0009098504569151122 0.9999984218875708 -0.0013229543248857584 -0.0000491525640048734 0.0013230450498679935 0.9999992471900326 0.0062669461090933964 -0.08001497435785154 -0.25711909879976247
FixedParameters: 0 0 0
#Transform 36
Transform: MatrixOffsetTransformBase_double_3_3
Parameters: 0.9999996671417368 -0.00007816237240347354 0.0005717256953768738 0.00007957701471992661 0.9999975416683878 -0.002109953548492416 -0.0005713178864421035 0.0021100437029666214 0.9999972212686736 -0.02385535088569668 -0.10088884533479359 -0.11599064891365174
FixedParameters: 0 0 0
#Transform 37
Transform: MatrixOffsetTransformBase_double_3_3
Parameters: 0.9999998526926615 -0.0010335619437506422 0.00028081391330483636 0.0010343000953286462 0.9999988141476593 -0.0014527856123311839 -0.0002788064972687777 0.001453214688415333 0.9999988161231248 0.013504125353449581 -0.055380399863992125 -0.3196915482480449
FixedParameters: 0 0 0
#Transform 38
Transform: MatrixOffsetTransformBase_double_3_3
Parameters: 0.9999998314048584 -0.00031017360693402427 0.0002696614606106001 0.00031023042881185234 0.9999980660812332 -0.00195891665953625 -0.00026837110927234784 0.001959083560858388 0.9999980899535054 -0.033657381595176616 -0.12876563759719772 -0.06254609856618742
FixedParameters: 0 0 0
#Transform 39
Transform: MatrixOffsetTransformBase_double_3_3
Parameters: 0.9999993155927788 -0.0007787204947867871 0.00027992706527303407 0.0007787994974263933 0.999997565479173 -0.002195857149052821 -0.0002784261420134959 0.0021961424399501855 0.9999971052693917 0.008047203237296685 -0.060532623006665176 -0.24688993031755047
FixedParameters: 0 0 0
#Transform 40
Transform: MatrixOffsetTransformBase_double_3_3
Parameters: 0.9999982926415529 -0.0019013956775655195 -0.0003039074901169707 0.0018996187765553411 0.9999853318331556 -0.005012667091654488 0.0003138355869037193 0.005012332284576093 0.9999877101370116 -0.014496655539758763 0.021447619160696263 -0.4549125608736091
FixedParameters: 0 0 0
#Transform 41
Transform: MatrixOffsetTransformBase_double_3_3
Parameters: 0.9999988066300943 -0.0017628157313108372 0.0002924636701993377 0.0017634724751783581 0.9999979590730964 -0.0013856366640285778 -0.0002895706073333441 0.0013863638069489814 0.9999990055595177 -0.0010636174553724231 -0.1661372200248934 -0.24470435699753068
FixedParameters: 0 0 0
#Transform 42
Transform: MatrixOffsetTransformBase_double_3_3
Parameters: 0.999998322060599 -0.00146884521084465 0.0007211984693811772 0.0014704998161066084 0.9999967656528764 -0.0019980106316537377 -0.0007182407614902984 0.0019989878515729864 0.9999975683928736 -0.043542907939666975 -0.18728320124868958 -0.06408497375197442
FixedParameters: 0 0 0
#Transform 43
Transform: MatrixOffsetTransformBase_double_3_3
Parameters: 0.9999997807199551 -0.0009231254969685294 0.0006058200860822421 0.0009243564722463263 0.9999972087326608 -0.0019654346520718013 -0.0006041082526783919 0.001965563559725547 0.9999978456006203 0.028915464323787887 -0.11188975502302867 -0.31099061260653116
FixedParameters: 0 0 0
#Transform 44
Transform: MatrixOffsetTransformBase_double_3_3
Parameters: 0.999998997632558 -0.0012069204102749522 0.000738700900881078 0.001208265691896702 0.9999976125282402 -0.0016891037653125468 -0.0007365398352555814 0.0016898965036283853 0.9999986762766309 0.0186356355659143 -0.10793196649451886 -0.1443815187107731
FixedParameters: 0 0 0
#Transform 45
Transform: MatrixOffsetTransformBase_double_3_3
Parameters: 0.9999994930419207 -0.001106302219606088 0.0005318438746745556 0.0011073065088486687 0.9999972992666241 -0.0020964814981165314 -0.0005301196211014555 0.0020965185956405147 0.9999974031377983 0.0070251266297276516 -0.07507081468916965 -0.10570979776508693
FixedParameters: 0 0 0
#Transform 46
Transform: MatrixOffsetTransformBase_double_3_3
Parameters: 0.9999992062147026 -0.0013385633386632525 -0.000041384676736586144 0.0013386122369295813 0.9999873953019708 -0.0047831363489273665 0.0000471357343778053 0.004783857083798901 0.9999880469179575 0.017177735066866262 -0.031094104839709757 -0.4298858089589288
FixedParameters: 0 0 0
#Transform 47
Transform: MatrixOffsetTransformBase_double_3_3
Parameters: 0.9999995092318381 -0.0011233449190562253 0.0004783791086530406 0.0011244377455692592 0.9999968457459284 -0.002425539562242257 -0.0004758425605925523 0.0024264624731663853 0.9999968925074545 0.01522173392179127 -0.08003610422937868 -0.12883842262498035
FixedParameters: 0 0 0
#Transform 48
Transform: MatrixOffsetTransformBase_double_3_3
Parameters: 0.9999990331562412 -0.0008891836764805226 0.0004200142382456367 0.000890008624867116 0.9999966672821213 -0.0023536272615823084 -0.0004177454064171425 0.0023543725339599947 0.9999972832244525 0.010050712770123482 -0.06562963127309729 -0.12907007138997528
FixedParameters: 0 0 0
#Transform 49
Transform: MatrixOffsetTransformBase_double_3_3
Parameters: 0.999998959312575 -0.0014167612116235489 0.00018559077861919984 0.0014168104674972255 0.9999902261670751 -0.004093812796718638 -0.0001798982225404661 0.004094181086820442 0.9999912113412858 0.024347077638154246 -0.05979225604821181 -0.42379454453140397
FixedParameters: 0 0 0
#Transform 50
Transform: MatrixOffsetTransformBase_double_3_3
Parameters: 0.9999991081119463 -0.0013613131916965376 0.0010192384518367072 0.0013637735007462433 0.9999967753620844 -0.002298683071166832 -0.0010158137075699815 0.002300317633857407 0.9999967573259659 -0.04334665698515039 -0.13813004512114446 -0.09272955577522168
FixedParameters: 0 0 0
#Transform 51
Transform: MatrixOffsetTransformBase_double_3_3
Parameters: 0.9999982285335047 -0.0012622133154575295 0.0010853585108883909 0.0012643039891421031 0.9999973736150012 -0.0019866990062340772 -0.0010831786532613087 0.0019883001462874667 0.9999969545945442 0.019942520501572858 -0.1077676624552737 -0.2559987229113858
FixedParameters: 0 0 0
#Transform 52
Transform: MatrixOffsetTransformBase_double_3_3
Parameters: 0.9999990766792805 -0.001203159367827792 0.0006902480769911713 0.001204342910437151 0.9999963671984772 -0.002470240063764395 -0.0006871419344920139 0.0024707598122982316 0.9999965027162248 0.0413262370040286 -0.1050267511496088 -0.19797655153757887
FixedParameters: 0 0 0
#Transform 53
Transform: MatrixOffsetTransformBase_double_3_3
Parameters: 0.999999576884012 -0.0010824304696402127 0.0005013237141473297 0.0010836729136734157 0.99999675005692 -0.002463533783325089 -0.000498903008495775 0.002464467550155558 0.9999966842092124 0.0059220205366870005 -0.16973594499293654 -0.10793331662789285
FixedParameters: 0 0 0
#Transform 54
Transform: MatrixOffsetTransformBase_double_3_3
Parameters: 0.9999994984907787 -0.0012209557411927312 -0.00010270615410058886 0.0012207012091357105 0.9999901622483038 -0.004165128089437559 0.0001078147944012305 0.0041648710839381625 0.9999916416326545 0.037156635162943985 -0.11453336876965636 -0.47272686745573367
FixedParameters: 0 0 0
#Transform 55
Transform: MatrixOffsetTransformBase_double_3_3
Parameters: 0.9999981081259398 -0.001606816226191841 0.0005567091335077743 0.001607993694844771 0.9999964421586772 -0.0022281841082735926 -0.0005534570739574475 0.002229819067396388 0.9999977290589166 -0.014723877929128548 -0.13592768909069264 -0.11203673007284465
FixedParameters: 0 0 0
#Transform 56
Transform: MatrixOffsetTransformBase_double_3_3
Parameters: 0.9999988589725611 -0.001014121368959058 0.001054957142434331 0.001016599581920415 0.999995590740182 -0.0027019237888517705 -0.0010522357301605272 0.002703074601357519 0.9999956611898148 0.016734830493248865 -0.10040135779229331 -0.22806355896041453
FixedParameters: 0 0 0
#Transform 57
Transform: MatrixOffsetTransformBase_double_3_3
Parameters: 0.9999996133893139 -0.001120259998270213 0.0003636187973167655 0.001120757216011551 0.999996586998759 -0.0022705943834533254 -0.0003604488334084455 0.0022714057114290864 0.9999977114916211 0.019258667417560105 -0.061740994962875106 -0.18876435993588814
FixedParameters: 0 0 0
#Transform 58
Transform: MatrixOffsetTransformBase_double_3_3
Parameters: 0.9999988889787113 -0.0010540217118761891 0.0010002393396180136 0.0010561218061420745 0.9999972985355671 -0.002123941159890272 -0.00099760074842999 0.0021250602744846553 0.9999975634247603 -0.037358237833558405 -0.0913269179445706 -0.07249553583575619
FixedParameters: 0 0 0
#Transform 59
Transform: MatrixOffsetTransformBase_double_3_3
Parameters: 0.9999990465015182 -0.001329804212978442 0.00043075742957269137 0.0013315858771767732 0.9999868427080779 -0.005030504073715442 -0.0004241995597420275 0.005030503480359327 0.9999875915504418 0.021413528917747726 -0.04639015815880043 -0.39933739386729883
FixedParameters: 0 0 0
#Transform 60
Transform: MatrixOffsetTransformBase_double_3_3
Parameters: 0.9999994525200673 -0.0011156520906098232 0.000551103331789053 0.0011161967745305632 0.9999964288701898 -0.00251346133503573 -0.000548334056847794 0.002514538693230206 0.9999963832331382 -0.008021667770364616 -0.12274491703026058 -0.1506440450332036
FixedParameters: 0 0 0
#Transform 61
Transform: MatrixOffsetTransformBase_double_3_3
Parameters: 0.9999994573734308 -0.0011150045371241832 0.0005469588462472324 0.001116448127542037 0.9999967089348252 -0.002442461019390163 -0.0005444250962144941 0.002442540417860614 0.9999968168003871 -0.045284689123548105 -0.09937315653428413 -0.1297063357581294
FixedParameters: 0 0 0
#Transform 62
Transform: MatrixOffsetTransformBase_double_3_3
Parameters: 0.999999991078039 -0.0009460713742621705 0.00033705635891009535 0.0009468101727402196 0.9999985665859924 -0.001209675898935586 -0.0003357641069347886 0.0012093239287524205 0.9999994987100728 0.021311791111287448 -0.061629331823993994 -0.36756249420605513
FixedParameters: 0 0 0
#Transform 63
Transform: MatrixOffsetTransformBase_double_3_3
Parameters: 0.9999997986190919 -0.0007052669280605517 0.0008390161238308288 0.0007069997706465357 0.9999970789324585 -0.002312402701255309 -0.0008375946694898531 0.002312597859407947 0.9999970243552475 -0.045289430906635175 -0.17243245547179242 -0.07386201445972063
FixedParameters: 0 0 0
#Transform 64
Transform: MatrixOffsetTransformBase_double_3_3
Parameters: 0.9999994758736636 -0.0011026747096739957 0.0005543436343438112 0.0011045658993782748 0.9999973050622415 -0.0018443831706004138 -0.0005522667498343642 0.0018446156962454024 0.9999983664448437 0.022303890576495178 -0.09348568883294206 -0.2764428372081511
FixedParameters: 0 0 0
#Transform 65
Transform: MatrixOffsetTransformBase_double_3_3
Parameters: 0.9999989744423834 -0.0009833056498070687 0.0002415271623771463 0.0009841765860144015 0.9999975194862109 -0.00212283810709904 -0.0002393445657496301 0.0021231616290858235 0.9999974406861477 0.028529959639115532 -0.05260522320668315 -0.30111348522024173
FixedParameters: 0 0 0
#Transform 66
Transform: MatrixOffsetTransformBase_double_3_3
Parameters: 0.9999993498236217 -0.0011632969404372097 0.0005447519602340768 0.0011647843011906125 0.9999963470534393 -0.002493436576820454 -0.0005418634615770251 0.0024935631548095444 0.9999965676620386 0.015093585616185123 -0.17674531881095845 -0.12643753053274054
FixedParameters: 0 0 0
#Transform 67
Transform: MatrixOffsetTransformBase_double_3_3
Parameters: 0.9999984587153729 -0.0013265916201887352 0.0008842374906820954 0.0013285404829476047 0.9999965804709353 -0.002360897759210001 -0.0008808089864243242 0.0023621026915774113 0.9999967248562368 0.018729217369298112 -0.1132090903086862 -0.07318138356687598
FixedParameters: 0 0 0
#Transform 68
Transform: MatrixOffsetTransformBase_double_3_3
Parameters: 0.9999989701469885 -0.0008503159069155887 0.0011430376012200546 0.0008532161546970998 0.999997322235922 -0.0022080215972890282 -0.0011411197613826656 0.002208978415015911 0.9999968929497096 -0.0420999124381467 -0.09619402007828626 -0.07252254679660552
FixedParameters: 0 0 0
#Transform 69
Transform: MatrixOffsetTransformBase_double_3_3
Parameters: 0.9999994341266147 -0.0009602361438027136 0.0008021124030702651 0.0009620114194134146 0.9999976763091294 -0.0018232239662262228 -0.0008005265771901036 0.0018237755481919221 0.9999981075057636 0.039861796064073474 -0.024695619405434854 -0.27787291938611247
FixedParameters: 0 0 0
#Transform 70
Transform: MatrixOffsetTransformBase_double_3_3
Parameters: 0.9999996810875821 -0.0010321240818166764 0.0005034185375775319 0.0010333619648785466 0.9999968578761244 -0.0024485513914969947 -0.000501277769465842 0.002448450696473106 0.9999968328801493 0.026673605620331386 -0.08802343679022329 -0.12884270327205627
FixedParameters: 0 0 0
#Transform 71
Transform: MatrixOffsetTransformBase_double_3_3
Parameters: 0.9999994659870957 -0.0011062312898313224 0.0005571970472224002 0.0011076880739345908 0.9999962078604013 -0.0023433783666079455 -0.000553928113340171 0.0023436195864694753 0.9999972741279317 -0.03488478690296404 -0.1012942482024215 -0.05973964000750698
FixedParameters: 0 0 0
#Transform 72
Transform: MatrixOffsetTransformBase_double_3_3
Parameters: 0.9999996674405183 -0.0008461152492988016 0.0007856231199588372 0.0008480542489477411 0.9999944780236913 -0.003286337676608006 -0.0007828209903312015 0.0032876662889940594 0.9999945806004757 0.04136540395761301 -0.05952805705560138 -0.20216019310078082
FixedParameters: 0 0 0
#Transform 73
Transform: MatrixOffsetTransformBase_double_3_3
Parameters: 0.9999989085144236 -0.0011740292908330439 0.0008446018160934204 0.0011761741083071687 0.9999958440055776 -0.0025880043414837073 -0.0008413599027188593 0.0025889967691993115 0.9999966638121645 0.012814373974109117 -0.10565341709506981 -0.11141921127112653
FixedParameters: 0 0 0
#Transform 74
Transform: MatrixOffsetTransformBase_double_3_3
Parameters: 0.9999991587135882 -0.0005871552728803072 0.0007046252647852658 0.0005885756053039127 0.9999961711366451 -0.0025315786166832666 -0.0007034933134450643 0.0025314176496423063 0.9999961705789996 -0.030022396013293928 -0.11690532591335057 -0.1148433475134425
FixedParameters: 0 0 0
#Transform 75
Transform: MatrixOffsetTransformBase_double_3_3
Parameters: 0.9999992825180493 -0.001135858967840267 0.0006546279901497276 0.0011366088850646085 0.9999967982953657 -0.002215258356048966 -0.0006514366084504067 0.0022167423560097294 0.9999976628932069 0.03566691209199746 -0.0625405800030876 -0.28064870065793457
FixedParameters: 0 0 0
#Transform 76
Transform: MatrixOffsetTransformBase_double_3_3
Parameters: 0.9999983942938125 -0.0010088697448134534 0.0012604881475605093 0.0010109781335168938 0.9999975601254064 -0.002083723499237161 -0.0012580472044439793 0.0020852782796472458 0.9999971438691161 -0.045574955900022474 -0.139980710396145 -0.06659152428761672
FixedParameters: 0 0 0
#Transform 77
Transform: MatrixOffsetTransformBase_double_3_3
Parameters: 0.9999989404297108 -0.0010017494465576484 0.0002361141113086684 0.001002679832060332 0.9999966284770391 -0.0023007592580270853 -0.00023349728664409048 0.0023002411569786885 0.9999977273346223 0.03773659854424238 -0.05952012403599838 -0.305165355746567
FixedParameters: 0 0 0
#Transform 78
Transform: MatrixOffsetTransformBase_double_3_3
Parameters: 0.9999992456236554 -0.0012320426718654192 0.0004859512952668663 0.0012332019845106956 0.9999959816058988 -0.002533471340931903 -0.0004836193557028656 0.0025335281684260164 0.9999964267484643 0.021986536037502447 -0.1279745409493671 -0.1355078271173653
FixedParameters: 0 0 0
#Transform 79
Transform: MatrixOffsetTransformBase_double_3_3
Parameters: 0.999999341709746 -0.001017011403168786 0.000789933180451568 0.0010183987510434809 0.9999966659781986 -0.0022851916842893394 -0.0007881228464787332 0.002285808927963748 0.9999972286917271 -0.02143907365500297 -0.10480656175009528 -0.09684593043228062
FixedParameters: 0 0 0
#Transform 80
Transform: MatrixOffsetTransformBase_double_3_3
Parameters: 0.9999990470819843 -0.0009391844648592282 0.00026723942487231805 0.0009391882367561266 0.9999974380467949 -0.002161824482239255 -0.0002650977725888463 0.002162174913883555 0.9999972605353034 0.03611950307349332 -0.05066753560473103 -0.3231287156292808
FixedParameters: 0 0 0
#Transform 81
Transform: MatrixOffsetTransformBase_double_3_3
Parameters: 0.9999982713551592 -0.0014247981401541612 0.0008354070006352983 0.0014272004113407395 0.9999971620096274 -0.002172881797158771 -0.0008321247511392344 0.002174121412707272 0.9999976611167498 -0.005820615122033246 -0.13336018751805057 -0.09245910818151515
FixedParameters: 0 0 0
#Transform 82
Transform: MatrixOffsetTransformBase_double_3_3
Parameters: 0.9999981398372008 -0.001161118137662884 0.0012297583487718173 0.0011642572564676556 0.9999958782032035 -0.002586565995707807 -0.0012265080479412268 0.0025884331224309 0.9999958712917137 -0.011129144873649466 -0.06641410872873621 -0.11272080061071676
FixedParameters: 0 0 0
#Transform 83
Transform: MatrixOffsetTransformBase_double_3_3
Parameters: 0.999999275666611 -0.0009750404252601361 0.0008798304512204532 0.0009766944808705304 0.9999973008127132 -0.002161137921596182 -0.0008774561858365657 0.0021618640486660984 0.9999976306703235 0.04627750105429129 -0.04422230924511439 -0.23943757905389873
FixedParameters: 0 0 0
#Transform 84
Transform: MatrixOffsetTransformBase_double_3_3
Parameters: 0.9999994039397507 -0.0009903523586035283 0.0007848195972127869 0.0009917322801789475 0.9999969598137041 -0.0022482237857279486 -0.0007822062973584355 0.0022497767802677066 0.9999973281062335 -0.0033239107856530836 -0.11507251032092825 -0.051487058829181365
FixedParameters: 0 0 0
#Transform 85
Transform: MatrixOffsetTransformBase_double_3_3
Parameters: 0.9999996909080037 -0.0007364428145031752 0.0008756205537685265 0.0007385323258046855 0.9999965996935157 -0.002419353671681626 -0.0008738955246225614 0.002420643923293622 0.9999963783995518 -0.037526571961151944 -0.06821778672484413 -0.16539973797918606
FixedParameters: 0 0 0
#Transform 86
Transform: MatrixOffsetTransformBase_double_3_3
Parameters: 0.9999999638981107 -0.0006976911417986961 0.000741256289633934 0.0006992046607873613 0.9999964112521076 -0.0024694814593273634 -0.0007396503683087058 0.002470515799839604 0.9999963508310954 0.026253882758112468 -0.08967940701803911 -0.12819307695320958
FixedParameters: 0 0 0
#Transform 87
Transform: MatrixOffsetTransformBase_double_3_3
Parameters: 0.9999978674130561 -0.0007538110151371433 0.0018881762317975585 0.0007564049021038001 0.9999991121534543 -0.001498495507804759 -0.0018866839111817118 0.0015005067212963963 0.9999972582490512 -0.05780999014100985 -0.11513793277559614 -0.05248644980068207
FixedParameters: 0 0 0
#Transform 88
Transform: MatrixOffsetTransformBase_double_3_3
Parameters: 0.999998219295884 -0.0015304118262872205 0.0006621507815785977 0.0015334303411086402 0.9999903792439978 -0.004146061270818291 -0.0006552796491162343 0.0041469411956812224 0.9999914529453936 0.011213459149360006 -0.09084724762540475 -0.3976610853583793
FixedParameters: 0 0 0
#Transform 89
Transform: MatrixOffsetTransformBase_double_3_3
Parameters: 0.9999987855508935 -0.0016202932826616533 0.0007680353345350879 0.0016220105530378418 0.9999954296594595 -0.002618828983522184 -0.0007633808872793511 0.0026201733580226427 0.9999966322902386 0.006843041918983772 -0.11941696705015659 -0.12731573529751472
FixedParameters: 0 0 0
#Transform 90
Transform: MatrixOffsetTransformBase_double_3_3
Parameters: 0.9999990527701876 -0.0015513335302632235 0.0007353414977089959 0.0015534947172587163 0.999993958381657 -0.003089931271983759 -0.0007305819736241114 0.003091068710105907 0.9999949919481264 -0.0011099079466987405 -0.09487548534218604 -0.13333217404600362
FixedParameters: 0 0 0
#Transform 91
Transform: MatrixOffsetTransformBase_double_3_3
Parameters: 0.9999989085373704 -0.001511578251894284 0.000897721129365089 0.0015169538541591385 0.9999830699910327 -0.005616715448562945 -0.0008893829679394934 0.005618283338708202 0.9999837253937897 0.0367999093241167 -0.08041502899843067 -0.32636785560204373
FixedParameters: 0 0 0
#Transform 92
Transform: MatrixOffsetTransformBase_double_3_3
Parameters: 0.9999986998244037 -0.0013669621414432258 0.00065742700177234 0.0013684553903450596 0.9999946997371073 -0.002889171364116344 -0.0006533617812784893 0.002889825857968556 0.9999953016305041 -0.010152370497607421 -0.12093788329410415 -0.10537313682731053
FixedParameters: 0 0 0
#Transform 93
Transform: MatrixOffsetTransformBase_double_3_3
Parameters: 0.9999982635610583 -0.00184594287945472 0.0005730801877315306 0.00184926355655752 0.9999840111766535 -0.005337092197272561 -0.0005631787709297029 0.005337903750781484 0.9999852741346077 0.026186993060377972 -0.0881335763318134 -0.4500123693813123
FixedParameters: 0 0 0
#Transform 94
Transform: MatrixOffsetTransformBase_double_3_3
Parameters: 0.9999986577078959 -0.001332642845227607 0.0007517640507565287 0.0013353807267815633 0.9999959065772683 -0.00268907000379677 -0.000748502152193018 0.0026899330934005428 0.9999962842673493 0.03120068429659284 -0.135553279746631 -0.13209046984756867
FixedParameters: 0 0 0
#Transform 95
Transform: MatrixOffsetTransformBase_double_3_3
Parameters: 0.9999992703449058 -0.0006656877196482981 0.0011342868397773021 0.0006691337053300207 0.9999960320133379 -0.0029062398985892635 -0.0011321766085929561 0.0029067638110601146 0.9999953427935792 0.06591587636860652 -0.09782826603237993 -0.19279831571040518
FixedParameters: 0 0 0
#Transform 96
Transform: MatrixOffsetTransformBase_double_3_3
Parameters: 0.9999988611050852 -0.001377094349350278 0.0004927014609172199 0.001378004889283709 0.9999963834767457 -0.0021703964430679484 -0.0004896367137928534 0.0021716001329341317 0.999997051138078 0.05380246606938499 -0.08597176036900578 -0.3196712915470812
FixedParameters: 0 0 0
#Transform 97
Transform: MatrixOffsetTransformBase_double_3_3
Parameters: 0.9999981707749691 -0.0015101621710971107 0.0007411206917916723 0.0015114693203004017 0.9999957053582584 -0.0024349515636112457 -0.0007376002810143301 0.0024360473550577993 0.9999966020727495 0.011968416009565885 -0.11514206937961546 -0.1070595700902004
FixedParameters: 0 0 0
#Transform 98
Transform: MatrixOffsetTransformBase_double_3_3
Parameters: 0.9999985349439605 -0.001387968075859365 0.0007338588723370775 0.0013912747166324405 0.999988193507451 -0.004668053768250635 -0.0007276392664363457 0.004668946423381337 0.999988751386704 0.03400607957493662 -0.09578181931821916 -0.25909549937320264
FixedParameters: 0 0 0
#Transform 99
Transform: MatrixOffsetTransformBase_double_3_3
Parameters: 0.9999987613709863 -0.001321594464133482 0.0007018140247129628 0.001324011251611318 0.9999906177739071 -0.004189145999632535 -0.0006964883860261008 0.004189857398692057 0.9999910395887437 0.028955496200794073 -0.09971016397967958 -0.17478336213632417
FixedParameters: 0 0 0
#Transform 100
Transform: MatrixOffsetTransformBase_double_3_3
Parameters: 0.999998558744857 -0.0012778725811324059 0.0008992140503781855 0.001280822406732348 0.9999949854173994 -0.002880847531770772 -0.0008946827489818429 0.002882153804708118 0.9999959671947387 0.01724560042812584 -0.11631842920877489 -0.13323892200759246
FixedParameters: 0 0 0
#Transform 101
Transform: MatrixOffsetTransformBase_double_3_3
Parameters: 0.9999983874600515 -0.0016838354823555447 0.0008807679912241763 0.0016892348866621074 0.9999852506032872 -0.005171587334864433 -0.0008720720774191913 0.005172416543182956 0.9999866372629459 0.025618207390309067 -0.08504416109192903 -0.4430054980677198
FixedParameters: 0 0 0
#Transform 102
Transform: MatrixOffsetTransformBase_double_3_3
Parameters: 0.9999986629082959 -0.0014402047582240086 0.0011240193509298967 0.001442622113318983 0.999995378135829 -0.002542376733071977 -0.0011204506734715386 0.002544623196270787 0.999996345956679 0.014113820113649922 -0.13153474069650883 -0.08758014714993578
FixedParameters: 0 0 0
#Transform 103
Transform: MatrixOffsetTransformBase_double_3_3
Parameters: 0.9999988002136962 -0.0013926723723657586 0.0011225317226900198 0.0013972679143798015 0.9999906312602799 -0.004033427241884283 -0.001116960252736743 0.004034573771782249 0.9999916224790252 0.014550928582011124 -0.10310006616332146 -0.16135908037709612
FixedParameters: 0 0 0
#Transform 104
Transform: MatrixOffsetTransformBase_double_3_3
Parameters: 0.9999983039420913 -0.0018035167191640066 0.0006647195871441494 0.0018076423897178545 0.9999845932305564 -0.005201877626872006 -0.0006557542931566921 0.005203123582681518 0.9999865782765793 0.03510763149597551 -0.08852699918993778 -0.29082327018430476
FixedParameters: 0 0 0
#Transform 105
Transform: MatrixOffsetTransformBase_double_3_3
Parameters: 0.9999989926824815 -0.001586322613604385 0.0007013244103357098 0.0015877978516238313 0.999995129701046 -0.002695960244531337 -0.0006966041623479152 0.002697040556800548 0.9999963207172017 0.018890067903541308 -0.1275568475909381 -0.07609840104687748
FixedParameters: 0 0 0
#Transform 106
Transform: MatrixOffsetTransformBase_double_3_3
Parameters: 0.9999990784558893 -0.0010631366920868664 0.0008896341618389286 0.0010667922961225217 0.9999914676899377 -0.003914047968968326 -0.0008850603255727938 0.00391494921356933 0.9999919640244472 0.014700960829657106 -0.07510796638199224 -0.09768697807587046
FixedParameters: 0 0 0
#Transform 107
Transform: MatrixOffsetTransformBase_double_3_3
Parameters: 0.9999981717664251 -0.0015285531984588427 0.0007014302154027874 0.0015313581633684163 0.9999918480350092 -0.003704999704475395 -0.0006949276355954465 0.003705997794629212 0.9999928621663439 0.04599230112100372 -0.04737633870688285 -0.24007153416810922
FixedParameters: 0 0 0
#Transform 108
Transform: MatrixOffsetTransformBase_double_3_3
Parameters: 0.9999988473117556 -0.00151150053207334 0.0009316400145168292 0.0015135522672965434 0.9999961726167198 -0.002335662657764498 -0.0009284107554160267 0.002337337749681867 0.9999967562059423 -0.022884074814683686 -0.09355390589523438 -0.056970932714051514
FixedParameters: 0 0 0
#Transform 109
Transform: MatrixOffsetTransformBase_double_3_3
Parameters: 0.9999987887097268 -0.0014181581539569014 0.0010959888608677926 0.0014219246632439417 0.9999919972878599 -0.0037185094549271325 -0.001090112566523079 0.0037194867783997415 0.999992129396163 -0.04212013862732533 -0.04328890421840015 -0.13370473288030382
FixedParameters: 0 0 0
#Transform 110
Transform: MatrixOffsetTransformBase_double_3_3
Parameters: 0.9999983356013847 -0.001632104494769083 0.000002114923110163152 0.0016324737133475325 0.9999845086987074 -0.005368152437179433 0.000007357012179123194 0.005367844818035497 0.9999851956160071 0.028831890462683418 0.028830509104111002 -0.5381357518617307
FixedParameters: 0 0 0
#Transform 111
Transform: MatrixOffsetTransformBase_double_3_3
Parameters: 0.9999990720080126 -0.001387009595901212 -0.00006041307359810963 0.0013871989368106383 0.9999931401404991 -0.0034541622658400273 0.00006493431157239293 0.003453838865064604 0.9999940715489753 0.035027135165464074 -0.22112551467930075 -0.4716063031798967
FixedParameters: 0 0 0
#Transform 112
Transform: MatrixOffsetTransformBase_double_3_3
Parameters: 0.999998750400037 -0.0010884119221480294 0.0010322836415314358 0.001090104386624599 0.9999970663221797 -0.0023799470204921708 -0.0010298642979223267 0.0023810549465640707 0.9999963504905526 0.06838286435451835 -0.2295169370243002 -0.17307066452269737
FixedParameters: 0 0 0
#Transform 113
Transform: MatrixOffsetTransformBase_double_3_3
Parameters: 0.9999991439108394 -0.001126322138809328 0.0012595497967987901 0.0011303644107198004 0.999995157724263 -0.0029135750138833266 -0.0012567364781993216 0.0029154255024982922 0.9999949975161327 0.06218765969315143 -0.15278616274055423 -0.17113639323683572
FixedParameters: 0 0 0
#Transform 114
