#Insight Transform File V1.0
#Transform 0
Transform: MatrixOffsetTransformBase_double_3_3
Parameters: 0.99999972297697 -0.0006618267233473733 -0.0009161773960984046 0.0006603329965133195 0.9999988258431711 -0.0013186053279718446 0.0009168478375405697 0.0013173935527314995 0.9999984228847999 -0.11835971217746533 0.0235863663657625 -0.20401503726017722
FixedParameters: 0 0 0
#Transform 1
Transform: MatrixOffsetTransformBase_double_3_3
Parameters: 0.9999951438418938 -0.002093941723840867 -0.002339194804221815 0.0020842366382582554 0.9999900166515111 -0.003875773369098029 0.0023477239686822944 0.003871224772523718 0.9999901190068579 -0.026567589378814205 0.02967104206081217 -0.4769485988628901
FixedParameters: 0 0 0
#Transform 2
Transform: MatrixOffsetTransformBase_double_3_3
Parameters: 0.999999647483498 -0.00013970141398316684 -0.0005769788134837986 0.00013863571701490921 0.9999987872509803 -0.001787081430217441 0.0005774012238661156 0.001786920778773668 0.9999984734850915 -0.12166634503712714 -0.021273574317632438 -0.19826456946172755
FixedParameters: 0 0 0
#Transform 3
Transform: MatrixOffsetTransformBase_double_3_3
Parameters: 0.9999950386529847 -0.0019343149763508744 -0.002494507164498823 0.0019241230026906567 0.9999907389994451 -0.003733693532139176 0.0025012498909790398 0.003729298419243396 0.9999894513332793 -0.03508266773553714 0.002567129173044691 -0.46346024724455503
FixedParameters: 0 0 0
#Transform 4
Transform: MatrixOffsetTransformBase_double_3_3
Parameters: 0.9999949411383217 -0.0023066414470793786 -0.002395584324628226 0.0022990891371204654 0.9999935367350772 -0.0029374853739106144 0.0024025942367792287 0.002932517848833749 0.9999931758593608 -0.055763691873380594 -0.0056801002563275915 -0.23159654549399988
FixedParameters: 0 0 0
#Transform 5
Transform: MatrixOffsetTransformBase_double_3_3
Parameters: 0.9999982185822855 -0.000403772031100143 -0.001617881524180622 0.0004021771968771514 0.9999988353357189 -0.0014175773133995734 0.0016187986195102734 0.0014164225476887976 0.999997367464037 -0.15033452495225674 -0.011094781464876746 -0.28835133981155536
FixedParameters: 0 0 0
#Transform 6
Transform: MatrixOffsetTransformBase_double_3_3
Parameters: 0.9999936785174313 -0.002268313509157845 -0.0028595254926528355 0.002256894417989307 0.9999892089619857 -0.004142366288532054 0.0028683060684277922 0.004135637999069158 0.9999872066348912 -0.0490992520325193 0.027845542608332607 -0.44391263280907367
FixedParameters: 0 0 0
#Transform 7
Transform: MatrixOffsetTransformBase_double_3_3
Parameters: 0.9999946772534987 -0.002186118810479053 -0.0023546064538476643 0.0021796874049714245 0.9999940939774146 -0.0025560971004559008 0.002360318779048098 0.002550898145641939 0.9999935425090312 -0.09569161091769729 -0.002810311946944921 -0.22246580216237533
FixedParameters: 0 0 0
#Transform 8
Transform: MatrixOffsetTransformBase_double_3_3
Parameters: 0.999993679921724 -0.0019129479787822654 -0.002942899555852503 0.0019026045969805692 0.999992215833618 -0.003543425884684842 0.0029496007231023316 0.0035375766339253156 0.9999893936429977 -0.031765342091560456 0.019173571245843846 -0.49049259915020116
FixedParameters: 0 0 0
#Transform 9
Transform: MatrixOffsetTransformBase_double_3_3
Parameters: 0.9999951139748965 -0.002055138324505149 -0.0021590796451727906 0.002047730592304762 0.9999906566447571 -0.003668381997379788 0.0021664657373947197 0.003663612933916871 0.9999905780869577 -0.047845753894009135 -0.004575049442863133 -0.29696667069862315
FixedParameters: 0 0 0
#Transform 10
Transform: MatrixOffsetTransformBase_double_3_3
Parameters: 0.9999944989915661 -0.001673260483753722 -0.00277508784474574 0.0016646663001226045 0.9999939570103986 -0.0029313589009583862 0.002780276107453825 0.002926640323859822 0.9999923838199462 -0.05489399743333934 -0.013740392672744406 -0.4661205188537849
FixedParameters: 0 0 0
#Transform 11
Transform: MatrixOffsetTransformBase_double_3_3
Parameters: 0.9999953058650444 -0.002098390943588117 -0.002071542872203753 0.0020896815468870794 0.9999889863279765 -0.00411729332827504 0.002080124608009712 0.004112704090656588 0.9999894528807498 -0.02684361172701699 0.011065014433285114 -0.4561714292016603
FixedParameters: 0 0 0
#Transform 12
Transform: MatrixOffsetTransformBase_double_3_3
Parameters: 0.9999954000169318 -0.001947728148332918 -0.002192436212039283 0.0019432770299049136 0.999996184950897 -0.002084217952327841 0.0021961736724204215 0.0020797844354812633 0.9999955455850268 -0.10564149423561275 -0.019230861146127154 -0.25639037305832346
FixedParameters: 0 0 0
#Transform 13
Transform: MatrixOffsetTransformBase_double_3_3
Parameters: 0.9999956022132052 -0.0020292884747147655 -0.002068366765660342 0.0020228139632005246 0.9999917820795673 -0.003381143754321206 0.0020754759424244876 0.003376852636643196 0.9999919847509082 0.0029382092424441453 0.011455747374157 -0.5542999961165407
FixedParameters: 0 0 0
#Transform 14
Transform: MatrixOffsetTransformBase_double_3_3
Parameters: 0.9999921136511608 -0.0025485859597731784 -0.003064890155188186 0.0025350999135833343 0.9999875606539605 -0.004189616197331533 0.0030752215146744046 0.004181378766209332 0.9999865159054706 -0.08071045180068381 -0.052432877908557884 -0.29986284907840854
FixedParameters: 0 0 0
#Transform 15
Transform: MatrixOffsetTransformBase_double_3_3
Parameters: 0.9999968872547914 -0.0019213554029882602 -0.0018494408801091626 0.0019171452793151028 0.9999945877035946 -0.002652576016846278 0.001854180971443363 0.00264942284786078 0.9999942439026828 -0.08806713361131813 -0.024509737905503926 -0.36607649204187
FixedParameters: 0 0 0
#Transform 16
Transform: MatrixOffsetTransformBase_double_3_3
Parameters: 0.999995846443565 -0.0022809739204425767 -0.0019882645833787954 0.002271702702395592 0.9999879242233026 -0.00439156563125101 0.001997602019180963 0.004387436180260912 0.9999883865179273 -0.03141267219346844 -0.009405495296974209 -0.45481435012121096
FixedParameters: 0 0 0
#Transform 17
Transform: MatrixOffsetTransformBase_double_3_3
Parameters: 0.9999941203775043 -0.0023818720487298315 -0.00228169669575452 0.002373336011167113 0.999990047419933 -0.0037013882701462386 0.002290631649790617 0.0036956103308023736 0.9999907149902527 -0.10422478364240817 -0.02954661693200933 -0.26186343534976686
FixedParameters: 0 0 0
#Transform 18
Transform: MatrixOffsetTransformBase_double_3_3
Parameters: 0.9999957813010092 -0.0019507975484359132 -0.0021006494781551873 0.0019427398963396008 0.9999901325759509 -0.0039240429316194925 0.002108264910353138 0.003919953664142703 0.9999898843890047 -0.0006989191509916282 0.014428561952911423 -0.4928012474696857
FixedParameters: 0 0 0
#Transform 19
Transform: MatrixOffsetTransformBase_double_3_3
Parameters: 0.9999981653071764 -0.001401412962298145 -0.0009330676332972314 0.001398704179696958 0.9999936811371618 -0.003381390789437666 0.0009372476168329781 0.0033796114546944533 0.9999936285205593 -0.09848626743051625 -0.0020400612248465677 -0.14573176462675974
FixedParameters: 0 0 0
#Transform 20
Transform: MatrixOffsetTransformBase_double_3_3
Parameters: 0.9999968110811861 -0.001856540754018401 -0.0019340620713721923 0.0018513578380199738 0.9999936076495257 -0.0030445397435755472 0.0019398344691200465 0.003041462278002463 0.9999936836513571 -0.03185862386467875 0.003121915497118266 -0.47214955470164455
FixedParameters: 0 0 0
#Transform 21
Transform: MatrixOffsetTransformBase_double_3_3
Parameters: 0.9999957267654673 -0.0022046144415721705 -0.0018478543824194517 0.002195605353025361 0.9999880807916713 -0.00440409999889918 0.001857649783661415 0.00439990245290052 0.9999888904872084 -0.11517382863276282 -0.026699901370292878 -0.2594854164094613
FixedParameters: 0 0 0
#Transform 22
Transform: MatrixOffsetTransformBase_double_3_3
Parameters: 0.9999960339722965 -0.002191852547494017 -0.0017779281713755479 0.0021866007733583976 0.9999917084793066 -0.003287920635695843 0.0017848106794730002 0.0032840759861435392 0.9999927298111141 -0.06352923260641319 -0.003723159087783756 -0.42398107005519137
FixedParameters: 0 0 0
#Transform 23
Transform: MatrixOffsetTransformBase_double_3_3
Parameters: 0.9999966794146568 -0.0021929792974005537 -0.0015857090643063413 0.0021848328897236 0.9999870771736226 -0.0045215031321691745 0.001595000192318589 0.004518495842670001 0.9999887411623256 -0.0364759013939846 0.0031902573571613857 -0.43878787631524574
FixedParameters: 0 0 0
#Transform 24
Transform: MatrixOffsetTransformBase_double_3_3
Parameters: 0.9999958044572843 -0.0022162632375126133 -0.0018124636453519197 0.002209548889490993 0.9999914003635099 -0.0036071164229957847 0.0018199164381767754 0.0036028837583022832 0.9999914119057445 -0.09087575787445701 -0.053394343015639834 -0.3413853949395502
FixedParameters: 0 0 0
#Transform 25
Transform: MatrixOffsetTransformBase_double_3_3
Parameters: 0.9999947861916711 -0.002268804888734365 -0.0020166847600815298 0.002260066206722936 0.9999884839927302 -0.004216603821355372 0.0020261223334126837 0.004212392864461512 0.9999887779526258 -0.02098765342071829 0.004333732023781067 -0.5286145696026239
FixedParameters: 0 0 0
#Transform 26
Transform: MatrixOffsetTransformBase_double_3_3
Parameters: 0.9999959433044371 -0.002428818716867807 -0.0017766691702238663 0.002421091015257426 0.9999874574997634 -0.004477426599424142 0.001787728425686616 0.004473577294364456 0.9999884252954983 -0.11945224333958038 -0.06372350570184437 -0.24818967367147593
FixedParameters: 0 0 0
#Transform 27
Transform: MatrixOffsetTransformBase_double_3_3
Parameters: 0.9999929130668862 -0.002314810178157746 -0.002954593967408961 0.002301022824474374 0.9999877347355938 -0.004408641496947738 0.0029649774918374854 0.004401360650227379 0.9999863699472138 -0.06305632004635697 -0.036321641651980485 -0.4994131257448089
FixedParameters: 0 0 0
#Transform 28
Transform: MatrixOffsetTransformBase_double_3_3
Parameters: 0.999995647926687 -0.0022771251321216717 -0.0017801741048448065 0.0022683644808840294 0.9999857738190686 -0.004738083086133535 0.001790060116892772 0.004734912581731643 0.9999870049188722 -0.045842295832031255 -0.04723286273244298 -0.3997484991989779
FixedParameters: 0 0 0
#Transform 29
Transform: MatrixOffsetTransformBase_double_3_3
Parameters: 0.9999955555758118 -0.0023189601297986142 -0.0020167007584343077 0.0023111530976666814 0.999989902941575 -0.0037587036296943682 0.0020255165543959803 0.003754289397631172 0.999990429910039 -0.10392931034350283 -0.05993795851490802 -0.3551740415322229
FixedParameters: 0 0 0
#Transform 30
Transform: MatrixOffsetTransformBase_double_3_3
Parameters: 0.9999947637576493 -0.002287406599934816 -0.0024504201714940937 0.0022766341061876793 0.9999878479437639 -0.004292486920699362 0.0024602006063717398 0.004287512322027384 0.9999881073446553 -0.03898955281535166 -0.013360016166814148 -0.5210386921780525
FixedParameters: 0 0 0
#Transform 31
Transform: MatrixOffsetTransformBase_double_3_3
Parameters: 0.9999958876588775 -0.0022861787291783304 -0.0019712521390740983 0.002277979243586263 0.9999886603941643 -0.0041775320422335754 0.0019806581397332707 0.004172468444038027 0.999989365781308 -0.1049364150919132 -0.05159934663355159 -0.31243238260250905
FixedParameters: 0 0 0
#Transform 32
Transform: MatrixOffsetTransformBase_double_3_3
Parameters: 0.999994619912064 -0.0019566665162391197 -0.00255986258205362 0.001946721410188173 0.999991268534101 -0.0037848834548957627 0.0025668971473651026 0.003780120387270089 0.9999897365744531 -0.08257461523884047 -0.029248943014110296 -0.4208475454026228
FixedParameters: 0 0 0
#Transform 33
Transform: MatrixOffsetTransformBase_double_3_3
Parameters: 0.999994353327066 -0.0022729748347156136 -0.002545271467967304 0.002260361820413504 0.9999847080221682 -0.005063669759287237 0.0025571933435700974 0.005058335678557083 0.9999844173584858 -0.042781671926562126 -0.010789802155343864 -0.44469544293588115
FixedParameters: 0 0 0
#Transform 34
Transform: MatrixOffsetTransformBase_double_3_3
Parameters: 0.9999998889401343 -0.0005965125344228793 -0.0008691787116700551 0.0005942744427463647 0.9999951246953104 -0.0029204431440622985 0.0008704365076271726 0.002919556926057415 0.9999957114037162 -0.1187260802307577 -0.054348728283329706 -0.3071799929026895
FixedParameters: 0 0 0
#Transform 35
Transform: MatrixOffsetTransformBase_double_3_3
Parameters: 0.9999958562361381 -0.0020805212962789403 -0.0019531835279859547 0.0020708375530345048 0.9999865066615322 -0.004848089102892389 0.0019635767156376406 0.004843914129724944 0.9999863817557347 -0.025649206743892705 0.003107159078268751 -0.5564309774972429
FixedParameters: 0 0 0
#Transform 36
Transform: MatrixOffsetTransformBase_double_3_3
Parameters: 0.9999950368709566 -0.002093986266867533 -0.002362067990070209 0.002080814798788032 0.999982163873362 -0.005557822140935406 0.0023732425846908433 0.0055531804149852315 0.9999821451930945 -0.00619898589611978 0.03348968159315291 -0.5596957547215169
FixedParameters: 0 0 0
#Transform 37
Transform: MatrixOffsetTransformBase_double_3_3
Parameters: 0.9999927451478184 -0.002285719381666074 -0.0030049874820411732 0.0022753352698022655 0.9999912860167102 -0.0034646711081104953 0.003012968330232928 0.0034573280479099355 0.9999895019350243 -0.06344601817249895 -0.18746575118987607 -0.5176827557120589
FixedParameters: 0 0 0
#Transform 38
Transform: MatrixOffsetTransformBase_double_3_3
Parameters: 0.9999968282206888 -0.0018324867489032761 -0.0016770891931332966 0.001827744383929259 0.9999933854399947 -0.003082089893411896 0.0016829287744842209 0.003078906919347535 0.9999934637558845 -0.08685639579398696 -0.18831216142186236 -0.48620839562015306
FixedParameters: 0 0 0
#Transform 39
Transform: MatrixOffsetTransformBase_double_3_3
Parameters: 0.9999994772661559 -0.0007708069553465497 -0.0009636111923691356 0.0007672386274517534 0.9999943795111024 -0.003321742542461162 0.0009664997512005071 0.0033202582414107867 0.9999940396014876 -0.13612430837888212 -0.10779264241816122 -0.500321405150558
FixedParameters: 0 0 0
#Transform 40
Transform: MatrixOffsetTransformBase_double_3_3
Parameters: 0.9999972518094737 -0.0019887567673178737 -0.0013391289681379914 0.001982874960732346 0.9999876249803585 -0.0045377523367007705 0.0013476448781265264 0.004534244846435206 0.9999884759795444 -0.042373511245685336 -0.018015389299193885 -0.5401333306258636
FixedParameters: 0 0 0
#Transform 41
Transform: MatrixOffsetTransformBase_double_3_3
Parameters: 0.9999954370733158 -0.0025362247604238425 -0.0014597796725174747 0.0025297580364641416 0.9999865086627562 -0.004623886349486475 0.0014706287565486851 0.004620119558811794 0.9999882022956793 -0.07678277909144526 -0.028657059471953517 -0.4171649003164788
FixedParameters: 0 0 0
#Transform 42
Transform: MatrixOffsetTransformBase_double_3_3
Parameters: 0.9999955222257557 -0.0021516609406234807 -0.002202273902442616 0.002140424984523353 0.9999860793266713 -0.004862687676539454 0.0022123369883341243 0.0048573182220223304 0.999986203279909 -0.06301023874388534 0.011792756917344605 -0.4716899347608603
FixedParameters: 0 0 0
#Transform 43
Transform: MatrixOffsetTransformBase_double_3_3
Parameters: 0.9999955470174834 -0.0020434497656161036 -0.0022967677485923135 0.0020322535419556352 0.999985211225382 -0.005102646385062845 0.0023076066617356986 0.005098356599659612 0.9999843051151119 -0.04979999978532135 0.015088518124159123 -0.4711518938215704
FixedParameters: 0 0 0
#Transform 44
Transform: MatrixOffsetTransformBase_double_3_3
Parameters: 0.9999977403409767 -0.00093517091398453 -0.0018394876616559706 0.0009272700939587927 0.9999888630670314 -0.0045205745034633815 0.0018442395839093338 0.004519420707312247 0.9999880162437603 -0.15662717167855078 -0.03712162687939724 -0.38303591441133733
FixedParameters: 0 0 0
#Transform 45
Transform: MatrixOffsetTransformBase_double_3_3
Parameters: 0.9999971526503036 -0.0015875297209681908 -0.0015254102818528228 0.0015806781745343144 0.9999878357343234 -0.00467843796924701 0.001532649539574613 0.004676559927346877 0.9999875586210227 -0.0017016485782477275 0.002242032300586061 -0.6011788130933411
FixedParameters: 0 0 0
#Transform 46
Transform: MatrixOffsetTransformBase_double_3_3
Parameters: 0.9999954910746562 -0.002383073006110956 -0.001956775105234179 0.002374562863542677 0.99998729239124 -0.0045207700777470106 0.00196755098892858 0.0045162290067383565 0.9999873646978632 -0.09505800977352408 -0.09233256279657098 -0.4375268921934179
FixedParameters: 0 0 0
#Transform 47
Transform: MatrixOffsetTransformBase_double_3_3
Parameters: 0.9999940732160192 -0.002410753399927455 -0.0022610741674591343 0.002401662397682776 0.9999882953466509 -0.004279482886209607 0.0022718551837833134 0.004273519417681171 0.9999882006878965 -0.1017068260721885 -0.10194956162928293 -0.5269496256872657
FixedParameters: 0 0 0
#Transform 48
Transform: MatrixOffsetTransformBase_double_3_3
Parameters: 0.9999941379338132 -0.0026255563436607112 -0.002443069841122111 0.002613514361202232 0.9999844553986295 -0.004923382996245909 0.0024559079660221427 0.004917620682373461 0.9999852594278017 -0.05272885343545397 -0.10160900001315554 -0.5337466257204255
FixedParameters: 0 0 0
#Transform 49
Transform: MatrixOffsetTransformBase_double_3_3
Parameters: 0.9999952427455308 -0.0022899098747483594 -0.002124923198038792 0.0022803141266354086 0.9999875584172482 -0.004420887788777736 0.0021343929437388706 0.004415109731425268 0.9999876466060323 -0.10258687443453596 -0.12483819324650369 -0.43437314786756076
FixedParameters: 0 0 0
#Transform 50
Transform: MatrixOffsetTransformBase_double_3_3
Parameters: 0.9999940429886672 -0.0025626801780441986 -0.002094867973312571 0.0025537214048663315 0.9999862287693928 -0.004549407664475244 0.002106338627176312 0.004544592594625696 0.9999874634730438 -0.038266417261098695 -0.05088621334112986 -0.6088546040866873
FixedParameters: 0 0 0
#Transform 51
Transform: MatrixOffsetTransformBase_double_3_3
Parameters: 0.9999951608824261 -0.0024683240901158935 -0.0016570334902190856 0.0024599876616290353 0.9999847388948855 -0.00495720118108231 0.0016698120954425923 0.004953797496158721 0.9999863076236056 -0.10042491446927215 -0.0733167055452526 -0.4046522479984134
FixedParameters: 0 0 0
#Transform 52
Transform: MatrixOffsetTransformBase_double_3_3
Parameters: 0.999995821422259 -0.00230533988717899 -0.0019662228288140006 0.002296189913476348 0.999987654073421 -0.004409563093998731 0.0019758575370832955 0.004405437021953132 0.9999883149579016 -0.0851757176495056 -0.0427140841321858 -0.5200285177078428
FixedParameters: 0 0 0
#Transform 53
Transform: MatrixOffsetTransformBase_double_3_3
Parameters: 0.9999940468637292 -0.0024375166813740998 -0.002238600349638644 0.002425825799642265 0.9999834710534555 -0.0052934903754943 0.0022513891700486535 0.005287515875641552 0.9999835964518001 -0.06893243982220554 0.006159023322695134 -0.47038459758879014
FixedParameters: 0 0 0
#Transform 54
Transform: MatrixOffsetTransformBase_double_3_3
Parameters: 0.9999946940686851 -0.0022432295023875302 -0.002296462959248374 0.0022325221987216904 0.9999856897319191 -0.004765100825672594 0.0023069072954791537 0.004759892289216486 0.9999856411832833 -0.1762286755443938 -0.024495952057662862 -0.328621702267867
FixedParameters: 0 0 0
#Transform 55
Transform: MatrixOffsetTransformBase_double_3_3
Parameters: 0.9999945769438706 -0.0021798711729562594 -0.0023817537672212695 0.00216827285428474 0.9999858146231678 -0.0047820675213687824 0.0023916642913941262 0.004776932538651468 0.9999860747001807 -0.0402140502880286 -0.0008042435366490963 -0.6105089734338378
FixedParameters: 0 0 0
#Transform 56
Transform: MatrixOffsetTransformBase_double_3_3
Parameters: 0.999995306702652 -0.0023669637871548597 -0.00202255122649044 0.002356538765419897 0.9999826626731665 -0.005299809597259619 0.0020347058752443305 0.005294182304581216 0.999983527125498 -0.10759112492836209 -0.061725959899590066 -0.4000932245108686
FixedParameters: 0 0 0
#Transform 57
Transform: MatrixOffsetTransformBase_double_3_3
Parameters: 0.99999644979606 -0.0019900606890735895 -0.0016090472855377284 0.00198309180503133 0.9999885095512058 -0.004447296917458932 0.0016181327354046772 0.004443702572388866 0.9999884150469113 -0.06059663645541491 -0.07067673018931941 -0.5404461016775457
FixedParameters: 0 0 0
#Transform 58
Transform: MatrixOffsetTransformBase_double_3_3
Parameters: 0.9999944062050297 -0.002927191783082503 -0.001422346589324417 0.0029206771315867957 0.9999833097951726 -0.005051434419006684 0.0014372402621457506 0.0050475682861712 0.9999861010356609 -0.04595307389654124 -0.06276582939383957 -0.4879575632714932
FixedParameters: 0 0 0
#Transform 59
Transform: MatrixOffsetTransformBase_double_3_3
Parameters: 0.9999952870455562 -0.002427078139534016 -0.001955228151534409 0.0024176147591610997 0.9999847004020268 -0.004982780974632187 0.001966566350797817 0.004978224745084789 0.9999859754265054 -0.11597647945785639 -0.0983519229367289 -0.3832020771107665
FixedParameters: 0 0 0
#Transform 60
Transform: MatrixOffsetTransformBase_double_3_3
Parameters: 0.999994402838448 -0.002594633411007521 -0.002205632211624037 0.002583662784778818 0.999983934264385 -0.004983758202732919 0.0022185595568509253 0.004978235755355692 0.9999848474306753 -0.030512881246167467 -0.045490983385377604 -0.619323929204171
FixedParameters: 0 0 0
#Transform 61
Transform: MatrixOffsetTransformBase_double_3_3
Parameters: 0.9999949854661819 -0.0027816821766569275 -0.0015092602330420805 0.0027733619572067963 0.999983050190461 -0.005054380375400444 0.0015237613204927328 0.005049611966111478 0.9999858894532061 -0.10708397855795226 -0.09089611653254792 -0.41531607359989664
FixedParameters: 0 0 0
#Transform 62
Transform: MatrixOffsetTransformBase_double_3_3
Parameters: 0.9999951763690874 -0.0023837003558468185 -0.0020345264258392975 0.002375583311088741 0.999988490850682 -0.004270885973497993 0.0020451171160539147 0.004266121609108164 0.9999892450464287 -0.0856597613439618 -0.05504058521334798 -0.5217206539847155
FixedParameters: 0 0 0
#Transform 63
Transform: MatrixOffsetTransformBase_double_3_3
Parameters: 0.9999940303212255 -0.002462774105597931 -0.002214383137014407 0.00245111688969192 0.9999828960598421 -0.005342490740894865 0.002227682623853346 0.005337509262304196 0.9999831024983211 -0.04868529829319357 -0.03090669301245441 -0.5125926412507908
FixedParameters: 0 0 0
#Transform 64
Transform: MatrixOffsetTransformBase_double_3_3
Parameters: 0.9999967791627609 -0.0017994994031032114 -0.0017270735652543568 0.0017903024304836185 0.9999844920653642 -0.005341127483024344 0.0017365170189547943 0.005337876903883182 0.9999842660584947 -0.15873106499762457 -0.08149738335114876 -0.35783341860887674
FixedParameters: 0 0 0
#Transform 65
Transform: MatrixOffsetTransformBase_double_3_3
Parameters: 0.9999930121681203 -0.002821609287857077 -0.0024549758798736872 0.0028094117325984697 0.9999825966303447 -0.00510289731372586 0.002468681254863872 0.0050961054107536985 0.9999844052037625 -0.04016902069007244 -0.0029135304228304904 -0.5832023680507064
FixedParameters: 0 0 0
#Transform 66
Transform: MatrixOffsetTransformBase_double_3_3
Parameters: 0.9999954262689886 -0.0024467802153959953 -0.0018938571528364203 0.002436925062462981 0.9999829270630403 -0.005244666978593285 0.001906669215537425 0.005240330358511236 0.9999845310982887 -0.13137019950860918 -0.04638621028067291 -0.36490567694026765
FixedParameters: 0 0 0
#Transform 67
Transform: MatrixOffsetTransformBase_double_3_3
Parameters: 0.9999933423772007 -0.0023101611317989925 -0.0027058232625458444 0.002299249367750014 0.9999893707722886 -0.004099135158466952 0.0027148291338214363 0.004092873679263781 0.999988416890086 -0.061995021477002865 1.736717933908949e-7 -0.4966696780918056
FixedParameters: 0 0 0
#Transform 68
Transform: MatrixOffsetTransformBase_double_3_3
Parameters: 0.9999952234603037 -0.002294908156005785 -0.002123602450485417 0.0022833663872465727 0.9999837029349186 -0.005327901513286645 0.0021361132158626626 0.005322105375170985 0.9999838086987909 -0.15002105256448317 -0.040628694946548194 -0.2345610483885281
FixedParameters: 0 0 0
#Transform 69
Transform: MatrixOffsetTransformBase_double_3_3
Parameters: 0.9999940736437671 -0.0021484208829811047 -0.002512223917621366 0.0021370723718980907 0.9999875659918439 -0.004500273353100881 0.0025216236620280628 0.004494729864436803 0.9999870523097742 -0.08915326507633381 -0.06622069710529388 -0.4840560415224786
FixedParameters: 0 0 0
#Transform 70
Transform: MatrixOffsetTransformBase_double_3_3
Parameters: 0.999994850531796 -0.0024490481370947077 -0.002037368862344307 0.0024372990356120836 0.999981273521596 -0.005582020962177969 0.0020517665521771504 0.005576974171523821 0.9999823147543233 -0.1109640077074232 -0.06177582828108541 -0.38070475615664634
FixedParameters: 0 0 0
#Transform 71
Transform: MatrixOffsetTransformBase_double_3_3
Parameters: 0.9999952997181373 -0.0023790342699569742 -0.002010567863351091 0.0023695938578273588 0.999987459583817 -0.0043848077512980005 0.002020729833595087 0.004379191141547292 0.9999884360140212 -0.09648171063814459 -0.0789280670044974 -0.495784069662875
FixedParameters: 0 0 0
#Transform 72
Transform: MatrixOffsetTransformBase_double_3_3
Parameters: 0.999995015988468 -0.0026593297551169293 -0.0017063298430883135 0.002650534513070622 0.999983351539315 -0.005194726496457358 0.0017201883600982879 0.005190273958051217 0.999984739836443 -0.08615383691565626 -0.04478834265256637 -0.423130869897264
FixedParameters: 0 0 0
#Transform 73
Transform: MatrixOffsetTransformBase_double_3_3
Parameters: 0.9999966095869817 -0.0018644734365339585 -0.0017074014529700372 0.001855704287314483 0.9999859089217322 -0.00498720097799453 0.0017162990598870635 0.004983798814953921 0.9999859898574716 -0.14755886788059058 -0.08644165707869433 -0.40935102047458827
FixedParameters: 0 0 0
#Transform 74
Transform: MatrixOffsetTransformBase_double_3_3
Parameters: 0.9999945230106024 -0.0024520810716031636 -0.002112385625073745 0.002440526391714358 0.9999813474209874 -0.005574211078407859 0.0021267041283559935 0.005568784651243525 0.999982091744505 -0.04839170977047047 -0.02243152441869256 -0.5237831327981439
FixedParameters: 0 0 0
#Transform 75
Transform: MatrixOffsetTransformBase_double_3_3
Parameters: 0.9999956055286079 -0.0021546708405926446 -0.0021803309435500986 0.002143167819161656 0.9999839237353906 -0.005182647725456693 0.0021907272932307795 0.005178347917822471 0.999984006169233 -0.12874995474957984 -0.08268641352491102 -0.3156102546150805
FixedParameters: 0 0 0
#Transform 76
Transform: MatrixOffsetTransformBase_double_3_3
Parameters: 0.9999945125966344 -0.002367373545587353 -0.0022097756449494734 0.002355251673366678 0.9999820298895543 -0.005459186448474443 0.0022226039621600253 0.005453813430176632 0.9999829353239965 -0.047285952546019416 -0.01825301537367352 -0.5781720891166486
FixedParameters: 0 0 0
#Transform 77
Transform: MatrixOffsetTransformBase_double_3_3
Parameters: 0.9999954371509496 -0.0026442800394558506 -0.00160279066197033 0.002636026623304284 0.9999826195921628 -0.005359425432036796 0.00161736433725124 0.005354579611131463 0.9999844220851141 -0.10540804294333839 -0.0629693462059322 -0.3976095498060772
FixedParameters: 0 0 0
#Transform 78
Transform: MatrixOffsetTransformBase_double_3_3
Parameters: 0.9999948265128327 -0.00224457472305133 -0.002265582172852898 0.0022336573500476306 0.9999844421426599 -0.00509403973228674 0.002277436722787291 0.005088960618005567 0.999984537156012 -0.09751840331763617 -0.05380309624152346 -0.4893111499587519
FixedParameters: 0 0 0
#Transform 79
Transform: MatrixOffsetTransformBase_double_3_3
Parameters: 0.9999953245876249 -0.002509392865432061 -0.0018386922382074742 0.002498449117155117 0.9999811474177642 -0.005654725300625413 0.0018522139791971293 0.00565027772376539 0.9999822749753159 -0.09841200068021294 -0.04323572180362589 -0.4881606295546561
FixedParameters: 0 0 0
#Transform 80
Transform: MatrixOffsetTransformBase_double_3_3
Parameters: 0.9999977048339256 -0.0006537894264238824 -0.0019669180835699463 0.0006430429117413236 0.9999865680822161 -0.005206136006204884 0.0019699274497434922 0.005204871107238773 0.9999849418291186 -0.17801586520678825 -0.08007122801983257 -0.383983163424773
FixedParameters: 0 0 0
#Transform 81
Transform: MatrixOffsetTransformBase_double_3_3
Parameters: 0.9999945707076167 -0.00255972990206928 -0.002208460442075051 0.002547840101386008 0.9999818049471821 -0.005392681622397574 0.0022220498234153657 0.005386310722697671 0.999982671793799 -0.04954875590428287 -0.030830624952230323 -0.5980539513746521
FixedParameters: 0 0 0
#Transform 82
Transform: MatrixOffsetTransformBase_double_3_3
Parameters: 0.9999967309607194 -0.002058198512327788 -0.001425196936436863 0.0020509529269551433 0.9999837776312542 -0.005407035080239639 0.001436762494135035 0.005403971658022644 0.9999845139143158 -0.14768017901461405 -0.08067554792110343 -0.34901103580635606
FixedParameters: 0 0 0
#Transform 83
Transform: MatrixOffsetTransformBase_double_3_3
Parameters: 0.999996019753072 -0.002127174940575484 -0.002111046240307254 0.0021170628857745447 0.9999857926250986 -0.004806441381208462 0.0021206412040254935 0.004802554496243117 0.9999860603373297 -0.09726184490729395 -0.051060763639341644 -0.5252867220274737
FixedParameters: 0 0 0
#Transform 84
Transform: MatrixOffsetTransformBase_double_3_3
Parameters: 0.9999947477772934 -0.002465546000826951 -0.002274491670405821 0.0024524329266411822 0.99998061409105 -0.005722636398891631 0.0022886072372805158 0.005716359450523817 0.9999807076305577 -0.08832984964310242 -0.07052750047496659 -0.4578400216376366
FixedParameters: 0 0 0
#Transform 85
Transform: MatrixOffsetTransformBase_double_3_3
Parameters: 0.9999958097579595 -0.0020922460742668733 -0.0019525729084572817 0.0020821213355764873 0.9999839600345344 -0.005197034059877509 0.0019634623177435155 0.005192965069469535 0.9999848732034519 -0.16399892631011426 -0.09349084300660593 -0.4154317406196526
FixedParameters: 0 0 0
#Transform 86
Transform: MatrixOffsetTransformBase_double_3_3
Parameters: 0.9999938805094718 -0.002518096064400848 -0.002603460522270216 0.002503518826785006 0.9999811026852115 -0.005664516150348964 0.0026177251301567834 0.005657488697394866 0.9999806832310892 -0.0628870078983681 -0.03256938019671907 -0.6120395592450052
FixedParameters: 0 0 0
#Transform 87
Transform: MatrixOffsetTransformBase_double_3_3
Parameters: 0.9999964833841707 -0.0021057183091795005 -0.0014424592312603324 0.002098321280081379 0.9999837207971605 -0.005394139520039462 0.0014544830638066866 0.005390866775747391 0.9999846039232244 -0.16237923098967144 -0.10103820772353345 -0.4091762760625812
FixedParameters: 0 0 0
#Transform 88
Transform: MatrixOffsetTransformBase_double_3_3
Parameters: 0.9999958105265003 -0.0023346938388751504 -0.0019339110907849203 0.002324309715098157 0.9999830781900684 -0.0052745396756481155 0.0019456825793272635 0.005269457105120806 0.9999841438715342 -0.059157627304529115 -0.06951012207380813 -0.6029886798551871
FixedParameters: 0 0 0
#Transform 89
Transform: MatrixOffsetTransformBase_double_3_3
Parameters: 0.9999934317676881 -0.002470894090641437 -0.002541966302758546 0.0024581300440256943 0.9999827665241263 -0.005265171500605015 0.002554814645419101 0.005259830675464372 0.9999832768627129 -0.11191346925345158 -0.0773567048452719 -0.4400925874955277
FixedParameters: 0 0 0
#Transform 90
Transform: MatrixOffsetTransformBase_double_3_3
Parameters: 0.9999941753630418 -0.0024387383053446426 -0.0024247185633170182 0.0024264218932649045 0.9999843064656496 -0.005018866061201235 0.0024361790436802436 0.005012134752303735 0.9999845579480462 -0.06543258854959788 -0.08037407535900343 -0.5836175544257429
FixedParameters: 0 0 0
#Transform 91
Transform: MatrixOffsetTransformBase_double_3_3
Parameters: 0.9999952424341225 -0.0025696539413620025 -0.0014676580457350643 0.002561015209768212 0.9999809081568737 -0.005640954415370769 0.0014829519687392107 0.005637040988717229 0.9999827370163001 -0.0770295440671589 -0.06592252447427427 -0.4869141323450208
FixedParameters: 0 0 0
#Transform 92
Transform: MatrixOffsetTransformBase_double_3_3
Parameters: 0.9999960268699332 -0.0021990167117080356 -0.0017714945763949426 0.002189811105432324 0.9999848108000642 -0.005165998872344854 0.001782439841503623 0.005162005501042635 0.9999848817937577 -0.14409282375177668 -0.09121361306701203 -0.4123573651273773
FixedParameters: 0 0 0
#Transform 93
Transform: MatrixOffsetTransformBase_double_3_3
Parameters: 0.9999954133214427 -0.002507489625996219 -0.0018156491302919896 0.0024970485477091285 0.9999785355304277 -0.006131669920509911 0.0018313894906722018 0.006127338204794566 0.9999797353150421 -0.05329670616001181 -0.0487367003580772 -0.5934818554382701
FixedParameters: 0 0 0
#Transform 94
Transform: MatrixOffsetTransformBase_double_3_3
Parameters: 0.999996193569542 -0.00229017729886157 -0.001249440745493051 0.0022830497969117372 0.9999810163332999 -0.005655961283982408 0.0012627342588378632 0.005653033590794068 0.9999832299047366 -0.152730057995484 -0.10267472767139907 -0.35709054008593455
FixedParameters: 0 0 0
#Transform 95
Transform: MatrixOffsetTransformBase_double_3_3
Parameters: 0.9999929670582163 -0.002662542034104208 -0.00243797544504252 0.0026481666794881307 0.9999799656769752 -0.005785527895392342 0.002453597049421633 0.0057784714179625885 0.999980137560465 -0.07408171039001843 -0.07178565272775472 -0.5532731409925162
FixedParameters: 0 0 0
#Transform 96
Transform: MatrixOffsetTransformBase_double_3_3
Parameters: 0.9999957599378736 -0.0027452994289614546 -0.0013057673534008633 0.002737129005184481 0.9999800719974483 -0.005719845459124587 0.0013215585774196538 0.005716149742679699 0.9999822962344305 -0.08497992483384564 -0.042787482672466126 -0.40778310774645377
FixedParameters: 0 0 0
#Transform 97
Transform: MatrixOffsetTransformBase_double_3_3
Parameters: 0.9999979120004238 -0.0010498814106285486 -0.0017279024955191237 0.0010395816108283017 0.9999830353482256 -0.005747744100944321 0.0017341750362693741 0.005746254179138835 0.9999818200312239 -0.18695480826283983 -0.06430047196026578 -0.3248727204467059
FixedParameters: 0 0 0
#Transform 98
Transform: MatrixOffsetTransformBase_double_3_3
Parameters: 0.9999956827610998 -0.00266941732021711 -0.0014805637927826592 0.0026598614722075824 0.9999754719015019 -0.006466142955962664 0.0014972384074684903 0.00646285281190101 0.9999776302988116 -0.07955611631200554 -0.027283651920427587 -0.5615177888978877
FixedParameters: 0 0 0
#Transform 99
Transform: MatrixOffsetTransformBase_double_3_3
Parameters: 0.999996899616677 -0.002297958268272958 -0.0013484658131627343 0.0022911210590416038 0.9999826592767465 -0.005505276325025371 0.001361081001628416 0.005501726315280217 0.9999836627348239 -0.14597267818916748 -0.0876701389941843 -0.38964288665361835
FixedParameters: 0 0 0
#Transform 100
Transform: MatrixOffsetTransformBase_double_3_3
Parameters: 0.9999941499268695 -0.0027933373051830003 -0.002012145914833304 0.0027803750643496062 0.9999772459274292 -0.006120737106764779 0.0020293166057372115 0.006115256997633045 0.9999790432652873 -0.06826980425364582 -0.050240822476993685 -0.6541282372060948
FixedParameters: 0 0 0
#Transform 101
Transform: MatrixOffsetTransformBase_double_3_3
Parameters: 0.9999940775225463 -0.0028633545255132113 -0.0016505802056976098 0.0028534913407586627 0.9999803875806176 -0.005641922511448738 0.0016671131445550043 0.005637083750098568 0.9999830813067302 -0.09293008749733644 -0.08490724630526358 -0.4410597195389272
FixedParameters: 0 0 0
#Transform 102
Transform: MatrixOffsetTransformBase_double_3_3
Parameters: 0.9999965328348103 -0.002266247671986716 -0.0015265138474848902 0.002258331242573416 0.9999824613508868 -0.005543568381874031 0.001538873282017632 0.005540439029399963 0.9999836433286592 -0.06041331345120682 -0.08677386473684123 -0.5771414103982693
FixedParameters: 0 0 0
#Transform 103
Transform: MatrixOffsetTransformBase_double_3_3
Parameters: 0.9999950176387887 -0.0027272339443501713 -0.001595256316903967 0.0027175362921454216 0.9999780996967016 -0.006072544071851427 0.0016115294368145659 0.00606845858642191 0.9999802151226028 -0.11819705755988252 -0.07743430846372235 -0.42526946666913545
FixedParameters: 0 0 0
#Transform 104
Transform: MatrixOffsetTransformBase_double_3_3
Parameters: 0.9999953231352399 -0.002364555649803516 -0.0017568300379744094 0.002354184152388402 0.9999803873339306 -0.00577625430138097 0.0017702881432007107 0.005771737927585688 0.999981256994023 -0.16165648122762377 -0.0820380693664049 -0.40668868244299006
FixedParameters: 0 0 0
#Transform 105
Transform: MatrixOffsetTransformBase_double_3_3
Parameters: 0.9999929934693425 -0.0028810062870179075 -0.0021687827629431776 0.0028677933271813393 0.9999751817176927 -0.0064063665663933456 0.002187441019235928 0.006399627872313671 0.9999768138621702 -0.05238035535974461 -0.03168959455997822 -0.5614117586931258
FixedParameters: 0 0 0
#Transform 106
Transform: MatrixOffsetTransformBase_double_3_3
Parameters: 0.999994505781207 -0.0027039434904794707 -0.002045396892351233 0.002692111026758313 0.999979927934376 -0.0057676481759870585 0.002060572971202189 0.005762353050267413 0.9999811066464788 -0.11768720491558327 -0.0920215878895192 -0.33661283742044645
FixedParameters: 0 0 0
#Transform 107
Transform: MatrixOffsetTransformBase_double_3_3
Parameters: 0.9999965485593572 -0.0024244406680307366 -0.0012550392417416236 0.002416444296101251 0.9999794020169522 -0.005914148264784036 0.0012691008462146565 0.00591085540421428 0.999982230467181 -0.03146400663318616 -0.047251818669622025 -0.5802430120129856
FixedParameters: 0 0 0
#Transform 108
Transform: MatrixOffsetTransformBase_double_3_3
Parameters: 0.9999933524210487 -0.0027762303505971813 -0.002437451663417827 0.0027620505521363838 0.9999788497141988 -0.0059198131180331764 0.0024530646552985485 0.005913191741282547 0.9999794918820563 -0.08381949720650539 -0.06886234774712818 -0.4367049813352111
FixedParameters: 0 0 0
#Transform 109
Transform: MatrixOffsetTransformBase_double_3_3
Parameters: 0.9999942286461786 -0.0025733556714939067 -0.0022688603659347818 0.0025604626295407363 0.9999805512820944 -0.005686875428427815 0.002284028195014169 0.005681120991106958 0.9999810609603985 -0.08884949812355103 -0.08805842775599615 -0.46489914117648823
FixedParameters: 0 0 0
#Transform 110
Transform: MatrixOffsetTransformBase_double_3_3
Parameters: 0.9999938159907172 -0.00279152432199163 -0.0023222442389007367 0.0027757544778977254 0.9999751209638144 -0.006533601596301536 0.002340450022459482 0.0065273939236002165 0.9999753990053861 -0.06751292328243608 -0.05119736851655432 -0.5223807115295216
FixedParameters: 0 0 0
#Transform 111
Transform: MatrixOffsetTransformBase_double_3_3
Parameters: 0.9999959926539791 -0.002261625726876103 -0.0017010657314405443 0.00225114873857403 0.9999814375776666 -0.0057259508545863536 0.0017141810985450933 0.005722050149170793 0.9999820260507843 -0.15895624941894937 -0.09734245208923653 -0.3377881205571498
FixedParameters: 0 0 0
#Transform 112
Transform: MatrixOffsetTransformBase_double_3_3
Parameters: 0.9999970407353949 -0.002355176150401388 -0.0011889180170026198 0.002347422010274067 0.9999780206681488 -0.006138902967211632 0.0012032200975762425 0.00613609501388529 0.9999806814265002 -0.038900473147137404 -0.04598870579415859 -0.5987366321671317
FixedParameters: 0 0 0
#Transform 113
Transform: MatrixOffsetTransformBase_double_3_3
Parameters: 0.9999942663032747 -0.0026764588017435453 -0.0018896958750729371 0.0026642090789728385 0.9999762249704545 -0.006328168983452745 0.0019065490065188402 0.006322825858998862 0.9999780164496813 -0.13163914186927173 -0.080317946121653 -0.39656427429805774
FixedParameters: 0 0 0
#Transform 114
Transform: MatrixOffsetTransformBase_double_3_3
Parameters: 0.9999936726676044 -0.002988888911428663 -0.0020956020136227035 0.002977452786950779 0.999978561203486 -0.005752387860928604 0.0021129012084166185 0.005746604805257641 0.9999809972394054 -0.06217684983607796 -0.0782401604877947 -0.5816057595922501
FixedParameters: 0 0 0
