#Insight Transform File V1.0
#Transform 0
Transform: MatrixOffsetTransformBase_double_3_3
Parameters: 0.9999964673518408 -0.0016555274577893188 -0.0019478534102222195 0.001650131294553569 0.9999961439154539 -0.0023311702566513604 0.001951266954123468 0.0023288302224560298 0.9999954656031768 0.041692204328668936 0.00938690217114413 -0.3716016117412977
FixedParameters: 0 0 0
#Transform 1
Transform: MatrixOffsetTransformBase_double_3_3
Parameters: 0.9999974578320032 -0.001751693338873117 -0.0015733746918974647 0.0017492237476977935 0.9999980503264678 -0.001054772096616502 0.0015749935572271496 0.0010522272715526998 0.9999981877779981 -0.02668429431757602 0.025844756504653787 -0.15399068310770758
FixedParameters: 0 0 0
#Transform 2
Transform: MatrixOffsetTransformBase_double_3_3
Parameters: 0.9999980190640017 -0.0016055854823884676 -0.0011843191364026902 0.0016033024668660062 0.9999975420572491 -0.0017409882659168568 0.0011877582763231548 0.0017390103723586847 0.9999974217987632 0.06469280702106062 0.09233481036677915 -0.42567057919818296
FixedParameters: 0 0 0
#Transform 3
Transform: MatrixOffsetTransformBase_double_3_3
Parameters: 0.9999977109425949 -0.0020652972468607825 0.00015364917426115288 0.002065565326937517 0.9999960853549466 -0.0016238343742841638 -0.00014993220697556708 0.0016241623336561983 0.9999983508321559 0.030861275989636283 0.05611621109896703 -0.24931452268994292
FixedParameters: 0 0 0
#Transform 4
Transform: MatrixOffsetTransformBase_double_3_3
Parameters: 0.9999986248877902 -0.0018357547283428797 -0.000059046024074375025 0.0018365798608781388 0.9999979627590064 -0.000809259066443066 0.000060944772658362053 0.0008087396736805863 0.9999993531665722 0.009810591611142172 0.06954538093370388 -0.24217393038045998
FixedParameters: 0 0 0
#Transform 5
Transform: MatrixOffsetTransformBase_double_3_3
Parameters: 0.9999969220875334 -0.002065089811551642 -0.0013462990478446618 0.0020618308367138997 0.9999935396666928 -0.0028908695228930803 0.001351863753033629 0.0028871299307135223 0.9999946897207559 0.04476778277721394 0.08744912505532909 -0.39908140721770735
FixedParameters: 0 0 0
#Transform 6
Transform: MatrixOffsetTransformBase_double_3_3
Parameters: 0.9999982792594785 -0.0018993889368355257 -0.00033631305830224213 0.0018989226528718206 0.9999964918819965 -0.001723722519047094 0.0003387957329584418 0.0017232796044036325 0.9999988464595834 0.003638891680949996 0.0377062395732537 -0.1526198148916933
FixedParameters: 0 0 0
#Transform 7
Transform: MatrixOffsetTransformBase_double_3_3
Parameters: 0.9999955461754827 -0.002197560356989383 -0.002150802709295269 0.0021926530470259956 0.9999946746159958 -0.002212678407945562 0.0021551464803886925 0.002208319678250817 0.9999950989084182 0.021124186212887253 0.06914334065618277 -0.41651305062923427
FixedParameters: 0 0 0
#Transform 8
Transform: MatrixOffsetTransformBase_double_3_3
Parameters: 0.9999982966363165 -0.0017867126789038454 -0.0007148324435727055 0.0017857245695545572 0.999997236314938 -0.0012823586240995333 0.0007173411713689551 0.0012806396671123793 0.9999987758348955 0.05592916344579635 0.06641534622053769 -0.29114815352946266
FixedParameters: 0 0 0
#Transform 9
Transform: MatrixOffsetTransformBase_double_3_3
Parameters: 0.9999985240416349 -0.001284504086703075 -0.0009094012077577549 0.0012831553809179912 0.9999990113126581 -0.000700179203461701 0.0009102013802951824 0.0006998206561986131 0.9999995327286626 0.025618309563085973 0.05249189594023562 -0.28525856789040915
FixedParameters: 0 0 0
#Transform 10
Transform: MatrixOffsetTransformBase_double_3_3
Parameters: 0.9999973985760506 -0.0016406121954158812 -0.0013824632332637926 0.0016362343919430202 0.9999941360649247 -0.0028872781023769195 0.0013866343956443407 0.002884718647089987 0.9999946044748119 0.035862682803312396 0.05104091506649411 -0.4040300318812342
FixedParameters: 0 0 0
#Transform 11
Transform: MatrixOffsetTransformBase_double_3_3
Parameters: 0.9999985410788017 -0.0017429398483267166 -0.0006482041219185207 0.0017431427145840365 0.9999987178573831 -0.000555286008664363 0.0006490649855669428 0.000553714499409344 0.9999992082804171 -0.05355146729549176 0.029907274527488426 -0.21604675603356327
FixedParameters: 0 0 0
#Transform 12
Transform: MatrixOffsetTransformBase_double_3_3
Parameters: 0.9999964773370159 -0.0019717290011087695 -0.0019067911991444426 0.001967582621867996 0.9999961319711215 -0.0020547764142801045 0.0019105879971031683 0.002050223739767598 0.9999959198286714 0.021573363260174006 0.05770031100969675 -0.5157348173525946
FixedParameters: 0 0 0
#Transform 13
Transform: MatrixOffsetTransformBase_double_3_3
Parameters: 0.999997216394341 -0.0016000105665360887 -0.0014907922912629327 0.0015968504904330433 0.9999962167616905 -0.0023203978995463143 0.0014949143579407686 0.0023176029559616868 0.99999624408131 -0.0019935632035839035 -0.003938259753212492 -0.4131258270899991
FixedParameters: 0 0 0
#Transform 14
Transform: MatrixOffsetTransformBase_double_3_3
Parameters: 0.9999978118635048 -0.0016808060973864695 -0.0011671051066584387 0.0016789254084496018 0.9999963754191775 -0.001988974798177015 0.0011705677701005764 0.001987025329038286 0.9999975321400728 0.022671134244632185 0.019242427864696765 -0.5133282395115799
FixedParameters: 0 0 0
#Transform 15
Transform: MatrixOffsetTransformBase_double_3_3
Parameters: 0.9999973162024152 -0.0019496698731645183 -0.0009389393779182217 0.001946642673281034 0.9999922172228238 -0.003483923782394649 0.0009462272653523301 0.0034820791493386516 0.9999938362894202 0.0770307239695569 0.04576922835900632 -0.5113559629643447
FixedParameters: 0 0 0
#Transform 16
Transform: MatrixOffsetTransformBase_double_3_3
Parameters: 0.999997480966629 -0.0015519825969431435 -0.0014533886452697542 0.0015479162859826328 0.9999964279250999 -0.0023232726421250627 0.001456374494030121 0.0023217289187415363 0.999996264998961 0.009999590851208495 -0.007880362116779338 -0.4004659939474493
FixedParameters: 0 0 0
#Transform 17
Transform: MatrixOffsetTransformBase_double_3_3
Parameters: 0.9999965599823621 -0.0020621212970874906 -0.0014791030354301777 0.002056819211447343 0.9999919769995788 -0.003319069050013959 0.0014864096720063368 0.0033159279066302116 0.9999935712845215 0.0647950697765367 0.04104890491261415 -0.588449553851305
FixedParameters: 0 0 0
#Transform 18
Transform: MatrixOffsetTransformBase_double_3_3
Parameters: 0.9999970307528266 -0.0017184813384123784 -0.0014197994704589888 0.0017144655105561194 0.9999949420053696 -0.002709458279699012 0.001424808976008829 0.002707541840799979 0.9999954167574139 0.01671674339448259 0.004339787735631262 -0.4180995682302182
FixedParameters: 0 0 0
#Transform 19
Transform: MatrixOffsetTransformBase_double_3_3
Parameters: 0.9999969122486895 -0.0012168204184063703 -0.002146230355574878 0.001211122446251952 0.9999956747220052 -0.002453465934064425 0.0021498144220521657 0.0024505272231786224 0.9999942128997046 0.011505075519664842 0.009665915710229456 -0.5153413321717437
FixedParameters: 0 0 0
#Transform 20
Transform: MatrixOffsetTransformBase_double_3_3
Parameters: 0.9999981390091778 -0.0018739308488649738 -0.0005901624673717449 0.0018725721161714237 0.9999927523487843 -0.0032881927175325565 0.0005962710886723634 0.0032868094478507442 0.9999947712616706 0.06547133941845118 0.04482185484759782 -0.5402010744757462
FixedParameters: 0 0 0
#Transform 21
Transform: MatrixOffsetTransformBase_double_3_3
Parameters: 0.999996874949429 -0.0018395958773466804 -0.0016557018153832421 0.0018344403655662172 0.9999941795291215 -0.0029460639592513577 0.0016611592298219427 0.002942937075027241 0.9999943551926682 -0.03451931915734008 0.002228125991692309 -0.4001897836517827
FixedParameters: 0 0 0
#Transform 22
Transform: MatrixOffsetTransformBase_double_3_3
Parameters: 0.9999969873308837 -0.0016323795185436668 -0.0015325531678210343 0.0016260734589280791 0.9999919409962228 -0.0035554425514773003 0.0015387745684792256 0.0035535544446172324 0.9999927772935353 0.045350777712528156 0.022129729709504886 -0.5881370696875905
FixedParameters: 0 0 0
#Transform 23
Transform: MatrixOffsetTransformBase_double_3_3
Parameters: 0.9999949264534402 -0.0023388896938230487 -0.002145733349767604 0.002331582086933447 0.9999916764402105 -0.0032039715143992176 0.002153180786004341 0.0031990258031521362 0.9999927507134233 -0.017909659513975384 0.02195848515604837 -0.4242771828931353
FixedParameters: 0 0 0
#Transform 24
Transform: MatrixOffsetTransformBase_double_3_3
Parameters: 0.9999959872038828 -0.0017599379665124756 -0.0019785632859629157 0.001754068797218142 0.9999933076615778 -0.003149427988826073 0.0019841146436711415 0.0031465700835895533 0.9999928596565464 0.02010655648143711 0.013105887019321472 -0.5541800819870701
FixedParameters: 0 0 0
#Transform 25
Transform: MatrixOffsetTransformBase_double_3_3
Parameters: 0.9999976121433395 -0.0016577138041218916 -0.0012796581435710684 0.0016539948636050716 0.9999921943614224 -0.003636137921350119 0.0012862604615991133 0.003633866634338831 0.9999929911992519 0.033156638702337204 0.005245263313113924 -0.5098126219568258
FixedParameters: 0 0 0
#Transform 26
Transform: MatrixOffsetTransformBase_double_3_3
Parameters: 0.9999952610998558 -0.0021425232163234547 -0.002268772705533097 0.002136225687428892 0.9999935456458862 -0.003044817431951355 0.002275207915181008 0.0030401894399040147 0.9999932017330345 -0.0404488754409158 -0.006385471501317852 -0.4161113958572429
FixedParameters: 0 0 0
#Transform 27
Transform: MatrixOffsetTransformBase_double_3_3
Parameters: 0.9999966359036827 -0.0019995469862191645 -0.0018344176250796682 0.001992391726216901 0.9999894022926179 -0.004225689325368653 0.0018426253884124074 0.0042213162929490705 0.9999895574583292 0.0521316556816771 0.0024789420764648185 -0.6082078137743565
FixedParameters: 0 0 0
#Transform 28
Transform: MatrixOffsetTransformBase_double_3_3
Parameters: 0.9999981868244329 -0.0014068603804262402 -0.0013544559434372496 0.0014024644490205022 0.9999942960195042 -0.002980914156727091 0.0013585390942287242 0.002979080817413618 0.999994129963874 0.006199960755949974 -0.012566276353538797 -0.4056849953661441
FixedParameters: 0 0 0
#Transform 29
Transform: MatrixOffsetTransformBase_double_3_3
Parameters: 0.9999981542955202 -0.0018922374552150765 -0.0005151691409053162 0.0018901860733073737 0.9999924701442837 -0.00346713579683873 0.0005221478883034017 0.0034658636913248303 0.9999936508133543 0.06810357489639784 0.01599890103808832 -0.6019944804216522
FixedParameters: 0 0 0
#Transform 30
Transform: MatrixOffsetTransformBase_double_3_3
Parameters: 0.999998075610827 -0.0014592052635054157 -0.000891599585127143 0.0014560924727216322 0.9999934166997219 -0.0032463086331447483 0.0008968475393741864 0.003244690453954452 0.9999945923026582 0.0015057352025564796 0.017763646490664087 -0.40829973318808754
FixedParameters: 0 0 0
#Transform 31
Transform: MatrixOffsetTransformBase_double_3_3
Parameters: 0.9999975878480409 -0.0017117693503981314 -0.0012174837897385685 0.0017069134477960862 0.9999921936531155 -0.0034700962039913574 0.001224057406423414 0.003467900271541341 0.9999933261862742 0.046242937492394276 0.01132221013141077 -0.6166639855068041
FixedParameters: 0 0 0
#Transform 32
Transform: MatrixOffsetTransformBase_double_3_3
Parameters: 0.999997199362856 -0.0016390282351920165 -0.001764412481491073 0.0016322757893338224 0.9999912064161308 -0.00377982678780453 0.0017712607544704787 0.003776170676108151 0.9999914462454506 0.03551633022182443 -0.010322353296629672 -0.47762516518849907
FixedParameters: 0 0 0
#Transform 33
Transform: MatrixOffsetTransformBase_double_3_3
Parameters: 0.9999971515558631 -0.0017070149956836204 -0.0013907364037147015 0.0017025634084681 0.999993740057968 -0.0032524673449971647 0.0013964618644755997 0.003250532477944809 0.999993266912828 0.01746628218957369 -0.0069215660162029735 -0.5029263436789364
FixedParameters: 0 0 0
#Transform 34
Transform: MatrixOffsetTransformBase_double_3_3
Parameters: 0.9999977541483027 -0.0019099345279366294 -0.0007726834722496093 0.001907264164391688 0.9999908221064442 -0.003950638352870697 0.0007804793574857689 0.0039483636625738255 0.999991734779147 0.045317867320719074 0.02453212525016113 -0.5592240789705869
FixedParameters: 0 0 0
#Transform 35
Transform: MatrixOffsetTransformBase_double_3_3
Parameters: 0.9999971618626667 -0.00201041397301997 -0.0013395148559133074 0.0020072361974036164 0.9999937703482916 -0.00290178786178423 0.0013458072642377817 0.0028992102387838115 0.999994565659545 -0.030244890967665583 0.00690415281469825 -0.40856977634425107
FixedParameters: 0 0 0
#Transform 36
Transform: MatrixOffsetTransformBase_double_3_3
Parameters: 0.9999981564191962 -0.0018834106867301216 -0.0005433100611968567 0.0018813501835449199 0.9999864658346076 -0.004905186854516644 0.0005524998683644821 0.004903813803293966 0.9999875820055112 0.02342476233201296 0.021622842271469267 -0.6018794708560051
FixedParameters: 0 0 0
#Transform 37
Transform: MatrixOffsetTransformBase_double_3_3
Parameters: 0.9999961936701335 -0.002029496932675286 -0.0016390879366212992 0.0020223932806681328 0.9999877904327098 -0.004406348807159871 0.001648359312543729 0.004403643602553214 0.9999885949669269 -0.04820694263474934 -0.01212491315672537 -0.41188928352788423
FixedParameters: 0 0 0
#Transform 38
Transform: MatrixOffsetTransformBase_double_3_3
Parameters: 0.9999979610042395 -0.001884964247641314 -0.0012192194905759385 0.0018800024087159701 0.9999907544606461 -0.003854386447756375 0.0012263707771096798 0.0038516106239351033 0.9999915151892586 0.052484037736590494 0.007146524047641378 -0.6276642510724315
FixedParameters: 0 0 0
#Transform 39
Transform: MatrixOffsetTransformBase_double_3_3
Parameters: 0.9999984395328616 -0.001687302578231249 -0.0008448763818238458 0.0016834300986686562 0.9999896149797054 -0.004323518291906886 0.0008521679215480911 0.004322486119075555 0.9999904476683869 0.03882303050366431 -0.01785973708913957 -0.46191317219093264
FixedParameters: 0 0 0
#Transform 40
Transform: MatrixOffsetTransformBase_double_3_3
Parameters: 0.9999980911142468 -0.0015668598771234683 -0.0006738345534453754 0.0015644027662563716 0.9999919685323285 -0.0036951395270854726 0.0006791949981779572 0.003693860397839477 0.9999928238085234 0.037401065448776194 -0.0024446100055257602 -0.5273085847475727
FixedParameters: 0 0 0
#Transform 41
Transform: MatrixOffsetTransformBase_double_3_3
Parameters: 0.9999974845320215 -0.001888887470563872 -0.0009730185983087995 0.0018843590700179846 0.9999852834414317 -0.005030928073175775 0.0009825736250153 0.0050290665633295345 0.9999865989404629 0.046770714252303947 -0.00788604997649145 -0.561964937823376
FixedParameters: 0 0 0
#Transform 42
Transform: MatrixOffsetTransformBase_double_3_3
Parameters: 0.99999694365394 -0.0015406792516068685 -0.0019187734459435513 0.0015341404316298738 0.9999923274755621 -0.0036808985025345575 0.001924501541419801 0.003678105596864892 0.9999915385902608 -0.022159506654006123 -0.01951447161489739 -0.38006183910586344
FixedParameters: 0 0 0
#Transform 43
Transform: MatrixOffsetTransformBase_double_3_3
Parameters: 0.9999977082501019 -0.0015914755781822677 -0.0013267115341770567 0.0015849330412717702 0.9999882778723537 -0.004512121439496253 0.001333610224803738 0.004509873794474123 0.9999887319066485 0.06649487680630273 0.019016982702510177 -0.6180253369847719
FixedParameters: 0 0 0
#Transform 44
Transform: MatrixOffsetTransformBase_double_3_3
Parameters: 0.9999983829967208 -0.0016999883293403522 -0.0008528744655026421 0.001696024622968107 0.9999893892140465 -0.004336536436813032 0.0008603177463116867 0.004334466634238879 0.9999904004384411 0.02029371662848689 -0.008137653128187594 -0.4091559074825284
FixedParameters: 0 0 0
#Transform 45
Transform: MatrixOffsetTransformBase_double_3_3
Parameters: 0.9999981665244453 -0.001514962280227529 -0.0007342317211048654 0.001511166224235636 0.9999894044255915 -0.004296127421855742 0.0007410239908782392 0.00429587276942027 0.9999908506699485 0.054587118524651146 -0.00027828308535049473 -0.585703695236333
FixedParameters: 0 0 0
#Transform 46
Transform: MatrixOffsetTransformBase_double_3_3
Parameters: 0.9999985174142139 -0.0015914395314447825 -0.0009746840300726929 0.0015871818590752762 0.9999887586214675 -0.004457567757657474 0.0009814960306492174 0.004456436283254997 0.9999900288450547 0.05120926111057145 0.004914807462284898 -0.4642629817393953
FixedParameters: 0 0 0
#Transform 47
Transform: MatrixOffsetTransformBase_double_3_3
Parameters: 0.9999985218211132 -0.0015535785003509724 -0.001032273893416768 0.0015484533126288885 0.9999902406597267 -0.004183690722212002 0.0010389667248518046 0.004182306158605445 0.9999902860130991 -0.0038723142990590986 0.006126314496384566 -0.4023798216855283
FixedParameters: 0 0 0
#Transform 48
Transform: MatrixOffsetTransformBase_double_3_3
Parameters: 0.9999966729237459 -0.002145726574852445 -0.0013127867696974091 0.002138988407358933 0.9999854272732338 -0.004920913437552604 0.0013233688752276212 0.004918082543200308 0.9999868423404022 0.08091159485667276 0.026727152351753602 -0.6094040328069639
FixedParameters: 0 0 0
#Transform 49
Transform: MatrixOffsetTransformBase_double_3_3
Parameters: 0.9999980148938586 -0.001675574271909205 -0.001085573790592173 0.0016710901253282175 0.9999917645692804 -0.0036859053382707757 0.0010916232667555156 0.003684090128197884 0.9999920917723074 0.01058758429113027 0.025492932414650227 -0.39404208353278136
FixedParameters: 0 0 0
#Transform 50
Transform: MatrixOffsetTransformBase_double_3_3
Parameters: 0.9999981621045064 -0.0015299225983224942 -0.0007044656524348612 0.0015269066403917012 0.9999883284244261 -0.004627163422125907 0.0007123251374746715 0.004625837190746482 0.9999890244131876 0.0514660176385604 0.008195901114419257 -0.6427856397412341
FixedParameters: 0 0 0
#Transform 51
Transform: MatrixOffsetTransformBase_double_3_3
Parameters: 0.9999986576594112 -0.0018207730268346414 -0.0001619927422151977 0.0018204407667793444 0.9999861322248897 -0.004961456915632045 0.0001709341121808508 0.004961540477309706 0.9999872921389532 0.03656087365712324 -0.025262581470471446 -0.4903013951111177
FixedParameters: 0 0 0
#Transform 52
Transform: MatrixOffsetTransformBase_double_3_3
Parameters: 0.9999980405564924 -0.0017630605747291895 -0.0009225354327029298 0.001758799807375276 0.9999872713185929 -0.004666714296861121 0.0009306161519922597 0.004665278988223595 0.9999882258774413 0.03736481536513736 -0.012805827204601883 -0.5463750090215171
FixedParameters: 0 0 0
#Transform 53
Transform: MatrixOffsetTransformBase_double_3_3
Parameters: 0.9999985516620689 -0.0016681558675686857 -0.0008151524531300121 0.0016641707177108738 0.9999821777706183 -0.005668372822248288 0.0008246140408892554 0.005666629446078292 0.9999841321952527 0.042543888409767305 -0.006697341993202599 -0.5431134993366413
FixedParameters: 0 0 0
#Transform 54
Transform: MatrixOffsetTransformBase_double_3_3
Parameters: 0.9999981874547975 -0.0016554865179672 -0.00026722533366952116 0.0016544934853269472 0.9999887082366786 -0.004540603560064138 0.00027512412883160865 0.004540395663951202 0.9999892466998149 0.00891396432240299 -0.02581317098645286 -0.48358992447292337
FixedParameters: 0 0 0
#Transform 55
Transform: MatrixOffsetTransformBase_double_3_3
Parameters: 0.9999982755692576 -0.0017790834905325264 -0.0007480318413138934 0.001774822482992213 0.9999821425902037 -0.005643420157590201 0.0007577399487092493 0.005642572433258566 0.9999834455569033 0.044293921620010224 -0.007353280278096008 -0.6359799581153851
FixedParameters: 0 0 0
#Transform 56
Transform: MatrixOffsetTransformBase_double_3_3
Parameters: 0.9999976514283683 -0.0020639219795820624 -0.0010435182701099745 0.0020588998736478827 0.999985972382377 -0.004892249564314166 0.001053261405320376 0.004889755194374082 0.9999878349106818 -0.02374174975642518 -0.025153981173261286 -0.4274271609131688
FixedParameters: 0 0 0
#Transform 57
Transform: MatrixOffsetTransformBase_double_3_3
Parameters: 0.9999975621726722 -0.0015850771558615097 -0.0013876565931486297 0.00157754158615208 0.9999863880817419 -0.0050272140959634615 0.0013960468892738238 0.00502478968172905 0.9999866523449489 0.025769815209045532 -0.011818226005900101 -0.5534635258349851
FixedParameters: 0 0 0
#Transform 58
Transform: MatrixOffsetTransformBase_double_3_3
Parameters: 0.9999985210829798 -0.0015682713995950719 -0.00013756707751670725 0.001567829182232678 0.999981249105087 -0.0059463058121578954 0.0001460942520792923 0.00594670024429228 0.9999825495485573 0.06456031384257699 -0.005130382641070241 -0.5099676846315049
FixedParameters: 0 0 0
#Transform 59
Transform: MatrixOffsetTransformBase_double_3_3
Parameters: 0.999998073931498 -0.0017027757166748663 -0.0001661759095222615 0.00170135495592726 0.9999859180321566 -0.005116441600757582 0.00017454191662675408 0.0051155626049132485 0.9999868085851747 0.021438419738800008 -0.013513608931688736 -0.4479630861986976
FixedParameters: 0 0 0
#Transform 60
Transform: MatrixOffsetTransformBase_double_3_3
Parameters: 0.9999980299599482 -0.001953402676085927 -0.0003937580157518953 0.001950535698662551 0.9999788628481326 -0.006201938333171814 0.0004057793242451248 0.006202056093083344 0.9999802367228504 0.060020015883111455 -0.0037097288094685155 -0.5984756985409803
FixedParameters: 0 0 0
#Transform 61
Transform: MatrixOffsetTransformBase_double_3_3
Parameters: 0.9999985199173463 -0.001800851129978256 -0.0004872090783998637 0.0017980528844559224 0.9999848064582271 -0.0051989666834340725 0.0004967185162692114 0.00519803536627142 0.9999866642318012 0.012769898685959902 -0.023671593117327916 -0.43660687863146563
FixedParameters: 0 0 0
#Transform 62
Transform: MatrixOffsetTransformBase_double_3_3
Parameters: 0.9999981053456175 -0.0017719477722963565 -0.0008687331845813888 0.0017670450897498229 0.9999813724457571 -0.0058006289862487515 0.0008788377982578298 0.005799364622217779 0.9999824523058031 0.05599363927282752 -0.022505375530045058 -0.6918574362688616
FixedParameters: 0 0 0
#Transform 63
Transform: MatrixOffsetTransformBase_double_3_3
Parameters: 0.9999981897810086 -0.0019223623906074981 -0.00033753339792834 0.0019208745613865988 0.9999837933103826 -0.005438816687973247 0.0003482382246268038 0.005438188580425746 0.9999852413838928 0.052029429614790956 -0.07289435299524882 -0.48873300905844985
FixedParameters: 0 0 0
#Transform 64
Transform: MatrixOffsetTransformBase_double_3_3
Parameters: 0.9999981822238551 -0.0018500922372908504 -0.0006282315058438845 0.0018471920121737508 0.9999866026826683 -0.004911330482698761 0.0006371144001760001 0.004910669745247467 0.9999873433616038 0.06716443744362266 -0.016745946491440122 -0.5599474911848858
FixedParameters: 0 0 0
#Transform 65
Transform: MatrixOffsetTransformBase_double_3_3
Parameters: 0.9999981832728402 -0.0019082010500359268 -0.00041741167635022357 0.0019060674578237923 0.9999783502467323 -0.006251887993443159 0.00042998788710819257 0.006251111102883511 0.9999806696891533 0.08041874583024367 -0.0019386564222401148 -0.6153496922846386
FixedParameters: 0 0 0
#Transform 66
Transform: MatrixOffsetTransformBase_double_3_3
Parameters: 0.9999979044901544 -0.001956792519788425 -0.0005152520808610315 0.001954318313753688 0.9999831592777412 -0.005485172652004808 0.0005264309818144888 0.005483825258883954 0.9999845852294929 0.0172768473702547 -0.058908944015300335 -0.43751452749637565
FixedParameters: 0 0 0
#Transform 67
Transform: MatrixOffsetTransformBase_double_3_3
Parameters: 0.9999983017293339 -0.0016221195064710131 -0.00025934980094362704 0.0016205478291814136 0.9999833823371359 -0.005482505839366991 0.0002680032384089708 0.00548249004461572 0.9999848033100245 0.07778290717119773 -0.03297702983870465 -0.6155910557185678
FixedParameters: 0 0 0
#Transform 68
Transform: MatrixOffsetTransformBase_double_3_3
Parameters: 0.9999977689718388 -0.002029022797506182 0.00034035517129413163 0.0020303718613280323 0.9999769134465711 -0.0064714665761752 -0.0003268979452320112 0.006471533088503553 0.9999790939375268 0.08913834333930026 -0.03885775396172164 -0.5207048623128259
FixedParameters: 0 0 0
#Transform 69
Transform: MatrixOffsetTransformBase_double_3_3
Parameters: 0.9999974126716318 -0.002098138277549768 -0.00043065850700680513 0.002095973199860917 0.9999849355640138 -0.004973994297025358 0.0004403240923691496 0.004973007011984637 0.999988005334323 0.020694393087964613 -0.02060290674799603 -0.4106750555586416
FixedParameters: 0 0 0
#Transform 70
Transform: MatrixOffsetTransformBase_double_3_3
Parameters: 0.9999986099066273 -0.0018376605446018205 0.00011565130813340701 0.0018381715828049623 0.9999818348613426 -0.0057249439525765 -0.00010457883719622036 0.005725049656654796 0.9999832232392508 0.07746910725995804 -0.010084457502514965 -0.6484006536483946
FixedParameters: 0 0 0
#Transform 71
Transform: MatrixOffsetTransformBase_double_3_3
Parameters: 0.999997469500657 -0.0021252456949864755 0.00012006148871007922 0.002125598935108162 0.9999806567203376 -0.005814907037213393 -0.00010830601012236005 0.005815093353886372 0.9999831836797067 0.05391611674484409 -0.052635405831011894 -0.5212243395394864
FixedParameters: 0 0 0
#Transform 72
Transform: MatrixOffsetTransformBase_double_3_3
Parameters: 0.9999982523076238 -0.0016344461124855258 -0.00027691631363633423 0.0016328621723044646 0.9999855907950288 -0.005170608269821075 0.000284683784434306 0.005169391737190637 0.9999862033190006 0.04341188847712374 -0.029231963737018418 -0.49748748266678433
FixedParameters: 0 0 0
#Transform 73
Transform: MatrixOffsetTransformBase_double_3_3
Parameters: 0.9999977825642905 -0.002008968521312215 0.00042668271614902897 0.002011306216346538 0.9999780377917902 -0.006311299380891047 -0.00041412193086193586 0.0063117017102621575 0.9999800738237722 0.06627690456666357 -0.005130220317354883 -0.6254814778404238
FixedParameters: 0 0 0
#Transform 74
Transform: MatrixOffsetTransformBase_double_3_3
Parameters: 0.9999982494629082 -0.0016566160820102886 -0.00007854339455507206 0.001656158952240411 0.9999857738730362 -0.005145287478483362 0.0000875352866239661 0.005144713320634778 0.9999865331491445 0.02726785438650836 -0.04430820266756541 -0.43925564937758566
FixedParameters: 0 0 0
#Transform 75
Transform: MatrixOffsetTransformBase_double_3_3
Parameters: 0.9999981854234112 -0.0016427378633617532 -0.0003396307040532306 0.0016411416214216848 0.9999820934268644 -0.00568164186099987 0.000349088623039261 0.005681350244568062 0.9999835325906016 0.07613259069270839 -0.028992160829758973 -0.6816591411266444
FixedParameters: 0 0 0
#Transform 76
Transform: MatrixOffsetTransformBase_double_3_3
Parameters: 0.9999981991295414 -0.0019316719603918757 -0.0002650666164819857 0.0019297619118103819 0.9999819309597724 -0.0056926757498319686 0.00027592901947925703 0.005692320922111527 0.9999834584896893 0.04350627116517103 -0.04642375599668469 -0.47751838469581287
FixedParameters: 0 0 0
#Transform 77
Transform: MatrixOffsetTransformBase_double_3_3
Parameters: 0.9999981167803145 -0.0016928729849321194 0.00013189775816197058 0.0016935623429438582 0.9999854931988629 -0.005062858302386897 -0.00012272959008994853 0.005063139916716544 0.9999873552868648 0.033007613214252274 -0.022925005995702463 -0.49214173142958373
FixedParameters: 0 0 0
#Transform 78
Transform: MatrixOffsetTransformBase_double_3_3
Parameters: 0.9999978101903276 -0.002194422092832969 0.0006119199344366915 0.0021982401802458336 0.9999760755769826 -0.006557818342173977 -0.0005978431685720326 0.00655918759259129 0.999978705693175 0.07120998321035188 -0.01021486691205098 -0.6058677704059932
FixedParameters: 0 0 0
#Transform 79
Transform: MatrixOffsetTransformBase_double_3_3
Parameters: 0.999997968750782 -0.00195746089419274 0.0004478978185991154 0.0019591200733535576 0.9999854626839526 -0.004968278548801386 -0.0004382580946047945 0.004969714846201914 0.9999871238234797 0.031070236852727362 -0.026205029101603827 -0.44361177012528685
FixedParameters: 0 0 0
#Transform 80
Transform: MatrixOffsetTransformBase_double_3_3
Parameters: 0.9999972991000157 -0.002107564310479029 0.0005084888355053544 0.002111096357971795 0.9999764895123856 -0.006555090269257102 -0.0004946437082042234 0.006555918414626882 0.9999788593459291 0.08464162583044299 -0.018573671456238117 -0.6710727188249166
FixedParameters: 0 0 0
#Transform 81
Transform: MatrixOffsetTransformBase_double_3_3
Parameters: 0.9999975066482857 -0.002118987281682414 -0.00003817154801117478 0.002119576366411082 0.9999818992361237 -0.005715324161195273 0.00005028109410688789 0.005715676867036348 0.9999832729192402 0.046066520512198394 -0.052438790101760446 -0.49756380258536126
FixedParameters: 0 0 0
#Transform 82
Transform: MatrixOffsetTransformBase_double_3_3
Parameters: 0.9999984563366151 -0.0015795617357980652 -0.00021967881274114417 0.0015788050513976227 0.9999873571858066 -0.0048184358023592305 0.00022677005497982196 0.004818570002556782 0.9999886629394462 0.07878514945316795 -0.016431953856042014 -0.6070926186088172
FixedParameters: 0 0 0
#Transform 83
Transform: MatrixOffsetTransformBase_double_3_3
Parameters: 0.999997180836704 -0.0020361999365613274 0.000820680577570039 0.0020411855791254273 0.999979910376689 -0.00606348269714907 -0.0008076213500688779 0.006064525763256917 0.999981725452356 0.08099916649517525 -0.040222678303663884 -0.5576650667000536
FixedParameters: 0 0 0
#Transform 84
Transform: MatrixOffsetTransformBase_double_3_3
Parameters: 0.9999990860331832 -0.0017010665897561267 0.00014232914492979406 0.0017018220915280494 0.9999859715326708 -0.004911836829293623 -0.00013359153183572348 0.00491215676741473 0.9999878587177149 0.04441451496160198 -0.03139734102298064 -0.4530118118678814
FixedParameters: 0 0 0
#Transform 85
Transform: MatrixOffsetTransformBase_double_3_3
Parameters: 0.9999963249079179 -0.0025768838681597944 -0.00018942767877730627 0.0025752218344782486 0.9999776961881295 -0.006222812918232026 0.00020538208747795166 0.006222186474548558 0.9999801888324398 0.04921144411210321 -0.03126930233777614 -0.6655922119543476
FixedParameters: 0 0 0
#Transform 86
Transform: MatrixOffsetTransformBase_double_3_3
Parameters: 0.9999983176669196 -0.0019142034445146147 -0.00013827500764896787 0.001913006312090579 0.9999858635307795 -0.005053432115980902 0.0001475691109327098 0.005053574810561581 0.9999873780038218 0.051453517556367956 -0.052670067321429315 -0.43668580347117825
FixedParameters: 0 0 0
#Transform 87
Transform: MatrixOffsetTransformBase_double_3_3
Parameters: 0.9999986825137243 -0.001814172148597954 -0.00016592264032542621 0.0018126115731705084 0.9999846689593946 -0.005301465947239931 0.00017510333736272008 0.005301537219213753 0.9999858012915515 0.08604024477057237 -0.042450714184496974 -0.6637403974534806
FixedParameters: 0 0 0
#Transform 88
Transform: MatrixOffsetTransformBase_double_3_3
Parameters: 0.99999788279507 -0.0019974942035577577 0.00035893025989242847 0.0019988458992414152 0.9999797913616508 -0.006016442886664239 -0.00034670030909938137 0.006017553804147008 0.9999816821455262 0.05690587733933228 -0.04697278175412123 -0.5231531248763588
FixedParameters: 0 0 0
#Transform 89
Transform: MatrixOffsetTransformBase_double_3_3
Parameters: 0.9999988064573877 -0.0017806735531194127 0.00015041417342899138 0.0017814720494774652 0.999984683847658 -0.005303891477805273 -0.00014149227521096223 0.005304112324065718 0.999985857316876 0.09456487400362334 -0.053232767473446074 -0.5897842223141794
FixedParameters: 0 0 0
#Transform 90
Transform: MatrixOffsetTransformBase_double_3_3
Parameters: 0.9999978214879102 -0.002022505822560216 0.00029703362297114834 0.0020243884847991576 0.9999757377921034 -0.006644560468398508 -0.0002830301108905817 0.006645435149587278 0.9999777706078352 0.09750112189136928 -0.05274167492019899 -0.5788397913414656
FixedParameters: 0 0 0
#Transform 91
Transform: MatrixOffsetTransformBase_double_3_3
Parameters: 0.999998457110916 -0.0018594655209033522 0.0002927118406769617 0.0018609235157403504 0.9999824196438746 -0.0055775405672493505 -0.0002818562022587038 0.005578459856541082 0.9999848087577823 0.058889174120793086 -0.05201532376865714 -0.5019005283535733
FixedParameters: 0 0 0
#Transform 92
Transform: MatrixOffsetTransformBase_double_3_3
Parameters: 0.9999971328447644 -0.0024178973515146932 -0.0001453865348233282 0.002416751442549891 0.9999752186322795 -0.006557526179917672 0.00016198240683761296 0.006557472853866167 0.999978911555971 0.08597746098465109 -0.02959862425930737 -0.6539561029495644
FixedParameters: 0 0 0
#Transform 93
Transform: MatrixOffsetTransformBase_double_3_3
Parameters: 0.99999855026963 -0.0018000926231067785 0.00045847212628774873 0.0018019920646508232 0.9999853395092316 -0.0050332513535315815 -0.0004491656161059465 0.005033747771472835 0.9999875381558457 0.0663303991120614 -0.04177959953149468 -0.479242874376979
FixedParameters: 0 0 0
#Transform 94
Transform: MatrixOffsetTransformBase_double_3_3
Parameters: 0.9999968604709106 -0.0024718245657208283 -0.00016736242590614708 0.0024713617229417664 0.9999765328574275 -0.006435666598043996 0.00018299477081231945 0.006435340811663623 0.9999794952606463 0.10364162307614322 -0.02433912670500149 -0.6900023629550134
FixedParameters: 0 0 0
#Transform 95
Transform: MatrixOffsetTransformBase_double_3_3
Parameters: 0.999998055211625 -0.001936578797022833 0.00044148678807442077 0.0019390220406503226 0.9999796121911046 -0.006127302889878089 -0.0004295550673037773 0.006127702990505954 0.99998134969327 0.09717403130119351 -0.08443859163911327 -0.5188362628576471
FixedParameters: 0 0 0
#Transform 96
Transform: MatrixOffsetTransformBase_double_3_3
Parameters: 0.9999981681322238 -0.0016531165151080717 0.00031504559187131467 0.0016545717225094974 0.9999861607058784 -0.004908557923937518 -0.0003067105453061713 0.004909436690325897 0.9999878105663751 0.07285730870884777 -0.05753227770628655 -0.5542275135987751
FixedParameters: 0 0 0
#Transform 97
Transform: MatrixOffsetTransformBase_double_3_3
Parameters: 0.9999970866136434 -0.0021733781012501447 0.0010906681323762408 0.002180361662879498 0.9999768368330183 -0.006499784524860372 -0.0010768720445191995 0.006502226455948779 0.999978722689486 0.11645149400749233 -0.04731465874111507 -0.6670421604539882
FixedParameters: 0 0 0
#Transform 98
Transform: MatrixOffsetTransformBase_double_3_3
Parameters: 0.9999984463581894 -0.0018277888206241274 0.0004615637575802678 0.0018299953314658622 0.9999833243371962 -0.005499308903346434 -0.00045226670491655855 0.005499692391096447 0.9999846325023486 0.08564430380175736 -0.06155787374395061 -0.48326522327820953
FixedParameters: 0 0 0
#Transform 99
Transform: MatrixOffsetTransformBase_double_3_3
Parameters: 0.9999980200392945 -0.0019947935043190842 0.00002241506017120967 0.0019950230657318734 0.9999778219455302 -0.006423128022155916 -0.00000982457772153819 0.00642388203452976 0.9999796743918347 0.12559658423053577 -0.044672862491736964 -0.7051875210059677
FixedParameters: 0 0 0
#Transform 100
Transform: MatrixOffsetTransformBase_double_3_3
Parameters: 0.9999964143148486 -0.002516894778068323 0.0005020325389936414 0.0025189470235526664 0.9999839887007723 -0.005063976648014681 -0.0004893392496432368 0.005066024264593835 0.9999871167461416 0.09754618744467791 -0.049692411251356816 -0.5190255727016648
FixedParameters: 0 0 0
#Transform 101
Transform: MatrixOffsetTransformBase_double_3_3
Parameters: 0.9999980766092555 -0.00152564448561513 0.0007717578844559447 0.0015298352654532477 0.9999817652323097 -0.005814895338453779 -0.0007636605307200447 0.005816102794133443 0.9999826706857908 0.12965231844981417 -0.0594791672788233 -0.6929524694776035
FixedParameters: 0 0 0
#Transform 102
Transform: MatrixOffsetTransformBase_double_3_3
Parameters: 0.9999978984638331 -0.0019071620028000584 0.0006813899424215756 0.0019112787673481776 0.999980793979615 -0.00587085053696472 -0.0006697138566843724 0.005872142299705063 0.9999821548369837 0.08461236624259527 -0.05372199981412962 -0.5234844764724329
FixedParameters: 0 0 0
#Transform 103
Transform: MatrixOffsetTransformBase_double_3_3
Parameters: 0.9999978714772142 -0.0018365591811723453 0.0008696964899491948 0.001841184495211874 0.9999795652391332 -0.006079480194130751 -0.0008589250781406213 0.006081520652959235 0.9999813605128248 0.1360022558281173 -0.054206196750016034 -0.7475507704512978
FixedParameters: 0 0 0
#Transform 104
Transform: MatrixOffsetTransformBase_double_3_3
Parameters: 0.9999979171014851 -0.001996203108403156 0.00031336382714978106 0.0019979125460304467 0.9999806370922562 -0.005861533051021439 -0.0003018413520494935 0.005862462599961302 0.9999825532862822 0.12219067323697175 -0.06237723791710437 -0.6190408100222982
FixedParameters: 0 0 0
#Transform 105
Transform: MatrixOffsetTransformBase_double_3_3
Parameters: 0.9999977407628565 -0.0022476144291330435 0.0004537164226015171 0.002251032392050619 0.9999785478286697 -0.006113144209398347 -0.0004400970289514588 0.006114855648974793 0.9999814301462844 0.15581496881161172 -0.08513525844347214 -0.7326547761978333
FixedParameters: 0 0 0
#Transform 106
Transform: MatrixOffsetTransformBase_double_3_3
Parameters: 0.9999977367301278 -0.0020902055951900127 0.0009456074084066102 0.0020956873633915457 0.9999788936884132 -0.006128171512559608 -0.0009335375222381451 0.006129827923043549 0.9999807129586846 0.12689113451141054 -0.08661162723694815 -0.6183614165461222
FixedParameters: 0 0 0
#Transform 107
Transform: MatrixOffsetTransformBase_double_3_3
Parameters: 0.9999981195213833 -0.0019520760099096658 0.0002665191240427193 0.001952531517959509 0.9999910019461307 -0.0037646360153230224 -0.0002587235346340131 0.0037653623857614726 0.9999927670033316 0.11790492190176849 -0.06796432878208236 -0.5783588995986975
FixedParameters: 0 0 0
#Transform 108
Transform: MatrixOffsetTransformBase_double_3_3
Parameters: 0.9999981739957132 -0.0017887778446282433 0.00079158142029576 0.0017922162106856865 0.9999887851189763 -0.004462734495332313 -0.0007833501112126203 0.004464266600743394 0.9999895429709261 0.11327220481132372 -0.052900747238268764 -0.6301876504410586
FixedParameters: 0 0 0
#Transform 109
Transform: MatrixOffsetTransformBase_double_3_3
Parameters: 0.9999965129138839 -0.0024527997289991027 0.0006869606722679979 0.0024559788419135494 0.9999833162751998 -0.005249549533436565 -0.0006739253857696853 0.005251452349240668 0.9999860606588704 0.10119691583051349 -0.03799219925288355 -0.6289319549963892
FixedParameters: 0 0 0
#Transform 110
Transform: MatrixOffsetTransformBase_double_3_3
Parameters: 0.9999984718451365 -0.0018394416829060852 0.0003823338983467384 0.0018401598342320678 0.999988507812153 -0.0044744492092698845 -0.000374694147933863 0.004474554170940642 0.9999899214817776 0.09250339784072992 -0.03318004700798838 -0.5842061416681759
FixedParameters: 0 0 0
#Transform 111
Transform: MatrixOffsetTransformBase_double_3_3
Parameters: 0.9999979758959587 -0.0020040583673071825 0.0000931469299907025 0.0020041791340726337 0.999978344723215 -0.006294977783358011 -0.00008087821832628318 0.006295027488406962 0.9999803762247299 0.11775192409079693 -0.034733943992748095 -0.7330644544799867
FixedParameters: 0 0 0
#Transform 112
Transform: MatrixOffsetTransformBase_double_3_3
Parameters: 0.9999976245398849 -0.002191946888989915 0.0007546404712879619 0.002195996494569849 0.9999875601881026 -0.004530572660235349 -0.0007445782873764038 0.004532424571699251 0.9999889951139861 0.09793912213959288 -0.0533602142024705 -0.530179295834472
FixedParameters: 0 0 0
#Transform 113
Transform: MatrixOffsetTransformBase_double_3_3
Parameters: 0.9999979757620177 -0.002000953125200374 0.00014346913834951193 0.0020016337306751858 0.9999799831559922 -0.005999874356472298 -0.00013241680716930907 0.00600012742635983 0.9999819918748789 0.1303121986566964 -0.03959233700837217 -0.7262922124854754
FixedParameters: 0 0 0
#Transform 114
Transform: MatrixOffsetTransformBase_double_3_3
