#Insight Transform File V1.0
#Transform 0
Transform: MatrixOffsetTransformBase_double_3_3
Parameters: 0.99999916677954 -0.0006522120526730398 -0.0011863351287920351 0.0006504553751854615 0.9999977811460716 -0.0019687047255333018 0.001187677310284044 0.0019682967442111454 0.9999976356351568 0.0471733372681058 0.07871233998848481 -0.31838795457628066
FixedParameters: 0 0 0
#Transform 1
Transform: MatrixOffsetTransformBase_double_3_3
Parameters: 0.9999998909308373 -0.00027486410590533267 -0.00018236961294632067 0.0002751095829031356 0.9999977013451767 -0.002055049712014409 0.00018342483123918974 0.002054949126062508 0.9999977435289378 0.0312109830182834 -0.026634276866374762 -0.16138756286478895
FixedParameters: 0 0 0
#Transform 2
Transform: MatrixOffsetTransformBase_double_3_3
Parameters: 0.9999985878456171 0.0002755101761660849 0.0015282195484029304 -0.00027228047583652525 0.9999967105997462 -0.002687346118336792 -0.0015293165738443273 0.002686658209523324 0.9999954372616386 -0.047751323909949406 0.07200957584282719 -0.17989211265198435
FixedParameters: 0 0 0
#Transform 3
Transform: MatrixOffsetTransformBase_double_3_3
Parameters: 0.9999993959297766 -0.0007771399957826713 0.000015938533731780976 0.0007770152078965118 0.9999939581728943 -0.0033819895141990047 -0.000013673924085473368 0.0033820125295108555 0.9999945618330904 0.0017047515176642491 0.11134362828686051 -0.16154452239659634
FixedParameters: 0 0 0
#Transform 4
Transform: MatrixOffsetTransformBase_double_3_3
Parameters: 0.999999275098075 0.000016343290083900737 0.0008513125072422723 -0.00001339681046744531 0.9999955837642177 -0.002901938313788363 -0.0008512488556071246 0.0029020625357756152 0.9999958480849753 -0.057273340919635984 0.07544418509162654 -0.12165212410270954
FixedParameters: 0 0 0
#Transform 5
Transform: MatrixOffsetTransformBase_double_3_3
Parameters: 0.9999998544518912 -0.0003420039552218756 -0.00016808741921116085 0.00034223704188742187 0.9999977617642694 -0.0022630595130996717 0.0001695608809741364 0.002262943999701325 0.9999978503285083 0.019988368551395297 0.1450399908120943 -0.3523152773740037
FixedParameters: 0 0 0
#Transform 6
Transform: MatrixOffsetTransformBase_double_3_3
Parameters: 0.9999997413190701 -0.0003767285761667842 -0.0003417256843942436 0.0003757129305840559 0.9999958438694306 -0.002831128347740436 0.0003427836855980421 0.002830870824072948 0.9999958682968324 0.012511206444401068 0.07730779125169818 -0.15662854313198693
FixedParameters: 0 0 0
#Transform 7
Transform: MatrixOffsetTransformBase_double_3_3
Parameters: 0.9999992529396544 0.0004635770700574349 0.0012377216095737229 -0.0004607233069241009 0.9999964002159838 -0.00273250528925284 -0.0012389501645603156 0.002732498989229115 0.9999959195654602 -0.06040196143499088 0.05792788495283219 -0.12596989917607004
FixedParameters: 0 0 0
#Transform 8
Transform: MatrixOffsetTransformBase_double_3_3
Parameters: 0.9999990243480871 -0.0005459981786293496 -0.00082329967791914 0.0005417090908579744 0.9999910071221894 -0.004324451620481604 0.0008257836429662695 0.004323554759770101 0.9999906230626112 0.02963743072575653 0.0863186825652491 -0.5069266925876974
FixedParameters: 0 0 0
#Transform 9
Transform: MatrixOffsetTransformBase_double_3_3
Parameters: 0.9999995455826367 -0.0004173469417716336 -0.0005291942127613087 0.0004164375481328029 0.9999966972711353 -0.0026702227005546836 0.000530273278198499 0.0026697810194469956 0.99999659047472 -0.0014136626337517555 -0.0012916989822713276 -0.1757953510127095
FixedParameters: 0 0 0
#Transform 10
Transform: MatrixOffsetTransformBase_double_3_3
Parameters: 0.9999999900897674 0.00001033199927151312 -0.00009910224823964466 -0.00000987337749961264 0.9999966069076015 -0.002719000670309557 0.00009897233067984303 0.0027190026747916513 0.9999965972238868 -0.06341043680893677 0.023762161401933213 -0.20265179668926692
FixedParameters: 0 0 0
#Transform 11
Transform: MatrixOffsetTransformBase_double_3_3
Parameters: 0.9999997919539065 -0.0005134524190387188 -0.0009714288803893784 0.0005093173735779264 0.9999917025200005 -0.004136504063011415 0.0009743624904906224 0.00413649777089356 0.9999908680052224 0.025640791217114156 0.045196293122018005 -0.48266998638528946
FixedParameters: 0 0 0
#Transform 12
Transform: MatrixOffsetTransformBase_double_3_3
Parameters: 0.9999998310816239 0.00017515524146530164 0.0003716080295807362 -0.00017460294323203108 0.9999976305164888 -0.0020830641766403923 -0.0003722615979791519 0.0020829340918173955 0.9999975227810478 -0.040736204653512686 -0.004974005614016619 -0.15670858922759123
FixedParameters: 0 0 0
#Transform 13
Transform: MatrixOffsetTransformBase_double_3_3
Parameters: 0.9999991271034852 -0.0003978891647310811 -0.0008452570512635179 0.0003942308507688606 0.9999927498280629 -0.0038853367468250494 0.0008471123310046124 0.0038846664679110937 0.9999921906924569 0.03240294157841106 0.04059103482272519 -0.5020055320875372
FixedParameters: 0 0 0
#Transform 14
Transform: MatrixOffsetTransformBase_double_3_3
Parameters: 0.9999997766113712 -0.0002627282163431345 -0.00039311815692181617 0.00026267129046480116 0.9999993784663871 -0.0012461038176556777 0.0003927006398229451 0.0012458973847873922 0.9999992931101576 0.0281846257594367 0.039489585291050844 -0.27277426756914736
FixedParameters: 0 0 0
#Transform 15
Transform: MatrixOffsetTransformBase_double_3_3
Parameters: 0.9999993789868811 -0.0007327255700312651 0.00029053523790280804 0.0007329478506390959 0.9999968791611155 -0.0023627880347338315 -0.00028899124056254406 0.002363212736424744 0.9999973322685778 0.016807572716544428 0.07632535175601163 -0.17602541129559768
FixedParameters: 0 0 0
#Transform 16
Transform: MatrixOffsetTransformBase_double_3_3
Parameters: 0.9999990771830052 -0.0006901985605149632 -0.0006683502143951777 0.0006871135352298502 0.9999905166040078 -0.004368468853527971 0.0006711505374969686 0.004368535155854988 0.9999903927861181 0.03094988812928534 0.08392589103856096 -0.5206354511979896
FixedParameters: 0 0 0
#Transform 17
Transform: MatrixOffsetTransformBase_double_3_3
Parameters: 0.9999999570841254 -0.00006927495862277113 -0.00019523559858024978 0.00006841212437457869 0.9999971199860709 -0.0022080114225014463 0.00019553961210384135 0.0022079845228019507 0.9999970865674201 0.028621557974489065 0.04496429715673855 -0.2160089265395868
FixedParameters: 0 0 0
#Transform 18
Transform: MatrixOffsetTransformBase_double_3_3
Parameters: 0.9999999475041884 -0.00008090390867245031 -0.0002143608559836544 0.00007972585156280347 0.9999964584957877 -0.002745018364686269 0.00021480178623983298 0.002744983899737513 0.9999964189236947 0.030167776528486456 0.0808701419028921 -0.19095772431816727
FixedParameters: 0 0 0
#Transform 19
Transform: MatrixOffsetTransformBase_double_3_3
Parameters: 0.999999403489419 -0.0005348142020798111 -0.0005574030896015286 0.0005319508848364952 0.9999909576082668 -0.004214297528895183 0.0005597541305271937 0.004213701658324298 0.999990930129567 0.022739221532916076 0.08286248655302586 -0.4747882437467297
FixedParameters: 0 0 0
#Transform 20
Transform: MatrixOffsetTransformBase_double_3_3
Parameters: 0.999999221414739 -0.0008771305980696249 -0.0000977476592292578 0.0008765804042537494 0.9999971061507114 -0.0020310854286658686 0.00009931507710461004 0.002030912635114915 0.9999978653359025 -0.0008596525699999802 0.01503686918518099 -0.18994555798772694
FixedParameters: 0 0 0
#Transform 21
Transform: MatrixOffsetTransformBase_double_3_3
Parameters: 0.999999511068198 -0.00037599149337582446 -0.0005900328809838819 0.0003726829391898954 0.999990903109139 -0.00436222973893699 0.0005911546548362091 0.004362776337246979 0.9999905449348288 0.04213481882949566 0.037712483259312535 -0.5055903795419567
FixedParameters: 0 0 0
#Transform 22
Transform: MatrixOffsetTransformBase_double_3_3
Parameters: 0.9999999175513522 -0.00019767038301326495 -0.0002083658697398463 0.00019767455422475434 0.999997103298861 -0.00220403929705236 0.0002081650451164885 0.0022039569631281675 0.9999970990171384 0.038063648299257125 0.038033069594959557 -0.241495519535448
FixedParameters: 0 0 0
#Transform 23
Transform: MatrixOffsetTransformBase_double_3_3
Parameters: 0.9999988398101806 0.0002879093562455728 0.0014410980757355591 -0.00028487795850958735 0.999997559665482 -0.0020893370972790565 -0.001442069694917208 0.00208866091195474 0.9999965522927488 -0.04872911631461818 -0.003550688957489001 -0.1350174443424379
FixedParameters: 0 0 0
#Transform 24
Transform: MatrixOffsetTransformBase_double_3_3
Parameters: 0.9999993775848668 -0.00035096830625090837 -0.0007064570500526366 0.00034806177683679843 0.9999920069304951 -0.0041162558497677 0.0007081124991669224 0.004116750196330302 0.9999914793366433 0.025800159531044642 0.059891474841265335 -0.4766366752692619
FixedParameters: 0 0 0
#Transform 25
Transform: MatrixOffsetTransformBase_double_3_3
Parameters: 0.999999548169984 -0.0006706750217695975 -0.00004712953407507029 0.0006702779940359776 0.9999968832546247 -0.0025811072294521092 0.00004859616611765148 0.0025808935151587775 0.999996341768009 -0.041750758128074494 0.047606099726777984 -0.158079544245183
FixedParameters: 0 0 0
#Transform 26
Transform: MatrixOffsetTransformBase_double_3_3
Parameters: 0.9999996999483839 -0.0004768220673823314 -0.0002690584214926571 0.0004763534185127498 0.9999904286794837 -0.004283126690159275 0.00027099656065112835 0.004282869311439758 0.9999905829371301 0.026251196149246425 0.05342337474731096 -0.4527209137199577
FixedParameters: 0 0 0
#Transform 27
Transform: MatrixOffsetTransformBase_double_3_3
Parameters: 0.999999673146903 -0.0004902758683387903 -0.00029384831865483877 0.0004896588263715477 0.9999970038985113 -0.0026122247299772694 0.0002953362367821138 0.0026127752727084647 0.9999960189122559 0.029905984119494633 0.09794436605979229 -0.3002890870861563
FixedParameters: 0 0 0
#Transform 28
Transform: MatrixOffsetTransformBase_double_3_3
Parameters: 0.9999992921504026 0.00018827206852125713 0.0008198493852333734 -0.00018578766780566708 0.9999965120920846 -0.0027301538098331857 -0.0008207206141904387 0.002729846976383052 0.9999958742257168 -0.030129676972393327 0.04992706335745822 -0.1568307393152253
FixedParameters: 0 0 0
#Transform 29
Transform: MatrixOffsetTransformBase_double_3_3
Parameters: 0.9999999783699037 -0.0008285805809383404 -0.0005790550115447504 0.0008261460729013342 0.999989902305852 -0.004414486263431466 0.0005821461521330053 0.004414514286840213 0.9999901002411684 0.018708509756265812 0.062148025608919966 -0.4660730504140105
FixedParameters: 0 0 0
#Transform 30
Transform: MatrixOffsetTransformBase_double_3_3
Parameters: 0.9999988325656736 -0.0008721469026126519 -0.0006380782990004736 0.0008696560031746943 0.99999181711232 -0.00405263202955132 0.0006409224323119483 0.0040513686107908065 0.9999911778986268 0.02056905552792898 0.14906553626344987 -0.4976780335573494
FixedParameters: 0 0 0
#Transform 31
Transform: MatrixOffsetTransformBase_double_3_3
Parameters: 0.9999997528762848 -0.00035928199099945365 -0.0003435700124622383 0.00035833236853164866 0.9999989668507662 -0.0013801232433439253 0.00034456031999071946 0.0013798763384477164 0.9999989772240401 0.03528404972861665 -0.016953215362022434 -0.2756663285828864
FixedParameters: 0 0 0
#Transform 32
Transform: MatrixOffsetTransformBase_double_3_3
Parameters: 0.999999973411772 -0.00013365791777270635 -0.00009395520666863784 0.0001331550116476557 0.999997774658522 -0.0022820143175803637 0.00009356688700484958 0.002281989303893256 0.9999977836836608 -0.04309799958708993 -0.018326037520736804 -0.18032390346223792
FixedParameters: 0 0 0
#Transform 33
Transform: MatrixOffsetTransformBase_double_3_3
Parameters: 0.9999994993706777 -0.00032566890479571625 -0.0006282267478846886 0.00032247347607706805 0.9999913681532475 -0.004066129717447811 0.0006297149649870976 0.004065871592732612 0.9999920663596223 0.029153574281650663 0.03342385139207238 -0.4617253499426681
FixedParameters: 0 0 0
#Transform 34
Transform: MatrixOffsetTransformBase_double_3_3
Parameters: 0.9999998702951942 -0.00031276010453508397 -0.0001782947765298119 0.0003127763361299522 0.9999964657889582 -0.002537054657705262 0.0001788095991133399 0.002536942969991754 0.9999965317532469 0.014256065168439136 0.04127085599712643 -0.1813669464660279
FixedParameters: 0 0 0
#Transform 35
Transform: MatrixOffsetTransformBase_double_3_3
Parameters: 0.9999999075434137 -0.00017584915130026822 -0.0002480605248819907 0.0001744099384182479 0.9999955882787666 -0.002895042159287625 0.0002490745284297805 0.002894955099162211 0.9999955571871659 0.024905476937917115 0.08419175733752127 -0.16813091025325377
FixedParameters: 0 0 0
#Transform 36
Transform: MatrixOffsetTransformBase_double_3_3
Parameters: 0.9999990273515924 -0.0005828743807620894 -0.000795299621447055 0.0005798603207795363 0.9999901689220785 -0.004301388548857282 0.0007980062853651718 0.004300611788679437 0.999990861046131 0.028513420896857156 0.11383952739302572 -0.46098166627865567
FixedParameters: 0 0 0
#Transform 37
Transform: MatrixOffsetTransformBase_double_3_3
Parameters: 0.9999991435911625 -0.0008803314623285006 0.0002857836062499973 0.0008809884934472567 0.9999942242837991 -0.0033048176367248966 -0.0002828798881029867 0.003304180149637681 0.999994079810274 -0.002621298666994676 0.07553530915689066 -0.13771229022263753
FixedParameters: 0 0 0
#Transform 38
Transform: MatrixOffsetTransformBase_double_3_3
Parameters: 0.9999993876820719 -0.0007205125051048237 0.000304030955143598 0.0007220487059260412 0.9999960524946782 -0.002901856919039575 -0.00030283619460321935 0.002902145109959106 0.9999954919357106 -0.04738152517174399 0.09496440375214377 -0.16217375760773223
FixedParameters: 0 0 0
#Transform 39
Transform: MatrixOffsetTransformBase_double_3_3
Parameters: 0.9999994631767447 -0.0006306119115813837 -0.0003731129423815999 0.0006290685135504981 0.999990022554238 -0.004425236566234794 0.00037554553903462994 0.004424765034463166 0.999990279168441 0.035812508550108646 0.11809896601585024 -0.4896145346954768
FixedParameters: 0 0 0
#Transform 40
Transform: MatrixOffsetTransformBase_double_3_3
Parameters: 0.9999995952316865 0.0006354103986935905 -0.00003222571352048289 -0.0006354820272314992 0.9999970877789375 -0.002346980673394783 0.000030240110436858692 0.002347020370110628 0.9999974906160347 -0.016882712156615298 0.013344632020675817 -0.14675631394429445
FixedParameters: 0 0 0
#Transform 41
Transform: MatrixOffsetTransformBase_double_3_3
Parameters: 0.9999995379053072 -0.00031582007518331343 -0.0006018065697726731 0.0003133155392115781 0.9999896689282537 -0.004498187508599594 0.0006034143161663045 0.004497808388387592 0.9999894047782457 0.026521832407041757 0.0345130039778212 -0.48166082466801186
FixedParameters: 0 0 0
#Transform 42
Transform: MatrixOffsetTransformBase_double_3_3
Parameters: 0.9999995015890017 -0.0005110004841344538 -0.00048723252744260813 0.0005090706403148456 0.9999927938211004 -0.0038662521081535978 0.0004890318083365207 0.0038657541815113328 0.9999928157164619 0.033907176821855955 0.013551802707411298 -0.3335918637311295
FixedParameters: 0 0 0
#Transform 43
Transform: MatrixOffsetTransformBase_double_3_3
Parameters: 0.9999998018968316 -0.00026214474797095494 0.0003592284695047897 0.00026346855792052466 0.9999981401116019 -0.001946905760634915 -0.00035920228660304217 0.0019470945715254206 0.9999980801590234 -0.03976686038070909 0.012532041103483493 -0.18232211371758922
FixedParameters: 0 0 0
#Transform 44
Transform: MatrixOffsetTransformBase_double_3_3
Parameters: 0.9999999025620099 -0.0007939730410226238 -0.0006839606192405626 0.0007902912102870053 0.9999888386012067 -0.004648547965889663 0.0006871114250463164 0.004648450652396302 0.9999888466173122 0.035740395948124615 0.061892371085150444 -0.510319730825799
FixedParameters: 0 0 0
#Transform 45
Transform: MatrixOffsetTransformBase_double_3_3
Parameters: 0.9999998729499254 -0.0001860814932812402 -0.000304535300396719 0.00018461939388246087 0.9999977763414785 -0.0022780580684865492 0.000304382570972256 0.0022779452082567347 0.9999977180194658 0.029733914543712103 0.023497171562084418 -0.18169343878273025
FixedParameters: 0 0 0
#Transform 46
Transform: MatrixOffsetTransformBase_double_3_3
Parameters: 0.9999996014019988 -0.0005542842823127877 0.00030184190868764424 0.0005557074832644532 0.9999964968402082 -0.0024888317768790857 -0.0003000763211241323 0.0024891658435442637 0.9999967143053469 -0.04005483080767647 0.08165354057176444 -0.19744140691710754
FixedParameters: 0 0 0
#Transform 47
Transform: MatrixOffsetTransformBase_double_3_3
Parameters: 0.9999995705994243 -0.0005751307793782516 -0.0003143088323727442 0.0005743124240195768 0.9999967457628284 -0.002645188780171309 0.00031528033747572676 0.002645815701827217 0.9999968274588357 0.03009720754425871 0.11096273439153492 -0.3274266687004257
FixedParameters: 0 0 0
#Transform 48
Transform: MatrixOffsetTransformBase_double_3_3
Parameters: 0.9999991994347744 -0.0007020684646841288 0.0005551115534113047 0.0007027745336756371 0.9999958192066424 -0.002571602682338331 -0.0005533434091676162 0.002571392533647132 0.9999961549919852 -0.01596786360363467 0.055976659440091225 -0.1401776215716808
FixedParameters: 0 0 0
#Transform 49
Transform: MatrixOffsetTransformBase_double_3_3
Parameters: 0.9999998294792091 -0.0003892905444349077 -0.00013835765003201945 0.0003878504026850067 0.9999879953913982 -0.004884054374020036 0.00014115605350439165 0.004883945767368503 0.9999881268885877 0.05158775469658394 0.08384891391899885 -0.48048952715714677
FixedParameters: 0 0 0
#Transform 50
Transform: MatrixOffsetTransformBase_double_3_3
Parameters: 0.999999663455306 -0.0005548517057918576 -0.00017061289797575376 0.0005539010110242766 0.9999972801086509 -0.0023421013237337335 0.00017121578071068594 0.0023429005814852577 0.999997408714144 0.025639906982945604 0.0710891284923747 -0.2317524856370028
FixedParameters: 0 0 0
#Transform 51
Transform: MatrixOffsetTransformBase_double_3_3
Parameters: 0.9999994440395411 -0.0005747872124983465 0.0004751422096379183 0.0005763722448990826 0.9999958118711908 -0.0028027265406193325 -0.00047283770905221016 0.0028032721843054137 0.9999959185208463 -0.04388033370031508 0.047610523566348206 -0.18165307870891922
FixedParameters: 0 0 0
#Transform 52
Transform: MatrixOffsetTransformBase_double_3_3
Parameters: 0.9999998307763571 -0.000641661581781735 -0.0008700784905725401 0.0006386236695107754 0.9999920979336469 -0.003945562980190026 0.000872835589479994 0.003945436023998855 0.9999915987758565 0.05136625316895049 0.06839422720163668 -0.534103293645174
FixedParameters: 0 0 0
#Transform 53
Transform: MatrixOffsetTransformBase_double_3_3
Parameters: 0.9999995126745107 -0.0006810349188092877 -0.00015468933162053616 0.0006801010768757852 0.9999961763248973 -0.0025221042936803134 0.00015612774888437418 0.0025218927639253375 0.9999966153674088 0.004626784526294614 0.009956991709557883 -0.17608877204880002
FixedParameters: 0 0 0
#Transform 54
Transform: MatrixOffsetTransformBase_double_3_3
Parameters: 0.9999994559518293 -0.0007282396008997809 -0.00011549761215890749 0.0007283626836777211 0.9999948471334935 -0.003102085293467838 0.00011794665386313573 0.003101915279709183 0.9999953639596132 0.002169273059337229 0.06564343779901094 -0.23239788124989502
FixedParameters: 0 0 0
#Transform 55
Transform: MatrixOffsetTransformBase_double_3_3
Parameters: 0.9999993905940613 -0.0006541797467390073 -0.00042636242938291785 0.0006525619477748925 0.999995249855309 -0.0028852772936992926 0.0004280630357892838 0.0028847190389286598 0.9999954942623092 0.02755041629899324 0.09005794544556522 -0.30874562258598814
FixedParameters: 0 0 0
#Transform 56
Transform: MatrixOffsetTransformBase_double_3_3
Parameters: 0.9999991924380602 -0.000511162108282024 0.0007389258571357864 0.0005129826554553478 0.9999964564450349 -0.002684617450439214 -0.0007380209516546565 0.0026843850017607834 0.9999963228771649 -0.04120589234599947 0.039711545799846704 -0.12943549675017607
FixedParameters: 0 0 0
#Transform 57
Transform: MatrixOffsetTransformBase_double_3_3
Parameters: 0.9999998104364765 -0.00041409228879795356 -0.0001342410204080884 0.0004135345324692655 0.9999868868322513 -0.005190130608408158 0.00013646708236407263 0.005189869056311469 0.9999860510410591 0.04068324868055129 0.0713695112549999 -0.48018112677669933
FixedParameters: 0 0 0
#Transform 58
Transform: MatrixOffsetTransformBase_double_3_3
Parameters: 0.9999998475490821 -0.0002725859586637874 -0.0002796369729990107 0.0002719167922223704 0.999995843202783 -0.0028430758011925017 0.00028011283156932073 0.0028429234119382585 0.9999958390172651 0.03473932881067299 0.050573665760410336 -0.23612228805107804
FixedParameters: 0 0 0
#Transform 59
Transform: MatrixOffsetTransformBase_double_3_3
Parameters: 0.9999997446210981 -0.0003973702215202064 -0.00031216140348388685 0.00039674313292096034 0.9999967018431712 -0.00247812349822199 0.0003130570540203051 0.002477875253836956 0.9999967617934102 0.023377584247228356 0.07135008043137248 -0.18339194372076406
FixedParameters: 0 0 0
#Transform 60
Transform: MatrixOffsetTransformBase_double_3_3
Parameters: 0.9999989770116959 -0.0006404251699077388 -0.0007824268585165112 0.0006367814328063682 0.9999888391114453 -0.004770504180387977 0.0007862248945979147 0.0047695024322660096 0.999988631798359 0.03401983387126961 0.08764460245318162 -0.4911035770927725
FixedParameters: 0 0 0
#Transform 61
Transform: MatrixOffsetTransformBase_double_3_3
Parameters: 0.9999997724291565 -0.0004521311486218374 -0.00015130894230206934 0.0004522111336354261 0.9999961226124733 -0.0027700693278816663 0.00015274181075197477 0.0027699318484221275 0.9999963039831312 0.009113773581759688 0.04508426291180001 -0.17423585313777323
FixedParameters: 0 0 0
#Transform 62
Transform: MatrixOffsetTransformBase_double_3_3
Parameters: 0.9999999043835641 -0.0003016679741501487 0.00006758968840910693 0.00030193658781470657 0.9999963961935618 -0.002551978282147413 -0.00006704647427526082 0.0025520189189409542 0.9999964827677815 0.03922876887386906 0.07490691995452892 -0.22035245450194907
FixedParameters: 0 0 0
#Transform 63
Transform: MatrixOffsetTransformBase_double_3_3
Parameters: 0.9999991426860427 -0.0006799553981706592 -0.0006280478656805827 0.0006773181843274595 0.9999906255246505 -0.004349430109314406 0.0006317313783534704 0.004348575176660541 0.9999906893495522 0.03643147962273474 0.07226425273209713 -0.4854063756495748
FixedParameters: 0 0 0
#Transform 64
Transform: MatrixOffsetTransformBase_double_3_3
Parameters: 0.9999999877590546 -0.00006230897921834672 -0.0000914252999963871 0.0000617767485095774 0.9999955570996009 -0.0029050043707140316 0.00009178577027657044 0.002904993007338985 0.9999955525815094 0.0282222039718647 0.010937795287944141 -0.13954974398752995
FixedParameters: 0 0 0
#Transform 65
Transform: MatrixOffsetTransformBase_double_3_3
Parameters: 0.9999995611051354 -0.0005481461300859892 -0.00037178038347491127 0.000546869273050471 0.9999911942769601 -0.004184205379881803 0.0003742176210330628 0.004183796943765888 0.9999913549493964 0.03715500617875023 0.045503253168476476 -0.48779859404477577
FixedParameters: 0 0 0
#Transform 66
Transform: MatrixOffsetTransformBase_double_3_3
Parameters: 0.9999994401019644 -0.0007307834508581341 0.00016014274842936986 0.000731449894149803 0.9999968908536268 -0.0025629587343263815 -0.00015838941144270206 0.0025630420870372816 0.999996411285021 0.005888669926008561 0.05514785606381167 -0.1880894619065714
FixedParameters: 0 0 0
#Transform 67
Transform: MatrixOffsetTransformBase_double_3_3
Parameters: 0.9999998415591698 -0.0003630874931065859 -0.00016263305613931734 0.0003625093323006176 0.9999898770653375 -0.0045811337864346685 0.00016488487267275016 0.004580865433208806 0.9999889931540009 0.04232402270203295 0.04360632153148458 -0.375796747791199
FixedParameters: 0 0 0
#Transform 68
Transform: MatrixOffsetTransformBase_double_3_3
Parameters: 0.9999993834029127 -0.0009940442733127439 -0.0007926032889132472 0.0009907322017215037 0.9999896198276932 -0.004404787918340952 0.0007970556326057164 0.004403210356728984 0.99998997294736 0.03742219247955347 0.06454429003079554 -0.4616419177363582
FixedParameters: 0 0 0
#Transform 69
Transform: MatrixOffsetTransformBase_double_3_3
Parameters: 0.9999999331832352 -0.00009774586347122344 0.00023929627419830873 0.00009896022404972394 0.9999965387090242 -0.0025399751704988788 -0.00023879663979743337 0.002540022195899272 0.9999964912599902 -0.026007751607963314 0.029842488413237334 -0.13746413140981417
FixedParameters: 0 0 0
#Transform 70
Transform: MatrixOffsetTransformBase_double_3_3
Parameters: 0.9999996712855929 -0.00029793108211343983 -0.0004898418710524879 0.00029531300430444543 0.999989530494364 -0.004624147513768481 0.0004914379061295682 0.004623856448197641 0.9999893777888998 0.0442047346168124 0.06366368969710834 -0.4640244547548207
FixedParameters: 0 0 0
#Transform 71
Transform: MatrixOffsetTransformBase_double_3_3
Parameters: 0.9999995589311205 -0.0004427887820444103 -0.000495107098888298 0.00044104180334713527 0.999996557817891 -0.0026922203887285723 0.0004964142111373909 0.0026917822223557347 0.9999965073504612 0.030510179813546756 0.08225872204988605 -0.2260125862231348
FixedParameters: 0 0 0
#Transform 72
Transform: MatrixOffsetTransformBase_double_3_3
Parameters: 0.9999993271086258 -0.00041604729748700656 0.0007066736669275861 0.00041839203740142914 0.9999947262072757 -0.0031777040142883517 -0.0007058662284414339 0.003178293359061446 0.9999944014873361 -0.029431412042242755 0.05166082987319953 -0.16258667035322105
FixedParameters: 0 0 0
#Transform 73
Transform: MatrixOffsetTransformBase_double_3_3
Parameters: 0.9999992770732152 -0.0007449867801584985 -0.00040888143547749786 0.0007438113302876319 0.9999885044569116 -0.004797314469189684 0.0004128074985550428 0.0047976915653731855 0.9999887403019588 0.04607153675267739 0.11846953700072049 -0.531630929557565
FixedParameters: 0 0 0
#Transform 74
Transform: MatrixOffsetTransformBase_double_3_3
Parameters: 0.9999995911971405 -0.00042913821201698537 -0.00047408571814365713 0.0004274608296536107 0.9999963198869827 -0.0027382040295778204 0.00047535892650622715 0.002737797385107446 0.9999962779886761 0.040710092269037546 0.03532519077769791 -0.27243204182178715
FixedParameters: 0 0 0
#Transform 75
Transform: MatrixOffsetTransformBase_double_3_3
Parameters: 0.9999998571637475 0.00008986736323098325 0.0010652394765673578 -0.0000873893761841933 0.9999964082551904 -0.0025670193750612913 -0.0010654695595075708 0.0025669800721187103 0.9999962699064217 -0.03773678978723183 0.03846722179889639 -0.11960218986672544
FixedParameters: 0 0 0
#Transform 76
Transform: MatrixOffsetTransformBase_double_3_3
Parameters: 0.9999998595815638 -0.0003405624492521292 -0.0001574866947722434 0.00033904070978509515 0.9999900314807662 -0.004342049687754437 0.0001584431689938719 0.004341942339016094 0.9999901220287991 0.033391486476020305 0.053426963071871114 -0.43152940793166294
FixedParameters: 0 0 0
#Transform 77
Transform: MatrixOffsetTransformBase_double_3_3
Parameters: 0.9999998636452075 -0.00035104082219681253 0.00011573879159403817 0.0003506694651909902 0.9999955392001387 -0.003043956033885617 -0.00011452533780886614 0.003043048069750448 0.9999957986052367 0.021137501499026712 0.06529611934709578 -0.15351315739384574
FixedParameters: 0 0 0
#Transform 78
Transform: MatrixOffsetTransformBase_double_3_3
Parameters: 0.9999996743890796 -0.0005639843610992683 0.00008629342491342235 0.0005643647639285206 0.9999950716672833 -0.0030999525059856176 -0.00008478990713021356 0.0031000490310732626 0.9999953826693028 0.014920916497644043 0.06875695968042805 -0.1109962512537237
FixedParameters: 0 0 0
#Transform 79
Transform: MatrixOffsetTransformBase_double_3_3
Parameters: 0.9999996613861529 -0.0004244093274047172 0.0003983347536812488 0.00042644798864073394 0.9999860669660785 -0.005267831433927894 -0.00039569681462235136 0.005268169247153814 0.9999860903786892 0.05128589109884274 0.07616070592342794 -0.3877307266569545
FixedParameters: 0 0 0
#Transform 80
Transform: MatrixOffsetTransformBase_double_3_3
Parameters: 0.9999997273411274 -0.0003812778747568054 0.0003568851549656349 0.0003824657483909329 0.9999947862073585 -0.003172863285997779 -0.00035538399691502305 0.003173135286473089 0.9999948052282555 0.03176217794752745 0.08636719624951184 -0.16893772069022361
FixedParameters: 0 0 0
#Transform 81
Transform: MatrixOffsetTransformBase_double_3_3
Parameters: 0.9999993893914855 -0.00048148618988185844 0.0006154111933690089 0.00048409200380809293 0.9999958088256508 -0.002992705200782403 -0.0006134434162393141 0.0029932984850870176 0.9999956644141694 0.025489796850493462 0.07171727325236077 -0.2529470912063516
FixedParameters: 0 0 0
#Transform 82
Transform: MatrixOffsetTransformBase_double_3_3
Parameters: 0.9999992385684116 -0.0005753425989462053 -0.0006557935761806557 0.0005724543362851605 0.9999932969251569 -0.003657377700246059 0.0006588439472368001 0.0036566232314143715 0.9999931942472858 0.033413080050664234 0.08960722384304631 -0.27419158545609434
FixedParameters: 0 0 0
#Transform 83
Transform: MatrixOffsetTransformBase_double_3_3
Parameters: 0.9999994974735078 -0.0006036789202552625 0.0003724360044066032 0.0006040373153201454 0.9999942784017384 -0.0033697771996465675 -0.00037021040197711435 0.0033702256575783296 0.999994505194842 -0.045130743782067384 0.03237660701196887 -0.1430482725862987
FixedParameters: 0 0 0
#Transform 84
Transform: MatrixOffsetTransformBase_double_3_3
Parameters: 0.999999197043869 -0.0007718682973991192 -0.00045581029847630754 0.0007690781333125876 0.9999873864073167 -0.004901350453176731 0.000459223820311074 0.004900645444744431 0.9999877707565424 0.04488992718407303 0.056560866641007124 -0.5139021644107373
FixedParameters: 0 0 0
#Transform 85
Transform: MatrixOffsetTransformBase_double_3_3
Parameters: 0.9999999189372084 -0.00024146134594313853 -0.00015065982441549446 0.00024151543900827259 0.9999956587725743 -0.0028780355706773675 0.00015097766819037163 0.0028779627323533563 0.9999956943669303 0.03219354587238854 -0.005841358643621675 -0.18427506565406304
FixedParameters: 0 0 0
#Transform 86
Transform: MatrixOffsetTransformBase_double_3_3
Parameters: 0.9999996282339823 -0.00038447874871525185 0.00047317876332637475 0.0003868755758098904 0.9999887342166616 -0.004807821181025504 -0.00047131448339654184 0.004808185458928707 0.9999886599861265 0.0411116927937627 0.030154662044409974 -0.36704638479066887
FixedParameters: 0 0 0
#Transform 87
Transform: MatrixOffsetTransformBase_double_3_3
Parameters: 0.999999515183901 -0.001050475235153596 -0.0006173390252651357 0.001047415443055663 0.9999884679316862 -0.004637654517867906 0.0006228543733808026 0.004637342376427031 0.9999890342069289 0.045864865139989774 0.03667079541277474 -0.4656634867189098
FixedParameters: 0 0 0
#Transform 88
Transform: MatrixOffsetTransformBase_double_3_3
Parameters: 0.9999990648262065 -0.0009648824704419479 0.00006489840922153586 0.0009650253597223579 0.9999939179553458 -0.0034850151156147063 -0.00006216140487077721 0.0034849881917118908 0.9999938563298999 -0.0021697669704394684 0.045304129241316105 -0.12397366546332478
FixedParameters: 0 0 0
#Transform 89
Transform: MatrixOffsetTransformBase_double_3_3
Parameters: 0.9999991917536909 -0.0008869359488914872 0.00014862256990304026 0.0008871012958325836 0.9999856504735323 -0.005249870449158395 -0.0001442197594890708 0.005250130212947304 0.9999864158856113 0.06061857900472489 0.08280669574483568 -0.4730925457287469
FixedParameters: 0 0 0
#Transform 90
Transform: MatrixOffsetTransformBase_double_3_3
Parameters: 0.9999998322971082 -0.0003434055874203818 -0.000222931526684694 0.0003430262903755613 0.9999953966078781 -0.0029130750550437207 0.0002238589414856206 0.00291292171290268 0.9999954645240894 0.03255084362692173 0.03433716375208462 -0.2024373168318334
FixedParameters: 0 0 0
#Transform 91
Transform: MatrixOffsetTransformBase_double_3_3
Parameters: 0.9999995110224976 -0.000659346882675676 -0.00023411020213935912 0.0006576430757043667 0.999994657514836 -0.003302229046145605 0.00023646454300731558 0.0033017696416860615 0.9999940470422057 0.028008028319192135 0.06789902371922096 -0.3103783260687294
FixedParameters: 0 0 0
#Transform 92
Transform: MatrixOffsetTransformBase_double_3_3
Parameters: 0.9999992083206702 -0.0010463816089124564 0.0008346799471247052 0.001050764363009763 0.9999857139632718 -0.005301196829342172 -0.0008292450500144224 0.005301803303375804 0.9999852821322658 0.05989270638495725 0.06986481518700316 -0.40245535416291034
FixedParameters: 0 0 0
#Transform 93
Transform: MatrixOffsetTransformBase_double_3_3
Parameters: 0.9999999612243501 -0.000782194997975923 0.0006533239854433718 0.000784433240091008 0.9999937036441774 -0.003417488593102591 -0.0006508108365595199 0.0034185101474808605 0.9999938920620902 0.008976377078980136 0.03284426006389651 -0.15107484553107042
FixedParameters: 0 0 0
#Transform 94
Transform: MatrixOffsetTransformBase_double_3_3
Parameters: 0.9999997002679387 -0.0011316594265762443 0.00013706041669240833 0.0011325828012014305 0.9999865594702023 -0.005113923862844191 -0.0001314641230343158 0.005114078338795819 0.9999868344354473 0.04305772513164641 0.10039676938473008 -0.49768149610261503
FixedParameters: 0 0 0
#Transform 95
Transform: MatrixOffsetTransformBase_double_3_3
Parameters: 0.9999992869536747 -0.0013077714740492078 0.00004272940961224691 0.0013087118844230061 0.9999861481063853 -0.005013948386528563 -0.00003566836094157058 0.005014050959470828 0.9999878581213626 0.0433910735731331 0.12401007494815985 -0.5377711272104619
FixedParameters: 0 0 0
#Transform 96
Transform: MatrixOffsetTransformBase_double_3_3
Parameters: 0.9999985954241671 -0.0012205153285096903 0.0009565178090008848 0.001225401779628089 0.9999875068084811 -0.004889902318825967 -0.000950239171926918 0.0048910959354086375 0.999987254329069 0.03917015538424096 -0.08004969164896636 -0.4202861289940074
FixedParameters: 0 0 0
#Transform 97
Transform: MatrixOffsetTransformBase_double_3_3
Parameters: 0.9999995133961856 -0.0009429972565462098 0.0007732781420347869 0.0009445566871787179 0.9999963540645332 -0.0023982701803443585 -0.0007705943084081456 0.002399727257435161 0.9999966489152946 0.03577572281321295 -0.04175525020235682 -0.2209140826170568
FixedParameters: 0 0 0
#Transform 98
Transform: MatrixOffsetTransformBase_double_3_3
Parameters: 0.9999990662654156 -0.0009463376426021658 0.0001962789829341956 0.0009468968783481025 0.9999873275847603 -0.004976890049721433 -0.0001917672470212331 0.004977107853480572 0.9999871973147006 0.05366746100924047 -0.004215646323999067 -0.46929279066050356
FixedParameters: 0 0 0
#Transform 99
Transform: MatrixOffsetTransformBase_double_3_3
Parameters: 0.9999991283408616 -0.000794911518912726 0.000490053191823102 0.0007963078333517999 0.9999925984710192 -0.003700605275757232 -0.0004870064628396679 0.0037003938846560946 0.9999931423727803 0.06447146146966531 0.05169741447484455 -0.2218954649488154
FixedParameters: 0 0 0
#Transform 100
Transform: MatrixOffsetTransformBase_double_3_3
Parameters: 1.0000000240269409 -0.0007013036405616251 0.0006955103445470121 0.0007045605767583364 0.9999918719576457 -0.003944506085722971 -0.0006928064943018458 0.003944493230738796 0.9999920337827317 0.050301237684365674 0.0867048642954984 -0.14825806114207296
FixedParameters: 0 0 0
#Transform 101
Transform: MatrixOffsetTransformBase_double_3_3
Parameters: 0.9999980854504186 -0.0009369025028168013 0.0014272417806985732 0.0009447707546764458 0.9999833270594035 -0.005718653317530853 -0.0014218627380507844 0.005720345135268257 0.9999823324565795 0.09075096378724368 0.06830444857973816 -0.3586832829295332
FixedParameters: 0 0 0
#Transform 102
Transform: MatrixOffsetTransformBase_double_3_3
Parameters: 0.9999994363441634 -0.0010347936887257826 0.0007017149283589637 0.0010392667473637432 0.9999837686416375 -0.005663345109303067 -0.00069572656946826 0.00566365602693536 0.9999835166922915 0.07453896746275745 0.07686941703310879 -0.40524443370057384
FixedParameters: 0 0 0
#Transform 103
Transform: MatrixOffsetTransformBase_double_3_3
Parameters: 0.9999997800509364 -0.0009553328272073772 0.0005548336195396895 0.000957159147563366 0.9999926188183964 -0.003659465537012102 -0.0005506764283055033 0.0036595339282168293 0.9999933772562121 0.022491351795380865 0.053506137786229147 -0.14423788174080698
FixedParameters: 0 0 0
#Transform 104
Transform: MatrixOffsetTransformBase_double_3_3
Parameters: 0.9999996440292643 -0.000978356749736948 0.0006317390220603391 0.000981870218685534 0.9999841072904961 -0.005470380082267481 -0.0006257755231381144 0.00547161260703867 0.9999846726288196 0.06479321868778243 0.047154103033079764 -0.4515205346853719
FixedParameters: 0 0 0
#Transform 105
Transform: MatrixOffsetTransformBase_double_3_3
Parameters: 0.9999985935618981 -0.0015235209654777856 0.0010419791727389498 0.0015295126672547382 0.9999799004767796 -0.006132478299007552 -0.0010327767201682918 0.006133518437467345 0.9999804649557718 0.06542071707411878 0.00013755267188741982 -0.32704945492655213
FixedParameters: 0 0 0
#Transform 106
Transform: MatrixOffsetTransformBase_double_3_3
Parameters: 0.9999990388019955 -0.0011349865231692032 0.0008207690972253254 0.0011376677067326672 0.9999923223729771 -0.0036480631244636547 -0.0008162410935467732 0.0036489345589244965 0.9999930932314672 0.022248739987958288 -0.01326052479514317 -0.15579448216836056
FixedParameters: 0 0 0
#Transform 107
Transform: MatrixOffsetTransformBase_double_3_3
Parameters: 0.9999992599129515 -0.0011973536564169052 0.000554006511432152 0.0011997806054523045 0.999984467941021 -0.0053933401889297294 -0.000547831636698416 0.00539466083118495 0.9999856010462025 0.06074161594736438 0.039651984604773816 -0.47971296673853203
FixedParameters: 0 0 0
#Transform 108
Transform: MatrixOffsetTransformBase_double_3_3
Parameters: 0.9999986323241921 -0.0012761756806228374 0.0008593672373771045 0.0012794746281372452 0.9999918299834154 -0.003930975671422116 -0.0008550778380175595 0.003932028154011141 0.9999918888035905 0.032809568944401235 -0.01039409535101754 -0.16709463040275807
FixedParameters: 0 0 0
#Transform 109
Transform: MatrixOffsetTransformBase_double_3_3
Parameters: 0.9999975384204076 -0.001356473985689814 0.0016190375843058793 0.0013659928362620658 0.9999817847400233 -0.005932793696002178 -0.0016111821690951112 0.005935213316469151 0.9999813282283813 0.047548888552242374 0.00304519097046807 -0.29480952906673963
FixedParameters: 0 0 0
#Transform 110
Transform: MatrixOffsetTransformBase_double_3_3
Parameters: 0.9999991529049966 -0.0012461390156849946 0.0005427089735830663 0.001249049842755929 0.9999810645481148 -0.006030400672395464 -0.0005354129022857863 0.006031596215164137 0.9999813417587903 0.07553123101895665 0.03954214194226324 -0.44394267967518886
FixedParameters: 0 0 0
#Transform 111
Transform: MatrixOffsetTransformBase_double_3_3
Parameters: 0.9999992683423206 -0.0009618185988376432 0.0008980909638728753 0.0009652068181911544 0.9999902954483683 -0.004324133147755149 -0.0008944435192990773 0.004324871532736835 0.9999905700822538 0.052065770233710396 0.042282967231088264 -0.15196866322496305
FixedParameters: 0 0 0
#Transform 112
Transform: MatrixOffsetTransformBase_double_3_3
Parameters: 1.0000000354293113 -0.000836953185806522 0.0005138306743862759 0.000840095469703201 0.9999788485563433 -0.006437571881080517 -0.0005087919079710284 0.006438429390992512 0.9999792902976588 0.05604939773363071 0.04973103237581711 -0.37441897363268595
FixedParameters: 0 0 0
#Transform 113
Transform: MatrixOffsetTransformBase_double_3_3
Parameters: 0.9999986392456506 -0.0012344907519908298 0.0009147557565061444 0.001240957457196228 0.9999775693196582 -0.0066189417902042386 -0.0009059719196388355 0.006620057095477666 0.999977433361212 0.0745943526756605 0.026977677203063877 -0.34245347603390996
FixedParameters: 0 0 0
#Transform 114
Transform: MatrixOffsetTransformBase_double_3_3
