#Insight Transform File V1.0
#Transform 0
Transform: MatrixOffsetTransformBase_double_3_3
Parameters: 0.999996487051163 0.0004897049268641632 0.0024824059916408805 -0.00047569111794979 0.9999847079165263 -0.005582479051587347 -0.0024845243679139095 0.00558120297506523 0.9999816892823005 0.2435930454410311 -0.18296344455988844 -0.1714974255524453
FixedParameters: 0 0 0
#Transform 1
Transform: MatrixOffsetTransformBase_double_3_3
Parameters: 0.9999980463096366 0.0004114594394484016 0.0021716642215210066 -0.0003999398520718499 0.9999864773179027 -0.005145796169464645 -0.002173663920037844 0.0051452921093597115 0.9999847525188548 0.23259821529985913 -0.11426095050263996 -0.10108939124246774
FixedParameters: 0 0 0
#Transform 2
Transform: MatrixOffsetTransformBase_double_3_3
Parameters: 0.9999948990483908 0.0006231394980089032 0.0031018936445427747 -0.0006018634623223907 0.9999744588110042 -0.007098361847712675 -0.0031069807156076656 0.007096737182380353 0.9999698645169666 0.2492997070251306 -0.21115776126816854 -0.3416415213117574
FixedParameters: 0 0 0
#Transform 3
Transform: MatrixOffsetTransformBase_double_3_3
Parameters: 0.999994662410574 0.0008783748823917858 0.0032199574599049013 -0.000856078162481717 0.9999752240411492 -0.006956280716431562 -0.0032262312158373024 0.006953858586845968 0.9999700848782279 0.2483264469931754 -0.23769277143526324 -0.17991293286223708
FixedParameters: 0 0 0
#Transform 4
Transform: MatrixOffsetTransformBase_double_3_3
Parameters: 0.9999946041674168 0.0009793215598029566 0.0031789587074302975 -0.0009548306773352203 0.999969466706255 -0.007807193880264379 -0.003185611814991565 0.007804095246115417 0.9999649461608071 0.25420586728007777 -0.2286275338387611 -0.19151422559843922
FixedParameters: 0 0 0
#Transform 5
Transform: MatrixOffsetTransformBase_double_3_3
Parameters: 0.9999943207472942 0.0008586292822661415 0.0032623550785515557 -0.0008285065243749277 0.9999551415266199 -0.009405213975349186 -0.0032702741060241097 0.009402451087773711 0.9999499076557608 0.27130719858993757 -0.28792081710277273 -0.3403130866437323
FixedParameters: 0 0 0
#Transform 6
Transform: MatrixOffsetTransformBase_double_3_3
Parameters: 0.9999937030548084 0.0008694422648156085 0.0035102396906839875 -0.000840370928516871 0.9999637818790658 -0.00847485957837732 -0.003518069982792388 0.008471902039600576 0.9999577548189813 0.26264860672564794 -0.27278222148753173 -0.32385259005044986
FixedParameters: 0 0 0
#Transform 7
Transform: MatrixOffsetTransformBase_double_3_3
Parameters: 0.999994383081678 0.0009441428680791479 0.003232494145327107 -0.0009172914061772244 0.9999674064517078 -0.008067224806725587 -0.0032402537656321395 0.00806424110762799 0.9999624147853763 0.2577320038511459 -0.27086807374291766 -0.1919350230880923
FixedParameters: 0 0 0
#Transform 8
Transform: MatrixOffsetTransformBase_double_3_3
Parameters: 0.9999943975711441 0.0009544901541601878 0.0030747543013459333 -0.0009310228390556965 0.999971799234979 -0.0074619886588929984 -0.0030825596792416407 0.00745936254339688 0.9999677438250562 0.2411023920855655 -0.2274931623399965 -0.12186435123626893
FixedParameters: 0 0 0
#Transform 9
Transform: MatrixOffsetTransformBase_double_3_3
Parameters: 0.9999933654574088 0.0006751488444843162 0.003466416251069533 -0.0006450381384683155 0.9999641419686479 -0.008463394784201439 -0.003472303237983143 0.008460990352821163 0.9999583272635192 0.26307667587690275 -0.24891242850891615 -0.33170050874801404
FixedParameters: 0 0 0
#Transform 10
Transform: MatrixOffsetTransformBase_double_3_3
Parameters: 0.9999935855905502 0.0006771931401406651 0.0035780567495039203 -0.0006442789128978492 0.9999595268384319 -0.009012509311854017 -0.003584672606869843 0.009009799984095374 0.9999529558093737 0.28028013019410025 -0.2967940990905902 -0.3420974386608009
FixedParameters: 0 0 0
#Transform 11
Transform: MatrixOffsetTransformBase_double_3_3
Parameters: 0.9999935768723386 0.0005265522401012137 0.0034702537825154756 -0.000495567184819707 0.9999598536223046 -0.008884801136466863 -0.0034750704677687094 0.008882351444550268 0.9999540881752843 0.27067046813185414 -0.2954593848168372 -0.206180958667062
FixedParameters: 0 0 0
#Transform 12
Transform: MatrixOffsetTransformBase_double_3_3
Parameters: 0.9999945157408672 0.0005218077200549705 0.003177071581850488 -0.0004961238508239324 0.9999675287477532 -0.008087631307563403 -0.0031811137651828053 0.008086432406751276 0.9999624211907334 0.2552617191655884 -0.23322378088782614 -0.1725330454632683
FixedParameters: 0 0 0
#Transform 13
Transform: MatrixOffsetTransformBase_double_3_3
Parameters: 0.9999921452438056 0.0005594404413500073 0.003794758123930965 -0.0005241635477298782 0.999957123481675 -0.009207599280157797 -0.0037993323786135805 0.009205908499723914 0.9999507754715692 0.28054468888169026 -0.2934976785002448 -0.4038352376062875
FixedParameters: 0 0 0
#Transform 14
Transform: MatrixOffsetTransformBase_double_3_3
Parameters: 0.9999924328674439 0.00039127184101894665 0.0037925835092680812 -0.000354701155179488 0.9999531415085785 -0.009682133895744072 -0.0037965119623896496 0.009680359959150897 0.999945891261044 0.2862582295919651 -0.3357504867503991 -0.368394636107638
FixedParameters: 0 0 0
#Transform 15
Transform: MatrixOffsetTransformBase_double_3_3
Parameters: 0.9999948309227604 0.00031061783836119645 0.003165887579889101 -0.000282334291057792 0.9999603089212971 -0.008868211696145933 -0.003168284656963845 0.0088672927564806 0.9999553453726885 0.2780385823934495 -0.3017088686174816 -0.23643575842041287
FixedParameters: 0 0 0
#Transform 16
Transform: MatrixOffsetTransformBase_double_3_3
Parameters: 0.9999933727348406 0.00025880228781640334 0.0035395343707750257 -0.00022475674401058274 0.9999555225004549 -0.009457414223575739 -0.00354116546895631 0.009456683737982474 0.9999490429510528 0.2847209512297013 -0.305196154746497 -0.32323525529845654
FixedParameters: 0 0 0
#Transform 17
Transform: MatrixOffsetTransformBase_double_3_3
Parameters: 0.9999917867561643 0.00005390499025821269 0.003917192851939172 -0.000015589771534193185 0.9999507647498933 -0.009904824570782761 -0.003917578644924993 0.009904780533821905 0.9999435376400605 0.29513567477437164 -0.34315843825189063 -0.45400080686052036
FixedParameters: 0 0 0
#Transform 18
Transform: MatrixOffsetTransformBase_double_3_3
Parameters: 0.9999926988465423 0.00009055360055417426 0.0037954285183169553 -0.000056156861104330984 0.9999577931254661 -0.009169869093786781 -0.003796207947544608 0.00916946958402115 0.9999505102220843 0.2730545363930901 -0.32767562271212114 -0.2940084722395824
FixedParameters: 0 0 0
#Transform 19
Transform: MatrixOffsetTransformBase_double_3_3
Parameters: 0.9999949157711743 -0.00013932242246795026 0.0033527515838103553 0.00017163460437320203 0.9999535338431331 -0.009652373558168031 -0.0033510038430970765 0.009652193590378416 0.9999476932791621 0.27736825360817363 -0.31648711159782295 -0.33164319482980886
FixedParameters: 0 0 0
#Transform 20
Transform: MatrixOffsetTransformBase_double_3_3
Parameters: 0.9999931113034064 -0.00006280198897703256 0.0036172959913495784 0.00010021639547295926 0.999944667412212 -0.010496513753799952 -0.003617021353169811 0.010497086714392312 0.9999386671513776 0.29611457686769427 -0.3451493952698854 -0.4627889330976558
FixedParameters: 0 0 0
#Transform 21
Transform: MatrixOffsetTransformBase_double_3_3
Parameters: 0.999992060670671 -0.00011216326622189021 0.0038887201734294774 0.0001523183504455114 0.9999479725866437 -0.010233387960442986 -0.003887010638352728 0.010233392096740929 0.9999402491188926 0.29639412017851896 -0.35141135215516783 -0.39677539964387165
FixedParameters: 0 0 0
#Transform 22
Transform: MatrixOffsetTransformBase_double_3_3
Parameters: 0.999994148636442 -0.00038988966329090834 0.0034623914104150166 0.0004249985606568484 0.9999506780687837 -0.009936171978067149 -0.003457693260367628 0.009936728853966709 0.999944425177161 0.28615811739688013 -0.32146751657444383 -0.2441345817093321
FixedParameters: 0 0 0
#Transform 23
Transform: MatrixOffsetTransformBase_double_3_3
Parameters: 0.9999933432151386 -0.0005431577258786218 0.003572595521121498 0.0005801638146154314 0.9999477927069454 -0.010220188563458743 -0.0035666142566212478 0.010222080581137799 0.9999417989950261 0.29507018541970353 -0.2935738779199255 -0.4019578494256564
FixedParameters: 0 0 0
#Transform 24
Transform: MatrixOffsetTransformBase_double_3_3
Parameters: 0.9999931962919393 -0.00023125884903287246 0.0036125012829643158 0.00026913078563578843 0.9999450497937499 -0.01046835068673646 -0.0036107130685167285 0.010468927342881323 0.9999383488595329 0.277916405816228 -0.3479514265011687 -0.5434319075629617
FixedParameters: 0 0 0
#Transform 25
Transform: MatrixOffsetTransformBase_double_3_3
Parameters: 0.99999453746229 -0.00043072949078930625 0.0032592469109054487 0.00046390463965667855 0.9999486473036899 -0.010141830692426329 -0.003254996275127646 0.01014347511651828 0.9999434441611413 0.2578676692575357 -0.35498051333276237 -0.3303249047652628
FixedParameters: 0 0 0
#Transform 26
Transform: MatrixOffsetTransformBase_double_3_3
Parameters: 0.99999421881006 -0.0008012279043927853 0.00340994791429048 0.0008336829262528839 0.9999530716164247 -0.009633744446101766 -0.0034013649836305976 0.009637044690323615 0.9999474888601685 0.2663640684800157 -0.316863712125496 -0.2988236946333416
FixedParameters: 0 0 0
#Transform 27
Transform: MatrixOffsetTransformBase_double_3_3
Parameters: 0.9999934956399666 -0.0007968535309221866 0.003523812493752325 0.000831803004724698 0.9999501894780827 -0.0099775059785773 -0.0035158545349517553 0.00997989412958658 0.9999440550019246 0.28065893917562335 -0.31336438521677223 -0.5509204565012453
FixedParameters: 0 0 0
#Transform 28
Transform: MatrixOffsetTransformBase_double_3_3
Parameters: 0.9999924188972296 -0.0006469929690662785 0.0038288971593625765 0.0006857037635826929 0.999949122913006 -0.010049112209935818 -0.0038224894584812097 0.010052242215021462 0.9999422592971301 0.290736094234191 -0.37618743349044337 -0.4089957828283133
FixedParameters: 0 0 0
#Transform 29
Transform: MatrixOffsetTransformBase_double_3_3
Parameters: 0.9999944463351577 -0.000983975081990174 0.003199118038561967 0.0010161608030411946 0.9999497034355738 -0.009985054173286073 -0.0031899640144145078 0.009987993934131634 0.9999449722967871 0.2614905474544571 -0.3408809330276341 -0.3257818461862598
FixedParameters: 0 0 0
#Transform 30
Transform: MatrixOffsetTransformBase_double_3_3
Parameters: 0.9999930209676404 -0.0005774419806916804 0.0036168282970573326 0.0006117275513141673 0.9999542791134248 -0.009588168586421142 -0.00361143451116841 0.009590388566285163 0.9999479550863941 0.281219148698284 -0.28985632736716127 -0.5442186181834359
FixedParameters: 0 0 0
#Transform 31
Transform: MatrixOffsetTransformBase_double_3_3
Parameters: 0.9999925084062162 -0.0004862209744393789 0.003695422879593152 0.0005234813133042611 0.9999476547684415 -0.01018120891521479 -0.003690364040872564 0.01018299620208904 0.9999416948317021 0.27215521879847415 -0.3786766035753999 -0.45637017275683434
FixedParameters: 0 0 0
#Transform 32
Transform: MatrixOffsetTransformBase_double_3_3
Parameters: 0.9999943691295701 -0.0008429120605915391 0.003067178457983287 0.0008719896204125105 0.9999542879929013 -0.009515207082358507 -0.003058585109325322 0.009518115160687235 0.9999499711602612 0.27922465477600156 -0.31782354433278215 -0.3206498153474797
FixedParameters: 0 0 0
#Transform 33
Transform: MatrixOffsetTransformBase_double_3_3
Parameters: 0.9999922198727156 -0.0004517742390563826 0.003867943485225657 0.000488255099640106 0.9999539188386706 -0.009614037976086481 -0.003863512307977046 0.009615734870411563 0.9999466340493369 0.3146021007805615 -0.2679905398142779 -0.6187786408179647
FixedParameters: 0 0 0
#Transform 34
Transform: MatrixOffsetTransformBase_double_3_3
Parameters: 0.9999915201943748 -0.00100720193217643 0.003897087543060944 0.0010483559512853066 0.9999429000253617 -0.01064866477780671 -0.0038863247743041937 0.010653249140854665 0.9999352821334028 0.30991231996662805 -0.38170498406016407 -0.45909765502325683
FixedParameters: 0 0 0
#Transform 35
Transform: MatrixOffsetTransformBase_double_3_3
Parameters: 0.9999946470950793 -0.0011289598232959545 0.0029642202148622704 0.0011579997347446217 0.9999478793311853 -0.010110361960096959 -0.0029532437607542664 0.010113712766152805 0.9999448374515942 0.2830071384301931 -0.3414244606163095 -0.38714260417698654
FixedParameters: 0 0 0
#Transform 36
Transform: MatrixOffsetTransformBase_double_3_3
Parameters: 0.9999942208254785 -0.0009052763540528062 0.003243152467832716 0.0009386936769208137 0.9999462412290543 -0.010310423280359138 -0.0032330177168135577 0.010312871197945828 0.9999412002425538 0.2943501574421248 -0.33189228555420414 -0.5381336255075979
FixedParameters: 0 0 0
#Transform 37
Transform: MatrixOffsetTransformBase_double_3_3
Parameters: 0.9999914503419015 -0.0009869220115170524 0.004030424392853768 0.001028904003556803 0.9999440667411712 -0.010501343728955642 -0.00401905228975083 0.010506283612206624 0.9999363856230588 0.31301729961725755 -0.3646549830706789 -0.5970515449632927
FixedParameters: 0 0 0
#Transform 38
Transform: MatrixOffsetTransformBase_double_3_3
Parameters: 0.9999945799147784 -0.0007756936953412594 0.003212179028700697 0.0008078084855062811 0.9999493056978147 -0.01003125312606945 -0.0032041140326902195 0.01003411162477863 0.9999449606718664 0.2843840827069499 -0.3540051831936495 -0.33282232702261183
FixedParameters: 0 0 0
#Transform 39
Transform: MatrixOffsetTransformBase_double_3_3
Parameters: 0.9999937786996479 -0.000718378108851031 0.0034830249159557916 0.0007499998254297683 0.9999584838340805 -0.009140028744290984 -0.00347551618411604 0.009142936968460053 0.9999523108274254 0.2951003590915491 -0.22801937414102724 -0.5404266803200812
FixedParameters: 0 0 0
#Transform 40
Transform: MatrixOffsetTransformBase_double_3_3
Parameters: 0.9999937558915784 -0.001473666303205664 0.0031163932521463406 0.0014967239660032688 0.9999725923330525 -0.007313775645720416 -0.0031052665923608225 0.007318506228802896 0.9999678316177305 0.28994159998278235 -0.32227174432283334 -0.22805418038261394
FixedParameters: 0 0 0
#Transform 41
Transform: MatrixOffsetTransformBase_double_3_3
Parameters: 0.9999922957377383 -0.0013127528811374325 0.0038421804790822675 0.001347695267714004 0.9999578540514882 -0.00908313635664984 -0.0038304578164699843 0.009088339654115235 0.9999517704563112 0.30112224939860255 -0.307372722952465 -0.27372874688322213
FixedParameters: 0 0 0
#Transform 42
Transform: MatrixOffsetTransformBase_double_3_3
Parameters: 0.9999938000878865 -0.0017975417447393064 0.0031688902350208714 0.0018302933670390322 0.9999446658750049 -0.01034965133029217 -0.003150354178805395 0.010355352100467424 0.9999416312267081 0.28597563530331627 -0.34625010850413673 -0.11384856471396176
FixedParameters: 0 0 0
#Transform 43
Transform: MatrixOffsetTransformBase_double_3_3
Parameters: 0.9999924770354973 -0.0018527471830616336 0.003494928507699155 0.001889510156522371 0.9999443344311484 -0.010395694042326153 -0.003475609286504616 0.010401851470302953 0.9999396154370621 0.29553402305117515 -0.35950297486738236 -0.38201949228084686
FixedParameters: 0 0 0
#Transform 44
Transform: MatrixOffsetTransformBase_double_3_3
Parameters: 0.9999920130352318 -0.0014298349570920745 0.0035879927533139025 0.001468151803431626 0.9999416749729213 -0.010691197812386255 -0.0035727466426186127 0.010696104123526284 0.9999367580945463 0.3103625702902377 -0.39625261319807237 -0.25612324757757676
FixedParameters: 0 0 0
#Transform 45
Transform: MatrixOffsetTransformBase_double_3_3
Parameters: 0.9999937509539369 -0.0016003348539950363 0.003267366233385971 0.0016360888370401255 0.9999391225963216 -0.010923272041362397 -0.003249255061195694 0.01092793019258595 0.9999349097365882 0.2998883173667224 -0.359714806054086 -0.08404581385389065
FixedParameters: 0 0 0
#Transform 46
Transform: MatrixOffsetTransformBase_double_3_3
Parameters: 0.9999934467988504 -0.0014242609925886537 0.0033852392626801814 0.0014618172848893923 0.9999394456799541 -0.010939728218151756 -0.0033698791030482497 0.010944788559679175 0.9999346521920027 0.3156553992211997 -0.3232583842887351 -0.4301825570415474
FixedParameters: 0 0 0
#Transform 47
Transform: MatrixOffsetTransformBase_double_3_3
Parameters: 0.999991868175722 -0.001134778762806406 0.0039517540509917196 0.001176434350124633 0.9999430415956333 -0.010569880690542738 -0.003939347810282205 0.010573927188619714 0.9999367460771658 0.33022710745648 -0.3594372960559724 -0.38412714284437754
FixedParameters: 0 0 0
#Transform 48
Transform: MatrixOffsetTransformBase_double_3_3
Parameters: 0.9999918954345182 -0.0014159794874340622 0.0038758621931939963 0.0014555288744743352 0.999944220420692 -0.010430011842628928 -0.0038608204954145645 0.010435779800824191 0.9999381346963927 0.3389663354522696 -0.3560546003141809 -0.22087444578724558
FixedParameters: 0 0 0
#Transform 49
Transform: MatrixOffsetTransformBase_double_3_3
Parameters: 0.9999919348978967 -0.0013063038785011858 0.00376339021096727 0.001343613506632835 0.9999499540374788 -0.009869208896640919 -0.003750222177412166 0.00987405558011728 0.9999444681279427 0.3214540315500045 -0.2905509260261425 -0.3038961817601802
FixedParameters: 0 0 0
#Transform 50
Transform: MatrixOffsetTransformBase_double_3_3
Parameters: 0.9999921586009802 -0.0010220953206433805 0.003931146806917918 0.0010618957771093085 0.999948212855691 -0.010103672077925674 -0.0039198947927008565 0.010108831926097045 0.9999413578861599 0.3340725581524566 -0.34182435189340765 -0.501472325589063
FixedParameters: 0 0 0
#Transform 51
Transform: MatrixOffsetTransformBase_double_3_3
Parameters: 0.9999924219038648 -0.001109954863840963 0.0037464889667805368 0.0011453712821097297 0.9999539772583426 -0.009487671437137385 -0.0037358294946186477 0.009492041580049154 0.9999479446817393 0.3220917542706019 -0.34978022943207066 -0.26411664912072297
FixedParameters: 0 0 0
#Transform 52
Transform: MatrixOffsetTransformBase_double_3_3
Parameters: 0.9999940921265719 -0.0008902183337407728 0.0034226488695136836 0.0009241486084574672 0.9999495762517628 -0.010000250316526599 -0.003413920082967932 0.010003143429006683 0.9999442421650567 0.31740958113462625 -0.3323231498856387 -0.32724481184523313
FixedParameters: 0 0 0
#Transform 53
Transform: MatrixOffsetTransformBase_double_3_3
Parameters: 0.9999946831997537 -0.0012489904622981557 0.003085887145494688 0.0012810333926474675 0.9999448521485349 -0.01038914473036251 -0.0030727968656787397 0.010393454318073397 0.9999413340852943 0.2952647786759286 -0.3522686315471333 -0.5421102549166363
FixedParameters: 0 0 0
#Transform 54
Transform: MatrixOffsetTransformBase_double_3_3
Parameters: 0.9999939586099259 -0.0014275557002690446 0.0033051292224878653 0.0014609610621087801 0.999944730699402 -0.010411612450343055 -0.00329079239112684 0.010416505316893032 0.9999404733496514 0.2991129358795348 -0.3997436480397596 -0.2961833977781936
FixedParameters: 0 0 0
#Transform 55
Transform: MatrixOffsetTransformBase_double_3_3
Parameters: 0.9999947173755189 -0.0014425133862918278 0.0030122022137968885 0.0014744435035815486 0.9999437229807449 -0.01051256566133052 -0.0029969415144337833 0.010517593184716595 0.9999401091983559 0.2851284177132243 -0.3356336152703392 -0.31999353164405875
FixedParameters: 0 0 0
#Transform 56
Transform: MatrixOffsetTransformBase_double_3_3
Parameters: 0.9999924810004371 -0.0016592559465286039 0.0035890390308566597 0.0017010515919834227 0.999930928094333 -0.011673081892623338 -0.0035691094052824127 0.01167916354315876 0.9999256505010372 0.31075837182147836 -0.4019033271986814 -0.5884094844282259
FixedParameters: 0 0 0
#Transform 57
Transform: MatrixOffsetTransformBase_double_3_3
Parameters: 0.9999929058399822 -0.0014387407869254866 0.003599646555759471 0.001476983823655859 0.9999406315438113 -0.010784763057186592 -0.0035837986723412305 0.01078971616683036 0.9999356733413561 0.3212814870513654 -0.40485712511645033 -0.41740685084843676
FixedParameters: 0 0 0
#Transform 58
Transform: MatrixOffsetTransformBase_double_3_3
Parameters: 0.9999937508751794 -0.001396150894385593 0.0031877005910649486 0.001427325609941874 0.9999480836257733 -0.010113095134877959 -0.0031738623397013013 0.01011824263218522 0.9999432846938149 0.29811106948857 -0.3397187726175588 -0.3132881725422294
FixedParameters: 0 0 0
#Transform 59
Transform: MatrixOffsetTransformBase_double_3_3
Parameters: 0.9999937474968495 -0.0015428475011726806 0.0032879758419267213 0.0015781928454943785 0.9999392995072963 -0.010929285457293658 -0.0032699742578865335 0.010934556484207963 0.9999345565953676 0.31082380141093324 -0.3417664358643435 -0.6118947579015241
FixedParameters: 0 0 0
#Transform 60
Transform: MatrixOffsetTransformBase_double_3_3
Parameters: 0.999993643658436 -0.0015766839782232764 0.0032935778011825914 0.0016118479091151274 0.9999424646301567 -0.010586727813769653 -0.0032768943500650974 0.010591643780869325 0.9999389532585243 0.30290846450716913 -0.40250275676233116 -0.4037333478826781
FixedParameters: 0 0 0
#Transform 61
Transform: MatrixOffsetTransformBase_double_3_3
Parameters: 0.999993738064518 -0.0017865929933157162 0.0030153494670587463 0.001817766277900524 0.9999454476769183 -0.010272537465466303 -0.0029966197819631807 0.010278684067640126 0.9999430633898798 0.2984529928279045 -0.34395247691146835 -0.3833461161048888
FixedParameters: 0 0 0
#Transform 62
Transform: MatrixOffsetTransformBase_double_3_3
Parameters: 0.9999920037976722 -0.0017571665268971111 0.003462092616970343 0.0017920151979049148 0.9999448205045377 -0.010348117437447846 -0.003443920520899986 0.010354687007203267 0.9999407204264786 0.31936604923380685 -0.3310016552782713 -0.624199814361134
FixedParameters: 0 0 0
#Transform 63
Transform: MatrixOffsetTransformBase_double_3_3
Parameters: 0.9999918225441974 -0.001920702307232047 0.003558750211750464 0.001957461724691337 0.9999446485549953 -0.010367384636973481 -0.0035389719590386143 0.010374198277499191 0.9999397057184488 0.30741626238308584 -0.3811099332721426 -0.5037911182919288
FixedParameters: 0 0 0
#Transform 64
Transform: MatrixOffsetTransformBase_double_3_3
Parameters: 0.999993629388387 -0.001750298661100604 0.003041819086425007 0.0017791605773213323 0.999954241834037 -0.009420234756440854 -0.003025247803024593 0.009425138101679248 0.9999509164400001 0.29713493028758364 -0.2896986260243466 -0.43473745113657003
FixedParameters: 0 0 0
#Transform 65
Transform: MatrixOffsetTransformBase_double_3_3
Parameters: 0.9999912330485693 -0.001689712850616149 0.0037145311012770146 0.0017233580653588142 0.9999582643778209 -0.008987625778934444 -0.0036984472753716843 0.008993833278131302 0.9999525306681071 0.3216325146934764 -0.33605062065068125 -0.7058974145842853
FixedParameters: 0 0 0
#Transform 66
Transform: MatrixOffsetTransformBase_double_3_3
Parameters: 0.9999920808701718 -0.001721379169691342 0.003591365974506419 0.0017545646260236957 0.9999552521361602 -0.009256365674319894 -0.003574972988363574 0.009262361786284451 0.9999504707800557 0.3207525062002077 -0.3459144661754152 -0.46403749562760765
FixedParameters: 0 0 0
#Transform 67
Transform: MatrixOffsetTransformBase_double_3_3
Parameters: 0.999993963672135 -0.001788082957105779 0.002963111967275521 0.0018149933199487931 0.9999558167525309 -0.009168441147576145 -0.0029466879631856943 0.00917361176911935 0.999954045572219 0.3027169548933699 -0.3194564910600519 -0.4168625246454951
FixedParameters: 0 0 0
#Transform 68
Transform: MatrixOffsetTransformBase_double_3_3
Parameters: 0.9999925609294534 -0.0017507673497365595 0.0033521903971261563 0.001778686335749913 0.9999646095945561 -0.008201599532374843 -0.0033379535952364134 0.008206990782528706 0.9999605976228007 0.3082283929506815 -0.24352154186090047 -0.664669310405273
FixedParameters: 0 0 0
#Transform 69
Transform: MatrixOffsetTransformBase_double_3_3
Parameters: 0.9999939608171325 -0.0015544130407200594 0.003062847601059168 0.0015789957826077162 0.9999665919632714 -0.008067877976871779 -0.003050480193309793 0.0080718534636193 0.9999626033252801 0.2919935552036179 -0.2808601932807022 -0.4968120667649032
FixedParameters: 0 0 0
#Transform 70
Transform: MatrixOffsetTransformBase_double_3_3
Parameters: 0.9999962430063886 -0.0016542705900248634 0.002173619881816566 0.0016718227357469468 0.9999669260148594 -0.00792231595994869 -0.0021601937051993897 0.007925978225301528 0.9999663218281966 0.27170476065877835 -0.23881105516070988 -0.3394991973020609
FixedParameters: 0 0 0
#Transform 71
Transform: MatrixOffsetTransformBase_double_3_3
Parameters: 0.9999961432719104 -0.0012571246293110938 0.002607172270560204 0.0012741022609513084 0.9999777525141673 -0.006556880594740688 -0.0025993911423648763 0.006559241552787309 0.9999753289089823 0.29018065093460166 -0.18440465889111124 -0.6568689667218024
FixedParameters: 0 0 0
#Transform 72
Transform: MatrixOffsetTransformBase_double_3_3
Parameters: 0.9999932036872284 -0.0018540539518684326 0.003174550451033639 0.001873536468606194 0.9999796648997531 -0.0061559848181530485 -0.003163780199956494 0.006161495422868285 0.9999762353205156 0.29627589121656683 -0.2108679954272361 -0.22327692932037735
FixedParameters: 0 0 0
#Transform 73
Transform: MatrixOffsetTransformBase_double_3_3
Parameters: 0.9999923684501022 -0.0024144638357336407 0.00311982627370877 0.0024358499338838213 0.9999746232438848 -0.006659768764949059 -0.0031038448350754824 0.006667264998464512 0.9999730717540706 0.3241050248698514 -0.1546640754456945 -0.3021470025625774
FixedParameters: 0 0 0
#Transform 74
Transform: MatrixOffsetTransformBase_double_3_3
Parameters: 0.9999901873181444 -0.0021761601053507246 0.0039795438703544225 0.002197770287229518 0.9999821752324395 -0.005537719165637028 -0.0039675670155282575 0.005546308930243882 0.9999770644428578 0.3684012831717496 -0.18400094827255487 -0.5335895770157322
FixedParameters: 0 0 0
#Transform 75
Transform: MatrixOffsetTransformBase_double_3_3
Parameters: 0.999992458890214 -0.002307625792856949 0.003147813662907971 0.0023229750176475775 0.9999861448961825 -0.004733710502996535 -0.0031378445448227085 0.004740980808829759 0.9999840346609786 0.31968612465873036 -0.16739883577605497 -0.13017290587546881
FixedParameters: 0 0 0
#Transform 76
Transform: MatrixOffsetTransformBase_double_3_3
Parameters: 0.9999881101829428 -0.002064260527125463 0.004528417778971124 0.00209341693767757 0.9999768915323706 -0.006499787776778565 -0.004515255868623662 0.006509008333740768 0.9999688445896878 0.37426085440222323 -0.15468753621964026 -0.5725779179487063
FixedParameters: 0 0 0
#Transform 77
Transform: MatrixOffsetTransformBase_double_3_3
Parameters: 0.9999862004981993 -0.0024931940156953285 0.004662148879002001 0.0025284782922444437 0.9999689721755758 -0.007471927029151698 -0.004643477215811362 0.007483241481596986 0.9999610893204762 0.37094498322503 -0.24965021522038455 -0.3947030123574109
FixedParameters: 0 0 0
#Transform 78
Transform: MatrixOffsetTransformBase_double_3_3
Parameters: 0.9999898178669903 -0.0025217815754261935 0.0036833451802229106 0.002539320002419172 0.9999856603439111 -0.004747831004438874 -0.0036717394441155085 0.00475707789494792 0.9999814932064343 0.34855776185835907 -0.0975476939450175 -0.17577165790767424
FixedParameters: 0 0 0
#Transform 79
Transform: MatrixOffsetTransformBase_double_3_3
Parameters: 0.999987658557791 -0.0028607385918215625 0.003993367427254639 0.002878565517152469 0.9999865184474052 -0.004408550124106597 -0.003981283424667047 0.00441917670734393 0.9999825903829686 0.345763159687948 -0.15354691430323442 -0.13660054635232655
FixedParameters: 0 0 0
#Transform 80
Transform: MatrixOffsetTransformBase_double_3_3
Parameters: 0.9999851113607187 -0.002400050989079315 0.004904211535345641 0.002429856842413888 0.9999785638444503 -0.006065648226223297 -0.0048894580933192475 0.0060780640227030835 0.9999699657314316 0.3925699343263318 -0.14968178066260407 -0.4958500156125325
FixedParameters: 0 0 0
#Transform 81
Transform: MatrixOffsetTransformBase_double_3_3
Parameters: 0.9999854379015783 -0.0030297272097178597 0.004547089226280207 0.0030614795056969494 0.9999709086772602 -0.006972699863473403 -0.004526329298549535 0.006985922039429632 0.9999655139756842 0.38297218519177534 -0.2388168798875796 -0.28984037598908685
FixedParameters: 0 0 0
#Transform 82
Transform: MatrixOffsetTransformBase_double_3_3
Parameters: 0.9999889994480434 -0.002794155707922823 0.003755776941493004 0.0028149409375460357 0.9999808363058101 -0.0055432058602157275 -0.0037400563629643654 0.005553707710681061 0.9999777673939327 0.3473225483390081 -0.17821690584105454 -0.057594853513663224
FixedParameters: 0 0 0
#Transform 83
Transform: MatrixOffsetTransformBase_double_3_3
Parameters: 0.9999893391959574 -0.002484341034981021 0.0039337311123255475 0.0025106110922389494 0.9999749164605441 -0.006653745222387153 -0.0039169827931084256 0.006663114367570083 0.9999707812680917 0.3434732071758475 -0.13728436749133266 -0.4075958696212325
FixedParameters: 0 0 0
#Transform 84
Transform: MatrixOffsetTransformBase_double_3_3
Parameters: 0.9999880771122676 -0.0024680056445191244 0.004207075348140327 0.0024924083888559455 0.999980238502303 -0.005834892208697873 -0.004192170013449854 0.005845569081656038 0.9999738895989537 0.36297416454038967 -0.1803889474932987 -0.1817137351680742
FixedParameters: 0 0 0
#Transform 85
Transform: MatrixOffsetTransformBase_double_3_3
Parameters: 0.9999905359857767 -0.0025597047447473726 0.00356577125600617 0.0025779694980830655 0.9999832628783152 -0.005170484771592848 -0.0035526818711660788 0.005179339815245987 0.9999801066119852 0.36447053613646574 -0.11684823375391318 -0.1208742304533672
FixedParameters: 0 0 0
#Transform 86
Transform: MatrixOffsetTransformBase_double_3_3
Parameters: 0.9999864602523008 -0.0024633864325176273 0.004631665324849432 0.0024933975926018986 0.9999762055077497 -0.006465554389350897 -0.004615352366678628 0.006476668877160141 0.9999685427865066 0.3917279248940275 -0.14384251132452164 -0.43643416195003226
FixedParameters: 0 0 0
#Transform 87
Transform: MatrixOffsetTransformBase_double_3_3
Parameters: 0.999987298728312 -0.002516498204919492 0.004249852624088883 0.0025358125513512356 0.9999864948342402 -0.004524976835359018 -0.004238059770314127 0.00453560082415011 0.9999803730805709 0.37519801781601814 -0.14497004691213533 -0.10528436552374387
FixedParameters: 0 0 0
#Transform 88
Transform: MatrixOffsetTransformBase_double_3_3
Parameters: 0.9999855259963596 -0.0028460113654468224 0.004503512581355389 0.002870333062508775 0.9999815290816012 -0.005322151049396567 -0.004487853368745749 0.005334853901280995 0.9999753967198213 0.39391255157485716 -0.11059755217836198 -0.1689675071384471
FixedParameters: 0 0 0
#Transform 89
Transform: MatrixOffsetTransformBase_double_3_3
Parameters: 0.9999828178493432 -0.0026506140848247864 0.005207680518303594 0.00267991160107501 0.999980670457259 -0.005655107947825672 -0.005192669971913713 0.005668425284671819 0.9999701074003212 0.4329694922978433 -0.13723885740100172 -0.46127061177361384
FixedParameters: 0 0 0
#Transform 90
Transform: MatrixOffsetTransformBase_double_3_3
Parameters: 0.9999810205304273 -0.003078833274541285 0.0052397860320526 0.0031046900755508974 0.9999829998042219 -0.004991809482922105 -0.005224061494776298 0.005007715601753809 0.9999741184937023 0.42849203089853916 -0.15770014108342423 -0.10902531085865519
FixedParameters: 0 0 0
#Transform 91
Transform: MatrixOffsetTransformBase_double_3_3
Parameters: 0.9999857360166893 -0.003005047049911321 0.004492980302262625 0.0030289265700481132 0.9999820045418428 -0.005188201955376143 -0.004477454231177513 0.0052023058797414645 0.9999768377921473 0.4037735094554762 -0.10581142163994173 -0.14237707939308564
FixedParameters: 0 0 0
#Transform 92
Transform: MatrixOffsetTransformBase_double_3_3
Parameters: 0.9999826088423626 -0.002803926366845912 0.005253740635526555 0.002835778721656767 0.9999778842007231 -0.006062513574655981 -0.005236583387655848 0.0060766029212062644 0.9999678987601965 0.43419844089126514 -0.13437640965270248 -0.4565731758669358
FixedParameters: 0 0 0
#Transform 93
Transform: MatrixOffsetTransformBase_double_3_3
Parameters: 0.9999867722298077 -0.002826214925653856 0.004233149895099257 0.0028427752052032906 0.9999883444095115 -0.003852145513235733 -0.004222388256743231 0.003864211437116155 0.9999832946085776 0.3828135754635156 -0.10199298593363437 0.013619405726359446
FixedParameters: 0 0 0
#Transform 94
Transform: MatrixOffsetTransformBase_double_3_3
Parameters: 0.9999845726177343 -0.0026545307336629303 0.004814200858067892 0.002677732731186885 0.999985645925775 -0.004724670078459392 -0.004801737075493764 0.004737943243584786 0.9999775599036407 0.40144598241327856 -0.07264813240347223 -0.32567182012302
FixedParameters: 0 0 0
#Transform 95
Transform: MatrixOffsetTransformBase_double_3_3
Parameters: 0.9999834688730934 -0.002724618560839449 0.005095476826620232 0.002750300547450106 0.9999832668003628 -0.005101310642741302 -0.005080820122378024 0.005114945702621332 0.9999743107836018 0.41073047096249127 -0.1429019340014719 -0.3048799525142982
FixedParameters: 0 0 0
#Transform 96
Transform: MatrixOffsetTransformBase_double_3_3
Parameters: 0.9999856729284071 -0.0033061206406976833 0.004144215185039879 0.0033232158863163146 0.9999867960896778 -0.0039057388248268654 -0.0041314002033234765 0.003919778663302759 0.9999836936631847 0.4028545460204782 -0.12137177329739757 -0.017682004681986996
FixedParameters: 0 0 0
#Transform 97
Transform: MatrixOffsetTransformBase_double_3_3
Parameters: 0.9999818365741652 -0.002940837947903226 0.005246443308150932 0.002969142264904922 0.9999804071800271 -0.005428998824667103 -0.005230407731572878 0.005444632701526314 0.9999712899600647 0.4338889929938716 -0.03540772305514395 -0.47553475999241357
FixedParameters: 0 0 0
#Transform 98
Transform: MatrixOffsetTransformBase_double_3_3
Parameters: 0.9999872413168706 -0.0030095963767262364 0.004175310613794961 0.0030256273489014125 0.9999872715015519 -0.003975909732058358 -0.004163129670697818 0.003988831301727613 0.9999827909608912 0.3995390998209274 -0.11546615345206135 -0.051187489199421066
FixedParameters: 0 0 0
#Transform 99
Transform: MatrixOffsetTransformBase_double_3_3
Parameters: 0.9999801306833935 -0.0032160920920290613 0.005356783539707206 0.0032471295374584437 0.9999783216414618 -0.005789875833353358 -0.0053382993431433795 0.005806773462286197 0.9999692249488761 0.4533352566008091 -0.10558875114973887 -0.4062351114569651
FixedParameters: 0 0 0
#Transform 100
Transform: MatrixOffsetTransformBase_double_3_3
Parameters: 0.9999783562047331 -0.0030629158016050283 0.005858123098320317 0.003094444450498471 0.9999816297724836 -0.00530125928705108 -0.00584214675274318 0.005319514900823774 0.9999692063967968 0.46040830388882625 -0.16684508783275476 -0.24027190669113452
FixedParameters: 0 0 0
#Transform 101
Transform: MatrixOffsetTransformBase_double_3_3
Parameters: 0.9999854935075685 -0.0032295197965866544 0.004336386679007355 0.003245317758796655 0.9999879485937226 -0.003672557105500851 -0.004324467054065723 0.0036864861595788667 0.9999840122921219 0.4231277486774019 -0.09961783955010617 -0.061976925857223364
FixedParameters: 0 0 0
#Transform 102
Transform: MatrixOffsetTransformBase_double_3_3
Parameters: 0.9999812815196641 -0.0032814101441073244 0.005185665119907139 0.0033046282056699537 0.9999843301435745 -0.00449135737480158 -0.005171236673935861 0.004507933759038407 0.9999765724241215 0.45772584152602747 -0.017376172812376467 -0.4904772585147583
FixedParameters: 0 0 0
#Transform 103
Transform: MatrixOffsetTransformBase_double_3_3
Parameters: 0.9999869388725194 -0.003672149029931652 0.0034828825355067497 0.003681035936892272 0.9999900781659219 -0.0023950702102862875 -0.0034747500211658455 0.002408761424129241 0.9999912050425469 0.4101253622164478 -0.03498588988135509 0.06101580363619519
FixedParameters: 0 0 0
#Transform 104
Transform: MatrixOffsetTransformBase_double_3_3
Parameters: 0.9999811882299742 -0.004383046979834003 0.00421637994804791 0.004385449996536809 0.9999898456444382 -0.0005652718857210304 -0.004213868569675351 0.0005833765328921159 0.999991327907815 0.44928919165269576 -0.0310818815576539 0.07250262666541119
FixedParameters: 0 0 0
#Transform 105
Transform: MatrixOffsetTransformBase_double_3_3
Parameters: 0.999972972838576 -0.004058780655480877 0.006194021766095105 0.004078643252138094 0.9999866260198601 -0.003175119419583261 -0.0061807682212204895 0.003200446623859876 0.999975398545724 0.4956117054724558 -0.04631502167835322 -0.231268385112827
FixedParameters: 0 0 0
#Transform 106
Transform: MatrixOffsetTransformBase_double_3_3
Parameters: 0.9999790637842327 -0.004551876703262127 0.00466479237581937 0.004561348288765188 0.999987291242043 -0.0019984083669827013 -0.004655182925948194 0.0020199770149819662 0.9999876137883519 0.505328895444805 -0.0706247974701455 0.08455791867430662
FixedParameters: 0 0 0
#Transform 107
Transform: MatrixOffsetTransformBase_double_3_3
Parameters: 0.9999755398865678 -0.005169371666768355 0.0047582512732091894 0.005182881515705313 0.9999824881298062 -0.0028894648852022253 -0.004743159876400768 0.0029144245021283655 0.9999844047781279 0.5150327833137283 0.01697831914135861 -0.0918345052308922
FixedParameters: 0 0 0
#Transform 108
Transform: MatrixOffsetTransformBase_double_3_3
Parameters: 0.999970866762037 -0.003937010456702267 0.006515198386263313 0.003958911683850571 0.9999870333588153 -0.0032481662731897176 -0.006502207566360468 0.003274353152824483 0.9999739266534562 0.54136727791645 -0.05821860797746581 -0.210444827320174
FixedParameters: 0 0 0
#Transform 109
Transform: MatrixOffsetTransformBase_double_3_3
Parameters: 0.9999784507412213 -0.004613239235787906 0.004698460541969561 0.0046266780792625995 0.9999851850422912 -0.002905982644000965 -0.004684781883926251 0.0029278858792739226 0.9999846352083022 0.5043602648470511 -0.017117206133448803 -0.03870549852014449
FixedParameters: 0 0 0
#Transform 110
Transform: MatrixOffsetTransformBase_double_3_3
Parameters: 0.999966545837821 -0.004256193070268425 0.0069433677194945115 0.0042784890667844095 0.9999856091364155 -0.003280836461373615 -0.006928389866633619 0.0033108252255122927 0.9999704837599748 0.5751731117353955 -0.052770289194199904 -0.2914532987452816
FixedParameters: 0 0 0
#Transform 111
Transform: MatrixOffsetTransformBase_double_3_3
Parameters: 0.999980017492564 -0.004111512733718548 0.004767932625601851 0.004123088429619149 0.9999878542864031 -0.00252737970987596 -0.004757593106450679 0.00254703191341879 0.9999849801371723 0.4857632425239302 -0.0657479577197222 0.025078659294237582
FixedParameters: 0 0 0
#Transform 112
Transform: MatrixOffsetTransformBase_double_3_3
Parameters: 0.9999662419075664 -0.004701389777255261 0.006753730390928685 0.0047234234703709375 0.999983686542999 -0.003216561710169874 -0.0067383729117461155 0.0032479848368501263 0.9999717413283975 0.5933462340838389 -0.00598945981151644 -0.2566226945648964
FixedParameters: 0 0 0
#Transform 113
Transform: MatrixOffsetTransformBase_double_3_3
Parameters: 0.9999651232226485 -0.004544359646427187 0.007032195354772369 0.004573897661538246 0.9999810318194471 -0.004170283894389504 -0.007013591235352799 0.004202567621959835 0.9999665754610118 0.5965268419145815 -0.11675167922031449 -0.28376209181108436
FixedParameters: 0 0 0
#Transform 114
Transform: MatrixOffsetTransformBase_double_3_3
Parameters: 0.9999778465882482 -0.004665312591816282 0.004793427896158227 0.004675695486044269 0.9999868836950543 -0.002046692376046988 -0.004783794648319566 0.0020692746175016152 0.9999863091019268 0.4934031532056906 -0.07753462180859572 0.024670048995545812
FixedParameters: 0 0 0
#Transform 115
Transform: MatrixOffsetTransformBase_double_3_3
