#Insight Transform File V1.0
#Transform 0
Transform: MatrixOffsetTransformBase_double_3_3
Parameters: 0.9999979078623964 0.0011219398699684364 0.0019445053687305522 -0.0011197029511465428 0.9999982735114848 -0.00132926864513902 -0.0019460659637181368 0.0013272445798983012 0.9999972093231858 0.3626874044607291 -0.09304276370312436 0.02164227952523845
FixedParameters: 0 0 0
#Transform 1
Transform: MatrixOffsetTransformBase_double_3_3
Parameters: 0.9999947476512047 0.0012231841462164144 0.00294255635171186 -0.0012172734920162147 0.9999968944527807 -0.0019891109522841843 -0.002944791320341464 0.0019849549523989485 0.9999941528491678 0.3889186527667192 -0.04599557443698643 -0.10053015695154954
FixedParameters: 0 0 0
#Transform 2
Transform: MatrixOffsetTransformBase_double_3_3
Parameters: 0.9999962680484725 0.0008421823818869998 0.002444541273520562 -0.0008387533223197961 0.9999986658975499 -0.0017115734433132412 -0.002445926753287378 0.0017099746221403422 0.9999958414137585 0.38093681345378627 -0.11429168240962895 -0.08223810872233628
FixedParameters: 0 0 0
#Transform 3
Transform: MatrixOffsetTransformBase_double_3_3
Parameters: 0.9999977743681718 0.0007222979803974457 0.002157583888471898 -0.0007182630540183543 0.9999982653768904 -0.001835234539966868 -0.0021587800432191773 0.0018334516970305303 0.9999958774850864 0.36966581962157363 -0.09272127611792769 0.028600309187439166
FixedParameters: 0 0 0
#Transform 4
Transform: MatrixOffsetTransformBase_double_3_3
Parameters: 0.9999946705894006 0.0013215292539514424 0.0029124505864615777 -0.0013160737465687843 0.9999969638343021 -0.001937724715765865 -0.0029148322697788442 0.001933752201222383 0.9999934142076303 0.36871162183304307 -0.06205659998806823 -0.049839284555645236
FixedParameters: 0 0 0
#Transform 5
Transform: MatrixOffsetTransformBase_double_3_3
Parameters: 0.9999944818833317 0.0014348633352498537 0.0030591462507712636 -0.0014303240659673212 0.9999976592659194 -0.0017036181331543387 -0.003061290706107299 0.001699798423887261 0.9999942326310165 0.3759902989114039 -0.07654184951030629 -0.1013411972647873
FixedParameters: 0 0 0
#Transform 6
Transform: MatrixOffsetTransformBase_double_3_3
Parameters: 0.9999965346760441 0.0005981305138603446 0.002666243652789037 -0.0005941740357412366 0.9999979982130559 -0.0016817746125296629 -0.002667647447077953 0.0016804088525113614 0.9999948789304105 0.3886054921225792 -0.10022386030459529 0.07083450305898964
FixedParameters: 0 0 0
#Transform 7
Transform: MatrixOffsetTransformBase_double_3_3
Parameters: 0.9999961970735499 0.0008544825538950819 0.0026506865010787334 -0.0008483073358757911 0.9999972030462273 -0.0020962205382957233 -0.0026527642390628756 0.002094492661895986 0.9999943057203126 0.3819777555538906 -0.03507513337737578 -0.005311402201016335
FixedParameters: 0 0 0
#Transform 8
Transform: MatrixOffsetTransformBase_double_3_3
Parameters: 0.9999948245792746 0.0006862016850715143 0.003115389748869525 -0.000682761665177666 0.9999988919996303 -0.0013570338632210577 -0.003116645409527656 0.0013548581962806727 0.9999942500134147 0.38337975370906463 -0.03295776583553334 -0.07077695452356636
FixedParameters: 0 0 0
#Transform 9
Transform: MatrixOffsetTransformBase_double_3_3
Parameters: 0.9999959354770056 0.0005919170739952977 0.002591456963248001 -0.0005892676181737085 0.9999991627134518 -0.0012875557090580858 -0.002592515525471871 0.0012860819581523297 0.9999954555742443 0.37044524904169407 -0.08057209559765965 0.022071035405986095
FixedParameters: 0 0 0
#Transform 10
Transform: MatrixOffsetTransformBase_double_3_3
Parameters: 0.9999959961132762 0.0007236148704683233 0.0027262293689232775 -0.0007197337856575834 0.9999986399391733 -0.0014247865827407002 -0.002726838019121318 0.001422729392433486 0.9999954001267203 0.3769204689334913 -0.02776504574794103 0.03213559899420204
FixedParameters: 0 0 0
#Transform 11
Transform: MatrixOffsetTransformBase_double_3_3
Parameters: 0.9999948546616214 0.0008931064067295227 0.0030494388479319137 -0.0008873597393931152 0.9999984669550839 -0.0017503283080773924 -0.0030509601764390146 0.001747685722354314 0.9999933677681914 0.3659116001154814 -0.02538700644007008 -0.07518845111434302
FixedParameters: 0 0 0
#Transform 12
Transform: MatrixOffsetTransformBase_double_3_3
Parameters: 0.999996304248962 0.0008088821666554363 0.0026444378290393575 -0.0008055897649346085 0.9999988076270396 -0.0013668786780760833 -0.0026451899066247467 0.0013654467185669206 0.9999958619511475 0.34782156643989026 -0.06142264769823669 0.0062050560780448905
FixedParameters: 0 0 0
#Transform 13
Transform: MatrixOffsetTransformBase_double_3_3
Parameters: 0.9999953097205813 0.0005645431097131221 0.002885216864757359 -0.0005606719252484347 0.9999989517304296 -0.0013359927293775942 -0.002885279727808776 0.0013336644855939939 0.9999948925816844 0.37028789188508426 -0.05654778378213621 0.039426444127585114
FixedParameters: 0 0 0
#Transform 14
Transform: MatrixOffsetTransformBase_double_3_3
Parameters: 0.9999931458900378 0.0013509649027822236 0.003453932817070418 -0.0013451461098014632 0.9999979449893851 -0.0016945510881514747 -0.0034557647458258525 0.0016904608147494393 0.9999926733757041 0.37024708343351165 -0.013240453564577592 -0.06832887713032676
FixedParameters: 0 0 0
#Transform 15
Transform: MatrixOffsetTransformBase_double_3_3
Parameters: 0.999992874119151 0.0010952916274680653 0.003588510874557929 -0.0010902409327771733 0.999998370128243 -0.001398169198834176 -0.0035899631057959916 0.0013949008555624032 0.999992701489268 0.3673626954575582 -0.05275485362302845 -0.1042423654469502
FixedParameters: 0 0 0
#Transform 16
Transform: MatrixOffsetTransformBase_double_3_3
Parameters: 0.999996815410232 0.0005672801288057194 0.002610187497800981 -0.0005641325003251842 0.999999407404536 -0.0011458494345213677 -0.002610080208363709 0.0011435891358618777 0.9999958907442839 0.36462025291584155 -0.07701708733611667 0.016461268528288997
FixedParameters: 0 0 0
#Transform 17
Transform: MatrixOffsetTransformBase_double_3_3
Parameters: 0.9999938607806489 0.0008590959502308045 0.0033766169862512324 -0.0008541967266319913 0.9999984481939506 -0.0014757806348651425 -0.003378535524020239 0.001473319764107528 0.9999930585934235 0.3798351582296817 -0.011996516282493985 -0.1163816302463232
FixedParameters: 0 0 0
#Transform 18
Transform: MatrixOffsetTransformBase_double_3_3
Parameters: 0.9999856154094343 0.001350012899937538 0.005153510269420694 -0.0013444537936193367 0.9999987463563933 -0.00103763540706589 -0.005155578299544092 0.0010299650804792004 0.9999857315373 0.4313843917699245 -0.05749485083984496 -0.2448084735635092
FixedParameters: 0 0 0
#Transform 19
Transform: MatrixOffsetTransformBase_double_3_3
Parameters: 0.9999959528027765 0.000342347107139122 0.0026329605197854405 -0.0003398782590113532 0.9999998494209728 -0.0010354388729466868 -0.0026333515262028234 0.0010343202824264208 0.9999959560493112 0.37056872624791026 -0.06094201107366359 -0.015444811110015166
FixedParameters: 0 0 0
#Transform 20
Transform: MatrixOffsetTransformBase_double_3_3
Parameters: 0.9999921343331202 0.0009698372386496889 0.0037316913547692995 -0.0009651661894437454 0.9999990749816156 -0.001173053007905378 -0.0037334891371354345 0.0011694821411215306 0.9999923102226568 0.37363907196413493 -0.030475298227571557 -0.1364184567056128
FixedParameters: 0 0 0
#Transform 21
Transform: MatrixOffsetTransformBase_double_3_3
Parameters: 0.9999947833590573 0.0006809103623635869 0.003123239836707134 -0.0006761446340949155 0.9999990777768694 -0.0012414299272625884 -0.0031246074755495734 0.0012384203942616134 0.9999946253627583 0.34940674247420134 -0.057470610982875314 -0.07065969987431231
FixedParameters: 0 0 0
#Transform 22
Transform: MatrixOffsetTransformBase_double_3_3
Parameters: 0.9999963972037912 0.00038318463997008556 0.0025413244506149874 -0.0003805590183474754 0.9999990921986971 -0.000908930322568946 -0.0025418424411355334 0.0009079928347176247 0.9999966490183765 0.36434755908169336 -0.035287236619510054 0.017221083373925694
FixedParameters: 0 0 0
#Transform 23
Transform: MatrixOffsetTransformBase_double_3_3
Parameters: 0.9999931149935587 0.0008153910614619123 0.0034889249970596406 -0.0008108359042458511 0.9999987335934344 -0.0013524911116543081 -0.0034895362783963144 0.0013491971512486767 0.9999928299614257 0.3980754860380955 0.0019373897820003094 -0.08180609883842749
FixedParameters: 0 0 0
#Transform 24
Transform: MatrixOffsetTransformBase_double_3_3
Parameters: 0.9999946649144764 0.0005783764790757671 0.0033166396480955943 -0.0005749092056361324 0.9999996044504565 -0.0011274934904008105 -0.0033173750858119175 0.0011258086393924616 0.9999935217643777 0.36947330033810033 -0.016579553994120033 -0.11398106746075598
FixedParameters: 0 0 0
#Transform 25
Transform: MatrixOffsetTransformBase_double_3_3
Parameters: 0.9999967657205893 0.00018757476278257867 0.002683217217263202 -0.0001856343502807823 0.9999991852314605 -0.0009144498377987587 -0.0026831409694323405 0.0009144030136873371 0.9999959081286997 0.3721679909161111 -0.030424905668056113 0.02029473252954972
FixedParameters: 0 0 0
#Transform 26
Transform: MatrixOffsetTransformBase_double_3_3
Parameters: 0.9999963737637501 0.0003706298386629723 0.0027370287939038063 -0.0003673025058533201 0.9999991361099657 -0.0013335156932973435 -0.0027375582393292935 0.0013323997591359882 0.9999956787171185 0.3578033968898353 -0.006320011964348282 -0.0601711142951018
FixedParameters: 0 0 0
#Transform 27
Transform: MatrixOffsetTransformBase_double_3_3
Parameters: 0.999993815397076 0.00040458725016289786 0.003467497600590702 -0.0004006853230815975 0.9999995163742927 -0.00112878214450024 -0.0034679586908052742 0.0011264858073245787 0.9999937505195824 0.367771543891962 -0.016235587982478705 -0.08618139956895732
FixedParameters: 0 0 0
#Transform 28
Transform: MatrixOffsetTransformBase_double_3_3
Parameters: 0.9999961156785683 -0.0001054825509563418 0.0026316726891204983 0.00010720891710659219 0.9999993904637837 -0.0007227096309907755 -0.0026323352131901873 0.0007232989224026931 0.9999965708506268 0.3606974859214347 -0.033078444024923215 0.035117540462849206
FixedParameters: 0 0 0
#Transform 29
Transform: MatrixOffsetTransformBase_double_3_3
Parameters: 0.9999950546988544 0.00012493098234679732 0.003151712024285082 -0.00012054948843553178 0.9999991815839697 -0.0013170825830778332 -0.0031515883084170387 0.0013165290554067177 0.9999943997703296 0.37880598442529845 -0.007503129772203465 -0.06728349775141851
FixedParameters: 0 0 0
#Transform 30
Transform: MatrixOffsetTransformBase_double_3_3
Parameters: 0.9999929789837299 0.0003884042039469359 0.0037242961439004213 -0.000385854755829476 0.9999996023726264 -0.0006083097822780492 -0.003724488380364578 0.0006072585091941585 0.9999926377957734 0.3866015149283015 -0.03312278304174754 -0.16292491294561273
FixedParameters: 0 0 0
#Transform 31
Transform: MatrixOffsetTransformBase_double_3_3
Parameters: 0.9999938573777475 -0.00023780102394523918 0.003476797910291901 0.00024198659707947573 0.999999714389509 -0.001013452122955949 -0.0034759083560086113 0.001014430875272948 0.9999930868158852 0.38961397801767816 -0.043552737215165394 -0.08832829361372774
FixedParameters: 0 0 0
#Transform 32
Transform: MatrixOffsetTransformBase_double_3_3
Parameters: 0.9999944403515229 0.00016061065466945607 0.0032535488637136234 -0.00015858825472943837 0.9999993188264358 -0.0007824940393492408 -0.003254475683223526 0.000781987031311826 0.9999947888289684 0.3994041703082445 -0.012769529233125354 -0.0843814658538804
FixedParameters: 0 0 0
#Transform 33
Transform: MatrixOffsetTransformBase_double_3_3
Parameters: 0.9999870473533045 0.0007712828221430766 0.005035608958971781 -0.0007681631565163698 0.999999268531972 -0.0007092845075907517 -0.005036134333585955 0.0007058806315958233 0.9999867774581034 0.4327118633718925 -0.01502581847590534 -0.2383500742199942
FixedParameters: 0 0 0
#Transform 34
Transform: MatrixOffsetTransformBase_double_3_3
Parameters: 0.9999931761127422 0.00021614316576515358 0.0035749529465366123 -0.00021302534342592348 0.9999992151512725 -0.0008461847022758484 -0.003575008156783528 0.0008454723866800906 0.9999935247239391 0.3925989181683178 -0.022353129603501998 -0.08469074067153315
FixedParameters: 0 0 0
#Transform 35
Transform: MatrixOffsetTransformBase_double_3_3
Parameters: 0.9999947269217891 -0.00042441296377043053 0.0031849748208098716 0.00042695752595667876 0.9999997161280509 -0.0008624241510458985 -0.003184829317815753 0.0008631963688696398 0.9999944183857606 0.3971574115290082 -0.0005833260656515904 -0.04500418394179917
FixedParameters: 0 0 0
#Transform 36
Transform: MatrixOffsetTransformBase_double_3_3
Parameters: 0.9999921435815831 -0.00008644407983386931 0.003981295496897359 0.00008856056021510055 0.9999993295414601 -0.0006191506172230354 -0.0039807913003616704 0.000619026288383423 0.999992047487414 0.4066251787753572 -0.00889465305091619 -0.0982470449698809
FixedParameters: 0 0 0
#Transform 37
Transform: MatrixOffsetTransformBase_double_3_3
Parameters: 0.9999928123226267 0.00036518205898842995 0.003880029356820143 -0.0003646981104038398 0.999999773582372 -0.00031146615259861066 -0.003879984950720186 0.00030978271584031214 0.9999928457562935 0.3931128241291333 0.02357296296355571 0.14310245162991464
FixedParameters: 0 0 0
#Transform 38
Transform: MatrixOffsetTransformBase_double_3_3
Parameters: 0.9999904883314417 0.0004045935582780375 0.004283441715403985 -0.0004032701097478088 0.9999998517655153 -0.0001494584441077973 -0.004283568897699409 0.0001475220793861476 0.9999905924564261 0.4074612659846508 -0.0176651132293415 0.18416951414792493
FixedParameters: 0 0 0
#Transform 39
Transform: MatrixOffsetTransformBase_double_3_3
Parameters: 0.9999924287686697 -0.0008433598369948303 0.0038614534803390263 0.0008462037999001932 0.9999989387357494 -0.0008618364240453591 -0.003860356508512533 0.0008650035762411135 0.9999919008878014 0.4449229302884419 0.0669875947477152 0.007631724352066271
FixedParameters: 0 0 0
#Transform 40
Transform: MatrixOffsetTransformBase_double_3_3
Parameters: 0.9999918343955855 -0.000945748587929225 0.004033314665552588 0.0009453346544626593 0.9999995250631796 -0.0000336758629433942 -0.004032938718722269 0.00003811122608868289 0.9999913174901398 0.434971332748205 -0.02837072962798004 0.11722374627235865
FixedParameters: 0 0 0
#Transform 41
Transform: MatrixOffsetTransformBase_double_3_3
Parameters: 0.999993164222567 -0.0008424679414285744 0.003629639939880386 0.0008447365885068158 0.999999359898082 -0.000565456998035091 -0.0036293238923048726 0.0005680482021521438 0.9999930637538831 0.41537532812742484 0.036026035323843075 -0.006697508061080271
FixedParameters: 0 0 0
#Transform 42
Transform: MatrixOffsetTransformBase_double_3_3
Parameters: 0.999991877015065 -0.0007901650375661852 0.0040679036035196625 0.0007935582534626387 0.9999992114074223 -0.0007638049965919824 -0.0040671922500544536 0.0007672165904063777 0.9999913954356232 0.42973901099567513 -0.016076928094975074 -0.03773520947100906
FixedParameters: 0 0 0
#Transform 43
Transform: MatrixOffsetTransformBase_double_3_3
Parameters: 0.9999930825141725 -0.0010911918876586194 0.0034315633534940243 0.0010935564595054873 0.9999988037080565 -0.0006116356368230935 -0.003430863232160117 0.0006153235121433009 0.9999934279377118 0.41392618790617064 -0.01739882279412086 0.04947303980118534
FixedParameters: 0 0 0
#Transform 44
Transform: MatrixOffsetTransformBase_double_3_3
Parameters: 0.9999925521339765 -0.000544445935667567 0.00389243289669685 0.0005464517548363131 1.0000000196825631 -0.00048256463861626187 -0.003891553433577777 0.0004845280780208516 0.9999920701776478 0.4068439313421095 -0.027392500658706354 -0.07907552297385223
FixedParameters: 0 0 0
#Transform 45
Transform: MatrixOffsetTransformBase_double_3_3
Parameters: 0.9999923884717695 -0.0008013015734185417 0.0038690319796504183 0.0008028130644808706 0.9999995968826151 -0.00041447426396257203 -0.0038680199968988208 0.00041743763868565265 0.9999924509114967 0.40533740773811644 -0.05195508264223747 0.090942010675235
FixedParameters: 0 0 0
#Transform 46
Transform: MatrixOffsetTransformBase_double_3_3
Parameters: 0.9999937168169466 -0.0006202928612445216 0.003449847186944917 0.0006221748548553788 0.9999996853791681 -0.0006722724495764609 -0.0034486222359149735 0.0006739491257455876 0.9999941252714483 0.3910499088491832 -0.0009199337478378311 -0.029129201549281447
FixedParameters: 0 0 0
#Transform 47
Transform: MatrixOffsetTransformBase_double_3_3
Parameters: 0.9999916878498619 -0.000800626288183945 0.003965190817191336 0.0008031827774346075 0.9999993167447778 -0.0006799609789940597 -0.00396470113028341 0.0006832889769936845 0.9999923383531891 0.39574655927384583 -0.024881680768075398 -0.05037836172034815
FixedParameters: 0 0 0
#Transform 48
Transform: MatrixOffsetTransformBase_double_3_3
Parameters: 0.9999925178347798 -0.0005392163457196252 0.00389756231142261 0.0005398556260161076 1.000000165312594 -0.0003066154408032651 -0.003896878451610901 0.00030853849406492495 0.9999921686775138 0.3865260051992436 -0.015557640572595233 0.05356886168677022
FixedParameters: 0 0 0
#Transform 49
Transform: MatrixOffsetTransformBase_double_3_3
Parameters: 0.9999933509832261 -0.0008281849089104808 0.0036069458226253293 0.0008288377174337225 0.9999996697257068 -0.00020796150081950349 -0.0036073785148438425 0.0002104559863598532 0.9999934955700445 0.3931431760085786 0.010255272543375327 0.04417010098988783
FixedParameters: 0 0 0
#Transform 50
Transform: MatrixOffsetTransformBase_double_3_3
Parameters: 0.9999946398366111 -0.000886458323859772 0.0032518225129648665 0.0008871420218113388 0.9999995847478962 -0.0003740449849204408 -0.0032508045433840282 0.0003769771871166838 0.9999947784351062 0.3826582991964216 0.010539713196735079 -0.035605882252312426
FixedParameters: 0 0 0
#Transform 51
Transform: MatrixOffsetTransformBase_double_3_3
Parameters: 0.999993285539484 -0.0007049845646397122 0.00349564631158647 0.0007049100939038946 0.9999999755881603 -0.0002417196009019129 -0.0034950543848309285 0.00024408860822464074 0.9999941919383984 0.3924613158372523 0.001633146945167141 -0.0327639406914102
FixedParameters: 0 0 0
#Transform 52
Transform: MatrixOffsetTransformBase_double_3_3
Parameters: 0.9999931423982695 -0.0009165245678971635 0.0036074145637256944 0.0009148831431037025 0.9999994150399945 0.000403711581488414 -0.0036082237419320026 -0.0004004729376541061 0.9999934093633573 0.3983281886536503 -0.009840060660522454 0.13605002775592823
FixedParameters: 0 0 0
#Transform 53
Transform: MatrixOffsetTransformBase_double_3_3
Parameters: 0.9999932917320781 -0.0008328888756754891 0.0034658100931868052 0.0008324639505538989 0.9999996852307218 0.00010143948885626974 -0.003465910903777729 -0.0000993621733243466 0.9999935917043913 0.39801646751848807 0.015178455642555377 -0.04109002937069306
FixedParameters: 0 0 0
#Transform 54
Transform: MatrixOffsetTransformBase_double_3_3
Parameters: 0.999994940824599 -0.0007563554844036797 0.003079693410906248 0.0007574885186550665 1.0000000474083097 -0.00015531576133623326 -0.0030793754715442226 0.00015792685812265894 0.9999948497200508 0.3734581656450615 -0.01706800867894742 -0.007499541889259831
FixedParameters: 0 0 0
#Transform 55
Transform: MatrixOffsetTransformBase_double_3_3
Parameters: 0.9999942404975877 -0.0010844040745412132 0.003252576774996546 0.0010842201305738012 0.9999991708204535 0.00022364554060042008 -0.003253130862282086 -0.0002202360718723817 0.9999949765256914 0.395794779891105 -0.01728372739771089 0.08278249825458772
FixedParameters: 0 0 0
#Transform 56
Transform: MatrixOffsetTransformBase_double_3_3
Parameters: 0.9999939402018206 -0.0008837448790955781 0.003213802225977433 0.0008841835060243207 0.9999996920534997 -0.000210264362075413 -0.0032143025825374927 0.00021314703840513705 0.999995054987683 0.3924016905232719 0.013188247015051502 -0.04812976245381151
FixedParameters: 0 0 0
#Transform 57
Transform: MatrixOffsetTransformBase_double_3_3
Parameters: 0.999991660604989 -0.0007546222104201699 0.003970635385590705 0.0007538949197886807 0.9999998031356035 0.000251674390401746 -0.003971085636641079 -0.00024877701991257717 0.9999917376055918 0.40269081940573415 -0.017622114636893116 -0.1213730224354066
FixedParameters: 0 0 0
#Transform 58
Transform: MatrixOffsetTransformBase_double_3_3
Parameters: 0.999995789842486 -0.0007629574313592798 0.002936904101071218 0.0007624986346081381 0.9999999119590154 0.00011624599760284848 -0.002937006693628008 -0.00011477651439167902 0.999995856562613 0.38701637919231757 -0.012063075948503865 0.02700807232099578
FixedParameters: 0 0 0
#Transform 59
Transform: MatrixOffsetTransformBase_double_3_3
Parameters: 0.9999915035393502 -0.0006521332939069197 0.004008849010527039 0.0006513237299470877 1.0000001439160486 0.00012823083692989345 -0.004009042881151635 -0.00012491277546428092 0.999992327572831 0.40718219672281464 0.01847777444048404 -0.11919093707567185
FixedParameters: 0 0 0
#Transform 60
Transform: MatrixOffsetTransformBase_double_3_3
Parameters: 0.9999917321590028 -0.0007430978643454709 0.003963632379060916 0.0007413199127903744 0.9999996329644188 0.0005093253080577786 -0.003964598277643699 -0.0005064838313847686 0.999991588620806 0.3980592973161521 0.011116446300405869 -0.05358170040430821
FixedParameters: 0 0 0
#Transform 61
Transform: MatrixOffsetTransformBase_double_3_3
Parameters: 0.9999953929285124 -0.0009204623264296137 0.002785160484277578 0.0009192075720116785 0.9999995714817957 0.0002655977684729305 -0.0027855737926048563 -0.0002637603192402749 0.9999956867013071 0.3917378518205368 0.04037258475229066 0.003213390122226656
FixedParameters: 0 0 0
#Transform 62
Transform: MatrixOffsetTransformBase_double_3_3
Parameters: 0.9999899721898878 -0.0006241003203573932 0.004425566396860314 0.0006219309126723914 0.99999968462804 0.0005216761088729371 -0.004425449383028815 -0.0005195982976915481 0.9999898543086501 0.43844840181743905 0.03436733069189302 -0.1861388056217237
FixedParameters: 0 0 0
#Transform 63
Transform: MatrixOffsetTransformBase_double_3_3
Parameters: 0.9999914236230227 -0.0007305360543610542 0.003998978036794429 0.0007275926815594105 0.9999994888264507 0.0006662321849448538 -0.003999276784681809 -0.0006631543235148529 0.9999921546623838 0.4057128477186325 -0.0025360285716544695 -0.10887187773046492
FixedParameters: 0 0 0
#Transform 64
Transform: MatrixOffsetTransformBase_double_3_3
Parameters: 0.9999948844258771 -0.0009657922156587053 0.003182324352397868 0.0009628672153705643 0.9999996356506771 0.0009834454046731556 -0.0031835768955907617 -0.0009801535518626225 0.9999944297885585 0.4024596347248064 0.01918883052798037 -0.018892411820687016
FixedParameters: 0 0 0
#Transform 65
Transform: MatrixOffsetTransformBase_double_3_3
Parameters: 0.9999935734955715 -0.0007603874714923412 0.0035702025353092845 0.0007556679119759746 0.999999357263208 0.001284005797519 -0.0035707624904432744 -0.0012808243606527436 0.9999931340650049 0.4136593705189142 0.016989088074396363 -0.12144112198518542
FixedParameters: 0 0 0
#Transform 66
Transform: MatrixOffsetTransformBase_double_3_3
Parameters: 0.9999886380007368 -0.0005801067728324494 0.004787699922929371 0.0005732289017878105 0.9999988302398071 0.0015036475255705561 -0.004788480171571033 -0.0015007471339056888 0.9999875015579425 0.4403877037596544 0.022060949218683845 -0.23165233321613243
FixedParameters: 0 0 0
#Transform 67
Transform: MatrixOffsetTransformBase_double_3_3
Parameters: 0.9999922897224747 -0.0009455331407492067 0.00383553637975393 0.0009411684691301879 0.9999990591402572 0.0011642247019140184 -0.0038362576975408194 -0.0011611381052157865 0.9999917393059472 0.39937010548828766 0.020686267795881008 -0.056005236198146235
FixedParameters: 0 0 0
#Transform 68
Transform: MatrixOffsetTransformBase_double_3_3
Parameters: 0.9999936478570299 -0.0012684284933228056 0.0032615544413697115 0.001264027029728075 0.9999981602524837 0.001222940585201504 -0.0032630355567023275 -0.0012194313758685793 0.9999937173927433 0.3935684354148634 0.027064766812983976 -0.021071543411196103
FixedParameters: 0 0 0
#Transform 69
Transform: MatrixOffsetTransformBase_double_3_3
Parameters: 0.9999872209921666 -0.0005037139613234291 0.00503739932509991 0.000491304646769399 0.9999975557998234 0.002381558666237349 -0.005038592086032002 -0.0023786795841103936 0.9999846349580078 0.44281433616833965 0.08199335993992918 -0.33514573033210127
FixedParameters: 0 0 0
#Transform 70
Transform: MatrixOffsetTransformBase_double_3_3
Parameters: 0.9999940723855791 -0.0012433301104350881 0.0031978904429821875 0.001239140808692538 0.99999835517261 0.0015425282559143327 -0.003199500066735944 -0.001539226834874341 0.9999942791318187 0.38283068524297903 -0.005282096255086799 0.007628172004530143
FixedParameters: 0 0 0
#Transform 71
Transform: MatrixOffsetTransformBase_double_3_3
Parameters: 0.9999935441190575 -0.0014470713030707476 0.003194597544128 0.0014417228619064398 0.9999972132988205 0.0017258240029321692 -0.0031973609127261826 -0.0017212307040548047 0.9999937002386152 0.3856145561358062 0.08029707500499228 -0.056487909974521244
FixedParameters: 0 0 0
#Transform 72
Transform: MatrixOffsetTransformBase_double_3_3
Parameters: 0.9999919759736441 -0.0006172202952907909 0.0040611760954426465 0.0006057748226275615 0.9999961736803267 0.002826366576886702 -0.0040635508662418204 -0.0028236770328999294 0.9999881351244839 0.3882387467325543 0.08588463684100134 -0.18682118991114294
FixedParameters: 0 0 0
#Transform 73
Transform: MatrixOffsetTransformBase_double_3_3
Parameters: 0.9999938577227236 -0.0011315207595981834 0.0032723529063117054 0.0011248050827366123 0.99999686113615 0.0020418204515131044 -0.0032749825806519944 -0.0020387481546820796 0.999992976193936 0.3843425339425295 0.024224963088883555 0.010481047080119765
FixedParameters: 0 0 0
#Transform 74
Transform: MatrixOffsetTransformBase_double_3_3
Parameters: 0.9999951163908498 -0.0010120717012532462 0.002959120713621706 0.0010059870080450627 0.9999977560686026 0.0019433962919871983 -0.0029618967611701047 -0.001940156349512362 0.9999940209544769 0.37053538151343446 0.10133909936081409 -0.061449601273650956
FixedParameters: 0 0 0
#Transform 75
Transform: MatrixOffsetTransformBase_double_3_3
Parameters: 0.9999910249843778 -0.0005604658763274546 0.004297004190940472 0.000545463970002831 0.999994179026299 0.003329823819681471 -0.004299000879205914 -0.003326960057433742 0.9999850819477901 0.40313589659861293 0.10212922565349913 -0.25560983215255817
FixedParameters: 0 0 0
#Transform 76
Transform: MatrixOffsetTransformBase_double_3_3
Parameters: 0.999995084259629 -0.0013246597054994112 0.0028295398897451862 0.0013204176268167339 0.9999981770213177 0.001568665090468796 -0.0028313225713672077 -0.001565183577886542 0.9999953072600651 0.3749179717769948 0.02050402049906097 0.06683432078976637
FixedParameters: 0 0 0
#Transform 77
Transform: MatrixOffsetTransformBase_double_3_3
Parameters: 0.9999945085080695 -0.0012854372600839851 0.002947024940141943 0.0012799764965486385 0.9999979756535249 0.001704668325983566 -0.002949023156085674 -0.0017001507425253581 0.9999940469722111 0.3652740083029187 0.10512095091269202 0.029199052104075918
FixedParameters: 0 0 0
#Transform 78
Transform: MatrixOffsetTransformBase_double_3_3
Parameters: 0.9999911255551948 -0.0007444276698065728 0.004137892102970969 0.0007316378014890794 0.9999945899689786 0.003071482332629244 -0.004140599289867167 -0.003067311861368105 0.9999870856166326 0.3895740199951234 0.12913579728282798 -0.16531698401749395
FixedParameters: 0 0 0
#Transform 79
Transform: MatrixOffsetTransformBase_double_3_3
Parameters: 0.9999947260375908 -0.0010371449852052059 0.003176732498797144 0.001031435633727847 0.999997843217605 0.0019095438516285312 -0.0031795726200567476 -0.0019056535648065698 0.999992811947036 0.368445211076434 0.035643982252139494 0.10140321749017289
FixedParameters: 0 0 0
#Transform 80
Transform: MatrixOffsetTransformBase_double_3_3
Parameters: 0.9999941975246558 -0.0012596906582776268 0.003163831761901506 0.0012529859659602717 0.9999973039783563 0.0021267216440083725 -0.0031661019040691366 -0.002122660376617763 0.9999922789344913 0.3738141709124534 0.11375317474774249 0.04411898975703821
FixedParameters: 0 0 0
#Transform 81
Transform: MatrixOffsetTransformBase_double_3_3
Parameters: 0.9999931371700951 -0.001162326506164357 0.0036410165494029575 0.0011527427929054297 0.999995660987668 0.002681482272949426 -0.003643701538279649 -0.0026781459720497947 0.9999896254852373 0.3788116526091727 0.05374510660413989 0.07095696790997863
FixedParameters: 0 0 0
#Transform 82
Transform: MatrixOffsetTransformBase_double_3_3
Parameters: 0.9999939416627838 -0.0012743343581634939 0.0033510754912443874 0.0012658989613224215 0.9999960254723296 0.00241174896408175 -0.003354368429672086 -0.00240652245175893 0.9999917169384177 0.3757582957979224 0.1009453637932296 -0.006505079608089659
FixedParameters: 0 0 0
#Transform 83
Transform: MatrixOffsetTransformBase_double_3_3
Parameters: 0.9999948713425599 -0.0017348435160686668 0.0028121968783165613 0.0017298324345391683 0.9999965264302738 0.001927102400835018 -0.002815562769868024 -0.0019225294299113627 0.9999943544754339 0.3908306793419598 0.13467164331461845 0.006562464418294667
FixedParameters: 0 0 0
#Transform 84
Transform: MatrixOffsetTransformBase_double_3_3
Parameters: 0.9999944104320954 -0.0014379001872155666 0.0030440472960268014 0.001429317186772171 0.9999950665452876 0.0027011513387665553 -0.003047973309335303 -0.0026962456632524945 0.9999912900488227 0.3673043245462111 0.058501812464143654 0.009975675934427386
FixedParameters: 0 0 0
#Transform 85
Transform: MatrixOffsetTransformBase_double_3_3
Parameters: 0.9999943213259072 -0.0016268721761440652 0.0029703483848923726 0.0016208828896542397 0.9999959963785784 0.0021530979505921255 -0.002974272034984772 -0.002148295743192502 0.9999934879641661 0.37405410354709545 0.04847725346954235 0.09094212595829276
FixedParameters: 0 0 0
#Transform 86
Transform: MatrixOffsetTransformBase_double_3_3
Parameters: 0.9999923451605807 -0.0014189003150157555 0.003645376990833289 0.0014063712796178194 0.9999928331446721 0.0035207680891969073 -0.003650552770153699 -0.0035153817857186964 0.9999874612534064 0.3935693878258064 0.13259414113079515 -0.13128549445141857
FixedParameters: 0 0 0
#Transform 87
Transform: MatrixOffsetTransformBase_double_3_3
Parameters: 0.9999927591465406 -0.0015639022395986897 0.003389503770912787 0.001554665199021677 0.9999954070074539 0.0027040958294257678 -0.003393285999167897 -0.0026992030589359506 0.9999903699470303 0.3773092924882775 0.06100905835226911 0.05862752829760609
FixedParameters: 0 0 0
#Transform 88
Transform: MatrixOffsetTransformBase_double_3_3
Parameters: 0.9999945328206473 -0.0016605794593075552 0.00290672947991015 0.001654171524821322 0.9999954324582477 0.0024656674482860796 -0.0029109879334363806 -0.0024610883358400504 0.9999924814106679 0.37063166201762954 0.136186888424632 0.04749120831165499
FixedParameters: 0 0 0
#Transform 89
Transform: MatrixOffsetTransformBase_double_3_3
Parameters: 0.9999943487395877 -0.00146865974664171 0.00318442733148306 0.0014569058374094748 0.9999919600555578 0.003751534015494856 -0.003190494215003045 -0.0037477309118391644 0.9999879721162185 0.3765215349568507 0.12790181982929028 -0.0764494368918065
FixedParameters: 0 0 0
#Transform 90
Transform: MatrixOffsetTransformBase_double_3_3
Parameters: 0.9999928405272382 -0.0014951797029323245 0.0034086232357900675 0.0014846559031655108 0.9999938376981156 0.00302005510375547 -0.0034132139896052363 -0.003015249567499434 0.9999894005885162 0.38067916302600224 0.10064507750858809 0.07137589081894191
FixedParameters: 0 0 0
#Transform 91
Transform: MatrixOffsetTransformBase_double_3_3
Parameters: 0.9999936503400514 -0.0019923805990987578 0.0030031621634457953 0.001983552718512944 0.9999940687452592 0.0028438920447475813 -0.0030085883648784187 -0.002838211190732548 0.9999911629465817 0.37058680268089006 0.13598776467583207 0.02309853982407617
FixedParameters: 0 0 0
#Transform 92
Transform: MatrixOffsetTransformBase_double_3_3
Parameters: 0.9999940367120442 -0.0019135756161764534 0.002981979286886413 0.0019040005900645878 0.9999925523950318 0.003330230041549309 -0.0029883019331926816 -0.0033237560426547796 0.9999901637859473 0.3906727014186657 0.15030693690694363 -0.05861375693197601
FixedParameters: 0 0 0
#Transform 93
Transform: MatrixOffsetTransformBase_double_3_3
Parameters: 0.9999913698919956 -0.0016796355230123579 0.003930549019892628 0.001667585347073424 0.9999937212471184 0.0030920669316090166 -0.003935683543754211 -0.0030848295456234465 0.9999872906981457 0.39398261297809256 0.0677469235689756 0.11951229516539286
FixedParameters: 0 0 0
#Transform 94
Transform: MatrixOffsetTransformBase_double_3_3
Parameters: 0.9999923079845918 -0.0019507988745224242 0.0033877187996259606 0.001939336680743713 0.9999928706092054 0.003371042631258536 -0.0033945953862886333 -0.003364642471930135 0.9999885698634603 0.39893491120287194 0.16725754420235717 0.01312932359894603
FixedParameters: 0 0 0
#Transform 95
Transform: MatrixOffsetTransformBase_double_3_3
Parameters: 0.9999910663056489 -0.0017128227483900185 0.0038138407096190916 0.0016980236804610225 0.9999904984690348 0.0039630510845442 -0.0038210002167544735 -0.003955783000338581 0.9999851183692366 0.4001673884487644 0.13771575319925944 -0.07471270907339544
FixedParameters: 0 0 0
#Transform 96
Transform: MatrixOffsetTransformBase_double_3_3
Parameters: 0.9999919913954928 -0.0020083269027770046 0.0035509884340634984 0.001998065618906769 0.9999936271193737 0.0030392949972489758 -0.0035577144225997157 -0.003032819440507706 0.9999886534572795 0.3856645891750503 0.09105613057302264 0.08062058252242821
FixedParameters: 0 0 0
#Transform 97
Transform: MatrixOffsetTransformBase_double_3_3
Parameters: 0.9999907441243683 -0.0019862583605417504 0.0037217707459369573 0.001974110210685942 0.9999929658074568 0.003320157203264118 -0.003727841956169216 -0.0033128172476566964 0.9999877008736602 0.41298353989910197 0.14462045825671055 0.06531789232542451
FixedParameters: 0 0 0
#Transform 98
Transform: MatrixOffsetTransformBase_double_3_3
Parameters: 0.9999916282918433 -0.0017764530475509908 0.003565484942348013 0.0017617374714979546 0.9999889558418218 0.004243576055596332 -0.0035732599651544864 -0.004236961944847267 0.9999847152710744 0.409198716207527 0.18526129727598573 -0.1405770922612959
FixedParameters: 0 0 0
#Transform 99
Transform: MatrixOffsetTransformBase_double_3_3
Parameters: 0.9999912369015502 -0.0014626121589163335 0.004033628250232575 0.0014472596379591206 0.9999924128968667 0.003666864958371985 -0.004039680636467806 -0.0036616329035409068 0.9999856734573392 0.4053338945934968 0.08629424391052964 0.12389165815271497
FixedParameters: 0 0 0
#Transform 100
Transform: MatrixOffsetTransformBase_double_3_3
Parameters: 0.9999921614216885 -0.0015574879373261097 0.003606911574437273 0.0015432482699250568 0.9999910268709429 0.0039555049882886995 -0.0036136689095597405 -0.003950403111364631 0.9999856838573647 0.39191162322396167 0.1947254167791641 -0.07471385456878465
FixedParameters: 0 0 0
#Transform 101
Transform: MatrixOffsetTransformBase_double_3_3
Parameters: 0.9999911812796901 -0.0017591830046982584 0.003764546064614377 0.0017425255923560904 0.9999882407022388 0.00443366570266987 -0.003771994089610854 -0.004427381089082055 0.9999827875273719 0.3907380494599977 0.11848864792243319 0.06178603330293697
FixedParameters: 0 0 0
#Transform 102
Transform: MatrixOffsetTransformBase_double_3_3
Parameters: 0.9999915776011209 -0.0016885511290320359 0.0036218739472084135 0.0016745872956317204 0.9999908809317194 0.003920805841476693 -0.003628565232941708 -0.003914692110154827 0.9999859036773429 0.3971931191918827 0.17460811388896502 0.032052351795400114
FixedParameters: 0 0 0
#Transform 103
Transform: MatrixOffsetTransformBase_double_3_3
Parameters: 0.9999929634491049 -0.0016758239040305708 0.003268463483925642 0.0016588817916530626 0.999986670396406 0.004974047520563851 -0.003277129131920818 -0.004968728797920069 0.999981953467381 0.3850391856271216 0.18379387544487713 -0.04356659247618211
FixedParameters: 0 0 0
#Transform 104
Transform: MatrixOffsetTransformBase_double_3_3
Parameters: 0.9999899667563947 -0.0013991535307980195 0.0043047356423983815 0.001378202596747903 0.9999866725349266 0.004945590573997682 -0.004311399802619437 -0.004939461452270311 0.9999785268429128 0.4076564589675371 0.1469617880921703 0.1741808069547659
FixedParameters: 0 0 0
#Transform 105
Transform: MatrixOffsetTransformBase_double_3_3
Parameters: 0.999994340758882 -0.002085860480363939 0.0027585731473682776 0.0020715043430738957 0.9999846597329582 0.005130794603706218 -0.0027687374046889562 -0.005124273083150194 0.9999834981819936 0.37862987078271715 0.2738830608942209 -0.12712333037509893
FixedParameters: 0 0 0
#Transform 106
Transform: MatrixOffsetTransformBase_double_3_3
Parameters: 0.9999896425479641 -0.0020223491078039477 0.004070140633387169 0.002001282213018287 0.9999850132746354 0.0050658605298095905 -0.004080124097942769 -0.005058103323288848 0.9999787875474827 0.4096817071258556 0.11358377968697653 0.16356265923791113
FixedParameters: 0 0 0
#Transform 107
Transform: MatrixOffsetTransformBase_double_3_3
Parameters: 0.9999905910258592 -0.001627929503876661 0.004148200309563595 0.0016093046913654733 0.9999881495747992 0.004500185038800147 -0.004154968809694959 -0.004493004521117061 0.9999811087080135 0.410142975142449 0.15552955029848192 0.08797490773767436
FixedParameters: 0 0 0
#Transform 108
Transform: MatrixOffsetTransformBase_double_3_3
Parameters: 0.9999929161243624 -0.0017232017029570777 0.003379941873727109 0.0017042114475334597 0.99998203121365 0.005756913043827888 -0.0033897704199868997 -0.005751351536046001 0.9999780434331432 0.39812901372246756 0.21271084072046165 -0.03622729427274862
FixedParameters: 0 0 0
#Transform 109
Transform: MatrixOffsetTransformBase_double_3_3
Parameters: 0.9999913932910084 -0.002068940434630605 0.0036849334038618065 0.002048309505204518 0.9999833491403234 0.0054081707602758045 -0.003695874986505039 -0.005400969234432257 0.9999791237135025 0.4223064574562585 0.18328718398528565 0.1310249500837699
FixedParameters: 0 0 0
#Transform 110
Transform: MatrixOffsetTransformBase_double_3_3
Parameters: 0.9999911144377774 -0.002012679526368773 0.0037593371863510958 0.001992774758090783 0.9999835306482802 0.005319675990686251 -0.003770341858533692 -0.005312552609894355 0.9999784617898249 0.42881150331335505 0.18477003587756258 0.0727839014135867
FixedParameters: 0 0 0
#Transform 111
Transform: MatrixOffsetTransformBase_double_3_3
Parameters: 0.9999930385286688 -0.002063025951610853 0.0031551160848502444 0.0020464091509295526 0.9999825248183007 0.005505828026426213 -0.003166264960917285 -0.005499514276115808 0.9999794532149985 0.4183923129969429 0.21988348530338442 -0.08561225591675736
FixedParameters: 0 0 0
#Transform 112
Transform: MatrixOffsetTransformBase_double_3_3
Parameters: 0.9999902085840747 -0.0023810852162649164 0.003770722270631209 0.002359841828076196 0.9999807172465324 0.005689485239173675 -0.0037836953144300273 -0.005680663883903925 0.9999766598580416 0.45792187476375545 0.2068117286248139 0.17733478785666534
FixedParameters: 0 0 0
#Transform 113
Transform: MatrixOffsetTransformBase_double_3_3
Parameters: 0.9999902519617597 -0.0024636639080153925 0.0037305836956333382 0.002444545117872513 0.9999844181713344 0.00502157185244545 -0.003743356737602302 -0.00501278148559392 0.9999800095330831 0.4288713185428037 0.14618434411440262 0.06070853291495837
FixedParameters: 0 0 0
#Transform 114
Transform: MatrixOffsetTransformBase_double_3_3
Parameters: 0.9999879686463957 -0.002250808719905406 0.004366522226197586 0.0022255540073336105 0.9999809489767907 0.005718377932953683 -0.004378644029414194 -0.005707873893166959 0.9999745432904465 0.44138544631796606 0.14506911617887397 0.17250172584617474
FixedParameters: 0 0 0
#Transform 115
