#Insight Transform File V1.0
#Transform 0
Transform: MatrixOffsetTransformBase_double_3_3
Parameters: 0.9999970549382833 0.0015302432343731074 0.002121477438484516 -0.0015262354798571123 0.9999974930715236 -0.0016153558460970663 -0.0021240008636401117 0.0016121784524681937 0.9999965603870477 0.34482059270543175 -0.12021682346498608 0.004162379969457675
FixedParameters: 0 0 0
#Transform 1
Transform: MatrixOffsetTransformBase_double_3_3
Parameters: 0.9999963209361213 0.001477725282940233 0.002312296351931843 -0.0014715358529671678 0.9999944925649858 -0.002786917546301809 -0.0023168675490148963 0.0027834907452575774 0.9999936080026806 0.35306299119802986 -0.10888811888459315 0.028025572477943683
FixedParameters: 0 0 0
#Transform 2
Transform: MatrixOffsetTransformBase_double_3_3
Parameters: 0.9999943873646415 0.001665687060627202 0.0029394612788994773 -0.0016568180515131453 0.999993952952273 -0.0031408645466598772 -0.0029449378110992033 0.003135588525644689 0.999991129952377 0.37403817328426214 -0.12189319372109253 -0.14491481489193347
FixedParameters: 0 0 0
#Transform 3
Transform: MatrixOffsetTransformBase_double_3_3
Parameters: 0.9999947348306112 0.001778529419270352 0.002819508005242957 -0.0017715400735832708 0.9999954491653048 -0.0022664425920578823 -0.002823822897834713 0.0022620720058907084 0.9999933370550329 0.3575848938257593 -0.14470667332932408 -0.04234204900066629
FixedParameters: 0 0 0
#Transform 4
Transform: MatrixOffsetTransformBase_double_3_3
Parameters: 0.9999974606936142 0.0011671778364428231 0.002031543484224081 -0.00116279806354465 0.9999976912693275 -0.0018027253491232076 -0.0020344266225994015 0.0018003243655037582 0.9999963765600519 0.336930134575681 -0.11952789804183794 0.06385062849577139
FixedParameters: 0 0 0
#Transform 5
Transform: MatrixOffsetTransformBase_double_3_3
Parameters: 0.9999911795535862 0.0018574035738687543 0.003764183141840502 -0.0018473937849185634 0.9999948080045691 -0.0027410368351851733 -0.0037690216919887345 0.0027330452804813776 0.999988791974491 0.3913403358103835 -0.10637960933871682 -0.2896249744326269
FixedParameters: 0 0 0
#Transform 6
Transform: MatrixOffsetTransformBase_double_3_3
Parameters: 0.9999967773016178 0.001310532415945074 0.0023245566950632277 -0.0013062653747320805 0.9999983833692733 -0.001530294675815863 -0.0023261485127803808 0.001527520414034228 0.9999959258269041 0.34782292475252063 -0.15149200707767818 -0.013645449984892366
FixedParameters: 0 0 0
#Transform 7
Transform: MatrixOffsetTransformBase_double_3_3
Parameters: 0.9999960241861956 0.0014923608883021973 0.002366180375097157 -0.0014863908741493187 0.9999961220108532 -0.0024660843592605175 -0.002369914010597829 0.00246220459562399 0.9999940579110054 0.3548528935234003 -0.09753556499218519 -0.051403432919030934
FixedParameters: 0 0 0
#Transform 8
Transform: MatrixOffsetTransformBase_double_3_3
Parameters: 0.9999928982530057 0.0017610380855029402 0.003435213803664766 -0.0017513318027173007 0.9999939040332149 -0.002959829907753897 -0.003440399951571353 0.002953717289907648 0.9999899070332264 0.37467442725547073 -0.13061823310724208 -0.16713759463418398
FixedParameters: 0 0 0
#Transform 9
Transform: MatrixOffsetTransformBase_double_3_3
Parameters: 0.9999966586386526 0.0013734315583636154 0.002313474611229077 -0.001369693976705495 0.999997870057059 -0.0016369152269911091 -0.0023154124452029815 0.0016338273168405026 0.9999956467127087 0.35589565189776806 -0.15106245473961621 0.021928108492630827
FixedParameters: 0 0 0
#Transform 10
Transform: MatrixOffsetTransformBase_double_3_3
Parameters: 0.9999970316524099 0.0010420331290108414 0.0024047675667034016 -0.001036946176575587 0.9999970099459885 -0.0020529664332022413 -0.00240645542929583 0.002050491698115886 0.9999948041449089 0.36853159752099884 -0.0843560781759578 0.07638622764204683
FixedParameters: 0 0 0
#Transform 11
Transform: MatrixOffsetTransformBase_double_3_3
Parameters: 0.9999912554358777 0.0013628686140561494 0.0038457031332288644 -0.0013537866692015215 0.9999969341152051 -0.0022054084612918023 -0.0038487805275852494 0.002200356816756288 0.999989812153796 0.3976195882235629 -0.09147246280751631 -0.15383755309599678
FixedParameters: 0 0 0
#Transform 12
Transform: MatrixOffsetTransformBase_double_3_3
Parameters: 0.9999948071001566 0.001299102641535362 0.0029076799734771355 -0.00129681466633335 0.9999992512891009 -0.0007379240751652916 -0.002908305892707762 0.0007342734047501576 0.9999955756334846 0.3827549319975816 -0.11756051351250107 0.0998054301162341
FixedParameters: 0 0 0
#Transform 13
Transform: MatrixOffsetTransformBase_double_3_3
Parameters: 0.9999908285539648 0.0013763160814312019 0.00414471778414667 -0.001366851977977649 0.9999963528974409 -0.0023313347363087267 -0.0041479200313485 0.0023258130447881 0.9999888273551616 0.4394765984328046 -0.0531544229129679 -0.21320863361052034
FixedParameters: 0 0 0
#Transform 14
Transform: MatrixOffsetTransformBase_double_3_3
Parameters: 0.9999963331002636 0.0008070254345593211 0.002639463994696889 -0.0008024617219883155 0.9999984235277104 -0.0017975150418893804 -0.0026407629506546224 0.0017957780129456702 0.9999945518149652 0.3931813403360991 -0.15865003139251144 0.04264345475820619
FixedParameters: 0 0 0
#Transform 15
Transform: MatrixOffsetTransformBase_double_3_3
Parameters: 0.9999951761285352 0.0011301688362268568 0.002906962249081879 -0.0011237106904830908 0.9999961501279405 -0.0024579666702636005 -0.0029097018365856556 0.002455299056717597 0.9999931467761204 0.3974171674435354 -0.13882679073898885 0.1482638854212155
FixedParameters: 0 0 0
#Transform 16
Transform: MatrixOffsetTransformBase_double_3_3
Parameters: 0.9999952469220763 0.0013142483711682156 0.0028158269572116992 -0.0013065399149819346 0.9999960597095925 -0.002583730447326238 -0.002819935304472561 0.002580006596027029 0.9999930459762069 0.39342640123658157 -0.10367523893523867 -0.01927900442539965
FixedParameters: 0 0 0
#Transform 17
Transform: MatrixOffsetTransformBase_double_3_3
Parameters: 0.9999951668174671 0.001096816578458966 0.002921063909034842 -0.0010908488709178736 0.9999974526833777 -0.002190840972718433 -0.002923093045065328 0.0021881104164662435 0.9999933227771086 0.39217351536963463 -0.11943746880054107 -0.024077871725410205
FixedParameters: 0 0 0
#Transform 18
Transform: MatrixOffsetTransformBase_double_3_3
Parameters: 0.9999961374565569 0.0009286913981977002 0.002636619192823965 -0.0009255117389391923 0.9999990093349995 -0.0011530628412901867 -0.0026374473036531038 0.0011501012060929072 0.9999965739717936 0.37026864546847094 -0.09755768303574541 0.12133411012385409
FixedParameters: 0 0 0
#Transform 19
Transform: MatrixOffsetTransformBase_double_3_3
Parameters: 0.999992853795454 0.0013173977444280336 0.0036487646762605394 -0.001307963806460791 0.9999959112820909 -0.0026446959135939807 -0.003652619413243706 0.0026404111609434344 0.9999901671708326 0.4091128216726929 -0.08892069850428186 -0.16152228057406148
FixedParameters: 0 0 0
#Transform 20
Transform: MatrixOffsetTransformBase_double_3_3
Parameters: 0.9999947976196341 0.0009001352844920964 0.0030568645091942834 -0.0008968965742947345 0.9999995219854639 -0.0010125574317945418 -0.0030573676332634747 0.0010102275244724679 0.9999953279363042 0.39250299759895313 -0.14581231721781762 0.10952435781007352
FixedParameters: 0 0 0
#Transform 21
Transform: MatrixOffsetTransformBase_double_3_3
Parameters: 0.9999963083942667 0.000999249931109612 0.0025682489272583833 -0.0009932003024123578 0.9999969935250911 -0.0023049880924849164 -0.0025702245612970395 0.0023023449390029427 0.9999938973542024 0.3757432872783113 -0.096842823841925 0.04940710009057625
FixedParameters: 0 0 0
#Transform 22
Transform: MatrixOffsetTransformBase_double_3_3
Parameters: 0.9999962550030094 0.0010397400216634071 0.0025626464164923007 -0.0010341698484777903 0.9999971539880079 -0.002023677712887889 -0.00256436559780001 0.0020211629719178725 0.9999951169016584 0.37429679607733135 -0.10302079024936006 -0.04852947531594509
FixedParameters: 0 0 0
#Transform 23
Transform: MatrixOffsetTransformBase_double_3_3
Parameters: 0.9999951362288834 0.0009146437031042776 0.002988578590902402 -0.000907942290329272 0.9999970350687157 -0.002082164201981651 -0.0029897633509693294 0.002078784235064357 0.9999936406586444 0.36421170062075703 -0.13430565080909673 0.12478567419454123
FixedParameters: 0 0 0
#Transform 24
Transform: MatrixOffsetTransformBase_double_3_3
Parameters: 0.9999953498720494 0.0010302966806643972 0.002737529216117973 -0.0010236766412749934 0.9999971138264651 -0.002269412034754531 -0.0027396757747077394 0.0022665381966112674 0.9999941394988073 0.35884482859867717 -0.057753073424336776 0.07636515825198842
FixedParameters: 0 0 0
#Transform 25
Transform: MatrixOffsetTransformBase_double_3_3
Parameters: 0.9999934397154581 0.0012027276474964425 0.0033191155217784096 -0.0011953517811556461 0.9999974496544658 -0.002140941644452221 -0.0033214841490540395 0.0021369172587319407 0.9999920362614119 0.36489090605660124 -0.07881401718763925 -0.030901040787284728
FixedParameters: 0 0 0
#Transform 26
Transform: MatrixOffsetTransformBase_double_3_3
Parameters: 0.9999954227083716 0.00031944101604474556 0.0030786640059315973 -0.00031421965382950456 0.9999982276899784 -0.0016536536201246232 -0.0030791182418272306 0.001652832837638396 0.9999937231926288 0.35424269622104987 -0.0965309500216307 0.13188438043218298
FixedParameters: 0 0 0
#Transform 27
Transform: MatrixOffsetTransformBase_double_3_3
Parameters: 0.9999976326935648 0.00022212969486291867 0.00230669048850915 -0.00021767933831005806 0.9999986309126507 -0.0018254079055010086 -0.002307038986442342 0.0018247453289894078 0.9999953345787197 0.3390941469798321 -0.03410144158860362 0.013004937010904882
FixedParameters: 0 0 0
#Transform 28
Transform: MatrixOffsetTransformBase_double_3_3
Parameters: 0.9999944108046823 0.0008246264853558798 0.0032955393755690343 -0.0008195371988848335 0.9999983396560895 -0.0018200569022455704 -0.0032966587610744266 0.0018176021433240208 0.9999925529828224 0.34876942416322265 -0.09840072039274617 -0.10164156125243551
FixedParameters: 0 0 0
#Transform 29
Transform: MatrixOffsetTransformBase_double_3_3
Parameters: 0.9999964401696829 0.0006366923293169959 0.002665900409266113 -0.0006327047929639692 0.9999991266272327 -0.0012912801860255063 -0.002666231473685922 0.0012898238568525011 0.9999960806224237 0.33204980269402995 -0.1310128826313246 0.08309183923724106
FixedParameters: 0 0 0
#Transform 30
Transform: MatrixOffsetTransformBase_double_3_3
Parameters: 0.9999974421307382 0.0008695713813308536 0.0021799991779067676 -0.0008653695481744446 0.9999980550568315 -0.00186602272196415 -0.002181781768491965 0.0018645250194307683 0.9999955267002059 0.3339555850459135 -0.08073726173900297 0.013635753530579109
FixedParameters: 0 0 0
#Transform 31
Transform: MatrixOffsetTransformBase_double_3_3
Parameters: 0.999993546053193 0.0012797569878088885 0.0032740077309273835 -0.0012735514598167588 0.9999974777824361 -0.0018408860854035591 -0.0032760813225879773 0.0018367876615890677 0.9999935018820288 0.354565619626527 -0.1138511141054579 -0.11267622381042486
FixedParameters: 0 0 0
#Transform 32
Transform: MatrixOffsetTransformBase_double_3_3
Parameters: 0.9999973385393356 0.0007583680117896037 0.002244551129723431 -0.0007549669962138477 0.9999986374145337 -0.001402875531774428 -0.002245365672740647 0.0014011301226204698 0.9999968680310368 0.3177602956228327 -0.1195389974632235 0.12988937050691618
FixedParameters: 0 0 0
#Transform 33
Transform: MatrixOffsetTransformBase_double_3_3
Parameters: 0.9999972271865303 0.0008728080766992607 0.0022279320639668337 -0.0008690563679093957 0.9999976479912063 -0.0019388696919585557 -0.0022298242875448057 0.0019365388806279193 0.9999961625523572 0.3218529921563089 -0.060692471033789275 -0.01640292849016589
FixedParameters: 0 0 0
#Transform 34
Transform: MatrixOffsetTransformBase_double_3_3
Parameters: 0.9999951582521082 0.0014042712546983183 0.002778390263874421 -0.0013991054490366753 0.9999967767743552 -0.0019630506799413194 -0.0027801729067462935 0.001959945981160144 0.9999939916645705 0.3260112054480402 -0.11490584123554015 -0.028216190400982555
FixedParameters: 0 0 0
#Transform 35
Transform: MatrixOffsetTransformBase_double_3_3
Parameters: 0.999997216598747 0.0008800304522874215 0.0022270345038309797 -0.0008759334953660882 0.9999981709104616 -0.0017921673026901619 -0.0022287328894811387 0.0017895813641623515 0.9999957293486048 0.31297065573234306 -0.11279845364883556 0.17607905980241867
FixedParameters: 0 0 0
#Transform 36
Transform: MatrixOffsetTransformBase_double_3_3
Parameters: 0.9999953167528018 0.0009667597888402138 0.002949799822623639 -0.0009601679422482313 0.9999969038812241 -0.0021223173530341977 -0.00295225741772219 0.0021196445685660037 0.9999935084773779 0.3301145009211126 -0.05724735444236728 -0.09473920291607385
FixedParameters: 0 0 0
#Transform 37
Transform: MatrixOffsetTransformBase_double_3_3
Parameters: 0.999996664621409 0.0009339276202950126 0.0025326068539715807 -0.0009298428542342842 0.999997952447581 -0.0015835962862849606 -0.0025341030091540276 0.0015817127085506755 0.9999958007066758 0.32299897355983376 -0.12257260330665076 0.1338001251272516
FixedParameters: 0 0 0
#Transform 38
Transform: MatrixOffsetTransformBase_double_3_3
Parameters: 0.9999980392186465 0.0007982543948856493 0.0018101145470440852 -0.0007940616603665691 0.9999975081138548 -0.002234196437316177 -0.0018123268130712591 0.0022323618065065443 0.9999956487771148 0.30008780995903805 -0.08276024291444628 0.04209338721919664
FixedParameters: 0 0 0
#Transform 39
Transform: MatrixOffsetTransformBase_double_3_3
Parameters: 0.9999960709209013 0.0012484538902442586 0.002295750035735053 -0.0012441706953978272 0.9999976413613295 -0.0017604486700688593 -0.0022976954414320114 0.0017570240885003696 0.9999954448848531 0.31171028178033566 -0.09438815645643217 -0.019114430956918227
FixedParameters: 0 0 0
#Transform 40
Transform: MatrixOffsetTransformBase_double_3_3
Parameters: 0.9999958144395483 0.0009702988173437522 0.002862654971644271 -0.000964927787105321 0.9999981516039423 -0.0017987685518980057 -0.002864540612610718 0.0017960150359478122 0.9999942997166966 0.32268517714123846 -0.1812777586168295 0.19611742768472595
FixedParameters: 0 0 0
#Transform 41
Transform: MatrixOffsetTransformBase_double_3_3
Parameters: 0.999995860053839 0.0011378587131441872 0.002607126705481584 -0.001131576711559554 0.9999973877193479 -0.0021519860978603533 -0.0026105164244904985 0.002148576988573403 0.9999943176453939 0.32699328489066204 -0.07382419270045659 -0.07884606749381362
FixedParameters: 0 0 0
#Transform 42
Transform: MatrixOffsetTransformBase_double_3_3
Parameters: 0.9999975997927788 0.000895724803100289 0.0021322647838347975 -0.0008934490813377605 0.9999988951256047 -0.0012098519837287214 -0.002133017576663454 0.0012074130219952572 0.999996886587284 0.320789142290721 -0.14347668787290502 0.14343978169203808
FixedParameters: 0 0 0
#Transform 43
Transform: MatrixOffsetTransformBase_double_3_3
Parameters: 0.9999976931237243 0.001048472516236942 0.0017629143162602862 -0.0010463035208938586 0.9999982072708714 -0.0014115863091294367 -0.0017635705645116517 0.0014102428264298472 0.9999977061411564 0.29499753096885684 -0.04616612929460473 0.036725301241631314
FixedParameters: 0 0 0
#Transform 44
Transform: MatrixOffsetTransformBase_double_3_3
Parameters: 0.9999963134997936 0.001339017372045251 0.0024064527269636524 -0.0013359428966471434 0.9999975979344271 -0.0014361340958003455 -0.0024077422519633157 0.0014332321044272789 0.9999958059466528 0.308877716560346 -0.09104186661673452 -0.02374268320012618
FixedParameters: 0 0 0
#Transform 45
Transform: MatrixOffsetTransformBase_double_3_3
Parameters: 0.999996285446067 0.0009434947756545671 0.0026029545219797764 -0.0009391404575972801 0.9999979062486495 -0.0015926737928823043 -0.0026044974548778896 0.0015906099381388927 0.9999954106705836 0.31845416107317703 -0.14988311061794946 0.20510949827604463
FixedParameters: 0 0 0
#Transform 46
Transform: MatrixOffsetTransformBase_double_3_3
Parameters: 0.999996459081537 0.0012177078556618775 0.0022270142862856057 -0.0012130354791426235 0.9999973760123235 -0.002137755004498143 -0.0022297255802018606 0.002135548011343802 0.9999951487669385 0.3166764829505553 -0.03767721771221488 -0.0826581298455693
FixedParameters: 0 0 0
#Transform 47
Transform: MatrixOffsetTransformBase_double_3_3
Parameters: 0.9999964328126226 0.0009761284347179072 0.002359133851392227 -0.0009731476328712118 0.9999987867757103 -0.0012566578954403274 -0.00236026710854198 0.001254670014543352 0.9999965907839617 0.32502332360796515 -0.11834098595610953 0.07812247132297045
FixedParameters: 0 0 0
#Transform 48
Transform: MatrixOffsetTransformBase_double_3_3
Parameters: 0.9999967882754328 0.0012400793491492684 0.002150000934934393 -0.0012366495292672284 0.9999982083789475 -0.001250165758027083 -0.002151815910421802 0.0012472249161509519 0.9999965649155506 0.34107050102969083 -0.09624479677631825 0.0969013001165564
FixedParameters: 0 0 0
#Transform 49
Transform: MatrixOffsetTransformBase_double_3_3
Parameters: 0.9999936885149918 0.0012855950523848617 0.00324986045844923 -0.0012788302654389285 0.9999970873717817 -0.001940464954117621 -0.0032522098903680907 0.001936391690429612 0.9999932823804807 0.34799296245122946 -0.06041211112636802 -0.11677794820295162
FixedParameters: 0 0 0
#Transform 50
Transform: MatrixOffsetTransformBase_double_3_3
Parameters: 0.9999961039965476 0.0011878945067807702 0.0023417857696552413 -0.001186124441280986 0.9999995252240497 -0.0006123897985048088 -0.0023430822534787343 0.0006092507200928521 0.999996832562469 0.3225305606498239 -0.14212955335977995 0.14131375489735376
FixedParameters: 0 0 0
#Transform 51
Transform: MatrixOffsetTransformBase_double_3_3
Parameters: 0.9999973329126794 0.0010906998933743507 0.0021040821406011906 -0.0010871472753017156 0.9999979395265243 -0.001779218043154146 -0.0021065009550369704 0.0017769190509132338 0.9999961684543431 0.31807240422041616 -0.04399537966072842 -0.035388468071374746
FixedParameters: 0 0 0
#Transform 52
Transform: MatrixOffsetTransformBase_double_3_3
Parameters: 0.9999973021788694 0.001107593444514529 0.0021021492996084745 -0.0011052491275633574 0.9999984966303841 -0.0012554385442694882 -0.002103507942656249 0.0012531218832252666 0.9999967626141881 0.30661205182812523 -0.09845756836537589 0.015884338397171405
FixedParameters: 0 0 0
#Transform 53
Transform: MatrixOffsetTransformBase_double_3_3
Parameters: 0.9999940471850098 0.0013807744405991947 0.003161614176045713 -0.0013772299344785577 0.9999988289070857 -0.0008778819455459719 -0.0031627441803185607 0.0008733348718840961 0.9999947883982728 0.33197310942082936 -0.12295792887512391 0.2222357392793839
FixedParameters: 0 0 0
#Transform 54
Transform: MatrixOffsetTransformBase_double_3_3
Parameters: 0.9999953267548405 0.0007846273713016045 0.002838734679254107 -0.0007802114194469852 0.9999984784811777 -0.0014954619673409886 -0.0028406049413487663 0.0014938420660311202 0.9999943749098665 0.33656643300363953 -0.0030368162638865215 -0.09803334499322602
FixedParameters: 0 0 0
#Transform 55
Transform: MatrixOffsetTransformBase_double_3_3
Parameters: 0.9999948479588174 0.001368073884978999 0.0028690600891253595 -0.0013664060708115577 0.9999985561585194 -0.0002951257800721807 -0.0028688556344910396 0.00029155453861773317 0.9999962232104233 0.32403121801657164 -0.11735001055430416 0.1604410851146838
FixedParameters: 0 0 0
#Transform 56
Transform: MatrixOffsetTransformBase_double_3_3
Parameters: 0.9999984534851589 0.0011574220915899335 0.0014846797999652217 -0.0011557355627001805 0.999999581083577 -0.000598188373231251 -0.0014859448043220425 0.0005966730797513642 0.9999981639220112 0.2870797301275019 0.02088393087068141 0.08949123752363164
FixedParameters: 0 0 0
#Transform 57
Transform: MatrixOffsetTransformBase_double_3_3
Parameters: 0.9999968253411329 0.0004890915100448714 0.002633478734384062 -0.0004883000190751908 0.9999995481270614 -0.0005265512668580496 -0.0026337142677043054 0.0005249815836864957 0.9999967243471655 0.3184963032829984 -0.1299784641845605 0.20292405334012642
FixedParameters: 0 0 0
#Transform 58
Transform: MatrixOffsetTransformBase_double_3_3
Parameters: 0.9999986523885486 0.0002289769843418412 0.0015158097819187102 -0.00022689853524411347 0.9999991506606136 -0.0013428103413153092 -0.0015162459770874243 0.0013422948520456224 0.9999978914536496 0.28710402833470994 -0.0783233053252701 0.03334165376485032
FixedParameters: 0 0 0
#Transform 59
Transform: MatrixOffsetTransformBase_double_3_3
Parameters: 0.9999964789795618 0.0007649147904072971 0.0024263945032560533 -0.0007614920345970352 0.9999983204227285 -0.0015062140015368042 -0.002427245666681052 0.001504111833506655 0.999995725651744 0.3087229896827637 -0.1223188693915489 0.14057579180919788
FixedParameters: 0 0 0
#Transform 60
Transform: MatrixOffsetTransformBase_double_3_3
Parameters: 0.9999966976286809 0.0005210151071631955 0.00265275730528592 -0.0005144270879056442 0.9999963264701867 -0.0025638648896774696 -0.0026547375908721055 0.0025628300271441917 0.9999932134879261 0.300622760500886 -0.1591503854375702 0.23836969313354928
FixedParameters: 0 0 0
#Transform 61
Transform: MatrixOffsetTransformBase_double_3_3
Parameters: 0.999997456840482 0.000920992484417662 0.001896765119491807 -0.0009172500953091769 0.999997482319359 -0.001990734626429236 -0.001898087512740454 0.0019895462547834253 0.9999962494666882 0.2943647191801375 -0.06200412872050265 0.04076899748645246
FixedParameters: 0 0 0
#Transform 62
Transform: MatrixOffsetTransformBase_double_3_3
Parameters: 0.9999946780448583 0.0010353004293880757 0.0030333742784929493 -0.001030222482283104 0.9999980730044002 -0.0014866587154394317 -0.0030349882051607102 0.0014835055462691649 0.9999942922199544 0.33291912798131307 -0.11475106819202097 0.17897836794541888
FixedParameters: 0 0 0
#Transform 63
Transform: MatrixOffsetTransformBase_double_3_3
Parameters: 0.9999966732349554 0.0013213031479865833 0.002116646101722068 -0.0013175541579320254 0.9999974687090778 -0.0017944922985177192 -0.0021189327494460647 0.0017921639122172872 0.9999959741096193 0.30411231890973056 -0.04094677825096937 0.09411246082589741
FixedParameters: 0 0 0
#Transform 64
Transform: MatrixOffsetTransformBase_double_3_3
Parameters: 0.9999977624282146 0.001155705015298136 0.001673079315878137 -0.0011541533071441588 0.9999982571179609 -0.0012988255837194096 -0.0016736755469346914 0.0012970351726561413 0.9999973430838492 0.29816783650551315 -0.06459557772916469 0.0018724412390582756
FixedParameters: 0 0 0
#Transform 65
Transform: MatrixOffsetTransformBase_double_3_3
Parameters: 0.9999957499471764 0.0013411761878739182 0.0025296510081285195 -0.001338320277676084 0.9999983256931234 -0.0011551342641766826 -0.0025313177871942524 0.001151926264711084 0.9999958664909969 0.3146260771290059 -0.11984535540754848 0.19148707412377064
FixedParameters: 0 0 0
#Transform 66
Transform: MatrixOffsetTransformBase_double_3_3
Parameters: 0.9999974044702891 0.0011431521735359336 0.0017861729893828768 -0.0011395070047438933 0.9999976165291242 -0.0020864965011775094 -0.001788597437894071 0.0020844400638369287 0.9999962858506903 0.320942234709122 -0.009923223383466961 -0.055731488436777
FixedParameters: 0 0 0
#Transform 67
Transform: MatrixOffsetTransformBase_double_3_3
Parameters: 0.9999966024032022 0.0010331735516122048 0.0025153494822896874 -0.0010322766229935807 0.9999991063262418 -0.0003936066861095211 -0.002515903757565857 0.000391109435379261 0.9999961935530788 0.32919281062832795 -0.16477803190021234 0.16078844707766393
FixedParameters: 0 0 0
#Transform 68
Transform: MatrixOffsetTransformBase_double_3_3
Parameters: 0.9999958992842967 0.0011815672376521095 0.002589144683779271 -0.0011797777586032825 0.9999987694637825 -0.0005672392698923001 -0.002590320718068119 0.0005650577918324406 0.9999964887645006 0.31482885879189837 -0.07593298167932971 0.13209029088335456
FixedParameters: 0 0 0
#Transform 69
Transform: MatrixOffsetTransformBase_double_3_3
Parameters: 0.9999961176036503 0.0014329893375217917 0.0021856757860583623 -0.0014312152135271946 0.9999985280074049 -0.0008517863853938212 -0.002186832218720451 0.0008479108786855205 0.9999972486174921 0.3102531645785831 -0.06650523258849717 -0.0358935451569522
FixedParameters: 0 0 0
#Transform 70
Transform: MatrixOffsetTransformBase_double_3_3
Parameters: 0.9999951568753738 0.001486275844519147 0.002575423398262666 -0.0014847352707762097 0.9999989865591556 -0.0005228286544044225 -0.0025768099555461416 0.0005188327469483889 0.9999966277793775 0.3250018615270136 -0.12592685245776636 0.18291774022199547
FixedParameters: 0 0 0
#Transform 71
Transform: MatrixOffsetTransformBase_double_3_3
Parameters: 0.9999974734900887 0.0013165988777789376 0.0019210676328107398 -0.001314963395488404 0.9999982361808903 -0.0011535520743771455 -0.001921697911298155 0.0011508466899343706 0.9999977892045677 0.3364810314174349 -0.029797231059433216 0.01973008998029968
FixedParameters: 0 0 0
#Transform 72
Transform: MatrixOffsetTransformBase_double_3_3
Parameters: 0.9999973014073109 0.0013060295793724313 0.001997320843845206 -0.0013062722170538808 0.9999985577060754 -0.0002102848740120622 -0.0019976103983565738 0.00020748954133856246 0.9999976618016339 0.3152148239854995 -0.087978846023816 0.10867667232804479
FixedParameters: 0 0 0
#Transform 73
Transform: MatrixOffsetTransformBase_double_3_3
Parameters: 0.9999985349865602 0.0013753031339802779 0.0012533531560961902 -0.0013748276867691766 0.9999993343344352 -0.00022558077455558934 -0.001253854484757226 0.0002240536697520057 0.9999991049358576 0.31693135735351063 0.050662827398127774 0.019893666856717118
FixedParameters: 0 0 0
#Transform 74
Transform: MatrixOffsetTransformBase_double_3_3
Parameters: 0.9999971712929121 0.001438635697699901 0.0016609954309515992 -0.001439507060147437 0.9999991705525219 0.00023015833344400272 -0.001660314837219401 -0.00023274221243577142 0.9999988935980242 0.32692444933049103 -0.08040305905163336 0.07222272443780753
FixedParameters: 0 0 0
#Transform 75
Transform: MatrixOffsetTransformBase_double_3_3
Parameters: 0.9999962209151676 0.0017236795859353502 0.0021917907850537294 -0.0017234421182652357 0.9999983774621535 -0.00031362747262050905 -0.002192601359700126 0.00030945321532444003 0.9999976547054135 0.3405490621076268 -0.06311435569334378 0.13509162264904262
FixedParameters: 0 0 0
#Transform 76
Transform: MatrixOffsetTransformBase_double_3_3
Parameters: 0.9999984423159012 0.0013670562018805038 0.0008283682297727801 -0.001366755130785954 0.9999992084218136 -0.00020473040782303942 -0.000828816038188053 0.00020314979478985862 0.999999156081533 0.32262938453285983 -0.04654938999381386 0.04142675907235116
FixedParameters: 0 0 0
#Transform 77
Transform: MatrixOffsetTransformBase_double_3_3
Parameters: 0.9999955727331304 0.00165734005176503 0.002574413292580985 -0.0016551539468833438 0.9999983420943738 -0.0006191597036083185 -0.0025752079516374315 0.0006143034481368437 0.9999965788009475 0.3539329163628224 -0.08135702464429073 0.131276580829649
FixedParameters: 0 0 0
#Transform 78
Transform: MatrixOffsetTransformBase_double_3_3
Parameters: 0.999997541476173 0.0012498491382955303 0.0016868228232370872 -0.0012492685674600351 0.9999995208844727 -0.00045558463196815335 -0.001686820274345073 0.0004535292644149702 0.999998710858396 0.3495986791350134 0.01598089479747955 0.06823685153993608
FixedParameters: 0 0 0
#Transform 79
Transform: MatrixOffsetTransformBase_double_3_3
Parameters: 0.9999979971467351 0.001247088603900339 0.0015633430243435498 -0.0012475970868744283 0.9999985668976874 -0.00016680239230626448 -0.001563506859598239 0.00016408892493802174 0.9999983808741231 0.33183186194081316 -0.06773400658224205 0.0486242510579018
FixedParameters: 0 0 0
#Transform 80
Transform: MatrixOffsetTransformBase_double_3_3
Parameters: 0.9999946997252372 0.0015237434593180308 0.0030042642737940356 -0.0015243683662778292 0.9999991251672546 0.00021971413940652385 -0.0030045866524591597 -0.00022485211950284967 0.9999953775898338 0.3724254345954847 -0.09187298027083557 0.1922994381329488
FixedParameters: 0 0 0
#Transform 81
Transform: MatrixOffsetTransformBase_double_3_3
Parameters: 0.9999973353760457 0.0013051607483431987 0.001989369428720217 -0.0013054265792772513 0.999999542585741 -0.00020541771854554192 -0.001989645589676098 0.00020237058672872843 0.9999977150128028 0.3539644399706958 0.015810076492471126 0.056904259504548804
FixedParameters: 0 0 0
#Transform 82
Transform: MatrixOffsetTransformBase_double_3_3
Parameters: 0.9999941611808161 0.0013683778038658025 0.003165169046133315 -0.00137147079599996 0.9999985219291411 0.0010653720055003313 -0.0031637642367800395 -0.001069597621766477 0.9999942566762001 0.39956169980828804 -0.053568114741935347 0.18652673060687164
FixedParameters: 0 0 0
#Transform 83
Transform: MatrixOffsetTransformBase_double_3_3
Parameters: 0.9999985664431155 0.0009413057813469732 0.0012439695718641855 -0.000941394904009245 0.9999992708642808 0.000014640871789650678 -0.0012439337435721232 -0.000015746996874677066 0.999999295114481 0.3383041926913535 0.003939609642600317 0.059751113010179324
FixedParameters: 0 0 0
#Transform 84
Transform: MatrixOffsetTransformBase_double_3_3
Parameters: 0.9999971132965332 0.0013106585536929545 0.0017943294019404227 -0.0013115267624241858 0.9999993794812249 0.00044904165839049215 -0.0017942583369311843 -0.0004515153771657565 0.9999982247957725 0.35082964843135755 -0.03737412642009019 0.04216610013152433
FixedParameters: 0 0 0
#Transform 85
Transform: MatrixOffsetTransformBase_double_3_3
Parameters: 0.9999949771194504 0.001458314892371598 0.0028188375922914566 -0.0014606100704471674 0.9999990856307419 0.0005285652550774955 -0.002818391030766844 -0.0005327734695706188 0.9999962247466653 0.39884310563380154 -0.044876103091127106 0.1609680472771231
FixedParameters: 0 0 0
#Transform 86
Transform: MatrixOffsetTransformBase_double_3_3
Parameters: 0.9999990661731512 0.00043264636584543995 0.0013215145350641208 -0.00043268863919648706 0.9999996968031676 -0.0003585998760905207 -0.0013216852738449775 0.00035768243549286205 0.9999991128369603 0.3664469820192977 0.03634235652035045 0.007191715719599756
FixedParameters: 0 0 0
#Transform 87
Transform: MatrixOffsetTransformBase_double_3_3
Parameters: 0.9999964712442144 0.0011044908253069266 0.002314921151335428 -0.001105254742243625 0.9999990127205517 0.0003252907274179373 -0.002315309412821251 -0.0003276232912455823 0.9999971418560427 0.3612222401826557 -0.101315881799934 0.12796088637676917
FixedParameters: 0 0 0
#Transform 88
Transform: MatrixOffsetTransformBase_double_3_3
Parameters: 0.9999958186821342 0.0011248976455602525 0.002629797012889727 -0.0011243012554082088 0.9999990709265633 -0.0001343444948404271 -0.0026300814840819198 0.00013145295968611248 0.9999967124254099 0.348909537646378 -0.047424328475102584 0.16712979378135628
FixedParameters: 0 0 0
#Transform 89
Transform: MatrixOffsetTransformBase_double_3_3
Parameters: 0.9999978006157562 0.0008684341366269723 0.0018559477283494746 -0.000868673835045135 0.9999995002745615 -0.0002298794316028252 -0.0018561927384703539 0.00022907715367101456 0.999998195016941 0.33149860119128505 -0.03525668387162284 0.02432221478100871
FixedParameters: 0 0 0
#Transform 90
Transform: MatrixOffsetTransformBase_double_3_3
Parameters: 0.9999960310955476 0.0009202734579281261 0.0028493928088529075 -0.0009189672737688562 0.9999993256417078 -0.0004193086596236406 -0.0028499058132324118 0.0004170421208295749 0.9999953610768554 0.350413023862842 -0.0731613807753888 0.19861979588449685
FixedParameters: 0 0 0
#Transform 91
Transform: MatrixOffsetTransformBase_double_3_3
Parameters: 0.9999985920252542 0.0008430333612960729 0.0016415635364046277 -0.0008429555004159242 0.999999445426653 -0.00003571956859935166 -0.0016415127420142464 0.00003418855809805832 0.9999981495235744 0.32114729563237177 0.0449306206977127 0.08114469748872466
FixedParameters: 0 0 0
#Transform 92
Transform: MatrixOffsetTransformBase_double_3_3
Parameters: 0.9999982473402047 0.0009587815743179262 0.0013540149366623386 -0.0009603238120793941 0.999998933145619 0.0005500886904257485 -0.0013529507270672037 -0.0005514503052302666 0.9999987074959322 0.3176119022985944 -0.010108189884022067 0.024688711607737446
FixedParameters: 0 0 0
#Transform 93
Transform: MatrixOffsetTransformBase_double_3_3
Parameters: 0.9999946379650752 0.0015074263873747383 0.0030234491348472836 -0.0015105265301982801 0.9999984956317778 0.0009447780373454673 -0.003021965697129432 -0.000948545822730601 0.9999952464695337 0.35564421627640286 -0.03725019560106091 0.20286271301668535
FixedParameters: 0 0 0
#Transform 94
Transform: MatrixOffsetTransformBase_double_3_3
Parameters: 0.9999975239775978 0.0009696158890917473 0.001880379398715569 -0.0009705117654747663 0.9999991851884794 0.00022352827146290832 -0.0018799364292146556 -0.0002256641573399054 0.9999982378977047 0.326701721530398 0.045064752081074744 -0.039896758514501585
FixedParameters: 0 0 0
#Transform 95
Transform: MatrixOffsetTransformBase_double_3_3
Parameters: 0.9999953761348626 0.0012131844372570786 0.0026746138311254525 -0.001215133165658142 0.9999995141704743 0.0007041054957140358 -0.0026731574528747817 -0.0007067913274222404 0.9999958666411118 0.349955158077492 -0.09072321601134092 0.1713099332361736
FixedParameters: 0 0 0
#Transform 96
Transform: MatrixOffsetTransformBase_double_3_3
Parameters: 0.9999988838243085 0.001021418839615343 0.0014388582384182863 -0.0010218489027846618 0.9999990948806855 0.00013579146247930107 -0.0014384693131057405 -0.0001374944329115002 0.999998756969789 0.3225215017510408 0.005067439329764056 0.035295012970152584
FixedParameters: 0 0 0
#Transform 97
Transform: MatrixOffsetTransformBase_double_3_3
Parameters: 0.9999975314273908 0.0010476644724959454 0.0018362208885910822 -0.0010481643980582598 0.999998932405814 0.00039036284124974174 -0.0018355323082166475 -0.00039264885092737956 0.9999982924636204 0.33336905793944993 -0.03709832193057139 0.048574301022014765
FixedParameters: 0 0 0
#Transform 98
Transform: MatrixOffsetTransformBase_double_3_3
Parameters: 0.9999923043968584 0.0015425087954665908 0.003509564128844213 -0.0015436308022857368 0.9999992201451279 0.0002688759550779074 -0.003508836464157644 -0.0002741605962180149 0.9999939367988073 0.3572316501513484 -0.08434124211647998 0.22970244190119615
FixedParameters: 0 0 0
#Transform 99
Transform: MatrixOffsetTransformBase_double_3_3
Parameters: 0.999998781366542 0.0010737461982294957 0.0014363612292242825 -0.0010735523114518142 0.9999989981114086 -0.00008125794787341989 -0.0014364240042963189 0.0000794101884610543 0.9999987757169898 0.33030371677895687 0.038735208486642136 0.017780145393373914
FixedParameters: 0 0 0
#Transform 100
Transform: MatrixOffsetTransformBase_double_3_3
Parameters: 0.9999969342590016 0.0013604366581324327 0.0020652918241732127 -0.0013625177816853065 0.9999989978223228 0.0006834043003300372 -0.0020645363501552924 -0.0006865197158436587 0.9999978945705017 0.33363957051950877 -0.07705888453280352 0.11846964405621918
FixedParameters: 0 0 0
#Transform 101
Transform: MatrixOffsetTransformBase_double_3_3
Parameters: 0.9999978366313598 0.0010316340203708682 0.002024177661389584 -0.0010315102779072122 0.9999992206960693 0.00019110874877933948 -0.002023803894358661 -0.0001927622506122384 0.999997547624426 0.31435201722042905 -0.004905922771797577 0.10804781930421825
FixedParameters: 0 0 0
#Transform 102
Transform: MatrixOffsetTransformBase_double_3_3
Parameters: 0.9999980265520878 0.0012659246309987566 0.0015389329107962507 -0.0012668046096091182 0.9999994591160166 0.000272520695187517 -0.0015381292433768456 -0.0002754567781813877 0.9999984226653202 0.3032961600622457 -0.03308740680228084 -0.001876557208305485
FixedParameters: 0 0 0
#Transform 103
Transform: MatrixOffsetTransformBase_double_3_3
Parameters: 0.9999939932139859 0.0015187127627628782 0.003122783357126041 -0.0015216161820993815 0.9999984222249166 0.0008906850827540835 -0.003121448396189351 -0.0008957826175469419 0.9999948717295131 0.35777025292519227 -0.06872568062372864 0.18592876689439208
FixedParameters: 0 0 0
#Transform 104
Transform: MatrixOffsetTransformBase_double_3_3
Parameters: 0.9999985854060135 0.001191899588340024 0.0009969529466210894 -0.00119257862032149 0.9999996171966681 0.0003142258834886169 -0.0009961947699265797 -0.00031564232940387016 0.9999997698403326 0.31997233531573954 0.08466878934339661 0.03372693974895924
FixedParameters: 0 0 0
#Transform 105
Transform: MatrixOffsetTransformBase_double_3_3
Parameters: 0.9999950440720579 0.0012382819185424304 0.0027547477838246875 -0.0012474404426100465 0.999993805765215 0.003170651823431403 -0.0027515675319009017 -0.0031740699488612134 0.999990773038383 0.3584258240365159 -0.028195366452351323 0.2183528884771846
FixedParameters: 0 0 0
#Transform 106
Transform: MatrixOffsetTransformBase_double_3_3
Parameters: 0.9999927775776772 0.0013732479342260196 0.003527509466545023 -0.0013794090972825447 0.9999974998627946 0.0017874550587151095 -0.0035257102936858617 -0.001792032396975729 0.9999926535477575 0.35805450363592684 -0.01768590483403898 0.2523011542247531
FixedParameters: 0 0 0
#Transform 107
Transform: MatrixOffsetTransformBase_double_3_3
Parameters: 0.9999954149285266 0.0014755749692168928 0.002731239709957138 -0.00147905985233891 0.9999980569067651 0.001125943065222429 -0.002729287889279078 -0.0011298912632910496 0.9999957100984107 0.3375573474706641 0.002792181547590644 0.21707866832007028
FixedParameters: 0 0 0
#Transform 108
Transform: MatrixOffsetTransformBase_double_3_3
Parameters: 0.9999969028477776 0.0014160207030571303 0.0022681380866672943 -0.001418922589897978 0.9999979705667864 0.001228488301282582 -0.002266032494586269 -0.0012310726146200213 0.9999968040342067 0.3439856337688809 0.000790294057978258 0.06396234201429252
FixedParameters: 0 0 0
#Transform 109
Transform: MatrixOffsetTransformBase_double_3_3
Parameters: 0.9999926467930896 0.0015849816182342616 0.0034491627802715683 -0.0015894240547201727 0.9999983117019517 0.001313629344415146 -0.0034467445925721735 -0.001319804951597725 0.9999937586992655 0.3582541180038703 -0.019268866999041734 0.2006564837775926
FixedParameters: 0 0 0
#Transform 110
Transform: MatrixOffsetTransformBase_double_3_3
Parameters: 0.9999954381884215 0.001475022023898524 0.0027272781822051603 -0.001478497971806169 0.999998058553449 0.0011259504571190793 -0.002725327618979846 -0.0011298839125586935 0.999995731711596 0.3441618420658301 0.04065657167417669 0.1543007676940249
FixedParameters: 0 0 0
#Transform 111
Transform: MatrixOffsetTransformBase_double_3_3
Parameters: 0.9999971435625955 0.001374620496605151 0.0017534939587718207 -0.0013784809268802371 0.9999970846235395 0.0018303543613676088 -0.0017510296471932515 -0.0018325874071561388 0.9999971325766923 0.3265603773625827 0.037670439336082495 0.014439574053014326
FixedParameters: 0 0 0
#Transform 112
Transform: MatrixOffsetTransformBase_double_3_3
Parameters: 0.9999967176485867 0.00138440330489003 0.0021017266591467423 -0.001387180243712891 0.9999984173601282 0.0010608268648071018 -0.0021000248873145402 -0.001063132688977786 0.9999969411615011 0.351601384149518 0.035312220389400295 0.09903978806320879
FixedParameters: 0 0 0
#Transform 113
Transform: MatrixOffsetTransformBase_double_3_3
Parameters: 0.999996474749764 0.001421530691703218 0.0021355843778537095 -0.0014251232031430505 0.9999973966234309 0.0017069522003191617 -0.002132350067225418 -0.001710370925170207 0.9999961301698819 0.33913154040581617 -0.04647574516889108 0.09110515166378264
FixedParameters: 0 0 0
#Transform 114
Transform: MatrixOffsetTransformBase_double_3_3
