#Insight Transform File V1.0
#Transform 0
Transform: MatrixOffsetTransformBase_double_3_3
Parameters: 0.9999980892988759 0.0007337316753075621 0.0015097980620781201 -0.0007298755889456323 0.9999954253592791 -0.002857583207480696 -0.001511716660875996 0.0028563844466510113 0.9999945247126035 0.22560512796812304 -0.18853487750588727 -0.03392338640796311
FixedParameters: 0 0 0
#Transform 1
Transform: MatrixOffsetTransformBase_double_3_3
Parameters: 0.9999984254695041 0.0005436726623050748 0.001495722618478565 -0.0005404008431946347 0.9999963472122808 -0.002735498086317567 -0.0014974097735493477 0.002734873811708227 0.999995197765451 0.22824615669564707 -0.23419121957722666 -0.029922205775591237
FixedParameters: 0 0 0
#Transform 2
Transform: MatrixOffsetTransformBase_double_3_3
Parameters: 0.999997982454946 0.0010379480663869171 0.0016858405988476044 -0.0010338551697943107 0.9999967096920169 -0.0023428606932951734 -0.0016883570588819355 0.002341388910912484 0.9999954979157697 0.24271009783608122 -0.209192064719403 0.02190327821210758
FixedParameters: 0 0 0
#Transform 3
Transform: MatrixOffsetTransformBase_double_3_3
Parameters: 0.9999990495618228 0.0008725265242396345 0.0014307537900012726 -0.0008680672774040868 0.999993917478803 -0.003544500728026645 -0.001433630887854427 0.003543667852700133 0.9999922946069649 0.23458427422478678 -0.16618125186226962 -0.05335045670166494
FixedParameters: 0 0 0
#Transform 4
Transform: MatrixOffsetTransformBase_double_3_3
Parameters: 0.9999977472392918 0.0008062832941064567 0.0018514367134270932 -0.0007976133952532312 0.9999872796916391 -0.00491883562848669 -0.001855215947194802 0.00491692503668939 0.9999864457022087 0.24254130275802765 -0.23950684431154912 -0.1396233270487528
FixedParameters: 0 0 0
#Transform 5
Transform: MatrixOffsetTransformBase_double_3_3
Parameters: 0.9999969442664683 0.0013326161619518443 0.0019987331536614195 -0.0013232949159485783 0.9999891365174329 -0.004416255682242964 -0.0020041981916937845 0.00441400224579408 0.9999883935013549 0.2370108740361161 -0.22158623297394797 -0.09455079410312806
FixedParameters: 0 0 0
#Transform 6
Transform: MatrixOffsetTransformBase_double_3_3
Parameters: 0.9999981497946918 0.0012722857842091982 0.0010424432438258524 -0.0012689244198628219 0.9999951985612152 -0.0028829399195217376 -0.001046797639313736 0.002881135620722869 0.9999956279606064 0.21760307620529318 -0.184872817664953 -0.0501678504647316
FixedParameters: 0 0 0
#Transform 7
Transform: MatrixOffsetTransformBase_double_3_3
Parameters: 0.9999987234651253 0.001270689446790525 0.001210830525460005 -0.0012659813072451046 0.9999930299458004 -0.0033885108378041706 -0.0012153296437405828 0.00338624842232893 0.9999931372980942 0.20481232797627058 -0.18413529515159155 -0.04103997551354155
FixedParameters: 0 0 0
#Transform 8
Transform: MatrixOffsetTransformBase_double_3_3
Parameters: 0.9999980203370107 0.0012555523950071477 0.0014552050067145467 -0.0012491628667327618 0.9999896518432976 -0.004378511577561306 -0.0014601881493276417 0.004377746383399911 0.9999896049943197 0.20943607767630112 -0.24120449399322297 -0.08320149484912065
FixedParameters: 0 0 0
#Transform 9
Transform: MatrixOffsetTransformBase_double_3_3
Parameters: 0.9999990271576329 0.0011787714275290004 0.0011412642277901577 -0.001172717012290262 0.9999869676991326 -0.004989275899883766 -0.0011473638921444401 0.004988283441673763 0.9999868452584685 0.20500850944891624 -0.269581667596853 -0.22801234373352486
FixedParameters: 0 0 0
#Transform 10
Transform: MatrixOffsetTransformBase_double_3_3
Parameters: 0.9999976042963564 0.0018679162034777553 0.001284959871132807 -0.0018648176110255968 0.9999954145819817 -0.002518516801013143 -0.001288961462954298 0.0025152280627333545 0.9999960325883346 0.21189732523271232 -0.2790166276743804 -0.027087541812505833
FixedParameters: 0 0 0
#Transform 11
Transform: MatrixOffsetTransformBase_double_3_3
Parameters: 0.9999981672583108 0.0015779007498976623 0.001431441475595721 -0.0015720004523691487 0.9999915423396575 -0.003902120304852097 -0.0014375843930446996 0.0038993038181820705 0.9999917825313016 0.22036982433161256 -0.239242831467962 -0.07424911066019035
FixedParameters: 0 0 0
#Transform 12
Transform: MatrixOffsetTransformBase_double_3_3
Parameters: 0.9999978808086537 0.0013846546540454818 0.0013358506858294414 -0.001376175789566469 0.9999804486363026 -0.006154494840007907 -0.0013445532284080408 0.006152381354940006 0.9999805367611523 0.2190358870887934 -0.28236771393773097 -0.24506855157189023
FixedParameters: 0 0 0
#Transform 13
Transform: MatrixOffsetTransformBase_double_3_3
Parameters: 0.9999965560927618 0.0017227389669738384 0.0017967314112407526 -0.0017170918483138614 0.9999939741231143 -0.003099589406763553 -0.0018020110243862908 0.0030972848908573936 0.9999938773571481 0.22313808247946554 -0.30036691998137144 -0.04262812607005628
FixedParameters: 0 0 0
#Transform 14
Transform: MatrixOffsetTransformBase_double_3_3
Parameters: 0.9999967040810762 0.0016550319617249162 0.0018057667789615206 -0.0016484543978571332 0.99999195103799 -0.0035665397247658104 -0.0018111508636486431 0.003563454378809283 0.9999919287279627 0.22370127511557314 -0.293730713244031 -0.014736095896779489
FixedParameters: 0 0 0
#Transform 15
Transform: MatrixOffsetTransformBase_double_3_3
Parameters: 0.9999971761360346 0.0014588466563131564 0.0018327338231444584 -0.0014503978221815407 0.9999886503069807 -0.0045262252886367205 -0.0018386577870765017 0.004522725495628849 0.9999882600626995 0.22384438049989797 -0.2521268340746019 -0.0652378461524421
FixedParameters: 0 0 0
#Transform 16
Transform: MatrixOffsetTransformBase_double_3_3
Parameters: 0.9999976967928558 0.0012241172270613743 0.0018656604266939145 -0.0012137626993478264 0.9999844595789715 -0.00550386632635308 -0.0018720701152642807 0.005501047614636934 0.9999833320358315 0.21934936470150035 -0.26073120923081206 -0.17261466892142607
FixedParameters: 0 0 0
#Transform 17
Transform: MatrixOffsetTransformBase_double_3_3
Parameters: 0.9999971659831763 0.0014629028963485079 0.001832244177605781 -0.0014548131507709288 0.9999895145239328 -0.0044433666505585 -0.0018379588534786634 0.004440812912627684 0.9999888631726572 0.21850463292443578 -0.2699455210924384 -0.10126935022995553
FixedParameters: 0 0 0
#Transform 18
Transform: MatrixOffsetTransformBase_double_3_3
Parameters: 0.9999971575035809 0.001465233715748881 0.0018320125474672391 -0.0014573048169312297 0.9999889223604108 -0.004396426548731125 -0.001837508959156832 0.004393865695121846 0.9999882818816588 0.21819004617998417 -0.23604765053070764 -0.06818221422484783
FixedParameters: 0 0 0
#Transform 19
Transform: MatrixOffsetTransformBase_double_3_3
Parameters: 0.9999974855793591 0.0012895250904647127 0.0018547516622080124 -0.0012773520795563605 0.9999782839730444 -0.006503738918557711 -0.0018628042417692392 0.006500629498176008 0.9999774680385347 0.20923322260308908 -0.2865783943164786 -0.20231454788695657
FixedParameters: 0 0 0
#Transform 20
Transform: MatrixOffsetTransformBase_double_3_3
Parameters: 0.9999974536534738 0.0013023901322533043 0.0018532489129173893 -0.001290315001576811 0.9999799611486097 -0.0062230511168657465 -0.0018606698592714757 0.006220909570994387 0.9999789005132065 0.2304624352526048 -0.3174832419474001 -0.19605056321472603
FixedParameters: 0 0 0
#Transform 21
Transform: MatrixOffsetTransformBase_double_3_3
Parameters: 0.9999984755658292 0.0010653351088640156 0.001498301843101263 -0.001060590548980507 0.9999942135975152 -0.0031285013180642196 -0.0015017026925714244 0.003126339099282366 0.999993989433666 0.2038719343044022 -0.2975971101683683 -0.018704246312907458
FixedParameters: 0 0 0
#Transform 22
Transform: MatrixOffsetTransformBase_double_3_3
Parameters: 0.9999972421304822 0.0014147546968422044 0.001837909549962262 -0.0014048728973245859 0.9999839209570952 -0.005416045891104143 -0.0018450838949671325 0.005412605931886694 0.9999834490548329 0.21649327167445165 -0.28402839609890407 -0.14673122276420258
FixedParameters: 0 0 0
#Transform 23
Transform: MatrixOffsetTransformBase_double_3_3
Parameters: 0.9999974455857831 0.0012874781899727397 0.0018546003418471665 -0.0012749711346903446 0.9999758724692249 -0.0068441162258000565 -0.0018625712305525843 0.006841938383073065 0.9999748348246383 0.216536110043819 -0.3076454466169025 -0.3352960134445908
FixedParameters: 0 0 0
#Transform 24
Transform: MatrixOffsetTransformBase_double_3_3
Parameters: 0.9999980561614501 0.0014279829465841058 0.0016179536471707043 -0.0014206993483892516 0.9999889494005242 -0.004517852235646463 -0.0016246990590796026 0.00451606969055815 0.999988873386086 0.2018731867002117 -0.4100205630237781 -0.07775589735507538
FixedParameters: 0 0 0
#Transform 25
Transform: MatrixOffsetTransformBase_double_3_3
Parameters: 0.9999975119725534 0.0012924008182185094 0.001855560278350786 -0.001281693815608882 0.9999833037530023 -0.005604691482719415 -0.0018619878443923016 0.005602618327726128 0.9999821586158516 0.21304914302726274 -0.30539622810675837 -0.14313857997272805
FixedParameters: 0 0 0
#Transform 26
Transform: MatrixOffsetTransformBase_double_3_3
Parameters: 0.9999972843852604 0.0008667620498793707 0.0019163270389585332 -0.0008523517546016749 0.9999732365983852 -0.007219652459037135 -0.0019225515630721737 0.007217247866673437 0.9999724191798943 0.2196317899459217 -0.32130587232252594 -0.27251592951908776
FixedParameters: 0 0 0
#Transform 27
Transform: MatrixOffsetTransformBase_double_3_3
Parameters: 0.9999969675047484 0.0009791937890903891 0.002185864532767458 -0.0009632759012667778 0.999974360920187 -0.0071449025868621785 -0.00219316169880298 0.007143365501468657 0.9999721181591467 0.23244001105989298 -0.344294341358534 -0.2928272122753697
FixedParameters: 0 0 0
#Transform 28
Transform: MatrixOffsetTransformBase_double_3_3
Parameters: 0.9999970549902758 0.0010782085743838814 0.0021146160412548395 -0.0010652009780583527 0.9999806257984746 -0.006212418002998404 -0.002121013111934182 0.006210698729528841 0.9999788840237362 0.23939615674315462 -0.3253358917323226 -0.18119454594733497
FixedParameters: 0 0 0
#Transform 29
Transform: MatrixOffsetTransformBase_double_3_3
Parameters: 0.9999973186468365 0.0008363807671358048 0.0019208422818881507 -0.0008230542899596727 0.9999738081330896 -0.007192049483825735 -0.0019264446306897845 0.0071906625274529845 0.9999726628307462 0.23232729036436695 -0.3282449138651202 -0.22589300075163976
FixedParameters: 0 0 0
#Transform 30
Transform: MatrixOffsetTransformBase_double_3_3
Parameters: 0.9999969537006372 0.0009786657566210472 0.002406373307034103 -0.0009615858713908736 0.9999744153109599 -0.007140506434235333 -0.0024132647353670156 0.007138447868448944 0.9999711883126938 0.24710189124158433 -0.34463502775049903 -0.37677217891746295
FixedParameters: 0 0 0
#Transform 31
Transform: MatrixOffsetTransformBase_double_3_3
Parameters: 0.9999973428551182 0.000872445229568814 0.0019172869619706462 -0.0008617746793255828 0.9999858873339831 -0.005242310871795636 -0.0019214878882609296 0.005240056978831037 0.9999849574475951 0.23719503527320285 -0.34278499698037024 -0.11448655418733722
FixedParameters: 0 0 0
#Transform 32
Transform: MatrixOffsetTransformBase_double_3_3
Parameters: 0.9999972590143281 0.000904469056466268 0.0019122045288672285 -0.000893956352367815 0.9999837442691559 -0.005715890452199585 -0.0019165286261030381 0.005714119393803591 0.9999817267367827 0.2232862255706891 -0.29691389564393944 -0.1286937859686219
FixedParameters: 0 0 0
#Transform 33
Transform: MatrixOffsetTransformBase_double_3_3
Parameters: 0.9999978240348762 0.0007093587861943945 0.002105416034371553 -0.0006942156184503289 0.9999739812593118 -0.0072621680694482105 -0.0021101226504916734 0.00726095077027894 0.9999718622867911 0.2365255259603174 -0.32892084399215094 -0.3270773533402007
FixedParameters: 0 0 0
#Transform 34
Transform: MatrixOffsetTransformBase_double_3_3
Parameters: 0.9999961865371401 0.0010368251015323892 0.002349699968658539 -0.0010238380984324167 0.9999835304325608 -0.005626814774240374 -0.0023560448232636394 0.0056240761491957725 0.9999817958560617 0.24532326941975668 -0.34870319396658545 -0.1649270954799249
FixedParameters: 0 0 0
#Transform 35
Transform: MatrixOffsetTransformBase_double_3_3
Parameters: 0.9999974920240106 0.000705471242968183 0.0019404415189983384 -0.000691992556989097 0.9999756478570289 -0.0069345844652721755 -0.0019447195434181275 0.0069337120054245305 0.999974170242261 0.23093571402934288 -0.3339957667392497 -0.17028656967173106
FixedParameters: 0 0 0
#Transform 36
Transform: MatrixOffsetTransformBase_double_3_3
Parameters: 0.9999974962830509 0.0007103229630543726 0.001939362103071919 -0.0006960095854832218 0.9999726848074008 -0.00741763815605051 -0.0019445490950951577 0.007416421299163367 0.9999702612324356 0.2306551591256607 -0.3376345037103903 -0.24497726398277564
FixedParameters: 0 0 0
#Transform 37
Transform: MatrixOffsetTransformBase_double_3_3
Parameters: 0.9999972589018601 0.0008806504142446206 0.0019146422576178102 -0.0008676630599286552 0.9999764143984342 -0.006858115653475966 -0.0019201312549546046 0.00685634470210883 0.9999744011301347 0.22508115919265492 -0.35208055954754514 -0.24426425318465306
FixedParameters: 0 0 0
#Transform 38
Transform: MatrixOffsetTransformBase_double_3_3
Parameters: 0.9999969185038706 0.0013371861705774946 0.0022290610419088766 -0.0013246023396340633 0.9999836899176311 -0.0055606817856038715 -0.0022365681359604525 0.00555761208487171 0.9999820691595251 0.2270406936561642 -0.32876212216915235 -0.1342726740022897
FixedParameters: 0 0 0
#Transform 39
Transform: MatrixOffsetTransformBase_double_3_3
Parameters: 0.9999972506292123 0.0009425691864602204 0.0019071041555140805 -0.0009330891852835392 0.9999860365843706 -0.005226296298535438 -0.0019117678150920095 0.005224424387933552 0.9999840525458894 0.21747289377738355 -0.30965015128089135 -0.07770717349986
FixedParameters: 0 0 0
#Transform 40
Transform: MatrixOffsetTransformBase_double_3_3
Parameters: 0.999996260050461 0.0010740925073759264 0.0022890555142797905 -0.0010573703031758778 0.9999736287836816 -0.007173353163146767 -0.0022966449397497576 0.007170186606685891 0.9999714549863337 0.2263118423085615 -0.3258584617095721 -0.3062082413363072
FixedParameters: 0 0 0
#Transform 41
Transform: MatrixOffsetTransformBase_double_3_3
Parameters: 0.9999972807226367 0.0008668627692165328 0.0019164353880049903 -0.0008538973990220031 0.999973976270442 -0.007097556924651471 -0.0019222199617572391 0.007095100299127799 0.9999731775903301 0.2350216483213643 -0.3659238613911526 -0.2220600822255676
FixedParameters: 0 0 0
#Transform 42
Transform: MatrixOffsetTransformBase_double_3_3
Parameters: 0.9999974087972039 0.0008221075550291874 0.001924105538192139 -0.000810749861140124 0.9999822870308888 -0.005938708628689782 -0.0019289349168224793 0.005937219652117326 0.9999800284573903 0.21810285634458637 -0.3382066183616246 -0.14456874113764684
FixedParameters: 0 0 0
#Transform 43
Transform: MatrixOffsetTransformBase_double_3_3
Parameters: 0.9999974582941221 0.0007466783812777713 0.0019341917718938076 -0.0007324088556228021 0.9999743493124482 -0.007163238670888278 -0.0019394762091837214 0.007161939397860778 0.9999719889448583 0.212365335594356 -0.34261979739248716 -0.2165006257393145
FixedParameters: 0 0 0
#Transform 44
Transform: MatrixOffsetTransformBase_double_3_3
Parameters: 0.9999976545967136 0.0007719433703683451 0.002121724160440208 -0.0007569372096076343 0.9999755993156559 -0.0069309278482677095 -0.0021266657561291175 0.006929473352656257 0.9999734961339318 0.22507268804105252 -0.37137577185990267 -0.21366007750995664
FixedParameters: 0 0 0
#Transform 45
Transform: MatrixOffsetTransformBase_double_3_3
Parameters: 0.9999973213437561 0.0008878665275195352 0.001915128516824606 -0.0008774778428342206 0.9999865828675354 -0.005171193880798508 -0.0019192642290197098 0.005168608856055301 0.9999847300406697 0.21961223319105727 -0.3123283875242322 -0.0870888393138074
FixedParameters: 0 0 0
#Transform 46
Transform: MatrixOffsetTransformBase_double_3_3
Parameters: 0.9999976509929241 0.0005472477500213747 0.001963811443088541 -0.0005332973631395335 0.9999757807506736 -0.007009237131847729 -0.00196695762597892 0.007008665393503727 0.9999730067750305 0.21538231920889928 -0.31177771185397773 -0.1827338562512466
FixedParameters: 0 0 0
#Transform 47
Transform: MatrixOffsetTransformBase_double_3_3
Parameters: 0.9999973367297625 0.0008150421540914412 0.0019242385145578147 -0.0008016159043527076 0.9999753761513884 -0.006942526750009004 -0.001929064089401654 0.0069412685194860935 0.9999741750883443 0.22756847352745524 -0.33582416842658347 -0.3038917365954745
FixedParameters: 0 0 0
#Transform 48
Transform: MatrixOffsetTransformBase_double_3_3
Parameters: 0.9999974604231499 0.0008097887043764969 0.0019265774515067197 -0.0007997980934586462 0.9999867390737126 -0.005085748909278348 -0.0019307492812339067 0.005084665631535756 0.9999853465127986 0.22798939079470415 -0.37652605417730456 -0.10586633666530076
FixedParameters: 0 0 0
#Transform 49
Transform: MatrixOffsetTransformBase_double_3_3
Parameters: 0.9999982361444539 0.0009270058678366279 0.0019084451466477026 -0.000915459621169735 0.9999801593467509 -0.006261837961194255 -0.0019140925784641785 0.00625993699723057 0.999978202891717 0.21195967927860693 -0.3008334142161999 -0.1754355565466028
FixedParameters: 0 0 0
#Transform 50
Transform: MatrixOffsetTransformBase_double_3_3
Parameters: 0.999997757783574 0.000404828139185698 0.0019848165167022577 -0.0003913783067178121 0.999974714154371 -0.007085498224279979 -0.001986985876327438 0.007084720287968693 0.9999729244707558 0.22682067932056782 -0.34039846501690363 -0.3443763739426231
FixedParameters: 0 0 0
#Transform 51
Transform: MatrixOffsetTransformBase_double_3_3
Parameters: 0.9999981587808018 0.0007397433904558848 0.00178027841710688 -0.0007318026498176044 0.9999870829208495 -0.0049488241964849855 -0.00178443606788619 0.004947249044346708 0.9999863554512681 0.21050943240862807 -0.4086530251802287 -0.11003515483623971
FixedParameters: 0 0 0
#Transform 52
Transform: MatrixOffsetTransformBase_double_3_3
Parameters: 0.999998100988918 0.0004918151331551679 0.001874055573519648 -0.0004790361049883101 0.9999767276181997 -0.006801484360665744 -0.0018772531030213507 0.006801527601980717 0.9999751417435117 0.2174522070021112 -0.32559866645779323 -0.19372839744978876
FixedParameters: 0 0 0
#Transform 53
Transform: MatrixOffsetTransformBase_double_3_3
Parameters: 0.9999985678272213 0.0004630790742844804 0.0017529562195569073 -0.00045092667779186597 0.9999766929486751 -0.006796742602713207 -0.0017559088562086045 0.006796093213835175 0.9999757816655158 0.21829825982577233 -0.34543881995544723 -0.33988797492015976
FixedParameters: 0 0 0
#Transform 54
Transform: MatrixOffsetTransformBase_double_3_3
Parameters: 0.9999988696453889 0.0006868093631027727 0.001579202889352621 -0.0006779815317920802 0.9999826114372983 -0.0058326233483027845 -0.001583463762128201 0.005831248145191481 0.999981562710526 0.2098994241155907 -0.35493721253286026 -0.17777309199060198
FixedParameters: 0 0 0
#Transform 55
Transform: MatrixOffsetTransformBase_double_3_3
Parameters: 0.9999978588931693 0.0005936925111504881 0.0019059061854650172 -0.0005826633273931332 0.9999802973759495 -0.0062009076677866926 -0.0019093913628147954 0.006199570914395464 0.9999789867393887 0.2188856688084968 -0.2986467094335836 -0.1832124582552126
FixedParameters: 0 0 0
#Transform 56
Transform: MatrixOffsetTransformBase_double_3_3
Parameters: 0.99999754194747 0.0009300834751525865 0.0020833245726766883 -0.0009161573699099498 0.999976222207073 -0.006793458426120641 -0.0020901087209111366 0.006791399718420188 0.9999745472210232 0.2166356250459529 -0.3527479518565855 -0.300966290219975
FixedParameters: 0 0 0
#Transform 57
Transform: MatrixOffsetTransformBase_double_3_3
Parameters: 0.9999977764930171 0.000933743411914819 0.002023406758595435 -0.0009206247377218273 0.9999785191752526 -0.006544835222693668 -0.002029719087880452 0.006542646405113678 0.999976128842917 0.22589753735596219 -0.3649050656642743 -0.2713609227611755
FixedParameters: 0 0 0
#Transform 58
Transform: MatrixOffsetTransformBase_double_3_3
Parameters: 0.9999983056152562 0.0007219301752947552 0.0013984428220598644 -0.0007141926540955067 0.9999850323748221 -0.005437104362986278 -0.0014017427664816048 0.0054359913031316875 0.9999845976755591 0.20484505564454025 -0.3207262515609983 -0.14329255735067647
FixedParameters: 0 0 0
#Transform 59
Transform: MatrixOffsetTransformBase_double_3_3
Parameters: 0.9999973488784898 0.0007636688877585536 0.002196519229775956 -0.0007484683932206622 0.9999738631437658 -0.007195403608790313 -0.002201671256850099 0.007193770306776398 0.9999714468593899 0.2195504473112777 -0.31339656599908494 -0.27186374184043416
FixedParameters: 0 0 0
#Transform 60
Transform: MatrixOffsetTransformBase_double_3_3
Parameters: 0.999997803567309 0.0005851803692152888 0.0019118852511985918 -0.0005729314601116437 0.9999773414104728 -0.006747294538858806 -0.001915066673442302 0.006746631952732424 0.9999748173679031 0.2247195436801377 -0.3605113236003774 -0.2670121647149841
FixedParameters: 0 0 0
#Transform 61
Transform: MatrixOffsetTransformBase_double_3_3
Parameters: 0.9999971243718431 0.001053410626688337 0.002111775959452604 -0.0010395992854126922 0.9999770630134467 -0.0066386555426359295 -0.002118824259764132 0.0066360370941558056 0.9999755632698623 0.21631894456827183 -0.3584274747698828 -0.20329141360502945
FixedParameters: 0 0 0
#Transform 62
Transform: MatrixOffsetTransformBase_double_3_3
Parameters: 0.9999974068896401 0.0010009756620613939 0.002070844587148027 -0.0009862163239688203 0.9999764748256693 -0.006775264712424345 -0.002077697754189381 0.006773960573717569 0.9999747465134198 0.21092383343783183 -0.34247274501953484 -0.19799120337003728
FixedParameters: 0 0 0
#Transform 63
Transform: MatrixOffsetTransformBase_double_3_3
Parameters: 0.9999980336815675 0.000901407555971582 0.0019630378666993797 -0.0008881452205098542 0.9999752642647255 -0.007010133700729976 -0.001968942343402641 0.00700814688426965 0.9999731130313317 0.2169277355646102 -0.3362796756731683 -0.3980019863442834
FixedParameters: 0 0 0
#Transform 64
Transform: MatrixOffsetTransformBase_double_3_3
Parameters: 0.9999976141298373 0.0007453376803948199 0.0018914497220790041 -0.0007332205469722389 0.9999786633906758 -0.006482430087637353 -0.0018954531477775177 0.006481524778217146 0.9999774259946237 0.20016098822749484 -0.35066938551085514 -0.23186763066546234
FixedParameters: 0 0 0
#Transform 65
Transform: MatrixOffsetTransformBase_double_3_3
Parameters: 0.9999982970367484 0.0009100497532115726 0.0018893277390804805 -0.0008982737613913465 0.9999775561582108 -0.006622420304194632 -0.0018945971848039686 0.006620857758341481 0.9999766594321111 0.200472987816795 -0.3370697494124215 -0.1959249634903273
FixedParameters: 0 0 0
#Transform 66
Transform: MatrixOffsetTransformBase_double_3_3
Parameters: 0.999997419458366 0.0007984492066576291 0.0019226806629184107 -0.0007853977274200705 0.9999761882631661 -0.006885596954468137 -0.001928173267054932 0.006884389592080625 0.9999749159224072 0.20583676722094424 -0.32895619291177525 -0.3678763630500157
FixedParameters: 0 0 0
#Transform 67
Transform: MatrixOffsetTransformBase_double_3_3
Parameters: 0.9999980488190336 0.0008937499797076484 0.0019639742379776934 -0.0008798917773087797 0.9999741037845441 -0.007164778829917007 -0.0019702467639545404 0.007163095823231824 0.9999728899655378 0.20365320575713497 -0.3806290898654652 -0.28049779929831686
FixedParameters: 0 0 0
#Transform 68
Transform: MatrixOffsetTransformBase_double_3_3
Parameters: 0.9999982885792661 0.0009149663816790275 0.001901835610669228 -0.000902385767300516 0.9999783381702411 -0.0065616135293105615 -0.0019080756915187194 0.006559770548109578 0.9999763776624258 0.21823302059702598 -0.3617989046739325 -0.21561423932942603
FixedParameters: 0 0 0
#Transform 69
Transform: MatrixOffsetTransformBase_double_3_3
Parameters: 0.9999970516165295 0.0009182959953958833 0.0021936912735563974 -0.0009023589482098403 0.9999724516016246 -0.007352894145868788 -0.0022004603785234222 0.007351559453836726 0.999970072783636 0.21489793869523055 -0.34212740990929547 -0.33254686118242205
FixedParameters: 0 0 0
#Transform 70
Transform: MatrixOffsetTransformBase_double_3_3
Parameters: 0.999998063120953 0.000884522041907209 0.0019651765427275425 -0.0008699236946693324 0.9999724100428435 -0.007351504671910952 -0.0019717417078286767 0.007349856312796721 0.9999711713973947 0.20276420900000858 -0.35278366358296864 -0.5064638393641303
FixedParameters: 0 0 0
#Transform 71
Transform: MatrixOffsetTransformBase_double_3_3
Parameters: 0.9999980564831107 0.0008876852095641595 0.0019647969700164053 -0.000873330813408112 0.9999733204658029 -0.0072877340816014935 -0.001971195365122476 0.007285798346081174 0.9999711308405304 0.21136166062065342 -0.4399442591017646 -0.36533837256980917
FixedParameters: 0 0 0
#Transform 72
Transform: MatrixOffsetTransformBase_double_3_3
Parameters: 0.9999980285868916 0.00090535217092146 0.0019625048104726928 -0.0008924119763347579 0.9999753899161342 -0.00693011172582525 -0.0019683232101016315 0.006928385804805232 0.9999742094734104 0.20984935038846686 -0.3577945808702623 -0.3221533241380996
FixedParameters: 0 0 0
#Transform 73
Transform: MatrixOffsetTransformBase_double_3_3
Parameters: 0.9999967220079797 0.0010152691714569095 0.0022138316955218965 -0.0009994960151736175 0.999973281819651 -0.007214769314880409 -0.0022206617747624405 0.007212982531975998 0.9999710524134617 0.21533596869107896 -0.37632565536078744 -0.5413675833882223
FixedParameters: 0 0 0
#Transform 74
Transform: MatrixOffsetTransformBase_double_3_3
Parameters: 0.9999971483961156 0.0010831093344569054 0.0023001773042384058 -0.0010652137617019582 0.9999691185163784 -0.007814664662368465 -0.002308405822956265 0.007812306423646165 0.9999667025548619 0.20658737254585446 -0.44397026709953025 -0.3618292767332889
FixedParameters: 0 0 0
#Transform 75
Transform: MatrixOffsetTransformBase_double_3_3
Parameters: 0.9999981862214956 0.0008115437703121826 0.001976355031113021 -0.0007984169667660636 0.999975074797623 -0.006964069588351857 -0.0019819119506564037 0.006962676407477136 0.9999736304925897 0.2088467759315762 -0.369554853347168 -0.2680788415508317
FixedParameters: 0 0 0
#Transform 76
Transform: MatrixOffsetTransformBase_double_3_3
Parameters: 0.999996820434734 0.001001840335779245 0.002416459586268696 -0.0009837156285254995 0.9999697602947333 -0.007720347699823077 -0.0024240751308088754 0.007718346155485528 0.9999675538948098 0.22704971390544415 -0.371409669149358 -0.5200725035164311
FixedParameters: 0 0 0
#Transform 77
Transform: MatrixOffsetTransformBase_double_3_3
Parameters: 0.9999968205251573 0.0009852093761667166 0.0022067591634455444 -0.0009689003664761558 0.9999707531204749 -0.007591724382926629 -0.00221405675212856 0.007590033410371205 0.9999685003677147 0.22894245781564848 -0.41082722666628513 -0.31402436392505706
FixedParameters: 0 0 0
#Transform 78
Transform: MatrixOffsetTransformBase_double_3_3
Parameters: 0.9999981176227162 0.0005039662987356558 0.0015787769969795168 -0.0004927051723285659 0.9999728687194539 -0.00727874866601666 -0.00158318194803736 0.007278124147507142 0.9999725651398246 0.21719661076554075 -0.35572686623845584 -0.24268726989762968
FixedParameters: 0 0 0
#Transform 79
Transform: MatrixOffsetTransformBase_double_3_3
Parameters: 0.9999982035980679 0.0008320409841076964 0.0019518563584583412 -0.0008181369544114636 0.9999734323521124 -0.007209605135480274 -0.0019573250076395377 0.0072072257931494466 0.9999724375797714 0.20688335271293568 -0.35099652378943347 -0.38053095170290874
FixedParameters: 0 0 0
#Transform 80
Transform: MatrixOffsetTransformBase_double_3_3
Parameters: 0.9999966730658144 0.0012000759379918007 0.0023335671739505986 -0.0011825114756581837 0.9999701952015014 -0.007599310242815627 -0.0023420251962461697 0.00759662338730005 0.9999689025587579 0.21249655619936902 -0.3768714187676778 -0.46414365373635746
FixedParameters: 0 0 0
#Transform 81
Transform: MatrixOffsetTransformBase_double_3_3
Parameters: 0.9999973621775623 0.0007988687879695033 0.0019385130186890531 -0.0007852951184835269 0.9999733927003223 -0.007224977801590898 -0.0019446112502020663 0.0072236929644248216 0.9999720673530855 0.19937042489362966 -0.4043118675425319 -0.2639142624992701
FixedParameters: 0 0 0
#Transform 82
Transform: MatrixOffsetTransformBase_double_3_3
Parameters: 0.9999980190882813 0.0009027875712354907 0.0019667491963002645 -0.0008889959192158988 0.9999745057179663 -0.0071343371706664716 -0.001972994359462979 0.007132338268517308 0.9999723386198739 0.20648405725576424 -0.3614322031135373 -0.24146504134876068
FixedParameters: 0 0 0
#Transform 83
Transform: MatrixOffsetTransformBase_double_3_3
Parameters: 0.9999954602046314 0.000949878125275052 0.0027189279005523023 -0.0009306698987061055 0.9999740347322943 -0.007102666265191654 -0.0027261310087143206 0.007100600839484661 0.9999710443357527 0.215505808190116 -0.3564073423454204 -0.4201722916756694
FixedParameters: 0 0 0
#Transform 84
Transform: MatrixOffsetTransformBase_double_3_3
Parameters: 0.9999980477590361 0.0007609962803403411 0.0020321048576893083 -0.0007468774213352505 0.9999728297943126 -0.007267419338055553 -0.0020374742153672354 0.007266092980188266 0.9999710916491669 0.20933761653114402 -0.40526139713587384 -0.3383134840058233
FixedParameters: 0 0 0
#Transform 85
Transform: MatrixOffsetTransformBase_double_3_3
Parameters: 0.9999984327964708 0.0006250404413789901 0.0017269018850923981 -0.0006125946250455485 0.9999754125119709 -0.006959728835205958 -0.0017313664281262756 0.006959516370343616 0.999974534975906 0.19789869870189136 -0.362100460086225 -0.27344435002319756
FixedParameters: 0 0 0
#Transform 86
Transform: MatrixOffsetTransformBase_double_3_3
Parameters: 0.9999979411160161 0.0006556946257533728 0.002095166234971628 -0.0006406625113348514 0.9999739033651737 -0.007272387065638292 -0.0020991076681090154 0.007271409545763441 0.9999717567303638 0.2111222912299553 -0.3619333231622619 -0.4679839696205761
FixedParameters: 0 0 0
#Transform 87
Transform: MatrixOffsetTransformBase_double_3_3
Parameters: 0.9999971265132149 0.00047466092450780713 0.0023492503792117564 -0.00045665590955980186 0.9999711433315123 -0.007597261884604467 -0.002352845947176087 0.007595999140686788 0.999968822083675 0.20996602697532296 -0.4170432127354644 -0.38213041392117475
FixedParameters: 0 0 0
#Transform 88
Transform: MatrixOffsetTransformBase_double_3_3
Parameters: 0.9999985588094498 0.0005678941706525496 0.0017109793527566655 -0.0005550628353300476 0.9999748882142772 -0.0071421815505117725 -0.0017149531245529842 0.00714190879607543 0.9999730349090541 0.19548536701211106 -0.38746840979942476 -0.2399001090411872
FixedParameters: 0 0 0
#Transform 89
Transform: MatrixOffsetTransformBase_double_3_3
Parameters: 0.9999979288940122 0.0006045142299729847 0.002125902570590449 -0.0005884397598772215 0.9999724339507315 -0.007435622123461244 -0.002130381003755226 0.007433849565182865 0.9999703152551467 0.2033597921706729 -0.3819685587525754 -0.3919320144259615
FixedParameters: 0 0 0
#Transform 90
Transform: MatrixOffsetTransformBase_double_3_3
Parameters: 0.9999963433692266 0.0005832346292472491 0.0024842458852900734 -0.0005660814223200257 0.9999765585784256 -0.006797104623854716 -0.002488101672551035 0.006795228307915707 0.9999736982790128 0.21859909823537294 -0.35829012314957254 -0.4607038541869315
FixedParameters: 0 0 0
#Transform 91
Transform: MatrixOffsetTransformBase_double_3_3
Parameters: 0.9999980724007131 0.0005164162548196571 0.0018850034384848002 -0.0005051362681711925 0.9999815254033613 -0.006106922268836745 -0.0018884544113757784 0.00610566246613975 0.9999791864549648 0.19999093206907048 -0.3742759440033723 -0.20141515199635762
FixedParameters: 0 0 0
#Transform 92
Transform: MatrixOffsetTransformBase_double_3_3
Parameters: 0.9999980791178346 0.0005017652648231135 0.001588555998500385 -0.0004910576712892339 0.9999775073298616 -0.006732966174124916 -0.001592120078073668 0.006732115232742503 0.9999762070235121 0.19827239950014075 -0.3256902335094196 -0.2876079564720584
FixedParameters: 0 0 0
#Transform 93
Transform: MatrixOffsetTransformBase_double_3_3
Parameters: 0.999997518405906 0.0003563837410202556 0.0022933957048823575 -0.0003402764235095187 0.9999776351325083 -0.006722222671565858 -0.0022952909713647718 0.006720455615478099 0.9999747216956588 0.20780154822088548 -0.34564815832287366 -0.3865336113965583
FixedParameters: 0 0 0
#Transform 94
Transform: MatrixOffsetTransformBase_double_3_3
Parameters: 0.999997970572959 0.0007638647869000047 0.002057095233842718 -0.0007515130120987253 0.9999830902967122 -0.005794394671166714 -0.0020609060292645642 0.005793208013609774 0.9999811749909248 0.20550200870272306 -0.35230118266427723 -0.26686513721651295
FixedParameters: 0 0 0
#Transform 95
Transform: MatrixOffsetTransformBase_double_3_3
Parameters: 0.9999979917134068 0.0005963206380527443 0.0018578075391283908 -0.0005846318609662787 0.9999783697907227 -0.006509759955670047 -0.0018609060760153284 0.006508484267772063 0.9999772883589519 0.2027404784525828 -0.3697785225145225 -0.2808698088369539
FixedParameters: 0 0 0
#Transform 96
Transform: MatrixOffsetTransformBase_double_3_3
Parameters: 0.9999975894038382 0.000553146446335773 0.0019789716404913296 -0.0005394112481663677 0.9999746840473881 -0.007157548764980287 -0.001982429999688909 0.007157161388034211 0.9999728264618039 0.2203021864934982 -0.33960661007306214 -0.47074112469931606
FixedParameters: 0 0 0
#Transform 97
Transform: MatrixOffsetTransformBase_double_3_3
Parameters: 0.9999978140585898 0.0005681834334748089 0.0019144111174971418 -0.0005550776845701898 0.9999770091321708 -0.0066910892667521316 -0.0019174403480782462 0.006689856562269003 0.9999756783106986 0.22711823649625273 -0.39957142429696546 -0.3024876626785442
FixedParameters: 0 0 0
#Transform 98
Transform: MatrixOffsetTransformBase_double_3_3
Parameters: 0.9999979299454048 0.0006829142498310072 0.0018449312034533316 -0.000670890861815954 0.9999774063992155 -0.006660658970051275 -0.0018494549028094248 0.006660037470896912 0.9999762013763915 0.21710521424625995 -0.381185879010161 -0.23116836852588563
FixedParameters: 0 0 0
#Transform 99
Transform: MatrixOffsetTransformBase_double_3_3
Parameters: 0.9999972526727567 0.00045911958699465863 0.0021064767851380548 -0.0004455646495783389 0.9999788284624046 -0.006484734379258589 -0.002109585183757791 0.006483669014015786 0.9999765311887752 0.22714310589934428 -0.3152464964291255 -0.5109538647389513
FixedParameters: 0 0 0
#Transform 100
Transform: MatrixOffsetTransformBase_double_3_3
Parameters: 0.999997987512851 0.000324324508298739 0.0019524254512469433 -0.0003111948480725747 0.9999778994563688 -0.00663979846692786 -0.0019541289458318498 0.006639447943585897 0.9999761101627652 0.23091760088254887 -0.4220019637639183 -0.4036668672044357
FixedParameters: 0 0 0
#Transform 101
Transform: MatrixOffsetTransformBase_double_3_3
Parameters: 0.9999976089944581 0.0007525904836611667 0.0018910979026555003 -0.0007399877543831593 0.9999763233601215 -0.006879498090460234 -0.001895850462627413 0.006878238896555866 0.9999741442710955 0.2115511294505552 -0.3718145832075095 -0.31800871216381665
FixedParameters: 0 0 0
#Transform 102
Transform: MatrixOffsetTransformBase_double_3_3
Parameters: 0.9999979561996409 0.0006846874827576496 0.001845608965434585 -0.0006743045344222102 0.9999854098463807 -0.005406156836849585 -0.0018490511881634822 0.005404430798012644 0.9999834503090483 0.2082386072577691 -0.3518362317203412 -0.5330617953980124
FixedParameters: 0 0 0
#Transform 103
Transform: MatrixOffsetTransformBase_double_3_3
Parameters: 0.9999980064857801 0.0005776861217217742 0.0018604541141314518 -0.0005653953012604157 0.9999773335997043 -0.006665944880150515 -0.0018635872217360669 0.006664735820669454 0.9999762176657548 0.20389768888608728 -0.4009165857059287 -0.2894211934798676
FixedParameters: 0 0 0
#Transform 104
Transform: MatrixOffsetTransformBase_double_3_3
Parameters: 0.999997783798914 0.0007773630144550661 0.001831377569209168 -0.0007659909640139887 0.9999800275825795 -0.0062141524090022215 -0.0018353211292509858 0.006213268468264338 0.9999790539905894 0.19494585153833555 -0.34769866661953586 -0.2239280064740825
FixedParameters: 0 0 0
#Transform 105
Transform: MatrixOffsetTransformBase_double_3_3
Parameters: 0.9999981018993337 0.00047307164551178144 0.0018761573201592635 -0.00046075365842877195 0.9999814633833798 -0.006117502202688613 -0.0018783394503704282 0.006116756136753054 0.9999801112484435 0.2021991429173653 -0.3170558253854807 -0.435754315125763
FixedParameters: 0 0 0
#Transform 106
Transform: MatrixOffsetTransformBase_double_3_3
Parameters: 0.9999968246557662 0.0007203937484798108 0.002353702930114665 -0.0007071938901479415 0.9999843840819502 -0.005509633525717816 -0.0023583267133886338 0.0055084019628323655 0.9999819714034061 0.22020549054087724 -0.3451950200246614 -0.5332459801658302
FixedParameters: 0 0 0
#Transform 107
Transform: MatrixOffsetTransformBase_double_3_3
Parameters: 0.9999984330193279 0.00027344071894883516 0.0015456771330812705 -0.0002633888219164436 0.9999818843963733 -0.00608327415380297 -0.001546682824001333 0.006082300557900683 0.999980755819143 0.19483673273028046 -0.3594318377873691 -0.3121956335319709
FixedParameters: 0 0 0
#Transform 108
Transform: MatrixOffsetTransformBase_double_3_3
Parameters: 0.9999986511303283 0.0005795459140636164 0.0013494154859667873 -0.0005701350895633466 0.9999752573238594 -0.00703608072292583 -0.00135374343744539 0.007035317435635652 0.9999747737321539 0.18169355741154902 -0.3678157191318121 -0.43117716344625023
FixedParameters: 0 0 0
#Transform 109
Transform: MatrixOffsetTransformBase_double_3_3
Parameters: 0.999997672952328 0.0004649309625387836 0.001990386500449748 -0.00045173045063431026 0.9999787382838143 -0.006491820658723335 -0.001992733357114966 0.006490900914891157 0.9999769593942813 0.19997342046450228 -0.37521541959786475 -0.4948067605628097
FixedParameters: 0 0 0
#Transform 110
Transform: MatrixOffsetTransformBase_double_3_3
Parameters: 0.9999978091361663 0.0007577685311154518 0.0018339609242764912 -0.0007459271557910107 0.9999779596248954 -0.006609775112440042 -0.0018383186146646094 0.006608632382139573 0.9999759935628505 0.19308399398559573 -0.4001786659769664 -0.3280711419327673
FixedParameters: 0 0 0
#Transform 111
Transform: MatrixOffsetTransformBase_double_3_3
Parameters: 0.9999978073593397 0.0007594991302525165 0.0018337232363344197 -0.0007477894303088107 0.9999784177115669 -0.0065748283607474645 -0.0018380519880072943 0.006573679414698885 0.999976455281111 0.19475354341618356 -0.38660914683906356 -0.26850773514509285
FixedParameters: 0 0 0
#Transform 112
Transform: MatrixOffsetTransformBase_double_3_3
Parameters: 0.9999977876120375 0.0008099322632095325 0.0018271546114971282 -0.0008000551583840169 0.9999845534826197 -0.005558170546826113 -0.0018311763208825951 0.005555973808131887 0.9999829085006446 0.20189071640700718 -0.29694226474939 -0.6059067711731245
FixedParameters: 0 0 0
#Transform 113
Transform: MatrixOffsetTransformBase_double_3_3
Parameters: 0.9999973998384404 0.00078664744403735 0.0019430955808377032 -0.0007744690480919305 0.9999792227851955 -0.006356123226560428 -0.0019483192171937808 0.006354966466208117 0.9999778003434747 0.1931124198745664 -0.4435826899938462 -0.33170929481568123
FixedParameters: 0 0 0
#Transform 114
Transform: MatrixOffsetTransformBase_double_3_3
Parameters: 0.9999977862718442 0.0007750393492582429 0.0018316950275925753 -0.0007634909409649825 0.9999804263432946 -0.0062612255820788665 -0.0018356808307507036 0.006260073962647245 0.9999784866336203 0.18915379363770057 -0.3535904218493471 -0.3923679000040323
FixedParameters: 0 0 0
#Transform 115
Transform: MatrixOffsetTransformBase_double_3_3
