#Insight Transform File V1.0
#Transform 0
Transform: MatrixOffsetTransformBase_double_3_3
Parameters: 0.9999961099992135 0.0018127319817189983 0.0018445259722435353 -0.0018083212216487036 0.9999952066647924 -0.0024342112045450393 -0.0018488814547801755 0.0024304863507425556 0.9999954739637313 0.22374849676143072 -0.13408663568299062 -0.03546891960904475
FixedParameters: 0 0 0
#Transform 1
Transform: MatrixOffsetTransformBase_double_3_3
Parameters: 0.9999928765005499 0.0019550884980423762 0.0031414524450933262 -0.001938140659811109 0.999983819066245 -0.005404517190159275 -0.0031524014934250916 0.00539835082350848 0.9999805676333825 0.2621577890271851 -0.19066435803429727 -0.22969614854413578
FixedParameters: 0 0 0
#Transform 2
Transform: MatrixOffsetTransformBase_double_3_3
Parameters: 0.9999924143391133 0.0018049015021776227 0.003585554954066629 -0.0017827876265944136 0.9999782803409837 -0.006270810422555562 -0.003596551121750613 0.006264276584136558 0.9999735124584264 0.28716292336623894 -0.24675155848345298 -0.34182131440068986
FixedParameters: 0 0 0
#Transform 3
Transform: MatrixOffsetTransformBase_double_3_3
Parameters: 0.9999955893437862 0.0017284920206288735 0.002264736013311383 -0.0017200517688171569 0.9999918379633694 -0.0037059897058783764 -0.002270933843134211 0.0037021933366904736 0.9999908995046434 0.2124816016270472 -0.2290326273929253 -0.005361561149598515
FixedParameters: 0 0 0
#Transform 4
Transform: MatrixOffsetTransformBase_double_3_3
Parameters: 0.9999933480924356 0.0018156280420872847 0.0032996068626170577 -0.001793932531807773 0.9999779099699743 -0.006453299651710209 -0.0033118835711572897 0.006447539260594021 0.999974154252413 0.25555309405558546 -0.2219382256990201 -0.30242051169247475
FixedParameters: 0 0 0
#Transform 5
Transform: MatrixOffsetTransformBase_double_3_3
Parameters: 0.9999938016960689 0.0017533052375118523 0.0031144045963441974 -0.0017346933396665317 0.9999802220970011 -0.006033501681224601 -0.0031253956853758424 0.006027643094946161 0.99997668874047 0.2413358141368036 -0.2576259841335542 -0.25842206647887167
FixedParameters: 0 0 0
#Transform 6
Transform: MatrixOffsetTransformBase_double_3_3
Parameters: 0.9999960756180366 0.0017709142422350568 0.0023328829473763524 -0.0017622135359104526 0.9999900334403807 -0.0040473828671859224 -0.0023393361027266996 0.0040430681077540664 0.9999890066378248 0.2119177636053422 -0.2124661227392579 -0.07363115291573763
FixedParameters: 0 0 0
#Transform 7
Transform: MatrixOffsetTransformBase_double_3_3
Parameters: 0.9999947355866508 0.0019676530401982655 0.0024311241521947358 -0.0019541398529496655 0.9999834064059951 -0.005423207055792967 -0.0024418825022078858 0.005418438644330947 0.999982523269582 0.22889387381766824 -0.19715099253684798 -0.176805815434804
FixedParameters: 0 0 0
#Transform 8
Transform: MatrixOffsetTransformBase_double_3_3
Parameters: 0.9999944642073473 0.001992304226217819 0.002819103824282243 -0.0019733814571468817 0.9999744452835191 -0.006812246310448938 -0.002832388672434502 0.006806752116589071 0.9999725171923479 0.25297066434450244 -0.2729760907940175 -0.24966551670399895
FixedParameters: 0 0 0
#Transform 9
Transform: MatrixOffsetTransformBase_double_3_3
Parameters: 0.9999936224261712 0.0017404573212788958 0.003136305683003625 -0.0017187534753746615 0.9999759297505981 -0.0067726503618468215 -0.003147938752747083 0.006767689804454913 0.999972046773623 0.2652700318760708 -0.28985095936586447 -0.24010410884940825
FixedParameters: 0 0 0
#Transform 10
Transform: MatrixOffsetTransformBase_double_3_3
Parameters: 0.9999945616279082 0.0018717755403917955 0.002730181496870321 -0.0018571210645924527 0.9999840091221285 -0.005402311657652231 -0.002739537023883548 0.005397077080209589 0.9999822038789242 0.24830603130632767 -0.24445096336523875 -0.10886123375757961
FixedParameters: 0 0 0
#Transform 11
Transform: MatrixOffsetTransformBase_double_3_3
Parameters: 0.999991585741889 0.0019213347544220737 0.0034938507174609792 -0.001898406377135363 0.9999755611956018 -0.0066792354832974354 -0.003507146370867409 0.006672175693187371 0.9999719189458899 0.27500635797055395 -0.22262415995822948 -0.2873636648548512
FixedParameters: 0 0 0
#Transform 12
Transform: MatrixOffsetTransformBase_double_3_3
Parameters: 0.9999921921748562 0.0017495958962180742 0.0036386989679818363 -0.0017239803303422934 0.9999730038985024 -0.00719572927317802 -0.0036513687701635253 0.007189227521383734 0.9999677328211529 0.2794528304757762 -0.29704874116991675 -0.3092452269177812
FixedParameters: 0 0 0
#Transform 13
Transform: MatrixOffsetTransformBase_double_3_3
Parameters: 0.9999937821312993 0.001513703723829079 0.0030912343342616652 -0.0014960182345886228 0.9999818550013932 -0.005793146814373595 -0.0030997445799515813 0.005789165439912924 0.9999785935435382 0.2506087948552391 -0.27180750061431525 -0.11282358643123302
FixedParameters: 0 0 0
#Transform 14
Transform: MatrixOffsetTransformBase_double_3_3
Parameters: 0.9999915672131864 0.001970319377202852 0.0035912073370909098 -0.0019433314451955475 0.9999697757347479 -0.007570730462638314 -0.0036056124958427013 0.0075634824682025426 0.9999645766870534 0.27119459481859565 -0.2676600689565021 -0.335155331863362
FixedParameters: 0 0 0
#Transform 15
Transform: MatrixOffsetTransformBase_double_3_3
Parameters: 0.9999908108239631 0.002121228713011924 0.003745473932456958 -0.00209382193027406 0.9999720265215049 -0.007184550642591991 -0.003760355532521173 0.007176854726998083 0.9999669831194291 0.2710378083426548 -0.30129172376554436 -0.3369357031542677
FixedParameters: 0 0 0
#Transform 16
Transform: MatrixOffsetTransformBase_double_3_3
Parameters: 0.9999919397923688 0.0019337449651390913 0.003422459832505144 -0.0019093432058255293 0.9999730849331034 -0.00714303294576929 -0.0034358920761847697 0.007135866056182466 0.9999691265333438 0.2678468440931141 -0.32055600897489 -0.1886609625779414
FixedParameters: 0 0 0
#Transform 17
Transform: MatrixOffsetTransformBase_double_3_3
Parameters: 0.9999928340477471 0.001477544207417929 0.0034089376246045633 -0.0014552624429986913 0.9999780735168 -0.006514290615607127 -0.0034189695061037986 0.006509411072523202 0.9999726715994808 0.2579069934446494 -0.24953342309268578 -0.15573920882296477
FixedParameters: 0 0 0
#Transform 18
Transform: MatrixOffsetTransformBase_double_3_3
Parameters: 0.9999926749556831 0.0016946007995762387 0.0033090928178070717 -0.0016704857133088193 0.9999725615162715 -0.007238692056770746 -0.0033216492195785943 0.007233567813069108 0.999968392916447 0.2550470565851555 -0.292917322258063 -0.2570634767577644
FixedParameters: 0 0 0
#Transform 19
Transform: MatrixOffsetTransformBase_double_3_3
Parameters: 0.9999946022237062 0.0014072708059182986 0.0028369371894158835 -0.0013902337455008358 0.9999824429796318 -0.005841127821171688 -0.002844638164539885 0.005837103666724852 0.9999787101144177 0.24338322969065018 -0.22153799041254274 -0.11016070046149196
FixedParameters: 0 0 0
#Transform 20
Transform: MatrixOffsetTransformBase_double_3_3
Parameters: 0.9999927536144178 0.0014073563006396879 0.003438296260410194 -0.0013820999683609222 0.9999713628607063 -0.007439393009338768 -0.0034481669597280357 0.007435021305881445 0.9999666548696439 0.2719213141541701 -0.24671221788345576 -0.272805983952253
FixedParameters: 0 0 0
#Transform 21
Transform: MatrixOffsetTransformBase_double_3_3
Parameters: 0.9999904352447752 0.0018657735490538035 0.004065687939490477 -0.001835690507840347 0.999969912792279 -0.0075892184599404555 -0.0040799678144864335 0.007581302105872989 0.9999625503837971 0.29030371742980776 -0.27718754220892095 -0.32894645530704736
FixedParameters: 0 0 0
#Transform 22
Transform: MatrixOffsetTransformBase_double_3_3
Parameters: 0.9999914916781181 0.0016611100171394768 0.003775369522340616 -0.0016317020363251977 0.9999687170790974 -0.007705587702886096 -0.0037885504402423026 0.007699467338109084 0.9999631026482438 0.28780084464489164 -0.3072309265213278 -0.27020632432501657
FixedParameters: 0 0 0
#Transform 23
Transform: MatrixOffsetTransformBase_double_3_3
Parameters: 0.999994437802128 0.001289774080424689 0.0032412649553967485 -0.0012643104201484423 0.9999696384564005 -0.007631442300182145 -0.003251146373651481 0.007627233738872724 0.9999651701517145 0.26226985544420245 -0.32232726437571557 -0.17559045866072154
FixedParameters: 0 0 0
#Transform 24
Transform: MatrixOffsetTransformBase_double_3_3
Parameters: 0.9999926219000108 0.001852145718755244 0.003368855453587574 -0.0018257131809491364 0.9999689784073402 -0.007717612234735688 -0.0033834880370618783 0.007712113963082801 0.9999647983804724 0.26491331163157383 -0.2790829371023733 -0.3122335152377218
FixedParameters: 0 0 0
#Transform 25
Transform: MatrixOffsetTransformBase_double_3_3
Parameters: 0.9999903573480012 0.0014948468903223525 0.004114555916468719 -0.0014603389686161424 0.9999636799868131 -0.008421318746475198 -0.004127031777026932 0.008415446600956167 0.9999558918432352 0.29110049903968616 -0.30361302001939805 -0.3916884530887472
FixedParameters: 0 0 0
#Transform 26
Transform: MatrixOffsetTransformBase_double_3_3
Parameters: 0.9999912141910827 0.0017065853170357198 0.003910192375084755 -0.0016739394318246135 0.9999635255091651 -0.008332051445984673 -0.003924151607206987 0.008325243840631852 0.9999581213159084 0.28085724746871676 -0.34591132482189835 -0.3098243246864314
FixedParameters: 0 0 0
#Transform 27
Transform: MatrixOffsetTransformBase_double_3_3
Parameters: 0.9999936677424353 0.0013643121506156635 0.00332174042112246 -0.001337267776532757 0.9999672126813434 -0.007966487958211893 -0.0033326955398705407 0.00796149413852254 0.9999624762344475 0.2717823965288062 -0.30561617290240406 -0.25098897935953346
FixedParameters: 0 0 0
#Transform 28
Transform: MatrixOffsetTransformBase_double_3_3
Parameters: 0.9999914249334075 0.001536590143306038 0.003961219712374016 -0.0015017043622954761 0.9999603701275913 -0.008780974375920125 -0.003974810817945873 0.00877523599530411 0.9999539843372788 0.2929767743736136 -0.3029115029385139 -0.4538758087904995
FixedParameters: 0 0 0
#Transform 29
Transform: MatrixOffsetTransformBase_double_3_3
Parameters: 0.9999905076768937 0.0014313665801341732 0.00411968920993136 -0.0013947586473769926 0.9999616044657527 -0.008663014377418315 -0.004131973286580298 0.00865669846668976 0.9999538586753246 0.2988984576774243 -0.3367279203900182 -0.4399441760302807
FixedParameters: 0 0 0
#Transform 30
Transform: MatrixOffsetTransformBase_double_3_3
Parameters: 0.9999915053963613 0.001466592222435185 0.0037173121734608294 -0.0014355857052498425 0.9999635045258004 -0.008428195607295158 -0.00372890446353754 0.008422623213605512 0.9999580769739497 0.27732427372437485 -0.3465450334133635 -0.22518834337296312
FixedParameters: 0 0 0
#Transform 31
Transform: MatrixOffsetTransformBase_double_3_3
Parameters: 0.9999925100578334 0.0014337798835204266 0.0035991179337636695 -0.0014041009667439966 0.9999643969234607 -0.008260836613845995 -0.0036107527298920583 0.008255925807151593 0.9999596699193277 0.27760140990110926 -0.2681258987689006 -0.3391176381387737
FixedParameters: 0 0 0
#Transform 32
Transform: MatrixOffsetTransformBase_double_3_3
Parameters: 0.9999896265214857 0.0017245263131737965 0.004216101798679567 -0.001687175110908862 0.9999593805681805 -0.008867076958584491 -0.0042308674093006 0.008859824230685848 0.9999513709214671 0.29425879932034604 -0.33629544758778707 -0.5214057452949561
FixedParameters: 0 0 0
#Transform 33
Transform: MatrixOffsetTransformBase_double_3_3
Parameters: 0.9999916900175531 0.0015055584681757765 0.003810289112337717 -0.0014730708723079793 0.9999611512258221 -0.00868316988833917 -0.003823102463171975 0.00867789356646742 0.9999548808149199 0.2808209280136964 -0.34559977668197917 -0.3416995974606891
FixedParameters: 0 0 0
#Transform 34
Transform: MatrixOffsetTransformBase_double_3_3
Parameters: 0.9999935742736383 0.0014069799846560885 0.003460012534614823 -0.0013766158883227195 0.9999610759888442 -0.008695877919474626 -0.0034727180070128205 0.008691270294950593 0.9999562836668112 0.27416367214914317 -0.3268533563139897 -0.27067620125831127
FixedParameters: 0 0 0
#Transform 35
Transform: MatrixOffsetTransformBase_double_3_3
Parameters: 0.9999896813991516 0.0017992247700025638 0.004172384538155362 -0.0017616789060028006 0.9999583336877464 -0.0089675868877227 -0.004187947313423597 0.00895987178502941 0.999950995334984 0.2995394073968072 -0.3154479552545695 -0.514572466367099
FixedParameters: 0 0 0
#Transform 36
Transform: MatrixOffsetTransformBase_double_3_3
Parameters: 0.9999925255354284 0.0014295807116603979 0.003598654839154211 -0.0013992960724574658 0.999963980992742 -0.00834583964604424 -0.003610455417039256 0.008340686363308786 0.9999582827990885 0.2746315913089319 -0.35905635426195204 -0.3208459947449427
FixedParameters: 0 0 0
#Transform 37
Transform: MatrixOffsetTransformBase_double_3_3
Parameters: 0.999992094801109 0.001472220830734369 0.0036289240764754704 -0.0014402552046802108 0.9999595312695729 -0.008893784015810258 -0.0036411366657776723 0.008889075910078481 0.999953586280876 0.2815832500609474 -0.3069762803823295 -0.4025228220449435
FixedParameters: 0 0 0
#Transform 38
Transform: MatrixOffsetTransformBase_double_3_3
Parameters: 0.9999893250293429 0.0018935203442060691 0.0041677420652249456 -0.0018549503645276435 0.9999544974913883 -0.009329355157827263 -0.0041853796018678155 0.009321741749533652 0.999947326985001 0.30881443359888294 -0.3720039794838641 -0.5123376396650201
FixedParameters: 0 0 0
#Transform 39
Transform: MatrixOffsetTransformBase_double_3_3
Parameters: 0.9999929476547409 0.0013737518576874145 0.003406669126505897 -0.0013418627779877984 0.9999566740030181 -0.009170980742378793 -0.003418477809049955 0.009166729892071346 0.9999522591042904 0.2792452681547246 -0.3922569435874408 -0.374922024372097
FixedParameters: 0 0 0
#Transform 40
Transform: MatrixOffsetTransformBase_double_3_3
Parameters: 0.9999933142719084 0.0013278221774988188 0.003534811919869235 -0.0012976587463350833 0.999962628881724 -0.008493816491301126 -0.0035463985801222273 0.008488589376515587 0.9999573335824281 0.270873102763062 -0.32565470876077995 -0.29758269204515386
FixedParameters: 0 0 0
#Transform 41
Transform: MatrixOffsetTransformBase_double_3_3
Parameters: 0.9999894369901347 0.0013293588006991113 0.00428668342213645 -0.0012928152988556625 0.9999625495548978 -0.008566168890443537 -0.004297654619233961 0.00856042039120522 0.9999540657290901 0.3069911208174858 -0.2999114268141909 -0.5898614190797673
FixedParameters: 0 0 0
#Transform 42
Transform: MatrixOffsetTransformBase_double_3_3
Parameters: 0.9999923291641254 0.001328679712106636 0.003666407770491417 -0.0012953329367780785 0.9999584450465335 -0.009025674323323601 -0.0036785839756705296 0.009021202562895986 0.9999529591262872 0.2731580426931117 -0.402506999935099 -0.3135468761413023
FixedParameters: 0 0 0
#Transform 43
Transform: MatrixOffsetTransformBase_double_3_3
Parameters: 0.9999888874081891 0.0014290046791410535 0.00453541163017538 -0.001385119243322963 0.9999525773504526 -0.009654559372077015 -0.004549060063901836 0.009648192236922426 0.9999430069787411 0.31189466465144733 -0.3105176915325387 -0.5222298384073127
FixedParameters: 0 0 0
#Transform 44
Transform: MatrixOffsetTransformBase_double_3_3
Parameters: 0.9999901359230285 0.0013743140796496616 0.004180528213904175 -0.0013341141829058415 0.9999522249313756 -0.009679791294210954 -0.004193746630992333 0.009674738763720325 0.9999446018711612 0.2983456655223051 -0.39083520527094606 -0.5321761364742628
FixedParameters: 0 0 0
#Transform 45
Transform: MatrixOffsetTransformBase_double_3_3
Parameters: 0.9999914411459493 0.0012190950362264306 0.0038293633446404365 -0.0011844083645322443 0.9999584337855512 -0.009095787355072188 -0.003840527719381946 0.009091620319269161 0.999951427362489 0.2979414622012513 -0.37339467407352345 -0.31449294243431325
FixedParameters: 0 0 0
#Transform 46
Transform: MatrixOffsetTransformBase_double_3_3
Parameters: 0.9999901187660749 0.0015040774090927297 0.0042548314639734575 -0.0014662325316008532 0.9999575971422876 -0.009108840579410554 -0.0042684105047313126 0.009102524537584311 0.999949717815774 0.30500050782812593 -0.31504183683401266 -0.557551644275506
FixedParameters: 0 0 0
#Transform 47
Transform: MatrixOffsetTransformBase_double_3_3
Parameters: 0.9999884213206157 0.0014490034880418135 0.004688089149576982 -0.0014035547201084724 0.9999522890826397 -0.00971788255238304 -0.004702009834637838 0.009710805276620021 0.999941390134524 0.31690033447877397 -0.39722578047202717 -0.6123896086867262
FixedParameters: 0 0 0
#Transform 48
Transform: MatrixOffsetTransformBase_double_3_3
Parameters: 0.9999907621245459 0.001339533121548042 0.003993466850627965 -0.0012998400849317032 0.9999504987576058 -0.009817221619145944 -0.004006767384672198 0.009811814863365798 0.9999435978541218 0.2848335880994739 -0.4112109520945779 -0.35828291919214905
FixedParameters: 0 0 0
#Transform 49
Transform: MatrixOffsetTransformBase_double_3_3
Parameters: 0.9999918077820419 0.0011556590543592062 0.003931545535935055 -0.0011182050237734118 0.9999546776582564 -0.009468001936816212 -0.003942407060194816 0.00946427420413451 0.9999477086422843 0.2906143726047219 -0.3559812157283204 -0.4554887883207357
FixedParameters: 0 0 0
#Transform 50
Transform: MatrixOffsetTransformBase_double_3_3
Parameters: 0.9999895311331984 0.0011956671610944842 0.00432296216524352 -0.001154146637113696 0.9999551335064114 -0.009439631562380008 -0.004335042164398159 0.00943479583344925 0.9999459660097044 0.30077248374092846 -0.3917115677682119 -0.5384448180281822
FixedParameters: 0 0 0
#Transform 51
Transform: MatrixOffsetTransformBase_double_3_3
Parameters: 0.9999917432839639 0.0009328547666679924 0.003883532248550231 -0.0008983880788167751 0.9999591333636123 -0.008965330714983427 -0.003891135777128192 0.008961590838244465 0.9999525320328287 0.27865082061256885 -0.36309192947237534 -0.35827665898928274
FixedParameters: 0 0 0
#Transform 52
Transform: MatrixOffsetTransformBase_double_3_3
Parameters: 0.9999897152292611 0.0014084257649007977 0.004335498205585209 -0.0013671372166999315 0.99995443170541 -0.009455443172062844 -0.004348435092687057 0.009449682013586647 0.9999455878365058 0.303738702628209 -0.33731208130366497 -0.5129778742883104
FixedParameters: 0 0 0
#Transform 53
Transform: MatrixOffsetTransformBase_double_3_3
Parameters: 0.9999882572953596 0.0014385061526245597 0.004704482251242835 -0.001391065700571491 0.9999489628565182 -0.009990386738883472 -0.004718134589350859 0.009983609619405837 0.9999388957365437 0.313650002122813 -0.381707679332564 -0.5770506994146132
FixedParameters: 0 0 0
#Transform 54
Transform: MatrixOffsetTransformBase_double_3_3
Parameters: 0.9999891695871466 0.0004963552415352636 0.0045365216664012345 -0.00045701164488081824 0.9999616579798806 -0.008728205144061002 -0.004541192997704106 0.008725605554755711 0.9999511929628936 0.2991579870525527 -0.32471933285768273 -0.43167390976994113
FixedParameters: 0 0 0
#Transform 55
Transform: MatrixOffsetTransformBase_double_3_3
Parameters: 0.9999878226691622 0.0006789594034045275 0.004961176702130955 -0.0006356324586821284 0.9999611025572418 -0.008758239156101494 -0.004966505791586313 0.008755058490241996 0.9999495683136616 0.33486804092908073 -0.29010278181500837 -0.5264717131978216
FixedParameters: 0 0 0
#Transform 56
Transform: MatrixOffsetTransformBase_double_3_3
Parameters: 0.9999853146358404 0.0008981303721569914 0.005265083329635434 -0.0008531474804525868 0.9999622402169761 -0.008682446514390318 -0.005272692644076274 0.008677664610295288 0.9999486973154507 0.34372617825763996 -0.3427226175879383 -0.632233180578055
FixedParameters: 0 0 0
#Transform 57
Transform: MatrixOffsetTransformBase_double_3_3
Parameters: 0.9999900853633952 0.00091203380857668 0.004338810149671052 -0.000873390129810506 0.9999610962777302 -0.008752696536713955 -0.004346118334465292 0.008749721602372335 0.9999523384888251 0.3043586535097518 -0.3819266834384507 -0.35784419281108626
FixedParameters: 0 0 0
#Transform 58
Transform: MatrixOffsetTransformBase_double_3_3
Parameters: 0.9999871489853001 0.0013567434647748155 0.004853914781306853 -0.0013109574785505687 0.9999549875913936 -0.009435091260579842 -0.004866168869617819 0.00942898024721503 0.9999441321314255 0.328621316180147 -0.32946944019973046 -0.6456475224529044
FixedParameters: 0 0 0
#Transform 59
Transform: MatrixOffsetTransformBase_double_3_3
Parameters: 0.9999880794714348 0.0010177368398273136 0.004858741153370177 -0.0009682559900952839 0.999947278255344 -0.010257107258631049 -0.00486943153537351 0.010252133608304459 0.9999360288486975 0.33490657946072133 -0.43952816342016376 -0.5548047429788028
FixedParameters: 0 0 0
#Transform 60
Transform: MatrixOffsetTransformBase_double_3_3
Parameters: 0.9999890542667036 0.0014235686980310714 0.004518942883101472 -0.0013794534509542072 0.9999523937539845 -0.009716436458092392 -0.004532760246391286 0.009710164936962695 0.9999429537924842 0.3042996598693435 -0.40861661853460873 -0.39555649236203294
FixedParameters: 0 0 0
#Transform 61
Transform: MatrixOffsetTransformBase_double_3_3
Parameters: 0.9999885522318679 0.001332871041497743 0.004611046595578407 -0.0012906562157179802 0.999956791410111 -0.0092332120085101 -0.004623449878955965 0.009227538060986196 0.999946171402011 0.31885052342119025 -0.3296887874644199 -0.5807235378393472
FixedParameters: 0 0 0
#Transform 62
Transform: MatrixOffsetTransformBase_double_3_3
Parameters: 0.9999892026631909 0.0010122547929813652 0.004525394824243106 -0.0009688119196130307 0.9999538874224875 -0.009571218003591647 -0.0045349329289023355 0.009566731781799093 0.9999437658551744 0.29516193845097405 -0.39079683054531245 -0.5546943408556473
FixedParameters: 0 0 0
#Transform 63
Transform: MatrixOffsetTransformBase_double_3_3
Parameters: 0.999990842543635 0.001073604437094297 0.004201843416751276 -0.00103376596549033 0.9999552314008179 -0.009388523764308071 -0.004211571912717926 0.009384086050899076 0.9999471015736467 0.2935169548663765 -0.36102553722138 -0.4135065580059063
FixedParameters: 0 0 0
#Transform 64
Transform: MatrixOffsetTransformBase_double_3_3
Parameters: 0.9999882699829289 0.001444327586193425 0.004597969197104382 -0.00140036218052757 0.9999539092530534 -0.009530884580560839 -0.004611457848663812 0.009524201613702848 0.9999438132074371 0.307253101301896 -0.35944643843025403 -0.5699436600284002
FixedParameters: 0 0 0
#Transform 65
Transform: MatrixOffsetTransformBase_double_3_3
Parameters: 0.9999891542895815 0.0014358119022046603 0.0045033293655808646 -0.0013927421761910962 0.9999552167332431 -0.009410778144834653 -0.004516500964881508 0.00940453802007779 0.9999459358731881 0.2982706751004258 -0.3881925900866179 -0.6019844552452298
FixedParameters: 0 0 0
#Transform 66
Transform: MatrixOffsetTransformBase_double_3_3
Parameters: 0.9999913332768827 0.0012231538799441872 0.003964213551538642 -0.0011863788701099165 0.9999573034307291 -0.009158101918763206 -0.003974458662603084 0.009153828417483328 0.9999502806041962 0.27354156855165 -0.387260906592914 -0.31000952463610076
FixedParameters: 0 0 0
#Transform 67
Transform: MatrixOffsetTransformBase_double_3_3
Parameters: 0.999989765424555 0.0011432429035002738 0.004313650633198572 -0.0011072007668840476 0.9999643118586686 -0.008371265175402348 -0.00432300843391413 0.008367351374755305 0.9999559999042592 0.2881803615444767 -0.2801945924396847 -0.5715529257850562
FixedParameters: 0 0 0
#Transform 68
Transform: MatrixOffsetTransformBase_double_3_3
Parameters: 0.9999924007761202 0.0008515522725671904 0.003690460920070894 -0.000817917496135437 0.9999597556152662 -0.008938133081476368 -0.003697972089692164 0.00893520364302472 0.9999534230391679 0.25965398430864184 -0.39328486550036246 -0.4015134674525598
FixedParameters: 0 0 0
#Transform 69
Transform: MatrixOffsetTransformBase_double_3_3
Parameters: 0.999993858589232 0.00039309652093476484 0.0034548524638571 -0.00036303288132141613 0.9999612414405228 -0.00881254753653718 -0.003458236760566613 0.008811019471990728 0.9999554197009289 0.24683660785021289 -0.3604021557030279 -0.23525332995865256
FixedParameters: 0 0 0
#Transform 70
Transform: MatrixOffsetTransformBase_double_3_3
Parameters: 0.9999895666276651 0.0009102899821535095 0.004395834989684086 -0.0008663379730333258 0.9999503145219685 -0.00991779909450305 -0.0044044435787195385 0.009914467083541795 0.9999411517266875 0.28113988130783696 -0.3826018115663743 -0.5264458160431644
FixedParameters: 0 0 0
#Transform 71
Transform: MatrixOffsetTransformBase_double_3_3
Parameters: 0.9999906038689135 0.0008648369999866151 0.0041679069878359926 -0.0008225304458760437 0.9999477717778472 -0.010147183784716768 -0.004176362163132587 0.010144401606613174 0.9999395056253975 0.2880243201247765 -0.4450729381428431 -0.38461210159931625
FixedParameters: 0 0 0
#Transform 72
Transform: MatrixOffsetTransformBase_double_3_3
Parameters: 0.9999914093752825 0.0008472706298576198 0.0039483022432327125 -0.0008079230057127726 0.9999511041147656 -0.009825284259229239 -0.003956154089858735 0.00982196593790513 0.9999438627536045 0.2721215656631273 -0.40201719442664796 -0.29159161490485985
FixedParameters: 0 0 0
#Transform 73
Transform: MatrixOffsetTransformBase_double_3_3
Parameters: 0.9999911468196935 0.0010599564465550064 0.004046465126124325 -0.001023022953284959 0.9999590503251963 -0.009019380158564294 -0.004055305998839978 0.009015245324051319 0.9999511853946309 0.2775299262717681 -0.3031761647890221 -0.5757561168550183
FixedParameters: 0 0 0
#Transform 74
Transform: MatrixOffsetTransformBase_double_3_3
Parameters: 0.9999923378312129 0.0008780381589214067 0.0038251661805804027 -0.0008439506655043387 0.9999610072293754 -0.0088085693873525 -0.0038325789928884205 0.008805165721996577 0.9999537256060489 0.2575358986525913 -0.3888413318189805 -0.38636329420519644
FixedParameters: 0 0 0
#Transform 75
Transform: MatrixOffsetTransformBase_double_3_3
Parameters: 0.9999912712284631 0.0009054024038789282 0.003955651907684259 -0.0008712723903538866 0.9999617948295928 -0.008646915001680938 -0.0039630172634703975 0.008643297081875612 0.9999545229983816 0.26412736644299173 -0.3484382022745791 -0.3642646307042554
FixedParameters: 0 0 0
#Transform 76
Transform: MatrixOffsetTransformBase_double_3_3
Parameters: 0.999990097868138 0.0009923279868241219 0.004429464358575566 -0.0009504615495138716 0.9999556279140869 -0.009369410986163118 -0.004438324151791795 0.009364426465561376 0.9999465840072717 0.2830609872909662 -0.37004810033364777 -0.5022203655622945
FixedParameters: 0 0 0
#Transform 77
Transform: MatrixOffsetTransformBase_double_3_3
Parameters: 0.9999888197480739 0.0011033814104697273 0.004650018382942808 -0.0010581745428520075 0.9999510968038953 -0.009815766433557777 -0.00466060762796363 0.009811291242870362 0.9999407855889808 0.299389576394816 -0.3933117827026962 -0.6141479716416569
FixedParameters: 0 0 0
#Transform 78
Transform: MatrixOffsetTransformBase_double_3_3
Parameters: 0.9999916985885516 0.0009865610394815755 0.004003576797654861 -0.000948520190409973 0.9999551923347293 -0.009399088177895587 -0.004012972702293338 0.009395568584499997 0.9999474790414397 0.27164466720329017 -0.40414617902077055 -0.44266899283658745
FixedParameters: 0 0 0
#Transform 79
Transform: MatrixOffsetTransformBase_double_3_3
Parameters: 0.9999904382741351 0.0011863767285528008 0.004092893508084283 -0.0011488733810914153 0.9999559602615101 -0.009335572077027537 -0.004103651300714009 0.009330167227187158 0.9999480727188985 0.2777578693993661 -0.37143276816732396 -0.44333003819561156
FixedParameters: 0 0 0
#Transform 80
Transform: MatrixOffsetTransformBase_double_3_3
Parameters: 0.999989545679225 0.0015022737864463162 0.004323330198792906 -0.001460934426479786 0.9999535769586541 -0.009487637542889948 -0.004338238076639633 0.009481369984746857 0.999946057888719 0.28788021920246365 -0.3580942143365462 -0.5886924756888305
FixedParameters: 0 0 0
#Transform 81
Transform: MatrixOffsetTransformBase_double_3_3
Parameters: 0.9999914747150176 0.0010065463798732185 0.004020728758549079 -0.0009687475949484402 0.9999554317598736 -0.00943717769545832 -0.004029555940009789 0.00943342734371716 0.9999476837511738 0.2591179762880387 -0.39664470496533966 -0.4959579042909752
FixedParameters: 0 0 0
#Transform 82
Transform: MatrixOffsetTransformBase_double_3_3
Parameters: 0.9999929190353429 0.0010152339760906483 0.003562752968992 -0.0009830849016554642 0.999959154389406 -0.009010192490684715 -0.0035713759647850174 0.009006054853232776 0.9999531850100353 0.2497118584796425 -0.35569001619469987 -0.3803826923221436
FixedParameters: 0 0 0
#Transform 83
Transform: MatrixOffsetTransformBase_double_3_3
Parameters: 0.9999875333351014 0.0014347849646420135 0.004889629483394234 -0.0013870839020877247 0.9999536545733804 -0.00954734951399877 -0.004902668437755872 0.009540401596936282 0.9999427081373721 0.29748581167841337 -0.3406175819294788 -0.7105306616992948
FixedParameters: 0 0 0
#Transform 84
Transform: MatrixOffsetTransformBase_double_3_3
Parameters: 0.9999895267623816 0.0011913285910463266 0.004429217464975606 -0.001147227701521215 0.9999484245638771 -0.010034424122323665 -0.004440434991903781 0.010028481572033537 0.9999397112804154 0.2847250413885263 -0.44677919245231124 -0.4927588411781585
FixedParameters: 0 0 0
#Transform 85
Transform: MatrixOffsetTransformBase_double_3_3
Parameters: 0.9999920788094003 0.00123115456252794 0.003729036688675094 -0.0011960038987943273 0.9999538008152591 -0.009497567012999947 -0.003739596116349081 0.009492570171697967 0.999947966327532 0.26102611481722704 -0.41374571252367787 -0.40298857613804273
FixedParameters: 0 0 0
#Transform 86
Transform: MatrixOffsetTransformBase_double_3_3
Parameters: 0.9999896056936741 0.0011223751456570091 0.00444309634476002 -0.0010804136866055594 0.999954054040302 -0.009550879878294338 -0.004452740589222626 0.009545598960495671 0.9999450023416127 0.2850519087315746 -0.34125039698442095 -0.6220333477846935
FixedParameters: 0 0 0
#Transform 87
Transform: MatrixOffsetTransformBase_double_3_3
Parameters: 0.999991920843898 0.000955356810928289 0.003979321902493678 -0.0009148232268280454 0.9999478275596517 -0.010136503917161949 -0.003988802325686734 0.010133149390371354 0.9999403205808295 0.2649186574097797 -0.4407146298237308 -0.561635932039465
FixedParameters: 0 0 0
#Transform 88
Transform: MatrixOffsetTransformBase_double_3_3
Parameters: 0.9999916078827934 0.0011860443006195195 0.0038079838977615674 -0.0011473211761530901 0.9999493229219413 -0.010045322154704078 -0.003819261575898701 0.010041346282694652 0.9999425156288706 0.25558414364745374 -0.43706637500380907 -0.41726191554553793
FixedParameters: 0 0 0
#Transform 89
Transform: MatrixOffsetTransformBase_double_3_3
Parameters: 0.9999905081773978 0.0014476726786566982 0.003980528800806647 -0.0014092563186216744 0.9999535192324324 -0.00954995283269408 -0.00399414322182353 0.00954473779766074 0.9999467843656086 0.2637903216758417 -0.37823851995113955 -0.4574003224927168
FixedParameters: 0 0 0
#Transform 90
Transform: MatrixOffsetTransformBase_double_3_3
Parameters: 0.9999904839062573 0.0012756252972903302 0.004180838174695091 -0.0012381000406267465 0.9999574449917359 -0.009143614006260875 -0.0041925672631370065 0.009138492763551137 0.9999497318642165 0.25620346839467345 -0.35749576803105754 -0.6106386100062196
FixedParameters: 0 0 0
#Transform 91
Transform: MatrixOffsetTransformBase_double_3_3
Parameters: 0.9999943060513943 0.0007629640867032111 0.00344459951499073 -0.0007303308879510681 0.9999547086364827 -0.009436679944346299 -0.00345158881329001 0.009434490663218137 0.9999490257693119 0.24154366114638037 -0.39142825834005635 -0.34107835072371984
FixedParameters: 0 0 0
#Transform 92
Transform: MatrixOffsetTransformBase_double_3_3
Parameters: 0.9999932525289869 0.0009889676985903907 0.0036695963140435106 -0.0009547718417454816 0.9999555823481066 -0.009317346383511782 -0.0036792364865068025 0.009313355351058483 0.9999497166195362 0.262293878426334 -0.3102488572074691 -0.49756379422657915
FixedParameters: 0 0 0
#Transform 93
Transform: MatrixOffsetTransformBase_double_3_3
Parameters: 0.9999930144342452 0.0008721192914098331 0.0035951617175695658 -0.0008390367269297009 0.9999575721239938 -0.0092204262476413 -0.0036026091371886074 0.009217192929595053 0.9999510677833899 0.25539171630678936 -0.3877276849529494 -0.5517277995315482
FixedParameters: 0 0 0
#Transform 94
Transform: MatrixOffsetTransformBase_double_3_3
Parameters: 0.9999942799825563 0.000444226122317367 0.0032296040166249276 -0.00041415640898719627 0.9999570752557294 -0.009268611012403949 -0.003233838162084987 0.009267667477487473 0.9999515867977613 0.23297804789157794 -0.38868766741254035 -0.3424139521349616
FixedParameters: 0 0 0
#Transform 95
Transform: MatrixOffsetTransformBase_double_3_3
Parameters: 0.9999900380565402 0.0008956644753670886 0.00434893790574039 -0.0008546089151736614 0.9999561338002626 -0.009357679222618348 -0.004357092190761455 0.009354409283764492 0.9999463219872536 0.2757088365657978 -0.33923584050785394 -0.6214249015750966
FixedParameters: 0 0 0
#Transform 96
Transform: MatrixOffsetTransformBase_double_3_3
Parameters: 0.9999930987157404 0.0009146762971376449 0.0035725704270727215 -0.0008816128542339687 0.9999564912135565 -0.00927496826235924 -0.003580900465151249 0.009271468328830107 0.9999502204634202 0.24529115355132092 -0.42799819353497526 -0.4196903420612301
FixedParameters: 0 0 0
#Transform 97
Transform: MatrixOffsetTransformBase_double_3_3
Parameters: 0.99999177370385 0.0009017805669164118 0.00388793854058566 -0.000865932689906629 0.9999567196588588 -0.009264982133042277 -0.0038956708439902357 0.00926142927247478 0.9999500329288643 0.24987733101103515 -0.332495654217027 -0.4687707758460107
FixedParameters: 0 0 0
#Transform 98
Transform: MatrixOffsetTransformBase_double_3_3
Parameters: 0.9999900704270375 0.0010290636134178029 0.004415853468520678 -0.0009819085748005918 0.9999442098825974 -0.010546242129631345 -0.004426173482376852 0.010541436351418826 0.9999342531315337 0.2733128576857382 -0.4216407054895086 -0.6492002825155083
FixedParameters: 0 0 0
#Transform 99
Transform: MatrixOffsetTransformBase_double_3_3
Parameters: 0.9999918637942946 0.0006773929124140304 0.004061845131988408 -0.000636906642837963 0.9999504300363876 -0.009965363782281106 -0.004068333491746963 0.009962155644706011 0.9999422329043824 0.273426507669555 -0.4216396671801732 -0.5018153266141638
FixedParameters: 0 0 0
#Transform 100
Transform: MatrixOffsetTransformBase_double_3_3
Parameters: 0.9999923955366337 0.00022160173214133896 0.003951712974877938 -0.00018604436436867218 0.9999574769862549 -0.009185886799144644 -0.00395362824667151 0.009184623516284074 0.9999500543693931 0.25470232030637874 -0.34479838208172 -0.419437542539157
FixedParameters: 0 0 0
#Transform 101
Transform: MatrixOffsetTransformBase_double_3_3
Parameters: 0.9999930469429074 0.0008168903993288753 0.003755288163085367 -0.0007884660800455455 0.9999712629754349 -0.007580045268330088 -0.0037613427537322996 0.007577429405238284 0.999964274563231 0.2455447981444081 -0.2266781757344063 -0.540107532703729
FixedParameters: 0 0 0
#Transform 102
Transform: MatrixOffsetTransformBase_double_3_3
Parameters: 0.9999935591739733 0.0013680373255808113 0.0033865664373975563 -0.0013611856099799398 0.9999965523007904 -0.0020192887763537948 -0.003389207467733274 0.002014257168841599 0.9999920737349423 0.21799736539990988 -0.22833866816550596 -0.3393000708124845
FixedParameters: 0 0 0
#Transform 103
Transform: MatrixOffsetTransformBase_double_3_3
Parameters: 0.999992225717052 0.0009119360536265064 0.0038452072192364517 -0.000888064487120685 0.999979850464332 -0.00629298761288305 -0.003851045032161063 0.006288710330878494 0.999972536567725 0.22676959570682698 -0.295497413698925 -0.3998959991192095
FixedParameters: 0 0 0
#Transform 104
Transform: MatrixOffsetTransformBase_double_3_3
Parameters: 0.9999928421107889 0.00024516661789656877 0.0038927895741483684 -0.00022001444476586404 0.999978773022139 -0.006577270506597815 -0.003894376035191091 0.006577040414321278 0.9999704370737061 0.22737248654038922 -0.3048042610710979 -0.2521929988918572
FixedParameters: 0 0 0
#Transform 105
Transform: MatrixOffsetTransformBase_double_3_3
Parameters: 0.9999937350653557 0.00038930925947443847 0.0036236910390833738 -0.000362693597258777 0.9999722586093072 -0.007395139423791497 -0.003627269659551527 0.00739395416952518 0.999966074380341 0.22941657629651502 -0.2602279222411994 -0.4421736393582023
FixedParameters: 0 0 0
#Transform 106
Transform: MatrixOffsetTransformBase_double_3_3
Parameters: 0.9999930747556632 0.0006736196540890488 0.0036514302263566806 -0.0006477605205682819 0.9999751591743977 -0.007046107210786912 -0.0036557294320240033 0.007043874562206259 0.9999689300217675 0.22252365875930025 -0.3415648091298067 -0.28578177950528527
FixedParameters: 0 0 0
#Transform 107
Transform: MatrixOffsetTransformBase_double_3_3
Parameters: 0.9999933010649394 0.0006677733140192012 0.0036280295421010564 -0.0006420203738977757 0.9999744739288867 -0.007095007610690013 -0.0036332961601233255 0.007092833013113781 0.9999683543433133 0.22838977631006685 -0.2664639370077424 -0.30177661215766705
FixedParameters: 0 0 0
#Transform 108
Transform: MatrixOffsetTransformBase_double_3_3
Parameters: 0.999989597089725 0.0007883264819314017 0.004432043337785706 -0.0007572532006829774 0.999974786171489 -0.007062987269087745 -0.00443711197431601 0.00705925746845526 0.999965370042152 0.2752346271890076 -0.24484187526992685 -0.5710465845682933
FixedParameters: 0 0 0
#Transform 109
Transform: MatrixOffsetTransformBase_double_3_3
Parameters: 0.9999970983971413 0.0013434895063550497 0.0022137286383266536 -0.0013360878926738711 0.9999931341503182 -0.003368182240670481 -0.0022180913796636254 0.003364371907677355 0.9999916930552988 0.19400257547721367 -0.1297034565397297 -0.11532475842726342
FixedParameters: 0 0 0
#Transform 110
Transform: MatrixOffsetTransformBase_double_3_3
Parameters: 0.9999974696080606 0.0015735567225500548 0.001746888608376282 -0.0015739108739908107 0.9999989525049304 0.00006026197398170674 -0.001746571078679475 -0.0000626034163818956 0.9999985149235019 0.1434722430917219 -0.2515634812193923 -0.05225449936115467
FixedParameters: 0 0 0
#Transform 111
Transform: MatrixOffsetTransformBase_double_3_3
Parameters: 0.9999972534970774 0.0005599544802599851 0.0023210023941241595 -0.0005555719162066604 0.9999969618294284 -0.002209870730353336 -0.00232184478646192 0.002208782903604989 0.9999946221543986 0.16650238863462619 -0.28258274848640497 -0.03543899607437595
FixedParameters: 0 0 0
#Transform 112
Transform: MatrixOffsetTransformBase_double_3_3
Parameters: 0.9999955242361332 0.0007270778796983745 0.0027976625732138508 -0.0007125132672103169 0.9999872194430968 -0.005052346471444369 -0.002801349657756115 0.005050675853572079 0.9999835095459642 0.19486197811197314 -0.30202632692456177 -0.1765883849015637
FixedParameters: 0 0 0
#Transform 113
Transform: MatrixOffsetTransformBase_double_3_3
Parameters: 0.9999961178572414 0.0013884660520064578 0.002591295317288904 -0.0013777058845503513 0.9999907873203665 -0.004088212521624418 -0.002596838966258494 0.004084262726152421 0.9999884156158456 0.1665087088776005 -0.3267829485733813 0.002088328516251181
FixedParameters: 0 0 0
#Transform 114
Transform: MatrixOffsetTransformBase_double_3_3
Parameters: 0.999996248298351 0.001305889424539115 0.002593128557641669 -0.0012907995717430752 0.9999816160313809 -0.005838085724683223 -0.0026006782261724856 0.0058343417558853194 0.9999791527102648 0.1645805137344496 -0.29319577129713537 -0.035327171241846145
FixedParameters: 0 0 0
#Transform 115
Transform: MatrixOffsetTransformBase_double_3_3
Parameters: 0.9999927541407643 0.0015541572828191895 0.003512231334896719 -0.0015277672146379317 0.9999688877636179 -0.0077063741567960364 -0.003523937293735041 0.007700678604064176 0.99996416376547 0.21068238938023853 -0.3233196735998263 -0.29009431578964495
