#Insight Transform File V1.0
#Transform 0
Transform: MatrixOffsetTransformBase_double_3_3
Parameters: 0.999994827246976 0.0018224704054527708 0.0027653045257990463 -0.0018158770775419369 0.9999947832239835 -0.002571716818942804 -0.0027696659816155225 0.0025669329222609283 0.9999922497761825 0.36469269033109697 -0.1307161502412697 0.041283546932646686
FixedParameters: 0 0 0
#Transform 1
Transform: MatrixOffsetTransformBase_double_3_3
Parameters: 0.9999903940692 0.0021391110947147716 0.0038259291797774764 -0.002122913723311858 0.9999884716001656 -0.004359289028395857 -0.003834875687485313 0.004350826378481554 0.9999837742218569 0.40944652730226494 -0.11802675501148485 -0.24191247819913997
FixedParameters: 0 0 0
#Transform 2
Transform: MatrixOffsetTransformBase_double_3_3
Parameters: 0.9999922625809674 0.002157919219906961 0.0032835522438547857 -0.0021466171677753977 0.9999923961049249 -0.003313923122525375 -0.003290722230385859 0.0033074072906535135 0.9999895449209373 0.39221325297737053 -0.17718348880930535 -0.11539127345461964
FixedParameters: 0 0 0
#Transform 3
Transform: MatrixOffsetTransformBase_double_3_3
Parameters: 0.999992307566674 0.0019530010599778814 0.003410118851935935 -0.001942136887689799 0.9999922996859223 -0.0032849123490421017 -0.0034166736337765333 0.003278502506772224 0.9999889646044103 0.38809119315786234 -0.14343509864607995 -0.02430635968765671
FixedParameters: 0 0 0
#Transform 4
Transform: MatrixOffsetTransformBase_double_3_3
Parameters: 0.9999884779526175 0.0020624422947491325 0.0042232957787100706 -0.002039803192740595 0.9999836623775206 -0.005410257047046285 -0.004234543068444681 0.005401719083885398 0.9999762272044339 0.43124980664049417 -0.18156265923485648 -0.2689635051080188
FixedParameters: 0 0 0
#Transform 5
Transform: MatrixOffsetTransformBase_double_3_3
Parameters: 0.9999879023116325 0.0018440120275763517 0.004617493688407602 -0.0018174774099016713 0.9999818940076924 -0.005811241531895023 -0.004628466572015502 0.005802501737694171 0.9999723153482909 0.46085653041204466 -0.22125967002219227 -0.26749294837571824
FixedParameters: 0 0 0
#Transform 6
Transform: MatrixOffsetTransformBase_double_3_3
Parameters: 0.9999935391850542 0.0017824575991234595 0.0030139877714110974 -0.00177376454949771 0.9999942856305423 -0.002876436762289908 -0.0030192869492099567 0.0028712187932163624 0.9999911336264731 0.3912696579370589 -0.16379817794715734 0.047396394014000975
FixedParameters: 0 0 0
#Transform 7
Transform: MatrixOffsetTransformBase_double_3_3
Parameters: 0.9999876160563138 0.0018210948899168404 0.004553846390670649 -0.0017972107208854265 0.9999847868468266 -0.005288610319730991 -0.004563875874845996 0.005280438830148226 0.9999756308567136 0.45923946862214393 -0.1603621835799629 -0.4065163014653592
FixedParameters: 0 0 0
#Transform 8
Transform: MatrixOffsetTransformBase_double_3_3
Parameters: 0.9999876712240946 0.0021358739637428945 0.0045244544550200536 -0.0021182445939537846 0.9999906361382652 -0.003879484025441471 -0.004533080481599505 0.0038698414751179855 0.999982597622759 0.4294585971044853 -0.15738204898711672 -0.12788581843186364
FixedParameters: 0 0 0
#Transform 9
Transform: MatrixOffsetTransformBase_double_3_3
Parameters: 0.9999927457267968 0.001642148283757837 0.003509096758308447 -0.0016296365543035799 0.9999923684306554 -0.0035626831368369416 -0.0035144865258922714 0.0035570687106878385 0.9999875223936906 0.4139968369443494 -0.12587997054676237 -0.023724098917142555
FixedParameters: 0 0 0
#Transform 10
Transform: MatrixOffsetTransformBase_double_3_3
Parameters: 0.9999873479788838 0.0020497192694935926 0.004584427213751609 -0.0020267295522252062 0.999984712760401 -0.00512904078900589 -0.004594042734017714 0.005119646775830988 0.9999759892663983 0.4477994590793202 -0.1166498702748413 -0.36814564455299603
FixedParameters: 0 0 0
#Transform 11
Transform: MatrixOffsetTransformBase_double_3_3
Parameters: 0.9999855395899222 0.002187593365209255 0.0049327551047447585 -0.002166675118730567 0.9999891157074253 -0.004185440498556625 -0.004941792416528826 0.00417494156074294 0.9999791624699367 0.44365531573978956 -0.17369291304461854 -0.22943708251276007
FixedParameters: 0 0 0
#Transform 12
Transform: MatrixOffsetTransformBase_double_3_3
Parameters: 0.9999912759740011 0.0016314479690104277 0.0037176814004443934 -0.0016182464854142117 0.9999922167701514 -0.003590835426075689 -0.003723046746275764 0.0035848462089170807 0.999986799148815 0.42058854948027147 -0.09460891424910756 -0.19360083660050975
FixedParameters: 0 0 0
#Transform 13
Transform: MatrixOffsetTransformBase_double_3_3
Parameters: 0.99998334606967 0.002420025280505028 0.005239271780833506 -0.0023993873221190313 0.9999901185322105 -0.0038234155986912044 -0.005248429705341534 0.0038104296914230618 0.9999787871097319 0.4870270567830488 -0.18657198809266617 -0.39278273801974706
FixedParameters: 0 0 0
#Transform 14
Transform: MatrixOffsetTransformBase_double_3_3
Parameters: 0.9999874919880873 0.0019181341726689227 0.004537054598573911 -0.0019016275193014529 0.9999911523014037 -0.0036457995403300913 -0.0045442387473706575 0.00363743039677919 0.9999833020414197 0.45314135417248735 -0.16570009021393162 -0.20552881542350576
FixedParameters: 0 0 0
#Transform 15
Transform: MatrixOffsetTransformBase_double_3_3
Parameters: 0.9999898870171376 0.0016224411418855776 0.004270681990383975 -0.001607142211926797 0.9999922893659441 -0.003607997348240355 -0.004275642055272907 0.0036017106158568735 0.9999840981890128 0.466663896197133 -0.04045207120199734 -0.5324561014488296
FixedParameters: 0 0 0
#Transform 16
Transform: MatrixOffsetTransformBase_double_3_3
Parameters: 0.9999978750653026 0.0004764062890545628 0.0022130976273774597 -0.000474512492547474 0.9999995235542514 -0.0006629885199310181 -0.0022135815055887645 0.0006626218677155682 0.9999974728826451 0.40140274255919905 -0.10261922285233993 0.028788228696029705
FixedParameters: 0 0 0
#Transform 17
Transform: MatrixOffsetTransformBase_double_3_3
Parameters: 0.9999955827149171 0.0002462423140342082 0.0030511594653946372 -0.0002505281918062201 0.9999991849719148 0.001371168016275015 -0.003050152600649461 -0.0013710906895647856 0.9999947358772694 0.4311828786422893 -0.11445200000059685 0.007363048930074001
FixedParameters: 0 0 0
#Transform 18
Transform: MatrixOffsetTransformBase_double_3_3
Parameters: 0.9999903488264834 0.0011479372971773105 0.004281674342885199 -0.0011469282315979597 0.999999085914382 -0.00024788906083342277 -0.004282083635969429 0.00024269260167503193 0.9999911425666416 0.45774020623220224 -0.0986880210190435 -0.17898832597774117
FixedParameters: 0 0 0
#Transform 19
Transform: MatrixOffsetTransformBase_double_3_3
Parameters: 0.9999930686907181 0.0010705651200450406 0.0035755473238655994 -0.0010697439629910668 0.9999991876602466 -0.000269380398615654 -0.0035759661424925107 0.0002655290706371216 0.9999937379578417 0.44029457552056783 -0.08346856898550925 -0.11132263831225941
FixedParameters: 0 0 0
#Transform 20
Transform: MatrixOffsetTransformBase_double_3_3
Parameters: 0.9999875027455685 0.0015381154092841184 0.004693787722406098 -0.0015296019148411059 0.999997050964266 -0.0018572937967595848 -0.004696318683394936 0.0018503054398572305 0.9999867802317415 0.47397162063639087 -0.06723069851273067 -0.7610674717982135
FixedParameters: 0 0 0
#Transform 21
Transform: MatrixOffsetTransformBase_double_3_3
Parameters: 0.9999869330154879 0.0017156757068097703 0.004906440223786411 -0.0017129748496383084 0.9999988276756369 -0.0003909345980565859 -0.004906502906002898 0.00038218846488025093 0.9999879153519367 0.46531856461292875 -0.13130584110254517 -0.23484130372210643
FixedParameters: 0 0 0
#Transform 22
Transform: MatrixOffsetTransformBase_double_3_3
Parameters: 0.9999844442350809 0.0015359801985706497 0.0053007903378690865 -0.0015236885336690868 0.9999963437736497 -0.002282841374137118 -0.005304291673723822 0.0022747098661338727 0.9999829109982374 0.506486707915144 -0.13884151184183224 -0.5836383299698582
FixedParameters: 0 0 0
#Transform 23
Transform: MatrixOffsetTransformBase_double_3_3
Parameters: 0.9999939569599389 0.0014866245984901062 0.003135510759059504 -0.0014860674615339532 0.9999994254450075 0.00003625481941268993 -0.0031354043331752596 -0.00004058157546951713 0.9999945339286697 0.38397736254324855 -0.11082763445033095 -0.08476297868028837
FixedParameters: 0 0 0
#Transform 24
Transform: MatrixOffsetTransformBase_double_3_3
Parameters: 0.999989286277562 0.0016504221571256167 0.004357434218373077 -0.0016495236865259914 0.999999124366482 -0.0001344280852193236 -0.004357727501718034 0.0001273323069496679 0.999990133013888 0.4424170367315554 -0.02329534546100831 -0.4944453502490802
FixedParameters: 0 0 0
#Transform 25
Transform: MatrixOffsetTransformBase_double_3_3
Parameters: 0.9999838142205336 0.001771263652841408 0.005476739733542971 -0.0017662905310287282 0.9999981095154186 -0.0009243054339792833 -0.005478165734808284 0.0009145936526062659 0.9999841227894013 0.4952972556257009 -0.10891666117707643 -0.4981461540843526
FixedParameters: 0 0 0
#Transform 26
Transform: MatrixOffsetTransformBase_double_3_3
Parameters: 0.9999834489191421 0.0021023012469531073 0.005402098327504282 -0.0021074564780499986 0.9999969034834856 0.0009760063943955732 -0.0053996320361492725 -0.0009875985227152662 0.9999845193912371 0.4776281292764821 -0.03383707122947044 -0.28219691545371006
FixedParameters: 0 0 0
#Transform 27
Transform: MatrixOffsetTransformBase_double_3_3
Parameters: 0.9999837712206674 0.0017356433870195868 0.005400370470443942 -0.001728074900257468 0.9999969800287833 -0.001454273965664804 -0.00540335312051974 0.0014453535217739955 0.999984685366427 0.4897774430373545 -0.12990774166618735 -0.5592191716112467
FixedParameters: 0 0 0
#Transform 28
Transform: MatrixOffsetTransformBase_double_3_3
Parameters: 0.9999897441903045 0.0016143452813097243 0.004312406082805399 -0.0016109279665674683 0.9999986771685021 -0.0007555032277707929 -0.004313290837087272 0.0007487419646765026 0.9999900445148353 0.44413508346633535 -0.11940853228789194 -0.12562607701312345
FixedParameters: 0 0 0
#Transform 29
Transform: MatrixOffsetTransformBase_double_3_3
Parameters: 0.9999812482300149 0.0017181111509000629 0.005886848870789302 -0.0016987017848267144 0.999993071020275 -0.003328781968556016 -0.005892936101007315 0.003318427143454733 0.9999773679225398 0.5397711474477376 -0.06794378226095432 -0.6109806176149704
FixedParameters: 0 0 0
#Transform 30
Transform: MatrixOffsetTransformBase_double_3_3
Parameters: 0.9999932110281168 0.0015336327202733037 0.0033816281959958977 -0.0015348097978712932 0.9999992164211347 0.0002895226773690085 -0.00338073975475936 -0.0002946276594963382 0.999993829354926 0.4013526682590083 -0.14721708157837554 0.008931535635440468
FixedParameters: 0 0 0
#Transform 31
Transform: MatrixOffsetTransformBase_double_3_3
Parameters: 0.9999865229332215 0.0021338253210274882 0.0046816718259989065 -0.0021317110869409532 0.9999973908916086 -0.0004789309011924425 -0.004683261325546806 0.00046861370425044235 0.9999886884792565 0.44258718305094646 0.005957078989411002 -0.32112420029064026
FixedParameters: 0 0 0
#Transform 32
Transform: MatrixOffsetTransformBase_double_3_3
Parameters: 0.9999987131432384 0.0005395982470966969 0.001412802206710792 -0.000540456942917298 0.9999994684634075 0.0006357215448719866 -0.0014122474124355286 -0.0006359614710645389 0.9999984360870162 0.348913516408345 -0.02567312931938659 0.07268659517741582
FixedParameters: 0 0 0
#Transform 33
Transform: MatrixOffsetTransformBase_double_3_3
Parameters: 0.9999949633872761 0.0006769737131830777 0.002929366599073259 -0.0006789969710425678 0.9999993382409946 0.0006709970033496604 -0.0029288293318805447 -0.0006725300277405366 0.999995717232679 0.36724920764181945 -0.087901379506647 0.11201656533630455
FixedParameters: 0 0 0
#Transform 34
Transform: MatrixOffsetTransformBase_double_3_3
Parameters: 0.9999837003808308 0.0013075388896653922 0.005620329688318944 -0.0013040526788295724 0.9999986716327535 -0.0005913352136893701 -0.00562142536314033 0.0005840778311335393 0.9999843379305594 0.46421370161853304 0.004641079195138786 -0.31513748001708564
FixedParameters: 0 0 0
#Transform 35
Transform: MatrixOffsetTransformBase_double_3_3
Parameters: 0.9999943625990636 0.0006578522800170629 0.003194397875831083 -0.0006569885866393611 0.9999995834089611 -0.00045375572614900217 -0.003194707635373141 0.0004517956273483448 0.9999943691706706 0.4087646623442396 -0.08214800813681222 -0.013412705727333218
FixedParameters: 0 0 0
#Transform 36
Transform: MatrixOffsetTransformBase_double_3_3
Parameters: 0.9999873399405529 0.001635802215496242 0.0046782875485833625 -0.0016287180705007384 0.9999972838246242 -0.0013940582139035373 -0.0046800878836423185 0.0013866230914005018 0.9999883916383756 0.4532816825495729 -0.029368907905819697 -0.19305308920617392
FixedParameters: 0 0 0
#Transform 37
Transform: MatrixOffsetTransformBase_double_3_3
Parameters: 0.9999817656528298 0.0017543799277971546 0.005749538532638536 -0.0017419655867569467 0.9999965394044287 -0.0021211356455429486 -0.005753458699195434 0.0021109067446644647 0.9999814673382358 0.5043093807588548 -0.098515304997008 -0.44758715676590555
FixedParameters: 0 0 0
#Transform 38
Transform: MatrixOffsetTransformBase_double_3_3
Parameters: 0.999983517195772 0.0015074799456512135 0.00549182024699954 -0.0015022131745411876 0.9999987968430949 -0.0009442374542386889 -0.005492933455779725 0.000936411509031565 0.9999840554191839 0.5111893807303147 -0.07929768664135395 -0.26887018977065225
FixedParameters: 0 0 0
#Transform 39
Transform: MatrixOffsetTransformBase_double_3_3
Parameters: 0.9999796975692852 0.0018192977755855776 0.0061556315393567415 -0.001806995917450982 0.9999959778376072 -0.001972030975982836 -0.0061591809665287045 0.0019604114308043596 0.9999791892299043 0.5311651513381435 -0.1381153891038025 -0.514035267235414
FixedParameters: 0 0 0
#Transform 40
Transform: MatrixOffsetTransformBase_double_3_3
Parameters: 0.9999902444255251 0.0012697948943926557 0.0042593832439643126 -0.001268064063550318 0.9999988765386518 -0.00033991932749791176 -0.004260078449816643 0.0003346984724365565 0.999991140320975 0.44540857404832934 -0.11271910147490871 -0.0979195243310329
FixedParameters: 0 0 0
#Transform 41
Transform: MatrixOffsetTransformBase_double_3_3
Parameters: 0.9999834225418179 0.0016915948080650223 0.0054378772842984535 -0.0016781045196566004 0.9999958993510163 -0.0025110937274996636 -0.00544168466382796 0.0025020055745873793 0.9999822519124542 0.5222572760079771 -0.047557278584918095 -0.676122413296099
FixedParameters: 0 0 0
#Transform 42
Transform: MatrixOffsetTransformBase_double_3_3
Parameters: 0.9999921225203952 0.001250173954146754 0.0037832475973923058 -0.0012475447764248426 0.9999995796565324 -0.000631477852233997 -0.0037845189247753194 0.0006267387158558346 0.9999927512974076 0.4480011844670173 -0.12587847101902128 -0.12422509167180351
FixedParameters: 0 0 0
#Transform 43
Transform: MatrixOffsetTransformBase_double_3_3
Parameters: 0.9999830877936896 0.00175662401196321 0.005632533339724209 -0.0017463038319932992 0.9999970886536557 -0.0017134793219583389 -0.005635252374566087 0.001703499476714665 0.9999823682207184 0.5013717910157709 -0.11000347799129884 -0.29765469715181325
FixedParameters: 0 0 0
#Transform 44
Transform: MatrixOffsetTransformBase_double_3_3
Parameters: 0.9999960236567333 0.0011784195146625305 0.002566627312007533 -0.001177288854910758 0.9999989082607855 -0.0002417425078055646 -0.0025671787827952555 0.00023871935434746638 0.9999969999679814 0.3875938774142611 -0.07401495811545544 0.032529055039006494
FixedParameters: 0 0 0
#Transform 45
Transform: MatrixOffsetTransformBase_double_3_3
Parameters: 0.9999938055239492 0.0014800221018148466 0.0033165404105862314 -0.0014780921263965229 0.999999064849477 -0.0006201235905942959 -0.0033179581317500997 0.0006154313401554867 0.99999398273833 0.41673106003422333 -0.012082104389932624 -0.060168332168032634
FixedParameters: 0 0 0
#Transform 46
Transform: MatrixOffsetTransformBase_double_3_3
Parameters: 0.9999851290537668 0.001774080298442354 0.005169327239424822 -0.001774081482356124 0.9999989346484078 0.00006290720192844712 -0.005169081500251131 -0.00007185074733856434 0.9999861906861922 0.4764282233866197 0.020150962645757886 -0.41197099396224246
FixedParameters: 0 0 0
#Transform 47
Transform: MatrixOffsetTransformBase_double_3_3
Parameters: 0.999993146901198 0.0013713721995905143 0.0033128447786520965 -0.0013732423468399138 0.999999149002247 0.0007046034640106891 -0.003311300334470191 -0.000709284820111955 0.9999939983486682 0.4164685004183468 -0.01545418127790299 -0.024459451228395324
FixedParameters: 0 0 0
#Transform 48
Transform: MatrixOffsetTransformBase_double_3_3
Parameters: 0.9999848856557417 0.002048418353894345 0.005192858709737631 -0.002050675189574836 0.9999978481021612 0.00045115016043614786 -0.0051922371136260415 -0.0004617160853778446 0.9999865227345653 0.4826985441201401 0.002444594221032048 -0.5286702413452247
FixedParameters: 0 0 0
#Transform 49
Transform: MatrixOffsetTransformBase_double_3_3
Parameters: 0.9999927130802811 0.0011282757036369688 0.003614197585887477 -0.001129509698533238 0.9999992098348508 0.00026537187421030173 -0.0036146971170109635 -0.0002686854150361073 0.9999932571143197 0.45432235710123337 -0.06362916382128958 -0.0910992985592145
FixedParameters: 0 0 0
#Transform 50
Transform: MatrixOffsetTransformBase_double_3_3
Parameters: 0.9999804857021736 0.0016185940781275384 0.00598317760881522 -0.0016000297697426908 0.9999936838305298 -0.0031331534458656773 -0.00598910244148463 0.00312396769179224 0.9999774060079994 0.5397043174786091 -0.12562288478417827 -0.4910449883848713
FixedParameters: 0 0 0
#Transform 51
Transform: MatrixOffsetTransformBase_double_3_3
Parameters: 0.9999910872026525 0.001282567467575206 0.004032965394331872 -0.0012792520077431029 0.9999990524407706 -0.0009230629368518761 -0.0040347447891106655 0.000917617227024492 0.9999913406942362 0.4560468073333652 -0.1250185650419411 -0.09117536636530588
FixedParameters: 0 0 0
#Transform 52
Transform: MatrixOffsetTransformBase_double_3_3
Parameters: 0.9999820341920983 0.0017418167591557315 0.005725893774155923 -0.0017280884272223903 0.9999957032629092 -0.0023187943575035674 -0.005729320108852 0.002308764902989452 0.999980923446379 0.5282475178501329 -0.08318731477282881 -0.6406494410861683
FixedParameters: 0 0 0
#Transform 53
Transform: MatrixOffsetTransformBase_double_3_3
Parameters: 0.9999868062459838 0.0013343724477721348 0.005036223122754577 -0.0013274152118219465 0.9999977935833002 -0.0014869618927587924 -0.005038148324686756 0.0014808724013144758 0.9999867067461103 0.4961115902188169 -0.06630556749792049 -0.28943073447599943
FixedParameters: 0 0 0
#Transform 54
Transform: MatrixOffsetTransformBase_double_3_3
Parameters: 0.9999951023311399 0.00033108084853707923 0.003121112208689214 -0.00033597772199093785 0.9999989465585009 0.0014381087593129671 -0.0031198270131132175 -0.0014385974975126559 0.999994116173561 0.4545149757810947 -0.11836696309471506 -0.010643860833766894
FixedParameters: 0 0 0
#Transform 55
Transform: MatrixOffsetTransformBase_double_3_3
Parameters: 0.9999929660498342 0.000732682043146477 0.00367392311535112 -0.0007359195870406997 0.9999990546584914 0.0008362949600860814 -0.0036731034935428286 -0.0008386485949100908 0.9999925086582999 0.4469578606582445 -0.07420692590608269 -0.02699490995388487
FixedParameters: 0 0 0
#Transform 56
Transform: MatrixOffsetTransformBase_double_3_3
Parameters: 0.9999828675655883 0.0013263266447980466 0.005685500990896798 -0.0013154113509225704 0.9999970059491572 -0.0020149568777010907 -0.005688335795465571 0.002007879908332455 0.99998186269358 0.5050973756418955 -0.08157142159757313 -0.5222858905998891
FixedParameters: 0 0 0
#Transform 57
Transform: MatrixOffsetTransformBase_double_3_3
Parameters: 0.9999851398213956 0.001346612230092161 0.005295780964549218 -0.0013446289793584715 0.99999886285658 -0.0003965219165113498 -0.005296532293669262 0.0003901484346502948 0.9999859675255124 0.5041728255302758 -0.03147659701167527 -0.31821557428546043
FixedParameters: 0 0 0
#Transform 58
Transform: MatrixOffsetTransformBase_double_3_3
Parameters: 0.999977862272777 0.0016979657505552638 0.006496213876213429 -0.0016857336870606428 0.9999965185916647 -0.001949902910597684 -0.006500058578657292 0.0019391120900726644 0.9999768794980686 0.5476508049215028 -0.09018507985084057 -0.4394752721527766
FixedParameters: 0 0 0
#Transform 59
Transform: MatrixOffsetTransformBase_double_3_3
Parameters: 0.9999823139433206 0.0017520575733477855 0.005706591965357485 -0.0017458835367466863 0.9999980855120904 -0.0009937378725752288 -0.0057083268611396246 0.0009839897674059628 0.999983376208472 0.5360485068092373 -0.037950712944947895 -0.30779790480916347
FixedParameters: 0 0 0
#Transform 60
Transform: MatrixOffsetTransformBase_double_3_3
Parameters: 0.9999775651016071 0.00197361380271784 0.006433547721009424 -0.001954284374403109 0.9999941914145417 -0.0028935123080111036 -0.006439678275282239 0.0028808485384354543 0.999974996239673 0.5743594226202191 -0.12964448470231105 -0.4669540643637049
FixedParameters: 0 0 0
#Transform 61
Transform: MatrixOffsetTransformBase_double_3_3
Parameters: 0.9999857829387295 0.0013896811698909575 0.005209975847112525 -0.0013741053379151616 0.9999942314919394 -0.0030961893888069303 -0.0052135831710248964 0.003088681543500116 0.9999817140022647 0.5726114985487953 -0.03964882097238842 -0.6794875077715972
FixedParameters: 0 0 0
#Transform 62
Transform: MatrixOffsetTransformBase_double_3_3
Parameters: 0.999980741775783 0.0014099104470932551 0.00601850963808763 -0.0014020902128969283 0.999998378093647 -0.0012354255895018484 -0.0060200866694357855 0.001227247485880878 0.9999814293994247 0.5912088042557286 -0.2144441564643529 -0.1990505080095062
FixedParameters: 0 0 0
#Transform 63
Transform: MatrixOffsetTransformBase_double_3_3
Parameters: 0.9999861463290094 0.0020860711569319875 0.004832190908757299 -0.002078336599654604 0.9999962073971662 -0.0016178447263688056 -0.004834787849429069 0.0016073913629700842 0.9999870483512578 0.5326975512607248 -0.19187047416288294 -0.11480518474192536
FixedParameters: 0 0 0
#Transform 64
Transform: MatrixOffsetTransformBase_double_3_3
Parameters: 0.9999827426020196 0.002141256959434506 0.005524317799175393 -0.0021284698759810672 0.9999954770267878 -0.0023309823739934565 -0.005529519643055411 0.0023195570561594103 0.9999817568667013 0.5525326753237749 -0.06459785532331352 -0.6096181606754811
FixedParameters: 0 0 0
#Transform 65
Transform: MatrixOffsetTransformBase_double_3_3
Parameters: 0.9999913070296749 0.0018576565805783181 0.003638777698885501 -0.0018574815117377887 0.999998356057831 0.00007504830397195295 -0.003638486414405756 -0.0000820605027798127 0.9999929439942735 0.47463171869091525 -0.1392919317690513 -0.09216395996683957
FixedParameters: 0 0 0
#Transform 66
Transform: MatrixOffsetTransformBase_double_3_3
Parameters: 0.999979371029288 0.0022956481621746686 0.005945955016043086 -0.0022954963754253646 0.9999972952767453 -0.00014041698646299894 -0.005946261465668991 0.0001266749856297933 0.9999820454420961 0.5772999582478491 -0.04294214259081741 -0.40773245682426307
FixedParameters: 0 0 0
#Transform 67
Transform: MatrixOffsetTransformBase_double_3_3
Parameters: 0.99998933260957 0.0011539266377518752 0.004391736028587501 -0.00115085142120128 0.9999988022770578 -0.0005739521733945374 -0.004391774786086641 0.0005684244861872689 0.9999899813194731 0.4954699017276454 -0.04047482147701942 -0.1376795131688766
FixedParameters: 0 0 0
#Transform 68
Transform: MatrixOffsetTransformBase_double_3_3
Parameters: 0.9999837047633191 0.0016296397011312082 0.00543934334474374 -0.001619571564023284 0.9999968625005353 -0.0018506688320912568 -0.0054430313680491685 0.0018414438390980115 0.9999831244782238 0.550493635404024 -0.021938516646187622 -0.49030950559148323
FixedParameters: 0 0 0
#Transform 69
Transform: MatrixOffsetTransformBase_double_3_3
Parameters: 0.9999728816800569 0.001727763751625407 0.007143872774600921 -0.0017092516352589194 0.999995032358888 -0.0026904888269256855 -0.007148609387673366 0.002677891989487896 0.9999706302505604 0.6488883140209651 -0.11759583969055143 -0.6227812681584624
FixedParameters: 0 0 0
#Transform 70
Transform: MatrixOffsetTransformBase_double_3_3
Parameters: 0.9999832494024545 0.0017527132419397594 0.005529599605065681 -0.0017410766907372099 0.9999964518580448 -0.002133559110909816 -0.005533455667221708 0.002123562195735451 0.999981937559542 0.5852318309964204 -0.05139694773217229 -0.6048779523526662
FixedParameters: 0 0 0
#Transform 71
Transform: MatrixOffsetTransformBase_double_3_3
Parameters: 0.999977830425639 0.001895107393754536 0.006287054740605161 -0.0018879187703795992 0.9999974443919653 -0.0011464941530261175 -0.006289462858653894 0.0011348851606884092 0.9999798817861877 0.5656714313900721 -0.17306733464155855 -0.24890447195434717
FixedParameters: 0 0 0
#Transform 72
Transform: MatrixOffsetTransformBase_double_3_3
Parameters: 0.9999835743694937 0.001913808010629253 0.0053492338174681645 -0.0019031360084720205 0.9999958688131754 -0.001922383653216675 -0.005352257841649548 0.0019123630148756288 0.9999836580004523 0.5434894494362652 -0.016712313329620088 -0.5782601512029686
FixedParameters: 0 0 0
#Transform 73
Transform: MatrixOffsetTransformBase_double_3_3
Parameters: 0.9999988435226033 0.0006795253063915001 0.0016418250795583525 -0.000681301176379369 0.9999994363048184 0.0011275012121624017 -0.001640561256898411 -0.0011283990990686166 0.9999978626682181 0.395192852364076 -0.10207002297775603 0.0671942461110433
FixedParameters: 0 0 0
#Transform 74
Transform: MatrixOffsetTransformBase_double_3_3
Parameters: 0.9999981082843974 0.0008408320660175852 0.0018005174819635816 -0.0008446610633651543 0.9999970752171204 0.002101402377479439 -0.0017987138457435173 -0.0021027402696730813 0.9999960813749778 0.3858473423440074 -0.10079959685111817 0.0575088826429635
FixedParameters: 0 0 0
#Transform 75
Transform: MatrixOffsetTransformBase_double_3_3
Parameters: 0.9999938872055508 0.0014331911665422725 0.003188040911942497 -0.0014388397202415642 0.9999974366438298 0.001744856304745468 -0.0031859086895443603 -0.0017494802591155323 0.9999931329361625 0.41881804879875517 -0.06278405952356536 -0.09464477873783039
FixedParameters: 0 0 0
#Transform 76
Transform: MatrixOffsetTransformBase_double_3_3
Parameters: 0.9999949021145135 0.0013105954694925146 0.00289514322142409 -0.0013122386789067792 0.9999994269252729 0.0005971533201054868 -0.0028938290605191735 -0.000600661866969443 0.999995757800647 0.41543044704872045 -0.04183775262086442 -0.007970557966459069
FixedParameters: 0 0 0
#Transform 77
Transform: MatrixOffsetTransformBase_double_3_3
Parameters: 0.9999886123474488 0.001944284356281874 0.004331999656540804 -0.0019532834048703145 0.9999959065364152 0.002090124778982211 -0.0043283459682528225 -0.0020980290263066526 0.9999886141441895 0.46032635517823906 0.03748532011150019 -0.2639593535199225
FixedParameters: 0 0 0
#Transform 78
Transform: MatrixOffsetTransformBase_double_3_3
Parameters: 0.9999940778878218 0.0016342057725437283 0.0030592386791523304 -0.00163891396060998 0.9999967036442525 0.0018183076304831292 -0.003056297473341331 -0.0018227772566133948 0.9999935330640122 0.4099764224137772 0.012218416040653324 -0.083959020440048
FixedParameters: 0 0 0
#Transform 79
Transform: MatrixOffsetTransformBase_double_3_3
Parameters: 0.9999901490209724 0.0016614470145914694 0.004024739500429246 -0.0016696493797111528 0.9999964096428965 0.001929801084062266 -0.0040215536559906895 -0.001935550856169116 0.9999900510765491 0.46934281216066154 0.07422538232422937 -0.11928106116509696
FixedParameters: 0 0 0
#Transform 80
Transform: MatrixOffsetTransformBase_double_3_3
Parameters: 0.9999737687902851 0.002489604155073828 0.006788481509019582 -0.0024944640608456506 0.9999961161854158 0.0007394737995950196 -0.006786397933277864 -0.0007567953202781419 0.9999764350221839 0.5863765263274701 -0.0051221469247479945 -0.4744655171870136
FixedParameters: 0 0 0
#Transform 81
Transform: MatrixOffsetTransformBase_double_3_3
Parameters: 0.9999936438850011 0.0016270456172531858 0.0032804786396138375 -0.0016302368543591877 0.9999978130469714 0.0010420271652078483 -0.003278594686381371 -0.0010479890101888767 0.9999945432261766 0.4363733724522376 -0.02945953852649552 -0.022353504317294437
FixedParameters: 0 0 0
#Transform 82
Transform: MatrixOffsetTransformBase_double_3_3
Parameters: 0.9999895229179663 0.0017655945695653225 0.004290967619573864 -0.0017695576117496177 0.9999978094234152 0.0009884196090273745 -0.0042891050313437 -0.0009957914979922822 0.9999906414143948 0.4993390782857574 0.029681561900559927 -0.6380156860947466
FixedParameters: 0 0 0
#Transform 83
Transform: MatrixOffsetTransformBase_double_3_3
Parameters: 0.9999965143834328 0.001702539720222533 0.0021772482845678898 -0.0017062611360552545 0.9999969063902783 0.0016310252547416804 -0.0021751716921771524 -0.0016348555423847944 0.9999959644421798 0.38589120768118335 -0.10345872269438416 0.01581112366527293
FixedParameters: 0 0 0
#Transform 84
Transform: MatrixOffsetTransformBase_double_3_3
Parameters: 0.9999801740031214 0.0029619836521491433 0.005576463066154946 -0.002964463426177467 0.999995085147177 0.0003261329400703894 -0.005575451371310991 -0.0003431576687316362 0.9999847720956345 0.5026537833933702 0.040813671323618905 -0.4609547999085919
FixedParameters: 0 0 0
#Transform 85
Transform: MatrixOffsetTransformBase_double_3_3
Parameters: 0.99999102078181 0.00218885960084022 0.003505742884520123 -0.002192030432691173 0.9999973011638589 0.0009292697691488938 -0.003504138022647922 -0.0009370387176152184 0.9999937710228075 0.4594800680513771 -0.08842700725089969 -0.03517453852494157
FixedParameters: 0 0 0
#Transform 86
Transform: MatrixOffsetTransformBase_double_3_3
Parameters: 0.9999755937645842 0.002991881750920109 0.0063639701480678115 -0.0029940808962015536 0.9999952836124515 0.0003314558139382584 -0.006363026325298289 -0.00035017715139396 0.9999799850533211 0.567684335786879 0.0268432141008077 -0.36165087635697546
FixedParameters: 0 0 0
#Transform 87
Transform: MatrixOffsetTransformBase_double_3_3
Parameters: 0.9999832939631422 0.002879224765219654 0.005046317668965461 -0.002881653488427679 0.9999951789292219 0.0005585078855876446 -0.0050443148665219525 -0.0005732406039840321 0.9999873818207423 0.5212046670843478 -0.027348354098648997 -0.1685734129076195
FixedParameters: 0 0 0
#Transform 88
Transform: MatrixOffsetTransformBase_double_3_3
Parameters: 0.9999842217309747 0.002612000016333072 0.0048990733667631375 -0.0026127433519153483 0.9999966413620421 0.00011016825324949853 -0.004899418794152954 -0.00012377869959559473 0.9999884548507886 0.5112749288909129 0.02905983112653132 -0.16271792464368673
FixedParameters: 0 0 0
#Transform 89
Transform: MatrixOffsetTransformBase_double_3_3
Parameters: 0.9999649056928865 0.0034025711886234364 0.007652345974404021 -0.003405334609383836 0.9999945225111876 0.0002916218343076149 -0.007651230766356577 -0.00031733654703686165 0.9999701103474247 0.6017257282832702 0.027755008495745415 -0.4592460143098833
FixedParameters: 0 0 0
#Transform 90
Transform: MatrixOffsetTransformBase_double_3_3
Parameters: 0.9999807693240164 0.0028258372923310755 0.00550869229344797 -0.00282992269319451 0.9999953199760248 0.0008222945970210171 -0.005506614997320261 -0.0008372394026052998 0.9999848706430886 0.535257405870297 0.014739412468614432 -0.15749696621904263
FixedParameters: 0 0 0
#Transform 91
Transform: MatrixOffsetTransformBase_double_3_3
Parameters: 0.9999814936926422 0.003105376255431375 0.005307807947315953 -0.0031180963558089586 0.9999922683055088 0.0024522988363118448 -0.00530040277035021 -0.0024695412632290414 0.9999824919069025 0.5133447491129743 0.09802435032247558 -0.30473595804095055
FixedParameters: 0 0 0
#Transform 92
Transform: MatrixOffsetTransformBase_double_3_3
Parameters: 0.9999957586225603 0.002780843572904491 0.0007771851429307364 -0.0027814040504189922 0.9999960657385191 0.000747259797687666 -0.0007748022951321182 -0.0007495010179531802 0.9999993818218023 0.30077186501235076 -0.012979679133977129 0.01599296061027644
FixedParameters: 0 0 0
#Transform 93
Transform: MatrixOffsetTransformBase_double_3_3
Parameters: 0.9999922865910198 0.003195585678028098 0.002433026653793767 -0.0032030654216318186 0.9999905749799922 0.0030536900852326243 -0.002422639625964257 -0.003061212811111824 0.9999921819815933 0.3221612822812432 0.08428884374804113 -0.27068283885257927
FixedParameters: 0 0 0
#Transform 94
Transform: MatrixOffsetTransformBase_double_3_3
Parameters: 0.9999926096765529 0.003050087022356803 0.0025070400049928138 -0.0030535087761604128 0.999994008683118 0.001294641562774701 -0.002503251434773507 -0.0013027926321502181 0.9999958296998522 0.30691283580556217 0.014539485472496949 -0.05599873854183102
FixedParameters: 0 0 0
#Transform 95
Transform: MatrixOffsetTransformBase_double_3_3
Parameters: 0.9999913729874826 0.0032030276626888064 0.002808814666611724 -0.0032139767758656125 0.9999884088370798 0.003551662827386781 -0.002797619156489177 -0.0035600575482297447 0.9999896243974096 0.3206623934640902 0.11347894604632813 -0.4326261105577771
FixedParameters: 0 0 0
#Transform 96
Transform: MatrixOffsetTransformBase_double_3_3
Parameters: 0.9999918779967615 0.003223717620062189 0.002524554431623291 -0.003235979265163477 0.9999829598822796 0.004757941072539462 -0.0025083279691330077 -0.0047666815952595865 0.9999852732521937 0.29992660308153063 0.07610529921912246 -0.5024931207801586
FixedParameters: 0 0 0
#Transform 97
Transform: MatrixOffsetTransformBase_double_3_3
Parameters: 0.9999982492835223 0.0017479730672695457 0.0006068700869025639 -0.0017537486206666989 0.9999595124783469 0.008808323544512248 -0.0005918222493425801 -0.008809299817749111 0.9999611951786307 0.27791611576691366 0.18518178097939142 -0.854788018159752
FixedParameters: 0 0 0
#Transform 98
Transform: MatrixOffsetTransformBase_double_3_3
Parameters: 0.9999978281037142 0.0018794857839855399 0.0011395886082719298 -0.0018894447669840567 0.9999644195734861 0.008267589290377325 -0.0011242600951875195 -0.008269570171800827 0.9999653459765235 0.2878444022206139 0.07557330218912739 -0.4873221679742983
FixedParameters: 0 0 0
#Transform 99
Transform: MatrixOffsetTransformBase_double_3_3
Parameters: 0.9999992497347545 0.0007065784134990486 -0.0012561719696924656 -0.0006921511857637397 0.9999354652881798 0.01135577473588295 0.0012643496855410663 -0.011354749784788953 0.999934237606892 0.22980058355835808 0.215743005806857 -1.2193516039718162
FixedParameters: 0 0 0
#Transform 100
Transform: MatrixOffsetTransformBase_double_3_3
Parameters: 0.9999992231286646 0.000920287649499087 -0.00022930558602194534 -0.0009188767698189663 0.9999928970679394 0.003754259515508812 0.0002335164982564114 -0.0037551035356813423 0.9999928860640614 0.20893911743763738 -0.12972263193300648 -0.9025413686264443
FixedParameters: 0 0 0
#Transform 101
Transform: MatrixOffsetTransformBase_double_3_3
Parameters: 0.999999404649483 0.0007642576386489314 0.00010611777141190243 -0.0007644253159413573 0.9999997649659852 0.0007943844057728411 -0.0001049030751815519 -0.0007948216995559698 0.9999993768949953 0.2274046829992642 -0.13065382818206217 -0.6858131764769126
FixedParameters: 0 0 0
#Transform 102
Transform: MatrixOffsetTransformBase_double_3_3
Parameters: 0.9999997477375333 0.00041940597965860107 -0.00036147975535287535 -0.0004197009882938073 0.9999994435119108 0.001171551476869176 0.00036151445890910544 -0.0011713129820050683 0.9999994508343583 0.22760113516795855 -0.1150472956567512 -1.059890698728779
FixedParameters: 0 0 0
#Transform 103
Transform: MatrixOffsetTransformBase_double_3_3
Parameters: 0.9999994335438437 0.0007075375494213706 0.0002565393193636259 -0.0007073095062059762 0.9999993417787303 -0.0005433820135513079 -0.00025730132189368676 0.000543978374641263 0.9999995005881794 0.2204091445784826 -0.1834673414634267 -0.6538803227392691
FixedParameters: 0 0 0
#Transform 104
Transform: MatrixOffsetTransformBase_double_3_3
Parameters: 0.9999995103087389 0.0005482484054111164 -0.00037831351317908074 -0.0005485067990903024 0.9999980917507892 -0.001865118931275056 0.00037690171469077077 0.0018646358229289506 0.9999985557895177 0.23140726143495272 -0.11765070543292211 -0.6023342556371034
FixedParameters: 0 0 0
#Transform 105
Transform: MatrixOffsetTransformBase_double_3_3
Parameters: 0.9999995301845678 0.0006112268332867524 0.00022957296710509473 -0.0006101129451138356 0.9999973866254152 -0.002318946838497399 -0.00023172098309004463 0.002319637064424701 0.9999974727147214 0.2401232333033505 -0.1556248444608741 -0.7937281307685708
FixedParameters: 0 0 0
#Transform 106
Transform: MatrixOffsetTransformBase_double_3_3
Parameters: 0.9999991853821578 0.0009332249118013669 0.0009441338298397314 -0.0009326775618252823 0.9999985892669505 -0.001290734545735639 -0.0009452708977472843 0.001289846343871054 0.9999983699248953 0.25040219841470446 -0.17919563156377194 -0.3969687065141585
FixedParameters: 0 0 0
#Transform 107
Transform: MatrixOffsetTransformBase_double_3_3
Parameters: 0.9999993969061093 0.0005352239549548578 0.00047073895133867977 -0.0005337851911116753 0.9999971694073431 -0.0023825148288957876 -0.00047147738691231955 0.002382947605969965 0.9999970635783924 0.27086618420696595 -0.15375238331247942 -0.730597243778405
FixedParameters: 0 0 0
#Transform 108
Transform: MatrixOffsetTransformBase_double_3_3
Parameters: 0.9999990067216582 0.0007265620226210717 0.0015254495848561825 -0.0007209223750047674 0.9999929062048548 -0.003700206818286894 -0.001527622696404711 0.0036989725641354276 0.9999920047842645 0.2914814870209881 -0.25641511605540757 -0.5263971787286152
FixedParameters: 0 0 0
#Transform 109
Transform: MatrixOffsetTransformBase_double_3_3
Parameters: 0.9999992285140009 0.0005157804516799092 0.0011929637584250988 -0.000510983656177944 0.9999915972333052 -0.004032750361821297 -0.001195251448946319 0.00403253372534923 0.999991270779248 0.26178618228614425 -0.23203676859087352 -0.4009223907539763
FixedParameters: 0 0 0
#Transform 110
Transform: MatrixOffsetTransformBase_double_3_3
Parameters: 0.9999983909706276 0.0007248099899887566 0.001412690401936513 -0.0007200124098934524 0.9999940874367952 -0.0034134851873238448 -0.001415557115409742 0.0034134128066554414 0.9999931749795676 0.3006393427590268 -0.2000988746922161 -0.7204288474696057
FixedParameters: 0 0 0
#Transform 111
Transform: MatrixOffsetTransformBase_double_3_3
Parameters: 0.9999976212052405 0.00033579790598484236 0.0022871767357667203 -0.00032798073896880657 0.999994212045069 -0.0034376920909644226 -0.0022879680598980254 0.003437572842606068 0.9999918457154953 0.28710976644262587 -0.2790674329177989 -0.31164967812091504
FixedParameters: 0 0 0
#Transform 112
Transform: MatrixOffsetTransformBase_double_3_3
Parameters: 0.999998290259556 0.00024162174776735414 0.0019148085508459214 -0.00023553664526836625 0.9999942487491893 -0.0034183626311115045 -0.001916080301179686 0.0034176475133411155 0.9999926436796197 0.30964872823150813 -0.179742070394326 -0.6522285324516162
FixedParameters: 0 0 0
#Transform 113
Transform: MatrixOffsetTransformBase_double_3_3
Parameters: 0.9999979920110809 0.0004966011322017801 0.0021628167168732185 -0.0004887292875645297 0.9999920886274866 -0.003847713025146693 -0.00216409552135656 0.003846944225065374 0.9999904687811889 0.3102310907163144 -0.2690878764675375 -0.6367244058133537
FixedParameters: 0 0 0
#Transform 114
Transform: MatrixOffsetTransformBase_double_3_3
Parameters: 0.9999966120164953 0.0003762791139323429 0.0024951937283567843 -0.00036464837837611383 0.9999877045848355 -0.004912415288143623 -0.00249726876511603 0.004910751557479914 0.9999846987983233 0.3003550319473334 -0.2798343184208818 -0.4654346668299638
FixedParameters: 0 0 0
#Transform 115
Transform: MatrixOffsetTransformBase_double_3_3
