#Insight Transform File V1.0
#Transform 0
Transform: MatrixOffsetTransformBase_double_3_3
Parameters: 0.9999856998912339 0.0025216894802678703 0.004767927616159275 -0.0025107732911343068 0.9999939884001993 -0.0022856721452066964 -0.004773857602564553 0.0022738064547772607 0.9999857310176856 0.5994602981006807 0.07412671576325636 -0.359303669097784
FixedParameters: 0 0 0
#Transform 1
Transform: MatrixOffsetTransformBase_double_3_3
Parameters: 0.9999875301895341 0.002487926261761999 0.0042513179085796465 -0.002477737929404376 0.9999936588812888 -0.0023555720764985855 -0.0042576951326926335 0.002345126513826734 0.9999882316069912 0.5696013433928044 0.06276989390208598 -0.18099644106372637
FixedParameters: 0 0 0
#Transform 2
Transform: MatrixOffsetTransformBase_double_3_3
Parameters: 0.9999901065074736 0.002483129849075434 0.0038038646187497707 -0.0024734313097830455 0.9999930115101883 -0.0026781713641552962 -0.0038106994604055686 0.002669393748573945 0.9999893088618944 0.5704613963453227 0.09604915953123339 -0.18861268002353881
FixedParameters: 0 0 0
#Transform 3
Transform: MatrixOffsetTransformBase_double_3_3
Parameters: 0.9999858297272375 0.0023546263536689685 0.0047150278932472575 -0.0023338790583662013 0.9999871330844654 -0.004456439209853169 -0.0047257042256966045 0.0044459545958527025 0.9999788549798542 0.5954755844926183 0.07362416050068532 -0.5266000738660921
FixedParameters: 0 0 0
#Transform 4
Transform: MatrixOffsetTransformBase_double_3_3
Parameters: 0.9999850214246588 0.0025169952886866277 0.004919109227996474 -0.002493706110865651 0.9999850039278506 -0.004818917121714228 -0.004931730099346519 0.004806024195637887 0.9999765803981109 0.6013695168047946 -0.0023605551658647528 -0.4877525322034302
FixedParameters: 0 0 0
#Transform 5
Transform: MatrixOffsetTransformBase_double_3_3
Parameters: 0.9999839842802372 0.0026227720529937966 0.004978382402491197 -0.002604975815898687 0.9999909743772352 -0.0034428747017591355 -0.004987314237648692 0.003429670799382417 0.9999811021589333 0.6050044159704981 0.011156802700313051 -0.25270914623294516
FixedParameters: 0 0 0
#Transform 6
Transform: MatrixOffsetTransformBase_double_3_3
Parameters: 0.9999864221241533 0.0022638831961099342 0.004691648937555061 -0.0022430769186742444 0.9999873576195324 -0.004570764683543144 -0.004700914851516594 0.004559974204594808 0.9999782674734616 0.6010550441271221 0.02672817181087339 -0.5421920962873372
FixedParameters: 0 0 0
#Transform 7
Transform: MatrixOffsetTransformBase_double_3_3
Parameters: 0.9999835382227682 0.0023719574125757176 0.0052384765086912755 -0.0023476207434512206 0.9999866284014731 -0.004737987390625531 -0.005250155485317029 0.004726195088087026 0.9999749036048812 0.6289088800861578 -0.02981975847103513 -0.5307557899494952
FixedParameters: 0 0 0
#Transform 8
Transform: MatrixOffsetTransformBase_double_3_3
Parameters: 0.9999825326274097 0.002659728080705922 0.005290897225555341 -0.0026375689921509108 0.9999878913632575 -0.004114024889259021 -0.005302241707590201 0.004100363354599318 0.9999776985930948 0.6153628230114094 -0.022350057886157515 -0.3107533453938913
FixedParameters: 0 0 0
#Transform 9
Transform: MatrixOffsetTransformBase_double_3_3
Parameters: 0.9999806047073263 0.002692675075300085 0.005536423565560514 -0.0026665468730031477 0.9999854172900885 -0.004715444204452718 -0.005548883149849207 0.004700189044912484 0.9999738464741825 0.6367339152325968 0.020857563461902373 -0.5721236008825485
FixedParameters: 0 0 0
#Transform 10
Transform: MatrixOffsetTransformBase_double_3_3
Parameters: 0.9999812019714538 0.0025180636384733194 0.005654147666860475 -0.002488748485833133 0.9999838205231588 -0.005074259234466666 -0.005666572721632443 0.0050605436768441925 0.9999710048865846 0.667569502488746 -0.015576817812416266 -0.5587833794019303
FixedParameters: 0 0 0
#Transform 11
Transform: MatrixOffsetTransformBase_double_3_3
Parameters: 0.9999811849282884 0.0024861537817510325 0.005677717953930933 -0.002460034813750361 0.9999854680486422 -0.004702889926285675 -0.005689908387529807 0.00468846438031198 0.9999724025388128 0.6239121485025549 -0.007147441180137548 -0.3803845810967914
FixedParameters: 0 0 0
#Transform 12
Transform: MatrixOffsetTransformBase_double_3_3
Parameters: 0.9999807152447755 0.002019665593264646 0.00590909006628304 -0.0019950188744283044 0.9999898433424516 -0.004073902292801301 -0.005916825970536901 0.004062655125537662 0.9999743531234564 0.656606522363461 0.02671194153970191 -0.3147790728491344
FixedParameters: 0 0 0
#Transform 13
Transform: MatrixOffsetTransformBase_double_3_3
Parameters: 0.9999798083523327 0.0022818552846413176 0.0059663975322605325 -0.002250891163438763 0.9999841410316498 -0.005129028366405719 -0.0059784764969614615 0.005115084929292468 0.9999689644889387 0.6748426063545736 0.020859795264868808 -0.5525398351535813
FixedParameters: 0 0 0
#Transform 14
Transform: MatrixOffsetTransformBase_double_3_3
Parameters: 0.9999798319286383 0.0020726374566795427 0.006041051712294958 -0.002040337608147153 0.9999837257001258 -0.005337800977141094 -0.006051776020633927 0.005325275411902031 0.9999680129406072 0.6673774751120902 -0.020057875006287418 -0.46756736025183443
FixedParameters: 0 0 0
#Transform 15
Transform: MatrixOffsetTransformBase_double_3_3
Parameters: 0.9999790318909163 0.0021039993540393678 0.006184628813392143 -0.0020778632673251604 0.9999890141287932 -0.004253447270879979 -0.006193373995436194 0.004240183688636462 0.9999715297993095 0.6844796310567602 -0.006387577125238408 -0.2316010734438123
FixedParameters: 0 0 0
#Transform 16
Transform: MatrixOffsetTransformBase_double_3_3
Parameters: 0.9999772735628495 0.002082192569348113 0.006481897248647062 -0.0020450616840718763 0.9999822414318532 -0.00565417924560227 -0.006493546152670213 0.0056400978485952324 0.999963003427097 0.6907042483202872 -0.017848655664423063 -0.5264964773900118
FixedParameters: 0 0 0
#Transform 17
Transform: MatrixOffsetTransformBase_double_3_3
Parameters: 0.9999785811144525 0.00202639066321902 0.006247031340952565 -0.0019985182570974305 0.9999880934028669 -0.004509868531661937 -0.006256070511346724 0.004497499476461525 0.9999704934770247 0.7028419077983301 -0.02281399080409585 -0.2833095998459072
FixedParameters: 0 0 0
#Transform 18
Transform: MatrixOffsetTransformBase_double_3_3
Parameters: 0.9999748702581144 0.0019805652080410975 0.006770457750518412 -0.0019416063547791716 0.999981369335826 -0.005769554956496004 -0.006781190254148084 0.005756351158040712 0.9999608184618141 0.7210488919308204 0.011056657715926121 -0.665594976748082
FixedParameters: 0 0 0
#Transform 19
Transform: MatrixOffsetTransformBase_double_3_3
Parameters: 0.9999761781001965 0.002071615659950398 0.006569484482783751 -0.0020306190312900036 0.9999782520637297 -0.006255811807147488 -0.0065831687852163576 0.006242513007535866 0.9999585516475159 0.7177908650570828 -0.09089158894123273 -0.5467684291527206
FixedParameters: 0 0 0
#Transform 20
Transform: MatrixOffsetTransformBase_double_3_3
Parameters: 0.9999752212335015 0.0018935406187949727 0.0067700888984539645 -0.001848431130027724 0.9999765088280068 -0.006592547973065271 -0.006782681109586783 0.006580310258737343 0.999955663578766 0.7004517105732191 -0.05758771602863533 -0.5291981563202484
FixedParameters: 0 0 0
#Transform 21
Transform: MatrixOffsetTransformBase_double_3_3
Parameters: 0.9999719603975734 0.001700228302342832 0.007272259485011624 -0.0016567669239701804 0.999980838610989 -0.005966280177881617 -0.007281926797873227 0.005953902842822711 0.9999556045159863 0.7436783640141158 -0.03853914998340713 -0.5519261262350312
FixedParameters: 0 0 0
#Transform 22
Transform: MatrixOffsetTransformBase_double_3_3
Parameters: 0.9999673961027762 0.0018616353554844669 0.0077992152140439405 -0.0018139310061514478 0.9999792673941914 -0.006148602184582325 -0.007809861535183461 0.006133796072971154 0.9999503259927093 0.7823957675836084 -0.06583444476324019 -0.6765763791123334
FixedParameters: 0 0 0
#Transform 23
Transform: MatrixOffsetTransformBase_double_3_3
Parameters: 0.9999704465728656 0.0017819200138779996 0.007423899870754341 -0.0017366043096282884 0.9999798470930904 -0.006040046659705284 -0.007434745184215205 0.006027419484500918 0.9999543102121604 0.7400125748409749 -0.08075156324196087 -0.43309886581350554
FixedParameters: 0 0 0
#Transform 24
Transform: MatrixOffsetTransformBase_double_3_3
Parameters: 0.9999741151895607 0.001662905533133285 0.006989747674713269 -0.0016221228133278193 0.9999810404110951 -0.005873716160707948 -0.0069989623698020476 0.005862615049076758 0.9999587323222491 0.7398958189429976 -0.021763605373223527 -0.5232376561950218
FixedParameters: 0 0 0
#Transform 25
Transform: MatrixOffsetTransformBase_double_3_3
Parameters: 0.9999687799260655 0.0019097528127908856 0.007632977442318896 -0.0018597983791411882 0.9999769180758026 -0.006564034176499561 -0.007645789832702053 0.006549699113675145 0.9999494863951963 0.7602352111846642 -0.057785115090595696 -0.6627043538386204
FixedParameters: 0 0 0
#Transform 26
Transform: MatrixOffsetTransformBase_double_3_3
Parameters: 0.9999708900186284 0.0016938314864807834 0.007415132866654392 -0.0016445862384176458 0.99997719228144 -0.006577747377220194 -0.007426444517302511 0.006565049396308198 0.9999508372423606 0.739908835749759 -0.059996375133678725 -0.5635804813961727
FixedParameters: 0 0 0
#Transform 27
Transform: MatrixOffsetTransformBase_double_3_3
Parameters: 0.9999723635541885 0.0017829850165794426 0.007221323037421019 -0.0017375607231697307 0.9999780185810268 -0.006344943666138497 -0.007232093309163017 0.006332376730703054 0.9999536083213098 0.7549616085057806 -0.06152103235699258 -0.4629702804455036
FixedParameters: 0 0 0
#Transform 28
Transform: MatrixOffsetTransformBase_double_3_3
Parameters: 0.9999714372487994 0.001643649806357064 0.007389406657806699 -0.001597071716822311 0.9999781813671293 -0.00634867120959437 -0.007399275113052356 0.0063358753996681505 0.9999523240280308 0.7584003567935582 -0.018656866935785388 -0.6658077697399705
FixedParameters: 0 0 0
#Transform 29
Transform: MatrixOffsetTransformBase_double_3_3
Parameters: 0.9999679815304473 0.0017248760835626578 0.007794133701232352 -0.0016688177281700863 0.9999726068366857 -0.0071366590321159384 -0.007806149195896506 0.007123989844336376 0.999944278943843 0.7801861517596222 -0.11256210912139863 -0.5564614469079459
FixedParameters: 0 0 0
#Transform 30
Transform: MatrixOffsetTransformBase_double_3_3
Parameters: 0.9999707364777173 0.001421760561087032 0.007486433121180323 -0.0013711823954558992 0.9999765781986236 -0.006740423023393449 -0.007495543439742333 0.0067298178209663495 0.9999498263054585 0.7656726341705138 -0.06755385065341102 -0.4939561881406149
FixedParameters: 0 0 0
#Transform 31
Transform: MatrixOffsetTransformBase_double_3_3
Parameters: 0.9999642397324836 0.0017305546352423288 0.008277488233163842 -0.001671830805064855 0.9999727845027775 -0.007186015629367687 -0.008290026408638851 0.007171237835516819 0.9999398734962287 0.8064843636033885 -0.09069757290555458 -0.6743343959820578
FixedParameters: 0 0 0
#Transform 32
Transform: MatrixOffsetTransformBase_double_3_3
Parameters: 0.9999690653872577 0.0013477468269053857 0.007744076574807211 -0.0012963303858661065 0.9999771192848871 -0.00664214724367293 -0.007752668849604148 0.006632465309510699 0.9999481319762107 0.7754375182937991 -0.1010776801343809 -0.4347256676483653
FixedParameters: 0 0 0
#Transform 33
Transform: MatrixOffsetTransformBase_double_3_3
Parameters: 0.9999648570924553 0.0012599460992567257 0.00827439290968865 -0.001200897633970634 0.9999739010034604 -0.007103782922834034 -0.008283230413548753 0.007093994265877368 0.9999403407878362 0.8304887986029286 -0.0456188227579446 -0.7491262321174048
FixedParameters: 0 0 0
#Transform 34
Transform: MatrixOffsetTransformBase_double_3_3
Parameters: 0.9999687908499953 0.0015103284224284247 0.007726309954535632 -0.0014497091141006157 0.9999687171582468 -0.007820524276423269 -0.007738074913479255 0.007808700032021554 0.9999393935217505 0.7848703341202707 -0.12793036489750875 -0.5877182313303138
FixedParameters: 0 0 0
#Transform 35
Transform: MatrixOffsetTransformBase_double_3_3
Parameters: 0.9999695937252768 0.001217239770338759 0.007670840505229794 -0.001157781907764028 0.9999701985336442 -0.007692355002468343 -0.007680980102351173 0.00768332508114028 0.9999413353175823 0.7588100669819937 -0.10769850238592937 -0.47848382119651944
FixedParameters: 0 0 0
#Transform 36
Transform: MatrixOffsetTransformBase_double_3_3
Parameters: 0.9999578471727049 0.0010871950485895777 0.009052920851069915 -0.0010145367119455424 0.9999680354432969 -0.007959877197506099 -0.009060922736101325 0.00794953541978427 0.9999272874761362 0.8302458892548117 -0.06523240734397007 -0.7473825136326582
FixedParameters: 0 0 0
#Transform 37
Transform: MatrixOffsetTransformBase_double_3_3
Parameters: 0.9999636100029141 0.000978371977685493 0.008451356225292826 -0.0009069122927626364 0.9999639775587744 -0.008398372593999337 -0.008458911319533129 0.008389793432346443 0.9999287250193272 0.8223070383438653 -0.16565089510422126 -0.555335280563952
FixedParameters: 0 0 0
#Transform 38
Transform: MatrixOffsetTransformBase_double_3_3
Parameters: 0.9999616067208786 0.0010852024637558518 0.008730889831742882 -0.0010209862452260484 0.9999728947187565 -0.0073223793479694765 -0.008739061641929328 0.007313195933280309 0.9999345722341948 0.8232195940208413 -0.08871156346459941 -0.4487265223077088
FixedParameters: 0 0 0
#Transform 39
Transform: MatrixOffsetTransformBase_double_3_3
Parameters: 0.99995709845656 0.0016330951649310378 0.009108849933293778 -0.0015556840671511708 0.999962831656235 -0.008476131937065728 -0.00912164911163181 0.008460604073049771 0.9999223711575943 0.8467213315311852 -0.12369235146306323 -0.6430826833494478
FixedParameters: 0 0 0
#Transform 40
Transform: MatrixOffsetTransformBase_double_3_3
Parameters: 0.9999618146043183 0.0007320796456888844 0.008645812269328236 -0.0006596027080127895 0.9999642759680719 -0.00839613189732552 -0.008651024271735051 0.008390920608913222 0.999927437510283 0.8259917291176322 -0.14682488152007522 -0.590628055135852
FixedParameters: 0 0 0
#Transform 41
Transform: MatrixOffsetTransformBase_double_3_3
Parameters: 0.9999594227027576 0.0007806598757662785 0.008947961759981152 -0.0007064402366363581 0.9999654196084943 -0.008317687080130753 -0.008953483115536474 0.008310694178460393 0.9999255584250741 0.8350675857424079 -0.15019934052747885 -0.4653369199879478
FixedParameters: 0 0 0
#Transform 42
Transform: MatrixOffsetTransformBase_double_3_3
Parameters: 0.9999564395469576 0.0004799360493250044 0.009305426303210781 -0.00039961578929278204 0.9999626194903762 -0.008663144918889781 -0.009308643344548978 0.008659841144580044 0.9999192564364585 0.8681407680736442 -0.08406849140881434 -0.6622013186949687
FixedParameters: 0 0 0
#Transform 43
Transform: MatrixOffsetTransformBase_double_3_3
Parameters: 0.9999528146882882 0.0008479124970685063 0.009676173920125902 -0.0007579110316453912 0.9999564104043488 -0.009288314304396722 -0.009683951280101653 0.009281211801293182 0.9999096482108248 0.8674954921415008 -0.18890472268408587 -0.6392835371200363
FixedParameters: 0 0 0
#Transform 44
Transform: MatrixOffsetTransformBase_double_3_3
Parameters: 0.9999589018398024 0.0004282732059780747 0.009067515012272265 -0.00034895262036972567 0.9999613215830688 -0.008730960865166504 -0.009071168877902491 0.00872736763588891 0.999920559263056 0.847833389323668 -0.1734882785991516 -0.38389350960594015
FixedParameters: 0 0 0
#Transform 45
Transform: MatrixOffsetTransformBase_double_3_3
Parameters: 0.9999527674015152 0.001100377318142871 0.009645338718195152 -0.0010114303130488748 0.9999569614231223 -0.009195798893384649 -0.00965468331249586 0.009185874834558516 0.9999108367268003 0.8816763498399638 -0.1222350931773093 -0.6197960575508006
FixedParameters: 0 0 0
#Transform 46
Transform: MatrixOffsetTransformBase_double_3_3
Parameters: 0.999954361738301 0.0008165327637420549 0.009491785018299906 -0.0007272228990603483 0.9999558267765428 -0.009373975539482438 -0.009498375327142872 0.009367270865219907 0.9999106734950307 0.8940772900586609 -0.14967505975371864 -0.6766125565991814
FixedParameters: 0 0 0
#Transform 47
Transform: MatrixOffsetTransformBase_double_3_3
Parameters: 0.9999526943080549 0.000703937255924071 0.009696765216010803 -0.0006143925331451696 0.9999570957249398 -0.009247335647139837 -0.009702819029243907 0.009241056197198977 0.9999102425521293 0.8730887035036972 -0.18897363637155706 -0.45938280373938767
FixedParameters: 0 0 0
#Transform 48
Transform: MatrixOffsetTransformBase_double_3_3
Parameters: 0.999954019574095 0.000841043124485936 0.009561892947527635 -0.0007547162549168367 0.9999586867507149 -0.009048468550059585 -0.009569413209104934 0.00904056109748394 0.9999133954322023 0.8903518625774609 -0.12527078974807182 -0.5069786039626791
FixedParameters: 0 0 0
#Transform 49
Transform: MatrixOffsetTransformBase_double_3_3
Parameters: 0.9999469659651511 0.0009213614530911218 0.010215244208058187 -0.000824572730815337 0.9999548373014119 -0.009468870751325575 -0.01022387395981391 0.00945953977513439 0.999902632228413 0.8945703185040657 -0.16036377887799347 -0.6800711315011654
FixedParameters: 0 0 0
#Transform 50
Transform: MatrixOffsetTransformBase_double_3_3
Parameters: 0.9999488517292828 0.00042790602676906226 0.010068990113357379 -0.00033306429055254567 0.9999554643616975 -0.009434719807636938 -0.010073505558856187 0.00943120484953247 0.9999045544615156 0.8878339752482418 -0.1949343938061645 -0.4647053240509109
FixedParameters: 0 0 0
#Transform 51
Transform: MatrixOffsetTransformBase_double_3_3
Parameters: 0.9999544867953983 0.000281454802734552 0.009584464473414898 -0.0001905472668250795 0.9999551418092621 -0.009497903805173069 -0.009586847916356112 0.009495387877216432 0.9999091014474583 0.8832407695659867 -0.14054883927711614 -0.5267128397575078
FixedParameters: 0 0 0
#Transform 52
Transform: MatrixOffsetTransformBase_double_3_3
Parameters: 0.9999459668058323 0.0005384825499461475 0.010347670486737334 -0.00043950118886830307 0.9999549563858513 -0.009512258756408098 -0.010352023213535053 0.009506992024921418 0.9999014743809602 0.9128931175836641 -0.13540029481151805 -0.6592153350780023
FixedParameters: 0 0 0
#Transform 53
Transform: MatrixOffsetTransformBase_double_3_3
Parameters: 0.9999609373743994 -0.0005155805248697898 0.008860953941895802 0.0005924515829185675 0.9999620415586844 -0.008724083806319505 -0.008856369109099635 0.00872855824463728 0.9999231463820406 0.852870063460017 -0.2128152148756186 -0.41449703047713626
FixedParameters: 0 0 0
#Transform 54
Transform: MatrixOffsetTransformBase_double_3_3
Parameters: 0.9999534660127195 0.00030180432961913507 0.00968852151923183 -0.00021103270915371047 0.9999562257019543 -0.009388136586908319 -0.009691133932405081 0.009385452528016813 0.9999091510912749 0.8841473809686562 -0.14490302696681567 -0.3819519949517627
FixedParameters: 0 0 0
#Transform 55
Transform: MatrixOffsetTransformBase_double_3_3
Parameters: 0.9999494625730044 0.0003302313283936988 0.010093328848747737 -0.00022736639088739245 0.9999482387395194 -0.010154432625641585 -0.010095975345327773 0.010151639943311447 0.9998971497465969 0.9044575594066089 -0.16357190379189035 -0.4110139710947607
FixedParameters: 0 0 0
#Transform 56
Transform: MatrixOffsetTransformBase_double_3_3
Parameters: 0.999937863259372 0.00043922376212186635 0.011156813415236284 -0.00031175384038539464 0.999935020829615 -0.011409872102594365 -0.011161313564798499 0.011405133807232681 0.9998724897742168 0.9292330029463471 -0.17986756624048894 -0.6528370610936349
FixedParameters: 0 0 0
#Transform 57
Transform: MatrixOffsetTransformBase_double_3_3
Parameters: 0.9999306115093795 0.000878657627641095 0.011743366538262981 -0.0007422040328114643 0.9999313471010008 -0.011668850333628689 -0.01175202280826116 0.011659978811054378 0.9998625561322296 0.9603728157237299 -0.24347988940235155 -0.6982394800796357
FixedParameters: 0 0 0
#Transform 58
Transform: MatrixOffsetTransformBase_double_3_3
Parameters: 0.9999449152144553 -0.0005752508861087699 0.010478870345095107 0.000694413530990437 0.9999352187216648 -0.011374014153411438 -0.010471516106530465 0.01138109999104256 0.9998806745445333 0.9165271311785972 -0.27232957866664265 -0.4893112589416262
FixedParameters: 0 0 0
#Transform 59
Transform: MatrixOffsetTransformBase_double_3_3
Parameters: 0.9999404949895923 -0.00010963665300100112 0.010878722762442977 0.00023800629500352836 0.9999309564961837 -0.01177464475953735 -0.010877012421875158 0.011777036235140287 0.9998714581291014 0.9313437500725854 -0.25561888050202697 -0.47243694330791186
FixedParameters: 0 0 0
#Transform 60
Transform: MatrixOffsetTransformBase_double_3_3
Parameters: 0.9999266751089435 -0.00007327857520229939 0.012136311900594172 0.00022180022388010832 0.9999252951346782 -0.012248196795477284 -0.012134662245123808 0.012250293660243577 0.9998513141265599 0.9899863629711376 -0.22257875928204385 -0.7699009005505388
FixedParameters: 0 0 0
#Transform 61
Transform: MatrixOffsetTransformBase_double_3_3
Parameters: 0.999939404140378 0.0000393668217735935 0.01097011499638513 0.0000880939094462475 0.9999326158897881 -0.0116219121403838 -0.01096975758578124 0.011621362326295542 0.9998721421284361 0.9352373820226632 -0.3340329465689962 -0.2941377555869593
FixedParameters: 0 0 0
#Transform 62
Transform: MatrixOffsetTransformBase_double_3_3
Parameters: 0.9999239646753019 0.00024751401788597645 0.012359907469418424 -0.00008845671937987663 0.9999169215848537 -0.012883251849701682 -0.012361521555917784 0.012882061183485283 0.9998405063709004 1.0025768750718527 -0.18439399332686435 -0.7393307377894018
FixedParameters: 0 0 0
#Transform 63
Transform: MatrixOffsetTransformBase_double_3_3
Parameters: 0.9999293683371604 -0.00041804486531127685 0.011900809932062509 0.0005636559624995451 0.9999252047507351 -0.012216592438841406 -0.011895201313441454 0.01222198856528256 0.9998541552579495 0.9738303763891878 -0.27711534279019645 -0.5315519848226558
FixedParameters: 0 0 0
#Transform 64
Transform: MatrixOffsetTransformBase_double_3_3
Parameters: 0.9999285829354809 -0.00025354099193126284 0.011934618510614947 0.00040252038253527685 0.9999220225283434 -0.012483974435417072 -0.01193068342891291 0.01248754067288968 0.9998505700081657 0.9813642916660399 -0.2691208502104985 -0.48017425752729537
FixedParameters: 0 0 0
#Transform 65
Transform: MatrixOffsetTransformBase_double_3_3
Parameters: 0.9999154562141728 -0.00020292763350201852 0.01302499334951921 0.000369140635527585 0.9999192220570805 -0.012748404292975857 -0.013020896441007887 0.012752397060183551 0.99983376340766 1.024217691155087 -0.21131053289613533 -0.7398888476032113
FixedParameters: 0 0 0
#Transform 66
Transform: MatrixOffsetTransformBase_double_3_3
Parameters: 0.9999245938188903 -0.0004179364785773529 0.012266391641338338 0.0005707313774148074 0.9999217536430286 -0.012473399107882338 -0.012260732469169186 0.01247924400702538 0.9998470097737858 0.9928318130777001 -0.298894781336287 -0.49328142285395415
FixedParameters: 0 0 0
#Transform 67
Transform: MatrixOffsetTransformBase_double_3_3
Parameters: 0.9999344990314845 -0.0005314033483355312 0.011462965440775623 0.0006716108609644798 0.9999246190696766 -0.012232614944753 -0.011455328321866666 0.012238985534218899 0.9998590647369736 0.9786329661800863 -0.24163292760138688 -0.426791900081696
FixedParameters: 0 0 0
#Transform 68
Transform: MatrixOffsetTransformBase_double_3_3
Parameters: 0.999915758530358 0.00008894691572646201 0.013008639889208161 0.0000784048614543599 0.9999165404256952 -0.012913441460758499 -0.013008784984395248 0.012912893871149161 0.9998316916562233 1.02501705365367 -0.25724198152892086 -0.6676689643057756
FixedParameters: 0 0 0
#Transform 69
Transform: MatrixOffsetTransformBase_double_3_3
Parameters: 0.9999228974990872 -0.0004692788681868003 0.012374187262916642 0.0006217195604456037 0.9999236873609509 -0.012347996594168575 -0.012367292406338583 0.012354530391735896 0.999847595645717 1.0032938904672761 -0.29725095048343064 -0.5223866666221824
FixedParameters: 0 0 0
#Transform 70
Transform: MatrixOffsetTransformBase_double_3_3
Parameters: 0.9999270477805674 -0.0007940964955647474 0.012073443102543255 0.0009455521449746995 0.9999206389343673 -0.012550661234891264 -0.012062522797265024 0.012560475284236039 0.9998481968263105 0.9947649580071101 -0.27344787515113467 -0.4716516811923839
FixedParameters: 0 0 0
#Transform 71
Transform: MatrixOffsetTransformBase_double_3_3
Parameters: 0.9999250672325437 -0.00041223188508171613 0.012247701427897627 0.0005673545788143297 0.9999188479283967 -0.01271225463095163 -0.012241803923535612 0.012718778005851389 0.9998443200201927 0.9867540819324603 -0.24420246180989125 -0.43076954310228643
FixedParameters: 0 0 0
#Transform 72
Transform: MatrixOffsetTransformBase_double_3_3
Parameters: 0.9999238644149118 -0.0005571111631572081 0.012335960021771543 0.0007150489281013443 0.9999175296772453 -0.012823441431541183 -0.012328007928351127 0.012831609905462588 0.9998414999720915 1.0114208299282978 -0.22089705531352877 -0.7161255991903914
FixedParameters: 0 0 0
#Transform 73
Transform: MatrixOffsetTransformBase_double_3_3
Parameters: 0.999925558377737 -0.0007875878344714869 0.012138936675191003 0.0009515880847110027 0.9999089459661933 -0.01346354498338645 -0.012127212984425172 0.013474130739070833 0.9998356865398783 0.9884128101024459 -0.31768905112731716 -0.5415652990730422
FixedParameters: 0 0 0
#Transform 74
Transform: MatrixOffsetTransformBase_double_3_3
Parameters: 0.9999293693030593 -0.0007083045806270004 0.01189778044557871 0.0008663928418891414 0.9999113823456736 -0.013312834742726001 -0.01188677535004546 0.013322367247083022 0.999840388155661 0.9693239467691939 -0.3092164125262684 -0.44131179757555117
FixedParameters: 0 0 0
#Transform 75
Transform: MatrixOffsetTransformBase_double_3_3
Parameters: 0.9999191781729746 -0.0006859339131815353 0.012683711505791846 0.0008563452272257995 0.9999095730513234 -0.0134075418666086 -0.01267365758221528 0.013417204215408332 0.9998297194659889 1.0441392020294415 -0.2387311756263415 -0.738919319023438
FixedParameters: 0 0 0
#Transform 76
Transform: MatrixOffsetTransformBase_double_3_3
Parameters: 0.9999208531044206 -0.000264989594673767 0.012541821615469288 0.0004332982754538051 0.9999096575668931 -0.01345488572783013 -0.012537206963028076 0.013459317458616893 0.9998305221427083 0.9999054159948031 -0.3523608962817377 -0.530740792468734
FixedParameters: 0 0 0
#Transform 77
Transform: MatrixOffsetTransformBase_double_3_3
Parameters: 0.9999225463225637 -0.0005744328202955465 0.012469251577956517 0.0007353278423143476 0.999916857643623 -0.012883038894782525 -0.012460570320020362 0.012891337010728254 0.9998397796788898 1.0062794318539119 -0.26806768861349894 -0.5342693945962793
FixedParameters: 0 0 0
#Transform 78
Transform: MatrixOffsetTransformBase_double_3_3
Parameters: 0.9999142881752348 0.000010488658120696298 0.013106286703681282 0.00016493003624221732 0.9999106752051433 -0.013358018871266211 -0.013105004492233147 0.01335863121866028 0.999824557454472 1.0365321982972375 -0.28731357173460026 -0.778846268758798
FixedParameters: 0 0 0
#Transform 79
Transform: MatrixOffsetTransformBase_double_3_3
Parameters: 0.9999177246424155 -0.0008789318856648447 0.01277468980714834 0.0010528896690816525 0.999907149619302 -0.013619724940402866 -0.012761717916930274 0.013632335567183546 0.9998258073866736 1.0205266177834744 -0.33402023882864285 -0.614323593494035
FixedParameters: 0 0 0
#Transform 80
Transform: MatrixOffsetTransformBase_double_3_3
Parameters: 0.9999183003503659 -0.0006298296770763795 0.012755729140592802 0.0007923877058632735 0.9999182940890154 -0.012736576690904194 -0.012746322400368888 0.012745479493389722 0.9998374961510481 1.025699935948495 -0.29105051971380647 -0.48899853095656454
FixedParameters: 0 0 0
#Transform 81
Transform: MatrixOffsetTransformBase_double_3_3
Parameters: 0.9999063428142733 -0.0002471688173390505 0.01366990487351169 0.00042663354849553723 0.9999125891131092 -0.013181924099286021 -0.013664737244924834 0.013186500336784104 0.9998195376992409 1.0628604153708778 -0.24505411729533932 -0.7931279322447295
FixedParameters: 0 0 0
#Transform 82
Transform: MatrixOffsetTransformBase_double_3_3
Parameters: 0.9999197763045686 -0.0009277219605199468 0.012608180540030142 0.0010876049687051827 0.9999187979265948 -0.01267703209845808 -0.012595609134524392 0.012689583076052613 0.999839995197155 1.0311440065681694 -0.3466321567175754 -0.3946271109328876
FixedParameters: 0 0 0
#Transform 83
Transform: MatrixOffsetTransformBase_double_3_3
Parameters: 0.9999060968264499 -0.0002427043642885653 0.013716768540590472 0.00042407463426983715 0.9999128061055441 -0.013174625765091999 -0.013712822473110828 0.0131794491108468 0.9998193493414422 1.048543731566312 -0.24394188103917713 -0.7149596398717648
FixedParameters: 0 0 0
#Transform 84
Transform: MatrixOffsetTransformBase_double_3_3
Parameters: 0.9999207218629032 -0.0012189934592640866 0.012512521281987446 0.001378051735299696 0.9999177024533918 -0.012752627757222468 -0.01249544904575245 0.01276878063214068 0.9998407817490413 1.0246052611610992 -0.28648736360844396 -0.483274896891686
FixedParameters: 0 0 0
#Transform 85
Transform: MatrixOffsetTransformBase_double_3_3
Parameters: 0.9999171701820687 -0.0005958533717424063 0.012840883532712448 0.0007614220124826966 0.9999164951503234 -0.012925216290540956 -0.012831799494653039 0.012933481270754998 0.9998344793529088 1.0442999774281532 -0.24790892613670223 -0.5783224109488714
FixedParameters: 0 0 0
#Transform 86
Transform: MatrixOffsetTransformBase_double_3_3
Parameters: 0.9999141382522475 -0.00038555351736743997 0.01311785680231501 0.0005604901293288656 0.9999108999726334 -0.013349531811137128 -0.013111950449450203 0.013355367186595288 0.9998248758765744 1.020678433285923 -0.3520468049856049 -0.4570843402428295
FixedParameters: 0 0 0
#Transform 87
Transform: MatrixOffsetTransformBase_double_3_3
Parameters: 0.9999183947146182 -0.0006910352171647103 0.01279234708732703 0.0008593503242213096 0.9999128054896308 -0.013168911275990833 -0.012782291145140873 0.013178213704979291 0.999831424530516 1.030544674507496 -0.28967502727061856 -0.399565040106296
FixedParameters: 0 0 0
#Transform 88
Transform: MatrixOffsetTransformBase_double_3_3
Parameters: 0.9999168655567974 -0.0007870327252382566 0.012848414726885506 0.0009553102596280231 0.9999139827381945 -0.013074137217140097 -0.012837022293775716 0.01308506747062732 0.999831553775352 1.042348403204656 -0.2367763550146833 -0.6232309518463097
FixedParameters: 0 0 0
#Transform 89
Transform: MatrixOffsetTransformBase_double_3_3
Parameters: 0.9999148055758205 -0.0007463150349713323 0.013048361967799543 0.0009228757259374457 0.9999086975789395 -0.013464159907604814 -0.0130377986527304 0.013474946424066644 0.9998239396012425 1.036236802797177 -0.30476715546376454 -0.5570363905965507
FixedParameters: 0 0 0
#Transform 90
Transform: MatrixOffsetTransformBase_double_3_3
Parameters: 0.9999230027414016 -0.0010292144419271091 0.012353763596003924 0.0011925654001752155 0.9999127566387225 -0.01316883547598878 -0.012338801335942444 0.0131821981070121 0.9998366686394367 1.024737544198402 -0.31477838187609564 -0.42985032458339845
FixedParameters: 0 0 0
#Transform 91
Transform: MatrixOffsetTransformBase_double_3_3
Parameters: 0.9999083700168843 -0.0005419120399895597 0.013523335721713978 0.0007281719221523281 0.9999044877231591 -0.01382013401402396 -0.01351452656468427 0.013828587471136092 0.9998135174308107 1.0610363881140188 -0.24621222914453256 -0.71152691577268
FixedParameters: 0 0 0
#Transform 92
Transform: MatrixOffsetTransformBase_double_3_3
Parameters: 0.9999133970515179 -0.0008198606470770009 0.013136490035920455 0.00099651854827559 0.9999097873389046 -0.013413531475233012 -0.013123902667732334 0.013425662640064964 0.9998241284851297 1.0327931273864834 -0.34049439765135503 -0.472134149827383
FixedParameters: 0 0 0
#Transform 93
Transform: MatrixOffsetTransformBase_double_3_3
Parameters: 0.9999213521790957 -0.0007431148180425534 0.01255506168369068 0.0009122010741034244 0.9999092122674526 -0.013453284533125928 -0.012543554350458008 0.013463663833924847 0.9998307768140665 1.0493388499563991 -0.27781845105731406 -0.42381366599073544
FixedParameters: 0 0 0
#Transform 94
Transform: MatrixOffsetTransformBase_double_3_3
Parameters: 0.9999146936816506 -0.0006681135345522138 0.01305353333378411 0.0008450297976390197 0.9999090121148018 -0.013504259636903798 -0.013042990395006338 0.013514916382346101 0.9998235547262876 1.0568191652243684 -0.2763418244235538 -0.6472667946522392
FixedParameters: 0 0 0
#Transform 95
Transform: MatrixOffsetTransformBase_double_3_3
Parameters: 0.9999145394416616 -0.0010525103835811022 0.013006000410292227 0.001230167376297951 0.999905762510963 -0.013637167037521922 -0.012989786552251192 0.01365159282328128 0.9998228003907402 1.0349709085181331 -0.33835047171176313 -0.4579662896262562
FixedParameters: 0 0 0
#Transform 96
Transform: MatrixOffsetTransformBase_double_3_3
Parameters: 0.9999165372207698 -0.0008667449884286705 0.012861084471693693 0.0010428656440962716 0.9999051145537351 -0.013726779953199528 -0.012847903921245296 0.013738437702420517 0.9998228166629171 1.036522441574931 -0.273387255496246 -0.4882583598503203
FixedParameters: 0 0 0
#Transform 97
Transform: MatrixOffsetTransformBase_double_3_3
Parameters: 0.9999059907155073 -0.0009484609432545265 0.013672804604855579 0.0011333616365588753 0.9999069547344749 -0.013563108398727874 -0.013659020722975694 0.013577101129952682 0.9998140081852791 1.0810929535938385 -0.25266396531370106 -0.6805381076700314
FixedParameters: 0 0 0
#Transform 98
Transform: MatrixOffsetTransformBase_double_3_3
Parameters: 0.9999075073688078 -0.0007614330947861353 0.013549935704387887 0.0009467735885543655 0.999906177485001 -0.013657509704089604 -0.013538431003452853 0.013668882999845713 0.9998145311428454 1.0514156635585294 -0.3363909209287499 -0.561568804695014
FixedParameters: 0 0 0
#Transform 99
Transform: MatrixOffsetTransformBase_double_3_3
Parameters: 0.9999169732685832 -0.001574855453844249 0.012833234728571855 0.0017466649947536052 0.9999092429161756 -0.01338649016254262 -0.012810919675494685 0.013407858981586238 0.999828428152781 1.0517318920919223 -0.29934602239349317 -0.49900343489731824
FixedParameters: 0 0 0
#Transform 100
Transform: MatrixOffsetTransformBase_double_3_3
Parameters: 0.9999123186713558 -0.0008167447331368328 0.013252838185487774 0.000991519100754493 0.9999129171716642 -0.013147154087635171 -0.01324070907175455 0.013160044121229467 0.9998260800102403 1.0597742800190844 -0.2405442247297458 -0.5580731649012876
FixedParameters: 0 0 0
#Transform 101
Transform: MatrixOffsetTransformBase_double_3_3
Parameters: 0.999900017700472 -0.000526320761500481 0.014150888663317776 0.000718186596035353 0.9999079977815917 -0.013572666185001941 -0.01414165716632211 0.013580636996154902 0.9998082517538139 1.079280699710253 -0.28764606015658956 -0.7002693885052906
FixedParameters: 0 0 0
#Transform 102
Transform: MatrixOffsetTransformBase_double_3_3
Parameters: 0.99991325371721 -0.0012630933516558024 0.013120428633040651 0.001440659020711531 0.9999067941658303 -0.013567578196743035 -0.013102262007325581 0.013585759121056043 0.9998217663295166 1.0421375170010947 -0.31196853959856696 -0.5016851983141066
FixedParameters: 0 0 0
#Transform 103
Transform: MatrixOffsetTransformBase_double_3_3
Parameters: 0.9999107620191691 -0.0009020215365938434 0.013347863224611033 0.0010828963372913093 0.9999076198329767 -0.013551371010946486 -0.013334130231587062 0.013564487690088473 0.9998189831274887 1.0583870868882173 -0.26286924248091736 -0.5321167651415806
FixedParameters: 0 0 0
#Transform 104
Transform: MatrixOffsetTransformBase_double_3_3
Parameters: 0.9998976648406794 -0.0006680185630225238 0.01426862429934024 0.0008663787624842859 0.9999032916764582 -0.01391071031433147 -0.014257574774854745 0.013921932508795878 0.9998015873904149 1.0791205216527402 -0.3291780987784847 -0.6994044479049961
FixedParameters: 0 0 0
#Transform 105
Transform: MatrixOffsetTransformBase_double_3_3
Parameters: 0.9999064451081499 -0.0009083462169154205 0.013659484733249468 0.0010994125471503182 0.9999014134091718 -0.013988345019260343 -0.013645764330325674 0.014002005259510855 0.9998085340856655 1.0552344316545543 -0.34362636763118815 -0.46436977729028683
FixedParameters: 0 0 0
#Transform 106
Transform: MatrixOffsetTransformBase_double_3_3
Parameters: 0.9999099550918548 -0.0010033232004045293 0.013414239974931734 0.0011911660962947521 0.9999012907049291 -0.014018856270302166 -0.013399240393256184 0.014033557569260585 0.9998113246955493 1.0649156921315068 -0.28127657998047084 -0.5126427936111639
FixedParameters: 0 0 0
#Transform 107
Transform: MatrixOffsetTransformBase_double_3_3
Parameters: 0.999901914354118 -0.0008591657046235343 0.013973899327206524 0.0010627746790595567 0.9998931983202923 -0.014554923795842778 -0.013960536295580583 0.01456781847214661 0.9997967237611215 1.0967205600523613 -0.300301141727914 -0.7330882424086695
FixedParameters: 0 0 0
#Transform 108
Transform: MatrixOffsetTransformBase_double_3_3
Parameters: 0.9999087161348575 -0.0013794797035915655 0.01343935541558635 0.0015732451693171862 0.9998939371401048 -0.014459820746854687 -0.013418238013247999 0.014479564649856808 0.999805501855824 1.0569111264578055 -0.3367174326474043 -0.48558469354030365
FixedParameters: 0 0 0
#Transform 109
Transform: MatrixOffsetTransformBase_double_3_3
Parameters: 0.9999106235959089 -0.0013794410291704286 0.013329090902314197 0.0015721562595000915 0.9998938916404027 -0.01446102826394391 -0.013307178320566777 0.014479993005845307 0.999806516336541 1.067352075955668 -0.30608524421040784 -0.39147062218840745
FixedParameters: 0 0 0
#Transform 110
Transform: MatrixOffsetTransformBase_double_3_3
Parameters: 0.9998952520681474 -0.0012112734438064167 0.01443872406148966 0.0014217975361843068 0.9998928122070794 -0.014578340542262674 -0.014418826183956457 0.014597309930411057 0.9997893914583267 1.0911340126006905 -0.29225321022710204 -0.6135975664527109
FixedParameters: 0 0 0
#Transform 111
Transform: MatrixOffsetTransformBase_double_3_3
Parameters: 0.99990975260496 -0.0016538051851385997 0.013337825180539102 0.0018445720934448804 0.9998968045875426 -0.014282123163011126 -0.013312783117508026 0.014306293868769485 0.99980947354762 1.0687399962420159 -0.3283647778508225 -0.45654861628250387
FixedParameters: 0 0 0
#Transform 112
Transform: MatrixOffsetTransformBase_double_3_3
Parameters: 0.999907764668642 -0.0016048006997263797 0.013492490012236506 0.0017991245382120774 0.9998945974959542 -0.014395732988520316 -0.013467966716077029 0.01441856452964789 0.9998052024044759 1.083438644420994 -0.2616509929431885 -0.5565585386212177
FixedParameters: 0 0 0
#Transform 113
Transform: MatrixOffsetTransformBase_double_3_3
Parameters: 0.999907442278862 -0.0011689015302931254 0.013540702259015172 0.0013723294085245677 0.9998857423919814 -0.015074256695091368 -0.013521520411868146 0.015091413791209415 0.9997943357039489 1.0790746679699055 -0.3844059398897173 -0.605425595825551
FixedParameters: 0 0 0
#Transform 114
Transform: MatrixOffsetTransformBase_double_3_3
Parameters: 0.999907975745601 -0.0011322068244371585 0.013485029314464679 0.0013336833006695366 0.9998877328253549 -0.014949942796247298 -0.013466613424705384 0.014967068327633726 0.9997974591979396 1.0510884217422927 -0.3700991959642721 -0.3929417954456369
FixedParameters: 0 0 0
#Transform 115
Transform: MatrixOffsetTransformBase_double_3_3
Parameters: 0.9999119409466491 -0.0011481283532911689 0.013219788865901944 0.0013367749175594076 0.999896634835616 -0.014304800143284613 -0.01320235299176116 0.014321315140229524 0.9998104725062061 1.0595883236742054 -0.27179499518260286 -0.49308436686889934
FixedParameters: 0 0 0
#Transform 116
Transform: MatrixOffsetTransformBase_double_3_3
