#Insight Transform File V1.0
#Transform 0
Transform: MatrixOffsetTransformBase_double_3_3
Parameters: 0.9999973011483116 0.001588277962492812 0.0016970444808612137 -0.0015821037548161493 0.9999923541823634 -0.003675904227452065 -0.001702301256070439 0.0036731284942877196 0.9999915369241124 0.232353688468109 -0.19149866596625031 -0.09298647448153474
FixedParameters: 0 0 0
#Transform 1
Transform: MatrixOffsetTransformBase_double_3_3
Parameters: 0.9999980085471672 0.0017247520082393029 0.0013286810800057433 -0.0017208727951518637 0.9999936331512483 -0.0031284474973639897 -0.001334122688110194 0.0031265596998865663 0.9999943142213582 0.23103612626694314 -0.25067441882407593 0.08318152481815844
FixedParameters: 0 0 0
#Transform 2
Transform: MatrixOffsetTransformBase_double_3_3
Parameters: 0.9999970083255161 0.0017874126940851907 0.0015652626019439161 -0.001781180704717578 0.9999919319764312 -0.0036431003823407526 -0.0015710195509269845 0.0036401812983911652 0.9999922508711898 0.23009209480945003 -0.13841155950200346 -0.06837109584292023
FixedParameters: 0 0 0
#Transform 3
Transform: MatrixOffsetTransformBase_double_3_3
Parameters: 0.9999969528143114 0.001561597412866658 0.002045287987416315 -0.0015499048049090521 0.999981604340859 -0.005776035668011992 -0.0020540972502059787 0.005772559446304726 0.9999815138123579 0.2504988171628213 -0.24197409302065864 -0.23888819504338699
FixedParameters: 0 0 0
#Transform 4
Transform: MatrixOffsetTransformBase_double_3_3
Parameters: 0.9999970192899567 0.0015426267549335463 0.0018064767388972988 -0.0015346526330366466 0.999989005104557 -0.004473790788680598 -0.001812993518106723 0.004471022290118476 0.9999886853585442 0.2339981309883825 -0.2278921142624597 0.033475421335964484
FixedParameters: 0 0 0
#Transform 5
Transform: MatrixOffsetTransformBase_double_3_3
Parameters: 0.9999975709730263 0.001646166372332912 0.0015561594827668765 -0.0016406717421434498 0.9999913218026236 -0.0037889247157452954 -0.0015622161069943005 0.0037864127958338045 0.99999115036812 0.22556538476285937 -0.19290686779601174 -0.01388647735053894
FixedParameters: 0 0 0
#Transform 6
Transform: MatrixOffsetTransformBase_double_3_3
Parameters: 0.9999970773966909 0.001338890318292884 0.002182471760158497 -0.0013259787360442778 0.9999803122926119 -0.0061979623400763295 -0.0021908351195374168 0.006195880331927445 0.9999786920446293 0.2565706975014166 -0.23338668179623312 -0.27100753473831674
FixedParameters: 0 0 0
#Transform 7
Transform: MatrixOffsetTransformBase_double_3_3
Parameters: 0.9999972925167547 0.0015552473247745155 0.0017443499859177633 -0.001549114253787831 0.9999920010888512 -0.00360365409592453 -0.0017501251600692547 0.003601104630998442 0.9999918277283844 0.2280667013869646 -0.23925501466777632 -0.027737994777851327
FixedParameters: 0 0 0
#Transform 8
Transform: MatrixOffsetTransformBase_double_3_3
Parameters: 0.9999984697250095 0.0012346725457659793 0.0013476842665199676 -0.0012297060689278466 0.9999914826792481 -0.003906422655953645 -0.001353237875769485 0.0039050433920239103 0.9999918538583257 0.22958688819456086 -0.19591388405203247 -0.07131805232660327
FixedParameters: 0 0 0
#Transform 9
Transform: MatrixOffsetTransformBase_double_3_3
Parameters: 0.9999976364595035 0.0012019788442203952 0.0015836557666356263 -0.0011914851527462106 0.9999780260389167 -0.0064636554913261035 -0.0015907644571117041 0.0064616180349689745 0.999977902275208 0.22927366525657078 -0.26526329720994113 -0.2698690466392861
FixedParameters: 0 0 0
#Transform 10
Transform: MatrixOffsetTransformBase_double_3_3
Parameters: 0.9999968085442907 0.0015463114510573563 0.0018619294442690087 -0.0015374043292448077 0.9999873640086256 -0.004862191637357571 -0.0018697382265284168 0.0048591871920718455 0.9999868571220976 0.23538888299933092 -0.24640757097499488 -0.08866621844232725
FixedParameters: 0 0 0
#Transform 11
Transform: MatrixOffsetTransformBase_double_3_3
Parameters: 0.9999982571953662 0.0011368670141353324 0.0014877228134880932 -0.001130505267244594 0.9999904703340253 -0.004299067298391163 -0.001492375238196883 0.004297325312419109 0.9999893122679666 0.22810105203862463 -0.2349370068956489 0.010013699018244893
FixedParameters: 0 0 0
#Transform 12
Transform: MatrixOffsetTransformBase_double_3_3
Parameters: 0.9999979862630858 0.0009494901710290788 0.0016752390170994835 -0.0009383753672604555 0.9999777045524247 -0.006679176758045746 -0.0016814204950811526 0.006677414650551217 0.9999756931376648 0.2411844980104405 -0.24623159448032084 -0.24576158072218846
FixedParameters: 0 0 0
#Transform 13
Transform: MatrixOffsetTransformBase_double_3_3
Parameters: 0.9999965929299413 0.0013500900966054745 0.0022757472494224704 -0.0013341302608827045 0.9999742935813551 -0.007019046561266479 -0.0022856892838381687 0.007015620797483246 0.9999726200468678 0.25802782455977535 -0.2964303406072304 -0.21179707138178117
FixedParameters: 0 0 0
#Transform 14
Transform: MatrixOffsetTransformBase_double_3_3
Parameters: 0.9999982517867312 0.0015204361587303284 0.0014313511621668953 -0.0015127825432955091 0.9999871034838034 -0.004793265227232835 -0.0014379349587003779 0.0047915521182621545 0.9999869933532409 0.23427281774011988 -0.2696154445838488 0.03578040857355802
FixedParameters: 0 0 0
#Transform 15
Transform: MatrixOffsetTransformBase_double_3_3
Parameters: 0.999997714853483 0.0013016652351399167 0.0014604146356113554 -0.0012919077093676628 0.9999763540050619 -0.006733056027268924 -0.0014687294228031694 0.006731991694440637 0.9999766229567 0.24128612057594978 -0.21702629131628726 -0.22168456557700722
FixedParameters: 0 0 0
#Transform 16
Transform: MatrixOffsetTransformBase_double_3_3
Parameters: 0.9999978856344 0.000893876087065289 0.0020044808487938923 -0.0008796831337065485 0.9999740222815116 -0.0071004254025577584 -0.0020105360859355367 0.007098671649240579 0.9999726503986036 0.24763142902270374 -0.29496346364668113 -0.25412543502197593
FixedParameters: 0 0 0
#Transform 17
Transform: MatrixOffsetTransformBase_double_3_3
Parameters: 0.9999973260611006 0.0012957429930998124 0.0016323600219552217 -0.0012882813953322162 0.9999856285372999 -0.005093554742009954 -0.0016384482639433748 0.005091117478374485 0.9999854934579201 0.2503202384875607 -0.2796264050222419 -0.03619696137586459
FixedParameters: 0 0 0
#Transform 18
Transform: MatrixOffsetTransformBase_double_3_3
Parameters: 0.9999966616257894 0.0010246158401783813 0.0022338475871579236 -0.0010083811364832041 0.9999745190533601 -0.007047868502133847 -0.002241497689408116 0.007045076163057079 0.9999724312618803 0.25268470095016937 -0.24452218068432785 -0.25913316246378315
FixedParameters: 0 0 0
#Transform 19
Transform: MatrixOffsetTransformBase_double_3_3
Parameters: 0.9999970597175901 0.0011146623570433573 0.0023037291763374143 -0.0010973172888073352 0.9999701341014849 -0.0076801688670097845 -0.0023120548937535373 0.007677656722982845 0.9999677735113898 0.26944776655780345 -0.3464367646886899 -0.2807893383864979
FixedParameters: 0 0 0
#Transform 20
Transform: MatrixOffsetTransformBase_double_3_3
Parameters: 0.9999975019373446 0.0009249537499559984 0.0018374184127215865 -0.0009141622507307292 0.9999832713386366 -0.00575446800823351 -0.0018421852891658888 0.00575280599716288 0.999981556434693 0.2548921514666773 -0.31390958991271134 -0.09677735144271082
FixedParameters: 0 0 0
#Transform 21
Transform: MatrixOffsetTransformBase_double_3_3
Parameters: 0.9999965720415649 0.0008990371661083251 0.002316526916733147 -0.000882902484370454 0.9999780710735885 -0.006584987956981592 -0.002322400041655112 0.006582649424931308 0.9999753147954626 0.2722795625612946 -0.2537297068965927 -0.2272053942371457
FixedParameters: 0 0 0
#Transform 22
Transform: MatrixOffsetTransformBase_double_3_3
Parameters: 0.9999975722871173 0.0005905671908183899 0.001974138661793287 -0.0005759394856078952 0.9999702567053328 -0.007647201480293159 -0.0019788724388445506 0.007645660607669025 0.9999687396685085 0.26853378289807495 -0.32592407528913725 -0.3703193775342726
FixedParameters: 0 0 0
#Transform 23
Transform: MatrixOffsetTransformBase_double_3_3
Parameters: 0.9999979801891894 0.0011305256346820051 0.001873926071810951 -0.001121386959629534 0.9999874190188619 -0.004955120870914681 -0.001879878633152983 0.00495265508363299 0.9999859372857991 0.2640734605957391 -0.2866632295329623 -0.10076251815929993
FixedParameters: 0 0 0
#Transform 24
Transform: MatrixOffsetTransformBase_double_3_3
Parameters: 0.999997615099862 0.0006806568967771195 0.0019274532360350968 -0.0006679827251475931 0.9999803752221361 -0.00626554284028763 -0.0019312476612097784 0.006263636253242555 0.9999781643438984 0.266294941936863 -0.24395109518103197 -0.20210877846179187
FixedParameters: 0 0 0
#Transform 25
Transform: MatrixOffsetTransformBase_double_3_3
Parameters: 0.9999980692492633 0.0006880859683452197 0.0020651745242625044 -0.0006728973093704394 0.9999738542610674 -0.007204186850083921 -0.0020705146865611437 0.007203149924104479 0.9999718110935361 0.26303229791072624 -0.29558341923116416 -0.32895256412093943
FixedParameters: 0 0 0
#Transform 26
Transform: MatrixOffsetTransformBase_double_3_3
Parameters: 0.9999966630678327 0.0008517697783048846 0.002315301666387111 -0.0008361395717242205 0.999977661430912 -0.006696655459987183 -0.00232070765820859 0.006694486942253081 0.9999748420765183 0.2706600556901151 -0.32096626762458413 -0.1868873546248011
FixedParameters: 0 0 0
#Transform 27
Transform: MatrixOffsetTransformBase_double_3_3
Parameters: 0.9999966845366324 0.0010227492899835709 0.002218827466336358 -0.001007142817356697 0.9999740386801634 -0.007161076556517015 -0.0022256576238256012 0.007159246094882693 0.9999718023934111 0.27138032034559956 -0.3043040742182086 -0.197999492944831
FixedParameters: 0 0 0
#Transform 28
Transform: MatrixOffsetTransformBase_double_3_3
Parameters: 0.9999978751421488 0.000370764261720025 0.002215113118071148 -0.0003532194767609407 0.9999711721547477 -0.00753548750352992 -0.0022182499187877944 0.00753489557945658 0.9999693030895951 0.27930505147732276 -0.3075177216597922 -0.42164754056570075
FixedParameters: 0 0 0
#Transform 29
Transform: MatrixOffsetTransformBase_double_3_3
Parameters: 0.9999976442391085 0.0005954392255758407 0.0019699659678054024 -0.0005858443262978822 0.9999862546050269 -0.005148155120725695 -0.0019728863181770542 0.005146823423029717 0.9999846366166945 0.24355819458030226 -0.32617966695694633 -0.02840293603846078
FixedParameters: 0 0 0
#Transform 30
Transform: MatrixOffsetTransformBase_double_3_3
Parameters: 0.9999975936282864 0.0004625409836669699 0.002249069471093053 -0.0004458360706478554 0.9999727863347349 -0.007421200607606732 -0.002252264955883626 0.0074198582813608804 0.9999699461731439 0.2635461272433588 -0.25410032710856 -0.34834521880986813
FixedParameters: 0 0 0
#Transform 31
Transform: MatrixOffsetTransformBase_double_3_3
Parameters: 0.999997427397232 0.00041746869166307734 0.0020656433903315716 -0.0004024605242227315 0.9999726374362794 -0.007434077489442137 -0.002068434930559894 0.007433133870383024 0.9999705350383544 0.2703941444407718 -0.32956651239263124 -0.40297509761388994
FixedParameters: 0 0 0
#Transform 32
Transform: MatrixOffsetTransformBase_double_3_3
Parameters: 0.9999972617627445 0.0008633212769202578 0.0019435738734412192 -0.0008520506244435126 0.9999841610168186 -0.005599166604474931 -0.0019483475491292868 0.005597811872333186 0.9999828456682842 0.2708359243763141 -0.3003557269965711 -0.15192621309321908
FixedParameters: 0 0 0
#Transform 33
Transform: MatrixOffsetTransformBase_double_3_3
Parameters: 0.9999981411872382 0.00013884234848580979 0.0019503786362906617 -0.00012530469988552163 0.9999753575658403 -0.007040480263354881 -0.001950882617122944 0.007039829651205587 0.9999737275171449 0.2651236704734288 -0.2592718217580483 -0.5104110041988719
FixedParameters: 0 0 0
#Transform 34
Transform: MatrixOffsetTransformBase_double_3_3
Parameters: 0.9999976122778063 0.00035545411921748035 0.0022751166045604787 -0.00033889680183762233 0.9999731811676851 -0.007332173309851836 -0.002277544637356542 0.007331281329521072 0.9999700919047867 0.2764607998921633 -0.3520000969224668 -0.3474774460411538
FixedParameters: 0 0 0
#Transform 35
Transform: MatrixOffsetTransformBase_double_3_3
Parameters: 0.9999973901968572 0.0006636367768473577 0.002240059019495283 -0.0006487917296992499 0.9999784392552622 -0.006573884292821769 -0.0022448035606906294 0.006571747454450244 0.9999758473280601 0.26895285205753794 -0.3218620578062996 -0.2011140302454777
FixedParameters: 0 0 0
#Transform 36
Transform: MatrixOffsetTransformBase_double_3_3
Parameters: 0.9999977663059161 0.00043333628156800447 0.0019765590169406252 -0.00041911981462313796 0.9999750875486859 -0.007057991818728876 -0.0019792426244392355 0.007057158805382796 0.9999733384532126 0.26070836185724033 -0.2807328308998507 -0.4365588575319066
FixedParameters: 0 0 0
#Transform 37
Transform: MatrixOffsetTransformBase_double_3_3
Parameters: 0.9999967176593955 0.0007611089874357477 0.0023458843287499642 -0.0007453973496377216 0.9999773578449623 -0.006656405393994536 -0.0023510004807546156 0.006654873234093833 0.9999751629956831 0.2722212611335948 -0.3196742998486286 -0.29922586300537546
FixedParameters: 0 0 0
#Transform 38
Transform: MatrixOffsetTransformBase_double_3_3
Parameters: 0.9999982691124477 0.0006694682035456572 0.0017631766315033895 -0.0006610724873207024 0.999986761293583 -0.005088514500812602 -0.001765837516023376 0.0050869527104063506 0.9999850869419215 0.2545027516589471 -0.25021162579054135 -0.18406110010366206
FixedParameters: 0 0 0
#Transform 39
Transform: MatrixOffsetTransformBase_double_3_3
Parameters: 0.9999976276454443 0.00040360460797781404 0.0022602732887457427 -0.0003894710427513517 0.9999791252092762 -0.006388463757500656 -0.0022623400764952145 0.0063877390444207205 0.9999770888916152 0.2729991969104617 -0.25022235720940955 -0.48529293069309176
FixedParameters: 0 0 0
#Transform 40
Transform: MatrixOffsetTransformBase_double_3_3
Parameters: 0.9999971721219124 0.0003799667643736293 0.0023619169874369364 -0.00036631316348502765 0.9999818713110835 -0.006007006658762054 -0.0023631951484076666 0.006006313693597415 0.9999793539861634 0.2713834793414236 -0.30933778922890554 -0.25293444641995677
FixedParameters: 0 0 0
#Transform 41
Transform: MatrixOffsetTransformBase_double_3_3
Parameters: 0.9999979454442648 0.0004698876817889053 0.002174764498698925 -0.00045609499221008817 0.9999798068994735 -0.00632963212388582 -0.002177662313304872 0.006328460210054815 0.9999772324271011 0.266887833633362 -0.28687653201188823 -0.26832458644869916
FixedParameters: 0 0 0
#Transform 42
Transform: MatrixOffsetTransformBase_double_3_3
Parameters: 0.9999979443277827 0.00009251130076184423 0.002249428825576792 -0.00007592330612697911 0.9999755094001821 -0.007029808596838827 -0.0022500004322096798 0.007029230949818888 0.9999725798573013 0.28010796878579924 -0.2758431026526864 -0.48749275780954804
FixedParameters: 0 0 0
#Transform 43
Transform: MatrixOffsetTransformBase_double_3_3
Parameters: 0.999995417113518 0.0009777652737338206 0.0027153156367055245 -0.0009594180065198082 0.9999781077327904 -0.006571574875077063 -0.002721766403808522 0.006568229715910395 0.9999744892873442 0.2877239746168243 -0.34474106529985704 -0.276850592627639
FixedParameters: 0 0 0
#Transform 44
Transform: MatrixOffsetTransformBase_double_3_3
Parameters: 0.9999980470025871 0.0008786317189018343 0.0019900009544352865 -0.0008681563321397004 0.9999841115432088 -0.005510609386967041 -0.0019944514720996037 0.005509064377203721 0.9999826606559299 0.26912822950686177 -0.2865514097563846 -0.16447715963101928
FixedParameters: 0 0 0
#Transform 45
Transform: MatrixOffsetTransformBase_double_3_3
Parameters: 0.99999698206472 0.0005968327061811338 0.002546340431930992 -0.0005765708881245229 0.9999696306423783 -0.007824816289846881 -0.002550874144501218 0.007823626341363937 0.9999662689247697 0.2951309461703886 -0.30720141406659707 -0.5241817577137198
FixedParameters: 0 0 0
#Transform 46
Transform: MatrixOffsetTransformBase_double_3_3
Parameters: 0.999995915182701 0.0006283052247652446 0.0027416827987591513 -0.0006057458831905454 0.9999670195210739 -0.008042333280422281 -0.0027468926691869913 0.008039962289776326 0.9999639187904935 0.2921726130560245 -0.38073130819638834 -0.3509581825855008
FixedParameters: 0 0 0
#Transform 47
Transform: MatrixOffsetTransformBase_double_3_3
Parameters: 0.9999963684171872 0.0006998720668389326 0.002431041086522333 -0.0006812287781153394 0.9999705518685948 -0.007627860178097606 -0.0024359794054795436 0.007626364686597664 0.9999679342563677 0.29118581400504695 -0.3276385336245653 -0.24574417854192632
FixedParameters: 0 0 0
#Transform 48
Transform: MatrixOffsetTransformBase_double_3_3
Parameters: 0.9999969285334832 0.0002561611600970506 0.0024463290334137203 -0.00023742558602521825 0.9999684024365297 -0.007903291410160024 -0.002448654055238357 0.007901920651950695 0.9999656620383921 0.2964418126753543 -0.28228194641813786 -0.5353813378067827
FixedParameters: 0 0 0
#Transform 49
Transform: MatrixOffsetTransformBase_double_3_3
Parameters: 0.9999956757379237 0.000743929257840714 0.002740161150036134 -0.0007197906299103041 0.9999625584975392 -0.008665586545444609 -0.0027463872426711985 0.008663195844928528 0.9999584966139394 0.3074567486162181 -0.40041175772675786 -0.45629045498723997
FixedParameters: 0 0 0
#Transform 50
Transform: MatrixOffsetTransformBase_double_3_3
Parameters: 0.9999959991906539 0.0005420995713946372 0.0027535769674589677 -0.000519992856473841 0.9999685812954583 -0.007957661876245081 -0.002758189917699237 0.007956420807972903 0.9999640341236621 0.29642485829312193 -0.3543663066340912 -0.29693945468845584
FixedParameters: 0 0 0
#Transform 51
Transform: MatrixOffsetTransformBase_double_3_3
Parameters: 0.999996877684105 0.00031955125623694437 0.002637918824779595 -0.0002966700435915676 0.9999639882610571 -0.008483104243505984 -0.0026407099602428832 0.008482186681936288 0.9999600984752545 0.30187369998019165 -0.3304081763399864 -0.5793141332727458
FixedParameters: 0 0 0
#Transform 52
Transform: MatrixOffsetTransformBase_double_3_3
Parameters: 0.9999961373958015 0.0006519111327363018 0.0025025979038831997 -0.0006323077674818744 0.99996728229504 -0.00803137954934588 -0.002508329650280916 0.008029911269404055 0.999964215856036 0.2996106163438981 -0.36818028054122465 -0.45337941427584383
FixedParameters: 0 0 0
#Transform 53
Transform: MatrixOffsetTransformBase_double_3_3
Parameters: 0.9999959310160828 0.0006916526632732055 0.002720675330474605 -0.0006720521078875047 0.9999740378852728 -0.007191810632724199 -0.0027254244424388466 0.0071901767550299756 0.9999708487574149 0.29822416195240464 -0.3244602565669794 -0.2666726590633459
FixedParameters: 0 0 0
#Transform 54
Transform: MatrixOffsetTransformBase_double_3_3
Parameters: 0.9999967172792749 0.0006180387800757726 0.0025918812886892503 -0.0005983817222018177 0.9999716057218676 -0.007556292302818235 -0.0025962264654142767 0.007553979054292781 0.9999683167870003 0.3100477908305379 -0.29592536044944495 -0.6146679484723592
FixedParameters: 0 0 0
#Transform 55
Transform: MatrixOffsetTransformBase_double_3_3
Parameters: 0.9999961176722014 0.00031709794011063053 0.0025899611656182153 -0.0002968457195751369 0.9999700835694632 -0.007738326800183409 -0.002592041559752588 0.007737548255756593 0.9999664300998568 0.29815640488575923 -0.39109586559860077 -0.35072098392562623
FixedParameters: 0 0 0
#Transform 56
Transform: MatrixOffsetTransformBase_double_3_3
Parameters: 0.9999963823786426 0.000631175848328315 0.0026526155321224265 -0.0006107696824517823 0.9999710840040442 -0.007533424201281447 -0.0026571186111519 0.007532205078270737 0.9999681770702261 0.30360924500205044 -0.3080880494982807 -0.3867076455683218
FixedParameters: 0 0 0
#Transform 57
Transform: MatrixOffsetTransformBase_double_3_3
Parameters: 0.9999965381192731 0.0004739946499633819 0.002667604623726741 -0.0004514038341333279 0.9999670143504388 -0.008113711307298682 -0.002671522981485555 0.00811201604423889 0.9999631263238032 0.31367881708909806 -0.33428504067246934 -0.5274631073301492
FixedParameters: 0 0 0
#Transform 58
Transform: MatrixOffsetTransformBase_double_3_3
Parameters: 0.999996022656072 0.000825480466735239 0.0026579368941520923 -0.0008045711097704545 0.9999691063822305 -0.007775200928061249 -0.002664837741308393 0.007772903764231315 0.9999665023339156 0.30994190853446923 -0.3725897549260111 -0.3019567582261118
FixedParameters: 0 0 0
#Transform 59
Transform: MatrixOffsetTransformBase_double_3_3
Parameters: 0.9999963063858739 0.0006954663365066052 0.002454125875459373 -0.0006777998624870893 0.9999722884096189 -0.007379167566027328 -0.0024594428170909566 0.0073776463746951515 0.999969507010328 0.3064584703485309 -0.2971528780514774 -0.32119002895994697
FixedParameters: 0 0 0
#Transform 60
Transform: MatrixOffsetTransformBase_double_3_3
Parameters: 0.9999952583140924 0.00041634534417551994 0.0029202590513887627 -0.0003958710780361911 0.9999761799417362 -0.006909169206530813 -0.002923569922739566 0.0069078743124609265 0.9999716997620144 0.3270924586807382 -0.2779453660286606 -0.5964390254705876
FixedParameters: 0 0 0
#Transform 61
Transform: MatrixOffsetTransformBase_double_3_3
Parameters: 0.9999966545676194 0.0004249674300349513 0.0024650474135886474 -0.00040808164621937686 0.9999754667707323 -0.007031084007772109 -0.002467999749749983 0.007029944787137948 0.9999725064520134 0.3183338237337239 -0.33873033341799896 -0.22861352712929772
FixedParameters: 0 0 0
#Transform 62
Transform: MatrixOffsetTransformBase_double_3_3
Parameters: 0.9999966373825399 0.00045457412678310324 0.0024636367371474663 -0.0004370638484733347 0.9999745580427007 -0.007163846213431885 -0.0024672218189429607 0.007162562709311843 0.9999716257970966 0.3114717688227273 -0.2513060169487886 -0.5676322800765519
FixedParameters: 0 0 0
#Transform 63
Transform: MatrixOffsetTransformBase_double_3_3
Parameters: 0.999994908400996 0.00029843866595510166 0.0029908498279945586 -0.0002739226663014639 0.999964072195606 -0.008420217747164976 -0.0029927787774352912 0.008419566201844836 0.9999601613214099 0.32488984772984963 -0.4147014007101575 -0.3549712295364742
FixedParameters: 0 0 0
#Transform 64
Transform: MatrixOffsetTransformBase_double_3_3
Parameters: 0.9999966715001668 0.00018432975432432393 0.0025074037346764708 -0.00016321261113585745 0.9999643461196921 -0.008407528328502223 -0.0025091162288240487 0.00840767624763114 0.9999619607580358 0.3104653775293684 -0.36949571127161107 -0.35492222816749575
FixedParameters: 0 0 0
#Transform 65
Transform: MatrixOffsetTransformBase_double_3_3
Parameters: 0.9999956017597897 0.00017938513203465383 0.00289135106840923 -0.00015454964434658078 0.9999646597329995 -0.008439554896386564 -0.002892549347686492 0.008438499511173564 0.9999605185355713 0.3331417038816653 -0.3342337733361518 -0.5721736944206413
FixedParameters: 0 0 0
#Transform 66
Transform: MatrixOffsetTransformBase_double_3_3
Parameters: 0.9999954595349634 0.000633900524343982 0.002996261145558038 -0.0006075181105899838 0.9999625305257961 -0.008675827780301015 -0.0030022656039463483 0.008673876925702345 0.999957738516621 0.3206144278168068 -0.4085461134645243 -0.42565570448853407
FixedParameters: 0 0 0
#Transform 67
Transform: MatrixOffsetTransformBase_double_3_3
Parameters: 0.9999975579423148 -0.0006921466665624765 0.002054558172298604 0.0007047965985936509 0.9999803503222665 -0.006161212960488827 -0.0020501743633701552 0.006163003179457921 0.999978747485206 0.3257217838492039 -0.27581784318797986 -0.4180382539670404
FixedParameters: 0 0 0
#Transform 68
Transform: MatrixOffsetTransformBase_double_3_3
Parameters: 0.9999987362313567 0.00033393824234133774 0.0014540044881574052 -0.0003289738968216098 0.9999956490290184 -0.0030610790373681585 -0.0014549974279524508 0.003061162018315716 0.999994422889336 0.2629911606460382 -0.3195027375004287 -0.11101625272236504
FixedParameters: 0 0 0
#Transform 69
Transform: MatrixOffsetTransformBase_double_3_3
Parameters: 0.9999971323133003 -0.00006890902265190013 0.0022186542259706177 0.00008405516979782292 0.9999782928801201 -0.006605840260332618 -0.0022179503997628858 0.00660601788751744 0.9999754435650718 0.2975983805774973 -0.3343889015556556 -0.3893926432807433
FixedParameters: 0 0 0
#Transform 70
Transform: MatrixOffsetTransformBase_double_3_3
Parameters: 0.9999969738689397 -0.0007014531147694425 0.0024115845580124223 0.0007193693327733636 0.9999725886423214 -0.0073935364494044364 -0.002405426555050008 0.007395626717660891 0.9999694647612742 0.30668284976627547 -0.4049635396807503 -0.3829171487865608
FixedParameters: 0 0 0
#Transform 71
Transform: MatrixOffsetTransformBase_double_3_3
Parameters: 0.9999945067109355 -0.0005614600051651614 0.0032407697412295267 0.0005844206908271806 0.9999746308670163 -0.007048680647919692 -0.0032371313821906583 0.007050666567681552 0.9999698266224665 0.3274405408029679 -0.38056202064053934 -0.2813020853153603
FixedParameters: 0 0 0
#Transform 72
Transform: MatrixOffsetTransformBase_double_3_3
Parameters: 0.9999942905663952 -0.0009798372809836113 0.0031987686863424805 0.0010030094870260176 0.9999731212292813 -0.007236599411533234 -0.003191920425129835 0.007239930343121481 0.9999684148750485 0.3356418645636694 -0.3517310011997381 -0.26162397619795286
FixedParameters: 0 0 0
#Transform 73
Transform: MatrixOffsetTransformBase_double_3_3
Parameters: 0.9999943752374267 -0.0017001781395764477 0.0027486087652419874 0.0017238136168079626 0.9999619727054153 -0.00850735811797576 -0.0027340560585355222 0.008512184396534783 0.9999599244499274 0.33252132708523163 -0.3790283882543264 -0.4821321235471032
FixedParameters: 0 0 0
#Transform 74
Transform: MatrixOffsetTransformBase_double_3_3
Parameters: 0.9999950194122957 -0.0011868980101205524 0.0030308017077595242 0.0012127451132066891 0.9999630872709656 -0.008480410910119252 -0.0030206672544567173 0.008484531085263841 0.9999597960195991 0.33375190499755547 -0.42038872651384906 -0.3392984486331727
FixedParameters: 0 0 0
#Transform 75
Transform: MatrixOffsetTransformBase_double_3_3
Parameters: 0.9999938154907507 -0.001445963259040348 0.0031207512956553662 0.0014696814726495415 0.999969808256199 -0.007565428778032596 -0.003109365752943176 0.007569266229905919 0.9999661865813436 0.3354648221185954 -0.3594865298358627 -0.2239372056026241
FixedParameters: 0 0 0
#Transform 76
Transform: MatrixOffsetTransformBase_double_3_3
Parameters: 0.9999946573968126 -0.0016661554321745964 0.0028853519635692673 0.0016886052424016033 0.9999659568058231 -0.008031384478925069 -0.002871348242465384 0.008036448796067658 0.9999630981952795 0.3426555596402068 -0.34784289583761563 -0.4208806037689641
FixedParameters: 0 0 0
#Transform 77
Transform: MatrixOffsetTransformBase_double_3_3
Parameters: 0.9999944972602443 -0.0014446329643765174 0.002853363184340464 0.0014699475160226882 0.9999598427207469 -0.008793496672866968 -0.0028403721337883145 0.008797436781733198 0.9999574789588883 0.3390484562774674 -0.4085744087461478 -0.45013404204387086
FixedParameters: 0 0 0
#Transform 78
Transform: MatrixOffsetTransformBase_double_3_3
Parameters: 0.9999947416877927 -0.0015365894923677877 0.0027578672282751876 0.0015582010168134026 0.9999661176278469 -0.008056565940739224 -0.002745123914393355 0.008061512586955422 0.9999633112476816 0.3293787455602626 -0.41947425007303707 -0.23305257217351993
FixedParameters: 0 0 0
#Transform 79
Transform: MatrixOffsetTransformBase_double_3_3
Parameters: 0.9999957582439428 -0.0012745154144648335 0.00249436783583077 0.0012952675793107575 0.9999664421066813 -0.0080849434017079 -0.002484335453199968 0.008087949058615568 0.9999643200970837 0.32309559622706274 -0.32895731441486475 -0.5036910017182521
FixedParameters: 0 0 0
#Transform 80
Transform: MatrixOffsetTransformBase_double_3_3
Parameters: 0.9999954360875324 -0.0015324822483894114 0.0026454807419632673 0.0015562883293979857 0.9999580119080282 -0.009056107165664878 -0.0026314674098616223 0.00906061739783226 0.9999557467173513 0.330006693536987 -0.427939817849861 -0.4428859762189177
FixedParameters: 0 0 0
#Transform 81
Transform: MatrixOffsetTransformBase_double_3_3
Parameters: 0.9999957771515832 -0.0013493170520139774 0.0026547410340929806 0.0013697700497369326 0.9999686985110118 -0.007731077761675448 -0.002644906775651143 0.007733870426128053 0.9999661997326331 0.34745528363390576 -0.40961713361555496 -0.18969924150952977
FixedParameters: 0 0 0
#Transform 82
Transform: MatrixOffsetTransformBase_double_3_3
Parameters: 0.9999961993381657 -0.0011371418810425821 0.0026568638200088063 0.0011584070140256142 0.999966687894261 -0.008028784557238072 -0.002647812334008265 0.008031673081444174 0.9999644363843994 0.3562638264373703 -0.3072253138181509 -0.4308814161909851
FixedParameters: 0 0 0
#Transform 83
Transform: MatrixOffsetTransformBase_double_3_3
Parameters: 0.9999946516554161 -0.0010884253688711615 0.0029545256282610052 0.0011137666459950625 0.9999623873489342 -0.008592686077767225 -0.002944937525351403 0.008595778978403718 0.9999584090926797 0.3563804113086917 -0.4171004208748883 -0.44027868398143255
FixedParameters: 0 0 0
#Transform 84
Transform: MatrixOffsetTransformBase_double_3_3
Parameters: 0.9999964034048526 -0.0011836049765800204 0.0025853475702463033 0.0012031251748298773 0.999970936855119 -0.007490279790957621 -0.0025756301725314568 0.007493080291016335 0.9999682409622737 0.35108481657998425 -0.3997219474419609 -0.2164067844406361
FixedParameters: 0 0 0
#Transform 85
Transform: MatrixOffsetTransformBase_double_3_3
Parameters: 0.9999960316891342 -0.001114844939905212 0.002495864607156041 0.0011349641614243726 0.9999666572351498 -0.008095563556519497 -0.0024862877099454117 0.008097755309386528 0.9999642549023917 0.3694189863221453 -0.31893369931663074 -0.49498693915998615
FixedParameters: 0 0 0
#Transform 86
Transform: MatrixOffsetTransformBase_double_3_3
Parameters: 0.9999960736965247 -0.0012374521326837806 0.0026482650538005095 0.0012595664152602942 0.9999623507336245 -0.008632443894048325 -0.0026373072156328572 0.008635449335676448 0.9999593959861501 0.3416796684575729 -0.4624243147593461 -0.2819318894921281
FixedParameters: 0 0 0
#Transform 87
Transform: MatrixOffsetTransformBase_double_3_3
Parameters: 0.9999958375570176 -0.0010383359056701765 0.0025714150500944985 0.0010619303986570527 0.9999578253420747 -0.009138442462594876 -0.002561363925206936 0.009140263779619712 0.999954899121711 0.3517756259238496 -0.3708003467055363 -0.4543161425830249
FixedParameters: 0 0 0
#Transform 88
Transform: MatrixOffsetTransformBase_double_3_3
Parameters: 0.9999969375986383 -0.001266204322873994 0.0022706685049232664 0.0012887504433817532 0.9999507112058593 -0.009809649605878823 -0.0022585858472185735 0.009812879050524248 0.9999493030362722 0.35674076210393935 -0.43096074517991667 -0.5220642877766437
FixedParameters: 0 0 0
#Transform 89
Transform: MatrixOffsetTransformBase_double_3_3
Parameters: 0.999995313430273 -0.001261361188074503 0.002618186048859064 0.0012874312702573741 0.9999476832718245 -0.010153440713036949 -0.0026059942944206688 0.010156315658004622 0.9999448597852315 0.3569319781356626 -0.4824361345204977 -0.5231052222008543
FixedParameters: 0 0 0
#Transform 90
Transform: MatrixOffsetTransformBase_double_3_3
Parameters: 0.9999954526601447 -0.00125743518134432 0.00276644091991754 0.0012836441735906024 0.9999552946021097 -0.009407351993640373 -0.0027545571507024275 0.009410653934858765 0.9999517200525722 0.364396951671651 -0.4723171998485327 -0.3724131965120421
FixedParameters: 0 0 0
#Transform 91
Transform: MatrixOffsetTransformBase_double_3_3
Parameters: 0.9999944960695445 -0.0012992622125680368 0.003091350127794941 0.001328964514687633 0.9999546615557117 -0.009480250688209652 -0.003079131576362859 0.009483798390452297 0.999950528593286 0.3756950551914713 -0.4090534569615869 -0.5462131778438106
FixedParameters: 0 0 0
#Transform 92
Transform: MatrixOffsetTransformBase_double_3_3
Parameters: 0.9999946798753755 -0.0013449132138741663 0.0030537504193342835 0.0013765675885221108 0.9999456058070993 -0.010286039249658957 -0.003039980622914093 0.010289926424734835 0.9999427522365081 0.3662511704542766 -0.5021930439108502 -0.6075643970626459
FixedParameters: 0 0 0
#Transform 93
Transform: MatrixOffsetTransformBase_double_3_3
Parameters: 0.9999935229187645 -0.0017960806808503807 0.003201723926448033 0.0018269124842788071 0.9999518391536034 -0.009583362798319506 -0.00318449639597166 0.009588329538283785 0.9999489004257336 0.37129433862462236 -0.49078379395012917 -0.410963042887289
FixedParameters: 0 0 0
#Transform 94
Transform: MatrixOffsetTransformBase_double_3_3
Parameters: 0.999993741517687 -0.001278537057093191 0.003219571460798973 0.001308246306895443 0.999955042528803 -0.0094101036324378 -0.003207648499774715 0.009414031911675724 0.9999510367167748 0.39148538306281466 -0.3989222422498244 -0.6173035594795522
FixedParameters: 0 0 0
#Transform 95
Transform: MatrixOffsetTransformBase_double_3_3
Parameters: 0.9999924323933101 -0.0012713710219921914 0.0036981641602562634 0.00130428644261491 0.9999597521682875 -0.008872489985602167 -0.0036868440009334633 0.008876836953795542 0.9999537055089217 0.40397127724270376 -0.4350177029908764 -0.7021123203127217
FixedParameters: 0 0 0
#Transform 96
Transform: MatrixOffsetTransformBase_double_3_3
Parameters: 0.999992193422673 -0.0013059854128341297 0.003592472779352332 0.0013410371743961544 0.9999505728997614 -0.009894056115648253 -0.0035793995242183047 0.009898897287475561 0.9999441255965291 0.39159076181118735 -0.4680315820851604 -0.5604353220586802
FixedParameters: 0 0 0
#Transform 97
Transform: MatrixOffsetTransformBase_double_3_3
Parameters: 0.9999944869723197 -0.001389694147845585 0.002897573530628049 0.0014196884623851012 0.9999469238487317 -0.010222028669067323 -0.0028833494859630063 0.010226527761398818 0.9999438550750109 0.37776802914306984 -0.4888882926438072 -0.5087819126486295
FixedParameters: 0 0 0
#Transform 98
Transform: MatrixOffsetTransformBase_double_3_3
Parameters: 0.9999911086251858 -0.0013575775443214746 0.00411088069284514 0.0013980485618523145 0.9999512702580645 -0.009793291011328475 -0.004097239066356881 0.009799329522367006 0.9999431957343995 0.4152150387358233 -0.43468143640929213 -0.7618431629154969
FixedParameters: 0 0 0
#Transform 99
Transform: MatrixOffsetTransformBase_double_3_3
Parameters: 0.9999920988709132 -0.0012365222476528413 0.0037665351186441653 0.001274909719541347 0.9999459562176456 -0.010274589771872511 -0.0037538484988313484 0.010278822094802437 0.9999402844226726 0.4053239636778727 -0.5110111740228831 -0.6556863173806562
FixedParameters: 0 0 0
#Transform 100
Transform: MatrixOffsetTransformBase_double_3_3
Parameters: 0.9999935099750197 -0.0017333613237469122 0.0030735000471611637 0.0017638803645983678 0.9999494262835283 -0.00992956820282151 -0.0030556852669345533 0.009934379135250748 0.9999458705744174 0.3929573623834557 -0.496992340409534 -0.49217355499294513
FixedParameters: 0 0 0
#Transform 101
Transform: MatrixOffsetTransformBase_double_3_3
Parameters: 0.9999944716862309 -0.001275182424998138 0.003103335152198551 0.0013033867735582298 0.9999580742769897 -0.00903071970141403 -0.0030924755802299447 0.009034475610673387 0.9999547555650213 0.3950255671363294 -0.3942669845634583 -0.558476997258154
FixedParameters: 0 0 0
#Transform 102
Transform: MatrixOffsetTransformBase_double_3_3
Parameters: 0.9999918934829309 -0.001196341800893474 0.00393407755900986 0.0012358492196289164 0.9999492223201982 -0.009969937720851724 -0.0039225361879174706 0.00997428392244512 0.9999421703239257 0.41229329479416776 -0.47137155738930403 -0.8651022401313355
FixedParameters: 0 0 0
#Transform 103
Transform: MatrixOffsetTransformBase_double_3_3
Parameters: 0.9999924283843689 -0.0016409725106109373 0.0034512030624978124 0.0016781919986506109 0.9999415610763177 -0.010711124563873103 -0.003433531470752871 0.010716600631016288 0.9999362201893292 0.41134704592187177 -0.5260148787122034 -0.6289586285020334
FixedParameters: 0 0 0
#Transform 104
Transform: MatrixOffsetTransformBase_double_3_3
Parameters: 0.9999925782629288 -0.0013632818872034852 0.003524526317425551 0.001399232211727196 0.9999483812031194 -0.010089697930339842 -0.003511106901456007 0.010093839249559394 0.9999427804059994 0.4149580726310944 -0.46150288574145293 -0.634145066802617
FixedParameters: 0 0 0
#Transform 105
Transform: MatrixOffsetTransformBase_double_3_3
Parameters: 0.9999927628895875 -0.0015969135527333306 0.0034130147499128807 0.0016306257388031577 0.9999487235270189 -0.009987796809975524 -0.0033972355902371354 0.00999323230445115 0.9999444881198496 0.42232220744745064 -0.4723944794088908 -0.8841903150505175
FixedParameters: 0 0 0
#Transform 106
Transform: MatrixOffsetTransformBase_double_3_3
Parameters: 0.9999921966775186 -0.0016212103329070185 0.0036329079899332997 0.0016596023621085927 0.9999438600786762 -0.010458083652515743 -0.003616038538478042 0.010463293693677822 0.9999384278031423 0.4004209377870467 -0.5523847391072536 -0.5875035378314237
FixedParameters: 0 0 0
#Transform 107
Transform: MatrixOffsetTransformBase_double_3_3
Parameters: 0.9999934456138835 -0.0015086111496918405 0.0031940526846841594 0.0015419680366560136 0.9999444468912329 -0.010461319968098626 -0.003178257220174119 0.010466229151591733 0.999940162789235 0.40001723281260126 -0.4917211339485448 -0.5941823142173348
FixedParameters: 0 0 0
#Transform 108
Transform: MatrixOffsetTransformBase_double_3_3
Parameters: 0.999992074214517 -0.0015834396224332602 0.003656279462104166 0.0016188771937487604 0.9999517182500268 -0.009677916365166267 -0.003641203230409909 0.009683039402666405 0.999946024070901 0.42255257295651916 -0.43140842632475085 -0.8413873623234451
FixedParameters: 0 0 0
#Transform 109
Transform: MatrixOffsetTransformBase_double_3_3
Parameters: 0.9999907877537314 -0.0017614303984276334 0.0038868947564795267 0.0017982983220424234 0.9999538497422921 -0.00942959051173664 -0.0038698790665537414 0.009437048586222574 0.9999479620611288 0.42092342733538146 -0.48628363762526305 -0.6598843227496616
FixedParameters: 0 0 0
#Transform 110
Transform: MatrixOffsetTransformBase_double_3_3
Parameters: 0.9999932148902425 -0.0015554021413710303 0.003195631436914932 0.0015858995364778873 0.9999535923132917 -0.009489412292407462 -0.0031803554570102102 0.009493827552330497 0.9999497452506267 0.3961553811962091 -0.4503635762186917 -0.5996561783612009
FixedParameters: 0 0 0
#Transform 111
Transform: MatrixOffsetTransformBase_double_3_3
Parameters: 0.9999934018245018 -0.0013788804265072877 0.0033762886579395135 0.0014060666828650085 0.9999676632875274 -0.007979447961718095 -0.0033656052770842174 0.007984384847823434 0.9999619053862475 0.4065098532457654 -0.3618089254177903 -0.8544346755942911
FixedParameters: 0 0 0
#Transform 112
Transform: MatrixOffsetTransformBase_double_3_3
Parameters: 0.9999894455805953 -0.0016203773377048624 0.004224947399574679 0.0016558501056166894 0.9999624612464942 -0.008467806659361449 -0.004211960280440283 0.008474891618108021 0.9999556039183216 0.42360714687873724 -0.4738946734429419 -0.8061190608285358
FixedParameters: 0 0 0
#Transform 113
Transform: MatrixOffsetTransformBase_double_3_3
Parameters: 0.9999941897154465 -0.001581146708326018 0.0031830640246943917 0.001608145647447502 0.9999608981838028 -0.008642012907044555 -0.0031693907824074663 0.008646649881639601 0.9999571966274405 0.3788859691729556 -0.44503975667245754 -0.5532536654196463
FixedParameters: 0 0 0
#Transform 114
Transform: MatrixOffsetTransformBase_double_3_3
Parameters: 0.9999924051937632 -0.0012945883777038822 0.0036844101433157334 0.001324824800417626 0.9999667256137617 -0.008105425224282509 -0.003673426068183841 0.008109791067379968 0.9999598997147603 0.40462568809896027 -0.3619646186517258 -0.9558073535336717
FixedParameters: 0 0 0
#Transform 115
Transform: MatrixOffsetTransformBase_double_3_3
