#Insight Transform File V1.0
#Transform 0
Transform: MatrixOffsetTransformBase_double_3_3
Parameters: 0.9999998366729984 -0.0006018506480860448 -0.0009730023496688917 0.0005974831424020632 0.9999890005587543 -0.004758010941309009 0.0009760004875647571 0.004758231396736244 0.9999882645711244 0.06895173564518586 -0.09520895962410236 -0.5189263114929048
FixedParameters: 0 0 0
#Transform 1
Transform: MatrixOffsetTransformBase_double_3_3
Parameters: 0.9999996075014606 -0.0005445204878280392 -0.001120256292234903 0.0005380170482108445 0.9999868321946613 -0.005086626310051076 0.0011227415452133155 0.005086801451214013 0.9999867091541298 0.06894603694453849 -0.08066667878071598 -0.5281177531273045
FixedParameters: 0 0 0
#Transform 2
Transform: MatrixOffsetTransformBase_double_3_3
Parameters: 0.9999991925150674 -0.00033187153017050187 -0.0008783804319011657 0.00032755314147244163 0.9999885684062032 -0.004724829421839348 0.0008796188150591855 0.004724563621602861 0.9999888306011158 0.06995190329770651 -0.1153728791158386 -0.5159168627635893
FixedParameters: 0 0 0
#Transform 3
Transform: MatrixOffsetTransformBase_double_3_3
Parameters: 0.999999120722574 -0.0005377519583784554 -0.000818326462228347 0.0005335043957469204 0.9999874979256198 -0.005021737627618818 0.00082167212364119 0.005021173027126808 0.999987032395719 0.06407605801446437 -0.08734310219838903 -0.5549300567405595
FixedParameters: 0 0 0
#Transform 4
Transform: MatrixOffsetTransformBase_double_3_3
Parameters: 0.9999992338842669 -0.0007190002706459571 -0.0007013526054103908 0.0007155964642565651 0.999986432227906 -0.0052011054311808256 0.0007046488964559672 0.00520140765695858 0.9999862099177653 0.07170983641547934 -0.10336150867776439 -0.5372067478264739
FixedParameters: 0 0 0
#Transform 5
Transform: MatrixOffsetTransformBase_double_3_3
Parameters: 0.9999990273327458 -0.000543096681202644 -0.0009212215171872651 0.0005380307854014137 0.9999850336193306 -0.0054476807207252415 0.0009237766647262335 0.005447075670008769 0.999984304263073 0.062099954671438695 -0.08078691660759318 -0.543822995194688
FixedParameters: 0 0 0
#Transform 6
Transform: MatrixOffsetTransformBase_double_3_3
Parameters: 0.999999219117195 -0.0005437348285324419 -0.0008023378022793681 0.0005397939914488589 0.9999873649128946 -0.004933981296290983 0.0008046623066415293 0.004933424512322341 0.9999878545631292 0.05748686262937497 -0.10769757996557416 -0.5274681889356145
FixedParameters: 0 0 0
#Transform 7
Transform: MatrixOffsetTransformBase_double_3_3
Parameters: 0.9999989858932294 -0.0007586128792629796 -0.0008251678929896145 0.0007550386597002531 0.9999866508205039 -0.005175003612987441 0.0008288349862611705 0.005174144109094282 0.9999862970573815 0.0586488364614155 -0.07388209203993767 -0.5539018824534878
FixedParameters: 0 0 0
#Transform 8
Transform: MatrixOffsetTransformBase_double_3_3
Parameters: 0.9999993971774694 -0.0009164910700521643 -0.0010383940588709756 0.000910910247340476 0.99998676995074 -0.005039604386112667 0.0010426063114279266 0.00503909217632266 0.9999872074779897 0.06876623348686906 -0.09782051621954224 -0.5339513872862511
FixedParameters: 0 0 0
#Transform 9
Transform: MatrixOffsetTransformBase_double_3_3
Parameters: 0.999999081461499 -0.0007387016454546288 -0.0007842671069712703 0.0007355445723857949 0.9999866330430074 -0.005179517136566423 0.0007877370140104284 0.005178750665390437 0.9999863159777007 0.046977454222087545 -0.07557886780546141 -0.5448768218062412
FixedParameters: 0 0 0
#Transform 10
Transform: MatrixOffsetTransformBase_double_3_3
Parameters: 0.9999994661826537 -0.0007500968602155212 -0.0010651259989697404 0.0007447548639810551 0.9999853118356268 -0.005304268647076777 0.0010698765548337041 0.005303143632415239 0.9999855665210822 0.055061086611772225 -0.10515292999154724 -0.530955913760323
FixedParameters: 0 0 0
#Transform 11
Transform: MatrixOffsetTransformBase_double_3_3
Parameters: 0.9999993096691119 -0.0002782081222720208 -0.0007916622403700974 0.00027456350626408314 0.9999847420995356 -0.005494268945660204 0.000793340228378514 0.005493226248890218 0.999984176306554 0.07362923703061597 -0.055879958333974855 -0.5501533818391238
FixedParameters: 0 0 0
#Transform 12
Transform: MatrixOffsetTransformBase_double_3_3
Parameters: 0.9999988969828849 -0.0008887916333964276 -0.000741523959366247 0.0008842664459788622 0.9999867011572493 -0.005051553459790414 0.0007464707432944667 0.005050469673908247 0.9999866970992222 0.06125582209777747 -0.09000323462394988 -0.5319210719790561
FixedParameters: 0 0 0
#Transform 13
Transform: MatrixOffsetTransformBase_double_3_3
Parameters: 0.9999988792002728 -0.00104928192725733 -0.0005835479408860672 0.0010460838235151716 0.9999850653219741 -0.005276555853211576 0.0005894501632403987 0.005275562289445842 0.9999854981534583 0.054992576134395676 -0.07132966818667796 -0.542333867037371
FixedParameters: 0 0 0
#Transform 14
Transform: MatrixOffsetTransformBase_double_3_3
Parameters: 0.9999994265108737 -0.0008975193949288627 -0.00006850512344194759 0.0008968074019624806 0.9999870540666146 -0.005014130512504009 0.00007349303753066694 0.005014003115014006 0.9999876174739897 0.06284183273001531 -0.09985687425654532 -0.5463000247567606
FixedParameters: 0 0 0
#Transform 15
Transform: MatrixOffsetTransformBase_double_3_3
Parameters: 0.9999992614372349 -0.0014687260660711302 -0.00037029202738779465 0.0014666832526050455 0.9999848439656394 -0.005291631568238211 0.0003777091082877021 0.005291687551753295 0.9999863027742223 0.058251187920575376 -0.07523635056092814 -0.5536154472024322
FixedParameters: 0 0 0
#Transform 16
Transform: MatrixOffsetTransformBase_double_3_3
Parameters: 0.9999992885156932 -0.0014144070623948377 -0.0004042445548846224 0.0014126492001777576 0.9999888115534834 -0.004603785176039406 0.00041075559120733185 0.004602790061684957 0.9999891909232813 0.05401355536277208 -0.10367984691470156 -0.5267182309912215
FixedParameters: 0 0 0
#Transform 17
Transform: MatrixOffsetTransformBase_double_3_3
Parameters: 0.999999051380405 -0.0011238006660987028 -0.0003010994867334721 0.0011224407271113153 0.9999847187406345 -0.005386751419145336 0.0003069027800824964 0.005387222390583963 0.9999854825262228 0.06348466032555677 -0.08972614079372931 -0.5407748103828851
FixedParameters: 0 0 0
#Transform 18
Transform: MatrixOffsetTransformBase_double_3_3
Parameters: 0.9999992855861821 -0.0014926209836930422 -0.00021677320480069373 0.0014921372985977005 0.9999833543904695 -0.005605438966158788 0.0002252308262668673 0.005604936243883083 0.9999839711208129 0.07269149351274962 -0.11308394666775712 -0.5351842209528286
FixedParameters: 0 0 0
#Transform 19
Transform: MatrixOffsetTransformBase_double_3_3
Parameters: 0.9999984627989529 -0.0013257840709389357 -0.0005247769723440293 0.0013226924394098873 0.9999829824289818 -0.005680196338859292 0.0005322229188651356 0.005680028901298398 0.9999839610011246 0.06308047694177787 -0.09017215420904279 -0.5516945637362483
FixedParameters: 0 0 0
#Transform 20
Transform: MatrixOffsetTransformBase_double_3_3
Parameters: 0.9999992012446763 -0.0014800990755997993 -0.0004030213899337415 0.001478666773244124 0.999984286311295 -0.005434162483595618 0.0004109822832959742 0.005433193630777903 0.9999847537647697 0.0699504868076275 -0.10790693794703543 -0.515913421018368
FixedParameters: 0 0 0
#Transform 21
Transform: MatrixOffsetTransformBase_double_3_3
Parameters: 0.9999991931829681 -0.0014989167173576968 -0.0003557155104669113 0.0014977433687551262 0.9999825554978663 -0.005674358395636109 0.00036429092819603714 0.00567451187808912 0.9999841031105093 0.06504902606327789 -0.08857489835963861 -0.5461302192359483
FixedParameters: 0 0 0
#Transform 22
Transform: MatrixOffsetTransformBase_double_3_3
Parameters: 0.9999989763661611 -0.001575959537846638 -0.0003205373913043319 0.0015734079102845517 0.9999837163536431 -0.00545975484705447 0.0003294581716812711 0.00545880975580792 0.999985528737552 0.07192682303383435 -0.10919204206091138 -0.5361010733659555
FixedParameters: 0 0 0
#Transform 23
Transform: MatrixOffsetTransformBase_double_3_3
Parameters: 0.9999989523803562 -0.0015040609919271775 -0.0005936180406113933 0.001501126330477419 0.9999819978049636 -0.005722487235319413 0.000602385536064981 0.005722000867295328 0.999983330207991 0.06315308581031331 -0.1012490612055501 -0.5448201952565199
FixedParameters: 0 0 0
#Transform 24
Transform: MatrixOffsetTransformBase_double_3_3
Parameters: 0.9999982152024455 -0.001519555523843452 -0.0002343407763959332 0.0015187075534975805 0.9999813472321888 -0.0059454208903857424 0.00024366189428851048 0.00594485165407423 0.9999820177864817 0.07245858814022199 -0.11088531436530502 -0.5338620299919938
FixedParameters: 0 0 0
#Transform 25
Transform: MatrixOffsetTransformBase_double_3_3
Parameters: 0.9999990530456196 -0.0015340142212068916 -0.0005010062173891466 0.001531749123297504 0.9999803537349615 -0.0061071760927850155 0.000509999544908421 0.006106937083539793 0.9999807896211824 0.05814182441514504 -0.10665943155382251 -0.5357423178727316
FixedParameters: 0 0 0
#Transform 26
Transform: MatrixOffsetTransformBase_double_3_3
Parameters: 0.9999990053167463 -0.0015338309536774499 -0.00047101286417386423 0.00153092923638856 0.9999803547910239 -0.006107208698183334 0.00048098789189675306 0.00610698215077778 0.9999808963177621 0.057199581581400594 -0.11289902900217896 -0.5380330815068959
FixedParameters: 0 0 0
#Transform 27
Transform: MatrixOffsetTransformBase_double_3_3
Parameters: 0.9999987331959249 -0.0017373137645448934 -0.000049354587707245434 0.0017375990074119656 0.999977124706767 -0.006469679904574399 0.000060649591696076977 0.006469567237073736 0.9999793854605133 0.054094707914799756 -0.1111642140767799 -0.5135280232540538
FixedParameters: 0 0 0
#Transform 28
Transform: MatrixOffsetTransformBase_double_3_3
Parameters: 0.9999990469361167 -0.0015390701198293353 -0.0004119480146935889 0.0015369080516287868 0.9999794618416257 -0.00617889959531552 0.000422054385472187 0.006177852273685461 0.9999810671232366 0.05479182467293242 -0.0995163776247665 -0.5359528981514785
FixedParameters: 0 0 0
#Transform 29
Transform: MatrixOffsetTransformBase_double_3_3
Parameters: 0.9999984574738794 -0.0017084015094362124 -0.0005253864250861634 0.0017052384516610193 0.9999814468459283 -0.005800751806694567 0.0005356124004311652 0.005799176230753583 0.9999834265071186 0.05148585015949436 -0.11445049793793771 -0.5369119509234395
FixedParameters: 0 0 0
#Transform 30
Transform: MatrixOffsetTransformBase_double_3_3
Parameters: 0.9999981364737937 -0.0018941438437443802 0.0000024271689506444316 0.0018941101786724393 0.9999829209093705 -0.005611698500176576 0.000008427066488986279 0.005611687134540146 0.9999847844176761 0.03524516915881293 -0.08993809866498736 -0.545275147397362
FixedParameters: 0 0 0
#Transform 31
Transform: MatrixOffsetTransformBase_double_3_3
Parameters: 0.9999994164086184 -0.0014885992768466762 -0.00019708178779492824 0.0014870396176851963 0.9999785418532479 -0.006344083824785075 0.0002059163922270013 0.0063435626877844835 0.9999800442400936 0.05008699257622595 -0.09817119417859033 -0.5206458729507943
FixedParameters: 0 0 0
#Transform 32
Transform: MatrixOffsetTransformBase_double_3_3
Parameters: 0.9999975729821748 -0.002091233995040123 -0.00020595012909903343 0.0020903793706793534 0.9999761495637802 -0.00651741223297489 0.00021905461128253478 0.006517677458854402 0.9999784862671061 0.04531284045917516 -0.10433884924589165 -0.5313691714464568
FixedParameters: 0 0 0
#Transform 33
Transform: MatrixOffsetTransformBase_double_3_3
Parameters: 0.9999984050731774 -0.0017941062388499985 -0.00035405922115021304 0.0017914999343630333 0.9999779656329122 -0.00638959842201712 0.0003659378408057967 0.006388464509273796 0.9999793013580764 0.045325644609789606 -0.09219034903439649 -0.529111744228004
FixedParameters: 0 0 0
#Transform 34
Transform: MatrixOffsetTransformBase_double_3_3
Parameters: 0.9999979566304508 -0.002217328628017287 0.0003134396174159504 0.0022191428616496183 0.9999784886614498 -0.006211507213343994 -0.0002995598725289289 0.0062127100864520605 0.999980344144866 0.03861014793089623 -0.12512688997428256 -0.5226193350983834
FixedParameters: 0 0 0
#Transform 35
Transform: MatrixOffsetTransformBase_double_3_3
Parameters: 0.9999980276603181 -0.001946557606193068 -0.00007129800552158061 0.0019455914155282264 0.9999783554827067 -0.006233675467429212 0.00008369863866425353 0.006233373825000536 0.9999803158100228 0.03480779005094803 -0.09272064116366607 -0.5407238532107641
FixedParameters: 0 0 0
#Transform 36
Transform: MatrixOffsetTransformBase_double_3_3
Parameters: 0.9999979709026413 -0.001915058866768482 -0.0005280859887400596 0.0019119494912341127 0.9999761516768756 -0.006571993200687547 0.0005399175027207548 0.006571260304464354 0.999978610453869 0.04946189019415215 -0.12291577966320233 -0.5369759490584158
FixedParameters: 0 0 0
#Transform 37
Transform: MatrixOffsetTransformBase_double_3_3
Parameters: 0.9999979520154161 -0.002242044185856009 0.00010813816435581436 0.002242366119536204 0.9999759211998257 -0.006561121009979476 -0.00009286391175990227 0.006561493240886621 0.9999789489840664 0.031186531656260286 -0.07727308337624095 -0.5304268794301095
FixedParameters: 0 0 0
#Transform 38
Transform: MatrixOffsetTransformBase_double_3_3
Parameters: 0.9999970829625408 -0.002174816008778366 0.000280846051831804 0.0021771421684297666 0.9999794929816718 -0.006063409607307664 -0.00026714833716502684 0.0060645235907216336 0.9999812598675349 0.041914814475134676 -0.12381279639458853 -0.5189511250449499
FixedParameters: 0 0 0
#Transform 39
Transform: MatrixOffsetTransformBase_double_3_3
Parameters: 0.9999983891813975 -0.0018533417899677654 -0.00018588413830480932 0.0018515552847866322 0.999973205634213 -0.007025635701926982 0.00019911436161824947 0.007025997876761633 0.9999757423397015 0.030230227891124173 -0.0974347047843338 -0.5319162049234336
FixedParameters: 0 0 0
#Transform 40
Transform: MatrixOffsetTransformBase_double_3_3
Parameters: 0.9999975348143061 -0.0020555987161265388 -0.0004928607898990328 0.0020517645047401856 0.9999751762136865 -0.006753599197900252 0.0005061363599116603 0.006752779842046883 0.9999771423942843 0.03459726144541264 -0.1172127920606556 -0.517548828686003
FixedParameters: 0 0 0
#Transform 41
Transform: MatrixOffsetTransformBase_double_3_3
Parameters: 0.9999979011075323 -0.0022459159558452938 0.0003491872209300251 0.0022484139561863405 0.9999758250477615 -0.006566245062251117 -0.00033481029338390533 0.006567625219002589 0.9999786900106514 0.030868283596305446 -0.1058495149324159 -0.5371763466870192
FixedParameters: 0 0 0
#Transform 42
Transform: MatrixOffsetTransformBase_double_3_3
Parameters: 0.9999978266965049 -0.0019911565152848703 0.0003811935408289391 0.001993532652592029 0.9999730452607597 -0.007069847651513484 -0.0003668092373742826 0.007070105653184676 0.9999749388074903 0.026282315531773293 -0.10855457987594264 -0.5186796875830879
FixedParameters: 0 0 0
#Transform 43
Transform: MatrixOffsetTransformBase_double_3_3
Parameters: 0.9999976771709257 -0.002006330530479838 0.00047201526688714357 0.0020087910873801363 0.9999740588927234 -0.00684881709113444 -0.00045798981274038086 0.006849373398427521 0.9999759492639984 0.02122708245924798 -0.10083878630905474 -0.5171219256490502
FixedParameters: 0 0 0
#Transform 44
Transform: MatrixOffsetTransformBase_double_3_3
Parameters: 0.9999977648947735 -0.00228234801106321 0.0003343672590153113 0.002284971475098195 0.9999726342711217 -0.007080990474473578 -0.000317629307212533 0.007082322518438165 0.9999746568228062 0.03228345137165434 -0.08706173027034936 -0.5202350320094098
FixedParameters: 0 0 0
#Transform 45
Transform: MatrixOffsetTransformBase_double_3_3
Parameters: 0.9999969799331639 -0.00234723004186435 0.0007660796596483943 0.0023514734401965803 0.9999746862807357 -0.006691756892938642 -0.0007499255656819581 0.006693850889854708 0.9999775572011184 0.038877111277329846 -0.12441277774715331 -0.5228723172585745
FixedParameters: 0 0 0
#Transform 46
Transform: MatrixOffsetTransformBase_double_3_3
Parameters: 0.9999977708795007 -0.0019332148293217367 0.0006726060210740931 0.001938486288384553 0.999968695315459 -0.007651606051126372 -0.0006573919874740264 0.007652791558846039 0.9999700399736955 0.009956002953018128 -0.08908070936807633 -0.5322619394385129
FixedParameters: 0 0 0
#Transform 47
Transform: MatrixOffsetTransformBase_double_3_3
Parameters: 0.9999970179138058 -0.0022577696191875426 0.0002442966176505884 0.0022601759404096535 0.9999711290562557 -0.007194444534688938 -0.00022869704991558548 0.007195434576241663 0.9999739992780498 0.021361252682552845 -0.1365530836879003 -0.5398757771359186
FixedParameters: 0 0 0
#Transform 48
Transform: MatrixOffsetTransformBase_double_3_3
Parameters: 0.9999967396881484 -0.0025210329035841935 0.00041481273378585204 0.0025241946550341593 0.9999684050155128 -0.007498289039109776 -0.0003951872983900817 0.00749910009394767 0.9999723372726532 0.017753719603888385 -0.09821523385868147 -0.552831390918783
FixedParameters: 0 0 0
#Transform 49
Transform: MatrixOffsetTransformBase_double_3_3
Parameters: 0.9999972976853603 -0.002141250616757357 0.0003612735095518266 0.002144338168974657 0.999972335216104 -0.007076007364705204 -0.00034572286906656147 0.007076368502065391 0.9999747876041961 0.016787521647216863 -0.12883064607669326 -0.5335380713692786
FixedParameters: 0 0 0
#Transform 50
Transform: MatrixOffsetTransformBase_double_3_3
Parameters: 0.9999969722643948 -0.002152022318135851 0.0007075735261303367 0.0021572604414610533 0.9999718552503363 -0.007244978011052141 -0.0006924249272232674 0.007246605336053844 0.9999739029732003 0.0167232577726395 -0.09794530392052536 -0.5436423811496098
FixedParameters: 0 0 0
#Transform 51
Transform: MatrixOffsetTransformBase_double_3_3
Parameters: 0.9999968117896927 -0.0024764673483335265 0.0006265116302841822 0.002481869011004534 0.9999689692171704 -0.007475151116033879 -0.0006084839337453657 0.007475905257608311 0.9999713948061743 0.007354604331581527 -0.13103026195740597 -0.5423370303185919
FixedParameters: 0 0 0
#Transform 52
Transform: MatrixOffsetTransformBase_double_3_3
Parameters: 0.9999970817481841 -0.002198839039835564 0.0005388841963779173 0.0022031574806116705 0.9999668699716612 -0.007827433486794001 -0.0005221122620361479 0.007829454943174859 0.9999692253557382 0.013120590332803772 -0.10174568233058778 -0.5370013925048625
FixedParameters: 0 0 0
#Transform 53
Transform: MatrixOffsetTransformBase_double_3_3
Parameters: 0.9999978249103201 -0.0018032166918536018 0.0013726046786172869 0.0018132712550187838 0.999969410564221 -0.007635628702067514 -0.0013593998291734077 0.007637712016848111 0.9999698536768369 0.009862167710792846 -0.12370976696304581 -0.5414411168372908
FixedParameters: 0 0 0
#Transform 54
Transform: MatrixOffsetTransformBase_double_3_3
Parameters: 0.9999949212287522 -0.0028112565468308773 0.0012930358735226966 0.0028206902814656393 0.9999682295537876 -0.007470872006074608 -0.0012719643492518362 0.007474319752588958 0.9999710186585798 0.015023633324176444 -0.09729861660082406 -0.54998730156818
FixedParameters: 0 0 0
#Transform 55
Transform: MatrixOffsetTransformBase_double_3_3
Parameters: 0.9999950865254124 -0.003056054168056051 0.001144591755733948 0.0030648342672297303 0.9999658763106695 -0.007728593339373528 -0.001121409129104231 0.007731831538704982 0.9999692223612197 0.014980201692125661 -0.14035492720259413 -0.5313869083302194
FixedParameters: 0 0 0
#Transform 56
Transform: MatrixOffsetTransformBase_double_3_3
Parameters: 0.9999973530021653 -0.0018136523853021136 0.0011505924512302396 0.0018223013991107073 0.9999694329088568 -0.007632167460847618 -0.0011374090998474695 0.007633627088258833 0.9999704623921426 0.008219831477589423 -0.12358412588739043 -0.5484944194809174
FixedParameters: 0 0 0
#Transform 57
Transform: MatrixOffsetTransformBase_double_3_3
Parameters: 0.9999960342710286 -0.0023172228512996352 0.0013307895156994265 0.0023275580555303164 0.9999716141186002 -0.007209293583411955 -0.0013142050054549825 0.00721173950443529 0.99997308179068 0.0004968494061756701 -0.13241008057947568 -0.5342643846625492
FixedParameters: 0 0 0
#Transform 58
Transform: MatrixOffsetTransformBase_double_3_3
Parameters: 0.9999960192236256 -0.0025481650761518706 0.0013867736533104275 0.002558949903303729 0.9999659996903716 -0.007838732747756155 -0.0013672250437841704 0.007842908477617655 0.9999681881444519 0.02025530838754719 -0.09899564785747828 -0.5388513022795394
FixedParameters: 0 0 0
#Transform 59
Transform: MatrixOffsetTransformBase_double_3_3
Parameters: 0.9999958333453167 -0.0027227795350182535 0.001084612162548168 0.0027313473407406443 0.9999679244576948 -0.0075908247252560795 -0.001063387238486424 0.007593064127253666 0.9999707841227948 0.024280630323346486 -0.14121137686873908 -0.5382147341166501
FixedParameters: 0 0 0
#Transform 60
Transform: MatrixOffsetTransformBase_double_3_3
Parameters: 0.9999957328772323 -0.002693109856998074 0.000666439370875016 0.002698234880746027 0.9999672775273136 -0.00764449641246276 -0.0006455583876120025 0.007646643977349159 0.9999706839655262 0.03429209481765838 -0.11269416980746882 -0.5432193248878292
FixedParameters: 0 0 0
#Transform 61
Transform: MatrixOffsetTransformBase_double_3_3
Parameters: 0.9999964037429652 -0.002658021804455682 0.0009673715033025609 0.0026650425651718957 0.9999707226695288 -0.007223174680535421 -0.0009486286088810914 0.0072257311997799825 0.9999734833709856 0.03297877494927093 -0.13205605920187224 -0.5325762594074348
FixedParameters: 0 0 0
#Transform 62
Transform: MatrixOffsetTransformBase_double_3_3
Parameters: 0.9999959320507168 -0.002788640563950596 0.0009009667411837841 0.0027960184475103803 0.9999644969066128 -0.007980311115729848 -0.0008780320172136341 0.007982735709455801 0.9999679824081523 0.034700509991566264 -0.11000415082627057 -0.5327819165414951
FixedParameters: 0 0 0
#Transform 63
Transform: MatrixOffsetTransformBase_double_3_3
Parameters: 0.9999950151286906 -0.0029562298204064957 0.0009105188436744072 0.0029621400480410423 0.9999669433103573 -0.007634014979790768 -0.0008874877212151633 0.007636714185929481 0.9999703117462712 0.029908116423243314 -0.13780713131596656 -0.5403696656113226
FixedParameters: 0 0 0
#Transform 64
Transform: MatrixOffsetTransformBase_double_3_3
Parameters: 0.999995954525582 -0.0026898625162614723 0.0011115131571876463 0.0026978888491900103 0.9999672467072 -0.00764660021816299 -0.0010904889477084123 0.007649832267613404 0.9999698677368981 0.02628963163330411 -0.11437044219293568 -0.5501986463779502
FixedParameters: 0 0 0
#Transform 65
Transform: MatrixOffsetTransformBase_double_3_3
Parameters: 0.9999954495606697 -0.002791041991298514 0.0011241111603046833 0.0027991144646751895 0.9999676833703574 -0.0075813181529113685 -0.0011028907303057556 0.007584842929977164 0.9999707540017209 0.028844802448148243 -0.13791260573664488 -0.5339040042818795
FixedParameters: 0 0 0
#Transform 66
Transform: MatrixOffsetTransformBase_double_3_3
Parameters: 0.9999955839732293 -0.002636587903135613 0.0009514690601024334 0.0026445894634846 0.9999649931405273 -0.007874883962573092 -0.0009305257144288787 0.007877310583896843 0.999968638179274 0.04322317934177988 -0.12543745287800334 -0.5406660338289839
FixedParameters: 0 0 0
#Transform 67
Transform: MatrixOffsetTransformBase_double_3_3
Parameters: 0.9999962207623138 -0.0026756960486533582 0.0010189675351714722 0.0026829256488187184 0.9999682168720392 -0.007455377016079669 -0.0009990356319261873 0.00745816244716963 0.9999719599120749 0.03370711345915822 -0.13328712115614394 -0.5385280996744655
FixedParameters: 0 0 0
#Transform 68
Transform: MatrixOffsetTransformBase_double_3_3
Parameters: 0.9999960209290581 -0.0027688074723888844 0.0009107545254300325 0.002775262535855531 0.999964366782362 -0.007932777465711662 -0.0008882510117337594 0.007935142946477418 0.9999677276191766 0.027360465180365168 -0.11407286405167838 -0.5330495766300203
FixedParameters: 0 0 0
#Transform 69
Transform: MatrixOffsetTransformBase_double_3_3
Parameters: 0.9999963871368526 -0.002769649859299025 0.0006660843405306704 0.0027747554002985762 0.9999669971034219 -0.00763541476641292 -0.0006449144573328625 0.007637659967923012 0.9999707505927977 0.03303604438593766 -0.13653005261333817 -0.5327333332042627
FixedParameters: 0 0 0
#Transform 70
Transform: MatrixOffsetTransformBase_double_3_3
Parameters: 0.9999958129269024 -0.0027488149417093806 0.001020444076886201 0.002756949401529 0.9999686039125166 -0.007402320846985802 -0.0009995499683211617 0.007405338701539313 0.9999717507594958 0.016040016644154775 -0.11252061643166655 -0.5507790095598324
FixedParameters: 0 0 0
#Transform 71
Transform: MatrixOffsetTransformBase_double_3_3
Parameters: 0.9999957496029562 -0.002760021771739458 0.0010647927365842053 0.0027682111792081106 0.9999673120960637 -0.007551808345727064 -0.0010442086584276228 0.007554019538052532 0.9999713385146675 0.028708332730531083 -0.13988347007807533 -0.515091148920078
FixedParameters: 0 0 0
#Transform 72
Transform: MatrixOffsetTransformBase_double_3_3
Parameters: 0.9999956958002103 -0.0028926813079548897 0.0007786129453609819 0.0028989651927869018 0.999964390649424 -0.007887120415716722 -0.0007563861070340461 0.007889100989836898 0.999968516716607 0.03405168158580807 -0.10128752066205493 -0.5406054372466684
FixedParameters: 0 0 0
#Transform 73
Transform: MatrixOffsetTransformBase_double_3_3
Parameters: 0.9999956885426023 -0.0028162744620846827 0.0009817419980164693 0.002824611585664185 0.9999657464200113 -0.007764176996360326 -0.0009602539374668623 0.007766114416813456 0.9999691721668658 0.025017156299142584 -0.12741179387991508 -0.5270133332819142
FixedParameters: 0 0 0
#Transform 74
Transform: MatrixOffsetTransformBase_double_3_3
Parameters: 0.9999948617370695 -0.003085878655898293 0.0011739901701910832 0.0030952049688409847 0.9999610705308144 -0.008206615992215014 -0.0011480125155521187 0.008210017033738585 0.9999655128959516 0.03308945004606301 -0.11684204572328838 -0.550832360206229
FixedParameters: 0 0 0
#Transform 75
Transform: MatrixOffsetTransformBase_double_3_3
Parameters: 0.9999950795395314 -0.003142761098132078 0.0008800245225119574 0.003149267790570992 0.9999658510537206 -0.0076312309958938744 -0.0008559792239131031 0.007633152608736543 0.9999702646371936 0.02928975602777939 -0.1388862661183623 -0.5213373610085057
FixedParameters: 0 0 0
#Transform 76
Transform: MatrixOffsetTransformBase_double_3_3
Parameters: 0.999992813818374 -0.0029407345330190004 0.0022832651489712724 0.002959489155782382 0.9999634286323842 -0.00798816509079099 -0.002259727124182459 0.00799517084996026 0.9999652952065432 0.03199336223151761 -0.10982735871698424 -0.5446678320763141
FixedParameters: 0 0 0
#Transform 77
Transform: MatrixOffsetTransformBase_double_3_3
Parameters: 0.999995121299312 -0.0028873588993686594 0.001103847939392652 0.002896040934260391 0.9999635118245402 -0.008005992064018487 -0.001081150309917428 0.008009610573349283 0.9999670033708377 0.03837307067513507 -0.14804925786749834 -0.5332439948096521
FixedParameters: 0 0 0
#Transform 78
Transform: MatrixOffsetTransformBase_double_3_3
Parameters: 0.9999930794101274 -0.003409297170386549 0.0015148626552625444 0.00342145038112743 0.9999600480573448 -0.008260882613967438 -0.0014861382979939053 0.008266124726341435 0.999964465552941 0.038460632895521485 -0.09647676893482071 -0.5459694309630407
FixedParameters: 0 0 0
#Transform 79
Transform: MatrixOffsetTransformBase_double_3_3
Parameters: 0.9999939500848622 -0.0034431696523494677 0.0011668739726885535 0.003452078619189386 0.9999575171354684 -0.008518219860340027 -0.0011381343675781752 0.008522313010893541 0.9999629104719733 0.04954536451133151 -0.15254875569281978 -0.5260635335690864
FixedParameters: 0 0 0
#Transform 80
Transform: MatrixOffsetTransformBase_double_3_3
Parameters: 0.999994040867809 -0.003138913338259562 0.0013602116588632973 0.003149068135866679 0.999965102592246 -0.007744397641424666 -0.0013357899947295804 0.00774902019236214 0.9999694274491784 0.04266929661298491 -0.11894066234391687 -0.5467853629997705
FixedParameters: 0 0 0
#Transform 81
Transform: MatrixOffsetTransformBase_double_3_3
Parameters: 0.9999920982709612 -0.003535643138598609 0.0015724157818329948 0.003547320639397279 0.9999608364522728 -0.00809813270040469 -0.001543592276670544 0.008103085181541497 0.9999658833431271 0.03610897729413409 -0.14944169731154489 -0.5278129544309564
FixedParameters: 0 0 0
#Transform 82
Transform: MatrixOffsetTransformBase_double_3_3
Parameters: 0.9999929904322141 -0.0033671168985901236 0.001630932577003863 0.0033805685767867217 0.999961536610887 -0.00806420594420247 -0.0016040631479909695 0.008070112894141692 0.9999663134696709 0.033885947945435646 -0.11850881637319333 -0.545405476559182
FixedParameters: 0 0 0
#Transform 83
Transform: MatrixOffsetTransformBase_double_3_3
Parameters: 0.999992353552506 -0.003893767033499047 0.0008835091867233913 0.003901131180008531 0.9999596987038378 -0.008129167380849907 -0.000851489942823136 0.00813238962290943 0.9999668400088229 0.02645218525844939 -0.14850884944819143 -0.5428563967763296
FixedParameters: 0 0 0
#Transform 84
Transform: MatrixOffsetTransformBase_double_3_3
Parameters: 0.999993557616256 -0.0033285728670768874 0.001503968540451761 0.0033402657930214105 0.9999636103105649 -0.007825008516576429 -0.0014780328821382693 0.007830022761471008 0.9999686064474039 0.02485921114670475 -0.11491799223249188 -0.5569571230139303
FixedParameters: 0 0 0
#Transform 85
Transform: MatrixOffsetTransformBase_double_3_3
Parameters: 0.9999933663929805 -0.0033023036786724103 0.0012835122765185308 0.003312293335976599 0.9999620191752162 -0.008124795043510345 -0.0012564923043762999 0.008128345032252477 0.9999664269129778 0.02165111811831366 -0.14073946945100602 -0.5449619802813856
FixedParameters: 0 0 0
#Transform 86
Transform: MatrixOffsetTransformBase_double_3_3
Parameters: 0.9999939441533933 -0.0034686437862394776 0.0010427474993631586 0.0034764676783294876 0.9999611880526114 -0.008045125469049615 -0.001015257704474748 0.008048575248991758 0.9999671261708286 0.03292794786671038 -0.10958346461481483 -0.5485250849635435
FixedParameters: 0 0 0
#Transform 87
Transform: MatrixOffsetTransformBase_double_3_3
Parameters: 0.9999924868903275 -0.0036493625154767682 0.0014984658094651243 0.0036609389931390934 0.9999628177644131 -0.007796301730511816 -0.001469538099231879 0.007801224335083308 0.9999689262725189 0.029227533741675416 -0.1374342340458412 -0.5432527250616772
FixedParameters: 0 0 0
#Transform 88
Transform: MatrixOffsetTransformBase_double_3_3
Parameters: 0.9999923969012978 -0.0034695134168338097 0.0015949532568071412 0.0034815117889637885 0.999963214569617 -0.0077883402765194214 -0.0015680479025865918 0.007794325895723679 0.9999688152879668 0.020146304440658014 -0.10550538588410063 -0.5504140676058
FixedParameters: 0 0 0
#Transform 89
Transform: MatrixOffsetTransformBase_double_3_3
Parameters: 0.9999929606303644 -0.0035426464198384223 0.001246461878207511 0.0035519002294122897 0.9999611517517608 -0.008076639637532189 -0.0012175443856497908 0.008080529582812426 0.9999661554056796 0.013704204506069573 -0.1331634518571576 -0.5425579493709165
FixedParameters: 0 0 0
#Transform 90
Transform: MatrixOffsetTransformBase_double_3_3
Parameters: 0.9999950170066046 -0.002910541047216024 0.0010603892374130425 0.0029188829615438942 0.9999624997825878 -0.008183846239932513 -0.0010356119840334438 0.00818725563115801 0.9999662861251455 0.023152598487655496 -0.13699202685744183 -0.5433930939650224
FixedParameters: 0 0 0
#Transform 91
Transform: MatrixOffsetTransformBase_double_3_3
Parameters: 0.9999921955326541 -0.003536531365274236 0.001538400532287293 0.0035485593673313656 0.9999609196244377 -0.008092113726627513 -0.0015095994773322435 0.008097903985796382 0.9999660788465379 0.02530708014785432 -0.13037513658733246 -0.54531216162475
FixedParameters: 0 0 0
#Transform 92
Transform: MatrixOffsetTransformBase_double_3_3
Parameters: 0.9999923322267138 -0.0035607441891411257 0.0014262942670688339 0.00357069682064402 0.9999648566403465 -0.0076412295454658845 -0.0013997102214098334 0.0076463772795273945 0.9999695311964799 0.019893990469967093 -0.11104742030073567 -0.5465511861434038
FixedParameters: 0 0 0
#Transform 93
Transform: MatrixOffsetTransformBase_double_3_3
Parameters: 0.9999939461917862 -0.0032713939756191966 0.001125030729949461 0.003279528796083429 0.9999627202633855 -0.008032528029053038 -0.001098976403817259 0.008036037459225749 0.9999673009283052 0.021432329955132445 -0.1354386377516903 -0.5339393182368326
FixedParameters: 0 0 0
#Transform 94
Transform: MatrixOffsetTransformBase_double_3_3
Parameters: 0.9999928171962063 -0.0035317625780153052 0.0013614468145280861 0.0035429900844085324 0.9999605755708708 -0.008116145547514539 -0.0013335510720565574 0.008120828239296626 0.9999661267924567 0.021121192880926287 -0.1209201103966393 -0.5461171825444211
FixedParameters: 0 0 0
#Transform 95
Transform: MatrixOffsetTransformBase_double_3_3
Parameters: 0.9999921843121644 -0.003754670604897815 0.0013888060422598825 0.0037658804926306794 0.9999615688443919 -0.007952759390458685 -0.0013591916409737559 0.007958242102921747 0.9999676087085797 0.010575706348348035 -0.12947325415177602 -0.5241071592025719
FixedParameters: 0 0 0
#Transform 96
Transform: MatrixOffsetTransformBase_double_3_3
Parameters: 0.9999937802292326 -0.003359246483501929 0.0013845987380392416 0.0033704441693944115 0.9999622263590636 -0.007963363541567441 -0.00135840189113981 0.007967742765422796 0.9999676840326758 0.01237646178250884 -0.11599819851970494 -0.5238942878951462
FixedParameters: 0 0 0
#Transform 97
Transform: MatrixOffsetTransformBase_double_3_3
Parameters: 0.9999912468354694 -0.0034996324590335667 0.0021173991775067513 0.0035162447848123626 0.9999631260091061 -0.007843235343180405 -0.0020896017344507883 0.007849681306000087 0.9999670295741742 0.0034259939405103523 -0.1215068521589302 -0.537922215367999
FixedParameters: 0 0 0
#Transform 98
Transform: MatrixOffsetTransformBase_double_3_3
Parameters: 0.9999915228648875 -0.0035831618335710478 0.0019450229362069915 0.003599101708606194 0.9999605509338996 -0.008154078471921329 -0.0019159712763504033 0.00816170417396642 0.9999645742647536 0.015269986289311532 -0.1283524763177155 -0.545913511662576
FixedParameters: 0 0 0
#Transform 99
Transform: MatrixOffsetTransformBase_double_3_3
Parameters: 0.9999926252241081 -0.0036762593142330123 0.0009937972182457733 0.0036838682489575827 0.999962069810202 -0.007833116846702041 -0.0009652025139005038 0.007836707802267098 0.9999685257093687 0.006103022830529881 -0.12752269339037525 -0.544482167109436
FixedParameters: 0 0 0
#Transform 100
Transform: MatrixOffsetTransformBase_double_3_3
Parameters: 0.9999913394482884 -0.003610781987913627 0.002160057615148661 0.0036275383715603923 0.999963947560587 -0.007738804531231379 -0.0021319391033890744 0.007747022948367588 0.9999673973084391 0.017003722038111846 -0.1514311578921479 -0.5522010649153231
FixedParameters: 0 0 0
#Transform 101
Transform: MatrixOffsetTransformBase_double_3_3
Parameters: 0.9999907456932903 -0.0039015918113209517 0.0017975210087533139 0.003915892478129492 0.9999619370608378 -0.007792928324042384 -0.001766475525062594 0.007799779420893896 0.999967840200105 0.020973108317079436 -0.11976510275690089 -0.5523834412657465
FixedParameters: 0 0 0
#Transform 102
Transform: MatrixOffsetTransformBase_double_3_3
Parameters: 0.9999899897940847 -0.003923963770351372 0.0022103044973080244 0.003940259730291002 0.999962667595588 -0.007668204150187837 -0.002180698826074537 0.007677079709860293 0.9999680371630991 0.015749207602212323 -0.13804736988613797 -0.5501380879294686
FixedParameters: 0 0 0
#Transform 103
Transform: MatrixOffsetTransformBase_double_3_3
Parameters: 0.9999921132707525 -0.0037311186069101925 0.0014734648849698412 0.00374250208058624 0.9999617330435896 -0.00789015456422126 -0.001444533444389287 0.007896129603650283 0.9999673623301776 0.026182573514958563 -0.10469728988331894 -0.533007780887516
FixedParameters: 0 0 0
#Transform 104
Transform: MatrixOffsetTransformBase_double_3_3
Parameters: 0.9999917915481364 -0.0038423060788527843 0.001652471052409496 0.003854689828079673 0.9999614139746511 -0.00791971715104715 -0.0016225345036179756 0.007926238221384477 0.9999672594977004 0.015134622485220461 -0.12286737718812901 -0.5408446002818579
FixedParameters: 0 0 0
#Transform 105
Transform: MatrixOffsetTransformBase_double_3_3
Parameters: 0.9999916068489493 -0.0037391959926036215 0.0016258955674291753 0.0037524846137815425 0.9999584227638335 -0.008336320839365951 -0.0015941045520672797 0.00834229969189823 0.9999636316032134 0.030243946419687973 -0.10209253226906867 -0.5380723143580468
FixedParameters: 0 0 0
#Transform 106
Transform: MatrixOffsetTransformBase_double_3_3
Parameters: 0.9999928818186864 -0.003616656252289258 0.001442143404984289 0.0036282431703899124 0.9999636712175665 -0.007756956606205026 -0.0014138559549898982 0.007761454873657999 0.999968710955093 0.021043248621097632 -0.13937090583362988 -0.5460811946664137
FixedParameters: 0 0 0
#Transform 107
Transform: MatrixOffsetTransformBase_double_3_3
Parameters: 0.9999917496472671 -0.003573918297380456 0.0018779672814308868 0.003588516430273408 0.9999629955363986 -0.007818034728209761 -0.0018500289566949213 0.007825224284101272 0.9999672967696954 0.017064386648769414 -0.11771263406885168 -0.543802922799216
FixedParameters: 0 0 0
#Transform 108
Transform: MatrixOffsetTransformBase_double_3_3
Parameters: 0.999992541875708 -0.0035761065304070797 0.0012750693649389994 0.0035864446691469434 0.9999654839757178 -0.00752705565636267 -0.0012479240599858332 0.007531397561081076 0.9999707592872541 0.021618729136761772 -0.11687491484947543 -0.5406062675918548
FixedParameters: 0 0 0
#Transform 109
Transform: MatrixOffsetTransformBase_double_3_3
Parameters: 0.9999919638984984 -0.0037520462820125303 0.0014088474279882746 0.003761872605367773 0.9999660105354787 -0.00733704352069555 -0.0013811543018809463 0.007342674903395527 0.9999721545165287 0.019073648302295965 -0.11010241529660902 -0.5501685005783941
FixedParameters: 0 0 0
#Transform 110
Transform: MatrixOffsetTransformBase_double_3_3
Parameters: 0.9999908247809636 -0.003948888843945354 0.001369533023576619 0.0039588973337091795 0.9999603580024685 -0.007997555908504301 -0.0013374701012618118 0.008003330144390764 0.9999668692184454 0.008142569448693848 -0.11251894308098542 -0.5314858824611264
FixedParameters: 0 0 0
#Transform 111
Transform: MatrixOffsetTransformBase_double_3_3
Parameters: 0.999991339223493 -0.003865509041198258 0.001417830798190689 0.003876274875192427 0.99996015972285 -0.007987957958563361 -0.0013871697101856956 0.007993886852091181 0.9999668864066036 0.012035863216425469 -0.1231130351636125 -0.540567573545431
FixedParameters: 0 0 0
#Transform 112
Transform: MatrixOffsetTransformBase_double_3_3
Parameters: 0.9999905988820157 -0.004010481359789446 0.0016393901261738675 0.0040232454978764605 0.9999594672672195 -0.008083788284754588 -0.0016066137439624262 0.008089747371641556 0.9999656000102028 0.012275603406038726 -0.10047338671724049 -0.5408729011407729
FixedParameters: 0 0 0
#Transform 113
Transform: MatrixOffsetTransformBase_double_3_3
Parameters: 0.9999909464156085 -0.004036210971595226 0.0014240522998870964 0.004047133875837639 0.999962432592354 -0.007628142814247141 -0.001392946239959586 0.007633680783621983 0.9999695183584717 0.014655282446753404 -0.11934544081661613 -0.5332434794833176
FixedParameters: 0 0 0
#Transform 114
Transform: MatrixOffsetTransformBase_double_3_3
Parameters: 0.9999931846296395 -0.003497226411293321 0.0016292495607991009 0.0035098800840478992 0.9999604441885788 -0.008138097928579545 -0.0016007560591955877 0.008144328545127595 0.9999660429945665 0.01650967656519242 -0.09490077999637947 -0.5441171369870688
FixedParameters: 0 0 0
#Transform 115
Transform: MatrixOffsetTransformBase_double_3_3
