#Insight Transform File V1.0
#Transform 0
Transform: MatrixOffsetTransformBase_double_3_3
Parameters: 0.9999991110178356 -0.00022442277562977381 -0.0009357031761278028 0.00022197996157696304 0.9999941503916281 -0.003435128389613438 0.0009362980013498806 0.0034350243920120483 0.9999932871754471 0.07332283578709564 -0.0956268689008084 -0.5468773706452197
FixedParameters: 0 0 0
#Transform 1
Transform: MatrixOffsetTransformBase_double_3_3
Parameters: 0.9999997338359404 -0.00020124273080345033 -0.0010908014797100102 0.0001970581231992499 0.9999926754671893 -0.0037800850505078673 0.0010921995280669256 0.0037789672207759503 0.9999925588767983 0.06519964154256286 -0.07999179951664814 -0.5692603048958631
FixedParameters: 0 0 0
#Transform 2
Transform: MatrixOffsetTransformBase_double_3_3
Parameters: 0.9999997018754347 -0.0003011877345696759 -0.0005004513337616839 0.0002995235683082522 0.9999935822099623 -0.003650761959622314 0.0005015493101176299 0.003650617920597675 0.999993378330449 0.06613384318538351 -0.10226042287213488 -0.5547568164228096
FixedParameters: 0 0 0
#Transform 3
Transform: MatrixOffsetTransformBase_double_3_3
Parameters: 0.9999994732060861 -0.0005515600754372049 -0.0005757554731645187 0.0005501422879117362 0.9999959414332925 -0.0029591436943532346 0.0005772454501130064 0.002958665479346023 0.9999958035205662 0.07892226982603745 -0.12640515216347126 -0.5717377509810575
FixedParameters: 0 0 0
#Transform 4
Transform: MatrixOffsetTransformBase_double_3_3
Parameters: 0.9999995008343787 -0.00037341640341468556 -0.000644145680185837 0.0003710049916848576 0.9999913244954198 -0.004187828958006495 0.0006458552037474363 0.004187584181218721 0.9999909916067428 0.06844819495195509 -0.05900523354253551 -0.5744126919977646
FixedParameters: 0 0 0
#Transform 5
Transform: MatrixOffsetTransformBase_double_3_3
Parameters: 0.999999250594837 -0.0004907059507920394 -0.0007977481670991132 0.0004875874969964244 0.9999921268848155 -0.003825686684365086 0.000799251394285258 0.0038251408917845484 0.9999926010809137 0.06974592550602665 -0.09274817586863549 -0.5522035415725668
FixedParameters: 0 0 0
#Transform 6
Transform: MatrixOffsetTransformBase_double_3_3
Parameters: 0.9999996574972527 -0.0002737220818442005 -0.0005685420506118671 0.0002708648638355797 0.9999907545133524 -0.004262851426910863 0.0005694556015877067 0.004262698474674818 0.9999904494925579 0.06840356578859996 -0.074744274503729 -0.5637598442208827
FixedParameters: 0 0 0
#Transform 7
Transform: MatrixOffsetTransformBase_double_3_3
Parameters: 0.9999995677891381 -0.0005090580753131791 -0.00047763482457327533 0.000507150259480507 0.9999911549588811 -0.00407285444642086 0.0004803656400789724 0.0040725245979480965 0.9999921282859251 0.07076584110723161 -0.088857845538584 -0.5684871047953663
FixedParameters: 0 0 0
#Transform 8
Transform: MatrixOffsetTransformBase_double_3_3
Parameters: 0.9999997197656653 -0.00018457427414514803 -0.0004789769595131138 0.0001823281271224077 0.9999904189167913 -0.0044212466871751096 0.0004800224757447319 0.004421227675069003 0.9999902393086414 0.07062546102132217 -0.08592313289163656 -0.5553255234930106
FixedParameters: 0 0 0
#Transform 9
Transform: MatrixOffsetTransformBase_double_3_3
Parameters: 0.999999234252263 -0.0005514062935126124 -0.0007273706132200908 0.0005477147748004982 0.999989182913382 -0.00452912842234434 0.000730628166630054 0.004529559452417505 0.9999898857747532 0.07134290850127911 -0.09085349149907529 -0.5662942550082732
FixedParameters: 0 0 0
#Transform 10
Transform: MatrixOffsetTransformBase_double_3_3
Parameters: 0.9999992873070933 -0.0006341104970606349 -0.0006848530659884777 0.000630246111940987 0.9999876722148369 -0.00499310943957287 0.0006881444419058191 0.004992476831005193 0.9999874423388682 0.06764269715637283 -0.07982725402192159 -0.5477138655045195
FixedParameters: 0 0 0
#Transform 11
Transform: MatrixOffsetTransformBase_double_3_3
Parameters: 0.9999994225165041 -0.0004996307996253456 -0.0006885945859003151 0.0004963651202774998 0.9999891683062202 -0.00453713870455822 0.0006904048866076956 0.004536687339830643 0.9999897949645947 0.07050289460717352 -0.0758292621786012 -0.5807549549593602
FixedParameters: 0 0 0
#Transform 12
Transform: MatrixOffsetTransformBase_double_3_3
Parameters: 0.9999995172205518 -0.0006473890967686164 -0.0004508974618083611 0.0006453529392925551 0.9999897527781613 -0.0044532260595414866 0.00045410205915649704 0.004452798008787484 0.9999898260433244 0.06874324329967862 -0.07154829711018351 -0.5453492926417596
FixedParameters: 0 0 0
#Transform 13
Transform: MatrixOffsetTransformBase_double_3_3
Parameters: 0.9999992074066428 -0.0006730419096683238 -0.000700735289176399 0.0006703389535429409 0.9999888722318502 -0.004762297697614023 0.0007042675829499884 0.004761667801939452 0.9999886778048981 0.06970328135373904 -0.06816838524851221 -0.5773131027649612
FixedParameters: 0 0 0
#Transform 14
Transform: MatrixOffsetTransformBase_double_3_3
Parameters: 0.9999988439672105 -0.0006203142646814268 -0.0009511718171334727 0.0006164423287494478 0.999991933778539 -0.004084509775392446 0.0009538278663992483 0.0040846425137314015 0.9999912752910334 0.0679284296607392 -0.08759047699545874 -0.5746596397761436
FixedParameters: 0 0 0
#Transform 15
Transform: MatrixOffsetTransformBase_double_3_3
Parameters: 0.9999992911340216 -0.0005331776343645253 -0.0007013719565039239 0.0005295872435205612 0.9999888082144752 -0.004680991058834814 0.0007046257369882764 0.00468047930746215 0.9999885286589292 0.0762366746322698 -0.07520541367607336 -0.5540024269993893
FixedParameters: 0 0 0
#Transform 16
Transform: MatrixOffsetTransformBase_double_3_3
Parameters: 0.9999995673323966 -0.0005087745113992445 -0.0005654767733575816 0.0005064575682067249 0.9999887965999582 -0.004684782327667627 0.0005675242995880347 0.004684442573004693 0.9999885874189822 0.07100426345652977 -0.07838250094010846 -0.578076620677777
FixedParameters: 0 0 0
#Transform 17
Transform: MatrixOffsetTransformBase_double_3_3
Parameters: 0.9999991922358149 -0.0006888736363110205 -0.000700601452487723 0.0006858905423755081 0.9999879122059632 -0.004961692477207648 0.0007044008708041588 0.004961040534191795 0.9999877329497597 0.06798020509668845 -0.08191757334076044 -0.5556138442176319
FixedParameters: 0 0 0
#Transform 18
Transform: MatrixOffsetTransformBase_double_3_3
Parameters: 0.9999995258533073 -0.0004784121169183158 -0.0006306656738955946 0.00047539950199601425 0.9999881791855708 -0.004753418466613214 0.0006323344837475681 0.004753051509294245 0.9999888557431941 0.06904483249515181 -0.07137497095222045 -0.5567015669240618
FixedParameters: 0 0 0
#Transform 19
Transform: MatrixOffsetTransformBase_double_3_3
Parameters: 0.9999992637934816 -0.0006147807651901917 -0.0007012270572216428 0.0006121117504297412 0.9999913965098026 -0.004028601495585593 0.0007037737585039311 0.004027974976527113 0.9999921456992882 0.0680593242582006 -0.08060399170841492 -0.5566277042794354
FixedParameters: 0 0 0
#Transform 20
Transform: MatrixOffsetTransformBase_double_3_3
Parameters: 0.9999994123966631 -0.000309405029262006 -0.0007024939279416664 0.0003054026724990526 0.9999872024318486 -0.0049703010598420895 0.0007045037135444271 0.004970103916850591 0.9999878002062884 0.0719293697095793 -0.06807275470946195 -0.556363588718213
FixedParameters: 0 0 0
#Transform 21
Transform: MatrixOffsetTransformBase_double_3_3
Parameters: 0.999999400897812 -0.00030788942708020854 -0.0007024272850267715 0.0003042694067267136 0.9999888305876734 -0.004698564690880304 0.0007045704272696796 0.004698369411360895 0.9999884398617719 0.08522656186765687 -0.09295449030049951 -0.5488310330318455
FixedParameters: 0 0 0
#Transform 22
Transform: MatrixOffsetTransformBase_double_3_3
Parameters: 0.9999993437739252 -0.0005511917036790353 -0.0007013078754540547 0.0005487921631139701 0.9999895356096193 -0.004489918046665682 0.0007036950026937522 0.004490456056516147 0.9999892048162354 0.0696934885664433 -0.07684140645092441 -0.5739196440758434
FixedParameters: 0 0 0
#Transform 23
Transform: MatrixOffsetTransformBase_double_3_3
Parameters: 0.9999996548186907 -0.00037286080325439445 -0.0005231253783467421 0.0003709592418864466 0.9999890693699017 -0.004668287829746864 0.0005248769276039733 0.0046681334430303655 0.9999888653949827 0.06976096559316147 -0.07603421403486266 -0.5541035211164598
FixedParameters: 0 0 0
#Transform 24
Transform: MatrixOffsetTransformBase_double_3_3
Parameters: 0.9999994254899082 -0.0002524124841519943 -0.0007027056757664546 0.0002493311326088812 0.9999903123927965 -0.004315679554953871 0.0007042943704340943 0.004315561953417458 0.9999908970739145 0.07075372824974124 -0.07762475524235413 -0.5777474834353882
FixedParameters: 0 0 0
#Transform 25
Transform: MatrixOffsetTransformBase_double_3_3
Parameters: 0.9999994287104323 -0.00026977760300401604 -0.0007026512101417637 0.00026697671112980867 0.9999886489682073 -0.004824850770891419 0.0007043514466280598 0.004824786997969857 0.9999882304255783 0.07166143613217457 -0.082556923645555 -0.5399392491356139
FixedParameters: 0 0 0
#Transform 26
Transform: MatrixOffsetTransformBase_double_3_3
Parameters: 0.999999151719555 -0.0007222057987290639 -0.0007003676139751835 0.0007188568775086442 0.99998679418483 -0.00516574642134126 0.0007046342774960634 0.005166044820762972 0.9999866554447794 0.081598145403035 -0.0730862112125692 -0.5665848398937641
FixedParameters: 0 0 0
#Transform 27
Transform: MatrixOffsetTransformBase_double_3_3
Parameters: 0.9999994356292119 -0.00024461289908617417 -0.0007027248621554599 0.00024099433984438158 0.9999888750769973 -0.004697481781516026 0.0007042728947380533 0.004697375532088088 0.9999884496195005 0.07664294047596343 -0.07186559242838086 -0.5422793648940143
FixedParameters: 0 0 0
#Transform 28
Transform: MatrixOffsetTransformBase_double_3_3
Parameters: 0.9999994456399429 -0.0006049291400638677 -0.0005780279383170994 0.0006024933497546041 0.9999887136680183 -0.004682296820932869 0.0005809727366099526 0.004681832492616491 0.9999885963834896 0.06893142849715161 -0.07031665397713027 -0.5558451934772393
FixedParameters: 0 0 0
#Transform 29
Transform: MatrixOffsetTransformBase_double_3_3
Parameters: 0.999999340414876 -0.0004780084202646375 -0.0007016599978209304 0.00047473773474984775 0.9999899406242263 -0.004453568173228233 0.0007043385948405645 0.00445313376604701 0.9999896117875551 0.08556566242252472 -0.07984216542173783 -0.5557712940849058
FixedParameters: 0 0 0
#Transform 30
Transform: MatrixOffsetTransformBase_double_3_3
Parameters: 0.9999996273806097 -0.0003989292665390921 -0.0005420457175657339 0.00039553856400830416 0.9999872591185921 -0.004958255214295851 0.0005439511596408847 0.004957980734696906 0.9999880420381048 0.06970516248682657 -0.05972654622425466 -0.5545527770233605
FixedParameters: 0 0 0
#Transform 31
Transform: MatrixOffsetTransformBase_double_3_3
Parameters: 0.999999334470241 -0.0005711399739425488 -0.0007012320401227623 0.0005674682546226246 0.9999881896644858 -0.004742232715252269 0.0007037663939846728 0.004741668216215226 0.9999888681771386 0.06932660384677547 -0.09566115885554893 -0.5404256212999599
FixedParameters: 0 0 0
#Transform 32
Transform: MatrixOffsetTransformBase_double_3_3
Parameters: 0.9999987205240815 -0.0005621987673653001 -0.0010592765912038338 0.000556821869565406 0.9999878219946635 -0.004885559117131991 0.0010617218848453375 0.004884764684566989 0.9999878521379378 0.0760279665314556 -0.061640158979557214 -0.5623251219848271
FixedParameters: 0 0 0
#Transform 33
Transform: MatrixOffsetTransformBase_double_3_3
Parameters: 0.9999992134928986 -0.0006594329472117051 -0.0007008968555942824 0.0006562755696391283 0.9999904188459451 -0.004376220049864265 0.0007041022315155965 0.004375531136937996 0.9999902183363498 0.08207629577729847 -0.07503257740204106 -0.5502008526878086
FixedParameters: 0 0 0
#Transform 34
Transform: MatrixOffsetTransformBase_double_3_3
Parameters: 0.9999993887585417 -0.0004315754807449803 -0.0007018709823718716 0.00042806129054154897 0.9999894102715736 -0.0046267240552645104 0.0007041273716201918 0.0046263551046680325 0.9999890330907997 0.07467527900726623 -0.07539151332665028 -0.5511586719857178
FixedParameters: 0 0 0
#Transform 35
Transform: MatrixOffsetTransformBase_double_3_3
Parameters: 0.9999988580928768 -0.0006240032960411019 -0.0009509168607651913 0.0006197501878688267 0.999988098809772 -0.0048495511860887994 0.0009540831541366701 0.004848758798549326 0.9999874261935128 0.07210198945621471 -0.06084470695799382 -0.5496727805310542
FixedParameters: 0 0 0
#Transform 36
Transform: MatrixOffsetTransformBase_double_3_3
Parameters: 0.9999990023736673 -0.0006512141229523701 -0.0008900021818485926 0.0006476065409130864 0.9999904119387697 -0.0042626089139012864 0.0008919982995327369 0.004261765496231616 0.9999908217954342 0.07312077384712268 -0.09222147564459249 -0.5493656847293806
FixedParameters: 0 0 0
#Transform 37
Transform: MatrixOffsetTransformBase_double_3_3
Parameters: 0.9999993496075911 -0.0005462172541345304 -0.0007014121507023796 0.0005431107793525371 0.9999908707268086 -0.0043399115780585066 0.0007035874363054417 0.004339381699123727 0.9999905341020978 0.0818026876256539 -0.07101761384177507 -0.5439895409043061
FixedParameters: 0 0 0
#Transform 38
Transform: MatrixOffsetTransformBase_double_3_3
Parameters: 0.9999992299508291 -0.0006418596964662375 -0.0007010369045306053 0.0006390132704086043 0.9999913293975986 -0.004154891794690169 0.0007039627959025407 0.00415422735421915 0.9999911124301072 0.06833959690976599 -0.06777563066624737 -0.5600753101983571
FixedParameters: 0 0 0
#Transform 39
Transform: MatrixOffsetTransformBase_double_3_3
Parameters: 0.9999994978270428 -0.0003719924046959239 -0.0006521245533789161 0.0003691417684775186 0.9999898574172462 -0.004472836238331053 0.0006538751075193389 0.0044725876526739905 0.9999895067681639 0.06849303029505904 -0.042273804286182326 -0.548701326745956
FixedParameters: 0 0 0
#Transform 40
Transform: MatrixOffsetTransformBase_double_3_3
Parameters: 0.9999998888983981 -0.0005829750709041922 -0.0009512245414475262 0.0005788501643356229 0.9999905272029056 -0.004258946610326853 0.0009537766585523688 0.004258153802410769 0.9999908237824008 0.06619904674710142 -0.07244313751218101 -0.549354038865772
FixedParameters: 0 0 0
#Transform 41
Transform: MatrixOffsetTransformBase_double_3_3
Parameters: 0.9999993018695903 -0.0005228869587295233 -0.000701487897824371 0.0005194787834917942 0.9999890154028368 -0.004551385667020699 0.0007045111029758966 0.004550888256280292 0.9999897251108184 0.07177775245544638 -0.042133605952841435 -0.5560917882655474
FixedParameters: 0 0 0
#Transform 42
Transform: MatrixOffsetTransformBase_double_3_3
Parameters: 0.9999993327750818 -0.00048595106197894746 -0.0007016312627467491 0.00048269959054898673 0.9999900545160813 -0.004439908226766189 0.0007043674510480435 0.004439462638615174 0.9999897333191425 0.07133101716542001 -0.07943928949656254 -0.5351504497030106
FixedParameters: 0 0 0
#Transform 43
Transform: MatrixOffsetTransformBase_double_3_3
Parameters: 0.9999990601863628 -0.0005278055315551271 -0.0008534188962048134 0.0005238552516738466 0.9999891747203772 -0.004642345504677352 0.0008565800185139638 0.004641760164884329 0.9999886524771827 0.07683744376178936 -0.04277893298343827 -0.5591500739364506
FixedParameters: 0 0 0
#Transform 44
Transform: MatrixOffsetTransformBase_double_3_3
Parameters: 0.9999990304917363 -0.0006544253475645352 -0.0008249661142677583 0.0006512174447697431 0.9999900359505981 -0.004305435983909798 0.0008280356259868227 0.004305667617211608 0.9999906392462485 0.07297838560171499 -0.07274427373835124 -0.5452013802898392
FixedParameters: 0 0 0
#Transform 45
Transform: MatrixOffsetTransformBase_double_3_3
Parameters: 0.9999991512681873 -0.0005547411856655962 -0.0008253909525445108 0.0005505233417557621 0.9999900887646219 -0.004313277226792362 0.0008276064310152875 0.004313596016713733 0.9999905712873833 0.07611649730375802 -0.06038077391782792 -0.5578789067684511
FixedParameters: 0 0 0
#Transform 46
Transform: MatrixOffsetTransformBase_double_3_3
Parameters: 0.9999989346685084 -0.0007328650460748608 -0.0008244880638904328 0.0007290634480228509 0.999988260962589 -0.004712622321718152 0.0008285120753140085 0.004711727865389277 0.9999889600818685 0.07046916909145295 -0.07293534026651116 -0.5317996856548035
FixedParameters: 0 0 0
#Transform 47
Transform: MatrixOffsetTransformBase_double_3_3
Parameters: 0.9999991123067018 -0.000522783202284713 -0.0008255005088850936 0.0005192780728092716 0.9999892067462108 -0.004530358602616667 0.0008285003898541171 0.0045298106481434335 0.9999897265737449 0.07594476330639566 -0.061230359306676974 -0.5608849334962258
FixedParameters: 0 0 0
#Transform 48
Transform: MatrixOffsetTransformBase_double_3_3
Parameters: 0.9999990109351959 -0.0006739521364209956 -0.0008248289250347429 0.0006704993942615948 0.9999892878007224 -0.004501531962019055 0.0008281720515331548 0.0045007346019175255 0.9999899106531595 0.06645537853520977 -0.0760264067628924 -0.5462230237115762
FixedParameters: 0 0 0
#Transform 49
Transform: MatrixOffsetTransformBase_double_3_3
Parameters: 0.999999314374952 -0.00040210544511683145 -0.0007690114850235907 0.0003989816492192975 0.9999895152820748 -0.004617961565078157 0.0007709899954525534 0.004617658560778951 0.9999890150994757 0.07602513676165756 -0.06101337932652484 -0.5322452127858384
FixedParameters: 0 0 0
#Transform 50
Transform: MatrixOffsetTransformBase_double_3_3
Parameters: 0.999999006599745 -0.0006772031845836421 -0.0008247866083564565 0.0006736828762042813 0.9999899138226954 -0.004542411057306591 0.0008282139140374373 0.0045416083792989784 0.9999895410106576 0.0660468021895042 -0.07838488373373309 -0.5411395826081815
FixedParameters: 0 0 0
#Transform 51
Transform: MatrixOffsetTransformBase_double_3_3
Parameters: 0.9999990300714778 -0.0006499296401266095 -0.000824975962586294 0.0006468985859056637 0.9999909515000612 -0.004198448049051975 0.0008280252140715899 0.0041986869681537595 0.9999905552170243 0.06714976296642305 -0.0569459292246961 -0.5551808615166607
FixedParameters: 0 0 0
#Transform 52
Transform: MatrixOffsetTransformBase_double_3_3
Parameters: 0.9999993804564161 -0.0005440666458885211 -0.0006853495309035729 0.0005407186731807046 0.9999893919899803 -0.00461693145195162 0.000687649192236614 0.004616422120796883 0.9999890689647779 0.07673380688285647 -0.06751267312101561 -0.5358691903012698
FixedParameters: 0 0 0
#Transform 53
Transform: MatrixOffsetTransformBase_double_3_3
Parameters: 0.9999989013326894 -0.000451948032623352 -0.0009838128589788886 0.0004476198185014345 0.9999884503573649 -0.0047275298821226755 0.0009861881868786782 0.004727036097181888 0.9999886085625252 0.06560697105349789 -0.06234911416801481 -0.5399062450746897
FixedParameters: 0 0 0
#Transform 54
Transform: MatrixOffsetTransformBase_double_3_3
Parameters: 0.9999991999479836 -0.0004237004739968054 -0.0008259065765779255 0.0004193397860414366 0.999990067495938 -0.004444858614308904 0.0008280892558428787 0.0044443967940355775 0.9999894996866127 0.07600788665574498 -0.0490704938923443 -0.5266787291978829
FixedParameters: 0 0 0
#Transform 55
Transform: MatrixOffsetTransformBase_double_3_3
Parameters: 0.9999988619929661 -0.0008190639704963434 -0.0008242531701024292 0.0008150273334479026 0.9999906388779445 -0.004206418154413835 0.0008277434952007195 0.004206300683756813 0.9999904123295791 0.06540408060554626 -0.06899464737819017 -0.5379266230385156
FixedParameters: 0 0 0
#Transform 56
Transform: MatrixOffsetTransformBase_double_3_3
Parameters: 0.9999991224610518 -0.0005195867970101254 -0.0008254969145341934 0.0005147756612263802 0.9999884826493283 -0.0047172735611467655 0.0008284987875553929 0.004716653515297303 0.9999889923263602 0.06591297886312475 -0.05401646226505363 -0.5331910722120909
FixedParameters: 0 0 0
#Transform 57
Transform: MatrixOffsetTransformBase_double_3_3
Parameters: 0.9999990099789035 -0.0006699673515709422 -0.0008248865676404454 0.0006667283037820877 0.9999908528332245 -0.004324292272913814 0.0008281149639358665 0.004324498241870971 0.9999904766418666 0.0782740385385523 -0.06855272560628123 -0.534545048136863
FixedParameters: 0 0 0
#Transform 58
Transform: MatrixOffsetTransformBase_double_3_3
Parameters: 0.9999991520379098 -0.0005593704393978961 -0.000825262291036799 0.0005555946626272139 0.9999890750380399 -0.004648896306897494 0.0008277374258321146 0.004649285537140329 0.9999885567883574 0.06684513871115882 -0.04196986935984626 -0.5464166541134574
FixedParameters: 0 0 0
#Transform 59
Transform: MatrixOffsetTransformBase_double_3_3
Parameters: 0.9999991523291123 -0.0005532575062080186 -0.0008253862343650803 0.0005500825676893637 0.9999909200247802 -0.0043333757275840195 0.0008276150792799891 0.0043327776488274235 0.9999904014832758 0.07282834612824729 -0.07748910273507192 -0.5280709715750191
FixedParameters: 0 0 0
#Transform 60
Transform: MatrixOffsetTransformBase_double_3_3
Parameters: 0.9999992435254781 -0.0002615850036215307 -0.0008266813239367066 0.0002575200053056429 0.9999882580866863 -0.004865692374012248 0.0008283175939279575 0.004865576648184834 0.9999876450414691 0.07078844945701235 -0.045264231592511806 -0.5282375366422372
FixedParameters: 0 0 0
#Transform 61
Transform: MatrixOffsetTransformBase_double_3_3
Parameters: 0.9999998557424311 -0.0007685228023442837 -0.0008245527030455446 0.0007658982122576186 0.9999914102212278 -0.004000614403471415 0.0008284514668881332 0.003999660032557131 0.9999921882657314 0.07548339425012784 -0.08680110730857393 -0.5439821953743831
FixedParameters: 0 0 0
#Transform 62
Transform: MatrixOffsetTransformBase_double_3_3
Parameters: 0.9999993370380008 -0.00047789313070119614 -0.0007537287636388001 0.0004756435652173809 0.999991688149164 -0.0041335397685481655 0.0007552744667589373 0.004133134158147994 0.9999912125631796 0.06756231002877655 -0.03969290610694998 -0.5497688758385522
FixedParameters: 0 0 0
#Transform 63
Transform: MatrixOffsetTransformBase_double_3_3
Parameters: 0.9999990092133895 -0.0004469690682021855 -0.0009618505741860323 0.00044296818600490193 0.9999915804098217 -0.004150152768805643 0.0009631481227734551 0.004149610038113122 0.999990718376982 0.06955699779737756 -0.05887587654632398 -0.5391325291611508
FixedParameters: 0 0 0
#Transform 64
Transform: MatrixOffsetTransformBase_double_3_3
Parameters: 0.9999991368802816 -0.0004992428636761892 -0.0008255471049379015 0.0004945419111879036 0.9999891272281649 -0.00465064162593571 0.0008284478052811572 0.004650055138502475 0.9999886224867568 0.06631078913311228 -0.034432762411000795 -0.5375222981175511
FixedParameters: 0 0 0
#Transform 65
Transform: MatrixOffsetTransformBase_double_3_3
Parameters: 0.9999997978940002 -0.0005463972586765856 -0.001015444185186301 0.0005422577398407631 0.999991722700956 -0.003998013164017208 0.0010175570644240656 0.003997220377684648 0.9999918582525729 0.07299595824945015 -0.05647905853719237 -0.5410695790911859
FixedParameters: 0 0 0
#Transform 66
Transform: MatrixOffsetTransformBase_double_3_3
Parameters: 0.9999988421703719 -0.0005230019299094717 -0.0009755306442560951 0.0005181699891688952 0.9999897171645441 -0.004473299562289833 0.000978467521937476 0.004473593085102236 0.9999899659284914 0.06639718270884032 -0.04968507270784528 -0.5517173064936145
FixedParameters: 0 0 0
#Transform 67
Transform: MatrixOffsetTransformBase_double_3_3
Parameters: 0.9999986406609072 -0.0007491639058467217 -0.001389475070642257 0.000743049142082999 0.9999907957445751 -0.004318576725807025 0.001393523294247287 0.00431796797103149 0.9999892825213534 0.07934654617615422 -0.07204589949864726 -0.5304240798546971
FixedParameters: 0 0 0
#Transform 68
Transform: MatrixOffsetTransformBase_double_3_3
Parameters: 0.9999995579038797 -0.0005685083259271708 -0.001116280992874183 0.0005641820747162818 0.9999916156714828 -0.0041307375081598785 0.0011187207650656394 0.0041308609338301565 0.9999905601416123 0.06445594921007114 -0.044323107944933327 -0.5406201566787985
FixedParameters: 0 0 0
#Transform 69
Transform: MatrixOffsetTransformBase_double_3_3
Parameters: 0.9999987234940496 -0.0007175766067105591 -0.0009458461749972669 0.0007140143357008163 0.9999916143411244 -0.0039846433077206 0.0009491542399330671 0.003983600704015056 0.9999920953270485 0.07159188555809237 -0.05819027475581606 -0.5341902701878496
FixedParameters: 0 0 0
#Transform 70
Transform: MatrixOffsetTransformBase_double_3_3
Parameters: 0.999999570039656 -0.000771275268647544 -0.0010233934205182982 0.0007664706652885111 0.9999900141179638 -0.0042895253163124 0.001026605398631475 0.004288262955684885 0.9999903428189106 0.07124668049389982 -0.05293419184381776 -0.5505240925265014
FixedParameters: 0 0 0
#Transform 71
Transform: MatrixOffsetTransformBase_double_3_3
Parameters: 0.9999993340596139 -0.000386027990564852 -0.001285040432425416 0.00038089180895735803 0.9999901537849769 -0.0043244992107836205 0.001285961192321966 0.004323984086666486 0.9999895146860801 0.05661610168776576 -0.04454429693686279 -0.525244078562622
FixedParameters: 0 0 0
#Transform 72
Transform: MatrixOffsetTransformBase_double_3_3
Parameters: 0.999999589100171 -0.0006187964595365776 -0.0011140668592732467 0.0006132869800367381 0.999990483075573 -0.004259323578536624 0.0011159307815861441 0.004258263637904495 0.999990407516141 0.06437035733405594 -0.04458717539613133 -0.5404620665169944
FixedParameters: 0 0 0
#Transform 73
Transform: MatrixOffsetTransformBase_double_3_3
Parameters: 0.9999993019670776 -0.0005308001312036406 -0.0012425375900405045 0.0005259816809229367 0.9999921837770289 -0.003942156546041389 0.001244463954382491 0.003941234727582818 0.9999917892102664 0.07012409973961553 -0.06861539928355853 -0.5401655703183081
FixedParameters: 0 0 0
#Transform 74
Transform: MatrixOffsetTransformBase_double_3_3
Parameters: 0.9999992799563907 -0.0006672761591314187 -0.0011838878598249836 0.0006625194552329428 0.9999916780746295 -0.004109090056225183 0.0011871121876548124 0.0041079058705591155 0.9999905872846434 0.060086491271803766 -0.04488427916894011 -0.5449245254245909
FixedParameters: 0 0 0
#Transform 75
Transform: MatrixOffsetTransformBase_double_3_3
Parameters: 0.9999995755536907 -0.0007908036960082151 -0.0010024544010661662 0.0007866688931434493 0.9999913300631349 -0.0040061017646793855 0.0010055468756015873 0.004005828728700869 0.9999917384673662 0.06457111477560318 -0.05741116168381666 -0.5401291779379847
FixedParameters: 0 0 0
#Transform 76
Transform: MatrixOffsetTransformBase_double_3_3
Parameters: 0.9999991024749151 -0.0006722753818852197 -0.0012539967338058983 0.00066742554911291 0.9999922121152195 -0.003917164191276014 0.0012570045597735668 0.003915874483139015 0.9999919570647428 0.06352914991573755 -0.01662660873996913 -0.543482621717942
FixedParameters: 0 0 0
#Transform 77
Transform: MatrixOffsetTransformBase_double_3_3
Parameters: 0.9999989693974718 -0.0005265579527967211 -0.0013715927453506194 0.000520919789733007 0.999992749979813 -0.0038703630531143696 0.0013734071674324222 0.0038693176796753786 0.9999920130539035 0.062246256810766454 -0.06364276310550565 -0.532124222812655
FixedParameters: 0 0 0
#Transform 78
Transform: MatrixOffsetTransformBase_double_3_3
Parameters: 0.9999984202665754 -0.0006583388608487871 -0.001537934935459298 0.0006519158004148775 0.9999908352772943 -0.00432868100603877 0.0015400666002074737 0.004328210647291356 0.9999896779410133 0.06165237477644325 -0.0253196204813122 -0.542213196344548
FixedParameters: 0 0 0
#Transform 79
Transform: MatrixOffsetTransformBase_double_3_3
Parameters: 0.999998731326315 -0.0006844534542715256 -0.0013860196093297833 0.0006790964591078716 0.9999928568942217 -0.003698660541691843 0.0013889798682262117 0.0036981578206253 0.9999922752407671 0.06116319169680651 -0.06340648709004881 -0.5249728835064218
FixedParameters: 0 0 0
#Transform 80
Transform: MatrixOffsetTransformBase_double_3_3
Parameters: 0.9999989190622967 -0.0005409291673253031 -0.0013863987309861298 0.0005349732891459964 0.9999904480068377 -0.004273476979454639 0.0013886009858929405 0.004273451829707238 0.9999896786127038 0.05778442293257058 -0.042554936665638365 -0.5294921931249519
FixedParameters: 0 0 0
#Transform 81
Transform: MatrixOffsetTransformBase_double_3_3
Parameters: 0.9999994912195934 -0.0006296528351661761 -0.0011160368358899414 0.0006250750086725056 0.9999906002326154 -0.0042433650926285 0.0011189655245424368 0.004243352139425029 0.9999906113857657 0.06407962093372532 -0.05130720612457651 -0.5374775814725723
FixedParameters: 0 0 0
#Transform 82
Transform: MatrixOffsetTransformBase_double_3_3
Parameters: 0.9999989945953133 -0.0006671898655418792 -0.0013338143218547677 0.0006612110659165413 0.999989755288142 -0.0044502582048334014 0.0013361861502051292 0.004449952453798887 0.9999891962227371 0.06520506947356353 -0.04706614497339956 -0.530819461001073
FixedParameters: 0 0 0
#Transform 83
Transform: MatrixOffsetTransformBase_double_3_3
Parameters: 0.9999989577205954 -0.0009341927888241138 -0.0012106563108656432 0.0009294812369978918 0.9999896880348372 -0.004410377371623435 0.0012143467814832443 0.004408588407920222 0.9999897899821212 0.06101286163799102 -0.060564162945865974 -0.5170156718314445
FixedParameters: 0 0 0
#Transform 84
Transform: MatrixOffsetTransformBase_double_3_3
Parameters: 0.9999982777234938 -0.0011824552491365133 -0.0012633232383787718 0.0011775142906875961 0.9999933806842336 -0.0034975360273909344 0.0012676737017513762 0.003495860228814814 0.9999928999719985 0.05920943185236638 -0.049304163620291774 -0.5562862939042219
FixedParameters: 0 0 0
#Transform 85
Transform: MatrixOffsetTransformBase_double_3_3
Parameters: 0.9999985400728876 -0.0008158775352070588 -0.0014163709255772955 0.0008101945988563193 0.9999916491703346 -0.004085725864580164 0.0014196306700539757 0.004084887755229882 0.9999910876278227 0.060909121159667734 -0.05702187573614026 -0.5282391070165033
FixedParameters: 0 0 0
#Transform 86
Transform: MatrixOffsetTransformBase_double_3_3
Parameters: 0.999998276947667 -0.000645173094478917 -0.0015639994775969307 0.0006386068177434265 0.9999908738145534 -0.004326706825842635 0.0015670010778786464 0.004325246269621691 0.999989695259073 0.06077002673538345 -0.0253501616897438 -0.5320785245182691
FixedParameters: 0 0 0
#Transform 87
Transform: MatrixOffsetTransformBase_double_3_3
Parameters: 0.9999986039166554 -0.000881296105970415 -0.0013530096962674626 0.0008758401594380454 0.9999906594442867 -0.0041919455437839405 0.0013569914671773542 0.004191032282466059 0.9999903834575643 0.06034543392588887 -0.05220742283690072 -0.5185926291130869
FixedParameters: 0 0 0
#Transform 88
Transform: MatrixOffsetTransformBase_double_3_3
Parameters: 0.9999983728722716 -0.0008826985687648092 -0.0014370060518813232 0.0008772816218683639 0.9999909100959534 -0.004280147647059409 0.0014409984738441572 0.004279161151311345 0.9999903957534675 0.059588342316146736 -0.040981121524495734 -0.5163478728965885
FixedParameters: 0 0 0
#Transform 89
Transform: MatrixOffsetTransformBase_double_3_3
Parameters: 0.9999987997983326 -0.000852374387947837 -0.0012934151699781488 0.0008478520420817575 0.9999928038259189 -0.003671521468032736 0.0012965856584263025 0.0036697119600722495 0.9999926499632461 0.06795468414084382 -0.06497589182525587 -0.5348761199483789
FixedParameters: 0 0 0
#Transform 90
Transform: MatrixOffsetTransformBase_double_3_3
Parameters: 0.9999987326996127 -0.00083812512359956 -0.0013303730701822447 0.0008336947990625357 0.9999922555241557 -0.0038792546228463716 0.0013336310239981941 0.0038784954195487187 0.9999919743556812 0.06260765981622285 -0.021666596526046078 -0.5447077099053814
FixedParameters: 0 0 0
#Transform 91
Transform: MatrixOffsetTransformBase_double_3_3
Parameters: 0.9999988478568148 -0.0011638867218378179 -0.0014365901072565523 0.0011584242506361795 0.9999940407690716 -0.00325845413336421 0.0014404096816983264 0.0032564242309507194 0.9999940543340116 0.0593859433012085 -0.056774067448131404 -0.5236772115360395
FixedParameters: 0 0 0
#Transform 92
Transform: MatrixOffsetTransformBase_double_3_3
Parameters: 0.9999989591843197 -0.0006508257023250871 -0.00132295455134257 0.0006455136301598326 0.9999906556022401 -0.004233820371160381 0.0013260472891859082 0.004233571031846849 0.999990187797387 0.05901020418555447 -0.037820443961066985 -0.5338846083436124
FixedParameters: 0 0 0
#Transform 93
Transform: MatrixOffsetTransformBase_double_3_3
Parameters: 0.9999992212049594 -0.000749454293492778 -0.0011878666166183077 0.0007451200108960295 0.9999934245187271 -0.0034667872787296984 0.0011901336720499256 0.0034663209779613032 0.999993375861557 0.062049964402376645 -0.044765777887690206 -0.5240473124355844
FixedParameters: 0 0 0
#Transform 94
Transform: MatrixOffsetTransformBase_double_3_3
Parameters: 0.9999979877867865 -0.0011133274233154353 -0.0014361717709000382 0.0011074557595271235 0.9999912393596961 -0.004065779065750939 0.001440829241401459 0.004065049042152232 0.9999911129867324 0.06186463432108269 -0.047194579189905994 -0.5522440633776853
FixedParameters: 0 0 0
#Transform 95
Transform: MatrixOffsetTransformBase_double_3_3
Parameters: 0.9999980164050062 -0.001103220737184646 -0.0014358368669519922 0.0010972374765205006 0.9999897370559213 -0.004478790853444608 0.00144116312920671 0.004477171605335801 0.9999885820624698 0.06612997008087973 -0.04295414005862597 -0.5170949654043255
FixedParameters: 0 0 0
#Transform 96
Transform: MatrixOffsetTransformBase_double_3_3
Parameters: 0.9999977623195924 -0.0012432858563110162 -0.001435503784235112 0.0012371101133029324 0.9999900515812837 -0.0041731064488826535 0.0014404947689556774 0.004172004209650177 0.999990153554035 0.05916498129433023 -0.04121165820204453 -0.522822600613452
FixedParameters: 0 0 0
#Transform 97
Transform: MatrixOffsetTransformBase_double_3_3
Parameters: 0.9999991554098301 -0.0008921121062166859 -0.0011172328285207478 0.0008877158037733068 0.9999924355973959 -0.003711458489702895 0.0011207675900033742 0.0037107776072625247 0.9999927758552569 0.060888000720254354 -0.046955110446688764 -0.5080929666738427
FixedParameters: 0 0 0
#Transform 98
Transform: MatrixOffsetTransformBase_double_3_3
Parameters: 0.9999981109105881 -0.0009716954335398965 -0.0014621133777283496 0.0009665025759066021 0.999993164531655 -0.0034498193374893496 0.0014658844564197082 0.0034483710162780804 0.9999927670162696 0.05996094184720846 -0.03583440850620434 -0.5280269196458676
FixedParameters: 0 0 0
#Transform 99
Transform: MatrixOffsetTransformBase_double_3_3
Parameters: 0.9999980535721189 -0.001115107569087323 -0.0017263064608282336 0.0011087977095805568 0.9999923351370718 -0.003799117965225242 0.001730695823181333 0.0037978169748325067 0.9999913061086536 0.05766981791605019 -0.04506322874044599 -0.5231382368685189
FixedParameters: 0 0 0
#Transform 100
Transform: MatrixOffsetTransformBase_double_3_3
Parameters: 0.9999976863213443 -0.0011374227504496821 -0.001513550119789528 0.0011328311666131282 0.9999939016773786 -0.003437021581681025 0.0015174502797579426 0.0034360455879806954 0.9999926218574232 0.056906671158259314 -0.03462913382378474 -0.5309426813995088
FixedParameters: 0 0 0
#Transform 101
Transform: MatrixOffsetTransformBase_double_3_3
Parameters: 0.9999977982883118 -0.0011775625088948395 -0.001444511423466091 0.0011726924229737892 0.9999933822289997 -0.0033526399369310273 0.0014484881510957032 0.003351626409668369 0.9999933992015398 0.05915378445696717 -0.05662437605258219 -0.5232439662021449
FixedParameters: 0 0 0
#Transform 102
Transform: MatrixOffsetTransformBase_double_3_3
Parameters: 0.9999981433422509 -0.0011036357762719243 -0.0017110196200640082 0.0010969141926680417 0.9999907883285123 -0.004243330041408192 0.0017159850865550441 0.004242180884357688 0.9999897727811767 0.059283263204847 -0.04007685353674617 -0.5401074694464256
FixedParameters: 0 0 0
#Transform 103
Transform: MatrixOffsetTransformBase_double_3_3
Parameters: 0.9999978926096222 -0.0011817027484815126 -0.0014120763748015769 0.001176654501009248 0.9999918382715415 -0.003843767071986752 0.0014169258253590028 0.0038428957473533357 0.9999919440204592 0.05893291738665596 -0.03452166965730896 -0.5171893434936834
FixedParameters: 0 0 0
#Transform 104
Transform: MatrixOffsetTransformBase_double_3_3
Parameters: 0.9999983262066743 -0.0004891634207065413 -0.001604679072430018 0.0004822792456083987 0.9999901257673169 -0.004317703835964553 0.0016063209715969223 0.004316693391011643 0.9999896442724716 0.05477964757588438 -0.028971583292701553 -0.5172816030942329
FixedParameters: 0 0 0
#Transform 105
Transform: MatrixOffsetTransformBase_double_3_3
Parameters: 0.9999984222612135 -0.0007535553872041582 -0.0014886067582290524 0.000747523607539851 0.999991396923569 -0.0040053412838634735 0.0014913916916686476 0.004004572338329237 0.9999905344438513 0.053185312530033 -0.02696768944687733 -0.5103594074049767
FixedParameters: 0 0 0
#Transform 106
Transform: MatrixOffsetTransformBase_double_3_3
Parameters: 0.99999843713224 -0.0007935584758483944 -0.001462465638123675 0.0007878858190963115 0.9999915324543628 -0.003981150992656558 0.0014655333293010497 0.003979306501607507 0.9999908087117098 0.06163704366451839 -0.038879081606950194 -0.5407545774836819
FixedParameters: 0 0 0
#Transform 107
Transform: MatrixOffsetTransformBase_double_3_3
Parameters: 0.9999983581272321 -0.0007293210422373435 -0.0014976083675190266 0.0007225472852276744 0.999990383609203 -0.004254004755390812 0.0015013878296299549 0.0042522984201314685 0.9999895284640159 0.05921667079056192 -0.024677249267710977 -0.5097084973612596
FixedParameters: 0 0 0
#Transform 108
Transform: MatrixOffsetTransformBase_double_3_3
Parameters: 0.9999978916496538 -0.0010890234930188356 -0.0014853048020055798 0.0010831440187371866 0.9999911348254006 -0.003961374687823449 0.0014896931644079875 0.003959611244188168 0.9999908178452062 0.05933885508814285 -0.05543499709293087 -0.5231304570831838
FixedParameters: 0 0 0
#Transform 109
Transform: MatrixOffsetTransformBase_double_3_3
Parameters: 0.9999980435732109 -0.0010417381374087389 -0.0014387699574764379 0.0010362023048786483 0.9999927932504907 -0.0036239544732625285 0.0014432282712329852 0.0036223493594778316 0.9999925967013391 0.0587588841324731 -0.023859119720142985 -0.511035105181989
FixedParameters: 0 0 0
#Transform 110
Transform: MatrixOffsetTransformBase_double_3_3
Parameters: 0.9999985701733274 -0.0009305848286549165 -0.0016638804461405615 0.0009240662290113227 0.9999919219751804 -0.004027932084725708 0.0016681226067064708 0.004026388349745901 0.9999908006573696 0.05784626925665748 -0.040346792264188025 -0.5121652473871592
FixedParameters: 0 0 0
#Transform 111
Transform: MatrixOffsetTransformBase_double_3_3
Parameters: 0.99999840814968 -0.0008576388747017172 -0.0017445018526686673 0.0008517884528472163 0.9999939407088859 -0.00336657273094898 0.0017474979418267839 0.0033650557313217497 0.9999924355047726 0.054970788577762164 -0.04500248843631027 -0.5143804037980004
FixedParameters: 0 0 0
#Transform 112
Transform: MatrixOffsetTransformBase_double_3_3
Parameters: 0.9999977398760437 -0.000875625439998236 -0.001942200187277851 0.0008686862037594852 0.9999926710219712 -0.0038177206960446288 0.001944799861980706 0.0038159552030312587 0.9999903767256041 0.05581154536412214 -0.02136605696695426 -0.5091325162232891
FixedParameters: 0 0 0
#Transform 113
Transform: MatrixOffsetTransformBase_double_3_3
Parameters: 0.9999984165185265 -0.0008971400781748256 -0.001753774482708123 0.0008893525685049158 0.9999892462256686 -0.004467942883061072 0.0017572277125987995 0.004466431267648655 0.9999886661062233 0.056980450385850645 -0.05418785891799871 -0.5060709854840297
FixedParameters: 0 0 0
#Transform 114
Transform: MatrixOffsetTransformBase_double_3_3
Parameters: 0.9999971812418973 -0.0007042399675207382 -0.00211073387591304 0.000695327099907282 0.9999905906915483 -0.004234267629174228 0.0021142628899203236 0.004232017155183245 0.9999884840932894 0.056736669136924434 -0.015447001830807494 -0.5255679833668694
