#Insight Transform File V1.0
#Transform 0
Transform: MatrixOffsetTransformBase_double_3_3
Parameters: 0.9999993165470418 -0.0008371224508114733 -0.0010902396085819555 0.0008322050503758064 0.999991969759978 -0.004041729415663818 0.0010937593260351985 0.004041217256497075 0.9999912682750796 -0.012811097989896325 -0.08200573704708347 -0.7127056626625716
FixedParameters: 0 0 0
#Transform 1
Transform: MatrixOffsetTransformBase_double_3_3
Parameters: 0.9999978294984232 -0.0005817860062246726 -0.0019913006408949913 0.0005741381701362615 0.9999914354718704 -0.004151252359360575 0.001993703250724635 0.0041506522177814946 0.9999896658104699 0.007913040903886781 -0.0929417491525868 -0.7055057077032245
FixedParameters: 0 0 0
#Transform 2
Transform: MatrixOffsetTransformBase_double_3_3
Parameters: 0.9999976013825704 -0.00017935246237293245 -0.002090145824173162 0.000168258054515103 0.9999875892231608 -0.005037866186704762 0.0020908510985004902 0.00503792409537484 0.9999852474014307 -0.0008227892472945086 -0.08619173205912034 -0.7403302247103767
FixedParameters: 0 0 0
#Transform 3
Transform: MatrixOffsetTransformBase_double_3_3
Parameters: 0.9999982607469678 -0.00030240805436983936 -0.0019135212914047905 0.0002910115423069808 0.9999847761729701 -0.005580096301604535 0.001915473728979336 0.005579744781104761 0.9999821847511798 -0.005780710671800193 -0.09473726600035093 -0.7329063072653952
FixedParameters: 0 0 0
#Transform 4
Transform: MatrixOffsetTransformBase_double_3_3
Parameters: 0.9999988932639957 -0.00001481496755929905 -0.001723213960254516 0.000005009498047634539 0.9999838280137503 -0.005759602817917159 0.0017237882637079621 0.0057593563215861615 0.999981993787851 0.0006819594744342794 -0.08089882610660482 -0.7535896559692077
FixedParameters: 0 0 0
#Transform 5
Transform: MatrixOffsetTransformBase_double_3_3
Parameters: 0.999998728585421 -0.00015247880572037724 -0.0015043759158022418 0.0001441601145530476 0.9999856549242204 -0.0054149679828647155 0.0015046234069138603 0.005415149362555007 0.9999843992636456 -0.011153016765405255 -0.10604144627600931 -0.7471860538472299
FixedParameters: 0 0 0
#Transform 6
Transform: MatrixOffsetTransformBase_double_3_3
Parameters: 0.9999989969075962 -0.00003854467762352121 -0.001696225396647863 0.000027965440631050927 0.9999813226748963 -0.006055723522163724 0.001696775437669551 0.006056395277615359 0.9999805694847185 -0.013269160934498814 -0.077624809594937 -0.7747233899598456
FixedParameters: 0 0 0
#Transform 7
Transform: MatrixOffsetTransformBase_double_3_3
Parameters: 1.0000000521041152 0.0004831190680695157 -0.0006397830563251994 -0.00048704715989067676 0.999984740087235 -0.005479521163077275 0.0006372154001634822 0.005479379079388027 0.9999848726134885 -0.07011289303974877 -0.09819538473301748 -0.7487278164944229
FixedParameters: 0 0 0
#Transform 8
Transform: MatrixOffsetTransformBase_double_3_3
Parameters: 0.9999994115858014 0.0004816723793528645 -0.00012681971049051388 -0.0004832222744834136 0.9999783420120354 -0.006513867893106079 0.00012317586312497741 0.006512991589750565 0.9999788991767009 -0.06948199396443044 -0.07864584403553465 -0.7722758681665454
FixedParameters: 0 0 0
#Transform 9
Transform: MatrixOffsetTransformBase_double_3_3
Parameters: 0.9999998986436629 0.0005381654467816182 -0.0006686541065910739 -0.0005422176375564714 0.999981672792675 -0.006085623907450075 0.0006653459654419047 0.006085661449911172 0.9999808843626612 -0.07578718561288156 -0.10470726515661966 -0.7551534190906608
FixedParameters: 0 0 0
#Transform 10
Transform: MatrixOffsetTransformBase_double_3_3
Parameters: 0.9999998658326263 0.0004637768796234026 -0.0007399986508459522 -0.0004683860607390733 0.9999829508141319 -0.005815998115760226 0.0007379998693025358 0.0058170008259386405 0.9999829927314997 -0.07459246473219139 -0.08504001916080028 -0.7620554448595129
FixedParameters: 0 0 0
#Transform 11
Transform: MatrixOffsetTransformBase_double_3_3
Parameters: 0.9999994960229777 0.0004331230485087684 -0.00019008663973668627 -0.000434428051209625 0.9999815300132397 -0.006105734269482001 0.00018691205969764701 0.006105976264757112 0.999980962925706 -0.0647885901184253 -0.09276862932513552 -0.7617287814479425
FixedParameters: 0 0 0
#Transform 12
Transform: MatrixOffsetTransformBase_double_3_3
Parameters: 1.00000016353373 0.00042788684747241477 -0.0005430850075504728 -0.0004304821019917729 0.9999810529650828 -0.006145228046310435 0.0005409204994483718 0.006145010207237139 0.9999813018951333 -0.07194412612508927 -0.0760574858463059 -0.7571677792665525
FixedParameters: 0 0 0
#Transform 13
Transform: MatrixOffsetTransformBase_double_3_3
Parameters: 0.9999992108392886 0.0009591832013106306 -0.0005191857732336908 -0.0009623507753627073 0.9999816252411704 -0.006037380430580186 0.0005138142320880168 0.006037611372911637 0.9999818808524479 -0.0824676966977762 -0.11107587208765324 -0.7603322736846536
FixedParameters: 0 0 0
#Transform 14
Transform: MatrixOffsetTransformBase_double_3_3
Parameters: 0.999999533033095 0.0003731482842819731 -0.000002404178341644525 -0.0003731620433948822 0.9999764914736999 -0.006882492736593941 -4.042273387960815e-7 0.006882493484163997 0.9999759584388587 -0.08936822780522391 -0.10191211483156337 -0.7632618066082131
FixedParameters: 0 0 0
#Transform 15
Transform: MatrixOffsetTransformBase_double_3_3
Parameters: 1.0000003911320083 0.0004269432740110999 -0.0002610883008883763 -0.0004280841440077793 0.9999806357046761 -0.006179399607397648 0.00025891527854489393 0.006178781919133442 0.9999811093708361 -0.07932996147695803 -0.09369807577245126 -0.7557696956435365
FixedParameters: 0 0 0
#Transform 16
Transform: MatrixOffsetTransformBase_double_3_3
Parameters: 0.9999992473520538 0.0012957908810038148 -0.0005136757018584515 -0.001299750631487214 0.999975641580967 -0.0069043275289646005 0.0005043214175435573 0.006904887136524992 0.9999758760619988 -0.050908934365438085 -0.0922672055623508 -0.7465703726082324
FixedParameters: 0 0 0
#Transform 17
Transform: MatrixOffsetTransformBase_double_3_3
Parameters: 0.9999989349313988 0.0011503137204095164 -0.0001307430680187599 -0.0011510657061873564 0.9999758913770558 -0.006912408208586568 0.0001222573764707302 0.006912777798199586 0.9999759244408367 -0.0751365946445759 -0.09377865843515565 -0.7581808219169517
FixedParameters: 0 0 0
#Transform 18
Transform: MatrixOffsetTransformBase_double_3_3
Parameters: 0.9999997418363428 0.0007880484968174293 -0.0001229290497956198 -0.000788827281279338 0.9999726372844476 -0.007398538053936256 0.0001170716937230476 0.0073988057427989765 0.9999728666475791 -0.08003283020617857 -0.1002313689315315 -0.7647673939407014
FixedParameters: 0 0 0
#Transform 19
Transform: MatrixOffsetTransformBase_double_3_3
Parameters: 0.9999995676192074 0.0011884019134162141 -0.00019525837169009908 -0.001189529114890417 0.9999654838999658 -0.008191233348269912 0.00018574499087972707 0.008191843274159831 0.9999668436985889 -0.07040688146808805 -0.10763470480131332 -0.7901776367153985
FixedParameters: 0 0 0
#Transform 20
Transform: MatrixOffsetTransformBase_double_3_3
Parameters: 0.9999992193679786 0.0013349096129625694 -0.000058043649372049866 -0.0013357497570586066 0.9999671928514408 -0.008001364857725075 0.0000469529056127127 0.00800150506974833 0.9999679679711384 -0.07187100184006567 -0.11532232561809508 -0.7690309233359613
FixedParameters: 0 0 0
#Transform 21
Transform: MatrixOffsetTransformBase_double_3_3
Parameters: 0.9999993517088581 0.0009326114858853654 -0.00013565918984598246 -0.0009336847179108077 0.9999686409323308 -0.007841222605282007 0.0001283402707837611 0.007841547420955167 0.9999692543750098 -0.0742356803614257 -0.11181616056416033 -0.7710816486943202
FixedParameters: 0 0 0
#Transform 22
Transform: MatrixOffsetTransformBase_double_3_3
Parameters: 0.9999982270636429 0.0016538397251699712 0.0000015447682422953246 -0.0016537341275460367 0.9999737103703642 -0.007039468063901445 -0.000013454837394594188 0.007039443259457958 0.9999754831944695 -0.07242749823063832 -0.08476650667357433 -0.7403498230151655
FixedParameters: 0 0 0
#Transform 23
Transform: MatrixOffsetTransformBase_double_3_3
Parameters: 0.9999995377093734 0.0012835033187004214 -0.00024444968348423524 -0.001284525421751434 0.9999790371110626 -0.006269681430220979 0.00023655298655643475 0.006270455969107217 0.9999803837192984 -0.06041894935152925 -0.09930562740032656 -0.7450233897235279
FixedParameters: 0 0 0
#Transform 24
Transform: MatrixOffsetTransformBase_double_3_3
Parameters: 0.9999984705591193 0.0013155873873922789 -0.0009579778774902736 -0.0013217209590284272 0.9999748480003011 -0.006957375638000107 0.0009490258828782627 0.006958445726750529 0.9999755590899942 -0.06969397667226929 -0.11702605166040314 -0.7342201823363723
FixedParameters: 0 0 0
#Transform 25
Transform: MatrixOffsetTransformBase_double_3_3
Parameters: 0.9999982705829643 0.0014163615634348796 -0.0008023216612233902 -0.0014226916850355658 0.9999685669619262 -0.007771970343649263 0.0007916766660167052 0.0077737069429823615 0.9999700259427611 -0.0748790137515698 -0.10630461936962377 -0.7562430828730413
FixedParameters: 0 0 0
#Transform 26
Transform: MatrixOffsetTransformBase_double_3_3
Parameters: 0.9999984370439549 0.001435572671518666 -0.000824956458258197 -0.0014411453843627426 0.9999772506459504 -0.006532610910578093 0.000815042663055765 0.006533368310555256 0.9999784687874965 -0.06786342640920395 -0.11916119925805901 -0.7310887546165787
FixedParameters: 0 0 0
#Transform 27
Transform: MatrixOffsetTransformBase_double_3_3
Parameters: 0.9999987243835642 0.0014586922996326628 -0.00025050244501217955 -0.0014604106389924459 0.9999690251768028 -0.007735925863073244 0.00023949960493760414 0.007735801058781047 0.9999701807409659 -0.07957847056367484 -0.086432268862211 -0.7581271845443069
FixedParameters: 0 0 0
#Transform 28
Transform: MatrixOffsetTransformBase_double_3_3
Parameters: 0.9999988123324732 0.0017344554501128166 0.00009631981747316998 -0.0017338358409290365 0.9999680091826463 -0.007809348157174019 -0.00011068120718363272 0.007808910725736275 0.9999691754257702 -0.08725698778653168 -0.10822141379485117 -0.7609611338759095
FixedParameters: 0 0 0
#Transform 29
Transform: MatrixOffsetTransformBase_double_3_3
Parameters: 0.9999982066665981 0.001829984077321565 -0.0000997911369453458 -0.0018315054240363132 0.9999602226602986 -0.008742420961522559 0.00008320409329864997 0.008741759075728037 0.9999619992495196 -0.07022785860101521 -0.12232623012556587 -0.7879850854951229
FixedParameters: 0 0 0
#Transform 30
Transform: MatrixOffsetTransformBase_double_3_3
Parameters: 0.9999979173433272 0.0016949181528758855 -0.0009567357582697528 -0.0017025729963880479 0.999963314673373 -0.008354101549818516 0.0009422673742127269 0.008354964454933472 0.999964594193359 -0.06983225394444048 -0.1405657624479204 -0.7878368337518964
FixedParameters: 0 0 0
#Transform 31
Transform: MatrixOffsetTransformBase_double_3_3
Parameters: 0.99999761978181 0.0018550802844026749 -0.0011918977419582838 -0.0018654736345098451 0.999959877927782 -0.008697165228085888 0.0011761015312953121 0.00869936429282157 0.9999614543781521 -0.07074093852089902 -0.13616779321624506 -0.7662232725000706
FixedParameters: 0 0 0
#Transform 32
Transform: MatrixOffsetTransformBase_double_3_3
Parameters: 0.9999979108714369 0.0020415472200239235 -0.0005166730979040135 -0.0020456876430394386 0.9999560340939168 -0.009153318838533462 0.0004973323960241888 0.009153789583046443 0.9999576091107072 -0.07386285035525475 -0.1647563021766416 -0.7785160968837488
FixedParameters: 0 0 0
#Transform 33
Transform: MatrixOffsetTransformBase_double_3_3
Parameters: 0.9999971618067987 0.0020037138095515988 -0.0015078309387130534 -0.0020160734391879843 0.9999645219239237 -0.008210517680703303 0.0014921688169812347 0.008213501308209973 0.9999648600350148 -0.0597810752556569 -0.10532039343802069 -0.7592461831809487
FixedParameters: 0 0 0
#Transform 34
Transform: MatrixOffsetTransformBase_double_3_3
Parameters: 0.9999976496749408 0.001869013662236942 -0.001159245590919511 -0.0018800921219693208 0.9999594287333226 -0.00877662178365674 0.0011427451192992238 0.008779649385409871 0.9999611294128526 -0.06729261166397293 -0.12502430490654604 -0.7739162311330574
FixedParameters: 0 0 0
#Transform 35
Transform: MatrixOffsetTransformBase_double_3_3
Parameters: 0.9999984355155691 0.0015341324075658239 0.00001740738676320186 -0.00153372630016555 0.9999630668310807 -0.008460463547084983 -0.00003059079238958151 0.008460389920948419 0.9999636301640402 -0.09680379209929413 -0.13004083363141206 -0.7809323488961155
FixedParameters: 0 0 0
#Transform 36
Transform: MatrixOffsetTransformBase_double_3_3
Parameters: 0.9999985146702038 0.001986740121944679 -0.00008352241015201212 -0.0019880205514706977 0.9999611814322986 -0.008536090608267627 0.00006647191624394033 0.008536388718273077 0.9999636555123915 -0.07687816685299254 -0.10165045429637587 -0.7765070096482276
FixedParameters: 0 0 0
#Transform 37
Transform: MatrixOffsetTransformBase_double_3_3
Parameters: 0.9999986003435296 0.001914139110674049 -0.000301993605183265 -0.0019175346263230228 0.9999542678522931 -0.009330433588461471 0.0002840010764942752 0.009330716293249214 0.9999564958085303 -0.07770852783225735 -0.14971382851415171 -0.7765021080475805
FixedParameters: 0 0 0
#Transform 38
Transform: MatrixOffsetTransformBase_double_3_3
Parameters: 0.999998096743977 0.001973883983521727 -0.00021495799703570573 -0.001976211963142868 0.9999424441784989 -0.010566054660639047 0.0001940392035782723 0.010567019397314602 0.9999442637921463 -0.0901614036737044 -0.16578368970326096 -0.8023517101564153
FixedParameters: 0 0 0
#Transform 39
Transform: MatrixOffsetTransformBase_double_3_3
Parameters: 0.9999970200545075 0.0019455492651279695 -0.0011858982601915813 -0.0019568007373784876 0.9999522174584237 -0.009536750256542685 0.0011680993435310982 0.009539215728844806 0.999953426682601 -0.06987223128020048 -0.1662180966963973 -0.7798519999673488
FixedParameters: 0 0 0
#Transform 40
Transform: MatrixOffsetTransformBase_double_3_3
Parameters: 0.9999978700356642 0.0020572016255902947 -0.00021160430907606054 -0.002059075269546744 0.99994989470941 -0.009791166316017267 0.00019139750116195509 0.00979115577253481 0.999951943466857 -0.07427264404677203 -0.143226029915013 -0.7908086262405902
FixedParameters: 0 0 0
#Transform 41
Transform: MatrixOffsetTransformBase_double_3_3
Parameters: 0.9999955796576137 0.00282797913952006 -0.0005102220464503343 -0.002832523778507857 0.9999578805675846 -0.008723382136778531 0.0004857766676027303 0.008724521130141334 0.9999618048922612 -0.07886451348707624 -0.14589210697853616 -0.7856340665188384
FixedParameters: 0 0 0
#Transform 42
Transform: MatrixOffsetTransformBase_double_3_3
Parameters: 0.9999965496632717 0.0024755256832251302 -0.0009415205658483833 -0.002485139649435533 0.9999399526742079 -0.010670803758962382 0.0009154825573342296 0.010673203720287178 0.9999426787315155 -0.06102080421409539 -0.18299806896662574 -0.8160963991793295
FixedParameters: 0 0 0
#Transform 43
Transform: MatrixOffsetTransformBase_double_3_3
Parameters: 0.9999961293748199 0.002663572295321834 -0.0007612286877442115 -0.0026705499846024086 0.999952010125244 -0.009426046759680855 0.0007357712497526314 0.009428594830671025 0.9999557602192035 -0.05873761987899684 -0.17592938013791581 -0.7524823240721616
FixedParameters: 0 0 0
#Transform 44
Transform: MatrixOffsetTransformBase_double_3_3
Parameters: 0.9999966387192075 0.002531316627594653 -0.00048121312684250295 -0.002534649973336296 0.9999655676413766 -0.007937856187709142 0.0004607913849300205 0.007938562310222068 0.9999684852302987 -0.0622829652898389 -0.11267462820327978 -0.7523708512341472
FixedParameters: 0 0 0
#Transform 45
Transform: MatrixOffsetTransformBase_double_3_3
Parameters: 0.9999959248842347 0.002615308236611159 -0.0008481339553215728 -0.002624975827623109 0.9999392531707554 -0.010717108601523572 0.000819857753771247 0.010719116047118296 0.9999419371390159 -0.04958644524595002 -0.2024313359091252 -0.9574092106311838
FixedParameters: 0 0 0
#Transform 46
Transform: MatrixOffsetTransformBase_double_3_3
Parameters: 0.9999948995577016 0.0029828618569533332 -0.0008532083638445737 -0.002993983561803015 0.9999134008819867 -0.01283113454859849 0.0008147875526477999 0.012832916375128364 0.9999171101551606 -0.06170943421234654 -0.21552293577464354 -1.038655158476459
FixedParameters: 0 0 0
#Transform 47
Transform: MatrixOffsetTransformBase_double_3_3
Parameters: 0.9999963818645058 0.002443570025967279 -0.001238961740143929 -0.002459649594953373 0.9999092938205391 -0.013253586297773578 0.001207043390058879 0.013255853972615484 0.9999119203551725 -0.04833282074430656 -0.2468195404066762 -1.0093122388125266
FixedParameters: 0 0 0
#Transform 48
Transform: MatrixOffsetTransformBase_double_3_3
Parameters: 0.999995965376467 0.0025837822571949083 -0.0014942555661292267 -0.0025981786005585643 0.9999526441516224 -0.009359786776364652 0.001469741724099874 0.009363502010121089 0.9999552860253593 -0.03752408253726003 -0.07342212557946937 -0.9527684596643553
FixedParameters: 0 0 0
#Transform 49
Transform: MatrixOffsetTransformBase_double_3_3
Parameters: 0.9999981084507488 0.001889166890386977 -0.0011490960638202707 -0.0018962482360842037 0.9999783137384107 -0.006252330608455235 0.0011369056777962155 0.006254215852120448 0.9999795923592257 -0.03405623070663921 -0.06552021013104081 -0.7974776363511893
FixedParameters: 0 0 0
#Transform 50
Transform: MatrixOffsetTransformBase_double_3_3
Parameters: 0.9999962505516121 0.002152007678717046 -0.0016992414604051487 -0.002162434049740827 0.9999769289828226 -0.006434003067855248 0.0016857628915871448 0.006437183817944156 0.9999779492413435 -0.04734149208509564 -0.22476436916943499 -0.8344703230342816
FixedParameters: 0 0 0
#Transform 51
Transform: MatrixOffsetTransformBase_double_3_3
Parameters: 0.9999950550084251 0.0016428888490512147 -0.0027539572769844506 -0.0016719172528933274 0.9999454017484213 -0.010286128616078895 0.0027370360928659215 0.010290369649627783 0.9999432707799424 -0.05656618600808372 -0.1955863856660045 -0.8911776249811396
FixedParameters: 0 0 0
#Transform 52
Transform: MatrixOffsetTransformBase_double_3_3
Parameters: 0.9999931019956354 0.001577590814721131 -0.0032364988789049393 -0.0016160888791848544 0.9999277946497789 -0.011941456479969872 0.003217502894663382 0.01194577207306017 0.9999238647802937 -0.07724010071385123 -0.23311609688840917 -1.014045117932369
FixedParameters: 0 0 0
#Transform 53
Transform: MatrixOffsetTransformBase_double_3_3
Parameters: 0.999993519133796 0.0018093629594098759 -0.003129139193154093 -0.0018499209026488835 0.9999133020963715 -0.013010374238399918 0.003105860780754574 0.01301594867770224 0.9999103444637154 -0.07908410869129057 -0.2142644142243455 -1.0563956084004502
FixedParameters: 0 0 0
#Transform 54
Transform: MatrixOffsetTransformBase_double_3_3
Parameters: 0.9999922487633661 0.0018034235405587676 -0.0033559132038067097 -0.001844589680920382 0.9999230740305828 -0.012228119500687806 0.0033340806736100598 0.012233491786229983 0.9999194463196823 -0.09583348121738311 -0.19679521895142216 -1.0106359175286457
FixedParameters: 0 0 0
#Transform 55
Transform: MatrixOffsetTransformBase_double_3_3
Parameters: 0.9999937925097429 0.0014676525028098138 -0.003339274902965275 -0.0015087386482893167 0.9999220189900406 -0.012397417174506589 0.0033207335056310155 0.0124025704653576 0.9999180477263717 -0.09825681103082218 -0.18730554316394432 -1.0537061581184446
FixedParameters: 0 0 0
#Transform 56
Transform: MatrixOffsetTransformBase_double_3_3
Parameters: 0.9999927021298434 0.0019515015382888716 -0.00333212501212167 -0.001993086253170253 0.9999216922111919 -0.012382798730856246 0.003307871972671017 0.012389064495799705 0.9999179443635648 -0.10319087228937462 -0.1847023713559679 -1.0815674613213275
FixedParameters: 0 0 0
#Transform 57
Transform: MatrixOffsetTransformBase_double_3_3
Parameters: 0.9999923471009938 0.0014910084232003474 -0.0035702861390121687 -0.001530099410028151 0.9999379972881824 -0.011029608982352323 0.0035537176666267517 0.011035455110240226 0.9999332736187072 -0.08986413392207737 -0.19640466071535911 -1.0675205988257517
FixedParameters: 0 0 0
#Transform 58
Transform: MatrixOffsetTransformBase_double_3_3
Parameters: 0.999991417415337 0.0013223666489176548 -0.003996782571214899 -0.0013738572380242275 0.9999152976356654 -0.012915204298514645 0.0039792231925090404 0.012920986507835191 0.9999090704414451 -0.09504226773701419 -0.23135999751008285 -1.0975613462083942
FixedParameters: 0 0 0
#Transform 59
Transform: MatrixOffsetTransformBase_double_3_3
Parameters: 0.999992112454691 0.0016654269704411578 -0.003565053122284889 -0.0017151028736285285 0.9999008403559141 -0.013971757392784829 0.003540948884046158 0.013977644388374986 0.9998964789459018 -0.09073998262984162 -0.2560441672388549 -1.1253355030655854
FixedParameters: 0 0 0
#Transform 60
Transform: MatrixOffsetTransformBase_double_3_3
Parameters: 0.9999906230043774 0.0018194973248507299 -0.00392155407417584 -0.0018767084787215758 0.9998936382939925 -0.01445114985842382 0.0038944327589403166 0.014457947696768642 0.9998874686749304 -0.0942648981525025 -0.28318381791760316 -1.121361360384995
FixedParameters: 0 0 0
#Transform 61
Transform: MatrixOffsetTransformBase_double_3_3
Parameters: 0.9999904718004333 0.00196984212661404 -0.0038333115215528207 -0.0020262270025939826 0.9998862410502942 -0.014954990160388341 0.0038026976163930137 0.01496176034806817 0.9998806132009287 -0.09624841625733893 -0.2800100806266528 -1.0972621931885271
FixedParameters: 0 0 0
#Transform 62
Transform: MatrixOffsetTransformBase_double_3_3
Parameters: 0.9999924870351599 0.002197860453896674 -0.0030260790626388395 -0.0022455777648428855 0.9998742278209978 -0.015675135430650387 0.0029919091373355883 0.015682146532460736 0.9998726314833701 -0.09958586111500267 -0.3435019622981059 -1.1152202987588566
FixedParameters: 0 0 0
#Transform 63
Transform: MatrixOffsetTransformBase_double_3_3
Parameters: 0.999991595374195 0.002374208035475429 -0.003296300547813949 -0.002428346016331265 0.9998589341465618 -0.016617643062366922 0.0032557059426842477 0.01662565119728108 0.999856872828208 -0.09128295919927609 -0.33645985627879327 -1.1282710573148904
FixedParameters: 0 0 0
#Transform 64
Transform: MatrixOffsetTransformBase_double_3_3
Parameters: 0.9999886935476344 0.002469396512306314 -0.0039791865137136645 -0.0025387141146851503 0.9998445095896606 -0.01746472139236352 0.003935806462788141 0.017474924056147638 0.9998394898953308 -0.09768042682578937 -0.3515112352111487 -1.1186963967640509
FixedParameters: 0 0 0
#Transform 65
Transform: MatrixOffsetTransformBase_double_3_3
Parameters: 0.9999888781081151 0.0026975638434856737 -0.0037815192624157667 -0.0027627854220629634 0.999846396364147 -0.017318828150012466 0.0037334783365668006 0.01732941471448432 0.9998432783817123 -0.09638957002169946 -0.33070414381924707 -1.1233623761627314
FixedParameters: 0 0 0
#Transform 66
Transform: MatrixOffsetTransformBase_double_3_3
Parameters: 0.9999894816081064 0.002820825871984234 -0.0035938412385369822 -0.0028813211828614817 0.9998484476552296 -0.01715299018885108 0.003544171444276184 0.017163175050131613 0.9998464884718598 -0.10928249199288587 -0.2865581364701342 -1.1010422994137343
FixedParameters: 0 0 0
#Transform 67
Transform: MatrixOffsetTransformBase_double_3_3
Parameters: 0.9999875033258893 0.0031737752539433635 -0.0038367367892915144 -0.0032439832495068112 0.9998247628456537 -0.01843065346970227 0.0037782670513606814 0.018442560466601112 0.9998232627490734 -0.09729210156838519 -0.32243971609642585 -1.1349400128566884
FixedParameters: 0 0 0
#Transform 68
Transform: MatrixOffsetTransformBase_double_3_3
Parameters: 0.9999901018332034 0.0034565831416084212 -0.002881448333771325 -0.003506881126613945 0.9998397110924812 -0.01757750999696712 0.002819550543061128 0.017587248653647643 0.9998413572237173 -0.09065514713606149 -0.285513981299772 -1.131903818344469
FixedParameters: 0 0 0
#Transform 69
Transform: MatrixOffsetTransformBase_double_3_3
Parameters: 0.9999864037077668 0.003231365254937997 -0.0040628507014564275 -0.0033052768169453467 0.9998287483210345 -0.01822861959301732 0.00400314069141311 0.018242688782744227 0.9998258115458559 -0.09976323520838548 -0.3328761427830642 -1.129448888744946
FixedParameters: 0 0 0
#Transform 70
Transform: MatrixOffsetTransformBase_double_3_3
Parameters: 0.9999900362591534 0.003889453949056106 -0.0022605165838608804 -0.003931613260990825 0.999818727789035 -0.01864904403206277 0.0021874732593338414 0.018657615025896326 0.9998237982897153 -0.10238570003151892 -0.319502358268565 -1.1374750470540107
FixedParameters: 0 0 0
#Transform 71
Transform: MatrixOffsetTransformBase_double_3_3
Parameters: 0.9999907983035563 0.0034948633618802644 -0.0024519808327993636 -0.003538056197218059 0.9998290942435816 -0.018175692561663372 0.0023880323323003105 0.018184202928473787 0.9998315820865844 -0.1057985886404822 -0.34837939022530406 -1.1181593136947612
FixedParameters: 0 0 0
#Transform 72
Transform: MatrixOffsetTransformBase_double_3_3
Parameters: 0.9999915591056086 0.0036544326607695263 -0.0018867546822042836 -0.003690088227353002 0.9998137667546815 -0.018962444663905276 0.001817233320669298 0.01896974333052132 0.9998183472171394 -0.08402084067606097 -0.32342956784037824 -1.1339293450149484
FixedParameters: 0 0 0
#Transform 73
Transform: MatrixOffsetTransformBase_double_3_3
Parameters: 0.9999899268408596 0.00364836504461247 -0.002617910397521489 -0.003693621672675243 0.9998417892357419 -0.017422506545225525 0.002554084891625466 0.0174319867249103 0.9998444865319068 -0.09455916984498458 -0.3540347443789216 -1.1209332964461112
FixedParameters: 0 0 0
#Transform 74
Transform: MatrixOffsetTransformBase_double_3_3
Parameters: 0.9999899287655362 0.0030509115554222294 -0.0034054853120112777 -0.0031096627801873262 0.9998406982607532 -0.01756710039223019 0.0033515282936549817 0.01757759095413836 0.9998399390429942 -0.12511123048881245 -0.34888926741993487 -1.1088689686467745
FixedParameters: 0 0 0
#Transform 75
Transform: MatrixOffsetTransformBase_double_3_3
Parameters: 0.9999899686733535 0.0033682225939984226 -0.0027605270478194 -0.0034185903842491247 0.9998191502387656 -0.01873874459199528 0.0026974852887794443 0.018747312099850196 0.9998202852709653 -0.09087288679998551 -0.33245263235976097 -1.1240041419833773
FixedParameters: 0 0 0
#Transform 76
Transform: MatrixOffsetTransformBase_double_3_3
Parameters: 0.9999907915222236 0.0033636977888461903 -0.002527901920627601 -0.003406825542522644 0.999843426597425 -0.01737603077541557 0.0024691002363290554 0.017385355943577346 0.9998461490671942 -0.0885139273856197 -0.3297003342825775 -1.0899630287476327
FixedParameters: 0 0 0
#Transform 77
Transform: MatrixOffsetTransformBase_double_3_3
Parameters: 0.9999896936623003 0.0036826418296006403 -0.002652711059812962 -0.003733252644717337 0.9998046684590214 -0.019400051090370383 0.002580293338064435 0.019409422843598177 0.9998082812811004 -0.09007487772068146 -0.31035929201379986 -1.1337150373535536
FixedParameters: 0 0 0
#Transform 78
Transform: MatrixOffsetTransformBase_double_3_3
Parameters: 0.99999077126395 0.003626610287190808 -0.002344500367983282 -0.0036715107370503637 0.9998088731529738 -0.019199355006253853 0.0022744879006375007 0.019207622364995347 0.9998124333024545 -0.08413327551893701 -0.3319848180110796 -1.1361837272750108
FixedParameters: 0 0 0
#Transform 79
Transform: MatrixOffsetTransformBase_double_3_3
Parameters: 0.999992375822569 0.003547362210726665 -0.001825049767268605 -0.0035823771880105996 0.9997937729677359 -0.0200085866749037 0.00175296588801363 0.020015195420711757 0.9997979954089472 -0.08311645937027379 -0.3376369124916465 -1.1410416624734125
FixedParameters: 0 0 0
#Transform 80
Transform: MatrixOffsetTransformBase_double_3_3
Parameters: 0.99998849656004 0.0041474465610976 -0.002341777784479568 -0.004194296781597766 0.9997882585515732 -0.020152003077954866 0.0022582110196228272 0.020161761851499992 0.9997941808825161 -0.1114413929509368 -0.33810558188697826 -1.1479147276164525
FixedParameters: 0 0 0
#Transform 81
Transform: MatrixOffsetTransformBase_double_3_3
Parameters: 0.9999892031796471 0.0040821145853462484 -0.0021448801448612914 -0.00412398090933133 0.999793740128237 -0.01987994667338518 0.0020631174622999376 0.019888467919328585 0.9997996823994085 -0.0883323849492399 -0.35470521292678825 -1.1249498683357189
FixedParameters: 0 0 0
#Transform 82
Transform: MatrixOffsetTransformBase_double_3_3
Parameters: 0.9999901941808719 0.004101278436839783 -0.0015456531099980186 -0.004130754874993989 0.9997922940960157 -0.01996511459497944 0.0014633596445725178 0.019970882534027234 0.999799572382393 -0.08281270469370838 -0.3212669163581694 -1.1353572035879296
FixedParameters: 0 0 0
#Transform 83
Transform: MatrixOffsetTransformBase_double_3_3
Parameters: 0.9999899809681801 0.0041984274101070935 -0.0012259517101820827 -0.004222827153481897 0.9997861661259599 -0.020222797252674687 0.0011410378350902167 0.02022759099809393 0.9997943835259113 -0.10520025821654144 -0.3483355762998457 -1.143655892283391
FixedParameters: 0 0 0
#Transform 84
Transform: MatrixOffsetTransformBase_double_3_3
Parameters: 0.9999914703237337 0.004116010458911573 -0.0010242178686232506 -0.004135676482271359 0.999793920322151 -0.019873156214025772 0.0009417813897363431 0.019876777686052123 0.999801517222094 -0.10335879970554629 -0.3563453593483672 -1.138715636016812
FixedParameters: 0 0 0
#Transform 85
Transform: MatrixOffsetTransformBase_double_3_3
Parameters: 0.9999905535519968 0.004230309433372853 -0.0012841348380688705 -0.0042558731617628265 0.99978790733864 -0.02014780648586208 0.0011988544835434684 0.020153247779247596 0.9997962708274856 -0.10191785050662361 -0.33814074120012094 -1.1322808243396025
FixedParameters: 0 0 0
#Transform 86
Transform: MatrixOffsetTransformBase_double_3_3
Parameters: 0.9999907730285391 0.003971129919274683 -0.0016699492958526102 -0.004004816312218537 0.9997782908783589 -0.020654762065279202 0.0015870493877749442 0.020661369248533287 0.9997852132368549 -0.09273258383767313 -0.35588770876012177 -1.1375067392746985
FixedParameters: 0 0 0
#Transform 87
Transform: MatrixOffsetTransformBase_double_3_3
Parameters: 0.9999905261473394 0.004141099315905694 -0.0012088609411905482 -0.004165236250476356 0.9997832476306932 -0.020405005294786484 0.0011241331498119678 0.020409521820876478 0.9997909997496991 -0.10455344936032418 -0.37360127812519295 -1.1269674794909292
FixedParameters: 0 0 0
#Transform 88
Transform: MatrixOffsetTransformBase_double_3_3
Parameters: 0.999990506707283 0.004188963399814599 -0.0008752337376631697 -0.00420653046106074 0.9997703014842088 -0.020998924590796084 0.0007867644906778826 0.02100225127331021 0.9997794134978869 -0.10149307509989569 -0.33966112077067123 -1.1371687085151336
FixedParameters: 0 0 0
#Transform 89
Transform: MatrixOffsetTransformBase_double_3_3
Parameters: 0.9999912048526394 0.004171147783661729 -0.0009841219601426365 -0.004192232936837424 0.9997585542368778 -0.021559882587752113 0.0008938640409308224 0.021563245947226403 0.9997675857426407 -0.09342642734927153 -0.35863759550322527 -1.150988980757191
FixedParameters: 0 0 0
#Transform 90
Transform: MatrixOffsetTransformBase_double_3_3
Parameters: 0.9999900411909691 0.004361883268153667 -0.0012704366904323083 -0.004386917744639102 0.9997782808858308 -0.020601383489979436 0.0011805678769975791 0.02060708940612356 0.9997872356546236 -0.0993354919049807 -0.3248072510716895 -1.1216370563363824
FixedParameters: 0 0 0
#Transform 91
Transform: MatrixOffsetTransformBase_double_3_3
Parameters: 0.999990285742072 0.004219100026061401 -0.0012133488586624497 -0.004243658242184119 0.9997614574171814 -0.02141207355890687 0.001122662092911328 0.021416942329971787 0.9997704428884229 -0.0904367375712809 -0.34769753795035285 -1.1483829380751303
FixedParameters: 0 0 0
#Transform 92
Transform: MatrixOffsetTransformBase_double_3_3
Parameters: 0.9999893765784881 0.004346841487418318 -0.001635725671209648 -0.004378416233260466 0.999786426358277 -0.020183296131463118 0.0015472883638164014 0.020189725429966245 0.9997949834694645 -0.09882151700053043 -0.39065499013587157 -1.1506647548415714
FixedParameters: 0 0 0
#Transform 93
Transform: MatrixOffsetTransformBase_double_3_3
Parameters: 0.9999899563656807 0.004263940696443063 -0.0013530739433531697 -0.004290735861191357 0.9997839086894321 -0.020362746111521834 0.0012659242792713438 0.020368014276574704 0.9997915223725835 -0.10578667002428688 -0.3677816758608117 -1.1490745023998556
FixedParameters: 0 0 0
#Transform 94
Transform: MatrixOffsetTransformBase_double_3_3
Parameters: 0.9999881829527895 0.004536922564782615 -0.0015932882479704202 -0.0045696447611044 0.9997734144529349 -0.020800113422383568 0.001498697343807559 0.020807653729225224 0.9997824507454812 -0.09309968256135903 -0.3341036879731121 -1.1415020525980708
FixedParameters: 0 0 0
#Transform 95
Transform: MatrixOffsetTransformBase_double_3_3
Parameters: 0.9999889462854605 0.004582499567103667 -0.0014522204238742176 -0.0046116577498817755 0.9997621697989987 -0.021295692020219272 0.0013537975794874063 0.021301974532537554 0.9997722862011674 -0.10697865031475828 -0.3781794886961336 -1.1574029606446032
FixedParameters: 0 0 0
#Transform 96
Transform: MatrixOffsetTransformBase_double_3_3
Parameters: 0.9999874360646254 0.004428515465410088 -0.0023175845034438813 -0.00447606645915859 0.99976889809023 -0.02102416874357306 0.0022234194992887674 0.021034119722800667 0.9997761504716375 -0.1017800653721963 -0.3512767808980328 -1.1594065437748071
FixedParameters: 0 0 0
#Transform 97
Transform: MatrixOffsetTransformBase_double_3_3
Parameters: 0.9999882333356878 0.004541532678106301 -0.0014824991188995412 -0.0045720540667900655 0.9997629040035622 -0.021310503527013275 0.0013855005097785783 0.02131695548968428 0.9997715574657443 -0.10102682942591912 -0.3619449366182579 -1.1746183008945223
FixedParameters: 0 0 0
#Transform 98
Transform: MatrixOffsetTransformBase_double_3_3
Parameters: 0.9999875956024165 0.0046422070214385235 -0.001904229503624455 -0.004681420647917291 0.9997563862988024 -0.021554988816425726 0.0018037840906241498 0.021564449252886576 0.9997659151967924 -0.11606416669836506 -0.40044249776313734 -1.1554676790803171
FixedParameters: 0 0 0
#Transform 99
Transform: MatrixOffsetTransformBase_double_3_3
Parameters: 0.9999870126776252 0.004727842263990728 -0.0017658108076068074 -0.004765897996093815 0.9997502980717162 -0.021839192247306148 0.0016621778580342694 0.021846328061351915 0.9997594090834336 -0.10581498835715308 -0.35366225079634717 -1.1615100155378144
FixedParameters: 0 0 0
#Transform 100
Transform: MatrixOffsetTransformBase_double_3_3
Parameters: 0.999987051941853 0.00493649598828109 -0.0013642063461565546 -0.004964388146848343 0.999755016391972 -0.021547218691547354 0.0012578023514539238 0.021553424968695258 0.9997665265749439 -0.10367793253874424 -0.37761530089485973 -1.194322261049578
FixedParameters: 0 0 0
#Transform 101
Transform: MatrixOffsetTransformBase_double_3_3
Parameters: 0.9999889982098991 0.004430698348346657 -0.0015314699470592302 -0.004462890482289239 0.9997519713381099 -0.02184138431681657 0.0014345348438102729 0.021848113601628232 0.9997605739939409 -0.1020167422264393 -0.35919791100995724 -1.1759599725852894
FixedParameters: 0 0 0
#Transform 102
Transform: MatrixOffsetTransformBase_double_3_3
Parameters: 0.9999870522131139 0.004762681298501982 -0.0016187241624893156 -0.004796986077609136 0.9997460798017681 -0.022019073649924198 0.0015132777917810092 0.022026744452202342 0.9997561222478195 -0.10296414282268529 -0.35511917508520696 -1.1847031089835411
FixedParameters: 0 0 0
#Transform 103
Transform: MatrixOffsetTransformBase_double_3_3
Parameters: 0.9999862404613428 0.005009062059681914 -0.001731313623187472 -0.005044856333804171 0.999759973979888 -0.02131931715861636 0.0016236854643944254 0.021327964631052614 0.9997711048283188 -0.1056544249727267 -0.363032535951632 -1.1672319501240622
FixedParameters: 0 0 0
#Transform 104
Transform: MatrixOffsetTransformBase_double_3_3
Parameters: 0.9999857042196353 0.004859652054534901 -0.001985452144512914 -0.0049026505734732035 0.9997471913498205 -0.02194758529079291 0.0018775290751704005 0.02195769737842405 0.9997570248319317 -0.11854525820997708 -0.37331308975937816 -1.1580318101814697
FixedParameters: 0 0 0
#Transform 105
Transform: MatrixOffsetTransformBase_double_3_3
Parameters: 0.9999855128842614 0.005124687233688123 -0.0013253331981145783 -0.005153049874961424 0.9997347714948458 -0.022440746165998907 0.0012096631973622651 0.02244799645304537 0.9997470450757103 -0.10299798960255657 -0.3545605483119232 -1.1704722738962943
FixedParameters: 0 0 0
#Transform 106
Transform: MatrixOffsetTransformBase_double_3_3
Parameters: 0.9999878164369128 0.004879459879104178 -0.0011416223824807226 -0.004903612145270514 0.9997372056881677 -0.02239858321843219 0.0010323879062252295 0.02240312652324964 0.9997490257911915 -0.1016214674146454 -0.3670059604339002 -1.1617828268270642
FixedParameters: 0 0 0
#Transform 107
Transform: MatrixOffsetTransformBase_double_3_3
Parameters: 0.9999850984888695 0.005386477634040891 -0.0008955142368197999 -0.005405899017929071 0.9997290027548917 -0.022665043426190138 0.0007734743867034433 0.02266948162044495 0.9997425113055131 -0.09951925376007864 -0.3463203719671668 -1.1804996904595981
FixedParameters: 0 0 0
#Transform 108
Transform: MatrixOffsetTransformBase_double_3_3
Parameters: 0.9999858368116298 0.005238465958325822 -0.0006196091715239688 -0.00525150597278958 0.9997086150602502 -0.023573761885679716 0.0004963937927653927 0.023576648455580333 0.9997221554282142 -0.09174172889311194 -0.37641978520331065 -1.201917511761991
FixedParameters: 0 0 0
#Transform 109
Transform: MatrixOffsetTransformBase_double_3_3
Parameters: 0.9999849249831748 0.005393754818085321 -0.0012041355577862706 -0.005420580858908423 0.9997111856222225 -0.02341722618692388 0.0010778657415571047 0.023422634815360503 0.9997246564988093 -0.09735028041339433 -0.3797753544530025 -1.18876065112687
FixedParameters: 0 0 0
#Transform 110
Transform: MatrixOffsetTransformBase_double_3_3
Parameters: 0.999986314748018 0.005186630721025381 -0.0012106308169777813 -0.005213642421826483 0.9997044181020509 -0.02373411534217166 0.0010873757815402646 0.023740210102524927 0.9997174625538721 -0.09467621432993667 -0.3767954061941623 -1.196795169492873
FixedParameters: 0 0 0
#Transform 111
Transform: MatrixOffsetTransformBase_double_3_3
Parameters: 0.9999842839640155 0.005483053969907499 -0.0010156294570322355 -0.005505011271667885 0.9997125788151965 -0.02334592687559482 0.00088737562144936 0.023351131225874056 0.9997264838810671 -0.10015634114215288 -0.3963956927055108 -1.192523001983261
FixedParameters: 0 0 0
#Transform 112
Transform: MatrixOffsetTransformBase_double_3_3
Parameters: 0.9999841578407265 0.005506205475609733 -0.000835718689042822 -0.005524209437810956 0.9997072412503923 -0.0235613917430196 0.0007062807484521927 0.02356632511948971 0.9997218943540607 -0.09531692300636507 -0.3633335281657395 -1.2090936485000299
FixedParameters: 0 0 0
#Transform 113
Transform: MatrixOffsetTransformBase_double_3_3
Parameters: 0.9999837864600323 0.00576865044630234 0.00015168278383204115 -0.005762757371966981 0.9997187875554238 -0.02301975674145748 -0.00028429967865462036 0.023018922598994098 0.999734906037878 -0.10016470714427328 -0.37296286535695344 -1.2165758172650811
FixedParameters: 0 0 0
#Transform 114
Transform: MatrixOffsetTransformBase_double_3_3
Parameters: 0.9999856125217154 0.005376863209771026 -0.0009160999773546036 -0.0053969367630424415 0.9997036463137134 -0.02375150207506446 0.000787904067260356 0.023756270411484294 0.999717581765066 -0.09877588726298825 -0.36165624316193146 -1.212373360407426
FixedParameters: 0 0 0
#Transform 115
Transform: MatrixOffsetTransformBase_double_3_3
