#Insight Transform File V1.0
#Transform 0
Transform: MatrixOffsetTransformBase_double_3_3
Parameters: 0.9999996427836085 -0.0012310156367834203 0.000101655962699565 0.0012314705208404204 0.9999963110938491 -0.0022742852932998246 -0.00009834349751670912 0.0022745315413432907 0.9999976483104955 0.08658358956196821 -0.03954787900309498 -0.5608235158473178
FixedParameters: 0 0 0
#Transform 1
Transform: MatrixOffsetTransformBase_double_3_3
Parameters: 0.999999525704416 -0.0005716540742913031 -0.0004879570280284934 0.0005706104029520331 0.9999973114383971 -0.0020888662620300084 0.0004890422391036625 0.0020883867242768354 0.999997308469328 0.09517721971252513 -0.0453055483132232 -0.5642493256720087
FixedParameters: 0 0 0
#Transform 2
Transform: MatrixOffsetTransformBase_double_3_3
Parameters: 0.9999989857040698 -0.0008978640650919353 -0.0011418743105295753 0.000894770064937916 0.9999962992965226 -0.002626679831162807 0.0011451252754927227 0.0026258622427535283 0.9999956984029581 0.11800015081442439 -0.023329329027987455 -0.5724391499762191
FixedParameters: 0 0 0
#Transform 3
Transform: MatrixOffsetTransformBase_double_3_3
Parameters: 0.9999991406861156 -0.0005581476287044571 -0.0007481818478027591 0.0005565265519840318 0.9999986350580333 -0.001748038010073278 0.0007498170531356624 0.0017472815766121986 0.9999983723699692 0.08702616257666307 -0.0589642551863534 -0.572445131204006
FixedParameters: 0 0 0
#Transform 4
Transform: MatrixOffsetTransformBase_double_3_3
Parameters: 0.9999992575939568 -0.0002828793857563834 -0.0008716527154614684 0.00028131372740363304 0.9999977499877482 -0.0020423305669853183 0.0008713478979387734 0.0020419957907354316 0.9999979733675233 0.0845735116695181 -0.03758763225647499 -0.5776429615706746
FixedParameters: 0 0 0
#Transform 5
Transform: MatrixOffsetTransformBase_double_3_3
Parameters: 0.9999990682511009 -0.00019178020180333108 -0.0009557749189180453 0.0001891709386967762 0.9999971677662374 -0.0024075796939146818 0.0009562227484055386 0.00240737242253545 0.9999962716426247 0.08850598676387733 -0.05303536791460317 -0.5792502750112476
FixedParameters: 0 0 0
#Transform 6
Transform: MatrixOffsetTransformBase_double_3_3
Parameters: 0.9999991678262818 -0.00047222932504541355 -0.0008440601947144882 0.00046975541006172696 0.9999967810626917 -0.0026455210898414143 0.0008449385119423392 0.0026448825008869407 0.9999961868742236 0.08445932522695898 -0.03467773114243755 -0.5921232401029215
FixedParameters: 0 0 0
#Transform 7
Transform: MatrixOffsetTransformBase_double_3_3
Parameters: 0.9999991625982307 -0.0004330383501642023 -0.0008172329841007464 0.0004312411800789101 0.9999974436539348 -0.002317513297890311 0.0008187664270315337 0.002316963233756229 0.9999969428063645 0.08136420173964609 -0.04498275304571564 -0.5800358699631403
FixedParameters: 0 0 0
#Transform 8
Transform: MatrixOffsetTransformBase_double_3_3
Parameters: 0.9999996202828321 -0.0005604525085568551 -0.0004028954319751643 0.000559528441070622 0.9999970200894545 -0.0023805884061784198 0.00040410444884977914 0.0023802149521615808 0.999997074181698 0.08539762713758137 -0.03302641674888207 -0.5881310825077293
FixedParameters: 0 0 0
#Transform 9
Transform: MatrixOffsetTransformBase_double_3_3
Parameters: 0.9999997960994708 -0.0005596770212233063 -0.0009938454214362957 0.000556662957930773 0.9999965462336179 -0.0024783246466193285 0.000995155110840626 0.0024783682802792203 0.9999967720697021 0.08006592601242346 -0.045105422830559405 -0.5728305901759114
FixedParameters: 0 0 0
#Transform 10
Transform: MatrixOffsetTransformBase_double_3_3
Parameters: 0.999999209833775 -0.0005041839902464023 -0.0007441628873779971 0.000503005534533107 0.9999972135251768 -0.0021293482915481364 0.0007458379477869176 0.00212875485147613 0.9999978936396646 0.082980630265439 -0.02931527279599777 -0.5951282330263155
FixedParameters: 0 0 0
#Transform 11
Transform: MatrixOffsetTransformBase_double_3_3
Parameters: 0.9999992282831645 -0.00019735649665652815 -0.0008667470882261774 0.00019504957293766753 0.9999968098479456 -0.0024803420443284983 0.0008672510526207544 0.002480158746126601 0.999996078186138 0.07824642531447523 -0.03662308186828511 -0.5699154026494426
FixedParameters: 0 0 0
#Transform 12
Transform: MatrixOffsetTransformBase_double_3_3
Parameters: 0.9999994226201123 -0.00038123085443571097 -0.000727344118800391 0.00037984281643179676 0.9999974527720217 -0.002324507521034212 0.0007276560989172703 0.0023241107575846594 0.9999969716378173 0.08504599312455241 -0.025342266615282938 -0.5773982204124906
FixedParameters: 0 0 0
#Transform 13
Transform: MatrixOffsetTransformBase_double_3_3
Parameters: 0.9999997502137749 -0.00028434781702604513 -0.0010895257436166345 0.00028187217052754945 0.9999966321932114 -0.0025077084203796074 0.0010904762505049015 0.0025073266162549766 0.9999965057729766 0.08450648392289395 -0.04144421080935956 -0.5696160026209611
FixedParameters: 0 0 0
#Transform 14
Transform: MatrixOffsetTransformBase_double_3_3
Parameters: 0.9999999518935643 -0.00032672948064785956 -0.0009763830885633346 0.0003240810116234713 0.9999972497121619 -0.002376031524488801 0.0009776164142233923 0.002375552599430598 0.999996388758303 0.07910635020647305 -0.020157184637398018 -0.5886435968898809
FixedParameters: 0 0 0
#Transform 15
Transform: MatrixOffsetTransformBase_double_3_3
Parameters: 0.9999993379515979 -0.00035440720876177745 -0.0012443757067229638 0.00035081556477107944 0.9999979842520734 -0.0022115142803535485 0.0012456225474990062 0.002211790112589255 0.9999965462475121 0.0763297091392019 -0.019424783950341862 -0.5622519444125658
FixedParameters: 0 0 0
#Transform 16
Transform: MatrixOffsetTransformBase_double_3_3
Parameters: 0.9999993338686607 -0.00020444579706394776 -0.0012817163656163588 0.00020088301160167498 0.9999964258914212 -0.0025561192872418795 0.0012822830763647014 0.0025558350320416885 0.9999958049686841 0.07688416648075247 -0.02533066775275472 -0.5800795667803982
FixedParameters: 0 0 0
#Transform 17
Transform: MatrixOffsetTransformBase_double_3_3
Parameters: 0.9999997725873685 -0.00019634096899447985 -0.0010987557467747877 0.00019392402658927147 0.9999969089604103 -0.0024603719613410903 0.0010992466043739102 0.002460178436642981 0.9999967207643278 0.0776359823014161 -0.027390951302635358 -0.574254821384443
FixedParameters: 0 0 0
#Transform 18
Transform: MatrixOffsetTransformBase_double_3_3
Parameters: 0.9999997726485781 -0.00019618186155520508 -0.0010987565294286045 0.0001937693015761244 0.9999969188283834 -0.0024583779790760454 0.0010992458374099734 0.002458184799282332 0.9999967305710842 0.07236049964419067 -0.006356874972979654 -0.5749491875179302
FixedParameters: 0 0 0
#Transform 19
Transform: MatrixOffsetTransformBase_double_3_3
Parameters: 0.9999990234383634 -0.0005107657519376693 -0.0013440513717494218 0.0005078773583116767 0.9999970871228245 -0.00215725603295826 0.0013449482226612353 0.0021571187596708926 0.9999964483183507 0.08402385595037742 -0.030241428783554625 -0.5693346812182227
FixedParameters: 0 0 0
#Transform 20
Transform: MatrixOffsetTransformBase_double_3_3
Parameters: 0.9999988194202227 -0.00024427921390206395 -0.0014626472642079585 0.00024018476660734873 0.9999970778478553 -0.0024216955533474674 0.001463351073845584 0.002421222158349297 0.9999959776834478 0.07195825965634128 -0.022576184151816392 -0.5763282673325705
FixedParameters: 0 0 0
#Transform 21
Transform: MatrixOffsetTransformBase_double_3_3
Parameters: 0.9999989880643186 -0.00008574797450477081 -0.0017369814702597741 0.00008243717592015382 0.9999975792289304 -0.0021008680848935463 0.0017370219383173874 0.0021008897837400662 0.9999965568097597 0.07213409474964294 -0.01713544770137787 -0.5618155995056213
FixedParameters: 0 0 0
#Transform 22
Transform: MatrixOffsetTransformBase_double_3_3
Parameters: 0.9999987165267026 -0.0000252710882561166 -0.001515106162482821 0.000022004286984969373 0.9999976267728934 -0.0020915069147703987 0.0015148921520965614 0.0020906737526326957 0.9999963197912297 0.06896769279752846 -0.0029155450835673946 -0.5737896246872651
FixedParameters: 0 0 0
#Transform 23
Transform: MatrixOffsetTransformBase_double_3_3
Parameters: 0.9999986391729796 -0.000181704088842573 -0.0015318158468569376 0.0001775646579673582 0.9999975524202588 -0.002327237615794985 0.0015321825924683036 0.002326922592673985 0.9999962191924872 0.06550534058399649 -0.028144713375255037 -0.581400909544314
FixedParameters: 0 0 0
#Transform 24
Transform: MatrixOffsetTransformBase_double_3_3
Parameters: 0.9999991276982223 0.00009091686755406824 -0.0016744820225672724 -0.00009447991029168078 0.9999963570922578 -0.0025758608145850835 0.0016745228798851208 0.002575566639870049 0.9999956214724189 0.06540285863385975 -0.004409717559482829 -0.5979503199352934
FixedParameters: 0 0 0
#Transform 25
Transform: MatrixOffsetTransformBase_double_3_3
Parameters: 0.9999987089484305 -0.00004521506652847159 -0.0018170621677706944 0.00004123201500998142 0.9999971872516661 -0.0021932907679955093 0.0018169389090628985 0.0021934475306696452 0.999995875309878 0.06839440685190823 -0.019911836101357494 -0.5800627906731108
FixedParameters: 0 0 0
#Transform 26
Transform: MatrixOffsetTransformBase_double_3_3
Parameters: 0.9999980579185885 0.00014000214823066412 -0.0019855598997373797 -0.0001450669442930171 0.9999977803007444 -0.002279773764426634 0.0019844405733331905 0.002280653468276808 0.9999958419135049 0.05510034640845163 0.004680325103663563 -0.5519348376269733
FixedParameters: 0 0 0
#Transform 27
Transform: MatrixOffsetTransformBase_double_3_3
Parameters: 0.9999983989398828 0.00003770086931184188 -0.0016183276784530187 -0.00004236466693706737 0.9999974031147298 -0.0023652498772083284 0.0016176689834123265 0.002365614802834361 0.9999957683217141 0.0667615184725463 -0.010656992652684494 -0.5831148491138975
FixedParameters: 0 0 0
#Transform 28
Transform: MatrixOffsetTransformBase_double_3_3
Parameters: 0.999998672132739 0.00006582848828210703 -0.0018064307985453387 -0.00007082203847470777 0.9999962477685365 -0.002783619115102936 0.0018065688267941 0.0027832613520409 0.9999940487343306 0.05269111781321101 0.0026677904610181713 -0.5743820701034394
FixedParameters: 0 0 0
#Transform 29
Transform: MatrixOffsetTransformBase_double_3_3
Parameters: 0.9999982994901698 0.000058479336430627586 -0.0019052935444379832 -0.00006265228471207375 0.9999973224422247 -0.0021621414973801707 0.0019057064898836962 0.002161689231673672 0.99999576107646 0.06131668769214116 -0.01907395366023934 -0.5646931943073668
FixedParameters: 0 0 0
#Transform 30
Transform: MatrixOffsetTransformBase_double_3_3
Parameters: 0.9999980377306341 0.0002300890605786218 -0.002200707661771356 -0.0002353198401926984 0.9999974750625188 -0.0023387585166952103 0.0022002939034014013 0.0023391780295462846 0.9999947529030369 0.05729856549017143 0.009315173238022112 -0.5675783820279605
FixedParameters: 0 0 0
#Transform 31
Transform: MatrixOffsetTransformBase_double_3_3
Parameters: 0.9999979345717749 0.00009516437182972818 -0.002017349651674938 -0.00009920340361057361 0.9999980314073319 -0.00198940579220583 0.002016650035513448 0.001990111671586588 0.9999959602419687 0.05938177763307806 -0.011154620563431195 -0.5612396530483892
FixedParameters: 0 0 0
#Transform 32
Transform: MatrixOffsetTransformBase_double_3_3
Parameters: 0.9999980627230239 0.0002020988011314799 -0.001958745796012823 -0.00020678394112766242 0.9999968639532503 -0.002468054037901221 0.0019582547885326346 0.0024692471343489607 0.9999951297654613 0.06606824302640746 -0.0026440671066865207 -0.589607257227101
FixedParameters: 0 0 0
#Transform 33
Transform: MatrixOffsetTransformBase_double_3_3
Parameters: 0.9999985926505243 0.0002302289314611258 -0.0015126560973423853 -0.00023360983964868843 0.999997399636797 -0.0021322977366200822 0.0015123418873872474 0.0021322377538690604 0.9999962316690476 0.0640728458642883 -0.0190950954802247 -0.5721944396971708
FixedParameters: 0 0 0
#Transform 34
Transform: MatrixOffsetTransformBase_double_3_3
Parameters: 0.9999986702691672 0.00012085590023349844 -0.001824386468641137 -0.00012458245765476056 0.9999985146434055 -0.0018630292151555765 0.0018236163789513565 0.0018627153555043554 0.9999971904062558 0.06756903507888978 0.013750265093449343 -0.5560253453720776
FixedParameters: 0 0 0
#Transform 35
Transform: MatrixOffsetTransformBase_double_3_3
Parameters: 0.9999978074017696 0.0002521704496077273 -0.0020156322400505106 -0.00025555004498165014 0.9999985237245007 -0.001846942991704092 0.002015369242165707 0.0018472832231430298 0.9999965918240095 0.05064393223881325 -0.006063670823294842 -0.5695311923181947
FixedParameters: 0 0 0
#Transform 36
Transform: MatrixOffsetTransformBase_double_3_3
Parameters: 0.9999990367653239 0.0000644423361616674 -0.0014042897916078517 -0.00006713893005181251 0.9999978933978307 -0.0020251953991168143 0.0014037104158715619 0.002025615518023893 0.9999969141943251 0.07431618569928844 0.027235772013867177 -0.5681094460769884
FixedParameters: 0 0 0
#Transform 37
Transform: MatrixOffsetTransformBase_double_3_3
Parameters: 0.9999982985926447 0.00019382021960843296 -0.001634213842724913 -0.00019402527818364798 0.9999994767750597 -0.0006969671563276376 0.0016337871329521886 0.0006967608970406282 0.9999988382648262 0.07384687247760269 -0.002534500866758549 -0.5646729338863423
FixedParameters: 0 0 0
#Transform 38
Transform: MatrixOffsetTransformBase_double_3_3
Parameters: 0.9999987167818504 -0.00005820199638771947 -0.0015119883052578525 0.00005546822950383235 0.9999985526740729 -0.0015633663604315633 0.001512009578722634 0.0015633514093681073 0.9999972636021206 0.06629902224624118 0.004133553388612654 -0.5851527192184278
FixedParameters: 0 0 0
#Transform 39
Transform: MatrixOffsetTransformBase_double_3_3
Parameters: 0.999998042130436 0.00022440907579877623 -0.0016855684307014313 -0.00022748706594633662 0.9999987079427777 -0.0017997795117523595 0.0016854297100565435 0.0018007765621486703 0.999996983986437 0.05208009061614405 0.021903718695767793 -0.5733949548544643
FixedParameters: 0 0 0
#Transform 40
Transform: MatrixOffsetTransformBase_double_3_3
Parameters: 0.9999984183955946 0.000021349706687178287 -0.0018941084477936687 -0.00002424530710966033 0.9999993333965707 -0.001290646323692239 0.0018938931606434645 0.001290889599891124 0.9999977405166756 0.052923014880789765 -0.014328984847509219 -0.5568550220913977
FixedParameters: 0 0 0
#Transform 41
Transform: MatrixOffsetTransformBase_double_3_3
Parameters: 0.9999979465941125 0.00013030055508642045 -0.001992411303825256 -0.00013379733036041473 0.9999984551060765 -0.001877731432452594 0.001992590107072284 0.0018785714860038553 0.9999965683818792 0.06854132384299305 0.012175668874476742 -0.5658421824478523
FixedParameters: 0 0 0
#Transform 42
Transform: MatrixOffsetTransformBase_double_3_3
Parameters: 0.999997501325693 0.00004250565663183036 -0.0021031376513380023 -0.00004458873319795573 0.9999994982302643 -0.001224982042360804 0.0021038622429286474 0.0012244037033158886 0.999997147467516 0.05702925861518793 -0.010202830720729139 -0.5643493013954526
FixedParameters: 0 0 0
#Transform 43
Transform: MatrixOffsetTransformBase_double_3_3
Parameters: 0.9999990402620001 0.000027392281717341158 -0.0014042167953524365 -0.00003029759441218081 0.9999975902715377 -0.0020995769619457086 0.0014037827919467089 0.0020998933369708083 0.9999966075718973 0.05850997687259962 0.0014663848957212622 -0.5750196786273847
FixedParameters: 0 0 0
#Transform 44
Transform: MatrixOffsetTransformBase_double_3_3
Parameters: 0.9999986687738134 0.00002356657769193175 -0.001825025730675861 -0.00002536920746131403 0.9999999175376695 -0.0010400033408877083 0.0018249748315422032 0.0010402495675349635 0.999997587505425 0.04215261202286058 0.0010106567483489926 -0.5737139219485954
FixedParameters: 0 0 0
#Transform 45
Transform: MatrixOffsetTransformBase_double_3_3
Parameters: 0.9999973988387546 0.000043170304471491485 -0.0021461299170579817 -0.00004623304778482223 0.9999996099883764 -0.00117796448229155 0.0021458681529704093 0.0011783132615040773 0.9999970005079761 0.05215877105742095 0.004661234057110164 -0.5870264427737055
FixedParameters: 0 0 0
#Transform 46
Transform: MatrixOffsetTransformBase_double_3_3
Parameters: 0.9999972109277819 0.00010958287190103677 -0.0021871598583525775 -0.00011182695899418507 0.9999994387077477 -0.0007406880092412521 0.0021868393658214663 0.0007412506936521859 0.999997661831092 0.048958500462376264 0.01732553447891405 -0.5620293477313396
FixedParameters: 0 0 0
#Transform 47
Transform: MatrixOffsetTransformBase_double_3_3
Parameters: 0.9999986824585761 0.000017394161693797284 -0.0018231069812514877 -0.00002078931936216637 0.9999988149887621 -0.001477940606774013 0.0018228941093217793 0.001478167134432638 0.999997485861229 0.060847433020683184 0.03925438834752981 -0.5715538886804126
FixedParameters: 0 0 0
#Transform 48
Transform: MatrixOffsetTransformBase_double_3_3
Parameters: 0.9999984215436719 0.00010637452148397076 -0.0015792339359418789 -0.0001087993494529994 0.9999990319132791 -0.001398504329787455 0.0015797642147296759 0.001399001115266399 0.9999976207268223 0.0683447522845455 0.009493186535578957 -0.5835908080078696
FixedParameters: 0 0 0
#Transform 49
Transform: MatrixOffsetTransformBase_double_3_3
Parameters: 0.9999976165530421 0.000022227885902858995 -0.0020951087000574964 -0.000025739431508001116 0.9999992730054628 -0.0013138027705822887 0.002094889239796019 0.0013140601814402109 0.9999968783933533 0.05325240462882164 0.03298918003906692 -0.5660177878245918
FixedParameters: 0 0 0
#Transform 50
Transform: MatrixOffsetTransformBase_double_3_3
Parameters: 0.9999990507206538 -0.00011812130083407217 -0.0017169248236238444 0.0001142266418023971 0.9999979662055533 -0.0020051484328088643 0.0017170778285725136 0.002004984868338545 0.9999970192925927 0.05365850315399712 0.027168087765176097 -0.5767289376702678
FixedParameters: 0 0 0
#Transform 51
Transform: MatrixOffsetTransformBase_double_3_3
Parameters: 0.9999980271973395 0.00009277963343858678 -0.001991074437282983 -0.00009397856156767418 0.9999993483995506 -0.0008015336576717725 0.001990924695057003 0.0008020624125799285 0.9999973930327791 0.05930318601198792 0.017300569047193903 -0.5513677820486436
FixedParameters: 0 0 0
#Transform 52
Transform: MatrixOffsetTransformBase_double_3_3
Parameters: 0.9999979306849858 0.00010474060017894236 -0.00201621889108064 -0.00010701335871192555 0.9999992334501511 -0.0013250591550944275 0.002015781906087241 0.0013247245110688925 0.9999971742397473 0.050181214567615484 0.04110027785404213 -0.5787603678864457
FixedParameters: 0 0 0
#Transform 53
Transform: MatrixOffsetTransformBase_double_3_3
Parameters: 0.999997240349704 0.00008476927750920667 -0.002180032495878198 -0.00008552910468035911 0.9999998304026345 -0.00040269788572470195 0.0021799638791986375 0.00040314759631065783 0.9999970852494839 0.0559438993723802 0.008374207115906529 -0.5577035684750342
FixedParameters: 0 0 0
#Transform 54
Transform: MatrixOffsetTransformBase_double_3_3
Parameters: 0.9999975396661975 0.00015754834469094872 -0.0021061046594021277 -0.00015929498700628262 0.999999526009555 -0.0006701197285739073 0.0021058923769204374 0.0006698685425559774 0.99999711586691 0.05581461330976367 0.027107724766835872 -0.5630979597070649
FixedParameters: 0 0 0
#Transform 55
Transform: MatrixOffsetTransformBase_double_3_3
Parameters: 0.9999988551084047 0.00014934541299308775 -0.0017671692527349292 -0.00015132117514992326 0.9999997156906065 -0.0011229137537266448 0.001766831526334292 0.0011236019513990757 0.9999976159960515 0.05039985138816405 0.015039117865129015 -0.5661801504181625
FixedParameters: 0 0 0
#Transform 56
Transform: MatrixOffsetTransformBase_double_3_3
Parameters: 0.9999978886771018 -0.00002665610348279786 -0.0020290403836046716 0.00002369469007187541 0.9999987908527218 -0.0014865373731666341 0.0020289587775102758 0.00148567367011611 0.9999966684823275 0.051875638412226976 0.02950699020610159 -0.5717295921140533
FixedParameters: 0 0 0
#Transform 57
Transform: MatrixOffsetTransformBase_double_3_3
Parameters: 0.9999984953369228 0.000015828272257221825 -0.0018720161410167302 -0.000017433427926225468 0.9999990756866617 -0.0009611580645631856 0.0018719841679246396 0.0009613772491016128 0.9999975715732942 0.05384002079031802 0.010321207622951079 -0.5829177799167127
FixedParameters: 0 0 0
#Transform 58
Transform: MatrixOffsetTransformBase_double_3_3
Parameters: 0.9999979629370649 0.0002379910091134393 -0.0019952180413805587 -0.0002396542639223088 0.9999991028750103 -0.0009160077743386023 0.001994780248774003 0.0009171175972645244 0.9999971798816419 0.06233592969741153 0.01991739331536735 -0.5509752467242919
FixedParameters: 0 0 0
#Transform 59
Transform: MatrixOffsetTransformBase_double_3_3
Parameters: 0.999997195839532 -0.0001206665085410189 -0.002189916616849863 0.00011777585460269984 0.9999991827110758 -0.0013429285405560578 0.0021900803604807395 0.001342641728331885 0.9999963946625486 0.05832217973188847 0.04483580125479136 -0.5600875215971826
FixedParameters: 0 0 0
#Transform 60
Transform: MatrixOffsetTransformBase_double_3_3
Parameters: 0.999998599186556 -0.00006471590270009065 -0.0018429587877719922 0.00006429925678183392 0.999999568181368 -0.0006539957898846904 0.0018430431584825768 0.0006539149329470136 0.9999981756867746 0.053159655822952345 0.01885963838628868 -0.5465928188155829
FixedParameters: 0 0 0
#Transform 61
Transform: MatrixOffsetTransformBase_double_3_3
Parameters: 0.9999986855289732 0.00011346846795203647 -0.0018170633790259433 -0.00011438134581227431 0.9999996876752447 -0.0005473773202089324 0.001816938717361813 0.0005468728645360343 0.9999983991586314 0.054072666820886184 0.037922744119498475 -0.5754747639670086
FixedParameters: 0 0 0
#Transform 62
Transform: MatrixOffsetTransformBase_double_3_3
Parameters: 0.9999980106673136 -0.00007069784607356715 -0.0022339569986655206 0.00006674099326043942 0.9999988336676141 -0.0017780868290280282 0.002234044943417862 0.0017780936272089013 0.9999958414636987 0.055761863248434906 0.027405558366083937 -0.5729424432531971
FixedParameters: 0 0 0
#Transform 63
Transform: MatrixOffsetTransformBase_double_3_3
Parameters: 0.9999985916330119 -0.00010895914645903367 -0.0018428700011980659 0.00010751483567499372 0.9999995405515703 -0.001203299256043621 0.001843130467213655 0.0012031356714257264 0.9999971556116487 0.06057659345316324 0.042173588593414024 -0.5794992851856478
FixedParameters: 0 0 0
#Transform 64
Transform: MatrixOffsetTransformBase_double_3_3
Parameters: 0.9999976335892454 -0.000050379283683019214 -0.002088975328776582 0.00004939353501173423 0.9999997723145939 -0.00047461362407444395 0.0020890226764759545 0.00047448365749869106 0.9999974108776044 0.055436547573577855 0.0166646266663264 -0.5565366928820481
FixedParameters: 0 0 0
#Transform 65
Transform: MatrixOffsetTransformBase_double_3_3
Parameters: 0.9999985977500632 -0.00007568875291453692 -0.0018429450634038502 0.00007395651047449909 0.9999994461917091 -0.0007405100642810908 0.0018430558631964689 0.0007403127267576036 0.999998055135244 0.054807802789355264 0.03332624669722861 -0.5795947482513384
FixedParameters: 0 0 0
#Transform 66
Transform: MatrixOffsetTransformBase_double_3_3
Parameters: 0.9999986842879599 -0.00018124522084851584 -0.0015109141039064689 0.0001798209886859741 0.9999997452953915 -0.0004715603994043293 0.0015110842707821703 0.00047101482772508987 0.9999984947650672 0.05803214592677364 0.0042401667583220615 -0.5637536288505203
FixedParameters: 0 0 0
#Transform 67
Transform: MatrixOffsetTransformBase_double_3_3
Parameters: 0.9999989225330032 0.00006653932806689302 -0.0017530486826974473 -0.00006694548440974497 0.999999495815129 -0.0007072193866822523 0.0017529543206492304 0.0007066133857873343 0.9999984272535606 0.05685301204407267 0.02528871272667743 -0.5788537619837086
FixedParameters: 0 0 0
#Transform 68
Transform: MatrixOffsetTransformBase_double_3_3
Parameters: 0.9999979793171481 -0.00002574648019626298 -0.0020049917467819117 0.00002546430883641418 0.9999998975995757 -0.0003189867488672275 0.0020050080822761607 0.0003189625302987341 0.9999978782244849 0.06153024401125151 0.04566169900351724 -0.5678011342300238
FixedParameters: 0 0 0
#Transform 69
Transform: MatrixOffsetTransformBase_double_3_3
Parameters: 0.9999976717681278 -0.00004340700649425934 -0.002079975996095079 0.00004216875833876781 0.9999997094786389 -0.0005373486132734754 0.002080021976496191 0.0005372490745957004 0.9999973849048415 0.05560491956828173 0.020358398335474703 -0.5597653007590822
FixedParameters: 0 0 0
#Transform 70
Transform: MatrixOffsetTransformBase_double_3_3
Parameters: 0.9999983654651241 0.000156557419498632 -0.001900006392983225 -0.00015669574338719828 0.9999999741430422 -0.00003610336195887089 0.0018999949907456543 0.000036698544298370515 0.999998388668797 0.055724083975718486 0.051464343331076634 -0.551321719729998
FixedParameters: 0 0 0
#Transform 71
Transform: MatrixOffsetTransformBase_double_3_3
Parameters: 0.9999982061515374 -0.00005511551929914637 -0.0019469860467889177 0.00005509812832908052 0.9999999291136179 -0.0002605478862926673 0.0019470147557539008 0.00026041175912957013 0.9999981413352127 0.048735417635938916 0.01640505169075368 -0.5619001864440349
FixedParameters: 0 0 0
#Transform 72
Transform: MatrixOffsetTransformBase_double_3_3
Parameters: 0.9999977689285384 -0.0003853903973920609 -0.0020416946964200294 0.00038329063993397533 0.9999998852513488 -0.0009835850257827097 0.002041306477228902 0.0009831695986366228 0.9999977808651309 0.04541041280452873 0.04627677612501202 -0.5759409527072421
FixedParameters: 0 0 0
#Transform 73
Transform: MatrixOffsetTransformBase_double_3_3
Parameters: 0.9999974420639512 -0.000050076481676898386 -0.002356984362037115 0.00004950306639132247 0.9999998865515108 -0.00033319884622859375 0.0023570175347386035 0.0003330425958572623 0.9999973335694158 0.05885004955787565 0.012685141156211444 -0.5589653845038924
FixedParameters: 0 0 0
#Transform 74
Transform: MatrixOffsetTransformBase_double_3_3
Parameters: 0.999997245385443 -0.00006388676785662292 -0.0021810465044855287 0.000062682660135619 0.9999997413834139 -0.0005046890833095461 0.002180953936410601 0.0005044914939823019 0.99999798246345 0.04844707516338076 0.038286517881886084 -0.5756134481379007
FixedParameters: 0 0 0
#Transform 75
Transform: MatrixOffsetTransformBase_double_3_3
Parameters: 0.9999942617536143 -0.0002094074175388749 -0.0032713744912289677 0.00021456867165252797 0.9999989656015008 0.0014101271267508266 0.003270620045796521 -0.0014108308773021741 0.9999933049159933 0.055527211675965304 0.040372073630365435 -0.47335174139600156
FixedParameters: 0 0 0
#Transform 76
Transform: MatrixOffsetTransformBase_double_3_3
Parameters: 0.9999972774370092 0.000025682250289278204 -0.00217299250374596 -0.000024679474318097106 0.9999999461271494 0.00023078968532574986 0.0021730041246042914 -0.00023068024908907817 0.9999972248284712 0.05037455872950147 0.05790161468348742 -0.5379148962836382
FixedParameters: 0 0 0
#Transform 77
Transform: MatrixOffsetTransformBase_double_3_3
Parameters: 0.9999981306442803 -0.00009002808503302314 -0.001965006133024333 0.00009028461506303785 0.999999987611023 0.00006509753978149663 0.0019649943636570744 -0.00006545185503223823 0.9999981345082969 0.04838732598879858 0.07428907115455274 -0.5482910546404582
FixedParameters: 0 0 0
#Transform 78
Transform: MatrixOffsetTransformBase_double_3_3
Parameters: 0.9999977053617154 0.00008867005676434847 -0.0020750383209252182 -0.00008420407956602846 0.999997806698606 0.002277223180197522 0.002074962693495719 -0.0022772567624481047 0.9999954900642855 0.03771365166888074 0.06331396121476018 -0.4462874641988748
FixedParameters: 0 0 0
#Transform 79
Transform: MatrixOffsetTransformBase_double_3_3
Parameters: 0.9999974759232664 -0.000125554487021571 -0.0023469543734199183 0.00012472287328687903 0.9999998453372924 -0.0003725872153985481 0.002347047685080303 0.00037307519210675146 0.99999735257568 0.04291996699011236 0.037458131733743016 -0.5774779477381458
FixedParameters: 0 0 0
#Transform 80
Transform: MatrixOffsetTransformBase_double_3_3
Parameters: 0.9999972140757879 -0.00008533656381338724 -0.0021860087862771854 0.00008587473910958739 0.9999999775190629 0.00012290854587527063 0.0021859877113996895 -0.00012328281462238206 0.9999972062477717 0.05293505190182657 0.053485880668560526 -0.5495628196744917
FixedParameters: 0 0 0
#Transform 81
Transform: MatrixOffsetTransformBase_double_3_3
Parameters: 0.9999971201923897 0.000011563339892514154 -0.002208996546972347 -0.000010986713273627036 0.9999999828380497 0.00013054224008112575 0.0022089994907613236 -0.0001304924269221364 0.9999971032808594 0.05537426892756514 0.05187038296888602 -0.5496743015776815
FixedParameters: 0 0 0
#Transform 82
Transform: MatrixOffsetTransformBase_double_3_3
Parameters: 0.9999965344228622 -0.00011855413541687246 -0.0025399824385716196 0.00011785232513156567 0.9999999669421152 -0.0001384514802141567 0.002540015099321724 0.000137851005920107 0.9999965293046978 0.05592735619222822 0.04943545294513285 -0.5616525073511127
FixedParameters: 0 0 0
#Transform 83
Transform: MatrixOffsetTransformBase_double_3_3
Parameters: 0.9999978272168326 -0.00011763146253456635 -0.002288980714507477 0.00011697315561470509 0.999999970190808 -0.00012645683307017962 0.00228802274720645 0.00012691685929091395 0.9999976684885257 0.05924030048869611 0.04121993285546921 -0.5764175336235411
FixedParameters: 0 0 0
#Transform 84
Transform: MatrixOffsetTransformBase_double_3_3
Parameters: 0.9999978486154447 -0.00016232249388531078 -0.002031060704496407 0.00016277203675870526 0.9999998326452605 0.00037553986062964577 0.0020309386611008645 -0.0003752816692146807 0.9999977341002694 0.051566390038530585 0.06584792205906354 -0.5744753472961861
FixedParameters: 0 0 0
#Transform 85
Transform: MatrixOffsetTransformBase_double_3_3
Parameters: 0.9999983029419529 -0.00018351221292000917 -0.0019139481965688016 0.00018341628964209448 0.9999998848386326 -0.00028579796541203034 0.0019140529500986936 0.00028517412198107776 0.9999982550956008 0.04814800315710954 0.040478415185248195 -0.5896349890934971
FixedParameters: 0 0 0
#Transform 86
Transform: MatrixOffsetTransformBase_double_3_3
Parameters: 0.999998698271227 -0.0004157155246743853 -0.001768755459486182 0.00041462060172096395 0.9999994780597616 -0.0005919439724660856 0.0017692463961973964 0.0005905535638587861 0.9999985210576905 0.04405239679371675 0.07234634729874756 -0.5895364905248641
FixedParameters: 0 0 0
#Transform 87
Transform: MatrixOffsetTransformBase_double_3_3
Parameters: 0.9999969508139986 -0.00016458915822130225 -0.002453961071932201 0.00016442866971912523 0.999999917325648 -0.00023618466739123257 0.002454038661712621 0.00023545571443733167 0.999996922261922 0.04629909555744405 0.02848581131986805 -0.5860238870437939
FixedParameters: 0 0 0
#Transform 88
Transform: MatrixOffsetTransformBase_double_3_3
Parameters: 0.9999973543351701 -0.00009805088481170714 -0.002374058252036862 0.00009975339151964726 0.9999996479193428 0.0005852872293705031 0.0023739425251024793 -0.0005848383576290642 0.9999970218134561 0.04974955775033152 0.07156777207696052 -0.5535520702333514
FixedParameters: 0 0 0
#Transform 89
Transform: MatrixOffsetTransformBase_double_3_3
Parameters: 0.9999981302362709 0.000026275872944229734 -0.0019669956179462905 -0.000025581483571255112 0.9999999681720604 0.00017656044246199128 0.001967004771830816 -0.00017645843883946176 0.9999980997494826 0.051141053592317576 0.04282387738787463 -0.5512223960633094
FixedParameters: 0 0 0
#Transform 90
Transform: MatrixOffsetTransformBase_double_3_3
Parameters: 0.9999985965894448 0.00023289988279128035 -0.0018301368901328802 -0.000234037169336569 0.9999996054686574 -0.0005826487352615294 0.0018298646118947437 0.000583581691280642 0.9999983110702793 0.058888818471800164 0.07102552339010515 -0.5796609475279411
FixedParameters: 0 0 0
#Transform 91
Transform: MatrixOffsetTransformBase_double_3_3
Parameters: 0.999997184914518 0.0004613472448261661 -0.0023861229026728437 -0.0004556501905259946 0.9999977814560199 0.0022388229435318296 0.0023868745240902267 -0.0022370268185720223 0.9999942057521628 0.0428448521392113 0.06906708982556609 -0.4608299071058468
FixedParameters: 0 0 0
#Transform 92
Transform: MatrixOffsetTransformBase_double_3_3
Parameters: 0.9999983864932197 -0.00021300903425263933 -0.001888954935268028 0.00021211646594592782 0.9999999083827837 -0.00021538947898400244 0.0018890465444709043 0.00021558333439056573 0.9999983852383122 0.048619193088399015 0.0704722967389273 -0.5568498378702742
FixedParameters: 0 0 0
#Transform 93
Transform: MatrixOffsetTransformBase_double_3_3
Parameters: 0.9999970427044654 -0.00012356853422451581 -0.0024210628084269797 0.00012469984488306974 0.9999997769791548 0.0004558026122451047 0.0024219373757244644 -0.00045548533472847394 0.9999970069323212 0.047128900849088495 0.06410450522406563 -0.5340143303285174
FixedParameters: 0 0 0
#Transform 94
Transform: MatrixOffsetTransformBase_double_3_3
Parameters: 0.9999980033390158 -0.00019156643987598593 -0.0019900169085806524 0.00019084039881940652 0.9999999557375515 0.0000878518070795414 0.001989983344040838 -0.00008769433835569813 0.9999980321901039 0.04935883155354759 0.06335972683754676 -0.5545741891212401
FixedParameters: 0 0 0
#Transform 95
Transform: MatrixOffsetTransformBase_double_3_3
Parameters: 0.9999971087607302 0.0005743269963806911 -0.0021597070540175373 -0.0005681428597461497 0.9999958487553848 0.002797803564913804 0.0021612894740032224 -0.0027968029235995086 0.9999934044520093 0.0426842279212849 0.10623618801935208 -0.4404585619783461
FixedParameters: 0 0 0
#Transform 96
Transform: MatrixOffsetTransformBase_double_3_3
Parameters: 0.9999976311473866 0.0003083814652844229 -0.002068729701038316 -0.00030560056778619626 0.9999996177287331 0.0011349707125501718 0.0020692700833100514 -0.0011348542185726325 0.9999974250476715 0.056930214707165305 0.07964198136717471 -0.5492343287121457
FixedParameters: 0 0 0
#Transform 97
Transform: MatrixOffsetTransformBase_double_3_3
Parameters: 0.9999977637662119 0.0007410428158742064 -0.0019435160438512344 -0.0007363559381871785 0.9999975686383985 0.0022111362952929813 0.0019454810719333332 -0.002209574240563326 0.9999952427000376 0.045945345665813875 0.09370387632333177 -0.5013012929278631
FixedParameters: 0 0 0
#Transform 98
Transform: MatrixOffsetTransformBase_double_3_3
Parameters: 0.999997681713998 0.00019707357862505618 -0.002087947845913374 -0.00019711340518488343 0.9999999086016707 0.00022961564270186839 0.0020870505232686853 -0.0002288712348760285 0.9999975115694201 0.0554863614513863 0.06061593613418381 -0.5763524999365899
FixedParameters: 0 0 0
#Transform 99
Transform: MatrixOffsetTransformBase_double_3_3
Parameters: 0.9999972132341155 0.0002711804050076139 -0.002193573014195177 -0.00026548503491139494 0.999997001430842 0.0024348425379385648 0.0021934225112375666 -0.0024340576570139522 0.9999941652966945 0.04039970160459916 0.07967072289264365 -0.47475189574412013
FixedParameters: 0 0 0
#Transform 100
Transform: MatrixOffsetTransformBase_double_3_3
Parameters: 0.9999983417604406 0.0002522861901593696 -0.0018959459234383635 -0.00025138330668808144 0.9999998893117452 0.00021739009525781341 0.001896055427274862 -0.00021743205501191496 0.9999983579101428 0.05603017480120798 0.07683864431834309 -0.554371176024091
FixedParameters: 0 0 0
#Transform 101
Transform: MatrixOffsetTransformBase_double_3_3
Parameters: 0.99999685580791 0.000375416584953981 -0.002467586110716971 -0.0003729095323973722 0.9999991696034752 0.0013004205135265087 0.0024674149271941143 -0.0012998847706629968 0.9999961366566075 0.04696980255953065 0.06092545652276726 -0.5393534843656482
FixedParameters: 0 0 0
#Transform 102
Transform: MatrixOffsetTransformBase_double_3_3
Parameters: 0.9999969272287614 0.0005338545644763073 -0.0024259805747514074 -0.0005273506907171651 0.9999971906929971 0.0023517098137342176 0.0024270186076120887 -0.002350524005707868 0.9999944876273343 0.05019978763330357 0.10959695780169909 -0.4705360594664256
FixedParameters: 0 0 0
#Transform 103
Transform: MatrixOffsetTransformBase_double_3_3
Parameters: 0.9999978263134353 0.00044433850854578433 -0.001993950587968224 -0.0004448144525683907 0.9999997900393024 0.00011131046512268162 0.0019940492502607404 -0.00011061286856210367 0.9999980116458651 0.049957231155602244 0.0656189093442947 -0.5534532109662393
FixedParameters: 0 0 0
#Transform 104
Transform: MatrixOffsetTransformBase_double_3_3
Parameters: 0.9999977795128048 0.0005669501988298419 -0.0022119204416153337 -0.0005668627714425774 0.9999996786124642 0.000002782668100346613 0.0022120791751557983 -0.0000012715872976696183 0.9999971132000804 0.04764386242584351 0.08629166264574906 -0.5482657045754706
FixedParameters: 0 0 0
#Transform 105
Transform: MatrixOffsetTransformBase_double_3_3
Parameters: 0.9999973533312388 0.0006228064575545434 -0.0020829010684413896 -0.0006231123397783307 0.9999995902893296 0.0001478369934091455 0.0020820966273001895 -0.00014631773991875276 0.9999975633406032 0.045791360740849996 0.07046834187046613 -0.545041055032712
FixedParameters: 0 0 0
#Transform 106
Transform: MatrixOffsetTransformBase_double_3_3
Parameters: 0.9999972658022647 0.0006273783958807147 -0.0023317344838118537 -0.0006221140363356452 0.9999968790947247 0.0023945868234991007 0.002333268614897452 -0.002393140044828445 0.9999947321414127 0.041767293480589274 0.10532869249995258 -0.43928032255936955
FixedParameters: 0 0 0
#Transform 107
Transform: MatrixOffsetTransformBase_double_3_3
Parameters: 0.9999976104331718 0.000652961084427145 -0.0022455268937991157 -0.0006516540163624227 0.9999990596405731 0.0007184205498367951 0.0022454753111720432 -0.0007166448660676811 0.9999973646469197 0.04542370152377373 0.09696458397394281 -0.5303659352566967
FixedParameters: 0 0 0
#Transform 108
Transform: MatrixOffsetTransformBase_double_3_3
Parameters: 0.9999975491440863 0.0008811354195448753 -0.0021838514861923647 -0.0008751257121919619 0.9999958985841975 0.00270813461479178 0.0021871494977583755 -0.002706760881120529 0.9999937965872533 0.04575961843563903 0.11096361991407377 -0.4338374733751351
FixedParameters: 0 0 0
#Transform 109
Transform: MatrixOffsetTransformBase_double_3_3
Parameters: 0.9999979208876436 0.0008078027200063392 -0.002142765353607287 -0.0008037113812762514 0.9999987400630499 0.0016163748088799008 0.0021432373680298766 -0.0016151505425050132 0.9999966342540997 0.04434814761560801 0.08487842636614573 -0.5069845607509365
FixedParameters: 0 0 0
#Transform 110
Transform: MatrixOffsetTransformBase_double_3_3
Parameters: 0.9999992593173178 0.0008794666350029668 -0.001069139224547433 -0.0008763039175310795 0.9999965984754157 0.002373299736765885 0.0010708608841030198 -0.0023725748945420872 0.999997049353925 0.03917477768962385 0.11031587420255562 -0.4335894439637684
FixedParameters: 0 0 0
#Transform 111
Transform: MatrixOffsetTransformBase_double_3_3
Parameters: 0.999997136997711 0.0007753109617427191 -0.002087540345633368 -0.0007710963086263079 0.9999976341772925 0.0021844882412363742 0.002089460047915395 -0.002182647772870345 0.9999957734932318 0.047086408353010256 0.09855444900044574 -0.44055500722657825
FixedParameters: 0 0 0
#Transform 112
Transform: MatrixOffsetTransformBase_double_3_3
Parameters: 0.9999977361448616 0.0008163936584570047 -0.0021661932485960295 -0.000811444612798432 0.9999960707153591 0.00250438808172033 0.0021688113338150794 -0.002502327399506898 0.9999949384210551 0.024701419089666388 0.11987995759794501 -0.43797017678436134
FixedParameters: 0 0 0
#Transform 113
Transform: MatrixOffsetTransformBase_double_3_3
Parameters: 0.9999974328055625 0.0009665438726115674 -0.0021928519794082585 -0.0009605726960117913 0.9999970150773972 0.0024619091826739593 0.0021951499204624497 -0.0024600672080355166 0.9999949549672587 0.04127632277297266 0.1019924114428079 -0.4496018255212135
FixedParameters: 0 0 0
#Transform 114
Transform: MatrixOffsetTransformBase_double_3_3
