#Insight Transform File V1.0
#Transform 0
Transform: MatrixOffsetTransformBase_double_3_3
Parameters: 0.999999844128632 0.0006965920425410384 -0.0006785761077207214 -0.0006988790105219643 0.9999941630155749 -0.003217106424844911 0.0006764239692101937 0.0032172118611648887 0.9999944008717657 0.03082952167822839 -0.02472601800549512 -0.5110387759334856
FixedParameters: 0 0 0
#Transform 1
Transform: MatrixOffsetTransformBase_double_3_3
Parameters: 0.9999986026458073 -0.00009943646535612161 -0.0018342990479810195 0.00009167204331747531 0.9999904035229676 -0.004311652105562971 0.0018347027578577563 0.004310932270204067 0.9999890700563898 0.0430153108709419 -0.0003268683118875515 -0.4638855474834429
FixedParameters: 0 0 0
#Transform 2
Transform: MatrixOffsetTransformBase_double_3_3
Parameters: 0.999999958179731 -0.000023191461814741873 -3.956181951342286e-7 0.000023188021984584992 0.9999941465976597 -0.003442794178254595 6.043759564755558e-7 0.003442794155513615 0.9999941884174465 0.010754559683732623 -0.06769136722495261 -0.5150101418149973
FixedParameters: 0 0 0
#Transform 3
Transform: MatrixOffsetTransformBase_double_3_3
Parameters: 0.9999994605059521 0.0005566230873727667 -0.0001612375638461172 -0.0005566799492899284 0.9999949133686378 -0.0032826665017854535 0.00015976370308073973 0.0032829236478242913 0.9999944013418701 0.010873829469858265 -0.046663976956011766 -0.5475207993055022
FixedParameters: 0 0 0
#Transform 4
Transform: MatrixOffsetTransformBase_double_3_3
Parameters: 0.9999987174074666 0.0003063749645529027 -0.0014407224611151792 -0.00031214755909031466 0.9999927489304722 -0.003762218705576412 0.0014392756798159156 0.003762504761112276 0.9999918843088208 0.04169159862510696 -0.017848038582158665 -0.5149812871673731
FixedParameters: 0 0 0
#Transform 5
Transform: MatrixOffsetTransformBase_double_3_3
Parameters: 0.9999993490131136 0.000522754504461475 -0.0005019803598875078 -0.0005247759956096521 0.999995651205414 -0.0030120808772798216 0.000500017993122201 0.0030126841515645893 0.9999958001902537 0.030159727904162992 -0.056244123658061085 -0.5420757114895309
FixedParameters: 0 0 0
#Transform 6
Transform: MatrixOffsetTransformBase_double_3_3
Parameters: 0.999998663809889 0.00024867234296556417 -0.001774220005538285 -0.00025511286408218324 0.9999944242789796 -0.0032421129233591744 0.001773779805941636 0.0032424020187227743 0.9999934662959794 0.04572879052919632 -0.027390453401295645 -0.5128099987569499
FixedParameters: 0 0 0
#Transform 7
Transform: MatrixOffsetTransformBase_double_3_3
Parameters: 0.9999995346732931 0.000964221058830426 -0.0005039089204151581 -0.0009657826239902467 0.99999296888377 -0.0036193045091696234 0.0005000920783329865 0.0036194333774465775 0.9999929302003991 0.027825854851826648 0.001787412266452293 -0.5266993162422864
FixedParameters: 0 0 0
#Transform 8
Transform: MatrixOffsetTransformBase_double_3_3
Parameters: 0.9999994662122098 0.00010272219192473038 -0.0012446104143479658 -0.0001058077871470425 0.9999959067741784 -0.0028426584404253087 0.0012433918314320308 0.002843231691123334 0.999995345480224 0.046414648371097655 -0.022237789659982354 -0.5194659008777762
FixedParameters: 0 0 0
#Transform 9
Transform: MatrixOffsetTransformBase_double_3_3
Parameters: 0.9999990461514331 0.00030224341944640973 -0.0016762582459389913 -0.00030749783644663716 0.999995427329448 -0.003078702888059628 0.0016747428497539685 0.0030791198927129135 0.9999937665586767 0.04313279290110472 -0.020292513558743508 -0.5272805851659541
FixedParameters: 0 0 0
#Transform 10
Transform: MatrixOffsetTransformBase_double_3_3
Parameters: 0.9999985268931946 -0.0001263699011112482 -0.0015540387955579466 0.0001213948065690583 0.9999935650221552 -0.003524099473702898 0.0015549610412576298 0.003524185075881014 0.999992205171049 0.04123304642240555 -0.01672972153771468 -0.5212061036571498
FixedParameters: 0 0 0
#Transform 11
Transform: MatrixOffsetTransformBase_double_3_3
Parameters: 0.9999995625783878 0.0009599875408711882 -0.00047650249738968864 -0.0009620415209710734 0.9999942256213329 -0.0032940570121371715 0.0004734962276100735 0.0032940515208414326 0.9999942117922782 0.029105948139871884 -0.03136808823212789 -0.5381902747543421
FixedParameters: 0 0 0
#Transform 12
Transform: MatrixOffsetTransformBase_double_3_3
Parameters: 0.999999434547851 0.00002528484763651901 -0.0007235668482982044 -0.00002829440079911861 0.9999940431365232 -0.0034576623874332324 0.0007234306646874133 0.0034578580708841847 0.9999935616828369 0.051387996891506305 -0.01644672017158655 -0.510092282308662
FixedParameters: 0 0 0
#Transform 13
Transform: MatrixOffsetTransformBase_double_3_3
Parameters: 0.9999997918185902 0.0009663929216188716 -0.0002524471047677529 -0.0009679288426904269 0.9999946812455734 -0.0032225727108803944 0.0002485514161015556 0.003222060343257399 0.9999947639267689 0.029429774189495106 -0.03972236322908884 -0.5248075642055738
FixedParameters: 0 0 0
#Transform 14
Transform: MatrixOffsetTransformBase_double_3_3
Parameters: 0.9999997334141143 0.0008699610460271318 -0.0004765464255743479 -0.0008723008586229116 0.999993317563871 -0.0035949749044132348 0.00047345167777135266 0.0035948840236814583 0.9999931328992006 0.02742681663855251 -0.02136687470650145 -0.5148878406520225
FixedParameters: 0 0 0
#Transform 15
Transform: MatrixOffsetTransformBase_double_3_3
Parameters: 0.9999998536064252 0.0007947344766286912 -0.0004759749154176346 -0.0007958904889995022 0.9999943741068389 -0.003315164037401109 0.00047402601164479863 0.003316076505613122 0.9999940692490213 0.02899844076425495 -0.04942510112807952 -0.5331712332972103
FixedParameters: 0 0 0
#Transform 16
Transform: MatrixOffsetTransformBase_double_3_3
Parameters: 0.9999998911243665 0.0007746852806840148 -0.00047618408659469424 -0.0007760038678891101 0.9999936586361644 -0.0035693882174034756 0.00047381772277271805 0.003569284799353625 0.9999933162595132 0.029404055091546866 -0.021581420003300877 -0.5378715831889167
FixedParameters: 0 0 0
#Transform 17
Transform: MatrixOffsetTransformBase_double_3_3
Parameters: 0.9999995247583126 0.0008896826095424886 -0.000584376757121946 -0.0008925535850551414 0.9999907686054975 -0.004175192639433911 0.0005806214440186586 0.004176387715972519 0.9999915652327838 0.026960135857919454 -0.02125560958312178 -0.5200303759896343
FixedParameters: 0 0 0
#Transform 18
Transform: MatrixOffsetTransformBase_double_3_3
Parameters: 0.9999995696577555 0.0009568153805220156 -0.0004763717651007082 -0.0009578319887407833 0.9999940417072012 -0.0031683453889421722 0.00047362947817870815 0.0031694117689087726 0.9999950207974498 0.028316082135404486 -0.02983005611930878 -0.5284784367869406
FixedParameters: 0 0 0
#Transform 19
Transform: MatrixOffsetTransformBase_double_3_3
Parameters: 0.9999996374872774 0.000994772226591466 -0.00039603470256299733 -0.0009959014828502797 0.9999952016942165 -0.0027942728370271386 0.0003929660967827986 0.0027941397032447877 0.9999962529454082 0.029071375260500076 -0.0029643101267140537 -0.5316533469400895
FixedParameters: 0 0 0
#Transform 20
Transform: MatrixOffsetTransformBase_double_3_3
Parameters: 1.0000000961320277 0.0007313157855040576 -0.00047496704521959865 -0.0007316511583724375 0.9999964282425405 -0.002456539844846501 0.0004730350877632239 0.0024573902121731335 0.9999968827568925 0.029831299016208845 -0.013417721305501118 -0.5388882481217223
FixedParameters: 0 0 0
#Transform 21
Transform: MatrixOffsetTransformBase_double_3_3
Parameters: 0.9999995651358823 0.0008646879441515776 -0.0006417993237041453 -0.000866583848585986 0.9999926758882002 -0.003817014508984115 0.0006382019911495423 0.0038183579066867275 0.9999922915482506 0.027595160431161503 -0.013436156482427464 -0.5316646503642204
FixedParameters: 0 0 0
#Transform 22
Transform: MatrixOffsetTransformBase_double_3_3
Parameters: 0.9999996592507182 0.0009088109494594735 -0.00047631106350032315 -0.0009098441414677457 0.9999944872384254 -0.003268910531499917 0.00047369102303758404 0.003268934397798191 0.9999943767354571 0.028506763554034364 -0.03275143173894435 -0.5299011162823604
FixedParameters: 0 0 0
#Transform 23
Transform: MatrixOffsetTransformBase_double_3_3
Parameters: 0.999999689767618 0.0008952336160264489 -0.00047649888628151227 -0.000896429706063356 0.9999933611504834 -0.0034403860983806406 0.00047350342447124993 0.0034403971443122934 0.999994220130323 0.027318141942359375 -0.02527150158429947 -0.5146647007989458
FixedParameters: 0 0 0
#Transform 24
Transform: MatrixOffsetTransformBase_double_3_3
Parameters: 0.9999994318430813 0.0009094329769859458 -0.0006732984351893179 -0.0009108135086461183 0.9999945933166172 -0.003251704936506097 0.000670703204303319 0.003253163524811418 0.9999942583017917 0.026517712404839244 -0.012557889109757525 -0.5204911958679901
FixedParameters: 0 0 0
#Transform 25
Transform: MatrixOffsetTransformBase_double_3_3
Parameters: 0.9999994469113905 0.0010123785776824103 -0.0004163887384740217 -0.0010145636552968845 0.9999922398958021 -0.003837889057325128 0.0004126084329740265 0.003838807687150524 0.9999924493637188 0.027109259472354097 -0.04266469617799373 -0.5114810961533323
FixedParameters: 0 0 0
#Transform 26
Transform: MatrixOffsetTransformBase_double_3_3
Parameters: 0.9999996740964623 0.0009401479963445279 -0.00047595561144414544 -0.000940880310293483 0.9999958633062983 -0.0028721237843456473 0.0004730458291706957 0.0028731732545368804 0.9999957389074866 0.03128618209792933 -0.025167761901940366 -0.5649055196300168
FixedParameters: 0 0 0
#Transform 27
Transform: MatrixOffsetTransformBase_double_3_3
Parameters: 0.9999998508016774 0.0009554883320660353 0.00011924635062474098 -0.0009548378078387504 0.9999958016347249 -0.002699375823622494 -0.0001217526340666214 0.0026991456306319473 0.999995921792885 0.03952592802932031 -0.034293907360790854 -0.6213387759208615
FixedParameters: 0 0 0
#Transform 28
Transform: MatrixOffsetTransformBase_double_3_3
Parameters: 0.999999502718888 0.0005008564470768336 -0.00105580880371485 -0.0005040160164985974 0.9999960331028123 -0.002951873576949938 0.0010541920306527675 0.002952172180616536 0.9999953043272586 0.05334289447390006 -0.028036773322980935 -0.638654596227596
FixedParameters: 0 0 0
#Transform 29
Transform: MatrixOffsetTransformBase_double_3_3
Parameters: 0.9999995663519392 0.0005713249634012161 0.00020363723381337795 -0.0005704655431145111 0.999997258741803 -0.002101384945476883 -0.00020536162790620038 0.002101151449903055 0.9999976087495858 0.02598465304888009 -0.04327708690081522 -0.6495671057044063
FixedParameters: 0 0 0
#Transform 30
Transform: MatrixOffsetTransformBase_double_3_3
Parameters: 1.0000000142919776 0.0005308271509833799 0.0007523570200669988 -0.0005288516152756479 0.99999677235953 -0.0026361751451781695 -0.0007536439431906627 0.0026352202877276496 0.9999966240468111 0.019381721461982693 -0.01727432705720844 -0.6448617886244961
FixedParameters: 0 0 0
#Transform 31
Transform: MatrixOffsetTransformBase_double_3_3
Parameters: 0.9999994473536562 0.0005830224160220506 0.00038269771404039754 -0.0005825973391272392 0.9999978333856415 -0.0019560214662121007 -0.00038430315036042106 0.0019564929091660382 0.9999980918870395 0.016153419618362364 -0.0441906561357257 -0.66644773790172
FixedParameters: 0 0 0
#Transform 32
Transform: MatrixOffsetTransformBase_double_3_3
Parameters: 0.9999986963260296 0.0013806424629259958 0.0005600516699038605 -0.0013798924208629237 0.9999985486311153 -0.0007393476416612569 -0.0005609477849379818 0.0007387972794158011 0.9999992239845709 0.015842966488605725 -0.060213716582154575 -0.6437907028580838
FixedParameters: 0 0 0
#Transform 33
Transform: MatrixOffsetTransformBase_double_3_3
Parameters: 0.9999994261725241 0.0006346215333986777 0.00031509283335219573 -0.0006338032787116296 0.9999989161939246 -0.0012969574368818337 -0.0003159064199564354 0.0012965572494867063 0.9999992909411625 0.010560965973240855 -0.026772607227897538 -0.6332346921541046
FixedParameters: 0 0 0
#Transform 34
Transform: MatrixOffsetTransformBase_double_3_3
Parameters: 0.9999993811915009 0.0007009356339437934 0.00023586532036407037 -0.000700226801818574 0.9999982634229239 -0.0014987515659589913 -0.00023713383177881298 0.0014984201917888854 0.999998770367059 0.017479469215913923 -0.01941340448402684 -0.6171768367765083
FixedParameters: 0 0 0
#Transform 35
Transform: MatrixOffsetTransformBase_double_3_3
Parameters: 0.9999999625588695 0.0009145756050519037 0.0003507862394775546 -0.0009137251908546312 0.9999984185036177 -0.0013211190260364516 -0.00035221427987273957 0.001321473295831643 0.9999992088400544 0.01668285531989966 -0.03568103011087942 -0.6418745916217432
FixedParameters: 0 0 0
#Transform 36
Transform: MatrixOffsetTransformBase_double_3_3
Parameters: 0.9999995107086839 0.0006399115029490142 -0.00008786766496944598 -0.0006400471530605428 0.9999990935125459 -0.0012239267226878665 0.00008713290905536242 0.0012230418023523911 0.9999995674914842 0.019508683113414804 -0.025546516400567043 -0.6509718657232213
FixedParameters: 0 0 0
#Transform 37
Transform: MatrixOffsetTransformBase_double_3_3
Parameters: 0.999999141388956 0.00035295609568962644 -0.001319518613454418 -0.0003541630294694249 0.9999993297654277 -0.0012430264194632085 0.0013184831779743111 0.0012431191117684862 0.9999987088494217 0.055105104812241734 -0.0362387266321349 -0.6264810943081471
FixedParameters: 0 0 0
#Transform 38
Transform: MatrixOffsetTransformBase_double_3_3
Parameters: 0.9999993731554712 0.00013503816739640954 -0.0012392697838549127 -0.00013641538209479653 0.9999991324082856 -0.0013595950634501899 0.0012397319047467714 0.0013600884489376236 0.999998686527978 0.05186017773858964 -0.03279779193277932 -0.5896393565520555
FixedParameters: 0 0 0
#Transform 39
Transform: MatrixOffsetTransformBase_double_3_3
Parameters: 0.9999995117252503 0.0005958568515737589 -0.00025922318710891457 -0.0005966980142852524 0.9999984804371256 -0.0017791121396059967 0.000257776726730774 0.0017784234982687645 0.9999988350675741 0.03733949125724223 -0.034349976148106975 -0.611875226701045
FixedParameters: 0 0 0
#Transform 40
Transform: MatrixOffsetTransformBase_double_3_3
Parameters: 0.999999489971919 0.0006030771412132451 -0.0002721016473759691 -0.0006039929372688218 0.999998791285828 -0.0016863879372309126 0.0002708971132677762 0.0016867156574766678 0.99999815388972 0.03572006855934262 -0.040900081676397804 -0.5921201028456409
FixedParameters: 0 0 0
#Transform 41
Transform: MatrixOffsetTransformBase_double_3_3
Parameters: 0.9999991959452668 0.0006418554797686576 -0.0005658489786778409 -0.0006422056341019122 0.9999991692075061 -0.0011906429136853414 0.0005651508570130442 0.0011914475107100131 0.9999993336817163 0.033095504255754804 -0.023801038219787074 -0.5824927049222026
FixedParameters: 0 0 0
#Transform 42
Transform: MatrixOffsetTransformBase_double_3_3
Parameters: 0.9999987287556381 0.0014640938898432757 0.00020866067902956809 -0.0014636900458395755 0.999998928056629 -0.0009641333083120159 -0.00021033843443685196 0.000963519939146948 0.9999991115206222 0.006167865437248565 -0.03373863491857776 -0.5867598784573858
FixedParameters: 0 0 0
#Transform 43
Transform: MatrixOffsetTransformBase_double_3_3
Parameters: 0.9999999178933502 0.000995805618921564 -0.00011023903011839198 -0.0009960767306695269 0.9999984755625698 -0.0012378477234435375 0.00010876085240403566 0.001238065835687201 0.9999995336889486 0.03695921996860818 -0.016843597385886255 -0.6030159093370031
FixedParameters: 0 0 0
#Transform 44
Transform: MatrixOffsetTransformBase_double_3_3
Parameters: 0.9999993084262983 0.001163400790425382 -0.0004265637383442794 -0.0011635399259756533 0.9999988683910587 -0.0013328614726126817 0.00042543638090805636 0.0013339312106494725 0.9999991970123474 0.03420675225018499 -0.03933000935725772 -0.6006849145838515
FixedParameters: 0 0 0
#Transform 45
Transform: MatrixOffsetTransformBase_double_3_3
Parameters: 0.9999993194873779 0.0011073851175284614 -0.0005457941650538617 -0.0011080628642118665 0.9999981860933798 -0.0016082244272817264 0.0005442062810310649 0.0016085133906992692 0.9999982725552468 0.029971255747199166 -0.008450016561795337 -0.5973351367827888
FixedParameters: 0 0 0
#Transform 46
Transform: MatrixOffsetTransformBase_double_3_3
Parameters: 0.999999595386088 0.0009609703425041014 -0.0005084284947049628 -0.0009622732880164238 0.999996584821206 -0.0023431428489495915 0.00050657219547115 0.0023432004395989945 0.9999974743216002 0.029842060034326323 -0.027669020453885196 -0.5827999096565293
FixedParameters: 0 0 0
#Transform 47
Transform: MatrixOffsetTransformBase_double_3_3
Parameters: 0.9999993743764781 0.0011732981805709132 -0.00014178863958684562 -0.001173942835417971 0.9999963594680363 -0.0022939867980976635 0.00013921033187848375 0.0022943165866124416 0.9999969456112169 0.015705199695318584 -0.016405898704931587 -0.5929001178341622
FixedParameters: 0 0 0
#Transform 48
Transform: MatrixOffsetTransformBase_double_3_3
Parameters: 0.999999809523624 0.0010069470194354949 -0.00014079522892501695 -0.001007442752751218 0.9999978509516961 -0.0017703395688865916 0.00013920416385479473 0.0017706215843985079 0.9999980022284125 0.012869936001152382 -0.04665947969380113 -0.582131216013849
FixedParameters: 0 0 0
#Transform 49
Transform: MatrixOffsetTransformBase_double_3_3
Parameters: 0.9999998484429342 0.0009905192353576945 -0.00014105088730197168 -0.0009910733082239105 0.9999971025216706 -0.001978697768300573 0.00013894857591695287 0.001978975192470884 0.9999982148787274 0.016316605765027248 -0.013176875286717404 -0.6042150122589476
FixedParameters: 0 0 0
#Transform 50
Transform: MatrixOffsetTransformBase_double_3_3
Parameters: 1.0000000490107683 0.0009240274980605249 -0.00014046192855064754 -0.0009234700979960475 0.9999986650127384 -0.0015751646913373246 0.00013853919156023298 0.0015755008778925127 0.9999985770815453 0.036007736400861745 -0.03206466229813998 -0.5933653117997579
FixedParameters: 0 0 0
#Transform 51
Transform: MatrixOffsetTransformBase_double_3_3
Parameters: 0.9999991843036051 0.001280295412883727 -0.00014081476872640497 -0.0012806895976843794 0.9999983784174641 -0.0014076273679564971 0.00013918477174226784 0.0014079859071762103 0.9999991549138911 0.02991408903308468 -0.021692665786844145 -0.5838916914811136
FixedParameters: 0 0 0
#Transform 52
Transform: MatrixOffsetTransformBase_double_3_3
Parameters: 0.9999994037279979 0.0011791281840691865 -0.0002216997020938749 -0.0011796819817669127 0.9999985628290764 -0.0014306830946675347 0.00022030092908960353 0.0014302074759255032 0.9999990614188432 0.02823909144849779 -0.029723492489296177 -0.587686902959291
FixedParameters: 0 0 0
#Transform 53
Transform: MatrixOffsetTransformBase_double_3_3
Parameters: 0.9999994497358285 0.0010680583846250401 -0.00043264425308005283 -0.001068976935980129 0.9999965200451887 -0.002310456072724992 0.0004303569120369666 0.0023104597484553406 0.9999976979239203 0.028711707235146378 -0.014301437905700709 -0.590303178016768
FixedParameters: 0 0 0
#Transform 54
Transform: MatrixOffsetTransformBase_double_3_3
Parameters: 0.9999997599513679 0.0009876553242130033 -0.00043130189847619127 -0.0009887056989873666 0.9999983045848725 -0.0013111458594430015 0.00042969843120191364 0.0013109997675723106 0.9999991739726543 0.03302695036938985 -0.03806578265691485 -0.5799678468850118
FixedParameters: 0 0 0
#Transform 55
Transform: MatrixOffsetTransformBase_double_3_3
Parameters: 0.9999987092949479 0.00032008951692099496 -0.0014567178019507798 -0.0003230452163581893 0.9999989173375032 -0.0017260037034416704 0.0014562825376330663 0.001726100430764652 0.9999979652521351 0.046703644259253 0.0022665342945344946 -0.5647861093889759
FixedParameters: 0 0 0
#Transform 56
Transform: MatrixOffsetTransformBase_double_3_3
Parameters: 0.9999992307692849 0.001231148146548582 -0.00014023717607378194 -0.001230654023811476 0.9999972372037466 -0.0018019189060965303 0.0001387637476765735 0.0018023407889380275 0.9999979675140773 0.024746223366008735 -0.02431260817897396 -0.5768081350747138
FixedParameters: 0 0 0
#Transform 57
Transform: MatrixOffsetTransformBase_double_3_3
Parameters: 0.9999994479706291 0.0011771611611538489 -0.00013031454109072027 -0.001176651647865771 0.9999980459477742 -0.0018889730653233424 0.0001276867414724131 0.0018893551686753902 0.9999985646948965 0.027425832830914487 0.004625901115034026 -0.5736916891146393
FixedParameters: 0 0 0
#Transform 58
Transform: MatrixOffsetTransformBase_double_3_3
Parameters: 0.9999991701822671 0.0007144395079433146 -0.00041119360240329805 -0.0007147116135464434 0.9999981059877955 -0.0015434905893184493 0.00041080618486545595 0.0015441564307225643 0.9999985979636695 0.03336310630821515 -0.028248143446944596 -0.5763370954826854
FixedParameters: 0 0 0
#Transform 59
Transform: MatrixOffsetTransformBase_double_3_3
Parameters: 0.9999997834995928 0.0009907031171763037 -0.00011555002689152272 -0.0009902551371622503 0.9999962728441438 -0.0023969490328287417 0.00011345165758973319 0.0023972543141106127 0.9999974631239156 0.01881191188573439 -0.019658293507049507 -0.5904154005307447
FixedParameters: 0 0 0
#Transform 60
Transform: MatrixOffsetTransformBase_double_3_3
Parameters: 1.0000001639661047 0.0008035299479069666 -0.00034355296882973563 -0.0008047812538671246 0.9999980164066664 -0.0018264493779273632 0.0003414462770544302 0.0018270002260756457 0.9999986178286999 0.027026351769322332 -0.0383966491181269 -0.5831422273179783
FixedParameters: 0 0 0
#Transform 61
Transform: MatrixOffsetTransformBase_double_3_3
Parameters: 0.9999994497156637 0.0010584092075916923 -0.000593625565418518 -0.001059146034474013 0.9999985402746404 -0.0015291166299134138 0.0005913749058054224 0.0015294528256175177 0.9999983884457602 0.031736711685354635 -0.013235987131409388 -0.5802937951195162
FixedParameters: 0 0 0
#Transform 62
Transform: MatrixOffsetTransformBase_double_3_3
Parameters: 0.9999996079436405 0.0010726501131751106 -0.000292465211616702 -0.0010724441223052806 0.9999980154418624 -0.0013539735681586229 0.0002915354296072342 0.001354678396743608 0.999999236969888 0.03342855634664943 -0.025125911019713953 -0.5764867947950165
FixedParameters: 0 0 0
#Transform 63
Transform: MatrixOffsetTransformBase_double_3_3
Parameters: 0.9999991756401514 0.0010851731991840985 -0.0007542974823826765 -0.001085890153022164 0.9999984070984079 -0.0011889771292358754 0.0007527030444951788 0.0011896945702148435 0.9999990959324304 0.030333236511225437 -0.024618379955313685 -0.5757997812550997
FixedParameters: 0 0 0
#Transform 64
Transform: MatrixOffsetTransformBase_double_3_3
Parameters: 0.9999991856278281 0.0007156253463498195 -0.0004801692372861516 -0.0007160031746435483 0.999998191373494 -0.0015154485470686163 0.00047883109474597396 0.0015152165567868666 0.999998545904759 0.032204712056383755 -0.012825383962749015 -0.5664997004018488
FixedParameters: 0 0 0
#Transform 65
Transform: MatrixOffsetTransformBase_double_3_3
Parameters: 0.99999954519141 0.000618558572898903 0.000011943026489269482 -0.0006185192622355015 0.99999814503901 -0.0015723839197226992 -0.000013056927132132357 0.0015723684569956139 0.9999985995350238 0.020187236618284032 -0.031122288079572513 -0.5808166192052227
FixedParameters: 0 0 0
#Transform 66
Transform: MatrixOffsetTransformBase_double_3_3
Parameters: 0.9999990749120468 0.0008464518712825748 -0.0003691062379071741 -0.0008473415529747326 0.9999988255093144 -0.0012068560841360621 0.00036789279641399886 0.0012074802482049981 0.999999479013302 0.03360608999400938 -0.005874387536735526 -0.5778902421425158
FixedParameters: 0 0 0
#Transform 67
Transform: MatrixOffsetTransformBase_double_3_3
Parameters: 0.999999935766971 0.000026695507063375867 0.0002638840014574789 -0.000025943393077749975 0.9999989702311909 -0.0014244629302710794 -0.00026411541802422167 0.0014244490337454562 0.9999988950723222 0.012046965946595378 -0.01690117567835614 -0.5798361243865884
FixedParameters: 0 0 0
#Transform 68
Transform: MatrixOffsetTransformBase_double_3_3
Parameters: 0.999999109363354 0.0002066133370369898 -0.0009243672708500322 -0.00020820100212511078 0.9999990009435327 -0.001398352759045519 0.000923630683116447 0.0013988145074670302 0.9999981840293156 0.043627360165302775 -0.022135693749120833 -0.5714120127157827
FixedParameters: 0 0 0
#Transform 69
Transform: MatrixOffsetTransformBase_double_3_3
Parameters: 0.9999997904399721 0.0008874628006386136 -0.0005151732771628698 -0.0008878127880395791 0.9999985020853357 -0.0013071783255981181 0.0005148271708042412 0.001308171053251126 0.9999991811951653 0.03255944151210599 -0.018266400971725716 -0.5722409561931414
FixedParameters: 0 0 0
#Transform 70
Transform: MatrixOffsetTransformBase_double_3_3
Parameters: 0.9999991319833023 0.0007590774763950186 -0.0004691737114110722 -0.0007594251479075618 0.9999983643285397 -0.0014345983362873524 0.00046782592129988865 0.001435388215287753 0.9999987933607538 0.0321597118528274 -0.014589350651547761 -0.5617577715543121
FixedParameters: 0 0 0
#Transform 71
Transform: MatrixOffsetTransformBase_double_3_3
Parameters: 0.999999566344156 0.0005857014446194786 -0.00013577829249304674 -0.0005860224752294699 0.9999992534445327 -0.0011845392059649355 0.00013522150021472168 0.001184697975258033 0.9999996503800765 0.03451668625915261 -0.006922224433679958 -0.5571753911127502
FixedParameters: 0 0 0
#Transform 72
Transform: MatrixOffsetTransformBase_double_3_3
Parameters: 0.9999992948203875 0.000838097778367326 0.000052642035197419945 -0.0008380525086075359 0.9999991152397852 -0.00042711523525217765 -0.000053357870720777134 0.0004270264000658596 0.9999998148014029 0.013818079218452795 -0.024114375024751666 -0.5670970759948375
FixedParameters: 0 0 0
#Transform 73
Transform: MatrixOffsetTransformBase_double_3_3
Parameters: 0.9999993142453663 0.0006868569988025444 0.00037713938929119506 -0.0006860035902388233 0.9999992511408294 -0.0011306007987571453 -0.00037785993772848636 0.0011300825444281514 0.9999996518833427 0.017811232616850248 -0.010157602163801016 -0.5805047155590302
FixedParameters: 0 0 0
#Transform 74
Transform: MatrixOffsetTransformBase_double_3_3
Parameters: 0.9999993545936903 0.0001560615568384575 -0.0012443571543031967 -0.00015739333231652424 0.9999989594778756 -0.001736338474112865 0.001244644046922011 0.0017369639468870083 0.999997507318627 0.04507381729918336 -0.01096145819673211 -0.5435544818098634
FixedParameters: 0 0 0
#Transform 75
Transform: MatrixOffsetTransformBase_double_3_3
Parameters: 0.9999995689875222 0.00009498619600310611 -0.001195209229680319 -0.00009624203205954538 0.9999991420894924 -0.0013595013716978382 0.0011947927829326216 0.0013598868086270282 0.9999987170474637 0.04544390938353615 -0.0021714901153444544 -0.540670729364038
FixedParameters: 0 0 0
#Transform 76
Transform: MatrixOffsetTransformBase_double_3_3
Parameters: 0.999999441896942 0.000666170343226748 0.0001905010956042702 -0.0006658885798147622 0.9999990094915224 -0.000739662348237192 -0.00019049851318556077 0.0007394085918051478 0.9999994950141606 0.01953318738041787 -0.024469760872293023 -0.5374792720000414
FixedParameters: 0 0 0
#Transform 77
Transform: MatrixOffsetTransformBase_double_3_3
Parameters: 0.9999992608128625 0.0007522236753552468 0.00015279430785851422 -0.0007517700077293699 0.9999982364817032 -0.001482686070666408 -0.0001532051453418115 0.0014824559606294327 0.9999989288511928 0.023945236113334545 0.0015951874617172734 -0.5660599062750009
FixedParameters: 0 0 0
#Transform 78
Transform: MatrixOffsetTransformBase_double_3_3
Parameters: 0.9999999544007135 0.00005534274103506797 -0.0010210746618588423 -0.000057064776110003366 0.9999992239103268 -0.001331417122824624 0.0010209249897012163 0.0013316103503602207 0.9999981846268838 0.04540674427167346 -0.01625696480121519 -0.5397199618810902
FixedParameters: 0 0 0
#Transform 79
Transform: MatrixOffsetTransformBase_double_3_3
Parameters: 0.9999999155558484 0.0000957479958828103 0.0010397463242169669 -0.00009396467756210978 0.999998554955904 -0.0018533352694144237 -0.0010402544213589104 0.0018539779676325972 0.9999974761970928 0.02351565588583071 0.0036999172442762074 -0.5772358490232108
FixedParameters: 0 0 0
#Transform 80
Transform: MatrixOffsetTransformBase_double_3_3
Parameters: 0.9999994378187977 0.0006462250622501719 -0.00002045142214808504 -0.0006463044535588265 0.9999976428110388 -0.0019848110856718784 0.000019548483549347573 0.001984836937077741 0.9999982041924375 0.035451057352702264 -0.0018113109652801995 -0.5633669571568447
FixedParameters: 0 0 0
#Transform 81
Transform: MatrixOffsetTransformBase_double_3_3
Parameters: 0.999999467987161 0.0006278767423653806 0.0002684401181432261 -0.0006266768850581426 0.9999976510947521 -0.0022262463633819347 -0.0002705580376477362 0.002225908261728345 0.999997037847836 0.010046843439951658 -0.009032977986677793 -0.5744323717821942
FixedParameters: 0 0 0
#Transform 82
Transform: MatrixOffsetTransformBase_double_3_3
Parameters: 0.9999989179833382 0.00016110621540645417 0.0014338360781827736 -0.00015926425185990728 0.9999989396384648 -0.0010169727581546206 -0.0014341619600664463 0.001017431804900961 0.9999979089427665 0.02521151429922952 -0.000694223255891302 -0.5488808218390488
FixedParameters: 0 0 0
#Transform 83
Transform: MatrixOffsetTransformBase_double_3_3
Parameters: 0.999998421459944 0.0005111003164602361 0.0015247165330042473 -0.0005128450047281192 0.9999983241455576 0.0015529569287612366 -0.0015232821427686866 -0.0015542820468064438 0.9999972575301386 0.03636571545759182 -0.01240605770523473 -0.4347140346819742
FixedParameters: 0 0 0
#Transform 84
Transform: MatrixOffsetTransformBase_double_3_3
Parameters: 0.9999976952795734 0.00041873112318610394 0.0020322922196666926 -0.0004195791217109241 0.99999933533089 0.0006984958072979409 -0.00203170601474717 -0.0007000423384505925 0.9999973819970586 0.024518003144052614 -0.00025969960367433487 -0.4503486500306195
FixedParameters: 0 0 0
#Transform 85
Transform: MatrixOffsetTransformBase_double_3_3
Parameters: 0.9999994006140994 0.00004025843693629285 0.001264042820095762 -0.000041918490878520057 0.999999893676344 0.0010510033538845343 -0.0012639564511389145 -0.001051028766564304 0.9999982976689702 0.03533800329567782 -0.013383386317428858 -0.4294580032558173
FixedParameters: 0 0 0
#Transform 86
Transform: MatrixOffsetTransformBase_double_3_3
Parameters: 0.9999992308619188 0.00005303414857059275 0.001329051101194162 -0.00005458287991932874 0.9999990798572771 0.0009576973587283233 -0.0013289480333933401 -0.0009577619228815563 0.9999983165120561 0.041822882373708126 -0.013809118747204252 -0.5435913691823941
FixedParameters: 0 0 0
#Transform 87
Transform: MatrixOffsetTransformBase_double_3_3
Parameters: 0.9999996906082592 0.0001874441035116533 0.001165191411658939 -0.00018870329244462274 0.999999017077313 0.0013954058958613974 -0.0011658106047384986 -0.001395687377455723 0.999998609684542 0.023728847115492613 -0.0040695175282934315 -0.42867587956143893
FixedParameters: 0 0 0
#Transform 88
Transform: MatrixOffsetTransformBase_double_3_3
Parameters: 0.9999990017511854 -0.00013498213547659453 -0.000989969300508431 0.00013446686985847463 0.999999933180954 -0.0002202443797117742 0.0009900287435937877 0.000220974542377578 0.9999989712317049 0.06824929799232393 0.020797606174483008 -0.5584221829139864
FixedParameters: 0 0 0
#Transform 89
Transform: MatrixOffsetTransformBase_double_3_3
Parameters: 0.9999997195317857 -0.00006153509138287924 0.000526004862567292 0.00006162074489824887 0.9999999895790029 -0.00008138722692162157 -0.0005259948354067179 0.00008145200684963996 0.9999997166953755 0.019621310051121554 -0.019251356198182634 -0.41680493702756394
FixedParameters: 0 0 0
#Transform 90
Transform: MatrixOffsetTransformBase_double_3_3
Parameters: 0.9999998507492938 0.0002670880449151556 0.0002903295486656188 -0.0002669760662979557 0.9999986007733345 0.0015257134791096863 -0.0002896711330030305 -0.0015257898987760421 0.9999985818237801 0.01662938778109435 -0.019329300656579562 -0.4529097096688304
FixedParameters: 0 0 0
#Transform 91
Transform: MatrixOffsetTransformBase_double_3_3
Parameters: 0.9999994001757891 -0.0005932303221552586 -0.0004979446782789471 0.0005930589864668937 0.9999996394839282 -0.00009304670598303598 0.0004980552996345783 0.00009345285038406018 0.99999974330015 0.05040806723529556 0.005732492738289352 -0.5428919775042829
FixedParameters: 0 0 0
#Transform 92
Transform: MatrixOffsetTransformBase_double_3_3
Parameters: 0.9999996661550064 0.00040180904198213705 0.00041520358696944815 -0.0004022298695492622 0.9999995813102472 0.0005068537359721371 -0.0004147959225712511 -0.000507187411843756 0.9999995707054442 0.01968064189745178 -0.019472052722633748 -0.5451341610767741
FixedParameters: 0 0 0
#Transform 93
Transform: MatrixOffsetTransformBase_double_3_3
Parameters: 0.9999991872493486 0.0004447511631686872 -0.0013015402164243822 -0.0004430921988325748 0.9999997618891653 0.0010208539835768748 0.0013014584095444176 -0.0010197769141047698 0.999998186834836 0.04869676216128482 0.011275244374019167 -0.5251782336463577
FixedParameters: 0 0 0
#Transform 94
Transform: MatrixOffsetTransformBase_double_3_3
Parameters: 0.9999981105837941 0.0001723524985271851 -0.0016928637584554262 -0.00017012939423225425 0.9999994196444617 0.001245615083451336 0.0016931338533355267 -0.0012451921790659992 0.999997576560537 0.055842319774640714 -0.015091040076768536 -0.5202283153051752
FixedParameters: 0 0 0
#Transform 95
Transform: MatrixOffsetTransformBase_double_3_3
Parameters: 0.9999991707764039 0.0001216664677071712 -0.0013470532583589462 -0.00012176403749434141 0.9999997956194269 -0.0004356873573860287 0.0013469472710193747 0.0004350967998027198 0.9999989960224769 0.05730296712565064 0.02016564997035175 -0.5571625296891511
FixedParameters: 0 0 0
#Transform 96
Transform: MatrixOffsetTransformBase_double_3_3
Parameters: 0.9999991769595795 0.0002887308343627895 -0.0013188672025402637 -0.00028843243508991975 0.9999997039413385 0.0004611232291047919 0.0013191334369649366 -0.0004614373269948363 0.9999990474571401 0.05911806181579493 -0.013393919124581544 -0.5389861409755525
FixedParameters: 0 0 0
#Transform 97
Transform: MatrixOffsetTransformBase_double_3_3
Parameters: 0.9999984235104237 0.0004018980093844037 -0.0015540263298925716 -0.0004020285476190554 0.9999998339036316 -0.00006711872134900144 0.0015539722703182546 0.0000673711066578806 0.9999985805603874 0.051928955047642944 -0.011365922956770191 -0.5453240133419257
FixedParameters: 0 0 0
#Transform 98
Transform: MatrixOffsetTransformBase_double_3_3
Parameters: 0.9999995137421407 0.0004529778961184336 -0.0011318435977472896 -0.0004521932869412864 0.9999996750631969 0.00034707096370956847 0.0011321572934502033 -0.00034604630856368244 0.9999995984711593 0.05384035585701952 -0.0018666731817802429 -0.5412097048764082
FixedParameters: 0 0 0
#Transform 99
Transform: MatrixOffsetTransformBase_double_3_3
Parameters: 0.9999992787905349 0.0011775309165071891 -0.0007018152555796908 -0.0011760537348775206 0.9999986226625451 0.000996568814864122 0.0007021846177419216 -0.0009959135144291607 0.9999993582637364 0.034372307241682165 -0.02309352513324825 -0.5413220507796268
FixedParameters: 0 0 0
#Transform 100
Transform: MatrixOffsetTransformBase_double_3_3
Parameters: 0.9999987225242928 0.00022689574717356953 -0.0014919763230648309 -0.00022658980980707006 0.9999999380760796 0.00010286416513654644 0.001492022817576391 -0.00010218756382790258 0.999998763422555 0.04745287083019889 0.024003247549160278 -0.526654640483315
FixedParameters: 0 0 0
#Transform 101
Transform: MatrixOffsetTransformBase_double_3_3
Parameters: 0.9999993052601525 0.0012964456619165884 0.00008846605614901137 -0.0012964983219735365 0.9999992296379968 0.0002990879159517631 -0.00008753380690473822 -0.0002993160939536911 0.9999999088900083 0.020014264101561707 -0.03687466317191479 -0.5427651125193336
FixedParameters: 0 0 0
#Transform 102
Transform: MatrixOffsetTransformBase_double_3_3
Parameters: 0.9999998292339832 0.0004841079014255236 -0.00100754006799178 -0.0004832128398102629 0.9999998844506511 0.0009393955446665683 0.0010074606428378957 -0.0009384994274372217 0.9999990251025239 0.05505321960100673 -0.013702068048914384 -0.6034700903867787
FixedParameters: 0 0 0
#Transform 103
Transform: MatrixOffsetTransformBase_double_3_3
Parameters: 0.9999990908510359 0.0007506368316219679 -0.0011597432975004596 -0.0007507603247384002 0.9999993190373972 0.00034299045653785954 0.001160257762871611 -0.00034232421027110887 0.9999995369837589 0.059994159433159666 0.015287202052277848 -0.6306060991700235
FixedParameters: 0 0 0
#Transform 104
Transform: MatrixOffsetTransformBase_double_3_3
Parameters: 0.9999986905453342 0.0015426987819066316 0.00003951600154253332 -0.0015427208883594928 0.9999985417432257 0.00027976221613538587 -0.000039483883132948594 -0.00027988408890581597 0.9999998480774481 0.0451713140601413 -0.03215973731221311 -0.6673539641675035
FixedParameters: 0 0 0
#Transform 105
Transform: MatrixOffsetTransformBase_double_3_3
Parameters: 0.9999995349568452 0.0005739967162588958 -0.0010653637779905328 -0.000572628310505171 0.9999994404582986 0.0011100100992714195 0.001066635889354628 -0.0011088662545617846 0.9999986327885354 0.06663345359240225 -0.009199974474285 -0.6807140747367271
FixedParameters: 0 0 0
#Transform 106
Transform: MatrixOffsetTransformBase_double_3_3
Parameters: 0.9999990870822381 0.0009288605034386598 -0.0010648711178064402 -0.0009280169839783851 0.9999984618889429 0.0012950593929775488 0.0010661309981735562 -0.001294234722051305 0.9999991042220617 0.06552325006860826 0.007978701414430134 -0.6575128674105599
FixedParameters: 0 0 0
#Transform 107
Transform: MatrixOffsetTransformBase_double_3_3
Parameters: 0.9999987936457353 0.0015643093865374696 0.000008601946215880396 -0.0015643349108799068 0.9999976577520536 0.00170149967102806 -0.000006398018649309001 -0.001701523134748242 0.9999988639939124 0.048158655827720054 -0.0338166103253883 -0.7023401940604259
FixedParameters: 0 0 0
#Transform 108
Transform: MatrixOffsetTransformBase_double_3_3
Parameters: 0.9999988520491326 0.0008576275150274079 -0.001221090496823049 -0.0008559722145133107 0.9999991559804502 0.0010540323133610455 0.0012219081281276134 -0.0010530145261018 0.999998319806151 0.06512692153179955 -0.0004339272424971341 -0.6923681522403058
FixedParameters: 0 0 0
#Transform 109
Transform: MatrixOffsetTransformBase_double_3_3
Parameters: 0.999999031619569 0.0009586399130814147 -0.0003651039529599387 -0.000958819773114899 0.9999990599403061 0.0010102068985406907 0.00036589722120146384 -0.0010105814419997324 0.9999997611399937 0.05209385534162436 -0.001365535390846162 -0.6840340884314173
FixedParameters: 0 0 0
#Transform 110
Transform: MatrixOffsetTransformBase_double_3_3
Parameters: 0.9999985983149997 0.0009418491842183874 -0.001262251490127153 -0.0009406980192255988 0.9999994921461007 0.000788731783286162 0.0012627483409264756 -0.0007884273597407983 0.9999987060163726 0.0614326034708057 0.004638235149386105 -0.6823489139021603
FixedParameters: 0 0 0
#Transform 111
Transform: MatrixOffsetTransformBase_double_3_3
Parameters: 0.9999985802777358 0.0009153941388453165 -0.0012885743506150932 -0.0009151320690708768 0.9999989524355152 0.0004587432661538532 0.0012884252303887456 -0.0004574600066623306 0.9999990516914881 0.06602646467078443 -0.012341177150574367 -0.6922028515219125
FixedParameters: 0 0 0
#Transform 112
Transform: MatrixOffsetTransformBase_double_3_3
Parameters: 0.9999989347815386 0.0006352507222490665 -0.001289324773737749 -0.0006354925129606909 0.9999993352574212 -0.0005105659672162133 0.0012886755181512888 0.0005112854989575135 0.9999990774315188 0.05998574271366408 0.03738124042783397 -0.6341785445723929
FixedParameters: 0 0 0
#Transform 113
Transform: MatrixOffsetTransformBase_double_3_3
Parameters: 0.9999987907674479 0.0007397166918554307 -0.0012892283140270022 -0.0007404335885253272 0.9999993571058564 -0.00030806085664373064 0.0012887716631872354 0.0003089718552520075 0.9999992432944721 0.06361078497259598 -0.03783086623722909 -0.6332872043240627
