#Insight Transform File V1.0
#Transform 0
Transform: MatrixOffsetTransformBase_double_3_3
Parameters: 0.9999982839413476 -0.00019366131619045942 -0.0019068365857280306 0.00018689927374930906 0.9999946678831315 -0.0033615599551908085 0.0019081647181208305 0.003360307865988717 0.9999931068000311 0.03062324153056295 -0.07946746649085412 -0.5537845487225042
FixedParameters: 0 0 0
#Transform 1
Transform: MatrixOffsetTransformBase_double_3_3
Parameters: 0.9999981698872151 -0.0001484004985754362 -0.0016650140648240969 0.00014203717291695413 0.9999932441933258 -0.003706036602260306 0.0016659830897250566 0.0037060236303467077 0.999991526507737 0.024587419268769395 -0.09017759337719156 -0.5485943812675629
FixedParameters: 0 0 0
#Transform 2
Transform: MatrixOffsetTransformBase_double_3_3
Parameters: 0.9999982613662904 -0.00018440735019804869 -0.0019328304405937663 0.00017842234963376467 0.9999953861189784 -0.0030954250731432165 0.0019331713408383827 0.00309519447675197 0.9999936517464074 0.015913248283069947 -0.025533513148261022 -0.5380061374904557
FixedParameters: 0 0 0
#Transform 3
Transform: MatrixOffsetTransformBase_double_3_3
Parameters: 0.9999986004523741 -0.00006310187418936302 -0.001540466277656652 0.00005660866545902641 0.9999913958959572 -0.004074719782652082 0.001540533803430763 0.004074009205096558 0.9999910491406961 0.04515302635957141 -0.019891463606157345 -0.4947662320532942
FixedParameters: 0 0 0
#Transform 4
Transform: MatrixOffsetTransformBase_double_3_3
Parameters: 0.9999993241358781 -0.00031010363863440886 -0.0012664465181662365 0.0003069670512314698 0.999996000480543 -0.0028116942106731755 0.0012675556552448203 0.002811226216018666 0.9999954657563103 0.023514224925961003 -0.13468963933192413 -0.5529604099997272
FixedParameters: 0 0 0
#Transform 5
Transform: MatrixOffsetTransformBase_double_3_3
Parameters: 0.9999987652632233 -0.0005406874221843683 -0.0017484867317935082 0.0005347192361000666 0.9999931857158028 -0.0036778161889510263 0.001750515419415788 0.0036774808886329896 0.9999912989228437 0.025178055799727872 -0.10152413604573951 -0.5997047827989945
FixedParameters: 0 0 0
#Transform 6
Transform: MatrixOffsetTransformBase_double_3_3
Parameters: 0.9999992865206742 -0.000649159038055389 -0.001186163323678907 0.0006446258049678347 0.9999929455767724 -0.0035548134650018083 0.0011888360669272124 0.0035545878427225286 0.9999928387339747 0.031051587308851936 -0.06625577908276625 -0.6029079374994097
FixedParameters: 0 0 0
#Transform 7
Transform: MatrixOffsetTransformBase_double_3_3
Parameters: 0.9999978164638912 -0.0009288792444834341 -0.0015853205102759893 0.0009240374820184852 0.9999936817379066 -0.0033859820413139666 0.0015886791325913363 0.003384509121813913 0.9999928281181764 0.0330561735669761 -0.055821997671316126 -0.6287944032596755
FixedParameters: 0 0 0
#Transform 8
Transform: MatrixOffsetTransformBase_double_3_3
Parameters: 0.999997857244801 -0.000790746858292204 -0.0016467479689778325 0.0007843269043996255 0.9999935715664925 -0.003436903950643084 0.0016492464362532766 0.003435697433910324 0.9999922825027548 0.025184374766126894 -0.04610320128367107 -0.6222261302646501
FixedParameters: 0 0 0
#Transform 9
Transform: MatrixOffsetTransformBase_double_3_3
Parameters: 0.9999981680633335 -0.00032860436029581903 -0.0016653351720847254 0.0003213787022663801 0.9999921832338985 -0.003964025007050449 0.00166666006026224 0.003963412885482631 0.9999904640409366 0.0302731187858285 -0.04611211491246081 -0.6405880767994034
FixedParameters: 0 0 0
#Transform 10
Transform: MatrixOffsetTransformBase_double_3_3
Parameters: 0.9999983956814932 -0.0011934838056038939 -0.0015911511307131615 0.0011868203598945947 0.9999925749096414 -0.0036074415153003847 0.001594846937967756 0.0036060358082111773 0.999992103911989 0.004636524865375691 -0.03808993479484002 -0.6284492754554947
FixedParameters: 0 0 0
#Transform 11
Transform: MatrixOffsetTransformBase_double_3_3
Parameters: 0.9999981895903787 -0.0012956512550396115 -0.0011838762812591136 0.0012921667068308646 0.9999928232926457 -0.0035367203687015716 0.0011891248657305148 0.003535039120400701 0.9999928181257792 0.009274806639325561 -0.056356002365248514 -0.6446538810514824
FixedParameters: 0 0 0
#Transform 12
Transform: MatrixOffsetTransformBase_double_3_3
Parameters: 0.9999984513223251 -0.0006567308702077068 -0.00179441102322353 0.0006512262075379093 0.999995167355136 -0.002899604737195242 0.0017965895419709416 0.002898645504991315 0.9999942683718124 0.01952511628138609 -0.04867731411081877 -0.6201663531222863
FixedParameters: 0 0 0
#Transform 13
Transform: MatrixOffsetTransformBase_double_3_3
Parameters: 0.9999984885745675 -0.0011772541173455662 -0.0011841829239802454 0.0011733832203758162 0.9999929382665542 -0.0036993898139054426 0.0011888191298610046 0.0036979899822577552 0.9999926341133238 0.01758549304666701 -0.07639735176877593 -0.6280969836623314
FixedParameters: 0 0 0
#Transform 14
Transform: MatrixOffsetTransformBase_double_3_3
Parameters: 0.9999985422878949 -0.0011541312763257729 -0.001184312708818011 0.001150351285603961 0.9999922738989387 -0.003661052471495631 0.0011886899214658686 0.003659707401819531 0.9999929160320573 0.015525696274565348 -0.09591561184993225 -0.6281912673323262
FixedParameters: 0 0 0
#Transform 15
Transform: MatrixOffsetTransformBase_double_3_3
Parameters: 0.9999986807945572 -0.0010925165739578387 -0.0011844070265128875 0.0010884513095973415 0.9999925178713494 -0.003781195912061051 0.0011885943137232985 0.003779997394669806 0.9999920214987652 0.021575300049008206 -0.07825759965571422 -0.6458752377198209
FixedParameters: 0 0 0
#Transform 16
Transform: MatrixOffsetTransformBase_double_3_3
Parameters: 0.9999994009914138 -0.0008196059741531591 -0.00034759798865742486 0.0008181665134455825 0.9999931457261049 -0.0034907548166031007 0.00035040068604508257 0.0034902616915708116 0.9999935011323433 0.0014662185934071204 -0.10302209083833702 -0.6294627098858996
FixedParameters: 0 0 0
#Transform 17
Transform: MatrixOffsetTransformBase_double_3_3
Parameters: 0.9999994987729457 -0.0008023825323762792 -0.0002384790009479082 0.0008015502499197056 0.9999928343990211 -0.003810978946216768 0.00024152091392204422 0.003810672459908242 0.9999922204257459 0.004277286249703138 -0.08814554683196718 -0.6554080017995005
FixedParameters: 0 0 0
#Transform 18
Transform: MatrixOffsetTransformBase_double_3_3
Parameters: 0.9999983366722491 -0.00036694112973683 -0.0016302211481599854 0.00036038953727940025 0.999992096617986 -0.003843671273344088 0.00163077735240795 0.003842956112762837 0.9999914428645839 0.02341438667205864 -0.08418149138331898 -0.6228339142500374
FixedParameters: 0 0 0
#Transform 19
Transform: MatrixOffsetTransformBase_double_3_3
Parameters: 0.9999983612047669 -0.00015012807542555965 -0.0016310280102266317 0.0001445969005009135 0.9999935221499067 -0.0035293236309820006 0.0016309731475567524 0.003529313689391474 0.9999928406014728 0.02473356501509727 -0.06695547372697774 -0.6215481893500225
FixedParameters: 0 0 0
#Transform 20
Transform: MatrixOffsetTransformBase_double_3_3
Parameters: 0.999999503875107 -0.0007878116996541789 -0.00005541537075905156 0.0007873439124661878 0.9999918330842389 -0.00406779167885546 0.00005958357467306108 0.004067701107095221 0.9999913225971515 -0.0031311770466402322 -0.07744019676025005 -0.6325145475288281
FixedParameters: 0 0 0
#Transform 21
Transform: MatrixOffsetTransformBase_double_3_3
Parameters: 0.9999983684184283 -0.001146200512530335 -0.0012604377081232715 0.0011422500757561759 0.9999933878755812 -0.0035082877972559983 0.0012645628946390541 0.003506787829136963 0.9999928316318227 -0.004480154715409412 -0.05509533503366981 -0.6304213508013561
FixedParameters: 0 0 0
#Transform 22
Transform: MatrixOffsetTransformBase_double_3_3
Parameters: 0.9999983030232618 -0.000009980853248929989 -0.0016315275022431436 0.0000041039844788663595 0.9999936172856648 -0.003658500343998953 0.001631471676511148 0.003657951201597643 0.9999919906579315 0.02432180082018931 -0.058104082078813235 -0.6068525440143873
FixedParameters: 0 0 0
#Transform 23
Transform: MatrixOffsetTransformBase_double_3_3
Parameters: 0.9999987392422375 -0.0004866660647108368 -0.0014647239367694964 0.0004815628909659562 0.9999926648589208 -0.0037550670282896735 0.0014662770080246523 0.0037551157557077497 0.999991630217171 0.018636439599475807 -0.05476233373865114 -0.6201623812248016
FixedParameters: 0 0 0
#Transform 24
Transform: MatrixOffsetTransformBase_double_3_3
Parameters: 0.9999991665536299 -0.0004987636117362521 -0.001308665458965394 0.0004934313372800992 0.9999922363590051 -0.003939674908626814 0.0013103347850177277 0.0039387679198207935 0.9999916402096837 0.018900104065579626 -0.07759494177341253 -0.6159253246871543
FixedParameters: 0 0 0
#Transform 25
Transform: MatrixOffsetTransformBase_double_3_3
Parameters: 0.9999989254320665 -0.0008762401186777968 -0.0012348517949011678 0.0008700482735374366 0.9999891149139625 -0.004486204842723674 0.0012391456587319966 0.0044854338841934715 0.9999891291297789 0.014544088954934864 -0.0641910635222871 -0.6242488527390151
FixedParameters: 0 0 0
#Transform 26
Transform: MatrixOffsetTransformBase_double_3_3
Parameters: 0.9999994616916712 -0.0006464499120370051 -0.0005039394123604324 0.0006441231805571009 0.9999903203415197 -0.004273789666434773 0.0005070591651644557 0.0042732941968357694 0.9999903475877936 -0.00023386148171766763 -0.08089387911229551 -0.6298024119326868
FixedParameters: 0 0 0
#Transform 27
Transform: MatrixOffsetTransformBase_double_3_3
Parameters: 0.9999982653561317 -0.0005712143270611229 -0.0016001723189161127 0.0005635317881664053 0.9999880196478049 -0.004864073736384373 0.0016028268309032784 0.004863881019843117 0.9999866246546527 0.01572898562562841 -0.06630255799662166 -0.6251250562120134
FixedParameters: 0 0 0
#Transform 28
Transform: MatrixOffsetTransformBase_double_3_3
Parameters: 0.9999989622112874 -0.0005180394870621695 -0.0016784465794196374 0.0005107859015325561 0.9999907941672009 -0.004236283722105177 0.0016815529266589468 0.004235104497025517 0.9999891871279287 0.019669157204290855 -0.06412516350165731 -0.6225270238414282
FixedParameters: 0 0 0
#Transform 29
Transform: MatrixOffsetTransformBase_double_3_3
Parameters: 0.9999987619604522 -0.000055634683876009034 -0.0014895547989966507 0.00004940775705107543 0.9999901133318391 -0.004459427755801277 0.001489446541352149 0.004458823591569955 0.9999889141244417 0.03335619768309073 -0.09135646350060256 -0.6236471255115532
FixedParameters: 0 0 0
#Transform 30
Transform: MatrixOffsetTransformBase_double_3_3
Parameters: 0.9999998673485357 -0.00031337565527136155 -0.0003384367314364367 0.0003119414625833676 0.9999873383773245 -0.00505608423124872 0.0003395647360801973 0.00505602916612272 0.999987241184891 0.0005288030560848256 -0.049309907606456704 -0.6372059348567092
FixedParameters: 0 0 0
#Transform 31
Transform: MatrixOffsetTransformBase_double_3_3
Parameters: 0.999999278078285 -0.0007707904057212611 -0.001157494609436302 0.0007660488726374513 0.9999910868535098 -0.004162238931733664 0.0011605077391684676 0.004161846939544292 0.9999911221978518 -0.0029504337151422533 -0.049833984012721544 -0.653077354362992
FixedParameters: 0 0 0
#Transform 32
Transform: MatrixOffsetTransformBase_double_3_3
Parameters: 0.9999988144989974 -0.0008161781974025542 -0.0013201427771330765 0.0008110274757962882 0.9999895651379749 -0.004558022148165297 0.0013238630062221562 0.004557417099470201 0.9999892552432603 -0.014188260343601655 -0.04516974062359225 -0.6535938890735054
FixedParameters: 0 0 0
#Transform 33
Transform: MatrixOffsetTransformBase_double_3_3
Parameters: 0.9999996794143481 -0.0006430825228187368 -0.001049263768946554 0.0006398060908661641 0.999993880330304 -0.0034217407308758576 0.001050739481502097 0.003421704447979077 0.9999939959058605 -0.004945686276897732 -0.09179900591696821 -0.6523611973813956
FixedParameters: 0 0 0
#Transform 34
Transform: MatrixOffsetTransformBase_double_3_3
Parameters: 0.9999990772907847 -0.001032661317773491 -0.00039812545606526806 0.0010309936558837796 0.9999890399309853 -0.004571470670107174 0.000402874912448295 0.004570801089245402 0.9999896418379041 -0.014745901745413903 -0.05963274920124206 -0.6685392643675385
FixedParameters: 0 0 0
#Transform 35
Transform: MatrixOffsetTransformBase_double_3_3
Parameters: 0.9999989844399024 -0.0005083054698590623 -0.0009406048253219057 0.0005048053376724156 0.9999919306742499 -0.003976832539729622 0.000942394326998372 0.003976192528752313 0.9999911733835795 -0.0085013616569114 -0.08633081089912764 -0.6565285014297615
FixedParameters: 0 0 0
#Transform 36
Transform: MatrixOffsetTransformBase_double_3_3
Parameters: 0.9999982745304352 -0.0011640139879885365 -0.001318724296410806 0.0011586447906881926 0.999990447886113 -0.004267335710118452 0.0013232753884907383 0.004265735134329313 0.9999896832556923 -0.0144799188251028 -0.05953891924919219 -0.6562734375892632
FixedParameters: 0 0 0
#Transform 37
Transform: MatrixOffsetTransformBase_double_3_3
Parameters: 0.9999992085668312 -0.0007756618296410857 -0.0011785898695188257 0.0007716594079460866 0.9999929002267951 -0.0038087565016550343 0.0011814117339518787 0.0038073229501178123 0.9999919068464581 -0.025896988029302292 -0.08272479642513986 -0.6553867260526545
FixedParameters: 0 0 0
#Transform 38
Transform: MatrixOffsetTransformBase_double_3_3
Parameters: 0.9999997452091343 -0.0010262515343398724 -0.0007012455241513782 0.0010230666129386714 0.9999901710535486 -0.004333570157924781 0.0007057552401869976 0.0043333607497615485 0.9999904360146156 -0.020696392850183543 -0.05092246146098489 -0.6562148661393508
FixedParameters: 0 0 0
#Transform 39
Transform: MatrixOffsetTransformBase_double_3_3
Parameters: 0.9999990746689752 -0.0010506711954062996 -0.00046369366118025057 0.0010479600572767139 0.9999864141081596 -0.005048641838006506 0.00046830370438592783 0.0050478207894544625 0.9999869051257821 -0.022431786632836292 -0.07286130527857893 -0.668530225328098
FixedParameters: 0 0 0
#Transform 40
Transform: MatrixOffsetTransformBase_double_3_3
Parameters: 0.9999986935833086 -0.001115235134036364 -0.000603772697888097 0.0011127059480269424 0.9999890507378977 -0.00455118545513116 0.0006092274464713221 0.004550069577231123 0.9999896214662481 -0.024041654847664518 -0.07403957637895076 -0.6582452837787116
FixedParameters: 0 0 0
#Transform 41
Transform: MatrixOffsetTransformBase_double_3_3
Parameters: 0.9999985840059602 -0.0012187851928514872 -0.000557380549965375 0.001216758018367366 0.9999894441178516 -0.004480833341384431 0.0005626209622287132 0.004479704805324424 0.9999902329080389 -0.0233608490964059 -0.05456776737145219 -0.6589320684539075
FixedParameters: 0 0 0
#Transform 42
Transform: MatrixOffsetTransformBase_double_3_3
Parameters: 0.999999431626847 -0.00107702305118013 -0.0008284787747170758 0.0010736787630926288 0.9999926552168367 -0.0037670197621603486 0.0008325218359651887 0.003766465891978756 0.9999928441235515 -0.0254972608069437 -0.07341357300245477 -0.6586660817985717
FixedParameters: 0 0 0
#Transform 43
Transform: MatrixOffsetTransformBase_double_3_3
Parameters: 0.9999981995429439 -0.0010140674428929528 -0.001431680898242943 0.0010090647802040889 0.9999925073220008 -0.0038045750870357915 0.0014353185347657088 0.003803142586658804 0.999991197917658 -0.01185702738116845 -0.04598138872125901 -0.6563432084242322
FixedParameters: 0 0 0
#Transform 44
Transform: MatrixOffsetTransformBase_double_3_3
Parameters: 0.9999994665919671 -0.0013914848044898273 -0.00022340163742479158 0.0013904137973461254 0.999988226462834 -0.004565214217443097 0.0002295981189309737 0.004564662572674087 0.9999896572659203 -0.04853898008629187 -0.0687100794322788 -0.6706642253102899
FixedParameters: 0 0 0
#Transform 45
Transform: MatrixOffsetTransformBase_double_3_3
Parameters: 0.9999986971034895 -0.0010641808265226928 -0.0006831061748868994 0.001061084499538287 0.9999896632049528 -0.004382747803894008 0.0006878930821205137 0.004382523220917196 0.9999900262768354 -0.020125322557532854 -0.05784820075808739 -0.6608339955167253
FixedParameters: 0 0 0
#Transform 46
Transform: MatrixOffsetTransformBase_double_3_3
Parameters: 0.9999991264480371 -0.001311677813073889 -0.000650670573558873 0.0013098222764816492 0.999991974674447 -0.003648142511214456 0.0006563319251642469 0.003647661645399612 0.9999929940971605 -0.02365992107496595 -0.052336706811559 -0.6579021088288641
FixedParameters: 0 0 0
#Transform 47
Transform: MatrixOffsetTransformBase_double_3_3
Parameters: 0.9999992797903209 -0.0012477223855874868 -0.0007206778875142039 0.0012450130492815418 0.9999913323264552 -0.0038879787861598515 0.0007253231271622668 0.0038874088243247753 0.9999920070729477 -0.03288881070382388 -0.050199225429864214 -0.6572713929079015
FixedParameters: 0 0 0
#Transform 48
Transform: MatrixOffsetTransformBase_double_3_3
Parameters: 0.9999996849396412 -0.001208410294277782 0.0004982572439194977 0.0012106119218218527 0.9999858542183115 -0.0051655441731494256 -0.0004917460331704399 0.005165509304550246 0.9999866792239102 -0.061630284818861014 -0.047894988725488474 -0.6971504302916003
FixedParameters: 0 0 0
#Transform 49
Transform: MatrixOffsetTransformBase_double_3_3
Parameters: 0.9999989127227609 -0.0014262957599734528 -0.0006933990074636937 0.0014243678210245113 0.9999924645825281 -0.0035369441076938775 0.0006976021399196508 0.0035351968401335057 0.9999935844151505 -0.025718756759999906 -0.07120909319340285 -0.6638822966373823
FixedParameters: 0 0 0
#Transform 50
Transform: MatrixOffsetTransformBase_double_3_3
Parameters: 0.9999992220553837 -0.0013123253927378301 -0.0006509258700208853 0.0013094966153702997 0.999989016535456 -0.004389415244118575 0.0006570749101497131 0.004388932856023107 0.9999899390429525 -0.03618048612581504 -0.049379284167244464 -0.6622195186613169
FixedParameters: 0 0 0
#Transform 51
Transform: MatrixOffsetTransformBase_double_3_3
Parameters: 0.9999985396995619 -0.0015909288254800434 -0.000527706871269934 0.0015890905578438874 0.9999924514523589 -0.003609138566337752 0.0005342922567332792 0.003607606886489963 0.99999334782934 -0.04358863671333779 -0.05868498308463188 -0.668665933621881
FixedParameters: 0 0 0
#Transform 52
Transform: MatrixOffsetTransformBase_double_3_3
Parameters: 0.9999990233470205 -0.0012901496090305402 -0.0008137609110891175 0.0012871302193315447 0.9999921290509274 -0.003635031608296734 0.0008182389618392599 0.003634160833864151 0.9999927739867873 -0.031240344766288786 -0.05003858682765383 -0.6530490450951163
FixedParameters: 0 0 0
#Transform 53
Transform: MatrixOffsetTransformBase_double_3_3
Parameters: 0.9999986912279084 -0.001571088038592229 -0.0006002707601303614 0.0015681495415265276 0.9999903375479349 -0.00402512577867662 0.0006057278744462796 0.0040243866462727216 0.9999919190997023 -0.03312169629214168 -0.034716914493685636 -0.6798585928819847
FixedParameters: 0 0 0
#Transform 54
Transform: MatrixOffsetTransformBase_double_3_3
Parameters: 0.9999991818263101 -0.0013006361034843903 -0.0006907388976233192 0.0012976108969499393 0.9999921988863344 -0.0036220547894703415 0.0006952584344074586 0.0036204111171129825 0.9999930565601526 -0.02327923861687964 -0.061761397229517456 -0.6653685042227124
FixedParameters: 0 0 0
#Transform 55
Transform: MatrixOffsetTransformBase_double_3_3
Parameters: 0.9999987331376478 -0.001670891583727862 -0.00013251132278253863 0.0016705123551553614 0.9999859840562642 -0.005022588836948142 0.00014148996971603822 0.005022209518609271 0.9999872133803953 -0.048675305208817576 -0.04627586373514703 -0.6839077982641584
FixedParameters: 0 0 0
#Transform 56
Transform: MatrixOffsetTransformBase_double_3_3
Parameters: 0.9999989792449056 -0.0014984556627657213 -0.00046435547891428286 0.0014965539454924342 0.9999903989060379 -0.0041669721016241 0.0004706438817194264 0.004165728845846345 0.9999909825468234 -0.028601619616054563 -0.0637017603236103 -0.6731411693995568
FixedParameters: 0 0 0
#Transform 57
Transform: MatrixOffsetTransformBase_double_3_3
Parameters: 0.9999984770495065 -0.0016570116912082453 -0.00045926493653880573 0.001655513928528081 0.9999910084584261 -0.0037753739358680617 0.0004657352594241021 0.0037739988027592816 0.9999931035943807 -0.03490982085726557 -0.043160868720448775 -0.6771532613753521
FixedParameters: 0 0 0
#Transform 58
Transform: MatrixOffsetTransformBase_double_3_3
Parameters: 0.9999987900827167 -0.0015261463107221613 -0.0005672195491406296 0.001523291423539287 0.9999901963855651 -0.0041810514643306936 0.0005737786605772149 0.004180465587401266 0.999990755360232 -0.028100278885929697 -0.05182631900298418 -0.683660180565326
FixedParameters: 0 0 0
#Transform 59
Transform: MatrixOffsetTransformBase_double_3_3
Parameters: 0.999998453367179 -0.0016401398583956405 -0.0006070217212977014 0.0016382220331097666 0.9999906385692098 -0.003959477485422586 0.000612979953793169 0.003958709967877366 0.9999914409979195 -0.032131605151221265 -0.03898625533767586 -0.6861896785315196
FixedParameters: 0 0 0
#Transform 60
Transform: MatrixOffsetTransformBase_double_3_3
Parameters: 0.9999988925897771 -0.001331429683574069 -0.0008380244037654583 0.0013281848449624666 0.9999901411488228 -0.004253740160096585 0.000843977876006069 0.004252814164294118 0.999990833987966 -0.025840925608605403 -0.06543838204873964 -0.6809181261606057
FixedParameters: 0 0 0
#Transform 61
Transform: MatrixOffsetTransformBase_double_3_3
Parameters: 0.9999985652823303 -0.001511142547117573 -0.0007683562040262659 0.0015086748533206678 0.9999906402580289 -0.00413328386208875 0.0007746465704833727 0.004132264812602889 0.9999908845430955 -0.027114224313990576 -0.06458848338914436 -0.684554151943118
FixedParameters: 0 0 0
#Transform 62
Transform: MatrixOffsetTransformBase_double_3_3
Parameters: 0.9999976457346229 -0.0018648020336413968 -0.0006974062209722104 0.0018614399285902204 0.9999885288883461 -0.004472799957785977 0.0007055923146487425 0.004471418278445118 0.9999898989444548 -0.030275647357726143 -0.04690164635130145 -0.6845535146746755
FixedParameters: 0 0 0
#Transform 63
Transform: MatrixOffsetTransformBase_double_3_3
Parameters: 0.9999988725952638 -0.0015077958956430178 0.0005532045658091095 0.0015108682459340282 0.9999884716181391 -0.00460903817911617 -0.0005457918606427137 0.004610540023854843 0.999988995120868 -0.06394299518576929 -0.07017066985797271 -0.6938855544164113
FixedParameters: 0 0 0
#Transform 64
Transform: MatrixOffsetTransformBase_double_3_3
Parameters: 0.9999983192260848 -0.0016585794150573805 -0.000608962752628131 0.0016555925419476174 0.9999902393913588 -0.0040022601420345175 0.0006160356330613403 0.004001384036844473 0.9999921698502736 -0.030040675908324488 -0.06179808111376417 -0.6584799515306656
FixedParameters: 0 0 0
#Transform 65
Transform: MatrixOffsetTransformBase_double_3_3
Parameters: 0.9999975849569359 -0.0019986084261809766 -0.00015108307757095985 0.001998270390258352 0.9999885811033138 -0.00429270739483887 0.0001599177996377682 0.004292164333554971 0.9999909477856537 -0.05912651196840102 -0.04183614941375424 -0.6718416685312292
FixedParameters: 0 0 0
#Transform 66
Transform: MatrixOffsetTransformBase_double_3_3
Parameters: 0.9999980188082879 -0.001780473898373859 -0.0005894754731061574 0.0017778116147354674 0.9999878160928102 -0.004692818291504917 0.0005985254912554278 0.00469193694871061 0.9999890916076499 -0.035901342292689264 -0.05246011852075583 -0.6851682684752376
FixedParameters: 0 0 0
#Transform 67
Transform: MatrixOffsetTransformBase_double_3_3
Parameters: 0.9999990179010556 -0.001458913631064685 -0.000639277629237725 0.0014559560443275722 0.9999843642061911 -0.00533989165793646 0.0006467258014397487 0.005339328133304589 0.9999855193985484 -0.038822693616481274 -0.05116637779583755 -0.6927935191766608
FixedParameters: 0 0 0
#Transform 68
Transform: MatrixOffsetTransformBase_double_3_3
Parameters: 0.9999989515689018 -0.0016042557026347591 0.00017463905944450908 0.0016051015388640626 0.9999840504644776 -0.005419570441054206 -0.00016536103687227188 0.005420037576611396 0.9999850410953958 -0.06833995442285357 -0.04877267354376613 -0.7116043583655625
FixedParameters: 0 0 0
#Transform 69
Transform: MatrixOffsetTransformBase_double_3_3
Parameters: 0.9999986803817353 -0.0013154360952985942 -0.0009779202391230202 0.001311738898793739 0.9999890465648227 -0.0043855442910899645 0.0009840816820604614 0.004384356227960967 0.9999894414487261 -0.027277863780057032 -0.04684037311250222 -0.6800448720183425
FixedParameters: 0 0 0
#Transform 70
Transform: MatrixOffsetTransformBase_double_3_3
Parameters: 0.9999985613154861 -0.0016226465153544496 -0.0006721235315588908 0.001618971264168934 0.9999829497742551 -0.005606056715594959 0.0006808781713012468 0.005605174494792597 0.9999844731454566 -0.03806956334972256 -0.05225881893137796 -0.6959366538615086
FixedParameters: 0 0 0
#Transform 71
Transform: MatrixOffsetTransformBase_double_3_3
Parameters: 0.9999988464101252 -0.0016379212895231542 0.0001212300618793627 0.0016380859153019948 0.9999866775817513 -0.0049636350792993745 -0.00011277189446332048 0.0049639399165115165 0.999987803793204 -0.07237091972774579 -0.06955146913530541 -0.7027773991498236
FixedParameters: 0 0 0
#Transform 72
Transform: MatrixOffsetTransformBase_double_3_3
Parameters: 0.9999990959447388 -0.0014352796250736728 -0.0005819058663700805 0.0014323207874380563 0.9999816622213074 -0.005855239605860676 0.0005910981609338756 0.005854868492218977 0.9999828783038108 -0.036932127814836235 -0.052834917045856855 -0.6896871501392354
FixedParameters: 0 0 0
#Transform 73
Transform: MatrixOffsetTransformBase_double_3_3
Parameters: 0.9999989950930788 -0.0015315131832129584 -0.0005018052192851674 0.0015280603517049151 0.9999782788321455 -0.006355218748120752 0.0005121928738091863 0.006353902904850762 0.9999797696366959 -0.03296154340561941 -0.056476625904281264 -0.6984208107949428
FixedParameters: 0 0 0
#Transform 74
Transform: MatrixOffsetTransformBase_double_3_3
Parameters: 0.9999986270513875 -0.0015209013811496406 -0.0007765360231443003 0.0015173249379732317 0.9999871816496572 -0.004849789712694842 0.0007834644031404076 0.004847733716234286 0.9999883377901505 -0.022636058315939067 -0.048291911937866416 -0.6786075434907559
FixedParameters: 0 0 0
#Transform 75
Transform: MatrixOffsetTransformBase_double_3_3
Parameters: 0.9999983499525388 -0.0013617463006409774 -0.0006182034954974186 0.0013581124568493807 0.9999803842843988 -0.006063681110233665 0.0006257971072705093 0.006063300094911059 0.9999812605563676 -0.029696728841372533 -0.03398711860303649 -0.7045236933029457
FixedParameters: 0 0 0
#Transform 76
Transform: MatrixOffsetTransformBase_double_3_3
Parameters: 0.9999990346650561 -0.0013538754110909456 -0.0007961302975067058 0.0013490117041303406 0.9999799354506235 -0.006102659078701218 0.0008048699702023071 0.0061018846067178245 0.9999806191722366 -0.02312550841418215 -0.07078209731884044 -0.6813803224004857
FixedParameters: 0 0 0
#Transform 77
Transform: MatrixOffsetTransformBase_double_3_3
Parameters: 0.9999979638063585 -0.0015086584643609292 -0.001160338482433923 0.0015014546304385778 0.9999800947076747 -0.006054053957451525 0.0011696607288786132 0.006052093269460495 0.9999814164249526 -0.02507047226184511 -0.029611651788059135 -0.6875772070877275
FixedParameters: 0 0 0
#Transform 78
Transform: MatrixOffsetTransformBase_double_3_3
Parameters: 0.9999982320435139 -0.00160235682128169 -0.0009136406822356224 0.0015975365763799738 0.9999847967638748 -0.005257953013606709 0.0009213609101169362 0.005257403218680533 0.9999858810935818 -0.03939090319919103 -0.05239588962292885 -0.6785931312150097
FixedParameters: 0 0 0
#Transform 79
Transform: MatrixOffsetTransformBase_double_3_3
Parameters: 0.9999987395022584 -0.0010863573203004247 -0.0007227734846025347 0.001082095568255069 0.9999799587060934 -0.006313994514352554 0.0007292291331607165 0.0063138094140812616 0.999980165039124 -0.027793427543045368 -0.04771320686688796 -0.7140646847138612
FixedParameters: 0 0 0
#Transform 80
Transform: MatrixOffsetTransformBase_double_3_3
Parameters: 0.9999979542479434 -0.001846334773992585 -0.0005134283157946506 0.0018438819189023666 0.9999848283544018 -0.00517402190351346 0.0005235730134214855 0.0051733408030748655 0.9999863364174143 -0.05299050000154182 -0.04071765816452455 -0.6943282940837037
FixedParameters: 0 0 0
#Transform 81
Transform: MatrixOffsetTransformBase_double_3_3
Parameters: 0.9999978087050594 -0.0017850516637044696 -0.0008577756001915127 0.0017797073690308549 0.999981091513308 -0.005893665866456246 0.0008682231822803865 0.005892975580021947 0.9999817932571776 -0.031978406987335006 -0.0575804701971947 -0.6971838478398524
FixedParameters: 0 0 0
#Transform 82
Transform: MatrixOffsetTransformBase_double_3_3
Parameters: 0.9999985604764049 -0.0016772391219817954 -0.0005984452793481587 0.0016731510147128357 0.9999817404554412 -0.005870554390426526 0.0006075502101479391 0.005868769468292922 0.9999824527570843 -0.03428703357761265 -0.05114707250123729 -0.7093969914645726
FixedParameters: 0 0 0
#Transform 83
Transform: MatrixOffsetTransformBase_double_3_3
Parameters: 0.9999986353182737 -0.0015619727755749806 -0.0007677168813512297 0.0015572436315535866 0.9999796750162441 -0.0062368691816331095 0.0007772835575684395 0.0062358487747036775 0.9999798461727115 -0.034096668497525684 -0.04168415653229829 -0.6881422380768072
FixedParameters: 0 0 0
#Transform 84
Transform: MatrixOffsetTransformBase_double_3_3
Parameters: 0.9999986189310158 -0.0015630463378218662 -0.0007680243118388386 0.0015587838468489295 0.9999813469766055 -0.005934834963419344 0.0007769772302510525 0.0059338125386469666 0.9999815345208338 -0.029645475809616073 -0.06013183501761432 -0.7024113857757328
FixedParameters: 0 0 0
#Transform 85
Transform: MatrixOffsetTransformBase_double_3_3
Parameters: 0.9999975112164693 -0.0018557940512823102 -0.0009339329335669305 0.0018499581420908912 0.999978536586214 -0.006248390918660785 0.0009450665551611198 0.006246376998597279 0.9999802600307957 -0.04069639049785678 -0.034357792784916796 -0.6995754707682664
FixedParameters: 0 0 0
#Transform 86
Transform: MatrixOffsetTransformBase_double_3_3
Parameters: 0.9999974231800921 -0.001659640298586991 -0.0012072681170821747 0.0016526170637040536 0.9999851414643601 -0.005303182084882172 0.0012157272903658284 0.005301633846750958 0.9999847828017381 -0.03205504838953743 -0.041137373348760775 -0.7013568956958807
FixedParameters: 0 0 0
#Transform 87
Transform: MatrixOffsetTransformBase_double_3_3
Parameters: 0.999998745691659 -0.0010922770127682318 0.000696060985081709 0.0010965297386069154 0.9999821241371977 -0.005888684738332581 -0.0006899380283295065 0.005888890840209651 0.9999824179397127 -0.08981510508576207 -0.06191393202085749 -0.7019237312538564
FixedParameters: 0 0 0
#Transform 88
Transform: MatrixOffsetTransformBase_double_3_3
Parameters: 0.9999984282581136 -0.0016822442514675782 -0.0006082162434369875 0.0016787733839728003 0.9999850241569267 -0.005211123000671527 0.0006167821975927856 0.005210296657286431 0.9999858455817465 -0.0514714762672952 -0.049131958931056374 -0.6789418998615702
FixedParameters: 0 0 0
#Transform 89
Transform: MatrixOffsetTransformBase_double_3_3
Parameters: 0.9999984851170127 -0.0016448817967497106 -0.0006700201708286224 0.0016413111767642698 0.9999835565115096 -0.005545129899759357 0.0006789808621883303 0.0055442240967346545 0.999984161485584 -0.040345767841230895 -0.0498747270661255 -0.659014514093343
FixedParameters: 0 0 0
#Transform 90
Transform: MatrixOffsetTransformBase_double_3_3
Parameters: 0.9999980164317734 -0.0018819948618856851 -0.0011238385512630095 0.001874954067547984 0.9999793878906251 -0.006172493470400934 0.0011351620070365193 0.0061697960822909145 0.9999808198907865 -0.04013034828602713 -0.03700668883065816 -0.6618179931768537
FixedParameters: 0 0 0
#Transform 91
Transform: MatrixOffsetTransformBase_double_3_3
Parameters: 0.9999983205768012 -0.0017941272176450428 0.0002981348058381933 0.0017951905120862513 0.9999850301120802 -0.005074385016580172 -0.0002888687332598533 0.00507428465612487 0.9999875372484741 -0.0778119700291171 -0.061225880881451644 -0.6815391251892606
FixedParameters: 0 0 0
#Transform 92
Transform: MatrixOffsetTransformBase_double_3_3
Parameters: 0.9999974764513 -0.002078445175863948 -0.000006515736773737846 0.002078305627506585 0.9999825197536933 -0.0055821652666702476 0.00001848380122948523 0.005582113306252197 0.9999840429901697 -0.0795803464761633 -0.01874577487363638 -0.7006928366061942
FixedParameters: 0 0 0
#Transform 93
Transform: MatrixOffsetTransformBase_double_3_3
Parameters: 0.999997602216112 -0.001998640673574062 0.0000017337596320832205 0.001998619872349759 0.9999896913054905 -0.004161021490727619 0.000006733703095326837 0.004161011496425206 0.9999910890769955 -0.0702054017611573 -0.04188830234615182 -0.665710876319153
FixedParameters: 0 0 0
#Transform 94
Transform: MatrixOffsetTransformBase_double_3_3
Parameters: 0.9999978510332836 -0.0020727467992828646 -0.0007931649325302048 0.0020693075777739297 0.9999849147978432 -0.0051769273485624216 0.000803839890158628 0.005176006017563029 0.9999857885462307 -0.04691559512083643 -0.019872158165185283 -0.6648428344013126
FixedParameters: 0 0 0
#Transform 95
Transform: MatrixOffsetTransformBase_double_3_3
Parameters: 0.9999978044166984 -0.0017439951146563054 -0.0009344600194027969 0.0017384801660969488 0.9999831765242361 -0.005549928054116389 0.0009435363732313712 0.005548047198056682 0.9999836086541528 -0.04180037333193809 -0.03932006355876183 -0.6451697169653983
FixedParameters: 0 0 0
#Transform 96
Transform: MatrixOffsetTransformBase_double_3_3
Parameters: 0.9999979544727013 -0.0015326891068046132 -0.0011189085977449387 0.0015266278417636597 0.9999842839982426 -0.0053278853727297005 0.0011270892075860017 0.0053259174042364354 0.9999848072499143 -0.03944527721469626 -0.02372817368022595 -0.6578148371022934
FixedParameters: 0 0 0
#Transform 97
Transform: MatrixOffsetTransformBase_double_3_3
Parameters: 0.999998540074783 -0.0013710307697827966 -0.0010193590199281954 0.0013662687137675007 0.999987775589321 -0.004728394631118858 0.00102564098408299 0.004726984937294132 0.9999881444888536 -0.040707024914823364 -0.03301380369724427 -0.6344418909174152
FixedParameters: 0 0 0
#Transform 98
Transform: MatrixOffsetTransformBase_double_3_3
Parameters: 0.9999978834719925 -0.0019333689140936376 0.00000357691412500305 0.0019333542203266438 0.9999862576573777 -0.0048994180196590435 0.000006576872907532172 0.004899412218571843 0.9999883741813037 -0.07505353530366676 -0.022088596300903873 -0.664574456940727
FixedParameters: 0 0 0
#Transform 99
Transform: MatrixOffsetTransformBase_double_3_3
Parameters: 0.9999976148794524 -0.0022564382380462437 -0.00025652891587886473 0.002254810969693277 0.9999849275966503 -0.004998984536545205 0.0002684682949404271 0.004997878785396395 0.9999871749047379 -0.05878137489604285 -0.042009307139807106 -0.6460977650830841
FixedParameters: 0 0 0
#Transform 100
Transform: MatrixOffsetTransformBase_double_3_3
Parameters: 0.9999986444769171 -0.0017487217187676406 0.00009233431959983218 0.001749665663391653 0.9999841751547611 -0.005363139883522154 -0.0000836628938521572 0.0053634477404738085 0.9999855151902517 -0.07618392233139559 -0.02308806953054443 -0.6679406139865591
FixedParameters: 0 0 0
#Transform 101
Transform: MatrixOffsetTransformBase_double_3_3
Parameters: 0.9999978985923188 -0.0018130574275049814 -0.0006542671120152305 0.0018107504973854751 0.999987439474366 -0.0047204287939120355 0.0006627366007015412 0.004719353250457115 0.9999886736294819 -0.04477665768551731 -0.050396085189660766 -0.6658800235758804
FixedParameters: 0 0 0
#Transform 102
Transform: MatrixOffsetTransformBase_double_3_3
Parameters: 0.9999984713146934 -0.0018008313394300916 0.0000568511578852432 0.0018014073755246278 0.9999830778198229 -0.005538666497759941 -0.00004714708191357053 0.0055388538132895805 0.999984601097223 -0.07378397942773063 -0.008843590964019654 -0.6881150787355494
FixedParameters: 0 0 0
#Transform 103
Transform: MatrixOffsetTransformBase_double_3_3
Parameters: 0.9999984541536044 -0.0017375811235712634 0.0004001083343105477 0.0017398330292115354 0.9999842214309184 -0.0052682123243477565 -0.0003908919490999835 0.00526843381647425 0.9999864544343028 -0.07916273782929295 -0.04455865641436674 -0.676674176170664
FixedParameters: 0 0 0
#Transform 104
Transform: MatrixOffsetTransformBase_double_3_3
Parameters: 0.9999979062814428 -0.0018882293626408604 -0.0011166469161245363 0.0018815811395213589 0.999982552726192 -0.0055591282707583775 0.0011273526152416197 0.005557363094094221 0.9999841286549155 -0.06312098976704306 -0.02347293541404838 -0.6582180752258182
FixedParameters: 0 0 0
#Transform 105
Transform: MatrixOffsetTransformBase_double_3_3
Parameters: 0.9999986934470495 -0.0015591091088493815 -0.0007271982115130554 0.001554478207210761 0.999981501407414 -0.005837832551195847 0.000735800265211653 0.0058368656964045765 0.9999827377671578 -0.05131753854782062 -0.035796429916715056 -0.6816960334089686
FixedParameters: 0 0 0
#Transform 106
Transform: MatrixOffsetTransformBase_double_3_3
Parameters: 0.9999978780044965 -0.0018241796052564326 -0.0007247993976154943 0.0018196904099533155 0.9999815914252568 -0.005752961036577197 0.0007351992828435877 0.005751611740684605 0.9999836476120909 -0.05422673022232516 -0.02836639833309107 -0.6717516120010885
FixedParameters: 0 0 0
#Transform 107
Transform: MatrixOffsetTransformBase_double_3_3
Parameters: 0.9999981411007656 -0.0016839958961853763 -0.0008215139790674203 0.0016792955714912809 0.9999813984973944 -0.005812168439016368 0.0008314866444767699 0.005810777863323746 0.9999828911788332 -0.0374040755717715 -0.016583911040015664 -0.6649757934775664
FixedParameters: 0 0 0
#Transform 108
Transform: MatrixOffsetTransformBase_double_3_3
Parameters: 0.9999975934898501 -0.0016899115491206785 -0.0010375845057876143 0.0016850050656108326 0.999989541427616 -0.004197142376609498 0.001044413515234835 0.004195936741028757 0.9999907805663436 -0.03775767043532596 -0.020032517078718115 -0.6390891681102175
FixedParameters: 0 0 0
#Transform 109
Transform: MatrixOffsetTransformBase_double_3_3
Parameters: 0.9999986973762892 -0.0016733370269916596 0.0004888041566670082 0.0016762204560541107 0.9999803703982909 -0.006067612179701767 -0.0004791951581019638 0.006068998002093134 0.9999812045059012 -0.07498021849029612 -0.027981168169802118 -0.6810832743005335
FixedParameters: 0 0 0
#Transform 110
Transform: MatrixOffsetTransformBase_double_3_3
Parameters: 0.9999978225895608 -0.0018364066568992707 -0.0007278084873901802 0.0018320093633599267 0.9999825311617613 -0.005666746541563737 0.0007381896696393025 0.005665368323089887 0.9999836339858614 -0.06715348264113175 -0.039295768078076776 -0.6830311239941835
FixedParameters: 0 0 0
#Transform 111
Transform: MatrixOffsetTransformBase_double_3_3
Parameters: 0.9999988666578504 -0.0010208054230241175 0.0006565068149712167 0.0010242537566398698 0.9999835858673114 -0.005688803278455281 -0.0006504941815797666 0.005689825900625438 0.9999838650772435 -0.09006692581276354 -0.014316946073563486 -0.6769178308241663
FixedParameters: 0 0 0
#Transform 112
Transform: MatrixOffsetTransformBase_double_3_3
Parameters: 0.9999977889485708 -0.0019838544033548627 0.0002659147646649207 0.0019857539584841443 0.9999821532084269 -0.005558930201591333 -0.0002550815997854061 0.0055598858297793265 0.9999842285390834 -0.07492800767703045 -0.03999004101270032 -0.6863848315013144
FixedParameters: 0 0 0
#Transform 113
Transform: MatrixOffsetTransformBase_double_3_3
Parameters: 0.9999984021058435 -0.0015892055488051346 -0.0007964811434078151 0.0015843776877604528 0.9999837377376889 -0.005454429740795903 0.0008055167786069489 0.005453198433373855 0.9999850524210706 -0.04616317146917481 -0.020976353304902773 -0.6556516363067857
FixedParameters: 0 0 0
#Transform 114
Transform: MatrixOffsetTransformBase_double_3_3
