#Insight Transform File V1.0
#Transform 0
Transform: MatrixOffsetTransformBase_double_3_3
Parameters: 0.9999973015811069 -0.001036742762680745 -0.001950283877077963 0.0010312602939386234 0.9999954256341724 -0.002917647420200519 0.001953713834125806 0.0029150783351341416 0.9999935034242555 0.04251547617867857 -0.0917379683739199 -0.500374165641972
FixedParameters: 0 0 0
#Transform 1
Transform: MatrixOffsetTransformBase_double_3_3
Parameters: 0.9999984912822273 -0.0010274163432237057 -0.0016563130684513622 0.0010201481831649682 0.9999907073910029 -0.004272269290328759 0.001660687990123741 0.00427041951699247 0.9999897148322763 0.039093073272042034 -0.06947065668123287 -0.4944015093971501
FixedParameters: 0 0 0
#Transform 2
Transform: MatrixOffsetTransformBase_double_3_3
Parameters: 0.9999977081438557 -0.0008065157674629217 -0.0016875357824797932 0.0007994799921127424 0.9999926838843123 -0.0038309285292851877 0.0016904604121652511 0.0038296836638696125 0.999991270279159 0.04342882256079861 -0.0935038555676897 -0.509335127792923
FixedParameters: 0 0 0
#Transform 3
Transform: MatrixOffsetTransformBase_double_3_3
Parameters: 0.9999978313990407 -0.000937061986185117 -0.001867977155899092 0.0009297086901399102 0.9999926048799955 -0.003811987740550557 0.0018720210668919102 0.0038100429928659995 0.9999907796513172 0.04079889908371115 -0.09187064625521657 -0.4858648968024539
FixedParameters: 0 0 0
#Transform 4
Transform: MatrixOffsetTransformBase_double_3_3
Parameters: 0.999997225529089 -0.0012723996177963536 -0.0021254344192574576 0.0012638713782686774 0.9999907855717112 -0.0040764139736916335 0.002130567718227977 0.0040737167236418355 0.9999895032186596 0.016186535373677202 -0.07440831582398744 -0.5119910619516332
FixedParameters: 0 0 0
#Transform 5
Transform: MatrixOffsetTransformBase_double_3_3
Parameters: 0.9999968934402635 -0.0012691194204263044 -0.0022027081188184666 0.0012610674370979588 0.9999919063766558 -0.003807918993007714 0.0022072947346657157 0.003806036786546132 0.9999902888291972 0.01945265785069239 -0.09268292990016391 -0.5053096324088244
FixedParameters: 0 0 0
#Transform 6
Transform: MatrixOffsetTransformBase_double_3_3
Parameters: 0.9999978346931647 -0.000951658571351172 -0.0018646101066073506 0.0009431604745758004 0.9999898240264161 -0.004391659377053435 0.0018693900286798348 0.004389746315768961 0.9999890179141048 0.023079846901211454 -0.06199565077287161 -0.5017792623718691
FixedParameters: 0 0 0
#Transform 7
Transform: MatrixOffsetTransformBase_double_3_3
Parameters: 0.9999972034031761 -0.001329930369756176 -0.001839587466631376 0.0013230458804910474 0.9999923990230547 -0.003721566456568382 0.001844411835644419 0.0037192226998180745 0.9999914096609561 0.021375336665883538 -0.10718102541110852 -0.5124347936694988
FixedParameters: 0 0 0
#Transform 8
Transform: MatrixOffsetTransformBase_double_3_3
Parameters: 0.9999975163446339 -0.0010389630183884279 -0.0019204248561089238 0.00103132703482529 0.9999916089104908 -0.004040914584828586 0.001924573786944217 0.004038559021555452 0.9999897005169993 0.004723682614638847 -0.06947170824840043 -0.516648781624383
FixedParameters: 0 0 0
#Transform 9
Transform: MatrixOffsetTransformBase_double_3_3
Parameters: 0.9999974489080412 -0.0013960774159901543 -0.0020109625708407824 0.0013875973709502657 0.9999906822565171 -0.004048766717436002 0.0020160390073381274 0.00404578326537695 0.9999901249358922 0.02386433182002179 -0.09148701175482188 -0.5049366321190689
FixedParameters: 0 0 0
#Transform 10
Transform: MatrixOffsetTransformBase_double_3_3
Parameters: 0.9999971137851732 -0.0011436576918612386 -0.0019650556872623376 0.0011358444676320737 0.9999917617489144 -0.003993814044015206 0.0019699418465470298 0.003990953688491346 0.9999899058152733 0.02584448389106342 -0.047452229290669834 -0.5024557841238249
FixedParameters: 0 0 0
#Transform 11
Transform: MatrixOffsetTransformBase_double_3_3
Parameters: 0.9999973200290172 -0.0011328953629047172 -0.0019390461410482007 0.0011250542750760363 0.9999914533246611 -0.004034737154678338 0.0019429521993320487 0.004032975962481325 0.9999895982970444 0.04581595395949023 -0.089979747621598 -0.5086380186082522
FixedParameters: 0 0 0
#Transform 12
Transform: MatrixOffsetTransformBase_double_3_3
Parameters: 0.9999970204690347 -0.000997917996878726 -0.0020494157914832806 0.0009888276818692681 0.9999898105575489 -0.004383255417617229 0.0020545821912135442 0.004380881635215156 0.9999883686337547 -0.0014883031550709802 -0.04615392936908336 -0.5081947253002426
FixedParameters: 0 0 0
#Transform 13
Transform: MatrixOffsetTransformBase_double_3_3
Parameters: 0.9999973090184958 -0.0011517187986939679 -0.0019101200726264755 0.001143668678106651 0.9999914063332326 -0.00390992247355692 0.0019148771089937677 0.003907078651622356 0.9999907819706428 0.032150100596354036 -0.07916893756258503 -0.5001845409623513
FixedParameters: 0 0 0
#Transform 14
Transform: MatrixOffsetTransformBase_double_3_3
Parameters: 0.9999977306872466 -0.000957642802061497 -0.0016256727783248853 0.0009508600252544905 0.9999904191611173 -0.00420436565138695 0.0016293244042904914 0.004202805678674066 0.9999893909382618 0.012261215160435768 -0.05667023468207333 -0.5166720817166066
FixedParameters: 0 0 0
#Transform 15
Transform: MatrixOffsetTransformBase_double_3_3
Parameters: 0.9999982354155785 -0.0005095600074703367 -0.00188652081275191 0.0005012280057188254 0.9999900936581764 -0.004319297391636481 0.001889478185091581 0.0043180166824402485 0.9999887291165828 0.02113496020641037 -0.08427254878398571 -0.4963430583424895
FixedParameters: 0 0 0
#Transform 16
Transform: MatrixOffsetTransformBase_double_3_3
Parameters: 0.9999977457838587 -0.0007461246206996399 -0.001707538897458477 0.0007391509144144578 0.9999905202647896 -0.004351102859541784 0.0017104611168797662 0.004350189100817876 0.9999889330864626 0.04332150925418432 -0.05102325784096706 -0.4902832191030342
FixedParameters: 0 0 0
#Transform 17
Transform: MatrixOffsetTransformBase_double_3_3
Parameters: 0.9999981982048289 -0.0008074585315076319 -0.0018351995258972936 0.0007990237206121451 0.9999895950453598 -0.004445844506135098 0.0018388009520655668 0.004444517970670069 0.9999886476615782 0.01112915683826543 -0.09151355731850686 -0.49115310892028674
FixedParameters: 0 0 0
#Transform 18
Transform: MatrixOffsetTransformBase_double_3_3
Parameters: 0.9999978120358858 -0.0009243920098290527 -0.0019038318427339607 0.0009163313971368872 0.9999906202153013 -0.0041881384121974854 0.0019071683783632998 0.004186255485858392 0.9999895462786508 0.0037102012165775022 -0.0552006569720902 -0.5003373596411649
FixedParameters: 0 0 0
#Transform 19
Transform: MatrixOffsetTransformBase_double_3_3
Parameters: 0.999998637586979 -0.0008229437464649397 -0.0013772573053968812 0.0008172960534722292 0.9999907874276335 -0.004188461555408899 0.0013807434835824556 0.004187667324773626 0.9999903465384412 0.01181417382905181 -0.0776722428908414 -0.4994052519504635
FixedParameters: 0 0 0
#Transform 20
Transform: MatrixOffsetTransformBase_double_3_3
Parameters: 0.9999986770689617 -0.000802254848461879 -0.0017001781416898648 0.0007951726863544079 0.9999899984394199 -0.004400944531418137 0.001703824211218563 0.004399850283715518 0.9999885277256104 0.012316837021060678 -0.043234924592525203 -0.49160596709101867
FixedParameters: 0 0 0
#Transform 21
Transform: MatrixOffsetTransformBase_double_3_3
Parameters: 0.9999987211913661 -0.00046201087502343604 -0.0017887547235860835 0.0004547197543711993 0.9999907814992265 -0.00424362784626281 0.0017902493942829056 0.00424361194069152 0.9999896556460336 0.004692051058327706 -0.08900870882443712 -0.5011093433827227
FixedParameters: 0 0 0
#Transform 22
Transform: MatrixOffsetTransformBase_double_3_3
Parameters: 0.9999976133969122 -0.001230702343889498 -0.0017986347856184248 0.0012229456900248804 0.9999911148163627 -0.004048158039936896 0.0018033630604450124 0.004046282047180899 0.999990014187118 0.025837443874351607 -0.046072701694583884 -0.49633009954882823
FixedParameters: 0 0 0
#Transform 23
Transform: MatrixOffsetTransformBase_double_3_3
Parameters: 0.9999977681781602 -0.0009674227965398144 -0.001872560971434234 0.0009592428400485074 0.9999906923637902 -0.004288127738180026 0.0018774376112716956 0.004286139807259288 0.9999888928983529 0.02787284620623609 -0.08897549882290434 -0.5096851940610776
FixedParameters: 0 0 0
#Transform 24
Transform: MatrixOffsetTransformBase_double_3_3
Parameters: 0.9999979424446458 -0.0006965732570386814 -0.0016429662666456318 0.0006899729731787032 0.9999928856210052 -0.0038263055296245563 0.001646031225436148 0.0038244960968513643 0.9999915343960363 0.04112499351023757 -0.04544380307696372 -0.5038527420009302
FixedParameters: 0 0 0
#Transform 25
Transform: MatrixOffsetTransformBase_double_3_3
Parameters: 0.999998858703878 -0.0005157132489546146 -0.0013935110723936467 0.000509899717119865 0.999989715586002 -0.004585343976716716 0.0013964926616819584 0.0045844624493373955 0.9999889648045844 0.024822462679281898 -0.07436222293463857 -0.4990191422621848
FixedParameters: 0 0 0
#Transform 26
Transform: MatrixOffsetTransformBase_double_3_3
Parameters: 0.9999979949708746 -0.0009072211291287291 -0.0015785808174931804 0.0008989404644747371 0.9999881207694151 -0.004803103330530806 0.0015824145911068344 0.004801794808099502 0.999987129812605 0.01918884866041992 -0.046055407248019264 -0.5052071418595432
FixedParameters: 0 0 0
#Transform 27
Transform: MatrixOffsetTransformBase_double_3_3
Parameters: 0.9999983871570188 -0.000419524719579593 -0.0018719116778317113 0.0004109060252425978 0.9999887759895897 -0.004696323366962192 0.0018740905454983081 0.004695474090853458 0.999987372525359 0.017205894610711425 -0.07548161621880922 -0.4840283176954756
FixedParameters: 0 0 0
#Transform 28
Transform: MatrixOffsetTransformBase_double_3_3
Parameters: 0.999998611903921 -0.00073181507300613 -0.0017294308847258938 0.0007238741550751138 0.9999893463239561 -0.00459700797448818 0.0017335693401410862 0.004595115102374179 0.9999877381986574 0.0021732665780263005 -0.038695018139634385 -0.49586191043430006
FixedParameters: 0 0 0
#Transform 29
Transform: MatrixOffsetTransformBase_double_3_3
Parameters: 0.9999985475980475 -0.0007923777115900555 -0.0017442724930064324 0.000784779416116155 0.9999896883210818 -0.004437873472412681 0.001747731143146622 0.004436744329508058 0.9999890436493718 0.03158922339191861 -0.08017993817499303 -0.4916199005911608
FixedParameters: 0 0 0
#Transform 30
Transform: MatrixOffsetTransformBase_double_3_3
Parameters: 0.9999986021622536 -0.0002594445612370038 -0.0018436713455618342 0.0002512108910035616 0.9999891691773549 -0.004665469246618236 0.0018443329608726217 0.004665233726657598 0.99998776629263 0.016815160459515255 -0.05710182623029425 -0.48005722184842625
FixedParameters: 0 0 0
#Transform 31
Transform: MatrixOffsetTransformBase_double_3_3
Parameters: 0.9999977012823329 -0.0006804859978095872 -0.001996679355406192 0.0006712102135433246 0.9999883606015675 -0.004815776657361308 0.0020003226758081305 0.004813859861154455 0.9999866712556067 0.031949129424134526 -0.0756153126619381 -0.46831779651630256
FixedParameters: 0 0 0
#Transform 32
Transform: MatrixOffsetTransformBase_double_3_3
Parameters: 0.9999980058450048 -0.0006910817788268471 -0.0016576411191404905 0.0006831975687862215 0.9999886809783612 -0.004780650162095217 0.0016603573802446425 0.004778997892489846 0.9999871705381602 0.014061452350560444 -0.0427656410501811 -0.5009912282753817
FixedParameters: 0 0 0
#Transform 33
Transform: MatrixOffsetTransformBase_double_3_3
Parameters: 0.9999979814464859 -0.001175152542858216 -0.001714300091467516 0.0011667139702480384 0.9999882301272978 -0.004733419156925635 0.0017206997233750049 0.004732018479404942 0.9999873490295962 0.024215201186308377 -0.06750204055492759 -0.4895299237256694
FixedParameters: 0 0 0
#Transform 34
Transform: MatrixOffsetTransformBase_double_3_3
Parameters: 0.9999980867062404 -0.0006238611330239685 -0.0016301337295766133 0.0006172797925833146 0.9999915451208752 -0.0041317873892979815 0.0016328659896968911 0.004131308589017121 0.9999901348039113 0.009319739114161507 -0.01769259835526782 -0.5026140999390378
FixedParameters: 0 0 0
#Transform 35
Transform: MatrixOffsetTransformBase_double_3_3
Parameters: 0.999998607669281 -0.000958191592050512 -0.0016663867601835747 0.0009505045148953889 0.999988279997592 -0.004670799306315618 0.0016706166172713866 0.004669239215951451 0.9999881045029394 0.0018250860443345118 -0.07607355505264479 -0.48130774055370296
FixedParameters: 0 0 0
#Transform 36
Transform: MatrixOffsetTransformBase_double_3_3
Parameters: 0.9999981830894683 -0.0004520104717190396 -0.001642805272881881 0.0004431720275887671 0.9999866500887074 -0.005114069244790094 0.0016451928739730365 0.005113225226572875 0.9999860614913703 0.007484976558984613 -0.04375153904769036 -0.49708923471474975
FixedParameters: 0 0 0
#Transform 37
Transform: MatrixOffsetTransformBase_double_3_3
Parameters: 0.9999986446854512 -0.00040758306587399516 -0.0018249406515535305 0.0003989448492924673 0.9999891312373526 -0.004550807186306609 0.0018260586477330948 0.004549962536841714 0.9999878216126029 0.002481383988808261 -0.08782628567942652 -0.4878089393208569
FixedParameters: 0 0 0
#Transform 38
Transform: MatrixOffsetTransformBase_double_3_3
Parameters: 0.9999976274650059 -0.0002633965622599576 -0.002074738854960581 0.00025279454769201596 0.9999871867108115 -0.004975226769799693 0.002076260758692619 0.0049739430782708965 0.9999859437835041 -0.0003842667807276712 -0.056001860178241714 -0.49862261040917133
FixedParameters: 0 0 0
#Transform 39
Transform: MatrixOffsetTransformBase_double_3_3
Parameters: 0.9999985626059569 -0.0006769418856599229 -0.0014596979559627632 0.0006698811352738954 0.9999884778283044 -0.004803682370763817 0.0014633018542373338 0.004802263188236254 0.9999876432308138 0.007016412921529991 -0.061800501647894635 -0.46688945820383765
FixedParameters: 0 0 0
#Transform 40
Transform: MatrixOffsetTransformBase_double_3_3
Parameters: 0.9999983432268147 -0.00035355904945227174 -0.001616259736809747 0.00034527994248550006 0.9999876162552113 -0.005026331205533821 0.0016177385302209718 0.005025828849709119 0.9999860436166218 0.012511650375060412 -0.06484549039410581 -0.48953992880203145
FixedParameters: 0 0 0
#Transform 41
Transform: MatrixOffsetTransformBase_double_3_3
Parameters: 0.9999979506518551 -0.00028892774210909934 -0.0020085321755880653 0.00028012034545329067 0.9999890812037759 -0.004673262266248464 0.0020094706176223692 0.004672903634391064 0.9999870583320059 0.006374706655748241 -0.056893915595750855 -0.4706918513936955
FixedParameters: 0 0 0
#Transform 42
Transform: MatrixOffsetTransformBase_double_3_3
Parameters: 0.9999973777537671 -0.00008300428639441428 -0.0021475688504389856 0.00007333288825719692 0.9999887301138078 -0.004823473101141929 0.0021474333778031818 0.004823003499633445 0.9999861287785639 0.0037440345321186896 -0.05102787216800664 -0.4823988089636231
FixedParameters: 0 0 0
#Transform 43
Transform: MatrixOffsetTransformBase_double_3_3
Parameters: 0.9999984614789814 -0.0003962487927650783 -0.001567030304463965 0.00038798234222446056 0.9999882146276357 -0.004861560140656594 0.0015689654373249456 0.004860879672742226 0.999986835875126 0.012578905774574878 -0.06915852543079382 -0.47874658792252944
FixedParameters: 0 0 0
#Transform 44
Transform: MatrixOffsetTransformBase_double_3_3
Parameters: 0.9999988505560488 -0.00038170129644767844 -0.001747044495858538 0.0003750520607693964 0.9999913575084609 -0.004183555772979694 0.0017489586958976122 0.004182860632963016 0.9999893959075434 -0.0007541406378379634 -0.06235420578528306 -0.48132454792551016
FixedParameters: 0 0 0
#Transform 45
Transform: MatrixOffsetTransformBase_double_3_3
Parameters: 0.9999985890797256 -0.0004323143354773882 -0.0015398494545186409 0.00042488967347017564 0.9999889625748118 -0.004675167524209223 0.0015411482474896043 0.0046743962102411395 0.9999876271894942 0.007501917440393413 -0.06514446308347033 -0.4705941691065334
FixedParameters: 0 0 0
#Transform 46
Transform: MatrixOffsetTransformBase_double_3_3
Parameters: 0.9999979326693293 -0.0003069239268003795 -0.001724535626722437 0.00029893999375347775 0.9999877667697807 -0.004913550040055483 0.0017264665325173595 0.004913210744943987 0.9999868793562777 0.00685185777187769 -0.02979582499983735 -0.47822012744300935
FixedParameters: 0 0 0
#Transform 47
Transform: MatrixOffsetTransformBase_double_3_3
Parameters: 0.9999987184229612 -0.0001644003759955996 -0.001801091146287112 0.0001559146457909549 0.9999884965750073 -0.004845306054166594 0.001801910109617083 0.004845435135731024 0.999986287302066 0.020535347396389625 -0.0673590603819747 -0.4589656081908089
FixedParameters: 0 0 0
#Transform 48
Transform: MatrixOffsetTransformBase_double_3_3
Parameters: 0.9999982211020806 -0.000589606539912752 -0.0016130547640227921 0.0005814086017200634 0.9999853816412303 -0.00531804658420868 0.0016159474265020901 0.005316862096964867 0.9999849472745896 0.008596522167593434 -0.05830816852044052 -0.48946033216994067
FixedParameters: 0 0 0
#Transform 49
Transform: MatrixOffsetTransformBase_double_3_3
Parameters: 0.9999986024832098 -0.00011880354364020105 -0.001838384277156116 0.00010979022045853404 0.9999878523749868 -0.0049130329574106615 0.0018386177653947622 0.004912321900483007 0.9999864896771973 -0.004471732259659689 -0.0704265260135628 -0.46412816971493953
FixedParameters: 0 0 0
#Transform 50
Transform: MatrixOffsetTransformBase_double_3_3
Parameters: 0.9999985837965519 -0.0004814106135056553 -0.0015045679172318166 0.00047394536151035564 0.9999864924455167 -0.005126726990746349 0.0015074317746278931 0.00512591588554588 0.9999853725449717 0.0057961825479537765 -0.05740012305199116 -0.4909694144599115
FixedParameters: 0 0 0
#Transform 51
Transform: MatrixOffsetTransformBase_double_3_3
Parameters: 0.9999984958402428 -0.0006256981387450934 -0.001504899888712427 0.0006179904033247347 0.9999878549781684 -0.004874896955708509 0.0015080970621641349 0.004873572540093718 0.9999868200281116 0.00024112223094618912 -0.05544421378894526 -0.47761706241171
FixedParameters: 0 0 0
#Transform 52
Transform: MatrixOffsetTransformBase_double_3_3
Parameters: 0.9999982997863496 -0.00032539818654499025 -0.0016374414279631405 0.00031750333428213356 0.999986387865568 -0.005148825002272468 0.0016385614389801545 0.0051484780557521795 0.999985721947467 0.0017831320723189492 -0.06356357218398045 -0.4927946408551662
FixedParameters: 0 0 0
#Transform 53
Transform: MatrixOffsetTransformBase_double_3_3
Parameters: 0.9999988549482262 -0.0004499086721761691 -0.001449723535289299 0.0004430169529432899 0.9999865372375556 -0.005125100402194775 0.0014512782596258766 0.005124432879399321 0.9999854743565065 0.0074657740046149 -0.045448274435102576 -0.4747501937569183
FixedParameters: 0 0 0
#Transform 54
Transform: MatrixOffsetTransformBase_double_3_3
Parameters: 0.9999989218855077 -0.00031805949434691983 -0.0014064280492860903 0.0003107602342452818 0.9999871761146794 -0.00507213567781189 0.0014085714717827769 0.005071799820227191 0.9999862920899695 0.007510877342184585 -0.0730808929198048 -0.48027369055060376
FixedParameters: 0 0 0
#Transform 55
Transform: MatrixOffsetTransformBase_double_3_3
Parameters: 0.9999989607794758 -0.0003199675517236747 -0.0014204050045797112 0.00031246618631976865 0.9999869418636421 -0.005095069986160696 0.0014215935574826283 0.005094720507522015 0.9999859425759555 0.015330298030676204 -0.04590731476807264 -0.4713327136866923
FixedParameters: 0 0 0
#Transform 56
Transform: MatrixOffsetTransformBase_double_3_3
Parameters: 0.9999985463774319 -0.00022331304880875144 -0.0015488750157648251 0.00021627378520544969 0.9999882320164399 -0.004870794401133718 0.0015501264156735917 0.004869744011080167 0.9999868837049329 0.003831813139200335 -0.05887216873055934 -0.4752146093035208
FixedParameters: 0 0 0
#Transform 57
Transform: MatrixOffsetTransformBase_double_3_3
Parameters: 0.9999987267123842 -0.00028992127464962103 -0.0015025094833086144 0.00028272611895781145 0.999988686004034 -0.0047152238537791205 0.0015034887891937354 0.004714912375092634 0.9999874412486437 0.017380287822433615 -0.051630342150517095 -0.47090500004730984
FixedParameters: 0 0 0
#Transform 58
Transform: MatrixOffsetTransformBase_double_3_3
Parameters: 0.9999982430685239 -0.0003221157510877531 -0.001653392070569637 0.00031419466356516056 0.9999868193947564 -0.005106951127086613 0.0016546079381648954 0.005106604795895991 0.9999851048550918 0.012573331337065952 -0.07348180186663456 -0.4660748831752386
FixedParameters: 0 0 0
#Transform 59
Transform: MatrixOffsetTransformBase_double_3_3
Parameters: 0.9999992550680444 -0.0003398207658598716 -0.0012793007603462275 0.00033309236009752315 0.9999852416131734 -0.005352253910925413 0.0012816999001637741 0.00535194145105238 0.9999847071589365 0.02231792855550907 -0.04245445875149301 -0.463622813811881
FixedParameters: 0 0 0
#Transform 60
Transform: MatrixOffsetTransformBase_double_3_3
Parameters: 0.9999990481124278 -0.00027918709159235227 -0.0013935947277582406 0.0002734526448920445 0.9999898740971931 -0.004588576972534835 0.0013944094524882822 0.004587358884418568 0.9999889394846282 0.014529034693865128 -0.07709112545310859 -0.46138901828361156
FixedParameters: 0 0 0
#Transform 61
Transform: MatrixOffsetTransformBase_double_3_3
Parameters: 0.9999998590141038 0.00019309753438822148 0.0009368546861206611 -0.00018806890789803236 0.9999849646705044 -0.005384928250695805 -0.0009371466203274559 0.005385175719581756 0.9999853497042295 0.02931895387209238 -0.051669724495354785 -0.47431765822992134
FixedParameters: 0 0 0
#Transform 62
Transform: MatrixOffsetTransformBase_double_3_3
Parameters: 0.9999992124140423 -0.0005216655865584687 -0.0012913640596224074 0.0005158389476387715 0.9999871928964822 -0.004953962473890385 0.0012936385385882293 0.004953170704338421 0.999986639344445 0.008036517562544532 -0.05877956823977115 -0.4662098145298046
FixedParameters: 0 0 0
#Transform 63
Transform: MatrixOffsetTransformBase_double_3_3
Parameters: 0.9999986107533549 -0.0003205161913767912 -0.0015124088443303207 0.00031306627647453443 0.9999869317383894 -0.005096018449970633 0.0015145915581020047 0.005095687187172173 0.9999857395876592 0.02390636176360772 -0.0271138359626093 -0.4821822188573037
FixedParameters: 0 0 0
#Transform 64
Transform: MatrixOffsetTransformBase_double_3_3
Parameters: 0.9999991455351005 -0.00033119877156952257 -0.001353378859185475 0.0003239886608392748 0.9999864406423409 -0.005239620408694314 0.001354621616448018 0.005239282494441482 0.9999856284478039 0.01267041744189612 -0.07202628274710321 -0.4592252261531371
FixedParameters: 0 0 0
#Transform 65
Transform: MatrixOffsetTransformBase_double_3_3
Parameters: 0.999998247083631 -0.00033399552533476453 -0.0016273672699909092 0.00032584782637373044 0.9999862620607 -0.00525650238545635 0.0016296332558831533 0.005256133952551383 0.9999847109117002 0.0052156218700218915 -0.038204323869081236 -0.47035076230920936
FixedParameters: 0 0 0
#Transform 66
Transform: MatrixOffsetTransformBase_double_3_3
Parameters: 0.9999986815421537 -0.00023286857104715401 -0.001808888387656929 0.0002236557384228426 0.9999856240213856 -0.005322516263524287 0.0018101156369372262 0.00532147784895176 0.9999843938397538 0.022747522281662214 -0.06913370743264124 -0.45116230593367845
FixedParameters: 0 0 0
#Transform 67
Transform: MatrixOffsetTransformBase_double_3_3
Parameters: 1.0000002218163742 0.00037702765275419493 0.0005758395255809345 -0.0003737689043978796 0.9999854806820035 -0.005420499740571511 -0.000577160625440179 0.005419831527790386 0.9999855941566906 0.01691167591360454 -0.03515346162964761 -0.4891644927652976
FixedParameters: 0 0 0
#Transform 68
Transform: MatrixOffsetTransformBase_double_3_3
Parameters: 0.999999154779084 -0.00009720188341948545 -0.001321418532406235 0.0000905044509101729 0.999988710326242 -0.004825396670827441 0.0013225788308003222 0.004824622356614959 0.9999870601610716 0.016190354978391497 -0.07334321244596254 -0.463015807845224
FixedParameters: 0 0 0
#Transform 69
Transform: MatrixOffsetTransformBase_double_3_3
Parameters: 0.9999989437422373 0.00011091710188241964 -0.0016996452272718121 -0.0001198228841137579 0.9999860781136146 -0.005282785292171686 0.0016993556788311437 0.005282886651595945 0.9999843577251073 0.01166205739288273 -0.04148072862071217 -0.4775367390910077
FixedParameters: 0 0 0
#Transform 70
Transform: MatrixOffsetTransformBase_double_3_3
Parameters: 0.9999989369002346 0.00010374569200135143 -0.0013796924224711848 -0.00011164686491066573 0.9999859029192042 -0.005392651884791973 0.0013793037682275217 0.005393498235366211 0.9999841599541729 0.013363688472836088 -0.06298514912963071 -0.4546174794782587
FixedParameters: 0 0 0
#Transform 71
Transform: MatrixOffsetTransformBase_double_3_3
Parameters: 0.9999991121636617 -0.00018623977361201398 -0.0013712797851731795 0.00017839482731179585 0.9999833721011951 -0.005796500232205351 0.0013717215438725228 0.005795630889009589 0.9999824978780285 0.009466098783690313 -0.05593539026926919 -0.46946272653516985
FixedParameters: 0 0 0
#Transform 72
Transform: MatrixOffsetTransformBase_double_3_3
Parameters: 0.99999883334573 0.00011339414206638984 -0.001731654843148897 -0.0001225241013749836 0.9999864240163556 -0.005249880285293598 0.0017313456997626459 0.0052499979945909376 0.9999845944394872 0.017117438724255862 -0.06219802749826897 -0.45317530640166126
FixedParameters: 0 0 0
#Transform 73
Transform: MatrixOffsetTransformBase_double_3_3
Parameters: 0.9999989291262014 -0.0001602234617346275 -0.0014073165283955275 0.0001515563804064654 0.9999841074938906 -0.005555835664545299 0.0014086776246260563 0.0055559458874907776 0.9999832134153932 0.009525829641361838 -0.04543584647100829 -0.4650322470533723
FixedParameters: 0 0 0
#Transform 74
Transform: MatrixOffsetTransformBase_double_3_3
Parameters: 0.999999505087691 0.00011667792771123132 -0.0011516632705282775 -0.00012270203907149417 0.9999864537790386 -0.005247190675387194 0.0011513366418458987 0.005246940160276518 0.9999852967679069 0.021689818622874668 -0.056548107081354715 -0.4640243660008707
FixedParameters: 0 0 0
#Transform 75
Transform: MatrixOffsetTransformBase_double_3_3
Parameters: 0.9999998241795389 0.00008024671230296945 0.00019818966867224397 -0.00007993744444838823 0.9999833397469662 -0.005801264117259616 -0.00019881525555495716 0.0058010754027949685 0.9999834367613739 -0.00012306096034819802 -0.043281185147733936 -0.4815969400137021
FixedParameters: 0 0 0
#Transform 76
Transform: MatrixOffsetTransformBase_double_3_3
Parameters: 0.9999993719994954 0.0007614670761138018 0.0007742602515067726 -0.000756440165143903 0.9999821415449399 -0.0058553412742189115 -0.0007787369568949404 0.005854845691875794 0.9999825636322391 0.018137730665131357 -0.08250547014807807 -0.4738107864274639
FixedParameters: 0 0 0
#Transform 77
Transform: MatrixOffsetTransformBase_double_3_3
Parameters: 0.999999195431519 0.0001304482308757214 -0.0012777133158640291 -0.00013733357743499908 0.9999873112076089 -0.0050667187268681 0.0012772859784975499 0.005066534657062567 0.9999868517424579 0.012255738518035741 -0.05042854864848323 -0.4738284009235372
FixedParameters: 0 0 0
#Transform 78
Transform: MatrixOffsetTransformBase_double_3_3
Parameters: 0.9999994431233055 0.0007203158316987591 0.000808883223434545 -0.0007163783699562999 0.9999846926968913 -0.005549246950751124 -0.000813119410274829 0.005548686404445004 0.9999839341189665 0.03703479696130785 -0.05250853705128122 -0.4641682241895495
FixedParameters: 0 0 0
#Transform 79
Transform: MatrixOffsetTransformBase_double_3_3
Parameters: 1.0000000073224613 0.0003479380402678703 -0.000807195914629244 -0.0003520707996246684 0.9999833353983308 -0.005704562606728769 0.0008048068808052394 0.005704522199196377 0.9999830287910575 0.01735686903693079 -0.033346920494835786 -0.45635074940035736
FixedParameters: 0 0 0
#Transform 80
Transform: MatrixOffsetTransformBase_double_3_3
Parameters: 0.9999983550496265 -0.0006157175997290117 -0.0015569077657238695 0.0006078076505343137 0.9999869091650123 -0.005071273994537616 0.001560091133140637 0.005070991707496432 0.9999856962380793 0.033535744613558904 -0.05403158271049335 -0.44910496695254665
FixedParameters: 0 0 0
#Transform 81
Transform: MatrixOffsetTransformBase_double_3_3
Parameters: 0.9999994284626059 0.00007027918245888709 -0.0006607712652169778 -0.00007495672260972178 0.9999826047224464 -0.0058646048717806865 0.0006602232333246805 0.005863939262054413 0.9999823037355478 0.011887501672504186 -0.05193736048114772 -0.46425379026457847
FixedParameters: 0 0 0
#Transform 82
Transform: MatrixOffsetTransformBase_double_3_3
Parameters: 0.9999996949293142 0.00046144160777026217 0.0008873300405818491 -0.00045665536462636343 0.9999850685848687 -0.00554270857833778 -0.000889670363450959 0.005542497466486435 0.9999837947781507 0.0317617948864779 -0.05192007703189461 -0.4424933845056245
FixedParameters: 0 0 0
#Transform 83
Transform: MatrixOffsetTransformBase_double_3_3
Parameters: 0.9999995246804537 0.0003023861735725819 0.001050723622280994 -0.00029552751107173394 0.999981175134375 -0.006142943072367919 -0.0010522739497994954 0.0061428405253615105 0.99998043913052 0.018893919756607147 -0.04403317902102799 -0.47358056267742654
FixedParameters: 0 0 0
#Transform 84
Transform: MatrixOffsetTransformBase_double_3_3
Parameters: 0.9999993141501711 0.000006286072496210573 -0.0007453970687122252 -0.000010912755490085008 0.9999830090236278 -0.005830481240352809 0.0007456004810938027 0.0058298109813634535 0.9999825833254027 0.06767770126494099 -0.07024256312212174 -0.4433844138626455
FixedParameters: 0 0 0
#Transform 85
Transform: MatrixOffsetTransformBase_double_3_3
Parameters: 1.000000156840548 0.0004819296861004481 0.0005532501217483804 -0.00047886243970651993 0.9999849297452988 -0.005462915732807887 -0.0005557501573429519 0.005462147593441417 0.9999851579596674 0.020275200332406484 -0.035984091800386864 -0.45851118550723413
FixedParameters: 0 0 0
#Transform 86
Transform: MatrixOffsetTransformBase_double_3_3
Parameters: 0.9999990915677045 0.0000870349538592334 -0.0013556938735475865 -0.00009516481070421639 0.9999845874992807 -0.00560402134915247 0.0013543016799115737 0.005603820532214447 0.9999828238576903 0.024723707874230172 -0.04775070551528415 -0.4457406357892637
FixedParameters: 0 0 0
#Transform 87
Transform: MatrixOffsetTransformBase_double_3_3
Parameters: 0.99999972577883 0.0006395368779203612 0.0007030110505544668 -0.0006354172969958642 0.9999828905113642 -0.00580552111799337 -0.0007069895752460781 0.005805305349194014 0.9999831706736332 0.019853733340127633 -0.03590275622842398 -0.45302873127720034
FixedParameters: 0 0 0
#Transform 88
Transform: MatrixOffsetTransformBase_double_3_3
Parameters: 0.9999999907053706 0.0005223706531120224 0.0006570631174450808 -0.0005183267223713955 0.9999855584597794 -0.005400941399805533 -0.000659935581962437 0.005401017637530793 0.9999857005045822 0.013298442800930843 -0.04213260237861505 -0.4431338758137997
FixedParameters: 0 0 0
#Transform 89
Transform: MatrixOffsetTransformBase_double_3_3
Parameters: 1.0000002023571766 0.00010053125143810038 0.0008032598206830777 -0.00009653912580515761 0.9999847871782015 -0.005586229537920255 -0.0008037441068100976 0.00558567889553484 0.9999842935832609 0.01864672087059205 -0.03126698512333803 -0.4418826121727051
FixedParameters: 0 0 0
#Transform 90
Transform: MatrixOffsetTransformBase_double_3_3
Parameters: 0.99999959432679 0.00031564700832302056 -0.001042002570234471 -0.00032138157079576285 0.9999838065966803 -0.005664882469446932 0.001039998037855469 0.00566501946064379 0.9999830448894067 0.02603641191969075 -0.049673307852344806 -0.44662361358703606
FixedParameters: 0 0 0
#Transform 91
Transform: MatrixOffsetTransformBase_double_3_3
Parameters: 1.0000002217687571 0.00040466634849029194 0.0005566568721324383 -0.000401601793609645 0.9999845752924259 -0.005500930438347034 -0.0005583438887515613 0.005501242482232097 0.9999847319062745 0.0178188567557811 -0.053539643694819006 -0.45700274235387894
FixedParameters: 0 0 0
#Transform 92
Transform: MatrixOffsetTransformBase_double_3_3
Parameters: 0.9999993862091988 0.0006477228038876937 0.0009394958439315204 -0.0006426992271599042 0.9999858899420315 -0.0053569402954641385 -0.0009435034286696536 0.005356329976277712 0.9999847308759076 0.016352555611263142 -0.039925000663345145 -0.4473032800865866
FixedParameters: 0 0 0
#Transform 93
Transform: MatrixOffsetTransformBase_double_3_3
Parameters: 0.999999892899377 0.000525812525199008 0.0007249714911399252 -0.0005218265205240734 0.9999850151290803 -0.005541721617862865 -0.0007280288599308543 0.0055416435842879745 0.9999840666165717 0.019780007784689246 -0.060189846312454165 -0.45873994234567306
FixedParameters: 0 0 0
#Transform 94
Transform: MatrixOffsetTransformBase_double_3_3
Parameters: 0.9999997339931473 -0.00032508513990751653 -0.0010864283210754722 0.0003187054452252067 0.9999835966219403 -0.005683378669745626 0.001088571925292589 0.005683149295789724 0.9999834972963723 0.04957013404437305 -0.039211328659590095 -0.4507670778621815
FixedParameters: 0 0 0
#Transform 95
Transform: MatrixOffsetTransformBase_double_3_3
Parameters: 0.9999987284112426 -0.0006007488907224887 -0.0010339861586893956 0.0005951857113556894 0.9999870875546149 -0.005055089684793116 0.0010370105109738514 0.005055240499916012 0.9999862146123839 0.05146162489441508 -0.07070194883236525 -0.4367333695966664
FixedParameters: 0 0 0
#Transform 96
Transform: MatrixOffsetTransformBase_double_3_3
Parameters: 0.9999989919556858 0.0010025791884720426 -0.000635386747525557 -0.001006071148797583 0.9999812937450716 -0.005974424185219132 0.0006296153280043321 0.0059750115901217185 0.9999825016684473 0.02861008847618507 -0.042431796106441766 -0.4569830052561912
FixedParameters: 0 0 0
#Transform 97
Transform: MatrixOffsetTransformBase_double_3_3
Parameters: 0.9999997277238853 -0.00029345871501195516 -0.0010925659811257954 0.0002878785738768334 0.9999859683097614 -0.005286575505776025 0.001094436848485189 0.005286410562788531 0.9999858490811754 0.04174967663962548 -0.06267817413520049 -0.44320080287985775
FixedParameters: 0 0 0
#Transform 98
Transform: MatrixOffsetTransformBase_double_3_3
Parameters: 0.999999676984344 -0.000492813151988794 -0.0010884725860911548 0.00048607078150781323 0.9999826943444532 -0.0058368895866276315 0.0010915265995162515 0.005836293348254236 0.9999826411401326 0.043184648959083916 -0.03604585870735377 -0.46652716785467874
FixedParameters: 0 0 0
#Transform 99
Transform: MatrixOffsetTransformBase_double_3_3
Parameters: 0.9999994410751978 0.0005328125218210609 0.0009477611242611483 -0.0005280296285576654 0.999983083155214 -0.005712962571631376 -0.0009502418541708774 0.0057124819881959705 0.9999828408600564 0.0316166494205703 -0.06399806920362039 -0.4449631212142151
FixedParameters: 0 0 0
#Transform 100
Transform: MatrixOffsetTransformBase_double_3_3
Parameters: 0.9999994277027414 0.0006131501245161358 0.0009052804541826026 -0.0006077878192027309 0.9999835977400706 -0.005747363148751766 -0.0009087177667995439 0.005746860372631637 0.9999825247270808 0.026516538838066595 -0.04721540978678718 -0.44093344450483585
FixedParameters: 0 0 0
#Transform 101
Transform: MatrixOffsetTransformBase_double_3_3
Parameters: 0.9999998387216009 0.0003074034167307025 0.0009229813505467754 -0.0003028925705561221 0.9999831873506557 -0.0057200940923251556 -0.0009250245218738185 0.005720056336385816 0.9999836410574161 0.028127384364637464 -0.03970093860050383 -0.4473282286634088
FixedParameters: 0 0 0
#Transform 102
Transform: MatrixOffsetTransformBase_double_3_3
Parameters: 0.9999991931636634 -0.00034461880996103985 -0.001309321197854152 0.0003361030179612354 0.999982937777435 -0.005911690304185271 0.0013116736417061459 0.0059113474240165215 0.9999813097684296 0.02160649417604077 -0.04905465908782958 -0.46169161366910316
FixedParameters: 0 0 0
#Transform 103
Transform: MatrixOffsetTransformBase_double_3_3
Parameters: 0.9999992531003224 0.000009162166095030096 -0.0012714244925471907 -0.000017156855920011837 0.9999819675995312 -0.005918980644999077 0.0012715723997066553 0.005918566406158579 0.9999814810488351 0.01892021070440819 -0.039181470649083394 -0.42683709979635864
FixedParameters: 0 0 0
#Transform 104
Transform: MatrixOffsetTransformBase_double_3_3
Parameters: 0.9999997059703497 -0.0003313528717068055 -0.0010973670875311647 0.0003246773068796571 0.999983702724233 -0.005761148948362374 0.001099631267224302 0.005760899047447519 0.9999825833304992 0.04910070263471766 -0.060478531869421204 -0.442226208890105
FixedParameters: 0 0 0
#Transform 105
Transform: MatrixOffsetTransformBase_double_3_3
Parameters: 0.999999277412897 0.0008198071263970919 -0.0012364302831597285 -0.0008278867347612288 0.9999807066709124 -0.0061322501707393486 0.0012315669277118135 0.006133835741276857 0.9999803837192838 0.03321003225259744 -0.03962358528283971 -0.44243442894406826
FixedParameters: 0 0 0
#Transform 106
Transform: MatrixOffsetTransformBase_double_3_3
Parameters: 0.9999991059471527 0.0008712041408505851 0.0007872360063182898 -0.0008666156427156863 0.9999809307810019 -0.006108891695132426 -0.0007927659112284685 0.006108123426068761 0.9999815766206234 0.04270825145684398 -0.07212322434081386 -0.4335599479920944
FixedParameters: 0 0 0
#Transform 107
Transform: MatrixOffsetTransformBase_double_3_3
Parameters: 0.999998808562087 0.0008768127488438869 0.0009493007106888551 -0.0008713607467057223 0.9999811798460561 -0.0060874137986037325 -0.0009547004280895666 0.006087272602102711 0.9999805586576692 0.03835798271731505 -0.03564110299153356 -0.45553109287895666
FixedParameters: 0 0 0
#Transform 108
Transform: MatrixOffsetTransformBase_double_3_3
Parameters: 0.9999995255146735 0.0008837958197592373 0.0011126391270159242 -0.0008768208781561115 0.9999820890366934 -0.005843293436845342 -0.0011183584684332504 0.005841855614620547 0.9999820748220071 0.0322746585490421 -0.07183260646020528 -0.4383421355585426
FixedParameters: 0 0 0
#Transform 109
Transform: MatrixOffsetTransformBase_double_3_3
Parameters: 0.999998469992002 0.0002764615285316894 -0.001520719141894819 -0.0002849531056696146 0.9999852804760196 -0.00544406669185439 0.001518279137753667 0.00544455052845659 0.9999841926896936 0.023980178882098357 -0.01671490213320226 -0.4514569395333865
FixedParameters: 0 0 0
#Transform 110
Transform: MatrixOffsetTransformBase_double_3_3
Parameters: 0.999998902021121 0.00026768976263335007 -0.00134370821682675 -0.00027558318192819997 0.9999839459558295 -0.005565825258083553 0.0013422885893559916 0.005566107176425087 0.9999834366111475 0.03388193661974981 -0.05507469990462255 -0.44998068879122854
FixedParameters: 0 0 0
#Transform 111
Transform: MatrixOffsetTransformBase_double_3_3
Parameters: 0.9999992134747216 0.0002522609762503652 0.0007171665781520176 -0.00024883663238128563 0.9999820043852578 -0.005910249471239755 -0.0007188369157993674 0.005910494301561523 0.9999817598511576 0.0281682065027411 -0.013026951150848731 -0.4992267107642192
FixedParameters: 0 0 0
#Transform 112
Transform: MatrixOffsetTransformBase_double_3_3
Parameters: 0.999998435317363 -0.00019199548909810493 -0.0015773510690697684 0.00018270393579095372 0.9999814159252225 -0.0061280937517810595 0.0015786502618367476 0.00612729014288746 0.9999800003879248 0.009554254732336176 -0.04239847111549011 -0.43542088150255154
FixedParameters: 0 0 0
#Transform 113
Transform: MatrixOffsetTransformBase_double_3_3
Parameters: 0.9999987482842599 -0.00039671305188231695 -0.0014830292719077431 0.0003883688557510897 0.9999824970088171 -0.00586149296485412 0.001484971108843533 0.005860037108449211 0.9999813441717255 0.019081691918202637 -0.08668493549313894 -0.4595767747392756
FixedParameters: 0 0 0
#Transform 114
Transform: MatrixOffsetTransformBase_double_3_3
