#Insight Transform File V1.0
#Transform 0
Transform: MatrixOffsetTransformBase_double_3_3
Parameters: 0.9999999956458615 -0.0007335899381436277 -0.0005946306554468761 0.0007350249695450613 0.9999960191344156 0.002725141639427095 0.0005924546034685937 -0.0027261094580342954 0.9999963441196082 0.013956594787060794 0.05738369735321669 -0.35683434273779824
FixedParameters: 0 0 0
#Transform 1
Transform: MatrixOffsetTransformBase_double_3_3
Parameters: 0.999999888317868 -0.00015616498191016546 -0.00020122411537612517 0.00015738929444663544 0.9999955314278957 0.002905928415401507 0.00020080384269196422 -0.002905980921637394 0.9999955610938583 -0.025116883672779977 0.06496722370683017 -0.3595207964255991
FixedParameters: 0 0 0
#Transform 2
Transform: MatrixOffsetTransformBase_double_3_3
Parameters: 0.9999997003886351 0.00017514842862512668 -0.0005368884977376559 -0.00017374380893815308 0.9999945954941297 0.00321868424145004 0.0005376192362034973 -0.0032186227475102525 0.9999943464429726 -0.022993917682427423 0.045675348888622125 -0.34576282023942895
FixedParameters: 0 0 0
#Transform 3
Transform: MatrixOffsetTransformBase_double_3_3
Parameters: 0.9999999548062188 0.00014666975037161151 -0.00021682768846237321 -0.00014626215894488533 0.9999942813044587 0.0034190456311958134 0.0002172000787327641 -0.0034190481070288797 0.9999942469692428 -0.026352803231191047 0.07687369283151213 -0.3618972725697489
FixedParameters: 0 0 0
#Transform 4
Transform: MatrixOffsetTransformBase_double_3_3
Parameters: 0.9999999471322129 0.0002672629262132726 -0.000029985189376524612 -0.00026714441797171147 0.9999953167080755 0.003100267841831053 0.00003102336090079344 -0.0031002559268153568 0.9999953682148356 -0.02478539979135519 0.0244306430336394 -0.3144775569714824
FixedParameters: 0 0 0
#Transform 5
Transform: MatrixOffsetTransformBase_double_3_3
Parameters: 0.9999993471291585 -0.00022494049558295474 -0.0007532867362901111 0.00022836246876599495 0.9999931192685073 0.003581584574341934 0.0007520092615677584 -0.0035818140425724065 0.99999364066564 -0.023365290898922808 0.0843738315197129 -0.43228453131852973
FixedParameters: 0 0 0
#Transform 6
Transform: MatrixOffsetTransformBase_double_3_3
Parameters: 0.999999122877769 -0.0006388630232338635 -0.0005525350664856502 0.0006410720748168935 0.9999928212449192 0.003571324516464275 0.0005504049588654567 -0.0035721150947549823 0.9999931140412076 0.026940551508744193 0.028712645931761926 -0.38393090649762485
FixedParameters: 0 0 0
#Transform 7
Transform: MatrixOffsetTransformBase_double_3_3
Parameters: 0.9999997234037851 -0.0002862043427026995 -0.00039013460335170225 0.00028673585896547577 0.9999948289588648 0.003174015605239902 0.0003889095630553521 -0.0031743506967625706 0.999994829120072 -0.0052663511075081715 0.0839872333663152 -0.4196345789891893
FixedParameters: 0 0 0
#Transform 8
Transform: MatrixOffsetTransformBase_double_3_3
Parameters: 0.9999996635051943 -0.00026646312433245816 -0.0004003664801353682 0.0002670722373632056 0.9999952799106342 0.0031226160498637884 0.00040028710248476984 -0.0031219551505885373 0.9999950963550867 -0.020293911402760045 0.06059005947805929 -0.33136441126492855
FixedParameters: 0 0 0
#Transform 9
Transform: MatrixOffsetTransformBase_double_3_3
Parameters: 0.9999995263102198 -0.0005537159964987591 -0.000011306957279313967 0.0005530588997847627 0.9999949212771395 0.0031252962720328403 0.00001029993830661824 -0.0031253312989245052 0.9999954044884463 -0.03199591819242187 0.1164433509894991 -0.3924194088228603
FixedParameters: 0 0 0
#Transform 10
Transform: MatrixOffsetTransformBase_double_3_3
Parameters: 0.9999992448734508 0.0001578960116264674 0.0012991982845466932 -0.0001625416248626924 0.9999949024165052 0.003331667298188873 -0.0012982162987167298 -0.0033318306823468397 0.9999932269021983 -0.041067379317794916 0.06122700421593663 -0.36915084217334027
FixedParameters: 0 0 0
#Transform 11
Transform: MatrixOffsetTransformBase_double_3_3
Parameters: 0.999999636621938 -0.0003449719591162772 0.0003681189024542231 0.0003439681075621589 0.9999952656730717 0.0029368472407844265 -0.0003687785889587847 -0.0029365080638856095 0.9999953406759636 -0.010384469322218592 0.129521869807661 -0.37102771365125875
FixedParameters: 0 0 0
#Transform 12
Transform: MatrixOffsetTransformBase_double_3_3
Parameters: 1.0000000139384326 0.00009639676446542619 -0.000011050794608939707 -0.0000964071388172066 0.9999945691451103 0.0033795302607188132 0.000010960017587796633 -0.003379533403534779 0.9999945555645073 -0.0009355951680731778 0.04442213005356166 -0.38273076283857677
FixedParameters: 0 0 0
#Transform 13
Transform: MatrixOffsetTransformBase_double_3_3
Parameters: 0.9999997311520332 0.000023246830067334516 0.0004750230985821752 -0.000025070545891863263 0.9999959545535007 0.0030087496177028106 -0.00047462374998726714 -0.003008702132505009 0.9999957573221491 -0.015529857058140806 0.1043461198935347 -0.3412201326575257
FixedParameters: 0 0 0
#Transform 14
Transform: MatrixOffsetTransformBase_double_3_3
Parameters: 0.9999996792128668 -0.00032189662180041705 0.0004032005311602055 0.0003213019473106227 0.9999971844921693 0.0021461498798825557 -0.00040396306157197 -0.0021467896092538657 0.99999738900424 -0.01673262921487151 0.04439673847413417 -0.24829089808558535
FixedParameters: 0 0 0
#Transform 15
Transform: MatrixOffsetTransformBase_double_3_3
Parameters: 0.9999991548443188 -0.0008199337806156287 -0.00004586303484713228 0.000819478645750475 0.9999952061989307 0.002848993102632244 0.00004376800195314556 -0.0028490887670914317 0.999996056992286 0.018456050861288986 0.11272015396765767 -0.3165506236434368
FixedParameters: 0 0 0
#Transform 16
Transform: MatrixOffsetTransformBase_double_3_3
Parameters: 0.9999999810660617 -0.0006505450875042389 -0.0006977088673564558 0.0006529244128796957 0.9999953424979702 0.00305490357493321 0.0006954370627219805 -0.003054936175023684 0.9999951913741487 0.04740192693913059 0.09254597284670751 -0.3256800051527762
FixedParameters: 0 0 0
#Transform 17
Transform: MatrixOffsetTransformBase_double_3_3
Parameters: 1.0000000058604843 -0.0007561244801289075 -0.0005602474664328019 0.00075777856852219 0.9999947794492113 0.0031035402457716132 0.0005572514013277782 -0.0031044831496795794 0.9999951745033918 0.04726693492372647 0.1141842800441566 -0.34728485228133366
FixedParameters: 0 0 0
#Transform 18
Transform: MatrixOffsetTransformBase_double_3_3
Parameters: 0.9999997271334591 -0.0007783715602518422 -0.0007037473431443786 0.000781119685306423 0.9999941813265109 0.003211009928566183 0.0007014356377470707 -0.0032112162207261347 0.999994265689699 0.052668980394770415 0.0828185589779622 -0.35401472899388864
FixedParameters: 0 0 0
#Transform 19
Transform: MatrixOffsetTransformBase_double_3_3
Parameters: 0.9999989169244595 -0.001306333477542946 -0.00037404111255928685 0.0013068261313336701 0.9999951936566195 0.002861281218890857 0.00037036927805170206 -0.0028615749301684062 0.999995822456447 0.038421740845763 0.11989095377171566 -0.30066810955941037
FixedParameters: 0 0 0
#Transform 20
Transform: MatrixOffsetTransformBase_double_3_3
Parameters: 0.999999026859361 -0.0011768190048881307 -0.0006429409958797899 0.0011786594817774264 0.9999958583520315 0.002799998593101205 0.0006391643879448267 -0.0028008436945887033 0.9999958339931259 0.040039655865967916 0.09253147946472495 -0.2805219936432479
FixedParameters: 0 0 0
#Transform 21
Transform: MatrixOffsetTransformBase_double_3_3
Parameters: 0.99999958444434 -0.0011147474140221353 -0.0002295187342548008 0.0011149813587051716 0.9999967888832269 0.0022244394446725713 0.00022651907298938678 -0.002225206846384345 0.9999971371399355 0.01896502205299555 0.13850768697690796 -0.2196885688501169
FixedParameters: 0 0 0
#Transform 22
Transform: MatrixOffsetTransformBase_double_3_3
Parameters: 0.9999997537295561 -0.0009258699226104604 -0.0005216567376225972 0.0009276384771442856 0.9999968687660763 0.002523052145401619 0.000518824448223959 -0.0025233039033242255 0.9999963855754818 0.025955793890986456 0.11540853320759936 -0.23985884610243602
FixedParameters: 0 0 0
#Transform 23
Transform: MatrixOffsetTransformBase_double_3_3
Parameters: 0.999999639859945 -0.0008873692351764363 -0.0006265757701779257 0.0008897788764394114 0.9999969546084008 0.002519866404623275 0.0006249275108109881 -0.0025202519113501354 0.999996341854358 0.030440028643241135 0.1521074456342859 -0.2656410207687685
FixedParameters: 0 0 0
#Transform 24
Transform: MatrixOffsetTransformBase_double_3_3
Parameters: 0.9999999837405451 -0.0009008659872200443 -0.0002968628280403049 0.0009014398455503827 0.9999968265245645 0.0023139899489445087 0.000294529167037004 -0.0023145573572063566 0.9999976789682706 0.031164912652769772 0.10696027640967998 -0.21968317084196087
FixedParameters: 0 0 0
#Transform 25
Transform: MatrixOffsetTransformBase_double_3_3
Parameters: 0.9999996340484802 -0.0009239202120282447 -0.000573807043295689 0.0009246500901792243 0.9999976629802515 0.002137702405231992 0.0005729221786547056 -0.0021380956663047263 0.9999971956379557 0.0242667246617998 0.14221263262597006 -0.21066626128049393
FixedParameters: 0 0 0
#Transform 26
Transform: MatrixOffsetTransformBase_double_3_3
Parameters: 0.99999974374053 -0.0008419069618855459 -0.0006132409758373217 0.0008441501170435078 0.9999946526781401 0.00327462005597777 0.000610415466718861 -0.003274987624355727 0.9999939847674939 0.03186522953913595 0.10723723353525827 -0.3014826211727808
FixedParameters: 0 0 0
#Transform 27
Transform: MatrixOffsetTransformBase_double_3_3
Parameters: 0.9999997874269347 -0.0009514711427153072 -0.0003631802341886384 0.0009527582584190402 0.9999952122715673 0.0028265915375074446 0.00036050452802621064 -0.0028263295149334733 0.9999959475930199 0.022817230865300075 0.14853295036853353 -0.2924013356200277
FixedParameters: 0 0 0
#Transform 28
Transform: MatrixOffsetTransformBase_double_3_3
Parameters: 0.9999997536353977 -0.0010307948162614333 -0.00009075423300780594 0.0010315353805823322 0.9999959369415518 0.0028466326062327324 0.00008747747944606171 -0.0028460299408514106 0.9999959637004369 0.02980641012594276 0.10168776407466851 -0.2938828125694215
FixedParameters: 0 0 0
#Transform 29
Transform: MatrixOffsetTransformBase_double_3_3
Parameters: 0.999999417411807 -0.0010720068417415778 -0.0005075943295810778 0.0010740322320166836 0.9999956122091971 0.002688614495664071 0.0005045227157525825 -0.0026897218380233096 0.9999966921592353 0.040955781720441564 0.14819922447458111 -0.24726043860087543
FixedParameters: 0 0 0
#Transform 30
Transform: MatrixOffsetTransformBase_double_3_3
Parameters: 0.9999996497780004 -0.0009384870502387845 -0.0005426442932859321 0.000939706796295757 0.9999956989764229 0.0027421563474481353 0.0005403136030322636 -0.0027422830774586904 0.9999962614690742 0.05692083094714917 0.09040055473519715 -0.27065580374261344
FixedParameters: 0 0 0
#Transform 31
Transform: MatrixOffsetTransformBase_double_3_3
Parameters: 0.9999991664314576 -0.0007898846118063784 -0.0001942324707407475 0.0007913347871933594 0.9999951982753257 0.0030272896119393905 0.00019190778824192123 -0.0030277816965642163 0.9999949786146306 0.034009140259684045 0.13897801228591788 -0.28875069956929167
FixedParameters: 0 0 0
#Transform 32
Transform: MatrixOffsetTransformBase_double_3_3
Parameters: 0.9999999818940735 -0.0008657738814635664 -0.0003116591672912561 0.000867007684183168 0.9999944249916424 0.0031333312990565743 0.0003088050206655549 -0.003133891059299232 0.9999952602633169 0.023280805712161623 0.07873329822568564 -0.2587840484638946
FixedParameters: 0 0 0
#Transform 33
Transform: MatrixOffsetTransformBase_double_3_3
Parameters: 0.9999993113830804 -0.0005256130676628157 -0.0005504061220454187 0.0005276896291014996 0.9999967638018963 0.0026365845534494503 0.0005492185927618298 -0.0026371999002040847 0.9999968590863243 0.04961418328420564 0.13452823016569937 -0.2561785922399906
FixedParameters: 0 0 0
#Transform 34
Transform: MatrixOffsetTransformBase_double_3_3
Parameters: 0.9999996083605641 -0.001069681249601719 -0.00035482990892063415 0.0010711359030318628 0.999997767783514 0.0017569028501168288 0.00035291581381011183 -0.001757633243199136 0.9999989058656551 0.021301227622629426 0.10965389886298738 -0.17043227228937496
FixedParameters: 0 0 0
#Transform 35
Transform: MatrixOffsetTransformBase_double_3_3
Parameters: 0.9999999601894736 -0.0008945544323594378 -0.00025378173102564433 0.0008952728367443161 0.9999953535646531 0.00279990056294295 0.0002514694183530092 -0.0028003740366664837 0.9999962752898502 0.04467942356112076 0.1466765505140728 -0.2757766155772572
FixedParameters: 0 0 0
#Transform 36
Transform: MatrixOffsetTransformBase_double_3_3
Parameters: 1.0000000622550638 -0.0007743270212471065 -0.0004745228193944878 0.0007762209376944605 0.9999959554665907 0.0029218878240371143 0.00047171298813657864 -0.002921909780567819 0.9999952574700833 0.041890944413765396 0.10848182389912608 -0.24770475754280596
FixedParameters: 0 0 0
#Transform 37
Transform: MatrixOffsetTransformBase_double_3_3
Parameters: 0.9999993663707472 -0.0005635606201574812 -0.00045476428310765177 0.0005654024457781128 0.9999950585860328 0.002935218608504167 0.0004530401291679975 -0.0029357672757570896 0.9999952914153812 0.04150028854526511 0.1743123788370866 -0.2971658669901842
FixedParameters: 0 0 0
#Transform 38
Transform: MatrixOffsetTransformBase_double_3_3
Parameters: 0.9999994427000275 -0.0009597994593592753 -0.000720907301601903 0.0009612276995646322 0.9999969954183842 0.002276126034908274 0.0007184919631526496 -0.0022766314817622563 0.9999973169543833 0.03908228871991071 0.09948246049100362 -0.1826597099171039
FixedParameters: 0 0 0
#Transform 39
Transform: MatrixOffsetTransformBase_double_3_3
Parameters: 0.9999992717809748 -0.0008464941769522148 -0.0009458541383555105 0.0008488388915292777 0.9999974588364424 0.0022183155283909406 0.0009440503897650485 -0.002219040421638882 0.9999972013548265 0.06569549816722997 0.16546996468062503 -0.2076641262783312
FixedParameters: 0 0 0
#Transform 40
Transform: MatrixOffsetTransformBase_double_3_3
Parameters: 0.9999995045783479 -0.0010557331508111957 -0.000448729147341384 0.0010571780162024254 0.9999960107733424 0.002445582563217308 0.00044639210809659796 -0.002445576288792453 0.9999968900817178 0.03445799388416049 0.10116945249804132 -0.19824205509742399
FixedParameters: 0 0 0
#Transform 41
Transform: MatrixOffsetTransformBase_double_3_3
Parameters: 0.9999993009385425 -0.0010551953251552735 -0.0006851954438260796 0.0010566199403933578 0.9999962548034779 0.0023934905842564608 0.0006820978767415053 -0.0023940572056111997 0.999996819290165 0.04732780175976359 0.1234729169203348 -0.22489592392857105
FixedParameters: 0 0 0
#Transform 42
Transform: MatrixOffsetTransformBase_double_3_3
Parameters: 0.9999991394475082 -0.0011330392308883568 -0.0006758784594197154 0.0011337255199596157 0.9999973274170424 0.001867288838186737 0.0006737263908484781 -0.001867940463839049 0.9999980773243832 0.04266097116821754 0.10840306024057611 -0.17032162579037902
FixedParameters: 0 0 0
#Transform 43
Transform: MatrixOffsetTransformBase_double_3_3
Parameters: 0.9999999560877834 -0.0006760929050028492 -0.0007272973949017311 0.0006771569779184588 0.9999973467599738 0.002072275488749234 0.0007255885712193835 -0.002072394586800669 0.9999971369072707 0.05434395456209984 0.14866140170262554 -0.19685716511894213
FixedParameters: 0 0 0
#Transform 44
Transform: MatrixOffsetTransformBase_double_3_3
Parameters: 0.9999995348586044 -0.0008300391604335903 -0.0008500016950668265 0.0008316481959209253 0.9999969986813645 0.002102928845653579 0.0008474788510550793 -0.002103250719993094 0.9999977991463945 0.0476565659051289 0.12321440306349984 -0.18369309651704668
FixedParameters: 0 0 0
#Transform 45
Transform: MatrixOffsetTransformBase_double_3_3
Parameters: 0.9999994446477986 -0.0010419794517528532 -0.0005465480404549528 0.001043571578765677 0.9999947581448536 0.0030230623116506705 0.0005429309357449924 -0.0030242813734309287 0.9999957437289647 0.039738349856889954 0.10833719904387351 -0.2732996028917114
FixedParameters: 0 0 0
#Transform 46
Transform: MatrixOffsetTransformBase_double_3_3
Parameters: 0.9999988980879265 -0.0012328984728509594 -0.0006797685392323852 0.001233606948675827 0.9999970679518201 0.001873392793864545 0.0006772281968334057 -0.0018741883221185945 0.9999980492149529 0.02916494793515767 0.13095928219016173 -0.17013444504657116
FixedParameters: 0 0 0
#Transform 47
Transform: MatrixOffsetTransformBase_double_3_3
Parameters: 0.9999995945574901 -0.0006919391544443921 -0.0008974578655113821 0.0006934042993766813 0.9999982394674052 0.001838485455932723 0.0008969920597212272 -0.001838850425119068 0.9999978349558872 0.05473358737847889 0.13891041296413675 -0.17441373261098647
FixedParameters: 0 0 0
#Transform 48
Transform: MatrixOffsetTransformBase_double_3_3
Parameters: 0.9999996582508418 -0.0009438824844274244 -0.0005743391918507645 0.0009451696258579228 0.9999977678832169 0.0018565314278146394 0.0005728001453223844 -0.001856676155041953 0.9999982376784917 0.020453031700128577 0.13724342610046847 -0.16995909388694486
FixedParameters: 0 0 0
#Transform 49
Transform: MatrixOffsetTransformBase_double_3_3
Parameters: 0.9999987662436253 -0.0011683447292818016 -0.0008651214429813564 0.0011697391431324923 0.9999972420502402 0.0018679165385571128 0.0008628341350648203 -0.0018690586005190163 0.9999977829609016 0.04428266709125239 0.10766342900943471 -0.1723560089270677
FixedParameters: 0 0 0
#Transform 50
Transform: MatrixOffsetTransformBase_double_3_3
Parameters: 0.9999997849893233 -0.0008172955864267405 -0.0006991165370847513 0.00081869978318427 0.9999985824781945 0.0016894454173884965 0.000697334797708421 -0.00168966296836974 0.9999986100635178 0.03975009208434699 0.13347617749425922 -0.1413536740092951
FixedParameters: 0 0 0
#Transform 51
Transform: MatrixOffsetTransformBase_double_3_3
Parameters: 0.9999991470756161 -0.0005516208373597372 -0.0007028961085865232 0.0005531066485708613 0.999998786354131 0.0017031751466007466 0.0007018656691446662 -0.0017039995926118046 0.999998665257993 0.05210791812341142 0.12752675788115653 -0.1707405654930767
FixedParameters: 0 0 0
#Transform 52
Transform: MatrixOffsetTransformBase_double_3_3
Parameters: 0.9999997229993175 -0.0010225217563452679 -0.000411864849590618 0.001022644986189784 0.9999984624998884 0.0012184050051791545 0.00041047111451107676 -0.0012192926646053676 0.999999413840737 0.031908208804637184 0.1375653651351456 -0.12547227302069075
FixedParameters: 0 0 0
#Transform 53
Transform: MatrixOffsetTransformBase_double_3_3
Parameters: 0.9999991385665431 -0.0007726706011608993 -0.0010731654063433904 0.0007753957473034005 0.9999967234926217 0.002601538914168422 0.0010710845212386078 -0.0026023831789237367 0.9999961003506443 0.07194567552465969 0.12356620269640928 -0.22032043640771803
FixedParameters: 0 0 0
#Transform 54
Transform: MatrixOffsetTransformBase_double_3_3
Parameters: 0.999999309633688 -0.001041931343832258 -0.0006925111354846233 0.0010429219539507088 0.9999982970783636 0.0012684500930534026 0.0006919498913010025 -0.0012699260117955136 0.9999990399336605 0.035889368893563756 0.12262399965030113 -0.12930309153864528
FixedParameters: 0 0 0
#Transform 55
Transform: MatrixOffsetTransformBase_double_3_3
Parameters: 0.9999998760263613 -0.0006176869459632028 -0.0007936034609288267 0.0006189043795712746 0.9999961328072078 0.002567244657216597 0.0007923759918062948 -0.0025671844178700026 0.9999967877193225 0.05362240707653143 0.10436526274956748 -0.22836940747359336
FixedParameters: 0 0 0
#Transform 56
Transform: MatrixOffsetTransformBase_double_3_3
Parameters: 0.9999997927945113 -0.0009365244371638357 -0.0005170147907707853 0.0009376390099093083 0.9999991743843125 0.0010299448523365395 0.0005160774119237627 -0.0010299265417442194 0.999999621402204 0.05192765260322574 0.10449392642576072 -0.10496773396742753
FixedParameters: 0 0 0
#Transform 57
Transform: MatrixOffsetTransformBase_double_3_3
Parameters: 0.9999986645546111 -0.0007789750765155668 -0.0012906147928544928 0.0007806526649846279 0.999999468553787 0.0010141381166512836 0.0012901383587283141 -0.0010152250047436584 0.9999982613637439 0.07270646814430393 0.11569011067149404 -0.1128009235526406
FixedParameters: 0 0 0
#Transform 58
Transform: MatrixOffsetTransformBase_double_3_3
Parameters: 0.9999987692960746 -0.0007593097749394543 -0.0012616733842913605 0.0007600659098559743 0.9999993862877761 0.0010652127161299013 0.0012612734219995467 -0.0010662645303406576 0.9999982359321148 0.08084298717103877 0.17334890354457855 -0.10024199772098541
FixedParameters: 0 0 0
#Transform 59
Transform: MatrixOffsetTransformBase_double_3_3
Parameters: 0.9999998973883057 -0.00087110149684398 -0.0005307668593065723 0.0008717246988221294 0.9999982264540053 0.0014165372899302697 0.0005293962484205633 -0.0014175078820382186 0.9999987795507719 0.04797935803658504 0.06531469602175832 -0.10455570870912823
FixedParameters: 0 0 0
#Transform 60
Transform: MatrixOffsetTransformBase_double_3_3
Parameters: 0.9999990656624638 -0.0007184592749067877 -0.0011659017446730216 0.0007207125350440257 0.9999987063962334 0.0013762742137214679 0.0011649030343107367 -0.001376801301023023 0.9999986862890061 0.08118993276131903 0.11865203469990604 -0.13007617222339718
FixedParameters: 0 0 0
#Transform 61
Transform: MatrixOffsetTransformBase_double_3_3
Parameters: 0.9999994129196085 -0.0007600082875918361 -0.0010050630162705618 0.0007613967272699388 0.999999048325812 0.0012156054305037939 0.0010033333972028352 -0.0012162216369131368 0.9999984076918353 0.07070711702699839 0.09007157752095907 -0.09990348556462436
FixedParameters: 0 0 0
#Transform 62
Transform: MatrixOffsetTransformBase_double_3_3
Parameters: 0.9999996592501104 -0.0005480388350431456 -0.0009887046894703905 0.0005493568855661699 0.9999994579810147 0.0011106137042577735 0.0009885843019915852 -0.0011117453892352525 0.9999988563524093 0.057084726684024645 0.11776302519101023 -0.1167443388984708
FixedParameters: 0 0 0
#Transform 63
Transform: MatrixOffsetTransformBase_double_3_3
Parameters: 0.9999998620669116 -0.0006883723286316154 -0.0007756319933152414 0.0006892518483685838 0.9999992535146537 0.001173924667366183 0.0007751207606976618 -0.0011740672230576288 0.9999989765438898 0.04274451872382201 0.11176506864009639 -0.10682025315330179
FixedParameters: 0 0 0
#Transform 64
Transform: MatrixOffsetTransformBase_double_3_3
Parameters: 0.9999985760935881 -0.0009031334299990264 -0.0012434722008547103 0.0009040969806543417 0.9999989255042779 0.0011642923893341456 0.001242586101330538 -0.001165673993457808 0.9999980607374352 0.07441035484504255 0.15340055330008795 -0.1145142418751135
FixedParameters: 0 0 0
#Transform 65
Transform: MatrixOffsetTransformBase_double_3_3
Parameters: 0.9999994006681738 -0.0009948770347911976 -0.0007398697182168928 0.0009954620361645808 0.9999990509322172 0.00103169028882448 0.000738921853086362 -0.001032236317062299 0.9999993443647774 0.049960337670697186 0.13442462660104582 -0.10971101074491685
FixedParameters: 0 0 0
#Transform 66
Transform: MatrixOffsetTransformBase_double_3_3
Parameters: 0.9999995288945523 -0.0006520352954564532 -0.000961238691777902 0.0006544748708590814 0.9999987646354735 0.001707358990610558 0.0009609759816630523 -0.001707675909283904 0.9999981742949868 0.07622721835083723 0.1459083395818368 -0.173240960517262
FixedParameters: 0 0 0
#Transform 67
Transform: MatrixOffsetTransformBase_double_3_3
Parameters: 0.9999998583126005 -0.000614833893108427 -0.0008372919590540068 0.000615907015733076 0.9999992802006505 0.001203011106596888 0.0008369173923582079 -0.0012031157438093798 0.9999988079125302 0.06389971661313609 0.09838943681791079 -0.10605984213835029
FixedParameters: 0 0 0
#Transform 68
Transform: MatrixOffsetTransformBase_double_3_3
Parameters: 0.9999990005263862 -0.0010876949980816088 -0.0008684432392932831 0.0010888835412360357 0.9999984158294392 0.0012267255250316828 0.00086687821580992 -0.001227688439124755 0.9999986971439699 0.07312379839750349 0.11351834944581185 -0.1302847905557769
FixedParameters: 0 0 0
#Transform 69
Transform: MatrixOffsetTransformBase_double_3_3
Parameters: 0.9999998672753577 -0.0007080567525422797 -0.0007542882129100634 0.0007088881704874692 0.9999992228189682 0.001175297076328824 0.0007537288730492392 -0.0011754398434295765 0.9999990059990944 0.05791428763022566 0.12396546438449718 -0.1223675427591786
FixedParameters: 0 0 0
#Transform 70
Transform: MatrixOffsetTransformBase_double_3_3
Parameters: 0.9999999088171553 -0.0008088796904375615 -0.0006121426029864832 0.000809494474677078 0.9999988339681999 0.00127177385683587 0.0006111904365210599 -0.0012718381412907265 0.9999989643925192 0.043075893649742625 0.06226492190504018 -0.10608510683204031
FixedParameters: 0 0 0
#Transform 71
Transform: MatrixOffsetTransformBase_double_3_3
Parameters: 0.9999993473460328 -0.0008742786980760944 -0.0009109681391084243 0.0008761436134622847 0.9999989397798947 0.0015489940705973454 0.0009092385243007137 -0.001549662393624071 0.9999987234693213 0.06972171350243173 0.13290036117294335 -0.15353197661421802
FixedParameters: 0 0 0
#Transform 72
Transform: MatrixOffsetTransformBase_double_3_3
Parameters: 0.9999998523196807 -0.0008350293821847848 -0.0006230897384202974 0.000835362368883286 0.9999993624591673 0.0010227978226058365 0.0006224872624432734 -0.0010229125018468982 0.9999995219222084 0.038316053072321665 0.06624153030486468 -0.09444166886416383
FixedParameters: 0 0 0
#Transform 73
Transform: MatrixOffsetTransformBase_double_3_3
Parameters: 0.9999986947228963 -0.0011178793633731636 -0.000967000588380236 0.0011188462817970837 0.9999987672449459 0.0014812142645515558 0.0009657756274901591 -0.0014815254428993258 0.999998779836449 0.044506961557701175 0.13618689170687048 -0.15768499528061852
FixedParameters: 0 0 0
#Transform 74
Transform: MatrixOffsetTransformBase_double_3_3
Parameters: 0.9999998308693933 -0.0009951065295504 -0.00034232767988186946 0.000994872946392624 0.9999990454882054 0.001034893644427451 0.00034137459887783467 -0.001034648300009225 0.9999997684081667 0.022661798816685064 0.08690639927084476 -0.1048170134231583
FixedParameters: 0 0 0
#Transform 75
Transform: MatrixOffsetTransformBase_double_3_3
Parameters: 0.9999997141972691 -0.0008506982493181872 -0.0007070161805753025 0.0008514905022084249 0.9999988772242739 0.0012265058684526459 0.0007060342917316401 -0.001226782887273542 0.9999989521841758 0.04801173387657798 0.13465275378433716 -0.1221238034801786
FixedParameters: 0 0 0
#Transform 76
Transform: MatrixOffsetTransformBase_double_3_3
Parameters: 0.9999989636619241 -0.0008270436915164903 -0.000541723934049082 0.0008284582693279712 0.9999988063525411 0.0012735037835501645 0.0005404848802461962 -0.0012734140591555143 0.999999030654092 0.0490672598246249 0.11714892714859104 -0.1125986087694173
FixedParameters: 0 0 0
#Transform 77
Transform: MatrixOffsetTransformBase_double_3_3
Parameters: 0.9999991915230941 -0.0008324916392036556 -0.001026070883012986 0.0008340597769432891 0.9999989154911388 0.0012228831902431625 0.001025138323060809 -0.00122366679381819 0.9999984077490064 0.08062923646222941 0.16985670616456616 -0.13024044134350277
FixedParameters: 0 0 0
#Transform 78
Transform: MatrixOffsetTransformBase_double_3_3
Parameters: 0.9999986208351643 -0.0011117809869641082 -0.0010086578468212967 0.001113484889026209 0.9999982921145366 0.0012551243774551746 0.0010079553115359546 -0.0012564284773393664 0.9999984238223956 0.07755149214489165 0.11162773575344431 -0.1138151602267925
FixedParameters: 0 0 0
#Transform 79
Transform: MatrixOffsetTransformBase_double_3_3
Parameters: 0.9999987900020842 -0.0010627155919429145 -0.0009792996312120439 0.0010648056515183508 0.9999987470026246 0.0015299070805076809 0.0009780197930751508 -0.0015300780518943125 0.9999986025144213 0.07792798515023946 0.16868801024565983 -0.160632343133841
FixedParameters: 0 0 0
#Transform 80
Transform: MatrixOffsetTransformBase_double_3_3
Parameters: 0.9999984889853869 -0.0010806010122550568 -0.0011339612188009107 0.0010813308285494072 0.9999985959296207 0.0012081445095681181 0.0011324515158853618 -0.001208532707866375 0.9999990896297796 0.07185658816131024 0.0995098601509028 -0.09441127688289441
FixedParameters: 0 0 0
#Transform 81
Transform: MatrixOffsetTransformBase_double_3_3
Parameters: 0.9999987905711444 -0.0008520708651872317 -0.0011918999597014812 0.0008539755972391937 0.9999989523139718 0.0011937153083163565 0.0011909685717002572 -0.0011948223324955015 0.9999981102198519 0.07179259593621623 0.16527733281581902 -0.12293648099202414
FixedParameters: 0 0 0
#Transform 82
Transform: MatrixOffsetTransformBase_double_3_3
Parameters: 0.9999989609443815 -0.0012001028087960733 -0.0006912489081331991 0.0012015369808067323 0.9999979449607823 0.001648901428513247 0.0006892561513652737 -0.0016496203925420727 0.9999988171292823 0.03879911109285672 0.10169160239077257 -0.12367291615814224
FixedParameters: 0 0 0
#Transform 83
Transform: MatrixOffsetTransformBase_double_3_3
Parameters: 0.9999983315081821 -0.0010211771397702386 -0.0012265525102466354 0.0010231789595346458 0.9999986401819718 0.0015894532634858072 0.0012253908865119748 -0.0015901092217224244 0.9999978777826332 0.08043378080613195 0.15192518892374096 -0.13579840667247822
FixedParameters: 0 0 0
#Transform 84
Transform: MatrixOffsetTransformBase_double_3_3
Parameters: 0.9999990957344523 -0.0008464935672301121 -0.00035916503811989076 0.0008472413353200542 0.999999413194052 0.0009915745264937742 0.00035835505532361145 -0.0009911966454773657 0.999999833594454 0.025531558030337465 0.11483654629893181 -0.0754185093143036
FixedParameters: 0 0 0
#Transform 85
Transform: MatrixOffsetTransformBase_double_3_3
Parameters: 0.9999980130952426 -0.001327120502816053 -0.0014496801796635428 0.0013288745095350364 0.9999978909049846 0.0015961460526363463 0.0014477634728510547 -0.0015982033956545294 0.9999972692999073 0.08756896781041235 0.18242319150276387 -0.11703042026181265
FixedParameters: 0 0 0
#Transform 86
Transform: MatrixOffsetTransformBase_double_3_3
Parameters: 0.999998268657957 -0.0015316296844433905 -0.0005109999146430122 0.0015317903493097338 0.9999978224931909 0.0009684044334438147 0.0005101242303298739 -0.0009690288490258603 0.9999998183988282 0.05424888044059628 0.12158144431707285 -0.06807108975304743
FixedParameters: 0 0 0
#Transform 87
Transform: MatrixOffsetTransformBase_double_3_3
Parameters: 0.9999980393131614 -0.0013650416253994995 -0.0017241632601452672 0.0013676737359677449 0.9999977990174171 0.0015962653936880816 0.0017221228232675023 -0.0015989584141352098 0.9999973846101314 0.0974879706416516 0.1992084528731226 -0.13480280258822575
FixedParameters: 0 0 0
#Transform 88
Transform: MatrixOffsetTransformBase_double_3_3
Parameters: 0.9999987041567733 -0.001381569354214512 -0.0004515338367138341 0.0013823726557522925 0.9999973035717266 0.0017011399821481726 0.0004497855651299579 -0.001701432771781447 0.9999989776355105 0.036133630099854486 0.13414743112733163 -0.12073859067912451
FixedParameters: 0 0 0
#Transform 89
Transform: MatrixOffsetTransformBase_double_3_3
Parameters: 0.9999979307523219 -0.0012414754995609548 -0.0015720794276356531 0.001243473112574718 0.9999981424434154 0.0015900480975308967 0.0015693417184339323 -0.0015919503030899923 0.9999978424823713 0.08839323861650428 0.17813453950984126 -0.13464280431757913
FixedParameters: 0 0 0
#Transform 90
Transform: MatrixOffsetTransformBase_double_3_3
Parameters: 0.9999983166860701 -0.0013185799088175892 -0.0009074290961779766 0.0013207684076382321 0.9999975650573903 0.0017064706262499563 0.0009048997381032944 -0.0017069511668316995 0.999998167166054 0.07852536578663205 0.12236738362356903 -0.12056522551141313
FixedParameters: 0 0 0
#Transform 91
Transform: MatrixOffsetTransformBase_double_3_3
Parameters: 0.999997289477792 -0.0016770950896356262 -0.0013076550416089641 0.0016794403844807796 0.9999969543047875 0.0015976195729289627 0.0013054950386583788 -0.0015991675005508493 0.9999975990218166 0.08611019330271574 0.16991150906964947 -0.13203982507249634
FixedParameters: 0 0 0
#Transform 92
Transform: MatrixOffsetTransformBase_double_3_3
Parameters: 0.9999988506092841 -0.001335042567768909 -0.0011147085398901385 0.0013367443620106011 0.9999978388018216 0.0016084962317474277 0.0011126216587917862 -0.0016096204669396041 0.9999980827172654 0.07722526566639942 0.10790894876548407 -0.1038423516311866
FixedParameters: 0 0 0
#Transform 93
Transform: MatrixOffsetTransformBase_double_3_3
Parameters: 0.9999990307285423 -0.0013754864673985005 -0.0009762858611003858 0.0013767557687324903 0.9999976972976696 0.0015830805187726227 0.0009741314595568332 -0.0015848856609939482 0.9999985644759622 0.08090284742237941 0.14424639294304598 -0.13000121227322836
FixedParameters: 0 0 0
#Transform 94
Transform: MatrixOffsetTransformBase_double_3_3
Parameters: 0.9999990246457178 -0.0012169178833867766 -0.001170288460753309 0.0012189097686408053 0.9999979601483885 0.0016289068531045864 0.0011685234295985975 -0.0016308764563535277 0.9999980004506993 0.08120442721026677 0.10598318090465852 -0.11214207274288412
FixedParameters: 0 0 0
#Transform 95
Transform: MatrixOffsetTransformBase_double_3_3
Parameters: 0.9999984228296211 -0.001372584042887045 -0.0012523552573916047 0.0013747552076091964 0.9999976693379988 0.0015936188080281632 0.0012501786316542474 -0.0015961775983746457 0.9999979151360716 0.08120518647127994 0.18216368948242234 -0.1350838272824575
FixedParameters: 0 0 0
#Transform 96
Transform: MatrixOffsetTransformBase_double_3_3
Parameters: 0.9999990759046359 -0.0012529548839633016 -0.0011088649830212835 0.0012546647866164195 0.9999980126912468 0.0016205709480639624 0.0011070122264719012 -0.0016214979947951763 0.9999980567559418 0.09083361840889381 0.10015105192242402 -0.11024141076667604
FixedParameters: 0 0 0
#Transform 97
Transform: MatrixOffsetTransformBase_double_3_3
Parameters: 0.9999987365502638 -0.00116969939952467 -0.001330408971056199 0.0011717242765072458 0.9999986839046441 0.0014683869749642225 0.0013291815606306656 -0.0014696493469404937 0.9999979856665131 0.10647519474426304 0.13229986169784524 -0.11319647267360722
FixedParameters: 0 0 0
#Transform 98
Transform: MatrixOffsetTransformBase_double_3_3
Parameters: 0.9999989763496328 -0.001123070731466236 -0.0012795010386891376 0.0011254490661426041 0.9999981733567403 0.0016653707174768273 0.001277967449845388 -0.001666394735278534 0.9999975017071604 0.09167058611301115 0.14965941665271032 -0.11919184770270874
FixedParameters: 0 0 0
#Transform 99
Transform: MatrixOffsetTransformBase_double_3_3
Parameters: 0.9999984068879824 -0.0010872656565378436 -0.0015130227260968451 0.0010903871692995856 0.9999982874029923 0.0016584127365935897 0.0015114984083169983 -0.0016596301667392427 0.99999785604204 0.10750471246949189 0.1194820336388176 -0.12104750958656041
FixedParameters: 0 0 0
#Transform 100
Transform: MatrixOffsetTransformBase_double_3_3
Parameters: 0.9999987766563522 -0.0012883210747278544 -0.0011994778950664003 0.0012903866883080374 0.9999978096202158 0.0016199908161434184 0.0011975026630145075 -0.0016222025057332223 0.9999979601733627 0.09663913473858088 0.14966126940618096 -0.11623872816657865
FixedParameters: 0 0 0
#Transform 101
Transform: MatrixOffsetTransformBase_double_3_3
Parameters: 0.9999988649755511 -0.0007573601572447904 -0.0012260478057657814 0.0007592927623038459 0.9999980313414251 0.0015825312778390277 0.0012247426367289621 -0.001583300433419893 0.9999979391191649 0.12203402877698011 0.14853357321936755 -0.12462271009307813
FixedParameters: 0 0 0
#Transform 102
Transform: MatrixOffsetTransformBase_double_3_3
Parameters: 0.9999982307589026 -0.0007112961565753076 -0.0014848192322858902 0.0007140284198829255 0.99999811960135 0.0015757269062433577 0.0014836681429012191 -0.0015767530933127188 0.999997258817908 0.10502643620031904 0.19526002829228162 -0.1299615382985735
FixedParameters: 0 0 0
#Transform 103
Transform: MatrixOffsetTransformBase_double_3_3
Parameters: 0.9999988162290038 -0.0009908509619492465 -0.0010674618234841754 0.00099227113808034 0.9999988985579779 0.0011059715583615765 0.0010663734568977581 -0.001107161768467979 0.9999985932124269 0.07825262305379965 0.09900312800709798 -0.07681028299973036
FixedParameters: 0 0 0
#Transform 104
Transform: MatrixOffsetTransformBase_double_3_3
Parameters: 0.9999985462072326 -0.000884426654311125 -0.001244981855288596 0.0008866142520995053 0.9999987052334884 0.0016150663262879394 0.0012442017115200793 -0.0016163925567293513 0.9999978610755006 0.09309321336402832 0.1620331526207508 -0.12411844759698454
FixedParameters: 0 0 0
#Transform 105
Transform: MatrixOffsetTransformBase_double_3_3
Parameters: 0.9999986647194401 -0.0011602610539939908 -0.0009627590074908279 0.0011613654251951587 0.9999986715930589 0.0010951099433407357 0.0009613293478571636 -0.0010954454608685382 0.9999987183817589 0.07631403885505961 0.10896859362148348 -0.07347622802561204
FixedParameters: 0 0 0
#Transform 106
Transform: MatrixOffsetTransformBase_double_3_3
Parameters: 0.9999991203204444 -0.0011068280649919908 -0.001262146535746675 0.001108883368237201 0.9999984055036544 0.0016053962412778816 0.001259814749124788 -0.0016063530024824357 0.9999976816650009 0.10812626805660841 0.17865609852452735 -0.11983255959309247
FixedParameters: 0 0 0
#Transform 107
Transform: MatrixOffsetTransformBase_double_3_3
Parameters: 0.9999984793302288 -0.0010171454695131633 -0.0011931115205266116 0.0010182592777610786 0.9999993955719609 0.0008871050640606865 0.0011924185314799024 -0.0008876348328483857 0.9999986334295938 0.11104133469683575 0.13703340716884327 -0.06465378047880677
FixedParameters: 0 0 0
#Transform 108
Transform: MatrixOffsetTransformBase_double_3_3
Parameters: 0.9999983989142742 -0.0011662353141351067 -0.001455857878137956 0.0011692258133173443 0.9999980414612545 0.0016786962788172821 0.0014540242579401952 -0.0016800184897559356 0.9999979582316644 0.1098123569502576 0.18140590846154225 -0.11789014527064978
FixedParameters: 0 0 0
#Transform 109
Transform: MatrixOffsetTransformBase_double_3_3
Parameters: 0.9999982772846022 -0.0011741704682740892 -0.0014911461526786116 0.0011761514587015692 0.9999981690110413 0.0016327352421915964 0.0014895086090446694 -0.0016342230249172252 0.9999980130298058 0.11040093864269807 0.1403390366998849 -0.11358226496930968
FixedParameters: 0 0 0
#Transform 110
Transform: MatrixOffsetTransformBase_double_3_3
Parameters: 0.9999990405308945 -0.0012247016161640797 -0.0011553359955126727 0.0012266060364166335 0.9999980206651804 0.0016395076980353918 0.0011535280394572647 -0.0016404863244729173 0.9999978897322314 0.09285279453430917 0.17511510968310517 -0.12727314066100348
FixedParameters: 0 0 0
#Transform 111
Transform: MatrixOffsetTransformBase_double_3_3
Parameters: 0.9999982715827435 -0.001193041839867506 -0.001499148810348766 0.0011961214233854088 0.9999979116946761 0.0016979979858143118 0.0014961928415634235 -0.0016995144551699426 0.999997705068665 0.09483965825639018 0.10994514704226788 -0.1207540120991979
FixedParameters: 0 0 0
#Transform 112
Transform: MatrixOffsetTransformBase_double_3_3
Parameters: 0.9999980538347689 -0.0013508904352300972 -0.001412852248807675 0.0013536643293627724 0.9999976644856624 0.0016480579526051697 0.0014106045017365579 -0.0016500248142657936 0.9999971997138706 0.08663788303834963 0.1846611289493012 -0.13751059223385198
FixedParameters: 0 0 0
#Transform 113
Transform: MatrixOffsetTransformBase_double_3_3
Parameters: 0.9999981357421539 -0.0010570293092549091 -0.0013000653070270388 0.001058348094773072 0.9999983216306435 0.0016621214150610714 0.00129776410777898 -0.0016630935628212662 0.9999974023147207 0.10604043353021098 0.1007847792398735 -0.10167404244334932
FixedParameters: 0 0 0
#Transform 114
Transform: MatrixOffsetTransformBase_double_3_3
