#Insight Transform File V1.0
#Transform 0
Transform: MatrixOffsetTransformBase_double_3_3
Parameters: 0.9999976978677492 0.0004658468558136125 0.002255956440543057 -0.0004693087680404488 0.9999988139352333 0.001423125739120859 -0.002255088347271443 -0.001424377385896694 0.9999968220194307 -0.05753795092896041 0.026609861317254513 -0.4261741386794
FixedParameters: 0 0 0
#Transform 1
Transform: MatrixOffsetTransformBase_double_3_3
Parameters: 0.9999971862667549 0.0003005560832868579 0.0021758939337772065 -0.00030603795211805226 0.9999970781084357 0.002403007264495105 -0.00217538008628497 -0.0024045473256700395 0.9999945284959766 -0.06449854439370029 0.026341785650387806 -0.3512605585158042
FixedParameters: 0 0 0
#Transform 2
Transform: MatrixOffsetTransformBase_double_3_3
Parameters: 0.9999973957310709 0.00006147439891833993 0.0021323369071694215 -0.00006510631085782873 0.9999988045116835 0.0018018929473753026 -0.0021318233065750897 -0.0018014566535792392 0.9999962081238387 -0.055763094857198325 0.06574059252754694 -0.43440022306728565
FixedParameters: 0 0 0
#Transform 3
Transform: MatrixOffsetTransformBase_double_3_3
Parameters: 0.9999976554938583 0.0004652384605160686 0.0022671804784768976 -0.00047032301938719056 0.9999969822938826 0.0024242273348079463 -0.002265962355750592 -0.0024253096450145284 0.9999948908324593 -0.06298384850725824 0.016886574159556744 -0.3704495765879301
FixedParameters: 0 0 0
#Transform 4
Transform: MatrixOffsetTransformBase_double_3_3
Parameters: 0.9999987504167308 -0.00009876458630093433 0.0014772218688340194 0.00009586030652516345 0.9999981696343141 0.0016880936114336276 -0.0014769146743552272 -0.001687446034417811 0.999997000392381 -0.02783754306614128 0.0887082974106761 -0.46657256427936034
FixedParameters: 0 0 0
#Transform 5
Transform: MatrixOffsetTransformBase_double_3_3
Parameters: 0.9999985732686301 -0.00007051020329553338 0.0018351504910389185 0.00006615994197427862 0.9999977863531526 0.0020356484116877405 -0.0018350370372985508 -0.0020357245902699606 0.999996607835344 -0.04079075033006063 0.021570455339684713 -0.4313067399686048
FixedParameters: 0 0 0
#Transform 6
Transform: MatrixOffsetTransformBase_double_3_3
Parameters: 0.9999983813511029 -0.0002192491446134509 0.001586200359891779 0.00021616402459527333 0.9999980487274938 0.0019560996587463103 -0.0015866603716603311 -0.0019559612703466817 0.999996789473732 -0.018659044712194373 0.04178025628317528 -0.472359546846036
FixedParameters: 0 0 0
#Transform 7
Transform: MatrixOffsetTransformBase_double_3_3
Parameters: 0.9999971237766209 0.00037960505852191635 0.0021771243277567756 -0.000384127931682827 0.9999981306564233 0.0019430332466603834 -0.002176340263736788 -0.0019440035529483396 0.9999954230195216 -0.0479795396371685 0.00053710886570002 -0.3818836681789577
FixedParameters: 0 0 0
#Transform 8
Transform: MatrixOffsetTransformBase_double_3_3
Parameters: 0.9999977366849901 -0.000013440499064947334 0.0020663122954901816 0.000009343241577703353 0.9999979914044939 0.001719143911931828 -0.002066945607885562 -0.0017192124547798782 0.9999968185661041 -0.01968075241759948 0.05837157791845016 -0.4588559910658887
FixedParameters: 0 0 0
#Transform 9
Transform: MatrixOffsetTransformBase_double_3_3
Parameters: 0.9999992728837425 -0.0011731663169277451 0.0004751013976091317 0.001172803907458977 0.9999978698914075 0.0016587956233838491 -0.00047713331666257575 -0.0016578152053731976 0.9999981520957923 0.02359086570019997 0.03362164354361141 -0.32620379607665484
FixedParameters: 0 0 0
#Transform 10
Transform: MatrixOffsetTransformBase_double_3_3
Parameters: 0.9999972139466747 -0.0002480150901741848 0.002148422304767257 0.00024265143136237982 0.9999964905252356 0.002700648704894934 -0.0021489640938374133 -0.002700699141239868 0.999994354047522 -0.014511038576756619 0.02537309020652856 -0.3413932870365102
FixedParameters: 0 0 0
#Transform 11
Transform: MatrixOffsetTransformBase_double_3_3
Parameters: 0.9999982547617343 -0.0002827853298001627 0.001900874430763727 0.0002780505472257033 0.999996196612697 0.002583798784005331 -0.001902281747009113 -0.002582938601369572 0.999994811712312 -0.0029207901759349397 0.06403217909605985 -0.46975621052294514
FixedParameters: 0 0 0
#Transform 12
Transform: MatrixOffsetTransformBase_double_3_3
Parameters: 0.9999961235532263 -0.0001965521269443691 0.0027788818219746866 0.00019054045831327394 0.999997122847819 0.002388442303596666 -0.002778888727992361 -0.002388183425004395 0.9999928261017417 -0.020547364378089128 0.012870343293300834 -0.4273061683460071
FixedParameters: 0 0 0
#Transform 13
Transform: MatrixOffsetTransformBase_double_3_3
Parameters: 0.9999982637833403 -0.00027075750324542097 0.001885271781000536 0.0002653532044914232 0.99999598784729 0.002809339522534912 -0.001885874060449426 -0.002808521782866863 0.9999947136514846 -0.017988340143077153 0.040399967607342546 -0.47247754081914195
FixedParameters: 0 0 0
#Transform 14
Transform: MatrixOffsetTransformBase_double_3_3
Parameters: 0.9999982176064994 -0.00025912028710836643 0.0018989905541525395 0.00025406453063226905 0.9999959201335612 0.0029739625426910415 -0.0018997334963931634 -0.002974317932304349 0.9999938243463359 -0.04348229594758379 0.07075157738854898 -0.3762664525800119
FixedParameters: 0 0 0
#Transform 15
Transform: MatrixOffsetTransformBase_double_3_3
Parameters: 0.999997780642653 -0.00022595617750709694 0.0022485728111683867 0.00021925816670677247 0.9999954985934807 0.002880267842510595 -0.0022489481023667407 -0.0028803705128688517 0.9999929152275665 -0.02632115375467947 0.023210988431486612 -0.4460597749305464
FixedParameters: 0 0 0
#Transform 16
Transform: MatrixOffsetTransformBase_double_3_3
Parameters: 0.9999986032355375 -0.0002898429317195672 0.0017889199901896732 0.00028548359308451943 0.9999967135912253 0.0026725036188130907 -0.0017894300291232193 -0.002671891903519061 0.9999948340534514 -0.02162235994850903 0.035895345950535784 -0.4011630361112566
FixedParameters: 0 0 0
#Transform 17
Transform: MatrixOffsetTransformBase_double_3_3
Parameters: 0.9999979712249156 0.00024353895847945527 0.0019951075079563604 -0.00024884498449748334 0.9999974568613147 0.00232826214378222 -0.0019947918667036976 -0.00232952553745458 0.9999956435091787 -0.018895596890217803 0.0421494200692365 -0.36395616170402434
FixedParameters: 0 0 0
#Transform 18
Transform: MatrixOffsetTransformBase_double_3_3
Parameters: 0.9999991214144118 0.00018506738495930979 0.0016706534033238407 -0.00018912629900046628 0.9999971117301115 0.0024278773447633795 -0.0016694593324008064 -0.0024280214822746393 0.9999953287520469 -0.03105096135624308 0.06076588423766793 -0.3224329089770066
FixedParameters: 0 0 0
#Transform 19
Transform: MatrixOffsetTransformBase_double_3_3
Parameters: 0.999998266954247 -0.00009997560195508775 0.0016531699942346767 0.00009634759125911815 0.9999978180274467 0.0022836311740079135 -0.00165444224660561 -0.0022828406121437606 0.9999959992371885 -0.027590382534839364 0.048908529399597 -0.41843818324836946
FixedParameters: 0 0 0
#Transform 20
Transform: MatrixOffsetTransformBase_double_3_3
Parameters: 0.999997544973584 0.0003876561779065351 0.002077626647496042 -0.0003920324754699998 0.9999967883799042 0.0024749527887339695 -0.0020767470379160838 -0.0024757595252457992 0.9999944784459527 -0.04077633051826979 0.04680496275014434 -0.3495137604210612
FixedParameters: 0 0 0
#Transform 21
Transform: MatrixOffsetTransformBase_double_3_3
Parameters: 0.9999978407944919 0.00027628144771985746 0.002256148049175434 -0.00028091006065550286 0.9999975227693115 0.002338028906296946 -0.0022557718700082496 -0.0023384722057815804 0.9999943676147102 -0.02968764616740316 0.05609102906259977 -0.3245201972565752
FixedParameters: 0 0 0
#Transform 22
Transform: MatrixOffsetTransformBase_double_3_3
Parameters: 0.9999978909650428 0.00024080255210717424 0.002000442240321046 -0.00024560092862315874 0.9999969661990364 0.002456758961614819 -0.001999198596520667 -0.0024569656063101047 0.9999949535826568 -0.03437442021576942 0.05321650854808979 -0.3056221769252687
FixedParameters: 0 0 0
#Transform 23
Transform: MatrixOffsetTransformBase_double_3_3
Parameters: 0.9999983396857355 0.0000840249849892085 0.00189820289980034 -0.00008849861920257832 0.9999965937677808 0.002519224479863469 -0.0018977266881860522 -0.0025197582197669793 0.9999951514042758 -0.018761465439823155 0.06996419663418862 -0.3215061852404091
FixedParameters: 0 0 0
#Transform 24
Transform: MatrixOffsetTransformBase_double_3_3
Parameters: 0.9999965741651128 0.00011700152680964304 0.00271265841179108 -0.0001238048010536192 0.9999973002668321 0.0023775745675075483 -0.00271203374399364 -0.0023781469725637633 0.999993074393124 -0.05669339767733561 0.07766083033949656 -0.30900110110511037
FixedParameters: 0 0 0
#Transform 25
Transform: MatrixOffsetTransformBase_double_3_3
Parameters: 0.9999984963186317 0.00006440042033540455 0.0015662537220524145 -0.0000686337464217597 0.9999968722891852 0.0026552829013715418 -0.0015658694158562636 -0.002655984580767004 0.9999956126301149 -0.03440872941627049 0.034465223729981176 -0.30532238999835215
FixedParameters: 0 0 0
#Transform 26
Transform: MatrixOffsetTransformBase_double_3_3
Parameters: 0.9999979283307069 0.000049146074418258794 0.0020047442827011708 -0.0000537991632840679 0.9999970403857552 0.0024300226134471997 -0.0020044525633941546 -0.0024304352731640833 0.9999951770846379 -0.046562865909692164 0.07330283389285341 -0.2857367771436543
FixedParameters: 0 0 0
#Transform 27
Transform: MatrixOffsetTransformBase_double_3_3
Parameters: 0.9999974872660317 0.0005263757084550584 0.0020610662280984918 -0.0005307324406053681 0.999997717943694 0.0022494893665806898 -0.002059624714301468 -0.0022509153351781552 0.9999956191459873 -0.023941751305997627 0.059505307644514005 -0.3159633398329049
FixedParameters: 0 0 0
#Transform 28
Transform: MatrixOffsetTransformBase_double_3_3
Parameters: 0.9999970548936313 0.00007467096747793261 0.002211201201682604 -0.00007991902837970865 0.9999974772557699 0.002337634702486782 -0.0022107982451170655 -0.002338182797729113 0.9999947471689608 -0.043161325285311136 0.09777399962757727 -0.28248358957243624
FixedParameters: 0 0 0
#Transform 29
Transform: MatrixOffsetTransformBase_double_3_3
Parameters: 0.9999976296417056 0.00009539093306487265 0.0023175544044679863 -0.00010054970443189922 0.9999971961127628 0.0024003126974110334 -0.002318141528318801 -0.0024007010191523653 0.9999948853023739 -0.04260487674194735 0.043719276925699546 -0.2853639678843507
FixedParameters: 0 0 0
#Transform 30
Transform: MatrixOffsetTransformBase_double_3_3
Parameters: 0.9999979829007823 -0.00005638343995466397 0.002227811319111754 0.00005022933947417679 0.9999965910901787 0.002523613277436665 -0.002228038819640815 -0.002523356661268558 0.9999947570145775 -0.04620488787594468 0.10024719335230259 -0.2957018464976926
FixedParameters: 0 0 0
#Transform 31
Transform: MatrixOffsetTransformBase_double_3_3
Parameters: 0.9999979666985543 0.00015572023936559834 0.001989809108763667 -0.00016098210507175907 0.9999961544530348 0.0026014099990103318 -0.0019889435612006276 -0.0026022463370100474 0.9999943743712572 -0.024816497710759222 0.03187564006844923 -0.28453788515615486
FixedParameters: 0 0 0
#Transform 32
Transform: MatrixOffsetTransformBase_double_3_3
Parameters: 0.9999974810653817 -0.000010182092550972167 0.002338379022261007 0.000004649601364903853 0.9999968018830502 0.0024834023209747424 -0.002338487521712909 -0.0024832877659512753 0.9999944463387846 -0.03649217973926966 0.12768228556461736 -0.30865999539122413
FixedParameters: 0 0 0
#Transform 33
Transform: MatrixOffsetTransformBase_double_3_3
Parameters: 0.9999988364602678 0.00019163531550815596 0.001459647642747905 -0.00019256407043003777 0.9999998495132579 0.0010133042451288127 -0.0014596153146722718 -0.0010144913382035686 0.9999989231970219 -0.05260165892265434 0.03852633912339343 -0.1518823659987305
FixedParameters: 0 0 0
#Transform 34
Transform: MatrixOffsetTransformBase_double_3_3
Parameters: 0.9999984600497472 0.00007960998998914146 0.001593952961379437 -0.00008228996264699091 0.9999977441873557 0.00178393797795319 -0.0015942582345273779 -0.0017845370774341035 0.9999973332866331 -0.028430889664818437 0.10092191641281545 -0.22846842056961236
FixedParameters: 0 0 0
#Transform 35
Transform: MatrixOffsetTransformBase_double_3_3
Parameters: 0.9999990151638692 -0.00011081335875202068 0.001404379542272828 0.0001091740347131092 1.0000001177476736 0.0009367658877312418 -0.0014046987831806482 -0.0009363961255763192 0.9999981430568589 -0.04573619919439409 0.06904107567072515 -0.14233496427779357
FixedParameters: 0 0 0
#Transform 36
Transform: MatrixOffsetTransformBase_double_3_3
Parameters: 0.9999978546400828 0.00014452336979363465 0.002252688928515295 -0.00014947410746118158 0.9999969492495525 0.002448807956511312 -0.00225204056264567 -0.0024493902768144005 0.9999950103869737 -0.030613854791212702 0.08218862615181877 -0.28308632137415657
FixedParameters: 0 0 0
#Transform 37
Transform: MatrixOffsetTransformBase_double_3_3
Parameters: 0.9999992831916019 -0.00019250717860388924 0.0012959193578362185 0.0001913610073792562 0.9999993029681415 0.0008250664068253921 -0.0012963491293797938 -0.0008242826966267935 0.9999986200547013 -0.055522755675454505 0.08847670450299461 -0.13439552875271943
FixedParameters: 0 0 0
#Transform 38
Transform: MatrixOffsetTransformBase_double_3_3
Parameters: 0.999999089632806 -0.0000706875446911696 0.0013816109018783135 0.00006853545589832494 0.9999995688649828 0.0011545954450894874 -0.0013820156902561442 -0.0011550901496943516 0.999998845668462 -0.03688522793926552 0.10977038272292816 -0.16463075128250182
FixedParameters: 0 0 0
#Transform 39
Transform: MatrixOffsetTransformBase_double_3_3
Parameters: 0.9999995608196014 -0.0001268531361953559 0.0011929245262863944 0.00012542869404501972 0.9999994963845134 0.0006227507307082492 -0.0011930887683323926 -0.0006231967456225146 0.9999992882499177 -0.03811600056945963 0.08641229110079962 -0.11421595521699146
FixedParameters: 0 0 0
#Transform 40
Transform: MatrixOffsetTransformBase_double_3_3
Parameters: 0.999999374614636 -0.0006561415131844401 0.0004406377527417307 0.0006563436320163284 0.9999997633060226 0.0008947489606301318 -0.00044192502944852274 -0.0008943343906186452 0.9999990109015989 0.010216101401411493 0.14580302302175596 -0.11989460574346822
FixedParameters: 0 0 0
#Transform 41
Transform: MatrixOffsetTransformBase_double_3_3
Parameters: 0.9999998960287946 0.00021681679081343372 0.0010281331245577605 -0.00021768908654095417 1.0000001379547934 0.0009063816344117015 -0.001027852416801013 -0.0009067675216173771 0.9999991143264161 -0.023257883217766562 0.10581034885052532 -0.11521600491431627
FixedParameters: 0 0 0
#Transform 42
Transform: MatrixOffsetTransformBase_double_3_3
Parameters: 0.9999991069741367 0.0003476587947796317 0.001331295639536198 -0.0003485446223860057 0.9999994013909715 0.0007048954849374345 -0.0013309178698127158 -0.0007055360401772709 0.999998710932657 -0.021523385842854736 0.10347016553131994 -0.12971191870936138
FixedParameters: 0 0 0
#Transform 43
Transform: MatrixOffsetTransformBase_double_3_3
Parameters: 0.9999997672929476 0.0003740097217803332 0.0010455015382399707 -0.0003744680483692229 0.9999993988279192 0.0006933027506770134 -0.001045095634713132 -0.0006937989667367972 0.9999994064460639 -0.022219751449227942 0.11756801284909102 -0.10658464824848579
FixedParameters: 0 0 0
#Transform 44
Transform: MatrixOffsetTransformBase_double_3_3
Parameters: 0.9999998895184128 -0.0001342969263467466 0.0003040474650151878 0.0001337639250694597 0.9999992143682773 0.0008762068569800469 -0.0003042823314730811 -0.0008761253231402699 0.9999991398168517 0.04404318337822133 0.09308598443023186 -0.09337379157638281
FixedParameters: 0 0 0
#Transform 45
Transform: MatrixOffsetTransformBase_double_3_3
Parameters: 0.999999464684262 -0.0005547380544649464 0.0004070055828001365 0.0005541179719802426 0.9999998705473867 0.0009001191480796228 -0.0004070177405805439 -0.0008998791836701547 0.9999990986734593 0.032197732627196274 0.12080349490364028 -0.10617230074522865
FixedParameters: 0 0 0
#Transform 46
Transform: MatrixOffsetTransformBase_double_3_3
Parameters: 0.9999992071641377 -0.0008468464531410681 0.0001159320439904285 0.0008467235417238981 0.9999992461755729 0.001012274720355505 -0.00011666060329757616 -0.0010122891183123872 0.9999990360895568 0.01956075914031885 0.10364508244568071 -0.10206675640546337
FixedParameters: 0 0 0
#Transform 47
Transform: MatrixOffsetTransformBase_double_3_3
Parameters: 0.9999995018598488 -0.0006237200019872796 0.0002254606025754169 0.0006234092698181237 0.9999994099648389 0.0010434433848706126 -0.00022590732479933068 -0.0010441211468159295 1.0000000296819358 0.02205929289318931 0.12523862620439274 -0.10227278598745215
FixedParameters: 0 0 0
#Transform 48
Transform: MatrixOffsetTransformBase_double_3_3
Parameters: 0.9999997655375807 -0.0002592137026091023 0.0004136593056165011 0.00025824964881790684 0.9999996169353296 0.0011473088589090824 -0.000414376668799607 -0.0011470954981112474 0.9999995086754546 0.04783858491752824 0.09853998120352969 -0.11916239027246434
FixedParameters: 0 0 0
#Transform 49
Transform: MatrixOffsetTransformBase_double_3_3
Parameters: 0.9999994270415249 -0.000609955014538326 0.00037784178896382165 0.0006092827859857219 0.999999304205297 0.0011008586413077254 -0.00037832929230039586 -0.001101356883816365 0.9999998147096686 0.0443319364421626 0.15543281811160625 -0.12744749749133177
FixedParameters: 0 0 0
#Transform 50
Transform: MatrixOffsetTransformBase_double_3_3
Parameters: 0.9999996747488061 -0.0001924866758150805 0.0004795567528870989 0.00019238702763817173 0.999999431319061 0.0012408673011906624 -0.00047928539836408074 -0.0012406088477751598 0.9999992813179008 0.027682473211982028 0.06168789910041994 -0.12625403287066206
FixedParameters: 0 0 0
#Transform 51
Transform: MatrixOffsetTransformBase_double_3_3
Parameters: 0.9999996976683575 -0.0002866350864028618 0.0004026113495216796 0.00028574187647356555 0.9999990938431689 0.0013082728057415977 -0.0004025053740553397 -0.0013090016082392963 0.9999992955112639 0.04816781055600927 0.1429075925677239 -0.14787891582976442
FixedParameters: 0 0 0
#Transform 52
Transform: MatrixOffsetTransformBase_double_3_3
Parameters: 0.9999994015799841 -0.0006113103631464551 0.0004081621525453133 0.0006105416040013828 0.999999221200404 0.0011372441493531088 -0.000408696969002878 -0.0011377043274552884 0.9999997094341386 0.028936690295395806 0.0784558537629465 -0.10610142585686333
FixedParameters: 0 0 0
#Transform 53
Transform: MatrixOffsetTransformBase_double_3_3
Parameters: 0.9999996613246784 -0.00007610087472184786 0.0005801400565702136 0.00007565394074025757 0.9999994952011431 0.0012272748859355198 -0.0005805632215175813 -0.0012271269111383265 0.9999991462989593 0.046013464054794895 0.12800341643060165 -0.1326609625401005
FixedParameters: 0 0 0
#Transform 54
Transform: MatrixOffsetTransformBase_double_3_3
Parameters: 0.9999996853581733 -0.00015200811068603534 0.0005434709736418589 0.0001508911576586008 0.9999989612557493 0.0010144046204448448 -0.0005439019054879202 -0.0010140154318634687 0.999999659076893 0.04226557519251628 0.07516320996342074 -0.09807417334094737
FixedParameters: 0 0 0
#Transform 55
Transform: MatrixOffsetTransformBase_double_3_3
Parameters: 0.9999991945602402 -0.00048461531591979107 0.0007156954087685075 0.00048360747214421136 0.9999986274038187 0.001465310679008902 -0.0007163649051050783 -0.001464543465773252 0.9999983918802884 0.051014462204463484 0.1442555372953649 -0.17109694039324097
FixedParameters: 0 0 0
#Transform 56
Transform: MatrixOffsetTransformBase_double_3_3
Parameters: 0.9999998271127681 0.00018410162573964748 0.0010690521487281349 -0.00018542939968959563 0.9999986146153922 0.001542091231007306 -0.0010688324236367147 -0.0015421401681463276 0.9999984484750969 0.04069586833760752 0.0658960220684861 -0.15626477726328858
FixedParameters: 0 0 0
#Transform 57
Transform: MatrixOffsetTransformBase_double_3_3
Parameters: 0.9999992469917582 -0.00014472715089389968 0.00085767529072725 0.00014418826369047826 0.9999992179696999 0.0008840129649939077 -0.0008581675503039413 -0.0008834798101129554 0.999999459227745 0.06222928508647385 0.09338450961999456 -0.11796588068406777
FixedParameters: 0 0 0
#Transform 58
Transform: MatrixOffsetTransformBase_double_3_3
Parameters: 0.9999995714322815 0.000016221644069981667 0.000660200550504926 -0.000017426662782794866 0.9999983239106465 0.0016419593842225688 -0.0006605059646190431 -0.0016416971929791024 0.9999988407537282 0.041426544805432286 0.08546138458494568 -0.15536746543777724
FixedParameters: 0 0 0
#Transform 59
Transform: MatrixOffsetTransformBase_double_3_3
Parameters: 0.9999997529703283 -0.00019973993155038196 0.00045931508752218575 0.00019883654495049096 1.0000000241978442 0.0009675812997468614 -0.00045982443417820484 -0.0009673990042269459 0.9999998489183771 0.05173594919526181 0.09624267846805878 -0.11222786768070137
FixedParameters: 0 0 0
#Transform 60
Transform: MatrixOffsetTransformBase_double_3_3
Parameters: 0.9999996045309499 -0.00012354939974085558 0.0006196934043858002 0.00012188307492641895 0.9999992090969354 0.0013326643826110235 -0.000620144193258336 -0.0013325131123676087 0.9999988360658403 0.03415719944351281 0.09389915169438723 -0.1287395440384813
FixedParameters: 0 0 0
#Transform 61
Transform: MatrixOffsetTransformBase_double_3_3
Parameters: 0.9999999027376506 -0.000019985330601541944 0.00031122639854951756 0.000019434333700350803 0.9999992161247148 0.0008851537152667482 -0.0003112612912164747 -0.0008851414466804763 0.9999991196411864 0.048535664688557745 0.09044880833147317 -0.0979898132841015
FixedParameters: 0 0 0
#Transform 62
Transform: MatrixOffsetTransformBase_double_3_3
Parameters: 0.9999995493651123 -0.00011151476995845209 0.0006646975953645481 0.0001112176288147488 0.9999990887685102 0.0009586918188960042 -0.0006651480102747367 -0.0009582584310062064 0.9999996154673733 0.05846437223813439 0.12309770887492277 -0.1147376295994178
FixedParameters: 0 0 0
#Transform 63
Transform: MatrixOffsetTransformBase_double_3_3
Parameters: 0.9999988664437847 0.0007914381115223862 0.001253972663173071 -0.0007933817613606387 0.9999993037264501 0.0010950171952075899 -0.0012534523367822362 -0.0010957604750987393 0.9999990306564723 0.016493952615491025 0.06186974593045136 -0.13178268882808197
FixedParameters: 0 0 0
#Transform 64
Transform: MatrixOffsetTransformBase_double_3_3
Parameters: 0.999999660971806 0.00016790275593952207 0.0005576183609895466 -0.00016760337867388012 0.9999995935508625 0.0006206933282494193 -0.0005575232970665631 -0.0006208196149150857 0.9999992967473048 0.06213277472649281 0.12703316164176215 -0.08012056783520904
FixedParameters: 0 0 0
#Transform 65
Transform: MatrixOffsetTransformBase_double_3_3
Parameters: 0.9999992046806864 0.0005070360491676376 0.0007364907956380687 -0.0005072068055466039 0.9999993309252012 0.0007379688049776734 -0.0007359724296236644 -0.0007374578605479354 0.9999997775344203 0.06266456657169783 0.06407374423130818 -0.08522756014272659
FixedParameters: 0 0 0
#Transform 66
Transform: MatrixOffsetTransformBase_double_3_3
Parameters: 0.9999995747087526 7.990175095503455e-7 0.0006550010095676198 -0.0000011298340445806826 0.9999990228004275 0.0009986629655194257 -0.0006552360147872097 -0.0009983789408629512 0.9999995500397267 0.07592529177398433 0.15396866931278907 -0.1388584742688721
FixedParameters: 0 0 0
#Transform 67
Transform: MatrixOffsetTransformBase_double_3_3
Parameters: 0.9999997447881964 -0.000002645369529691473 0.00044402686168414085 0.0000025162471235483375 0.9999991199643763 0.00137401410601376 -0.0004432850713069342 -0.00137393787871877 0.9999989659518743 0.06666396867591118 0.04881570609377661 -0.12068109774119762
FixedParameters: 0 0 0
#Transform 68
Transform: MatrixOffsetTransformBase_double_3_3
Parameters: 0.9999990131834091 0.00036006603799102876 0.0009605771229138707 -0.00036034763386647364 0.9999996454935294 0.001112347324308885 -0.0009611115086284108 -0.0011129328772610803 0.9999987594455506 0.0718455189058318 0.08888310963929769 -0.1429794363008341
FixedParameters: 0 0 0
#Transform 69
Transform: MatrixOffsetTransformBase_double_3_3
Parameters: 0.999999064302668 0.0006622180736098509 0.000707783290266599 -0.0006631861159820821 0.9999991190382969 0.0006738851532743229 -0.0007070133741572115 -0.0006745982341502255 1.000000028280599 0.06333673503030468 0.06919251915105917 -0.09225374171981571
FixedParameters: 0 0 0
#Transform 70
Transform: MatrixOffsetTransformBase_double_3_3
Parameters: 0.999999714168136 -0.00009193066351339575 0.00046824820274305595 0.00009214669326975018 0.9999991401268946 0.0009340283714898839 -0.00046767121851442467 -0.000933642908905713 0.9999999466933919 0.06590186162853229 0.07866904263471497 -0.10901287666229109
FixedParameters: 0 0 0
#Transform 71
Transform: MatrixOffsetTransformBase_double_3_3
Parameters: 0.999999729351503 0.00043535488391771137 0.0010689176754309915 -0.0004371865689499349 0.9999992080935266 0.0012675484199058257 -0.0010689103165766878 -0.001268434343235425 0.9999981811264408 0.06419471394383436 0.10347309536847149 -0.13561056902446467
FixedParameters: 0 0 0
#Transform 72
Transform: MatrixOffsetTransformBase_double_3_3
Parameters: 0.9999995520525806 0.00020556396401663277 0.0006399211169691651 -0.00020722375423557794 0.9999993029399876 0.0012861065262842197 -0.0006395139006139042 -0.0012863714715360824 0.9999989325089779 0.07773593034727355 0.09439614326832668 -0.15209797768618216
FixedParameters: 0 0 0
#Transform 73
Transform: MatrixOffsetTransformBase_double_3_3
Parameters: 0.9999996933942394 0.000013518130051654031 0.0005569512595170953 -0.000013610163731048522 0.999999098117117 0.0009601062111205677 -0.000557162148235063 -0.0009598360347701645 0.9999997444074291 0.07988181736364197 0.09551615904838684 -0.11142894942832982
FixedParameters: 0 0 0
#Transform 74
Transform: MatrixOffsetTransformBase_double_3_3
Parameters: 0.9999991482639214 0.00010394692363221991 0.0009190778505325098 -0.00010491439666108094 0.9999998765159065 0.001058026158329728 -0.0009190937872095434 -0.0010581582157838804 0.9999990248517727 0.07902385127167122 0.08088644778885623 -0.13096656888606617
FixedParameters: 0 0 0
#Transform 75
Transform: MatrixOffsetTransformBase_double_3_3
Parameters: 0.9999997936143024 0.000563579492284823 0.0009748964900420307 -0.0005650350064085007 0.9999994414252059 0.0011656497487076978 -0.0009746728159942541 -0.0011657307833361774 0.9999985099953306 0.06592916769857027 0.10011533797823802 -0.13850391855264377
FixedParameters: 0 0 0
#Transform 76
Transform: MatrixOffsetTransformBase_double_3_3
Parameters: 0.9999991198378838 0.0005257086817514085 0.0007797507907263065 -0.00052620070928764 0.9999998415726106 0.0009423711931186435 -0.000778996032746053 -0.0009431311185395391 0.9999994929272398 0.08610076325473415 0.07243905958620189 -0.11140001707447311
FixedParameters: 0 0 0
#Transform 77
Transform: MatrixOffsetTransformBase_double_3_3
Parameters: 0.9999995100332896 0.00011132369205347093 0.0006938129235044693 -0.0001123916241989719 0.9999994235305015 0.0007594899627583473 -0.0006937667495246561 -0.0007594206671141523 0.9999999251782902 0.08672296799706203 0.10804663773244272 -0.1084390874593879
FixedParameters: 0 0 0
#Transform 78
Transform: MatrixOffsetTransformBase_double_3_3
Parameters: 0.9999997355709553 0.0004995306062587192 -0.0002772271179594943 -0.0005004071522559782 0.999999573401936 0.000410951247146768 0.000276765333519835 -0.0004107490816677717 0.9999997000406424 0.1481503832653175 0.028953691463698306 -0.056585243054726675
FixedParameters: 0 0 0
#Transform 79
Transform: MatrixOffsetTransformBase_double_3_3
Parameters: 0.9999998001766324 0.00004677476974724107 0.0004445604038885789 -0.000047450187582486966 0.9999994206289835 0.0007596836549191577 -0.00044448882120316086 -0.0007597255405501491 0.9999992252475913 0.09935472484696106 0.10768058628212884 -0.09280548788977683
FixedParameters: 0 0 0
#Transform 80
Transform: MatrixOffsetTransformBase_double_3_3
Parameters: 0.9999994041181745 0.0006821125218719705 0.0003613901824180421 -0.000682595859547783 0.9999990860780579 0.0006693160571400597 -0.0003604764244556774 -0.0006698086244391055 0.9999994214139476 0.11430833362224746 0.057992315989338294 -0.07342917161822982
FixedParameters: 0 0 0
#Transform 81
Transform: MatrixOffsetTransformBase_double_3_3
Parameters: 0.9999997117570516 0.0004653370370336033 -0.000371775460796607 -0.0004647818588663479 0.9999999413722392 0.0009174970630564244 0.0003715191480235455 -0.0009171662965742899 0.9999999550740245 0.15022856365818882 0.11753881532493438 -0.09040413080597887
FixedParameters: 0 0 0
#Transform 82
Transform: MatrixOffsetTransformBase_double_3_3
Parameters: 0.9999995920310301 0.0004804789779813759 -0.00042084469141843994 -0.00047988711491665347 0.9999992757433361 0.0007028260931413177 0.00042151946846836347 -0.0007024216024440477 0.99999932892326 0.15526038745562687 0.0523455088100917 -0.07622507006871615
FixedParameters: 0 0 0
#Transform 83
Transform: MatrixOffsetTransformBase_double_3_3
Parameters: 0.9999996417328615 0.00027319783985332684 0.0005325675477712219 -0.0002737940454971442 0.9999996117057846 0.0005597596971660679 -0.0005322612844223737 -0.0005600509231628581 0.9999994030422568 0.10558640469312763 0.12862417418828898 -0.08699440885241927
FixedParameters: 0 0 0
#Transform 84
Transform: MatrixOffsetTransformBase_double_3_3
Parameters: 0.999999579042908 0.0005985903396179279 0.000352839231553978 -0.0005992794032750994 0.9999989730468579 0.0008167445750049268 -0.0003528464281129101 -0.0008171812670166589 0.9999991466095993 0.11452961378951443 0.06484135198452634 -0.08647318020703665
FixedParameters: 0 0 0
#Transform 85
Transform: MatrixOffsetTransformBase_double_3_3
Parameters: 0.9999997131352444 0.0002649103582684732 -0.00046971863102510114 -0.00026366966196338885 0.99999914816183 0.0013350162881852201 0.00047030050234052323 -0.001334768727003402 0.9999989933078157 0.14556245383249689 0.10815279048483717 -0.11031881670139398
FixedParameters: 0 0 0
#Transform 86
Transform: MatrixOffsetTransformBase_double_3_3
Parameters: 0.9999996509981651 0.000406971025596301 -0.00043227950834025253 -0.00040657677519953615 0.9999982131780083 0.0016170163756612649 0.00043358438897572044 -0.0016167258226559428 0.9999982014805531 0.15118236858029377 0.07486154966778713 -0.13524537769056622
FixedParameters: 0 0 0
#Transform 87
Transform: MatrixOffsetTransformBase_double_3_3
Parameters: 0.9999993675142076 -0.00025147383736677954 0.0007569982469691622 0.0002498891513490042 0.9999998619112319 0.001037106836412019 -0.000757641847363516 -0.0010367280221262182 0.9999993474282002 0.11256419575167342 0.14882300314771157 -0.11725266274424939
FixedParameters: 0 0 0
#Transform 88
Transform: MatrixOffsetTransformBase_double_3_3
Parameters: 0.9999990146613713 0.0007282276310926379 0.0007217243950180044 -0.0007290518811157495 0.9999993161677855 0.0011276216428214164 -0.00072129677771305 -0.0011276548413029636 0.9999990230464331 0.12728243536857065 0.03744054998036006 -0.09402388698978825
FixedParameters: 0 0 0
#Transform 89
Transform: MatrixOffsetTransformBase_double_3_3
Parameters: 0.9999998569871354 0.0003530403292845369 -0.00013555817338171267 -0.00035277312180352887 0.9999998961482847 0.000983013793682 0.00013625204349741737 -0.0009831432535959556 0.9999990279507405 0.16354879282256718 0.10144939303978617 -0.10648067229480773
FixedParameters: 0 0 0
#Transform 90
Transform: MatrixOffsetTransformBase_double_3_3
Parameters: 0.9999999141429693 0.00013268416721966703 -0.0002686567390495151 -0.0001320720226261991 0.9999996248210762 0.0011651983919469533 0.00026884149623713355 -0.0011651281162032706 0.9999995663256741 0.1589233637507732 0.03634419648194864 -0.09861201079756654
FixedParameters: 0 0 0
#Transform 91
Transform: MatrixOffsetTransformBase_double_3_3
Parameters: 0.9999993884098201 0.0005660032110887574 0.000597203468514447 -0.0005675932615181786 0.9999991760878654 0.0012251336577734778 -0.0005969238086353662 -0.0012258253973230354 0.9999990764089862 0.13399508898990575 0.10640503477198138 -0.15389160733352014
FixedParameters: 0 0 0
#Transform 92
Transform: MatrixOffsetTransformBase_double_3_3
Parameters: 0.9999993551865086 0.0005599807674270185 0.0005755018968977357 -0.0005607536873822247 0.9999994164883038 0.0006182030701074176 -0.0005748021631862069 -0.0006178752902828155 0.9999991747564346 0.12116775236532362 0.047957660224028587 -0.07233035108858132
FixedParameters: 0 0 0
#Transform 93
Transform: MatrixOffsetTransformBase_double_3_3
Parameters: 0.9999996971692803 0.00038479998162415513 -0.00046633711254227134 -0.0003841776757950331 0.9999992179356088 0.0007214609232175512 0.0004658992532053721 -0.0007220888929266728 0.9999993127813198 0.162743383095588 0.127346079215215 -0.07926198563023945
FixedParameters: 0 0 0
#Transform 94
Transform: MatrixOffsetTransformBase_double_3_3
Parameters: 0.9999991277567941 0.0007541576553497771 0.0005514797631484894 -0.0007539674719143023 0.999999100697235 0.0006710666047105157 -0.0005505739897365483 -0.0006708644674130043 0.9999991266728935 0.12355926329468048 0.06470806901349135 -0.07303946255376559
FixedParameters: 0 0 0
#Transform 95
Transform: MatrixOffsetTransformBase_double_3_3
Parameters: 0.9999994135635518 0.00037432753668586224 0.0006680527931108085 -0.00037529012250838833 0.9999995173020365 0.0006745418965571209 -0.000667540245889206 -0.000674070116694167 0.9999989868880406 0.1445261574247212 0.11025151701332447 -0.08879040720464104
FixedParameters: 0 0 0
#Transform 96
Transform: MatrixOffsetTransformBase_double_3_3
Parameters: 0.9999998828753792 0.0009012470284225152 0.0006053466557527643 -0.0009023240611933155 0.9999995508715173 0.0007963856685764825 -0.0006048951342897887 -0.0007974910786207046 0.9999999372558286 0.1071792607475004 0.07114297514505097 -0.08919588481887786
FixedParameters: 0 0 0
#Transform 97
Transform: MatrixOffsetTransformBase_double_3_3
Parameters: 0.9999994416115344 0.0003363563257158409 0.0006703080881487952 -0.000336392632768202 0.9999993346083995 0.0007562831763894828 -0.0006700361744928704 -0.0007564487446327928 0.999999955044741 0.1062491632453515 0.10999636315308692 -0.10233033653538826
FixedParameters: 0 0 0
#Transform 98
Transform: MatrixOffsetTransformBase_double_3_3
Parameters: 0.9999997220744381 0.0001933672136348371 0.0004943292986877637 -0.00019435234183005998 0.9999990101347799 0.000982410672343309 -0.000494072132620961 -0.0009823777765355785 0.9999997739611679 0.09349100085137252 0.09038779455018187 -0.08923490904592768
FixedParameters: 0 0 0
#Transform 99
Transform: MatrixOffsetTransformBase_double_3_3
Parameters: 0.9999995541007437 0.0005965957726233023 -0.00039559482741530205 -0.0005958722542014003 0.9999994894556085 0.0010745648270368835 0.0003957663995881461 -0.0010741078996361203 0.999999623930594 0.1588304307387034 0.10360872080993033 -0.10146037843038869
FixedParameters: 0 0 0
#Transform 100
Transform: MatrixOffsetTransformBase_double_3_3
Parameters: 0.9999989836190842 0.0007224967755007821 0.0007062356391705632 -0.0007231050185871283 0.999999431056114 0.0010798001899141874 -0.0007049045410137122 -0.0010797878855658555 0.9999992128720928 0.14963829751067692 0.07676524906331395 -0.09583533289864477
FixedParameters: 0 0 0
#Transform 101
Transform: MatrixOffsetTransformBase_double_3_3
Parameters: 0.9999995027839734 0.0006500025068738096 -0.00027209965386464086 -0.0006506862440964212 0.9999992509539987 0.0005650072090093716 0.0002729475652850019 -0.0005647135204145254 0.9999996136930019 0.16322885684634514 0.02632200902620241 -0.051825244247794444
FixedParameters: 0 0 0
#Transform 102
Transform: MatrixOffsetTransformBase_double_3_3
Parameters: 0.9999990605775031 0.0009197327860116988 0.00039997102948801516 -0.0009195750742020973 0.9999993779897475 0.0008842039609623376 -0.00039956681553666995 -0.0008848933863017244 0.9999999854234543 0.14764589698872044 0.07393560752079509 -0.08130748346384564
FixedParameters: 0 0 0
#Transform 103
Transform: MatrixOffsetTransformBase_double_3_3
Parameters: 0.9999993038388253 0.0008199192923799576 -0.00015457586015824726 -0.0008197627329471985 0.9999990727647464 0.0005051963939867316 0.0001554040142068211 -0.0005049422569833178 0.999999720882238 0.15524276520405067 0.05446691265865411 -0.05053260511229496
FixedParameters: 0 0 0
#Transform 104
Transform: MatrixOffsetTransformBase_double_3_3
Parameters: 0.9999994686104133 0.0007142883090954155 -0.00014554078752377492 -0.0007141211071749172 0.9999991617960922 0.0005729172854734566 0.0001463589999093004 -0.0005727088069361896 0.9999996505829712 0.15628475467227076 0.06702763171983861 -0.048857545997094576
FixedParameters: 0 0 0
#Transform 105
Transform: MatrixOffsetTransformBase_double_3_3
Parameters: 0.9999996604061038 0.0005493770598552269 -0.00019436916215948008 -0.0005492415487126515 0.9999995769789626 0.000348359786421476 0.00019475175965428387 -0.00034814603686370016 0.9999998408653582 0.16564806236902996 0.08648672550069136 -0.04697515471087854
FixedParameters: 0 0 0
#Transform 106
Transform: MatrixOffsetTransformBase_double_3_3
Parameters: 0.9999994794797301 0.0005737368841312413 0.00043802274950506537 -0.0005732028160013239 0.9999994050838164 0.0005223487909872121 -0.0004375365972001041 -0.0005227901147429048 0.9999995282408823 0.11846158723949429 0.12471101293890285 -0.058802825408605486
FixedParameters: 0 0 0
#Transform 107
Transform: MatrixOffsetTransformBase_double_3_3
Parameters: 0.9999992761139979 0.0008458654632436382 -0.00026614156088663327 -0.0008456640368594212 0.999999923102704 0.0005899472702749903 0.00026615348359667473 -0.0005897364891523371 0.9999995326519476 0.14104827812553822 0.07204090541789299 -0.047070904319411966
FixedParameters: 0 0 0
#Transform 108
Transform: MatrixOffsetTransformBase_double_3_3
Parameters: 0.9999996805520021 0.00053397172517525 -0.0003111835858807116 -0.0005336599657842552 0.9999992490621769 0.0006821979880804324 0.000310925940571298 -0.0006818799282291427 0.9999993766021334 0.14789229210373378 0.13276172133663522 -0.05397339352354891
FixedParameters: 0 0 0
#Transform 109
Transform: MatrixOffsetTransformBase_double_3_3
Parameters: 0.9999995549866484 -0.0001275028617576746 -0.0006547964318430119 0.0001283271758612311 0.9999995873400924 0.0006294378269450507 0.0006546353816351616 -0.0006296053237198757 0.9999991750466748 0.1328659751107324 0.0691559435052227 -0.049098964211097496
FixedParameters: 0 0 0
#Transform 110
Transform: MatrixOffsetTransformBase_double_3_3
Parameters: 0.9999992980811673 0.0006604258575120918 -0.0005760182352490817 -0.0006604182947448703 0.9999995910304532 0.0009231433496338648 0.0005762343408286241 -0.0009234304399624721 0.9999998698156151 0.1528750085485342 0.04160811398882913 -0.06960559257190368
FixedParameters: 0 0 0
#Transform 111
Transform: MatrixOffsetTransformBase_double_3_3
Parameters: 0.999999016239671 0.0008751089348479129 -0.00046586029698401227 -0.0008756917951407038 1.0000000216777019 0.0004385582862930504 0.00046674086446996804 -0.0004380280498273714 0.9999996103567212 0.14709306153386592 0.06685163359617263 -0.04050175655362409
FixedParameters: 0 0 0
#Transform 112
Transform: MatrixOffsetTransformBase_double_3_3
Parameters: 0.9999991770553324 0.0007507022144664782 -0.0005093054250441473 -0.0007505390152498298 0.9999994109103456 0.00016056275137371623 0.000509545895137388 -0.0001597979773805408 0.9999997148257612 0.15118482046581505 0.0444269404868578 -0.028759616986221204
FixedParameters: 0 0 0
#Transform 113
Transform: MatrixOffsetTransformBase_double_3_3
Parameters: 0.9999992596896748 0.0008548723280777867 0.00026712773825558755 -0.0008552837636142292 0.9999991840395982 0.0004435036302022355 -0.0002673484424673689 -0.00044300230854384115 0.999999558174694 0.12988802156039014 0.07594704851253198 -0.04560005606489881
FixedParameters: 0 0 0
#Transform 114
