#Insight Transform File V1.0
#Transform 0
Transform: MatrixOffsetTransformBase_double_3_3
Parameters: 0.999999652870164 -0.0002846402619288207 0.0003917947332387414 0.0002838390403016129 0.9999965707186447 0.0025214556622873002 -0.0003917408015784024 -0.002521146735338195 0.9999965939187746 -0.026220430063318645 0.06318418467147069 -0.2833962534512011
FixedParameters: 0 0 0
#Transform 1
Transform: MatrixOffsetTransformBase_double_3_3
Parameters: 0.9999997900791444 -0.0003079646111433156 0.0002535534171163034 0.00030777657163832614 0.9999968629005519 0.0024597864115571827 -0.00025456651432192307 -0.002459557794888406 0.9999969283650633 0.038765762404281645 0.02292013827022288 -0.4392878805456064
FixedParameters: 0 0 0
#Transform 2
Transform: MatrixOffsetTransformBase_double_3_3
Parameters: 0.9999999237523998 0.00031805009706028283 0.00023804612972078143 -0.00031870820440684476 0.9999954061554839 0.0030818992915198212 -0.00023780132139458732 -0.003082008430110833 0.9999953572287446 0.0010060781214491499 0.018384973191004406 -0.4276240800568445
FixedParameters: 0 0 0
#Transform 3
Transform: MatrixOffsetTransformBase_double_3_3
Parameters: 0.9999991968054317 -0.0007635634803245129 -0.0002211638214737327 0.0007641030190746641 0.9999953613640961 0.0028371341112574805 0.0002194050751660459 -0.0028374928267092953 0.9999960771625506 0.025298700460211876 0.007824086341429393 -0.40870999744788605
FixedParameters: 0 0 0
#Transform 4
Transform: MatrixOffsetTransformBase_double_3_3
Parameters: 0.9999996328272044 -0.00046910493326043825 0.0001958609665362182 0.0004681838132451514 0.9999960875583228 0.0027739469664073146 -0.00019698414618078003 -0.0027737383057248044 0.9999963747627236 0.03322781736461877 0.04976976627810359 -0.4250386422863244
FixedParameters: 0 0 0
#Transform 5
Transform: MatrixOffsetTransformBase_double_3_3
Parameters: 0.9999999007463592 -0.0008941025216061375 -0.00034706812305451695 0.0008951362403380875 0.9999960552841277 0.0024775079929107297 0.00034545787708627207 -0.002478147980310666 0.9999969241952713 0.029936101855128072 0.003295411179919938 -0.43828313495473026
FixedParameters: 0 0 0
#Transform 6
Transform: MatrixOffsetTransformBase_double_3_3
Parameters: 0.9999993171937196 -0.0006862597074979637 -0.00020158953899887533 0.0006866245948105509 0.9999956267344928 0.0028304768409175007 0.0002002868863267837 -0.002829802527297809 0.999996013497864 0.04420882942092419 0.050822425670332905 -0.44527681945099573
FixedParameters: 0 0 0
#Transform 7
Transform: MatrixOffsetTransformBase_double_3_3
Parameters: 0.9999998558249922 -0.0008886649489691688 -0.0004182349855867268 0.0008901122860344602 0.9999964090826476 0.002625781711663111 0.00041639454757719935 -0.002625797474586175 0.9999960151926335 0.01299263215022961 0.010813571815489809 -0.400364853200216
FixedParameters: 0 0 0
#Transform 8
Transform: MatrixOffsetTransformBase_double_3_3
Parameters: 0.9999991009910512 -0.0010662624808385427 -0.000727095996487237 0.001068187411270731 0.9999940477013555 0.003147293598172965 0.0007241725101222243 -0.003147999784281777 0.9999947048466326 0.02917600230105677 0.06476196729775552 -0.36431027482055356
FixedParameters: 0 0 0
#Transform 9
Transform: MatrixOffsetTransformBase_double_3_3
Parameters: 0.9999992634163046 -0.0006511153362105532 -0.00045110186207489994 0.000652987532771405 0.9999955858866646 0.0029946424009382883 0.00044878589516127165 -0.002995490787932917 0.9999949545560742 0.040145214179219124 0.027529584039271526 -0.4098922472255424
FixedParameters: 0 0 0
#Transform 10
Transform: MatrixOffsetTransformBase_double_3_3
Parameters: 0.9999996488550538 -0.0009717574364546538 -0.00048078608617137947 0.0009738431558485262 0.9999953442703157 0.002967082705485083 0.00047771964858883686 -0.002967289472755097 0.9999950463856282 0.04517487594883107 0.08535565910509035 -0.40703606535959125
FixedParameters: 0 0 0
#Transform 11
Transform: MatrixOffsetTransformBase_double_3_3
Parameters: 0.9999998854991244 -0.0006579426110238261 -0.0007540367761495054 0.0006603820383366387 0.999995628586934 0.002814466703414134 0.0007521525186771558 -0.002815555660268171 0.9999956339990603 0.05532454156640654 0.025780418096161384 -0.4093727082971981
FixedParameters: 0 0 0
#Transform 12
Transform: MatrixOffsetTransformBase_double_3_3
Parameters: 0.9999989149467355 -0.0010738160872581946 -0.0013254797315054787 0.001077294341760745 0.9999955110206445 0.0027462083659929026 0.0013226245954624932 -0.0027470900868449832 0.9999956659570213 0.0848226193360091 0.10175098863687992 -0.44359987377605137
FixedParameters: 0 0 0
#Transform 13
Transform: MatrixOffsetTransformBase_double_3_3
Parameters: 0.9999993305186473 -0.0006066230379296938 -0.00044307632691006904 0.000608445405093019 0.9999952572547176 0.0030792281253670534 0.00044080835453933626 -0.0030788298492979427 0.9999953225199345 0.03485184339007219 0.006562319158760488 -0.4003510707624116
FixedParameters: 0 0 0
#Transform 14
Transform: MatrixOffsetTransformBase_double_3_3
Parameters: 1.000000153866081 -0.0006249685602337449 -0.0005888616009257705 0.0006266717773615888 0.9999954357251479 0.003045134396248192 0.0005867604669735835 -0.0030449947615533574 0.999995391186976 0.045205185013060145 0.030114586719335534 -0.45265424151926936
FixedParameters: 0 0 0
#Transform 15
Transform: MatrixOffsetTransformBase_double_3_3
Parameters: 0.9999999249062373 -0.0007783657355616746 -0.0005457805429402163 0.0007801543625607747 0.9999941108298154 0.003204222983827887 0.0005434748919165497 -0.0032051547745710757 0.9999946163983843 0.04148020270486086 0.02957191675153581 -0.37247520427222014
FixedParameters: 0 0 0
#Transform 16
Transform: MatrixOffsetTransformBase_double_3_3
Parameters: 0.9999998163169145 -0.0008956603519753451 -0.0005181345693999681 0.0008975658919037153 0.9999962891615339 0.0026265579430884284 0.0005151373312853799 -0.0026275197415685098 0.9999969501745587 0.05811798737207141 0.07093658334218844 -0.42833844156632495
FixedParameters: 0 0 0
#Transform 17
Transform: MatrixOffsetTransformBase_double_3_3
Parameters: 0.9999992175256134 -0.0006070349121408032 -0.0004964074075227976 0.0006084572133973672 0.9999945994063189 0.0031649849621630255 0.0004951251757761149 -0.00316567141559973 0.9999949141267963 0.03872170791349561 0.026225225031666355 -0.3784366211883565
FixedParameters: 0 0 0
#Transform 18
Transform: MatrixOffsetTransformBase_double_3_3
Parameters: 0.9999995928590348 -0.0009762251504914698 -0.0005284225433925052 0.0009774161854928052 0.9999953637526177 0.002789681674129199 0.0005257920965186583 -0.002789821180955568 0.9999960138786742 0.05834420623233427 0.08207576818190887 -0.4688831162336271
FixedParameters: 0 0 0
#Transform 19
Transform: MatrixOffsetTransformBase_double_3_3
Parameters: 0.9999987355144272 -0.0006786428060895902 -0.0012804839011686872 0.0006835814439838548 0.9999940393076052 0.0034049233280394886 0.0012785200723535173 -0.0034056748385180163 0.9999938308922439 0.08935704001098088 0.052036587245936516 -0.39259448769504957
FixedParameters: 0 0 0
#Transform 20
Transform: MatrixOffsetTransformBase_double_3_3
Parameters: 0.9999983931225721 -0.0010640098399098685 -0.0011416342766603985 0.0010677917065600529 0.999995690936222 0.0028943278231517017 0.0011382797503139627 -0.0028949570059073615 0.999995286686761 0.09477058326923782 0.08648034915168523 -0.43781314291965145
FixedParameters: 0 0 0
#Transform 21
Transform: MatrixOffsetTransformBase_double_3_3
Parameters: 0.9999973423807142 -0.001325688146153848 -0.0016328909313489265 0.0013309308585125286 0.9999941708690124 0.003043517211710353 0.0016288307380764797 -0.003045930965759308 0.9999940977276492 0.08946351711203704 0.08803943587602703 -0.3410114853150503
FixedParameters: 0 0 0
#Transform 22
Transform: MatrixOffsetTransformBase_double_3_3
Parameters: 0.9999981366230438 -0.0008487517133283955 -0.0020076256680250024 0.0008541690030560529 0.9999955434203848 0.0028173885144363864 0.002005120523089446 -0.002818748962790621 0.9999939358222492 0.10908390682492097 0.07754470516267986 -0.3775882413500682
FixedParameters: 0 0 0
#Transform 23
Transform: MatrixOffsetTransformBase_double_3_3
Parameters: 0.9999989326619982 -0.001141625926760756 -0.0012606923200052592 0.0011451065901896358 0.9999955708147418 0.002863989579159981 0.0012571868589621796 -0.0028660997352787793 0.9999952950795152 0.09744505133964765 0.08869251152226809 -0.3220582777913137
FixedParameters: 0 0 0
#Transform 24
Transform: MatrixOffsetTransformBase_double_3_3
Parameters: 0.9999982398917324 -0.001094354664667077 -0.0011547934468047194 0.0010972103039296154 0.9999942522845782 0.0032767291833719348 0.0011515161301385926 -0.0032775638244138122 0.9999939673608248 0.09245211138086518 0.05210654793249603 -0.39175709980433737
FixedParameters: 0 0 0
#Transform 25
Transform: MatrixOffsetTransformBase_double_3_3
Parameters: 0.9999980496308192 -0.0012875017744610803 -0.0014350924315266883 0.0012920361563050322 0.9999941732490044 0.003217072784632513 0.0014308197684224921 -0.0032190757071162424 0.9999936312819728 0.08819210031998637 0.07141344051802889 -0.34216063710701405
FixedParameters: 0 0 0
#Transform 26
Transform: MatrixOffsetTransformBase_double_3_3
Parameters: 0.9999986181568096 -0.0009628722516740133 -0.0015124742765988755 0.0009681024823428412 0.9999942431069655 0.0033030999927722293 0.0015090060296270302 -0.0033050856465032946 0.9999938755871082 0.09193642654841483 0.053179361785751667 -0.37804335727172145
FixedParameters: 0 0 0
#Transform 27
Transform: MatrixOffsetTransformBase_double_3_3
Parameters: 0.9999984692851105 -0.0010373876274359893 -0.001134877249093065 0.0010408841788770622 0.9999947465975718 0.0032023410719083656 0.001131018934050397 -0.0032039286995207417 0.9999945371538658 0.08106572428421543 0.10754484364319694 -0.34771300531009786
FixedParameters: 0 0 0
#Transform 28
Transform: MatrixOffsetTransformBase_double_3_3
Parameters: 0.9999982863988353 -0.0009430435862317638 -0.0012872235623818326 0.0009475115985107686 0.9999949061994823 0.0032244327765554165 0.0012839326909833831 -0.003225123913627115 0.9999939164121392 0.09521840490877764 0.04590850208811048 -0.3815778447738296
FixedParameters: 0 0 0
#Transform 29
Transform: MatrixOffsetTransformBase_double_3_3
Parameters: 0.9999981727530161 -0.0011734353183805533 -0.0011314466368747625 0.001176166860212353 0.9999954814388002 0.002866971743717986 0.0011276305774978318 -0.002868857886373158 0.9999955838568613 0.09095632846128865 0.09439412564225336 -0.32998568772408987
FixedParameters: 0 0 0
#Transform 30
Transform: MatrixOffsetTransformBase_double_3_3
Parameters: 0.9999986574093174 -0.0010643508882442181 -0.0014262791553339982 0.0010688673080899939 0.999995566905238 0.0028940361484899174 0.001423149251714273 -0.0028963066746135607 0.9999946766527548 0.10206481148409807 0.07063787328242199 -0.3668176173054718
FixedParameters: 0 0 0
#Transform 31
Transform: MatrixOffsetTransformBase_double_3_3
Parameters: 0.9999994584117745 -0.0005776823781345405 -0.0003206524096565841 0.0005789671436907916 0.9999946175549055 0.0033207391378988343 0.00031827729169707497 -0.0033213711369253635 0.9999939921134081 0.0771629944814407 0.08216244718339283 -0.3871260315586227
FixedParameters: 0 0 0
#Transform 32
Transform: MatrixOffsetTransformBase_double_3_3
Parameters: 0.9999991045737832 -0.0006622302049820884 -0.0011646121381496677 0.0006663939389415455 0.9999936773363797 0.0034609049965654975 0.0011617026518769488 -0.003461472971905716 0.9999936698482264 0.08046073285794364 0.05811342786908824 -0.39512761050899314
FixedParameters: 0 0 0
#Transform 33
Transform: MatrixOffsetTransformBase_double_3_3
Parameters: 0.9999991185634234 -0.0006783197464317169 -0.0011475228907372875 0.0006817377252340698 0.9999945190152658 0.0031804458542945557 0.0011450097714227545 -0.003181026539773077 0.9999945754572234 0.09114824229931173 0.07498743727036583 -0.3878390072556499
FixedParameters: 0 0 0
#Transform 34
Transform: MatrixOffsetTransformBase_double_3_3
Parameters: 0.9999985078223536 -0.0006975625639169883 -0.0013788644222790733 0.0007017350185642285 0.9999948273796345 0.0032798927524264887 0.0013762000779543732 -0.003281128196310004 0.9999933670091129 0.09865220457670887 0.039830343000076596 -0.3814281431895239
FixedParameters: 0 0 0
#Transform 35
Transform: MatrixOffsetTransformBase_double_3_3
Parameters: 0.9999986954819544 -0.0008010608755440072 -0.0012487017633622047 0.0008044950914175052 0.9999943591394823 0.0033272633076461694 0.0012452846647863017 -0.0033285732920322053 0.9999933963199344 0.09758733217189786 0.10246910348257643 -0.3799024496156562
FixedParameters: 0 0 0
#Transform 36
Transform: MatrixOffsetTransformBase_double_3_3
Parameters: 0.9999983309520369 -0.0009546581991040229 -0.0012595269926648223 0.0009583881743535846 0.9999953067091681 0.0029958897168119447 0.0012567245585206957 -0.0029965563718709065 0.9999944119325812 0.08603710385250452 0.06118829131527548 -0.38193966929313206
FixedParameters: 0 0 0
#Transform 37
Transform: MatrixOffsetTransformBase_double_3_3
Parameters: 0.9999981983228051 -0.0011175163989030302 -0.0011502055050511897 0.0011213763145190014 0.9999941468932266 0.003268235382661286 0.0011466707519593444 -0.003270025633956397 0.999994136129692 0.10330313732040963 0.10893882368307573 -0.41929462434552534
FixedParameters: 0 0 0
#Transform 38
Transform: MatrixOffsetTransformBase_double_3_3
Parameters: 0.9999986678977034 -0.001011988856661315 -0.0010684247610786499 0.00101536340001561 0.9999937817182745 0.003374647480081705 0.0010643884740342002 -0.003375070142859718 0.9999934414141259 0.08810150874958822 0.044489195183970764 -0.3639331244037294
FixedParameters: 0 0 0
#Transform 39
Transform: MatrixOffsetTransformBase_double_3_3
Parameters: 0.9999985990763132 -0.0006997221370155281 -0.001320200138492239 0.0007042618163214751 0.9999947104607443 0.0031453744450960636 0.0013185821606958234 -0.0031462345131589575 0.9999944310487203 0.1127816233245511 0.08944230967321687 -0.4301450890043128
FixedParameters: 0 0 0
#Transform 40
Transform: MatrixOffsetTransformBase_double_3_3
Parameters: 0.9999983078575063 -0.0007315092613532055 -0.0014311320165797045 0.0007357816173551171 0.9999954754705327 0.0028428337742230636 0.0014288965243845347 -0.0028439528438728434 0.9999948804820953 0.10045442536555527 0.06611014775432977 -0.3424448473993067
FixedParameters: 0 0 0
#Transform 41
Transform: MatrixOffsetTransformBase_double_3_3
Parameters: 0.9999988071726427 -0.0009560834209999874 -0.0014517908354894984 0.0009608696984891108 0.999994346368613 0.00330503693120876 0.0014484968573955925 -0.00330613737482513 0.9999929493545554 0.11086236660507609 0.08005434468631734 -0.3976710511011561
FixedParameters: 0 0 0
#Transform 42
Transform: MatrixOffsetTransformBase_double_3_3
Parameters: 0.9999980522891815 -0.0008613256428234165 -0.0017430407125932218 0.00086698624019599 0.9999946186515967 0.003273049351784449 0.0017404070937993357 -0.003275188828023967 0.9999933285205216 0.11552580563672166 0.08901736886932099 -0.3614752347084078
FixedParameters: 0 0 0
#Transform 43
Transform: MatrixOffsetTransformBase_double_3_3
Parameters: 0.9999982299529344 -0.0008991565288886498 -0.001670207039121789 0.0009045298431825987 0.9999951010366491 0.0030474748250577943 0.0016677520374941066 -0.0030485803410354173 0.9999938903570629 0.11513588113304252 0.07872964376130653 -0.3929105170256122
FixedParameters: 0 0 0
#Transform 44
Transform: MatrixOffsetTransformBase_double_3_3
Parameters: 0.9999992517898445 -0.0008167380599508898 -0.0009561489801227577 0.0008191906210456906 0.999993843171685 0.0032534970034342886 0.0009536247000171416 -0.00325406679344932 0.9999945690233858 0.09259017526919422 0.09416340125785894 -0.37039182051758246
FixedParameters: 0 0 0
#Transform 45
Transform: MatrixOffsetTransformBase_double_3_3
Parameters: 0.9999990076673666 -0.0007644726187708362 -0.0011397707199002696 0.0007683340462538851 0.9999947820519478 0.0029553523077982813 0.001137063582417816 -0.002956057321741326 0.9999949710917145 0.11562376405208852 0.06529449493331185 -0.4285016619209614
FixedParameters: 0 0 0
#Transform 46
Transform: MatrixOffsetTransformBase_double_3_3
Parameters: 0.9999982101189405 -0.0009563532796535825 -0.001306862206130903 0.000960965777892152 0.9999948765875776 0.0032070686744489485 0.0013035102395763387 -0.0032088041879898693 0.9999940864240021 0.09707818138750213 0.07534025577481884 -0.36623269472964637
FixedParameters: 0 0 0
#Transform 47
Transform: MatrixOffsetTransformBase_double_3_3
Parameters: 0.9999987859660908 -0.0009236070109908089 -0.001090889871192241 0.0009262925555571146 0.9999955174427494 0.0029512498260863274 0.001088351607845553 -0.002952497686675312 0.9999951838170131 0.11166917919655361 0.07320985438933292 -0.4483413648566028
FixedParameters: 0 0 0
#Transform 48
Transform: MatrixOffsetTransformBase_double_3_3
Parameters: 0.9999983760894394 -0.000755481317298988 -0.0013745912830159662 0.0007600296580741114 0.9999940167478063 0.003390782836498074 0.0013722397940629238 -0.0033919335882515445 0.9999936835287286 0.10496928449563825 0.0825669156295703 -0.409026858508696
FixedParameters: 0 0 0
#Transform 49
Transform: MatrixOffsetTransformBase_double_3_3
Parameters: 0.9999982662836925 -0.0010196078404311653 -0.001234167916320604 0.0010230989417218958 0.9999953862158837 0.0029609658489866963 0.0012310482155575009 -0.0029617435083610782 0.9999946832244913 0.11842588985419411 0.06408949762094096 -0.3998142774612319
FixedParameters: 0 0 0
#Transform 50
Transform: MatrixOffsetTransformBase_double_3_3
Parameters: 0.9999988903217661 -0.0009591465972033043 -0.000979782119494059 0.0009622144693851925 0.9999932749570961 0.0034643072149378312 0.0009769173707564888 -0.003464433622922286 0.9999930707378626 0.10909398173973273 0.10212413919805385 -0.40773644526487374
FixedParameters: 0 0 0
#Transform 51
Transform: MatrixOffsetTransformBase_double_3_3
Parameters: 0.9999992172597523 -0.0007048605337980785 -0.0010593911489332405 0.0007087818444437063 0.9999933597012387 0.003636544159552363 0.0010569248074724785 -0.0036372739427801837 0.9999927301284214 0.10655651950118283 0.036970422341497056 -0.40743961678073504
FixedParameters: 0 0 0
#Transform 52
Transform: MatrixOffsetTransformBase_double_3_3
Parameters: 0.9999987619774878 -0.0009049153465129313 -0.0010902930149663329 0.0009084669477585818 0.9999943392935967 0.0033048363685989346 0.0010880834906021805 -0.0033060304992378886 0.9999940300363842 0.10650798897535196 0.10022078950950686 -0.4305256335445904
FixedParameters: 0 0 0
#Transform 53
Transform: MatrixOffsetTransformBase_double_3_3
Parameters: 0.9999992166619965 -0.0007109007433257694 -0.0010556460971336765 0.000714582591160912 0.9999940743561925 0.003535739897154541 0.0010532803851897449 -0.0035364769421416115 0.9999934609938238 0.11677708981441981 0.046903986084146254 -0.4059371335269333
FixedParameters: 0 0 0
#Transform 54
Transform: MatrixOffsetTransformBase_double_3_3
Parameters: 0.9999989957126947 -0.0007774008675384284 -0.0015138356760693791 0.0007824415478048978 0.9999947518562041 0.0032907047694619163 0.001510759022985718 -0.003291398332786716 0.9999927996510483 0.12554620484418422 0.0984486796482571 -0.42559592207112473
FixedParameters: 0 0 0
#Transform 55
Transform: MatrixOffsetTransformBase_double_3_3
Parameters: 0.9999982801428865 -0.0007445424405380444 -0.0014162516814850146 0.0007500412972738504 0.9999933358760112 0.003632294963322874 0.001413486447167371 -0.0036334798085873588 0.9999928675303569 0.12655048740191432 0.051210850234070904 -0.4047972794263046
FixedParameters: 0 0 0
#Transform 56
Transform: MatrixOffsetTransformBase_double_3_3
Parameters: 0.9999987461631697 -0.000999354324488935 -0.0014437188876306184 0.0010031944584677956 0.9999952280973453 0.002995203792719864 0.0014407625468293925 -0.0029961871475593788 0.9999949120888022 0.12577360926808012 0.13117470569017087 -0.4574115530509175
FixedParameters: 0 0 0
#Transform 57
Transform: MatrixOffsetTransformBase_double_3_3
Parameters: 0.9999979220191765 -0.0008212006687162224 -0.0017976225266722323 0.0008266089752418044 0.9999947971628224 0.003098848926807257 0.0017956633010383777 -0.003100937807893403 0.9999932485518579 0.1379945924520456 0.04965155383901276 -0.4100709493469452
FixedParameters: 0 0 0
#Transform 58
Transform: MatrixOffsetTransformBase_double_3_3
Parameters: 0.9999984926361905 -0.0007546223778083921 -0.0013303163555192232 0.0007596488179436277 0.9999945433816932 0.00332887223408751 0.0013280810872986562 -0.0033291456798352492 0.9999931192375455 0.10518078017162225 0.059971023606678386 -0.46042766294633
FixedParameters: 0 0 0
#Transform 59
Transform: MatrixOffsetTransformBase_double_3_3
Parameters: 0.9999983788336269 -0.0007993400553294389 -0.0016774453492600996 0.0008054215852902743 0.999994017671998 0.0032309012467060805 0.0016751711703287611 -0.0032324343878324113 0.999993808392492 0.11131910127838296 0.034008791717511144 -0.38257018844278434
FixedParameters: 0 0 0
#Transform 60
Transform: MatrixOffsetTransformBase_double_3_3
Parameters: 0.999999008145356 -0.0007912545483475314 -0.0014809451209053942 0.0007964438990621788 0.999995354137924 0.003018437696699655 0.0014790740853469 -0.0030197942928422566 0.9999947662854004 0.12049550854976587 0.04344198604624694 -0.4398647210415447
FixedParameters: 0 0 0
#Transform 61
Transform: MatrixOffsetTransformBase_double_3_3
Parameters: 0.9999985017268698 -0.0007415143978807132 -0.0013359828382712158 0.0007461421046436488 0.9999931016971034 0.0035425183417851364 0.0013335079509736378 -0.00354260093818784 0.9999926273439165 0.12228715958313785 0.047262276934944225 -0.40133987444275476
FixedParameters: 0 0 0
#Transform 62
Transform: MatrixOffsetTransformBase_double_3_3
Parameters: 0.9999987704820159 -0.0006799942428056364 -0.0012662579690879139 0.0006838881531339627 0.999993913808111 0.0034220871378187467 0.0012643782582504523 -0.003422882205377606 0.9999937566815423 0.13349765518958634 0.05003809032731965 -0.4214034106816342
FixedParameters: 0 0 0
#Transform 63
Transform: MatrixOffsetTransformBase_double_3_3
Parameters: 0.9999987843577692 -0.0007901257735680222 -0.0015757547477424083 0.0007953486440889041 0.9999942248503885 0.003198939305294954 0.0015727314484082974 -0.0032005168350353608 0.9999933008174973 0.13378744666134423 0.09553057766146367 -0.39504890605577714
FixedParameters: 0 0 0
#Transform 64
Transform: MatrixOffsetTransformBase_double_3_3
Parameters: 0.9999982908493281 -0.0003656010773722433 -0.001592832903551153 0.00037169164629236896 0.9999938383201297 0.0034807283547318435 0.0015910830188243727 -0.0034809994845252518 0.9999922974131443 0.14694504929640573 0.045997998437400156 -0.4189284350425879
FixedParameters: 0 0 0
#Transform 65
Transform: MatrixOffsetTransformBase_double_3_3
Parameters: 0.9999981818820712 -0.0008102713266990068 -0.0017486420783252507 0.0008154818427531614 0.9999944033620791 0.003184835146473469 0.0017455100268160481 -0.0031856209701044136 0.9999936972254958 0.1366379849477397 0.0882203451903365 -0.42205872487895135
FixedParameters: 0 0 0
#Transform 66
Transform: MatrixOffsetTransformBase_double_3_3
Parameters: 0.9999979820009968 -0.0007922085048686972 -0.0017962010048832022 0.0007991752109124343 0.9999928977438663 0.003544143220838958 0.001793460856820181 -0.0035459042147741454 0.9999922766305661 0.13846409730945197 0.05147613286635533 -0.40624427035297117
FixedParameters: 0 0 0
#Transform 67
Transform: MatrixOffsetTransformBase_double_3_3
Parameters: 0.9999976472695618 -0.001006641811393436 -0.001764481452126744 0.0010125961876355678 0.999993290485625 0.0035882169902425043 0.0017612416436450715 -0.003589981117808644 0.9999920448268214 0.14293376690318382 0.11529014098748291 -0.39340514914590585
FixedParameters: 0 0 0
#Transform 68
Transform: MatrixOffsetTransformBase_double_3_3
Parameters: 0.9999989701305775 -0.0007102404006061134 -0.001536762837649662 0.0007160815780632339 0.999992309387068 0.003776534821641059 0.0015342766896376397 -0.0037778550758974516 0.9999914530792071 0.12275461362089857 0.032953169263606696 -0.4015547720732826
FixedParameters: 0 0 0
#Transform 69
Transform: MatrixOffsetTransformBase_double_3_3
Parameters: 0.9999976288695872 -0.000960404437978294 -0.0018114980606706577 0.0009662398207536194 0.9999939388780247 0.003215458285241002 0.001808333799994323 -0.003216876829859397 0.9999933371016938 0.14102570620924837 0.0991329618784107 -0.3843922130920845
FixedParameters: 0 0 0
#Transform 70
Transform: MatrixOffsetTransformBase_double_3_3
Parameters: 0.9999984728188951 -0.0007356620281239387 -0.0016987922318385529 0.0007416338568025415 0.9999933780476186 0.0034883591557874766 0.0016955533740327933 -0.0034897851427177495 0.9999929497753585 0.145719287286326 0.03550131333071249 -0.41520216764273243
FixedParameters: 0 0 0
#Transform 71
Transform: MatrixOffsetTransformBase_double_3_3
Parameters: 0.9999975836214536 -0.0012554517008879773 -0.0016159509363821087 0.0012606312872577618 0.9999932648754617 0.0033680205740689584 0.0016114918951037824 -0.003370223667531494 0.999993075876551 0.1365545495718834 0.08897825100274304 -0.4084508205465909
FixedParameters: 0 0 0
#Transform 72
Transform: MatrixOffsetTransformBase_double_3_3
Parameters: 0.9999981700113635 -0.0007168203219806999 -0.00177531681137999 0.0007232769608659035 0.9999937217469779 0.0034595734053623067 0.0017732427725046726 -0.0034600608909905184 0.9999928343842323 0.1351253243920496 0.044047988758791234 -0.38424761246405126
FixedParameters: 0 0 0
#Transform 73
Transform: MatrixOffsetTransformBase_double_3_3
Parameters: 0.9999977172823769 -0.0008697233581103922 -0.00183260411459054 0.0008756584199257258 0.9999941678058141 0.003187795726598344 0.0018300634381952854 -0.0031898959543572997 0.9999935465861475 0.15263769656098702 0.10588966829382684 -0.3938059849327544
FixedParameters: 0 0 0
#Transform 74
Transform: MatrixOffsetTransformBase_double_3_3
Parameters: 0.9999973671905343 -0.0008653723790721154 -0.0019288833918836984 0.000871746945196844 0.9999937468191263 0.003420192270666103 0.0019259625730153884 -0.003421533572970814 0.9999925425510103 0.14279963087626868 0.0436721148443695 -0.3724145937190855
FixedParameters: 0 0 0
#Transform 75
Transform: MatrixOffsetTransformBase_double_3_3
Parameters: 0.9999986804495669 -0.000844111142714145 -0.0015808029235911403 0.0008492177116978701 0.9999944336393242 0.0031520677723560347 0.0015775137366942499 -0.003153823415186399 0.9999935825159898 0.13341585209242623 0.08801963579676908 -0.44108010540435316
FixedParameters: 0 0 0
#Transform 76
Transform: MatrixOffsetTransformBase_double_3_3
Parameters: 0.9999984788132416 -0.0006531731453519639 -0.0014121023173830072 0.000658021580897031 0.9999937738247314 0.003447403717785291 0.0014093838239301049 -0.0034483368365411243 0.9999931316300187 0.12968944357530177 0.019958094224548972 -0.3650384351631999
FixedParameters: 0 0 0
#Transform 77
Transform: MatrixOffsetTransformBase_double_3_3
Parameters: 0.9999985005343437 -0.0008495790744143051 -0.0016143906001206201 0.00085393483223682 0.9999945881537932 0.0031250303529754275 0.0016122142786888366 -0.003126906989370959 0.9999937114003012 0.14222767521272317 0.0874507086930123 -0.40541679659816054
FixedParameters: 0 0 0
#Transform 78
Transform: MatrixOffsetTransformBase_double_3_3
Parameters: 0.9999982784716202 -0.0007836318819113997 -0.001395924136444411 0.0007883221456474717 0.9999923352497297 0.0037740272533111074 0.0013927759569095297 -0.003774377722299785 0.9999917729785548 0.12377970237746183 0.03440352356888354 -0.39394376727604197
FixedParameters: 0 0 0
#Transform 79
Transform: MatrixOffsetTransformBase_double_3_3
Parameters: 0.9999982169049272 -0.0009810078676971545 -0.001629160152244298 0.0009858474870538389 0.9999945323885775 0.0032701357770992395 0.0016257590879386954 -0.0032714936154286806 0.9999936226585953 0.13893417989022794 0.09827551111757771 -0.37632304477951095
FixedParameters: 0 0 0
#Transform 80
Transform: MatrixOffsetTransformBase_double_3_3
Parameters: 0.9999986174396409 -0.0006384796828966177 -0.0016763946306200886 0.0006447761733580177 0.9999937320659071 0.0035967840051460837 0.001674679574379133 -0.003598064253963612 0.9999923292395139 0.14368607218102625 0.037370576067573325 -0.37067623854943577
FixedParameters: 0 0 0
#Transform 81
Transform: MatrixOffsetTransformBase_double_3_3
Parameters: 0.9999987904853211 -0.0007869811328266984 -0.001192946083378263 0.000790266452441798 0.9999940836237137 0.0033719318104189905 0.0011905386643875776 -0.0033731053144121226 0.9999932936838591 0.14574274437556767 0.09995228588898897 -0.4138944054435427
FixedParameters: 0 0 0
#Transform 82
Transform: MatrixOffsetTransformBase_double_3_3
Parameters: 0.9999972250128055 -0.0008569965759365359 -0.001969173318833964 0.0008634321531749613 0.9999933504957674 0.0036176126189710472 0.0019660828687424192 -0.0036192770901854465 0.9999910149869924 0.146583838800737 0.05103583105960752 -0.37159779855690545
FixedParameters: 0 0 0
#Transform 83
Transform: MatrixOffsetTransformBase_double_3_3
Parameters: 0.9999980507345337 -0.0008318875053252156 -0.0020369932926989007 0.000838287919846502 0.9999938227316697 0.003250001106311809 0.0020338394242199326 -0.003252378400326647 0.9999923053444817 0.156324517497751 0.1065594601497537 -0.3869460812694143
FixedParameters: 0 0 0
#Transform 84
Transform: MatrixOffsetTransformBase_double_3_3
Parameters: 0.9999964067496181 -0.0009107574317464987 -0.002366576948051015 0.0009183643638819685 0.9999933408875253 0.0034666008102396256 0.0023634821145370605 -0.0034688160624525566 0.9999913426213448 0.17295835756658562 0.05243905884319133 -0.35375398218681653
FixedParameters: 0 0 0
#Transform 85
Transform: MatrixOffsetTransformBase_double_3_3
Parameters: 0.9999969982651792 -0.0010603427957364539 -0.0021694023285717956 0.0010664461431350771 0.9999952378712865 0.0029710641419243705 0.0021663498195854045 -0.0029736661445897844 0.9999934328706845 0.17097045938699296 0.10360736705717954 -0.366118541074016
FixedParameters: 0 0 0
#Transform 86
Transform: MatrixOffsetTransformBase_double_3_3
Parameters: 0.9999971868752913 -0.0009049405869410304 -0.0021969962783354377 0.0009115065288541621 0.9999936973440431 0.003268218510584356 0.0021943166408517276 -0.0032700344645285317 0.9999924497223053 0.15533676321690848 0.04142378256230472 -0.34751323002751633
FixedParameters: 0 0 0
#Transform 87
Transform: MatrixOffsetTransformBase_double_3_3
Parameters: 0.9999989784806409 -0.0008109664845309152 -0.001482145048302276 0.000815518900151445 0.9999933021664373 0.003497459245428422 0.0014794881775651858 -0.003498024629628907 0.9999925424773664 0.16118204771518663 0.0942765062691251 -0.3850660672863455
FixedParameters: 0 0 0
#Transform 88
Transform: MatrixOffsetTransformBase_double_3_3
Parameters: 0.9999982928489927 -0.0005566585027453972 -0.0014942312621942927 0.000561282276747759 0.9999936947276199 0.0034749471651647768 0.001493247391566782 -0.0034757471807218 0.9999927688337724 0.13793418979888372 0.044034427575184054 -0.36188513103725484
FixedParameters: 0 0 0
#Transform 89
Transform: MatrixOffsetTransformBase_double_3_3
Parameters: 0.999997044655396 -0.0009115858058210058 -0.0022264089716637417 0.0009181132662238155 0.9999940218966511 0.0032162792389405365 0.002223780970809032 -0.003218178153098661 0.9999926562141921 0.16558671728755314 0.10627174830395347 -0.37677491400508245
FixedParameters: 0 0 0
#Transform 90
Transform: MatrixOffsetTransformBase_double_3_3
Parameters: 0.9999986942010098 -0.0008095457540215449 -0.001577054966246036 0.0008153887324813692 0.9999928688272758 0.0036810386775435744 0.0015739734918289935 -0.003682728896109974 0.9999920396006274 0.13198299975583438 0.051986703463910544 -0.36987429987594567
FixedParameters: 0 0 0
#Transform 91
Transform: MatrixOffsetTransformBase_double_3_3
Parameters: 0.9999990449018835 -0.0008338076465723874 -0.001445066716247459 0.0008379612272139065 0.9999949128467406 0.003078352000692536 0.0014429547956308492 -0.003079833621938907 0.9999945128254839 0.1644117774942231 0.10742033520048722 -0.436909997300333
FixedParameters: 0 0 0
#Transform 92
Transform: MatrixOffsetTransformBase_double_3_3
Parameters: 0.9999980745522713 -0.0008446287018295069 -0.001744990371816954 0.000849781007084144 0.9999937296463955 0.0034262634329920577 0.0017423292416946998 -0.003427435549643934 0.9999921928742523 0.14631214438797713 0.061961498657524317 -0.35480446356197604
FixedParameters: 0 0 0
#Transform 93
Transform: MatrixOffsetTransformBase_double_3_3
Parameters: 0.9999959673545739 -0.001389308380020434 -0.0024226449275416145 0.001396035718234886 0.9999945074488686 0.0029967313254970207 0.002418676608625013 -0.0029993417135675965 0.9999929503652955 0.17526556728689968 0.0915693403009783 -0.40515966824339955
FixedParameters: 0 0 0
#Transform 94
Transform: MatrixOffsetTransformBase_double_3_3
Parameters: 0.9999985315116365 -0.0008285164170746141 -0.00161698615493467 0.0008337794951523737 0.9999937711072658 0.003425336869051568 0.00161432368713825 -0.003426179424771983 0.9999926233354147 0.1501758000283786 0.05490372581600411 -0.3554524969679136
FixedParameters: 0 0 0
#Transform 95
Transform: MatrixOffsetTransformBase_double_3_3
Parameters: 0.9999968413925026 -0.0012271979421516564 -0.0021029832098612214 0.001234508452863387 0.9999935943639275 0.003329340532991887 0.0020989146270435632 -0.003332490692924267 0.999992516125967 0.18709939884699622 0.08555084605220031 -0.3817011490721711
FixedParameters: 0 0 0
#Transform 96
Transform: MatrixOffsetTransformBase_double_3_3
Parameters: 0.9999981504797114 -0.0012024278634898246 -0.0017791989963457724 0.0012071117068159663 0.9999952746130476 0.002909556331146465 0.0017764508110027222 -0.002911981143525144 0.9999944054331318 0.14728836571134707 0.06374069317575959 -0.30756073816463925
FixedParameters: 0 0 0
#Transform 97
Transform: MatrixOffsetTransformBase_double_3_3
Parameters: 0.9999973232597523 -0.0011750910795636999 -0.00203230242872237 0.0011818139975351433 0.9999937335837635 0.0033447968361885877 0.0020275693536333725 -0.003346601099349353 0.9999925368390771 0.17187228660017695 0.09556828136641116 -0.36935217910169627
FixedParameters: 0 0 0
#Transform 98
Transform: MatrixOffsetTransformBase_double_3_3
Parameters: 0.9999977416758239 -0.0012254501799912653 -0.0018778867842056748 0.001232542988184285 0.999993082779074 0.003407280947115135 0.0018735265540882479 -0.00340980887580368 0.9999928816296917 0.15452321214351628 0.048744139175980195 -0.3164584052524333
FixedParameters: 0 0 0
#Transform 99
Transform: MatrixOffsetTransformBase_double_3_3
Parameters: 0.999996581585992 -0.0015009356182531805 -0.002206408912283943 0.0015089875897991278 0.9999929727184126 0.00332685776875119 0.0022016376284098443 -0.003330482675367355 0.9999920401661998 0.17945229415737174 0.10312320639967254 -0.38491201378313633
FixedParameters: 0 0 0
#Transform 100
Transform: MatrixOffsetTransformBase_double_3_3
Parameters: 0.9999969063210643 -0.0013283285665641065 -0.002256301288796815 0.0013351358765170433 0.9999945438165759 0.0029984320747098586 0.002252696756900742 -0.0030014409631331923 0.999992837947691 0.16681741185487908 0.055288669515888955 -0.3203365094161228
FixedParameters: 0 0 0
#Transform 101
Transform: MatrixOffsetTransformBase_double_3_3
Parameters: 0.9999956891538697 -0.0015875212135608848 -0.002357498577619445 0.001595426954724125 0.9999941210723672 0.0031062900979721003 0.0023518662006481103 -0.00311078993829024 0.9999927089268514 0.16380104759630854 0.10529083805896278 -0.35742514024397565
FixedParameters: 0 0 0
#Transform 102
Transform: MatrixOffsetTransformBase_double_3_3
Parameters: 0.9999966843685381 -0.0014951398662182772 -0.0021869997330785165 0.0015032466085613686 0.9999937110616134 0.0033836653347420614 0.0021821048516364946 -0.0033864594398759634 0.9999916474119699 0.1592189867038485 0.07543341080496191 -0.3385634450775541
FixedParameters: 0 0 0
#Transform 103
Transform: MatrixOffsetTransformBase_double_3_3
Parameters: 0.9999982057455589 -0.0010073238480797636 -0.0016150130485135597 0.0010126913664686658 0.9999942538541327 0.0031506476664636407 0.0016116899988915662 -0.0031520018659039056 0.9999934325599171 0.14581369293109958 0.09925395260071923 -0.3490460705465921
FixedParameters: 0 0 0
#Transform 104
Transform: MatrixOffsetTransformBase_double_3_3
Parameters: 0.9999990347937758 -0.0008280302844917136 -0.0014518536481729419 0.0008327005484053329 0.999993885663328 0.0032422809488868165 0.0014495034696947254 -0.0032437577066585926 0.9999934571427822 0.15606791754558458 0.04942468067507377 -0.3362227300899576
FixedParameters: 0 0 0
#Transform 105
Transform: MatrixOffsetTransformBase_double_3_3
Parameters: 0.9999969174604135 -0.0013425729601642513 -0.0020127411533916797 0.0013493190268683971 0.9999932324452453 0.003339015132915679 0.002007879469485177 -0.003342404914091282 0.9999928234233222 0.1680172622133682 0.08842323079929315 -0.3864345274544405
FixedParameters: 0 0 0
#Transform 106
Transform: MatrixOffsetTransformBase_double_3_3
Parameters: 0.9999980848798824 -0.0010295706606710843 -0.0016412624611988544 0.0010347148364221329 0.99999282117909 0.0036466832036471525 0.0016367546268740499 -0.003648285110493671 0.9999919821833685 0.1513764230740975 0.04596106304568082 -0.38012330144260886
FixedParameters: 0 0 0
#Transform 107
Transform: MatrixOffsetTransformBase_double_3_3
Parameters: 0.9999959555118824 -0.0013923159556757216 -0.002423351696306919 0.0013992629309011002 0.9999941948953674 0.003027986458293802 0.0024192689705845732 -0.003031586129805447 0.9999928683046102 0.1907858422720352 0.1017793230152364 -0.3874333965368777
FixedParameters: 0 0 0
#Transform 108
Transform: MatrixOffsetTransformBase_double_3_3
Parameters: 0.9999956538897317 -0.0014878800125480776 -0.0026144155596502655 0.00149698984142146 0.9999926235523151 0.0034007936308124848 0.0026097403292693264 -0.003404505123919585 0.9999904656531929 0.16420083321142442 0.0454967869797116 -0.32365474553488127
FixedParameters: 0 0 0
#Transform 109
Transform: MatrixOffsetTransformBase_double_3_3
Parameters: 0.9999958684746365 -0.0015166069238553197 -0.0023525800936193206 0.0015246777368314816 0.9999928652318871 0.003334522959827821 0.0023477934285118934 -0.0033387223016110162 0.9999913285201748 0.166610556115117 0.09797057655441677 -0.3781530580033916
FixedParameters: 0 0 0
#Transform 110
Transform: MatrixOffsetTransformBase_double_3_3
Parameters: 0.9999957737348159 -0.0015451461745734371 -0.0025575769675860657 0.0015540719016419397 0.9999934832592753 0.003246411357419418 0.0025528778259110013 -0.0032501845579863964 0.9999917789954722 0.15820743786882474 0.05857770744340485 -0.31374804535303724
FixedParameters: 0 0 0
#Transform 111
Transform: MatrixOffsetTransformBase_double_3_3
Parameters: 0.9999954155473305 -0.0015320047217931452 -0.002437285284534345 0.0015401346948810566 0.9999935316210905 0.0032435222233419547 0.002432683301677757 -0.003247082216041225 0.9999914113465024 0.17104813494285054 0.10244937687095046 -0.3535204415069586
FixedParameters: 0 0 0
#Transform 112
Transform: MatrixOffsetTransformBase_double_3_3
Parameters: 0.999996543392864 -0.0014701020715526588 -0.002000768615013908 0.0014772645675269558 0.9999932137397735 0.0034508778152032155 0.0019957170684090086 -0.003453984593779616 0.9999920747071505 0.1604934238350637 0.058402568084773065 -0.3137281183031746
FixedParameters: 0 0 0
#Transform 113
Transform: MatrixOffsetTransformBase_double_3_3
Parameters: 0.9999954361787967 -0.0015132094763557731 -0.00244584173153118 0.0015219188073219989 0.9999924251256579 0.003543919042310259 0.0024404290314287355 -0.0035484476925796565 0.9999904437942154 0.18336683265943066 0.09663942761969224 -0.3752164198672858
FixedParameters: 0 0 0
#Transform 114
Transform: MatrixOffsetTransformBase_double_3_3
Parameters: 0.9999965402840039 -0.0013168203705214163 -0.0021051876538308936 0.001324416351230531 0.9999931284781951 0.003381789944309363 0.0021013762231988503 -0.0033843370451929755 0.9999921051801401 0.16589913738704354 0.0566595446666156 -0.31461524071417557
