#Insight Transform File V1.0
#Transform 0
Transform: MatrixOffsetTransformBase_double_3_3
Parameters: 0.9999970101508292 0.0005057386818505764 0.002409525955831028 -0.0005117674763745255 0.9999977609262999 0.0022471504458675684 -0.0024091617181301803 -0.002248638576339737 0.9999949952763063 0.002566908691193248 0.006778172188745657 -0.5063637813614434
FixedParameters: 0 0 0
#Transform 1
Transform: MatrixOffsetTransformBase_double_3_3
Parameters: 0.9999972610804897 0.00039267988758288994 0.0023648499053755753 -0.0003973412769033716 0.9999978040175114 0.00202775310413153 -0.0023640610550089217 -0.0020286427711058153 0.9999952143172205 -0.01847355941430351 0.0054684236325925895 -0.47212762126530095
FixedParameters: 0 0 0
#Transform 2
Transform: MatrixOffsetTransformBase_double_3_3
Parameters: 0.9999961108793576 0.00043713803755465047 0.002590282387188683 -0.00044338516247187983 0.9999973802136617 0.0023459863457947067 -0.002589266541112044 -0.0023472284992824693 0.9999936941628667 -0.002777591792266776 0.05587461503021984 -0.5324034627684
FixedParameters: 0 0 0
#Transform 3
Transform: MatrixOffsetTransformBase_double_3_3
Parameters: 0.9999974571019483 0.00038597271939625095 0.002098935114322742 -0.0003911652068181743 0.9999971090740812 0.0024080158473382546 -0.0020980006066386725 -0.0024088946059816624 0.9999947233444451 -0.014206319221514718 0.028728059471859524 -0.4538286854280784
FixedParameters: 0 0 0
#Transform 4
Transform: MatrixOffsetTransformBase_double_3_3
Parameters: 0.9999962829878116 0.0004076842285234694 0.0027485833102182528 -0.0004123178257715602 0.9999984713441711 0.0015615204341373895 -0.002747878944086568 -0.0015626302080373744 0.9999949237040525 -0.002544509247641713 0.03084061229840529 -0.5058815442699682
FixedParameters: 0 0 0
#Transform 5
Transform: MatrixOffsetTransformBase_double_3_3
Parameters: 0.9999991316375534 -0.0016028412545127033 -0.00023254261601445697 0.0016033944043579232 0.9999956368380503 0.0024029328913313386 0.0002287694030805379 -0.002403903346086894 0.999997432277782 0.07916164735136988 0.06347812488202464 -0.4349572323797588
FixedParameters: 0 0 0
#Transform 6
Transform: MatrixOffsetTransformBase_double_3_3
Parameters: 0.9999999963802261 -0.0007519847053430841 0.0005168371841801703 0.0007500622161448322 0.9999944489602268 0.003143793446195642 -0.0005192171440258561 -0.0031438883455508354 0.9999951223518957 0.08114883791922978 0.020818077670867297 -0.3595573322740222
FixedParameters: 0 0 0
#Transform 7
Transform: MatrixOffsetTransformBase_double_3_3
Parameters: 0.999999040426103 -0.0008194725817030311 0.00033689128898235776 0.0008182194711214581 0.9999965296495869 0.0023851009911748655 -0.0003382184870266286 -0.002385481086078056 0.9999974817754614 0.07537265459488651 0.052403123282971364 -0.4937897495987471
FixedParameters: 0 0 0
#Transform 8
Transform: MatrixOffsetTransformBase_double_3_3
Parameters: 0.9999995504315542 -0.000566742215329325 0.00015304402883638268 0.0005658831951119297 0.9999948726165219 0.0032855808631948313 -0.0001554123997106402 -0.0032856078861303317 0.9999942976376065 0.07849825019182788 0.038457886654029494 -0.4230668175239174
FixedParameters: 0 0 0
#Transform 9
Transform: MatrixOffsetTransformBase_double_3_3
Parameters: 0.9999997161114641 -0.00041366893082154903 0.00006185737543477204 0.0004134782554946082 0.9999955204341581 0.0028827286180048844 -0.00006276507324742137 -0.002882652521765089 0.9999957937527946 0.07142088328180307 0.061649880466845275 -0.4344740550957056
FixedParameters: 0 0 0
#Transform 10
Transform: MatrixOffsetTransformBase_double_3_3
Parameters: 0.9999993741628455 -0.00044815812560330265 0.0005589364232264568 0.0004465146685446392 0.999996069386393 0.0025740054873695795 -0.0005597593293720504 -0.0025743912102346167 0.9999962774614819 0.07684185263738641 0.07811836644413006 -0.45009602216609323
FixedParameters: 0 0 0
#Transform 11
Transform: MatrixOffsetTransformBase_double_3_3
Parameters: 0.9999994005027861 -0.0010672680408679858 0.0005304205111737181 0.0010658571538703305 0.9999959476144965 0.0026074712449818266 -0.0005333928425417453 -0.0026074332523376154 0.9999962132687104 0.07325070650570353 0.04964468557139412 -0.44367685771919696
FixedParameters: 0 0 0
#Transform 12
Transform: MatrixOffsetTransformBase_double_3_3
Parameters: 0.9999967718319005 -0.00012305114828642816 0.0026648457583658483 0.00011618415606136617 0.9999968357981305 0.00264834139754426 -0.0026646854884733173 -0.0026485215791560157 0.9999931333418624 0.006212290616588234 0.09385325803427236 -0.48893327249373897
FixedParameters: 0 0 0
#Transform 13
Transform: MatrixOffsetTransformBase_double_3_3
Parameters: 0.9999997932551611 -0.0008312864769843623 0.0005798062831505538 0.0008309211196759828 0.999996724966512 0.002342764772246833 -0.0005812238194784838 -0.0023426103020861427 0.999997449933401 0.07521733517745588 0.043715722543737456 -0.458333794425414
FixedParameters: 0 0 0
#Transform 14
Transform: MatrixOffsetTransformBase_double_3_3
Parameters: 0.9999999891732526 -0.0008171722683147017 0.00040501194813446356 0.0008164359902560351 0.9999970272257184 0.002510661076647963 -0.00040651616761761683 -0.002510122476936924 0.9999967158253922 0.06899975412183323 0.09722341982100602 -0.44569823834829947
FixedParameters: 0 0 0
#Transform 15
Transform: MatrixOffsetTransformBase_double_3_3
Parameters: 0.9999992074755657 -0.0005976569882364781 0.0005713617288844522 0.0005955861356977486 0.999995685786187 0.0028229129289008975 -0.000573366189576846 -0.0028221446203258588 0.9999958062415849 0.07453162650423906 0.04972162905328048 -0.4200173528414268
FixedParameters: 0 0 0
#Transform 16
Transform: MatrixOffsetTransformBase_double_3_3
Parameters: 0.9999999302592106 -0.00043275939723751416 0.0008771049879851209 0.0004311731561779655 0.9999962278070199 0.00273781632241199 -0.000878216525930238 -0.002737822676631002 0.9999959368282523 0.0756933006303484 0.09358395853369927 -0.4235105733796303
FixedParameters: 0 0 0
#Transform 17
Transform: MatrixOffsetTransformBase_double_3_3
Parameters: 0.9999966875792814 0.00048657142612042095 0.0024680767622089206 -0.0004937685750781729 0.9999958878773769 0.0028409357377594535 -0.002466571757846363 -0.00284128407392166 0.9999926247075378 0.011982562687322229 0.04221294893365268 -0.4104491169426012
FixedParameters: 0 0 0
#Transform 18
Transform: MatrixOffsetTransformBase_double_3_3
Parameters: 0.9999994700802538 -0.00034267233788105086 0.0006043667308287606 0.00034130922848889765 0.9999959962132245 0.0028112289703670357 -0.0006060248831634418 -0.0028106829407685413 0.9999957642835257 0.06799298076930427 0.10221732932480165 -0.42537571369970806
FixedParameters: 0 0 0
#Transform 19
Transform: MatrixOffsetTransformBase_double_3_3
Parameters: 0.999998735835665 -0.0007512803578322014 -0.0012357689045460682 0.0007556187118817692 0.9999952900288649 0.0028716533376770825 0.0012342502107923342 -0.002872460377317504 0.999995290786542 0.10596551215833472 0.04202368971286319 -0.3727080265572482
FixedParameters: 0 0 0
#Transform 20
Transform: MatrixOffsetTransformBase_double_3_3
Parameters: 0.9999997236171417 -0.00038356436843197707 0.0001429886782569681 0.00038287902284406435 0.9999959757425575 0.0029775235937803124 -0.00014379410334876275 -0.002977614520902866 0.9999952339285231 0.08878369509424999 0.1168677079218412 -0.43329958450121353
FixedParameters: 0 0 0
#Transform 21
Transform: MatrixOffsetTransformBase_double_3_3
Parameters: 0.9999996612429887 -0.00035605484110966343 0.0003269695788814947 0.0003551770141436922 0.9999953314459982 0.0030905396913640942 -0.0003279277748417242 -0.003090222338805501 0.9999954389919448 0.07522687925140303 0.06633786875927683 -0.35743897352358545
FixedParameters: 0 0 0
#Transform 22
Transform: MatrixOffsetTransformBase_double_3_3
Parameters: 0.9999997448463187 -0.0003841308798847856 0.00005036225123927762 0.00038396653290021735 0.9999950427377772 0.003132298698780747 -0.000051415153574589645 -0.0031322359328551513 0.999995290007768 0.07082828102944916 0.12574360517875505 -0.405353923817529
FixedParameters: 0 0 0
#Transform 23
Transform: MatrixOffsetTransformBase_double_3_3
Parameters: 0.9999959376378862 0.00018736867071680787 0.0028244411223095137 -0.0001950917250256477 0.9999960892624111 0.0026193736012494057 -0.0028236240431754878 -0.002620087650173797 0.9999922235312162 0.015507477532509029 0.059367454804032604 -0.3639203809595699
FixedParameters: 0 0 0
#Transform 24
Transform: MatrixOffsetTransformBase_double_3_3
Parameters: 0.9999994617592214 -0.000524802300863692 0.00039215691248481455 0.0005236800040117322 0.999995300765654 0.002904179520511585 -0.00039383812908180826 -0.0029036821316071604 0.9999955132458418 0.0749481011890083 0.10735389173760268 -0.42413441995284984
FixedParameters: 0 0 0
#Transform 25
Transform: MatrixOffsetTransformBase_double_3_3
Parameters: 0.9999996560702669 -0.0005468672784407231 0.0009671020337383082 0.0005443347419532138 0.9999961317974476 0.0029320139530510936 -0.0009691636663594697 -0.0029307506212622736 0.9999955561738841 0.06760016317645068 0.07318283949271631 -0.34860944448489306
FixedParameters: 0 0 0
#Transform 26
Transform: MatrixOffsetTransformBase_double_3_3
Parameters: 0.9999961909229232 0.0003848475075050647 0.0025830603262193205 -0.0003918330290068675 0.9999966994578942 0.0024955802352933515 -0.0025821720776184887 -0.002496547899720744 0.9999930074061912 0.02154385807068593 0.09594722868756378 -0.4294602525752538
FixedParameters: 0 0 0
#Transform 27
Transform: MatrixOffsetTransformBase_double_3_3
Parameters: 0.9999998860088057 -0.0006872536964328208 0.000727356759394289 0.0006844985462991149 0.9999959206800182 0.0027395614459782835 -0.0007296345265733889 -0.002739448286285112 0.999996181236272 0.07607424796103146 0.05824726516314627 -0.3581179908360639
FixedParameters: 0 0 0
#Transform 28
Transform: MatrixOffsetTransformBase_double_3_3
Parameters: 0.9999970169927082 -0.00011820786596237857 0.00263003905209782 0.00011064872643364119 0.9999960487228376 0.0027930315432812686 -0.002630870230778931 -0.0027932612636546728 0.9999924660696797 0.052531180340182004 0.08935657968703481 -0.4056718167495177
FixedParameters: 0 0 0
#Transform 29
Transform: MatrixOffsetTransformBase_double_3_3
Parameters: 0.9999961528253789 0.00020019433807925372 0.0027958720498103273 -0.00020681049199156205 0.9999972177854662 0.002416972934618178 -0.002796051976169521 -0.0024167865263184374 0.999993229055171 0.00475743664851791 0.07538048614988213 -0.33475168908981345
FixedParameters: 0 0 0
#Transform 30
Transform: MatrixOffsetTransformBase_double_3_3
Parameters: 0.9999995714132657 -0.0004345868235052369 0.00036688950797097997 0.00043347618095548705 0.9999953982415203 0.003069686966488558 -0.00036831423520240075 -0.0030692834040966788 0.9999955397999425 0.08314868501690853 0.09524073420458024 -0.36587082990234876
FixedParameters: 0 0 0
#Transform 31
Transform: MatrixOffsetTransformBase_double_3_3
Parameters: 0.9999993274827518 -0.000330034043361095 0.000674362754595273 0.0003282877449810144 0.9999955619114037 0.0028890980663630605 -0.0006750142116392216 -0.002888507784290645 0.9999952930908013 0.07371001310698944 0.1035744653383972 -0.34513802279074923
FixedParameters: 0 0 0
#Transform 32
Transform: MatrixOffsetTransformBase_double_3_3
Parameters: 0.9999991957427 -0.0007287475186266955 0.00040583174004468064 0.0007266013502445472 0.9999953919407453 0.0028428299995255646 -0.00040849189843877864 -0.0028422128792079393 0.9999958618301059 0.09025161340449017 0.08765570522595567 -0.38750375365782475
FixedParameters: 0 0 0
#Transform 33
Transform: MatrixOffsetTransformBase_double_3_3
Parameters: 0.9999997947920544 -0.0006700985528142311 0.000801855973981136 0.0006677390415298816 0.9999956289854863 0.002818243135960352 -0.0008042514842203224 -0.0028170217822157395 0.999995513372907 0.09128936409724986 0.09073753829457587 -0.3270370786948291
FixedParameters: 0 0 0
#Transform 34
Transform: MatrixOffsetTransformBase_double_3_3
Parameters: 0.999999999500878 -0.0003008768853376429 0.0009286982246998407 0.0002985743575138278 0.9999954088294981 0.002902311239694838 -0.0009302938079397763 -0.002902308171176482 0.999995837231938 0.0913967913676288 0.11712986876003129 -0.3407305828730216
FixedParameters: 0 0 0
#Transform 35
Transform: MatrixOffsetTransformBase_double_3_3
Parameters: 0.9999991404109023 -0.0010488022116004452 0.0007233149265218966 0.0010462514267459535 0.9999951331941532 0.0027692799325421263 -0.0007256642499650218 -0.002768620176645295 0.9999961477848947 0.10798063825619408 0.10584897392632797 -0.31400775942920234
FixedParameters: 0 0 0
#Transform 36
Transform: MatrixOffsetTransformBase_double_3_3
Parameters: 0.9999995552370025 -0.0010999367273217967 0.0002450019963046446 0.0010989104943113668 0.999995812172622 0.0028025469812135717 -0.0002485858785192113 -0.002803162610803961 0.999996381289551 0.10603441127555868 0.12470441360717643 -0.375196823304222
FixedParameters: 0 0 0
#Transform 37
Transform: MatrixOffsetTransformBase_double_3_3
Parameters: 0.9999986584056179 -0.0010305513583624736 0.0010194456387756928 0.0010278526913782811 0.9999964243405965 0.002531984485095895 -0.0010211940730816965 -0.0025309060680792222 0.9999959001683576 0.07267780995867668 0.06407762595637223 -0.32248750484244226
FixedParameters: 0 0 0
#Transform 38
Transform: MatrixOffsetTransformBase_double_3_3
Parameters: 0.9999991834819372 -0.0007542765979594293 0.001037329643523363 0.0007512186840799417 0.9999949224156627 0.003069892844486957 -0.0010398349132138135 -0.00306908069844071 0.9999947599772447 0.08334784051243105 0.08711474978086642 -0.41323175542753177
FixedParameters: 0 0 0
#Transform 39
Transform: MatrixOffsetTransformBase_double_3_3
Parameters: 0.9999994841725779 -0.0005268538621055431 0.0010624708524932594 0.0005237509876490007 0.999996121690438 0.0029374707431292224 -0.001064419180611391 -0.0029361465787012264 0.9999953306941455 0.08935018329933087 0.08572563112234377 -0.3404173148629326
FixedParameters: 0 0 0
#Transform 40
Transform: MatrixOffsetTransformBase_double_3_3
Parameters: 0.9999999701477873 -0.000591751389600945 0.0007501796947505315 0.0005902495353511542 0.9999966553321687 0.002452238960956102 -0.0007515798733395002 -0.002451203546380995 0.999996526415447 0.11016061719237769 0.06289951210334266 -0.41095702820383906
FixedParameters: 0 0 0
#Transform 41
Transform: MatrixOffsetTransformBase_double_3_3
Parameters: 0.9999994999196092 -0.0009881976773219994 0.000535320389799511 0.0009865517549875764 0.9999955221921917 0.0028961280959706043 -0.0005375877609729782 -0.0028961522088033487 0.9999956772109382 0.10573495998411886 0.11369740498280123 -0.38473295920775286
FixedParameters: 0 0 0
#Transform 42
Transform: MatrixOffsetTransformBase_double_3_3
Parameters: 0.9999996799517159 -0.001063157803824332 0.0001209440402676551 0.0010627123155956012 0.9999947715597847 0.0030146628718318302 -0.0001247665066571868 -0.0030145876167455427 0.9999950826445771 0.10516553588222166 0.062024922181819875 -0.33793004756522294
FixedParameters: 0 0 0
#Transform 43
Transform: MatrixOffsetTransformBase_double_3_3
Parameters: 0.9999997633310681 -0.0010260156428908446 0.00009372816107707654 0.0010257448936266747 0.9999951514148349 0.0029640422415725537 -0.00009722341631757808 -0.0029640322677028513 0.9999953910758094 0.10422581770139061 0.1295750162775704 -0.33085262248191327
FixedParameters: 0 0 0
#Transform 44
Transform: MatrixOffsetTransformBase_double_3_3
Parameters: 1.0000000094475938 -0.0008687666144926824 0.0002452936487452942 0.0008685972416014485 0.9999955254720119 0.002952492628620129 -0.00024794989732398326 -0.002952189294553653 0.9999954015421723 0.09604296739573215 0.06403178393607334 -0.38667292149082755
FixedParameters: 0 0 0
#Transform 45
Transform: MatrixOffsetTransformBase_double_3_3
Parameters: 0.9999999737085291 -0.0005748507048922253 0.0007218535823729638 0.0005731845824564702 0.9999958815055713 0.002773603175771494 -0.000722684995892578 -0.0027735853276761174 0.9999960567672674 0.08327017790554692 0.1140921428663404 -0.3398547870272779
FixedParameters: 0 0 0
#Transform 46
Transform: MatrixOffsetTransformBase_double_3_3
Parameters: 1.000000089555931 -0.0008166382944301545 0.00026071020922429494 0.0008164919241600852 0.9999950759689212 0.002855306115603806 -0.00026290769295329863 -0.00285575067270398 0.9999960557028803 0.0883208661843895 0.08138975681019645 -0.37998160094031164
FixedParameters: 0 0 0
#Transform 47
Transform: MatrixOffsetTransformBase_double_3_3
Parameters: 1.000000046059196 -0.0008772204028533476 0.00009642906568046311 0.0008769642125566303 0.9999952548127685 0.0028246636392402075 -0.0000987976170013366 -0.002824452942180089 0.9999961851899982 0.0898830946325262 0.10312440040681281 -0.39247204798184043
FixedParameters: 0 0 0
#Transform 48
Transform: MatrixOffsetTransformBase_double_3_3
Parameters: 0.9999993268852895 -0.0006060569479433616 0.000366978640281769 0.000605192795344993 0.9999951929361114 0.0029070734697237005 -0.000368150185067348 -0.0029065288864341676 0.9999955773754635 0.09062237135015039 0.06948739916846591 -0.35221866109736766
FixedParameters: 0 0 0
#Transform 49
Transform: MatrixOffsetTransformBase_double_3_3
Parameters: 0.9999997315749274 -0.0010263289182740245 0.0002004339336851499 0.0010254326973585838 0.9999952535443011 0.00294687324754489 -0.00020389374036094282 -0.002946644374014956 0.9999954614518558 0.09453321739894704 0.10773200349703416 -0.3438708627895579
FixedParameters: 0 0 0
#Transform 50
Transform: MatrixOffsetTransformBase_double_3_3
Parameters: 0.9999997921171034 -0.0009860606557039403 0.00024451188138120694 0.000986023867650663 0.9999957949573154 0.0026913952525972756 -0.00024734592069585587 -0.00269081001349418 0.9999968633107362 0.10473444214495942 0.08199628119587032 -0.4243873967675995
FixedParameters: 0 0 0
#Transform 51
Transform: MatrixOffsetTransformBase_double_3_3
Parameters: 0.9999990552973584 -0.0009989849733670342 0.0008761314802766818 0.0009969436349898655 0.9999969072562207 0.0024707220444821903 -0.0008785776137906418 -0.0024690343826159616 0.9999963054537068 0.07743997939292058 0.10178030879505684 -0.4300311637383345
FixedParameters: 0 0 0
#Transform 52
Transform: MatrixOffsetTransformBase_double_3_3
Parameters: 0.9999990396427407 -0.0013095723685866267 0.00008819936433546866 0.0013094709540503666 0.9999952929335912 0.002825344117965506 -0.00009202692736710871 -0.0028252799947872387 0.9999962566711086 0.09007613625227862 0.07036148005838072 -0.37407662107992223
FixedParameters: 0 0 0
#Transform 53
Transform: MatrixOffsetTransformBase_double_3_3
Parameters: 0.9999995381163298 -0.0010073901917716918 0.0005204459585719801 0.001006734902560616 0.9999951083280688 0.0028101947901468527 -0.0005237449890301352 -0.0028089821951678695 0.9999959924149604 0.0991531391238425 0.11154009448017632 -0.32197688868113516
FixedParameters: 0 0 0
#Transform 54
Transform: MatrixOffsetTransformBase_double_3_3
Parameters: 0.9999997527985289 -0.0009981900406984823 0.00011594477568751399 0.000997941407302561 0.9999951323766353 0.002806301720087598 -0.00011797417726650689 -0.0028060147550739434 0.9999963461102588 0.11530891354480843 0.06950559771337339 -0.3554406366144178
FixedParameters: 0 0 0
#Transform 55
Transform: MatrixOffsetTransformBase_double_3_3
Parameters: 1.0000000251973709 -0.0008835455817687394 0.00013831265704731394 0.000883029429666303 0.9999957620120333 0.002906430482043712 -0.00014086078381579659 -0.002906369810644696 0.9999957190688448 0.1094907143661743 0.13373121908979613 -0.4013931215485229
FixedParameters: 0 0 0
#Transform 56
Transform: MatrixOffsetTransformBase_double_3_3
Parameters: 0.9999994017360376 -0.0010894230110741155 0.00048184447397582597 0.0010884939528932281 0.999996084456568 0.0023721278796400014 -0.00048442088131207123 -0.0023719469042454283 0.9999974221631523 0.08659488483478128 0.050337987788438454 -0.40392515930773243
FixedParameters: 0 0 0
#Transform 57
Transform: MatrixOffsetTransformBase_double_3_3
Parameters: 0.9999997200658735 -0.0009695689931769171 0.0004019779354301478 0.0009679801209167196 0.9999960360013169 0.0024320618109067993 -0.00040398742230871726 -0.002432213040688566 0.9999972114828727 0.11385884039822258 0.07152207175987257 -0.4173874515885103
FixedParameters: 0 0 0
#Transform 58
Transform: MatrixOffsetTransformBase_double_3_3
Parameters: 0.9999990398927823 -0.0009885821030361387 0.0008636481651389041 0.0009864649044139875 0.999995944090741 0.002643433920001187 -0.0008655295946700808 -0.002642523624240334 0.9999965998824336 0.1209705138273165 0.06297525529684833 -0.3917767462000512
FixedParameters: 0 0 0
#Transform 59
Transform: MatrixOffsetTransformBase_double_3_3
Parameters: 0.9999993629089122 -0.0010286758304793343 0.0006355941072570398 0.0010265444184522632 0.9999953823160505 0.0027312427338956613 -0.0006387410017967693 -0.002730805336698325 0.9999964138175744 0.12262682558569793 0.09850234929906776 -0.4027170426363682
FixedParameters: 0 0 0
#Transform 60
Transform: MatrixOffsetTransformBase_double_3_3
Parameters: 0.9999986429927895 -0.0011386805399804245 0.0009073414919946107 0.0011360258514666313 0.999995702626115 0.002810426115287201 -0.0009103946272635832 -0.0028093813973616016 0.9999956239903242 0.11569415100376546 0.058737468569717066 -0.38210144548899905
FixedParameters: 0 0 0
#Transform 61
Transform: MatrixOffsetTransformBase_double_3_3
Parameters: 0.9999982060912641 -0.0012255866810075905 -0.001084592362791667 0.0012276331338453165 0.999996497575032 0.0022553422219452196 0.0010811280971429055 -0.0022571823887293507 0.9999967605390137 0.16295986627515902 0.1268620860369225 -0.41022563910672716
FixedParameters: 0 0 0
#Transform 62
Transform: MatrixOffsetTransformBase_double_3_3
Parameters: 0.9999994706856327 -0.0009090764742702012 0.0007656631651284662 0.0009068271441632376 0.9999968657452544 0.002281904066825713 -0.0007682025396288789 -0.0022813966697535354 0.9999974265652217 0.1261392088110398 0.07198731886347787 -0.3637220082647161
FixedParameters: 0 0 0
#Transform 63
Transform: MatrixOffsetTransformBase_double_3_3
Parameters: 0.9999987977924156 -0.0010995811633850092 0.0008999778594091096 0.001098214443799604 0.9999973860472534 0.0020735006147791363 -0.0009019337309333006 -0.0020725554695489035 0.999997182656192 0.13424691060963312 0.05908340345607144 -0.398052223045795
FixedParameters: 0 0 0
#Transform 64
Transform: MatrixOffsetTransformBase_double_3_3
Parameters: 0.9999994842655557 -0.0010048328307228635 0.0005720249308683659 0.0010034346782230785 0.9999964555640971 0.002355509087109714 -0.0005741573946166159 -0.0023542570410431396 0.9999972957622468 0.13137604326088592 0.0763335420762985 -0.4008362074445131
FixedParameters: 0 0 0
#Transform 65
Transform: MatrixOffsetTransformBase_double_3_3
Parameters: 0.999999745129007 -0.0008794963146066814 0.0006005857557533564 0.0008781737290966037 0.9999978183180631 0.002099279346287286 -0.000602540097770457 -0.002098359412418968 0.9999973579960146 0.13490477458584849 0.04692979169576006 -0.3940728268393343
FixedParameters: 0 0 0
#Transform 66
Transform: MatrixOffsetTransformBase_double_3_3
Parameters: 0.9999992869780279 -0.0011294094976488376 -0.0005671793462686536 0.0011302202314749134 0.9999962957071097 0.002350908000765109 0.0005638243527774575 -0.0023513087105829222 0.9999971693162807 0.15992380242572324 0.08005873058945667 -0.3585968896548195
FixedParameters: 0 0 0
#Transform 67
Transform: MatrixOffsetTransformBase_double_3_3
Parameters: 0.9999990417003615 -0.001133198329889144 0.000743891998118279 0.0011315418302408186 0.9999977602367534 0.001960069607945189 -0.0007466027802470951 -0.001959491603434324 0.9999978412568521 0.15680947941793022 0.0867464899498458 -0.45666795559922946
FixedParameters: 0 0 0
#Transform 68
Transform: MatrixOffsetTransformBase_double_3_3
Parameters: 0.9999990900388652 -0.0012575297719266756 0.00038581946854326227 0.0012569927278680447 0.9999962961300767 0.0024508871141272343 -0.00038939274174928235 -0.0024510091030876813 0.9999971376218435 0.13825170176322388 0.07008611927918196 -0.4358081849195088
FixedParameters: 0 0 0
#Transform 69
Transform: MatrixOffsetTransformBase_double_3_3
Parameters: 0.9999988829634698 -0.0012219476010490787 -0.0006641148916178216 0.0012229653919394855 0.9999973267699381 0.0020651273993134295 0.0006621318549318578 -0.002066082037410266 0.9999973885398709 0.17460515168096435 0.06485064541112706 -0.4295243881205124
FixedParameters: 0 0 0
#Transform 70
Transform: MatrixOffsetTransformBase_double_3_3
Parameters: 0.9999992390323416 -0.0010300921957616732 0.0007604023116022166 0.0010291661344406207 0.9999977474785035 0.002048946765219342 -0.0007629986018256943 -0.0020474548604573067 0.9999973425725417 0.11533237817272379 0.09527141882902868 -0.4357504867150226
FixedParameters: 0 0 0
#Transform 71
Transform: MatrixOffsetTransformBase_double_3_3
Parameters: 0.9999992737316579 -0.0010941488564413229 0.0005885281185339097 0.0010931150063010478 0.9999978290676063 0.0019934243051624723 -0.000590166484851308 -0.001992258629213345 0.9999978676363372 0.12460272843065923 0.04751122215951398 -0.4490040945628806
FixedParameters: 0 0 0
#Transform 72
Transform: MatrixOffsetTransformBase_double_3_3
Parameters: 0.9999993604353453 -0.0012023415272607915 -0.00026430014503096844 0.0012023995844264211 0.9999978144976802 0.0016834838618595138 0.00026234379909234606 -0.001683402814797147 0.999998127026479 0.14881663284806734 0.10838958094653606 -0.45521641409514757
FixedParameters: 0 0 0
#Transform 73
Transform: MatrixOffsetTransformBase_double_3_3
Parameters: 0.9999984791467418 -0.0012947028089967333 -0.0007761801831820889 0.0012967415950949869 0.9999967501575118 0.0024023331245768553 0.0007738905560671361 -0.00240268941742533 0.9999966674010325 0.15352895520210552 0.03880584912430152 -0.405358507592652
FixedParameters: 0 0 0
#Transform 74
Transform: MatrixOffsetTransformBase_double_3_3
Parameters: 0.9999988776695142 -0.0013185642842559048 0.0004475479061687021 0.0013180164156058136 0.9999969532778104 0.0020754618665781988 -0.00045029813377499284 -0.002074401627352354 0.9999976795058089 0.13485172514667454 0.08465682543688047 -0.4475911071802017
FixedParameters: 0 0 0
#Transform 75
Transform: MatrixOffsetTransformBase_double_3_3
Parameters: 0.9999997472984627 -0.0010075800819055432 0.0003423481588503141 0.0010064818468458504 0.9999978771263708 0.0019960004306864426 -0.0003445278910082228 -0.0019964792960143474 0.9999981414989078 0.15858378735254064 0.026671251983941602 -0.41684825301510386
FixedParameters: 0 0 0
#Transform 76
Transform: MatrixOffsetTransformBase_double_3_3
Parameters: 0.9999996401534136 -0.0009550852779540474 0.000571720151015101 0.0009537674214153864 0.9999972469887366 0.0021999755085742867 -0.0005741839810594757 -0.0021990192425298954 0.9999969588501463 0.14747544415507718 0.09282871208471022 -0.4625317878819004
FixedParameters: 0 0 0
#Transform 77
Transform: MatrixOffsetTransformBase_double_3_3
Parameters: 0.9999988580817654 -0.001339495423148966 -0.0004766830515812101 0.0013404884467229546 0.9999975660725813 0.0019316804809617616 0.000473473598810184 -0.0019322402945598505 0.999998068332186 0.16077235046904548 0.04869464129734524 -0.37817585300166456
FixedParameters: 0 0 0
#Transform 78
Transform: MatrixOffsetTransformBase_double_3_3
Parameters: 0.9999999504758262 -0.0008669031360939309 -0.00042097361341680156 0.0008676864884247671 0.999997781197809 0.0018600273599754802 0.00041970766722043695 -0.001860790074394561 0.999998488305757 0.16184456635541267 0.10679566396862583 -0.4575720540393178
FixedParameters: 0 0 0
#Transform 79
Transform: MatrixOffsetTransformBase_double_3_3
Parameters: 0.9999988964241942 -0.001188166462107793 0.0007136055791395757 0.0011864909685754023 0.9999969147262577 0.0021356133270278577 -0.0007159627936185325 -0.002135011712510862 0.9999972283744764 0.1541952902059336 0.06761790386651967 -0.3816460139162956
FixedParameters: 0 0 0
#Transform 80
Transform: MatrixOffsetTransformBase_double_3_3
Parameters: 0.9999983412454906 -0.0013085077522480499 -0.0008736339306992177 0.0013101827596221543 0.9999975855182855 0.001945466663575604 0.0008716044231123904 -0.001947085144832758 0.9999975455405535 0.19266192351015832 0.09818805196960056 -0.40956054659854146
FixedParameters: 0 0 0
#Transform 81
Transform: MatrixOffsetTransformBase_double_3_3
Parameters: 0.9999986365617297 -0.0014201369361739914 -0.0004755945373314113 0.0014211252855358862 0.9999974802338647 0.0018655365115078232 0.0004722528707293977 -0.001867142038548722 0.9999984311499128 0.1961313884585536 0.09280898154760564 -0.3355283613812077
FixedParameters: 0 0 0
#Transform 82
Transform: MatrixOffsetTransformBase_double_3_3
Parameters: 0.9999982784620355 -0.0015140850473184626 -0.0004972583798292796 0.0015142187093813136 0.9999972965087577 0.001870071274548496 0.0004946611574126458 -0.0018709065508682038 0.9999983502943436 0.22291226737385728 0.07821745574754857 -0.35534369490073914
FixedParameters: 0 0 0
#Transform 83
Transform: MatrixOffsetTransformBase_double_3_3
Parameters: 0.9999984468883226 -0.00150042357297203 -0.00042151255522646786 0.0015007423756022674 0.9999979813988928 0.0013639206367475065 0.0004195102809808962 -0.00136446839501074 0.9999989924914443 0.20980463500322344 0.1308033887064397 -0.3768359617086219
FixedParameters: 0 0 0
#Transform 84
Transform: MatrixOffsetTransformBase_double_3_3
Parameters: 0.9999986815208874 -0.001706990423095931 -0.00046664880503874406 0.0017080442404088497 0.9999964093979967 0.0019704441241054915 0.0004630046437308563 -0.001970330852862287 0.9999978808424027 0.1973158089657261 0.05287262729740405 -0.3298705540452147
FixedParameters: 0 0 0
#Transform 85
Transform: MatrixOffsetTransformBase_double_3_3
Parameters: 0.9999977925264042 -0.0017777572075983773 -0.0009298240030484878 0.0017796951408692637 0.999996003653092 0.002038928191750791 0.0009256511168323975 -0.0020393918097020153 0.9999978383103587 0.20076861145082603 0.11354096568013006 -0.3897918590866283
FixedParameters: 0 0 0
#Transform 86
Transform: MatrixOffsetTransformBase_double_3_3
Parameters: 0.9999984448914994 -0.0017768358205731147 -0.0004593791932613056 0.0017776901245115558 0.9999969958953742 0.0017143140300287518 0.0004563617313017715 -0.0017152132444272078 0.9999989417514027 0.2054249833438888 0.08239622766359389 -0.35793693386379744
FixedParameters: 0 0 0
#Transform 87
Transform: MatrixOffsetTransformBase_double_3_3
Parameters: 0.9999981603535257 -0.0018987981699067225 -0.00020992645587919467 0.0018988280672596041 0.9999967838303817 0.0016057201729939852 0.00020702049559023772 -0.0016069804590138625 0.9999985971678574 0.2034589385273904 0.0649938333897353 -0.3425812175099594
FixedParameters: 0 0 0
#Transform 88
Transform: MatrixOffsetTransformBase_double_3_3
Parameters: 0.9999989714861615 -0.0013540536189676532 0.00010965201733002111 0.0013539586744154867 0.9999975901313446 0.0018884489995032033 -0.00011193209712691277 -0.0018883331392921116 0.9999986151185482 0.18391373725590654 0.097480099164855 -0.3275620816133795
FixedParameters: 0 0 0
#Transform 89
Transform: MatrixOffsetTransformBase_double_3_3
Parameters: 0.9999985827651451 -0.0014566127575985363 0.0003339368041698071 0.0014564699629063087 0.999996630447209 0.0022623950225732214 -0.0003378144305630909 -0.0022627377303945234 0.9999970796950371 0.2132174194314871 0.06648930426939614 -0.3404805245017002
FixedParameters: 0 0 0
#Transform 90
Transform: MatrixOffsetTransformBase_double_3_3
Parameters: 0.9999986632380324 -0.0017452679772972076 -0.00020485989051537146 0.0017454910177584727 0.9999969066941012 0.0020321109421470585 0.00020182946768240034 -0.0020323038202056803 0.9999979949242896 0.18902646558049696 0.09211244470485269 -0.3189964165216992
FixedParameters: 0 0 0
#Transform 91
Transform: MatrixOffsetTransformBase_double_3_3
Parameters: 0.9999991280178785 -0.0013210135051311247 -0.000044615312834776766 0.0013213816912524034 0.9999975279384397 0.0016476391393931283 0.000042232804814808234 -0.0016479512058800994 0.999998418674256 0.22007844304013702 0.09048709954338108 -0.417660497393598
FixedParameters: 0 0 0
#Transform 92
Transform: MatrixOffsetTransformBase_double_3_3
Parameters: 0.9999991692809629 -0.001596093408024104 -0.00039397281703559134 0.0015965622817064274 0.9999978603479395 0.0016344728507915324 0.00039096891597430183 -0.0016352361161375978 0.9999982202707289 0.2118885558011243 0.10294382296790161 -0.3433166295749288
FixedParameters: 0 0 0
#Transform 93
Transform: MatrixOffsetTransformBase_double_3_3
Parameters: 0.9999980494866071 -0.0019257666360514084 -0.00033813335489677604 0.0019258264358480767 0.9999976878231965 0.001297611590233963 0.0003353495547391977 -0.0012984188236302846 0.9999992488172458 0.21979136418501355 0.07760426035903834 -0.38485442959488125
FixedParameters: 0 0 0
#Transform 94
Transform: MatrixOffsetTransformBase_double_3_3
Parameters: 0.9999977882793225 -0.0019086520041808877 -0.0006143727125523038 0.0019099269258423023 0.9999968361280335 0.0016117314349718276 0.0006114161141646257 -0.0016135680342430903 0.9999981322354377 0.22198509951952872 0.10646332911495904 -0.33185511803158363
FixedParameters: 0 0 0
#Transform 95
Transform: MatrixOffsetTransformBase_double_3_3
Parameters: 0.9999982989074316 -0.0018316009414494306 -0.00039230473829910545 0.0018330237061620685 0.9999976347489641 0.0014476934308252365 0.0003900861293634206 -0.0014485624434330824 0.9999988513801475 0.21346887568824968 0.07859059463007156 -0.3762446773958317
FixedParameters: 0 0 0
#Transform 96
Transform: MatrixOffsetTransformBase_double_3_3
Parameters: 0.9999979629029421 -0.0018927920168455145 -0.0005171156642997665 0.0018940290777161991 0.9999969026228063 0.0018951870818924854 0.0005130138943965357 -0.0018966346299170433 0.9999982449031497 0.19768504638119566 0.10414132802605991 -0.3665457711491058
FixedParameters: 0 0 0
#Transform 97
Transform: MatrixOffsetTransformBase_double_3_3
Parameters: 0.9999979909238113 -0.0018779361395789692 -0.0005398605365050102 0.0018786233735223314 0.9999978543552412 0.0013459596211662234 0.000538011846667602 -0.0013465080032489252 0.9999988932496819 0.18931202095446054 0.06192737212647614 -0.34953516294785913
FixedParameters: 0 0 0
#Transform 98
Transform: MatrixOffsetTransformBase_double_3_3
Parameters: 0.9999980172466999 -0.0019245428272072545 -0.0001620870854514081 0.0019245889193434127 0.99999608519363 0.0017830925353975596 0.00015940182791746027 -0.0017841658097079577 0.9999980752808718 0.19008215772745984 0.11357328096545416 -0.3673059906532643
FixedParameters: 0 0 0
#Transform 99
Transform: MatrixOffsetTransformBase_double_3_3
Parameters: 0.9999988305748555 -0.0013772708986091921 -0.0003851711684406886 0.0013775405207481217 0.9999981550536948 0.001428770095722412 0.00038332660303275895 -0.0014291143616126378 0.9999988408251155 0.1941715392632659 0.054073977124375006 -0.3451129343049786
FixedParameters: 0 0 0
#Transform 100
Transform: MatrixOffsetTransformBase_double_3_3
Parameters: 0.999999286563602 -0.0015872808303582456 0.000054783247356818277 0.0015873830319548844 0.9999977553851573 0.0016779244606117544 -0.000057020677914396134 -0.001677182414581549 0.9999982841791696 0.20080161187173928 0.115771782248828 -0.38029488592782457
FixedParameters: 0 0 0
#Transform 101
Transform: MatrixOffsetTransformBase_double_3_3
Parameters: 0.9999980375371049 -0.0016554215099212092 -0.00031085215244432834 0.001656584507579834 0.9999977309516437 0.001616870884978791 0.00030747497332714313 -0.0016173451754369489 0.9999983255597078 0.2073929988280696 0.05310532231248999 -0.31892341925500034
FixedParameters: 0 0 0
#Transform 102
Transform: MatrixOffsetTransformBase_double_3_3
Parameters: 0.9999991034074628 -0.001644753065796244 -0.000009380788022310405 0.001645133381614921 0.9999970617878418 0.0017911761302430301 0.000006568464427043896 -0.0017916101638373039 0.9999980048062667 0.23224442640673715 0.11596256417760742 -0.38113318142843866
FixedParameters: 0 0 0
#Transform 103
Transform: MatrixOffsetTransformBase_double_3_3
Parameters: 0.9999987969117724 -0.0013976270397947606 -0.00025900182085211026 0.001397950758645245 0.9999969578462352 0.0020453058352266212 0.00025623800029900973 -0.0020452986082310914 0.9999978383371291 0.21803573402087295 0.0750413553138003 -0.3136393413685994
FixedParameters: 0 0 0
#Transform 104
Transform: MatrixOffsetTransformBase_double_3_3
Parameters: 0.9999971707416441 -0.0019305304709984292 -0.0009570117727899022 0.0019317098733033257 0.9999970905126555 0.0015419180959824474 0.0009542505414989119 -0.0015439690903818748 0.9999986924603108 0.2579439788156037 0.09665969075440728 -0.37460218317447413
FixedParameters: 0 0 0
#Transform 105
Transform: MatrixOffsetTransformBase_double_3_3
Parameters: 0.9999969727267518 -0.00231304427919641 -0.0006503315722872008 0.002315034126337991 0.9999956709785641 0.0020379554429658248 0.000645090053832488 -0.002039688297310882 0.9999974940404105 0.25212583861645044 0.10840303064205159 -0.33072162463643906
FixedParameters: 0 0 0
#Transform 106
Transform: MatrixOffsetTransformBase_double_3_3
Parameters: 0.9999983754162051 -0.0017014871019676138 -0.0007777427191513336 0.0017032150459465809 0.9999974616118361 0.0016868377556892578 0.0007740968853373331 -0.0016877928961491484 0.9999984687864567 0.2477178431711451 0.06784923970654688 -0.3028668962111851
FixedParameters: 0 0 0
#Transform 107
Transform: MatrixOffsetTransformBase_double_3_3
Parameters: 0.9999987321333408 -0.001739867978503392 -0.0002245816496369707 0.001739891373268231 0.9999977427660599 0.0014825299145504595 0.00022261499910796595 -0.0014837765636768335 0.9999989712539619 0.2430919721411442 0.12269861847391894 -0.3500220009616868
FixedParameters: 0 0 0
#Transform 108
Transform: MatrixOffsetTransformBase_double_3_3
Parameters: 0.9999974414741003 -0.001966202871596652 -0.0007107146786818064 0.0019677945211057707 0.9999965455745491 0.0016706174089370779 0.0007072251133629776 -0.001671705828777903 0.999998683915257 0.23077465812168896 0.07103359584944258 -0.33391195858763467
FixedParameters: 0 0 0
#Transform 109
Transform: MatrixOffsetTransformBase_double_3_3
Parameters: 0.9999979491472873 -0.002140071108676302 -0.0005255696300280888 0.002140855781009453 0.999996470332341 0.0014634342162206243 0.0005226353711806075 -0.001464200822163808 0.999998582440756 0.2329991384376342 0.11697211736769475 -0.3617234908957414
FixedParameters: 0 0 0
#Transform 110
Transform: MatrixOffsetTransformBase_double_3_3
Parameters: 0.9999982865964632 -0.0018534029764568968 -0.00030315285466570724 0.0018538218800251633 0.999996109883833 0.0018837386281377183 0.00029924639372665846 -0.001884126944553463 0.9999984518832743 0.23404899393989353 0.06528748345454005 -0.3170174198289146
FixedParameters: 0 0 0
#Transform 111
Transform: MatrixOffsetTransformBase_double_3_3
Parameters: 0.9999979922587389 -0.0017818621064316668 -0.0008039857645081791 0.0017829178235107832 0.9999969469275445 0.0017205593055143187 0.0008010393512204936 -0.001722752573400363 0.999998490713079 0.25780612068945175 0.10627112835673813 -0.35556910495215277
FixedParameters: 0 0 0
#Transform 112
Transform: MatrixOffsetTransformBase_double_3_3
Parameters: 0.9999979765946306 -0.0020246655414185464 -0.0008191381454643598 0.0020260416192925132 0.9999966773245905 0.001845411771948302 0.0008159666388305453 -0.0018472940258131981 0.999997987125775 0.23960455890475885 0.07894034065303401 -0.3177957780975049
FixedParameters: 0 0 0
#Transform 113
Transform: MatrixOffsetTransformBase_double_3_3
Parameters: 0.9999977691609558 -0.001958909486030276 -0.0010966952479911363 0.0019605231050607115 0.9999970192394008 0.0015654328372827486 0.0010938851399513935 -0.0015671126185561879 0.9999982248635029 0.24829709113670617 0.10272587149894719 -0.34394776343451383
FixedParameters: 0 0 0
#Transform 114
Transform: MatrixOffsetTransformBase_double_3_3
