#Insight Transform File V1.0
#Transform 0
Transform: MatrixOffsetTransformBase_double_3_3
Parameters: 0.9999999063341186 -0.0004290325556714882 0.0008927713486291469 0.0004262493547919407 0.9999961584781146 0.002770679500739684 -0.000893766639416739 -0.0027697685063785976 0.9999956252543901 -0.037596630622516614 0.0434528612496905 -0.3713514520339771
FixedParameters: 0 0 0
#Transform 1
Transform: MatrixOffsetTransformBase_double_3_3
Parameters: 0.99999955914171 -0.00041238558745515 0.001076087659670065 0.000409772482219164 0.9999964030628912 0.002708935993902095 -0.0010770610301731945 -0.0027088154728743125 0.9999957057505003 -0.04200852366453489 0.0696015195196793 -0.34687328998347766
FixedParameters: 0 0 0
#Transform 2
Transform: MatrixOffsetTransformBase_double_3_3
Parameters: 0.9999990903182143 -0.0004529390393211673 0.0007717011807710852 0.00045113391198350807 0.9999969279571287 0.0026019909686032933 -0.0007728103978890954 -0.0026021190457614224 0.9999968388983456 -0.029211093725223236 0.013508737379837044 -0.40752037002494035
FixedParameters: 0 0 0
#Transform 3
Transform: MatrixOffsetTransformBase_double_3_3
Parameters: 0.9999991264410975 -0.00045815604643524056 0.0007421752644331259 0.0004565022727758992 0.9999961931686954 0.0025720229010473272 -0.0007431533785216202 -0.0025711966195689773 0.9999959325978114 -0.023646607851461 0.07856402890068637 -0.3794262008594558
FixedParameters: 0 0 0
#Transform 4
Transform: MatrixOffsetTransformBase_double_3_3
Parameters: 0.9999995370811349 -0.00035881933750211287 0.0004743689605379159 0.0003583430118543861 0.9999962251647068 0.002768221900337514 -0.00047510374389220233 -0.002767735317799294 0.9999962064079423 -0.020239077407012473 0.029290107254325903 -0.33227573068329264
FixedParameters: 0 0 0
#Transform 5
Transform: MatrixOffsetTransformBase_double_3_3
Parameters: 0.9999999901384191 -0.000456433981400179 0.0008276434742659558 0.00045462643572117666 0.9999967157969838 0.0024453226575733983 -0.0008283806577207217 -0.0024453927867435638 0.9999965482680226 -0.021042957909799043 0.06463947388181168 -0.41823758933416855
FixedParameters: 0 0 0
#Transform 6
Transform: MatrixOffsetTransformBase_double_3_3
Parameters: 1.0000000433532659 -0.00041884760349370203 0.0008199857267848776 0.00041596943785225226 0.9999954491297521 0.003065065939886036 -0.0008212938460719285 -0.0030642347351474974 0.9999950279467932 -0.029939513632285752 0.004387669563129748 -0.36695881698791766
FixedParameters: 0 0 0
#Transform 7
Transform: MatrixOffsetTransformBase_double_3_3
Parameters: 0.999999277391424 -0.0004780800485163321 0.0006176702134022966 0.00047625759149238014 0.9999965462965688 0.0024741216834144597 -0.0006185513424294964 -0.0024744179534940403 0.9999967127612128 -0.014272610414494125 0.06479756506720946 -0.43717296396236804
FixedParameters: 0 0 0
#Transform 8
Transform: MatrixOffsetTransformBase_double_3_3
Parameters: 0.999999521468938 0.0002705531241831488 0.0006488092152524896 -0.0002723213884300241 0.9999958215798674 0.0028491956383315115 -0.000647983707727659 -0.0028494295833195044 0.9999954315507511 -0.01792970075626954 0.016458771338477618 -0.3496122700079951
FixedParameters: 0 0 0
#Transform 9
Transform: MatrixOffsetTransformBase_double_3_3
Parameters: 1.0000000980830495 -0.000828573665808136 -0.00031419973371679677 0.0008293833888743333 0.9999967245896215 0.0025627726360105546 0.0003117874882064553 -0.002563551424252533 0.9999964673626195 0.029104938975450523 0.07778658973634833 -0.4204287230851804
FixedParameters: 0 0 0
#Transform 10
Transform: MatrixOffsetTransformBase_double_3_3
Parameters: 0.9999994221522105 -0.000439476868471355 0.00047085875003478883 0.0004375589999127353 0.9999945604240442 0.0033553094171374503 -0.0004716993858704041 -0.003354798471272416 0.9999946757949268 -0.020783577766323447 0.04440820089024555 -0.3581315772649418
FixedParameters: 0 0 0
#Transform 11
Transform: MatrixOffsetTransformBase_double_3_3
Parameters: 0.999999474637204 -0.0010843942164487728 -0.000412414469885429 0.001085733168592882 0.9999964974432418 0.002533701102203259 0.0004097460902584213 -0.0025338666527814496 0.9999964950699339 0.014927605095309104 0.07495972668401407 -0.3690471918950351
FixedParameters: 0 0 0
#Transform 12
Transform: MatrixOffsetTransformBase_double_3_3
Parameters: 0.9999996000363089 -0.0005036889231173703 0.00019365004629624816 0.0005027610515303017 0.9999957897563562 0.0028211725581029634 -0.00019501259451990688 -0.0028209524173404277 0.9999961113858671 -0.016112399715865422 0.07043847928510161 -0.31477788409408447
FixedParameters: 0 0 0
#Transform 13
Transform: MatrixOffsetTransformBase_double_3_3
Parameters: 0.9999996175130684 -0.0005075850533196487 0.0002727408066403869 0.0005062215438610598 0.9999968745009278 0.00261848951670178 -0.0002747807922413581 -0.0026184259602038684 0.9999961315249217 -0.01061471123809099 0.1049050634995865 -0.37145998066519326
FixedParameters: 0 0 0
#Transform 14
Transform: MatrixOffsetTransformBase_double_3_3
Parameters: 0.9999999833572447 -0.0004370242418847989 0.0008443813398433114 0.00043464276288952743 0.9999962721414505 0.002727763180143908 -0.000845392122326892 -0.0027278520956476593 0.9999960550336358 -0.03874865700679209 0.04870680858027754 -0.32400753959494466
FixedParameters: 0 0 0
#Transform 15
Transform: MatrixOffsetTransformBase_double_3_3
Parameters: 0.9999996389620999 -0.0004969677967081613 0.00009509749004667223 0.0004965267946691271 0.9999951289786082 0.0031025737142904714 -0.00009682684021153354 -0.0031024546980033263 0.9999954688946279 -0.007853055437635703 0.05051260460716378 -0.3705224110902492
FixedParameters: 0 0 0
#Transform 16
Transform: MatrixOffsetTransformBase_double_3_3
Parameters: 0.9999996214362039 -0.0001924144554090665 0.0005462663635970241 0.0001911725406799165 0.9999955982503604 0.0030438735209804 -0.0005473003854829656 -0.003044504945370438 0.9999955745906317 -0.01197147615694405 0.053053809910352356 -0.35037642452731177
FixedParameters: 0 0 0
#Transform 17
Transform: MatrixOffsetTransformBase_double_3_3
Parameters: 0.999999921342611 0.0002436895611700662 0.00019701141148727175 -0.00024400424677759568 0.9999950726296619 0.00314237829896738 -0.00019621071877772706 -0.0031424177903155437 0.9999950604141028 -0.005153746956196414 0.02915025347458311 -0.3844374576091667
FixedParameters: 0 0 0
#Transform 18
Transform: MatrixOffsetTransformBase_double_3_3
Parameters: 0.999999794261965 0.00010724804172549014 0.0010996370129277358 -0.000110498214950688 0.9999961566799158 0.0028045804642345684 -0.0010998608652598996 -0.002804415710378025 0.9999958760055156 -0.04966410591957526 0.05430088010488987 -0.31903322626931185
FixedParameters: 0 0 0
#Transform 19
Transform: MatrixOffsetTransformBase_double_3_3
Parameters: 0.9999999652721434 0.0001644774223331473 -0.0001644534412576018 -0.00016449804089696454 0.9999949686730997 0.0031617922219184663 0.00016498816529081362 -0.0031618032015964387 0.9999949636962147 -0.0038302118589115253 0.058792757674439144 -0.40460342119165205
FixedParameters: 0 0 0
#Transform 20
Transform: MatrixOffsetTransformBase_double_3_3
Parameters: 0.999999211532379 -0.0007833692278610598 -0.00006300160920545694 0.0007830107381673022 0.9999953409713016 0.0028355699094511216 0.00006113565771295737 -0.0028356893258822957 0.9999961313885178 0.00793009951446777 0.08861674097465766 -0.3171974973806613
FixedParameters: 0 0 0
#Transform 21
Transform: MatrixOffsetTransformBase_double_3_3
Parameters: 0.9999995433774884 -0.0005827906158225116 0.00008972465380702177 0.0005824359692415603 0.9999953365590343 0.0028854389972385736 -0.0000916100616649429 -0.0028853087938334188 0.9999957739357519 -0.009458410803105721 0.06902915432210932 -0.333083104181469
FixedParameters: 0 0 0
#Transform 22
Transform: MatrixOffsetTransformBase_double_3_3
Parameters: 1.000000213857687 -0.0007636877830515375 0.0001673708917692071 0.0007630611642867064 0.9999959072560158 0.0027409954857702534 -0.00016896922599988345 -0.0027406992664880947 0.9999966323295418 -0.01867170346133662 0.08308763542542863 -0.3153063617658063
FixedParameters: 0 0 0
#Transform 23
Transform: MatrixOffsetTransformBase_double_3_3
Parameters: 0.9999996096516777 -0.000512234655946798 0.0001382754441320022 0.0005116297276881029 0.9999959934610159 0.0027832205512892116 -0.00013964828840369592 -0.0027830537174099723 0.9999963423839532 -0.015903477020941637 0.09149104207421033 -0.3226807115919428
FixedParameters: 0 0 0
#Transform 24
Transform: MatrixOffsetTransformBase_double_3_3
Parameters: 0.9999996987452934 -0.0002922725533580075 0.00032707136361340844 0.0002915656251977301 0.999995783777327 0.0028531052570030663 -0.00032737352359164806 -0.002852828874244359 0.9999958540172974 -0.015299021923539158 0.07466445547768785 -0.30181041512747697
FixedParameters: 0 0 0
#Transform 25
Transform: MatrixOffsetTransformBase_double_3_3
Parameters: 0.9999997297308716 -0.00024359534846881033 0.0004051305930839466 0.00024221485034731354 0.9999949920249027 0.0029928877677705967 -0.00040620680910075785 -0.0029926193849841715 0.9999949178952731 -0.012058303323840391 0.0422246386845444 -0.346425583533545
FixedParameters: 0 0 0
#Transform 26
Transform: MatrixOffsetTransformBase_double_3_3
Parameters: 0.9999996786132604 -0.00023163994968892088 0.00039880055574386536 0.00023050893144147076 0.9999957023822641 0.0028728749626752426 -0.0003987646771369535 -0.0028726053278824715 0.9999956888478203 -0.014455391236708692 0.09749835906553983 -0.31120261248847214
FixedParameters: 0 0 0
#Transform 27
Transform: MatrixOffsetTransformBase_double_3_3
Parameters: 0.9999996058300856 -0.0005163536971311469 0.00013675514843606434 0.0005157746294477432 0.9999963352508437 0.002720343980198006 -0.0001380860947912399 -0.0027201775887118473 0.9999966888474355 -0.01855510848079689 0.03784888910631423 -0.27309987094267285
FixedParameters: 0 0 0
#Transform 28
Transform: MatrixOffsetTransformBase_double_3_3
Parameters: 0.9999993383392702 -0.0004510387484472529 0.0005911965244307163 0.00044876269449179405 0.9999949595520043 0.002955151640312473 -0.0005924993050212546 -0.0029555061273808525 0.9999951287215948 -0.015526073213777636 0.08304217174681128 -0.33323805852602106
FixedParameters: 0 0 0
#Transform 29
Transform: MatrixOffsetTransformBase_double_3_3
Parameters: 0.9999995579357872 -0.0005068066922543453 0.0002696218497968486 0.0005055648948620976 0.9999967816250083 0.0026364596330245293 -0.00027069045001729825 -0.0026363860856672 0.9999961005453618 -0.024251008482480074 0.04498105358803173 -0.27085703363864866
FixedParameters: 0 0 0
#Transform 30
Transform: MatrixOffsetTransformBase_double_3_3
Parameters: 1.000000143503236 -0.0007942500748299441 -0.00022481577169942285 0.000794811805939097 0.999995767465398 0.0029490944327125873 0.00022283630121081033 -0.0029487244350724223 0.9999953341050153 0.0026086537712615154 0.1036001355906393 -0.3211957776179304
FixedParameters: 0 0 0
#Transform 31
Transform: MatrixOffsetTransformBase_double_3_3
Parameters: 0.9999995914145666 -0.0005032943324654073 0.00021575935706502625 0.0005022560737241435 0.9999959749508877 0.0027882483581343903 -0.00021708624890805217 -0.002788006178000735 0.9999962870537709 -0.016983180124853448 0.06431754693571179 -0.30261612836841323
FixedParameters: 0 0 0
#Transform 32
Transform: MatrixOffsetTransformBase_double_3_3
Parameters: 0.9999994800077557 -0.000633083196272464 0.00010138894957944372 0.0006326710157620414 0.9999955666043031 0.0028345514812049416 -0.00010349999118557801 -0.0028343972563151937 0.9999960628022463 -0.015248922261591247 0.0921140317542779 -0.35282559197966634
FixedParameters: 0 0 0
#Transform 33
Transform: MatrixOffsetTransformBase_double_3_3
Parameters: 0.9999994700928477 -0.0004946319607847059 0.0004152045932734258 0.0004937304753191707 0.9999960413269999 0.002570842299304696 -0.0004162655937945403 -0.002571317558988928 0.9999964335418974 -0.017437388535640252 0.0650138967747722 -0.2983074448686551
FixedParameters: 0 0 0
#Transform 34
Transform: MatrixOffsetTransformBase_double_3_3
Parameters: 0.9999993845694375 -0.00046846284527515825 0.0005358781264757154 0.00046670778647757254 0.9999959784341109 0.002774491995840192 -0.0005371164984108584 -0.0027748773133052657 0.9999962262843842 -0.01617306062249213 0.06803401549368004 -0.31911402145777856
FixedParameters: 0 0 0
#Transform 35
Transform: MatrixOffsetTransformBase_double_3_3
Parameters: 0.9999995373546966 -0.000154910431451878 0.0006228817641457662 0.00015408223954481524 0.9999976432235587 0.002312653853130439 -0.0006232080837508674 -0.0023123283729402228 0.9999973000740815 -0.016703299860509446 0.08811718190028728 -0.2627594504128723
FixedParameters: 0 0 0
#Transform 36
Transform: MatrixOffsetTransformBase_double_3_3
Parameters: 0.9999998016739551 0.0000038477992959024335 0.00046217042374306627 -0.000005354622558009434 0.9999960493755833 0.0026402690858915168 -0.0004627542429524595 -0.002639990685423782 0.9999967805666325 -0.012594972061037879 0.02163623297430206 -0.2948651650723235
FixedParameters: 0 0 0
#Transform 37
Transform: MatrixOffsetTransformBase_double_3_3
Parameters: 0.9999996073580847 -0.0005002820301570621 0.0001831716545791645 0.0004994484824696749 0.9999952671627552 0.0028930380844810755 -0.00018459466220323295 -0.0028938020667694103 0.9999958143190794 0.022155509346234226 0.09213694745105272 -0.30557547263869367
FixedParameters: 0 0 0
#Transform 38
Transform: MatrixOffsetTransformBase_double_3_3
Parameters: 0.9999995083185442 -0.0005477753672254526 -0.00028750246456937106 0.000548655570693982 0.9999958556541395 0.0029704513953413003 0.00028583516640309087 -0.002971027319780148 0.9999952199635915 0.025670357828971646 0.04578429519602878 -0.30375990511460316
FixedParameters: 0 0 0
#Transform 39
Transform: MatrixOffsetTransformBase_double_3_3
Parameters: 1.000000070152833 -0.0007804052111235167 -0.0004567074394992571 0.0007811604786064595 0.999995228781972 0.0028743538330950613 0.0004540529898197712 -0.0028741886998911587 0.9999955441591954 0.025353610272091487 0.10636084166472415 -0.31274246862382427
FixedParameters: 0 0 0
#Transform 40
Transform: MatrixOffsetTransformBase_double_3_3
Parameters: 0.9999992291947514 -0.0007738107963725207 -0.000022874646277003252 0.0007742193555203176 0.9999958842234307 0.0029163942089079353 0.000020822329630298952 -0.002916614827961614 0.999995675397331 0.012661216246954154 0.05875734673824695 -0.30052886256930833
FixedParameters: 0 0 0
#Transform 41
Transform: MatrixOffsetTransformBase_double_3_3
Parameters: 0.9999999059394018 -0.0009563174326944332 -0.00006290680912740543 0.0009569734681188786 0.9999954389026272 0.0029384352412813036 0.00005987068083113806 -0.0029387386166771085 0.9999955466492096 0.00967577545672782 0.09082882863239661 -0.32743911170715023
FixedParameters: 0 0 0
#Transform 42
Transform: MatrixOffsetTransformBase_double_3_3
Parameters: 0.9999993446366467 -0.0005909157016665912 -0.0004393807599399474 0.0005923500375598712 0.9999961084496665 0.0025562684742354708 0.0004380693267796443 -0.0025568229530272407 0.9999963900088049 0.020921097624793106 0.07012168599305824 -0.2456014591966067
FixedParameters: 0 0 0
#Transform 43
Transform: MatrixOffsetTransformBase_double_3_3
Parameters: 0.9999999558146458 -0.0008248546620380657 -0.0004346303319525194 0.0008255630053934787 0.9999953875460721 0.0028341884152522923 0.0004327726121610975 -0.002834013930451712 0.9999958542077336 0.04587578487999622 0.1288806343272597 -0.3072967482121953
FixedParameters: 0 0 0
#Transform 44
Transform: MatrixOffsetTransformBase_double_3_3
Parameters: 0.9999992296482735 -0.0007827652531918082 0.0002120684536449438 0.0007819430842871504 0.9999968311126202 0.002357774088438222 -0.00021415696539053147 -0.0023574151962708484 0.9999975077256147 0.01533889584632675 0.09919817755087479 -0.25075821247550323
FixedParameters: 0 0 0
#Transform 45
Transform: MatrixOffsetTransformBase_double_3_3
Parameters: 0.9999992937666655 -0.0007615599373175953 0.0001159864448589884 0.0007611502972936172 0.9999960262084674 0.0025290473997414825 -0.00011823686323379073 -0.0025288436402413766 0.9999967021067252 0.02166915912360423 0.0467989526147079 -0.264372745688604
FixedParameters: 0 0 0
#Transform 46
Transform: MatrixOffsetTransformBase_double_3_3
Parameters: 0.9999998916093521 0.0002785542326575862 0.0003228901860656483 -0.00028027756578527605 0.9999970224009538 0.0024285977361475225 -0.00032288994760327344 -0.00242879484305146 0.9999969241767306 0.0011310846289376286 0.06187893898986374 -0.26557492687393847
FixedParameters: 0 0 0
#Transform 47
Transform: MatrixOffsetTransformBase_double_3_3
Parameters: 0.9999993145535194 -0.0007143354395654283 -0.0002485784769202734 0.0007158267251271928 0.9999964879656034 0.0026434448125526033 0.0002463979608399586 -0.002643998715165269 0.9999960737359885 0.026446720853158467 0.07462524357627842 -0.290223351527203
FixedParameters: 0 0 0
#Transform 48
Transform: MatrixOffsetTransformBase_double_3_3
Parameters: 0.9999991603171378 -0.0008099749229176258 -0.00009389424940559749 0.0008097388745384486 0.9999962466083375 0.00246826033106487 0.00009259568708515353 -0.002468432677501284 0.9999970784566846 0.02287028752061815 0.08947022085716583 -0.2413334649826595
FixedParameters: 0 0 0
#Transform 49
Transform: MatrixOffsetTransformBase_double_3_3
Parameters: 1.000000223569984 -0.0007851655111713336 -0.00019692581121414504 0.0007862259956288855 0.999997681837895 0.0021652781221714185 0.00019537080892934738 -0.0021657845467912273 0.999997403944642 0.014845440651129138 0.0675375186315108 -0.21667491870873334
FixedParameters: 0 0 0
#Transform 50
Transform: MatrixOffsetTransformBase_double_3_3
Parameters: 0.9999997233264527 -0.0009603638045782492 -0.00048424636903429685 0.000960655420682929 0.9999973249412606 0.0021997644912920278 0.00048210168943825515 -0.0022000400680856347 0.9999969605028658 0.025904724483893915 0.13020759350827404 -0.21544047340545092
FixedParameters: 0 0 0
#Transform 51
Transform: MatrixOffsetTransformBase_double_3_3
Parameters: 1.0000000855446114 -0.0008930407005126881 -0.0000029569678429777757 0.0008932455992983765 0.999996610772055 0.0023649673629857343 4.566430131941468e-7 -0.0023649441033838786 0.9999975222171626 0.016407406671774538 0.06939319228668239 -0.22420462664439356
FixedParameters: 0 0 0
#Transform 52
Transform: MatrixOffsetTransformBase_double_3_3
Parameters: 0.9999998258868547 -0.0009781753155968676 -0.00019594035834297197 0.0009785135205317127 0.9999961641581838 0.0026190521785092458 0.00019363825286532882 -0.0026196791452000323 0.9999962975697754 0.0324649303989446 0.12227830698132891 -0.26579648836410286
FixedParameters: 0 0 0
#Transform 53
Transform: MatrixOffsetTransformBase_double_3_3
Parameters: 0.9999996455299935 -0.0005366582736825928 0.00012617097816684103 0.0005361140334011914 0.9999968765838638 0.0024159272250900976 -0.0001281480141913996 -0.002415779412357169 0.9999971974124643 0.019227353987844253 0.05938483309228104 -0.23045223698727568
FixedParameters: 0 0 0
#Transform 54
Transform: MatrixOffsetTransformBase_double_3_3
Parameters: 0.9999993602183985 -0.0007008175317585064 0.00017691231318384126 0.0007012807174203743 0.9999974831587798 0.002215096154535856 -0.00017841481315945817 -0.002215957718611966 0.9999972934218349 0.02614712615910264 0.11149230430783064 -0.23257190164306962
FixedParameters: 0 0 0
#Transform 55
Transform: MatrixOffsetTransformBase_double_3_3
Parameters: 0.999999115089769 -0.0008425344072916108 -0.00024192347153920157 0.0008428070696801038 0.9999973659821808 0.00221450823843973 0.00024002807550878996 -0.0022151742226732135 0.999997171540274 0.025290129440136866 0.06817932239552249 -0.20084098166034892
FixedParameters: 0 0 0
#Transform 56
Transform: MatrixOffsetTransformBase_double_3_3
Parameters: 1.0000001468430257 -0.0008403673622068225 0.00017415657135676915 0.0008396803891949798 0.9999969365297497 0.002519265473564125 -0.00017666481301045062 -0.00251916985019425 0.9999967508740814 0.0358914343907486 0.11232286095587085 -0.26461174637772444
FixedParameters: 0 0 0
#Transform 57
Transform: MatrixOffsetTransformBase_double_3_3
Parameters: 0.9999994424380713 -0.0006475251355445941 -0.00015826797426204964 0.0006484616273756743 0.9999968564772276 0.002392622706380604 0.00015676748972704574 -0.002392801415782478 0.9999973615107367 0.030776883354789675 0.0799600721994409 -0.21538554483655048
FixedParameters: 0 0 0
#Transform 58
Transform: MatrixOffsetTransformBase_double_3_3
Parameters: 0.9999994416528218 -0.0005744802661553222 -0.000339632820095033 0.0005754613883361265 0.9999966793254921 0.0026400584318279074 0.00033831017452028156 -0.0026407089637862924 0.9999960447552475 0.03407882714671473 0.10039578660494897 -0.26317564397417925
FixedParameters: 0 0 0
#Transform 59
Transform: MatrixOffsetTransformBase_double_3_3
Parameters: 0.9999994789134404 -0.000979366995207352 -0.0006639361380675265 0.0009809820465183933 0.999997711997356 0.0018529923975016405 0.0006622714461726673 -0.0018533535373730647 0.9999981396804123 0.024881210723620484 0.07454187462820983 -0.15611887062566154
FixedParameters: 0 0 0
#Transform 60
Transform: MatrixOffsetTransformBase_double_3_3
Parameters: 0.9999996382340134 -0.0010386221929590623 -0.00032825651737736217 0.0010397277834723884 0.999995311668131 0.0027571215224575923 0.00032522497164816366 -0.0027578219231902262 0.999996469468627 0.04032773762637021 0.09970228818775695 -0.2544890076495818
FixedParameters: 0 0 0
#Transform 61
Transform: MatrixOffsetTransformBase_double_3_3
Parameters: 0.9999995532792204 -0.0010653217183413466 -0.00036409528645226646 0.0010663194254655175 0.9999962133441643 0.002399758978978414 0.0003618103057442604 -0.0023995807329580676 0.9999971811039113 0.03146838330111734 0.10455568870273169 -0.2049574732307775
FixedParameters: 0 0 0
#Transform 62
Transform: MatrixOffsetTransformBase_double_3_3
Parameters: 0.9999996251142376 -0.0010602039560683651 -0.00026797732002464825 0.0010607551547212107 0.9999965329520806 0.0023100520552915282 0.0002659003526384873 -0.0023106386622649966 0.9999977747793846 0.0371962692168637 0.09340856395540698 -0.22844711210446178
FixedParameters: 0 0 0
#Transform 63
Transform: MatrixOffsetTransformBase_double_3_3
Parameters: 0.9999992005362274 -0.0008195223481813722 -0.00012104381936425129 0.0008203098833052952 0.9999969412266688 0.002524695384611017 0.00011850385311296119 -0.002525091747661551 0.9999967348241424 0.03359306958195418 0.09840150320282248 -0.22914946587800955
FixedParameters: 0 0 0
#Transform 64
Transform: MatrixOffsetTransformBase_double_3_3
Parameters: 0.9999999504269154 -0.0009262030139508652 -0.00011411636738107439 0.0009260938241101128 0.9999967159628336 0.002531310351357424 0.00011225038986781982 -0.0025317658245601754 0.9999967750993205 0.04577824524361063 0.09877493355456579 -0.24596488074705292
FixedParameters: 0 0 0
#Transform 65
Transform: MatrixOffsetTransformBase_double_3_3
Parameters: 0.9999999792495278 -0.000936634476202308 -0.00016204682798710152 0.0009375731315493284 0.9999967990344601 0.002307306101116055 0.00015944636330544187 -0.00230758106622235 0.999997765101371 0.03034725110688896 0.07723154080910888 -0.20550531725606902
FixedParameters: 0 0 0
#Transform 66
Transform: MatrixOffsetTransformBase_double_3_3
Parameters: 0.9999997904676475 -0.0010094221105477648 0.0001075635988012566 0.0010091989140328973 0.9999969677103671 0.0024501219903519666 -0.00010979945292490662 -0.002450087645959817 0.9999971747423827 0.041706765844381266 0.11366211974586804 -0.2651339326122013
FixedParameters: 0 0 0
#Transform 67
Transform: MatrixOffsetTransformBase_double_3_3
Parameters: 0.9999997884227434 -0.0010155153563946254 0.00003274121736470542 0.0010156561153200723 0.9999967776491294 0.0024859761642550965 -0.000035080801419284935 -0.0024860923280409924 0.9999970080495504 0.038134303706186756 0.09145548716976748 -0.22749408730702214
FixedParameters: 0 0 0
#Transform 68
Transform: MatrixOffsetTransformBase_double_3_3
Parameters: 0.9999996384747826 -0.0010597421649806548 -0.00024182681201833506 0.0010611453445219573 0.9999967182577966 0.0022712176275861834 0.00023971929417936078 -0.0022716879399007905 0.9999979592325208 0.037878680643771645 0.08271155414553277 -0.20773066039416221
FixedParameters: 0 0 0
#Transform 69
Transform: MatrixOffsetTransformBase_double_3_3
Parameters: 0.9999993723277245 -0.0011167743606794438 -0.0005096314004992414 0.0011178705107947103 0.9999973411505811 0.0018446671538881881 0.000507469012407509 -0.001845837181096835 0.9999984625314922 0.036976849110757826 0.09950317369860784 -0.17119548097063841
FixedParameters: 0 0 0
#Transform 70
Transform: MatrixOffsetTransformBase_double_3_3
Parameters: 0.9999992859430481 -0.001124027650701213 -0.000574225364561802 0.0011253621354719518 0.9999973246214358 0.0018445906427902725 0.0005720357682092794 -0.001845913435428101 0.9999983926759031 0.05112044086448009 0.10225967968938221 -0.1828628032466213
FixedParameters: 0 0 0
#Transform 71
Transform: MatrixOffsetTransformBase_double_3_3
Parameters: 0.9999991612277136 -0.0011478407068659935 -0.0006295560189223115 0.0011489857309256663 0.9999983126495571 0.0015689257635431164 0.0006280435319096014 -0.0015696557403107464 0.9999981722832181 0.04052517971402381 0.12333964755916327 -0.15330757804471773
FixedParameters: 0 0 0
#Transform 72
Transform: MatrixOffsetTransformBase_double_3_3
Parameters: 0.9999984433286657 -0.001174975091139673 -0.001027369153992909 0.001176927099197673 0.9999973140972622 0.001843953283551275 0.0010251119223374447 -0.001845488912129739 0.9999975644965282 0.07410853660844907 0.08791978979438397 -0.1661477030104095
FixedParameters: 0 0 0
#Transform 73
Transform: MatrixOffsetTransformBase_double_3_3
Parameters: 0.9999979485605881 -0.0015374764524848468 -0.0012006370389315499 0.0015403212768591691 0.9999965525783068 0.002295326311605908 0.001197742531925533 -0.0022974249177130646 0.9999963396103092 0.07196717263673236 0.14983299771164127 -0.19582149570817364
FixedParameters: 0 0 0
#Transform 74
Transform: MatrixOffsetTransformBase_double_3_3
Parameters: 0.9999987625814751 -0.001367859376815622 -0.00042793678729690504 0.0013686570510817054 0.9999971780773806 0.0017155381552195065 0.0004261874717175415 -0.001716726383230796 0.9999990600855456 0.02894791118680473 0.10584399837487979 -0.15259884775217358
FixedParameters: 0 0 0
#Transform 75
Transform: MatrixOffsetTransformBase_double_3_3
Parameters: 0.9999989624414575 -0.0013252800948070093 -0.00031358022681569897 0.0013259145777332632 0.9999965603635853 0.0021856638174321957 0.00031073945205904036 -0.0021857639911322113 0.9999972131730958 0.04602495106539095 0.1440675809321874 -0.19766564816569598
FixedParameters: 0 0 0
#Transform 76
Transform: MatrixOffsetTransformBase_double_3_3
Parameters: 0.9999993110798447 -0.001107480731459957 -0.0005279738542706344 0.0011088851928337607 0.9999977686471845 0.002024183120560838 0.0005264410226562891 -0.0020246241811379267 0.9999977118097336 0.044694370716797494 0.08114487293026684 -0.18059971827118204
FixedParameters: 0 0 0
#Transform 77
Transform: MatrixOffsetTransformBase_double_3_3
Parameters: 0.9999989078948502 -0.0013278557181631793 -0.0003869236788072439 0.0013289259206302074 0.9999960593676797 0.0022735204815679394 0.0003837052176014627 -0.002274564621463665 0.9999978639916531 0.0667517566405138 0.15536670297824173 -0.21555496279083286
FixedParameters: 0 0 0
#Transform 78
Transform: MatrixOffsetTransformBase_double_3_3
Parameters: 0.9999996794303728 -0.0010719570472392474 -0.00022405881163908847 0.0010730800445819689 0.9999976486250076 0.0020465524183309464 0.00022151604837251926 -0.0020472285062946155 0.9999978925508177 0.044960759901371716 0.10591383448246461 -0.18779098621595836
FixedParameters: 0 0 0
#Transform 79
Transform: MatrixOffsetTransformBase_double_3_3
Parameters: 0.9999996412479353 -0.0010825422976774284 -0.00025596229722466696 0.0010837398492483897 0.9999970798454375 0.0019358431849747781 0.00025361603713042885 -0.0019363679462686134 0.9999983056569614 0.038929476128657825 0.09740349933171899 -0.1912377333445079
FixedParameters: 0 0 0
#Transform 80
Transform: MatrixOffsetTransformBase_double_3_3
Parameters: 0.9999997718764287 -0.0010451033463129682 -0.00012166237638716604 0.0010458648768889639 0.9999966496445414 0.0022901881167356614 0.0001187210829720689 -0.0022906376339177498 0.999996871501335 0.04497605165043694 0.1198786154295135 -0.21414183361829942
FixedParameters: 0 0 0
#Transform 81
Transform: MatrixOffsetTransformBase_double_3_3
Parameters: 0.9999992720844769 -0.0011117463302448387 -0.0006090770406225535 0.0011135178085626253 0.9999973347257044 0.002098949387109833 0.0006063656237959222 -0.0021005607118328995 0.9999973606745871 0.05215732884030899 0.10487034157489461 -0.19093261211321533
FixedParameters: 0 0 0
#Transform 82
Transform: MatrixOffsetTransformBase_double_3_3
Parameters: 0.9999993054563877 -0.001113037192788934 -0.0005786685157304836 0.0011145346202199027 0.9999977473110526 0.0020261125825258436 0.0005761227385553055 -0.0020266853833835613 0.9999975868226538 0.047985799206088586 0.12162140563086155 -0.17840892092745264
FixedParameters: 0 0 0
#Transform 83
Transform: MatrixOffsetTransformBase_double_3_3
Parameters: 0.9999993563477371 -0.0010793253630279262 -0.0005467716891086605 0.0010813090851501802 0.9999966754133289 0.0025002478592108385 0.0005441993339713527 -0.002500699908882298 0.9999965341934167 0.05990532230315182 0.1465513426124403 -0.24934902675921933
FixedParameters: 0 0 0
#Transform 84
Transform: MatrixOffsetTransformBase_double_3_3
Parameters: 0.9999989100258254 -0.001191144638382973 -0.0012450614270519827 0.001194158660091235 0.9999969063202349 0.001973523327623683 0.0012424413611188678 -0.001974414306055175 0.9999974518517329 0.07605900119065723 0.12258424782176292 -0.1654286562795022
FixedParameters: 0 0 0
#Transform 85
Transform: MatrixOffsetTransformBase_double_3_3
Parameters: 0.9999985273255922 -0.0012025649308372846 -0.0013806941719606766 0.0012052850311947512 0.9999976235879597 0.002032058414585869 0.0013780010897021522 -0.0020335900973197235 0.9999968802437532 0.0805885099804442 0.10640686611108663 -0.17236853608669378
FixedParameters: 0 0 0
#Transform 86
Transform: MatrixOffsetTransformBase_double_3_3
Parameters: 0.9999994380517739 -0.0011070190151932146 -0.00046451561506481026 0.0011080168749735796 0.999997084944276 0.0019185775360389679 0.00046222581693838166 -0.001919637516725109 0.999998228422891 0.042007231602838147 0.1489724575493625 -0.16589893501291897
FixedParameters: 0 0 0
#Transform 87
Transform: MatrixOffsetTransformBase_double_3_3
Parameters: 0.9999991722074929 -0.0011622955858266596 -0.001136873342003554 0.0011656485802472687 0.999996755336242 0.0022330858783143476 0.0011347399885784926 -0.002234837949866106 0.9999968014787763 0.0876622048289164 0.13372614013550788 -0.18601920654789694
FixedParameters: 0 0 0
#Transform 88
Transform: MatrixOffsetTransformBase_double_3_3
Parameters: 0.9999991066638604 -0.0012907355506477092 -0.00021136480867071233 0.0012908457338772147 0.9999969099249864 0.0018488403621111649 0.0002095380581765699 -0.001849403223342122 0.9999987240355508 0.05152202946581497 0.11655449184969768 -0.15945918073842336
FixedParameters: 0 0 0
#Transform 89
Transform: MatrixOffsetTransformBase_double_3_3
Parameters: 0.9999996212757575 -0.0010659462757027583 -0.00024197449914567515 0.0010673177842761188 0.9999971270549155 0.0021732933038032393 0.0002401712508053877 -0.002173991742693046 0.9999974105693925 0.051661542404360716 0.1100067539551759 -0.19698970271856808
FixedParameters: 0 0 0
#Transform 90
Transform: MatrixOffsetTransformBase_double_3_3
Parameters: 0.9999993798111724 -0.0011175825177032767 -0.0005004534051490095 0.0011186160015341073 0.9999974453923892 0.0018157337034253596 0.000498352873760731 -0.0018168840659571195 0.9999985777296656 0.05226150730531742 0.10858709797950894 -0.14792042950568884
FixedParameters: 0 0 0
#Transform 91
Transform: MatrixOffsetTransformBase_double_3_3
Parameters: 0.9999992911055975 -0.0011706002691484326 -0.001103544547343946 0.0011732768955938421 0.9999975390527989 0.002045476802909091 0.0011008295772119633 -0.0020471822037156917 0.999997618383372 0.08567004978080206 0.15182036557803258 -0.18342372314732813
FixedParameters: 0 0 0
#Transform 92
Transform: MatrixOffsetTransformBase_double_3_3
Parameters: 0.9999987094335461 -0.0011517682368316542 -0.0009184575553910015 0.0011536327437565623 0.9999976925558112 0.002015655924248544 0.0009158903485243647 -0.0020171177727091316 0.99999712650403 0.0823038410395327 0.09754132528145476 -0.1668940226587523
FixedParameters: 0 0 0
#Transform 93
Transform: MatrixOffsetTransformBase_double_3_3
Parameters: 0.9999988017659301 -0.0011780003848878588 -0.0013001770442522126 0.0011810194692353226 0.9999966414743802 0.00227371371966871 0.0012970134536368153 -0.0022749875540402226 0.999996056189835 0.09303718481142198 0.1286997452687757 -0.2033658691396738
FixedParameters: 0 0 0
#Transform 94
Transform: MatrixOffsetTransformBase_double_3_3
Parameters: 0.9999981279915603 -0.0011862087330281618 -0.0011610753149100053 0.001188775943275061 0.9999970789114383 0.0019027810028724168 0.0011585119213582754 -0.0019044330004997362 0.9999980351143247 0.08543659414978322 0.12024550612743212 -0.14664875745090455
FixedParameters: 0 0 0
#Transform 95
Transform: MatrixOffsetTransformBase_double_3_3
Parameters: 0.9999989529229063 -0.0011836595582287507 -0.001234935046044626 0.00118687696173866 0.9999975111621288 0.0020722402380259353 0.0012321099026133264 -0.0020733139862400135 0.9999970902050456 0.09062959876519017 0.1392180257909672 -0.179829715073339
FixedParameters: 0 0 0
#Transform 96
Transform: MatrixOffsetTransformBase_double_3_3
Parameters: 0.9999983467308131 -0.0011807629836466538 -0.0010669482673452343 0.0011828163909376622 0.9999973772194032 0.001822941449539553 0.0010647190329487535 -0.0018245826436097123 0.9999975585524778 0.08753840161158166 0.1321879112886819 -0.1533795797906663
FixedParameters: 0 0 0
#Transform 97
Transform: MatrixOffsetTransformBase_double_3_3
Parameters: 0.9999983598874373 -0.0012063519139744279 -0.0014144863524268997 0.001209323913183423 0.9999966278199169 0.0020321297733889715 0.0014127631755726927 -0.0020335156361357687 0.9999968331104716 0.0956125462320756 0.12743912717361638 -0.18401567234243998
FixedParameters: 0 0 0
#Transform 98
Transform: MatrixOffsetTransformBase_double_3_3
Parameters: 0.9999981225859893 -0.0011762553636657305 -0.0011734455454393555 0.0011792830225535109 0.999997385270507 0.0020793208355020243 0.0011705030505686706 -0.0020812043572211725 0.9999973158013905 0.09189865350867876 0.14044786991730973 -0.17833813350890182
FixedParameters: 0 0 0
#Transform 99
Transform: MatrixOffsetTransformBase_double_3_3
Parameters: 0.9999991210097721 -0.0011188448306218915 -0.0006656296851747165 0.0011209524834954118 0.9999973694562263 0.002086912083087658 0.0006639003909425095 -0.0020886459723798434 0.9999973997023488 0.07940549663580043 0.10748322692386125 -0.17968148764943237
FixedParameters: 0 0 0
#Transform 100
Transform: MatrixOffsetTransformBase_double_3_3
Parameters: 0.9999986057126222 -0.0010415860134442559 -0.001091986312339914 0.0010443963816830128 0.999997451324126 0.002134892261956317 0.0010894891525820502 -0.0021362904097695506 0.9999972663601742 0.08843696811662483 0.13952651747804623 -0.18328535011818303
FixedParameters: 0 0 0
#Transform 101
Transform: MatrixOffsetTransformBase_double_3_3
Parameters: 0.9999995239902889 -0.0010007242330068366 -0.0005400640552127162 0.0010013888647791023 0.9999973317398483 0.00215373676988026 0.0005388107570829803 -0.002155122514003932 0.9999972749089999 0.058660480519691305 0.11495425769727774 -0.19902448865106237
FixedParameters: 0 0 0
#Transform 102
Transform: MatrixOffsetTransformBase_double_3_3
Parameters: 0.9999982853699441 -0.00101364049171328 -0.001252956040702323 0.0010166700420864644 0.9999973023391175 0.001972673886711157 0.0012509151494381823 -0.001973140835759127 0.9999974317742052 0.09039034498486842 0.16393029419749894 -0.16589917185415004
FixedParameters: 0 0 0
#Transform 103
Transform: MatrixOffsetTransformBase_double_3_3
Parameters: 0.9999984893761249 -0.0011784366920241486 -0.0010007109233227604 0.0011800282398559403 0.9999977788480731 0.0017441640683525245 0.0009986852267888369 -0.001744671458148911 0.9999978658036097 0.08034310808574219 0.11259308617414376 -0.14365265452876486
FixedParameters: 0 0 0
#Transform 104
Transform: MatrixOffsetTransformBase_double_3_3
Parameters: 0.9999988181298531 -0.0011974470903010634 -0.0012755005131132799 0.0012005276920015583 0.999996955912959 0.0019275815857676126 0.0012729572515675566 -0.001929533782038903 0.9999976648009631 0.08592549752852108 0.16396618641527994 -0.16378645379859336
FixedParameters: 0 0 0
#Transform 105
Transform: MatrixOffsetTransformBase_double_3_3
Parameters: 0.999998161806883 -0.0011870838445775297 -0.0011437601026915573 0.0011894993332656175 0.9999972294634683 0.00185877260527538 0.0011414217617250755 -0.0018606100808077203 0.9999972566931347 0.09039306962341698 0.11978198418412944 -0.15164114292835507
FixedParameters: 0 0 0
#Transform 106
Transform: MatrixOffsetTransformBase_double_3_3
Parameters: 0.999998065652228 -0.0011844890000581839 -0.0011623089559704564 0.0011872424418180238 0.9999969725411236 0.0019317317935887285 0.0011606689224742603 -0.001933370004500598 0.9999979816102149 0.09084949407761655 0.15768694334262534 -0.16942797406429122
FixedParameters: 0 0 0
#Transform 107
Transform: MatrixOffsetTransformBase_double_3_3
Parameters: 0.9999988488223066 -0.00119750088598191 -0.0012633971411465592 0.0012004187643211697 0.9999971507583985 0.0019066244489836515 0.0012609125187631257 -0.0019075752483544428 0.9999976652593731 0.0900018702496368 0.09984876518554131 -0.13650933879776517
FixedParameters: 0 0 0
#Transform 108
Transform: MatrixOffsetTransformBase_double_3_3
Parameters: 0.9999985964122431 -0.0011585065233498818 -0.0009700120128511014 0.001160549947697903 0.9999977369181692 0.0020006190622213343 0.0009674519892028527 -0.002002213001784367 0.9999970894195871 0.09029121363657566 0.15758547682843016 -0.1735308471182293
FixedParameters: 0 0 0
#Transform 109
Transform: MatrixOffsetTransformBase_double_3_3
Parameters: 0.9999988050200804 -0.0013618109972044724 -0.0010735733122588242 0.0013637525931672412 0.9999973512805512 0.0016996767578272565 0.0010721288825886258 -0.001701707980999334 0.9999980426079502 0.09105180335383523 0.11379594763795353 -0.1272729482440127
FixedParameters: 0 0 0
#Transform 110
Transform: MatrixOffsetTransformBase_double_3_3
Parameters: 0.9999982456944149 -0.0012760344404467968 -0.0013936195280038893 0.0012790497645271664 0.9999972310179444 0.0020554770961804247 0.0013915445153292669 -0.0020582040225294446 0.9999969192754979 0.09011965780551634 0.15220080936032332 -0.182240303042704
FixedParameters: 0 0 0
#Transform 111
Transform: MatrixOffsetTransformBase_double_3_3
Parameters: 0.9999984024560518 -0.0011919627600086328 -0.0010271889016254046 0.001194361699393542 0.9999981892546498 0.001578516573837077 0.0010253884199480715 -0.0015800268602539774 0.9999984662683205 0.09257944499508142 0.12214186794049908 -0.11858071975294138
FixedParameters: 0 0 0
#Transform 112
Transform: MatrixOffsetTransformBase_double_3_3
Parameters: 0.9999975546994068 -0.0012386594262647323 -0.0016704165001172125 0.0012423708499265098 0.9999977582547458 0.001975756676671922 0.0016677133212209538 -0.0019781081040790988 0.9999962211702005 0.10065918764782111 0.14634652772610934 -0.15959914055110858
FixedParameters: 0 0 0
#Transform 113
Transform: MatrixOffsetTransformBase_double_3_3
Parameters: 0.9999991657491556 -0.0011829514248546374 -0.001146311645820186 0.0011855338380288684 0.9999969910529234 0.0019277538717368953 0.001143825257038808 -0.0019293625749486482 0.9999979772796286 0.08288842033157096 0.13290201388748812 -0.14379928626544825
FixedParameters: 0 0 0
#Transform 114
Transform: MatrixOffsetTransformBase_double_3_3
