#Insight Transform File V1.0
#Transform 0
Transform: MatrixOffsetTransformBase_double_3_3
Parameters: 0.9999999632537298 -0.0006322020537202029 0.0006825949767257228 0.0006300889911682508 0.9999943638400386 0.003202705315213994 -0.0006844009669245352 -0.0032016823883216777 0.9999944337160424 0.07452224061432844 0.07903010463617477 -0.3981633291591038
FixedParameters: 0 0 0
#Transform 1
Transform: MatrixOffsetTransformBase_double_3_3
Parameters: 0.999999971105324 -0.0006343106211889257 0.0006747947030566817 0.0006323371660090183 0.9999943792278901 0.0031817560816240764 -0.0006765958040357706 -0.003181712432442904 0.9999946874092817 0.06627741152149724 0.09160827300060248 -0.39272813622810077
FixedParameters: 0 0 0
#Transform 2
Transform: MatrixOffsetTransformBase_double_3_3
Parameters: 0.9999997550701409 -0.0006121779732500441 0.0008362911553846039 0.0006090633976422047 0.999993970994129 0.0032497048656570104 -0.0008380306676573843 -0.0032494947073047203 0.9999940066584593 0.07624556702636198 0.052662170226895455 -0.42616414213722464
FixedParameters: 0 0 0
#Transform 3
Transform: MatrixOffsetTransformBase_double_3_3
Parameters: 0.9999998965324756 -0.0006259914533226513 0.0007352275513612672 0.0006235952991611024 0.9999942241602768 0.003207736692190752 -0.0007370067945480022 -0.0032076290680736197 0.9999944363045035 0.08121528508210929 0.08419405994413864 -0.43472391894687235
FixedParameters: 0 0 0
#Transform 4
Transform: MatrixOffsetTransformBase_double_3_3
Parameters: 0.9999997174251491 -0.0006134718921048093 0.0008576051259712864 0.0006103200987172853 0.9999943486716637 0.0031908350878488423 -0.0008592808634112631 -0.0031905967496827087 0.999994349809189 0.078551913708921 0.06295969716290983 -0.449605668908589
FixedParameters: 0 0 0
#Transform 5
Transform: MatrixOffsetTransformBase_double_3_3
Parameters: 0.9999992464202869 -0.000719837748572311 0.0010314955399602574 0.0007168228838984698 0.9999949925677566 0.0030666714468037953 -0.0010337849504558627 -0.0030659393283236774 0.9999947918058466 0.08493173365756945 0.08845890947722523 -0.4361571013757555
FixedParameters: 0 0 0
#Transform 6
Transform: MatrixOffsetTransformBase_double_3_3
Parameters: 0.9999999533625834 -0.0005564515942365483 0.0007498949949976894 0.0005544071433090068 0.999995057656049 0.0029219382042053044 -0.0007507880757866431 -0.00292191602238194 0.999995170583196 0.08544598090911393 0.10187135190639651 -0.3963621205169261
FixedParameters: 0 0 0
#Transform 7
Transform: MatrixOffsetTransformBase_double_3_3
Parameters: 0.9999991425365512 -0.000830908521992242 -0.000016835589645984583 0.000830282878682447 0.9999949519996644 0.0032155033924410187 0.000013945785992945658 -0.0032157774142430595 0.9999948444739206 0.07950732135921612 0.09590346957972429 -0.3653346553239203
FixedParameters: 0 0 0
#Transform 8
Transform: MatrixOffsetTransformBase_double_3_3
Parameters: 0.9999997891443195 -0.0005738067979069788 0.0008767374596965333 0.0005712825154438345 0.9999962448063533 0.002707563208472888 -0.0008784708043874934 -0.0027073836481147223 0.9999961092000211 0.07842718092578593 0.10378224060643504 -0.42940260242680495
FixedParameters: 0 0 0
#Transform 9
Transform: MatrixOffsetTransformBase_double_3_3
Parameters: 1.0000000725675033 -0.0005682289390338928 0.0007037364579461636 0.000566000368007291 0.9999950391711789 0.0031076655380238294 -0.0007060104293693456 -0.0031067199291703734 0.9999949419817025 0.07043941223147954 0.0795024525008472 -0.3935231026828916
FixedParameters: 0 0 0
#Transform 10
Transform: MatrixOffsetTransformBase_double_3_3
Parameters: 0.9999992336638219 -0.0007043233498440849 0.0010754035365545117 0.0007016921678562379 0.9999960338159954 0.002717361209396807 -0.0010779699163248335 -0.002716611962492149 0.9999956614968057 0.07138327096568275 0.10559868441953313 -0.4342351838729712
FixedParameters: 0 0 0
#Transform 11
Transform: MatrixOffsetTransformBase_double_3_3
Parameters: 0.9999990740979655 -0.0006328320291013297 0.001533243214329405 0.0006286028070428247 0.9999957606685071 0.0027886151938054243 -0.0015346335853970924 -0.002787144621844928 0.9999951190912572 0.0519035049019152 0.061058766183265334 -0.3567080270598666
FixedParameters: 0 0 0
#Transform 12
Transform: MatrixOffsetTransformBase_double_3_3
Parameters: 0.999999361445656 -0.0008364023199077374 0.000876224647391878 0.0008329896324157891 0.9999945090118045 0.0032690300287038926 -0.0008794525558890876 -0.0032686021716995667 0.9999938245050852 0.06466355582311678 0.1123778151306567 -0.4450597942469443
FixedParameters: 0 0 0
#Transform 13
Transform: MatrixOffsetTransformBase_double_3_3
Parameters: 0.9999998708144322 -0.0006420845089964581 0.0007012744611161401 0.0006391596579083756 0.9999925065553833 0.0037555267945661858 -0.0007031110561209822 -0.0037544546808677137 0.9999926156564324 0.05041728829219494 0.049302933228744905 -0.4128248606799474
FixedParameters: 0 0 0
#Transform 14
Transform: MatrixOffsetTransformBase_double_3_3
Parameters: 0.999999744698857 -0.0007136347113819476 0.0007581765362389137 0.0007113724425448853 0.9999952640832955 0.003022059310296976 -0.0007602537628882688 -0.003021789642177586 0.9999955589839317 0.0675987436451635 0.11397318253570177 -0.43029799820763515
FixedParameters: 0 0 0
#Transform 15
Transform: MatrixOffsetTransformBase_double_3_3
Parameters: 0.9999995724719003 -0.0007123046352626979 0.0008655621822649187 0.0007091258522959323 0.9999943124848356 0.003176080589506955 -0.0008678474305304287 -0.003175660845550432 0.999994430069572 0.0809548053503022 0.09425954649346124 -0.42268547846948934
FixedParameters: 0 0 0
#Transform 16
Transform: MatrixOffsetTransformBase_double_3_3
Parameters: 0.9999987926414089 -0.0008858906178498931 0.0011166859136572255 0.0008829892706414405 0.9999953575558024 0.002788274980333752 -0.0011193773986543504 -0.0027870478729435377 0.9999952431732652 0.06380740638013549 0.13542778114459963 -0.4024615963775773
FixedParameters: 0 0 0
#Transform 17
Transform: MatrixOffsetTransformBase_double_3_3
Parameters: 0.9999988693631519 -0.0009587986886044368 0.0010198829309777668 0.0009550179715977943 0.9999950547773571 0.002989436395027592 -0.0010233740441131234 -0.0029882933991365462 0.9999952903735515 0.06446201614885183 0.07603709229032063 -0.4177473309223956
FixedParameters: 0 0 0
#Transform 18
Transform: MatrixOffsetTransformBase_double_3_3
Parameters: 0.9999985870499732 -0.0008865195339812521 0.0011807476242088125 0.0008825774963814367 0.9999944024633127 0.003119442100214892 -0.0011831633868867805 -0.0031180885049452156 0.9999941981178481 0.05735760069863716 0.10327977934149146 -0.37726232863360565
FixedParameters: 0 0 0
#Transform 19
Transform: MatrixOffsetTransformBase_double_3_3
Parameters: 0.999998062232268 -0.0008825755683228445 0.001710697485829256 0.0008768590070600216 0.9999951680137631 0.0029802409628194304 -0.00171295826689679 -0.002978652716785518 0.9999946069606933 0.06001605043746849 0.08283655795410994 -0.3874982390781554
FixedParameters: 0 0 0
#Transform 20
Transform: MatrixOffsetTransformBase_double_3_3
Parameters: 0.9999995814736429 -0.0007068023454162011 0.0008648794033144225 0.0007034720169386902 0.999994728898642 0.0032657885903946138 -0.0008672558986579093 -0.003265604798638036 0.9999938654192853 0.0426507390822195 0.08290098274700597 -0.3686071122250212
FixedParameters: 0 0 0
#Transform 21
Transform: MatrixOffsetTransformBase_double_3_3
Parameters: 0.999998707618181 -0.0011112323890261015 0.0009078908476756881 0.0011080222447590708 0.9999950208540983 0.0031052639766596946 -0.0009115662754101833 -0.0031042686232798516 0.9999948745618168 0.06005719689167677 0.13254860127887014 -0.42970952010497854
FixedParameters: 0 0 0
#Transform 22
Transform: MatrixOffsetTransformBase_double_3_3
Parameters: 0.9999992115715827 -0.0008514035299881763 0.0009094536895233735 0.0008485125380824693 0.9999955530877046 0.0029356053609014693 -0.0009111049495866969 -0.002935080654122832 0.9999949007387074 0.05842722888927199 0.08230085211596361 -0.3399074642674833
FixedParameters: 0 0 0
#Transform 23
Transform: MatrixOffsetTransformBase_double_3_3
Parameters: 0.9999995506322279 -0.0007355745088883656 0.0008564305905557623 0.0007330838059444273 0.9999954258746403 0.002817794784179012 -0.0008582158759328634 -0.0028173470101305054 0.9999955975492054 0.06548690292548542 0.14010075244080156 -0.4029820127831556
FixedParameters: 0 0 0
#Transform 24
Transform: MatrixOffsetTransformBase_double_3_3
Parameters: 0.9999986431716686 -0.0009360095695600569 0.0011423816920510046 0.000932947445634243 0.9999952257939042 0.002795653343894769 -0.0011453658008979892 -0.0027942660483218085 0.9999951439752827 0.06151299064970317 0.0928801262166985 -0.3695359428057543
FixedParameters: 0 0 0
#Transform 25
Transform: MatrixOffsetTransformBase_double_3_3
Parameters: 0.9999986153381586 -0.0011180410259499412 0.000947461773022483 0.0011154072660360852 0.9999954716387579 0.0026813159527749736 -0.0009501103070574946 -0.002679994193651461 0.999996246620265 0.06256395471879728 0.1508848468942574 -0.36587944623364876
FixedParameters: 0 0 0
#Transform 26
Transform: MatrixOffsetTransformBase_double_3_3
Parameters: 0.9999996917241964 -0.0006100725431559869 0.0008744645610974031 0.0006081315188634726 0.9999955139671451 0.003004459810118376 -0.0008760085775311524 -0.0030041450310819423 0.9999954685194424 0.055521242557091455 0.08413407000281836 -0.3295641864167749
FixedParameters: 0 0 0
#Transform 27
Transform: MatrixOffsetTransformBase_double_3_3
Parameters: 0.9999983671777949 -0.0005991242618177475 0.001471017891856996 0.000594904608003299 0.9999954024962289 0.00285912969320426 -0.0014734142002750111 -0.0028578511235206744 0.9999948406313667 0.0344934955045062 0.09528178029206913 -0.30925174578501924
FixedParameters: 0 0 0
#Transform 28
Transform: MatrixOffsetTransformBase_double_3_3
Parameters: 0.9999984738602553 -0.0011230964154402287 0.0010419786415138202 0.0011203815173248333 0.9999967319637231 0.002429798464631913 -0.0010449518891081575 -0.002428493318812494 0.9999962984039957 0.0589187481405844 0.14103751480284643 -0.35767842729923416
FixedParameters: 0 0 0
#Transform 29
Transform: MatrixOffsetTransformBase_double_3_3
Parameters: 0.9999997333718036 -0.00046887391272735796 0.0009684995435588831 0.00046543119088529074 0.9999951828870303 0.002918150887688098 -0.000969982618784955 -0.0029178461874628248 0.9999957389426177 0.05627550278229876 0.09002018905201226 -0.3011068340044005
FixedParameters: 0 0 0
#Transform 30
Transform: MatrixOffsetTransformBase_double_3_3
Parameters: 0.9999990296179695 -0.0007526053927779091 0.001136217806102853 0.000748897465430904 0.9999965316459454 0.0026096081485594835 -0.001138768527709673 -0.002608725571113052 0.9999961081576986 0.06166305080991208 0.1513356937958008 -0.3475511873808017
FixedParameters: 0 0 0
#Transform 31
Transform: MatrixOffsetTransformBase_double_3_3
Parameters: 0.9999991910970168 -0.0007326000183731363 0.001047371330524842 0.0007302684561245531 0.9999960776618972 0.002701909269583136 -0.0010490837338766185 -0.0027011264097327875 0.9999958672549687 0.05914686780415934 0.11072108221905808 -0.29704964851127613
FixedParameters: 0 0 0
#Transform 32
Transform: MatrixOffsetTransformBase_double_3_3
Parameters: 0.9999985822289604 -0.0009908218166828787 0.0011225281175805957 0.0009883432311510731 0.9999959945716326 0.002612632539226001 -0.0011254659715449339 -0.002612130893754075 0.9999962888012021 0.04780807678739052 0.16020812981128074 -0.31714414104027355
FixedParameters: 0 0 0
#Transform 33
Transform: MatrixOffsetTransformBase_double_3_3
Parameters: 0.9999989831942909 -0.0009433981141005743 0.001394321578164659 0.0009401705780922144 0.999996233363183 0.0023833426956977044 -0.0013963299767948828 -0.002382435678678324 0.9999957592938334 0.05771652367783986 0.11709008324754677 -0.3097943210927241
FixedParameters: 0 0 0
#Transform 34
Transform: MatrixOffsetTransformBase_double_3_3
Parameters: 0.9999991941349423 -0.0007820487400333294 0.0010079225648810392 0.0007795344672253263 0.9999964681280707 0.002414116808393138 -0.0010092153190968123 -0.002413352307660613 0.9999964317826557 0.0578622223351033 0.13072042082687574 -0.2820865434179183
FixedParameters: 0 0 0
#Transform 35
Transform: MatrixOffsetTransformBase_double_3_3
Parameters: 0.9999997354933947 -0.0007128724236527759 0.0007999783585623879 0.0007102915412562126 0.9999966683569017 0.0023920599903691636 -0.0008017785866029914 -0.002391805487964374 0.999996857927557 0.08033254260539024 0.15270669610464438 -0.3198677398954004
FixedParameters: 0 0 0
#Transform 36
Transform: MatrixOffsetTransformBase_double_3_3
Parameters: 0.9999976939175945 -0.0008874963552856314 0.002083312497431669 0.0008819571974725167 0.9999963638881594 0.0023854706043996976 -0.002085288282285415 -0.0023829930273703143 0.9999953189113246 0.03469338561853874 0.10016101859541493 -0.2783910855759615
FixedParameters: 0 0 0
#Transform 37
Transform: MatrixOffsetTransformBase_double_3_3
Parameters: 0.9999960899101747 -0.0006878814755257113 0.002873271028506319 0.0006816583909764543 0.9999974077982942 0.002207628818231777 -0.002874159773641742 -0.0022055281933280463 0.9999933099302692 0.02939269991384208 0.1432983849186371 -0.3618461154141386
FixedParameters: 0 0 0
#Transform 38
Transform: MatrixOffsetTransformBase_double_3_3
Parameters: 0.9999993932743875 -0.0007289745641433053 0.0009789793051176512 0.0007267777943940181 0.9999972432201528 0.00226526426990023 -0.0009807858486388585 -0.002264662301096801 0.999997123422087 0.05254547834135792 0.11257672653854911 -0.25461996855663926
FixedParameters: 0 0 0
#Transform 39
Transform: MatrixOffsetTransformBase_double_3_3
Parameters: 0.9999987787729521 -0.0008166528064136929 0.001172745775580665 0.0008142411703977873 0.9999972152530529 0.0024535980407829894 -0.001174383277647073 -0.002452659147375899 0.999995885852073 0.06975697646318224 0.12020985566748266 -0.29209112158568473
FixedParameters: 0 0 0
#Transform 40
Transform: MatrixOffsetTransformBase_double_3_3
Parameters: 0.9999996618839254 -0.0007548924562445119 0.0008068567970991314 0.0007535961038105787 0.9999975370714533 0.0021904323356599087 -0.0008086700579452086 -0.0021900383329011425 0.9999977640427615 0.06718274940617164 0.1242616944425663 -0.24390660700630917
FixedParameters: 0 0 0
#Transform 41
Transform: MatrixOffsetTransformBase_double_3_3
Parameters: 0.9999991624452664 -0.0008333427643274632 0.0010110427541653241 0.0008314453847751771 0.9999979856433648 0.002052571744745879 -0.0010128449119916755 -0.0020519360775062973 0.9999969945825953 0.07607444732374802 0.16553876308269366 -0.2720393254130329
FixedParameters: 0 0 0
#Transform 42
Transform: MatrixOffsetTransformBase_double_3_3
Parameters: 0.9999985764667868 -0.0008745786770039433 0.0012183376793324235 0.0008707976910066473 0.9999968415817502 0.002510770888379185 -0.0012203660056209834 -0.002509453998963171 0.9999964837850325 0.06684724465208092 0.12069975264607535 -0.23220942632558206
FixedParameters: 0 0 0
#Transform 43
Transform: MatrixOffsetTransformBase_double_3_3
Parameters: 0.9999988448018754 -0.0009583215831906935 0.0010286070111066026 0.0009557392982004493 0.9999969706754328 0.0024273175683133114 -0.0010307836630618072 -0.0024273548895282215 0.9999964482162786 0.049894171279859734 0.1785116163095637 -0.24800876225747004
FixedParameters: 0 0 0
#Transform 44
Transform: MatrixOffsetTransformBase_double_3_3
Parameters: 0.9999994086779456 -0.0007191502226113122 0.0010074036881894954 0.0007173952160833075 0.999997650228235 0.0019332276152808914 -0.0010095518226681324 -0.0019326165445392868 0.9999974028140308 0.05397423059105222 0.13079162203706574 -0.18198276244172007
FixedParameters: 0 0 0
#Transform 45
Transform: MatrixOffsetTransformBase_double_3_3
Parameters: 0.9999998714363755 -0.0007286162877686957 0.000731606901969134 0.0007283531152477455 0.9999996044990972 0.0009347243813788569 -0.0007320953264023863 -0.0009335832841164404 0.999999646187422 0.03835823573727737 0.196981849450097 -0.11468318897968288
FixedParameters: 0 0 0
#Transform 46
Transform: MatrixOffsetTransformBase_double_3_3
Parameters: 0.9999990462443431 -0.0008625633738451712 0.0010439409016509277 0.0008604806124427582 0.9999985861578953 0.0016028716046877362 -0.0010449743152717156 -0.00160195636104922 0.9999985659075241 0.04887230309132917 0.09529193617431986 -0.15295288908929194
FixedParameters: 0 0 0
#Transform 47
Transform: MatrixOffsetTransformBase_double_3_3
Parameters: 0.9999987571680657 -0.0005431567145122865 0.0013744581672141265 0.0005415289648484419 0.9999987400062506 0.0013719571864656416 -0.0013753172331594996 -0.0013710781342745476 0.9999983717934499 0.05048915351267169 0.16704953989220428 -0.18828084115052945
FixedParameters: 0 0 0
#Transform 48
Transform: MatrixOffsetTransformBase_double_3_3
Parameters: 0.9999996278040716 -0.0008035209624851292 0.0007786141467703914 0.0008021832962566058 0.9999984625324179 0.0016702149344546002 -0.0007795681059791434 -0.0016698483485638321 0.9999988285421216 0.047632379270623915 0.10759988218623562 -0.16820718496281017
FixedParameters: 0 0 0
#Transform 49
Transform: MatrixOffsetTransformBase_double_3_3
Parameters: 0.9999993938245686 -0.0004891089598573761 0.0011437845088056522 0.0004875015256864306 0.999997990252261 0.00163930924467455 -0.001144756629574556 -0.0016388040073597454 0.9999981473063372 0.0743281181679265 0.17062894688088193 -0.21943575387030023
FixedParameters: 0 0 0
#Transform 50
Transform: MatrixOffsetTransformBase_double_3_3
Parameters: 0.9999995438288685 -0.0005826854300910074 0.0010284316912640007 0.0005811852408439521 0.9999984297179421 0.0017704822924873714 -0.0010298634946256519 -0.0017701221522537641 0.9999979629192105 0.06349348737352045 0.11710041129244075 -0.1990383018667643
FixedParameters: 0 0 0
#Transform 51
Transform: MatrixOffsetTransformBase_double_3_3
Parameters: 0.9999996550196948 -0.0007482371150810017 0.0008501279667875519 0.0007469245781772634 0.9999982145178057 0.00145688229597013 -0.0008514404321705582 -0.0014565077948023447 0.9999983211110346 0.05393483528125387 0.17855350602953024 -0.17553702279349181
FixedParameters: 0 0 0
#Transform 52
Transform: MatrixOffsetTransformBase_double_3_3
Parameters: 0.9999994585546954 -0.0006513670817766349 0.00024137740178425265 0.000651743324474251 0.9999984077153332 0.0014751656989026446 -0.00024255057243059014 -0.0014747764580360784 0.9999988165039979 0.049979557509004735 0.13594457484346378 -0.17020852255413388
FixedParameters: 0 0 0
#Transform 53
Transform: MatrixOffsetTransformBase_double_3_3
Parameters: 0.9999999158694513 -0.0006108163467965638 0.0008054781338359684 0.0006096166901066336 0.9999985925372978 0.0014298393590491815 -0.0008063499046976758 -0.0014287809819129443 0.9999983620083543 0.05652668578262876 0.17945866195563553 -0.17985186313502766
FixedParameters: 0 0 0
#Transform 54
Transform: MatrixOffsetTransformBase_double_3_3
Parameters: 0.9999989981869462 -0.0005611337206513469 0.0007927850616676474 0.0005600526961732745 0.9999985996977517 0.0014075977028158854 -0.0007936214428659744 -0.0014076068095213168 0.9999985525484886 0.07127838956873234 0.12832210559788848 -0.17461028206214735
FixedParameters: 0 0 0
#Transform 55
Transform: MatrixOffsetTransformBase_double_3_3
Parameters: 0.9999998508550103 -0.0005082104560089626 0.0009124810077245152 0.0005063406495618046 0.9999981354777884 0.0016216733533700872 -0.0009133767779329685 -0.001620447819406609 0.9999985764495115 0.05062882214284059 0.1524324643223025 -0.16877800965379208
FixedParameters: 0 0 0
#Transform 56
Transform: MatrixOffsetTransformBase_double_3_3
Parameters: 0.9999995131359833 -0.0007666272873981519 0.0009163542650537718 0.0007657001822136003 0.9999985139166032 0.0016740265819875783 -0.0009182903876726392 -0.0016734585991289158 0.9999985131412034 0.047062060451267484 0.15726838448932767 -0.1542899511760254
FixedParameters: 0 0 0
#Transform 57
Transform: MatrixOffsetTransformBase_double_3_3
Parameters: 0.9999995513069612 -0.000859873056206089 0.0007649539438315187 0.0008586407811306323 0.9999986981058427 0.0016003822963724934 -0.0007658447906896057 -0.0015992034851249198 0.9999979835890838 0.014099165978223027 0.15913312777477984 -0.15545949087146482
FixedParameters: 0 0 0
#Transform 58
Transform: MatrixOffsetTransformBase_double_3_3
Parameters: 0.9999993635330289 -0.000611027696947819 0.00045211726623180237 0.0006106879386956199 0.9999981409407231 0.0015794555708443236 -0.0004532976502773581 -0.001578828555355391 0.9999983519556042 0.05289220030513775 0.11026982836051502 -0.14154545382382366
FixedParameters: 0 0 0
#Transform 59
Transform: MatrixOffsetTransformBase_double_3_3
Parameters: 0.9999996623999556 -0.0009087911850178708 0.0006700388478343491 0.0009080919464054945 0.999998137256637 0.0013904243611200101 -0.0006716992655432866 -0.0013901030301844974 0.9999987840074709 0.049653311028947655 0.14586226713601036 -0.14086778761775065
FixedParameters: 0 0 0
#Transform 60
Transform: MatrixOffsetTransformBase_double_3_3
Parameters: 0.9999996390556943 -0.0006340409468676388 0.0009469683652161484 0.0006324950347568964 0.9999984458683187 0.0014313951509269535 -0.0009479155570560477 -0.0014310927401863655 0.9999982208001342 0.05278771618387168 0.14737103630146464 -0.15302525174682557
FixedParameters: 0 0 0
#Transform 61
Transform: MatrixOffsetTransformBase_double_3_3
Parameters: 0.9999991714553028 -0.0006472909527974659 0.000642945330309376 0.0006462701545818707 0.9999999698384876 0.000782583672859577 -0.0006440808406738968 -0.0007817521279933903 0.9999999702644233 0.03557503915371285 0.18482416146082414 -0.09983344209523182
FixedParameters: 0 0 0
#Transform 62
Transform: MatrixOffsetTransformBase_double_3_3
Parameters: 0.9999995554898475 -0.0005023394056008438 0.0010631235000926054 0.0005010635144019233 0.9999993249268672 0.001148443185777226 -0.0010634102343471882 -0.0011482738598888043 0.9999987176449909 0.0546766278325066 0.16879923074728254 -0.1650220706887353
FixedParameters: 0 0 0
#Transform 63
Transform: MatrixOffsetTransformBase_double_3_3
Parameters: 0.9999997736385098 -0.001051902168655497 0.0002320123680567554 0.001051658370351355 0.9999992459122659 0.0007975299750702242 -0.00023258018903885014 -0.0007972518031890558 0.9999993883780836 0.0238316221678474 0.16451898838579382 -0.08942234511440006
FixedParameters: 0 0 0
#Transform 64
Transform: MatrixOffsetTransformBase_double_3_3
Parameters: 0.9999996393400036 -0.0006678737505847378 0.0008893055354103133 0.0006664074347156393 0.9999980697659675 0.0015433023162792492 -0.0008895131893524311 -0.0015429991195379522 0.999998056006109 0.05168458866553749 0.18071914191870064 -0.16630863793976403
FixedParameters: 0 0 0
#Transform 65
Transform: MatrixOffsetTransformBase_double_3_3
Parameters: 0.9999992104623384 -0.0010688756816006426 0.0007236188393936679 0.001067542787880977 0.9999984958649065 0.0011193152644065618 -0.0007240449747387759 -0.001118713164903043 0.9999994592775027 0.037191647607514255 0.14063542039731658 -0.11127135552227685
FixedParameters: 0 0 0
#Transform 66
Transform: MatrixOffsetTransformBase_double_3_3
Parameters: 1.0000000945763357 -0.000800468044625996 0.0005107177876492383 0.000799963741711515 0.9999991024478568 0.0005076140739786739 -0.0005114058085296733 -0.0005067952801463271 0.999999485402632 0.05255305627160567 0.2165865450289033 -0.08617541906103554
FixedParameters: 0 0 0
#Transform 67
Transform: MatrixOffsetTransformBase_double_3_3
Parameters: 0.999999488184464 -0.0006752758884817503 0.000244312833602843 0.0006747044105607503 0.9999992520503725 0.0011369531125371979 -0.0002459712040516343 -0.0011366230551069362 0.9999996437767061 0.04778140579909973 0.1421106177321434 -0.09707730633323308
FixedParameters: 0 0 0
#Transform 68
Transform: MatrixOffsetTransformBase_double_3_3
Parameters: 0.9999997234117391 -0.0008121695463294103 0.0007446169922596252 0.0008110920985438929 0.9999982074489092 0.0014640747222380152 -0.0007461199211338879 -0.0014627899813256101 0.9999983572238745 0.05078693896606978 0.157215570246791 -0.15512447779923377
FixedParameters: 0 0 0
#Transform 69
Transform: MatrixOffsetTransformBase_double_3_3
Parameters: 0.9999997660908385 -0.0008110494495599165 0.0007166000803594114 0.000810576221490512 0.9999989313576001 0.001143191508898203 -0.000717588162271944 -0.0011429262110031757 0.999999346101059 0.04555983494140037 0.14702040574768205 -0.10112380156105871
FixedParameters: 0 0 0
#Transform 70
Transform: MatrixOffsetTransformBase_double_3_3
Parameters: 0.9999999562307542 -0.0005618096856963607 0.0008160413209186076 0.0005606051009556783 0.9999984724163145 0.0014519000533938092 -0.0008168054134657446 -0.0014518812466852438 0.9999983923725424 0.05017465895549833 0.14662973136594815 -0.14086704831002805
FixedParameters: 0 0 0
#Transform 71
Transform: MatrixOffsetTransformBase_double_3_3
Parameters: 0.9999991226689471 -0.000841460894172693 0.00041142812368046705 0.0008408365881833243 0.999999705752664 0.0007577630967525589 -0.000412702514226794 -0.0007572952670733962 0.9999992692175431 0.030490676816327777 0.19282241572710745 -0.08226568238019638
FixedParameters: 0 0 0
#Transform 72
Transform: MatrixOffsetTransformBase_double_3_3
Parameters: 0.9999994180481306 -0.0007208009367635649 0.000249794185708134 0.0007204149250935512 0.9999998735113212 0.0007710072357063197 -0.0002509052765810385 -0.0007708718146225702 0.9999993558428705 0.04594766333075029 0.18649640687614522 -0.08890988312190018
FixedParameters: 0 0 0
#Transform 73
Transform: MatrixOffsetTransformBase_double_3_3
Parameters: 0.9999989154357796 -0.0009110850521525885 0.0004387378914954068 0.0009108657103509927 0.9999988569004326 0.0004488651651206321 -0.0004385771117790954 -0.0004490242935567823 0.9999997799666606 0.03778149742078085 0.20487748977713238 -0.06221306095591217
FixedParameters: 0 0 0
#Transform 74
Transform: MatrixOffsetTransformBase_double_3_3
Parameters: 0.9999997578604152 -0.0010742443760744054 0.00029028734208522144 0.001073997729815323 0.999999632288936 0.00044870924062236084 -0.0002911271221904127 -0.00044830924209994516 0.9999997310366704 0.018695991428089087 0.19948107152913508 -0.05729010325717354
FixedParameters: 0 0 0
#Transform 75
Transform: MatrixOffsetTransformBase_double_3_3
Parameters: 0.999999419113323 -0.0012177958483475405 0.0003065736110344497 0.0012175166493330154 0.9999992764166911 0.0004778402686687194 -0.00030761293836237963 -0.00047731691174449087 0.9999996943202328 0.017075708814928703 0.18763415550422735 -0.05209209799562586
FixedParameters: 0 0 0
#Transform 76
Transform: MatrixOffsetTransformBase_double_3_3
Parameters: 0.9999997673691254 -0.0010045631984131782 0.0004675306698961046 0.0010051322904259408 0.9999997668702593 0.0004668935200660973 -0.0004684576798712828 -0.0004661167236613417 0.9999995730325486 0.03581627268806642 0.24457047300487034 -0.06816336355988994
FixedParameters: 0 0 0
#Transform 77
Transform: MatrixOffsetTransformBase_double_3_3
Parameters: 0.9999995222476504 -0.0011379461359607834 0.0003418110157378043 0.0011378283384877166 0.9999993797330711 0.00044812071550776045 -0.00034172883478255506 -0.0004485257746020682 0.9999998728452602 0.03262797757207636 0.18536997597881566 -0.05505821929133958
FixedParameters: 0 0 0
#Transform 78
Transform: MatrixOffsetTransformBase_double_3_3
Parameters: 0.9999996732735552 -0.001016206374761925 0.00047773168285480255 0.0010157909708166926 0.9999994437248665 0.0006319826255470062 -0.0004779136219418001 -0.000632194541029002 0.9999995627954209 0.030703734665763704 0.22432446267282558 -0.08193742137547133
FixedParameters: 0 0 0
#Transform 79
Transform: MatrixOffsetTransformBase_double_3_3
Parameters: 0.999998980855312 -0.0013936122752399825 -0.00010266772515358374 0.0013939074149719975 0.9999983643365986 0.0008250285306808797 0.00010147678873745347 -0.000825523538263595 0.9999993866708492 0.015498264406616613 0.18378284913649168 -0.06839263334013879
FixedParameters: 0 0 0
#Transform 80
Transform: MatrixOffsetTransformBase_double_3_3
Parameters: 0.9999997368800349 -0.0009108358268834355 0.0006064949086427157 0.0009100418898793459 0.9999993908335455 0.0008097641589614318 -0.0006068669985542993 -0.0008098423163399038 0.9999991668027698 0.04126106846649691 0.20844755555054917 -0.08258095554546685
FixedParameters: 0 0 0
#Transform 81
Transform: MatrixOffsetTransformBase_double_3_3
Parameters: 0.9999990269398246 -0.0009603851037364155 0.00022520827398869736 0.0009603042050531779 0.9999990455276658 0.0001796870413734858 -0.00022555298195298112 -0.00017925415814702694 0.9999999169945305 0.022455955113272807 0.1606305677348132 -0.023786924556830513
FixedParameters: 0 0 0
#Transform 82
Transform: MatrixOffsetTransformBase_double_3_3
Parameters: 0.9999989647958692 -0.0007962994455833275 0.0005824733467757123 0.0007956568638612868 0.9999997500233627 0.0007011984575336916 -0.0005826110927761793 -0.0007014548013857536 0.9999993555893197 0.04894440368582309 0.21903101263148983 -0.07773170015208564
FixedParameters: 0 0 0
#Transform 83
Transform: MatrixOffsetTransformBase_double_3_3
Parameters: 0.9999991270948299 -0.0008990095480303963 0.00025433292666963286 0.0008988562210572723 0.9999991012531689 0.00030133652141259293 -0.0002548742787224431 -0.00030087878109780197 0.9999998445118581 0.025078054374432668 0.16829241586576416 -0.040361772234163595
FixedParameters: 0 0 0
#Transform 84
Transform: MatrixOffsetTransformBase_double_3_3
Parameters: 1.0000001680064137 -0.0007998892219560063 0.00043298748400173726 0.0008002827569808081 0.9999998555918772 0.0007063009230695722 -0.0004341067396627027 -0.0007057709021730807 0.9999993232282258 0.06034669172781548 0.23753217983481534 -0.0760891002696269
FixedParameters: 0 0 0
#Transform 85
Transform: MatrixOffsetTransformBase_double_3_3
Parameters: 0.9999999903568833 -0.0009680006857296355 0.00026219144797845484 0.0009678255336549651 0.9999999203302481 0.00036069686202917783 -0.00026276569320889814 -0.0003604132599329818 0.999999817812968 0.04978965528368917 0.16913232070366746 -0.041076510466822924
FixedParameters: 0 0 0
#Transform 86
Transform: MatrixOffsetTransformBase_double_3_3
Parameters: 0.9999999835412746 -0.0009713955605714225 0.00026263273636910334 0.0009712489871733648 0.999999950289696 0.0003058052892139368 -0.0002631028026571433 -0.00030551914138256253 0.9999998541790849 0.051157072849406404 0.22838140945778207 -0.04100495970344298
FixedParameters: 0 0 0
#Transform 87
Transform: MatrixOffsetTransformBase_double_3_3
Parameters: 0.9999999185788432 -0.0009458559099108678 0.00042769662048999096 0.000945516097420448 0.9999999219214544 0.000413744291626883 -0.0004283548851266028 -0.00041315924634785506 0.9999996625600015 0.036709472938795784 0.19734950030850484 -0.051515758543757784
FixedParameters: 0 0 0
#Transform 88
Transform: MatrixOffsetTransformBase_double_3_3
Parameters: 0.9999991921614875 -0.0013408091745228277 0.00007853012568061896 0.0013408093364124605 0.9999991815230829 0.00008883136888597487 -0.00007864462923023313 -0.00008884513933263283 1.00000000263914 0.04718771283276624 0.25167901740839227 -0.02479479557052855
FixedParameters: 0 0 0
#Transform 89
Transform: MatrixOffsetTransformBase_double_3_3
Parameters: 0.9999993370639828 -0.0008022800763060134 0.00013885841505688334 0.000802267910361986 0.9999993544380069 0.00004390796766533256 -0.00013892868898787714 -0.00004368510890406796 0.9999999787908939 0.04818967912211747 0.19148054230198852 -0.02229994742029362
FixedParameters: 0 0 0
#Transform 90
Transform: MatrixOffsetTransformBase_double_3_3
Parameters: 0.9999999023476788 -0.0010182038891239278 0.0002386868579274462 0.0010180935287229824 0.9999996859394357 0.0003897052788057742 -0.00023936448638763042 -0.0003904154353041034 0.9999999199004868 0.055680602661951184 0.23167687743294607 -0.04696712602317632
FixedParameters: 0 0 0
#Transform 91
Transform: MatrixOffsetTransformBase_double_3_3
Parameters: 0.9999998599617497 -0.0010543956089489768 0.00015620691403612358 0.0010542752790002833 0.999999691267001 0.0004293493338915627 -0.00015698843245169625 -0.00042924363199867144 0.9999998078892105 0.052988078988917664 0.18798849008994978 -0.03422918256751473
FixedParameters: 0 0 0
#Transform 92
Transform: MatrixOffsetTransformBase_double_3_3
Parameters: 0.9999993270213742 -0.0007742329602760632 0.00010627023436467209 0.0007742835286154662 0.9999993158790345 0.00029240067862380814 -0.00010573707159813872 -0.00029222249921143084 0.9999999647819784 0.07134517419194708 0.24449312482812502 -0.03862024700475786
FixedParameters: 0 0 0
#Transform 93
Transform: MatrixOffsetTransformBase_double_3_3
Parameters: 0.9999993975869498 -0.0007747075280014701 -0.00004733888574259132 0.0007746956164623921 0.9999993840716787 -0.00012559757451023612 0.00004753343015571204 0.00012552407418266187 0.9999999819841356 0.05453514090527278 0.15293053399057044 -0.01423023594578865
FixedParameters: 0 0 0
#Transform 94
Transform: MatrixOffsetTransformBase_double_3_3
Parameters: 0.9999992873761354 -0.0008438887064220798 0.000021794487456025524 0.000843885401092751 0.9999992821374457 0.00007562812294457932 -0.00002192209975040993 -0.00007559123395015077 0.9999999938054505 0.08651789098901475 0.2420427975278585 -0.020071252856496358
FixedParameters: 0 0 0
#Transform 95
Transform: MatrixOffsetTransformBase_double_3_3
Parameters: 1.0000000829119435 -0.0009305362388119963 0.0002175136423792426 0.0009303218588989394 0.9999998466649799 0.0005243257885785835 -0.0002183654431780202 -0.0005241447447302539 0.9999996943874533 0.053883114925497466 0.17743041688559913 -0.03970895192867374
FixedParameters: 0 0 0
#Transform 96
Transform: MatrixOffsetTransformBase_double_3_3
Parameters: 0.9999991070507528 -0.0009197968052423403 0.00021661349913926903 0.0009197453221476701 0.9999991399127759 0.00011897557772015677 -0.00021683199357457744 -0.00011857690993936909 0.9999999389241161 0.05747248659369575 0.24988588304300663 -0.03176351733117144
FixedParameters: 0 0 0
#Transform 97
Transform: MatrixOffsetTransformBase_double_3_3
Parameters: 0.9999998675400795 -0.0009652707221325446 0.00036712001071138173 0.0009648771740175168 0.9999993161495206 0.0007922255287424323 -0.00036754711730587614 -0.0007926993702761648 0.9999994277146693 0.045718193724184175 0.1709705756761224 -0.05211921050243973
FixedParameters: 0 0 0
#Transform 98
Transform: MatrixOffsetTransformBase_double_3_3
Parameters: 0.9999993219676737 -0.0008035235376537865 0.00017994736575411424 0.0008033681536539147 0.9999991687857364 0.000431060745311726 -0.0001806398018511582 -0.00043077103575729636 0.9999997818060815 0.07311400627217779 0.23682347368901446 -0.043860825185063845
FixedParameters: 0 0 0
#Transform 99
Transform: MatrixOffsetTransformBase_double_3_3
Parameters: 0.9999996658735691 -0.0010288686493402192 0.00045683861694729294 0.0010292494245948674 0.9999992854639784 0.000806987388647748 -0.0004575023424647287 -0.0008061961734832507 0.9999992115470457 0.05339836185524405 0.18266061874516026 -0.054871039468793015
FixedParameters: 0 0 0
#Transform 100
Transform: MatrixOffsetTransformBase_double_3_3
Parameters: 0.9999994745195333 -0.0011138334779728122 0.0004668145069996049 0.001114475197192182 0.9999994932117082 0.0005108037745771704 -0.0004669554067713716 -0.0005099131063282802 0.9999995926952673 0.06825933819997942 0.2802216442056107 -0.05263579105159977
FixedParameters: 0 0 0
#Transform 101
Transform: MatrixOffsetTransformBase_double_3_3
Parameters: 0.9999996821656983 -0.0010506255654375582 0.00038491005779872633 0.0010501866597252447 0.9999993454893149 0.0007345635640619019 -0.00038534307018379954 -0.0007339649627082501 0.999999390705934 0.052901487093592436 0.18342221365419675 -0.04838207801570604
FixedParameters: 0 0 0
#Transform 102
Transform: MatrixOffsetTransformBase_double_3_3
Parameters: 0.9999991278300933 -0.0009179026621299394 0.00017211368521646148 0.000917862244643762 0.9999991437221804 0.00011749956389869864 -0.00017232909708352756 -0.00011718340882113654 0.9999999565712959 0.0538025852011117 0.2609215086176846 -0.03397986341080639
FixedParameters: 0 0 0
#Transform 103
Transform: MatrixOffsetTransformBase_double_3_3
Parameters: 0.9999992471184461 -0.0007779851846519423 0.0002924980367331881 0.0007776419525092285 0.9999997764127568 0.0007789219942628406 -0.0002927237474857 -0.0007786781543271393 0.9999993821795329 0.05587484165560852 0.16962030563958308 -0.05068890388476177
FixedParameters: 0 0 0
#Transform 104
Transform: MatrixOffsetTransformBase_double_3_3
Parameters: 0.9999998070074005 -0.0009944802689004382 0.00044730894156971845 0.0009941784334096312 0.9999997078346825 0.0004219694382369549 -0.00044803174939879453 -0.00042227605830721937 0.999999750585105 0.05353656366717985 0.260422846714647 -0.056837670409123575
FixedParameters: 0 0 0
#Transform 105
Transform: MatrixOffsetTransformBase_double_3_3
Parameters: 0.9999995415647175 -0.0011819059093676901 0.00024011229410046686 0.0011816973084441277 0.999999376293386 0.0004630290960948996 -0.00024108257837877206 -0.00046268493046772163 0.9999997445839357 0.021760515861501517 0.18627230792910154 -0.038893936319126965
FixedParameters: 0 0 0
#Transform 106
Transform: MatrixOffsetTransformBase_double_3_3
Parameters: 0.999999019471574 -0.00098460785206325 0.0001052346411634722 0.0009845817200696584 0.9999990151922203 0.00012412018008929604 -0.00010547885354777325 -0.0001239127158812331 0.9999999735201894 0.04089440527974375 0.20575874115377246 -0.022841157829901704
FixedParameters: 0 0 0
#Transform 107
Transform: MatrixOffsetTransformBase_double_3_3
Parameters: 0.9999996791181123 -0.0010958583061834795 0.00023224433434802794 0.0010957310186199033 0.9999994884155211 0.0005467801975725523 -0.00023233278505653543 -0.000546481593955539 0.9999997254089478 0.022847834807393497 0.20731473983848048 -0.04568932089983946
FixedParameters: 0 0 0
#Transform 108
Transform: MatrixOffsetTransformBase_double_3_3
Parameters: 0.9999990801971352 -0.0009208502796795599 0.00009779482620254909 0.0009209040075788735 0.9999990619694117 0.00030145455182586933 -0.00009736404113837305 -0.00030126080392374466 0.9999999611265643 0.043105008021314006 0.26268349985055295 -0.04202340536947702
FixedParameters: 0 0 0
#Transform 109
Transform: MatrixOffsetTransformBase_double_3_3
Parameters: 0.99999942216734 -0.0011851945767933879 0.0003255560055029985 0.0011857582493756992 0.9999988664054577 0.0008507563185620737 -0.0003265760348656749 -0.0008501329276201786 0.999999241566308 0.03733605933780382 0.19643227562583832 -0.05472642923572835
FixedParameters: 0 0 0
#Transform 110
Transform: MatrixOffsetTransformBase_double_3_3
Parameters: 0.9999993669444962 -0.0012606984023413566 0.00019952164217645202 0.0012607682144924687 0.9999993782160195 -0.000139577205936256 -0.0001990456253397957 0.00013985518168461997 0.999999957473181 0.03222482620348899 0.24861105611340406 -0.02862043686300808
FixedParameters: 0 0 0
#Transform 111
Transform: MatrixOffsetTransformBase_double_3_3
Parameters: 0.9999994170469588 -0.0011092985646560987 0.0005343613453593701 0.0011095278448298457 0.9999990733758367 0.0008316878639536562 -0.0005352092311140741 -0.00083065096377892 0.999999094304244 0.03575935916218498 0.20825787149915698 -0.05671068532389256
FixedParameters: 0 0 0
#Transform 112
Transform: MatrixOffsetTransformBase_double_3_3
Parameters: 0.9999989130973972 -0.0013389421271712987 0.0004778457571901276 0.0013382640971088778 0.9999984888520488 0.00084153054475615 -0.0004789877391326372 -0.0008404602012797302 0.9999991420158453 0.020800493710552814 0.2577304135516272 -0.06631944808461299
FixedParameters: 0 0 0
#Transform 113
Transform: MatrixOffsetTransformBase_double_3_3
Parameters: 0.9999993582332455 -0.000790924384501619 0.00012729652106001355 0.0007908495253470902 0.9999992883572619 0.0002935973837537714 -0.00012776076680792725 -0.0002933956649641134 0.9999998975965521 0.025271983193192682 0.18545243185334925 -0.03298956764895422
FixedParameters: 0 0 0
#Transform 114
Transform: MatrixOffsetTransformBase_double_3_3
