#Insight Transform File V1.0
#Transform 0
Transform: MatrixOffsetTransformBase_double_3_3
Parameters: 0.9999953313255183 0.0014886323619863829 0.0025660450246472732 -0.0014946644004776109 0.9999969523796598 0.002055302306940482 -0.0025626716528361904 -0.002059085217220341 0.9999946502100749 -0.06109669759231906 -0.011875250413154959 -0.4127146282446148
FixedParameters: 0 0 0
#Transform 1
Transform: MatrixOffsetTransformBase_double_3_3
Parameters: 0.999995745845176 0.0013428456946698074 0.0025664776452074614 -0.0013491361326130272 0.9999963381903494 0.0022963195307302425 -0.002563293071101244 -0.0022990715280160473 0.9999945764142074 -0.0379896193027065 -0.0048438479095693765 -0.49564551093929765
FixedParameters: 0 0 0
#Transform 2
Transform: MatrixOffsetTransformBase_double_3_3
Parameters: 0.999994673286588 0.0015037848955880215 0.0028633652790275577 -0.0015098258518288646 0.9999963627022175 0.0021894149075930153 -0.0028597508396324064 -0.0021938242579414707 0.9999934395429728 -0.06580664262367009 -0.01460825238069674 -0.39592409352131597
FixedParameters: 0 0 0
#Transform 3
Transform: MatrixOffsetTransformBase_double_3_3
Parameters: 0.9999942389114018 0.001990201469685894 0.002656355562504195 -0.0019968210072332437 0.9999947139118059 0.0024150980653396825 -0.0026516700293683776 -0.0024207464971158915 0.9999933185725574 -0.04866047736977919 -0.011225223414925267 -0.44856200392227663
FixedParameters: 0 0 0
#Transform 4
Transform: MatrixOffsetTransformBase_double_3_3
Parameters: 0.9999960565644505 0.0014863293969721745 0.002434636722060665 -0.001491539298415702 0.9999964477663776 0.002178008661341921 -0.002432008804720713 -0.0021813406890062587 0.999994717662017 -0.04456191292754852 0.040456954970636616 -0.41145688236616706
FixedParameters: 0 0 0
#Transform 5
Transform: MatrixOffsetTransformBase_double_3_3
Parameters: 0.999996767217568 0.0018581082829608525 0.002007962793024849 -0.0018632199561337505 0.9999954072827569 0.0023458969603415425 -0.002003837095578574 -0.0023499721942492335 0.9999948284049656 -0.07956787833848011 -0.025810675003896222 -0.3642641914300242
FixedParameters: 0 0 0
#Transform 6
Transform: MatrixOffsetTransformBase_double_3_3
Parameters: 0.999995659731605 0.0017451611493761628 0.002356751196910513 -0.0017506746656635484 0.9999952931002815 0.0024855171869549303 -0.0023531349954136888 -0.002488817353450537 0.9999944731322915 -0.0757243592079817 0.021649064152555297 -0.5079166422267605
FixedParameters: 0 0 0
#Transform 7
Transform: MatrixOffsetTransformBase_double_3_3
Parameters: 0.9999954278705837 0.001658034296972354 0.002454261274784153 -0.0016637465278276174 0.9999945577044065 0.002665040560370674 -0.002449614745895161 -0.0026691506026498973 0.9999932463782435 -0.09115901835890838 -0.003583423049292378 -0.37620119291199217
FixedParameters: 0 0 0
#Transform 8
Transform: MatrixOffsetTransformBase_double_3_3
Parameters: 0.9999959052158726 0.0017851492582428513 0.0020428126392817714 -0.0017904300221432664 0.9999944285473575 0.0028088036422770496 -0.0020379671533229324 -0.0028113931531500436 0.9999941540622995 -0.0659657683182644 0.02603525696888198 -0.47030422270192673
FixedParameters: 0 0 0
#Transform 9
Transform: MatrixOffsetTransformBase_double_3_3
Parameters: 0.9999962768179489 0.0018488018406865635 0.0021377972757982353 -0.0018557319627040053 0.9999934496303383 0.0030847196079900746 -0.0021315713981318873 -0.0030888939360314144 0.9999932411052326 -0.08660411692297032 0.0019885595324495853 -0.3811339596587402
FixedParameters: 0 0 0
#Transform 10
Transform: MatrixOffsetTransformBase_double_3_3
Parameters: 0.999996286497704 0.0021297697347794874 0.0018874036000626204 -0.0021355715900953157 0.999993178746961 0.0031233247192740676 -0.0018811235548067545 -0.003127133646663116 0.9999928030232763 -0.059707690956187776 0.04063981876194589 -0.4262679609749256
FixedParameters: 0 0 0
#Transform 11
Transform: MatrixOffsetTransformBase_double_3_3
Parameters: 0.9999962945915106 0.0020364195271974674 0.0019697918503639583 -0.0020427233933745514 0.9999939416555991 0.0028963340863089465 -0.0019639210313774774 -0.0028999504363322604 0.9999939084175453 -0.05601968678330138 0.011059546644531792 -0.3398098317189522
FixedParameters: 0 0 0
#Transform 12
Transform: MatrixOffsetTransformBase_double_3_3
Parameters: 0.9999963492401004 0.0020135353180161467 0.0017283466342532527 -0.002019712039992244 0.9999927968421098 0.003242261383543041 -0.0017224541060770829 -0.003245801772193524 0.9999937187424774 -0.0648596643737136 0.04018411782915621 -0.40663885833522784
FixedParameters: 0 0 0
#Transform 13
Transform: MatrixOffsetTransformBase_double_3_3
Parameters: 0.9999959255792376 0.0018874988286537147 0.0019433033643268677 -0.0018941421273795693 0.9999934073116062 0.0030650544014737546 -0.001936801167641257 -0.0030689434709342683 0.9999931759620919 -0.08061740319764965 0.02893438508873203 -0.3381684958055615
FixedParameters: 0 0 0
#Transform 14
Transform: MatrixOffsetTransformBase_double_3_3
Parameters: 0.9999973727696209 0.0018068897939451309 0.0016200921923030867 -0.0018110824755783869 0.9999943179666716 0.0029432523874162314 -0.001614416536327573 -0.0029468529169852237 0.9999941866077159 -0.077228188635317 0.07139789531862561 -0.38040583330064237
FixedParameters: 0 0 0
#Transform 15
Transform: MatrixOffsetTransformBase_double_3_3
Parameters: 0.9999950017932505 0.001966404389386809 0.0023357989668638876 -0.00197403649908016 0.9999938200854802 0.002947897869420152 -0.002330367278309757 -0.0029533716094312795 0.9999931153660317 -0.07959474920713205 -0.0015704659134030408 -0.3606599972735012
FixedParameters: 0 0 0
#Transform 16
Transform: MatrixOffsetTransformBase_double_3_3
Parameters: 0.9999961385174491 0.0020544669610972326 0.001991032302040903 -0.0020600729581527833 0.9999934202092416 0.002954466238685935 -0.0019849377831539575 -0.002959150739919536 0.999993586806914 -0.0759832189977061 0.03958284562865799 -0.36874812613693564
FixedParameters: 0 0 0
#Transform 17
Transform: MatrixOffsetTransformBase_double_3_3
Parameters: 0.9999959543430955 0.001947457871196068 0.002124502408662486 -0.0019543176435495614 0.9999934211934884 0.0028568516708048913 -0.002118318999721966 -0.002861455167188054 0.9999936620866247 -0.09597816886281407 -0.0055747894201090276 -0.32945922737914657
FixedParameters: 0 0 0
#Transform 18
Transform: MatrixOffsetTransformBase_double_3_3
Parameters: 0.9999968703886725 0.0016644906203857552 0.0018861517397085747 -0.0016704082375560798 0.9999951123671167 0.002735362972260541 -0.0018808981542617204 -0.002738242681095654 0.9999943808530893 -0.08071012630375662 0.04667951192529074 -0.4252587146093134
FixedParameters: 0 0 0
#Transform 19
Transform: MatrixOffsetTransformBase_double_3_3
Parameters: 0.9999960318196962 0.0018146119494310527 0.002221750282259162 -0.0018209275398402341 0.999994072834783 0.002831882662119839 -0.002216532566329747 -0.002836215878271181 0.9999933737812007 -0.08750302532446597 0.014330638462240586 -0.33776598741548014
FixedParameters: 0 0 0
#Transform 20
Transform: MatrixOffsetTransformBase_double_3_3
Parameters: 0.9999958891881754 0.002228944591845826 0.0015702287403270496 -0.002234180832398751 0.9999935983312856 0.002980021682094325 -0.0015627595199188202 -0.0029831179573213407 0.9999938652644467 -0.05832438993078881 0.03007487594129543 -0.4241999543291115
FixedParameters: 0 0 0
#Transform 21
Transform: MatrixOffsetTransformBase_double_3_3
Parameters: 0.9999960684223715 0.0019092384442370072 0.001900824335369776 -0.0019152008696960935 0.9999937825147918 0.0031695709105757364 -0.001894884778150141 -0.003172587883680064 0.9999925205550861 -0.08199090310415613 -0.0015061350633089887 -0.3404665321133393
FixedParameters: 0 0 0
#Transform 22
Transform: MatrixOffsetTransformBase_double_3_3
Parameters: 0.9999962468408686 0.0020038259115475127 0.0017505466241510698 -0.002009897172314536 0.9999930455298752 0.0032078181097222463 -0.0017437455985169353 -0.0032116225725985076 0.9999929428246808 -0.07165173528736091 0.037596777862475506 -0.4109990694509662
FixedParameters: 0 0 0
#Transform 23
Transform: MatrixOffsetTransformBase_double_3_3
Parameters: 0.999995825465202 0.0024052624330526493 0.0016837980018585413 -0.0024109316474766416 0.999991848209128 0.0031347643269351994 -0.0016766135958590361 -0.0031387032455443414 0.9999934038996366 -0.07102642218040955 0.014519871543924978 -0.34333688981907073
FixedParameters: 0 0 0
#Transform 24
Transform: MatrixOffsetTransformBase_double_3_3
Parameters: 0.9999970847086256 0.001876834724948706 0.0013142153941094262 -0.0018817518029545267 0.9999926653455701 0.0034711793216143094 -0.0013073867299354391 -0.003473932878880981 0.9999936326367663 -0.06720461916204101 0.05798993202066072 -0.4481105454887597
FixedParameters: 0 0 0
#Transform 25
Transform: MatrixOffsetTransformBase_double_3_3
Parameters: 0.9999959343344751 0.002216396322623905 0.001595610827816188 -0.0022223790165033083 0.9999915053510781 0.0034539899815478475 -0.00158746217044467 -0.0034578612722257762 0.9999927559203842 -0.06880643615244253 0.010962906168401787 -0.37074979801275276
FixedParameters: 0 0 0
#Transform 26
Transform: MatrixOffsetTransformBase_double_3_3
Parameters: 0.999996924111755 0.0016332929627078507 0.0019161703347824743 -0.00163970032129474 0.9999944233863027 0.003046133778861218 -0.0019112918682066618 -0.0030489498800991416 0.9999933963857954 -0.08174996160629178 0.05875219534284781 -0.36310271373818637
FixedParameters: 0 0 0
#Transform 27
Transform: MatrixOffsetTransformBase_double_3_3
Parameters: 0.9999960549928221 0.0021939055101861836 0.0015667353928634983 -0.002198588551035028 0.9999937589609683 0.002809031553803479 -0.0015602286147702038 -0.002811778563520384 0.9999948532215543 -0.06236852150934169 -0.018147992780541244 -0.30435031107072064
FixedParameters: 0 0 0
#Transform 28
Transform: MatrixOffsetTransformBase_double_3_3
Parameters: 0.999997373756285 0.0019145530279974675 0.001103241128841942 -0.0019176114362371485 0.9999954732310719 0.0024656404584409847 -0.0010983039766288005 -0.002468014992878159 0.9999962163301724 -0.05866051554295382 0.0326088163770919 -0.2700189040515255
FixedParameters: 0 0 0
#Transform 29
Transform: MatrixOffsetTransformBase_double_3_3
Parameters: 0.9999972688603146 0.001911918966238488 0.001528794179500595 -0.0019163887247577796 0.9999944841560126 0.0028658956953164366 -0.0015226767065227714 -0.002868574435481344 0.9999948211111555 -0.06679496650876615 0.03913966206526709 -0.30073891017623566
FixedParameters: 0 0 0
#Transform 30
Transform: MatrixOffsetTransformBase_double_3_3
Parameters: 0.9999991120365758 0.0013868773124921033 -0.0003931049005401824 -0.0013866748141498231 0.9999972126232873 0.001960451859477852 0.00039557330081464726 -0.0019596872790187264 0.9999978342774949 -0.09748147144897246 0.07062097806499423 -0.2124831236521061
FixedParameters: 0 0 0
#Transform 31
Transform: MatrixOffsetTransformBase_double_3_3
Parameters: 0.9999975330297536 0.0017605418024674501 0.0012780241992743635 -0.0017636740253960254 0.9999945989319403 0.002923348355437075 -0.0012727076211829225 -0.002925654019356627 0.9999952993906569 -0.07911337822513076 -0.012692705115824765 -0.27798891643051604
FixedParameters: 0 0 0
#Transform 32
Transform: MatrixOffsetTransformBase_double_3_3
Parameters: 0.9999968545605225 0.0017864220734837583 0.0015110343979072155 -0.0017919862896554157 0.9999935758709928 0.0032354657751288984 -0.0015055503332329565 -0.003238688984175453 0.999993659709037 -0.04551185143732539 -0.011497701347494171 -0.39890237591413324
FixedParameters: 0 0 0
#Transform 33
Transform: MatrixOffsetTransformBase_double_3_3
Parameters: 0.9999972165686897 0.0018111783695319477 0.001304951177093644 -0.0018142319239432833 0.9999957059315143 0.0025004422682537025 -0.0012996486315559955 -0.0025030205105243813 0.9999965963564179 -0.07963729748379933 0.0017890292749314085 -0.27899242635072596
FixedParameters: 0 0 0
#Transform 34
Transform: MatrixOffsetTransformBase_double_3_3
Parameters: 0.9999981690595162 0.0020375229681147454 0.0002703414910495 -0.002038215737870619 0.9999916783444786 0.0035037430341059717 -0.00026281330796434216 -0.0035040495686823325 0.9999941499336347 -0.030693774193522927 0.025840796274081868 -0.35535183851318664
FixedParameters: 0 0 0
#Transform 35
Transform: MatrixOffsetTransformBase_double_3_3
Parameters: 0.9999976325298058 0.0018317303036176251 0.0005863126959923873 -0.0018331639885451308 0.9999936318477399 0.003181605018906075 -0.0005805302943458629 -0.0031828884212740383 0.9999950856673909 -0.012584308439201664 0.0003233564552260759 -0.31295204187196646
FixedParameters: 0 0 0
#Transform 36
Transform: MatrixOffsetTransformBase_double_3_3
Parameters: 0.999998035406639 0.0018072390239877705 0.0003088968739108841 -0.0018082447337371185 0.9999922982562806 0.003541350300303489 -0.0003029691123496367 -0.0035416773096201837 0.9999938585349294 0.005980686848204186 0.04107588117835803 -0.36298938844389284
FixedParameters: 0 0 0
#Transform 37
Transform: MatrixOffsetTransformBase_double_3_3
Parameters: 0.9999985265461188 0.0019217483658344582 0.00031376955507193827 -0.0019230122351437222 0.9999947889061854 0.002572327784141598 -0.000309161306736673 -0.0025727894455519623 0.9999968632725972 -0.03364497802135702 -0.004465003252946076 -0.2574628969452277
FixedParameters: 0 0 0
#Transform 38
Transform: MatrixOffsetTransformBase_double_3_3
Parameters: 0.9999981736681524 0.0020160144541919427 0.0002834134961660212 -0.002017199773340702 0.9999936603522153 0.002715577410449241 -0.00027774279848648276 -0.002715973194673399 0.9999961241692621 -0.03433634368965954 0.056029513602680936 -0.277608375319943
FixedParameters: 0 0 0
#Transform 39
Transform: MatrixOffsetTransformBase_double_3_3
Parameters: 0.9999985560085474 0.0018654851793548548 0.0005352323991734964 -0.0018674545998609094 0.9999930987490855 0.0030859888051251727 -0.0005292298969969828 -0.003087179844084756 0.9999947571714307 -0.0325631870308456 0.025613874328797692 -0.30047899640148046
FixedParameters: 0 0 0
#Transform 40
Transform: MatrixOffsetTransformBase_double_3_3
Parameters: 0.9999980527042942 0.0017452281896488163 0.001109612589144597 -0.0017498446187013223 0.9999926758885791 0.003535408281322705 -0.0011032389317438551 -0.0035373874020938195 0.9999927029205771 -0.04852806413944677 0.04788916011095523 -0.42706977285386927
FixedParameters: 0 0 0
#Transform 41
Transform: MatrixOffsetTransformBase_double_3_3
Parameters: 0.9999975155021175 0.0018933369678747819 0.0014924321250299744 -0.0018982321838548286 0.9999924170593993 0.0033698738336210288 -0.0014857322998621525 -0.0033723116812826304 0.9999927160166683 -0.05798626281368513 0.0011003736969428246 -0.3374941761173602
FixedParameters: 0 0 0
#Transform 42
Transform: MatrixOffsetTransformBase_double_3_3
Parameters: 0.9999980654678572 0.002083730715811572 0.00022852516390448746 -0.002084382137843445 0.9999904360082233 0.003785198482126731 -0.0002206099813862883 -0.003785369450645684 0.999993054156913 -0.01770381995176251 -0.022820943677118066 -0.3795299574804005
FixedParameters: 0 0 0
#Transform 43
Transform: MatrixOffsetTransformBase_double_3_3
Parameters: 0.999997121746222 0.0019232133694505821 0.001583283323151441 -0.0019279119890078236 0.9999927464093712 0.003132119635286118 -0.0015773031461712717 -0.00313574442112613 0.9999940784149812 -0.06281887867878311 0.008148215777481482 -0.3378686571623888
FixedParameters: 0 0 0
#Transform 44
Transform: MatrixOffsetTransformBase_double_3_3
Parameters: 0.9999965494035882 0.0021478468960916108 0.00149347414098977 -0.002153037807117137 0.9999920096921836 0.0034248166778928085 -0.001485928926194438 -0.003428030518293268 0.9999932727577747 -0.06227476990517289 -0.019789179676905633 -0.37532886280878586
FixedParameters: 0 0 0
#Transform 45
Transform: MatrixOffsetTransformBase_double_3_3
Parameters: 0.999997096506344 0.0022061121505841837 0.0011927479223765788 -0.0022094980783759098 0.9999926949075842 0.003126987640937093 -0.0011857659824677166 -0.0031293301426782855 0.9999940602290797 -0.0641633809401867 0.00312730836559183 -0.3099547264850173
FixedParameters: 0 0 0
#Transform 46
Transform: MatrixOffsetTransformBase_double_3_3
Parameters: 0.999996971166667 0.001974773233737675 0.0012086481879723734 -0.001978655002080192 0.9999921021871034 0.003352238179638811 -0.0012014897335493324 -0.0033548282534592994 0.9999937149403161 -0.05047828524492104 0.054582518394155954 -0.37424157176243966
FixedParameters: 0 0 0
#Transform 47
Transform: MatrixOffsetTransformBase_double_3_3
Parameters: 0.9999968690017639 0.002163402235844631 0.0013569416221104677 -0.0021675094590759107 0.9999920001650356 0.0033980410259328298 -0.0013492914222847999 -0.0034019049377537747 0.9999929707828719 -0.05922144333423773 0.025117604526997184 -0.3291393413123984
FixedParameters: 0 0 0
#Transform 48
Transform: MatrixOffsetTransformBase_double_3_3
Parameters: 0.9999969459519575 0.0022967165137964306 0.00048502767896403676 -0.002298041939002823 0.9999910556147436 0.0034485143712402744 -0.00047702635082828154 -0.0034489254924815332 0.9999941922594799 -0.02890725214864176 0.0107647159413915 -0.37800241112695687
FixedParameters: 0 0 0
#Transform 49
Transform: MatrixOffsetTransformBase_double_3_3
Parameters: 0.9999969586343517 0.002271252684142554 0.0004499883286978659 -0.002272272979511784 0.9999940137369638 0.002630242726918225 -0.0004434302468745918 -0.002631701119805971 0.9999964626063538 -0.059769628813199915 0.051908345927571986 -0.2820171572750496
FixedParameters: 0 0 0
#Transform 50
Transform: MatrixOffsetTransformBase_double_3_3
Parameters: 0.9999973684352166 0.002205569258699771 0.00039041392391710866 -0.002206609642062816 0.9999928484106647 0.002896676796624531 -0.00038413656245168265 -0.002897603806975846 0.9999959625855996 -0.02699496053244843 0.04931960788481149 -0.30919275449667794
FixedParameters: 0 0 0
#Transform 51
Transform: MatrixOffsetTransformBase_double_3_3
Parameters: 0.9999975933605277 0.0021210247384269992 0.0005424380253194055 -0.0021218238609047235 0.9999939244688658 0.002772505806005812 -0.0005372901937944902 -0.0027739538680432996 0.9999965167159708 -0.03856764546027591 0.03641309651933966 -0.2843201999041014
FixedParameters: 0 0 0
#Transform 52
Transform: MatrixOffsetTransformBase_double_3_3
Parameters: 0.9999976717610114 0.0019111354682608151 -0.00006132924670825685 -0.0019103516546519319 0.9999931990404707 0.0031821956556547376 0.00006795325469174246 -0.0031824122869382326 0.9999945647327966 -0.02119398650880555 0.00031622729200364574 -0.32806165640759843
FixedParameters: 0 0 0
#Transform 53
Transform: MatrixOffsetTransformBase_double_3_3
Parameters: 0.9999977308884574 0.0021270154801815155 0.0010638073811705326 -0.0021296620897778944 0.9999925440024711 0.003187502475713949 -0.001057071594648365 -0.0031900799992138074 0.9999940794909131 -0.05364511646934034 0.03226318334245093 -0.32004348786736614
FixedParameters: 0 0 0
#Transform 54
Transform: MatrixOffsetTransformBase_double_3_3
Parameters: 0.9999981806503503 0.001975289125673023 0.0005492463780672543 -0.0019774826796482873 0.9999935243357276 0.0031081155028585133 -0.0005434628877526784 -0.0031097187892067807 0.9999945549807564 -0.03571058315878872 0.011809727717903229 -0.29948583035678666
FixedParameters: 0 0 0
#Transform 55
Transform: MatrixOffsetTransformBase_double_3_3
Parameters: 0.9999984035021185 0.0019813688944344482 0.00023855976281799557 -0.0019815405038798427 0.9999927810370969 0.0030472223247508673 -0.00023299408959724655 -0.003048347339128607 0.999995273873872 -0.03741554101992506 0.03383030732467773 -0.3109931170823046
FixedParameters: 0 0 0
#Transform 56
Transform: MatrixOffsetTransformBase_double_3_3
Parameters: 0.9999976987094378 0.002150469348735305 0.0002544049564244047 -0.002151912701560751 0.9999927399648122 0.0032740209767500167 -0.0002468334720808277 -0.003274604563185013 0.9999947381010829 -0.007309467793433555 0.011848551349373793 -0.3439844465339661
FixedParameters: 0 0 0
#Transform 57
Transform: MatrixOffsetTransformBase_double_3_3
Parameters: 0.9999974484960217 0.002390073747019837 0.0005303787353737321 -0.0023922807265889393 0.9999919693456397 0.0030850172131757364 -0.0005229830237149374 -0.003086020444249035 0.9999945509238258 0.0022028881369777764 0.0211317597282914 -0.2929291414164794
FixedParameters: 0 0 0
#Transform 58
Transform: MatrixOffsetTransformBase_double_3_3
Parameters: 0.9999976032335928 0.00220018848332686 -0.00010075171656964005 -0.0022003093963844514 0.9999917316517155 0.0035206923561272307 0.00010872545549169693 -0.0035207848401686698 0.9999941696533141 0.008390585230458214 0.039976435798322996 -0.4129701691009018
FixedParameters: 0 0 0
#Transform 59
Transform: MatrixOffsetTransformBase_double_3_3
Parameters: 0.9999981365433951 0.002041814867112992 0.00013196403717697508 -0.00204224061976953 0.999993438170028 0.0029146188380819033 -0.0001254673304667761 -0.002914409546031227 0.9999960635258854 -0.025844621118991995 0.02187860902259331 -0.2955084861495436
FixedParameters: 0 0 0
#Transform 60
Transform: MatrixOffsetTransformBase_double_3_3
Parameters: 0.9999981705136876 0.0020529080225914435 0.00006493684646363684 -0.0020531092814888062 0.9999923696948029 0.0032432318852795017 -0.00005813690121536652 -0.0032427644925871746 0.9999949883442687 -0.016775829178229174 0.014324683023133389 -0.34330229608752916
FixedParameters: 0 0 0
#Transform 61
Transform: MatrixOffsetTransformBase_double_3_3
Parameters: 0.9999981205169022 0.0017906746143040815 -0.000026186771408615028 -0.001790130598346826 0.9999938823217358 0.002983564654403456 0.00003133343456697413 -0.002983699944268281 0.9999957802304958 -0.017037206613053968 0.02680732910550887 -0.2868639477981674
FixedParameters: 0 0 0
#Transform 62
Transform: MatrixOffsetTransformBase_double_3_3
Parameters: 0.9999978043358325 0.0021403389590642363 -0.00002225889744884857 -0.002139961136293559 0.9999922692055041 0.0032001939688404285 0.000029563267533762316 -0.0031995875023665687 0.9999942858937778 -0.012188986247835487 0.015302609546935741 -0.35643040436411866
FixedParameters: 0 0 0
#Transform 63
Transform: MatrixOffsetTransformBase_double_3_3
Parameters: 0.9999975629755097 0.001889055257281314 0.0010606766079546692 -0.0018917462197035008 0.9999949475552881 0.0023910067210210495 -0.001056149168879611 -0.002392939176589781 0.9999966586325224 -0.06365076541206349 0.015761024376686805 -0.25732655023948325
FixedParameters: 0 0 0
#Transform 64
Transform: MatrixOffsetTransformBase_double_3_3
Parameters: 0.9999973816318165 0.002233069877167605 0.00012974025045355692 -0.0022335248486974203 0.99999368806621 0.002880559450913714 -0.0001232708559738005 -0.0028816013191543116 0.9999963217389173 -0.012921337697576973 0.03198408839540434 -0.2953838580437207
FixedParameters: 0 0 0
#Transform 65
Transform: MatrixOffsetTransformBase_double_3_3
Parameters: 0.9999963607499316 0.0023408715402079656 0.0012409572477734554 -0.002344092605563659 0.999994393557092 0.0025415452328907545 -0.0012356371677247902 -0.0025444977202090935 0.9999962704997358 -0.03854515103651579 -0.0065438441244367596 -0.26414108118213164
FixedParameters: 0 0 0
#Transform 66
Transform: MatrixOffsetTransformBase_double_3_3
Parameters: 0.9999980040972479 0.0018410401156835508 -0.000001149197830764559 -0.0018407694294046463 0.9999929711135026 0.0032600985140167488 0.000006506022776187059 -0.0032603376074545193 0.9999949887693655 -0.008517921562088304 0.060950692626235536 -0.38057987680710426
FixedParameters: 0 0 0
#Transform 67
Transform: MatrixOffsetTransformBase_double_3_3
Parameters: 0.9999981917410969 0.0020279904668238933 0.00012118069631131267 -0.0020283046307548154 0.999994353122898 0.00276101676168522 -0.00011526387288766232 -0.0027609858392403652 0.9999959540933012 -0.025035674866416002 0.011256073279412249 -0.27466444933948253
FixedParameters: 0 0 0
#Transform 68
Transform: MatrixOffsetTransformBase_double_3_3
Parameters: 0.9999973989715676 0.0022452775827304866 0.00010306741175430956 -0.002245845666261714 0.9999922514087743 0.0032854319081792177 -0.00009581387773487104 -0.003285397863904027 0.9999946567290363 -0.005196130678754685 0.016799795215803215 -0.37126227200567996
FixedParameters: 0 0 0
#Transform 69
Transform: MatrixOffsetTransformBase_double_3_3
Parameters: 0.9999974370576366 0.0024220663540688425 0.00037933550745745254 -0.0024234401366251875 0.9999914315146519 0.0032847424950243898 -0.0003709073054279505 -0.0032860178513711563 0.9999945229312185 -0.03819923760202926 0.0025983302727041746 -0.31770033851704227
FixedParameters: 0 0 0
#Transform 70
Transform: MatrixOffsetTransformBase_double_3_3
Parameters: 0.9999970312572686 0.0023159990832321573 -0.00024185833681203417 -0.0023142449836360685 0.9999919218828257 0.0032704535807130952 0.00024949110298870536 -0.0032698077635494455 0.99999481892643 -0.013941240026440482 0.012958450368216745 -0.3748145780293015
FixedParameters: 0 0 0
#Transform 71
Transform: MatrixOffsetTransformBase_double_3_3
Parameters: 0.9999979444830629 0.0020726044493782608 0.00027637661756096943 -0.002072535864921487 0.9999953885509679 0.002326224009560257 -0.0002720050247116135 -0.002326788442974334 0.9999971002101797 -0.013081759582874497 0.013366333997282709 -0.26905006641433715
FixedParameters: 0 0 0
#Transform 72
Transform: MatrixOffsetTransformBase_double_3_3
Parameters: 0.9999978738440611 0.0018755874495523578 -0.00000584099161542867 -0.001876274372814837 0.9999923262730557 0.0033370187362683906 0.000011828090390991752 -0.003337299560547749 0.999994488116066 -0.001034231835504329 0.003544245663363199 -0.3650811161689802
FixedParameters: 0 0 0
#Transform 73
Transform: MatrixOffsetTransformBase_double_3_3
Parameters: 0.9999975906527386 0.0023657401327219453 0.0005109586839711147 -0.0023668834572721075 0.9999928931936659 0.0031175803558893267 -0.0005037996827391075 -0.003118406134990967 0.9999953585746082 -0.036239718415060906 -0.006452182465466194 -0.29483103333711824
FixedParameters: 0 0 0
#Transform 74
Transform: MatrixOffsetTransformBase_double_3_3
Parameters: 0.9999979536313953 0.0021120164903372296 0.00018499956837466497 -0.0021120680417292207 0.9999927935964761 0.003136871893018048 -0.00017923983331112614 -0.0031370988779557962 0.9999945835382557 -0.007230360353872811 0.018314045682743085 -0.36197191481043944
FixedParameters: 0 0 0
#Transform 75
Transform: MatrixOffsetTransformBase_double_3_3
Parameters: 0.999997859724512 0.002084606797917477 0.00042393613828321797 -0.0020858207631829677 0.9999935246854067 0.002869333804593019 -0.0004184731101757391 -0.0028703086902522462 0.999996092708844 -0.031541352517635346 -0.00460833006258099 -0.2819296114070511
FixedParameters: 0 0 0
#Transform 76
Transform: MatrixOffsetTransformBase_double_3_3
Parameters: 0.9999972983254583 0.002284521766674378 0.000008707497876805914 -0.002284597930035371 0.9999912806567198 0.003548062276747088 -0.0000011081887220029674 -0.003547618964779675 0.9999938080542143 -0.026157555927824205 -0.006633365465887664 -0.36250228217126335
FixedParameters: 0 0 0
#Transform 77
Transform: MatrixOffsetTransformBase_double_3_3
Parameters: 0.9999965642869854 0.0024133056828776756 0.00024498749830438593 -0.0024136994401185155 0.9999927916499705 0.0030761780293092067 -0.00023762786941216446 -0.0030770259056969174 0.9999949465416911 -0.031013407085708877 0.008629885445557761 -0.30403809089187916
FixedParameters: 0 0 0
#Transform 78
Transform: MatrixOffsetTransformBase_double_3_3
Parameters: 0.9999978011765175 0.0018735994802479231 0.00012350405501018735 -0.001874000972511656 0.9999939008516358 0.0029480921326591747 -0.00011798637538894263 -0.002947810541136367 0.9999958656510664 -0.010864136458451412 0.04455072564783791 -0.3375484884411719
FixedParameters: 0 0 0
#Transform 79
Transform: MatrixOffsetTransformBase_double_3_3
Parameters: 0.9999971301394028 0.00228672976206995 0.0001473349304734542 -0.00228725400566947 0.999994120206029 0.0025957404468214124 -0.00014173010361296506 -0.002595905103190868 0.9999967705539615 -0.01639420788649204 -0.027097075757623657 -0.2539169081705239
FixedParameters: 0 0 0
#Transform 80
Transform: MatrixOffsetTransformBase_double_3_3
Parameters: 0.9999978498440172 0.002078630783465117 0.00038633328167118203 -0.002079465243140872 0.9999937944706931 0.0028243327047230843 -0.0003799831162644776 -0.002825354668980179 0.9999954576090068 -0.009209958342296432 0.056226617749345564 -0.30528237212516274
FixedParameters: 0 0 0
#Transform 81
Transform: MatrixOffsetTransformBase_double_3_3
Parameters: 0.9999971327058307 0.0024549453112158465 0.00046434967947183575 -0.0024570250100938718 0.9999941826653623 0.002446401707769094 -0.0004584686940514032 -0.0024471984584154977 0.9999972213822781 -0.01048124175497378 -0.01680072927625531 -0.2529273206563545
FixedParameters: 0 0 0
#Transform 82
Transform: MatrixOffsetTransformBase_double_3_3
Parameters: 0.9999967879753779 0.002582238410804018 -0.00023102145635818527 -0.0025816348627572218 0.999991499160973 0.0032849064887908314 0.00023972558914858721 -0.0032844820931697966 0.9999946906913955 -0.004263663734576539 -0.002463303936579564 -0.32588673197751916
FixedParameters: 0 0 0
#Transform 83
Transform: MatrixOffsetTransformBase_double_3_3
Parameters: 0.9999968680560775 0.0025376541457212782 0.0003687891130693399 -0.0025387084704593353 0.9999928869773198 0.0029577522609385842 -0.0003611380173162912 -0.0029592871577664576 0.9999955880604499 -0.025326340401534253 0.0034959308025150904 -0.3028948801410962
FixedParameters: 0 0 0
#Transform 84
Transform: MatrixOffsetTransformBase_double_3_3
Parameters: 0.9999972745358363 0.0022646977282968416 -0.00023244194205826463 -0.0022628558110344057 0.9999908327659472 0.003608322810680936 0.00024114505954048876 -0.003607743308722225 0.9999934952007946 -0.025860045526371778 -0.01317523863031056 -0.388667004218604
FixedParameters: 0 0 0
#Transform 85
Transform: MatrixOffsetTransformBase_double_3_3
Parameters: 0.9999966714514013 0.002363027938158675 0.0003611423024552779 -0.0023639915826919426 0.9999923078783833 0.003032867918734361 -0.00035330852154413783 -0.0030340001988785753 0.9999951895117577 -0.04065024860337019 0.009962226173385602 -0.28555296973760846
FixedParameters: 0 0 0
#Transform 86
Transform: MatrixOffsetTransformBase_double_3_3
Parameters: 0.999997423019997 0.0022169308632756183 -0.00034383951132143514 -0.002215268140742397 0.9999909439471222 0.0036217211269217453 0.00035237026255274806 -0.0036207316318703775 0.9999933417467324 -0.004641435447510389 0.039543807357375726 -0.4121064212767749
FixedParameters: 0 0 0
#Transform 87
Transform: MatrixOffsetTransformBase_double_3_3
Parameters: 0.9999973999453654 0.002419817052591702 0.0005084854945896569 -0.0024212522892268504 0.9999909682436733 0.003358767053023834 -0.0005009354049209588 -0.0033603968395516937 0.9999948306505532 -0.023768947187534195 -0.0026771866485688633 -0.3288805657545453
FixedParameters: 0 0 0
#Transform 88
Transform: MatrixOffsetTransformBase_double_3_3
Parameters: 0.999997812272454 0.002130516690911833 0.0001922941024896166 -0.00213156566692779 0.9999926098949822 0.0033070313935223694 -0.00018471446302380928 -0.0033073401390954216 0.9999945490210209 -0.0215268751987594 0.04957596109295537 -0.3810106824470836
FixedParameters: 0 0 0
#Transform 89
Transform: MatrixOffsetTransformBase_double_3_3
Parameters: 0.9999966747969233 0.002381137035626049 0.0001900545168860776 -0.0023818696265853175 0.9999938524028009 0.0025620024381165646 -0.00018411916130455647 -0.0025623971023154835 0.9999969298695408 -0.0415762458269171 -0.004871219986767983 -0.25551838728848963
FixedParameters: 0 0 0
#Transform 90
Transform: MatrixOffsetTransformBase_double_3_3
Parameters: 0.9999982454298305 0.002034785237432851 0.000005357289935961629 -0.002034525149727134 0.9999931833302276 0.003106708227757937 8.86639417149726e-7 -0.0031071941395652003 0.9999949852024522 -0.0231472465003435 0.046251473230711326 -0.32913889037797617
FixedParameters: 0 0 0
#Transform 91
Transform: MatrixOffsetTransformBase_double_3_3
Parameters: 0.9999978091109367 0.0021189799061087497 0.00014109922550075565 -0.002119385853243047 0.9999943228652082 0.002697337703440869 -0.00013494937469491625 -0.0026974122342101337 0.9999962963173126 -0.03864746723776591 -0.0011227997630953723 -0.2727850016094351
FixedParameters: 0 0 0
#Transform 92
Transform: MatrixOffsetTransformBase_double_3_3
Parameters: 0.9999984266286669 0.001994194014155781 -0.00021896664035743474 -0.001993519915451848 0.999992306797702 0.003418666543436394 0.00022520308942748646 -0.0034183334383099118 0.9999938446009645 -0.006422003549488409 0.02520241808093715 -0.3832346116118259
FixedParameters: 0 0 0
#Transform 93
Transform: MatrixOffsetTransformBase_double_3_3
Parameters: 0.9999974181006418 0.002203374502779091 0.0003301566162647804 -0.002203993906236248 0.999993356510358 0.002807246306498881 -0.0003241637132130812 -0.0028081310102787416 0.9999955325471706 -0.03613916194260014 -0.01397095368365342 -0.27316237973995783
FixedParameters: 0 0 0
#Transform 94
Transform: MatrixOffsetTransformBase_double_3_3
Parameters: 0.9999978495583705 0.0021414420508623815 0.00013824144268942407 -0.002142328403052985 0.9999918149850269 0.0035615798926633274 -0.00013060964045123746 -0.0035616759754295707 0.9999937534546106 -0.03678861971388869 0.022902899641863428 -0.3324307518634413
FixedParameters: 0 0 0
#Transform 95
Transform: MatrixOffsetTransformBase_double_3_3
Parameters: 0.9999974743758328 0.0022154917415068654 -0.00025452577356338546 -0.0022148059507601688 0.9999933908500349 0.002944906542099557 0.0002602994480476531 -0.0029443177543685556 0.999995846926801 -0.010594545066425098 -0.02328422720988499 -0.2711544368811616
FixedParameters: 0 0 0
#Transform 96
Transform: MatrixOffsetTransformBase_double_3_3
Parameters: 0.999998577946916 0.0019316091856010449 0.00027702781920024844 -0.0019320037578640361 0.9999939123681871 0.0029092312713913243 -0.00027229249943094835 -0.002909510730284698 0.9999959661210733 -0.01542855431443968 -0.0065259034974189944 -0.2501148029353857
FixedParameters: 0 0 0
#Transform 97
Transform: MatrixOffsetTransformBase_double_3_3
Parameters: 0.99999852393263 0.0016720123242759156 -0.00010321425198005912 -0.001672025807824844 0.9999939223165438 0.0032219035845055394 0.00010844610896055401 -0.003220877245000933 0.999995185279269 0.008506443182028534 0.052853532728107666 -0.32613502457883214
FixedParameters: 0 0 0
#Transform 98
Transform: MatrixOffsetTransformBase_double_3_3
Parameters: 0.9999979195640624 0.0021120302329293494 -0.00006267873212106867 -0.002112343871649874 0.9999931408286515 0.003060442932231816 0.00006932172190868974 -0.0030607017210596693 0.9999952739257275 -0.0012857664710423933 0.022774222869969662 -0.25495924061117137
FixedParameters: 0 0 0
#Transform 99
Transform: MatrixOffsetTransformBase_double_3_3
Parameters: 0.9999979991850577 0.002021525734486964 0.00048317022962381106 -0.0020228722696812107 0.999994240104786 0.0027862961714939932 -0.0004772943795051804 -0.0027876671795750846 0.99999558627521 0.011447047679922662 0.04631026912083769 -0.26399331041010043
FixedParameters: 0 0 0
#Transform 100
Transform: MatrixOffsetTransformBase_double_3_3
Parameters: 0.9999974467073756 0.002205292986541936 0.00026495402308427535 -0.0022063975066179096 0.9999947990485255 0.0025342388008262468 -0.0002600407219278053 -0.0025349004273824 0.9999970367974518 -0.002817152596051642 0.01242296590442038 -0.2256383092791765
FixedParameters: 0 0 0
#Transform 101
Transform: MatrixOffsetTransformBase_double_3_3
Parameters: 0.9999984773835833 0.0019421965773002677 -0.0002566937313320597 -0.0019416393918799254 0.9999953980425682 0.0021944312455998982 0.00026016239312091904 -0.0021937239758691163 0.9999978209297427 0.006937551529745178 0.045666307734734346 -0.21675251432431253
FixedParameters: 0 0 0
#Transform 102
Transform: MatrixOffsetTransformBase_double_3_3
Parameters: 0.9999982433412592 0.0020326861067228785 0.00007951253677143666 -0.002032830829307189 0.9999939311448994 0.0028126302399335973 -0.00007435163942170336 -0.0028134189484575606 0.9999957231786314 0.009994028821935785 0.036904029734571964 -0.22751802752921435
FixedParameters: 0 0 0
#Transform 103
Transform: MatrixOffsetTransformBase_double_3_3
Parameters: 0.9999977634667613 0.002096430171814284 -0.00015549764263317334 -0.0020962717549536346 0.9999962304078126 0.001532012441724795 0.00015908686808291383 -0.0015318449473442908 0.9999984736259081 0.006116453397254418 0.0038702241041761454 -0.13558464555438832
FixedParameters: 0 0 0
#Transform 104
Transform: MatrixOffsetTransformBase_double_3_3
Parameters: 0.9999975302520708 0.00213342453054028 -0.00040983922574761716 -0.002132441347772688 0.9999963896219374 0.0017418964229897194 0.0004133240205518862 -0.0017406475633424956 0.9999985784386509 0.006809088571671396 0.055728069826258775 -0.1419809415040163
FixedParameters: 0 0 0
#Transform 105
Transform: MatrixOffsetTransformBase_double_3_3
Parameters: 0.9999981000736673 0.002020324088034863 -0.000259611705605553 -0.0020196940642322582 0.9999956348218668 0.002063231088680645 0.000264002854563794 -0.0020626802774722786 0.99999745553052 0.00816627914079504 0.02592758577880261 -0.18494031744333483
FixedParameters: 0 0 0
#Transform 106
Transform: MatrixOffsetTransformBase_double_3_3
Parameters: 0.9999987666167226 0.0018285939350345375 -0.00027702979099517716 -0.001827918472261221 0.9999966174870933 0.0017064189199991475 0.00028030523197436485 -0.0017066398208610556 0.9999989510416032 -0.0030314341085926344 0.055034884016009755 -0.1521279260627466
FixedParameters: 0 0 0
#Transform 107
Transform: MatrixOffsetTransformBase_double_3_3
Parameters: 0.9999973159089978 0.002464212982717238 0.00022410516721318996 -0.002465217047772513 0.9999934787281585 0.002555969371850153 -0.00021863470596299173 -0.0025565773245505297 0.9999968885784543 0.014459425410194626 -0.0033099279877717436 -0.2329147483689269
FixedParameters: 0 0 0
#Transform 108
Transform: MatrixOffsetTransformBase_double_3_3
Parameters: 0.9999984483615133 0.0019085712036938166 -0.00030355314170710246 -0.0019080071682814632 0.9999972121722422 0.0014557291841407055 0.00030627406116896794 -0.0014550574425190865 0.9999986340324377 0.004281019148862697 0.03599278400544392 -0.13148328066463932
FixedParameters: 0 0 0
#Transform 109
Transform: MatrixOffsetTransformBase_double_3_3
Parameters: 0.9999972053371499 0.0022161402445036865 -0.000257493879424614 -0.0022156593506133535 0.9999966468484051 0.0015500472361288375 0.00026152872340487465 -0.0015496145017789287 0.999998388715736 0.009620928344617141 0.028146890329850294 -0.13831431962691454
FixedParameters: 0 0 0
#Transform 110
Transform: MatrixOffsetTransformBase_double_3_3
Parameters: 0.9999985970645102 0.0018249509286434352 -0.0005062036195209105 -0.00182365545500221 0.9999971016047488 0.001595114420462146 0.0005091873818981879 -0.0015937540226055036 0.9999980451960467 -0.005789982930167525 0.05071706626034711 -0.13648401131415255
FixedParameters: 0 0 0
#Transform 111
Transform: MatrixOffsetTransformBase_double_3_3
Parameters: 0.9999985254949931 0.0018981082889244242 -0.00023376426712948956 -0.0018977030103965262 0.9999969713563768 0.001548911416517404 0.00023680918014758884 -0.0015485102981415977 0.9999983913083055 0.004467449006170909 0.015306537807163068 -0.13695085843927757
FixedParameters: 0 0 0
#Transform 112
Transform: MatrixOffsetTransformBase_double_3_3
Parameters: 0.9999978876789273 0.00228654824491914 -0.00025100207932225727 -0.002286236118403828 0.9999962292750199 0.0012312220197812362 0.00025392070262875155 -0.0012305586746833158 0.9999992701890871 -0.008154226941798015 0.0016975843651465539 -0.09992511659098113
FixedParameters: 0 0 0
#Transform 113
Transform: MatrixOffsetTransformBase_double_3_3
Parameters: 0.9999973791878761 0.0021344285358088346 -0.0005597273055280572 -0.0021337685411445192 0.9999960001048159 0.0018162106403802336 0.0005636403144126181 -0.0018153533101726016 0.999998286814174 0.019232637426796373 0.03522331807356238 -0.14976258615317306
FixedParameters: 0 0 0
#Transform 114
