#Insight Transform File V1.0
#Transform 0
Transform: MatrixOffsetTransformBase_double_3_3
Parameters: 0.9999995131051516 -0.0004880219637481125 -0.00037360063730864507 0.0004893646642633396 0.999995326341031 0.0029031057046937647 0.00037235289733306837 -0.002903506474475598 0.9999955462680149 0.03388511484024548 0.02518673398040505 -0.35019927282843355
FixedParameters: 0 0 0
#Transform 1
Transform: MatrixOffsetTransformBase_double_3_3
Parameters: 0.9999993910241335 0.0005528163167246416 0.0006204244891030511 -0.0005547732819133717 0.9999959302229928 0.002981562696384138 -0.00061894613121391 -0.0029811735382212212 0.9999955202117402 -0.0015978503972604585 0.01725216334332913 -0.38260232646287307
FixedParameters: 0 0 0
#Transform 2
Transform: MatrixOffsetTransformBase_double_3_3
Parameters: 0.9999994517226315 -0.0005086445078071999 -0.0004298505164546454 0.0005094739687774305 0.9999947904720964 0.0031704116100923774 0.00042820934772452163 -0.0031699739275445477 0.9999947710882623 0.038961012806453255 0.0020960105871523638 -0.39195292307670115
FixedParameters: 0 0 0
#Transform 3
Transform: MatrixOffsetTransformBase_double_3_3
Parameters: 0.9999994133698864 0.00047719742319016385 0.0006157676631837888 -0.0004780283156296415 0.9999955653023139 0.00303746002662246 -0.0006138242451109999 -0.003037869337669946 0.9999953543012174 0.00020540384552703017 0.024671623372000795 -0.42464428514904284
FixedParameters: 0 0 0
#Transform 4
Transform: MatrixOffsetTransformBase_double_3_3
Parameters: 0.9999994089303207 -0.0005710407702409302 -0.0003997592146514073 0.0005726905224849345 0.999994940971857 0.003118454174232149 0.0003976584405298092 -0.0031189472958948056 0.9999952254594233 0.03380986000253472 0.01592941819906457 -0.3714644955484374
FixedParameters: 0 0 0
#Transform 5
Transform: MatrixOffsetTransformBase_double_3_3
Parameters: 0.9999994787929524 -0.0009994755907293826 -0.000589262358932717 0.001001054985894985 0.9999950807009894 0.0028317131080733 0.0005864168684208901 -0.0028319988285475522 0.9999957094656685 0.04945255551943717 0.09531982160895325 -0.3917011933887693
FixedParameters: 0 0 0
#Transform 6
Transform: MatrixOffsetTransformBase_double_3_3
Parameters: 0.9999995998903758 -0.0005281690030834668 -0.00011155107919863516 0.0005279868495467509 0.9999953542490064 0.0028915033160124837 0.00011008703201018794 -0.0028916565845533287 0.9999957410534758 0.05702360420802677 -0.000029388332933422134 -0.32763772514574896
FixedParameters: 0 0 0
#Transform 7
Transform: MatrixOffsetTransformBase_double_3_3
Parameters: 0.9999986519117343 -0.0009827819087890504 -0.0015053314014713687 0.0009861711988064775 0.9999963802805568 0.0024205905277319556 0.0015027555056572883 -0.002421598614195178 0.9999957816859489 0.09524890023364208 0.06510458086840742 -0.4124292800910183
FixedParameters: 0 0 0
#Transform 8
Transform: MatrixOffsetTransformBase_double_3_3
Parameters: 0.9999981771304162 0.0004780191701075692 0.001616769803167828 -0.0004837122089774758 0.9999952448806215 0.0029479232375031195 -0.0016149991100365413 -0.002947815408690796 0.9999945134154415 -0.011155838401350593 -0.002820630373662425 -0.3400076732860242
FixedParameters: 0 0 0
#Transform 9
Transform: MatrixOffsetTransformBase_double_3_3
Parameters: 0.9999988304128552 -0.0013134210073175471 -0.00045557755776450687 0.0013142510549402821 0.9999949876476693 0.0027178755812391903 0.0004522410267292984 -0.0027181640020105258 0.9999965422349655 0.05669638968160484 0.07417892427943684 -0.4015403084066804
FixedParameters: 0 0 0
#Transform 10
Transform: MatrixOffsetTransformBase_double_3_3
Parameters: 0.999996551674025 -0.0017246146902582466 -0.0017829332020236413 0.0017302036412095607 0.9999933983836425 0.0031494625149218886 0.001777181227368231 -0.003152767853997082 0.9999938856659182 0.09963812035304898 0.02638372815670209 -0.338988385726708
FixedParameters: 0 0 0
#Transform 11
Transform: MatrixOffsetTransformBase_double_3_3
Parameters: 0.9999991826509514 -0.0015374716762431954 -0.00039288008918493544 0.0015383285946493899 0.9999944278183486 0.0030487492375415592 0.0003882933076762435 -0.003049257651431797 0.999995761247175 0.050175472461916115 0.03806381372562839 -0.30216793866101455
FixedParameters: 0 0 0
#Transform 12
Transform: MatrixOffsetTransformBase_double_3_3
Parameters: 0.9999978612318161 -0.0014429345272466932 -0.0016778197188559094 0.0014476702115217505 0.999995254317287 0.0028206349576418016 0.0016739462508835803 -0.002822811704304262 0.9999941651598646 0.11894738444902941 0.08452067652842743 -0.33974784962727256
FixedParameters: 0 0 0
#Transform 13
Transform: MatrixOffsetTransformBase_double_3_3
Parameters: 0.9999981122188224 -0.0013911535671023425 -0.0013095562514820955 0.0013952864781573617 0.9999943250919989 0.0029879828310226675 0.0013052667905601514 -0.002989870753809548 0.999994394454887 0.0901217890611008 0.048556511725124096 -0.30590527966674586
FixedParameters: 0 0 0
#Transform 14
Transform: MatrixOffsetTransformBase_double_3_3
Parameters: 0.9999985807574769 -0.0010544634685433442 -0.001441196014468453 0.0010601139270589657 0.9999931830702398 0.0035736510834948887 0.0014375344726419922 -0.003575974539172605 0.9999922981985284 0.10899871729564836 0.06490466496012459 -0.34768549979257557
FixedParameters: 0 0 0
#Transform 15
Transform: MatrixOffsetTransformBase_double_3_3
Parameters: 0.999999920367049 -0.000947943600260401 -0.00007381704183779397 0.0009486516801555491 0.9999949757907737 0.0028507703262769385 0.00007099643335134465 -0.0028508681888528564 0.9999960404310955 0.04996280396892416 0.057070771595888914 -0.28458065762031026
FixedParameters: 0 0 0
#Transform 16
Transform: MatrixOffsetTransformBase_double_3_3
Parameters: 0.999997957573762 -0.001206113264760631 -0.0015358501443317324 0.001210617776259768 0.9999936859369822 0.003323598454876467 0.0015318336240789168 -0.00332544816915728 0.9999936258446641 0.12082514120771748 0.09087695891173553 -0.37223090279995574
FixedParameters: 0 0 0
#Transform 17
Transform: MatrixOffsetTransformBase_double_3_3
Parameters: 0.9999984675023121 -0.0012165943074431938 -0.0013483595625559952 0.00122157329913012 0.9999943690338807 0.0031975178226588685 0.0013444686347977158 -0.0032000187533833546 0.9999941011438812 0.12126891103338266 0.05211752709462303 -0.33730405479893477
FixedParameters: 0 0 0
#Transform 18
Transform: MatrixOffsetTransformBase_double_3_3
Parameters: 0.9999979132850654 -0.0011394513100697976 -0.0015996401672046662 0.0011445872528196826 0.999993408442975 0.0033881864198711253 0.0015959173289651837 -0.0033899786402943888 0.9999929921820063 0.12723082819550768 0.021259742438033413 -0.37348289490621767
FixedParameters: 0 0 0
#Transform 19
Transform: MatrixOffsetTransformBase_double_3_3
Parameters: 0.9999988172126095 -0.0010454424347258254 -0.0013854357856903574 0.001049445085072093 0.9999939868208312 0.0031808331771067955 0.0013818139314631522 -0.0031818269168219504 0.9999939310412762 0.11329386022867993 0.05773992779857906 -0.3276171325181849
FixedParameters: 0 0 0
#Transform 20
Transform: MatrixOffsetTransformBase_double_3_3
Parameters: 0.999997406182614 -0.0009582122815881495 -0.0018743251458280888 0.0009641482087640891 0.9999936927099544 0.0034031633250540816 0.001870803132286436 -0.003404756208714263 0.9999928663801058 0.1450408834099477 0.043574787578322116 -0.3598510025172317
FixedParameters: 0 0 0
#Transform 21
Transform: MatrixOffsetTransformBase_double_3_3
Parameters: 0.9999988121208235 -0.0010240207624428515 -0.0014027983781617487 0.0010287826231116948 0.9999948029309011 0.0030582094479149613 0.0013994490183987518 -0.0030591200979967897 0.9999946407207113 0.11681773303625675 0.07801763904303982 -0.33532889316677483
FixedParameters: 0 0 0
#Transform 22
Transform: MatrixOffsetTransformBase_double_3_3
Parameters: 0.9999981578819919 -0.0008606690604468668 -0.0017142443867456461 0.0008663262375869655 0.9999931917989378 0.003639908634508332 0.001710978891714704 -0.003641084827971014 0.9999917864182283 0.11831852065810722 0.03407731644698231 -0.35091593500885665
FixedParameters: 0 0 0
#Transform 23
Transform: MatrixOffsetTransformBase_double_3_3
Parameters: 0.999998646224594 -0.000869633095272669 -0.0015778461526669563 0.0008740880801615366 0.9999956130252392 0.002971249235868237 0.0015747212469673713 -0.0029721070670344907 0.9999945893293849 0.10859419730385866 0.08110007727059099 -0.2968803106543021
FixedParameters: 0 0 0
#Transform 24
Transform: MatrixOffsetTransformBase_double_3_3
Parameters: 0.999997850919745 -0.0010502521526971724 -0.0016792334288325272 0.0010568138197017936 0.9999927108082133 0.0036567184277002535 0.0016754209400426864 -0.0036583963786662593 0.99999183594412 0.15226692380740303 0.07682393242677676 -0.38078640656750906
FixedParameters: 0 0 0
#Transform 25
Transform: MatrixOffsetTransformBase_double_3_3
Parameters: 0.9999987958788602 -0.0008105761467401178 -0.0015424443517722472 0.0008160735795479579 0.9999943719411284 0.003324699470343251 0.0015399468286512313 -0.003326274904799989 0.9999936408021252 0.1483183943480384 0.0584378234959928 -0.3366312071114521
FixedParameters: 0 0 0
#Transform 26
Transform: MatrixOffsetTransformBase_double_3_3
Parameters: 0.9999975033527121 -0.0007002336666526244 -0.0019763514163618004 0.0007070052039986644 0.999993679805433 0.0034509829490116106 0.0019735225595908096 -0.003452741701997983 0.9999921950846634 0.14263736492050327 0.02974317138200888 -0.35362357033331193
FixedParameters: 0 0 0
#Transform 27
Transform: MatrixOffsetTransformBase_double_3_3
Parameters: 0.9999980808200197 -0.0009001238710019104 -0.0019853174198080775 0.0009068183917824643 0.999993816217434 0.0033837835552802537 0.0019823390928591644 -0.003386332852798546 0.999992681937369 0.14005547087917591 0.0775005618825162 -0.3614665775639878
FixedParameters: 0 0 0
#Transform 28
Transform: MatrixOffsetTransformBase_double_3_3
Parameters: 0.9999972022146316 -0.0006344625002892949 -0.0020733538451715577 0.0006421117157194905 0.9999926529825439 0.003743852516222168 0.0020705916737912902 -0.003745538748605115 0.9999906981597454 0.15096411177786706 0.014992251019577907 -0.37205311407767283
FixedParameters: 0 0 0
#Transform 29
Transform: MatrixOffsetTransformBase_double_3_3
Parameters: 0.9999981961264882 -0.00043659016762000614 -0.001889730687075021 0.0004432519177757499 0.9999947061738886 0.003326488520236842 0.0018878494961899958 -0.0033282800276789037 0.9999924324945306 0.12245945623860166 0.046971473004191466 -0.3510553127842968
FixedParameters: 0 0 0
#Transform 30
Transform: MatrixOffsetTransformBase_double_3_3
Parameters: 0.9999975942035835 -0.00040917205849550463 -0.0020336926869798447 0.0004158437125135316 0.9999948434014517 0.0033278383714509946 0.002032975654805126 -0.0033284954371002318 0.9999927996903052 0.13100205962778944 0.01789420498182892 -0.3595628803724793
FixedParameters: 0 0 0
#Transform 31
Transform: MatrixOffsetTransformBase_double_3_3
Parameters: 0.9999982552708689 -0.0003558378115585152 -0.0016048619338287703 0.00036102562502321727 0.9999949226031865 0.003168413228957695 0.0016035307880955738 -0.003168659730079626 0.9999933389476962 0.1321009531654198 0.04946162713923741 -0.3493910158196769
FixedParameters: 0 0 0
#Transform 32
Transform: MatrixOffsetTransformBase_double_3_3
Parameters: 0.9999988823933954 -0.00037232653015606843 -0.001714854405369698 0.00037863404863525043 0.9999930987453495 0.00358551869288376 0.0017130914732704713 -0.0035857386063277014 0.9999921478828188 0.13466964358946143 0.020241920193100782 -0.34991286927521514
FixedParameters: 0 0 0
#Transform 33
Transform: MatrixOffsetTransformBase_double_3_3
Parameters: 0.9999980786863627 -0.0005568202510719622 -0.001872340936053693 0.0005628856458410342 0.9999946386365801 0.0031846563637257796 0.0018708137653260307 -0.003185669857566853 0.9999933595792898 0.13134658341286354 0.08908917448373188 -0.3509654357546452
FixedParameters: 0 0 0
#Transform 34
Transform: MatrixOffsetTransformBase_double_3_3
Parameters: 0.9999982572528137 -0.0004354971093971259 -0.0018737484710635022 0.0004418950722936887 0.99999400172787 0.0033015815185421515 0.0018719048971475374 -0.003302156633994205 0.9999925363461692 0.1064272623564193 0.015497616223910882 -0.35257333816745984
FixedParameters: 0 0 0
#Transform 35
Transform: MatrixOffsetTransformBase_double_3_3
Parameters: 0.9999980688322851 -0.0007796964147000823 -0.0017762415323169176 0.0007856106640331661 0.9999946890608243 0.00328289520553271 0.0017741263833405407 -0.0032848031457520105 0.9999931470329269 0.1174005651414376 0.08660630927947466 -0.35583186057385774
FixedParameters: 0 0 0
#Transform 36
Transform: MatrixOffsetTransformBase_double_3_3
Parameters: 0.9999973668408015 -0.0006510317886795399 -0.0020259303710982862 0.0006574268983629075 0.9999939794406479 0.0032852931162216104 0.0020237908197981505 -0.003285948854904172 0.9999920068150286 0.13046671720886138 0.03918058214591724 -0.370633499507079
FixedParameters: 0 0 0
#Transform 37
Transform: MatrixOffsetTransformBase_double_3_3
Parameters: 0.9999969327815607 -0.0007877735147948503 -0.002310378970045851 0.0007946695827566498 0.9999946703624822 0.002985801402300911 0.002307936247748596 -0.00298723554727702 0.9999926416624857 0.12986010497877487 0.1124417567968834 -0.3225145145477768
FixedParameters: 0 0 0
#Transform 38
Transform: MatrixOffsetTransformBase_double_3_3
Parameters: 0.9999987853245142 -0.00017028440412939893 -0.0014866637599246987 0.00017515732251312689 0.9999947890109744 0.0033574201617872224 0.0014853347561011102 -0.0033570449075089603 0.9999934075148909 0.07832093095875337 0.006316613877132227 -0.3285918033866295
FixedParameters: 0 0 0
#Transform 39
Transform: MatrixOffsetTransformBase_double_3_3
Parameters: 0.9999974808739391 -0.0004488708090529909 -0.0022968450673254356 0.00045595522379141343 0.9999941671631173 0.003274220761371141 0.002295161924703207 -0.0032751263369070194 0.9999919522380912 0.12290171327832411 0.05524020080865455 -0.3704268923400491
FixedParameters: 0 0 0
#Transform 40
Transform: MatrixOffsetTransformBase_double_3_3
Parameters: 0.9999985075287543 -0.0002021676226877326 -0.0018633805318666943 0.00020875477273245985 0.9999944757294584 0.0033836910121227276 0.001862050485261231 -0.003384600143196012 0.9999920878898622 0.11922530295201739 0.0001182679812927745 -0.3538320941062807
FixedParameters: 0 0 0
#Transform 41
Transform: MatrixOffsetTransformBase_double_3_3
Parameters: 0.999999536337625 -0.0001506178746072586 -0.0011839957151411201 0.0001548969230376349 0.9999939150468828 0.0034706682821057377 0.001183631578821634 -0.0034710389296604416 0.9999936053833918 0.12588771265448884 0.05198926777855206 -0.4019903085133478
FixedParameters: 0 0 0
#Transform 42
Transform: MatrixOffsetTransformBase_double_3_3
Parameters: 0.9999988542431478 -0.00044319714814523674 -0.001357767434740878 0.00044831321147934065 0.9999939306498845 0.0033118584628632763 0.001356627645495205 -0.00331209011462634 0.9999931952842855 0.08091883239858078 0.02140911127045797 -0.3492675295465517
FixedParameters: 0 0 0
#Transform 43
Transform: MatrixOffsetTransformBase_double_3_3
Parameters: 0.9999980173890302 -0.0006618294902191058 -0.0018535198939017075 0.0006671956039047194 0.9999955016226743 0.003041689699579575 0.001851647071114071 -0.003042321842511922 0.9999932260200702 0.13878568909818512 0.08316186198375419 -0.4041718734423796
FixedParameters: 0 0 0
#Transform 44
Transform: MatrixOffsetTransformBase_double_3_3
Parameters: 0.999998948632391 -0.000569986336509504 -0.0012733026202792902 0.0005746783316908201 0.9999944767812108 0.003341144353313355 0.001271282959209502 -0.003342820157252277 0.9999933442164333 0.09498008440849048 0.02997548944652806 -0.3623592096713679
FixedParameters: 0 0 0
#Transform 45
Transform: MatrixOffsetTransformBase_double_3_3
Parameters: 0.9999978431368965 -0.0007106129700726613 -0.0018846204472957456 0.0007164956936238712 0.9999941296536708 0.0033831639411772557 0.0018818198572759098 -0.0033848310429209633 0.9999930128762812 0.11677168290736972 0.04728475997764292 -0.39132649916136586
FixedParameters: 0 0 0
#Transform 46
Transform: MatrixOffsetTransformBase_double_3_3
Parameters: 0.9999985015288579 -0.0006482145294766659 -0.001724398456590552 0.0006535468112985514 0.9999941291430283 0.003264414081842984 0.0017221951944706992 -0.0032646029086879497 0.9999932684047307 0.11130243558947939 0.05946857441733755 -0.36124278532102494
FixedParameters: 0 0 0
#Transform 47
Transform: MatrixOffsetTransformBase_double_3_3
Parameters: 0.9999980460675721 -0.0005377242348979516 -0.0018877219799252332 0.0005442675471818538 0.9999931765849985 0.003552090156002441 0.0018859068409555896 -0.0035531112122234587 0.999991829768602 0.11372220743753303 0.053705930576114724 -0.40267655846206196
FixedParameters: 0 0 0
#Transform 48
Transform: MatrixOffsetTransformBase_double_3_3
Parameters: 0.9999986589937456 -0.0005968520869332047 -0.0016957741536117316 0.0006016934023265639 0.999994791611073 0.003151203280612941 0.0016941595913606208 -0.003152377159559683 0.9999932176615467 0.10136375168900713 0.062105135891840746 -0.345292328741607
FixedParameters: 0 0 0
#Transform 49
Transform: MatrixOffsetTransformBase_double_3_3
Parameters: 0.9999966010165496 -0.0007016685318478443 -0.0024086607597418597 0.000709411987429796 0.9999941234086036 0.0032353937634364005 0.0024063594679183398 -0.0032376050218759223 0.9999917377770383 0.15695427285366748 0.08229019388600989 -0.4004073654671032
FixedParameters: 0 0 0
#Transform 50
Transform: MatrixOffsetTransformBase_double_3_3
Parameters: 0.9999981556661575 -0.0005257954193237753 -0.0018778316276859205 0.0005322693704854272 0.9999938243165564 0.0033150089594041338 0.0018753771028026042 -0.003315926443622816 0.9999924321917284 0.1309517004712717 0.06172096854098186 -0.36128920206380144
FixedParameters: 0 0 0
#Transform 51
Transform: MatrixOffsetTransformBase_double_3_3
Parameters: 0.9999985111063813 -0.0003807599324485598 -0.0018004274288269048 0.00038740991809217435 0.9999938600632989 0.003460175470557589 0.0017996774124938442 -0.0034614493408457597 0.9999928988585548 0.1409391758815275 0.022879160221890515 -0.38406365551300325
FixedParameters: 0 0 0
#Transform 52
Transform: MatrixOffsetTransformBase_double_3_3
Parameters: 0.9999981816949945 -0.0003488309980685207 -0.0019115178191146456 0.0003553694951546381 0.9999942543431318 0.003256019914568753 0.0019102708741542962 -0.003257269849873734 0.9999928013889118 0.1367851897798431 0.07712851859254499 -0.3778194190133348
FixedParameters: 0 0 0
#Transform 53
Transform: MatrixOffsetTransformBase_double_3_3
Parameters: 0.9999985459269591 -0.00028164303744638176 -0.0015297709252476768 0.0002870378932451033 0.9999931630405223 0.0037045216261505087 0.0015284628811139678 -0.0037055226258191493 0.9999919984322535 0.14604561156936313 0.021472288853885857 -0.3919453538967588
FixedParameters: 0 0 0
#Transform 54
Transform: MatrixOffsetTransformBase_double_3_3
Parameters: 0.9999981089373045 -0.00024632112637491474 -0.0019470978803181743 0.00025266879322874067 0.9999943181018706 0.0034218738654216707 0.0019464333552159305 -0.003421838846163011 0.9999924503662577 0.13159923672687057 0.07776041932712019 -0.3567081216828143
FixedParameters: 0 0 0
#Transform 55
Transform: MatrixOffsetTransformBase_double_3_3
Parameters: 0.9999969701907824 -0.00036958078348879944 -0.0024205102403771425 0.00037808013300874316 0.9999923702455444 0.0038015891104766913 0.002418919029566542 -0.0038033220217536107 0.999989752479513 0.14987699659303644 0.03995360884357524 -0.4082237925715049
FixedParameters: 0 0 0
#Transform 56
Transform: MatrixOffsetTransformBase_double_3_3
Parameters: 0.9999967856758049 -0.00043897188221733285 -0.002432842342706465 0.00044740631854858597 0.999994688668637 0.0033477977218581284 0.0024320164566216038 -0.0033487687069268246 0.9999918772660343 0.15891626830696737 0.08727360192747824 -0.35708262771392185
FixedParameters: 0 0 0
#Transform 57
Transform: MatrixOffsetTransformBase_double_3_3
Parameters: 0.9999971855104155 -0.0005837398368415941 -0.002092011512110324 0.0005922859651974165 0.9999931405863822 0.0036876173606399804 0.002089578944726854 -0.0036890566120858503 0.9999910316939135 0.13815926327788475 0.02629202974164002 -0.38905373393924947
FixedParameters: 0 0 0
#Transform 58
Transform: MatrixOffsetTransformBase_double_3_3
Parameters: 0.9999964381933734 -0.0007286318936408284 -0.0024218915471648644 0.0007371364534476321 0.9999943014967089 0.0033541592566888323 0.0024201011644354037 -0.0033565087862783144 0.9999919469494652 0.16605955393714567 0.0948971853125613 -0.38179950188798273
FixedParameters: 0 0 0
#Transform 59
Transform: MatrixOffsetTransformBase_double_3_3
Parameters: 0.9999979135742132 -0.0002004188298137576 -0.002250934997685923 0.00020711085001003712 0.9999942798820988 0.003264700264258555 0.002249891369734962 -0.0032654318676266364 0.9999922733580685 0.1401997268960571 0.03125368276565155 -0.3297997041713785
FixedParameters: 0 0 0
#Transform 60
Transform: MatrixOffsetTransformBase_double_3_3
Parameters: 0.9999960875039742 -0.0008100076421172402 -0.0026743545827773024 0.0008185618847972526 0.9999948853462659 0.0032627911080327643 0.0026714250135086437 -0.003265046575536751 0.9999911058617066 0.14472520130942712 0.098181859601425 -0.37090423343518353
FixedParameters: 0 0 0
#Transform 61
Transform: MatrixOffsetTransformBase_double_3_3
Parameters: 0.9999991660369494 -0.0001610641050659731 -0.0008769716545113451 0.00016386886861081626 0.9999942057681698 0.0032801393699579684 0.0008764888477569496 -0.0032803724417577312 0.9999945178659574 0.06418483306454448 0.04295716651172654 -0.2970097933299485
FixedParameters: 0 0 0
#Transform 62
Transform: MatrixOffsetTransformBase_double_3_3
Parameters: 0.999998516173014 -0.0004436909385392325 -0.001499686852805271 0.00044919260503246093 0.9999936316106848 0.003501169482055075 0.0014973770483928464 -0.0035016048887671347 0.9999924428494711 0.1016001524856307 0.03823918006281701 -0.3544510305315356
FixedParameters: 0 0 0
#Transform 63
Transform: MatrixOffsetTransformBase_double_3_3
Parameters: 0.9999998790714838 -0.00017262824990701454 -0.00021962806192572099 0.0001740893717147975 0.9999944955520893 0.0032364638320789424 0.00021887308383371218 -0.003236530205298571 0.9999945192358703 0.06724115046583279 0.05970371744861325 -0.3373378222255923
FixedParameters: 0 0 0
#Transform 64
Transform: MatrixOffsetTransformBase_double_3_3
Parameters: 0.9999987855409348 -0.0002692898427050271 -0.0014516482893902963 0.00027484154512633866 0.999993780179578 0.003638241670648454 0.0014503614470798773 -0.0036381294721202356 0.9999926025192808 0.11320761764110898 0.039574640954853635 -0.37216392687481914
FixedParameters: 0 0 0
#Transform 65
Transform: MatrixOffsetTransformBase_double_3_3
Parameters: 0.9999984160962653 -0.00074970758563098 -0.0017081386373318727 0.0007550661354612459 0.9999947144617202 0.0033036274524889525 0.0017052132156462549 -0.0033043665056358834 0.9999930789031751 0.1186515635054235 0.06221121278144892 -0.34710038858514736
FixedParameters: 0 0 0
#Transform 66
Transform: MatrixOffsetTransformBase_double_3_3
Parameters: 0.99999753287571 -0.0006722779293076905 -0.001979594049760898 0.0006797394178674806 0.9999934960940584 0.003639655872835393 0.0019765848007278625 -0.0036403383319540267 0.9999917320800502 0.13039573399640858 0.059381963991768316 -0.3918903619670999
FixedParameters: 0 0 0
#Transform 67
Transform: MatrixOffsetTransformBase_double_3_3
Parameters: 0.999997445994014 -0.000890553373656732 -0.0018957056143189543 0.0008959142977364972 0.9999941066630161 0.0032085241131729336 0.001893117817390877 -0.0032099006784566952 0.9999930758235943 0.12635281131683485 0.08187763315056884 -0.35269122351603244
FixedParameters: 0 0 0
#Transform 68
Transform: MatrixOffsetTransformBase_double_3_3
Parameters: 0.9999971405487753 -0.0004910312895361956 -0.0023486686532544765 0.0004993663813697277 0.9999934448094188 0.0036579932395613135 0.0023473002329007925 -0.0036594197810746465 0.9999901256833043 0.1691358615399281 0.030194428187556355 -0.3602547464600008
FixedParameters: 0 0 0
#Transform 69
Transform: MatrixOffsetTransformBase_double_3_3
Parameters: 0.9999981715155545 -0.0007125266258698644 -0.0020533490600945295 0.0007192921120057561 0.9999945857076957 0.003331875594884473 0.002050737293109957 -0.003332820038247808 0.9999925867765078 0.13746161503338783 0.10248064644224542 -0.35349341071712104
FixedParameters: 0 0 0
#Transform 70
Transform: MatrixOffsetTransformBase_double_3_3
Parameters: 0.9999964979011331 -0.0005800148105239693 -0.0024624862145109574 0.0005884595932056586 0.9999948230972666 0.003322911247003721 0.0024607520893129634 -0.0033236301498675014 0.9999917888081301 0.14741288909134198 0.03359661629492905 -0.3374916835014261
FixedParameters: 0 0 0
#Transform 71
Transform: MatrixOffsetTransformBase_double_3_3
Parameters: 0.9999978385014795 -0.0007753042574491298 -0.002095783555059745 0.000782149017269339 0.9999933873170961 0.0034925921098306195 0.0020936015438409034 -0.0034939075358527832 0.9999913801394953 0.12670411494761424 0.08230126156026074 -0.394229655608072
FixedParameters: 0 0 0
#Transform 72
Transform: MatrixOffsetTransformBase_double_3_3
Parameters: 0.999995831420586 -0.0006973368872401128 -0.0027534573739669693 0.0007074677810725138 0.9999934576675901 0.003638236471791345 0.002750720497869015 -0.0036400667603977976 0.9999890890941163 0.1503560432060027 0.02367007845559499 -0.34684708372589057
FixedParameters: 0 0 0
#Transform 73
Transform: MatrixOffsetTransformBase_double_3_3
Parameters: 0.9999982253991401 -0.00045498637717345577 -0.0018627701911968636 0.000461996290817019 0.9999929744655245 0.0037286645771938687 0.0018612557781147315 -0.003729352424087909 0.9999916343713433 0.11851014481484867 0.0687304604229837 -0.3941530128353463
FixedParameters: 0 0 0
#Transform 74
Transform: MatrixOffsetTransformBase_double_3_3
Parameters: 0.9999965680191639 -0.0008714040039385727 -0.00255119897225866 0.0008818045086372468 0.9999922614421992 0.0037634450406842657 0.002547846818870478 -0.003765804216835006 0.9999892884712493 0.14022739300223463 0.027760645256151406 -0.37624208573764406
FixedParameters: 0 0 0
#Transform 75
Transform: MatrixOffsetTransformBase_double_3_3
Parameters: 0.9999982181657323 -0.0007702236405251282 -0.001740483555300737 0.0007765788706887685 0.9999922410769423 0.003789674164713319 0.0017375190476974708 -0.003790358069432481 0.9999915676072634 0.12425685375478679 0.059744864073635995 -0.41636888725273025
FixedParameters: 0 0 0
#Transform 76
Transform: MatrixOffsetTransformBase_double_3_3
Parameters: 0.9999974565013265 -0.00036131667735537446 -0.0020935222159653363 0.00036977838812052386 0.999992489512886 0.003916704305197055 0.0020915597647782683 -0.003918262635396158 0.9999903357354742 0.11874318171281573 0.003093877645142129 -0.3804604975699277
FixedParameters: 0 0 0
#Transform 77
Transform: MatrixOffsetTransformBase_double_3_3
Parameters: 0.9999969697617308 -0.0006877843784789742 -0.0023230331513343846 0.0006965420734311072 0.9999924132682607 0.003782288800467229 0.0023209207738658713 -0.003783393368671173 0.9999902556615734 0.15377094008647418 0.08979613405411158 -0.40311963498588455
FixedParameters: 0 0 0
#Transform 78
Transform: MatrixOffsetTransformBase_double_3_3
Parameters: 0.9999976102409391 -0.0006312877761112867 -0.0022114055823270543 0.0006391840438208819 0.9999929963242675 0.003562363301274518 0.002209020612048307 -0.0035639862556686303 0.9999914237080648 0.13520642337144295 0.0366894565202216 -0.353753736543041
FixedParameters: 0 0 0
#Transform 79
Transform: MatrixOffsetTransformBase_double_3_3
Parameters: 0.9999964514647633 -0.0008792976172763076 -0.002571368405701914 0.000888098937555184 0.9999933342842408 0.0036153917443541572 0.0025683376046495357 -0.0036178838008496944 0.9999902837937067 0.15016848567722718 0.07277140643796542 -0.39504233277311585
FixedParameters: 0 0 0
#Transform 80
Transform: MatrixOffsetTransformBase_double_3_3
Parameters: 0.9999992393109627 -0.00024132058508239025 -0.000777649070329213 0.00024415018899096464 0.9999935865859853 0.0036513900736942495 0.0007773214391485553 -0.0036519279416982187 0.9999931779830346 0.09912657466958308 0.022861552436239663 -0.3306104174918687
FixedParameters: 0 0 0
#Transform 81
Transform: MatrixOffsetTransformBase_double_3_3
Parameters: 0.9999976722174415 -0.0005105739969137463 -0.0019913336735937273 0.0005178725327075716 0.9999931720222068 0.0035567018747182655 0.0019897040138466063 -0.0035577285561634725 0.9999913948527674 0.1271640827996947 0.0450683260960858 -0.38338853035021714
FixedParameters: 0 0 0
#Transform 82
Transform: MatrixOffsetTransformBase_double_3_3
Parameters: 0.999998676304532 -0.0004140529378855104 -0.0017464789384457405 0.00042092379730829677 0.9999935939427941 0.0036488308831200272 0.0017453475489420112 -0.0036494328168475143 0.999991652271243 0.11851005413734583 0.0067807796453536184 -0.32994320211975037
FixedParameters: 0 0 0
#Transform 83
Transform: MatrixOffsetTransformBase_double_3_3
Parameters: 0.9999984791332716 -0.0004084308790961687 -0.001805682347069619 0.0004155230161932708 0.9999916917114415 0.004147968677928562 0.0018041587979500187 -0.004148723306054883 0.999989556479682 0.1257232056079971 0.03134359730110248 -0.4253463625863674
FixedParameters: 0 0 0
#Transform 84
Transform: MatrixOffsetTransformBase_double_3_3
Parameters: 0.99999872766905 -0.0006283979965049247 -0.001649701105877456 0.0006352326624846152 0.9999916298612975 0.004128405284026512 0.0016472506184374777 -0.004129680993923954 0.9999903109673359 0.10934291583559741 0.023014287923089682 -0.3617319455896677
FixedParameters: 0 0 0
#Transform 85
Transform: MatrixOffsetTransformBase_double_3_3
Parameters: 0.9999981588516623 -0.0006412957927571473 -0.002081703145632434 0.0006494669417833349 0.9999928033194586 0.003854433298729573 0.002078745085831453 -0.0038561595779096486 0.9999908233461476 0.13511368834348048 0.04449614022779258 -0.4050835211587014
FixedParameters: 0 0 0
#Transform 86
Transform: MatrixOffsetTransformBase_double_3_3
Parameters: 0.9999972326250265 -0.0005511692750330829 -0.0020896058882649976 0.000559163009172592 0.9999923537036484 0.003796847687361035 0.002087407584879332 -0.003798207826562053 0.9999902308873706 0.1289751531525809 0.045823120487185065 -0.3540085676893767
FixedParameters: 0 0 0
#Transform 87
Transform: MatrixOffsetTransformBase_double_3_3
Parameters: 0.9999962086706478 -0.0006561920610137963 -0.00250370881830924 0.0006661105759644109 0.9999920147746887 0.003952353377683293 0.002500602007243516 -0.003954600254342591 0.9999891205359327 0.15718852569959552 0.036716879621096155 -0.41136144509107453
FixedParameters: 0 0 0
#Transform 88
Transform: MatrixOffsetTransformBase_double_3_3
Parameters: 0.9999968742290243 -0.0008175404929112061 -0.00230171684567608 0.0008264839704930907 0.9999926202916155 0.003858245846576888 0.0022984965348287617 -0.003860142864282254 0.9999897861145303 0.13869639974160464 0.05315963334764717 -0.35326346910693474
FixedParameters: 0 0 0
#Transform 89
Transform: MatrixOffsetTransformBase_double_3_3
Parameters: 0.9999960073650876 -0.0010682594964763438 -0.0027620976092205055 0.001079383428432979 0.9999914697312662 0.00395988253378865 0.0027579338447690366 -0.003962610049966356 0.9999885981146899 0.15755766064529553 0.03858330421236644 -0.4032872852663445
FixedParameters: 0 0 0
#Transform 90
Transform: MatrixOffsetTransformBase_double_3_3
Parameters: 0.9999973449627539 -0.000697737882342969 -0.0020020181430569634 0.000705241267558116 0.9999920509774087 0.003812331704486832 0.001999672257042215 -0.0038141660192664573 0.9999905311856704 0.12053952742273566 0.06620272997488996 -0.38396530401870166
FixedParameters: 0 0 0
#Transform 91
Transform: MatrixOffsetTransformBase_double_3_3
Parameters: 0.9999977848260422 -0.0002153991271538853 -0.0020330784471490823 0.0002231035690608736 0.9999921484070614 0.003858244836091443 0.0020324190280984825 -0.0038581914270375828 0.999989934583528 0.14210836850087105 0.010721201542310155 -0.38206404533310945
FixedParameters: 0 0 0
#Transform 92
Transform: MatrixOffsetTransformBase_double_3_3
Parameters: 0.9999971675339201 -0.0004558228169826246 -0.0023517373955014645 0.0004655495661786647 0.9999922257381493 0.003955606106342741 0.002350100027025244 -0.003956649651516722 0.9999898265186216 0.1486270264621652 0.055131811665916075 -0.3879121965036916
FixedParameters: 0 0 0
#Transform 93
Transform: MatrixOffsetTransformBase_double_3_3
Parameters: 0.9999984221805965 -0.00026163541723962964 -0.0018639977945435968 0.0002693539955288156 0.9999924492271884 0.003929334082878641 0.001862823179141132 -0.0039305157372612615 0.9999901542071308 0.1078129255006246 0.008965758688944447 -0.339868216654736
FixedParameters: 0 0 0
#Transform 94
Transform: MatrixOffsetTransformBase_double_3_3
Parameters: 0.9999986563785398 -0.0003761259321437725 -0.0017799303658673632 0.0003826344069553381 0.9999925523937039 0.0037936455919933554 0.001777970974635737 -0.003793989836342909 0.9999913877810571 0.1274323533804136 0.07876602637985286 -0.37848106377850854
FixedParameters: 0 0 0
#Transform 95
Transform: MatrixOffsetTransformBase_double_3_3
Parameters: 0.9999986831140902 -0.00036006142564682774 -0.001757587103488438 0.00036709121208963486 0.9999922848064698 0.003957068615903711 0.0017566145610794434 -0.003957552091729502 0.9999902721037697 0.10369203651099212 0.0361297212276952 -0.3407741423956736
FixedParameters: 0 0 0
#Transform 96
Transform: MatrixOffsetTransformBase_double_3_3
Parameters: 0.9999962897150684 -0.0008034370458024154 -0.0024299690654382144 0.0008127741410343149 0.9999925901470079 0.003735274978860642 0.0024270549047249942 -0.0037370901699617515 0.9999901003860064 0.1332301028494811 0.09736743818062621 -0.3896675989166454
FixedParameters: 0 0 0
#Transform 97
Transform: MatrixOffsetTransformBase_double_3_3
Parameters: 0.9999973779556752 -0.0006375429507705322 -0.0020285760048389598 0.0006437460156719001 0.9999936599123506 0.0034818135492234586 0.0020262633929498605 -0.003482479209865663 0.9999916695967789 0.11380106511498411 0.09295739793086 -0.3428836283148513
FixedParameters: 0 0 0
#Transform 98
Transform: MatrixOffsetTransformBase_double_3_3
Parameters: 0.9999955812550607 -0.000966340582191345 -0.002884783088471496 0.0009770616849499635 0.9999923846429456 0.0037384053388619665 0.0028809970141221233 -0.0037408210972216666 0.999988553890273 0.1562354558366934 0.07593238182728612 -0.3692737326530704
FixedParameters: 0 0 0
#Transform 99
Transform: MatrixOffsetTransformBase_double_3_3
Parameters: 0.9999975835076085 -0.0008014229732211378 -0.0021461964905580833 0.0008084616253275414 0.9999936015694877 0.0034556940040753326 0.002143890570588912 -0.0034572003183752503 0.9999914224323204 0.12086643322530222 0.06923892177070456 -0.3273313576970196
FixedParameters: 0 0 0
#Transform 100
Transform: MatrixOffsetTransformBase_double_3_3
Parameters: 0.9999979839549089 -0.0004734231229303167 -0.00192210986622008 0.0004799558609064518 0.9999928102652174 0.003747316538277201 0.0019205550619036185 -0.0037481894919593334 0.9999912768245692 0.13230439176813036 0.02529816861481038 -0.3890036879834611
FixedParameters: 0 0 0
#Transform 101
Transform: MatrixOffsetTransformBase_double_3_3
Parameters: 0.9999975124502948 -0.0002852754723581931 -0.0020907646706873617 0.00029316312639435845 0.9999925888507198 0.0037958966137637967 0.0020896013167083297 -0.0037961608842577016 0.9999901738049234 0.11577903296682734 0.04900151299678157 -0.34685743444357797
FixedParameters: 0 0 0
#Transform 102
Transform: MatrixOffsetTransformBase_double_3_3
Parameters: 0.9999980297684627 -0.00036411707946114747 -0.0019502676947230554 0.00037083906811666116 0.999992732561874 0.0037545690056328684 0.0019485330467986714 -0.0037560293323845584 0.999991162566501 0.1292688423924062 0.03265094933306045 -0.36796476042992765
FixedParameters: 0 0 0
#Transform 103
Transform: MatrixOffsetTransformBase_double_3_3
Parameters: 0.99999790388435 -0.000694389462686241 -0.001859673079009326 0.0007013528643109073 0.9999918620639814 0.003980538656459184 0.0018570041963303988 -0.003981188089836413 0.9999906584372126 0.11936208440874907 0.08210835531670568 -0.3528165656085349
FixedParameters: 0 0 0
#Transform 104
Transform: MatrixOffsetTransformBase_double_3_3
Parameters: 0.999997728035008 -0.0006665682504961605 -0.001917244763723007 0.0006750404251608614 0.9999906325829776 0.004241988168699862 0.0019143091652318658 -0.004243587318460043 0.9999893962783888 0.11311494936992972 0.031558607029055 -0.36651306927880967
FixedParameters: 0 0 0
#Transform 105
Transform: MatrixOffsetTransformBase_double_3_3
Parameters: 0.9999978036735061 -0.0006962305160208198 -0.001900358103186034 0.0007026913991546183 0.9999932931598766 0.003507433632194343 0.0018974790701530644 -0.0035090696149548684 0.9999920970909806 0.11071349861492763 0.09835753707872641 -0.31153499745602176
FixedParameters: 0 0 0
#Transform 106
Transform: MatrixOffsetTransformBase_double_3_3
Parameters: 0.9999976780808233 -0.0005924604434381937 -0.001968335408459386 0.000599395645723963 0.9999925689854976 0.00376215537849256 0.0019658688495992963 -0.0037635410825703763 0.9999909854678526 0.10299718212452547 0.04100800345027267 -0.31570040233914654
FixedParameters: 0 0 0
#Transform 107
Transform: MatrixOffsetTransformBase_double_3_3
Parameters: 0.9999977164241259 -0.0006333939308342086 -0.0019457086909749621 0.0006411439040125777 0.9999925346565229 0.003760839757384518 0.0019428194365014445 -0.0037622982181270276 0.9999910773853918 0.11383182335913489 0.1163786275059806 -0.36077398043155995
FixedParameters: 0 0 0
#Transform 108
Transform: MatrixOffsetTransformBase_double_3_3
Parameters: 0.9999969352999656 -0.000809302092078701 -0.002304353026162151 0.0008173421057970321 0.9999935417309184 0.003464074948453119 0.002300865930447926 -0.003465663049739054 0.9999915851675936 0.09441415509955675 0.06435558337466318 -0.2890916331177067
FixedParameters: 0 0 0
#Transform 109
Transform: MatrixOffsetTransformBase_double_3_3
Parameters: 0.9999967869857814 -0.0008579992429489083 -0.0023051038337238913 0.0008659333720417942 0.9999932608287281 0.003630158461336075 0.0023020919158065548 -0.003632244416706343 0.9999904816562835 0.10991239885906623 0.08435867027671407 -0.3161964422790078
FixedParameters: 0 0 0
#Transform 110
Transform: MatrixOffsetTransformBase_double_3_3
Parameters: 0.9999975651732682 -0.0011606595217654135 -0.0019793833584709764 0.0011665229966405736 0.9999946201708836 0.003212971182287805 0.0019751801951974485 -0.0032148170777282215 0.9999926291388546 0.0894382328176846 0.08890290345530616 -0.268605482504384
FixedParameters: 0 0 0
#Transform 111
Transform: MatrixOffsetTransformBase_double_3_3
Parameters: 0.9999979774858075 -0.0006204856073991662 -0.0021289759546547007 0.0006271355182676849 0.999994115192448 0.003418908535994414 0.0021269827576662834 -0.003419630517980013 0.999991689517603 0.10548756017833227 0.029785747600385548 -0.2831802974820903
FixedParameters: 0 0 0
#Transform 112
Transform: MatrixOffsetTransformBase_double_3_3
Parameters: 0.9999979847100533 -0.001315116738333729 -0.0017456500330897198 0.0013209477033001172 0.9999943949652762 0.0030108862570838446 0.0017418618247505152 -0.0030135632087123637 0.9999939174384082 0.07427680496944333 0.0912843266629153 -0.24072022644473634
FixedParameters: 0 0 0
#Transform 113
Transform: MatrixOffsetTransformBase_double_3_3
Parameters: 0.9999993361626304 -0.0005832898586313846 -0.0004720781569804017 0.0005846185160422301 0.9999939659469039 0.0034342158185430155 0.0004695302260931261 -0.003433892067371963 0.99999398704284 0.02516857298768116 0.007694658633894846 -0.29679709103626806
FixedParameters: 0 0 0
#Transform 114
Transform: MatrixOffsetTransformBase_double_3_3
Parameters: 0.9999983619464984 -0.0011914722960483792 -0.0009645241880835986 0.0011950996782643056 0.9999926149198127 0.003761104439751195 0.00096020077031541 -0.0037618600646105033 0.9999920253542673 0.02308981984623415 0.08884737992218561 -0.3464632695021237
