#Insight Transform File V1.0
#Transform 0
Transform: MatrixOffsetTransformBase_double_3_3
Parameters: 0.999996078427547 -0.001351510347600747 0.0024687058391653777 0.0013486610789621117 0.9999980194349762 0.0013265932758856902 -0.0024704544078571586 -0.0013234085745179869 0.9999965477318961 -0.09416917980308881 0.17078565116062805 -0.4157465822048465
FixedParameters: 0 0 0
#Transform 1
Transform: MatrixOffsetTransformBase_double_3_3
Parameters: 0.9999973242300836 -0.0014385120185754143 0.0016146317238134211 0.0014349699104177513 0.9999968967777685 0.0018722023764805862 -0.0016174148323452274 -0.0018697935113553554 0.9999964261639583 -0.12367031692735964 0.08535291606676765 -0.29142517199925067
FixedParameters: 0 0 0
#Transform 2
Transform: MatrixOffsetTransformBase_double_3_3
Parameters: 0.9999950597903046 -0.0016198660541057387 0.0027044798886076637 0.0016190203340041536 0.999998915536881 0.000519685166333772 -0.002705729954899786 -0.0005153164543481581 0.9999966086390084 -0.11498780628029692 0.1607233799406913 -0.4388734249591977
FixedParameters: 0 0 0
#Transform 3
Transform: MatrixOffsetTransformBase_double_3_3
Parameters: 0.9999970606675141 -0.0011738901209661936 0.002135461676595481 0.0011693733516874249 0.9999975117950752 0.002151178894072653 -0.0021384575079373136 -0.0021488224669752587 0.9999953038453809 -0.0939939439628148 0.12916246834464573 -0.349759655268592
FixedParameters: 0 0 0
#Transform 4
Transform: MatrixOffsetTransformBase_double_3_3
Parameters: 0.9999974425198666 -0.0011870499399419861 0.0020365982568754776 0.001183578231822307 0.9999978015921177 0.0017600446868134278 -0.002038937848289184 -0.0017569556917921836 0.9999964562693955 -0.09656385177014215 0.10309842571190586 -0.27705231762418947
FixedParameters: 0 0 0
#Transform 5
Transform: MatrixOffsetTransformBase_double_3_3
Parameters: 0.9999968526925672 -0.0011577915070196624 0.002192235859294357 0.001152912161179687 0.9999974328494249 0.0021782090350315753 -0.0021952240762012926 -0.0021757910054739926 0.9999949411595587 -0.09740510388441237 0.14118902315881598 -0.31020785336699674
FixedParameters: 0 0 0
#Transform 6
Transform: MatrixOffsetTransformBase_double_3_3
Parameters: 0.9999971874288273 -0.0008805909172340591 0.002008830887650634 0.0008780777322510785 0.9999980190349251 0.0015981887793429517 -0.002010788246327199 -0.001596812269807707 0.9999970643704714 -0.11508708092031839 0.14960305434328802 -0.26013043341743725
FixedParameters: 0 0 0
#Transform 7
Transform: MatrixOffsetTransformBase_double_3_3
Parameters: 0.9999977023001381 -0.0004615673229529874 0.0020210335141147085 0.00045878474953160996 0.9999981853434525 0.0016553065365743358 -0.0020217045806435667 -0.0016546950138448258 0.9999970388948302 -0.11487026478170037 0.06806088784549047 -0.2453039910877166
FixedParameters: 0 0 0
#Transform 8
Transform: MatrixOffsetTransformBase_double_3_3
Parameters: 0.9999960017458337 0.00027227838210378973 0.0026315212710525827 -0.0002752325398739778 0.9999986290908378 0.0013445194408042427 -0.002630910073818672 -0.0013444812030081188 0.9999957572859094 -0.1285615778381981 0.12647624048781836 -0.28534853551770567
FixedParameters: 0 0 0
#Transform 9
Transform: MatrixOffsetTransformBase_double_3_3
Parameters: 0.9999930884006525 -0.001796314653553823 0.003269112924027376 0.0017894837072668726 0.9999960961508042 0.0021447532204710296 -0.003272156568584458 -0.0021382507350916624 0.9999928201548772 -0.13848331235809042 0.13373735810627352 -0.3625769179457521
FixedParameters: 0 0 0
#Transform 10
Transform: MatrixOffsetTransformBase_double_3_3
Parameters: 0.9999864128810771 -0.0033010504525711527 -0.0039610983763455395 0.003283295845828791 0.999984574600445 -0.004450029980442555 0.003975751896605501 0.004436969117666806 0.9999823484426693 -0.018538019284150664 0.18311656932530695 -0.2734064146579982
FixedParameters: 0 0 0
#Transform 11
Transform: MatrixOffsetTransformBase_double_3_3
Parameters: 0.9999984522784181 -0.001190364471752236 -0.0010630840648501285 0.001190173094759227 0.9999989532708464 -0.0006503116605903747 0.0010638662202088127 0.0006486892549268375 0.999999655306042 -0.07270985261611429 0.06276586249371974 -0.22362724951644708
FixedParameters: 0 0 0
#Transform 12
Transform: MatrixOffsetTransformBase_double_3_3
Parameters: 0.9999998103488473 -0.0008074675083701816 -0.0007329726472606476 0.0008057538796609592 0.9999972307402376 -0.0019776361494902306 0.000735398788467184 0.0019773609893690147 0.9999977585919205 -0.08453351442567225 0.1636049817867189 -0.3812032628046609
FixedParameters: 0 0 0
#Transform 13
Transform: MatrixOffsetTransformBase_double_3_3
Parameters: 0.9999995217560194 -0.00068706136531752 -0.00007868231176888007 0.0006871775271685734 0.9999999304317343 0.0007431544026779979 0.00007766125628091037 -0.0007428455523033339 0.9999994872262933 -0.08676014722476566 0.13395485144771158 -0.3315073113133522
FixedParameters: 0 0 0
#Transform 14
Transform: MatrixOffsetTransformBase_double_3_3
Parameters: 0.999998964584528 -0.0014252276183189777 0.00006715811988351555 0.0014249394980179037 0.9999988221987085 0.0005563496012656877 -0.00006776718537683648 -0.0005566502796340023 0.9999995230012038 -0.11449086707307288 0.11044646060443597 -0.3341752546654604
FixedParameters: 0 0 0
#Transform 15
Transform: MatrixOffsetTransformBase_double_3_3
Parameters: 0.999996718130292 -0.0019589962107217826 0.0015631595462388991 0.0019606382050253632 0.9999977543241751 -0.0010128020691089201 -0.0015615632143432105 0.0010161982647119983 0.999997905381717 -0.14033111216009786 0.2320246057629589 -0.3693929059842773
FixedParameters: 0 0 0
#Transform 16
Transform: MatrixOffsetTransformBase_double_3_3
Parameters: 0.9999964004683364 -0.001529685670182312 0.0022929395987785375 0.001527873020034857 0.9999985412079839 0.0008229732187594319 -0.002295023796954348 -0.0008190265400176144 0.9999975111760505 -0.1411486873416834 0.11360906244354396 -0.31091850333386617
FixedParameters: 0 0 0
#Transform 17
Transform: MatrixOffsetTransformBase_double_3_3
Parameters: 0.9999963065676192 -0.0017188770054234151 0.001933767323562801 0.0017231584408498538 0.9999967151836583 -0.002007955898544078 -0.0019296567410185016 0.00201104467942842 0.9999965151807455 -0.13551991111260975 0.21632928127226592 -0.41119363611851867
FixedParameters: 0 0 0
#Transform 18
Transform: MatrixOffsetTransformBase_double_3_3
Parameters: 0.9999961440522056 -0.0018717585368729288 0.0018303901963850162 0.0018696785259595108 0.9999974554047437 0.0013113545533686155 -0.0018336734763338652 -0.0013076440978430637 0.9999972590612828 -0.13459855800427079 0.10212326454605147 -0.3997230731951902
FixedParameters: 0 0 0
#Transform 19
Transform: MatrixOffsetTransformBase_double_3_3
Parameters: 0.9999978699899195 -0.0015824116078490499 0.0016208579586232126 0.001583465995690158 0.9999985628387182 -0.0006255524333980411 -0.001619085977062787 0.0006284463225925963 0.9999985208927615 -0.12719386785131803 0.14177513156560906 -0.481921365187695
FixedParameters: 0 0 0
#Transform 20
Transform: MatrixOffsetTransformBase_double_3_3
Parameters: 0.9999960714191717 -0.0023525575136327647 0.0018425956658221173 0.002354812868884535 0.9999966208696882 -0.001290485088066562 -0.001839102196150687 0.0012955137302227415 0.9999971068442884 -0.141346331368581 0.19275545963682816 -0.43217265389271375
FixedParameters: 0 0 0
#Transform 21
Transform: MatrixOffsetTransformBase_double_3_3
Parameters: 0.999995272725287 -0.002057041804853322 0.002344256921630504 0.0020546127487984698 0.9999969519421449 0.0008913773993925733 -0.0023465090782251712 -0.0008866197583060342 0.9999967401398006 -0.12020256927473838 0.11627661999327188 -0.39902655319136926
FixedParameters: 0 0 0
#Transform 22
Transform: MatrixOffsetTransformBase_double_3_3
Parameters: 0.9999957283923024 -0.002198387515419283 0.0018544176037349046 0.002201820154313187 0.9999957649922744 -0.0018069502471407817 -0.0018502408565568317 0.0018110476913169304 0.9999964184229351 -0.1482442695023991 0.18575623858099277 -0.4463683165582992
FixedParameters: 0 0 0
#Transform 23
Transform: MatrixOffsetTransformBase_double_3_3
Parameters: 0.9999956558860084 -0.0022270534419903606 0.0020940672802788308 0.0022264352586153485 0.9999978106414019 0.0003326373161871843 -0.002094346853026234 -0.00032736399481006484 0.9999976274438718 -0.1263113699188949 0.12436794814740892 -0.4059555508094732
FixedParameters: 0 0 0
#Transform 24
Transform: MatrixOffsetTransformBase_double_3_3
Parameters: 0.9999966522912593 -0.0016272972236869628 0.0021676451989388655 0.0016244368213542122 0.99999725516975 0.001287991851983361 -0.0021702107985173188 -0.0012840063791275946 0.9999970895247674 -0.1255734895812708 0.14934977969213037 -0.3972332087743453
FixedParameters: 0 0 0
#Transform 25
Transform: MatrixOffsetTransformBase_double_3_3
Parameters: 0.9999961388499496 -0.002049801990424073 0.001912830439244409 0.0020527391915125736 0.9999968263295841 -0.0016211525254719583 -0.0019099531957845117 0.0016258501290730698 0.9999970409981151 -0.1320147338874591 0.205900689873161 -0.4461362760625107
FixedParameters: 0 0 0
#Transform 26
Transform: MatrixOffsetTransformBase_double_3_3
Parameters: 0.9999963117066589 -0.0018518621528765705 0.001805431379133882 0.0018538972630969444 0.99999814147429 -0.001044728987809218 -0.001802956394788956 0.0010482709274220459 0.9999979799037853 -0.13226841400899048 0.11227321413944935 -0.45855496464835
FixedParameters: 0 0 0
#Transform 27
Transform: MatrixOffsetTransformBase_double_3_3
Parameters: 0.9999985996808013 -0.0016365157609746364 0.0008495199263833075 0.0016387916453678923 0.9999951346039554 -0.002568520639893268 -0.0008456529099954429 0.0025694782926137527 0.9999962655246482 -0.12202217915165647 0.2126218483191593 -0.4471216805493867
FixedParameters: 0 0 0
#Transform 28
Transform: MatrixOffsetTransformBase_double_3_3
Parameters: 0.9999976870263981 -0.0014202734658108269 0.0015157760848342754 0.0014187597826674657 0.999999262590417 0.00043003435442806603 -0.0015160169814176512 -0.00042796542512699154 0.9999990563538605 -0.11020109948819368 0.10456100969271631 -0.46399477845997694
FixedParameters: 0 0 0
#Transform 29
Transform: MatrixOffsetTransformBase_double_3_3
Parameters: 0.999996180441863 -0.0017940810679114437 0.001897595765472903 0.001798903937897518 0.9999957183472081 -0.0023906662257419387 -0.001892995804735915 0.0023943320449826 0.9999950139504032 -0.13545944843701818 0.16367142106830102 -0.457153912658363
FixedParameters: 0 0 0
#Transform 30
Transform: MatrixOffsetTransformBase_double_3_3
Parameters: 0.9999963508466667 -0.0020043641303058805 0.0019059320795487935 0.0020078856556916685 0.9999957371762809 -0.0020384156790697328 -0.0019017433485394172 0.0020415848740197584 0.9999962904449248 -0.13498976442227217 0.1387527968649067 -0.42902101347230115
FixedParameters: 0 0 0
#Transform 31
Transform: MatrixOffsetTransformBase_double_3_3
Parameters: 0.9999984580906892 -0.000326385881619424 -0.001853755158709862 0.00032587257764687765 0.999999565125097 -0.00046006657238384374 0.0018532908630141823 0.00045893427156756816 0.999998470684558 -0.05752343912783431 0.14050982869770223 -0.4821938702453963
FixedParameters: 0 0 0
#Transform 32
Transform: MatrixOffsetTransformBase_double_3_3
Parameters: 0.9999978839845421 -0.0014093728027109484 0.001063143592064284 0.0014115942716479252 0.9999955286867871 -0.0025854572697894818 -0.0010596303935337878 0.0025875421936972787 0.9999959753017339 -0.13809746936733802 0.21175627525146012 -0.4773778249222218
FixedParameters: 0 0 0
#Transform 33
Transform: MatrixOffsetTransformBase_double_3_3
Parameters: 0.9999972182743876 0.0009066854620547553 0.001989789084747089 -0.0008992348375656676 0.9999919526857549 -0.003856096431082673 -0.0019933569401336514 0.0038539019997521906 0.9999905433986964 -0.15805218516315733 0.15788413486752972 -0.4756035390437532
FixedParameters: 0 0 0
#Transform 34
Transform: MatrixOffsetTransformBase_double_3_3
Parameters: 0.9999963218690072 -0.001202577585796961 -0.002496137388009637 0.001190511319563785 0.99998672192237 -0.004906375766322996 0.002502402565185681 0.004903615429415892 0.9999844815584528 -0.08261579962145049 0.16917047970716226 -0.39183102073749865
FixedParameters: 0 0 0
#Transform 35
Transform: MatrixOffsetTransformBase_double_3_3
Parameters: 0.9999955863193026 -0.0018962695398171796 -0.0024121539886672945 0.001887447896058949 0.9999904949842402 -0.0038877534065533403 0.0024187876264227504 0.003882250860051756 0.9999899046840538 -0.12066610903981712 0.18639216056861585 -0.4605789214293523
FixedParameters: 0 0 0
#Transform 36
Transform: MatrixOffsetTransformBase_double_3_3
Parameters: 0.9999922945500501 -0.0003024175212718546 -0.003822433152531819 0.00028606635124959557 0.9999909145818417 -0.0042945563017574295 0.0038244604457330035 0.004293445521239059 0.999983502782724 -0.01602680411866686 0.20569377932656607 -0.5099869279967564
FixedParameters: 0 0 0
#Transform 37
Transform: MatrixOffsetTransformBase_double_3_3
Parameters: 0.99999753380424 -0.0007074482252700078 -0.0019910846647700343 0.0007020352149359848 0.9999951923251501 -0.0029907028692370274 0.001993646091490519 0.002989296858941032 0.9999934612199363 -0.058257566881863454 0.13060091504949867 -0.557861248049285
FixedParameters: 0 0 0
#Transform 38
Transform: MatrixOffsetTransformBase_double_3_3
Parameters: 0.9999978028531492 -0.0004248152637578665 -0.002239764396076924 0.0004115684482380254 0.9999827548330493 -0.005809441947594918 0.00224229414139748 0.005808553508842934 0.9999805584273745 -0.06302859337287714 0.2141417765526228 -0.5408779214758681
FixedParameters: 0 0 0
#Transform 39
Transform: MatrixOffsetTransformBase_double_3_3
Parameters: 0.9999978041929602 -0.00041070570691217743 -0.0022422470399843276 0.0004012903321169549 0.9999904555769467 -0.00424941509506363 0.002243706326615291 0.0042485797302417305 0.9999882404262004 -0.07029826716838272 0.15399442024445875 -0.5466821641517257
FixedParameters: 0 0 0
#Transform 40
Transform: MatrixOffsetTransformBase_double_3_3
Parameters: 0.999998097024072 0.00009969325716886301 -0.0017009689377350304 -0.00011168184185079455 0.9999744963067053 -0.00709728320902267 0.0017000709542949566 0.00709771937353626 0.9999738503447482 -0.1143001849586085 0.19393853868740507 -0.5363844831708775
FixedParameters: 0 0 0
#Transform 41
Transform: MatrixOffsetTransformBase_double_3_3
Parameters: 0.9999969292007481 -0.0006593622058710162 -0.0023740852017516112 0.0006409308520714574 0.9999695842519845 -0.00777610156242009 0.002379023910608875 0.007774906483160038 0.9999674260748059 -0.055419705578827916 0.14716548510958205 -0.4861051925633575
FixedParameters: 0 0 0
#Transform 42
Transform: MatrixOffsetTransformBase_double_3_3
Parameters: 0.9999898045654708 -0.0017766071386695831 -0.004127600090288351 0.001754751146047853 0.9999848390894426 -0.0052293264521939 0.0041373994338123115 0.005221667235509098 0.999977353160236 -0.024942548753898564 0.14615369204439332 -0.4988088727247728
FixedParameters: 0 0 0
#Transform 43
Transform: MatrixOffsetTransformBase_double_3_3
Parameters: 0.9999712219265097 -0.00392566388150307 -0.006432026877454031 0.003881567082605699 0.999969757116877 -0.006740846986766302 0.006458027822207155 0.006715153939614055 0.9999569305258547 -0.0077292185238917455 0.16681767190223695 -0.3671383673996047
FixedParameters: 0 0 0
#Transform 44
Transform: MatrixOffsetTransformBase_double_3_3
Parameters: 0.9999757672837689 -0.003331521943940183 -0.0060939220292363675 0.0032927712773859123 0.9999742597157143 -0.006331139833835403 0.006114490826042558 0.00631085946242449 0.9999615957287813 -0.0041484027978384574 0.22442403701448654 -0.40595043059678915
FixedParameters: 0 0 0
#Transform 45
Transform: MatrixOffsetTransformBase_double_3_3
Parameters: 0.9999766692584966 -0.0031048033081273294 -0.0060570274170332 0.003070455842016451 0.9999787735508918 -0.005677812153435546 0.006074974418989189 0.005659183329587425 0.9999656306882405 -0.004336984064906346 0.13463405694750463 -0.4705441891081108
FixedParameters: 0 0 0
#Transform 46
Transform: MatrixOffsetTransformBase_double_3_3
Parameters: 0.9999780681911954 -0.0032894342717713922 -0.005666584636811852 0.0032529160265561455 0.999973734777031 -0.006417981898906383 0.005687762136478498 0.006400009707200255 0.9999631811807331 -0.04094097574794375 0.19657154541123134 -0.47360103897670314
FixedParameters: 0 0 0
#Transform 47
Transform: MatrixOffsetTransformBase_double_3_3
Parameters: 0.9999762924926311 -0.0029930349500041477 -0.006144440772644354 0.0029502756337084356 0.9999718362246128 -0.0069395413846895515 0.006164199693950033 0.0069204690231056964 0.9999574041214294 -0.015565862556258026 0.19406082957212334 -0.45865136042486654
FixedParameters: 0 0 0
#Transform 48
Transform: MatrixOffsetTransformBase_double_3_3
Parameters: 0.9999782800786574 -0.0027880971091065066 -0.005995640448506096 0.0027486801523740724 0.9999748627530791 -0.006517822897313813 0.006013522745716012 0.006501172457490212 0.9999606683512215 -0.023962704680727143 0.13075961688203108 -0.46304174588484415
FixedParameters: 0 0 0
#Transform 49
Transform: MatrixOffsetTransformBase_double_3_3
Parameters: 0.9999788942865652 -0.0028472453013652847 -0.005915712346349918 0.002798898845776888 0.9999630391875525 -0.008122723002709442 0.00593921107003174 0.008106267380605464 0.9999491613694171 -0.034657111088037595 0.18833829037613725 -0.4493917159589813
FixedParameters: 0 0 0
#Transform 50
Transform: MatrixOffsetTransformBase_double_3_3
Parameters: 0.9999771365769599 -0.0027859962848942733 -0.0060912675182142 0.0027425505975198477 0.999971882554031 -0.00702011311125339 0.006110559468772871 0.007003888679729953 0.9999569154107225 -0.03719136374567711 0.1321027888297408 -0.4546945976965233
FixedParameters: 0 0 0
#Transform 51
Transform: MatrixOffsetTransformBase_double_3_3
Parameters: 0.9999772175865669 -0.003079357807807822 -0.005941557275402741 0.003035882421152141 0.9999688362604559 -0.007252240408639504 0.005963444795914433 0.007233760360977032 0.9999564566718101 -0.028923356083382146 0.1466048488322116 -0.47252814011851996
FixedParameters: 0 0 0
#Transform 52
Transform: MatrixOffsetTransformBase_double_3_3
Parameters: 0.9999775585440943 -0.0023973051410028133 -0.006299964907737753 0.0023472860440520936 0.9999651756099415 -0.008021796703345463 0.006319456584373666 0.00800720636739738 0.9999479149666066 -0.016716356576253588 0.19539256117550963 -0.41500151863363755
FixedParameters: 0 0 0
#Transform 53
Transform: MatrixOffsetTransformBase_double_3_3
Parameters: 0.9999802919883474 -0.0026134405849867937 -0.005646102516639072 0.0025731287984741003 0.9999694835105152 -0.007294777048322321 0.005664425386297657 0.0072802227996700275 0.9999575907285533 -0.02933002191906553 0.13500513981865936 -0.4490681866354933
FixedParameters: 0 0 0
#Transform 54
Transform: MatrixOffsetTransformBase_double_3_3
Parameters: 0.9999816376620817 -0.0026181021138546355 -0.00552298593426585 0.0025744314968267723 0.9999645833048598 -0.007954218045245626 0.0055442259349272015 0.007939768760422516 0.9999527416701386 -0.03262957870667549 0.2184763696438523 -0.464091045477808
FixedParameters: 0 0 0
#Transform 55
Transform: MatrixOffsetTransformBase_double_3_3
Parameters: 0.9999813484579319 -0.002957555112449086 -0.005282527261013172 0.002916840906692422 0.9999664408941683 -0.007706785728218979 0.005304923004055739 0.00769122127291022 0.9999563554648057 -0.044622152703837514 0.15728561091239612 -0.46789087125850415
FixedParameters: 0 0 0
#Transform 56
Transform: MatrixOffsetTransformBase_double_3_3
Parameters: 0.9999797243127988 -0.002362431706670257 -0.00597447253134713 0.002318919276873775 0.9999708788988013 -0.007290534403821963 0.0059914749812307756 0.007276470634893423 0.9999557441306816 -0.021156530422146602 0.17122591843111934 -0.46218503836423963
FixedParameters: 0 0 0
#Transform 57
Transform: MatrixOffsetTransformBase_double_3_3
Parameters: 0.9999788640590064 -0.002463676347487967 -0.006005584746597721 0.0024120939124301173 0.9999611293298789 -0.008497028377169674 0.006026279177811606 0.008482966040619044 0.9999455704602631 -0.027809304379005084 0.21596742953443027 -0.4619649940245054
FixedParameters: 0 0 0
#Transform 58
Transform: MatrixOffsetTransformBase_double_3_3
Parameters: 0.9999809043752312 -0.0029664475451954683 -0.005503918385132614 0.002923820015891162 0.9999653903035343 -0.007747772419456567 0.005527103909057101 0.007732219711072769 0.9999546959671236 -0.05249997538085438 0.15137329076358697 -0.468852187312649
FixedParameters: 0 0 0
#Transform 59
Transform: MatrixOffsetTransformBase_double_3_3
Parameters: 0.9999824290021486 -0.0031194623320062106 -0.005083104640259047 0.003079939059257033 0.9999647397845879 -0.007814821692387758 0.005107482144332368 0.00779918318352274 0.9999567877399854 -0.04690972779295066 0.16431682350822996 -0.47089017030416613
FixedParameters: 0 0 0
#Transform 60
Transform: MatrixOffsetTransformBase_double_3_3
Parameters: 0.9999771741914457 -0.0028201634989271536 -0.006072286666616263 0.002768989325937522 0.9999610858722259 -0.008422256731981104 0.00609568200969088 0.00840575699759244 0.9999464933190465 -0.0379785273614317 0.20288188579401378 -0.45749853272172203
FixedParameters: 0 0 0
#Transform 61
Transform: MatrixOffsetTransformBase_double_3_3
Parameters: 0.9999725164577686 -0.002911620871436862 -0.006782323751123436 0.0028615046493901475 0.9999689554293733 -0.0074206238255984935 0.006804404700845697 0.007400388196442037 0.999949726915369 -0.039853089922260665 0.12455328790420594 -0.4775579301163333
FixedParameters: 0 0 0
#Transform 62
Transform: MatrixOffsetTransformBase_double_3_3
Parameters: 0.9999403317453901 -0.005162722822401214 -0.00959218603175704 0.005102128075698403 0.9999665510350269 -0.006371079964758691 0.00962465814153494 0.006321929185367087 0.9999342213268003 -0.0005072210686307699 0.22267870564884618 -0.602001384995738
FixedParameters: 0 0 0
#Transform 63
Transform: MatrixOffsetTransformBase_double_3_3
Parameters: 0.9999468968719634 -0.005262685321980851 -0.00885500345360599 0.005199995737401946 0.9999610706818463 -0.007073653675625957 0.008891211818455924 0.007027337974501363 0.9999354032758972 -0.01834041743479986 0.14360288623863937 -0.5173615485145788
FixedParameters: 0 0 0
#Transform 64
Transform: MatrixOffsetTransformBase_double_3_3
Parameters: 0.9999647377906602 -0.0035646619280061565 -0.007652072054150069 0.0034953643449405864 0.999952919428672 -0.009056744465887251 0.007683972626145678 0.00903026651589181 0.9999302422196598 -0.03174863453757837 0.11351966250029477 -0.5130712225897511
FixedParameters: 0 0 0
#Transform 65
Transform: MatrixOffsetTransformBase_double_3_3
Parameters: 0.9999688285463647 -0.003349096815987403 -0.00720839603160941 0.003287166224160592 0.9999582919998043 -0.008489194234162889 0.007235885280412974 0.008464795195783859 0.9999378127263129 -0.04550323863075789 0.20024188210484795 -0.5236700280634068
FixedParameters: 0 0 0
#Transform 66
Transform: MatrixOffsetTransformBase_double_3_3
Parameters: 0.9999708700915582 -0.003494197787333876 -0.006776365651530695 0.0034422007433583812 0.9999650598505911 -0.00757110896103147 0.006803002599193463 0.007547881831173303 0.9999485149363434 -0.04422913419642782 0.17989959740235406 -0.5060090512723718
FixedParameters: 0 0 0
#Transform 67
Transform: MatrixOffsetTransformBase_double_3_3
Parameters: 0.9999799085723448 -0.0020714078259555643 -0.00598335126576093 0.0020062037467906907 0.999940141111359 -0.010792916649321471 0.006005497373970383 0.010781092540445958 0.9999240395212446 -0.047944917437916956 0.3272032516550354 -0.6462577606664794
FixedParameters: 0 0 0
#Transform 68
Transform: MatrixOffsetTransformBase_double_3_3
Parameters: 0.9999897130242679 0.0014611167885074756 -0.0042604938078417715 -0.001500197769132686 0.9999564582483278 -0.009173688753248754 0.004246936584192665 0.009180304444642712 0.9999488157797659 -0.004543473773551909 0.28988760010581416 -0.720311866343259
FixedParameters: 0 0 0
#Transform 69
Transform: MatrixOffsetTransformBase_double_3_3
Parameters: 0.9999863588955634 0.002375148308594423 -0.004582707871554358 -0.0024239816259533356 0.9999413530890321 -0.010570002486358032 0.004556709101966438 0.01058099021362957 0.9999333157387639 0.031141252442608902 -0.05664716690087346 -0.49546165892694916
FixedParameters: 0 0 0
#Transform 70
Transform: MatrixOffsetTransformBase_double_3_3
Parameters: 0.9999776459500102 -0.0013021490816976136 -0.006531549546646754 0.001204683937002005 0.9998895178356376 -0.014811038604515103 0.006549738599487685 0.014802944870873525 0.9998686049607824 -0.030467840976001526 -0.11285221666857126 -0.4155661713496386
FixedParameters: 0 0 0
#Transform 71
Transform: MatrixOffsetTransformBase_double_3_3
Parameters: 0.9999773830170089 -0.0009066152682263417 -0.006617663173609236 0.0008316225229223657 0.9999370512260745 -0.011229934817493403 0.0066276652338128 0.011224075135838257 0.9999152298649115 -0.011460387438361863 -0.0679739704632425 -0.4912035633272751
FixedParameters: 0 0 0
#Transform 72
Transform: MatrixOffsetTransformBase_double_3_3
Parameters: 0.9999833799155967 0.00012615804522449095 -0.005709801765084976 -0.00018748624332712963 0.9999426990350981 -0.010709498336314155 0.005708476863436402 0.010710500292134162 0.9999262642452131 0.019430512950478374 0.11085270531707181 -0.41577557781540264
FixedParameters: 0 0 0
#Transform 73
Transform: MatrixOffsetTransformBase_double_3_3
Parameters: 0.9999842444974101 0.00006686188057750662 -0.005634483630875472 -0.00012611751708272324 0.9999452283267435 -0.01049464197465913 0.005634066543483913 0.010495356836300318 0.9999287183180419 0.010629803254644798 0.16979019185046695 -0.3867833425032501
FixedParameters: 0 0 0
#Transform 74
Transform: MatrixOffsetTransformBase_double_3_3
Parameters: 0.9999857229881781 0.00035062776066981983 -0.0053995640238250426 -0.00040337338669370495 0.9999516140117508 -0.009839111987148458 0.005395618267299022 0.009841900219395655 0.9999374318697243 0.033065043174744346 0.24888476310796648 -0.37729396483159405
FixedParameters: 0 0 0
#Transform 75
Transform: MatrixOffsetTransformBase_double_3_3
Parameters: 0.9999864526188487 0.0008912988438675487 -0.005074839164284985 -0.0009400007510936887 0.9999540419322647 -0.009563109917418766 0.005065805738972552 0.009567893116429249 0.999941407676219 0.06285636657177918 0.267956224248195 -0.3653444092307083
FixedParameters: 0 0 0
#Transform 76
Transform: MatrixOffsetTransformBase_double_3_3
Parameters: 0.9999863053331027 0.0004218228806584176 -0.005245737881443074 -0.0004747471599774906 0.999950090241988 -0.010032495269461067 0.005240980126399248 0.010034512569057408 0.9999358663065429 0.00762028984762253 0.2761815255401814 -0.3717892213903795
FixedParameters: 0 0 0
#Transform 77
Transform: MatrixOffsetTransformBase_double_3_3
Parameters: 0.9999874246670424 -0.000007518720708919822 -0.005056839668374894 -0.000045015609234313634 0.9999477551555725 -0.010234632556756107 0.005057337016319629 0.010234373028407767 0.9999351726483502 -0.001301293003635351 0.21596003227807614 -0.3833559527396062
FixedParameters: 0 0 0
#Transform 78
Transform: MatrixOffsetTransformBase_double_3_3
Parameters: 0.9999858283642471 0.0006277392974690635 -0.00527054356022104 -0.0006784196177086115 0.9999527756394567 -0.00973240486242391 0.005264020700602273 0.00973660110216204 0.999938525861819 0.01721378807280871 0.1750510172467301 -0.38368175600842847
FixedParameters: 0 0 0
#Transform 79
Transform: MatrixOffsetTransformBase_double_3_3
Parameters: 0.9999866679999302 0.0004962137260084733 -0.005107190442790408 -0.0005516963896288667 0.9999393672950782 -0.011013174944555365 0.005101928306851297 0.011015840358727214 0.9999266531588354 -0.004087882511740304 0.16433662859280673 -0.4183307497671436
FixedParameters: 0 0 0
#Transform 80
Transform: MatrixOffsetTransformBase_double_3_3
Parameters: 0.999987726346541 0.0006235410874223059 -0.004988278923918257 -0.0006752268015043908 0.9999472919319508 -0.010265349396026496 0.0049819004336276885 0.010268647229802585 0.9999346049829773 0.015763512305952077 0.06969943122118138 -0.42286488206208617
FixedParameters: 0 0 0
#Transform 81
Transform: MatrixOffsetTransformBase_double_3_3
Parameters: 0.9999877546338795 0.0006011414359129905 -0.0049883277683270425 -0.0006585796044856827 0.999934532366135 -0.011452449810100018 0.004981155880971184 0.011455552597571972 0.9999218237454487 0.015219640860379968 0.14964775260912688 -0.4720602710290436
FixedParameters: 0 0 0
#Transform 82
Transform: MatrixOffsetTransformBase_double_3_3
Parameters: 0.9999857949661107 0.0006410538205348811 -0.005271505287911813 -0.0006963503654813577 0.9999450312548535 -0.01051927622296503 0.005265455556742202 0.010522729402245967 0.9999303730827818 0.002840461807693373 0.06284586350697907 -0.43857362262478716
FixedParameters: 0 0 0
#Transform 83
Transform: MatrixOffsetTransformBase_double_3_3
Parameters: 0.9999872533484724 0.0010787188349468504 -0.004958211113134703 -0.001125123176749822 0.9999555109770966 -0.009317240266206672 0.004947683154987227 0.009322744494129925 0.9999440128226975 0.038043758432621644 0.12645615440320057 -0.40701084945211363
FixedParameters: 0 0 0
#Transform 84
Transform: MatrixOffsetTransformBase_double_3_3
Parameters: 0.9999862786672432 0.0006859418210170034 -0.0051236166574332226 -0.0007361531424098534 0.9999524661488602 -0.00975515939984506 0.0051164841870142315 0.00975884769881119 0.9999394085474383 0.01476629803048013 0.17383512030917814 -0.4124968325398868
FixedParameters: 0 0 0
#Transform 85
Transform: MatrixOffsetTransformBase_double_3_3
Parameters: 0.9999875266087666 0.0010760443922366418 -0.004931163826775231 -0.0011192265035545868 0.999960890733636 -0.008743296053442595 0.004921336835673101 0.008748699181091918 0.9999496469848225 0.012522672837036453 0.16295035923369028 -0.41546614351641864
FixedParameters: 0 0 0
#Transform 86
Transform: MatrixOffsetTransformBase_double_3_3
Parameters: 0.9999880192360782 0.001156432814594119 -0.004652025644951551 -0.001202367767809785 0.9999505628042537 -0.009835969000700467 0.004640784436408096 0.009841024711520735 0.9999408585318821 0.014717410625991079 0.24359498793427292 -0.4223296554381264
FixedParameters: 0 0 0
#Transform 87
Transform: MatrixOffsetTransformBase_double_3_3
Parameters: 0.9999886627855176 0.0011943349394463176 -0.004680730398309819 -0.0012364726497119892 0.9999591082860749 -0.008950770600001712 0.00467008001822027 0.008956231333866777 0.999949220008769 0.006607114444008744 0.19214898106000078 -0.40998456374712333
FixedParameters: 0 0 0
#Transform 88
Transform: MatrixOffsetTransformBase_double_3_3
Parameters: 0.9999865591470986 0.0017783708787650664 -0.004927284600410288 -0.001826918035788233 0.9999501671134263 -0.009844660299896002 0.004909478884350572 0.009853344486477206 0.9999393803485296 0.03271384247237563 0.2244308242260047 -0.40824500474578684
FixedParameters: 0 0 0
#Transform 89
Transform: MatrixOffsetTransformBase_double_3_3
Parameters: 0.9999886075870352 0.001262341701965652 -0.004560350855502287 -0.0013041430349080563 0.9999576923708764 -0.009127402958334224 0.004549008398397128 0.009133604502210318 0.9999481786791188 0.007696983853250572 0.17661024364844025 -0.4135373273767158
FixedParameters: 0 0 0
#Transform 90
Transform: MatrixOffsetTransformBase_double_3_3
Parameters: 0.9999862431748588 0.002000435466462871 -0.004769933035269053 -0.0020485494997881763 0.99994825210919 -0.00995662639652456 0.004750019793162781 0.0099663585926128 0.9999385219995041 0.014644096328623846 0.181703837714835 -0.4517271345751226
FixedParameters: 0 0 0
#Transform 91
Transform: MatrixOffsetTransformBase_double_3_3
Parameters: 0.9999865646445885 0.00176016644040408 -0.004830700756633245 -0.001806299160306113 0.9999531608989451 -0.009486921132917131 0.0048139152414736815 0.009495071683531808 0.999943240403904 0.021499985506395092 0.14635309082149206 -0.4372794025455562
FixedParameters: 0 0 0
#Transform 92
Transform: MatrixOffsetTransformBase_double_3_3
Parameters: 0.9999909336950028 0.0010360024192940691 -0.004241936105709068 -0.0010775714277491979 0.9999519960632365 -0.009721556886963467 0.004231308513979405 0.00972543956077454 0.9999438393906841 0.022372959950345717 0.1298605614443744 -0.45948058824378535
FixedParameters: 0 0 0
#Transform 93
Transform: MatrixOffsetTransformBase_double_3_3
Parameters: 0.9999926678921641 0.0006619586702342577 -0.003727361780672116 -0.0006960090842817793 0.9999585720594877 -0.009057970775659507 0.0037213249642823153 0.009061023756622877 0.9999519428454139 0.044086082743888255 0.1640650701351376 -0.6669720814319291
FixedParameters: 0 0 0
#Transform 94
Transform: MatrixOffsetTransformBase_double_3_3
Parameters: 0.9999961555803912 -0.00005310249236309785 -0.0028000821362226614 0.00001937277100476527 0.9999298164618918 -0.011869818040811803 0.002800920131132131 0.011870184751603119 0.9999255348061812 0.047685331042771395 0.06806967395554864 -0.650179439227287
FixedParameters: 0 0 0
#Transform 95
Transform: MatrixOffsetTransformBase_double_3_3
Parameters: 0.9999954457742801 0.0002941313340703489 -0.0030769640319860078 -0.00032939275156813457 0.9999342379224848 -0.011431121864523552 0.0030733838578233105 0.011431867266824713 0.9999298404282527 0.04381729461076134 0.20078732830434376 -0.7434507025973787
FixedParameters: 0 0 0
#Transform 96
Transform: MatrixOffsetTransformBase_double_3_3
Parameters: 0.9999939225066493 0.0002440428031819362 -0.003608109674871131 -0.0002836943030264506 0.9999369787590526 -0.011227556642929903 0.0036050562956738154 0.011227455356636357 0.9999308213308463 0.03192658235691681 0.16399604135914103 -0.6646389002372146
FixedParameters: 0 0 0
#Transform 97
Transform: MatrixOffsetTransformBase_double_3_3
Parameters: 0.9999984683280855 -0.0003282794853218934 -0.0015568441556368245 0.00031240397640800924 0.9999436575187097 -0.010586749629643483 0.0015601961170390775 0.010586244093250347 0.9999426564888132 -0.005557903760518457 0.17641129501619446 -0.6235379240185992
FixedParameters: 0 0 0
#Transform 98
Transform: MatrixOffsetTransformBase_double_3_3
Parameters: 0.9999982153899832 -0.00009657414117269391 -0.001666085244865901 0.00007846220543010778 0.9999425322981558 -0.010737402501937193 0.001666701025359482 0.010737603827448788 0.999941088404054 0.0013765392721580838 0.22395963919692008 -0.6227487838201711
FixedParameters: 0 0 0
#Transform 99
Transform: MatrixOffsetTransformBase_double_3_3
Parameters: 0.9999986084186507 0.0007801443662466781 -0.0016683126148481487 -0.000797108914486671 0.9999481688204646 -0.010124056149308974 0.001660086013617836 0.010124939337966515 0.9999474232156527 0.02661564462934507 0.18032380875085607 -0.6050295878659
FixedParameters: 0 0 0
#Transform 100
Transform: MatrixOffsetTransformBase_double_3_3
Parameters: 0.9999993539674122 0.0008835890396838026 -0.0009304302246789448 -0.0008935007142562182 0.9999400099507734 -0.010883337331592052 0.0009204843557114703 0.010883656540558312 0.9999404358258945 0.02923675555553018 0.2312140365693125 -0.6591443414709275
FixedParameters: 0 0 0
#Transform 101
Transform: MatrixOffsetTransformBase_double_3_3
Parameters: 0.9999982153618565 0.0005740730697875552 -0.0015670912570985385 -0.0005899629002532881 0.9999475592821856 -0.010253302584070367 0.0015607304909464052 0.010254706857155932 0.9999463612765584 0.03919391121188198 0.13921273378461763 -0.631462592803004
FixedParameters: 0 0 0
#Transform 102
Transform: MatrixOffsetTransformBase_double_3_3
Parameters: 0.9999991120363501 0.0007976390620567258 -0.0011188598967986083 -0.000810038950400907 0.9999377822307798 -0.01112726948294207 0.0011098145897795713 0.011127735574455538 0.9999376794537032 0.026943753149410554 0.15052802950741295 -0.6201181509585467
FixedParameters: 0 0 0
#Transform 103
Transform: MatrixOffsetTransformBase_double_3_3
Parameters: 1.0000000065529535 0.00037889472337737217 -0.0009223322329243555 -0.00038863099661246296 0.9999449178851748 -0.01048686036108104 0.0009173902658995987 0.01048715017462834 0.9999451281168725 0.02022637780164871 0.08379734121552929 -0.6084566396994333
FixedParameters: 0 0 0
#Transform 104
Transform: MatrixOffsetTransformBase_double_3_3
Parameters: 0.9999991383732941 0.00043112289041552943 -0.0008220982190315391 -0.000441015469037422 0.9999258666168879 -0.01220365030719811 0.0008167287059034663 0.01220436503860256 0.9999253851810108 0.02259948336242701 0.1413145062988974 -0.6894347557436191
FixedParameters: 0 0 0
#Transform 105
Transform: MatrixOffsetTransformBase_double_3_3
Parameters: 0.9999989997984483 0.0006574650316179169 -0.0007539518527802017 -0.0006663318704502831 0.9999312222078853 -0.011718505325232165 0.0007454532134510856 0.011719497877633822 0.9999310981311318 0.03565270376920182 0.10378399068434874 -0.7124403209614911
FixedParameters: 0 0 0
#Transform 106
Transform: MatrixOffsetTransformBase_double_3_3
Parameters: 0.9999989494598376 0.000601595412321918 -0.0008297718381408287 -0.0006112898924648122 0.9999311518942199 -0.0117244988308714 0.0008227788287143562 0.011725501102901409 0.9999308367936136 0.03111778344539573 0.12191442625582738 -0.7153345084167952
FixedParameters: 0 0 0
#Transform 107
Transform: MatrixOffsetTransformBase_double_3_3
Parameters: 0.9999999853714386 0.00042081022267980085 -0.0009150213200506895 -0.0004316073668361941 0.9999281010937837 -0.011987608428117746 0.0009102896985821035 0.011988386478496121 0.9999274496503824 0.016043095165514387 0.1836606397912277 -0.7001362641273801
FixedParameters: 0 0 0
#Transform 108
Transform: MatrixOffsetTransformBase_double_3_3
Parameters: 0.9999990356268108 0.0006665074114469186 -0.0007211773274347349 -0.0006740458802237499 0.9999368680401759 -0.011167725041109355 0.0007141981581981156 0.011168270943124003 0.9999377113449645 0.022890045816197357 0.13420680758591175 -0.7313734691839855
FixedParameters: 0 0 0
#Transform 109
Transform: MatrixOffsetTransformBase_double_3_3
Parameters: 0.9999995349017301 0.0008719772778061176 -0.0008395750470083486 -0.0008817643703754502 0.9999295491793947 -0.01186922745486313 0.0008291309972938952 0.011869781569789795 0.9999292055265862 0.02899223605527368 0.20666707745219526 -0.7615083994210394
FixedParameters: 0 0 0
#Transform 110
Transform: MatrixOffsetTransformBase_double_3_3
Parameters: 0.9999991228035239 0.0007705590904799769 -0.0005321427379327327 -0.0007768301724672294 0.9999392436466376 -0.011006595857433715 0.0005234406149558905 0.011007412640813619 0.9999395635725862 0.007436190862122771 0.1580145105604629 -0.7169990580761976
FixedParameters: 0 0 0
#Transform 111
Transform: MatrixOffsetTransformBase_double_3_3
Parameters: 0.9999972006954922 0.0006824214749307297 -0.0020820973225987266 -0.0007057207767943998 0.9999352743125466 -0.011380929454060523 0.002073577465515506 0.011382072151400718 0.9999328405786536 0.05006711659913776 0.12889522482744553 -0.6916468418508188
FixedParameters: 0 0 0
#Transform 112
Transform: MatrixOffsetTransformBase_double_3_3
Parameters: 0.9999981980867508 0.00092782481915968 -0.0013929763737956357 -0.0009452627844986003 0.9999235884183375 -0.012359873339165772 0.001381687127265376 0.012361146579462107 0.9999230336157383 0.030589593793962422 0.19061337516937726 -0.7259938310222367
FixedParameters: 0 0 0
#Transform 113
Transform: MatrixOffsetTransformBase_double_3_3
Parameters: 0.9999993670424543 0.0007951614227639153 -0.000019588093540582496 -0.0007957044413604141 0.9999236530681752 -0.012316987901609316 0.000010189190040731707 0.012317011652901777 0.9999242854450927 0.026047469921863353 0.14688867068798572 -0.6875768956797401
FixedParameters: 0 0 0
#Transform 114
Transform: MatrixOffsetTransformBase_double_3_3
Parameters: 0.999999232846858 0.000757316259654927 -0.0010923767775056215 -0.0007711842316649138 0.9999168839911032 -0.01287533593966364 0.0010829435845296949 0.012875673042700597 0.9999167778508836 0.025590235177915588 0.15496016126239454 -0.742026919672746
FixedParameters: 0 0 0
#Transform 115
Transform: MatrixOffsetTransformBase_double_3_3
