#Insight Transform File V1.0
#Transform 0
Transform: MatrixOffsetTransformBase_double_3_3
Parameters: 0.9999952799767264 -0.00033453069055567816 -0.003100011440967365 0.00033624965122022385 1.0000000935590905 0.0005919922583929593 0.0030991879510613596 -0.0005930088313576831 0.9999954843030239 -0.06859314745089762 0.1214916642369559 -0.42008293879751335
FixedParameters: 0 0 0
#Transform 1
Transform: MatrixOffsetTransformBase_double_3_3
Parameters: 0.999992831342727 0.000051625648686499936 -0.0038943340427177223 -0.00006218179004949243 0.9999965904281793 -0.0026643720149270023 0.0038942070234562857 0.0026646289705908044 0.9999890417122522 -0.007356951276861423 0.1972806194220027 -0.3329709994443135
FixedParameters: 0 0 0
#Transform 2
Transform: MatrixOffsetTransformBase_double_3_3
Parameters: 0.9999906608869037 -0.00018461713512088332 -0.004278274145234123 0.00017983196545922112 0.9999991632630835 -0.0011556260335962298 0.004278783205524017 0.0011543734184778776 0.9999898295615605 0.007847523910015752 0.0784052927105563 -0.4314634420986678
FixedParameters: 0 0 0
#Transform 3
Transform: MatrixOffsetTransformBase_double_3_3
Parameters: 0.9999927789341528 -0.0001100727478779511 -0.003769842625187797 0.00010171650541544069 0.9999970694035657 -0.002359783617577438 0.00376932849048427 0.002359215293303657 0.9999895749978834 -0.010569005262070164 0.20926466290671897 -0.4402078942493475
FixedParameters: 0 0 0
#Transform 4
Transform: MatrixOffsetTransformBase_double_3_3
Parameters: 0.9999892870395564 0.0006748817669030302 -0.004501062180577696 -0.0006816629630478281 0.9999990779421959 -0.0016440771415257849 0.004499557177027225 0.001646928483188731 0.9999887937163034 0.009727552245507809 0.07941178591501341 -0.3880393415859942
FixedParameters: 0 0 0
#Transform 5
Transform: MatrixOffsetTransformBase_double_3_3
Parameters: 0.9999927859179215 0.000020106005276242862 -0.003770043256708179 -0.00003134990380132508 0.9999956070735911 -0.0028434945920731425 0.0037700731641768866 0.0028435023410356974 0.9999890077785387 -0.012518478949104406 0.1916885917059119 -0.3580636743702428
FixedParameters: 0 0 0
#Transform 6
Transform: MatrixOffsetTransformBase_double_3_3
Parameters: 0.9999927517231553 0.0001266339760808648 -0.0039030164939277932 -0.00013516405580014414 0.9999977131662557 -0.0022740379968341218 0.0039023843553533067 0.0022739642358821643 0.9999896963471616 -0.01554682785221928 0.12690735397748654 -0.40077087225036934
FixedParameters: 0 0 0
#Transform 7
Transform: MatrixOffsetTransformBase_double_3_3
Parameters: 0.9999923782921393 0.00024149604868202294 -0.003816236320794632 -0.0002475785420091968 0.9999983039454439 -0.0015926132152958017 0.0038157583672812855 0.0015933840459886883 0.999990999031564 -0.011206920298732825 0.16360485307220074 -0.45291164059300115
FixedParameters: 0 0 0
#Transform 8
Transform: MatrixOffsetTransformBase_double_3_3
Parameters: 0.9999917002160794 0.00040425730350585255 -0.004016885505199644 -0.00040578989407164293 0.99999959437542 -0.0004331292570690648 0.004016960011714732 0.0004348713972708307 0.9999917291268712 -0.00958193704521193 0.12771815237378803 -0.4346636545755729
FixedParameters: 0 0 0
#Transform 9
Transform: MatrixOffsetTransformBase_double_3_3
Parameters: 0.9999924951529974 0.00001226082593474198 -0.0039373842518657266 -0.000013996250027364106 0.9999995189716419 -0.0004687498063286055 0.003937798021928653 0.00046825065600736293 0.9999925371953008 -0.02171108557985235 0.14160534548904025 -0.45559402274530925
FixedParameters: 0 0 0
#Transform 10
Transform: MatrixOffsetTransformBase_double_3_3
Parameters: 0.9999930068022049 0.0002122200680005048 -0.00373495389280124 -0.00020970957742247407 0.9999991180280582 0.0007291948429107853 0.0037346221875493154 -0.0007278052767115406 0.9999928273462445 -0.014139285433671489 0.13213584083358398 -0.38135612386386697
FixedParameters: 0 0 0
#Transform 11
Transform: MatrixOffsetTransformBase_double_3_3
Parameters: 0.999992600707547 0.0001549825502532876 -0.0037917864804544485 -0.00015553389645412753 0.9999995406262207 -0.0003580058360926064 0.0037911241836173603 0.0003589968975017399 0.9999928030351037 -0.025790723645869207 0.1483015305899471 -0.43736675070564957
FixedParameters: 0 0 0
#Transform 12
Transform: MatrixOffsetTransformBase_double_3_3
Parameters: 0.9999926533321887 0.0003975314418606781 -0.003766773221644822 -0.000397595454927851 0.9999999514041872 -0.000008004768300290399 0.0037667664704838324 0.000008995106848097567 0.9999927017836431 -0.005944188680473417 0.1259731228617369 -0.35511886302205653
FixedParameters: 0 0 0
#Transform 13
Transform: MatrixOffsetTransformBase_double_3_3
Parameters: 0.9999986958116978 -0.000615304799914181 -0.0017102677006322908 0.0006174048837325813 0.9999993237574851 0.0009616471614261879 0.001709845856379391 -0.0009623529787587126 0.99999852116426 -0.07035361920630123 0.09790777623629765 -0.3570988755962503
FixedParameters: 0 0 0
#Transform 14
Transform: MatrixOffsetTransformBase_double_3_3
Parameters: 0.9999951189325806 -0.000761232501464787 -0.002881451578697653 0.0007546057917154436 0.9999972854749895 -0.002108989913587933 0.0028827810027300393 0.0021070091892925746 0.9999939461018489 -0.07543949419797968 0.20582475943474776 -0.37798325060482796
FixedParameters: 0 0 0
#Transform 15
Transform: MatrixOffsetTransformBase_double_3_3
Parameters: 0.9999994233357443 -0.0010628015636199024 -0.0006683490077134357 0.0010632661895442124 0.9999995675251236 0.0005064978826203881 0.0006682481440992241 -0.0005075024529958005 0.9999993417123755 -0.09576499884443024 0.08246239930306842 -0.2931497140684485
FixedParameters: 0 0 0
#Transform 16
Transform: MatrixOffsetTransformBase_double_3_3
Parameters: 0.9999991544759101 -0.0006660333652967517 -0.0011839814362971264 0.0006672497291757809 0.9999993141697404 0.0010161655866155195 0.0011833901751477827 -0.0010168345447889582 0.999998773760053 -0.07885582057694762 0.15767388536580995 -0.36649726945645966
FixedParameters: 0 0 0
#Transform 17
Transform: MatrixOffsetTransformBase_double_3_3
Parameters: 0.9999999694286855 -0.0008081855669929489 -0.0006136403187679653 0.0008096070685581637 0.9999990322586577 0.0015057124314843962 0.0006131580200150102 -0.0015062885111030433 0.9999984010929559 -0.08596188982407682 0.0977226983961117 -0.3239991011335235
FixedParameters: 0 0 0
#Transform 18
Transform: MatrixOffsetTransformBase_double_3_3
Parameters: 0.9999964193140436 -0.0009576635272131329 -0.0025812601536341494 0.0009563402877177835 0.9999988853748693 -0.0006770687688971155 0.0025820030502440245 0.0006749318941922378 0.9999966199851171 -0.09484834209598603 0.1598583048622686 -0.33255442277029346
FixedParameters: 0 0 0
#Transform 19
Transform: MatrixOffsetTransformBase_double_3_3
Parameters: 0.9999997202755141 -0.0007099563498428781 -0.0008812315908355304 0.0007104981914892228 0.9999995435250074 0.0008623295861768243 0.0008797934231809129 -0.000862671082061589 0.9999996889368175 -0.086027759987374 0.07410372477090732 -0.2438908366881023
FixedParameters: 0 0 0
#Transform 20
Transform: MatrixOffsetTransformBase_double_3_3
Parameters: 0.999999269934023 -0.0010412880224868466 -0.0008039964296648097 0.0010410648625900523 0.9999993006233817 0.0006013261281693494 0.0008035079166170191 -0.0006016743103139655 0.9999992457056637 -0.09530239467633805 0.11993167928973492 -0.2901344622547555
FixedParameters: 0 0 0
#Transform 21
Transform: MatrixOffsetTransformBase_double_3_3
Parameters: 0.9999999711369794 -0.000803751791271535 -0.00061913776262165 0.0008048546020366626 0.9999979120565032 0.0018545027162637784 0.0006169178145471047 -0.0018554968904406777 0.9999981770234124 -0.0883793419859984 0.08398265976418884 -0.29791598160595356
FixedParameters: 0 0 0
#Transform 22
Transform: MatrixOffsetTransformBase_double_3_3
Parameters: 0.9999995830227573 -0.0009988020601440636 -0.0006472652331326527 0.0009993242349942038 0.999999633863793 0.0005675616957332985 0.0006471073498884329 -0.0005684385780802825 0.9999993039106622 -0.08091623482269483 0.14573733993475457 -0.3022533059998125
FixedParameters: 0 0 0
#Transform 23
Transform: MatrixOffsetTransformBase_double_3_3
Parameters: 0.9999996334371809 -0.0008846913325403325 -0.0007644300957860937 0.0008856072452428745 0.9999983148608803 0.001378323147035454 0.0007627528741595311 -0.0013796749402604225 0.9999985152941349 -0.09084023119550011 0.08218808378617837 -0.25846973732770095
FixedParameters: 0 0 0
#Transform 24
Transform: MatrixOffsetTransformBase_double_3_3
Parameters: 0.99999942476024 -0.0011181973883481857 -0.0005696984496035827 0.0011183701189899549 0.99999938133506 0.00033852592379679525 0.0005699184243751428 -0.0003384748231964607 0.9999998142605273 -0.09726604616736267 0.11681876699792326 -0.30016076399930114
FixedParameters: 0 0 0
#Transform 25
Transform: MatrixOffsetTransformBase_double_3_3
Parameters: 0.9999995343930915 -0.0011149035398887184 -0.00047156557007053555 0.0011156662121639671 0.9999986828363666 0.0010354748474018238 0.00047023175101399057 -0.0010365252259981195 0.9999997049635024 -0.0907617467487114 0.10368462872561679 -0.25191882804842436
FixedParameters: 0 0 0
#Transform 26
Transform: MatrixOffsetTransformBase_double_3_3
Parameters: 0.9999991786585485 -0.0007058863120619634 -0.0005680331451042327 0.0007065405928742049 0.999999664803721 0.0007637617364032179 0.0005679318077297708 -0.0007632384572675011 0.9999993479901106 -0.08560795509973218 0.10452733217860555 -0.28681574616229
FixedParameters: 0 0 0
#Transform 27
Transform: MatrixOffsetTransformBase_double_3_3
Parameters: 0.9999973684237318 -0.0005936214874251774 -0.0020686544091619696 0.0005943337568276128 0.9999997918704139 0.0006954733721646067 0.0020683785840950463 -0.000696528492362597 0.9999976077187409 -0.061469879266752514 0.13917385447003028 -0.3030265610959475
FixedParameters: 0 0 0
#Transform 28
Transform: MatrixOffsetTransformBase_double_3_3
Parameters: 0.9999995639245322 -0.0011641656534158345 -0.0002841909684621857 0.0011642678987857998 0.9999992911891152 0.000554877648603791 0.00028387574021273415 -0.0005551227234476264 0.9999996566849033 -0.09832676644192873 0.0961862498293442 -0.22429792313750596
FixedParameters: 0 0 0
#Transform 29
Transform: MatrixOffsetTransformBase_double_3_3
Parameters: 0.9999969679653238 -0.0009504013437657487 -0.002264899029892437 0.000944702829560985 0.9999961550475037 -0.00252449058145518 0.002266838318850602 0.0025225079522175065 0.9999940767776259 -0.08366385900657747 0.21282884375280275 -0.34949652156846156
FixedParameters: 0 0 0
#Transform 30
Transform: MatrixOffsetTransformBase_double_3_3
Parameters: 0.999999206031519 -0.0008045515493555949 -0.0003838354166039804 0.0008039192757498372 0.9999997792901876 0.0007268999084627803 0.00038343007820572546 -0.000727100693623528 0.9999993696826128 -0.07805879310618025 0.08019831983723691 -0.3332442901817174
FixedParameters: 0 0 0
#Transform 31
Transform: MatrixOffsetTransformBase_double_3_3
Parameters: 0.999997942242732 -0.0010516687208490423 -0.00139713898038917 0.001045201825380324 0.9999893298837662 -0.0045135130528801415 0.0014018040558733955 0.00451148778178731 0.9999888868041276 -0.07791451646303926 0.25108902292033974 -0.42125118064124223
FixedParameters: 0 0 0
#Transform 32
Transform: MatrixOffsetTransformBase_double_3_3
Parameters: 0.9999956917197095 -0.0013798682611744957 -0.0025305493405999102 0.0013490210841390106 0.9999273002709579 -0.012001643203536166 0.0025473410835639017 0.01199835143438599 0.9999243805462935 -0.06312564220951344 0.11091402919633708 -0.29426274142190323
FixedParameters: 0 0 0
#Transform 33
Transform: MatrixOffsetTransformBase_double_3_3
Parameters: 0.9999939701116882 -0.0003495448238573207 -0.0035927954849181514 0.0003017653980400011 0.9999152650062494 -0.013039397348215132 0.0035969830014111275 0.0130386114638108 0.9999086583868401 -0.0066364659388398195 0.15181355101424288 -0.42075155544009135
FixedParameters: 0 0 0
#Transform 34
Transform: MatrixOffsetTransformBase_double_3_3
Parameters: 0.99999763566769 -0.0005631230263327584 -0.0020113158310022185 0.0005407665658924459 0.999937596248528 -0.011168411900016356 0.002018347710135249 0.011167589915957565 0.9999355829001562 -0.026276392358198564 0.12954229711576204 -0.3519969373009886
FixedParameters: 0 0 0
#Transform 35
Transform: MatrixOffsetTransformBase_double_3_3
Parameters: 0.9999944103578897 0.0004398591290698925 -0.003375878589280228 -0.00047641681244842685 0.9999427474769442 -0.010725541425886553 0.003370787793078791 0.010727460320187648 0.9999365399716186 0.04265846528923589 0.13428119314433218 -0.37126362300389104
FixedParameters: 0 0 0
#Transform 36
Transform: MatrixOffsetTransformBase_double_3_3
Parameters: 0.9999946244929322 0.00041169938916042255 -0.0031947611977500836 -0.0004471253174116138 0.9999397313481768 -0.011003722486408268 0.0031898348653356333 0.011005292094218688 0.9999346869828092 0.03485529402155407 0.17579205434721246 -0.30707908332150424
FixedParameters: 0 0 0
#Transform 37
Transform: MatrixOffsetTransformBase_double_3_3
Parameters: 0.9999955029854558 0.0001027789056186006 -0.0030803304169939156 -0.0001346719547149057 0.9999488272663787 -0.010144559960135136 0.0030784500128991873 0.010145444598863962 0.9999438278375826 0.025702697331425384 0.13365211537939103 -0.31631250076829787
FixedParameters: 0 0 0
#Transform 38
Transform: MatrixOffsetTransformBase_double_3_3
Parameters: 0.9999952762577801 0.00045303948241239564 -0.002918810887899035 -0.0004829380073954886 0.9999472564372506 -0.010223722016140968 0.002913677515494113 0.010225279523800174 0.9999439330838503 0.052232007830653515 0.13514296137964266 -0.3064685193550787
FixedParameters: 0 0 0
#Transform 39
Transform: MatrixOffsetTransformBase_double_3_3
Parameters: 0.9999941076495336 0.00040048950446310553 -0.003276004477293846 -0.0004325217585642602 0.9999506105266114 -0.009912933955780079 0.0032718450651024905 0.009914072847525518 0.9999459367262711 0.050125025745231255 0.15553602002708544 -0.30806562397751236
FixedParameters: 0 0 0
#Transform 40
Transform: MatrixOffsetTransformBase_double_3_3
Parameters: 0.9999947719641646 0.0003743421453839169 -0.0031762082917381113 -0.00040696574943755473 0.999949653379644 -0.010009841368324807 0.003172059592161517 0.010011149302488698 0.9999446929236576 0.04029285100180857 0.12616894119162225 -0.2807938387678277
FixedParameters: 0 0 0
#Transform 41
Transform: MatrixOffsetTransformBase_double_3_3
Parameters: 0.9999958069801401 0.0002995077288450146 -0.0030168939666373614 -0.0003317654767740085 0.9999436926501156 -0.01063792827821694 0.0030140638315134948 0.010639076086468496 0.9999387519938439 0.046199825135389005 0.1681669468377862 -0.33836007935691015
FixedParameters: 0 0 0
#Transform 42
Transform: MatrixOffsetTransformBase_double_3_3
Parameters: 0.9999952262033315 0.0009515236926439172 -0.0028054741897379095 -0.0009817482424416516 0.9999403707987937 -0.01086507542195475 0.0027942136885517168 0.010867914163783826 0.999936686383201 0.05606550936460053 0.15608192918303132 -0.3567421021464696
FixedParameters: 0 0 0
#Transform 43
Transform: MatrixOffsetTransformBase_double_3_3
Parameters: 0.9999954579579835 0.001111421257640876 -0.002702925570121297 -0.0011403833875923569 0.9999418285564451 -0.010745707737149057 0.002691190915021529 0.010748297626743453 0.9999386261623433 0.06316585666789365 0.044714108530996555 -0.3337002578779078
FixedParameters: 0 0 0
#Transform 44
Transform: MatrixOffsetTransformBase_double_3_3
Parameters: 0.9999957098249092 0.0009699859081656189 -0.0028893443526888 -0.0010001545941249706 0.9999441799080433 -0.010500155013732776 0.00287937948438399 0.010502847186087405 0.9999409602956039 0.0638466567876037 0.14095337134129693 -0.36107006465164204
FixedParameters: 0 0 0
#Transform 45
Transform: MatrixOffsetTransformBase_double_3_3
Parameters: 0.9999959664609056 0.0011016934771500074 -0.0027963942561994087 -0.001128643595292855 0.9999505790958815 -0.009886627410199439 0.0027856162603636632 0.009889368903405221 0.999946837091847 0.06508429007932648 0.07536392779523737 -0.3737967348586295
FixedParameters: 0 0 0
#Transform 46
Transform: MatrixOffsetTransformBase_double_3_3
Parameters: 0.9999803942507769 -0.00037963821545054875 -0.006281612780875808 0.0003140780060273344 0.9999451458042183 -0.010403205894118334 0.006285640584407396 0.01040177155450811 0.9999258166711454 0.09535197797507067 0.09482726930107788 -0.23350403765780925
FixedParameters: 0 0 0
#Transform 47
Transform: MatrixOffsetTransformBase_double_3_3
Parameters: 0.9999415886086374 -0.0032496400489959902 -0.010336921750043804 0.003076227790665898 0.9998551408711283 -0.016744510482862213 0.010389453138296215 0.016711505055889253 0.9998067399215373 0.09196070026753489 -0.045460133184406004 0.533942767679271
FixedParameters: 0 0 0
#Transform 48
Transform: MatrixOffsetTransformBase_double_3_3
Parameters: 0.999979517203857 -0.0007715833021582096 -0.006394454328347615 0.0006351648583059466 0.9997726329035932 -0.021306638588145965 0.006409131989082555 0.021302375196251916 0.9997530081210976 0.06487242123455417 -0.020471764544453208 0.58239872700657
FixedParameters: 0 0 0
#Transform 49
Transform: MatrixOffsetTransformBase_double_3_3
Parameters: 0.999983336080515 -0.0006708039786064255 -0.0057631121205052194 0.000543781606046843 0.9997576507345578 -0.021989863676427746 0.005776516779432821 0.021986119370736495 0.9997416163892485 0.05401116130256867 0.12639949691643437 0.5164747047208706
FixedParameters: 0 0 0
#Transform 50
Transform: MatrixOffsetTransformBase_double_3_3
Parameters: 0.9999844700906735 -0.0007468275864604044 -0.005474548861951343 0.0006269661278653956 0.9997608520997717 -0.021866730628398723 0.005489794385616987 0.021863295392936632 0.9997463393647719 0.06496929655318695 0.09839279043664817 0.5312620461131914
FixedParameters: 0 0 0
#Transform 51
Transform: MatrixOffsetTransformBase_double_3_3
Parameters: 0.9999875995370116 -0.00033127134271238924 -0.005028935154172945 0.00021838739081976607 0.999748727541472 -0.02243078452773964 0.005035174832592325 0.022430220215771374 0.999735484236365 0.08644517819747932 0.11465247656487065 0.4885815036833563
FixedParameters: 0 0 0
#Transform 52
Transform: MatrixOffsetTransformBase_double_3_3
Parameters: 0.9999885025084951 -0.00037494879297716207 -0.004728072301795573 0.0002666646901166572 0.9997361437630435 -0.022954867905032983 0.004735858884823132 0.022953124095743987 0.9997254419269472 0.07236476266970726 0.14568226123402894 0.507400677871864
FixedParameters: 0 0 0
#Transform 53
Transform: MatrixOffsetTransformBase_double_3_3
Parameters: 0.9999859062780673 -0.0004089364103901762 -0.005284734561288212 0.0002909427111235799 0.9997523624814049 -0.022256723308095 0.0052921429391835015 0.022255300217175117 0.9997387545347216 0.05696258607565596 0.07232560220795392 0.4521984937685559
FixedParameters: 0 0 0
#Transform 54
Transform: MatrixOffsetTransformBase_double_3_3
Parameters: 0.9999869224615263 -0.0005928915968705227 -0.00516931377424106 0.00047647162078432907 0.9997457066358707 -0.022557434951071015 0.005182123536406882 0.022554594363264097 0.9997325325434305 0.056543090563934584 0.09272467824438024 0.4303952178186776
FixedParameters: 0 0 0
#Transform 55
Transform: MatrixOffsetTransformBase_double_3_3
Parameters: 0.9999887430292781 -0.0004208644753250176 -0.0048042172611206585 0.00032170419063481254 0.9997850516474615 -0.020707176326618365 0.004811711542629392 0.020705807646277247 0.9997740765050693 0.06752578119377972 0.04829819712635697 0.4002332332710523
FixedParameters: 0 0 0
#Transform 56
Transform: MatrixOffsetTransformBase_double_3_3
Parameters: 0.9999878593628564 -0.00009157293050894165 -0.0049126063707708575 -0.000010894508666141767 0.9997819129070757 -0.020868701947853813 0.004913121146002169 0.020868272752500833 0.9997698582929794 0.09915359935664014 0.01659847415643867 0.4002366588378976
FixedParameters: 0 0 0
#Transform 57
Transform: MatrixOffsetTransformBase_double_3_3
Parameters: 0.9999879166851342 -0.0010880747063443958 -0.004888616195605645 0.0009742788803666884 0.9997329498756613 -0.023098125641911438 0.004912701066443774 0.02309287031575749 0.999721013672944 0.07644528472893342 0.038527827336480414 0.4182033287775653
FixedParameters: 0 0 0
#Transform 58
Transform: MatrixOffsetTransformBase_double_3_3
Parameters: 0.9999887081774805 -0.0007167350834615276 -0.004772994481871419 0.0006070031675348384 0.9997355200378889 -0.02297339112138244 0.004787457763705485 0.02297059000673196 0.9997246175800066 0.07565265917337172 0.05866382973607642 0.45401241939590875
FixedParameters: 0 0 0
#Transform 59
Transform: MatrixOffsetTransformBase_double_3_3
Parameters: 0.9999899907465297 -0.00033089777973142366 -0.004461091885454682 0.00022897890366686076 0.9997421349546798 -0.022696345066049367 0.004467106887472559 0.02269464516645406 0.9997325467271757 0.1031679794616025 0.10118735989493644 0.4342535725654315
FixedParameters: 0 0 0
#Transform 60
Transform: MatrixOffsetTransformBase_double_3_3
Parameters: 0.9999888149518031 -0.0003844467067891825 -0.004694294571803576 0.0002759943473897022 0.9997372395738734 -0.02292969765347222 0.004702070720681798 0.0229283033500417 0.9997259532017534 0.11119505129809681 0.061684382704072505 0.43279023226335056
FixedParameters: 0 0 0
#Transform 61
Transform: MatrixOffsetTransformBase_double_3_3
Parameters: 0.9999890338689266 -0.0003350869661594754 -0.004567018745032562 0.00023193610920936895 0.9997460557878838 -0.022543402128436307 0.00457255806698346 0.022541610415910546 0.999735514708153 0.09339016854502802 0.16708807400191006 0.37912975414460703
FixedParameters: 0 0 0
#Transform 62
Transform: MatrixOffsetTransformBase_double_3_3
Parameters: 0.9999906349898247 -0.0006584186510718635 -0.004234408104343339 0.0005656490211617231 0.999757017560382 -0.02201530764433915 0.004248075381126535 0.02201265697945995 0.9997482639102265 0.07384122644482716 0.06293080553929542 0.3772018432368327
FixedParameters: 0 0 0
#Transform 63
Transform: MatrixOffsetTransformBase_double_3_3
Parameters: 0.9999897463210012 -0.0005717480334670175 -0.004463469269796853 0.0004686532345949534 0.9997325408006619 -0.023136276669190076 0.004476390067407247 0.023133750746083453 0.9997225997407397 0.08592909039079188 0.15208569362769708 0.3671141600204564
FixedParameters: 0 0 0
#Transform 64
Transform: MatrixOffsetTransformBase_double_3_3
Parameters: 0.9999914434029203 -0.0005384727008710618 -0.004155276011132206 0.0004453587100083531 0.9997453929524991 -0.02254777294923499 0.004166345680958729 0.0225462204503748 0.9997371824656419 0.08261963297168506 0.046937252880212554 0.4106983329406617
FixedParameters: 0 0 0
#Transform 65
Transform: MatrixOffsetTransformBase_double_3_3
Parameters: 0.9999899044743532 -0.0008320443441490856 -0.004517101989831423 0.0007274079269310654 0.9997337004138807 -0.02307730147481743 0.004534887216311378 0.02307369324153205 0.9997230993586796 0.06936684279344263 0.14740669966656128 0.3872635925117507
FixedParameters: 0 0 0
#Transform 66
Transform: MatrixOffsetTransformBase_double_3_3
Parameters: 0.9999911866023026 -0.0004518311878665529 -0.004075294656427664 0.00036256998820930896 0.9997641857260408 -0.021700336634021766 0.00408448333111249 0.02169864586716519 0.9997561498110316 0.0870458830402896 0.05097539547010399 0.3756762110503047
FixedParameters: 0 0 0
#Transform 67
Transform: MatrixOffsetTransformBase_double_3_3
Parameters: 0.999988056010846 -0.0000751383840507738 -0.004892943312091036 -0.00003691490309241561 0.9997355582220268 -0.022974590785108745 0.0048928286756930416 0.022974370974856606 0.9997236977080177 0.09711226282233554 0.11724768249956696 0.3302226023343593
FixedParameters: 0 0 0
#Transform 68
Transform: MatrixOffsetTransformBase_double_3_3
Parameters: 0.9999898227883772 -0.00040408284392993326 -0.004473545324783061 0.0003106723918339274 0.9997815031279048 -0.02089152598189062 0.0044812715292090275 0.020890450634493213 0.9997713527248735 0.08553643224337293 0.12896428698662987 0.3380861621574027
FixedParameters: 0 0 0
#Transform 69
Transform: MatrixOffsetTransformBase_double_3_3
Parameters: 0.9999933707018115 -0.0006787913186863454 -0.0036284950967453503 0.0006058357422074794 0.9997942829455699 -0.020260597712558004 0.00364207873255833 0.020258392094181316 0.9997881062336156 0.07630005869215495 0.03682269079820344 0.29422324462819205
FixedParameters: 0 0 0
#Transform 70
Transform: MatrixOffsetTransformBase_double_3_3
Parameters: 0.9999895543607527 -0.00056742188321875 -0.0044860180494324655 0.0004697055899219729 0.9997637676931215 -0.021750282032659468 0.004497123674718271 0.021747748414370854 0.9997536312662284 0.0842676989495601 0.10101304988243953 0.31025540589885736
FixedParameters: 0 0 0
#Transform 71
Transform: MatrixOffsetTransformBase_double_3_3
Parameters: 0.9999913873815294 -0.0004348595729472101 -0.004052257043036676 0.00034974102014785407 0.9997760500862645 -0.021167290040710995 0.004061144706866331 0.021165739082721957 0.9997681911278894 0.08983872222378864 0.05567422251644416 0.3197404994059809
FixedParameters: 0 0 0
#Transform 72
Transform: MatrixOffsetTransformBase_double_3_3
Parameters: 0.9999909380120773 -0.0004402422328046204 -0.004227190875420492 0.0003532537742950248 0.999786422828131 -0.020656348622361265 0.0042350970263364375 0.02065462318619532 0.9997771215175216 0.080126987937291 0.09242897994333532 0.32614792329789566
FixedParameters: 0 0 0
#Transform 73
Transform: MatrixOffsetTransformBase_double_3_3
Parameters: 0.9999917061677192 0.00020095014674601376 -0.004031449265402642 -0.00028783581708060376 0.9997703578522088 -0.0214298268072598 0.004026379110713876 0.021431193886690236 0.9997627059817993 0.09853381486223611 0.15556342603163387 0.34085405345771846
FixedParameters: 0 0 0
#Transform 74
Transform: MatrixOffsetTransformBase_double_3_3
Parameters: 0.9999924000579878 -0.0005978928063493323 -0.0037738783479380725 0.0005161984320586696 0.999767447259967 -0.02157337896582276 0.003785984005404023 0.021571632156479947 0.9997600953360943 0.046826617961826855 0.10338057059179562 0.3428348055038626
FixedParameters: 0 0 0
#Transform 75
Transform: MatrixOffsetTransformBase_double_3_3
Parameters: 0.9999930810332198 -0.00021457784233407638 -0.00372506855835497 0.0001368071145034283 0.99978201199829 -0.02086507770393886 0.0037278601521511076 0.0208649075365063 0.9997752750776837 0.08217494748659249 0.10389645324799801 0.3287025963993031
FixedParameters: 0 0 0
#Transform 76
Transform: MatrixOffsetTransformBase_double_3_3
Parameters: 0.9999916552974121 -0.0003673009012016117 -0.00402644364040285 0.00028489117706896095 0.9997883982001178 -0.02058379308530514 0.004032485645034793 0.020583213447283838 0.999779802783518 0.07507812044320872 0.13489713524113256 0.3443699821786339
FixedParameters: 0 0 0
#Transform 77
Transform: MatrixOffsetTransformBase_double_3_3
Parameters: 0.9999919572223585 -0.000108305544143261 -0.004003949559445163 0.000024556986429425135 0.9997851562319189 -0.02071889580664532 0.0040051811701013905 0.02071908678428394 0.9997771518257251 0.10767633220332584 0.06420268737964818 0.326387663236936
FixedParameters: 0 0 0
#Transform 78
Transform: MatrixOffsetTransformBase_double_3_3
Parameters: 0.9999912025254333 -0.0001597112941855907 -0.004095781793887246 0.00007531540598163444 0.9997900113943474 -0.020504122038757983 0.004097338635367323 0.020503882253269046 0.999781271086378 0.10467585622933484 0.15276024774283314 0.33448480743577846
FixedParameters: 0 0 0
#Transform 79
Transform: MatrixOffsetTransformBase_double_3_3
Parameters: 0.9999923413171572 -0.00023864996593542243 -0.003950436769681644 0.00015770844913678668 0.999793233578857 -0.020350212738411033 0.00395341164318794 0.020349785600071807 0.9997847737625698 0.08336802233274909 0.05406392369701507 0.3114836278335318
FixedParameters: 0 0 0
#Transform 80
Transform: MatrixOffsetTransformBase_double_3_3
Parameters: 0.9999904506726394 -0.00011343979586607368 -0.004305775981215673 0.000025094255065183737 0.9997889617219666 -0.020532355599509028 0.004306423198683399 0.020531649544851704 0.9997802700096723 0.0834166135418144 0.10709768917648432 0.2959155682178647
FixedParameters: 0 0 0
#Transform 81
Transform: MatrixOffsetTransformBase_double_3_3
Parameters: 0.9999884592731192 0.000053566243675806104 -0.004747225461299088 -0.00016559942583159795 0.9997218991032147 -0.023592743089065005 0.004744969425947728 0.02359325766004311 0.9997101396167914 0.0334203742663135 0.07682482962191273 0.27851608302830755
FixedParameters: 0 0 0
#Transform 82
Transform: MatrixOffsetTransformBase_double_3_3
Parameters: 0.9999886129994066 -0.0003560362008537477 -0.004717968191606864 0.0002502480602960417 0.9997489285591614 -0.02240879907195306 0.004724950442931136 0.022407228861903272 0.9997383151706818 0.010835986527965247 0.1460161931744608 0.23316789313997077
FixedParameters: 0 0 0
#Transform 83
Transform: MatrixOffsetTransformBase_double_3_3
Parameters: 0.9999873854165203 -0.00009567072632167355 -0.0049603059326242685 -0.000016462875874671476 0.999741072958763 -0.02276672196057844 0.004961329754644653 0.022766296170082412 0.9997285442595505 0.05671084092682577 0.11755003253055918 0.16929970744467937
FixedParameters: 0 0 0
#Transform 84
Transform: MatrixOffsetTransformBase_double_3_3
Parameters: 0.9998304142205378 0.00830173133625223 -0.016420973907602825 -0.00828223616009938 0.9999646309951856 0.0012471293329550381 0.016430192161338064 -0.0011108715925997048 0.9998640029061028 0.2973481794923174 0.11617601282964074 -0.6643958935702443
FixedParameters: 0 0 0
#Transform 85
Transform: MatrixOffsetTransformBase_double_3_3
Parameters: 0.9997101423704247 0.01352092017221716 -0.01992371192790352 -0.013526854001655646 0.9999083517372916 -0.0001701319045949723 0.0199198969675448 0.00043887484399357524 0.9998016051639734 0.34546390757229517 0.3678058913914555 -1.0766077371851637
FixedParameters: 0 0 0
#Transform 86
Transform: MatrixOffsetTransformBase_double_3_3
Parameters: 0.9997840894401242 0.012412863386161134 -0.01663706242292262 -0.012487138649576797 0.9999123895466053 -0.004359138630697007 0.01658095593981278 0.004565848823645913 0.9998518676475179 0.3081126733689672 0.1591386229615921 -0.8538397962639337
FixedParameters: 0 0 0
#Transform 87
Transform: MatrixOffsetTransformBase_double_3_3
Parameters: 0.9998088413208406 0.012378118239379312 -0.015129782702546113 -0.0124398760233656 0.9999146448436954 -0.003992828741002374 0.015078652641754916 0.004180167467467216 0.9998777941974855 0.28337501192243053 0.12506624585499537 -0.8564131035348979
FixedParameters: 0 0 0
#Transform 88
Transform: MatrixOffsetTransformBase_double_3_3
Parameters: 0.9998473653300285 0.011275847628738872 -0.013321690426242275 -0.011329206576249301 0.999928172093525 -0.003943652419843707 0.013276283734970471 0.004094353328810557 0.9999038859005951 0.29125290682763705 0.172419345447409 -0.7926278793565515
FixedParameters: 0 0 0
#Transform 89
Transform: MatrixOffsetTransformBase_double_3_3
Parameters: 0.9998859257057561 0.00911828356805847 -0.012038307392884046 -0.009164852644249806 0.9999511204819905 -0.0037823489373597363 0.012002668286168288 0.0038926425237073015 0.9999203506562854 0.22966097923867324 0.2744732649746737 -0.7471244046481331
FixedParameters: 0 0 0
#Transform 90
Transform: MatrixOffsetTransformBase_double_3_3
Parameters: 0.999949095417566 0.00546247817348074 -0.008489096397782094 -0.005499837765981777 0.999974519025335 -0.004457158186335547 0.008464771242152669 0.0045038481234937755 0.9999544253794105 0.254828784891842 0.32090740259977224 -0.5438758039726537
FixedParameters: 0 0 0
#Transform 91
Transform: MatrixOffsetTransformBase_double_3_3
Parameters: 0.9999560098293602 0.004912470174140468 -0.007991206571015558 -0.004915382923629594 0.9999878445756272 -0.000393588863809885 0.007988971818643107 0.00043341312811323585 0.9999678232810583 0.2841134136772183 0.14361105212726955 -0.5950804821357636
FixedParameters: 0 0 0
#Transform 92
Transform: MatrixOffsetTransformBase_double_3_3
Parameters: 0.9999645408947485 0.0035415672502589306 -0.0076101911256187 -0.003533073285648871 0.9999928348797406 0.0011209465942562669 0.007614155064486685 -0.0010940517497301239 0.9999702528604385 0.27542570257216425 -0.21373536147864058 -0.7048310903734176
FixedParameters: 0 0 0
#Transform 93
Transform: MatrixOffsetTransformBase_double_3_3
Parameters: 0.9999645214765882 0.0019282261711101737 -0.008170484834028244 -0.0019099746637280192 0.9999953517184923 0.0022002351781495177 0.008175065709129974 -0.002184761185996864 0.9999645554728673 0.2523514671144369 -0.3077790204691695 -0.7307110243919297
FixedParameters: 0 0 0
#Transform 94
Transform: MatrixOffsetTransformBase_double_3_3
Parameters: 0.9999839772768486 -0.0017406086011724727 -0.005384423013931793 0.0016719846114064958 0.9999173543918924 -0.012778517998003974 0.0054062649117105534 0.012769504121737774 0.9999042565235821 0.10089186905020142 -0.1727395414024926 -0.1562532505296801
FixedParameters: 0 0 0
#Transform 95
Transform: MatrixOffsetTransformBase_double_3_3
Parameters: 0.9999726414535535 -0.0035788086374127183 -0.006523141290619537 0.003478460420757232 0.9998767667664143 -0.01528837859681581 0.006576978739089711 0.015264617764199878 0.9998620981434346 -0.01122755749162252 -0.10881250258435671 -0.14390431117074343
FixedParameters: 0 0 0
#Transform 96
Transform: MatrixOffsetTransformBase_double_3_3
Parameters: 0.9999755256531229 -0.002185069442223034 -0.006685654150377761 0.0020889740091555534 0.9998959175098732 -0.014313779110947722 0.006716486060518642 0.014299235282283385 0.9998752300408559 0.016643753945515982 0.033928633447345646 -0.08734749148914034
FixedParameters: 0 0 0
#Transform 97
Transform: MatrixOffsetTransformBase_double_3_3
Parameters: 0.9999800931425271 -0.0023373876445621986 -0.005953237165584689 0.002256966579817405 0.9999067474875077 -0.01347424138323286 0.005984532151683528 0.013460762004354476 0.9998915783367056 -0.01100652658281831 0.09044638906163982 -0.09142144556374632
FixedParameters: 0 0 0
#Transform 98
Transform: MatrixOffsetTransformBase_double_3_3
Parameters: 0.9999781547714559 -0.0021079569951853137 -0.006196868590749669 0.0020302577033839155 0.9999210260298738 -0.012393954779431421 0.006222771501130617 0.012380043121569012 0.9999042381701132 0.015667113527626952 0.16910004263553446 -0.09858295573259568
FixedParameters: 0 0 0
#Transform 99
Transform: MatrixOffsetTransformBase_double_3_3
Parameters: 0.9999792373084986 -0.0024860609988513306 -0.005880499388314396 0.002413471283788488 0.9999207203716328 -0.012361763302883105 0.005910913565144688 0.012347237270904476 0.9999062348284659 -0.0012179279852517766 0.1524709437611591 -0.08313816279245145
FixedParameters: 0 0 0
#Transform 100
Transform: MatrixOffsetTransformBase_double_3_3
Parameters: 0.9999796374620524 -0.0023670368119772106 -0.005895600140856693 0.002293879644111004 0.9999204533701008 -0.012444050405702595 0.00592464082668525 0.012429954825757678 0.99990481100358 0.0034206218431620528 0.11204522215335544 -0.08983092953452854
FixedParameters: 0 0 0
#Transform 101
Transform: MatrixOffsetTransformBase_double_3_3
Parameters: 0.9999812929050769 -0.002435952440207425 -0.005547252197121372 0.0023652563669004116 0.999916393032616 -0.01275516839705848 0.005577917350956627 0.012741835604383772 0.9999028351258669 -0.0010668059834415544 0.04184823675704763 -0.10235532766816391
FixedParameters: 0 0 0
#Transform 102
Transform: MatrixOffsetTransformBase_double_3_3
Parameters: 0.9999782575941413 -0.0023968303381698705 -0.006164242869704543 0.0023064946124783485 0.9998899277699526 -0.01462830897121234 0.006198486663748159 0.014613672401065286 0.999873755286482 0.008172199460872775 -0.03988854914214812 -0.09935084202025024
FixedParameters: 0 0 0
#Transform 103
Transform: MatrixOffsetTransformBase_double_3_3
Parameters: 0.999977373173696 -0.003534732744123327 -0.005755800125826328 0.0034397331053384393 0.999858680841428 -0.016460373242362963 0.005813539230001853 0.01643961204150951 0.9998474447822865 0.021408117325009357 -0.07245267172386605 -0.05607781067090656
FixedParameters: 0 0 0
#Transform 104
Transform: MatrixOffsetTransformBase_double_3_3
Parameters: 0.9999756605832676 -0.002685598548879003 -0.006412759908271353 0.0025651242561457142 0.9998218471662006 -0.018691768088175964 0.006462338996650015 0.018674219642413503 0.9998046352995466 0.009900318017827203 -0.04525672150887772 -0.05577155621154617
FixedParameters: 0 0 0
#Transform 105
Transform: MatrixOffsetTransformBase_double_3_3
Parameters: 0.9999750753036742 -0.00266146953150308 -0.00654515982695046 0.0025433451844690523 0.9998339804232577 -0.018033224139018922 0.006592193873533506 0.01801578189761588 0.9998162686764348 -0.003099178858377627 -0.12819406009631962 -0.07296452667961262
FixedParameters: 0 0 0
#Transform 106
Transform: MatrixOffsetTransformBase_double_3_3
Parameters: 0.9999757986025497 -0.0025306365725147146 -0.0065417045500673334 0.002417613809670383 0.9998493154701058 -0.017189366242306492 0.006584738408418026 0.017173636686253047 0.999831024354585 -0.013818184415484325 -0.09203154398463198 -0.05841842141189346
FixedParameters: 0 0 0
#Transform 107
Transform: MatrixOffsetTransformBase_double_3_3
Parameters: 0.9999771546164677 -0.002605698557365857 -0.006169093353082167 0.0024909099385357625 0.9998249366662385 -0.018542400830875994 0.006215924466029128 0.018526600788631276 0.9998090958188723 0.0008644919190743394 -0.0014997849534523766 -0.06435331535547562
FixedParameters: 0 0 0
#Transform 108
Transform: MatrixOffsetTransformBase_double_3_3
Parameters: 0.9999793039026961 -0.002600157697401428 -0.005825422021957933 0.0024928294806908016 0.9998302458470959 -0.018271005812818514 0.005872032309080024 0.018255993398660603 0.999815884777654 -0.013923699167492032 0.0040647292879754104 -0.012011192969190176
FixedParameters: 0 0 0
#Transform 109
Transform: MatrixOffsetTransformBase_double_3_3
Parameters: 0.9999763333560566 -0.0020666674296439735 -0.0065872674643064994 0.001947052006968929 0.9998331375656269 -0.018177663357795554 0.006624041280892865 0.01816433704656603 0.9998127629096176 -0.011145491279975772 0.03773942997891311 -0.02049095334636064
FixedParameters: 0 0 0
#Transform 110
Transform: MatrixOffsetTransformBase_double_3_3
Parameters: 0.9999834466231143 -0.001553809813264322 -0.005489577973233982 0.0014446494607370135 0.9998011439101211 -0.0198869328282823 0.005519911097208038 0.019878082637500877 0.9997875902049033 -0.03049491774147839 0.11795967839884725 -0.04976665522119106
FixedParameters: 0 0 0
#Transform 111
Transform: MatrixOffsetTransformBase_double_3_3
Parameters: 0.9999792815302698 -0.0015512923859886364 -0.0061898269460498034 0.0014265267923202533 0.9997972735182904 -0.020072667928479088 0.006219376366991659 0.020063325935074705 0.9997794695754741 0.006226136039146013 0.06244205066340669 0.03174656592001668
FixedParameters: 0 0 0
#Transform 112
Transform: MatrixOffsetTransformBase_double_3_3
Parameters: 0.9999801185581091 -0.001339461416545406 -0.006089705280326398 0.0012063866640655192 0.999761309693399 -0.02178613526469214 0.006117845687169944 0.02177882095254091 0.99974373338794 0.012130675546742964 0.13333409850184808 0.055440576505127126
FixedParameters: 0 0 0
#Transform 113
Transform: MatrixOffsetTransformBase_double_3_3
Parameters: 0.999980501946544 -0.0015008908565137282 -0.0061026974118969166 0.0013606145196756786 0.9997343211120455 -0.02300019779622614 0.006135840168750062 0.022991821238101673 0.9997173980570231 0.007831987533961637 0.04379285877465122 0.057663892161023966
FixedParameters: 0 0 0
#Transform 114
Transform: MatrixOffsetTransformBase_double_3_3
Parameters: 0.9999788822371227 -0.0006282207401327752 -0.006536696099120501 0.00047866953119771985 0.9997394559974185 -0.022837932522436127 0.00654847271868294 0.02283410753805773 0.9997183122780807 0.035579252468053824 -0.0425788002276164 0.05872897263969179
FixedParameters: 0 0 0
#Transform 115
Transform: MatrixOffsetTransformBase_double_3_3
