#Insight Transform File V1.0
#Transform 0
Transform: MatrixOffsetTransformBase_double_3_3
Parameters: 0.9999901208301064 0.0009136537037742296 -0.004247850036096565 -0.0009258542864606279 0.9999956269617053 -0.002814965879149145 0.004245224477018371 0.0028190309647875555 0.9999866227928713 -0.020580854769903567 0.24268688009779282 -0.470711369026624
FixedParameters: 0 0 0
#Transform 1
Transform: MatrixOffsetTransformBase_double_3_3
Parameters: 0.9999873303905737 0.0014448949538756234 -0.004751798796414891 -0.001450840182626698 0.9999981141949005 -0.0013195289777352126 0.004750435973763367 0.0013264732151367087 0.9999877155115565 -0.0189096038091634 0.14896668664448498 -0.34697789122701295
FixedParameters: 0 0 0
#Transform 2
Transform: MatrixOffsetTransformBase_double_3_3
Parameters: 0.999988658246346 0.002076712715301789 -0.004245894062630324 -0.0020841017610312785 0.9999967306622413 -0.0016219786523303248 0.004242573843671845 0.0016300200094138961 0.9999896398015805 0.01982216783785873 0.2199432061910187 -0.3000043552016294
FixedParameters: 0 0 0
#Transform 3
Transform: MatrixOffsetTransformBase_double_3_3
Parameters: 0.9999907537912303 0.002139721197524634 -0.0036969462235289315 -0.0021451089149607974 0.999996623645083 -0.0014603126452989168 0.0036939033277605705 0.0014686868625560512 0.9999918406046575 0.0153580541339835 0.2587464214166033 -0.32025284983574664
FixedParameters: 0 0 0
#Transform 4
Transform: MatrixOffsetTransformBase_double_3_3
Parameters: 0.9999868150110656 0.001996021200862926 -0.00471166401456805 -0.001994232176053064 0.9999975639674299 0.00029792108567391895 0.004712622129243931 -0.00028907615310447277 0.999989078759173 0.010931977737570264 0.23201025945262188 -0.30874887638083237
FixedParameters: 0 0 0
#Transform 5
Transform: MatrixOffsetTransformBase_double_3_3
Parameters: 0.9999977274446882 0.0019485144256139867 -0.0006895093548887439 -0.0019493544554657688 0.9999975524522493 -0.0010093589930336155 0.0006877396142965699 0.0010106409787937753 0.9999991347897662 0.00925385434138093 0.2507545989159752 -0.28051728423599087
FixedParameters: 0 0 0
#Transform 6
Transform: MatrixOffsetTransformBase_double_3_3
Parameters: 0.9999905030919205 0.002427249235936776 -0.0036883669199544557 -0.0024339401428710127 0.9999958095777923 -0.0017441793862802424 0.0036842894311363617 0.0017528208078195773 0.9999915789748941 0.024012261241026067 0.27638210531785035 -0.3316205262750884
FixedParameters: 0 0 0
#Transform 7
Transform: MatrixOffsetTransformBase_double_3_3
Parameters: 0.9999985411905872 0.001859462627310892 0.000012492233804061738 -0.0018600398299123046 0.9999973919019055 0.0011452322163264528 -0.000010398670620043768 -0.0011457677503691477 0.9999995249452311 -0.01829974208912688 0.1655621921013335 -0.29254436751801194
FixedParameters: 0 0 0
#Transform 8
Transform: MatrixOffsetTransformBase_double_3_3
Parameters: 0.999999467750174 -0.00032602910560399303 0.0006529280476962259 0.00032693133549019306 0.9999971470773944 -0.002188995128008353 -0.0006519247749120416 0.0021890048676170837 0.9999977372182663 -0.14998018487037257 0.2586594186814182 -0.4464570614377763
FixedParameters: 0 0 0
#Transform 9
Transform: MatrixOffsetTransformBase_double_3_3
Parameters: 0.999997655878793 0.00016785699860271856 0.0023056318856948654 -0.00016749733054705393 0.999999640284204 -0.0000778933871216636 -0.0023056580500377143 0.00007810609026173698 0.9999970034269156 -0.14008715589297083 0.1982892399838505 -0.398310924767344
FixedParameters: 0 0 0
#Transform 10
Transform: MatrixOffsetTransformBase_double_3_3
Parameters: 0.9999973086523128 -0.00022672624471668028 0.002153996739318312 0.0002284394864969783 0.999999486214352 -0.0006241793727005951 -0.0021539255224379303 0.0006248201807056153 0.9999980424370372 -0.14955221598815172 0.19251746293325311 -0.32617467782815623
FixedParameters: 0 0 0
#Transform 11
Transform: MatrixOffsetTransformBase_double_3_3
Parameters: 0.9999985978944923 -0.0005010518304956348 0.0014663651027633391 0.0005046516433963562 0.9999966023802902 -0.002487470144509757 -0.0014656920761148317 0.0024885282694020183 0.9999956152036428 -0.1478445293445958 0.2193950206379327 -0.44974641721863406
FixedParameters: 0 0 0
#Transform 12
Transform: MatrixOffsetTransformBase_double_3_3
Parameters: 0.999998917216302 0.000006415794327478913 0.0017557236114724875 -0.0000027263717871284145 0.9999966200930853 -0.002502470791093031 -0.0017558346009576438 0.0025025314266667598 0.9999957720759558 -0.1285273295703746 0.19619765228355845 -0.39854939238219345
FixedParameters: 0 0 0
#Transform 13
Transform: MatrixOffsetTransformBase_double_3_3
Parameters: 0.9999994281822595 -0.00026019111098412673 0.0007101592458120197 0.00026215288226150195 0.9999963197070958 -0.002758814892781153 -0.0007091441555655936 0.0027591855903800477 0.9999958842806467 -0.14706393765855807 0.2593906201623355 -0.44594570298723113
FixedParameters: 0 0 0
#Transform 14
Transform: MatrixOffsetTransformBase_double_3_3
Parameters: 0.999996275075503 0.0006056198781734618 0.0027126929508695203 -0.0006000664460464972 0.9999972132356588 -0.0022223973906948524 -0.002713718447649591 0.0022206049839327002 0.9999941916789581 -0.11083135027666913 0.2050850238442905 -0.40261186874273136
FixedParameters: 0 0 0
#Transform 15
Transform: MatrixOffsetTransformBase_double_3_3
Parameters: 0.9999972028956474 0.0005709178304434015 0.0023388486357768467 -0.0005652955380800869 0.999996684364916 -0.00233688049914596 -0.002340614475185931 0.0023361172159404586 0.9999946000411789 -0.11896376097621442 0.266968192668287 -0.3634425196826143
FixedParameters: 0 0 0
#Transform 16
Transform: MatrixOffsetTransformBase_double_3_3
Parameters: 0.9999968983576869 -0.0007357188064265087 0.00256159480592748 0.0007430515338294943 0.999995090237834 -0.0029578933804198237 -0.00255892409323499 0.0029591050851381917 0.9999923026106076 -0.16289166513018927 0.2673678963982269 -0.38935864346134963
FixedParameters: 0 0 0
#Transform 17
Transform: MatrixOffsetTransformBase_double_3_3
Parameters: 0.9999960897090164 0.0005321439461658169 0.002937433259696052 -0.0005265214026002774 0.9999979734935962 -0.0020643169708471354 -0.002937964877468153 0.0020626858004538506 0.9999936001169324 -0.1360430305167739 0.2723999377569726 -0.3885465748899932
FixedParameters: 0 0 0
#Transform 18
Transform: MatrixOffsetTransformBase_double_3_3
Parameters: 0.9999959140099999 0.0007869955102793422 0.0027326508038450306 -0.0007814553902918638 0.999997546615011 -0.0020247411519042635 -0.0027339593824168636 0.0020232584800361497 0.9999941742190084 -0.10909856816081742 0.2225464540948252 -0.38941521487000585
FixedParameters: 0 0 0
#Transform 19
Transform: MatrixOffsetTransformBase_double_3_3
Parameters: 0.9999958515460767 0.0022734716238836314 0.0019945648553240406 -0.0022686703735153753 0.9999937452870012 -0.0028530960058498755 -0.0020007633605580075 0.002848908104467307 0.999993849775181 -0.10607285263431265 0.27371429281717496 -0.45604551023939877
FixedParameters: 0 0 0
#Transform 20
Transform: MatrixOffsetTransformBase_double_3_3
Parameters: 0.9999950280250374 0.001686061724429046 0.0028513578780315573 -0.0016937194016815862 0.9999942379878233 0.0029749589580697344 -0.002846429624571718 -0.0029800414734751923 0.999991058935478 -0.06160704777170167 0.11539160149327188 -0.38549756237785004
FixedParameters: 0 0 0
#Transform 21
Transform: MatrixOffsetTransformBase_double_3_3
Parameters: 0.9999902433710944 0.001751568915049778 0.003960814877614584 -0.0017602936972898162 0.9999961147719251 0.0022470172639243724 -0.003957069430495152 -0.002253986336888336 0.9999899990302689 -0.058205868935090166 0.17583042566091933 -0.44363545653583714
FixedParameters: 0 0 0
#Transform 22
Transform: MatrixOffsetTransformBase_double_3_3
Parameters: 0.9999934117758909 0.0018119853093850327 0.003050875796253319 -0.0018091198112499289 0.9999975101589088 -0.0008970507753276735 -0.0030516098286826232 0.0008919502439011795 0.9999953013505479 -0.07935635522620998 0.21461368183412333 -0.4735394379430531
FixedParameters: 0 0 0
#Transform 23
Transform: MatrixOffsetTransformBase_double_3_3
Parameters: 0.9999935570170789 0.0015372618352854704 0.003174650543485739 -0.0015445466301832907 0.9999955771525628 0.0024244228362585996 -0.0031715420350638592 -0.0024295789147024682 0.9999921991483744 -0.07724332425362945 0.15528129563729465 -0.4835949700405848
FixedParameters: 0 0 0
#Transform 24
Transform: MatrixOffsetTransformBase_double_3_3
Parameters: 0.9999947052616004 0.002088030567359494 0.0024357701151764125 -0.0020840605127609296 0.9999961706539915 -0.0015491021999669563 -0.0024399302456207536 0.0015438936969586203 0.9999957512744855 -0.09565399709192945 0.26979234546412556 -0.5315181926522996
FixedParameters: 0 0 0
#Transform 25
Transform: MatrixOffsetTransformBase_double_3_3
Parameters: 0.9999931625251244 0.0014668757755935216 0.003418248829081019 -0.0014715445734062493 0.9999981571691868 0.001520247618939291 -0.003416618112826304 -0.0015247574215915272 0.9999933693174545 -0.09690682782370175 0.18991126022964977 -0.4855219685756893
FixedParameters: 0 0 0
#Transform 26
Transform: MatrixOffsetTransformBase_double_3_3
Parameters: 0.9999915523710345 0.002095272662878955 0.00361363990281751 -0.00210473748668189 0.9999940046186163 0.002595799046557351 -0.0036078570098034895 -0.002603197487298342 0.9999900328792614 -0.07608851871194133 0.19350919762003116 -0.4837942262789596
FixedParameters: 0 0 0
#Transform 27
Transform: MatrixOffsetTransformBase_double_3_3
Parameters: 0.9999899469273644 0.0018974737619889717 0.004056048876581218 -0.0018940355022166028 0.9999979675701981 -0.0008417238238234148 -0.004057909304094975 0.0008332759504296738 0.9999915765379002 -0.07931844413765532 0.24127083932695825 -0.4647664862372096
FixedParameters: 0 0 0
#Transform 28
Transform: MatrixOffsetTransformBase_double_3_3
Parameters: 0.9999910892921356 0.0012108511319494238 0.004055276789578175 -0.001215380091083283 0.999998895469572 0.0010906782358618416 -0.0040537268928667585 -0.0010953229558013367 0.999991804512323 -0.1040780229810565 0.19691773273839885 -0.4974292037430246
FixedParameters: 0 0 0
#Transform 29
Transform: MatrixOffsetTransformBase_double_3_3
Parameters: 0.9999927404422007 0.0017837582380165395 0.003328142503640993 -0.0017794790787518844 0.9999976572710558 -0.0013284577927706598 -0.003330786597296561 0.0013225424504533234 0.9999935692562507 -0.10911188064484634 0.2561190522310284 -0.45336960976707985
FixedParameters: 0 0 0
#Transform 30
Transform: MatrixOffsetTransformBase_double_3_3
Parameters: 0.9999879770726631 0.00207581945102176 0.00443993779515708 -0.002081449699777899 0.9999968861522968 0.0012756493525828416 -0.004437457430553509 -0.0012853495944141757 0.9999888115405732 -0.06360063093160306 0.19112598182037743 -0.4988455278415316
FixedParameters: 0 0 0
#Transform 31
Transform: MatrixOffsetTransformBase_double_3_3
Parameters: 0.9999924505522931 0.0019779165279455403 0.003261944590907598 -0.0019748298387935494 0.9999978791829212 -0.0008737657869052895 -0.0032628804142246595 0.0008672349022220971 0.9999940558225042 -0.10367253277787825 0.2303837837120426 -0.46471082199263947
FixedParameters: 0 0 0
#Transform 32
Transform: MatrixOffsetTransformBase_double_3_3
Parameters: 0.9999916782633391 0.001649074343595125 0.003688194808814812 -0.0016572348215892234 0.9999959900087884 0.0021759182679156053 -0.0036843843549438154 -0.0021820813128752836 0.9999911921236233 -0.10325575551212296 0.1918669547461036 -0.48146557304173143
FixedParameters: 0 0 0
#Transform 33
Transform: MatrixOffsetTransformBase_double_3_3
Parameters: 0.9999911465885316 0.0017183870708932128 0.003987744708286229 -0.0017276335290662907 0.9999954206986298 0.0024200998628369774 -0.003983338246899407 -0.002426899929368842 0.9999889791130092 -0.10266409340010796 0.1878612248593896 -0.4816781388171165
FixedParameters: 0 0 0
#Transform 34
Transform: MatrixOffsetTransformBase_double_3_3
Parameters: 0.9999895994611475 0.0014571744853465688 0.00439091901663696 -0.0014603739698031198 0.9999987035990049 0.000719146010517091 -0.004389149050797968 -0.0007258525023685902 0.9999898518450149 -0.12407731731821059 0.20661695634366595 -0.5361702808844839
FixedParameters: 0 0 0
#Transform 35
Transform: MatrixOffsetTransformBase_double_3_3
Parameters: 0.9999878639957198 0.002364450565205958 0.004306732649660548 -0.002374743571860321 0.9999935821387578 0.0025238410252130528 -0.0043004332172861 -0.0025341584444509846 0.9999874900788394 -0.05193446597340312 0.1542368778796117 -0.4761490208076822
FixedParameters: 0 0 0
#Transform 36
Transform: MatrixOffsetTransformBase_double_3_3
Parameters: 0.9999926457726869 0.0016987872219768494 0.0035311429991823156 -0.0016976148445233153 0.9999986379943538 -0.0003377311351999146 -0.0035315151037202328 0.0003312693699790703 0.9999937839968265 -0.10819533801488035 0.23236732140939864 -0.5143501770221448
FixedParameters: 0 0 0
#Transform 37
Transform: MatrixOffsetTransformBase_double_3_3
Parameters: 0.9999909866289923 0.0019246397008248714 0.0037828494276316103 -0.0019285597831825204 0.9999972524023101 0.0011158895859784135 -0.0037806147846472966 -0.001123110867965904 0.9999922276536728 -0.08624094890389244 0.18528162459857356 -0.4672395002847125
FixedParameters: 0 0 0
#Transform 38
Transform: MatrixOffsetTransformBase_double_3_3
Parameters: 0.9999909202693394 0.001963730246994853 0.003901449393569745 -0.0019618039555213754 0.9999980899293687 -0.0005284837303399792 -0.0039029573820318366 0.0005205159944564608 0.9999922801368135 -0.08871217129498632 0.23258323761751853 -0.5141233788384696
FixedParameters: 0 0 0
#Transform 39
Transform: MatrixOffsetTransformBase_double_3_3
Parameters: 0.9999903044224371 0.002424308845568883 0.0037173420919661276 -0.0024325367110854916 0.9999943139474146 0.0023845281518134476 -0.003711851155216615 -0.0023934771289837176 0.9999905757480158 -0.04984611911353909 0.1689649791968293 -0.4695619061252927
FixedParameters: 0 0 0
#Transform 40
Transform: MatrixOffsetTransformBase_double_3_3
Parameters: 0.9999898562332716 0.0018531384113754158 0.003963296607419916 -0.0018509688766217267 0.9999982800352224 -0.0005502113782706597 -0.003964771798177548 0.0005437879021291392 0.9999919777776496 -0.08910016357812367 0.23141693986316625 -0.5101234691520773
FixedParameters: 0 0 0
#Transform 41
Transform: MatrixOffsetTransformBase_double_3_3
Parameters: 0.9999906322888215 0.0014095049720231063 0.0040476799288770605 -0.0014209060387609608 0.9999949214485822 0.002893035441569075 -0.004043003376007882 -0.0028979675053925624 0.999987942879458 -0.09423862787284065 0.14827060849724205 -0.472129485516426
FixedParameters: 0 0 0
#Transform 42
Transform: MatrixOffsetTransformBase_double_3_3
Parameters: 0.9999876060237579 0.001988536605099249 0.004630800384345479 -0.0019991980436797636 0.9999949987439328 0.002341348844586283 -0.004625179077060337 -0.0023496492371605504 0.9999866044592515 -0.07097979743294047 0.2186202186670272 -0.48960103512858666
FixedParameters: 0 0 0
#Transform 43
Transform: MatrixOffsetTransformBase_double_3_3
Parameters: 0.9999894275981668 0.0019980597749521753 0.00419309698501898 -0.0020097095115430555 0.9999937677008383 0.002871525653759116 -0.004187043602186802 -0.0028804751134637874 0.9999871170198122 -0.07276012647028551 0.1720854955045894 -0.4883826607481865
FixedParameters: 0 0 0
#Transform 44
Transform: MatrixOffsetTransformBase_double_3_3
Parameters: 0.9999898105930114 0.0023171442295995028 0.003849489957055004 -0.0023276204152641784 0.9999939405145414 0.0027496146625253792 -0.0038435743466589075 -0.0027583886704049543 0.9999887009321643 -0.03427052359924687 0.19478706278822244 -0.5150748695275453
FixedParameters: 0 0 0
#Transform 45
Transform: MatrixOffsetTransformBase_double_3_3
Parameters: 0.9999882160439882 0.002210730755777882 0.004230157789044465 -0.002224146830113039 0.9999930661336442 0.0029647091638891343 -0.004223651446588176 -0.0029742861100486573 0.9999865139244373 -0.05949268694335785 0.1703004717393526 -0.48150065298057143
FixedParameters: 0 0 0
#Transform 46
Transform: MatrixOffsetTransformBase_double_3_3
Parameters: 0.999981792400371 0.0038390504363798625 0.00463367138909465 -0.0038503080033560734 0.9999894385923657 0.002410218358831623 -0.004623900896722005 -0.0024277797696879433 0.9999866505676358 -0.03292301148644583 0.23953353708049008 -0.43502113528874276
FixedParameters: 0 0 0
#Transform 47
Transform: MatrixOffsetTransformBase_double_3_3
Parameters: 0.9999809909777706 0.003119724045793875 0.0053173228121739125 -0.0031269937571670216 0.9999944978452473 0.001347328184776786 -0.005313439424526209 -0.0013636729945683823 0.9999848183339559 -0.056248246128745905 0.24734235855038378 -0.47788272874183946
FixedParameters: 0 0 0
#Transform 48
Transform: MatrixOffsetTransformBase_double_3_3
Parameters: 0.999988241931887 0.0016313421544893337 0.004592891043888467 -0.0016283081567417537 0.9999988459548068 -0.0008059831162358089 -0.004594403353403131 0.0007980203021533405 0.9999891095588358 -0.08561365288736056 0.2625593893333473 -0.4774835618745641
FixedParameters: 0 0 0
#Transform 49
Transform: MatrixOffsetTransformBase_double_3_3
Parameters: 0.9999881800426421 0.0009618587449078906 0.00478496371444536 -0.0009745034165619664 0.9999954847253285 0.002656292504366692 -0.004782144738692541 -0.0026607024070336716 0.9999845599776853 -0.033271424902366675 0.12383885614582368 -0.4708203390816834
FixedParameters: 0 0 0
#Transform 50
Transform: MatrixOffsetTransformBase_double_3_3
Parameters: 0.9999847617782541 0.0014669673491536422 0.005299698083922052 -0.0014750793682990191 0.9999978451619321 0.0013747854301355278 -0.005297293945205341 -0.00138320969302419 0.999985113310697 -0.04473722096273036 0.21787524939350078 -0.4971825995420076
FixedParameters: 0 0 0
#Transform 51
Transform: MatrixOffsetTransformBase_double_3_3
Parameters: 0.9999868553391739 0.0017171385662771786 0.004816493176572461 -0.001725527942454056 0.9999971751517024 0.0018911290764981603 -0.004812937250624136 -0.0018988752301134226 0.9999864980762783 -0.03013956995540923 0.1421498982918621 -0.44744666655541465
FixedParameters: 0 0 0
#Transform 52
Transform: MatrixOffsetTransformBase_double_3_3
Parameters: 0.9999864087383266 0.0014857579937634102 0.004937875373523647 -0.0014921270493291833 0.999998360326518 0.0012006921433899143 -0.004936154491555603 -0.0012083064901572127 0.9999871467526007 -0.029814827092934593 0.21323276331186491 -0.48916173405591934
FixedParameters: 0 0 0
#Transform 53
Transform: MatrixOffsetTransformBase_double_3_3
Parameters: 0.9999890766910815 0.0020362014307545905 0.004096170787815584 -0.0020453158532602483 0.9999958984136368 0.0022197764690368438 -0.004091251483687464 -0.0022282253473165092 0.9999892858574437 -0.022165182536383554 0.15383487814234797 -0.4907791167514617
FixedParameters: 0 0 0
#Transform 54
Transform: MatrixOffsetTransformBase_double_3_3
Parameters: 0.9999885489703881 0.00183011527849749 0.004370940956645865 -0.0018376322922006917 0.9999964994997363 0.0017366550986731566 -0.004366974192539189 -0.001744342974067531 0.9999889907550084 -0.027233596853889708 0.22067291400357192 -0.4893670110135844
FixedParameters: 0 0 0
#Transform 55
Transform: MatrixOffsetTransformBase_double_3_3
Parameters: 0.9999873020602914 0.0017181776975226694 0.004768852488729358 -0.0017243273941492596 0.9999974662351843 0.0012420443467354159 -0.004767404427821363 -0.0012509548667080095 0.9999877282807326 -0.03032528230949083 0.18640023912058723 -0.5093309701610877
FixedParameters: 0 0 0
#Transform 56
Transform: MatrixOffsetTransformBase_double_3_3
Parameters: 0.9999884938487213 0.0017388494015820734 0.004526174961559116 -0.0017454238992756015 0.9999979770185673 0.0014408306876219357 -0.004522793130822591 -0.0014491681001313483 0.9999883407556616 -0.05148813400576557 0.23393179760282123 -0.4975073561545713
FixedParameters: 0 0 0
#Transform 57
Transform: MatrixOffsetTransformBase_double_3_3
Parameters: 0.9999850108936127 0.0017436293125933746 0.005191111463245669 -0.0017513815976510786 0.9999969900100679 0.0015978844863011044 -0.005188691668032071 -0.0016071173060243082 0.9999848848265539 -0.03207156620645435 0.18718589312985046 -0.5076741048627937
FixedParameters: 0 0 0
#Transform 58
Transform: MatrixOffsetTransformBase_double_3_3
Parameters: 0.9999859842217173 0.0016809245359262074 0.005117972371240584 -0.0016830256456639233 0.9999985201287083 0.0005083468697492655 -0.005116586309683945 -0.0005166551528219543 0.9999869387754606 -0.05637214005915325 0.26175082782903303 -0.49685609995511726
FixedParameters: 0 0 0
#Transform 59
Transform: MatrixOffsetTransformBase_double_3_3
Parameters: 0.9999863350532527 0.0017268692630065417 0.004866365754995405 -0.0017336610070658503 0.9999978542012676 0.0013837894202787804 -0.004864192524896096 -0.0013922128436710535 0.9999876277334713 -0.03317266542715913 0.1985810232664562 -0.5123709808559411
FixedParameters: 0 0 0
#Transform 60
Transform: MatrixOffsetTransformBase_double_3_3
Parameters: 0.999990408562857 0.002188820708767145 0.0038469211302832045 -0.002185006752790541 0.9999966412784419 -0.0012450792847931713 -0.00384950607333348 0.0012369238647696734 0.9999916871022844 -0.0476390431959004 0.31370486133451436 -0.39323015508283277
FixedParameters: 0 0 0
#Transform 61
Transform: MatrixOffsetTransformBase_double_3_3
Parameters: 0.9999892088245622 0.0021184613331909985 0.004159630986300934 -0.002119662945253028 0.9999972734926561 0.0002830624523960379 -0.004159176556045455 -0.00029193786414483114 0.9999917700188088 -0.040608099777685425 0.2873882402608956 -0.3813215607075122
FixedParameters: 0 0 0
#Transform 62
Transform: MatrixOffsetTransformBase_double_3_3
Parameters: 0.9999851994159628 0.0019706960522713184 0.004991807362650892 -0.001966581332086521 0.9999978929591493 -0.0008724598959967411 -0.004993143986758297 0.0008625416493128757 0.9999868013318689 -0.06097820918205343 0.2552264400331552 -0.4363449954215213
FixedParameters: 0 0 0
#Transform 63
Transform: MatrixOffsetTransformBase_double_3_3
Parameters: 0.9999906257598642 0.0018321547542972283 0.004002616447067154 -0.0018397031485829537 0.9999966299463865 0.002049831707101435 -0.003998257247344519 -0.00205717027212296 0.9999895620353616 -0.04941372000260458 0.20845593102320947 -0.4563834033910723
FixedParameters: 0 0 0
#Transform 64
Transform: MatrixOffsetTransformBase_double_3_3
Parameters: 0.9999917422411897 0.0013708587302793344 0.003791827242372293 -0.0013649017127198093 0.9999975627551875 -0.0015163373955993376 -0.0037941018685770955 0.0015106602342494502 0.9999915981040786 -0.0929730952640142 0.2757537037300466 -0.47525884238856975
FixedParameters: 0 0 0
#Transform 65
Transform: MatrixOffsetTransformBase_double_3_3
Parameters: 0.9999865756759916 0.001970318387513095 0.004747653583943826 -0.0019803873204401502 0.9999957507722621 0.002014038540479296 -0.004743835100533489 -0.0020239583175826192 0.9999866721260784 -0.043057844529116096 0.23662803362680052 -0.4525937394452484
FixedParameters: 0 0 0
#Transform 66
Transform: MatrixOffsetTransformBase_double_3_3
Parameters: 0.9999877876233273 0.0020151094558025036 0.004375912371425972 -0.002009124950224449 0.9999970700452594 -0.0013189302493291089 -0.004379336296539492 0.0013100662976249233 0.999989261740281 -0.033369025548410036 0.294399198217846 -0.44817818629932304
FixedParameters: 0 0 0
#Transform 67
Transform: MatrixOffsetTransformBase_double_3_3
Parameters: 0.9999888192042413 0.0021401842991140125 0.0041951498946789 -0.0021360913332299 0.9999971696890447 -0.0010338880159332375 -0.004197473353770935 0.0010251123665346584 0.9999905297620164 -0.0669020229870938 0.3013867189789323 -0.43554328575103085
FixedParameters: 0 0 0
#Transform 68
Transform: MatrixOffsetTransformBase_double_3_3
Parameters: 0.9999875314120924 0.002354030222441988 0.004463943569540518 -0.002347194093407623 0.9999957383518691 -0.0015466662680830578 -0.004467581188469311 0.0015353335639210763 0.9999890436658387 -0.057592781792649816 0.23861697137093074 -0.48073815237199824
FixedParameters: 0 0 0
#Transform 69
Transform: MatrixOffsetTransformBase_double_3_3
Parameters: 0.9999882497780315 0.0022647377123143266 0.004197682504176507 -0.0022577811350507587 0.9999957473348515 -0.0016574569884065804 -0.004201551253223336 0.0016485422989664655 0.9999900375917299 -0.05238688866521102 0.29668403902054763 -0.46383401541975644
FixedParameters: 0 0 0
#Transform 70
Transform: MatrixOffsetTransformBase_double_3_3
Parameters: 0.99999249322521 0.0024064745620677756 0.003117049189813489 -0.0024132510261269395 0.9999945440325662 0.0022643860256425508 -0.0031116767413066388 -0.002272615556187546 0.9999926569516226 -0.028951208210472146 0.15684767798794041 -0.21976465863836836
FixedParameters: 0 0 0
#Transform 71
Transform: MatrixOffsetTransformBase_double_3_3
Parameters: 0.9999917010884295 0.002759523072624482 0.0031116902857588357 -0.0027643315286299767 0.9999949879830851 0.001602673109529884 -0.00310782358311891 -0.0016113283117560606 0.9999935481793827 -0.05550149634139245 0.19012746434479766 -0.12621053300743057
FixedParameters: 0 0 0
#Transform 72
Transform: MatrixOffsetTransformBase_double_3_3
Parameters: 0.9999879270688088 0.0030706280711432924 0.003826926429320654 -0.003077186827120869 0.9999936084056389 0.0018133248610711084 -0.0038213046418019954 -0.0018246753092631685 0.9999907010957511 -0.031354994506614275 0.26690396408356776 -0.1910968928753931
FixedParameters: 0 0 0
#Transform 73
Transform: MatrixOffsetTransformBase_double_3_3
Parameters: 0.9999839259117836 0.002126530377018555 0.005343128163285358 -0.0021388233981112993 0.9999952355951415 0.002310680856703329 -0.005338720433329559 -0.0023223211513156983 0.9999829578642139 -0.0628149898975181 0.20248153425252724 -0.3485236190863006
FixedParameters: 0 0 0
#Transform 74
Transform: MatrixOffsetTransformBase_double_3_3
Parameters: 0.9999837177885693 0.0020568594785898894 0.005389865507373912 -0.0020705667957525197 0.9999945936941971 0.002512744064236072 -0.00538473050590867 -0.0025242553950395874 0.9999824382855392 -0.044426195831235304 0.2310586731678228 -0.36554605077648716
FixedParameters: 0 0 0
#Transform 75
Transform: MatrixOffsetTransformBase_double_3_3
Parameters: 0.9999830452772727 0.0020834539711498583 0.00534886986559094 -0.00209538944490626 0.9999955837146448 0.002274900672051272 -0.005344812974118947 -0.002286103655847499 0.9999830600929492 -0.055338592497506056 0.20284076464646716 -0.42298205746276807
FixedParameters: 0 0 0
#Transform 76
Transform: MatrixOffsetTransformBase_double_3_3
Parameters: 0.9999828038481682 0.0022158289783886934 0.0054118824947070035 -0.002225243316516618 0.9999961517030009 0.0016850111680523638 -0.005407553584908182 -0.0016969862596654672 0.9999839331345298 -0.0462441921160206 0.26005212534752786 -0.3691751893950652
FixedParameters: 0 0 0
#Transform 77
Transform: MatrixOffsetTransformBase_double_3_3
Parameters: 0.9999813902410263 0.0017875034424130714 0.0057804763003586074 -0.001803097225756527 0.9999948780202769 0.00267507088727878 -0.0057756855518885306 -0.0026859259150237846 0.9999791419118416 -0.058411635128024386 0.21260578891671855 -0.42284540034737716
FixedParameters: 0 0 0
#Transform 78
Transform: MatrixOffsetTransformBase_double_3_3
Parameters: 0.9999825871603159 0.002175951889846924 0.0055387675245029975 -0.0021895504861571186 0.9999942644205962 0.0024347309755901325 -0.005533371249730537 -0.0024472651592790107 0.9999814056641377 -0.03782880096156305 0.28212597890238555 -0.3774621700388252
FixedParameters: 0 0 0
#Transform 79
Transform: MatrixOffsetTransformBase_double_3_3
Parameters: 0.9999797974228121 0.002474020253710874 0.005922912157253864 -0.0024819081003039367 0.9999964443864983 0.0013260087883750216 -0.005919697399028722 -0.0013409931377669493 0.9999817965511295 -0.037344494349582646 0.2111991015494965 -0.33907112000892425
FixedParameters: 0 0 0
#Transform 80
Transform: MatrixOffsetTransformBase_double_3_3
Parameters: 0.9999818094868315 0.0010288593518998665 0.005927125085441471 -0.0010364878332632726 0.99999819334455 0.0012715829028118464 -0.00592593272198565 -0.0012774149459716666 0.9999813674141224 -0.07025377564632151 0.2786401617100154 -0.3126462525239404
FixedParameters: 0 0 0
#Transform 81
Transform: MatrixOffsetTransformBase_double_3_3
Parameters: 0.9999755108117531 0.0012166024271823865 0.006928324853987087 -0.0012118680193062314 0.9999993007082948 -0.0007139324281250636 -0.006930136008370144 0.0007050687465259831 0.9999762033098758 -0.041341374674686904 0.2566255145106453 -0.39612597890145906
FixedParameters: 0 0 0
#Transform 82
Transform: MatrixOffsetTransformBase_double_3_3
Parameters: 0.999978197640138 0.0009368790027067604 0.006474835691435414 -0.0009237277611113161 0.9999973401038434 -0.0019141955816413814 -0.006476826527695926 0.0019077989930219863 0.9999775536200284 -0.0618926681665215 0.2913422750284269 -0.4446380182301155
FixedParameters: 0 0 0
#Transform 83
Transform: MatrixOffsetTransformBase_double_3_3
Parameters: 0.9999819419617597 0.0007284278581519692 0.005960727460788592 -0.0007221902593559748 0.9999994960656899 -0.0011527394696184134 -0.005960956509461231 0.0011482661571850517 0.9999817985645948 -0.02513250392462396 0.19175909290535742 -0.438180920779061
FixedParameters: 0 0 0
#Transform 84
Transform: MatrixOffsetTransformBase_double_3_3
Parameters: 0.9999854970118491 0.00042287517937358507 0.0054148710089712455 -0.0004108791702783592 0.9999976476380348 -0.0022501192124911584 -0.005416371384066853 0.0022478824050705393 0.9999827332807845 -0.07856478222397811 0.3008346011362022 -0.4658814225969934
FixedParameters: 0 0 0
#Transform 85
Transform: MatrixOffsetTransformBase_double_3_3
Parameters: 0.9999802023843539 0.001073533094243205 0.0062166560168962414 -0.0010635565081886897 0.9999980894827543 -0.0015811919245306283 -0.006218037490337426 0.0015748061444887107 0.9999791326841151 -0.02056387257852066 0.19615095100347446 -0.4184920272455628
FixedParameters: 0 0 0
#Transform 86
Transform: MatrixOffsetTransformBase_double_3_3
Parameters: 0.9999871243772275 0.0013596547067168552 0.004901618755906216 -0.0013495098305469615 0.9999975125682243 -0.0019215965534290502 -0.004904612403218436 0.0019154007561356101 0.9999862504754524 -0.006708656045049111 0.27771132280598465 -0.46884799052867265
FixedParameters: 0 0 0
#Transform 87
Transform: MatrixOffsetTransformBase_double_3_3
Parameters: 0.9999793436335722 0.0006609974570449516 0.006420385880406916 -0.0006515261988119748 0.9999988942958237 -0.0013982954502340383 -0.006420991310219688 0.0013937021151531337 0.9999785516667264 -0.026677350232446884 0.20434079399844052 -0.4635563432624181
FixedParameters: 0 0 0
#Transform 88
Transform: MatrixOffsetTransformBase_double_3_3
Parameters: 0.9999841990118973 0.0005185214133020428 0.005615248974327076 -0.0005083826417644529 0.9999981059769465 -0.0018309976139605222 -0.005616326896907476 0.001828002169263876 0.9999823988360549 -0.032606724032930856 0.2580221687146462 -0.44538815182751534
FixedParameters: 0 0 0
#Transform 89
Transform: MatrixOffsetTransformBase_double_3_3
Parameters: 0.9999785593569261 0.0006086657796045302 0.006485836268240657 -0.0006025359987944388 0.999998995202214 -0.0008672628709367469 -0.006486972699416622 0.0008637334657345674 0.9999790659616649 -0.038020994193843194 0.21264505276835166 -0.4796241129061869
FixedParameters: 0 0 0
#Transform 90
Transform: MatrixOffsetTransformBase_double_3_3
Parameters: 0.9999853456402916 0.0008831741569902763 0.005373675700622044 -0.0008723217652463974 0.9999980106820011 -0.0019094602655513881 -0.005375032568360133 0.0019045388145121078 0.9999840616016508 -0.021164085395682264 0.2859856101895275 -0.4564974639048458
FixedParameters: 0 0 0
#Transform 91
Transform: MatrixOffsetTransformBase_double_3_3
Parameters: 0.9999799130788396 0.0006617286201062863 0.006296895193660801 -0.0006503554350951689 0.9999984710263696 -0.001826007791683515 -0.00629772363200533 0.0018219954594034526 0.9999787880225267 -0.01870770807030908 0.22837562322386873 -0.43005148504550306
FixedParameters: 0 0 0
#Transform 92
Transform: MatrixOffsetTransformBase_double_3_3
Parameters: 0.999976293639362 0.00011445437060348556 0.006833296286089407 -0.00010109031228577934 0.9999981080243815 -0.0018826050838322284 -0.0068333272962106785 0.001882391904238473 0.9999750979191837 -0.03155474253145485 0.2850386759017738 -0.4628459600466215
FixedParameters: 0 0 0
#Transform 93
Transform: MatrixOffsetTransformBase_double_3_3
Parameters: 0.999978541351855 0.0007420485009687653 0.006473565780047224 -0.0007292649576989938 0.9999976887157834 -0.0019608907938677422 -0.006475095584245216 0.001956108215997593 0.9999771811046895 -0.012915814407179482 0.2460008895955781 -0.4289464628194608
FixedParameters: 0 0 0
#Transform 94
Transform: MatrixOffsetTransformBase_double_3_3
Parameters: 0.9999844737285869 0.0005929812039788061 0.005583262241867574 -0.0005797757103375802 0.9999964238649185 -0.0023974332619736416 -0.005584933422013761 0.0023945651389934985 0.9999815681288392 -0.01749146547415137 0.25521648142668596 -0.46128002534889134
FixedParameters: 0 0 0
#Transform 95
Transform: MatrixOffsetTransformBase_double_3_3
Parameters: 0.9999824906314266 0.000612728247891799 0.005842257525749985 -0.0006016822357019874 0.9999978143271299 -0.0018379135288019433 -0.005843686391227518 0.0018340821238026217 0.9999809344566041 -0.03565586345521865 0.25792860997120215 -0.4585206690559289
FixedParameters: 0 0 0
#Transform 96
Transform: MatrixOffsetTransformBase_double_3_3
Parameters: 0.9999809284692237 0.0007702842749034713 0.006122112470593306 -0.0007571229668365679 0.9999977187711478 -0.0022011359181415835 -0.006123355459041804 0.0021968668341375286 0.9999785383866361 -0.02573910450334438 0.23606583834381922 -0.4391392362325419
FixedParameters: 0 0 0
#Transform 97
Transform: MatrixOffsetTransformBase_double_3_3
Parameters: 0.9999835310090809 0.0003651314583669855 0.005686565380933412 -0.0003513709716292195 0.9999968664955642 -0.002402359488306277 -0.005687147304553291 0.0024006400150742013 0.9999811300000143 -0.056904047271970626 0.2694441160729042 -0.49539330497277234
FixedParameters: 0 0 0
#Transform 98
Transform: MatrixOffsetTransformBase_double_3_3
Parameters: 0.9999806843661194 0.0018151489479293276 0.006001957721329963 -0.0018063213430067992 0.9999976691374798 -0.0014806783236402388 -0.006004118487075327 0.001469323253147331 0.9999806639313892 -0.025499918312590353 0.21477147576230493 -0.4764902786700347
FixedParameters: 0 0 0
#Transform 99
Transform: MatrixOffsetTransformBase_double_3_3
Parameters: 0.9999799330341635 0.0017567640562350848 0.0060813876822698835 -0.0017438652133750902 0.9999962896762058 -0.0021517100276657875 -0.006084618937721664 0.002141293397880356 0.9999794283232812 -0.0911822366652757 0.2776418049181899 -0.48562811992150046
FixedParameters: 0 0 0
#Transform 100
Transform: MatrixOffsetTransformBase_double_3_3
Parameters: 0.9999892380498357 0.00045781011450266875 0.004533354383827579 -0.0004440726531814282 0.9999946909696037 -0.0030102340001811057 -0.004534929844860522 0.00300876284766452 0.9999854327747183 -0.08417716854391699 0.26736232250189573 -0.5060509240024302
FixedParameters: 0 0 0
#Transform 101
Transform: MatrixOffsetTransformBase_double_3_3
Parameters: 0.9999889079074715 0.0013604931018800824 0.004609000694711042 -0.0013472060874662518 0.9999950980407646 -0.002876945699788802 -0.004612499742676743 0.0028710557817986093 0.9999852899808456 -0.045962712389766125 0.2678378474663674 -0.4515086825536301
FixedParameters: 0 0 0
#Transform 102
Transform: MatrixOffsetTransformBase_double_3_3
Parameters: 0.9999868771716555 0.0019359941187425019 0.0047304714790020325 -0.0019152743023480177 0.9999891573046955 -0.004342494524568363 -0.0047383114386495935 0.004333506645853968 0.9999790829512915 -0.08582506084600539 0.3112265889431711 -0.48633671339170803
FixedParameters: 0 0 0
#Transform 103
Transform: MatrixOffsetTransformBase_double_3_3
Parameters: 0.9999888188675373 0.0022001023490663017 0.004282177806778957 -0.002180704592408817 0.9999873464836335 -0.004526351299191211 -0.0042929079751142935 0.004517646498629041 0.9999805749798446 -0.10894264601517989 0.31298872160618885 -0.42760357851076236
FixedParameters: 0 0 0
#Transform 104
Transform: MatrixOffsetTransformBase_double_3_3
Parameters: 0.9999870183229782 0.0023077477578083757 0.0044337503125692025 -0.002282963276748074 0.9999815415764387 -0.005538405032837146 -0.00444604020755099 0.005528593725885045 0.9999752366579027 -0.08033285529000977 0.2675105307114194 -0.3954373949844552
FixedParameters: 0 0 0
#Transform 105
Transform: MatrixOffsetTransformBase_double_3_3
Parameters: 0.9999900567927352 0.002233795320270974 0.003994112724782749 -0.0022142379864571633 0.9999862454798415 -0.004776554714781472 -0.004005068836378694 0.0047674403111113706 0.9999802668707589 -0.047453540434943875 0.24700700630459949 -0.4615585877417985
FixedParameters: 0 0 0
#Transform 106
Transform: MatrixOffsetTransformBase_double_3_3
Parameters: 0.99999057164375 0.0010721133735206777 0.004156770094132343 -0.00105254896776038 0.9999885840646676 -0.004698775589397103 -0.004161789825597682 0.00469422170250966 0.9999798729209937 -0.08913655458471226 0.2989813418393368 -0.4867144220025281
FixedParameters: 0 0 0
#Transform 107
Transform: MatrixOffsetTransformBase_double_3_3
Parameters: 0.9999851636462732 0.0011027383677392557 0.0052554211071274975 -0.0010759307239096504 0.9999860233611456 -0.005097306661247358 -0.005261098769288361 0.005091689303977187 0.9999732317341549 -0.056542618798758326 0.34143224725889354 -0.5393154545041838
FixedParameters: 0 0 0
#Transform 108
Transform: MatrixOffsetTransformBase_double_3_3
Parameters: 0.999987119885627 -0.00015043488190910235 0.004985862496711275 0.00016898828682700585 0.9999924295333409 -0.0039058864228358747 -0.00498496725705204 0.003906120486143333 0.9999801763471371 -0.07585259941961908 0.22598999780771578 -0.4645746020748973
FixedParameters: 0 0 0
#Transform 109
Transform: MatrixOffsetTransformBase_double_3_3
Parameters: 0.999978810947468 0.0013508660605986355 0.00643150195864724 -0.001319874099709703 0.9999872862504106 -0.004829441863730799 -0.006437864809943556 0.004820559804350422 0.9999679626652681 -0.07115337028437807 0.29617217841314414 -0.42059602990096323
FixedParameters: 0 0 0
#Transform 110
Transform: MatrixOffsetTransformBase_double_3_3
Parameters: 0.9999781290981132 0.0009230818629488325 0.0064821688190315405 -0.0008929088664245226 0.9999895117637787 -0.004527851027743723 -0.006486367690774259 0.0045221443022542 0.9999686654567819 -0.07493316714871412 0.3143730684875976 -0.44142437893761155
FixedParameters: 0 0 0
#Transform 111
Transform: MatrixOffsetTransformBase_double_3_3
Parameters: 0.9999776767433456 0.0010779816120816224 0.006645473044219613 -0.0010463810362181956 0.999987734481629 -0.004777278920714473 -0.0066502802527347105 0.004769717966797038 0.9999663688961995 -0.05369808725401981 0.2715360996476903 -0.4740036183685561
FixedParameters: 0 0 0
#Transform 112
Transform: MatrixOffsetTransformBase_double_3_3
Parameters: 0.9999766116828528 0.0010373054395219033 0.00680543576948287 -0.0010072077109272196 0.9999901062649188 -0.00439522318263913 -0.006809632780000054 0.0043887759042895436 0.9999669254510121 -0.05269147813027075 0.2925632992801894 -0.43431236514760485
FixedParameters: 0 0 0
#Transform 113
Transform: MatrixOffsetTransformBase_double_3_3
Parameters: 0.9999780877835148 0.0010181953549699423 0.006470890673259525 -0.0009888201378019722 0.999989814965349 -0.00447446261073195 -0.006475845579890714 0.0044675390722531405 0.9999692924999666 -0.06898300815124969 0.2568141102562578 -0.4935495060060191
FixedParameters: 0 0 0
#Transform 114
Transform: MatrixOffsetTransformBase_double_3_3
Parameters: 0.999975580789024 0.0007314868401864644 0.006991743610519575 -0.0007050280216208986 0.999992150306919 -0.003917824181716101 -0.006994326097093534 0.003912182121896451 0.9999677755113492 -0.06001150106210673 0.28874912240681283 -0.4710963375077384
FixedParameters: 0 0 0
#Transform 115
