#Insight Transform File V1.0
#Transform 0
Transform: MatrixOffsetTransformBase_double_3_3
Parameters: 0.9999952424459677 -0.0025562813731982623 0.0014913400219465898 0.0025525776197634097 0.9999935301699092 0.0024480434954421426 -0.0014969114562496033 -0.0024449563823639164 0.9999957415079272 -0.1429107655013837 0.02342058050581386 -0.46487228541761993
FixedParameters: 0 0 0
#Transform 1
Transform: MatrixOffsetTransformBase_double_3_3
Parameters: 0.9999950666794868 -0.0025382222241053217 0.0015788261568025841 0.0025355610647562364 0.999995814146326 0.001260190303576103 -0.001581851786848038 -0.0012558089294413266 0.999998087397703 -0.12403517159384592 0.08362893970449647 -0.4522637661457267
FixedParameters: 0 0 0
#Transform 2
Transform: MatrixOffsetTransformBase_double_3_3
Parameters: 0.9999960572659155 -0.0024396742876342534 0.0017290117418257164 0.0024369102284066274 0.9999950338830449 0.001965403118093595 -0.0017336111629609142 -0.0019605971613566586 0.9999963166196302 -0.13834675672829633 0.010672264035264334 -0.4657581968268971
FixedParameters: 0 0 0
#Transform 3
Transform: MatrixOffsetTransformBase_double_3_3
Parameters: 0.9999950713536533 -0.002436174460098513 0.0017304574480305095 0.0024335683925197312 0.9999954858585667 0.001636237036538174 -0.0017336567560316282 -0.0016327648092597236 0.999997242296188 -0.12718022652812522 0.054256630546490214 -0.4913805895660488
FixedParameters: 0 0 0
#Transform 4
Transform: MatrixOffsetTransformBase_double_3_3
Parameters: 0.999996797855118 -0.002277289506797323 0.0014198253518900809 0.002274962779459705 0.9999960683301025 0.001894419935640601 -0.0014236824757806563 -0.0018915846980769868 0.9999975625991767 -0.13704907616147466 0.04985789173640853 -0.4786959041408352
FixedParameters: 0 0 0
#Transform 5
Transform: MatrixOffsetTransformBase_double_3_3
Parameters: 0.9999962383130461 -0.002143664798349652 0.001472626362576958 0.002139923614482897 0.999996142401009 0.001975295556797263 -0.0014765327678561736 -0.0019717067633834295 0.9999973064824175 -0.11871467882492936 0.08074090132400613 -0.46526028745677905
FixedParameters: 0 0 0
#Transform 6
Transform: MatrixOffsetTransformBase_double_3_3
Parameters: 0.9999967159401157 -0.002180662544665815 0.0015892239629979811 0.002179331508377757 0.9999965843525267 0.001514605209077341 -0.0015930122496022143 -0.0015103956444602606 0.9999975562630083 -0.1280086112161598 0.0835695890514927 -0.4808636249438223
FixedParameters: 0 0 0
#Transform 7
Transform: MatrixOffsetTransformBase_double_3_3
Parameters: 0.9999969412012643 -0.002307202522407336 0.0013178846027861093 0.0023041066013495684 0.999995674885965 0.0019612262215974174 -0.0013223755082217242 -0.001958775637812049 0.9999975830908767 -0.11834078569252426 0.01720433377876418 -0.4653737726338889
FixedParameters: 0 0 0
#Transform 8
Transform: MatrixOffsetTransformBase_double_3_3
Parameters: 0.9999976679599278 -0.0020838522129079666 0.0009943726772995883 0.0020837127286082494 0.9999973264935063 0.0008393728178994198 -0.0009954849418662111 -0.000836628576640519 0.999998936975318 -0.11802877169023418 0.0990698334103115 -0.5268704192275493
FixedParameters: 0 0 0
#Transform 9
Transform: MatrixOffsetTransformBase_double_3_3
Parameters: 0.9999971238488378 -0.0020533761928695476 0.001288290098484368 0.0020514180412537926 0.9999966978069186 0.0016487843795743584 -0.001291482526124596 -0.0016462173690162674 0.9999979975149403 -0.1174679988650098 0.04762975448988982 -0.4673036690399499
FixedParameters: 0 0 0
#Transform 10
Transform: MatrixOffsetTransformBase_double_3_3
Parameters: 0.9999978439014036 -0.002104408027741633 0.0008533763772384833 0.002103217658086241 0.9999969064961167 0.001020095739361765 -0.0008554968218967399 -0.0010179027803323137 0.9999988606816753 -0.10368005733997165 0.0810964530929823 -0.5084941234365203
FixedParameters: 0 0 0
#Transform 11
Transform: MatrixOffsetTransformBase_double_3_3
Parameters: 0.9999958774194112 -0.002404601583659472 0.0015291811674013503 0.002402313820458151 0.9999957653193116 0.001815863645666882 -0.0015341176712446339 -0.0018121380712949886 0.9999975308864155 -0.13237519327259406 0.04863683421291398 -0.46978423812645076
FixedParameters: 0 0 0
#Transform 12
Transform: MatrixOffsetTransformBase_double_3_3
Parameters: 0.9999953499183021 -0.002412539787383986 0.001956224066156875 0.0024104938085280957 0.9999962783092946 0.0014137413095867968 -0.001960225576555569 -0.0014092591708603497 0.9999970869322627 -0.12230328486461417 0.060804333775820396 -0.5186853578120605
FixedParameters: 0 0 0
#Transform 13
Transform: MatrixOffsetTransformBase_double_3_3
Parameters: 0.9999956662681116 -0.002271046053487327 0.0017824794952089784 0.0022682217025154386 0.9999966703222828 0.001436023539117398 -0.0017854185881034078 -0.0014319789300930863 0.9999978832199049 -0.11594572091523503 0.0913417544986288 -0.46233851671446047
FixedParameters: 0 0 0
#Transform 14
Transform: MatrixOffsetTransformBase_double_3_3
Parameters: 0.9999960390632939 -0.0019742026277871 0.0017498791976551897 0.001970050234364012 0.9999952478016163 0.0023974285472393164 -0.0017553333622163138 -0.0023945690368664396 0.9999953095990393 -0.11520839581815778 0.03183563402258471 -0.4987227101153451
FixedParameters: 0 0 0
#Transform 15
Transform: MatrixOffsetTransformBase_double_3_3
Parameters: 0.99999545703417 -0.002404386298610019 0.001662017123694271 0.0024017968506756834 0.9999959055922083 0.0014691790075731515 -0.001665497576385187 -0.0014648196101093025 0.9999972472545753 -0.1376053880446051 0.11178250033719905 -0.45527722378838575
FixedParameters: 0 0 0
#Transform 16
Transform: MatrixOffsetTransformBase_double_3_3
Parameters: 0.9999968127778571 -0.0022374272065900187 0.0014769543419717972 0.002234425478989277 0.9999945608967742 0.0023072820204983746 -0.0014813160766165509 -0.0023047207700356287 0.999996616569728 -0.12042261688361577 0.041840952135217435 -0.4518792769705584
FixedParameters: 0 0 0
#Transform 17
Transform: MatrixOffsetTransformBase_double_3_3
Parameters: 0.9999973363370073 -0.0018732728412107756 0.0014676328024614438 0.0018707390985210916 0.9999962667173438 0.001975679684521975 -0.0014712421071828134 -0.001973322082869544 0.9999972722971747 -0.11284072464121664 0.08769265733508291 -0.46015349693198004
FixedParameters: 0 0 0
#Transform 18
Transform: MatrixOffsetTransformBase_double_3_3
Parameters: 0.9999965139337538 -0.0018958599865496902 0.00170102976579088 0.0018932588475464556 0.9999970140206929 0.0014391527150917072 -0.0017029064027349373 -0.0014358477365268019 0.9999973670910672 -0.12429252138436198 0.12010136589275078 -0.45766360551149177
FixedParameters: 0 0 0
#Transform 19
Transform: MatrixOffsetTransformBase_double_3_3
Parameters: 0.9999973897784766 -0.00187819836016552 0.001442884070228498 0.0018755522730255526 0.9999957487608848 0.002048594578328955 -0.0014467847534374468 -0.002045405780665893 0.9999972605787151 -0.1277229242320601 0.08903709874259391 -0.4147506187896255
FixedParameters: 0 0 0
#Transform 20
Transform: MatrixOffsetTransformBase_double_3_3
Parameters: 0.9999965342262553 -0.001977084027625417 0.0018857525499784732 0.001973033840405168 0.9999961502392949 0.0021987032083193303 -0.001890434689013489 -0.0021952982340025518 0.9999957303363755 -0.1182683291649056 0.06859081160951064 -0.4324039378482709
FixedParameters: 0 0 0
#Transform 21
Transform: MatrixOffsetTransformBase_double_3_3
Parameters: 0.9999969593602145 -0.002110797774706192 0.0016082246729374875 0.0021062975823318343 0.9999947224173878 0.00234732361001988 -0.001613355588215923 -0.002343674734332696 0.9999962341716847 -0.1266129223896968 0.09965931019218033 -0.4733147533867026
FixedParameters: 0 0 0
#Transform 22
Transform: MatrixOffsetTransformBase_double_3_3
Parameters: 0.9999951313012774 -0.002232018269503903 0.00197186447652096 0.0022257789702737063 0.9999931488315004 0.0027961659031230657 -0.0019781561987122723 -0.002791831184030119 0.9999943695409069 -0.12393884206676375 0.04957748289783126 -0.46675900161079653
FixedParameters: 0 0 0
#Transform 23
Transform: MatrixOffsetTransformBase_double_3_3
Parameters: 0.9999954802241753 -0.0023256306602171973 0.0017641374001781155 0.0023224641424214555 0.999996296288924 0.001547123045311738 -0.0017677508131629092 -0.0015438772189720618 0.9999974067816781 -0.12797606456204846 0.08559973270412513 -0.5037989705682762
FixedParameters: 0 0 0
#Transform 24
Transform: MatrixOffsetTransformBase_double_3_3
Parameters: 0.999996714804371 -0.0018913865990836088 0.0016455693748332622 0.001887426657442054 0.9999962430871552 0.0021952490316935747 -0.0016500749593391503 -0.002191749918283248 0.999995848808716 -0.11936996499650832 0.025583629859625034 -0.4501259138347038
FixedParameters: 0 0 0
#Transform 25
Transform: MatrixOffsetTransformBase_double_3_3
Parameters: 0.9999989279106207 -0.0010933006805663632 -0.0009359073852017471 0.0010969341736105946 0.9999929153427961 0.0035599326894727445 0.000932568202386267 -0.003561069678783002 0.9999936581456165 -0.053367967300644636 0.10799503061375049 -0.657243329569063
FixedParameters: 0 0 0
#Transform 26
Transform: MatrixOffsetTransformBase_double_3_3
Parameters: 0.9999981870138532 -0.0016769272568663395 -0.00003049344642563971 0.0016770515149445466 0.9999815533207311 0.005813209361168192 0.000021191441632530558 -0.005813789022497573 0.9999830395193642 -0.06758208420767176 -0.005729173314591662 -0.6864184628489909
FixedParameters: 0 0 0
#Transform 27
Transform: MatrixOffsetTransformBase_double_3_3
Parameters: 0.9999996351674266 -0.0006025482200720544 -0.00004591608371897145 0.0006022151058871404 0.9999823909148394 0.005851970892968711 0.00004277393966017186 -0.005852024347590384 0.9999827518798667 -0.08967120975117382 0.09726643414003888 -0.8394108146524175
FixedParameters: 0 0 0
#Transform 28
Transform: MatrixOffsetTransformBase_double_3_3
Parameters: 0.9999985330801129 -0.00156688262300971 -0.00010657987882738636 0.001568861280566641 0.9998198379080578 0.01891106625903255 0.00007765113029425084 -0.018910938953915324 0.9998213788306709 -0.08563929461908515 -0.059939945930125305 -1.38423536484855
FixedParameters: 0 0 0
#Transform 29
Transform: MatrixOffsetTransformBase_double_3_3
Parameters: 0.9999968703606477 -0.002076774498814529 0.0013481925285627689 0.002042115604988073 0.9996802154008346 0.02520196064550631 -0.001399430668118385 -0.025199029005595064 0.9996813211549719 -0.11075591145809938 -0.020191278507553534 -1.710534262203133
FixedParameters: 0 0 0
#Transform 30
Transform: MatrixOffsetTransformBase_double_3_3
Parameters: 0.9999961593489819 -0.0022874080801454696 0.0012685498911098666 0.002255962984929161 0.9997138643468695 0.023807119289996376 -0.0013230466661480079 -0.023804868195745954 0.9997156814544961 -0.09344988387753972 -0.047095154022130714 -1.704154324162495
FixedParameters: 0 0 0
#Transform 31
Transform: MatrixOffsetTransformBase_double_3_3
Parameters: 0.999991790852056 -0.0028751624975499315 0.0028181497976784557 0.0028082438219547306 0.9997187985311156 0.02353459294912505 -0.002885030524029549 -0.023526413794966283 0.9997194654870127 -0.11403534551536154 -0.0177647563910881 -1.5678706383322023
FixedParameters: 0 0 0
#Transform 32
Transform: MatrixOffsetTransformBase_double_3_3
Parameters: 0.9999936162154276 -0.0022984801261578696 0.00266498572660977 0.002231802890582158 0.9996916939315079 0.02472750529783635 -0.002720549860671506 -0.024721515838306368 0.9996911292724705 -0.08918852057931304 -0.07060234300105606 -1.6254505686600282
FixedParameters: 0 0 0
#Transform 33
Transform: MatrixOffsetTransformBase_double_3_3
Parameters: 0.9999948520448757 -0.0025109404992487597 0.0022003582890724725 0.0024574297332309214 0.9997041104421454 0.024205366684137225 -0.002260642114740576 -0.02419966196215531 0.9997050440220624 -0.09532971680440028 0.023791414480427875 -1.6360756601386939
FixedParameters: 0 0 0
#Transform 34
Transform: MatrixOffsetTransformBase_double_3_3
Parameters: 0.999993431802981 -0.002897245807702365 0.0022744127366525666 0.0028405830698719154 0.9996955495850725 0.024487474354470767 -0.0023452927811437505 -0.024480506863176738 0.9996977663638265 -0.10332097373498073 -0.0019668784658080085 -1.597021131706022
FixedParameters: 0 0 0
#Transform 35
Transform: MatrixOffsetTransformBase_double_3_3
Parameters: 0.9999946903456179 -0.002330780573465831 0.002208563525292324 0.002275927843993676 0.9996956291963818 0.024580979770798705 -0.002264756776985684 -0.024576053432612266 0.999695669368002 -0.09011447507035086 -0.011110561770323102 -1.6365039718280059
FixedParameters: 0 0 0
#Transform 36
Transform: MatrixOffsetTransformBase_double_3_3
Parameters: 0.9999919640482616 -0.0030674927502592876 0.002574295784941523 0.0030059291652838275 0.9997229533135819 0.02335988156605362 -0.002645687854439862 -0.02335213429752947 0.9997238516893622 -0.1117593111207782 0.0778011686428357 -1.6038793306392805
FixedParameters: 0 0 0
#Transform 37
Transform: MatrixOffsetTransformBase_double_3_3
Parameters: 0.9999941368539355 -0.0023431284910169926 0.002317470793166173 0.002288289123077573 0.9997198375735834 0.02357925672973521 -0.002372560172073877 -0.0235737733046667 0.9997194383188921 -0.09287834975883413 -0.014853353806117298 -1.5497127812980196
FixedParameters: 0 0 0
#Transform 38
Transform: MatrixOffsetTransformBase_double_3_3
Parameters: 0.9999961764394538 -0.002207725035559657 0.0017179803428132522 0.0021648401248503075 0.9996984002248706 0.02444777322550651 -0.0017706073622550738 -0.02444419839279588 0.9996993821176745 -0.10038589573223078 -0.002658688287326072 -1.59873470874669
FixedParameters: 0 0 0
#Transform 39
Transform: MatrixOffsetTransformBase_double_3_3
Parameters: 0.9999935684312143 -0.002573104367697116 0.0026097535368684466 0.0025112050785066446 0.9997224885593222 0.023420355240343027 -0.002669311243883914 -0.023413637533896386 0.9997222141905807 -0.10158083687854003 0.07385220297601336 -1.6223957216297151
FixedParameters: 0 0 0
#Transform 40
Transform: MatrixOffsetTransformBase_double_3_3
Parameters: 0.9999947261141096 -0.002059887600770631 0.002455654383806084 0.0020009144614772686 0.9997109122042085 0.023978616075079756 -0.0025041347001844433 -0.023973430170464716 0.9997099474220266 -0.08700728427550075 -0.05719879928045657 -1.5784645689111088
FixedParameters: 0 0 0
#Transform 41
Transform: MatrixOffsetTransformBase_double_3_3
Parameters: 0.9999942408523206 -0.0025061636192096537 0.002340262711681561 0.0024511084660140438 0.9997267905240629 0.023247722271833138 -0.0023984605062681787 -0.02324226316408451 0.9997266414211625 -0.11399210502953849 -0.015931053334497847 -1.613276619444676
FixedParameters: 0 0 0
#Transform 42
Transform: MatrixOffsetTransformBase_double_3_3
Parameters: 0.9999940240114541 -0.0022946165698267207 0.0025903938526996664 0.0022324563213088028 0.9997162143985318 0.023725531566230945 -0.0026443598780245873 -0.023719475942056784 0.9997151336587892 -0.08492326299783315 0.06704806642235894 -1.5949650277824574
FixedParameters: 0 0 0
#Transform 43
Transform: MatrixOffsetTransformBase_double_3_3
Parameters: 0.9999956949939298 -0.0019680012747628427 0.002330707144176008 0.001911921077896122 0.9997087571701258 0.02407133199185696 -0.0023768269839897064 -0.02406666787536174 0.9997071337561272 -0.0980241481364601 -0.06457877697052083 -1.6209266601879548
FixedParameters: 0 0 0
#Transform 44
Transform: MatrixOffsetTransformBase_double_3_3
Parameters: 0.9999945801314793 -0.002487764839837772 0.0020569504883805627 0.0024381451856600156 0.9997184736355309 0.023592953335379474 -0.0021154458495861984 -0.02358805429562208 0.999719925139218 -0.13017290192952657 0.04043863260129399 -1.6429257311715588
FixedParameters: 0 0 0
#Transform 45
Transform: MatrixOffsetTransformBase_double_3_3
Parameters: 0.9999924091913718 -0.0023802887809188595 0.0029875641286465633 0.0022702953463445553 0.9993415523794733 0.03622549510983697 -0.003071798985205338 -0.0362185213596658 0.999338918785114 -0.1275618762718267 -0.030840254341001128 -1.93065585704219
FixedParameters: 0 0 0
#Transform 46
Transform: MatrixOffsetTransformBase_double_3_3
Parameters: 0.9999932164815566 -0.001942677545203719 0.0031638180946528503 0.0017908118224533188 0.9988797712123088 0.04728493662320332 -0.0032521077623925334 -0.04727908785687657 0.9988767519065394 -0.19548518452356234 0.06667870557797073 -2.473287551905379
FixedParameters: 0 0 0
#Transform 47
Transform: MatrixOffsetTransformBase_double_3_3
Parameters: 0.9999932505363053 -0.0019237112201959065 0.0031700951342720487 0.0017750331447085796 0.9989314072467831 0.04617787011412866 -0.003255445938206949 -0.04617211537831867 0.9989282926119462 -0.19554111479305902 -0.09678449332851358 -2.359016762394347
FixedParameters: 0 0 0
#Transform 48
Transform: MatrixOffsetTransformBase_double_3_3
Parameters: 0.9999917864736936 -0.0018844766815491795 0.003696020510611605 0.0017292821779524782 0.999132279651945 0.041607255193150755 -0.0037715624128557028 -0.0416007236598932 0.9991272078606238 -0.19065277438582484 0.02305467935276795 -2.247615808389618
FixedParameters: 0 0 0
#Transform 49
Transform: MatrixOffsetTransformBase_double_3_3
Parameters: 0.9999860525253242 -0.0024953768910541065 0.0045521660964054945 0.0022887296103409668 0.9989947561276079 0.04476584198276143 -0.004659095148609552 -0.044755157203603374 0.9989872556541537 -0.23714691265617205 -0.14729456962666632 -2.2641885278566036
FixedParameters: 0 0 0
#Transform 50
Transform: MatrixOffsetTransformBase_double_3_3
Parameters: 0.9999881170570871 -0.002503737437104015 0.004196932166127122 0.0023093262183825837 0.9989544993009406 0.045661493689416355 -0.0043069353387600725 -0.04565154574960556 0.9989483841670924 -0.221652650827167 -0.11635171316054027 -2.299365831621664
FixedParameters: 0 0 0
#Transform 51
Transform: MatrixOffsetTransformBase_double_3_3
Parameters: 0.9999881513814279 -0.0023335808700661064 0.004404629916259881 0.002134008419126196 0.9989903274521856 0.04486286523426286 -0.004505172171651312 -0.04485207790326762 0.99898338432794 -0.2256324695565155 -0.04066022256638746 -2.2948611873411267
FixedParameters: 0 0 0
#Transform 52
Transform: MatrixOffsetTransformBase_double_3_3
Parameters: 0.9999911780502668 -0.0019059632795833056 0.003631945203552582 0.0017433645637778626 0.9990140323829565 0.0443634206095492 -0.0037122356998356607 -0.044356564492111644 0.999008572508421 -0.1830656016390435 0.02336741183269453 -2.2463909389609498
FixedParameters: 0 0 0
#Transform 53
Transform: MatrixOffsetTransformBase_double_3_3
Parameters: 0.999986425285494 -0.0025577748914693125 0.0044758368040281 0.002351643284232638 0.9989681406323208 0.045345942559022884 -0.004587321678765168 -0.04533504375252989 0.9989616207848715 -0.23176234420066066 -0.06329938678575786 -2.2681103229996182
FixedParameters: 0 0 0
#Transform 54
Transform: MatrixOffsetTransformBase_double_3_3
Parameters: 0.9999942773764406 -0.001524218935813621 0.0030660461934232533 0.0013828832554552998 0.9989617365983103 0.04554057263990016 -0.0031319213693319875 -0.04553545900346584 0.9989579559065477 -0.1862195618057001 -0.045304142437387895 -2.275230384361585
FixedParameters: 0 0 0
#Transform 55
Transform: MatrixOffsetTransformBase_double_3_3
Parameters: 0.9999878755202144 -0.002399325656290808 0.004400739811945896 0.0022001912260943167 0.9989947132960365 0.04476821381583179 -0.004503836354978939 -0.044757759785162915 0.998987676386631 -0.22418821878679296 -0.0009738321394223703 -2.2889920228572294
FixedParameters: 0 0 0
#Transform 56
Transform: MatrixOffsetTransformBase_double_3_3
Parameters: 0.9999919305215873 -0.001975857327788192 0.003628316365342046 0.0018110971393089886 0.9989863289751457 0.0449836900014855 -0.0037134968527208234 -0.044976332513016526 0.9989811336958588 -0.19166395380092638 -0.03172454586758988 -2.26107823725021
FixedParameters: 0 0 0
#Transform 57
Transform: MatrixOffsetTransformBase_double_3_3
Parameters: 0.9999904442051821 -0.0020814672950906173 0.0037716876741961444 0.0019082528557692801 0.99897178474187 0.04528510173040079 -0.003861583217167253 -0.04527683397360974 0.9989668012394803 -0.19322622180929727 -0.06377996814416065 -2.2567395186235473
FixedParameters: 0 0 0
#Transform 58
Transform: MatrixOffsetTransformBase_double_3_3
Parameters: 0.9999915697515581 -0.002258117251051807 0.0035116582602127883 0.002099712702884349 0.9990109766046281 0.04441855944362341 -0.0036084253751397307 -0.04441049803453562 0.9990073301627159 -0.231420984330029 0.00034547964979481094 -2.3241205816179757
FixedParameters: 0 0 0
#Transform 59
Transform: MatrixOffsetTransformBase_double_3_3
Parameters: 0.9999913682275257 -0.0021920620838868483 0.0035815438868705496 0.002029866401454619 0.9989967436335435 0.044727225261272624 -0.003675657227730215 -0.044719774529119516 0.9989932216531653 -0.20111426274871747 -0.09879067773832162 -2.2718793331700198
FixedParameters: 0 0 0
#Transform 60
Transform: MatrixOffsetTransformBase_double_3_3
Parameters: 0.9999915312823053 -0.002308078148337392 0.0034845478037976775 0.0021528018188615413 0.9990302843141383 0.04397369910069837 -0.003582379980698791 -0.043966298692870026 0.9990266376030215 -0.22939358685222544 -0.06848976452589284 -2.3266171695507865
FixedParameters: 0 0 0
#Transform 61
Transform: MatrixOffsetTransformBase_double_3_3
Parameters: 0.9999864288917424 -0.002497820156577492 0.004508715412203007 0.002295926466122522 0.9990171098626814 0.0442677849694503 -0.004615515323601741 -0.04425726467201732 0.9990100318965839 -0.22276027672018017 -0.03841561010212047 -2.2758169455819797
FixedParameters: 0 0 0
#Transform 62
Transform: MatrixOffsetTransformBase_double_3_3
Parameters: 0.9999928650915373 -0.002738915504262234 0.0027630394328240306 0.0026168458452767683 0.9990669475572174 0.043102001601442785 -0.0028785039004645056 -0.04309400788105311 0.9990673012005533 -0.22113412347299288 -0.10146909172057406 -2.2561733099202073
FixedParameters: 0 0 0
#Transform 63
Transform: MatrixOffsetTransformBase_double_3_3
Parameters: 0.9999830576304253 -0.005862375747381198 0.0007569989436999698 0.005837658529758353 0.9995416709787462 0.029714204112205878 -0.000930289425395825 -0.02970983057099194 0.9995583744561443 -0.1829543612942075 0.1316518145191452 -1.9925935342929932
FixedParameters: 0 0 0
#Transform 64
Transform: MatrixOffsetTransformBase_double_3_3
Parameters: 0.9999828073057144 -0.005894750994425195 0.0006701680624193391 0.005872920920288694 0.9995905564081153 0.02799063017330189 -0.0008344819394721611 -0.027986365283734826 0.9996082180242777 -0.21643059499679396 0.08491302731206929 -1.928007474236388
FixedParameters: 0 0 0
#Transform 65
Transform: MatrixOffsetTransformBase_double_3_3
Parameters: 0.9999832143021731 -0.0057260280431095465 0.000009896484064550286 0.005723384897838016 0.9996340814861095 0.026453948289588775 -0.000161960553759491 -0.026453084818909983 0.9996503002008565 -0.1982662974186269 0.09079803787119545 -1.8828897073507136
FixedParameters: 0 0 0
#Transform 66
Transform: MatrixOffsetTransformBase_double_3_3
Parameters: 0.9999941780663968 -0.00326025032451816 0.00044121583497384843 0.0032453448101301737 0.9995629300056059 0.029393618226998902 -0.0005363222597055584 -0.029392409749018827 0.9995679722975459 -0.19999126894751384 0.10375121499691886 -2.031217777978611
FixedParameters: 0 0 0
#Transform 67
Transform: MatrixOffsetTransformBase_double_3_3
Parameters: 0.999997996440597 -0.002230667302244527 -0.00016817930501078753 0.00223443690607934 0.9995503072048896 0.029909360359329007 0.00010121553442231314 -0.029909622470444763 0.9995521308153122 -0.22941478676915494 0.1476388802429085 -1.9841658154792015
FixedParameters: 0 0 0
#Transform 68
Transform: MatrixOffsetTransformBase_double_3_3
Parameters: 0.9999929058913622 -0.0036132326584134675 0.00019791152194875272 0.003605896047483667 0.9995793711355772 0.02875506310536316 -0.0003016551433793999 -0.028753905949012087 0.9995865457308899 -0.20133843649956873 0.15394472292656758 -2.102028415176548
FixedParameters: 0 0 0
#Transform 69
Transform: MatrixOffsetTransformBase_double_3_3
Parameters: 0.999989222309285 -0.0046363561598325685 0.0005331288977405387 0.004619399239423829 0.9996074096358426 0.027625742086342525 -0.0006605046250136394 -0.027623251536876114 0.9996182872531625 -0.2081133611960837 0.08718108350505815 -2.0227688064755114
FixedParameters: 0 0 0
#Transform 70
Transform: MatrixOffsetTransformBase_double_3_3
Parameters: 0.9999916255622756 -0.004033877807019851 0.0010504617948892464 0.004000549954675965 0.9995531027299083 0.02962982782232032 -0.0011699145379990184 -0.02962518946907608 0.9995605517509812 -0.19182789127145838 0.06019551814458168 -2.0380804284815284
FixedParameters: 0 0 0
#Transform 71
Transform: MatrixOffsetTransformBase_double_3_3
Parameters: 0.9999915180340959 -0.0038373866470871134 0.001660908863504233 0.0037847939499699684 0.9995332270338498 0.030295313286039016 -0.001776217916234953 -0.030288652476797018 0.999539652290831 -0.18870695274812022 0.08115932094828793 -2.0768959178381365
FixedParameters: 0 0 0
#Transform 72
Transform: MatrixOffsetTransformBase_double_3_3
Parameters: 0.9999924796169548 -0.003402083809132732 0.0017163932020555226 0.003346668740983553 0.9994948101556693 0.03159348438781395 -0.0018221616363902806 -0.03158748952554802 0.9994992454441493 -0.18370974856982514 0.07322597393864783 -2.079852552056238
FixedParameters: 0 0 0
#Transform 73
Transform: MatrixOffsetTransformBase_double_3_3
Parameters: 0.9999933828489453 -0.0030665418090834503 0.002053505969853165 0.0029951089038595096 0.9994318871001621 0.0335604805244098 -0.0021547558841073728 -0.0335545034664341 0.9994346425858703 -0.20416076176825015 0.03765685806679642 -2.1186797292214266
FixedParameters: 0 0 0
#Transform 74
Transform: MatrixOffsetTransformBase_double_3_3
Parameters: 0.9999565854778127 0.004486957100716523 -0.008141371338505983 -0.004151516989613105 0.9991586130238401 0.04080085136708253 0.008317177432328333 -0.04076513773495197 0.9991340104079186 0.04464398212016363 0.09055698956466074 -2.460013514988418
FixedParameters: 0 0 0
#Transform 75
Transform: MatrixOffsetTransformBase_double_3_3
Parameters: 0.999965605879111 0.004196521949112937 -0.00719582685799647 -0.003927852277716553 0.9993098172771198 0.036926347719618835 0.007346229349321754 -0.03689660174657414 0.9992918967018847 0.04253463542168845 0.0025993453786981036 -2.330168687397858
FixedParameters: 0 0 0
#Transform 76
Transform: MatrixOffsetTransformBase_double_3_3
Parameters: 0.9999782755690126 0.0025675821248058502 -0.00601091404902343 -0.002349191045122716 0.9993473982415593 0.03604203530993641 0.006099642196848432 -0.03602694330758352 0.9993320363723632 0.011921342698627768 -0.017889494460106903 -2.420452751357381
FixedParameters: 0 0 0
#Transform 77
Transform: MatrixOffsetTransformBase_double_3_3
Parameters: 0.999980914711637 0.002824769641296382 -0.005577159218200252 -0.002620519048459654 0.9993364572900391 0.036330183559471346 0.005676149766470999 -0.03631479448443989 0.9993239135156854 0.0007516897457264804 -0.030180853636480265 -2.366766603526166
FixedParameters: 0 0 0
#Transform 78
Transform: MatrixOffsetTransformBase_double_3_3
Parameters: 0.9999788256805342 0.0028131671573494825 -0.005853265107580644 -0.0025922808730603924 0.9992945014639034 0.03745720649824266 0.005954261795826369 -0.03744179146066884 0.999281380443175 -0.000023300812344473343 -0.055485851705981304 -2.403620771361176
FixedParameters: 0 0 0
#Transform 79
Transform: MatrixOffsetTransformBase_double_3_3
Parameters: 0.9999807958530379 0.002797366156604519 -0.005511756969702649 -0.0025946491564782063 0.9993319114671947 0.036446808881247045 0.005609866651683387 -0.036431165496058265 0.9993203763760541 0.011007731930604336 0.032956881829662166 -2.4039325113300407
FixedParameters: 0 0 0
#Transform 80
Transform: MatrixOffsetTransformBase_double_3_3
Parameters: 0.999978051905485 0.0030280218400168517 -0.005897156075636237 -0.00281036207434665 0.9993225005982604 0.03670288267063479 0.006004307437482482 -0.03668512984903932 0.9993087148843768 0.01684222684650649 0.01826056853738578 -2.3319783745836205
FixedParameters: 0 0 0
#Transform 81
Transform: MatrixOffsetTransformBase_double_3_3
Parameters: 0.9999795891156203 0.0029995333698377685 -0.0056050719510606995 -0.0027873915444576996 0.9992979245142293 0.03735909291408282 0.005712913105131367 -0.03734291858629887 0.9992864677237194 0.0054691343370194545 0.0008220779975971482 -2.362701560314953
FixedParameters: 0 0 0
#Transform 82
Transform: MatrixOffsetTransformBase_double_3_3
Parameters: 0.9999823190198933 0.0028544075802408903 -0.0052470196601347024 -0.0026603106206481396 0.9993256452938328 0.03662489309255754 0.005348383599492359 -0.03661009518624492 0.9993150680666785 0.0023032923763111057 0.0568646975733742 -2.3888598986567686
FixedParameters: 0 0 0
#Transform 83
Transform: MatrixOffsetTransformBase_double_3_3
Parameters: 0.999983853682403 0.002721558354758261 -0.004974185226707724 -0.0025369296746511555 0.9993184193967809 0.03683686862761912 0.005070175360023807 -0.03682313619612368 0.9993085938821044 -0.0009139348049274076 0.044364665938061876 -2.3947801513709237
FixedParameters: 0 0 0
#Transform 84
Transform: MatrixOffsetTransformBase_double_3_3
Parameters: 0.9999717243270155 0.0038115382744926176 -0.00646089854511089 -0.0035432823812195364 0.999149376628762 0.04109400407186847 0.006612403391281315 -0.04107002962941875 0.9991344118940945 0.01065188487629598 0.008264920807491194 -2.456186384636311
FixedParameters: 0 0 0
#Transform 85
Transform: MatrixOffsetTransformBase_double_3_3
Parameters: 0.9999796090670899 0.003932259841440742 -0.004992282700739827 -0.003748006752979515 0.9993259241938004 0.03651441489919394 0.005133020847046618 -0.03649456938374929 0.9993206129929147 0.012793518874758547 0.19905592127852856 -2.57057433962666
FixedParameters: 0 0 0
#Transform 86
Transform: MatrixOffsetTransformBase_double_3_3
Parameters: 0.9999822360102456 0.0036762411897628836 -0.004716604515713456 -0.0035002751923695185 0.999317044718014 0.03679232640850991 0.004849160308327404 -0.03677571489213968 0.9993121242309521 0.00688066443044022 -0.06456462933998353 -2.498702641577708
FixedParameters: 0 0 0
#Transform 87
Transform: MatrixOffsetTransformBase_double_3_3
Parameters: 0.9999838973523947 0.002904445920049457 -0.004966759613666306 -0.0027078557935942427 0.9992284653798227 0.03918060322817438 0.005076199358867527 -0.03916642145092308 0.9992201010256557 -0.035108522564314626 -0.07659751711391038 -2.5720379055324116
FixedParameters: 0 0 0
#Transform 88
Transform: MatrixOffsetTransformBase_double_3_3
Parameters: 0.9999865722969111 0.0027582679099026107 -0.004338236786013513 -0.0025833314658523852 0.9992016016787056 0.03986499170126129 0.00444444345393 -0.03985296236149488 0.9991952086196152 -0.03450528002032627 -0.06023388929254736 -2.5773438146532186
FixedParameters: 0 0 0
#Transform 89
Transform: MatrixOffsetTransformBase_double_3_3
Parameters: 0.9999868338888656 0.0024790954413722293 -0.004584523000822544 -0.0022941308593450002 0.9992037429737641 0.0398268355526922 0.004680285439519298 -0.039815166023654674 0.9991963869666806 -0.026457590503270012 -0.06575792865181995 -2.5399869783966054
FixedParameters: 0 0 0
#Transform 90
Transform: MatrixOffsetTransformBase_double_3_3
Parameters: 0.9999861149722141 0.002604330203276894 -0.004593792126958647 -0.0024176578050375775 0.9991890743449839 0.040192504108202826 0.004694587252133093 -0.04018053170236738 0.999181801985141 -0.02293367660053036 -0.0043480023329180995 -2.542284835926999
FixedParameters: 0 0 0
#Transform 91
Transform: MatrixOffsetTransformBase_double_3_3
Parameters: 0.999984425580769 0.002674422290168253 -0.004839866630381129 -0.0024769570270447815 0.9991831920202844 0.04033927352533992 0.004943298724687509 -0.04032675046552561 0.9991743816784344 -0.021263130593439428 0.015204282934604407 -2.5067796424441156
FixedParameters: 0 0 0
#Transform 92
Transform: MatrixOffsetTransformBase_double_3_3
Parameters: 0.9999860504375975 0.0026710609667064435 -0.004451803125833834 -0.0024846028670828723 0.9991450613136587 0.04126969338467887 0.004557671902179211 -0.04125831162712895 0.9991380796922815 -0.021131242439309972 0.001812118495806203 -2.5191672933853155
FixedParameters: 0 0 0
#Transform 93
Transform: MatrixOffsetTransformBase_double_3_3
Parameters: 0.9999867596958626 0.0025921853525272334 -0.004530088848257197 -0.002402549872572388 0.9991381508270544 0.04144250528799959 0.0046332354578726325 -0.041431464361393416 0.9991300614190862 -0.023169594439295338 0.03539566006705286 -2.5166948601346704
FixedParameters: 0 0 0
#Transform 94
Transform: MatrixOffsetTransformBase_double_3_3
Parameters: 0.9999885974715059 0.0025156829074942312 -0.004132034611796898 -0.002347307780338542 0.9991833408543065 0.04032839283472245 0.004229961765832868 -0.040318579989347014 0.9991779463712747 -0.024706743856540925 0.08999073590450735 -2.5071246457888634
FixedParameters: 0 0 0
#Transform 95
Transform: MatrixOffsetTransformBase_double_3_3
Parameters: 0.9999886011588044 0.002443870570188961 -0.004174937270129515 -0.0022678119784680702 0.999133491300901 0.04154912996101573 0.004272217017406193 -0.041538839561729324 0.9991277923760679 -0.037306790041242266 -0.04538205037135867 -2.493850397019024
FixedParameters: 0 0 0
#Transform 96
Transform: MatrixOffsetTransformBase_double_3_3
Parameters: 0.9999914045726357 0.00219543887074476 -0.0035740302814416206 -0.0020536816980026235 0.9992251037671361 0.039299434392313454 0.0036577919079983467 -0.039291524289487095 0.9992208230895057 -0.06910490027530614 0.04071711019527413 -2.502250878296259
FixedParameters: 0 0 0
#Transform 97
Transform: MatrixOffsetTransformBase_double_3_3
Parameters: 0.9999898141904837 0.0032303345060174086 -0.003122683531589711 -0.003106752217819775 0.9992419578437325 0.038805663169919985 0.0032455016395951408 -0.03879532604862443 0.9992417498659872 -0.05292822407076869 -0.02916861451602415 -2.409528982441614
FixedParameters: 0 0 0
#Transform 98
Transform: MatrixOffsetTransformBase_double_3_3
Parameters: 0.9999932958396484 0.002548991723464757 -0.0024913355065900107 -0.002453371218486924 0.9992843826251852 0.03774199605974771 0.002585554667008891 -0.037735997739992255 0.9992844252085812 -0.10578032981632646 -0.048017012732259445 -2.5014912886310228
FixedParameters: 0 0 0
#Transform 99
Transform: MatrixOffsetTransformBase_double_3_3
Parameters: 0.9999908797639574 0.0030035305467931974 -0.0028457846074304662 -0.0028915338840199718 0.9992436258718154 0.03877208750814587 0.0029596720053859608 -0.038763908489851645 0.9992441952285349 -0.06659499383717105 -0.036983654499536556 -2.416221174195485
FixedParameters: 0 0 0
#Transform 100
Transform: MatrixOffsetTransformBase_double_3_3
Parameters: 0.9999923834919175 0.0027681845077775335 -0.002637055027334616 -0.0026652149224579338 0.9992620483742556 0.03831298347487494 0.0027409164417490266 -0.038305981425534236 0.9992620124032958 -0.08210163348731214 -0.05139851539144047 -2.4685282692102533
FixedParameters: 0 0 0
#Transform 101
Transform: MatrixOffsetTransformBase_double_3_3
Parameters: 0.9999935443965878 0.002779588780126931 -0.0023942049710083046 -0.0026835108855842275 0.9992389186401163 0.038918554912082154 0.002500312260037377 -0.03891146833196882 0.9992397126629893 -0.07417578698354532 0.04032438239292446 -2.409827082875317
FixedParameters: 0 0 0
#Transform 102
Transform: MatrixOffsetTransformBase_double_3_3
Parameters: 0.999994411565981 0.0023245225803075835 -0.002277105836928157 -0.0022333336494424964 0.9992276219098116 0.03922907988699523 0.0023665174650966954 -0.039223872235091856 0.9992271620369553 -0.09076774724013603 -0.03915135115178714 -2.3994155269599986
FixedParameters: 0 0 0
#Transform 103
Transform: MatrixOffsetTransformBase_double_3_3
Parameters: 0.9999959439072258 0.0021976605550349314 -0.0017959641940498165 -0.0021274984754504522 0.9992604764811874 0.038383919975974096 0.0018790152852107534 -0.03838002302936028 0.9992610219002827 -0.0972156016236454 0.06879028771918172 -2.396247628889128
FixedParameters: 0 0 0
#Transform 104
Transform: MatrixOffsetTransformBase_double_3_3
Parameters: 0.9999962936619247 0.0021797853622249463 -0.0017183570484936796 -0.0021109298800465427 0.9992238768688919 0.039343781757161744 0.0018034459034637447 -0.03934027671770282 0.9992246238327487 -0.10384882072909818 0.02186324598255851 -2.40991887165773
FixedParameters: 0 0 0
#Transform 105
Transform: MatrixOffsetTransformBase_double_3_3
Parameters: 0.9999959548771528 0.0015165319483807671 -0.002178675745453016 -0.001429596783956371 0.9992190321178822 0.039484762179460536 0.0022360624169659956 -0.03948223323122835 0.9992178077925632 -0.1273302396016618 0.02646725341132594 -2.4527508967799676
FixedParameters: 0 0 0
#Transform 106
Transform: MatrixOffsetTransformBase_double_3_3
Parameters: 0.9999954683243051 0.002193474524090354 -0.002172895713021066 -0.0021051410816974874 0.9992084396782173 0.0397295435336418 0.002258071342472092 -0.039724485948316346 0.9992083044895834 -0.08803058908959827 -0.00045984262065701387 -2.4181559463892697
FixedParameters: 0 0 0
#Transform 107
Transform: MatrixOffsetTransformBase_double_3_3
Parameters: 0.9999954496955814 0.002290428833519549 -0.0020745260137010743 -0.0021924091754060614 0.9989332194594452 0.04612959468343317 0.002178117610071701 -0.04612543661197405 0.9989334600386179 -0.11181492289011885 -0.01885101720100124 -2.7076888149613367
FixedParameters: 0 0 0
#Transform 108
Transform: MatrixOffsetTransformBase_double_3_3
Parameters: 0.9999985289942261 -0.00022609149816092992 0.0015556887592254388 0.00013523031604129743 0.9982899257504946 0.05846511402049928 -0.0015660257498066549 -0.05846496615841171 0.9982884299626341 -0.21147577032050435 0.1884942723900167 -3.43761506699704
FixedParameters: 0 0 0
#Transform 109
Transform: MatrixOffsetTransformBase_double_3_3
Parameters: 0.9999977884935212 -0.0017340109614088647 0.0010978370719540286 0.0016708156335986106 0.9984917561905537 0.054878047878244046 -0.0011913598608122241 -0.054875966511721636 0.9984925135362527 -0.15824847194497238 -0.1324023654646851 -3.2283883745540294
FixedParameters: 0 0 0
#Transform 110
Transform: MatrixOffsetTransformBase_double_3_3
Parameters: 0.9999998463446711 -0.0009378813983499664 0.0005235866769092813 0.0009089541781719756 0.9985950374226239 0.05297346995700822 -0.0005721431757754532 -0.05297245770860659 0.998595590938189 -0.18467604091037515 -0.0908893932666075 -3.1144435146856395
FixedParameters: 0 0 0
#Transform 111
Transform: MatrixOffsetTransformBase_double_3_3
Parameters: 0.999998499745281 -0.0005950950321471269 0.0014649589664490201 0.000518763328586115 0.9986482450825187 0.051979664770345546 -0.0014937026049987405 -0.05197934168993412 0.9986468591158324 -0.19509254689630495 -0.02537153032523065 -3.1214576857300287
FixedParameters: 0 0 0
#Transform 112
Transform: MatrixOffsetTransformBase_double_3_3
Parameters: 0.9999979982722709 -0.0008264225385942302 0.00182157559306784 0.0007310789093817098 0.9986429308831666 0.052067025150482754 -0.0018622184253876534 -0.052065896515684995 0.9986415456598899 -0.2237161865776045 -0.03317088889292563 -3.082359896638664
FixedParameters: 0 0 0
#Transform 113
Transform: MatrixOffsetTransformBase_double_3_3
Parameters: 0.999997715732771 -0.00044274751488624254 0.002255967118684675 0.00032621373118277297 0.998680083213921 0.051363270388588095 -0.0022752363847846355 -0.05136277621043528 0.9986778230639906 -0.20942640308578575 0.01860405458437242 -3.093348911714031
FixedParameters: 0 0 0
#Transform 114
Transform: MatrixOffsetTransformBase_double_3_3
Parameters: 0.9999941122403121 -0.0007830088034942381 0.0035034088102192194 0.0006020662116212514 0.9986754868873045 0.051445994270366086 -0.0035392091439460545 -0.05144402797330466 0.9986699242125602 -0.24914570287560878 0.13828719384648025 -3.0827839909967594
FixedParameters: 0 0 0
#Transform 115
Transform: MatrixOffsetTransformBase_double_3_3
