#Insight Transform File V1.0
#Transform 0
Transform: MatrixOffsetTransformBase_double_3_3
Parameters: 0.9999981874550491 -0.0009776864220098797 -0.0016904846014953454 0.0009804953894244225 0.9999982944552639 0.0018242565901194774 0.0016882259218947541 -0.0018257461962868926 0.999997231733107 -0.05426066482863234 0.06811437566194911 -0.20983494523533608
FixedParameters: 0 0 0
#Transform 1
Transform: MatrixOffsetTransformBase_double_3_3
Parameters: 0.999997246823031 -0.0017007484373200423 -0.001364057572337193 0.0017027365867744396 0.9999965483058241 0.0017577980895206458 0.0013615529631332327 -0.001760201643811743 0.9999975103436066 -0.07670090555869535 0.06797076739650265 -0.22261832868056075
FixedParameters: 0 0 0
#Transform 2
Transform: MatrixOffsetTransformBase_double_3_3
Parameters: 0.9999958068583082 -0.0016627109639267713 -0.002330003679123934 0.0016654079516315854 0.9999981648482654 0.00108815034960974 0.0023279040681154148 -0.0010918481852748851 0.999996265806277 -0.06237987513800647 0.13704253463151872 -0.28370101780678425
FixedParameters: 0 0 0
#Transform 3
Transform: MatrixOffsetTransformBase_double_3_3
Parameters: 0.999996359328032 -0.0009203928277336607 -0.0026066583144810406 0.0009258994687795698 0.9999980476879543 0.001887042433216246 0.0026042735608769046 -0.001889957763505451 0.999995178755512 -0.07062816968334573 0.06779782063391337 -0.27480154389299116
FixedParameters: 0 0 0
#Transform 4
Transform: MatrixOffsetTransformBase_double_3_3
Parameters: 0.9999959986939746 -0.0008556538569352123 -0.0025035672427423336 0.0008613958098971722 0.9999975041719978 0.002054298760084311 0.0025021168625879086 -0.0020567011421779857 0.9999950443378266 -0.03669072995218414 0.07883279534972587 -0.2566437892378346
FixedParameters: 0 0 0
#Transform 5
Transform: MatrixOffsetTransformBase_double_3_3
Parameters: 0.999988701640611 -0.00011822693000341968 -0.004720729033370817 0.00012306553189805457 0.9999992907932128 0.0010521221843158013 0.004720386977363907 -0.0010528778617311385 0.9999881953219145 0.004292702865498654 0.05814374457212068 -0.3580109296234397
FixedParameters: 0 0 0
#Transform 6
Transform: MatrixOffsetTransformBase_double_3_3
Parameters: 0.9999975740730135 -0.001886830625342698 -0.0013664790505449396 0.0018882776681439007 0.9999967396768249 0.0014787478955938238 0.0013633969714189696 -0.0014812496680798315 0.9999974535917907 -0.09529039857940802 0.11422149730286435 -0.284279352442006
FixedParameters: 0 0 0
#Transform 7
Transform: MatrixOffsetTransformBase_double_3_3
Parameters: 0.9999943811558022 -0.0030711366581056164 0.001090397814368914 0.0030685340540728824 0.9999936917471657 0.001948207402498403 -0.0010958473481293383 -0.001944793310255849 0.9999971116556066 -0.15704249609876797 0.09393709968519204 -0.3716828452857257
FixedParameters: 0 0 0
#Transform 8
Transform: MatrixOffsetTransformBase_double_3_3
Parameters: 0.9999920336668648 -0.003297919726605 0.0020222657684426846 0.003294302323198002 0.9999928783007103 0.0016509916574568018 -0.002028366185230497 -0.001644004914947178 0.9999967268352505 -0.16375548357797243 0.09129689912717254 -0.3499549598251903
FixedParameters: 0 0 0
#Transform 9
Transform: MatrixOffsetTransformBase_double_3_3
Parameters: 0.9999942796036817 -0.003324353907158997 0.0008178448806532166 0.0033229403174068178 0.9999921602921931 0.0018695338966875363 -0.0008237606943447749 -0.0018664658683924806 0.9999981404378048 -0.16465835637356463 0.11951873688185799 -0.3423985791637776
FixedParameters: 0 0 0
#Transform 10
Transform: MatrixOffsetTransformBase_double_3_3
Parameters: 0.9999928744974388 -0.002767027765344396 0.0027328022028918378 0.0027623156326188336 0.9999952682632108 0.0016412557544125406 -0.0027378602434885726 -0.0016337446159185032 0.9999952433973489 -0.1699271199668715 0.1143644301637039 -0.4225317125471548
FixedParameters: 0 0 0
#Transform 11
Transform: MatrixOffsetTransformBase_double_3_3
Parameters: 0.9999951404017202 -0.002597978677342174 0.0017637126478782636 0.002593084954052234 0.9999932705440735 0.0024676043632788913 -0.0017705608759077305 -0.002463393480907433 0.9999957124342864 -0.14277416327315962 0.07268824940877039 -0.3379777893033875
FixedParameters: 0 0 0
#Transform 12
Transform: MatrixOffsetTransformBase_double_3_3
Parameters: 0.9999915409080378 -0.0033586833452688867 0.002276391594772408 0.003353544393204748 0.999992929040795 0.0019220584042219935 -0.002282341627529677 -0.0019149418345476288 0.9999952505455683 -0.16564207733374303 0.1402122573078941 -0.4166231121378061
FixedParameters: 0 0 0
#Transform 13
Transform: MatrixOffsetTransformBase_double_3_3
Parameters: 0.9999939196905292 -0.00335645294168939 0.0013460120320841057 0.0033538650232172815 0.999991638464649 0.002296218377184328 -0.001354478129507337 -0.002291780635215096 0.9999967563077745 -0.15898388615175918 0.10664604386501253 -0.3747165538578727
FixedParameters: 0 0 0
#Transform 14
Transform: MatrixOffsetTransformBase_double_3_3
Parameters: 0.9999947401382298 -0.0030390082010752738 0.0010114782828213164 0.003036961519369102 0.999992414403464 0.0023047258250909197 -0.0010187599234476926 -0.0023022716003904264 0.9999967134751947 -0.1561022474457303 0.10760541401717205 -0.3338675300468168
FixedParameters: 0 0 0
#Transform 15
Transform: MatrixOffsetTransformBase_double_3_3
Parameters: 0.9999950892462776 -0.002577837997055539 0.001504864031569646 0.002574073966660161 0.9999938313675523 0.0025162750695960356 -0.0015118656005714108 -0.002511724747050692 0.9999956174391712 -0.1523343514318185 0.09072351825176383 -0.3627055794102887
FixedParameters: 0 0 0
#Transform 16
Transform: MatrixOffsetTransformBase_double_3_3
Parameters: 0.9999957291311294 -0.00245575299403803 0.0017997756725958896 0.002451930172323302 0.9999941085143673 0.0021813955813564656 -0.001805496207963906 -0.0021766020201632874 0.999996124506915 -0.16055871034613745 0.11146003533166038 -0.39205644067335044
FixedParameters: 0 0 0
#Transform 17
Transform: MatrixOffsetTransformBase_double_3_3
Parameters: 0.9999958827798325 -0.0025876482270121557 0.0015565591246298803 0.002583492214512698 0.9999941117994678 0.0022462140282330234 -0.0015624258444299876 -0.002241786602122292 0.9999966998713887 -0.14235122820734603 0.08398239726523116 -0.3521125189930885
FixedParameters: 0 0 0
#Transform 18
Transform: MatrixOffsetTransformBase_double_3_3
Parameters: 0.9999935997313971 -0.0032760584762448943 0.001292546785845599 0.0032730851380765214 0.9999932000174491 0.0017881377159110201 -0.0012977422219375696 -0.0017838621743430094 0.9999970200975625 -0.17308249924661823 0.11727245139616116 -0.32269062534148674
FixedParameters: 0 0 0
#Transform 19
Transform: MatrixOffsetTransformBase_double_3_3
Parameters: 0.9999948907003523 -0.003079306943912416 0.0012757876220154413 0.0030767827338472687 0.999993413279165 0.0020175804833295063 -0.001281480858843335 -0.0020134227001526728 0.9999973529033557 -0.15717436147571107 0.10928437006467107 -0.3540949709477488
FixedParameters: 0 0 0
#Transform 20
Transform: MatrixOffsetTransformBase_double_3_3
Parameters: 0.999994053281543 -0.003015979945737564 0.001688608217025146 0.0030121804931153334 0.9999933269912303 0.0021915804237875036 -0.0016948764777664038 -0.002186421435242447 0.9999961428042125 -0.15100933259211047 0.09153168870012962 -0.3229489900731153
FixedParameters: 0 0 0
#Transform 21
Transform: MatrixOffsetTransformBase_double_3_3
Parameters: 0.9999903144936612 -0.0031224959057478 0.0031514146372991383 0.003116875430216127 0.999993344231061 0.001999418472455855 -0.0031582467028072317 -0.001989582459584305 0.9999930141531893 -0.16848136333119612 0.13445971410018842 -0.43546136112126277
FixedParameters: 0 0 0
#Transform 22
Transform: MatrixOffsetTransformBase_double_3_3
Parameters: 0.9999895267473649 -0.0032511932256520755 0.0033017764597215614 0.0032425095772677897 0.9999908109851353 0.002603100462514274 -0.003310651383874591 -0.0025918952759657887 0.9999912216659379 -0.16823403967326556 0.10526599241241286 -0.44936926796496834
FixedParameters: 0 0 0
#Transform 23
Transform: MatrixOffsetTransformBase_double_3_3
Parameters: 0.9999930331118164 -0.0032693128566224604 0.001509741338149168 0.0032648447190363307 0.9999917449534098 0.002598636503470003 -0.0015187996144996798 -0.0025933648342547633 0.9999958096566606 -0.16283853264876313 0.10708736651483264 -0.3683449619414816
FixedParameters: 0 0 0
#Transform 24
Transform: MatrixOffsetTransformBase_double_3_3
Parameters: 0.9999872889730061 -0.0032269884602914526 0.0037812645618375273 0.003216787969368979 0.9999912687567355 0.002604192264266031 -0.0037898000105207963 -0.0025918052739493103 0.9999895209084149 -0.16161198193093185 0.11710149620758159 -0.438483310952833
FixedParameters: 0 0 0
#Transform 25
Transform: MatrixOffsetTransformBase_double_3_3
Parameters: 0.9999939653193991 -0.003069139692288945 0.0016168974446044773 0.0030652306375825947 0.9999910116362899 0.0027924511576519206 -0.0016247048313087194 -0.0027875476643478836 0.9999943854095832 -0.1468077738841913 0.05711842590032745 -0.3216780894324245
FixedParameters: 0 0 0
#Transform 26
Transform: MatrixOffsetTransformBase_double_3_3
Parameters: 0.9999880605719159 -0.0027195491801415023 0.003942557748524168 0.002710203590293861 0.9999932312776477 0.0025404124660434735 -0.003948880682857806 -0.0025295921717717884 0.9999889767379578 -0.12913207287911632 0.1361905001589605 -0.43642568254020375
FixedParameters: 0 0 0
#Transform 27
Transform: MatrixOffsetTransformBase_double_3_3
Parameters: 0.9999931172710749 -0.0028792500855257565 0.0023651688466883817 0.002872989110721255 0.9999930026983826 0.0024989215557733035 -0.0023721701313161154 -0.0024920772788071255 0.9999936594727202 -0.1508665359938135 0.07718836315798683 -0.3217018718812312
FixedParameters: 0 0 0
#Transform 28
Transform: MatrixOffsetTransformBase_double_3_3
Parameters: 0.9999874051561012 -0.0033151183939855947 0.0036886402336751235 0.003306093296061642 0.999991767056454 0.002378429392142556 -0.0036963532841973405 -0.002365570448075588 0.9999903852471239 -0.17671531955697617 0.13464099711069366 -0.44469585386108434
FixedParameters: 0 0 0
#Transform 29
Transform: MatrixOffsetTransformBase_double_3_3
Parameters: 0.9999932450489204 -0.0032195340817351434 0.0018412425559501538 0.003213704851661814 0.9999902922866352 0.0029722562204529124 -0.0018510385768385114 -0.0029667441619231627 0.9999943168014022 -0.1493896352380375 0.09646091421075198 -0.3843680837701129
FixedParameters: 0 0 0
#Transform 30
Transform: MatrixOffsetTransformBase_double_3_3
Parameters: 0.9999925464138634 -0.002769526790621945 0.0026041819748604668 0.002762671436327623 0.9999930920799059 0.0026121146831613595 -0.002612023309222526 -0.002604883287375598 0.9999928457226027 -0.1479809354618027 0.1170974757430372 -0.3983058256261671
FixedParameters: 0 0 0
#Transform 31
Transform: MatrixOffsetTransformBase_double_3_3
Parameters: 0.9999867310650306 -0.0029923380634040166 0.004161232995313142 0.0029822294893931695 0.9999929204746717 0.0023820221114270457 -0.004168200110854024 -0.0023699784375035005 0.9999885197470723 -0.14784890079236845 0.10811338543290105 -0.43180741702703784
FixedParameters: 0 0 0
#Transform 32
Transform: MatrixOffsetTransformBase_double_3_3
Parameters: 0.999992878512376 -0.003235366547986434 0.001911155192110799 0.0032302907914970305 0.9999915591877594 0.0027237200882527235 -0.0019204145639969213 -0.0027172815990191 0.999994517000145 -0.1660580716232971 0.10857634938200533 -0.34813067098404105
FixedParameters: 0 0 0
#Transform 33
Transform: MatrixOffsetTransformBase_double_3_3
Parameters: 0.9999900635573762 -0.0030493905938154104 0.003261561420842423 0.0030415830155724618 0.9999923415260591 0.002501475238354506 -0.003268772008297383 -0.00249052608042194 0.9999912619151146 -0.15640161427835153 0.12869042626203964 -0.44360890850536805
FixedParameters: 0 0 0
#Transform 34
Transform: MatrixOffsetTransformBase_double_3_3
Parameters: 0.9999944495880138 -0.002050765907284008 0.0025188558376726873 0.0020436434708714646 0.9999939767397186 0.002795719279829162 -0.002524679147372617 -0.0027902798797952433 0.99999287108103 -0.13299864490514324 0.07702908831217314 -0.32811783471717604
FixedParameters: 0 0 0
#Transform 35
Transform: MatrixOffsetTransformBase_double_3_3
Parameters: 0.9999872121086003 -0.003207552723522005 0.003936310570780826 0.0032001754056463325 0.9999928575842144 0.0020746201126054797 -0.003943523360734313 -0.002061380336359775 0.9999898012114544 -0.16113557882556506 0.13126890886309184 -0.4185409639932658
FixedParameters: 0 0 0
#Transform 36
Transform: MatrixOffsetTransformBase_double_3_3
Parameters: 0.9999923227988569 -0.0023984126769105336 0.0029877376541910562 0.0023906672436904584 0.9999944702472614 0.002299392040538001 -0.0029933340353207236 -0.0022926068843475977 0.9999933092696129 -0.12211583708726437 0.080307044794111 -0.32403429465689726
FixedParameters: 0 0 0
#Transform 37
Transform: MatrixOffsetTransformBase_double_3_3
Parameters: 0.9999876906472911 -0.0031142357102150213 0.003950815694059174 0.003108021869388917 0.9999943003498395 0.0015760892313077535 -0.003956162348684946 -0.0015639120684685648 0.9999914604614654 -0.15315893097776723 0.15242449430266447 -0.4211133768483606
FixedParameters: 0 0 0
#Transform 38
Transform: MatrixOffsetTransformBase_double_3_3
Parameters: 0.9999932985439302 -0.002734508752267948 0.0024941932398436185 0.0027299173992576223 0.9999943886253598 0.0021216808838875056 -0.002500367547246961 -0.002114322610270586 0.999994938022719 -0.1467128084073579 0.10323320222597943 -0.30597722112921133
FixedParameters: 0 0 0
#Transform 39
Transform: MatrixOffsetTransformBase_double_3_3
Parameters: 0.9999858003536419 -0.0031119704714000717 0.004302960616962458 0.003104212967119711 0.9999935061623935 0.0018299628921296385 -0.00430846734802648 -0.0018160364559143827 0.999988647482371 -0.15977643668537667 0.12732148483566164 -0.3893513939348594
FixedParameters: 0 0 0
#Transform 40
Transform: MatrixOffsetTransformBase_double_3_3
Parameters: 0.9999872935620449 -0.0030711485757495853 0.0040340420501155565 0.0030627951034403926 0.9999930110921738 0.002023962157327891 -0.004040594975131081 -0.0020120361954443777 0.9999901377648099 -0.1535705226404218 0.13742830311740306 -0.4094810255279171
FixedParameters: 0 0 0
#Transform 41
Transform: MatrixOffsetTransformBase_double_3_3
Parameters: 0.9999898301841993 -0.0029786849013359994 0.003209191384469481 0.002972360351968772 0.9999941329020743 0.0017689240954820162 -0.0032145056877459664 -0.0017600746677450818 0.9999934703290738 -0.16093200886025727 0.1250003035605971 -0.316974572782847
FixedParameters: 0 0 0
#Transform 42
Transform: MatrixOffsetTransformBase_double_3_3
Parameters: 0.9999908479882412 -0.0024508874075515955 0.003625847159992721 0.0024441719543147264 0.9999944956430069 0.0020246955591812776 -0.0036299097791896062 -0.002015306169738995 0.9999911914945482 -0.12849250906651832 0.10210669079806678 -0.3348726872379615
FixedParameters: 0 0 0
#Transform 43
Transform: MatrixOffsetTransformBase_double_3_3
Parameters: 0.9999866378375577 -0.003018673916196378 0.004272066098305766 0.0030101136601045526 0.9999936782674503 0.0019364656633376331 -0.004277876280585011 -0.0019235314694310557 0.9999885097178891 -0.14187478399914255 0.16695015002694902 -0.4046717688710473
FixedParameters: 0 0 0
#Transform 44
Transform: MatrixOffsetTransformBase_double_3_3
Parameters: 0.9999904471690175 -0.003379566066153002 0.0028511302166596133 0.0033722006104757105 0.9999903187012311 0.0027434700318965666 -0.0028606537928578223 -0.002734528811814352 0.9999921241277189 -0.1522725077390561 0.07316925696183318 -0.34474438713956346
FixedParameters: 0 0 0
#Transform 45
Transform: MatrixOffsetTransformBase_double_3_3
Parameters: 0.999982366794176 -0.004156356761803423 0.004166610859216348 0.004147251997378031 0.9999891125426318 0.0020923779123727393 -0.00417494611547337 -0.0020756231013586146 0.9999895680530505 -0.17572084996565707 0.13442383225667243 -0.42982618389835636
FixedParameters: 0 0 0
#Transform 46
Transform: MatrixOffsetTransformBase_double_3_3
Parameters: 0.9999807508952274 -0.00406710434289253 0.004658778721501221 0.004056414226915943 0.999989151171305 0.0022755855742961073 -0.0046687681597803125 -0.002256409491701278 0.9999863301117825 -0.18933671881154623 0.11823986520111873 -0.40046709614899356
FixedParameters: 0 0 0
#Transform 47
Transform: MatrixOffsetTransformBase_double_3_3
Parameters: 0.9999829335713225 -0.00368364796826321 0.0045278908603357294 0.0036721137349139915 0.9999898654251814 0.0024101746230439924 -0.004536160203791485 -0.0023928206556412257 0.9999865336386831 -0.18292677716084427 0.15868950532666304 -0.39551158322630187
FixedParameters: 0 0 0
#Transform 48
Transform: MatrixOffsetTransformBase_double_3_3
Parameters: 0.9999852593562553 -0.0032732266754843674 0.004361970951132064 0.0032620246046481845 0.9999915606796823 0.0025977317322225246 -0.004370272262743567 -0.0025842714482137152 0.999987271984368 -0.16594671952762496 0.11575773160593883 -0.38928269158807893
FixedParameters: 0 0 0
#Transform 49
Transform: MatrixOffsetTransformBase_double_3_3
Parameters: 0.999990041671383 -0.003682245971454401 0.0023242448570310508 0.0036765874452212017 0.9999909034594302 0.0021580193081636445 -0.0023319783614321812 -0.002149979387333356 0.9999948587279396 -0.1557328934978841 0.13328703552591037 -0.3027050415992605
FixedParameters: 0 0 0
#Transform 50
Transform: MatrixOffsetTransformBase_double_3_3
Parameters: 0.9999848340709561 -0.0034875237552820498 0.004359255216147707 0.0034808656726455106 0.9999925816275936 0.0015687069449484559 -0.004364524011559383 -0.0015542942550212657 0.9999893758361826 -0.15574823525295756 0.1388000454448246 -0.40762032669018566
FixedParameters: 0 0 0
#Transform 51
Transform: MatrixOffsetTransformBase_double_3_3
Parameters: 0.9999902322820912 -0.003584876600668821 0.0024318912723465015 0.003581114249181124 0.999991946496355 0.0017621330236640143 -0.002438322148641948 -0.0017528660955635489 0.9999951081411825 -0.1462742237137178 0.08463391748756521 -0.2670199890652043
FixedParameters: 0 0 0
#Transform 52
Transform: MatrixOffsetTransformBase_double_3_3
Parameters: 0.9999847782073387 -0.003080567569364457 0.004661586840685157 0.0030711410169080695 0.9999928759310925 0.0020783051650601903 -0.004668075622883897 -0.002063695977868374 0.9999873241157907 -0.16183784744332286 0.13535225744310253 -0.41737562697895214
FixedParameters: 0 0 0
#Transform 53
Transform: MatrixOffsetTransformBase_double_3_3
Parameters: 0.9999903081140131 -0.003921131099334578 0.0018204936192094275 0.003918107890904716 0.9999902668709221 0.002030183804637875 -0.0018282624120097434 -0.002022816273584749 0.9999958277917289 -0.13947302084092428 0.06070510487802494 -0.2578912341799793
FixedParameters: 0 0 0
#Transform 54
Transform: MatrixOffsetTransformBase_double_3_3
Parameters: 0.9999809696397622 -0.005216451085578161 0.0032891024072869437 0.005211098773407974 0.9999851319068019 0.0016330337018131413 -0.0032977115825786924 -0.0016159666883586998 0.9999935596782612 -0.19873625509031 0.16741773055582598 -0.35044928744431303
FixedParameters: 0 0 0
#Transform 55
Transform: MatrixOffsetTransformBase_double_3_3
Parameters: 0.999988166109504 -0.004605811368431641 0.0012723823400017915 0.0046036085868190095 0.9999882877279005 0.0018117895962769526 -0.0012813508219787916 -0.0018062087238339686 0.9999973333801192 -0.15983022359631605 0.07465625749730975 -0.2165850110767522
FixedParameters: 0 0 0
#Transform 56
Transform: MatrixOffsetTransformBase_double_3_3
Parameters: 0.9999852117984109 -0.00482176448092808 0.0025567622904455562 0.004816902015421151 0.9999863476455786 0.0021066515524823526 -0.002566510809804031 -0.0020943502939148873 0.999994039873247 -0.16656170264545267 0.152168433102986 -0.2969321485813623
FixedParameters: 0 0 0
#Transform 57
Transform: MatrixOffsetTransformBase_double_3_3
Parameters: 0.9999813859581942 -0.005050746887998103 0.00347880316604749 0.00504348154064275 0.9999848196308705 0.002178239243264407 -0.0034897790881866495 -0.002160759419689684 0.9999911527702833 -0.17329419729499307 0.1391468745075457 -0.33920851550065123
FixedParameters: 0 0 0
#Transform 58
Transform: MatrixOffsetTransformBase_double_3_3
Parameters: 0.9999847443582723 -0.004844803834775887 0.0027901229976783934 0.004839946002909063 0.9999868550675719 0.0016586263816140145 -0.002797999972682414 -0.0016443723471548655 0.999994434342172 -0.18454827535525453 0.14778072664527997 -0.2506263087588252
FixedParameters: 0 0 0
#Transform 59
Transform: MatrixOffsetTransformBase_double_3_3
Parameters: 0.9999802374170979 -0.005010957730158161 0.0036953173350051573 0.005005734940430821 0.9999865124868873 0.0012317596425960864 -0.003701612462501666 -0.0012132372037533257 0.9999927358914814 -0.17605468252457968 0.17764284083615678 -0.32501143587630565
FixedParameters: 0 0 0
#Transform 60
Transform: MatrixOffsetTransformBase_double_3_3
Parameters: 0.9999865085967742 -0.004716924309405453 0.0022890717124850603 0.004712801555082566 0.999986911484959 0.0018570275250589796 -0.0022984134572449797 -0.001845969230119343 0.9999957409603654 -0.16901330759327493 0.11451321664542036 -0.2543832802737498
FixedParameters: 0 0 0
#Transform 61
Transform: MatrixOffsetTransformBase_double_3_3
Parameters: 0.9999788712922892 -0.005109375614363085 0.004002435418294832 0.0051023730272843175 0.9999856277829628 0.0016995783117002006 -0.004012121811522951 -0.0016794156202206423 0.9999905346349258 -0.1900285853072603 0.15440095841047707 -0.35299513913738423
FixedParameters: 0 0 0
#Transform 62
Transform: MatrixOffsetTransformBase_double_3_3
Parameters: 0.9999885931998151 -0.004242067848992748 0.002325663704645294 0.004238949512861791 0.9999894826588156 0.001658792538228343 -0.002332546686689369 -0.0016482082678827281 0.9999956423796961 -0.15248994474397648 0.09042501825287275 -0.2449291997546652
FixedParameters: 0 0 0
#Transform 63
Transform: MatrixOffsetTransformBase_double_3_3
Parameters: 0.9999813561573737 -0.004876366191373183 0.003723554730825549 0.004870458049261291 0.9999869734248998 0.0015474020819255807 -0.003731196858907747 -0.0015295959866916398 0.9999916487236747 -0.17708725337939768 0.14636764123012824 -0.3491689993366123
FixedParameters: 0 0 0
#Transform 64
Transform: MatrixOffsetTransformBase_double_3_3
Parameters: 0.9999879043303503 -0.00417067193352108 0.002774574743767479 0.004165640022728104 0.9999894911669882 0.0019121261024818703 -0.002783110360496761 -0.0018998714803543648 0.999994147443838 -0.1648971789370961 0.09283267888837088 -0.2710486416535218
FixedParameters: 0 0 0
#Transform 65
Transform: MatrixOffsetTransformBase_double_3_3
Parameters: 0.9999770753015854 -0.004839127813649236 0.004743849161551965 0.004829242694043045 0.9999855762595675 0.002210037956888511 -0.004754519570479107 -0.002186960980382152 0.9999858321175189 -0.2055743756897357 0.16333374666773182 -0.35969960141488855
FixedParameters: 0 0 0
#Transform 66
Transform: MatrixOffsetTransformBase_double_3_3
Parameters: 0.9999887499556753 -0.004105097548889056 0.002529276641700412 0.004101290474058663 0.9999901407653466 0.001813101903361869 -0.002535779246290582 -0.0018019041882479658 0.9999950750237301 -0.14721432970112858 0.11208496222624831 -0.234274578105925
FixedParameters: 0 0 0
#Transform 67
Transform: MatrixOffsetTransformBase_double_3_3
Parameters: 0.9999756155426885 -0.0050404457936377624 0.0047934732562141215 0.005036142392620644 0.9999866599329224 0.0009832894136975745 -0.004798071373457643 -0.0009587135005886538 0.9999880699017633 -0.19335755320277315 0.18320146995657183 -0.32995101550972805
FixedParameters: 0 0 0
#Transform 68
Transform: MatrixOffsetTransformBase_double_3_3
Parameters: 0.9999883950326715 -0.004119817107271703 0.002575839995287396 0.004115047279202963 0.9999899069257657 0.0016291627966935895 -0.0025822860566775165 -0.001618835266127605 0.9999952133235585 -0.1524861351023219 0.10476447010942991 -0.2338183719946585
FixedParameters: 0 0 0
#Transform 69
Transform: MatrixOffsetTransformBase_double_3_3
Parameters: 0.9999764332172106 -0.0045491184960242265 0.005183936695313793 0.004544159384316003 0.9999895010883861 0.0008988255755128793 -0.005188010769262412 -0.000876173160301974 0.9999863567988775 -0.17470712707707037 0.16790461892210828 -0.34558024091538186
FixedParameters: 0 0 0
#Transform 70
Transform: MatrixOffsetTransformBase_double_3_3
Parameters: 0.9999872329892661 -0.004222811779396252 0.002633961176806839 0.004217667515465455 0.9999898894434479 0.0016648822887630477 -0.0026410365833919917 -0.001653114921137705 0.999994838950755 -0.1686892820389403 0.1327322480128288 -0.25384171504868647
FixedParameters: 0 0 0
#Transform 71
Transform: MatrixOffsetTransformBase_double_3_3
Parameters: 0.9999755900579917 -0.005167838324271973 0.0047652302601635865 0.005162585187372735 0.9999865677671671 0.0010660514692687195 -0.004769955239098482 -0.0010419515467150753 0.999987800427927 -0.19697838066110762 0.16833312512042653 -0.31480700605354883
FixedParameters: 0 0 0
#Transform 72
Transform: MatrixOffsetTransformBase_double_3_3
Parameters: 0.9999833286137053 -0.00455255287796421 0.0034566706637297884 0.004547343202710409 0.9999890157548607 0.0013130498994796125 -0.0034625957298770366 -0.0012969476532303514 0.999992906782834 -0.16250935254400645 0.13169186223228735 -0.2567666465243619
FixedParameters: 0 0 0
#Transform 73
Transform: MatrixOffsetTransformBase_double_3_3
Parameters: 0.9999786785402672 -0.005027341372774113 0.004248588123890631 0.0050233468061039 0.9999868420157623 0.000750062396584622 -0.004252450431873921 -0.0007289329441388381 0.9999907427954358 -0.17474214709133662 0.15891661657069278 -0.3517804671710181
FixedParameters: 0 0 0
#Transform 74
Transform: MatrixOffsetTransformBase_double_3_3
Parameters: 0.999982650152464 -0.005054770447047042 0.002966062570205316 0.005052034663699564 0.9999869589039122 0.0009831891886318 -0.0029711615199345363 -0.0009678101842228448 0.9999947880320578 -0.1769052917799172 0.12362885178309568 -0.22347048499040056
FixedParameters: 0 0 0
#Transform 75
Transform: MatrixOffsetTransformBase_double_3_3
Parameters: 0.999977250035091 -0.0051107018053822865 0.004316079727305642 0.005108427195809982 0.9999862288985656 0.0005647648312469555 -0.004319142878521301 -0.0005422337113376308 0.9999904084062319 -0.17454735247108033 0.17216596473389245 -0.3106153656035673
FixedParameters: 0 0 0
#Transform 76
Transform: MatrixOffsetTransformBase_double_3_3
Parameters: 0.9999860863787519 -0.004796798973232276 0.002429531030017875 0.004796720779224825 0.9999888676817128 0.0003359639228995015 -0.0024303215508389387 -0.00032504193802923576 0.9999970002331734 -0.16625697114889704 0.11257272845462296 -0.1712480708031947
FixedParameters: 0 0 0
#Transform 77
Transform: MatrixOffsetTransformBase_double_3_3
Parameters: 0.999984413524105 -0.004659595439816883 0.003142445798412614 0.004656938247816094 0.999989056636699 0.0007941651420740048 -0.0031462077215103253 -0.0007798347619301926 0.9999951181397001 -0.14541883377246734 0.15437962335244038 -0.22745397179927096
FixedParameters: 0 0 0
#Transform 78
Transform: MatrixOffsetTransformBase_double_3_3
Parameters: 0.9999772510111758 -0.005211542545614341 0.0041940831485455365 0.005209126877543796 0.9999864371964212 0.0004808161628067076 -0.004196600743522171 -0.0004591819974659739 0.9999913720106322 -0.1695339987839759 0.1734253186149317 -0.3369553389809923
FixedParameters: 0 0 0
#Transform 79
Transform: MatrixOffsetTransformBase_double_3_3
Parameters: 0.9999826124449975 -0.0049813591195242216 0.00325104245798121 0.0049801171187206636 0.9999876067841481 0.0005840177597856988 -0.003254187117953402 -0.0005679828915473584 0.9999943421025412 -0.17884027382092427 0.1528108397827026 -0.2291394941074003
FixedParameters: 0 0 0
#Transform 80
Transform: MatrixOffsetTransformBase_double_3_3
Parameters: 0.9999789038218047 -0.0051924107113438065 0.0038910355240426766 0.005190875875104083 0.9999862736690431 0.0002784869311117377 -0.003891651139840261 -0.0002575151178136059 0.9999924865030458 -0.1639857350807432 0.17182975059216687 -0.2681020705307944
FixedParameters: 0 0 0
#Transform 81
Transform: MatrixOffsetTransformBase_double_3_3
Parameters: 0.9999858925614835 -0.004568597950916299 0.0028703195444568018 0.0045657227255043505 0.9999895190997551 0.0008687990495956088 -0.0028736506652325324 -0.0008562037958558533 0.999995885635856 -0.13427018792322087 0.15014358653324678 -0.20139741852725024
FixedParameters: 0 0 0
#Transform 82
Transform: MatrixOffsetTransformBase_double_3_3
Parameters: 0.9999873970376566 -0.004352864704732815 0.002378376402480808 0.004349442649310933 0.9999899518429691 0.0013203670581385107 -0.0023840869930308417 -0.001310632226398989 0.999995984092628 -0.14257348262312064 0.12655332835070965 -0.2385524863960029
FixedParameters: 0 0 0
#Transform 83
Transform: MatrixOffsetTransformBase_double_3_3
Parameters: 0.9999881240958309 -0.00419194001539296 0.0023031960907928598 0.004188818014720009 0.9999900116046017 0.00129836971951805 -0.0023082993067371346 -0.0012886310000640167 0.9999967661852791 -0.13779613303145766 0.13021833051654141 -0.21082192300060143
FixedParameters: 0 0 0
#Transform 84
Transform: MatrixOffsetTransformBase_double_3_3
Parameters: 0.9999768203728286 -0.005199563426323947 0.004488012623336715 0.005196963651937217 0.9999867140794314 0.000580132703516173 -0.004491329911793154 -0.0005568653007430036 0.9999894599024289 -0.16443473447144186 0.14996410830441675 -0.32331538331723664
FixedParameters: 0 0 0
#Transform 85
Transform: MatrixOffsetTransformBase_double_3_3
Parameters: 0.99998791774576 -0.004557564846384654 0.0020767035089727013 0.00455389580586318 0.9999883145055558 0.0015186453847913506 -0.0020837839344671283 -0.0015093532053656045 0.999997018818905 -0.1579127546916652 0.1156424062403687 -0.2172283570229112
FixedParameters: 0 0 0
#Transform 86
Transform: MatrixOffsetTransformBase_double_3_3
Parameters: 0.9999795539985631 -0.0047235478761698466 0.0042581836292886616 0.004718667945250431 0.9999885910858349 0.0011707305414374591 -0.004263955054867344 -0.0011502693534791164 0.9999902693643843 -0.1543746698032038 0.14628515180979207 -0.328235919981438
FixedParameters: 0 0 0
#Transform 87
Transform: MatrixOffsetTransformBase_double_3_3
Parameters: 0.9999845305330269 -0.00464020108001237 0.0031532351782645103 0.004634581424479478 0.9999884805268492 0.0014693179541412915 -0.003159862937501789 -0.0014536799420648838 0.9999937780094117 -0.14308055913618034 0.12416594886825294 -0.2370356379098979
FixedParameters: 0 0 0
#Transform 88
Transform: MatrixOffsetTransformBase_double_3_3
Parameters: 0.999977210477028 -0.0059696319067633116 0.0030249315756334253 0.00597089341720846 0.9999825262668806 -0.0004169088638317775 -0.003023202010530602 0.0004350964368486365 0.9999953212518548 -0.1674679857806467 0.14349345423441662 -0.22864283251005446
FixedParameters: 0 0 0
#Transform 89
Transform: MatrixOffsetTransformBase_double_3_3
Parameters: 0.9999820788529147 -0.005270218918891904 0.0026717339347341494 0.005271956629957212 0.9999865119783446 -0.0002383149548253194 -0.002671099873864365 0.0002526858692778744 0.999996446332834 -0.1668861204078098 0.14680975942982855 -0.18154110353630415
FixedParameters: 0 0 0
#Transform 90
Transform: MatrixOffsetTransformBase_double_3_3
Parameters: 0.9999782961046476 -0.0053483887724229875 0.0037555464015503097 0.005344880663224923 0.9999853220842672 0.0007536258538525242 -0.0037589496430853546 -0.0007333746614205106 0.9999928684234834 -0.16666527620762395 0.14540077520453565 -0.3117110563450396
FixedParameters: 0 0 0
#Transform 91
Transform: MatrixOffsetTransformBase_double_3_3
Parameters: 0.9999821192949334 -0.005174016021443729 0.0030174750200201747 0.00517361683944135 0.9999865533259815 0.00036280551756431856 -0.003019740160852926 -0.00034619423091644674 0.9999953146267729 -0.16640173684220372 0.16346894268396284 -0.24343127752030114
FixedParameters: 0 0 0
#Transform 92
Transform: MatrixOffsetTransformBase_double_3_3
Parameters: 0.9999788589925945 -0.005390032961794343 0.0036172043392291697 0.005387528682281702 0.9999847410294085 0.000807249124539916 -0.0036220162527838516 -0.0007877483610948255 0.9999928459393413 -0.17016045585977224 0.12758824868944885 -0.2669671735031045
FixedParameters: 0 0 0
#Transform 93
Transform: MatrixOffsetTransformBase_double_3_3
Parameters: 0.999986387269267 -0.004578312921455175 0.002377028725256571 0.004577184241523108 0.9999893472041895 0.0005638940609029031 -0.002379761934491337 -0.0005531060322719328 0.9999974162163983 -0.1490596633913981 0.16657816496338285 -0.1709269864985643
FixedParameters: 0 0 0
#Transform 94
Transform: MatrixOffsetTransformBase_double_3_3
Parameters: 0.9999913240333164 -0.003379162044320226 0.002500956729707687 0.003378033056194981 0.9999941747686885 0.0005776536190994219 -0.0025034288772289564 -0.000569345149307815 0.9999964914579055 -0.16375231730576445 0.13734375181074654 -0.14246463207162208
FixedParameters: 0 0 0
#Transform 95
Transform: MatrixOffsetTransformBase_double_3_3
Parameters: 0.9999895450652854 -0.003078644426719872 0.003313148950474178 0.0030740818988693078 0.9999948257998297 0.0013337744172843002 -0.0033173265941883693 -0.0013232247995091095 0.9999931894227788 -0.1870876593065276 0.1762065223460496 -0.18680780365338023
FixedParameters: 0 0 0
#Transform 96
Transform: MatrixOffsetTransformBase_double_3_3
Parameters: 0.9999934216358088 -0.0021381530691322566 0.002829378449242261 0.002136775958802046 0.9999971299999242 0.000726444079219013 -0.002830855230890797 -0.0007205567914173872 0.9999952447275988 -0.15011743898107 0.1378744862685437 -0.12715602044026753
FixedParameters: 0 0 0
#Transform 97
Transform: MatrixOffsetTransformBase_double_3_3
Parameters: 0.9999917533203828 -0.00255473670838789 0.0032747028955948504 0.002553682092289452 0.9999971433715754 0.00013264070687540874 -0.0032743822778532146 -0.00012435896744969477 0.9999945769242421 -0.17007307265640748 0.1374225965173963 -0.15883564574190956
FixedParameters: 0 0 0
#Transform 98
Transform: MatrixOffsetTransformBase_double_3_3
Parameters: 0.9999893238165132 -0.0026458550950659945 0.003830401257113397 0.0026440197907694205 0.9999965343877122 0.0004999937231839613 -0.003832591046353995 -0.0004890040901734116 0.9999923003671218 -0.17934313069098096 0.1284537785185904 -0.17675970736939206
FixedParameters: 0 0 0
#Transform 99
Transform: MatrixOffsetTransformBase_double_3_3
Parameters: 0.9999790012568517 -0.0024042871309512214 0.006018293357483536 0.0024004164182296296 0.9999971982498937 0.0006356149979734327 -0.00601948398066898 -0.0006213860019605999 0.9999820129736668 -0.15650510528737982 0.17368447207621784 -0.31102109935275735
FixedParameters: 0 0 0
#Transform 100
Transform: MatrixOffsetTransformBase_double_3_3
Parameters: 0.9999928570800947 -0.0020636134382810956 0.003298948388502837 0.0020637491828534153 0.9999980379433371 0.00013078730752014156 -0.0032992615975432245 -0.00012421452985794668 0.9999947866238313 -0.15984406096207238 0.13095347513879574 -0.160818885241504
FixedParameters: 0 0 0
#Transform 101
Transform: MatrixOffsetTransformBase_double_3_3
Parameters: 0.9999768738830179 -0.002198141465928338 0.006425768014424448 0.002211009015872437 0.9999956025358143 -0.001950352691934637 -0.006421862696036438 0.001963646727392354 0.9999776115550777 -0.16355807282548085 0.233936746222426 -0.289764586222482
FixedParameters: 0 0 0
#Transform 102
Transform: MatrixOffsetTransformBase_double_3_3
Parameters: 0.9999875470838765 -0.0012456658838845436 0.004888909524005669 0.00124645438806648 0.9999991667515277 -0.00027757022918808993 -0.004888636544437381 0.0002834328246672235 0.9999882229699847 -0.15629941308856132 0.11249343484085728 -0.212439268231698
FixedParameters: 0 0 0
#Transform 103
Transform: MatrixOffsetTransformBase_double_3_3
Parameters: 0.9999754673849218 -0.002313363482845258 0.006646942763065449 0.002322333252728788 0.9999960222657072 -0.0013863200010680587 -0.006643587872342619 0.0014016796863298986 0.9999765585978355 -0.1851552730920787 0.24394666965181955 -0.30642099524043687
FixedParameters: 0 0 0
#Transform 104
Transform: MatrixOffsetTransformBase_double_3_3
Parameters: 0.9999794606596962 -0.0014681096834873737 0.006195428327802985 0.0014669535134506848 0.9999986909604858 0.00025593070475035673 -0.006195738985389577 -0.0002460716847408895 0.9999806436956107 -0.1594440180429615 0.1800157726202798 -0.27519368011159884
FixedParameters: 0 0 0
#Transform 105
Transform: MatrixOffsetTransformBase_double_3_3
Parameters: 0.9999716589090273 -0.0020902211486952815 0.007209050818685874 0.002101805701071325 0.9999959209857395 -0.0016625395973022539 -0.007205796476071266 0.0016774609715073663 0.9999721600403318 -0.1812949938446735 0.2490493851504283 -0.28735629001077
FixedParameters: 0 0 0
#Transform 106
Transform: MatrixOffsetTransformBase_double_3_3
Parameters: 0.9999784493394657 -0.0014155686277901398 0.006367603689146679 0.0014154129869545962 0.9999991533685383 -0.00006031403859685369 -0.006367634124847951 0.00006868970395990104 0.9999792876504408 -0.1534035015157258 0.1857711414036345 -0.25584850790594516
FixedParameters: 0 0 0
#Transform 107
Transform: MatrixOffsetTransformBase_double_3_3
Parameters: 0.9999739529532803 -0.0016780475381454754 0.007087483301230076 0.0016922371425754455 0.9999966811631287 -0.0019604237932815127 -0.007083837979103105 0.001972572301246811 0.9999725374432604 -0.17612518707773006 0.2327532858755319 -0.28601597190974815
FixedParameters: 0 0 0
#Transform 108
Transform: MatrixOffsetTransformBase_double_3_3
Parameters: 0.9999773194917428 -0.001185959902280869 0.006578187749725341 0.0011911422783569797 0.9999987373521938 -0.0006870579067386751 -0.0065773972869295014 0.0006949381910494601 0.9999786271697014 -0.16768765654295237 0.16603783027237284 -0.2404813366826417
FixedParameters: 0 0 0
#Transform 109
Transform: MatrixOffsetTransformBase_double_3_3
Parameters: 0.9999748958909904 -0.0014270609699593335 0.007004777054996604 0.0014278981232110051 0.9999989172969225 -0.00012445816652853492 -0.007004620372987671 0.00013454247532396213 0.999975945053099 -0.17492692759591932 0.21867987664134603 -0.2759837841976065
FixedParameters: 0 0 0
#Transform 110
Transform: MatrixOffsetTransformBase_double_3_3
Parameters: 0.9999789657839947 -0.001314167115653982 0.006348747954234156 0.001317063249310212 0.9999990762382289 -0.00037801712642912544 -0.006348168885974553 0.000385979658070551 0.999979597696024 -0.14846756629141566 0.1699872045550137 -0.25127956249316696
FixedParameters: 0 0 0
#Transform 111
Transform: MatrixOffsetTransformBase_double_3_3
Parameters: 0.999975157358191 -0.0019376335598831791 0.006788497110493895 0.0019444947669566438 0.9999979587597323 -0.0009866837061305589 -0.006787108430785588 0.0010003167264064916 0.9999762244887145 -0.1666392618889745 0.21642540795110676 -0.23755147838048885
FixedParameters: 0 0 0
#Transform 112
Transform: MatrixOffsetTransformBase_double_3_3
Parameters: 0.9999745155239905 -0.0017003496027287114 0.006970906194788233 0.0017045886099622556 0.9999980612587802 -0.0006485003236313125 -0.006969742792067897 0.0006605016216122972 0.9999755975123473 -0.17600627721759565 0.15927050497214168 -0.25473029199983444
FixedParameters: 0 0 0
#Transform 113
Transform: MatrixOffsetTransformBase_double_3_3
Parameters: 0.9999740442684859 -0.0014114194520443563 0.007068311720865547 0.0014266624731896335 0.9999961859895523 -0.002179427906651127 -0.00706552033890977 0.0021895706315479824 0.9999723140665633 -0.152083519095342 0.22266295396057956 -0.27127231201818347
FixedParameters: 0 0 0
#Transform 114
Transform: MatrixOffsetTransformBase_double_3_3
Parameters: 0.9999806239361945 -0.0010050725254973517 0.006193882632191197 0.0010080518313494457 0.9999991690449979 -0.0005530207070917059 -0.006193615454778433 0.0005589824670924615 0.999980836611296 -0.13263494902460593 0.16959022251268152 -0.2363768541912563
FixedParameters: 0 0 0
#Transform 115
Transform: MatrixOffsetTransformBase_double_3_3
