#Insight Transform File V1.0
#Transform 0
Transform: MatrixOffsetTransformBase_double_3_3
Parameters: 0.9999991979992333 -0.0008924231994888013 -0.00007624814459388479 0.0008922335872253808 0.9999987278754972 0.0015591409932018407 0.0000754199585080088 -0.001558860057911532 0.9999986091562155 -0.07502605523482941 0.08983558357198262 -0.25600323675260483
FixedParameters: 0 0 0
#Transform 1
Transform: MatrixOffsetTransformBase_double_3_3
Parameters: 0.9999994377348089 -0.0007059722802214287 0.00025303939151740166 0.0007054261854249465 0.9999977736918247 0.0021643873218507026 -0.00025392653611850476 -0.0021636132860602952 0.9999972982377257 -0.07656403753983909 0.05668222332934647 -0.23850394266048625
FixedParameters: 0 0 0
#Transform 2
Transform: MatrixOffsetTransformBase_double_3_3
Parameters: 0.9999993290279762 -0.0007253233801221642 -0.0003803434493140543 0.0007261655018177626 0.9999985439650187 0.0013887239021483921 0.0003793043801529215 -0.0013892752202377956 0.9999989264196469 -0.08302019626026436 0.11811675506524466 -0.3483529199515658
FixedParameters: 0 0 0
#Transform 3
Transform: MatrixOffsetTransformBase_double_3_3
Parameters: 0.9999995580532178 -0.0006641742277274349 -0.000020253975928541916 0.0006648048724640456 0.9999975983383667 0.0019899866093644747 0.00001977643090005192 -0.001990013219475284 0.9999980395064674 -0.06525400542005855 0.0755795363220102 -0.23021967117900033
FixedParameters: 0 0 0
#Transform 4
Transform: MatrixOffsetTransformBase_double_3_3
Parameters: 0.9999992842799431 -0.0007950179390496387 0.0002895819214087576 0.0007941854940879754 0.9999966946606783 0.002382230752536213 -0.00029120028516584344 -0.002381769273157114 0.999997241753013 -0.07682238873199765 0.06694954241190487 -0.2542081016070199
FixedParameters: 0 0 0
#Transform 5
Transform: MatrixOffsetTransformBase_double_3_3
Parameters: 0.9999997453636924 -0.0011193476963177837 -0.000045694965475067745 0.0011190982274494577 0.9999979638982069 0.0019862044732435746 0.00004320238513409993 -0.0019867969348844883 0.9999978890882707 -0.08906668508355153 0.10646948320699323 -0.26670573147264065
FixedParameters: 0 0 0
#Transform 6
Transform: MatrixOffsetTransformBase_double_3_3
Parameters: 0.9999991342739718 -0.0009279163016164645 0.00006580698324079611 0.0009281633238714836 0.9999969676418949 0.0022740629588295924 -0.00006786058980443868 -0.0022739389217581174 0.9999978244601768 -0.07602380595133695 0.06379404957839085 -0.2543174034157971
FixedParameters: 0 0 0
#Transform 7
Transform: MatrixOffsetTransformBase_double_3_3
Parameters: 0.9999997739502259 -0.0011033497647399031 0.00009089298050507226 0.0011035273095113996 0.999997830351425 0.0020283556154482296 -0.00009320250797157734 -0.0020286454436526102 0.9999977139613876 -0.08409967970536059 0.08802603750747551 -0.2476505205855588
FixedParameters: 0 0 0
#Transform 8
Transform: MatrixOffsetTransformBase_double_3_3
Parameters: 0.9999990707239171 -0.0008223407444122633 0.0005029941391468716 0.0008211229660289102 0.9999974595852865 0.001966413280499263 -0.0005050351147304539 -0.0019655849587768004 0.9999978808207729 -0.0732873259126876 0.08982072642217531 -0.289938679117526
FixedParameters: 0 0 0
#Transform 9
Transform: MatrixOffsetTransformBase_double_3_3
Parameters: 0.9999992015850372 -0.0008795687929655881 0.00015694505529073013 0.000879244412284811 0.9999955813857239 0.002765138967022629 -0.00015964106028057865 -0.002764860572561617 0.9999963297182307 -0.0782914668958341 0.07431038437604798 -0.27693394678900773
FixedParameters: 0 0 0
#Transform 10
Transform: MatrixOffsetTransformBase_double_3_3
Parameters: 0.9999992149669635 -0.0008666952630389023 -0.00018407727347385266 0.0008671854448265744 0.9999969279792946 0.0025050503209276265 0.00018168799004110618 -0.0025049511501198662 0.9999967369119188 -0.07680632790088282 0.09053228596395968 -0.3263632099101983
FixedParameters: 0 0 0
#Transform 11
Transform: MatrixOffsetTransformBase_double_3_3
Parameters: 0.9999998467135406 -0.0010694971614690447 0.00009530249761012993 0.001069662513578789 0.9999978065976518 0.0020013120700035636 -0.00009741583348466082 -0.002000689671509681 0.9999980321001809 -0.0880557542578373 0.0803936760828492 -0.22967591138919374
FixedParameters: 0 0 0
#Transform 12
Transform: MatrixOffsetTransformBase_double_3_3
Parameters: 0.9999995283370596 -0.0005866239751240355 0.0003570899354153901 0.0005857476524328637 0.9999974030987574 0.002292210870337763 -0.00035858693791938483 -0.002291791361557244 0.9999976186902518 -0.0632431612908988 0.04527408056262061 -0.24404926142725003
FixedParameters: 0 0 0
#Transform 13
Transform: MatrixOffsetTransformBase_double_3_3
Parameters: 0.9999996591065156 -0.0011399282361063473 0.00020206072059453115 0.0011400318735442488 0.9999980630551094 0.0016242325644919564 -0.0002045732994420216 -0.0016237690180843367 0.9999993212919454 -0.07402101921572068 0.1200877725623144 -0.2569815880010893
FixedParameters: 0 0 0
#Transform 14
Transform: MatrixOffsetTransformBase_double_3_3
Parameters: 0.999999010024597 -0.0006878286393010407 0.0007188049873120023 0.0006863291028018007 0.9999976667878314 0.002251540808606678 -0.0007204958005488533 -0.002251461141648592 0.9999972047125489 -0.07186256640952138 0.04960729717565471 -0.2198427274560899
FixedParameters: 0 0 0
#Transform 15
Transform: MatrixOffsetTransformBase_double_3_3
Parameters: 0.9999998680041599 -0.001018472351348984 0.00030877340482068905 0.001017243140011893 0.9999967283268522 0.0025295691351997773 -0.00031077858096134224 -0.002529431486616801 0.9999963429113377 -0.07812820840138102 0.09197175567246063 -0.2631427779364799
FixedParameters: 0 0 0
#Transform 16
Transform: MatrixOffsetTransformBase_double_3_3
Parameters: 0.9999997119979362 -0.0010773597582778099 0.0003570479487273085 0.0010759702960077059 0.9999957399877486 0.002703431416142571 -0.00036070236375371255 -0.002703567887260727 0.9999963541561699 -0.0596489440609389 0.06699025576423878 -0.25348765846432997
FixedParameters: 0 0 0
#Transform 17
Transform: MatrixOffsetTransformBase_double_3_3
Parameters: 0.9999992836483195 -0.0013091110431536427 0.000047888813840078715 0.0013091877371803886 0.9999955556081678 0.0026253164913470906 -0.00005161899585831358 -0.002625679189574792 0.9999959415217812 -0.07811395002273969 0.1166438273398569 -0.29007723498075677
FixedParameters: 0 0 0
#Transform 18
Transform: MatrixOffsetTransformBase_double_3_3
Parameters: 0.9999991679780311 -0.0009085215987709955 -0.00008269576044392611 0.0009085011190000647 0.9999969241157969 0.00249113498506337 0.00008012364381225673 -0.0024908666400283996 0.999996833674435 -0.08098997448968248 0.06244017641469668 -0.22746853288739288
FixedParameters: 0 0 0
#Transform 19
Transform: MatrixOffsetTransformBase_double_3_3
Parameters: 0.999999338409276 -0.0012843341973798948 0.00011126959420422331 0.0012837826173682093 0.9999943537101681 0.0029923511221973675 -0.00011483219741106643 -0.002991644527575582 0.9999950805370561 -0.10328306320258207 0.10750149867814685 -0.35330492739953456
FixedParameters: 0 0 0
#Transform 20
Transform: MatrixOffsetTransformBase_double_3_3
Parameters: 0.9999990835560504 -0.0012546551718002354 0.0005853242969531016 0.0012529489351236105 0.9999958024697352 0.0025747369135433462 -0.0005884216823965591 -0.0025732652775766474 0.9999970301009219 -0.10077208386556435 0.07292103104705916 -0.25487224715998025
FixedParameters: 0 0 0
#Transform 21
Transform: MatrixOffsetTransformBase_double_3_3
Parameters: 0.9999995178525827 -0.0012174903687392938 0.0000269593272390301 0.001216690295854828 0.999994962216592 0.002786078831841121 -0.00003081104388126711 -0.0027869177690549307 0.9999960264455588 -0.08485750420079796 0.10107874583705723 -0.2995759658001802
FixedParameters: 0 0 0
#Transform 22
Transform: MatrixOffsetTransformBase_double_3_3
Parameters: 0.9999993142221437 -0.0006659842011043462 0.0004917074944894347 0.0006646414872810357 0.999994779186469 0.003127327495153487 -0.000494465266963715 -0.0031266713954145875 0.9999949787299336 -0.07398145062632011 0.0679554300413514 -0.2924697855385716
FixedParameters: 0 0 0
#Transform 23
Transform: MatrixOffsetTransformBase_double_3_3
Parameters: 0.9999983465003687 -0.0013603270886051594 0.0008955225816734773 0.0013584749711799946 0.9999954286534644 0.0028533126095801054 -0.0008994960831657847 -0.0028526909418073454 0.9999956385751092 -0.11442062445709666 0.09060889970676556 -0.28927538275302567
FixedParameters: 0 0 0
#Transform 24
Transform: MatrixOffsetTransformBase_double_3_3
Parameters: 0.9999995582799339 -0.0011230834028569915 0.00042468575508010484 0.0011220158157691363 0.9999951331702454 0.002795522396695921 -0.00042760473933933476 -0.002795474906902684 0.999995795440723 -0.09146817995737422 0.0690339850441859 -0.2838411193476347
FixedParameters: 0 0 0
#Transform 25
Transform: MatrixOffsetTransformBase_double_3_3
Parameters: 0.9999994121776841 -0.0012502438552680515 0.00015744775289100509 0.0012498256735694899 0.9999967276027102 0.0023804080956609797 -0.00016025375517422563 -0.0023795946877092355 0.9999973557481125 -0.06499836093874478 0.08700036888558316 -0.23363543700638445
FixedParameters: 0 0 0
#Transform 26
Transform: MatrixOffsetTransformBase_double_3_3
Parameters: 0.9999989404224853 -0.0010290266424617118 -0.000009776330326507815 0.0010296169474691282 0.9999965534312006 0.002320991350845958 0.000007165335723786122 -0.002321008801912855 0.999997612891429 -0.08010639399833508 0.07629312524962018 -0.3125435335717768
FixedParameters: 0 0 0
#Transform 27
Transform: MatrixOffsetTransformBase_double_3_3
Parameters: 0.9999996011799465 -0.001143898589900856 0.0003014673485235947 0.0011426435766005503 0.9999959867679005 0.002629392699494665 -0.00030433564999714967 -0.0026296093508884344 0.9999967858375759 -0.09298303323706136 0.08116644388030636 -0.25200454558861196
FixedParameters: 0 0 0
#Transform 28
Transform: MatrixOffsetTransformBase_double_3_3
Parameters: 0.9999992798697062 -0.0007734576954954751 0.0003496097287023044 0.000772314515018779 0.9999967664584727 0.0024173157609350404 -0.000351179513492242 -0.002417683377971769 0.999996824781744 -0.10095469260774337 0.09695836152167203 -0.3103720327891608
FixedParameters: 0 0 0
#Transform 29
Transform: MatrixOffsetTransformBase_double_3_3
Parameters: 0.9999995043261165 -0.0012076637830305548 -0.00019346846490065438 0.0012078930760300495 0.9999964381660713 0.0022587683310188733 0.00019094285687322053 -0.002259232626776242 0.9999978599792712 -0.0812382234559692 0.08802598381964799 -0.23476400538940112
FixedParameters: 0 0 0
#Transform 30
Transform: MatrixOffsetTransformBase_double_3_3
Parameters: 0.9999994492103058 -0.0012029252533094137 -0.00032176531128127637 0.0012036814534852512 0.9999960109542455 0.002507777235793235 0.00031963892621801913 -0.0025072235358468697 0.9999968631173923 -0.08780638204719082 0.09647023937779409 -0.31510945765863596
FixedParameters: 0 0 0
#Transform 31
Transform: MatrixOffsetTransformBase_double_3_3
Parameters: 0.9999979309238339 -0.0017693414861210414 0.0009683579427406642 0.0017673602848580436 0.9999945551530506 0.002595805482198482 -0.0009727753964783829 -0.0025941913536259575 0.9999959076929534 -0.1290134362762103 0.11151351739417237 -0.28935406960172116
FixedParameters: 0 0 0
#Transform 32
Transform: MatrixOffsetTransformBase_double_3_3
Parameters: 0.9999997185747819 -0.0010705640470356137 0.0003676270809415508 0.001069780954658619 0.9999957266609791 0.002843604021863372 -0.0003703548913979376 -0.0028423979858966664 0.9999958265725716 -0.09736748269911288 0.08042975945352282 -0.3468874390624421
FixedParameters: 0 0 0
#Transform 33
Transform: MatrixOffsetTransformBase_double_3_3
Parameters: 0.9999990708230346 -0.001324249824383093 0.0004185792537978707 0.00132352431311403 0.9999965124405295 0.002428810193328468 -0.0004216521811394561 -0.0024281907878999365 0.9999967631326969 -0.09641792116941872 0.09238728011438013 -0.26807021790581587
FixedParameters: 0 0 0
#Transform 34
Transform: MatrixOffsetTransformBase_double_3_3
Parameters: 0.9999990165373607 -0.001382140862641669 -0.00027075038564222686 0.0013826422823095094 0.9999945754716804 0.0029098353295496926 0.00026759008547017847 -0.002910163262243387 0.9999955048256323 -0.08179456379146188 0.072790605424359 -0.32695402623171077
FixedParameters: 0 0 0
#Transform 35
Transform: MatrixOffsetTransformBase_double_3_3
Parameters: 0.9999988842928762 -0.0014391561601681134 -0.00021175626336257736 0.0014394752215973355 0.9999966754351376 0.002281907407119116 0.00020811835755002054 -0.002282095470611367 0.999997793784382 -0.09044983869470968 0.09276085047163463 -0.2854912798456297
FixedParameters: 0 0 0
#Transform 36
Transform: MatrixOffsetTransformBase_double_3_3
Parameters: 0.9999991518340804 -0.001303591306085636 0.00038522723713761865 0.0013030155525168828 0.9999964885497767 0.0024447579775245254 -0.0003882418950813221 -0.0024442428791238147 0.999996712098485 -0.09766408420549055 0.07351653678522041 -0.326753347229257
FixedParameters: 0 0 0
#Transform 37
Transform: MatrixOffsetTransformBase_double_3_3
Parameters: 0.9999998852269405 -0.0010475456066602327 0.00013466190676517624 0.001046498219929139 0.9999966916327874 0.002283142716414721 -0.0001374885208867727 -0.002282857779097952 0.9999977693985197 -0.07974522783190707 0.09339030409795157 -0.28645470528370964
FixedParameters: 0 0 0
#Transform 38
Transform: MatrixOffsetTransformBase_double_3_3
Parameters: 0.9999983823745987 -0.001564061316243918 0.00041487178306252187 0.0015623944652970766 0.9999959422343779 0.002403904650238625 -0.0004192420618449411 -0.002403093702643855 0.9999968864953719 -0.09547401311047565 0.07719539119412389 -0.3234096239126174
FixedParameters: 0 0 0
#Transform 39
Transform: MatrixOffsetTransformBase_double_3_3
Parameters: 0.9999989385855312 -0.0014003252015102048 0.0003178606427119776 0.0013991265750674267 0.9999964266847922 0.0024037011835569 -0.0003214449641681828 -0.002403299296033584 0.9999969582525435 -0.07704807688027415 0.08088067295867063 -0.26695162741124534
FixedParameters: 0 0 0
#Transform 40
Transform: MatrixOffsetTransformBase_double_3_3
Parameters: 0.9999988757355466 -0.001048500884977546 -0.0001582716054734334 0.0010487502072105818 0.9999972281816776 0.002151042950155002 0.0001557145083946873 -0.0021509559347335505 0.9999973939407659 -0.08490173538214663 0.09314658909273987 -0.33912776573968273
FixedParameters: 0 0 0
#Transform 41
Transform: MatrixOffsetTransformBase_double_3_3
Parameters: 0.9999992485243872 -0.00132244816614125 0.000048121406822060505 0.001322532048548187 0.9999957285841454 0.0025452731070995382 -0.00005170872038031348 -0.0025447248147741075 0.9999965658690464 -0.09282928402558355 0.06909004237800787 -0.27573767156943063
FixedParameters: 0 0 0
#Transform 42
Transform: MatrixOffsetTransformBase_double_3_3
Parameters: 0.9999990634074699 -0.0015874529561910851 0.0006462545274805546 0.0015854313280105293 0.9999958354210445 0.0024112809762692478 -0.0006495685277445799 -0.0024097181908928345 0.9999966069424581 -0.11664904395645692 0.10806486517330427 -0.34246028062060674
FixedParameters: 0 0 0
#Transform 43
Transform: MatrixOffsetTransformBase_double_3_3
Parameters: 0.999998755529707 -0.001483244185357595 -0.0002116353158365169 0.0014836701486838067 0.9999952820066775 0.0025438954799847924 0.00020701861367995305 -0.00254410026888488 0.9999965296338198 -0.09253356406604496 0.07455008178874323 -0.27142916884449875
FixedParameters: 0 0 0
#Transform 44
Transform: MatrixOffsetTransformBase_double_3_3
Parameters: 0.9999995631524546 -0.0011789083798778254 -0.00021712728891174835 0.0011793492150126814 0.9999962942291196 0.0025039538929968186 0.00021415334549560215 -0.0025040461609737164 0.999996728867001 -0.07957081702745938 0.11272875818721673 -0.38013739163041294
FixedParameters: 0 0 0
#Transform 45
Transform: MatrixOffsetTransformBase_double_3_3
Parameters: 0.9999986422459126 -0.0015330730834364132 -0.00008313652805680912 0.0015335892874425352 0.999995843482781 0.0024000836130398384 0.00007989774445838542 -0.002399917330689616 0.9999972787375344 -0.09723569836005197 0.07552358761145683 -0.273028898554017
FixedParameters: 0 0 0
#Transform 46
Transform: MatrixOffsetTransformBase_double_3_3
Parameters: 0.9999982575049581 -0.0016149714439408212 -0.00036649943654498495 0.0016156762508240062 0.9999969560445323 0.0018406189558912434 0.0003634829496689831 -0.0018413818448969888 0.9999985228865204 -0.09274534635397913 0.11768702853306934 -0.3917426066367824
FixedParameters: 0 0 0
#Transform 47
Transform: MatrixOffsetTransformBase_double_3_3
Parameters: 0.9999979537005909 -0.0017451293067355241 -0.00002277451001431337 0.0017453605455710753 0.9999952288341014 0.0026242193082126886 0.00001773491403702753 -0.002624782977556639 0.9999969488258351 -0.09634389104411412 0.08304777620010384 -0.3214569274063379
FixedParameters: 0 0 0
#Transform 48
Transform: MatrixOffsetTransformBase_double_3_3
Parameters: 0.9999991068617442 -0.0013680446987617764 0.00014989646345263462 0.0013671298751713578 0.9999975150006822 0.0016172071640324637 -0.00015236514903349866 -0.001616793801652333 0.9999993624761481 -0.11141640191566182 0.07961765038918145 -0.3655412216465095
FixedParameters: 0 0 0
#Transform 49
Transform: MatrixOffsetTransformBase_double_3_3
Parameters: 0.9999996649889776 -0.0010800265669241847 -0.0004101409037570805 0.0010814940266803987 0.9999964634449114 0.0023165578921893193 0.000407086748942006 -0.0023174411337578693 0.9999974645504421 -0.0789597560848847 0.10404316271156233 -0.28883458507510795
FixedParameters: 0 0 0
#Transform 50
Transform: MatrixOffsetTransformBase_double_3_3
Parameters: 0.999998713541193 -0.0016789460598686024 -0.0006837660050981965 0.001680813295017113 0.999993776825998 0.0030240190699878933 0.0006792536373535491 -0.0030249832822275002 0.9999956414508558 -0.07124644978965478 0.04766999871152677 -0.277709266981212
FixedParameters: 0 0 0
#Transform 51
Transform: MatrixOffsetTransformBase_double_3_3
Parameters: 0.9999997540153714 -0.0000723793769054323 -0.0004903664425902345 0.00007504040966090278 0.9999925810023795 0.003925965495111927 0.0004905516906493566 -0.003926037818301337 0.999992345927399 -0.06378327732031153 0.08495059172831532 -0.42631287115774086
FixedParameters: 0 0 0
#Transform 52
Transform: MatrixOffsetTransformBase_double_3_3
Parameters: 0.9999990946834975 -0.0010335579599430069 0.000914968948847247 0.0010303890309788706 0.9999928578569479 0.003511782357303622 -0.0009184332617082034 -0.003511215863336553 0.999993575480821 -0.1278657781695074 0.07044260657963264 -0.3569651475384248
FixedParameters: 0 0 0
#Transform 53
Transform: MatrixOffsetTransformBase_double_3_3
Parameters: 0.9999983022226123 -0.0009997634574072018 0.0013035443218841793 0.0009950273807987303 0.9999934147389886 0.003442138274994788 -0.001306413126654102 -0.003440860640188975 0.9999931995566477 -0.10013028096079779 0.05166648919141892 -0.40539119595554496
FixedParameters: 0 0 0
#Transform 54
Transform: MatrixOffsetTransformBase_double_3_3
Parameters: 0.9999994254471215 -0.001248861062506642 0.00012513209838178625 0.0012477692922445434 0.9999909495228668 0.003936158124889677 -0.00012986061132164715 -0.003935839830954163 0.9999924916084042 -0.06579984525527038 0.08460349458236749 -0.3960835063613075
FixedParameters: 0 0 0
#Transform 55
Transform: MatrixOffsetTransformBase_double_3_3
Parameters: 0.9999985944601194 -0.0018418561972573712 -0.00011516913530888002 0.0018422167216700115 0.9999903756995105 0.003923047646574418 0.00010776696715971063 -0.003923951281048332 0.9999924309158446 -0.05864561947215918 0.03397999322243095 -0.35187929440141374
FixedParameters: 0 0 0
#Transform 56
Transform: MatrixOffsetTransformBase_double_3_3
Parameters: 0.9999981904670617 -0.0018544870707954573 0.0006077225413683501 0.0018535427002028036 0.9999948383875813 0.0024782218054472116 -0.0006123637808982347 -0.002477778229206251 0.999997071081319 -0.08026610046719895 0.06997985836667908 -0.23789461179578808
FixedParameters: 0 0 0
#Transform 57
Transform: MatrixOffsetTransformBase_double_3_3
Parameters: 0.9999988586880774 -0.0014633098783174512 -0.000010989624492100108 0.0014632806799624353 0.9999927819555648 0.0034982400927575097 0.0000058491780460351 -0.003498757706397293 0.999993597647908 -0.07810678528849735 0.1173649898606044 -0.365460245628654
FixedParameters: 0 0 0
#Transform 58
Transform: MatrixOffsetTransformBase_double_3_3
Parameters: 0.9999982997318833 -0.0014187796502456577 0.0008288264474421842 0.0014163928881784286 0.9999934761775484 0.00327522350244 -0.0008333499434904414 -0.0032737764685948356 0.999994378781914 -0.0673562752117931 0.04878328493887807 -0.29264956477510395
FixedParameters: 0 0 0
#Transform 59
Transform: MatrixOffsetTransformBase_double_3_3
Parameters: 0.9999983968573208 -0.0016108288162935943 -0.00008840151388662921 0.001611410231755582 0.9999953469649988 0.0026480709471527475 0.0000839902224450404 -0.002647932424467647 0.9999970260419411 -0.08483164103557783 0.118485747164641 -0.40117590950246296
FixedParameters: 0 0 0
#Transform 60
Transform: MatrixOffsetTransformBase_double_3_3
Parameters: 0.9999979633350302 -0.001880723538917679 0.0007070721562920246 0.0018787959724448466 0.9999946870826422 0.002674632289311696 -0.0007116008100910596 -0.0026733677228282515 0.9999959756604025 -0.08100092936966519 0.027696599525384613 -0.28787191220106223
FixedParameters: 0 0 0
#Transform 61
Transform: MatrixOffsetTransformBase_double_3_3
Parameters: 0.9999986224695864 -0.0014783167104699684 0.0004386205879087388 0.001477121581447417 0.9999952201782236 0.002608696390590942 -0.00044199561672753887 -0.002608304333868744 0.9999967937139007 -0.06942856424926447 0.10589165178963356 -0.3935576524915234
FixedParameters: 0 0 0
#Transform 62
Transform: MatrixOffsetTransformBase_double_3_3
Parameters: 0.999998093809123 -0.0015762380554108944 0.000649112934184893 0.0015745959499373307 0.999994566559249 0.0028570727234265014 -0.0006535660401949727 -0.0028559297056184596 0.9999962080133533 -0.07202492155629159 0.05219838747832739 -0.2869769870511618
FixedParameters: 0 0 0
#Transform 63
Transform: MatrixOffsetTransformBase_double_3_3
Parameters: 0.9999977761094426 -0.00201251138077055 0.0010829131708736466 0.0020102857316459267 0.9999944510281926 0.002434272787385089 -0.001087940350527875 -0.0024317248088606414 0.9999964860763545 -0.108938447189459 0.0915391165165147 -0.35097353628152916
FixedParameters: 0 0 0
#Transform 64
Transform: MatrixOffsetTransformBase_double_3_3
Parameters: 0.999998430643123 -0.0016726624488943333 0.0008777290870903103 0.0016702783745242494 0.9999920062411772 0.003523517034078577 -0.0008835542570692929 -0.003521482345058724 0.9999936082928148 -0.0748457920581842 0.08687373654493058 -0.33883290355334594
FixedParameters: 0 0 0
#Transform 65
Transform: MatrixOffsetTransformBase_double_3_3
Parameters: 0.9999985457038544 -0.0013804819684071715 0.0007403068970413206 0.0013782762129296597 0.9999943447645675 0.0030281136211291193 -0.0007450902082402145 -0.0030278831763509706 0.9999948633280535 -0.0661865275889113 0.05214285957563902 -0.2961950436266392
FixedParameters: 0 0 0
#Transform 66
Transform: MatrixOffsetTransformBase_double_3_3
Parameters: 0.9999987691658498 -0.0017289190512957428 0.0004910941599264806 0.0017277505906934099 0.9999937291596228 0.003074106778281155 -0.0004961939378361926 -0.00307289338057104 0.9999951471412813 -0.0766680746542221 0.13386376923533305 -0.34322497893998616
FixedParameters: 0 0 0
#Transform 67
Transform: MatrixOffsetTransformBase_double_3_3
Parameters: 0.9999987432142718 -0.0014598825719829153 0.0003542059319414448 0.0014589131094005256 0.9999943740864224 0.0029077264863217878 -0.00035835664312455746 -0.0029062703045358573 0.9999954677945295 -0.06523703469731856 0.06279719512357929 -0.2742710331163991
FixedParameters: 0 0 0
#Transform 68
Transform: MatrixOffsetTransformBase_double_3_3
Parameters: 0.9999986738745743 -0.001484038274995035 0.0003516442690431939 0.0014829334804212558 0.9999940443768679 0.003116733619707407 -0.00035655513334519826 -0.0031152667463646144 0.9999952105265687 -0.0797834194852669 0.1371750486956813 -0.39240343793075283
FixedParameters: 0 0 0
#Transform 69
Transform: MatrixOffsetTransformBase_double_3_3
Parameters: 0.9999982498207255 -0.0014418240498632203 0.0008190391890783525 0.0014400730284466132 0.9999947667164062 0.002928274411083648 -0.000822717097528085 -0.002927727207158365 0.9999953366831134 -0.08717712007317857 0.06204804646347384 -0.29101639033194004
FixedParameters: 0 0 0
#Transform 70
Transform: MatrixOffsetTransformBase_double_3_3
Parameters: 0.9999992304906445 -0.00123524063105515 0.000494450332457638 0.0012329530046350109 0.99999303310665 0.003413656195402792 -0.0004985412887340587 -0.003413339995833292 0.9999938933545008 -0.07962112595599535 0.08840769179869312 -0.3683283704310014
FixedParameters: 0 0 0
#Transform 71
Transform: MatrixOffsetTransformBase_double_3_3
Parameters: 0.9999984477234498 -0.001401554064929571 0.000766457136447737 0.0013992977845921123 0.9999947052775936 0.002958166956774616 -0.0007711718475831662 -0.0029578321022111775 0.9999952428714045 -0.0998073135638009 0.07870599760262564 -0.2900482643615234
FixedParameters: 0 0 0
#Transform 72
Transform: MatrixOffsetTransformBase_double_3_3
Parameters: 0.9999983429063644 -0.0015570241350487707 0.001110545841867506 0.0015526977256667448 0.999992797949251 0.003316773058002015 -0.0011160958530810703 -0.0033142201760336665 0.9999935598191876 -0.08976855447480148 0.0744585927439374 -0.3517267835111255
FixedParameters: 0 0 0
#Transform 73
Transform: MatrixOffsetTransformBase_double_3_3
Parameters: 0.9999979804844185 -0.0012799898019812338 0.0011753349737603298 0.0012762625139129155 0.9999947446762893 0.002972548889969423 -0.0011791476393307504 -0.0029704488033136522 0.9999945761381877 -0.09162957571315644 0.08829820509649267 -0.3061611613395243
FixedParameters: 0 0 0
#Transform 74
Transform: MatrixOffsetTransformBase_double_3_3
Parameters: 0.9999983869849243 -0.001356000756579247 0.0008799540925085699 0.001353049898014794 0.9999945435429459 0.002972239474687388 -0.0008844338292208534 -0.002970758808439028 0.9999951837720232 -0.08990106968508371 0.040726514562749117 -0.2940732248204512
FixedParameters: 0 0 0
#Transform 75
Transform: MatrixOffsetTransformBase_double_3_3
Parameters: 0.9999986474392403 -0.0014911477589080427 0.00036005059741331147 0.0014896435800329122 0.999993080293155 0.0033025853319534892 -0.00036458339752953753 -0.003302414589679392 0.9999947540617766 -0.07821594329600146 0.11683264399020743 -0.3448033054144446
FixedParameters: 0 0 0
#Transform 76
Transform: MatrixOffsetTransformBase_double_3_3
Parameters: 0.9999990228195391 -0.0012337827787374841 0.0012062568145407026 0.0012295961251192786 0.9999922091596473 0.003806534358856417 -0.00121044487034008 -0.0038044669781253093 0.9999918498678654 -0.07457378676187432 0.03451489221515658 -0.3314445634279011
FixedParameters: 0 0 0
#Transform 77
Transform: MatrixOffsetTransformBase_double_3_3
Parameters: 0.9999983689274413 -0.0014497805731767226 0.0007275120803002606 0.0014475971318386306 0.9999931994102831 0.003445310570201726 -0.0007317547757475499 -0.0034436895119500377 0.999993440270605 -0.06843386216529268 0.11107560811261408 -0.3993611955441594
FixedParameters: 0 0 0
#Transform 78
Transform: MatrixOffsetTransformBase_double_3_3
Parameters: 0.9999988637327359 -0.001491387727305005 0.0009543460550762695 0.0014887719819517476 0.9999935352071452 0.003075467862189818 -0.0009597253208426723 -0.003073524985019116 0.9999944233880795 -0.09314092110120953 0.059084821481590666 -0.2916984097359432
FixedParameters: 0 0 0
#Transform 79
Transform: MatrixOffsetTransformBase_double_3_3
Parameters: 0.9999987381870368 -0.0014218515985467907 0.0011135411734811637 0.0014178796649352119 0.9999925407935811 0.0035866737131179938 -0.0011187511474453357 -0.0035853226362225765 0.9999924785110031 -0.09223817389943179 0.06862227710162472 -0.3727267495166018
FixedParameters: 0 0 0
#Transform 80
Transform: MatrixOffsetTransformBase_double_3_3
Parameters: 0.9999968161506915 -0.0016265919766248983 0.0018816692667959873 0.001619613448908632 0.9999926258095262 0.0033857760523906544 -0.0018862796456854956 -0.0033832205449899067 0.99999228057143 -0.09911119928233347 0.11224003547044958 -0.376096230088379
FixedParameters: 0 0 0
#Transform 81
Transform: MatrixOffsetTransformBase_double_3_3
Parameters: 0.9999986451480534 -0.001197549531784145 0.0013860258863347596 0.0011918258033249089 0.9999900388201128 0.0042184942477961895 -0.0013907037277844907 -0.004216502445336057 0.9999900315414437 -0.09069312194573342 0.03566699822982855 -0.3777488091840837
FixedParameters: 0 0 0
#Transform 82
Transform: MatrixOffsetTransformBase_double_3_3
Parameters: 0.999996578645328 -0.0015711504755012086 0.002225615924658313 0.0015631860885338476 0.9999923585456667 0.0035709606025606244 -0.0022309769713678373 -0.0035670436721899623 0.9999917444343763 -0.10362673841943604 0.10645438601538615 -0.4134106046446817
FixedParameters: 0 0 0
#Transform 83
Transform: MatrixOffsetTransformBase_double_3_3
Parameters: 0.9999984628232357 -0.0009883945354771453 0.0012494259057080333 0.000982962272686573 0.9999922789357641 0.0038682775434233097 -0.0012530538691337056 -0.0038667201463093437 0.9999912686533264 -0.08861223208729996 0.03184380092319827 -0.3543791911066094
FixedParameters: 0 0 0
#Transform 84
Transform: MatrixOffsetTransformBase_double_3_3
Parameters: 0.9999973281560384 -0.0012919040944489274 0.002000714804151177 0.001284655419045312 0.999992880089022 0.003602255626788897 -0.002005357655258382 -0.003599745714356173 0.9999915135393508 -0.09520503111589562 0.10985935400007918 -0.42256088368420563
FixedParameters: 0 0 0
#Transform 85
Transform: MatrixOffsetTransformBase_double_3_3
Parameters: 0.9999982210764932 -0.0013205681530100563 0.001426234916418562 0.0013165481388479293 0.9999940463969964 0.003236723132559738 -0.0014305580174047042 -0.0032342818063569867 0.9999942376688504 -0.10000666075724496 0.04036322832247663 -0.3148424911396219
FixedParameters: 0 0 0
#Transform 86
Transform: MatrixOffsetTransformBase_double_3_3
Parameters: 0.9999973457839945 -0.001186715116000052 0.001801605881818999 0.0011801437562342393 0.9999925373363306 0.0038120182074287134 -0.0018059906415470888 -0.003809983623775215 0.9999907608596867 -0.09037787764991378 0.10377794615888547 -0.4168673250367405
FixedParameters: 0 0 0
#Transform 87
Transform: MatrixOffsetTransformBase_double_3_3
Parameters: 0.9999992224706045 -0.0009271415766900157 0.0009581802439882874 0.0009233235559190033 0.9999945048863619 0.0032939338809156726 -0.0009616815864370051 -0.0032930668081338765 0.9999940232291251 -0.05962734359347621 0.04659465209468294 -0.31484517089549513
FixedParameters: 0 0 0
#Transform 88
Transform: MatrixOffsetTransformBase_double_3_3
Parameters: 0.9999981145253272 -0.0012285660235204 0.0018373441682965823 0.0012215237054295346 0.99999186369705 0.003865885299199151 -0.0018421772075732116 -0.003863119517693414 0.9999913819412828 -0.0787968283061673 0.09615929311092941 -0.42311481249827665
FixedParameters: 0 0 0
#Transform 89
Transform: MatrixOffsetTransformBase_double_3_3
Parameters: 0.99999820788404 -0.001347001558536455 0.0014059167518603696 0.001342770602987962 0.9999931786436012 0.0033577308786311155 -0.0014107356864071663 -0.003355268321331706 0.9999934969740463 -0.0741773741508922 0.07605548426468545 -0.3221118435727419
FixedParameters: 0 0 0
#Transform 90
Transform: MatrixOffsetTransformBase_double_3_3
Parameters: 0.9999973482948343 -0.001252908974090878 0.001755304665472249 0.0012472983555451846 0.9999927091471208 0.003638873923288599 -0.001759765080151175 -0.003637130757268625 0.999992168924437 -0.08127891217588967 0.07873579019884858 -0.3700236098948011
FixedParameters: 0 0 0
#Transform 91
Transform: MatrixOffsetTransformBase_double_3_3
Parameters: 0.9999980633843948 -0.0013728002501328166 0.001026030380548786 0.0013683791427071081 0.9999921199615207 0.003635452246169124 -0.0010312329307254544 -0.0036335418206941417 0.9999925241574306 -0.07728019260574115 0.10659519584191912 -0.350167145174197
FixedParameters: 0 0 0
#Transform 92
Transform: MatrixOffsetTransformBase_double_3_3
Parameters: 0.9999977215313792 -0.0015628689771063963 0.0016845346027133587 0.0015564867997184722 0.9999920927466011 0.0036043073068205145 -0.0016893972439571232 -0.0036016960926245345 0.9999926654362518 -0.0857438394140786 0.04795821126570843 -0.36702921906665154
FixedParameters: 0 0 0
#Transform 93
Transform: MatrixOffsetTransformBase_double_3_3
Parameters: 0.9999962155268382 -0.0019591069156103397 0.0017165626420726171 0.0019534177126550242 0.9999924128456853 0.003556342052682099 -0.0017229052126678304 -0.0035536667688868817 0.999992526477665 -0.08817308719872585 0.1036109231270359 -0.38241300909003684
FixedParameters: 0 0 0
#Transform 94
Transform: MatrixOffsetTransformBase_double_3_3
Parameters: 0.9999974317501029 -0.0013943721569436877 0.001619730562609489 0.0013887048039461741 0.9999930509846517 0.0033580923849534927 -0.001624862679429375 -0.0033549029188077173 0.9999928485080336 -0.08404051615912067 0.017306381133892046 -0.3221729758926912
FixedParameters: 0 0 0
#Transform 95
Transform: MatrixOffsetTransformBase_double_3_3
Parameters: 0.9999961442490891 -0.0015477408732168835 0.002336231128449082 0.0015398231275321464 0.9999918903236287 0.003646077284372856 -0.002342420834263151 -0.0036419217579627683 0.999990696316855 -0.08090572663242313 0.11629391615139184 -0.430693547119823
FixedParameters: 0 0 0
#Transform 96
Transform: MatrixOffsetTransformBase_double_3_3
Parameters: 0.9999972197074383 -0.0012731857089343728 0.001777437281432722 0.0012664321358727883 0.999992652217804 0.0036399355151022217 -0.0017822566430578063 -0.0036380664148566166 0.9999920827212929 -0.07578677819128643 0.03139204900428183 -0.35682455755181763
FixedParameters: 0 0 0
#Transform 97
Transform: MatrixOffsetTransformBase_double_3_3
Parameters: 0.9999971887349411 -0.0013187400431223812 0.0020177377894864683 0.0013096274400741755 0.999989575224897 0.004273120567428845 -0.002024117835667587 -0.004270876127335399 0.9999891133369478 -0.07191177554310002 0.07276715132447009 -0.4697221695745384
FixedParameters: 0 0 0
#Transform 98
Transform: MatrixOffsetTransformBase_double_3_3
Parameters: 0.9999978926325721 -0.0013492429041805957 0.0015122926452529354 0.0013430433069347146 0.999991472952887 0.0040229250447250675 -0.0015177216779674683 -0.004021080966267604 0.9999910665237725 -0.08244231987374917 0.09115560014491564 -0.39835397419003726
FixedParameters: 0 0 0
#Transform 99
Transform: MatrixOffsetTransformBase_double_3_3
Parameters: 0.999997683886425 -0.001422860237036013 0.0018143587093300342 0.0014146302233091742 0.9999900216774934 0.004181251686674853 -0.0018206070584238078 -0.004178745620527835 0.9999897172210528 -0.0748866200946594 0.052719476491446926 -0.4268560602103122
FixedParameters: 0 0 0
#Transform 100
Transform: MatrixOffsetTransformBase_double_3_3
Parameters: 0.9999971115697202 -0.0015184509225658691 0.0018928341728364426 0.001510832170637545 0.9999914210769528 0.003847546570847654 -0.001898872430027335 -0.003844454516857304 0.9999911069037477 -0.09384797600924344 0.08854077371051972 -0.4039849366305788
FixedParameters: 0 0 0
#Transform 101
Transform: MatrixOffsetTransformBase_double_3_3
Parameters: 0.9999982713656569 -0.0009246563900638079 0.0016955529396203216 0.0009167766430022189 0.9999897320102719 0.0044363975578673165 -0.0016990852759491328 -0.004434597580386307 0.9999881918265342 -0.07134957468845471 0.04431165398784742 -0.43421632599874016
FixedParameters: 0 0 0
#Transform 102
Transform: MatrixOffsetTransformBase_double_3_3
Parameters: 0.9999969807263516 -0.0014450865918225224 0.001982455335707592 0.001437051857387994 0.9999902058411078 0.004270539484677038 -0.001988720775178422 -0.004267467768166472 0.9999893259116828 -0.08954260447960394 0.07930979371040792 -0.43024085166204884
FixedParameters: 0 0 0
#Transform 103
Transform: MatrixOffsetTransformBase_double_3_3
Parameters: 0.999998225881291 -0.001105410575697194 0.0012453385042762455 0.001100037050182316 0.9999887530000263 0.004636259519093855 -0.0012511406758470385 -0.0046357413516325 0.99998848762468 -0.060822088204261604 0.03929837868953712 -0.41093639429698925
FixedParameters: 0 0 0
#Transform 104
Transform: MatrixOffsetTransformBase_double_3_3
Parameters: 0.99999811291118 -0.0013047962957493118 0.001478104447694925 0.001298821138554234 0.999991241130663 0.004040767861765854 -0.0014832224179298242 -0.0040382382991596966 0.9999912364707637 -0.08769100473612923 0.08784644946528886 -0.40877370168735183
FixedParameters: 0 0 0
#Transform 105
Transform: MatrixOffsetTransformBase_double_3_3
Parameters: 0.99999821712759 -0.0010366212130606396 0.0013070569568322003 0.0010306951824704744 0.9999900586524577 0.004258188129184465 -0.0013116492832415175 -0.004256806803381447 0.9999899056946977 -0.07222457253743642 0.025778038752960697 -0.40360770826128345
FixedParameters: 0 0 0
#Transform 106
Transform: MatrixOffsetTransformBase_double_3_3
Parameters: 0.9999981473424797 -0.0010123855714258769 0.001351524156754471 0.0010068475490874799 0.9999917659496023 0.004053412543652379 -0.0013564748703128549 -0.00405158774244882 0.9999905357212123 -0.06471709079697519 0.08648901709781853 -0.4040608581504799
FixedParameters: 0 0 0
#Transform 107
Transform: MatrixOffsetTransformBase_double_3_3
Parameters: 0.9999991123389603 -0.0005694658835480712 0.001250079932236385 0.0005647467689252791 0.9999891755486201 0.004533499875180452 -0.0012527530904127484 -0.004532496799305924 0.9999888403971083 -0.05549209675390898 0.038903226262647195 -0.4139630918893715
FixedParameters: 0 0 0
#Transform 108
Transform: MatrixOffsetTransformBase_double_3_3
Parameters: 0.9999960448317181 -0.001362716040078918 0.002469304621020837 0.0013538154911009645 0.9999919233935441 0.003846825532650505 -0.0024744752737183157 -0.0038431778632704583 0.9999895532071246 -0.07232558923193722 0.10292278575185776 -0.4397245615710972
FixedParameters: 0 0 0
#Transform 109
Transform: MatrixOffsetTransformBase_double_3_3
Parameters: 0.9999970535989439 -0.0013870959221938246 0.0017385322194943618 0.0013802837068857933 0.9999909423993035 0.003957083441215481 -0.0017438676027789137 -0.003954915907920853 0.9999908111689522 -0.0754401940964442 0.016769701823605487 -0.37828921539971105
FixedParameters: 0 0 0
#Transform 110
Transform: MatrixOffsetTransformBase_double_3_3
Parameters: 0.9999951487752415 -0.00133654825079316 0.0026575413674334355 0.0013270605872204794 0.9999919632677903 0.0037248003313970213 -0.0026631606198427764 -0.0037211977647818584 0.9999894638990091 -0.07015586022920672 0.10190604652514423 -0.4528521886913026
FixedParameters: 0 0 0
#Transform 111
Transform: MatrixOffsetTransformBase_double_3_3
Parameters: 0.9999983445966159 -0.0008184293986750119 0.0017275544636237924 0.000810903583339497 0.9999906907007249 0.00409198976021416 -0.0017317518489702267 -0.004090004142358827 0.9999901811887035 -0.058875537614483164 0.04478629873382545 -0.38003992702444833
FixedParameters: 0 0 0
#Transform 112
Transform: MatrixOffsetTransformBase_double_3_3
Parameters: 0.9999979375970202 -0.0011307211439752247 0.0019454825251602437 0.0011218631709012117 0.9999880637076841 0.0048148706374908645 -0.0019500750112801104 -0.004813134138080821 0.9999865243471174 -0.041603896951414754 0.045842892693798376 -0.46110585981488583
FixedParameters: 0 0 0
#Transform 113
Transform: MatrixOffsetTransformBase_double_3_3
Parameters: 0.9999969369298304 -0.0013833559994124423 0.002036786519330511 0.001374151683508497 0.9999877395077464 0.004682279643590442 -0.0020434429882782105 -0.00467972131159991 0.9999873735894449 -0.06703378520839465 0.0729553118838453 -0.4251210627624076
FixedParameters: 0 0 0
#Transform 114
Transform: MatrixOffsetTransformBase_double_3_3
