#Insight Transform File V1.0
#Transform 0
Transform: MatrixOffsetTransformBase_double_3_3
Parameters: 0.9999975766475732 -0.00144055211670584 0.0015324907248420313 0.0014379288101460754 0.999997594647275 0.0016730899204535632 -0.0015347103675118292 -0.001670910233397771 0.9999973908219081 -0.14093802394448574 0.07449461455817641 -0.20512055545842145
FixedParameters: 0 0 0
#Transform 1
Transform: MatrixOffsetTransformBase_double_3_3
Parameters: 0.9999959893284288 -0.0014370549818644972 0.002223926972375363 0.0014319957020160097 0.9999970841104153 0.002139911848374393 -0.0022270432083045014 -0.0021370870783986584 0.9999947588295214 -0.14794283510241257 0.10494811808980842 -0.28660889134309286
FixedParameters: 0 0 0
#Transform 2
Transform: MatrixOffsetTransformBase_double_3_3
Parameters: 0.9999965164646094 -0.0016819111241483287 0.0019112772445653288 0.001679252376190094 0.9999973839604165 0.001862144106625191 -0.0019145114587823429 -0.0018588585389956724 0.9999962095618331 -0.13678867297413433 0.060074962660820574 -0.2558272743020993
FixedParameters: 0 0 0
#Transform 3
Transform: MatrixOffsetTransformBase_double_3_3
Parameters: 0.9999975227651514 -0.0013689927874744917 0.0016133377132097919 0.001365773576411484 0.9999972862740932 0.0020760916654866124 -0.001616206150710053 -0.002073910395592765 0.9999966252179635 -0.11287872746827077 0.07824642119649639 -0.25674681035962976
FixedParameters: 0 0 0
#Transform 4
Transform: MatrixOffsetTransformBase_double_3_3
Parameters: 0.9999976839771838 -0.001729418157964248 0.0015250428960747534 0.0017255044551446213 0.9999947070944404 0.002603519890141376 -0.0015290592901091792 -0.002600478797989969 0.999995436037379 -0.14567442130127972 0.0552940982419301 -0.295861579211639
FixedParameters: 0 0 0
#Transform 5
Transform: MatrixOffsetTransformBase_double_3_3
Parameters: 0.9999967770264193 -0.0016601051260376758 0.0018621022865785227 0.0016552410942622016 0.9999959511924964 0.0024450176346969 -0.00186620706492163 -0.002441981297754886 0.9999948844158688 -0.14039977826668348 0.09260920916261739 -0.28444829088957135
FixedParameters: 0 0 0
#Transform 6
Transform: MatrixOffsetTransformBase_double_3_3
Parameters: 0.999996054866373 -0.0017143739783243518 0.0020016545299707798 0.0017072292356763203 0.9999930593667734 0.0032771478618498773 -0.0020074626427466226 -0.0032738493082275777 0.9999925376133626 -0.14068783937568696 0.06600899956202966 -0.37351635361198987
FixedParameters: 0 0 0
#Transform 7
Transform: MatrixOffsetTransformBase_double_3_3
Parameters: 0.9999970890233719 -0.0018195283836085982 0.0016129251619170161 0.001814200882166593 0.9999935499140455 0.003134864139340804 -0.0016181480789861902 -0.003132137700760873 0.9999939013818812 -0.13603254322094926 0.0832325719668745 -0.31615284328169935
FixedParameters: 0 0 0
#Transform 8
Transform: MatrixOffsetTransformBase_double_3_3
Parameters: 0.9999959943683894 -0.0018786574436122526 0.0021160255027629494 0.0018721036484685078 0.999993546596281 0.0031417396654293273 -0.0021212134650191177 -0.0031382627216301195 0.9999927284767279 -0.1363083979493922 0.06567423955975471 -0.3439488533713728
FixedParameters: 0 0 0
#Transform 9
Transform: MatrixOffsetTransformBase_double_3_3
Parameters: 0.9999972179693564 -0.0016294554272638013 0.0017676649908939953 0.0016245932857808245 0.9999940550079266 0.003125764480179677 -0.001773408329493694 -0.0031222378138531515 0.9999936441266973 -0.1441524390448592 0.06985610542491827 -0.31462628153951755
FixedParameters: 0 0 0
#Transform 10
Transform: MatrixOffsetTransformBase_double_3_3
Parameters: 0.9999975867900837 -0.0015773797779215194 0.0017102340320210147 0.001571703817473534 0.9999926453085587 0.003405416042508075 -0.0017155557293848421 -0.003403582261096716 0.9999927601486465 -0.14187284465272398 0.0902806295450631 -0.3445735560404657
FixedParameters: 0 0 0
#Transform 11
Transform: MatrixOffsetTransformBase_double_3_3
Parameters: 0.9999974538629699 -0.0014297783855668274 0.001871443203522327 0.0014239701147672802 0.9999948038808677 0.0029453491690298317 -0.0018756353471121037 -0.002942653591022748 0.9999943156405184 -0.1310679643025594 0.07115390686702483 -0.28715781202951973
FixedParameters: 0 0 0
#Transform 12
Transform: MatrixOffsetTransformBase_double_3_3
Parameters: 0.9999969856558316 -0.0014285940001069575 0.0019933500672428116 0.001422117689071638 0.999994388355051 0.003177521684405521 -0.001997981614715006 -0.0031744836447190894 0.9999934232510765 -0.14654209886955982 0.08091661884238022 -0.3351659294285554
FixedParameters: 0 0 0
#Transform 13
Transform: MatrixOffsetTransformBase_double_3_3
Parameters: 0.9999968088115226 -0.0014966167665579951 0.001987675561064971 0.0014908054602486192 0.9999941674878815 0.0030196464455997662 -0.0019922692848835257 -0.0030163525823196924 0.9999934246089687 -0.1378199498553414 0.08633273811817332 -0.3064430789194432
FixedParameters: 0 0 0
#Transform 14
Transform: MatrixOffsetTransformBase_double_3_3
Parameters: 0.9999976556000221 -0.0017652285854957747 0.001492880952718258 0.0017600128430314162 0.9999939601585288 0.00309277118172413 -0.0014988059327370894 -0.003090225675402014 0.9999935806357522 -0.14831790377486698 0.019854896707997227 -0.2999622222428471
FixedParameters: 0 0 0
#Transform 15
Transform: MatrixOffsetTransformBase_double_3_3
Parameters: 0.9999961008447773 -0.0019231438579818596 0.0017885294217285163 0.0019175310852264198 0.9999925524732823 0.003238160833419379 -0.0017955604273069742 -0.0032348384238044814 0.9999935984185363 -0.15141874480977435 0.10906760823402806 -0.3363244419576432
FixedParameters: 0 0 0
#Transform 16
Transform: MatrixOffsetTransformBase_double_3_3
Parameters: 0.9999968285542228 -0.0017841963506050555 0.001728620821345832 0.0017791880961464145 0.9999941229789323 0.0028950111483358187 -0.0017337451399825593 -0.002891986257584994 0.999993960837544 -0.1507243506624718 0.03195065979659262 -0.2920661402594149
FixedParameters: 0 0 0
#Transform 17
Transform: MatrixOffsetTransformBase_double_3_3
Parameters: 0.9999964952648988 -0.0018757886062705591 0.001728533128018947 0.0018698188665501124 0.9999934933485963 0.003111170405136726 -0.0017340167251542393 -0.0031078297052067327 0.9999936638572148 -0.15167799757630007 0.0637222821755472 -0.32200234411512696
FixedParameters: 0 0 0
#Transform 18
Transform: MatrixOffsetTransformBase_double_3_3
Parameters: 0.9999979097149475 -0.001288994483744259 0.0018514237862152874 0.001283767415565644 0.9999953244434957 0.0028782218754465905 -0.0018555920871366181 -0.0028747787551912096 0.9999940367102955 -0.1445726305116466 0.08452864629326484 -0.293328972794761
FixedParameters: 0 0 0
#Transform 19
Transform: MatrixOffsetTransformBase_double_3_3
Parameters: 0.9999976100318236 -0.0014797011647739353 0.0017895089257520512 0.0014734082247999359 0.9999935840467445 0.0031553630007076228 -0.0017936381681728194 -0.0031536325557255107 0.9999931241828042 -0.14547388758317936 0.01848017375404254 -0.30355652855747195
FixedParameters: 0 0 0
#Transform 20
Transform: MatrixOffsetTransformBase_double_3_3
Parameters: 0.9999970160023114 -0.001560974548280253 0.0018830908958498524 0.001555054121305993 0.9999939611187577 0.0032146599717253477 -0.0018886819440437745 -0.0032123437608900796 0.9999934016232674 -0.14971370128304784 0.07988192301131392 -0.317919596836731
FixedParameters: 0 0 0
#Transform 21
Transform: MatrixOffsetTransformBase_double_3_3
Parameters: 0.9999968525012325 -0.001633016759172998 0.002117176686976861 0.0016258436856621049 0.9999944221506871 0.0031061756005328622 -0.0021218944591234307 -0.003102828592529583 0.9999931544163347 -0.14089842115561169 0.04335510059775061 -0.30961085547987466
FixedParameters: 0 0 0
#Transform 22
Transform: MatrixOffsetTransformBase_double_3_3
Parameters: 0.9999954015364039 -0.0016952060488930176 0.0023927495096350906 0.0016861776012531918 0.9999923598043606 0.00354356211297871 -0.002398899286375835 -0.0035394374330406653 0.9999909571565008 -0.13899408116516554 0.07512626950151002 -0.3575129088358864
FixedParameters: 0 0 0
#Transform 23
Transform: MatrixOffsetTransformBase_double_3_3
Parameters: 0.9999975764773934 -0.0012979627759916292 0.0019329561617245643 0.0012921487325921097 0.9999931948805225 0.0034121802113085964 -0.0019381327354820207 -0.003409817965655537 0.9999921116618399 -0.13426372429606204 0.030375762276577234 -0.31312220425854065
FixedParameters: 0 0 0
#Transform 24
Transform: MatrixOffsetTransformBase_double_3_3
Parameters: 0.9999967963039682 -0.0013991847397689028 0.0022903518445457948 0.0013907975518516525 0.9999925958778049 0.003608666143439687 -0.002295566950457718 -0.0036053361302238462 0.9999911793884171 -0.14504419327865037 0.08449616577948404 -0.35181629368639733
FixedParameters: 0 0 0
#Transform 25
Transform: MatrixOffsetTransformBase_double_3_3
Parameters: 0.9999969400331729 -0.0014106109651827005 0.002017276516049078 0.0014026971621041357 0.9999916234262473 0.0037363073558813187 -0.0020231488969058658 -0.0037336911774622505 0.9999914160232097 -0.14111528859244515 0.024405332793250523 -0.33023989170905566
FixedParameters: 0 0 0
#Transform 26
Transform: MatrixOffsetTransformBase_double_3_3
Parameters: 0.9999976475297019 -0.0015176437887623835 0.0017465745130107165 0.001511081203037697 0.999991682630978 0.0038075314025191875 -0.0017515124156939007 -0.003804468780266468 0.9999909934823838 -0.1447554663747468 0.06782618353994962 -0.3415178319484511
FixedParameters: 0 0 0
#Transform 27
Transform: MatrixOffsetTransformBase_double_3_3
Parameters: 0.9999966786542408 -0.0016177191485617737 0.0019251316635216704 0.0016098041599953731 0.9999916442338954 0.0038048323832933217 -0.001930818133956565 -0.003802170058114729 0.999991101036337 -0.1402402037414987 0.014326304303224902 -0.33335443245442065
FixedParameters: 0 0 0
#Transform 28
Transform: MatrixOffsetTransformBase_double_3_3
Parameters: 0.999996989934146 -0.001562028846670912 0.0018897116016576686 0.001554816147564479 0.9999930783859652 0.003488876050113804 -0.0018951822447082912 -0.003486121564756056 0.9999915861339367 -0.14257122656219678 0.07583288279556655 -0.32063486734745794
FixedParameters: 0 0 0
#Transform 29
Transform: MatrixOffsetTransformBase_double_3_3
Parameters: 0.9999965270007809 -0.0014861899794279161 0.0020648226574284103 0.0014788110272419737 0.9999908230106926 0.003942533489581457 -0.0020704693058638704 -0.0039394702204107734 0.9999906408429221 -0.14302307969897754 0.018515578293900603 -0.34684850604195816
FixedParameters: 0 0 0
#Transform 30
Transform: MatrixOffsetTransformBase_double_3_3
Parameters: 0.9999976580040169 -0.0015552162146499618 0.0017097519077818304 0.0015487469070314345 0.9999920823145778 0.0036373779242531157 -0.0017156401202808307 -0.0036356220458575728 0.9999921273026378 -0.14164223792666064 0.07383992342946044 -0.3335517464278226
FixedParameters: 0 0 0
#Transform 31
Transform: MatrixOffsetTransformBase_double_3_3
Parameters: 0.9999964290523813 -0.001589015051023779 0.0020112466749090067 0.0015810833764498746 0.9999906830339925 0.003940909581630486 -0.0020179098867156263 -0.003938083419821825 0.9999897065543695 -0.13765008441959026 0.016557536970665865 -0.3358578697306811
FixedParameters: 0 0 0
#Transform 32
Transform: MatrixOffsetTransformBase_double_3_3
Parameters: 0.9999958053743018 -0.001877833498319386 0.0021603734662542892 0.0018701727236094864 0.9999909034356212 0.0037837741295660976 -0.0021675310973386605 -0.003779223863911413 0.9999903023011268 -0.14394610723400092 0.07722921432298335 -0.34202328585465835
FixedParameters: 0 0 0
#Transform 33
Transform: MatrixOffsetTransformBase_double_3_3
Parameters: 0.9999961860595472 -0.0017101413104921095 0.001972205080610924 0.0017028037701909621 0.9999912602375014 0.0038150913240618534 -0.001978417911394528 -0.0038119099475997786 0.999990840097258 -0.14477011976796916 0.02056330884710178 -0.3210349547936744
FixedParameters: 0 0 0
#Transform 34
Transform: MatrixOffsetTransformBase_double_3_3
Parameters: 0.9999950365156194 -0.002085623021276602 0.002369583515217744 0.002077009952098327 0.9999916025117479 0.0036067049596908984 -0.0023765931456136216 -0.0036012961315617376 0.9999904562191095 -0.15014607717857587 0.08052262289751866 -0.3315224832610042
FixedParameters: 0 0 0
#Transform 35
Transform: MatrixOffsetTransformBase_double_3_3
Parameters: 0.9999954454466454 -0.0019273746700432734 0.0021996528072445063 0.0019196740454388592 0.999991362531311 0.003725003274161809 -0.002206959913812974 -0.0037209965240500575 0.999990361302787 -0.14795535440129015 0.029772588154301616 -0.3334416536534661
FixedParameters: 0 0 0
#Transform 36
Transform: MatrixOffsetTransformBase_double_3_3
Parameters: 0.9999951839874394 -0.0017119068590634241 0.0024258607926515787 0.0017033777541683444 0.9999919455478333 0.0035936586135551785 -0.0024320883674890242 -0.0035893394928977196 0.9999904405617519 -0.15353263646552762 0.08486076749885285 -0.3649701574138291
FixedParameters: 0 0 0
#Transform 37
Transform: MatrixOffsetTransformBase_double_3_3
Parameters: 0.9999975061507721 -0.001349905058903743 0.0019161785967880224 0.0013424090140890376 0.999992957055488 0.0035702584142486005 -0.0019213651587990084 -0.0035677435060788576 0.999992073450387 -0.13750892098504153 0.02018048702157671 -0.31318604557218777
FixedParameters: 0 0 0
#Transform 38
Transform: MatrixOffsetTransformBase_double_3_3
Parameters: 0.999997510543767 -0.0016614366202564574 0.001652289654656251 0.0016549303941611332 0.9999921597371615 0.003710674439170364 -0.0016582153274869393 -0.0037083289997097146 0.9999918298810978 -0.1560420074848139 0.04690620124652867 -0.35647285512847304
FixedParameters: 0 0 0
#Transform 39
Transform: MatrixOffsetTransformBase_double_3_3
Parameters: 0.9999954232846322 -0.002059246090430306 0.002082164752353812 0.0020518743432176288 0.9999900307259911 0.003805005673404499 -0.0020898047987196002 -0.003799990173299267 0.9999904743959848 -0.16640333889311876 0.05629775537974524 -0.3306247170063301
FixedParameters: 0 0 0
#Transform 40
Transform: MatrixOffsetTransformBase_double_3_3
Parameters: 0.9999950780766972 -0.002210294556916594 0.0022440452399843163 0.0022010643783492954 0.9999897387622227 0.0039427675426466635 -0.0022534357231563246 -0.00393822623537135 0.9999892840611765 -0.16855981010957066 0.03084669140655194 -0.35931129515457627
FixedParameters: 0 0 0
#Transform 41
Transform: MatrixOffsetTransformBase_double_3_3
Parameters: 0.9999966036066886 -0.0015725340949869504 0.001980852906435787 0.0015647295030481023 0.9999897323826691 0.004162785154825349 -0.0019868916016650188 -0.004159212242093258 0.9999892431878185 -0.14569769721605041 0.08539407847472091 -0.3325697343410141
FixedParameters: 0 0 0
#Transform 42
Transform: MatrixOffsetTransformBase_double_3_3
Parameters: 0.9999962192638774 -0.001710594420223603 0.0022034554346519143 0.0017019132622439945 0.9999903294812096 0.0039412755223875995 -0.0022098835481036273 -0.003937721774093794 0.9999898502922289 -0.1394495675827585 0.020510185187617935 -0.33325774619405735
FixedParameters: 0 0 0
#Transform 43
Transform: MatrixOffsetTransformBase_double_3_3
Parameters: 0.9999954288717711 -0.0016043938106640894 0.0024493405817614016 0.0015947564974258658 0.9999907275137878 0.003941227334027769 -0.0024547151416229505 -0.003937775737892835 0.9999896618387057 -0.15890630216800616 0.10572047690311592 -0.34094845946108165
FixedParameters: 0 0 0
#Transform 44
Transform: MatrixOffsetTransformBase_double_3_3
Parameters: 0.9999972500705795 -0.0015624115219260732 0.0018191458599481891 0.0015562994236449394 0.9999930463379008 0.003322515480551236 -0.0018241037438260002 -0.0033194853872121344 0.9999931455554224 -0.14085877182071727 0.016283680802473555 -0.2954610870502705
FixedParameters: 0 0 0
#Transform 45
Transform: MatrixOffsetTransformBase_double_3_3
Parameters: 0.9999895512313952 -0.0014701784368114906 0.0043918180510981375 0.0014542213656955857 0.9999923582671575 0.003660434921739092 -0.004396937069573644 -0.0036535651921817958 0.9999834454330474 -0.1596415844507959 0.11921551527605345 -0.4609429489211294
FixedParameters: 0 0 0
#Transform 46
Transform: MatrixOffsetTransformBase_double_3_3
Parameters: 0.9999920744764672 -0.0013769871306972535 0.003876835070333129 0.0013636669820251519 0.9999923371932137 0.003553534016035892 -0.003881417657064881 -0.0035484676218590916 0.99998651788926 -0.1680219997876975 0.11936702657725107 -0.422707297571165
FixedParameters: 0 0 0
#Transform 47
Transform: MatrixOffsetTransformBase_double_3_3
Parameters: 0.9999953261657095 -0.0012537906396684565 0.002664589249650612 0.0012402247310259419 0.9999843985871768 0.005353580848272865 -0.0026715977247795016 -0.005350410137892225 0.9999816392846836 -0.14051661317587616 -0.023717364409606034 -0.46580072888976787
FixedParameters: 0 0 0
#Transform 48
Transform: MatrixOffsetTransformBase_double_3_3
Parameters: 0.9999949592322891 -0.0015746038156695921 0.002926300927557824 0.001563356322185505 0.9999918778047894 0.003778854737676779 -0.002931685391185315 -0.0037731472319779136 0.9999885648881469 -0.1551500108767243 0.07931108949554755 -0.3234476239531219
FixedParameters: 0 0 0
#Transform 49
Transform: MatrixOffsetTransformBase_double_3_3
Parameters: 0.9999948623428585 -0.0013501063093662568 0.0027047249824856943 0.0013363366324332772 0.999985875023121 0.005092893402842247 -0.00271129814511103 -0.005089102037280274 0.999983150326458 -0.14064392087007604 0.02337996002752618 -0.46231123621492287
FixedParameters: 0 0 0
#Transform 50
Transform: MatrixOffsetTransformBase_double_3_3
Parameters: 0.9999948107737452 -0.0007299215892658294 0.0032643920990009607 0.000712839516751 0.9999855873323658 0.005308109105571973 -0.003268214363461253 -0.0053058942796757325 0.999980894371171 -0.14534863787825714 0.057530763558503395 -0.4013337301430582
FixedParameters: 0 0 0
#Transform 51
Transform: MatrixOffsetTransformBase_double_3_3
Parameters: 0.9999961623283022 -0.0015217725755995413 0.00235009044565681 0.0015078653404700182 0.9999818892756521 0.0057960751737249905 -0.00235858812143625 -0.005792918885617282 0.9999801199315106 -0.15434018757827062 0.023419675526966444 -0.41590630499162273
FixedParameters: 0 0 0
#Transform 52
Transform: MatrixOffsetTransformBase_double_3_3
Parameters: 0.9999939677162262 -0.0013004114857497824 0.0032158419416986874 0.0012834625878616758 0.9999858764164627 0.005114999280480148 -0.00322250076238744 -0.0051109974488713905 0.9999818052795403 -0.16230943374050355 0.05741525273812442 -0.39841390907413654
FixedParameters: 0 0 0
#Transform 53
Transform: MatrixOffsetTransformBase_double_3_3
Parameters: 0.999985296795206 -0.0016536826300653069 0.0050961623716083634 0.0016285480599426303 0.9999864263314717 0.004896545021188525 -0.005103749338881125 -0.004887451984035979 0.9999750065207591 -0.1814094397241348 0.043351062040571264 -0.4518291768703335
FixedParameters: 0 0 0
#Transform 54
Transform: MatrixOffsetTransformBase_double_3_3
Parameters: 0.9999949664734613 -0.0011178361167172672 0.0029636073095084866 0.001103065646883438 0.9999866739129599 0.005054301376233972 -0.00296946594747978 -0.005050703595637529 0.9999832365691829 -0.15341691247579092 0.05663560918442556 -0.3851035637950986
FixedParameters: 0 0 0
#Transform 55
Transform: MatrixOffsetTransformBase_double_3_3
Parameters: 0.9999953416578603 -0.0012847756789231305 0.002829375414163193 0.0012718115765046343 0.99998916194407 0.004456671445617316 -0.0028360416167055517 -0.004453329221231261 0.9999864853682154 -0.15633437354171065 0.03776548824940562 -0.3796598464187326
FixedParameters: 0 0 0
#Transform 56
Transform: MatrixOffsetTransformBase_double_3_3
Parameters: 0.9999945862854153 -0.0010245878218415362 0.003060151940555379 0.0010080084270174619 0.9999847954412978 0.005350112832956139 -0.0030654477796815743 -0.005346878000394989 0.9999805774308189 -0.149939584295538 0.02326236582237584 -0.40628517238072703
FixedParameters: 0 0 0
#Transform 57
Transform: MatrixOffsetTransformBase_double_3_3
Parameters: 0.9999902355477218 -0.0014275674049238907 0.004210110284955174 0.0014058567012197193 0.999986261124551 0.004962974803909559 -0.004217736501023147 -0.004957016134153697 0.9999787707225485 -0.1619567154490369 0.0035340581780616276 -0.4287585477061384
FixedParameters: 0 0 0
#Transform 58
Transform: MatrixOffsetTransformBase_double_3_3
Parameters: 0.9999901491451112 -0.0011787506823655292 0.004178502076566561 0.001157507559820346 0.9999861960749498 0.005204060501964675 -0.004184777532342792 -0.005198946784765152 0.9999778412067567 -0.15863279343089687 0.07222124733742419 -0.41190339669537934
FixedParameters: 0 0 0
#Transform 59
Transform: MatrixOffsetTransformBase_double_3_3
Parameters: 0.9999923698894536 -0.0009130352809172511 0.0038464364237280873 0.000890378671239152 0.9999826593437492 0.005736800434080008 -0.0038520924706934483 -0.005733188799180056 0.9999759293597755 -0.13725645563258126 -0.01695726418972754 -0.4249035712106135
FixedParameters: 0 0 0
#Transform 60
Transform: MatrixOffsetTransformBase_double_3_3
Parameters: 0.9999922144867083 -0.001199239306999935 0.0036533384739779132 0.0011802612615332518 0.999984613021274 0.0053447319981569374 -0.0036596233736261785 -0.005340270813734949 0.9999795162198036 -0.15964655265153738 0.07991222535488873 -0.40802697719531267
FixedParameters: 0 0 0
#Transform 61
Transform: MatrixOffsetTransformBase_double_3_3
Parameters: 0.9999918744726881 -0.001200705386719772 0.003960390172499039 0.0011796048299504971 0.9999847362276894 0.005445142915442541 -0.003966492551347797 -0.005440857343942979 0.9999768850532017 -0.17358939327368716 0.020403398788687355 -0.41188539258700274
FixedParameters: 0 0 0
#Transform 62
Transform: MatrixOffsetTransformBase_double_3_3
Parameters: 0.9999926405782494 -0.0010375535166326688 0.0036445205870278487 0.001019553689986299 0.9999879499774385 0.004851340469069432 -0.0036496850358236745 -0.0048476611409646875 0.9999816548471373 -0.14054537160367886 0.03400223007851366 -0.39738940521569077
FixedParameters: 0 0 0
#Transform 63
Transform: MatrixOffsetTransformBase_double_3_3
Parameters: 0.999989977565037 -0.0011208890817305823 0.004214977966407961 0.0010981545813386275 0.9999849843186176 0.005335643637663673 -0.004220936636136075 -0.005331355764483597 0.9999771001298376 -0.15256483214490402 0.052682588660758256 -0.40070163153094995
FixedParameters: 0 0 0
#Transform 64
Transform: MatrixOffsetTransformBase_double_3_3
Parameters: 0.999991699051603 -0.001020369251930819 0.003906434391219187 0.0009985281392748584 0.9999837365398851 0.005642327108420664 -0.003911945373368137 -0.0056386742754644115 0.9999763312580406 -0.13914648785002726 0.019408066792777845 -0.4246877834421525
FixedParameters: 0 0 0
#Transform 65
Transform: MatrixOffsetTransformBase_double_3_3
Parameters: 0.9999910114961973 -0.0015397107971269327 0.003952068689925797 0.0015180264051420764 0.9999833287845086 0.005599518952004778 -0.0039601606077224 -0.005593480032460907 0.9999760403209019 -0.14800766074738192 0.05215443008367515 -0.42835717136243545
FixedParameters: 0 0 0
#Transform 66
Transform: MatrixOffsetTransformBase_double_3_3
Parameters: 0.9999902515683274 -0.001309997059433202 0.004246412200224762 0.0012873368723356129 0.9999838403775212 0.005492484709775675 -0.004253390600901185 -0.005486518232147325 0.9999761412027414 -0.17083524217233048 -0.0386559347161608 -0.42197179461675205
FixedParameters: 0 0 0
#Transform 67
Transform: MatrixOffsetTransformBase_double_3_3
Parameters: 0.9999941257774528 -0.0016473521409403132 0.002856650541198614 0.0016300923046030907 0.9999808948835063 0.006038039165652376 -0.0028665235727159703 -0.006033962460704062 0.9999773634306357 -0.1378685011238474 0.0401753112366805 -0.4303714216357264
FixedParameters: 0 0 0
#Transform 68
Transform: MatrixOffsetTransformBase_double_3_3
Parameters: 0.9999954525717417 -0.0014842112270900623 0.002519253815498168 0.0014714086429858555 0.9999869493141293 0.004845987020666909 -0.0025259163285396772 -0.00484201477749216 0.999985574201574 -0.14689333945709393 0.050700012213141576 -0.3834648915265433
FixedParameters: 0 0 0
#Transform 69
Transform: MatrixOffsetTransformBase_double_3_3
Parameters: 0.9999914732534395 -0.0012075180097605802 0.0038818621409883263 0.0011838235934436582 0.9999817496074683 0.005887862116594672 -0.0038890839651275102 -0.005884135534398788 0.9999754327818465 -0.14713512287977437 -0.02003532618579129 -0.45390114060495534
FixedParameters: 0 0 0
#Transform 70
Transform: MatrixOffsetTransformBase_double_3_3
Parameters: 0.9999895219568312 -0.0013153241119313328 0.00444394537891508 0.0012894327987455375 0.9999823094313879 0.005721544915279486 -0.004451348006215664 -0.00571544807021207 0.9999738091953947 -0.13978431783736767 0.04625929545606766 -0.46598247341999155
FixedParameters: 0 0 0
#Transform 71
Transform: MatrixOffsetTransformBase_double_3_3
Parameters: 0.999990941614874 -0.0010434120063060606 0.004119554063668433 0.001020316845179185 0.9999839726051329 0.005621428311379489 -0.0041250615534839516 -0.005617576681009401 0.9999758106376051 -0.14152362031131815 0.014869971833917361 -0.43238131726974416
FixedParameters: 0 0 0
#Transform 72
Transform: MatrixOffsetTransformBase_double_3_3
Parameters: 0.9999895419841343 -0.0016813864211272138 0.004198659038352027 0.0016610467599372496 0.9999873481517076 0.004788285442962892 -0.004207246319472759 -0.004780711445604158 0.9999794104708715 -0.17950323732394224 0.06232853396134885 -0.41891145721371004
FixedParameters: 0 0 0
#Transform 73
Transform: MatrixOffsetTransformBase_double_3_3
Parameters: 0.9999932130586088 -0.0008217216618917054 0.003480550173509178 0.0008013234999835064 0.9999833369293301 0.0057044143381062284 -0.0034845696494757413 -0.005702585162289497 0.9999778155709048 -0.13019136630336448 -0.03827710581126098 -0.42993340494787446
FixedParameters: 0 0 0
#Transform 74
Transform: MatrixOffsetTransformBase_double_3_3
Parameters: 0.9999847122907994 -0.0015534488542579385 0.005373549655387365 0.0015253657538366592 0.9999856243352009 0.005210248096425396 -0.0053814462283760765 -0.005201754252165985 0.9999718822801342 -0.1452127246432866 0.06847952181634298 -0.47315256147275875
FixedParameters: 0 0 0
#Transform 75
Transform: MatrixOffsetTransformBase_double_3_3
Parameters: 0.9999908751671233 -0.001118407359895097 0.004227720811437683 0.0010930482316456555 0.9999817107132606 0.005975848880859225 -0.004234415287388468 -0.0059711477286738535 0.9999727980917561 -0.1441961823438902 -0.02826375726289143 -0.4565577777584551
FixedParameters: 0 0 0
#Transform 76
Transform: MatrixOffsetTransformBase_double_3_3
Parameters: 0.9999845783703117 -0.0012942634498749944 0.005361749196656762 0.0012643402737821435 0.999982960894721 0.00568578597228328 -0.005368494667117183 -0.005679212021030111 0.9999690348621374 -0.1389554144165146 0.01971136659294359 -0.4901131121051705
FixedParameters: 0 0 0
#Transform 77
Transform: MatrixOffsetTransformBase_double_3_3
Parameters: 0.9999879778463966 -0.0011210661942246134 0.004874828438877947 0.0010921597885966926 0.9999817143114869 0.005969900382785415 -0.004881644058298364 -0.005964098977230298 0.9999700522813023 -0.13419768251350206 -0.04183968254331205 -0.46395953093389863
FixedParameters: 0 0 0
#Transform 78
Transform: MatrixOffsetTransformBase_double_3_3
Parameters: 0.9999847338690891 -0.0008110742740089444 0.005441521161780473 0.0007767742003740561 0.9999804814007528 0.0062430687975483234 -0.005446141379432208 -0.006237941199159519 0.9999663633785687 -0.14012456395731476 -0.04588579431960227 -0.4976794001324194
FixedParameters: 0 0 0
#Transform 79
Transform: MatrixOffsetTransformBase_double_3_3
Parameters: 0.9999854980003302 -0.0012362315733791566 0.005193349622968662 0.0012051550072946597 0.9999815468684075 0.005906265617143858 -0.005201158640592265 -0.005900730384740399 0.999969247427402 -0.138552422410811 0.06026675317126262 -0.460919915084375
FixedParameters: 0 0 0
#Transform 80
Transform: MatrixOffsetTransformBase_double_3_3
Parameters: 0.9999860833933486 -0.0011130590910128425 0.005164600553670346 0.0010823359768191638 0.9999823024950782 0.00592596646742119 -0.005171977208722103 -0.0059200315162240835 0.9999686159475999 -0.13997366804166234 -0.021063099668722884 -0.4823166421093745
FixedParameters: 0 0 0
#Transform 81
Transform: MatrixOffsetTransformBase_double_3_3
Parameters: 0.9999832449173728 -0.0012771488824159744 0.005578726670287007 0.0012442417214013047 0.9999810159808682 0.006013706522247253 -0.005586424442869538 -0.00600629093542443 0.9999659875079435 -0.14185008006114685 0.052879204074940844 -0.4780199960446083
FixedParameters: 0 0 0
#Transform 82
Transform: MatrixOffsetTransformBase_double_3_3
Parameters: 0.9999853631375387 -0.0007786695447553676 0.005294089072942844 0.0007450565351560382 0.9999791190985201 0.006370823474086462 -0.005299481973146027 -0.006367178251252964 0.9999661143027003 -0.11755212113627067 -0.060791490604827914 -0.5070187367929009
FixedParameters: 0 0 0
#Transform 83
Transform: MatrixOffsetTransformBase_double_3_3
Parameters: 0.9999830442056908 -0.001282490544408725 0.0055959756594303155 0.0012483162144552998 0.9999810847416761 0.006089758567176862 -0.005602945315447007 -0.00608224769216914 0.9999658793376263 -0.13973887134235952 0.012219112874092275 -0.49500166926216593
FixedParameters: 0 0 0
#Transform 84
Transform: MatrixOffsetTransformBase_double_3_3
Parameters: 0.9999838447883875 -0.0013292017860047124 0.005512730004070609 0.0012954346614359354 0.9999803765643243 0.006055904220824249 -0.005520394507163044 -0.006048085513217644 0.9999662136189618 -0.1625575942834132 -0.045986700802828295 -0.5060878464760492
FixedParameters: 0 0 0
#Transform 85
Transform: MatrixOffsetTransformBase_double_3_3
Parameters: 0.9999810330384932 -0.0010701689309043092 0.006067807096291461 0.001035799057579819 0.9999830514640774 0.005685345981896073 -0.006074271466590034 -0.005678651219882536 0.9999654102083461 -0.13293210649077025 0.0624132498741119 -0.5082888391847078
FixedParameters: 0 0 0
#Transform 86
Transform: MatrixOffsetTransformBase_double_3_3
Parameters: 0.9999891952232064 -0.0006286051417938457 0.004626744322634066 0.0005988122531238102 0.9999796230149134 0.006348503592684407 -0.004631288738328695 -0.006346491652578667 0.9999689894753627 -0.1279231266383647 -0.07975980662769189 -0.48948044359789833
FixedParameters: 0 0 0
#Transform 87
Transform: MatrixOffsetTransformBase_double_3_3
Parameters: 0.9999799015713075 -0.0013299302348684626 0.006270971416680098 0.0012928753658385543 0.9999809582837883 0.0060098170372042126 -0.006279391869146672 -0.0060011908241356104 0.9999628097884394 -0.14176003704055518 0.03351795425942328 -0.5037553294235622
FixedParameters: 0 0 0
#Transform 88
Transform: MatrixOffsetTransformBase_double_3_3
Parameters: 0.9999806312236216 -0.0012052864077791573 0.0061575626417675255 0.001166256883233554 0.9999791019846406 0.006359143116152877 -0.006165092288026689 -0.0063528566429987 0.9999607301576378 -0.15604646339754424 -0.038431991711604496 -0.5299102453619611
FixedParameters: 0 0 0
#Transform 89
Transform: MatrixOffsetTransformBase_double_3_3
Parameters: 0.9999824255024004 -0.0008944065278232757 0.005811263026883076 0.0008580568413486227 0.999979820685128 0.006292421594993658 -0.005817334399216477 -0.00628658113328992 0.9999634877135388 -0.1294148677011151 -0.000855169028113778 -0.5230948722630799
FixedParameters: 0 0 0
#Transform 90
Transform: MatrixOffsetTransformBase_double_3_3
Parameters: 0.9999829965844373 -0.0009713564352410831 0.005836041492787027 0.0009332020135365386 0.9999795003377251 0.006401932600692689 -0.005842300974744073 -0.006396069678237887 0.9999626002750958 -0.13110158377917003 -0.007487326485460244 -0.4960575366361226
FixedParameters: 0 0 0
#Transform 91
Transform: MatrixOffsetTransformBase_double_3_3
Parameters: 0.9999807735040399 -0.0009810809449477393 0.006185532575177694 0.0009398840992413004 0.9999767448244365 0.006697688530316159 -0.006192377572702917 -0.006692306697110295 0.9999583807779759 -0.14677052018964787 -0.05067819173957844 -0.5364565063596771
FixedParameters: 0 0 0
#Transform 92
Transform: MatrixOffsetTransformBase_double_3_3
Parameters: 0.9999812573196475 -0.0009504237802696124 0.0060691375069619625 0.000913543082275591 0.9999815423218285 0.005988568407122363 -0.006075556562842438 -0.005982431179725689 0.9999640612621867 -0.13988926541144053 0.03656530350943399 -0.5184523739358227
FixedParameters: 0 0 0
#Transform 93
Transform: MatrixOffsetTransformBase_double_3_3
Parameters: 0.9999825233231868 -0.0009149391751509068 0.005885829266348068 0.0008740416479854886 0.9999758513136526 0.006912433305339777 -0.005891411213710731 -0.006907573099414477 0.9999591737784774 -0.14021658032432072 -0.08481957189866307 -0.5536695246194867
FixedParameters: 0 0 0
#Transform 94
Transform: MatrixOffsetTransformBase_double_3_3
Parameters: 0.9999745394694357 -0.0011780158487628735 0.007075828049780034 0.0011334710692456568 0.9999796514716338 0.006230674978348505 -0.007083779805239388 -0.006223314597902957 0.9999553352555766 -0.14250531655164878 0.010216287824704295 -0.5930536851259447
FixedParameters: 0 0 0
#Transform 95
Transform: MatrixOffsetTransformBase_double_3_3
Parameters: 0.9999707009419154 -0.001281526559044038 0.007527222197135121 0.0012318977999073917 0.9999778417217651 0.006506287461873372 -0.0075350792439994995 -0.006496702471123494 0.999950318155609 -0.15418999662955457 -0.004134285299286944 -0.6191613199817354
FixedParameters: 0 0 0
#Transform 96
Transform: MatrixOffsetTransformBase_double_3_3
Parameters: 0.9999774258408021 -0.0007960171622096639 0.006628811445332656 0.0007428644726937744 0.9999688319709455 0.007920548470143451 -0.006634804291373666 -0.007915447619792793 0.9999462010904326 -0.11325477538915152 -0.17804451518129838 -0.6995376962524347
FixedParameters: 0 0 0
#Transform 97
Transform: MatrixOffsetTransformBase_double_3_3
Parameters: 0.9999692532941079 0.00007061258946084478 0.007857622174741431 -0.00012935238194987592 0.9999717233264741 0.007457746841315033 -0.007856689676500979 -0.007458244635327765 0.9999412832391793 -0.09782838572736807 -0.014857766543443063 -0.6787330412634631
FixedParameters: 0 0 0
#Transform 98
Transform: MatrixOffsetTransformBase_double_3_3
Parameters: 0.9999712959244655 0.0005969463611537257 0.007572697100568293 -0.0006532836461862943 0.9999719813517983 0.007506553679151373 -0.0075682019801789 -0.007511461745511122 0.9999435410785207 -0.08300107934164203 -0.09098027815515763 -0.6948685417828386
FixedParameters: 0 0 0
#Transform 99
Transform: MatrixOffsetTransformBase_double_3_3
Parameters: 0.9999680118079962 0.00016331587668466391 0.00793458912717937 -0.00022111847616114975 0.9999731335282934 0.007277962611581423 -0.007933539919932153 -0.00727903016287007 0.9999419221359604 -0.09615395794146764 -0.0008922106644035921 -0.6709013723608521
FixedParameters: 0 0 0
#Transform 100
Transform: MatrixOffsetTransformBase_double_3_3
Parameters: 0.9999681707608351 0.0012667559480566718 0.007888477526356371 -0.0013164216209262886 0.999979042388102 0.006300026633955735 -0.007879764588697736 -0.006309964553621622 0.9999486203196303 -0.07057494666722164 0.019893621445959297 -0.6001818336587164
FixedParameters: 0 0 0
#Transform 101
Transform: MatrixOffsetTransformBase_double_3_3
Parameters: 0.9999646841684653 0.0011366488951657001 0.008367756244725855 -0.001175306363114543 0.9999884833913867 0.004644666072095238 -0.00836280310674558 -0.00465433383582306 0.9999539640724047 -0.0960247927270359 0.03767304128886906 -0.5724919874031542
FixedParameters: 0 0 0
#Transform 102
Transform: MatrixOffsetTransformBase_double_3_3
Parameters: 0.9999667374201098 0.0010370941638787653 0.008135406171461839 -0.0010857840666873412 0.9999812057524808 0.00603500433572951 -0.008129182084788427 -0.006043998027798453 0.9999485786407758 -0.09622780424865596 -0.08992472507301841 -0.6246926678503755
FixedParameters: 0 0 0
#Transform 103
Transform: MatrixOffsetTransformBase_double_3_3
Parameters: 0.9999622962148786 0.0005910157404781212 0.008622916181398509 -0.0006474263161226806 0.9999784838509584 0.006583304974337734 -0.008618675637333347 -0.0065887016703295165 0.9999410589672054 -0.11452289196526522 0.00368255575553178 -0.6604329175708727
FixedParameters: 0 0 0
#Transform 104
Transform: MatrixOffsetTransformBase_double_3_3
Parameters: 0.9999627598805567 0.0010591640346016187 0.008550588567986102 -0.0011150861741380301 0.9999781471965594 0.006475579750739979 -0.008543985353095978 -0.006484414716812131 0.9999426294796533 -0.06474654752121012 -0.07354812425381851 -0.5994281639879375
FixedParameters: 0 0 0
#Transform 105
Transform: MatrixOffsetTransformBase_double_3_3
Parameters: 0.9999615171569918 0.0004204623981191888 0.008735328477220963 -0.00047494162238583226 0.9999807180086555 0.006196314018131949 -0.008732379696667658 -0.006199687131764053 0.9999429665263939 -0.11142858962502089 -0.005257632470218709 -0.6316350353419153
FixedParameters: 0 0 0
#Transform 106
Transform: MatrixOffsetTransformBase_double_3_3
Parameters: 0.9999605922868381 0.0008423455836115165 0.008814608205316685 -0.0009087140647876591 0.9999707332470754 0.0076197901402765 -0.008807929564008193 -0.007627212029249847 0.9999316195515334 -0.10418321143804121 -0.031224917656118123 -0.6396161887931058
FixedParameters: 0 0 0
#Transform 107
Transform: MatrixOffsetTransformBase_double_3_3
Parameters: 0.9999588366495461 0.0006340707524233383 0.009097688726357016 -0.0006995848655820295 0.999974000220872 0.007246659584401155 -0.009091972252044146 -0.0072533560828129395 0.9999327077482683 -0.09703134176575645 -0.029199119987566746 -0.6668217513534529
FixedParameters: 0 0 0
#Transform 108
Transform: MatrixOffsetTransformBase_double_3_3
Parameters: 0.9999665782184236 0.0005553224687665206 0.00819228556754978 -0.0006109100637378432 0.9999758661741008 0.006879373686883211 -0.008188175389581786 -0.006884631617555648 0.9999429854416715 -0.10064283728101486 0.026106648422981493 -0.5981995238159143
FixedParameters: 0 0 0
#Transform 109
Transform: MatrixOffsetTransformBase_double_3_3
Parameters: 0.9999641725819077 0.0009579645177810636 0.00836097385259453 -0.0010196341444347723 0.9999727720415078 0.007271903446396638 -0.008353982614543572 -0.0072800844044526025 0.9999385170004277 -0.08596229167970648 -0.025476476469080467 -0.6393289462535563
FixedParameters: 0 0 0
#Transform 110
Transform: MatrixOffsetTransformBase_double_3_3
Parameters: 0.9999586105277697 0.0005750864194016938 0.009113517994603538 -0.0006387497704732918 0.999975246447041 0.007025187696042906 -0.00910936583437372 -0.007030814527377721 0.9999335752176832 -0.0871064505970196 0.04810250207705735 -0.6260040677700118
FixedParameters: 0 0 0
#Transform 111
Transform: MatrixOffsetTransformBase_double_3_3
Parameters: 0.9999648615603687 0.001104244862493339 0.008301360322365892 -0.0011698578516943041 0.9999686696396399 0.0078359033634198 -0.00829300687862655 -0.007845099795788929 0.9999352409701315 -0.060331582121193605 -0.046637058749098514 -0.6280342354248916
FixedParameters: 0 0 0
#Transform 112
Transform: MatrixOffsetTransformBase_double_3_3
Parameters: 0.999963118200455 0.0011748418276880262 0.008514599891074373 -0.001242935237348674 0.999967211049017 0.007969789858604831 -0.00850513263921431 -0.007980199765820178 0.9999317016121343 -0.05374800206656971 -0.015654671504350404 -0.7094016657544273
FixedParameters: 0 0 0
#Transform 113
Transform: MatrixOffsetTransformBase_double_3_3
Parameters: 0.9999656963876691 -0.0006262131967705936 0.008240739531776037 0.0005560640468263288 0.9999632725304142 0.008475541347055665 -0.008245828703728 -0.008470440089802633 0.9999298355279542 -0.10086018768959093 -0.12831616412975677 -0.717336932911337
FixedParameters: 0 0 0
#Transform 114
Transform: MatrixOffsetTransformBase_double_3_3
Parameters: 0.9999626252616043 -0.001030026494730908 0.00856238328838678 0.0009664292279760683 0.9999727214545296 0.007383741383868853 -0.008569557974844913 -0.007375260752803647 0.9999359862429255 -0.0989949356102926 -0.05436224435719339 -0.715394289157139
FixedParameters: 0 0 0
#Transform 115
Transform: MatrixOffsetTransformBase_double_3_3
