#Insight Transform File V1.0
#Transform 0
Transform: MatrixOffsetTransformBase_double_3_3
Parameters: 0.9999876154855545 0.00018286573596754173 -0.005035302117893062 -0.0001959273327706506 0.9999968012220342 -0.00262172706358077 0.0050341471846738015 0.0026222757839418076 0.9999840643772474 -0.006164250709247199 0.2205473152053372 -0.3915293896974106
FixedParameters: 0 0 0
#Transform 1
Transform: MatrixOffsetTransformBase_double_3_3
Parameters: 0.9999856436690625 0.0006911871120624262 -0.00527999853387973 -0.0006901469079400824 0.9999995241980305 0.0001005952717131886 0.00528013460520085 -0.00009640189809309585 0.9999861000668466 -0.0006097091503676211 0.10530742732521503 -0.4469384746624385
FixedParameters: 0 0 0
#Transform 2
Transform: MatrixOffsetTransformBase_double_3_3
Parameters: 0.9999877089810368 0.0010718514306705701 -0.00491345205414268 -0.001071786780758073 0.9999994299259221 0.00010856175394535761 0.0049134662585907 -0.00010344066690470832 0.999988256582712 0.010316625862657247 0.13969816975667015 -0.41196857600585446
FixedParameters: 0 0 0
#Transform 3
Transform: MatrixOffsetTransformBase_double_3_3
Parameters: 0.9999853023649888 0.0011440447585482512 -0.005233408266871191 -0.0011412920119006798 0.999999034791561 0.0005460663699653479 0.005234010129973877 -0.0005399334190912819 0.9999856778714146 0.006754195754780312 0.1556418736609828 -0.420331173926094
FixedParameters: 0 0 0
#Transform 4
Transform: MatrixOffsetTransformBase_double_3_3
Parameters: 0.9999842749056205 0.0011731404510874756 -0.005417429787858869 -0.0011806965282277542 0.9999982820104903 -0.0014157469740375128 0.005415793915300619 0.0014222527036768795 0.9999839657406321 0.013596596022679819 0.2248906268419546 -0.38339239654355595
FixedParameters: 0 0 0
#Transform 5
Transform: MatrixOffsetTransformBase_double_3_3
Parameters: 0.9999850816076995 0.001249673954516358 -0.005325140586025249 -0.0012573005182835901 0.9999984721006853 -0.001355401960478675 0.005323226056636444 0.0013615962090232914 0.9999849184358367 0.015653523760050803 0.19842626340555114 -0.3673234551608573
FixedParameters: 0 0 0
#Transform 6
Transform: MatrixOffsetTransformBase_double_3_3
Parameters: 0.9999856600767181 0.0013685995180503327 -0.005240970032260369 -0.001373979798807128 0.9999980489990192 -0.0009758894344445435 0.0052393488145925 0.0009831076542217987 0.9999856922256986 0.019023612330158812 0.17133967245274562 -0.3617328356477145
FixedParameters: 0 0 0
#Transform 7
Transform: MatrixOffsetTransformBase_double_3_3
Parameters: 0.9999843561423296 0.0014140660221686936 -0.005444552381728913 -0.0014087715207309183 0.9999984362426811 0.0008484436177678689 0.0054460855775895975 -0.0008415512213091059 0.9999844918428902 0.009575894624134662 0.15253919377865088 -0.4206270442091764
FixedParameters: 0 0 0
#Transform 8
Transform: MatrixOffsetTransformBase_double_3_3
Parameters: 0.9999852402292329 0.0010110205885968022 -0.005360784564825011 -0.0010074499984049543 0.9999989675109892 0.0007002433970373367 0.005361340345686479 -0.0006947571463112312 0.9999852996980813 0.004106972060284875 0.14755513659662256 -0.415693416857593
FixedParameters: 0 0 0
#Transform 9
Transform: MatrixOffsetTransformBase_double_3_3
Parameters: 0.9999883875881161 0.0008250686720362967 -0.0046834779466319665 -0.0008310105571831471 0.999998680244993 -0.001385458244771015 0.00468169429524125 0.0013895431874975661 0.9999878570049916 -0.003476983422615376 0.19565743281765435 -0.411636881534335
FixedParameters: 0 0 0
#Transform 10
Transform: MatrixOffsetTransformBase_double_3_3
Parameters: 0.9999861183102415 0.0006732522334997018 -0.005141045668446052 -0.000678938028627272 0.9999991814496646 -0.0012373227934021902 0.005139884468242274 0.0012406805597756643 0.9999858665924783 -0.000809807913668692 0.18365903766553515 -0.38791572370216443
FixedParameters: 0 0 0
#Transform 11
Transform: MatrixOffsetTransformBase_double_3_3
Parameters: 0.9999902444253947 0.0002437386593313924 -0.004437988062513659 -0.00025544894458509864 0.9999959354537901 -0.002798112315928969 0.004437406392067987 0.0027988924844196683 0.9999866456458631 -0.04749195346981594 0.1909109824742643 -0.4200903309111226
FixedParameters: 0 0 0
#Transform 12
Transform: MatrixOffsetTransformBase_double_3_3
Parameters: 0.9999875021398595 0.000004831454924319198 -0.005049168885207352 -0.00002729899130322639 0.999989812028821 -0.004437641366093786 0.005049804815056912 0.0044373544313188185 0.9999773068723921 -0.0199719320572882 0.2201691985462162 -0.413984778633683
FixedParameters: 0 0 0
#Transform 13
Transform: MatrixOffsetTransformBase_double_3_3
Parameters: 0.9999858264594454 0.0003618777891331769 -0.005295479476844793 -0.00038210529980608294 0.9999923917840593 -0.0039071295954258844 0.005294114473837924 0.003908877905403396 0.9999788893866256 -0.008986364220163523 0.1961516668559824 -0.31768470498868595
FixedParameters: 0 0 0
#Transform 14
Transform: MatrixOffsetTransformBase_double_3_3
Parameters: 0.999986939919935 -0.0001319768861361638 -0.005199942197012772 0.00011292987275557192 0.999993605410875 -0.003698410173476885 0.005200987286713902 0.003697596590449992 0.9999799837976276 -0.022731350353495827 0.18628367496167186 -0.3537130393664327
FixedParameters: 0 0 0
#Transform 15
Transform: MatrixOffsetTransformBase_double_3_3
Parameters: 0.9999896267887697 0.00008816703525483854 -0.004512635838806582 -0.00010389672800269893 0.9999932602152181 -0.0036538329810835712 0.004512624425482156 0.003654173852384951 0.9999836628916806 -0.012621719254440222 0.20865349665017163 -0.3143336189590258
FixedParameters: 0 0 0
#Transform 16
Transform: MatrixOffsetTransformBase_double_3_3
Parameters: 0.9999843447944144 -0.000041935201727863036 -0.005626047264205978 0.00002860012137676556 0.9999971377671315 -0.0024574317606572416 0.0056262719079054205 0.00245757165263763 0.9999811282926223 -0.024164798338844662 0.17889779543628492 -0.28800304656974873
FixedParameters: 0 0 0
#Transform 17
Transform: MatrixOffsetTransformBase_double_3_3
Parameters: 0.9999894192715645 -0.00023594206075648594 -0.004639213909151739 0.00021859960817662298 0.9999932497258116 -0.003751155307417764 0.0046406320362296465 0.003749845915709482 0.9999820367900643 -0.02967409499943585 0.2611215429263751 -0.31925167996809733
FixedParameters: 0 0 0
#Transform 18
Transform: MatrixOffsetTransformBase_double_3_3
Parameters: 0.9999837986879869 0.00026852943626667577 -0.005755597989459555 -0.00028228132412269895 0.9999965449776247 -0.002419016885453651 0.005755293360565533 0.0024209820170777163 0.9999805407988007 -0.017844556399424505 0.1849285135405978 -0.29813387849691964
FixedParameters: 0 0 0
#Transform 19
Transform: MatrixOffsetTransformBase_double_3_3
Parameters: 0.9999835717726661 0.0000537286104490952 -0.005694251164225533 -0.00006815795521464338 0.9999966160175504 -0.0026100485333834245 0.005694197373908514 0.0026099537998275912 0.9999803314154248 -0.02942858875435661 0.2145438718505659 -0.3147143606248832
FixedParameters: 0 0 0
#Transform 20
Transform: MatrixOffsetTransformBase_double_3_3
Parameters: 0.9999861092222685 0.00008620796754360755 -0.005185200754182705 -0.00010417365908396421 0.9999938676400326 -0.0034164380968296215 0.0051842636559218894 0.0034165597327673602 0.9999808964200703 -0.01521807957180954 0.2547068233629375 -0.3304335643955909
FixedParameters: 0 0 0
#Transform 21
Transform: MatrixOffsetTransformBase_double_3_3
Parameters: 0.9999853264042887 -0.00011161039088931814 -0.0054463920264079604 0.0000977296192884369 0.9999960962878006 -0.0026987582518356312 0.005446244124086364 0.0026972455975976806 0.9999816715641123 -0.024075182513684013 0.1673517851510411 -0.2934748748619853
FixedParameters: 0 0 0
#Transform 22
Transform: MatrixOffsetTransformBase_double_3_3
Parameters: 0.9999852007740228 0.00004671542131129067 -0.005366213041106705 -0.00006108522421984625 0.9999957438465321 -0.002763898143946064 0.005366179410786371 0.0027641041263842814 0.9999821773902121 -0.028717523271652112 0.19070522927684408 -0.3718097674404035
FixedParameters: 0 0 0
#Transform 23
Transform: MatrixOffsetTransformBase_double_3_3
Parameters: 0.9999959912448824 0.0024468569088864477 -0.001738378672503711 -0.0024556420859114646 0.9999857549178769 -0.004800573299679117 0.0017257554806154468 0.004805427908437104 0.9999870983332457 -0.050862515696138644 0.22649775767601454 -0.2989922769674678
FixedParameters: 0 0 0
#Transform 24
Transform: MatrixOffsetTransformBase_double_3_3
Parameters: 0.9999954248072375 0.00003158805838612876 -0.002928047830381303 -0.000044706032663647864 0.9999915577974725 -0.0041478122980447285 0.002928120611071108 0.004148189065046659 0.9999874549744127 -0.08514017614284342 0.2134666931549134 -0.32195324734012587
FixedParameters: 0 0 0
#Transform 25
Transform: MatrixOffsetTransformBase_double_3_3
Parameters: 0.9999889267861879 0.0010341353621972618 -0.004583054450622962 -0.0010505464715012903 0.9999924691892158 -0.0036017226224148713 0.004579162712759789 0.003606277507752609 0.9999834797372782 -0.011639692244102662 0.2757897191775527 -0.33919416810648073
FixedParameters: 0 0 0
#Transform 26
Transform: MatrixOffsetTransformBase_double_3_3
Parameters: 0.9999774856377325 -0.0005814924277394622 -0.0066465362645875955 0.0005615696019839053 0.9999950917370115 -0.002993297751305718 0.006648140540928061 0.002988700823687962 0.9999735015041796 0.003106521812611618 0.1797442218252172 -0.2743039466782804
FixedParameters: 0 0 0
#Transform 27
Transform: MatrixOffsetTransformBase_double_3_3
Parameters: 0.9999791533669327 -0.0007537310824042135 -0.006346558199499593 0.0007339282020743759 0.9999941210121926 -0.0032186413862501095 0.006348764622507339 0.0032143577045397886 0.9999743403485617 0.0008224112994668076 0.21314308445064967 -0.30503652952298665
FixedParameters: 0 0 0
#Transform 28
Transform: MatrixOffsetTransformBase_double_3_3
Parameters: 0.9999811219179677 -0.0009501395306133276 -0.0060806933808958295 0.0009348710845566805 0.9999965515261765 -0.0023901869561201716 0.006083077140085565 0.0023838053105240953 0.9999781747485703 -0.024137870100503278 0.16256710076368108 -0.3382228979743829
FixedParameters: 0 0 0
#Transform 29
Transform: MatrixOffsetTransformBase_double_3_3
Parameters: 0.9999842913815881 -0.0011311310445239844 -0.005425099664064612 0.0011111433100421183 0.9999920508463379 -0.00373187314747056 0.005428714270467168 0.003725126915164134 0.9999784368006754 -0.034393650063293535 0.23950814409587906 -0.35059597707367374
FixedParameters: 0 0 0
#Transform 30
Transform: MatrixOffsetTransformBase_double_3_3
Parameters: 0.9999826609806726 -0.0009923762017806067 -0.005775541340137261 0.0009755673694632492 0.9999954526401367 -0.0029397277647326414 0.005777890436853828 0.0029342748784378925 0.9999789562095255 -0.013424748011004795 0.16281574606121296 -0.330103461496293
FixedParameters: 0 0 0
#Transform 31
Transform: MatrixOffsetTransformBase_double_3_3
Parameters: 0.9999825457627339 -0.00041856294096607257 -0.005854816541082415 0.00040253989909047345 0.999995358829649 -0.0028789354706645343 0.005855915600316071 0.0028760664803158253 0.9999786267382877 0.005648111918219456 0.19032164422596054 -0.35848774940466654
FixedParameters: 0 0 0
#Transform 32
Transform: MatrixOffsetTransformBase_double_3_3
Parameters: 0.9999848328944632 -0.0003561451413209701 -0.005480950633780588 0.0003394074531380491 0.9999949504858193 -0.003139976708158604 0.0054818703001103895 0.0031380263160637467 0.9999801755599949 -0.01912436927290173 0.24774299369134667 -0.3409264502343987
FixedParameters: 0 0 0
#Transform 33
Transform: MatrixOffsetTransformBase_double_3_3
Parameters: 0.9999961690709792 0.0012203420753493753 -0.002311336488348016 -0.0012277310102870357 0.999993814134998 -0.003198704774904443 0.0023071609540291044 0.0032012907148962766 0.9999918748630818 -0.06089252130593081 0.1982165306975361 -0.42927383714216916
FixedParameters: 0 0 0
#Transform 34
Transform: MatrixOffsetTransformBase_double_3_3
Parameters: 0.9999865200779082 0.001082555802020372 -0.0051291081760521905 -0.0010844176210254956 0.9999993230138086 -0.0003693569913201522 0.005128728124373788 0.00037464336074674587 0.9999869202940473 0.022973402336077697 0.18274446720424464 -0.5613018056597241
FixedParameters: 0 0 0
#Transform 35
Transform: MatrixOffsetTransformBase_double_3_3
Parameters: 0.9999895295498825 0.0014695710716047283 -0.0042790699689372515 -0.001476692249606568 0.9999977381179186 -0.0017176907299077393 0.004276680707790643 0.0017243132801506023 0.9999898677086982 -0.0062460538380975095 0.16966853216098343 -0.4991577183588447
FixedParameters: 0 0 0
#Transform 36
Transform: MatrixOffsetTransformBase_double_3_3
Parameters: 0.9999892100453662 -0.00021648751882031875 -0.004662690234203299 0.00019919805889322093 0.9999932332138 -0.0037261157667485 0.0046639524369003005 0.003725886186968591 0.9999822104249598 -0.022952651080146325 0.20524449591319183 -0.43485478307560754
FixedParameters: 0 0 0
#Transform 37
Transform: MatrixOffsetTransformBase_double_3_3
Parameters: 0.9999913922022502 0.0016558168392057189 -0.0038556057136784694 -0.0016690281310029638 0.9999927381000073 -0.0035301274463466203 0.0038499838756140344 0.00353687954484061 0.999986682645444 0.003690681540717833 0.17844108999219088 -0.4311355749067616
FixedParameters: 0 0 0
#Transform 38
Transform: MatrixOffsetTransformBase_double_3_3
Parameters: 0.9999981992979496 0.0006357939977448309 -0.0015480896825743825 -0.0006406446220427029 0.9999943303307214 -0.003393176010008575 0.0015460133015667145 0.003393825233327624 0.9999928371961002 -0.09583785118076094 0.26071927585512356 -0.4449348060558549
FixedParameters: 0 0 0
#Transform 39
Transform: MatrixOffsetTransformBase_double_3_3
Parameters: 0.9999949428601452 0.001250506840607398 -0.003080989777750538 -0.0012590998785579313 0.9999944232092671 -0.0029103402381568666 0.0030777649073737605 0.0029146613923406173 0.999991554251225 -0.08750970530608981 0.16206817598877876 -0.4459711095332892
FixedParameters: 0 0 0
#Transform 40
Transform: MatrixOffsetTransformBase_double_3_3
Parameters: 0.9999954558104793 0.0017412895057107589 -0.0025520158226338373 -0.0017489616654018825 0.9999942324145512 -0.002910038035481094 0.0025464857968701014 0.002914959068945344 0.9999922580155263 -0.07964790168560398 0.23664717558244774 -0.4968736287639004
FixedParameters: 0 0 0
#Transform 41
Transform: MatrixOffsetTransformBase_double_3_3
Parameters: 0.9999953238620459 0.0013333825204547745 -0.002810052688256015 -0.0013406526430190864 0.9999966935386243 -0.002259985524401875 0.0028072362734344308 0.002264012382994701 0.9999933970023522 -0.08359058542760067 0.15723377196135857 -0.46806351488067577
FixedParameters: 0 0 0
#Transform 42
Transform: MatrixOffsetTransformBase_double_3_3
Parameters: 0.9999903616352944 0.00197068810987856 -0.00396909575597655 -0.001981051605303973 0.999994886042926 -0.0025768100159747065 0.0039641726970268045 0.0025841925182793213 0.9999891575379961 -0.008077921998335569 0.2339667942944743 -0.5221035819406126
FixedParameters: 0 0 0
#Transform 43
Transform: MatrixOffsetTransformBase_double_3_3
Parameters: 0.9999890569775207 0.0017501565370187215 -0.004228744674144307 -0.0017526118104431298 0.9999987678685321 -0.0006332870928942302 0.0042271524910289324 0.0006407132347980293 0.9999904775666264 -0.007050202145521212 0.1557728533460505 -0.5360248023333298
FixedParameters: 0 0 0
#Transform 44
Transform: MatrixOffsetTransformBase_double_3_3
Parameters: 0.999991632398875 0.002069636276835473 -0.0036174620562255365 -0.0020786312108386973 0.9999940734867798 -0.002638731849248427 0.0036117746626414386 0.0026462662116785163 0.999989593219829 0.002113020314197911 0.24446177579856965 -0.49186168367490524
FixedParameters: 0 0 0
#Transform 45
Transform: MatrixOffsetTransformBase_double_3_3
Parameters: 0.9999925586355871 0.0014749017940262846 -0.0036419212446314794 -0.0014840498392727293 0.9999965935138889 -0.0022689338296832673 0.003638858292144224 0.0022740639545582586 0.9999906456491315 -0.015044551611438806 0.15833859516703797 -0.49276781978901596
FixedParameters: 0 0 0
#Transform 46
Transform: MatrixOffsetTransformBase_double_3_3
Parameters: 0.9999901720596523 0.0021069708821229737 -0.003793066275129453 -0.002116030189813825 0.9999947901087745 -0.0022664320031423046 0.003788326301869635 0.0022745638114383127 0.9999900715580885 0.0033009745369412258 0.2588459829116516 -0.5216061939984655
FixedParameters: 0 0 0
#Transform 47
Transform: MatrixOffsetTransformBase_double_3_3
Parameters: 0.9999887075691472 0.002104892054961014 -0.004226064735519301 -0.0021136795111609966 0.9999957548875887 -0.0021169009094617885 0.004222178526068702 0.002125102562753778 0.9999889553322294 0.0031724692695860313 0.1843623725750092 -0.4726054240540236
FixedParameters: 0 0 0
#Transform 48
Transform: MatrixOffsetTransformBase_double_3_3
Parameters: 0.9999904208281675 0.0020194718835880978 -0.003807736837451197 -0.002027910705114603 0.9999953478472995 -0.0021757819576594672 0.0038037618960500906 0.0021842182015952005 0.9999905681253527 0.0006112041145627245 0.22189771601350117 -0.503613514842634
FixedParameters: 0 0 0
#Transform 49
Transform: MatrixOffsetTransformBase_double_3_3
Parameters: 0.9999900201344181 0.002146702490120274 -0.003791200244765107 -0.002157015493082561 0.9999935074775989 -0.002691284025017171 0.0037848739625628985 0.0026997103817912593 0.9999889811361874 0.004253936517500279 0.24064109476657336 -0.45550951161374087
FixedParameters: 0 0 0
#Transform 50
Transform: MatrixOffsetTransformBase_double_3_3
Parameters: 0.9999895253487482 0.0020641898452916337 -0.00402654397443495 -0.0020706042220279917 0.9999966357349447 -0.0015893255962189934 0.004023400443196391 0.001597675425505568 0.9999908110984348 0.0018909461895901813 0.18458872611182642 -0.5111769916166651
FixedParameters: 0 0 0
#Transform 51
Transform: MatrixOffsetTransformBase_double_3_3
Parameters: 0.9999932819610283 0.001981443370599645 -0.002965417814207035 -0.0019889405114032234 0.9999943490646976 -0.00263893163460463 0.0029597784005712035 0.0026440667755910086 0.9999919777875241 -0.0251469685635044 0.24493334340161255 -0.4961439131297496
FixedParameters: 0 0 0
#Transform 52
Transform: MatrixOffsetTransformBase_double_3_3
Parameters: 0.9999899798835269 0.0021882111586905037 -0.0039030340925671494 -0.002196286467617362 0.9999956674536825 -0.0019778859444915253 0.0038980001048599896 0.0019871114480307928 0.9999904517756761 0.004027203512208644 0.1850447108270572 -0.4951354903259073
FixedParameters: 0 0 0
#Transform 53
Transform: MatrixOffsetTransformBase_double_3_3
Parameters: 0.9999919043752469 0.001864418057623499 -0.0036905033979269747 -0.0018709788417616109 0.999996131412537 -0.0018875946403414667 0.003687098058915238 0.0018944066580162677 0.9999916211612521 -0.019851364451980658 0.19530215143491603 -0.5161436101804853
FixedParameters: 0 0 0
#Transform 54
Transform: MatrixOffsetTransformBase_double_3_3
Parameters: 0.9999901430236695 0.0022233640674866302 -0.0037300964639300524 -0.002232039444653013 0.9999943447457798 -0.002253132538436925 0.003724886734205382 0.0022618637183757506 0.9999906056131126 0.008387775884884263 0.24173938782398352 -0.5282018671862829
FixedParameters: 0 0 0
#Transform 55
Transform: MatrixOffsetTransformBase_double_3_3
Parameters: 0.9999903295398908 0.0021099334940515514 -0.0039009519104027824 -0.0021164331769675296 0.999996595755925 -0.001526196844708172 0.0038977156943904153 0.00153480053384486 0.9999910489017663 0.0024390232689626146 0.17989259670365243 -0.501047920136692
FixedParameters: 0 0 0
#Transform 56
Transform: MatrixOffsetTransformBase_double_3_3
Parameters: 0.9999947956891916 0.0013716120719831017 -0.0028847622372250065 -0.0013789459753965646 0.999996068325191 -0.0023819846650418586 0.0028816501838831612 0.0023860152590045036 0.999993360407174 -0.05826500333665763 0.252019951978113 -0.5566106747679171
FixedParameters: 0 0 0
#Transform 57
Transform: MatrixOffsetTransformBase_double_3_3
Parameters: 0.9999906739612638 0.0020367162565676205 -0.0038962133334933175 -0.0020421778573601864 0.9999972094875369 -0.0014224956295696978 0.003892649987367376 0.001430504263696314 0.9999913946476281 -0.005710415584189832 0.1901381378908127 -0.5189587364975807
FixedParameters: 0 0 0
#Transform 58
Transform: MatrixOffsetTransformBase_double_3_3
Parameters: 0.9999908455445128 0.002006885947781322 -0.0037583979555588574 -0.002012146383287092 0.9999972938462479 -0.0014196803608791941 0.003755909105921273 0.0014273204213746948 0.9999914989724936 -0.014454147408102358 0.19440646113581295 -0.5578525410886002
FixedParameters: 0 0 0
#Transform 59
Transform: MatrixOffsetTransformBase_double_3_3
Parameters: 0.9999922205737303 0.0019919134572138637 -0.0032879689096935987 -0.001999643723263475 0.9999951837393904 -0.0022654626815987455 0.0032835493965204616 0.0022715341942344813 0.9999917446057681 -0.0010969886518665817 0.2432803839800073 -0.5090038943021611
FixedParameters: 0 0 0
#Transform 60
Transform: MatrixOffsetTransformBase_double_3_3
Parameters: 0.9999872017178049 0.002248385928211123 -0.004554434733271616 -0.0022473838667603175 0.9999976829248024 0.00011521980470535764 0.004554929267084895 -0.00010477737693756484 0.9999894945932296 0.016229599866107947 0.17948941403138008 -0.5665108325281025
FixedParameters: 0 0 0
#Transform 61
Transform: MatrixOffsetTransformBase_double_3_3
Parameters: 0.9999754453070634 0.004170834879790377 -0.00567102855800245 -0.004181353096978883 0.999989749469788 -0.0018568009183762002 0.0056628638802445 0.0018801969677215702 0.9999817131643914 0.07881263020394158 0.22696008722910221 -0.22253877354165752
FixedParameters: 0 0 0
#Transform 62
Transform: MatrixOffsetTransformBase_double_3_3
Parameters: 0.9999907666788677 0.0037617393892247705 -0.0022547136386607105 -0.003766052913106178 0.9999907997033538 -0.001972120099301977 0.0022469753097598332 0.001980880964689763 0.9999961538240434 0.04657001846217668 0.14838776124817343 0.02035626400483892
FixedParameters: 0 0 0
#Transform 63
Transform: MatrixOffsetTransformBase_double_3_3
Parameters: 0.9999908788748689 0.0027975752373608585 -0.0032082391066415223 -0.002806436228008382 0.9999925020129357 -0.0027027454418194763 0.00320105871312098 0.002712258402092632 0.9999917156461509 0.09006408899838902 0.2690653278804831 0.07731898619634592
FixedParameters: 0 0 0
#Transform 64
Transform: MatrixOffsetTransformBase_double_3_3
Parameters: 0.9999903609274421 0.0033111117319778783 -0.002945324883255196 -0.0033182745921353594 0.9999918060357313 -0.00232441945644149 0.002937451458793031 0.0023335779805245815 0.9999927063479126 0.09008769778816372 0.2137041018431063 0.01998971012987738
FixedParameters: 0 0 0
#Transform 65
Transform: MatrixOffsetTransformBase_double_3_3
Parameters: 0.999991176717693 0.00344022345239492 -0.00223401804607777 -0.003444091508704193 0.9999922514372325 -0.0019389133411604476 0.002226808592665641 0.0019460851760131626 0.9999953786320055 0.06517344753649468 0.20173616684316187 -0.0013238470974386018
FixedParameters: 0 0 0
#Transform 66
Transform: MatrixOffsetTransformBase_double_3_3
Parameters: 0.9999921352415305 0.0026315026968584117 -0.002817996643976051 -0.0026377474534608055 0.999993328732013 -0.002478146527685049 0.002811720780201068 0.002485858275644598 0.9999934857849845 0.047690799633372194 0.2981630949695244 0.007023139853387761
FixedParameters: 0 0 0
#Transform 67
Transform: MatrixOffsetTransformBase_double_3_3
Parameters: 0.9999959626219147 0.002213449808112081 -0.001771091272794499 -0.0022170350344719197 0.9999962117129686 -0.001659107074157451 0.001767302438547562 0.0016628922785169864 0.9999972330531703 -0.014055107837663172 0.21781520287960632 -0.003965542919850407
FixedParameters: 0 0 0
#Transform 68
Transform: MatrixOffsetTransformBase_double_3_3
Parameters: 0.9999904185809352 0.0028954946195842855 -0.0031930247256104476 -0.00290104612157922 0.9999947076040714 -0.0016502216694545824 0.0031886177553037227 0.0016597784978450714 0.9999932328975224 0.03520484880087338 0.2566583840102794 -0.04255685048518387
FixedParameters: 0 0 0
#Transform 69
Transform: MatrixOffsetTransformBase_double_3_3
Parameters: 0.9999967704881532 0.001495532107811779 -0.001998429961212824 -0.0014972526084596005 0.9999980335320614 -0.001109336426268287 0.001996721103692574 0.001112663725100077 0.999997268309428 -0.014289883120810032 0.27321809936702834 -0.0014938368661177037
FixedParameters: 0 0 0
#Transform 70
Transform: MatrixOffsetTransformBase_double_3_3
Parameters: 0.9999890199220407 -0.0007604364828725175 -0.004626392001863744 0.0007551241724661746 0.999999245032346 -0.0010444876934916913 0.004626870029639613 0.001040510120086352 0.9999886012670791 0.028979166213574103 0.18482758431282775 -0.04225487263354921
FixedParameters: 0 0 0
#Transform 71
Transform: MatrixOffsetTransformBase_double_3_3
Parameters: 0.9999518011040344 -0.0020774220108516176 -0.009637106479029375 0.002049917927657811 0.9999932809000379 -0.002875232306532305 0.009643725000741643 0.002855762760857611 0.9999490976051252 0.0537438788666833 0.2532333216534539 -0.14516591780719068
FixedParameters: 0 0 0
#Transform 72
Transform: MatrixOffsetTransformBase_double_3_3
Parameters: 0.9999484575772307 -0.0038332429665871837 -0.009372459179775128 0.003813234083293865 0.9999906246031914 -0.002158775235999194 0.009380940769161926 0.002123224882711633 0.99995366496628 0.014382672475392155 0.18586550681024505 -0.10656617198333151
FixedParameters: 0 0 0
#Transform 73
Transform: MatrixOffsetTransformBase_double_3_3
Parameters: 0.9999473480929906 -0.0031643409389423066 -0.009779181608475199 0.003131303617253011 0.9999893324501647 -0.003386299039836338 0.009790186019260403 0.0033556979322973968 0.9999462877061667 0.005128770343077349 0.1906370685899077 -0.13531574628508025
FixedParameters: 0 0 0
#Transform 74
Transform: MatrixOffsetTransformBase_double_3_3
Parameters: 0.99995519724502 -0.0026533752079727184 -0.0090976837119285 0.002623950159321235 0.9999913102439841 -0.0031998979836542762 0.009105388756433602 0.003175099724301106 0.999953566188326 0.017164493881111298 0.19021149908319046 -0.13385614309800786
FixedParameters: 0 0 0
#Transform 75
Transform: MatrixOffsetTransformBase_double_3_3
Parameters: 0.9999619183223867 -0.002554024385172147 -0.008339748896300847 0.0025307945226057463 0.9999931543728333 -0.0027728276045687617 0.008347519637293122 0.0027511707798405782 0.9999615063468642 0.0052601295522265445 0.1809867409816519 -0.14497427041513333
FixedParameters: 0 0 0
#Transform 76
Transform: MatrixOffsetTransformBase_double_3_3
Parameters: 0.9999596988261984 -0.0021078548968575775 -0.00870958981605834 0.0020703321785672225 0.9999896446011789 -0.00420760381190094 0.008718529661879462 0.004189389541193189 0.9999527985858533 0.026131799714008253 0.22842333264257775 -0.12784797368682632
FixedParameters: 0 0 0
#Transform 77
Transform: MatrixOffsetTransformBase_double_3_3
Parameters: 0.9999605881352326 -0.0024831611727741017 -0.008499189458824613 0.0024572691460784933 0.9999926704501784 -0.0030618748551226316 0.008507653731531475 0.003041126282123996 0.9999592939687928 0.007756393508159931 0.20326307273965938 -0.12579595875698857
FixedParameters: 0 0 0
#Transform 78
Transform: MatrixOffsetTransformBase_double_3_3
Parameters: 0.9999578224445231 -0.0020025007172260858 -0.0089538830736867 0.0019672070343969457 0.9999899431154566 -0.0039688501448545965 0.00896100080937379 0.003951146824556495 0.9999515153584011 0.022800463691879713 0.2571870572803192 -0.13701023563041304
FixedParameters: 0 0 0
#Transform 79
Transform: MatrixOffsetTransformBase_double_3_3
Parameters: 0.9999633699505543 -0.0020047399919875305 -0.008342966190386408 0.0019807999434082314 0.999993916702866 -0.002857734434903364 0.008349239461501255 0.0028412634378169044 0.9999612136213444 0.02221926683807851 0.26047792126385616 -0.11293352447115979
FixedParameters: 0 0 0
#Transform 80
Transform: MatrixOffsetTransformBase_double_3_3
Parameters: 0.9999612557195369 -0.0015071827716080946 -0.008687446155861077 0.0014778998240263933 0.9999932840434624 -0.003344022360333293 0.00869241343884633 0.0033309751549489564 0.9999566933768131 0.03245317475337117 0.24294353509175437 -0.11003993691939229
FixedParameters: 0 0 0
#Transform 81
Transform: MatrixOffsetTransformBase_double_3_3
Parameters: 0.9999628751408781 -0.0011335209196109185 -0.008534932209802337 0.001096389021822034 0.9999899455020916 -0.004287594637944592 0.008539023492487783 0.004277397796681376 0.9999542492110861 0.023888816976224803 0.27313815643184114 -0.0752906946573546
FixedParameters: 0 0 0
#Transform 82
Transform: MatrixOffsetTransformBase_double_3_3
Parameters: 0.9999692459099712 -0.0008429496710931456 -0.007813030714242226 0.0007989580492393745 0.9999838026485011 -0.00563348434252009 0.00781754434428991 0.00562752057742244 0.9999540366920872 0.013223162582292503 0.2410102990870655 -0.10044577177421132
FixedParameters: 0 0 0
#Transform 83
Transform: MatrixOffsetTransformBase_double_3_3
Parameters: 0.9999722133008617 -0.0008834374529564158 -0.007416722144872035 0.0008474957448031736 0.9999883477954703 -0.004836774714317316 0.007420607285566401 0.004830232115928618 0.999961139103555 0.003470643039875654 0.28070333854846297 -0.06676225080731513
FixedParameters: 0 0 0
#Transform 84
Transform: MatrixOffsetTransformBase_double_3_3
Parameters: 0.9999753470336444 0.0009948284133625518 -0.006904072426702906 -0.0010299892773151624 0.9999857909943298 -0.005138186808212486 0.006898398569842452 0.005145807078007242 0.9999626747503959 0.003507894053484506 0.24357820841018452 -0.05142201607979047
FixedParameters: 0 0 0
#Transform 85
Transform: MatrixOffsetTransformBase_double_3_3
Parameters: 0.9999757162761141 0.0005711819349210043 -0.006924926022684854 -0.000612751684584217 0.999981824391665 -0.005970169666983938 0.006921704468573252 0.005973831276269492 0.9999585608140023 0.018366569642793706 0.2616868108689232 -0.12211129493370265
FixedParameters: 0 0 0
#Transform 86
Transform: MatrixOffsetTransformBase_double_3_3
Parameters: 0.9999929860292147 0.00007441001670199061 -0.0038741693104923365 -0.00007969104516026095 0.9999992147354775 -0.0012132935220341978 0.003873857393077239 0.001213704264137555 0.9999918261195543 -0.015503389304981852 0.16252231720260113 -0.07733024308480196
FixedParameters: 0 0 0
#Transform 87
Transform: MatrixOffsetTransformBase_double_3_3
Parameters: 0.999999565121998 0.0011868713623748393 0.00016485041206297572 -0.0011872219598810568 0.9999700693174869 0.007725067952788572 -0.00015627955680170305 -0.00772594214611852 0.999970127202598 -0.11288975234421628 0.20617995244913345 -0.5725423817681872
FixedParameters: 0 0 0
#Transform 88
Transform: MatrixOffsetTransformBase_double_3_3
Parameters: 0.9999990899969031 0.0010071824576466963 0.001376842865149551 -0.0010160535892167306 0.9999769010904717 0.006771570097848373 -0.0013702295126996572 -0.006773439914177365 0.9999764542075293 -0.13471144280985925 0.19952988666037186 -0.5263999540586752
FixedParameters: 0 0 0
#Transform 89
Transform: MatrixOffsetTransformBase_double_3_3
Parameters: 0.9999996476785813 0.000041892546801343704 -0.0005925324219839882 -0.000036253798836578924 0.9999527315497085 0.009709018865536184 0.0005920129398439839 -0.00970897263261547 0.9999523823897727 -0.08897413270356935 0.052384392988670925 -0.6471607404683226
FixedParameters: 0 0 0
#Transform 90
Transform: MatrixOffsetTransformBase_double_3_3
Parameters: 0.9999971225689613 0.0009758276492716198 0.0019814141970240654 -0.0009953809726133687 0.9999474140756731 0.010149703364122992 -0.001971248995094852 -0.010151287856367291 0.9999466377227099 -0.11078932047576018 0.16198630676464632 -0.6156124852098372
FixedParameters: 0 0 0
#Transform 91
Transform: MatrixOffsetTransformBase_double_3_3
Parameters: 0.9999979920926765 0.0008466708135972572 0.0018140273506167515 -0.0008633307670034903 0.9999593641182101 0.009026365778013551 -0.001806355925754137 -0.009027642848009332 0.9999576509553741 -0.1440636230135084 0.2135018129713444 -0.6316844194306199
FixedParameters: 0 0 0
#Transform 92
Transform: MatrixOffsetTransformBase_double_3_3
Parameters: 0.9999975513680185 0.0010586998228066225 0.0020807754793270646 -0.0010769733912925367 0.9999582220401637 0.009068484920210812 -0.002070484554611247 -0.00907151574358897 0.9999567959140758 -0.12235906343973113 0.15121129081019546 -0.6133781252726607
FixedParameters: 0 0 0
#Transform 93
Transform: MatrixOffsetTransformBase_double_3_3
Parameters: 0.9999972593803886 0.0010773057294480484 0.001891968218639887 -0.0010945062650321575 0.9999599255453262 0.00891386091451199 -0.0018823252822112088 -0.008916141105350162 0.9999583760201823 -0.11745712032073641 0.14959736790470402 -0.6002770642888748
FixedParameters: 0 0 0
#Transform 94
Transform: MatrixOffsetTransformBase_double_3_3
Parameters: 0.9999961029560344 0.0011171059159060933 0.002578815527336021 -0.0011402325852104612 0.9999602779595295 0.008867708339035968 -0.0025682127821467994 -0.008870297144550482 0.9999575032216376 -0.10958730695742247 0.24360852490788432 -0.6134528511965485
FixedParameters: 0 0 0
#Transform 95
Transform: MatrixOffsetTransformBase_double_3_3
Parameters: 0.9999972766859709 0.0011671971015600317 0.0018328826431632157 -0.0011839862830723617 0.9999574123874283 0.00920676866684883 -0.0018229057562666982 -0.0092092480457438 0.9999562858220978 -0.11157734500403649 0.14713419177599008 -0.6012137759709759
FixedParameters: 0 0 0
#Transform 96
Transform: MatrixOffsetTransformBase_double_3_3
Parameters: 0.9999974294636461 0.0013388343306898168 0.0019437849476617918 -0.0013565133744034047 0.9999564843680471 0.00922225403741117 -0.001931361131632861 -0.009224748924503035 0.9999557953079644 -0.10676627346526857 0.2225102502117835 -0.6388167772514137
FixedParameters: 0 0 0
#Transform 97
Transform: MatrixOffsetTransformBase_double_3_3
Parameters: 0.9999974577377301 0.0009549071240462957 0.0019054610530828012 -0.0009724219319535828 0.999958223184368 0.009133079756254242 -0.0018963855309657195 -0.009134925119498816 0.9999563709270094 -0.14089084547177322 0.15433209362674916 -0.5816120824451687
FixedParameters: 0 0 0
#Transform 98
Transform: MatrixOffsetTransformBase_double_3_3
Parameters: 0.9999972879151021 0.001614999383400296 0.0014504612837293416 -0.001627406755558143 0.9999622499584996 0.008522776806829085 -0.0014365379372714342 -0.008525222603183252 0.9999627179986031 -0.12925626632394938 0.23766769403094656 -0.7414150449914771
FixedParameters: 0 0 0
#Transform 99
Transform: MatrixOffsetTransformBase_double_3_3
Parameters: 0.9999982464988694 0.0010128440603521015 0.0016518042795828811 -0.0010272148812941885 0.9999586494981364 0.00899322240316619 -0.0016424107594904716 -0.00899476424467957 0.9999578096254021 -0.132955240897914 0.18051091257939333 -0.667902179144356
FixedParameters: 0 0 0
#Transform 100
Transform: MatrixOffsetTransformBase_double_3_3
Parameters: 0.9999979115673524 0.0010195983898229335 0.0017460616010761142 -0.0010368335244903101 0.9999492235979704 0.01001411583033135 -0.001735949101647356 -0.010015877759762176 0.9999480823482805 -0.1499330394840399 0.2285823402706768 -0.7464922656975119
FixedParameters: 0 0 0
#Transform 101
Transform: MatrixOffsetTransformBase_double_3_3
Parameters: 0.9999969468018067 0.0009534090581517971 -0.0022682866771721343 -0.0009339800431256503 0.9999643019472154 0.008388607003640913 0.002275949589503087 -0.00838738591064217 0.9999619251383494 -0.11312989893656322 0.11734047037873552 -0.8087721692720322
FixedParameters: 0 0 0
#Transform 102
Transform: MatrixOffsetTransformBase_double_3_3
Parameters: 0.9999958925638943 0.0017594397097459766 -0.002239483879025928 -0.0017417031630338976 0.999971075622274 0.007392444597152631 0.0022517544603181876 -0.007388558828356984 0.999970576222868 -0.1028515764792104 0.23992576087165673 -0.7613009417278391
FixedParameters: 0 0 0
#Transform 103
Transform: MatrixOffsetTransformBase_double_3_3
Parameters: 0.9999978886208692 0.0008230608327287501 -0.001559660721851473 -0.0008105276411405286 0.9999666972408829 0.008179118634490445 0.0015671077253804518 -0.008177890217447276 0.9999654132418831 -0.1324098910178293 0.11182362743944907 -0.723458920808632
FixedParameters: 0 0 0
#Transform 104
Transform: MatrixOffsetTransformBase_double_3_3
Parameters: 0.9999980591117201 0.0007239007018452823 -0.0015548104625884107 -0.0007125537913857386 0.9999738609262082 0.0072029532011772535 0.001559669157731694 -0.007202041820319333 0.9999724447869586 -0.1158747622610008 0.2705026353187776 -0.7179361562059583
FixedParameters: 0 0 0
#Transform 105
Transform: MatrixOffsetTransformBase_double_3_3
Parameters: 0.9999999871971703 -0.00007138509305972686 -0.00008789288416925595 0.00007151633826220401 0.9999712931889478 0.007529988411320826 0.0000875808434508143 -0.007530000987514995 0.9999712906803975 -0.1504290903430956 0.21343076565069907 -0.7061609040029921
FixedParameters: 0 0 0
#Transform 106
Transform: MatrixOffsetTransformBase_double_3_3
Parameters: 0.9999989266513354 0.0007063880432451061 -0.0016047059553714782 -0.0006935469642658038 0.9999695384564729 0.00774791239553943 0.0016098508829920804 -0.007746078595531503 0.9999683543536121 -0.12976415486191684 0.1800157917285503 -0.7068190967309746
FixedParameters: 0 0 0
#Transform 107
Transform: MatrixOffsetTransformBase_double_3_3
Parameters: 0.9999998538100283 0.0005338747186568889 0.0009281958731758544 -0.0005401767871821361 0.9999747027086123 0.007141505670699377 -0.0009241319420204806 -0.007142500467858859 0.9999741333994593 -0.16770780076636527 0.22484831275761508 -0.7148344567908822
FixedParameters: 0 0 0
#Transform 108
Transform: MatrixOffsetTransformBase_double_3_3
Parameters: 0.9999999420616867 0.00022603255747057828 0.0000839897600137629 -0.00022616284664520386 0.99996801179323 0.007995981487649073 -0.00008113793091508634 -0.007996018863658083 0.9999680561878234 -0.1518776951339902 0.14755647292537333 -0.727907822142221
FixedParameters: 0 0 0
#Transform 109
Transform: MatrixOffsetTransformBase_double_3_3
Parameters: 0.9999988054863456 0.0008688861399982445 -0.0015621403866426953 -0.0008575457319717688 0.9999741927261515 0.00709698032130493 0.001567927615003286 -0.007096020197477848 0.9999738907835249 -0.12958779199806258 0.22522347786721753 -0.7401174922877658
FixedParameters: 0 0 0
#Transform 110
Transform: MatrixOffsetTransformBase_double_3_3
Parameters: 0.999999236956974 0.0008228340950817012 0.0002919620492188189 -0.0008259889605025859 0.9999675518309954 0.00804496919011441 -0.0002855363816115554 -0.0080450290571433 0.9999672389709104 -0.14213691359933023 0.13243149500745233 -0.7485217079775737
FixedParameters: 0 0 0
#Transform 111
Transform: MatrixOffsetTransformBase_double_3_3
Parameters: 0.9999991728507205 0.0009062686483779476 -0.00007740267109182045 -0.0009055628690727905 0.9999735119460691 0.00727112363315352 0.00008331218334479095 -0.00727188731108705 0.9999739099812267 -0.15012857717613315 0.21293125984843186 -0.7829981766466148
FixedParameters: 0 0 0
#Transform 112
Transform: MatrixOffsetTransformBase_double_3_3
Parameters: 0.999999050610359 0.0009449386947713041 0.00023726452627832113 -0.0009470504960380284 0.9999695211781346 0.007718778490770073 -0.0002294993471524687 -0.0077192200949053325 0.9999703617176283 -0.15390946401208794 0.1755158381558175 -0.7338940813971675
FixedParameters: 0 0 0
#Transform 113
Transform: MatrixOffsetTransformBase_double_3_3
Parameters: 0.9999984630852575 0.001227287108252656 -0.0014244502300946016 -0.0012168549119100903 0.9999703206648998 0.007645590147504183 0.0014345031175367114 -0.007643421805026168 0.9999702637579339 -0.1198232120832472 0.1704015270353807 -0.7636234080937783
FixedParameters: 0 0 0
#Transform 114
Transform: MatrixOffsetTransformBase_double_3_3
Parameters: 0.9999999561836826 0.00006828831434853221 -0.0001978123121156443 -0.00006625120785965681 0.9999711889778427 0.0076030145574547126 0.00019862220934051971 -0.007602987927395888 0.9999711542969023 -0.1589252196837947 0.23311756346508616 -0.7811988471665856
FixedParameters: 0 0 0
#Transform 115
