#Insight Transform File V1.0
#Transform 0
Transform: MatrixOffsetTransformBase_double_3_3
Parameters: 0.9999951085599665 0.0010744676103540943 0.002956116000956281 -0.001062284657174083 0.9999910809556883 -0.004095189777840341 -0.0029599467487390865 0.004091813017565051 0.9999875138851576 0.3120966127482063 -0.003037403349537726 -0.3769712889118182
FixedParameters: 0 0 0
#Transform 1
Transform: MatrixOffsetTransformBase_double_3_3
Parameters: 0.9999905368858476 0.001542124265893838 0.004010362948916795 -0.001527916920732348 0.9999932151782677 -0.0035212036023644514 -0.004016262827627882 0.0035157980190560845 0.9999855618270672 0.29079709841174406 -0.06719068687301899 -0.41140281507072984
FixedParameters: 0 0 0
#Transform 2
Transform: MatrixOffsetTransformBase_double_3_3
Parameters: 0.999991653074382 0.0013617074457189628 0.003936226484084368 -0.0013443626757591058 0.999988794669393 -0.0046223738743832385 -0.003941860105084519 0.004616630191224785 0.9999811784131968 0.2886186501223307 -0.0515171193401045 -0.4675234376987447
FixedParameters: 0 0 0
#Transform 3
Transform: MatrixOffsetTransformBase_double_3_3
Parameters: 0.9999932692715685 0.0012179990134450027 0.003353915436976819 -0.0012021971389588274 0.9999883913912598 -0.004596094292941514 -0.003359139977156469 0.004592900472230464 0.9999836586870524 0.2891721466494772 -0.03899454791466894 -0.4993366033324165
FixedParameters: 0 0 0
#Transform 4
Transform: MatrixOffsetTransformBase_double_3_3
Parameters: 0.9999930843734184 0.0014495613290682154 0.0034374220900153705 -0.001435477075101789 0.9999913410346479 -0.003944998903286613 -0.0034428873385858086 0.003940003556112164 0.9999866564877691 0.28061651743934135 -0.09488176534779313 -0.48182848347109797
FixedParameters: 0 0 0
#Transform 5
Transform: MatrixOffsetTransformBase_double_3_3
Parameters: 0.9999912299470248 0.0019877805348455335 0.0037175626551766783 -0.0019743679655658476 0.9999913961135033 -0.0036944097678468235 -0.0037242849874233176 0.003687596224313739 0.9999865866358316 0.28409377052481943 -0.11117108263671582 -0.48480110096947016
FixedParameters: 0 0 0
#Transform 6
Transform: MatrixOffsetTransformBase_double_3_3
Parameters: 0.999993001152111 0.0014757889288275331 0.003289956638474516 -0.0014653193285801916 0.9999940263457695 -0.0029648744419991553 -0.003293732670710776 0.0029601224153292605 0.9999904219076581 0.29529520346483196 -0.11175973660957084 -0.4940627281984433
FixedParameters: 0 0 0
#Transform 7
Transform: MatrixOffsetTransformBase_double_3_3
Parameters: 0.9999949058143296 0.0009188162568413349 0.0032016528460248107 -0.0009055017245642094 0.9999912426999842 -0.004112959221280563 -0.0032052444335250877 0.004110044973110516 0.9999868539959454 0.28710859657357446 -0.09081150785695513 -0.5290935836915054
FixedParameters: 0 0 0
#Transform 8
Transform: MatrixOffsetTransformBase_double_3_3
Parameters: 0.9999912672496732 0.0015201158989295099 0.0037977788173788798 -0.0015048921890202544 0.9999918480935035 -0.0038527927826568376 -0.003803523074463097 0.00384721133497399 0.9999857739066589 0.27620276382604914 -0.14881670896434684 -0.5133586181295442
FixedParameters: 0 0 0
#Transform 9
Transform: MatrixOffsetTransformBase_double_3_3
Parameters: 0.999995040001893 0.0008984344426266414 0.002855389152471361 -0.0008857148673347323 0.9999904300446928 -0.004331568546567147 -0.0028591993333897817 0.004329428491024798 0.9999861032497568 0.29611570136734144 -0.12886336833700796 -0.5697031269955914
FixedParameters: 0 0 0
#Transform 10
Transform: MatrixOffsetTransformBase_double_3_3
Parameters: 0.9999927518699456 0.0007490557529381624 0.0038323562810822676 -0.0007344525325765397 0.9999925024398731 -0.003864894897593076 -0.0038351926493347586 0.0038621093951547456 0.9999853959237428 0.29080894719402295 -0.11899503927098465 -0.49730387489303496
FixedParameters: 0 0 0
#Transform 11
Transform: MatrixOffsetTransformBase_double_3_3
Parameters: 0.9999921072765037 0.0012039474720130004 0.0038001587622297655 -0.0011910192808167843 0.9999929678424939 -0.00354659456870069 -0.0038047456151547227 0.003542403496641852 0.9999860123019021 0.2953210318037378 -0.15356960284019294 -0.5065983719847438
FixedParameters: 0 0 0
#Transform 12
Transform: MatrixOffsetTransformBase_double_3_3
Parameters: 0.9999945858647494 0.000901299344444777 0.0032557010728153247 -0.0008882539349751437 0.9999911745691801 -0.004001946935513591 -0.0032599510616811407 0.003999046734152188 0.9999864031011687 0.31286972652200973 -0.12071933576035576 -0.5574273517236108
FixedParameters: 0 0 0
#Transform 13
Transform: MatrixOffsetTransformBase_double_3_3
Parameters: 0.9999910419982349 0.0006887626540463059 0.004060092641061711 -0.0006725642597666304 0.9999917828911336 -0.0039678194710366 -0.004062604159866278 0.0039651786122269885 0.9999837926128357 0.2698292416409771 -0.13691362150042607 -0.5059343863990762
FixedParameters: 0 0 0
#Transform 14
Transform: MatrixOffsetTransformBase_double_3_3
Parameters: 0.9999920037423812 0.0008899664711504493 0.0038989966371271653 -0.0008766087954305451 0.9999929676867192 -0.0036394951828097356 -0.0039025273994478128 0.003635506109221598 0.9999855730452882 0.28372214579067645 -0.11818833545716245 -0.5371494304919011
FixedParameters: 0 0 0
#Transform 15
Transform: MatrixOffsetTransformBase_double_3_3
Parameters: 0.999992896683838 0.0008874891700788923 0.0036488187231888064 -0.0008735777835744601 0.999992569441778 -0.003827257748360257 -0.0036526535491785165 0.003823744441160619 0.9999860581230202 0.28026718541286755 -0.12570943731613227 -0.5294032225438059
FixedParameters: 0 0 0
#Transform 16
Transform: MatrixOffsetTransformBase_double_3_3
Parameters: 0.9999944007618462 0.0008614592904987643 0.0032947763847076253 -0.0008495544926395983 0.9999929551133576 -0.0037818595083189497 -0.0032983357465238257 0.0037791489189507544 0.9999878610714837 0.28846811755090584 -0.1591706594960698 -0.48589892374828025
FixedParameters: 0 0 0
#Transform 17
Transform: MatrixOffsetTransformBase_double_3_3
Parameters: 0.9999910356101144 0.0008309444360743355 0.004034290873206435 -0.0008137477457018037 0.9999903184568251 -0.004241372967262845 -0.004037383200512529 0.004238623115327488 0.999982761655875 0.2662821471141399 -0.115751065957312 -0.5217202428518277
FixedParameters: 0 0 0
#Transform 18
Transform: MatrixOffsetTransformBase_double_3_3
Parameters: 0.9999917810100375 0.0009104729625558916 0.0040486125411147095 -0.0008930196458817531 0.9999910774761017 -0.004134708405716269 -0.004052178231943728 0.004131291403683187 0.9999835398637196 0.2702473817781481 -0.11406475057678733 -0.48759395425678065
FixedParameters: 0 0 0
#Transform 19
Transform: MatrixOffsetTransformBase_double_3_3
Parameters: 0.9999904876908151 0.0006762083081610879 0.00424937851962448 -0.0006614810051694383 0.9999932855474479 -0.0035009045062220365 -0.004251164588208057 0.003498092969203421 0.9999847089634447 0.27344514052025204 -0.11764259617068262 -0.4693017054755444
FixedParameters: 0 0 0
#Transform 20
Transform: MatrixOffsetTransformBase_double_3_3
Parameters: 0.9999916272958055 0.0007594633588510208 0.004098155701458574 -0.0007423278029596307 0.9999910640555278 -0.004167134208337719 -0.004101530223464974 0.00416386505499027 0.9999828601615108 0.27494234497416414 -0.11907948160921933 -0.4909065041084659
FixedParameters: 0 0 0
#Transform 21
Transform: MatrixOffsetTransformBase_double_3_3
Parameters: 0.9999919421020618 0.00009519188176073271 0.004129265018221247 -0.00007715842285778478 0.9999899483535043 -0.004364416157879451 -0.004129142847909973 0.004363578823001359 0.9999819044348532 0.30237119556917946 -0.14093965489159643 -0.5485768733489351
FixedParameters: 0 0 0
#Transform 22
Transform: MatrixOffsetTransformBase_double_3_3
Parameters: 0.9999897675020357 0.00006648488563355016 0.004607200683056457 -0.00004618200593222191 0.9999908069590768 -0.004265335668225192 -0.004607813863697719 0.004264662957456678 0.9999805797402928 0.29165622304688554 -0.1930523975459124 -0.5039515879334076
FixedParameters: 0 0 0
#Transform 23
Transform: MatrixOffsetTransformBase_double_3_3
Parameters: 0.9999888151732457 -0.00004272375734526365 0.004814899144526474 0.00006250410697830791 0.9999909324921015 -0.004130827991348729 -0.004814604067613314 0.004131167097902698 0.9999797520361275 0.28684554706373433 -0.15831349384723126 -0.5124277302044788
FixedParameters: 0 0 0
#Transform 24
Transform: MatrixOffsetTransformBase_double_3_3
Parameters: 0.9999890292851045 -0.00007726376773086316 0.0045788518496516235 0.0001006651109507095 0.9999874105845594 -0.004957667509930291 -0.004578123249367986 0.004958328586888904 0.9999774546319425 0.2948938390613165 -0.15333056838764492 -0.5531688114605018
FixedParameters: 0 0 0
#Transform 25
Transform: MatrixOffsetTransformBase_double_3_3
Parameters: 0.9999881662452129 0.00004243021018898161 0.004778115637276315 -0.00002085076449166466 0.9999892057567698 -0.004560234503355405 -0.004778557795915041 0.0045597645690896435 0.9999783728391503 0.29498709148855085 -0.19816596921684493 -0.5507139599514375
FixedParameters: 0 0 0
#Transform 26
Transform: MatrixOffsetTransformBase_double_3_3
Parameters: 0.9999869857603874 -0.00009621619018742604 0.0051967728809442495 0.00011934550265406539 0.999990295488296 -0.004438529524347375 -0.0051959766726448 0.0044384682608274465 0.9999762892573717 0.28186766956555687 -0.188764208779034 -0.5462265434182356
FixedParameters: 0 0 0
#Transform 27
Transform: MatrixOffsetTransformBase_double_3_3
Parameters: 0.9999880531893278 -0.0000951427765634175 0.004892761241522296 0.00011616928157342157 0.9999905422066392 -0.004294564998526452 -0.004892000246750475 0.0042954312897563055 0.9999786165577544 0.29762859271910713 -0.21006816592739597 -0.5811528947378974
FixedParameters: 0 0 0
#Transform 28
Transform: MatrixOffsetTransformBase_double_3_3
Parameters: 0.9999874848155617 -0.0002817690984764301 0.004943343077818366 0.0003042587534711718 0.9999897592295112 -0.004600638649426546 -0.004941807282956648 0.004601367810571531 0.9999773866711452 0.30476067407830953 -0.19947515345408817 -0.5984580540410391
FixedParameters: 0 0 0
#Transform 29
Transform: MatrixOffsetTransformBase_double_3_3
Parameters: 0.999987794251931 -0.0004294710633801789 0.004901094405778084 0.00045396749598055654 0.9999883451206376 -0.004843919412226596 -0.0048989746157382325 0.004846080992023 0.9999765005197877 0.29119736101418425 -0.2344437916989648 -0.5834924472408218
FixedParameters: 0 0 0
#Transform 30
Transform: MatrixOffsetTransformBase_double_3_3
Parameters: 0.9999874908227125 -0.0004193286286957775 0.005033233639418619 0.0004449531865595502 0.9999865311193794 -0.005126916232474544 -0.00503098300866982 0.0051290841342511205 0.9999743662523125 0.2962000957028579 -0.23453204165484465 -0.5517209967313903
FixedParameters: 0 0 0
#Transform 31
Transform: MatrixOffsetTransformBase_double_3_3
Parameters: 0.999985626462985 -0.0006706738301605988 0.005377681845864957 0.0006974344665401075 0.9999875903107885 -0.0049954220415589995 -0.005375033730089541 0.004998582478663706 0.9999730954332482 0.2804304274349647 -0.21495365090551388 -0.5849910161876508
FixedParameters: 0 0 0
#Transform 32
Transform: MatrixOffsetTransformBase_double_3_3
Parameters: 0.9999883645077131 -0.0005011002181286934 0.004835865388833623 0.0005234294423796284 0.9999887955672744 -0.00468560879177394 -0.00483322440060312 0.00468739472160125 0.9999776418590256 0.3095577873709061 -0.18291173947558548 -0.5962426702144654
FixedParameters: 0 0 0
#Transform 33
Transform: MatrixOffsetTransformBase_double_3_3
Parameters: 0.9999861515996341 -0.0005174293518789346 0.005251884808098878 0.0005429011553780775 0.9999886451982837 -0.004803306224626805 -0.005248964327724141 0.004806692180452734 0.9999743297713946 0.29354194541890877 -0.254135869591849 -0.5917770521198875
FixedParameters: 0 0 0
#Transform 34
Transform: MatrixOffsetTransformBase_double_3_3
Parameters: 0.9999853722167158 -0.0004730711117355445 0.005329200326997747 0.0005013542792211274 0.9999859107374225 -0.005278500337046831 -0.005327251194458528 0.005280497175713649 0.9999717144645859 0.310615278525745 -0.2330818972447588 -0.6158028500461867
FixedParameters: 0 0 0
#Transform 35
Transform: MatrixOffsetTransformBase_double_3_3
Parameters: 0.9999844230251156 -0.0006656312833704704 0.005580094541936146 0.0006962824632095225 0.9999840474500312 -0.0056123060917045685 -0.005575671963031318 0.005615693765641297 0.9999683405897551 0.30956140009595856 -0.23021787806167993 -0.6254239011086824
FixedParameters: 0 0 0
#Transform 36
Transform: MatrixOffsetTransformBase_double_3_3
Parameters: 0.9999836688858975 -0.0007036278838369323 0.005730223372445964 0.000729394367263486 0.9999898990171375 -0.00442700444082425 -0.005727050895806301 0.004430990806006843 0.9999735372884528 0.2974682023672841 -0.23634417330644908 -0.5676683331400341
FixedParameters: 0 0 0
#Transform 37
Transform: MatrixOffsetTransformBase_double_3_3
Parameters: 0.9999870458175676 -0.0008184969616802863 0.005028304478228198 0.0008427237903831391 0.9999873870919805 -0.0048919169198731885 -0.00502434879609649 0.004896085740999947 0.9999757556431225 0.31219247587128507 -0.21835933829441956 -0.6562507084976232
FixedParameters: 0 0 0
#Transform 38
Transform: MatrixOffsetTransformBase_double_3_3
Parameters: 0.9999851522435016 -0.0007224302742500576 0.005415490501872697 0.0007491908418954428 0.9999877602669915 -0.004869121653564301 -0.0054115035769774 0.0048728793345924 0.999973938054352 0.3036363790838692 -0.24693561912512507 -0.631197545501955
FixedParameters: 0 0 0
#Transform 39
Transform: MatrixOffsetTransformBase_double_3_3
Parameters: 0.9999871140180842 -0.0007676233055976504 0.00502944674849293 0.0007986050348378087 0.9999802137455436 -0.0062581472238166826 -0.005024864490055488 0.006262853775474447 0.9999675112707582 0.29879782725711834 -0.26445791659259044 -0.6438818684510963
FixedParameters: 0 0 0
#Transform 40
Transform: MatrixOffsetTransformBase_double_3_3
Parameters: 0.9999850343513653 -0.0010640122843510028 0.005275787914223037 0.0010946556104101369 0.9999827468781599 -0.0058384021931492305 -0.005269394117477438 0.005844603136271012 0.9999690401212038 0.2986108478712879 -0.2304854006757182 -0.6527122606223585
FixedParameters: 0 0 0
#Transform 41
Transform: MatrixOffsetTransformBase_double_3_3
Parameters: 0.9999870144027608 -0.0008372250248743963 0.005028474038406366 0.0008629988864847008 0.9999868156716571 -0.005145813447516032 -0.005023903445146282 0.005149192135037082 0.9999742044951353 0.2985699763924998 -0.2615351141992477 -0.6565901053291583
FixedParameters: 0 0 0
#Transform 42
Transform: MatrixOffsetTransformBase_double_3_3
Parameters: 0.999987265810741 -0.0006633259843718557 0.005029040654681154 0.0006919080064551606 0.9999840433542998 -0.005523679827022448 -0.005025741297886942 0.0055263120813923575 0.999972170392949 0.31839113499178495 -0.2689954444498426 -0.6771289936474147
FixedParameters: 0 0 0
#Transform 43
Transform: MatrixOffsetTransformBase_double_3_3
Parameters: 0.9999768679302126 -0.0011091857076918578 0.00677464419113767 0.0011544176502708934 0.9999774322944265 -0.006654489945759866 -0.00676788561961924 0.0066625112525175185 0.9999547623555544 0.29081026750503725 -0.26236196950779345 -0.6903942564495722
FixedParameters: 0 0 0
#Transform 44
Transform: MatrixOffsetTransformBase_double_3_3
Parameters: 0.9999827298790703 -0.0010877411686792207 0.00583819444742802 0.0011187921937296302 0.999985597026847 -0.005309674043232742 -0.005832687227840588 0.005316327525301984 0.999968676009684 0.2962755682121383 -0.27348366033574223 -0.6811988677009282
FixedParameters: 0 0 0
#Transform 45
Transform: MatrixOffsetTransformBase_double_3_3
Parameters: 0.9999819942036345 -0.0009585248437845663 0.005838275580078046 0.000989003208061061 0.9999862701856681 -0.005175426303688046 -0.005833399462186462 0.005181569042592631 0.9999690894887028 0.2938177905705146 -0.28273456505756656 -0.7002502141839884
FixedParameters: 0 0 0
#Transform 46
Transform: MatrixOffsetTransformBase_double_3_3
Parameters: 0.9999749975507098 -0.0009571959413545445 0.007076840423999052 0.0010046292674915811 0.9999766765144154 -0.006809231847632603 -0.007070817102970926 0.006815775355278348 0.9999514984142125 0.27391667237347406 -0.30839842602274814 -0.7020046188859439
FixedParameters: 0 0 0
#Transform 47
Transform: MatrixOffsetTransformBase_double_3_3
Parameters: 0.9999827147660869 -0.0010834485491205282 0.005840472345980919 0.001126096687099727 0.999971794168496 -0.007414660308463722 -0.005832388554231045 0.0074213336450967915 0.9999548647098206 0.3083535747608579 -0.26318047758617524 -0.7056303870126257
FixedParameters: 0 0 0
#Transform 48
Transform: MatrixOffsetTransformBase_double_3_3
Parameters: 0.9999784457539783 -0.0011546870049900962 0.006420514066680214 0.001196954536017314 0.9999775999433067 -0.006558591501391266 -0.006412374117151287 0.006566402461398242 0.9999577111940641 0.281569546656101 -0.31016178660922833 -0.6905703693124821
FixedParameters: 0 0 0
#Transform 49
Transform: MatrixOffsetTransformBase_double_3_3
Parameters: 0.9999796232013879 -0.0006407018599207005 0.006400234505302583 0.0006776737645572746 0.9999832084541725 -0.00577592122228536 -0.0063968750085304695 0.005780078212910271 0.9999626429344248 0.2662658401150111 -0.2934066542134701 -0.7002628444110215
FixedParameters: 0 0 0
#Transform 50
Transform: MatrixOffsetTransformBase_double_3_3
Parameters: 0.9999771778682877 -0.00041239118375681967 0.006756856596544967 0.00045794741869349394 0.9999779079535157 -0.006626219036364599 -0.00675339542166984 0.006628777581861593 0.9999554204537371 0.2644342415619292 -0.29433551752572384 -0.7158791017058235
FixedParameters: 0 0 0
#Transform 51
Transform: MatrixOffsetTransformBase_double_3_3
Parameters: 0.9999799314076556 -0.0008305223007129629 0.006354461310061436 0.0008781976577427685 0.99997162618245 -0.007525719362514421 -0.006347931845534638 0.007531293283424782 0.999951945735436 0.2868446686307067 -0.2892991395375759 -0.770732284416944
FixedParameters: 0 0 0
#Transform 52
Transform: MatrixOffsetTransformBase_double_3_3
Parameters: 0.9999753870547265 -0.0012009361981623738 0.006868309591401073 0.0012449587590094623 0.999978497962557 -0.0064037626917428 -0.006859942937625279 0.006412231671353362 0.9999557623590654 0.285272272548724 -0.31004043553322447 -0.7178280677989193
FixedParameters: 0 0 0
#Transform 53
Transform: MatrixOffsetTransformBase_double_3_3
Parameters: 0.9999778301982803 -0.0009956753777451014 0.006570743851989519 0.0010400739954141397 0.9999767667454214 -0.006722458528077592 -0.006564358104068287 0.006729536096075629 0.9999555833146941 0.2708878929744998 -0.31158299765957054 -0.7060654375227031
FixedParameters: 0 0 0
#Transform 54
Transform: MatrixOffsetTransformBase_double_3_3
Parameters: 0.9999817029633237 -0.0009215774953064174 0.005953831504882689 0.0009555639823681712 0.9999835685334415 -0.005706534158582247 -0.005948351969735057 0.005711468610138321 0.9999659479296823 0.28092130796098047 -0.29189734984275617 -0.7165610827839899
FixedParameters: 0 0 0
#Transform 55
Transform: MatrixOffsetTransformBase_double_3_3
Parameters: 0.9999752260430428 -0.0012078195100562355 0.00695103484361021 0.001256235150918187 0.9999744397933719 -0.007003609320345669 -0.006942109450508016 0.00701139224642924 0.9999515736987868 0.2697634789874712 -0.30172168026388135 -0.8002307941808695
FixedParameters: 0 0 0
#Transform 56
Transform: MatrixOffsetTransformBase_double_3_3
Parameters: 0.9999709612561054 -0.0009788276792507108 0.007554891139114697 0.001030663127865029 0.9999758219429151 -0.00686760623798879 -0.007548445421344204 0.006875391382182963 0.9999477018200336 0.26576203935900367 -0.3022761666696141 -0.7465624561336313
FixedParameters: 0 0 0
#Transform 57
Transform: MatrixOffsetTransformBase_double_3_3
Parameters: 0.9999653242199923 -0.0008813753410363301 0.008239956771772142 0.0009386752150022346 0.9999751198118341 -0.006931737335038357 -0.008233731228705575 0.006939255220498596 0.9999419993306814 0.2495154099973007 -0.3100560828036407 -0.701975714972896
FixedParameters: 0 0 0
#Transform 58
Transform: MatrixOffsetTransformBase_double_3_3
Parameters: 0.9999716559752155 -0.0009386458204248993 0.007446913586543188 0.0009903431130711873 0.9999755845850948 -0.0068910024012844425 -0.007440969725827337 0.006897985743778996 0.9999480007426843 0.2467251069207066 -0.30223670271978165 -0.7149182862994223
FixedParameters: 0 0 0
#Transform 59
Transform: MatrixOffsetTransformBase_double_3_3
Parameters: 0.9999707488542519 -0.0009655438806825292 0.007636823202057551 0.001025073106326012 0.9999688036463948 -0.00782260648829283 -0.007628661857827719 0.00783039660134952 0.999940433288207 0.2545769909462763 -0.32289927230932847 -0.8354950215310168
FixedParameters: 0 0 0
#Transform 60
Transform: MatrixOffsetTransformBase_double_3_3
Parameters: 0.9999626415734066 -0.00006135921517279132 0.008622887784620059 0.00010304499005097635 0.9999884546826576 -0.0048525514472858924 -0.008622383222066158 0.0048524525482252015 0.9999510922065 0.17610526055129583 -0.3582649249996024 -0.9446898909858987
FixedParameters: 0 0 0
#Transform 61
Transform: MatrixOffsetTransformBase_double_3_3
Parameters: 0.999972183578667 0.00011892448493375228 0.007470046705154395 -0.0000707749391397999 0.9999788259169752 -0.006569900140228797 -0.0074706420550895054 0.006569105907343296 0.9999500388259841 0.16734041189496907 -0.4264994431189564 -0.8604246443677681
FixedParameters: 0 0 0
#Transform 62
Transform: MatrixOffsetTransformBase_double_3_3
Parameters: 0.9999628182217648 -0.00043119584038684333 0.008659695871461731 0.00048472113487555145 0.9999805553717435 -0.006263297010610977 -0.008657340924154619 0.00626771141143531 0.9999427475704784 0.1691372235066808 -0.4398123801988021 -0.9150115716448894
FixedParameters: 0 0 0
#Transform 63
Transform: MatrixOffsetTransformBase_double_3_3
Parameters: 0.9999583336966347 -0.0005228024731333973 0.00913218915222309 0.0005897005535178778 0.9999729747610836 -0.007329217347582877 -0.009127500226846304 0.007333788747188911 0.9999318534133078 0.16788154776587305 -0.45212781912435673 -0.9949451354975594
FixedParameters: 0 0 0
#Transform 64
Transform: MatrixOffsetTransformBase_double_3_3
Parameters: 0.9999627701200875 -0.0013166563725119243 0.008514801433335202 0.0014001899037775123 0.9999503935538513 -0.009834693904792061 -0.008500651251803047 0.009846307547196308 0.9999156973884531 0.16710013348927077 -0.42480800132990737 -1.145990503002686
FixedParameters: 0 0 0
#Transform 65
Transform: MatrixOffsetTransformBase_double_3_3
Parameters: 0.999960559249321 -0.0006887403110092966 0.008885998713776457 0.00077632444229991 0.9999519918741319 -0.00982077115056234 -0.008879212506683174 0.009827241348167617 0.9999125368094298 0.16709481387592007 -0.4253837762551882 -1.041911290802389
FixedParameters: 0 0 0
#Transform 66
Transform: MatrixOffsetTransformBase_double_3_3
Parameters: 0.9999573793486378 -0.0007398711041108456 0.009223807232449636 0.0008258854152952438 0.9999554427932951 -0.009376085371778461 -0.009215726959690055 0.009383922172107161 0.99991396004724 0.16525306717683463 -0.3993942270025457 -0.9585661724487906
FixedParameters: 0 0 0
#Transform 67
Transform: MatrixOffsetTransformBase_double_3_3
Parameters: 0.9999639644711122 -0.0010846395935283284 0.008417762125461551 0.0011798556898338466 0.9999350523017744 -0.011296710579985422 -0.008404831575952773 0.01130627109020953 0.9999004518142268 0.1799482726587769 -0.3920074133450555 -1.0727839919564346
FixedParameters: 0 0 0
#Transform 68
Transform: MatrixOffsetTransformBase_double_3_3
Parameters: 0.9999569220918118 -0.0009298758868010774 0.00928528139838123 0.001026742787763006 0.9999450774705655 -0.0104372250828623 -0.009274527322749268 0.010445783701380778 0.9999027839942124 0.16608821762262949 -0.42161955364510106 -1.10707192283121
FixedParameters: 0 0 0
#Transform 69
Transform: MatrixOffsetTransformBase_double_3_3
Parameters: 0.9999550895039114 -0.0006836128639187894 0.009404175061229305 0.0007786784223887293 0.9999483733739571 -0.010102427171904198 -0.00939705948951445 0.010109560526901047 0.9999044440259013 0.15976214423911017 -0.41639136456539916 -1.037159688814775
FixedParameters: 0 0 0
#Transform 70
Transform: MatrixOffsetTransformBase_double_3_3
Parameters: 0.9999616084144414 -0.0009097367888174113 0.008750098212882838 0.0010004128959131477 0.9999465142500887 -0.010321917550293516 -0.008740001190535899 0.010330092884325804 0.9999088316934691 0.16963759091571262 -0.4337204111344022 -1.1031954124838137
FixedParameters: 0 0 0
#Transform 71
Transform: MatrixOffsetTransformBase_double_3_3
Parameters: 0.9999624784064811 -0.0013946324141756686 0.008577676954519706 0.001507069782176751 0.9999136479122336 -0.01308280939429283 -0.008558475694104792 0.013095185435396308 0.9998771655731559 0.17309690404763955 -0.40720294646499156 -1.160389542274757
FixedParameters: 0 0 0
#Transform 72
Transform: MatrixOffsetTransformBase_double_3_3
Parameters: 0.999962570936577 -0.000961128493862082 0.008631608730855238 0.001053360856026757 0.9999421034671863 -0.010669561126422497 -0.008620747078296387 0.010678423484658101 0.9999055882935237 0.16354412742521163 -0.4339015601736378 -1.1333846614796883
FixedParameters: 0 0 0
#Transform 73
Transform: MatrixOffsetTransformBase_double_3_3
Parameters: 0.999960593161392 -0.0011511981475594518 0.008836335879645699 0.0012461460813537216 0.9999422676294354 -0.010688677053722877 -0.008823353382840375 0.010699316675756968 0.9999035912463254 0.15964696366283704 -0.4295731926414419 -1.0926591405434039
FixedParameters: 0 0 0
#Transform 74
Transform: MatrixOffsetTransformBase_double_3_3
Parameters: 0.9999548636868019 -0.0009663126237851481 0.009391522207961656 0.0010657894527901699 0.9999433337996276 -0.01056376532352245 -0.00938073575638843 0.010573226408468864 0.9999001323733123 0.1535633723208889 -0.41660570262659746 -1.1215055973496533
FixedParameters: 0 0 0
#Transform 75
Transform: MatrixOffsetTransformBase_double_3_3
Parameters: 0.999952709806577 -0.0011095502682429397 0.009646619897796402 0.0012171091810841694 0.9999381408733482 -0.01106610430774551 -0.00963359862774561 0.01107689357986857 0.9998923994394436 0.14917637150732332 -0.4296770006304058 -1.1562026629068143
FixedParameters: 0 0 0
#Transform 76
Transform: MatrixOffsetTransformBase_double_3_3
Parameters: 0.9999488860780715 -0.0009734173804304322 0.01005760685114962 0.001079994874948118 0.9999432524466029 -0.01061303027980185 -0.010047548261107 0.010623976228116472 0.9998931163637137 0.14206826160084063 -0.40290507922743757 -1.0540733001480262
FixedParameters: 0 0 0
#Transform 77
Transform: MatrixOffsetTransformBase_double_3_3
Parameters: 0.999954432484256 -0.0010554998902968548 0.00945782880426545 0.0011815071849033867 0.9999116099325959 -0.013268739754303562 -0.009443005109754765 0.013279268453880201 0.9998674007861399 0.1524089548833416 -0.3716417093537103 -1.1801540543429923
FixedParameters: 0 0 0
#Transform 78
Transform: MatrixOffsetTransformBase_double_3_3
Parameters: 0.9999547318116513 -0.0012857841321445448 0.009466517118718015 0.001413324728973926 0.9999083497984981 -0.013443533423117535 -0.009448097820622333 0.013456448320624993 0.9998645526377876 0.16470440572952327 -0.3759349186599792 -1.1412347057370837
FixedParameters: 0 0 0
#Transform 79
Transform: MatrixOffsetTransformBase_double_3_3
Parameters: 0.9999496267671895 -0.001392867573005868 0.009921000897221944 0.0015036137758075534 0.9999359092147959 -0.011220977178422756 -0.009905257418096204 0.011236023090449732 0.9998875448484202 0.1590087847308439 -0.4299729788389328 -1.0778634311112043
FixedParameters: 0 0 0
#Transform 80
Transform: MatrixOffsetTransformBase_double_3_3
Parameters: 0.9999465448659457 -0.0011703546227795707 0.01025096032101263 0.0012837429046658176 0.9999374291253353 -0.011135802487209728 -0.010237417722462339 0.0111482192888369 0.9998858128550703 0.1426231639727149 -0.4119505427119776 -1.0955465848749029
FixedParameters: 0 0 0
#Transform 81
Transform: MatrixOffsetTransformBase_double_3_3
Parameters: 0.9999502830552304 -0.0010998317057685605 0.0098744399464641 0.0012070039667349147 0.9999398763015539 -0.01094196469365247 -0.009861943951151886 0.0109540610473428 0.9998916759640765 0.12831739172401058 -0.3974689495023398 -1.1076485418949105
FixedParameters: 0 0 0
#Transform 82
Transform: MatrixOffsetTransformBase_double_3_3
Parameters: 0.999954750785607 -0.0011750340612781934 0.009426799318407716 0.0013015354046166982 0.9999086172568344 -0.013444643290929868 -0.009410372205651588 0.013456357380071855 0.9998652770874403 0.14276114847071142 -0.35397102621853094 -1.213944100241413
FixedParameters: 0 0 0
#Transform 83
Transform: MatrixOffsetTransformBase_double_3_3
Parameters: 0.9999440646823896 -0.0013036818655981558 0.010451695331796408 0.0014371765289705341 0.9999175523227363 -0.012746060735579656 -0.010433665433329908 0.012760931996520345 0.9998641866756887 0.1497136062528881 -0.39618703372991604 -1.1211152066752845
FixedParameters: 0 0 0
#Transform 84
Transform: MatrixOffsetTransformBase_double_3_3
Parameters: 0.9999479774818344 -0.001567592526213878 0.010127295918516544 0.0016847618897786025 0.9999317123560993 -0.01155688996081803 -0.010108496592416352 0.011573102336884501 0.9998817507953962 0.1372256033661614 -0.40349252761791377 -1.077387169581371
FixedParameters: 0 0 0
#Transform 85
Transform: MatrixOffsetTransformBase_double_3_3
Parameters: 0.9999429525348782 -0.001112897687070661 0.010574162761710963 0.0012346862951604575 0.9999327410423993 -0.011523973433797685 -0.010559943616273874 0.01153701525246777 0.9998772904078451 0.14298104323188454 -0.40181254889367324 -1.1174717429672185
FixedParameters: 0 0 0
#Transform 86
Transform: MatrixOffsetTransformBase_double_3_3
Parameters: 0.9999419479928513 -0.0014679311281033949 0.010718696397044114 0.0015906931954799695 0.9999332752242902 -0.011459010360616532 -0.010701479310962948 0.01147499015011726 0.9998766722423021 0.12330479837866903 -0.3956661070628513 -1.0997921449385188
FixedParameters: 0 0 0
#Transform 87
Transform: MatrixOffsetTransformBase_double_3_3
Parameters: 0.9999469813525682 -0.001353982481484249 0.010255826963153174 0.0014841616550328922 0.9999193061482066 -0.012632806366206433 -0.0102378506276557 0.012647179594082373 0.9998671148673014 0.1341661524665625 -0.3733154476695546 -1.17986632481918
FixedParameters: 0 0 0
#Transform 88
Transform: MatrixOffsetTransformBase_double_3_3
Parameters: 0.9999464005628734 -0.0011983105934323763 0.010254764741946087 0.0013338253476287553 0.9999108137092798 -0.013285392738210507 -0.01023806256811989 0.013297615074688317 0.9998592337813391 0.12615165075811774 -0.37366770746056943 -1.1703163202475153
FixedParameters: 0 0 0
#Transform 89
Transform: MatrixOffsetTransformBase_double_3_3
Parameters: 0.9999391871515496 -0.0013656396389919755 0.010906516566825184 0.0014855802935295876 0.9999390050010588 -0.010948875888354463 -0.010890104198709604 0.010965128934807921 0.9998810559398076 0.14166653336019408 -0.40604943280993666 -1.0543502729131973
FixedParameters: 0 0 0
#Transform 90
Transform: MatrixOffsetTransformBase_double_3_3
Parameters: 0.9999449301002858 -0.0014133236887831334 0.010395991234533972 0.001556738400107142 0.9999022814346653 -0.013869939804825196 -0.010374781308776124 0.013886048833859379 0.9998494219053121 0.15619036678020848 -0.3538415785187965 -1.1651537592323535
FixedParameters: 0 0 0
#Transform 91
Transform: MatrixOffsetTransformBase_double_3_3
Parameters: 0.99993739090155 -0.001349879840976598 0.011125732497104692 0.0014974034730157295 0.9999105629750769 -0.013277595016250573 -0.011106934863098028 0.013293398514581733 0.999849792326545 0.1390835789191982 -0.38694541316891673 -1.1366266850772746
FixedParameters: 0 0 0
#Transform 92
Transform: MatrixOffsetTransformBase_double_3_3
Parameters: 0.999935592174696 -0.0011268885210854948 0.011275333062983965 0.0012764956104408095 0.9999110253255062 -0.013282901357711326 -0.011259437703649391 0.013296104902447946 0.9998483182074782 0.13973291735300108 -0.3893113515194244 -1.146185711496912
FixedParameters: 0 0 0
#Transform 93
Transform: MatrixOffsetTransformBase_double_3_3
Parameters: 0.9999324067996416 -0.0017782759770579048 0.011507447099856129 0.001937323421748105 0.9999025380028571 -0.01381509632158845 -0.01148218238052824 0.01383590436360253 0.9998385486558955 0.15272720311980947 -0.3990161123151097 -1.2434867701816614
FixedParameters: 0 0 0
#Transform 94
Transform: MatrixOffsetTransformBase_double_3_3
Parameters: 0.9999206977710619 -0.0015859810101990681 0.012481166907826685 0.0017512193707296467 0.9999112054485091 -0.013223735189847933 -0.012459150127751993 0.013244280905882182 0.9998351853948955 0.16310411178901063 -0.4072078612461354 -1.1316848683667118
FixedParameters: 0 0 0
#Transform 95
Transform: MatrixOffsetTransformBase_double_3_3
Parameters: 0.9999172427305044 -0.0012625617157333057 0.012812211724428051 0.0014132897824643393 0.9999296171557813 -0.011768444525152829 -0.012796749641705346 0.01178556664771048 0.9998492088694797 0.15608601639880249 -0.3990360200694596 -1.1314101446734242
FixedParameters: 0 0 0
#Transform 96
Transform: MatrixOffsetTransformBase_double_3_3
Parameters: 0.9999304253035333 -0.0017600128117850546 0.01168218005058512 0.001921015092019468 0.9999038078056124 -0.01373498715273586 -0.011656694767142097 0.013756012762267983 0.9998377089202445 0.1485128803635405 -0.353082544318184 -1.200495966002471
FixedParameters: 0 0 0
#Transform 97
Transform: MatrixOffsetTransformBase_double_3_3
Parameters: 0.9999132099482001 -0.0014099108727737785 0.013069180641961846 0.001566496593127439 0.999926814219847 -0.011952146351712701 -0.013050662657265481 0.011971836144852161 0.9998431944478045 0.13719938975299328 -0.3938897019158958 -1.1560351187991742
FixedParameters: 0 0 0
#Transform 98
Transform: MatrixOffsetTransformBase_double_3_3
Parameters: 0.9999384317770861 -0.0011773713671530597 0.011008200371542546 0.001301293180576399 0.9999356673172606 -0.011301795295230106 -0.010994040969456425 0.01131522861611019 0.9998759838295957 0.1129898348006293 -0.4582060936245256 -1.3718196509958318
FixedParameters: 0 0 0
#Transform 99
Transform: MatrixOffsetTransformBase_double_3_3
Parameters: 0.999943876092854 -0.001181789632850215 0.01056991208228914 0.0012458025499982209 0.9999809487059652 -0.006048556103598683 -0.010562659096859606 0.006061440938176112 0.9999255986087222 0.07302964007459423 -0.553582594639181 -1.5541907274497078
FixedParameters: 0 0 0
#Transform 100
Transform: MatrixOffsetTransformBase_double_3_3
Parameters: 0.9999230241959021 -0.0013556803183050893 0.012374486414302045 0.0014460991933818218 0.9999724210454027 -0.007321208089594907 -0.012364583345972879 0.0073388070131293545 0.9998971396327926 0.07300960801990186 -0.6917863698559614 -1.425120159831394
FixedParameters: 0 0 0
#Transform 101
Transform: MatrixOffsetTransformBase_double_3_3
Parameters: 0.9999157018548154 -0.0012527020437632477 0.012950937126659644 0.0013421144431430868 0.9999754463560653 -0.006917785228990921 -0.012941591235999838 0.006935222885885342 0.9998922974258353 0.0720878361448456 -0.7082792735410663 -1.4386834775270145
FixedParameters: 0 0 0
#Transform 102
Transform: MatrixOffsetTransformBase_double_3_3
Parameters: 0.9999144028329097 -0.0011161062309593315 0.01305173790359958 0.0012031285088709676 0.9999762865428963 -0.00673546587252574 -0.013043719609085026 0.00675054283800819 0.99989217519824 0.0680733860946674 -0.654776407602057 -1.3235978689145185
FixedParameters: 0 0 0
#Transform 103
Transform: MatrixOffsetTransformBase_double_3_3
Parameters: 0.9999161832399984 -0.0014185602854172087 0.012837379052537972 0.001510682298810868 0.9999724334941896 -0.007239782517369672 -0.012826799805347762 0.007258229716337756 0.9998916478911475 0.0802731724220962 -0.5959542904700754 -1.3405172007447916
FixedParameters: 0 0 0
#Transform 104
Transform: MatrixOffsetTransformBase_double_3_3
Parameters: 0.9999226056186803 -0.0016291575349987608 0.012358187018924011 0.0017094026640490567 0.9999773248097987 -0.006471895704289488 -0.01234810196885027 0.006493094162919971 0.9999022311141631 0.09327730604117335 -0.5652059551597404 -1.3017282791067046
FixedParameters: 0 0 0
#Transform 105
Transform: MatrixOffsetTransformBase_double_3_3
Parameters: 0.99991556263614 -0.0015430570326910131 0.012925046236437393 0.001624405343441146 0.9999782083897253 -0.006347119833396844 -0.01291448723474804 0.006367887879604002 0.9998965143437782 0.08060636673255317 -0.5434526222521896 -1.2602193403705613
FixedParameters: 0 0 0
#Transform 106
Transform: MatrixOffsetTransformBase_double_3_3
Parameters: 0.9999283160981781 -0.0016762676882589864 0.011869101026494246 0.001759442074051448 0.9999735856311571 -0.007032099865292907 -0.011856490002400289 0.007052897470093206 0.9999045320801168 0.09239223463654866 -0.5751419901284578 -1.4119831404528185
FixedParameters: 0 0 0
#Transform 107
Transform: MatrixOffsetTransformBase_double_3_3
Parameters: 0.9999117308658304 -0.0020147491438424797 0.013160970246805962 0.002112997053154584 0.9999703306233649 -0.007442448456288713 -0.013144875785903523 0.0074695592859655244 0.9998862098398654 0.06016764422916765 -0.566574709013608 -1.3794338492368539
FixedParameters: 0 0 0
#Transform 108
Transform: MatrixOffsetTransformBase_double_3_3
Parameters: 0.9999125319198966 -0.001612811280657078 0.013109877869234279 0.0017122099057084316 0.9999706905198791 -0.007517794955606271 -0.013096526191002595 0.007540195132406212 0.9998854632410253 0.061197672706384765 -0.5678114692653367 -1.3126784275651886
FixedParameters: 0 0 0
#Transform 109
Transform: MatrixOffsetTransformBase_double_3_3
Parameters: 0.9999176034298294 -0.0007824210494624678 0.012797280450284795 0.000876273474474296 0.9999725220926019 -0.007333960425128756 -0.012791762757263101 0.007344039796227237 0.9998913536155912 0.07780553794435718 -0.5261071467211593 -1.2687692160434523
FixedParameters: 0 0 0
#Transform 110
Transform: MatrixOffsetTransformBase_double_3_3
Parameters: 0.999925623748064 -0.0009662960548824349 0.01218340504232106 0.0010178346765050434 0.9999900456611781 -0.004242429092833403 -0.012179338039736271 0.004254567410011445 0.9999164770863613 0.08342201740234145 -0.5853092922291694 -1.2583643434942715
FixedParameters: 0 0 0
#Transform 111
Transform: MatrixOffsetTransformBase_double_3_3
Parameters: 0.9999073771882002 -0.001147933953239373 0.013539047142883752 0.0011831270445650125 0.9999962153111779 -0.0025468516932353937 -0.013535328305217111 0.0025631400861783372 0.9999051052241356 0.06709735387006788 -0.5864031834526457 -1.1203972106940014
FixedParameters: 0 0 0
#Transform 112
Transform: MatrixOffsetTransformBase_double_3_3
Parameters: 0.9999040876196509 -0.0009090130254910566 0.013786675263395982 0.0009375249515783306 0.9999970373389009 -0.0020429309251369524 -0.013785086959492137 0.0020550630417533935 0.9999026530817239 0.05535715202161384 -0.6060115548463898 -1.1363206518738167
FixedParameters: 0 0 0
#Transform 113
Transform: MatrixOffsetTransformBase_double_3_3
Parameters: 0.9999291977408709 -0.0017122118463899995 0.011741934589967291 0.0017797343264839183 0.9999817872536867 -0.005759983492084476 -0.011731257907695936 0.005781021330145781 0.9999148102201436 0.06639130567759821 -0.5527459665345305 -1.267990085770471
FixedParameters: 0 0 0
#Transform 114
Transform: MatrixOffsetTransformBase_double_3_3
Parameters: 0.9999210201891028 -0.001537161112748255 0.01243386551317653 0.0016154574399685592 0.9999796550426524 -0.006233935852147929 -0.01242471690470922 0.006254063242187093 0.9999033862598123 0.057073640684009774 -0.5441702117917799 -1.266960065978303
FixedParameters: 0 0 0
#Transform 115
Transform: MatrixOffsetTransformBase_double_3_3
Parameters: 0.9999101158714372 -0.0011237367198948054 0.013364804900269221 0.0011779012676047173 0.9999911088004528 -0.004076246356013015 -0.01335978958875808 0.004090761788346334 0.9999026554547843 0.0547757306845682 -0.5474917677475446 -1.1370979352636397
FixedParameters: 0 0 0
#Transform 116
