#Insight Transform File V1.0
#Transform 0
Transform: MatrixOffsetTransformBase_double_3_3
Parameters: 0.9999957745368919 -0.000027108840331989478 0.0028678710798805984 0.000019935434804804044 0.9999968937817418 0.0024710388704984026 -0.0028679384579306613 -0.002470959800088682 0.9999926690327007 0.08682745186663965 0.2141910283586128 -0.4309419444486622
FixedParameters: 0 0 0
#Transform 1
Transform: MatrixOffsetTransformBase_double_3_3
Parameters: 0.9999930903061919 -0.000029599919041338216 0.003592875558421054 0.000025567228079067813 0.9999994194765804 0.0012570580436221598 -0.0035929099975243028 -0.0012569436061411771 0.999992510717988 0.07378433290941189 0.20841537145190614 -0.5307591828766363
FixedParameters: 0 0 0
#Transform 2
Transform: MatrixOffsetTransformBase_double_3_3
Parameters: 0.999995555468999 0.00044250530871347296 0.0030411291795665943 -0.00044905959128985966 0.9999975282368005 0.002064609171225246 -0.003040245732674357 -0.0020663900603225815 0.999993494624172 0.07679002160033122 0.2232332211775372 -0.4352142721706116
FixedParameters: 0 0 0
#Transform 3
Transform: MatrixOffsetTransformBase_double_3_3
Parameters: 0.9999924609442589 -0.00003581618415162375 0.0038128300742739916 0.00002642256800290893 0.9999971816018489 0.0024120692012080877 -0.003812917363676301 -0.0024119296264366865 0.99998964379799 0.043379175840271955 0.18846123471988108 -0.4488539728827661
FixedParameters: 0 0 0
#Transform 4
Transform: MatrixOffsetTransformBase_double_3_3
Parameters: 0.9999936544857513 0.000285576731544886 0.0035018992440029348 -0.0002835387814033043 0.9999995799845179 -0.0005770381306518498 -0.0035022413024724166 0.0005759611697606117 0.9999934097951343 0.07584693788246 0.25180366791489917 -0.5382979561138654
FixedParameters: 0 0 0
#Transform 5
Transform: MatrixOffsetTransformBase_double_3_3
Parameters: 0.9999901729887666 -0.000036526615928206525 0.004338842523339437 0.000030056495874004694 0.9999989343530206 0.0014370804210582372 -0.004338896316237188 -0.001436917183343993 0.9999891086796469 0.050817425790810944 0.196991109310531 -0.5267151084852344
FixedParameters: 0 0 0
#Transform 6
Transform: MatrixOffsetTransformBase_double_3_3
Parameters: 0.99999221520544 -0.0000317650485653185 0.00397287182597194 0.00002770790110545642 0.9999999712573328 0.001014069296246354 -0.003972904206765781 -0.001013930751000194 0.9999911875478058 0.0810549964982954 0.20155327831204772 -0.5123613815346673
FixedParameters: 0 0 0
#Transform 7
Transform: MatrixOffsetTransformBase_double_3_3
Parameters: 0.9999907596486453 -0.0002742310670401387 0.00426193641315326 0.00026929308129152124 0.9999998342081677 0.0010490953148749715 -0.004262478376188509 -0.0010479042527634774 0.9999907267260931 0.07762322800878962 0.20385762908681215 -0.5301471428260598
FixedParameters: 0 0 0
#Transform 8
Transform: MatrixOffsetTransformBase_double_3_3
Parameters: 0.9999883634250729 -0.00012178119115960654 0.004756163725319604 0.00011663700286104143 0.999999620885229 0.001171491623045624 -0.004756401145067304 -0.001171511124875792 0.9999879976958191 0.0623150904011851 0.22930302769641742 -0.4854679310658341
FixedParameters: 0 0 0
#Transform 9
Transform: MatrixOffsetTransformBase_double_3_3
Parameters: 0.9999931075594447 -0.00033864686370093825 0.0037119183758993132 0.0003411937815105776 0.9999995166184941 -0.0006117863880834859 -0.0037115159346653307 0.0006132121371053151 0.9999928406267524 0.10341980063452638 0.26499461690495707 -0.4996576622932025
FixedParameters: 0 0 0
#Transform 10
Transform: MatrixOffsetTransformBase_double_3_3
Parameters: 0.9999906369789345 -0.0007398098121336682 0.004337371078486333 0.0007367952065788642 0.9999998226127198 0.0008101414494651555 -0.004338536996147053 -0.000806861342551827 0.9999905070130541 0.08533780695245241 0.23687620468137993 -0.5089036454841036
FixedParameters: 0 0 0
#Transform 11
Transform: MatrixOffsetTransformBase_double_3_3
Parameters: 0.9999919532083534 -0.0005911432746598863 0.003962054946311378 0.0005842104443592712 0.9999980088170164 0.0016322709048734903 -0.003962930094244724 -0.001629725052009122 0.9999906240513494 0.07815367203900792 0.21076011185127186 -0.43900413430687024
FixedParameters: 0 0 0
#Transform 12
Transform: MatrixOffsetTransformBase_double_3_3
Parameters: 0.9999887428753002 -0.0006820291070139663 0.004668051874897423 0.0006721921736950142 0.9999974967023132 0.002018083248309415 -0.0046697198735634925 -0.002014913790326713 0.999987113580983 0.07635150000972146 0.22065726429603671 -0.4136870479655599
FixedParameters: 0 0 0
#Transform 13
Transform: MatrixOffsetTransformBase_double_3_3
Parameters: 0.999989712939073 -0.0004961276700488591 0.004476734130182594 0.0004874086566350654 0.9999978601050554 0.0019791322504719207 -0.0044776167704755985 -0.0019768681850343885 0.999988027817801 0.07174676479375819 0.21726105367240223 -0.4111855966560398
FixedParameters: 0 0 0
#Transform 14
Transform: MatrixOffsetTransformBase_double_3_3
Parameters: 0.9999923990961113 -0.0006795178351817152 0.003760096142442021 0.0006720274978150046 0.9999978570490207 0.0019264922161934305 -0.00376164970917887 -0.0019245066468839382 0.9999911269149108 0.11888230059082616 0.2411552793183631 -0.4248364097228148
FixedParameters: 0 0 0
#Transform 15
Transform: MatrixOffsetTransformBase_double_3_3
Parameters: 0.9999917101818939 -0.0010902080375533273 0.004012815665107637 0.0010798958463729702 0.9999964696128048 0.002529306579293694 -0.004015230889372517 -0.0025256929388672213 0.9999884639824703 0.11750764969971783 0.19953652117092702 -0.39813337643014535
FixedParameters: 0 0 0
#Transform 16
Transform: MatrixOffsetTransformBase_double_3_3
Parameters: 0.999992799348112 -0.0004920647930042155 0.0038675825539451285 0.00048296597272697603 0.9999973010406985 0.0023398367134921626 -0.003868799871470188 -0.0023371627213757146 0.9999895610879437 0.1328153655296802 0.20553705995922655 -0.3815834893890653
FixedParameters: 0 0 0
#Transform 17
Transform: MatrixOffsetTransformBase_double_3_3
Parameters: 0.9999928616811481 -0.0004908939693267744 0.0038597255870219897 0.0004830290303015701 0.9999975582832906 0.002054824595799837 -0.0038606702080452885 -0.00205317654862449 0.9999908655227414 0.12874018950773802 0.2301256124549127 -0.3634841398189792
FixedParameters: 0 0 0
#Transform 18
Transform: MatrixOffsetTransformBase_double_3_3
Parameters: 0.9999909201039104 -0.0008242291173463618 0.004171441131795352 0.0008140663521309414 0.9999965205301579 0.0024163553043308828 -0.004173327058247821 -0.0024126450305423713 0.9999887398829722 0.11765142065988243 0.23420080477636418 -0.35844992512893725
FixedParameters: 0 0 0
#Transform 19
Transform: MatrixOffsetTransformBase_double_3_3
Parameters: 0.9999927070514989 -0.0009083674073525283 0.003803501685386109 0.0008988040956891332 0.9999966119939898 0.0025703915182450085 -0.00380607456929514 -0.0025676129308580577 0.9999898954522188 0.1322744369601736 0.22165728327458112 -0.34571040865085934
FixedParameters: 0 0 0
#Transform 20
Transform: MatrixOffsetTransformBase_double_3_3
Parameters: 0.9999927545330761 -0.0008830038790578846 0.0036692931322732224 0.000871291931454583 0.9999946944625884 0.0030931713246173647 -0.0036726398300816862 -0.003089828763082881 0.999988945212196 0.14167473618219617 0.21708835167335394 -0.30634400717778476
FixedParameters: 0 0 0
#Transform 21
Transform: MatrixOffsetTransformBase_double_3_3
Parameters: 0.9999949151881089 -0.0005934644419819606 0.003276113845289637 0.0005833201897832958 0.999994273776252 0.003224891069435291 -0.0032778310713150907 -0.003223104375724202 0.9999888529631772 0.15152344103896098 0.25714123631640007 -0.308233394864061
FixedParameters: 0 0 0
#Transform 22
Transform: MatrixOffsetTransformBase_double_3_3
Parameters: 0.9999948872323474 -0.0008399246229749843 0.0030671742769110854 0.0008279643503113561 0.9999923567347905 0.00373852356051098 -0.003070331326804371 -0.003736474710364549 0.9999885925236262 0.17615788125448262 0.234686367893417 -0.30241521583237585
FixedParameters: 0 0 0
#Transform 23
Transform: MatrixOffsetTransformBase_double_3_3
Parameters: 0.9999956440700821 -0.0007305133266753867 0.002970427884975087 0.0007200139182625827 0.9999934270751326 0.0036151287761748414 -0.0029725933964451774 -0.0036128741527576775 0.999989094845921 0.1828900921071437 0.23418919989273945 -0.2952941293923317
FixedParameters: 0 0 0
#Transform 24
Transform: MatrixOffsetTransformBase_double_3_3
Parameters: 0.9999933219434713 -0.0010687633059040002 0.003396253384058615 0.0010577320901916775 0.9999944027407978 0.003240578670395662 -0.003400063364627008 -0.003236421971401602 0.9999889433146926 0.16682469302907066 0.23723227047122464 -0.31242304467131987
FixedParameters: 0 0 0
#Transform 25
Transform: MatrixOffsetTransformBase_double_3_3
Parameters: 0.9999948139743058 -0.0006706051215167688 0.0031201702492873956 0.0006600091946458907 0.9999936206558897 0.003458041993335726 -0.0031226934657074767 -0.0034559581628606116 0.9999892914876419 0.16915473281757443 0.23586306454815542 -0.27449483855001233
FixedParameters: 0 0 0
#Transform 26
Transform: MatrixOffsetTransformBase_double_3_3
Parameters: 0.9999954385516178 -0.001058505646891921 0.00290506529368938 0.0010481367406140467 0.9999936650347844 0.003501040750011067 -0.0029093677909337403 -0.003497957842690483 0.9999892803879282 0.17365719225520593 0.24610023241504564 -0.26386672999873184
FixedParameters: 0 0 0
#Transform 27
Transform: MatrixOffsetTransformBase_double_3_3
Parameters: 0.9999956730407779 -0.000804048543091665 0.0027711795219569264 0.0007927062711381309 0.9999906946038583 0.00420618706627318 -0.0027748102231700384 -0.004203814896195258 0.9999876141488165 0.16165884397661046 0.2621554197338867 -0.31066916525904276
FixedParameters: 0 0 0
#Transform 28
Transform: MatrixOffsetTransformBase_double_3_3
Parameters: 0.9999957936391645 -0.0007679648950250608 0.0027598355128961964 0.0007576267736396225 0.9999925325619983 0.0038610859113908957 -0.002762647609646802 -0.003858915051918446 0.999988461701454 0.17791011839716475 0.23920552639829396 -0.27956036460452083
FixedParameters: 0 0 0
#Transform 29
Transform: MatrixOffsetTransformBase_double_3_3
Parameters: 0.9999954042731486 -0.0013079274997159357 0.0028082557901598806 0.001297378570499186 0.9999930052404171 0.003651643315117131 -0.0028126942205616923 -0.0036473627218034316 0.9999897611581517 0.1963926960152662 0.22413956510342814 -0.2686828468407043
FixedParameters: 0 0 0
#Transform 30
Transform: MatrixOffsetTransformBase_double_3_3
Parameters: 0.9999954967472344 -0.0008529345269033751 0.002788723879525364 0.0008420659868439445 0.9999915430913117 0.004094344834043079 -0.0027915778809122645 -0.004091657190261406 0.9999874481382302 0.18049817553490755 0.24344318994494074 -0.28995467893921045
FixedParameters: 0 0 0
#Transform 31
Transform: MatrixOffsetTransformBase_double_3_3
Parameters: 0.9999968403478683 -0.0012017964746300787 0.0023907191857415553 0.0011916798150246205 0.9999909865105089 0.004196853608677623 -0.002395691385640428 -0.0041941531305056115 0.99998864915084 0.17877133422275904 0.27300627751436934 -0.2842369636264266
FixedParameters: 0 0 0
#Transform 32
Transform: MatrixOffsetTransformBase_double_3_3
Parameters: 0.999995307673368 -0.0012388076434399508 0.0028558319860107076 0.0012281608044407645 0.9999921997718506 0.0037835044069736467 -0.0028610841920438893 -0.0037794942283631283 0.9999885082508077 0.17631524956210853 0.23042818274187482 -0.2578539284040673
FixedParameters: 0 0 0
#Transform 33
Transform: MatrixOffsetTransformBase_double_3_3
Parameters: 0.9999954897157675 -0.0013807879847884139 0.002757284019606886 0.001370815605320801 0.9999917482960011 0.0037947764848405446 -0.0027626442422738263 -0.003791223611874559 0.9999889675494792 0.17536008915068635 0.22374230175336152 -0.2571300526338831
FixedParameters: 0 0 0
#Transform 34
Transform: MatrixOffsetTransformBase_double_3_3
Parameters: 0.9999959781456612 -0.0010201578690578485 0.002642300067761318 0.0010108100735838348 0.9999926417483214 0.003654663413839239 -0.002645650530118174 -0.0036523351526764657 0.9999896401355808 0.17594059968169518 0.2711223143582089 -0.2473558993050773
FixedParameters: 0 0 0
#Transform 35
Transform: MatrixOffsetTransformBase_double_3_3
Parameters: 0.999995645428523 -0.0009153897545238485 0.002741360502655431 0.0009059534593736138 0.9999923389096028 0.003722471182124365 -0.0027450610448134967 -0.003719530476835029 0.9999896146773156 0.17031477895407932 0.3004894087654719 -0.2565943161883695
FixedParameters: 0 0 0
#Transform 36
Transform: MatrixOffsetTransformBase_double_3_3
Parameters: 0.9999967466596089 -0.001136097629432318 0.0024415724929617586 0.0011260809820461295 0.9999910146754564 0.0040907489611814625 -0.002446752886755851 -0.004087247520687525 0.9999882919563836 0.19102404731307843 0.2569072418911418 -0.2319615331874516
FixedParameters: 0 0 0
#Transform 37
Transform: MatrixOffsetTransformBase_double_3_3
Parameters: 0.9999974592588491 -0.0011342898362017631 0.00206289947189141 0.0011265962894057534 0.9999923567712835 0.0037933271121578667 -0.0020664170611357194 -0.003790672901987237 0.9999903438164388 0.2058991181746137 0.27957896741500576 -0.23223136491253626
FixedParameters: 0 0 0
#Transform 38
Transform: MatrixOffsetTransformBase_double_3_3
Parameters: 0.999995343460829 -0.001152545649045055 0.002885829252744973 0.0011388429258067981 0.9999884078819581 0.004617280442784075 -0.0028913157465170936 -0.004614717010129261 0.9999853203490922 0.17133834449313667 0.29741179544171814 -0.280694310239916
FixedParameters: 0 0 0
#Transform 39
Transform: MatrixOffsetTransformBase_double_3_3
Parameters: 0.9999956671408737 -0.0013892060534126762 0.0025307211442532258 0.0013782378879421558 0.9999910563085733 0.004131494588349913 -0.0025360810904395503 -0.004128511037308194 0.9999884967929866 0.17221662755598288 0.2537394541754594 -0.2448466460412959
FixedParameters: 0 0 0
#Transform 40
Transform: MatrixOffsetTransformBase_double_3_3
Parameters: 0.9999965920029418 -0.0012934003706587868 0.002394930220601581 0.0012831390637433806 0.9999912852099964 0.00401107494970654 -0.00240019820618991 -0.00400792512663679 0.9999891544233137 0.19301234328848693 0.27904917835188314 -0.21739128830637355
FixedParameters: 0 0 0
#Transform 41
Transform: MatrixOffsetTransformBase_double_3_3
Parameters: 0.999995450673863 -0.001549764557594837 0.0024798633530178672 0.0015389791439559873 0.9999902038320705 0.004177821745398437 -0.0024856923857260608 -0.00417418056733475 0.999988368653513 0.18197248055622595 0.2896430182267977 -0.21905677148312463
FixedParameters: 0 0 0
#Transform 42
Transform: MatrixOffsetTransformBase_double_3_3
Parameters: 0.9999967263007546 -0.0014380348277964097 0.002050350753756714 0.0014287112576824585 0.9999879373254947 0.004694936473454888 -0.002057736262544278 -0.004692061677198062 0.9999867307877028 0.22260919811520807 0.29414262455398443 -0.2650185174088904
FixedParameters: 0 0 0
#Transform 43
Transform: MatrixOffsetTransformBase_double_3_3
Parameters: 0.9999962473074772 -0.0017548268099819822 0.0021614953329323746 0.0017435056203277176 0.9999841526685543 0.005369784260367184 -0.002171191002453558 -0.005366219177475847 0.9999834632456625 0.22711470528270183 0.24862120862064785 -0.2596772991159071
FixedParameters: 0 0 0
#Transform 44
Transform: MatrixOffsetTransformBase_double_3_3
Parameters: 0.9999957097458977 -0.0017239637552518656 0.0023060864867868493 0.0017133731103506685 0.9999873490920438 0.004662957353189006 -0.0023140314402330955 -0.0046590443778195025 0.9999869104780148 0.21994840490225442 0.24255856802371056 -0.23956616204854697
FixedParameters: 0 0 0
#Transform 45
Transform: MatrixOffsetTransformBase_double_3_3
Parameters: 0.9999957254270953 -0.001501423325104321 0.0024538312364409086 0.0014899577494801885 0.9999889764547122 0.004563668403795613 -0.0024603998969367383 -0.004559331848035475 0.9999861341048188 0.22907245060414994 0.29631742829995744 -0.24624215477849987
FixedParameters: 0 0 0
#Transform 46
Transform: MatrixOffsetTransformBase_double_3_3
Parameters: 0.9999970839450757 -0.0015956648358092702 0.0018353878019236448 0.0015870950002029379 0.9999878068616742 0.004763928888631336 -0.001843483148527026 -0.0047610740729755515 0.9999869139326526 0.24813170602871537 0.3034168368989043 -0.23019100893738198
FixedParameters: 0 0 0
#Transform 47
Transform: MatrixOffsetTransformBase_double_3_3
Parameters: 0.9999959772666609 -0.0017489538782093522 0.001990200804655598 0.0017399808182606592 0.9999860644790247 0.0049934784881145045 -0.001999541113710936 -0.004990518066045859 0.9999850722789287 0.2421946451319883 0.24150175034215238 -0.23790355751165038
FixedParameters: 0 0 0
#Transform 48
Transform: MatrixOffsetTransformBase_double_3_3
Parameters: 0.999995871160655 -0.0017171878130858766 0.0024864229637534684 0.001703677804940453 0.9999860123498219 0.005110254378521537 -0.0024948150384700753 -0.005106747713052125 0.9999836647964069 0.2200719636270776 0.24777485987614511 -0.24989777875381236
FixedParameters: 0 0 0
#Transform 49
Transform: MatrixOffsetTransformBase_double_3_3
Parameters: 0.9999950410150986 -0.0015059663088487915 0.002586782301304321 0.0014942668651024237 0.9999879267823703 0.004567863533465672 -0.0025933963718900656 -0.004563134190975095 0.9999864263524565 0.21889756098063629 0.2808123097854036 -0.2685854674423638
FixedParameters: 0 0 0
#Transform 50
Transform: MatrixOffsetTransformBase_double_3_3
Parameters: 0.9999967191120271 -0.001597025123130014 0.002174842636475073 0.0015874679799847036 0.9999884375971757 0.004479458882092927 -0.0021820316580656307 -0.004475535285490343 0.9999871852547406 0.23139334195819572 0.2510079077711964 -0.2338052402345525
FixedParameters: 0 0 0
#Transform 51
Transform: MatrixOffsetTransformBase_double_3_3
Parameters: 0.9999953217482266 -0.0016043075238802486 0.0024705810175387937 0.0015913240134486047 0.9999850380879644 0.005239941638566713 -0.002479229333413443 -0.005236060213150724 0.9999834098670446 0.21017682038082341 0.25398119186836254 -0.23341594783166641
FixedParameters: 0 0 0
#Transform 52
Transform: MatrixOffsetTransformBase_double_3_3
Parameters: 0.9999959757316436 -0.001645838707786046 0.0025127083443944854 0.0016333834039175355 0.999986836385858 0.004850112256500514 -0.002521522544894454 -0.004845885540263514 0.9999851327659891 0.2149761959751828 0.2865443236645433 -0.2798387304089829
FixedParameters: 0 0 0
#Transform 53
Transform: MatrixOffsetTransformBase_double_3_3
Parameters: 0.9999960992971875 -0.001648692191241029 0.0024865670628572176 0.0016361632740820972 0.9999861926814017 0.004915073645864642 -0.002494622105342749 -0.004910919870199399 0.9999846311107957 0.20129245551785857 0.2788806153333212 -0.24807377459679714
FixedParameters: 0 0 0
#Transform 54
Transform: MatrixOffsetTransformBase_double_3_3
Parameters: 0.9999949330977279 -0.0018372317741813427 0.0023857700898855774 0.001825230852223161 0.9999844781010467 0.005217365876873055 -0.002394779500612717 -0.005212639040076611 0.9999840620280263 0.21245351390643918 0.2434669486537615 -0.24375370905572424
FixedParameters: 0 0 0
#Transform 55
Transform: MatrixOffsetTransformBase_double_3_3
Parameters: 0.9999961240940196 -0.0016542866313976824 0.0022670492545349163 0.001644498052207888 0.9999884565320771 0.0045677403059807 -0.0022740333651580097 -0.0045632638980810415 0.9999869796632527 0.21915889239434705 0.24596307698345754 -0.24293636497380078
FixedParameters: 0 0 0
#Transform 56
Transform: MatrixOffsetTransformBase_double_3_3
Parameters: 0.9999965847704747 -0.0015797664515028143 0.0019802705353452383 0.0015690145115034328 0.9999869056992488 0.004965123919683474 -0.0019878369912684577 -0.004961876224538485 0.9999854060237802 0.20940648789591876 0.27715287633077423 -0.24842272705125623
FixedParameters: 0 0 0
#Transform 57
Transform: MatrixOffsetTransformBase_double_3_3
Parameters: 0.999995755089894 -0.0016610422240016303 0.002342364917927478 0.0016488024657834621 0.9999868853798924 0.004941878023423938 -0.002350639086249213 -0.004938124973277717 0.9999850620970239 0.20252350511742634 0.29000389913485947 -0.24272797195646234
FixedParameters: 0 0 0
#Transform 58
Transform: MatrixOffsetTransformBase_double_3_3
Parameters: 0.9999967776396838 -0.0017796211614464256 0.0020135072920158723 0.0017696456868872632 0.9999850356206742 0.0051825779490564505 -0.0020228196279098803 -0.005179428467748257 0.9999850560067629 0.20429844756770876 0.2621667500098823 -0.23216774052952616
FixedParameters: 0 0 0
#Transform 59
Transform: MatrixOffsetTransformBase_double_3_3
Parameters: 0.9999956114771148 -0.0017669334337252042 0.002503136360820746 0.0017541655251520401 0.9999866528849842 0.004929407416744595 -0.0025124013847055886 -0.004924590807644163 0.999984407534472 0.19630323854453025 0.26815521881243853 -0.23546001215753165
FixedParameters: 0 0 0
#Transform 60
Transform: MatrixOffsetTransformBase_double_3_3
Parameters: 0.9999965405673508 -0.001806974768793248 0.002048095534685772 0.0017967690191600131 0.9999870188395454 0.004666688278294596 -0.0020568444849118745 -0.0046633052172157 0.9999869969903854 0.20139699950917134 0.28380739523278464 -0.2157556208280269
FixedParameters: 0 0 0
#Transform 61
Transform: MatrixOffsetTransformBase_double_3_3
Parameters: 0.9999963908888432 -0.0014721161470584241 0.0021076768842545755 0.0014614330437314254 0.9999869914917625 0.004888088655614169 -0.0021149421420981343 -0.00488490864322744 0.9999856432817394 0.19026452725222498 0.302361649247203 -0.2499699459616309
FixedParameters: 0 0 0
#Transform 62
Transform: MatrixOffsetTransformBase_double_3_3
Parameters: 0.9999957157526045 -0.0017394187842049047 0.0025014784503264486 0.0017286471848148993 0.9999892287654385 0.004337332989742588 -0.002509436005776701 -0.00433267137407568 0.9999879022545658 0.19019567411653782 0.27481808968106236 -0.22900227122327976
FixedParameters: 0 0 0
#Transform 63
Transform: MatrixOffsetTransformBase_double_3_3
Parameters: 0.999995954506356 -0.0016996334324584617 0.0022710402199939625 0.001689208108013892 0.9999890177495936 0.004260838943324021 -0.002278410732056511 -0.004257157739475541 0.9999886583717477 0.2105841666400181 0.2783135650206816 -0.2322821106623394
FixedParameters: 0 0 0
#Transform 64
Transform: MatrixOffsetTransformBase_double_3_3
Parameters: 0.9999948516283736 -0.001564464507435566 0.00277494533499991 0.0015514065646758473 0.9999876983137227 0.004682308188053863 -0.0027824371489089117 -0.004677691568075192 0.9999853481648733 0.18440278336483118 0.2579695219002929 -0.3023576369479528
FixedParameters: 0 0 0
#Transform 65
Transform: MatrixOffsetTransformBase_double_3_3
Parameters: 0.9999954786498465 -0.0017649546047293495 0.0023253020878831396 0.0017526620694825216 0.9999836337068988 0.00541508871731774 -0.002334252608027699 -0.005410906948648227 0.9999822432744158 0.1931199756611761 0.23144065910345546 -0.2906415132771585
FixedParameters: 0 0 0
#Transform 66
Transform: MatrixOffsetTransformBase_double_3_3
Parameters: 0.9999942728563039 -0.0017026629220048522 0.0027976026225276967 0.0016865500611364418 0.9999824731254453 0.005719734951271761 -0.0028078691844464635 -0.005715263208835565 0.9999794194192849 0.20414080404627555 0.20177560226979097 -0.292485832683802
FixedParameters: 0 0 0
#Transform 67
Transform: MatrixOffsetTransformBase_double_3_3
Parameters: 0.9999962358722404 -0.0016471560713197104 0.002247634415485374 0.0016343669099925138 0.9999831940255987 0.0054916808689348 -0.002256564956337679 -0.0054873181106876705 0.9999827720612058 0.20380132985481225 0.23037198416128035 -0.24598301360066444
FixedParameters: 0 0 0
#Transform 68
Transform: MatrixOffsetTransformBase_double_3_3
Parameters: 0.9999946567460187 -0.0017791848618580932 0.002859804210221643 0.0017629007010137767 0.9999822855931184 0.0056250511541362305 -0.0028696083394640654 -0.005619945411590617 0.9999801454807391 0.20148577685434077 0.24332727728321402 -0.3213508128306941
FixedParameters: 0 0 0
#Transform 69
Transform: MatrixOffsetTransformBase_double_3_3
Parameters: 0.9999953453115826 -0.0018089149575201287 0.002526451071004653 0.0017945172202547012 0.9999824774696204 0.005597546276731459 -0.0025365149899639608 -0.005592451687698527 0.999981259162441 0.2126803374272157 0.2276242550718024 -0.28650538441691964
FixedParameters: 0 0 0
#Transform 70
Transform: MatrixOffsetTransformBase_double_3_3
Parameters: 0.9999955792658521 -0.001966518878780732 0.0023568682344156456 0.0019525654910955662 0.9999804024411488 0.005900620029027126 -0.00236788774788742 -0.005896375048363742 0.9999795914802065 0.21995666929103663 0.2240912028246811 -0.2836767510793621
FixedParameters: 0 0 0
#Transform 71
Transform: MatrixOffsetTransformBase_double_3_3
Parameters: 0.999994883641348 -0.0020998249584491834 0.0021694079031272188 0.0020876512926867098 0.9999813982393011 0.005768556596666032 -0.0021814647821591054 -0.005764446424916546 0.9999809796355081 0.22264896303896364 0.23705189996849185 -0.26120268954510806
FixedParameters: 0 0 0
#Transform 72
Transform: MatrixOffsetTransformBase_double_3_3
Parameters: 0.9999947253427321 -0.002184664499450302 0.00234562526769591 0.002172271898066969 0.9999845548215264 0.0051731228196358475 -0.0023570695116076385 -0.005167877562530227 0.9999837018841286 0.21311051366900813 0.25970976812764945 -0.24717521166570577
FixedParameters: 0 0 0
#Transform 73
Transform: MatrixOffsetTransformBase_double_3_3
Parameters: 0.9999934853301775 -0.0021243088143942483 0.003000621057755205 0.0021087646131493854 0.9999848773530587 0.005071345961260179 -0.003010970025138447 -0.005064649422193381 0.999982238249259 0.19926575596505813 0.2736572477944037 -0.2933489624653234
FixedParameters: 0 0 0
#Transform 74
Transform: MatrixOffsetTransformBase_double_3_3
Parameters: 0.9999939622133157 -0.0020221861891824844 0.002636620562065326 0.0020077931213778074 0.999984240469033 0.005173307315248862 -0.0026463672789528315 -0.005167689478361092 0.9999832531153736 0.20938920888097812 0.23916049497498193 -0.2702460624528129
FixedParameters: 0 0 0
#Transform 75
Transform: MatrixOffsetTransformBase_double_3_3
Parameters: 0.9999948086988646 -0.0020237680470401053 0.002663680525402058 0.0020086054248510407 0.999982223335754 0.005637373170388963 -0.0026752987324391068 -0.005632622056052718 0.9999800782584694 0.20700099597132748 0.22669156625006792 -0.2527029518433537
FixedParameters: 0 0 0
#Transform 76
Transform: MatrixOffsetTransformBase_double_3_3
Parameters: 0.9999948381936999 -0.001900086906095128 0.002559487810436471 0.0018858159874205614 0.9999832288553467 0.005499846261361723 -0.0025702035274831926 -0.005495149376807019 0.9999811637397777 0.19575352184540407 0.23051067434886363 -0.2730407586318435
FixedParameters: 0 0 0
#Transform 77
Transform: MatrixOffsetTransformBase_double_3_3
Parameters: 0.9999940700218305 -0.0019109163328478644 0.0026979827408990225 0.0018969127569819996 0.9999847067758033 0.005170131507277308 -0.0027075623919545527 -0.005164867146704146 0.9999829566378257 0.19469150239109467 0.2609692067566982 -0.2592762165803748
FixedParameters: 0 0 0
#Transform 78
Transform: MatrixOffsetTransformBase_double_3_3
Parameters: 0.9999936854036995 -0.0019136472878890493 0.003106926825700113 0.0018959029431770923 0.9999815805631489 0.005732905135066733 -0.003117630395865396 -0.005727089922388667 0.9999784383112946 0.18356079443607598 0.25858971707658895 -0.2549884439069743
FixedParameters: 0 0 0
#Transform 79
Transform: MatrixOffsetTransformBase_double_3_3
Parameters: 0.9999938785380026 -0.0017860761165979396 0.002988571007481965 0.0017688088807223193 0.9999822541110231 0.005714301958121945 -0.0029987565282848694 -0.005708701105855489 0.9999793812152709 0.1941772793934291 0.2766887610769828 -0.25747848665759676
FixedParameters: 0 0 0
#Transform 80
Transform: MatrixOffsetTransformBase_double_3_3
Parameters: 0.9999948443726284 -0.0018446371115095562 0.0027847213688838445 0.0018284077257038221 0.9999814554226972 0.005765104301808559 -0.002794776085782162 -0.005759898723510173 0.9999799753835428 0.18680965879985933 0.3114039761681795 -0.30555183210450565
FixedParameters: 0 0 0
#Transform 81
Transform: MatrixOffsetTransformBase_double_3_3
Parameters: 0.9999949939149625 -0.0021057905673839846 0.0023598817473896552 0.002092349470491456 0.9999797303186069 0.00599396153777594 -0.002372930778525117 -0.005989040395755405 0.99997946661638 0.2101683893243802 0.2761172599498565 -0.25286520629604325
FixedParameters: 0 0 0
#Transform 82
Transform: MatrixOffsetTransformBase_double_3_3
Parameters: 0.9999939201451823 -0.0020566135762041158 0.002801919397898271 0.002041683689752011 0.9999835721688556 0.005319737443436799 -0.0028126058091112473 -0.00531425967101948 0.9999818064433854 0.2046359173025678 0.25985797936220933 -0.2562812800194081
FixedParameters: 0 0 0
#Transform 83
Transform: MatrixOffsetTransformBase_double_3_3
Parameters: 0.9999936624748187 -0.0022994678927412203 0.002655224995545301 0.002285798966763426 0.9999839219649819 0.005186094446310506 -0.002666893223101851 -0.005179906037237441 0.9999830130027599 0.19672908491972407 0.24825068425421648 -0.24074942844181635
FixedParameters: 0 0 0
#Transform 84
Transform: MatrixOffsetTransformBase_double_3_3
Parameters: 0.999995386717674 -0.002051568355980525 0.002324960199397618 0.002040062373802116 0.9999866581191057 0.004817766458205794 -0.002334585010213904 -0.004812233418959391 0.9999853597694481 0.2112252340795635 0.3317539750292724 -0.24712318850515658
FixedParameters: 0 0 0
#Transform 85
Transform: MatrixOffsetTransformBase_double_3_3
Parameters: 0.9999951096703129 -0.001929028705978311 0.0024844576611278506 0.0019138303616805842 0.9999811482664912 0.005849776195161152 -0.0024948296496944333 -0.005844222311362219 0.9999795858414383 0.21014927944827377 0.27986179765103714 -0.24379167115566958
FixedParameters: 0 0 0
#Transform 86
Transform: MatrixOffsetTransformBase_double_3_3
Parameters: 0.9999930038399077 -0.0022840097432012 0.002962327782496857 0.0022665601633566792 0.9999783987464458 0.006124740651079727 -0.0029770521387229875 -0.006118253934103956 0.9999766586378979 0.20157954302369774 0.2957548311520526 -0.2552792776597883
FixedParameters: 0 0 0
#Transform 87
Transform: MatrixOffsetTransformBase_double_3_3
Parameters: 0.9999933891525167 -0.0020413583952091892 0.0029057925826714444 0.0020253896809010134 0.999982909492601 0.005479904587429356 -0.0029169549677864125 -0.005474091971934438 0.9999804839816668 0.18590940960653768 0.3356772165094384 -0.26345596440545904
FixedParameters: 0 0 0
#Transform 88
Transform: MatrixOffsetTransformBase_double_3_3
Parameters: 0.9999935391790432 -0.0023545216430943964 0.0028136549752861948 0.0023389709590881666 0.9999814328307449 0.005580605890240283 -0.002826721838902961 -0.005574396460067933 0.9999808886296879 0.21392910161976886 0.3272821775787378 -0.24864965714429133
FixedParameters: 0 0 0
#Transform 89
Transform: MatrixOffsetTransformBase_double_3_3
Parameters: 0.9999930891683957 -0.002534546781036229 0.0027364024211394785 0.0025188838241433716 0.9999816336950761 0.005573931866340108 -0.0027504484887578783 -0.005567067316735664 0.9999803938403063 0.22520430371478994 0.2932413503190219 -0.2592721054548264
FixedParameters: 0 0 0
#Transform 90
Transform: MatrixOffsetTransformBase_double_3_3
Parameters: 0.9999922464217028 -0.0024753588342032603 0.0029370913863793267 0.0024578709733660696 0.9999788621339271 0.0060122538273534275 -0.002951607776420198 -0.006004741762814258 0.999977179251836 0.22404577756728372 0.31328148546417367 -0.27595375735057104
FixedParameters: 0 0 0
#Transform 91
Transform: MatrixOffsetTransformBase_double_3_3
Parameters: 0.9999910306998865 -0.0029361494593422538 0.0032168124566147966 0.002919023730466036 0.9999810246005918 0.005433435209755452 -0.0032324752916693725 -0.005424567140648215 0.9999800572905109 0.1885153440822478 0.33643349739426753 -0.2637399847373274
FixedParameters: 0 0 0
#Transform 92
Transform: MatrixOffsetTransformBase_double_3_3
Parameters: 0.9999915803302828 -0.0029018203022745013 0.002828712862493525 0.0028859278692833215 0.9999803096544664 0.00560521221362262 -0.0028440191414081375 -0.0055967950707631955 0.9999805274834397 0.20238735775470218 0.29184509503316747 -0.2507582401140809
FixedParameters: 0 0 0
#Transform 93
Transform: MatrixOffsetTransformBase_double_3_3
Parameters: 0.9999941558762474 -0.002660612609025781 0.0021827710624265652 0.0026480987578845457 0.9999809375012464 0.005575820594171862 -0.002198273401561154 -0.005570177067383667 0.9999821010637916 0.23483285341804105 0.2883282388749677 -0.2598029659384409
FixedParameters: 0 0 0
#Transform 94
Transform: MatrixOffsetTransformBase_double_3_3
Parameters: 0.9999908114776022 -0.0029112780428244265 0.003116769120575323 0.0028934957106603733 0.9999808637500057 0.005552070013527656 -0.0031328532017342444 -0.005542930087686975 0.9999793974614224 0.21501800471511956 0.3378977203528706 -0.27194041818715675
FixedParameters: 0 0 0
#Transform 95
Transform: MatrixOffsetTransformBase_double_3_3
Parameters: 0.9999922459175493 -0.0028123629808600747 0.0028009553850285164 0.0027949973230512624 0.9999781719974619 0.005921870374842975 -0.0028180288475789543 -0.005914115545785322 0.9999780276666268 0.2183011493326461 0.2774524484459704 -0.25237768126796567
FixedParameters: 0 0 0
#Transform 96
Transform: MatrixOffsetTransformBase_double_3_3
Parameters: 0.9999921879061555 -0.0029749529503418884 0.0026381030979282503 0.002959152810714547 0.9999761705698619 0.006174855833345736 -0.0026566047262071755 -0.0061671451697936745 0.9999778538222278 0.22934101040209498 0.3202770914521835 -0.243506823769728
FixedParameters: 0 0 0
#Transform 97
Transform: MatrixOffsetTransformBase_double_3_3
Parameters: 0.9999899968322772 -0.0032000545875846644 0.00312449885429157 0.003181857957423828 0.9999787669887236 0.005760004856317635 -0.003143102036925936 -0.00575000398055964 0.9999789888633432 0.20284501628610485 0.35658456127610805 -0.27520783507658564
FixedParameters: 0 0 0
#Transform 98
Transform: MatrixOffsetTransformBase_double_3_3
Parameters: 0.9999906736431136 -0.003208314451614999 0.0030055769310423893 0.0031899407005579906 0.9999767136766812 0.0060146475027100105 -0.0030249025863554996 -0.006004354083504283 0.9999777307755066 0.20989005068058475 0.29783627919779576 -0.27395123442516933
FixedParameters: 0 0 0
#Transform 99
Transform: MatrixOffsetTransformBase_double_3_3
Parameters: 0.9999922536237092 -0.003116431381528185 0.00224367417545236 0.0031031760447168817 0.9999771429098372 0.006023023588890002 -0.002262016315381141 -0.006015982993115244 0.999979640990061 0.24555548008845562 0.3134774947590131 -0.24619321833082353
FixedParameters: 0 0 0
#Transform 100
Transform: MatrixOffsetTransformBase_double_3_3
Parameters: 0.9999887819075204 -0.003316471840148209 0.0034951832293042503 0.003298608023671538 0.9999811112788595 0.0051075788498612384 -0.0035128052041733765 -0.00509541224157618 0.9999806194290402 0.21232179328929135 0.36192639098480583 -0.27216230622225623
FixedParameters: 0 0 0
#Transform 101
Transform: MatrixOffsetTransformBase_double_3_3
Parameters: 0.999992656373462 -0.0029279821067692215 0.0024017168406907617 0.0029148108119466604 0.9999786471659748 0.005823049409869899 -0.002418615087731066 -0.0058159524997682815 0.9999802752195079 0.2499074514781654 0.30547789197301256 -0.2424759553890894
FixedParameters: 0 0 0
#Transform 102
Transform: MatrixOffsetTransformBase_double_3_3
Parameters: 0.999992137866254 -0.0031587012981812695 0.0022105408501718383 0.003145441714836473 0.9999774735536638 0.005889010780121463 -0.0022285540554207238 -0.0058819896506522775 0.9999803852320971 0.2624794719064596 0.32581676301752793 -0.22676134384841617
FixedParameters: 0 0 0
#Transform 103
Transform: MatrixOffsetTransformBase_double_3_3
Parameters: 0.9999923384738588 -0.00309247467609549 0.0022581784419724777 0.003078335471003415 0.9999780485436742 0.0059600175335711774 -0.002276845018332471 -0.005952982393363919 0.9999793292569166 0.25891070288056994 0.34262014189096135 -0.2619056213407873
FixedParameters: 0 0 0
#Transform 104
Transform: MatrixOffsetTransformBase_double_3_3
Parameters: 0.9999863522278349 -0.003539537452428089 0.0037579477730079105 0.003516252820955565 0.9999751834322664 0.006127290505047512 -0.003778973402051 -0.006113713300887559 0.9999742465309386 0.21062169230961558 0.31351627537789284 -0.262817706889372
FixedParameters: 0 0 0
#Transform 105
Transform: MatrixOffsetTransformBase_double_3_3
Parameters: 0.999990302218112 -0.0032252583834631574 0.003049003341909256 0.0032076016853932574 0.9999779909266858 0.005812840148669729 -0.003067240692349387 -0.005803166453683355 0.9999788446240166 0.24065263723164776 0.32509636375769446 -0.2370477421185484
FixedParameters: 0 0 0
#Transform 106
Transform: MatrixOffsetTransformBase_double_3_3
Parameters: 0.9999878458415481 -0.0036641934484984632 0.003275397629266289 0.003644861761730088 0.9999759713965155 0.005816011340352091 -0.003296731718324578 -0.0058039778168639 0.9999773613309443 0.22168782022662015 0.3635345394379641 -0.2872944569598559
FixedParameters: 0 0 0
#Transform 107
Transform: MatrixOffsetTransformBase_double_3_3
Parameters: 0.9999936237534564 -0.0028756184381640232 0.002026747486769449 0.0028629386219478836 0.9999774114202586 0.006035850528532251 -0.002044285263266397 -0.006030140940146681 0.9999794173191912 0.2612510031406572 0.31068862437167866 -0.22254777976099405
FixedParameters: 0 0 0
#Transform 108
Transform: MatrixOffsetTransformBase_double_3_3
Parameters: 0.9999899043100754 -0.003445707968900195 0.003037228596400533 0.00342403783688827 0.9999697034305352 0.006974479810022575 -0.0030609620811874005 -0.0069645179114815195 0.999971051342746 0.2134384392983435 0.333082789015819 -0.2881880175714642
FixedParameters: 0 0 0
#Transform 109
Transform: MatrixOffsetTransformBase_double_3_3
Parameters: 0.9999903115612646 -0.003409469835384237 0.002658115360026325 0.003392953353409465 0.9999744125194403 0.006256089062250451 -0.002678523173378359 -0.0062469089592741755 0.9999767354207924 0.23795662200809886 0.33205588273150966 -0.2524707920773608
FixedParameters: 0 0 0
#Transform 110
Transform: MatrixOffsetTransformBase_double_3_3
Parameters: 0.9999908628860641 -0.0033812400876588253 0.002589158349817559 0.0033662102832793263 0.9999776003959638 0.005755781394801752 -0.0026088625564968243 -0.005747215670734664 0.9999801021553847 0.24671270101910636 0.33126413901530327 -0.2379831786087081
FixedParameters: 0 0 0
#Transform 111
Transform: MatrixOffsetTransformBase_double_3_3
Parameters: 0.9999881127145746 -0.00334008834788907 0.003568415586544429 0.003319036726901983 0.9999776927097966 0.00586291172650015 -0.0035872725287905915 -0.005851098878599972 0.999976810046806 0.20831978279572638 0.3748919226639771 -0.2808006085501873
FixedParameters: 0 0 0
#Transform 112
Transform: MatrixOffsetTransformBase_double_3_3
Parameters: 0.999990580695673 -0.003329778229585517 0.0027073851350150934 0.003312337896864802 0.9999738929056139 0.006496046220846383 -0.0027293779518557824 -0.006486961339814858 0.9999754073206982 0.23774918435670145 0.31525470297989955 -0.259629368969172
FixedParameters: 0 0 0
#Transform 113
Transform: MatrixOffsetTransformBase_double_3_3
Parameters: 0.9999906105290052 -0.0031707814491823095 0.003055236598247879 0.003152174962722496 0.9999756984760699 0.006279698541133291 -0.003074774577317232 -0.006270303439724159 0.9999751596338258 0.22271027146905453 0.3336866671383518 -0.26622181194885286
FixedParameters: 0 0 0
#Transform 114
Transform: MatrixOffsetTransformBase_double_3_3
Parameters: 0.9999896285513331 -0.0035183573032984946 0.0028271275851664717 0.003501436902821159 0.9999752217263467 0.006130977658457252 -0.0028480063436210658 -0.006121029344290699 0.999977349943648 0.24379066348845413 0.3541647121619178 -0.2617769540854269
FixedParameters: 0 0 0
#Transform 115
Transform: MatrixOffsetTransformBase_double_3_3
