#Insight Transform File V1.0
#Transform 0
Transform: MatrixOffsetTransformBase_double_3_3
Parameters: 0.9999957337423975 0.000851851890696758 0.0027460131889649186 -0.0008518463972185476 0.9999992605826563 -0.000002367213371588274 -0.002746014892192 -3.6722190556361806e-7 0.9999964731580033 0.14827975654263525 0.26422846031083225 -0.5052324777287325
FixedParameters: 0 0 0
#Transform 1
Transform: MatrixOffsetTransformBase_double_3_3
Parameters: 0.9999969783188478 0.0008652789428574537 0.0022962171169714682 -0.0008636972506188414 0.9999992407904273 -0.0010000002981121721 -0.0022969653355170774 0.0009980014205574267 0.9999967415212289 0.16191334691160364 0.30156098721241165 -0.5311469278185754
FixedParameters: 0 0 0
#Transform 2
Transform: MatrixOffsetTransformBase_double_3_3
Parameters: 0.9999964366370773 0.0006055943388614222 0.0024892982877072855 -0.0006056789733144524 0.9999996190989359 0.000016471292180637864 -0.0024892776957417145 -0.00001752858665671122 0.9999968169602108 0.165981922361766 0.29098987677457444 -0.5304985423803501
FixedParameters: 0 0 0
#Transform 3
Transform: MatrixOffsetTransformBase_double_3_3
Parameters: 0.9999957953848204 0.00086091099960813 0.0027317673899549233 -0.0008599848582092269 0.9999991146233953 -0.00035337871954905457 -0.0027323809876025978 0.00035162095459589666 0.9999964322489446 0.16702144418046316 0.2565448520339686 -0.5351312130880501
FixedParameters: 0 0 0
#Transform 4
Transform: MatrixOffsetTransformBase_double_3_3
Parameters: 0.999996815328668 0.0008647756298325203 0.0025368938935145277 -0.000861834577280034 0.9999983667206179 -0.0013702117068198124 -0.0025382855776241967 0.0013677881870871435 0.9999957002776926 0.14672052738330876 0.29129887887472705 -0.5072044102692956
FixedParameters: 0 0 0
#Transform 5
Transform: MatrixOffsetTransformBase_double_3_3
Parameters: 0.9999952656297387 0.0013812997065091295 0.002797312907915061 -0.0013807049822321565 0.9999989838246683 -0.0002868848125041701 -0.0027981070617464315 0.0002831152306055464 0.9999961193546523 0.1302588136457814 0.2936739766213634 -0.5609331234010781
FixedParameters: 0 0 0
#Transform 6
Transform: MatrixOffsetTransformBase_double_3_3
Parameters: 0.9999952201994864 0.0008578770983493892 0.002836163924267928 -0.000858566259023488 0.9999992279437528 0.00012053737320987315 -0.002835955376099129 -0.00012246146171364467 0.9999959627314456 0.15286147339473644 0.29462335829489916 -0.5411424132733202
FixedParameters: 0 0 0
#Transform 7
Transform: MatrixOffsetTransformBase_double_3_3
Parameters: 0.9999961593982615 0.0008620156356898196 0.002469635569433646 -0.0008605431375823925 0.9999989923755478 -0.0005031476536632344 -0.0024695073010774712 0.0005008515793570147 0.9999966630143297 0.16032532005438327 0.28693869025418905 -0.5457649598577206
FixedParameters: 0 0 0
#Transform 8
Transform: MatrixOffsetTransformBase_double_3_3
Parameters: 0.9999958973710327 0.0006477671532284207 0.0027720831670289972 -0.0006455605097990141 0.9999999904078277 -0.0007608139522248666 -0.0027720800844517226 0.0007591866548224942 0.9999957517605002 0.1489164248350079 0.30813401324135725 -0.5299755007486269
FixedParameters: 0 0 0
#Transform 9
Transform: MatrixOffsetTransformBase_double_3_3
Parameters: 0.9999967540881481 0.0008630548449457787 0.002345553268662709 -0.0008622376911504318 0.9999998795704125 -0.0006030386769141066 -0.0023456058837374983 0.0006009637406722427 0.9999971497072634 0.14822328797646378 0.3148454849278153 -0.5488462047379343
FixedParameters: 0 0 0
#Transform 10
Transform: MatrixOffsetTransformBase_double_3_3
Parameters: 0.999996413334387 0.0010226538970857539 0.002558003600948306 -0.0010216863920498313 0.9999998980315234 -0.0001916283444399888 -0.002557393071885589 0.00018937131521211056 0.9999964427225758 0.13788327529854882 0.30870279323073646 -0.4947630958886151
FixedParameters: 0 0 0
#Transform 11
Transform: MatrixOffsetTransformBase_double_3_3
Parameters: 0.9999962254884632 0.0008407992229169404 0.002463543072884975 -0.000836839837789333 0.9999986645843585 -0.0016190811273077248 -0.002464285472721329 0.0016169194387414543 0.9999953250429643 0.13157442780835993 0.3144754355134012 -0.5505434942536667
FixedParameters: 0 0 0
#Transform 12
Transform: MatrixOffsetTransformBase_double_3_3
Parameters: 0.999996814393814 0.0008280417000552405 0.002345694799975341 -0.000827251265287532 0.99999927228409 -0.00017096202810183616 -0.002344976223937933 0.00016903772296528695 0.9999974843098678 0.15988752558075703 0.31079499879521677 -0.5382706702967823
FixedParameters: 0 0 0
#Transform 13
Transform: MatrixOffsetTransformBase_double_3_3
Parameters: 0.9999952174095029 0.001107843654128503 0.0027485660315596026 -0.001104824104755889 0.9999985470261739 -0.001097061990725983 -0.002750012087497421 0.001094936434759686 0.9999952679475069 0.14354484486919716 0.2984610967970127 -0.5247679841793271
FixedParameters: 0 0 0
#Transform 14
Transform: MatrixOffsetTransformBase_double_3_3
Parameters: 0.9999947882628377 0.0011049127467153237 0.00299810498999574 -0.0011032721655064135 0.9999993847978373 -0.0006083392696077678 -0.0029994593236511735 0.0006056611520458962 0.9999956665651373 0.13777612602633837 0.3029945082038381 -0.5172719104000691
FixedParameters: 0 0 0
#Transform 15
Transform: MatrixOffsetTransformBase_double_3_3
Parameters: 0.9999972016931614 0.000611836195307693 0.002103171230350464 -0.0006118265729752625 0.9999995541973392 -0.00024030130356795815 -0.0021034718909112384 0.0002396994245943973 0.9999975322956874 0.1480445451563952 0.2929307552270046 -0.5668499400386366
FixedParameters: 0 0 0
#Transform 16
Transform: MatrixOffsetTransformBase_double_3_3
Parameters: 0.9999970046079876 0.0006942697920215359 0.0023484052419978627 -0.0006919748998781394 0.9999990115556784 -0.0007036478422257951 -0.0023483867779326537 0.0007023503043943786 0.9999970046343144 0.1654048987528398 0.31341323588792136 -0.5424855734593521
FixedParameters: 0 0 0
#Transform 17
Transform: MatrixOffsetTransformBase_double_3_3
Parameters: 0.9999951993337222 0.001106684404932158 0.002752025324706884 -0.0011049322984697082 0.9999992919437025 -0.0006830649900438149 -0.002753546506861582 0.0006799346866074932 0.9999959785034505 0.12083335201822365 0.2947481328013737 -0.5352746789772027
FixedParameters: 0 0 0
#Transform 18
Transform: MatrixOffsetTransformBase_double_3_3
Parameters: 0.999997655481996 0.0005757281199267862 0.0022389848595146936 -0.000575038484296846 0.9999996314022385 -0.00015430900166290597 -0.0022391620771085824 0.00015369026892045074 0.9999979766482049 0.14159245091303774 0.2830962140642157 -0.5444225792445536
FixedParameters: 0 0 0
#Transform 19
Transform: MatrixOffsetTransformBase_double_3_3
Parameters: 0.9999977639493094 0.0008074052400220174 0.0021411752439448673 -0.0008067378246416578 0.9999999517010867 -0.0006257360294154865 -0.002141197264654367 0.0006232657836448951 0.9999970322460768 0.1564393617047557 0.31134872828795324 -0.5630748791258924
FixedParameters: 0 0 0
#Transform 20
Transform: MatrixOffsetTransformBase_double_3_3
Parameters: 0.9999959874959585 0.0005756069893643809 0.0027718836948448494 -0.0005747237203453036 0.9999995391357674 -0.0003416224161211321 -0.0027712829636352718 0.0003403781300459754 0.9999962157976628 0.1357809634128131 0.2858624798389542 -0.5365179991171303
FixedParameters: 0 0 0
#Transform 21
Transform: MatrixOffsetTransformBase_double_3_3
Parameters: 0.9999971039641077 0.0005997023067477843 0.002352690985135616 -0.0005974711313457623 0.9999998196265328 -0.000899422594966939 -0.0023537812072875084 0.0008985772408113563 0.9999966679333573 0.14535938433132856 0.30215289939212653 -0.5355695667163118
FixedParameters: 0 0 0
#Transform 22
Transform: MatrixOffsetTransformBase_double_3_3
Parameters: 0.999997315868145 0.0005385222931280327 0.0023221661970949056 -0.0005360705804576012 0.9999993273230224 -0.0011742619359509715 -0.0023234481779177874 0.001172737836324129 0.9999962343362107 0.16392185912518187 0.3136859374365315 -0.5570954322594659
FixedParameters: 0 0 0
#Transform 23
Transform: MatrixOffsetTransformBase_double_3_3
Parameters: 0.9999968383688935 0.0007493890936354806 0.0025689040764511686 -0.0007477735297311959 0.9999991667279162 -0.0005099433977424133 -0.002569673113784405 0.0005080546659715548 0.9999961534791797 0.16587893538620335 0.2799191655637827 -0.5400166465866789
FixedParameters: 0 0 0
#Transform 24
Transform: MatrixOffsetTransformBase_double_3_3
Parameters: 0.9999944734295109 0.0007462963483172089 0.003157720660242343 -0.0007436518611194351 0.9999998818309388 -0.0007373803398906843 -0.0031578319956854554 0.0007356192654608554 0.9999945067317078 0.11012332543934633 0.3008507007217247 -0.5311807895652407
FixedParameters: 0 0 0
#Transform 25
Transform: MatrixOffsetTransformBase_double_3_3
Parameters: 0.9999971178677263 0.0007508814434066018 0.002305977974381993 -0.0007499510459008726 0.9999992548964409 -0.0004197515484440084 -0.0023066130550673863 0.00041724819361639576 0.9999975126868672 0.15748223893163527 0.291874420142193 -0.587070986884271
FixedParameters: 0 0 0
#Transform 26
Transform: MatrixOffsetTransformBase_double_3_3
Parameters: 0.9999961955171027 0.00033621345550102104 0.002773342784073782 -0.00033507912883100924 0.9999998387350204 -0.00020495807350383918 -0.002773480063223097 0.00020404035335638837 0.9999962731417572 0.15835336422631485 0.2743990140503172 -0.5235676166714569
FixedParameters: 0 0 0
#Transform 27
Transform: MatrixOffsetTransformBase_double_3_3
Parameters: 0.9999939323444588 0.000743831518830573 0.0035377332085261143 -0.000741807693388037 0.9999999289749629 -0.0007126639479025851 -0.0035378104701879096 0.000709338070034149 0.999992992323113 0.13257679038248682 0.30171563713972205 -0.5001833873739727
FixedParameters: 0 0 0
#Transform 28
Transform: MatrixOffsetTransformBase_double_3_3
Parameters: 0.9999960573473327 0.0004955891995463195 0.002774352008156115 -0.0004936942004549154 0.9999996319207232 -0.0003423989843450168 -0.0027746898486131467 0.0003405982431685774 0.9999961921827227 0.1730137579423996 0.3092894420177714 -0.552952658842031
FixedParameters: 0 0 0
#Transform 29
Transform: MatrixOffsetTransformBase_double_3_3
Parameters: 0.9999963064132411 0.00010420643717242334 0.0027717265723098167 -0.00010309642928197896 0.999999674729144 -0.0005613157480863929 -0.0027718568321635556 0.0005606852965903122 0.9999960022403129 0.15142879397956222 0.2822968520248139 -0.5291061924370268
FixedParameters: 0 0 0
#Transform 30
Transform: MatrixOffsetTransformBase_double_3_3
Parameters: 0.9999959029347945 0.0006291845071033748 0.0027748657874678124 -0.0006260942745856011 0.9999997513617193 -0.0009177621853009568 -0.0027760308418714663 0.0009162361344836273 0.9999954697930816 0.15065180157347413 0.2919506029660681 -0.5429961741748883
FixedParameters: 0 0 0
#Transform 31
Transform: MatrixOffsetTransformBase_double_3_3
Parameters: 0.9999968538962811 0.0007513560620194718 0.0023627060379196123 -0.0007496888367537169 0.9999998253232684 -0.0007787879491917386 -0.0023628870896387063 0.000776213255605427 0.9999968195580267 0.1725984834329921 0.31006174763554384 -0.5742566186917557
FixedParameters: 0 0 0
#Transform 32
Transform: MatrixOffsetTransformBase_double_3_3
Parameters: 0.9999963159177654 0.00005660391881598853 0.0027714101100927333 -0.00005470165080551735 0.999999501480503 -0.0007041819928268224 -0.002771502432055406 0.0007038176641552419 0.9999958232035442 0.1545439292202957 0.28684518890115385 -0.5300931767427741
FixedParameters: 0 0 0
#Transform 33
Transform: MatrixOffsetTransformBase_double_3_3
Parameters: 0.9999954769690692 0.00024996643541063405 0.0029086068097717945 -0.00024743154515751955 0.9999993237896266 -0.0007797580603614226 -0.0029090084946339664 0.0007792413139511402 0.9999959379369496 0.14138369425378983 0.2938956653575957 -0.5326532224516782
FixedParameters: 0 0 0
#Transform 34
Transform: MatrixOffsetTransformBase_double_3_3
Parameters: 0.9999960302238833 0.00039236588583700514 0.002610554091468447 -0.0003911989292042701 0.9999994718764553 -0.0006070514243213575 -0.0026110432871760216 0.0006059497431444485 0.9999968226608823 0.1605218362392833 0.3266137007991432 -0.5567743438152633
FixedParameters: 0 0 0
#Transform 35
Transform: MatrixOffsetTransformBase_double_3_3
Parameters: 0.9999954600937613 0.00019336965379925119 0.0029163664559511008 -0.0001929273929271356 0.9999998941549875 -0.00024859159943306855 -0.0029154694569779884 0.00024840924153855977 0.9999954424338782 0.1483898878257719 0.29244826806798585 -0.5193973376117142
FixedParameters: 0 0 0
#Transform 36
Transform: MatrixOffsetTransformBase_double_3_3
Parameters: 0.999993829378543 0.0002585521344921454 0.003619907091899157 -0.00025891774185402336 0.9999999238171615 0.00005002110638594338 -0.003619880959516673 -0.00005097816912747952 0.9999929004610301 0.12180801863306101 0.3133758366542878 -0.46036433506984054
FixedParameters: 0 0 0
#Transform 37
Transform: MatrixOffsetTransformBase_double_3_3
Parameters: 0.9999977217796744 0.000287053842825875 0.0022798003473643376 -0.0002851330981291136 0.9999991691322374 -0.0008616729840662078 -0.0022793072729789653 0.0008613266687793981 0.9999970682810959 0.17422384708494576 0.3355605761564533 -0.5365175211546074
FixedParameters: 0 0 0
#Transform 38
Transform: MatrixOffsetTransformBase_double_3_3
Parameters: 0.9999961338736066 0.00014940309047474954 0.002616000656028663 -0.000148077966873034 0.9999995672286563 -0.000635417630318707 -0.0026162036677969884 0.0006355834435254788 0.9999967589224618 0.17213157359397258 0.310756437886738 -0.5307195572571004
FixedParameters: 0 0 0
#Transform 39
Transform: MatrixOffsetTransformBase_double_3_3
Parameters: 0.9999946054640023 0.0002540839765175041 0.003214154120255957 -0.0002580549430043751 0.9999997515481311 0.0010841419316994392 -0.003213577760154333 -0.001084857790498995 0.9999945016290386 0.14706506359696903 0.27729756792622595 -0.5423800617831276
FixedParameters: 0 0 0
#Transform 40
Transform: MatrixOffsetTransformBase_double_3_3
Parameters: 0.9999957594787291 0.0003072502946417487 0.002854080048154544 -0.00030591266740977993 0.99999973153082 -0.0004099026435741464 -0.002854338119836986 0.0004090965980975778 0.9999956925670442 0.15533865796169266 0.3063637718737482 -0.5714643375299318
FixedParameters: 0 0 0
#Transform 41
Transform: MatrixOffsetTransformBase_double_3_3
Parameters: 0.999995685519876 0.00024791464570602555 0.002872803345639392 -0.00024798646418510263 0.9999999315780992 0.000012259659368512622 -0.002872797146731615 -0.000012740232767797892 0.9999957536292957 0.1670734726357921 0.2882405885923873 -0.5506607842462969
FixedParameters: 0 0 0
#Transform 42
Transform: MatrixOffsetTransformBase_double_3_3
Parameters: 0.99999566495874 0.00007028214178527988 0.003054488985372281 -0.00006707101269093177 0.9999992679172149 -0.0008532434185308775 -0.0030546201107818963 0.00085275405258518 0.9999949418220851 0.17027644545116516 0.2873130706959586 -0.5302333498315122
FixedParameters: 0 0 0
#Transform 43
Transform: MatrixOffsetTransformBase_double_3_3
Parameters: 0.9999950585098447 -0.000013892812796295507 0.003152977148613492 0.00001513145637760526 0.9999998740076691 -0.000354988926523094 -0.003152973826234795 0.0003550106285383145 0.9999949324517041 0.18847878934445816 0.28899154658864745 -0.5663218530906562
FixedParameters: 0 0 0
#Transform 44
Transform: MatrixOffsetTransformBase_double_3_3
Parameters: 0.9999950494455515 0.00007347095090019605 0.003153575221397136 -0.00007349961417651247 0.9999999711273785 -0.0001542674596886331 -0.003153604836174663 0.0001537341612335326 0.9999950308858506 0.1805228033495183 0.28300628615419043 -0.5454857054624469
FixedParameters: 0 0 0
#Transform 45
Transform: MatrixOffsetTransformBase_double_3_3
Parameters: 0.9999945029691213 0.0002513111135891353 0.00323044732345179 -0.0002586034673791666 0.9999980330818813 0.0022121431461901405 -0.003229270262694722 -0.002212860014296265 0.9999926795303989 0.1776730740744199 0.22892117282195557 -0.4559336913338896
FixedParameters: 0 0 0
#Transform 46
Transform: MatrixOffsetTransformBase_double_3_3
Parameters: 0.9999967792612182 0.00019173834168898676 0.0026801355538867313 -0.0001888469339549628 0.9999993044389195 -0.0012855314306354079 -0.002680652721776532 0.001285469327230642 0.9999951697936335 0.183098509796622 0.32110280704550576 -0.5569212432195698
FixedParameters: 0 0 0
#Transform 47
Transform: MatrixOffsetTransformBase_double_3_3
Parameters: 0.999996463833416 0.0000909351233446644 0.0027436994533173373 -0.00009075952493712547 0.9999999909176741 -0.0000322770701813432 -0.0027437052675056556 0.00003172270343659422 0.9999964708677936 0.19614572851557455 0.2973313913680755 -0.5159495348187306
FixedParameters: 0 0 0
#Transform 48
Transform: MatrixOffsetTransformBase_double_3_3
Parameters: 0.9999957286158745 0.00015156575185208782 0.0030410893451172554 -0.00015097825052465827 0.999999909238987 -0.0002614953331637462 -0.0030411752906797994 0.0002605054416143261 0.9999956831344938 0.20739874927990343 0.29145097433134026 -0.4943075098999614
FixedParameters: 0 0 0
#Transform 49
Transform: MatrixOffsetTransformBase_double_3_3
Parameters: 0.9999968649981517 -0.00009572380908946224 0.0026694543598135773 0.00009755177371490564 0.9999994767657233 -0.0007167700130476908 -0.0026693297432818707 0.0007172300941559904 0.9999963600523197 0.2075929524047524 0.3475057606188017 -0.5543011877909052
FixedParameters: 0 0 0
#Transform 50
Transform: MatrixOffsetTransformBase_double_3_3
Parameters: 0.9999955109718973 -0.00007207891794193753 0.0030795803484896657 0.00007292272187123116 0.9999999762183107 -0.00013681101567030503 -0.0030795604832108076 0.00013718774919090505 0.9999954972156754 0.19280396490468377 0.2925642953105694 -0.5252692911755048
FixedParameters: 0 0 0
#Transform 51
Transform: MatrixOffsetTransformBase_double_3_3
Parameters: 0.9999960689572929 0.00023153675917083163 0.0028066739590139104 -0.00023128696279471936 0.9999999376821591 -0.000044677298773289006 -0.002806694554490456 0.000044322351185671974 0.9999961273146896 0.196112923088549 0.2910408163265288 -0.5341443339324883
FixedParameters: 0 0 0
#Transform 52
Transform: MatrixOffsetTransformBase_double_3_3
Parameters: 0.9999953139377327 -0.00028861418644421724 0.0029330427739181287 0.00028835314606611285 0.9999999219728881 0.000044818056252962646 -0.002933068449060585 -0.000044181526513685856 0.9999953880043561 0.2108171114128794 0.3129469786011896 -0.5345489393371139
FixedParameters: 0 0 0
#Transform 53
Transform: MatrixOffsetTransformBase_double_3_3
Parameters: 0.9999937747344456 -0.00033169166109980734 0.003480646378061441 0.00032992441684677085 0.9999997398329898 0.00039810883861380025 -0.003480902389961982 -0.00039688956968723325 0.9999937188886366 0.2050229903954488 0.30914128303422217 -0.4837953171035565
FixedParameters: 0 0 0
#Transform 54
Transform: MatrixOffsetTransformBase_double_3_3
Parameters: 0.9999957857231031 -0.00036422897406266773 0.0030136263780476766 0.0003648653514269109 0.999999800617216 -0.0002709366243639844 -0.003013435409727434 0.0002720640632580531 0.999995837680886 0.20776587528227708 0.3230018977229179 -0.5075306888181501
FixedParameters: 0 0 0
#Transform 55
Transform: MatrixOffsetTransformBase_double_3_3
Parameters: 0.9999969289096096 -0.0005466373636249468 0.0026023579906020206 0.0005477251026300645 0.9999996710202708 -0.00020859608551288943 -0.0026021292695453152 0.0002094021945112717 0.9999961705277212 0.2147256784440117 0.3356376731395585 -0.536992087275479
FixedParameters: 0 0 0
#Transform 56
Transform: MatrixOffsetTransformBase_double_3_3
Parameters: 0.9999954245876614 -0.00007301542369662263 0.0030935434124356865 0.00007118168358104855 0.999999785281545 0.00045818749295792934 -0.003093602473728988 -0.0004578112178235949 0.9999952197776709 0.2180791361716956 0.28661942208513835 -0.5071897752848429
FixedParameters: 0 0 0
#Transform 57
Transform: MatrixOffsetTransformBase_double_3_3
Parameters: 0.9999952191448342 -0.00025261694021866 0.003117102062910035 0.00024991839119391284 0.9999991017107762 0.0009147479257297598 -0.0031175404387297485 -0.000913251164760767 0.9999944466389756 0.2235519065528564 0.31477089833479965 -0.4717119287435736
FixedParameters: 0 0 0
#Transform 58
Transform: MatrixOffsetTransformBase_double_3_3
Parameters: 0.9999966393765075 -0.0002631800288141142 0.00250825580979689 0.00026385223324021617 0.9999999127492182 -0.00013335953180911107 -0.0025081851873973294 0.0001346395627298668 0.9999966907155384 0.25630754588347315 0.3351866403309174 -0.5073401354315052
FixedParameters: 0 0 0
#Transform 59
Transform: MatrixOffsetTransformBase_double_3_3
Parameters: 0.999993643742357 -0.000549550916992961 0.0036129150693340354 0.0005399326341336581 0.9999960869053202 0.0025759183675013956 -0.0036146576968357534 -0.0025740787269071244 0.9999902955283826 0.21208130414515836 0.2669951100104129 -0.3815463918637434
FixedParameters: 0 0 0
#Transform 60
Transform: MatrixOffsetTransformBase_double_3_3
Parameters: 0.9999951292775757 -0.00043941260834511856 0.003110856504206275 0.00043005229476266056 0.9999960424672523 0.0027893175458533143 -0.003112225194026945 -0.002787681869681393 0.9999915352789523 0.24720145979030406 0.2611467701491108 -0.41076990867638585
FixedParameters: 0 0 0
#Transform 61
Transform: MatrixOffsetTransformBase_double_3_3
Parameters: 0.9999968028751195 -0.0006721405762977923 0.0023966287404765673 0.0006653694488318741 0.9999964762417727 0.002662588495725534 -0.002399146675493627 -0.0026604091079416624 0.9999931594285811 0.2621706124082124 0.27579166579219816 -0.43777188185192273
FixedParameters: 0 0 0
#Transform 62
Transform: MatrixOffsetTransformBase_double_3_3
Parameters: 0.9999947436775598 -0.0006226149569094922 0.0031410868266169723 0.0006142875432490141 0.9999960361503565 0.002756909621790104 -0.003143432941289042 -0.0027550925495802812 0.999991516381477 0.24562677000204758 0.24960231019214518 -0.4192241409687014
FixedParameters: 0 0 0
#Transform 63
Transform: MatrixOffsetTransformBase_double_3_3
Parameters: 0.9999941068837843 -0.000716191832541112 0.0032215024737377498 0.0007138301896940946 0.999999810736979 0.0008332700528745039 -0.003222671313310831 -0.0008307319981185933 0.9999949116932888 0.23687141176610282 0.3177138248026523 -0.50400406551028
FixedParameters: 0 0 0
#Transform 64
Transform: MatrixOffsetTransformBase_double_3_3
Parameters: 0.9999954264729995 -0.0007208016178089681 0.0030090956942579123 0.0007202499959694045 0.9999994964792629 -0.00007386782791921065 -0.003008995316155087 0.00007513450379797483 0.9999959188936571 0.250816663968763 0.34300879937838147 -0.48693560460726104
FixedParameters: 0 0 0
#Transform 65
Transform: MatrixOffsetTransformBase_double_3_3
Parameters: 0.9999955556990091 -0.0006619070606828255 0.0028296157892831525 0.0006536459072291158 0.999995344557002 0.0028708325443157403 -0.002831335639664723 -0.0028691645413991664 0.9999917372817615 0.2597750881011649 0.2550830909614632 -0.42088924226936086
FixedParameters: 0 0 0
#Transform 66
Transform: MatrixOffsetTransformBase_double_3_3
Parameters: 0.9999957695443629 -0.0007472817729613009 0.0029447257975731087 0.0007388867845229835 0.999995759436198 0.002951163623449403 -0.0029470472335433413 -0.0029488411758867156 0.9999916050160735 0.23534206352734088 0.25368909415274743 -0.47297013578087643
FixedParameters: 0 0 0
#Transform 67
Transform: MatrixOffsetTransformBase_double_3_3
Parameters: 0.9999970625823632 -0.0007372959247942916 0.002528171509585249 0.0007350508541706937 0.9999993967851138 0.0010378415601471408 -0.0025296773935579242 -0.0010361597933360462 0.9999965150533765 0.23294744143196056 0.3150357546956002 -0.4095083422240009
FixedParameters: 0 0 0
#Transform 68
Transform: MatrixOffsetTransformBase_double_3_3
Parameters: 0.9999964221507089 -0.0002870321584497514 0.002737491339219832 0.0002812116739422058 0.9999972673172463 0.002158749151187811 -0.002738676010277086 -0.002158248997753926 0.9999938365645845 0.21003624618430194 0.31290428910911317 -0.3523721662351704
FixedParameters: 0 0 0
#Transform 69
Transform: MatrixOffsetTransformBase_double_3_3
Parameters: 0.9999940528628376 -0.00014483585593763867 0.00330586117610744 0.00013932855018189313 0.9999979612175116 0.0017394274156438882 -0.0033053136163327845 -0.0017395717622579118 0.9999930399053465 0.20588143079811516 0.3207278926591073 -0.4234565548822289
FixedParameters: 0 0 0
#Transform 70
Transform: MatrixOffsetTransformBase_double_3_3
Parameters: 0.9999945398598535 -0.00014484745693934064 0.0032308346391266354 0.00013927508103195164 0.9999982020587909 0.0019454252635900497 -0.0032313385315629116 -0.0019455769516290291 0.9999927678294532 0.20468097589346712 0.32934544556798073 -0.3829441979613293
FixedParameters: 0 0 0
#Transform 71
Transform: MatrixOffsetTransformBase_double_3_3
Parameters: 0.9999958449923626 -0.0006113777340510416 0.0027891396068655512 0.0006036107289798073 0.9999956700999967 0.0028246670972102705 -0.0027915149242458332 -0.0028233325204658965 0.9999922248772223 0.23064561743520073 0.2691113457525205 -0.375287300040938
FixedParameters: 0 0 0
#Transform 72
Transform: MatrixOffsetTransformBase_double_3_3
Parameters: 0.9999977410017004 -0.0002901558002044043 0.002274640164973142 0.000286624067994944 0.9999988632951463 0.0014356352914652601 -0.0022754471902589964 -0.001435364879789929 0.9999967563783483 0.2612042614785395 0.3340006691215791 -0.43150578177537824
FixedParameters: 0 0 0
#Transform 73
Transform: MatrixOffsetTransformBase_double_3_3
Parameters: 0.9999949528560003 -0.0004468830520227492 0.0031381566414007533 0.0004409622211703731 0.9999982147217683 0.0018983592466269798 -0.00313879991237386 -0.0018976423746492376 0.9999935332988779 0.22320717860092998 0.32204765653031586 -0.3609912518432381
FixedParameters: 0 0 0
#Transform 74
Transform: MatrixOffsetTransformBase_double_3_3
Parameters: 0.9999956385406387 -0.0006533815757398013 0.002988730245995707 0.0006443968600169199 0.99999553319252 0.0028399051485723612 -0.0029913588325106875 -0.0028380943306471427 0.9999919854375832 0.21496494799389154 0.2888145123709194 -0.34905800583115365
FixedParameters: 0 0 0
#Transform 75
Transform: MatrixOffsetTransformBase_double_3_3
Parameters: 0.9999972786505492 -0.0004896406006400239 0.002340776560582553 0.0004860770418885591 0.9999984256522851 0.001829128743617292 -0.0023425257594796296 -0.0018278717735218872 0.9999951661578758 0.25400161816457967 0.3389824049012873 -0.4325177219142802
FixedParameters: 0 0 0
#Transform 76
Transform: MatrixOffsetTransformBase_double_3_3
Parameters: 0.999994384582557 -0.0006447276033997696 0.0033466777476929164 0.0006340451060063292 0.999995075776132 0.0030881040301099366 -0.003348555574815933 -0.0030858927824397833 0.9999892495776267 0.22557401366910312 0.27102347356310474 -0.3924485102009285
FixedParameters: 0 0 0
#Transform 77
Transform: MatrixOffsetTransformBase_double_3_3
Parameters: 0.9999950130244993 -0.000465785812956812 0.003125566792550901 0.0004568864017885544 0.9999956061759164 0.0028624069458003006 -0.0031271442270666273 -0.0028605920415649168 0.9999910304126766 0.22535106558024154 0.2636417962390425 -0.39059474644705006
FixedParameters: 0 0 0
#Transform 78
Transform: MatrixOffsetTransformBase_double_3_3
Parameters: 0.9999972658876402 -0.0006588301527417496 0.0020736557313799746 0.0006601530115755248 0.9999994773694222 -0.0003186455383528677 -0.0020732349765909875 0.0003193526523596127 0.9999975849967431 0.26457676269450303 0.3597223542688255 -0.5123077859379634
FixedParameters: 0 0 0
#Transform 79
Transform: MatrixOffsetTransformBase_double_3_3
Parameters: 0.9999960989713947 -0.0005024033503388153 0.0027656765709061504 0.0004972419522426306 0.9999983882363367 0.0018363609839669986 -0.00276647654351393 -0.0018346376684998762 0.9999939725984093 0.23979220654672417 0.2990129650185054 -0.3918896021068008
FixedParameters: 0 0 0
#Transform 80
Transform: MatrixOffsetTransformBase_double_3_3
Parameters: 0.9999939955571585 -0.0005710044825735632 0.0034176479967094452 0.000561751082995755 0.9999965751657177 0.0026689007575250966 -0.003418607417660258 -0.0026670984547374505 0.9999901838777508 0.23398191018988257 0.27029566446560693 -0.3809876422062288
FixedParameters: 0 0 0
#Transform 81
Transform: MatrixOffsetTransformBase_double_3_3
Parameters: 0.999998370643166 -0.0005627477742729431 0.001520426529109993 0.0005635110810623412 0.9999993564081807 -0.0005771505390021452 -0.0015207830709001906 0.0005778492708891124 0.9999983472222246 0.2847083769135139 0.36267214628399813 -0.5416571357243214
FixedParameters: 0 0 0
#Transform 82
Transform: MatrixOffsetTransformBase_double_3_3
Parameters: 0.9999977691048735 -0.0006150546100086754 0.0019629567770224243 0.000615379495474512 0.9999995146793458 -0.0003368065849268789 -0.0019625484864220625 0.0003381937993309084 0.9999980266127111 0.26855909242235043 0.38320989302050634 -0.4977040056873605
FixedParameters: 0 0 0
#Transform 83
Transform: MatrixOffsetTransformBase_double_3_3
Parameters: 0.9999967942680142 -0.0005440967811592296 0.0024307302859714157 0.0005368806611522185 0.9999951798117191 0.002922291321430834 -0.0024328395317377216 -0.0029207043923527125 0.999992544081655 0.26340649026938934 0.24852501988758036 -0.4078512750098824
FixedParameters: 0 0 0
#Transform 84
Transform: MatrixOffsetTransformBase_double_3_3
Parameters: 0.9999945985148175 -0.0005748394729338059 0.0033276574081226953 0.0005656555766412854 0.9999960282454832 0.0025808542679298637 -0.003328543528133383 -0.002578142242612611 0.9999912625782581 0.24606034727622728 0.26588714408472924 -0.3843875883790915
FixedParameters: 0 0 0
#Transform 85
Transform: MatrixOffsetTransformBase_double_3_3
Parameters: 0.9999978883602304 -0.0005701183020860378 0.0019456329639392707 0.0005690804344667843 0.9999990734542873 0.0007810943953749476 -0.001946508147560656 -0.0007799052574240604 0.99999759654453 0.28710453500160327 0.3516652917655989 -0.4308600725307272
FixedParameters: 0 0 0
#Transform 86
Transform: MatrixOffsetTransformBase_double_3_3
Parameters: 0.999997371370257 -0.0006143674021467352 0.0020619034136688894 0.0006114560584755028 0.9999985822226359 0.0014322496447961531 -0.0020626372642348198 -0.0014307494865881112 0.9999966907575188 0.275419553796425 0.3424921393970948 -0.39214420958675333
FixedParameters: 0 0 0
#Transform 87
Transform: MatrixOffsetTransformBase_double_3_3
Parameters: 0.9999974850340373 -0.0007850144340073698 0.0019745463395534177 0.0007796067554727107 0.9999964755128964 0.0026315335616682737 -0.001976627233238826 -0.002629470333332596 0.9999951704112986 0.27518615790866363 0.3052494259258225 -0.40946390100206287
FixedParameters: 0 0 0
#Transform 88
Transform: MatrixOffsetTransformBase_double_3_3
Parameters: 0.9999980619076846 -0.0006812536323415016 0.0021148943067000664 0.0006773199120805191 0.9999970956503552 0.0021104218183123887 -0.0021167253432996034 -0.002108575154333662 0.9999950662625516 0.2749747903997388 0.34432311755442413 -0.4475285675507834
FixedParameters: 0 0 0
#Transform 89
Transform: MatrixOffsetTransformBase_double_3_3
Parameters: 0.9999958084251719 -0.0007559116139551121 0.002760034323225096 0.0007496777295460025 0.9999967114093207 0.002396051525902606 -0.0027625913814806665 -0.0023939497598016194 0.9999936249229305 0.2721115368977678 0.3367211504328793 -0.3704434997901629
FixedParameters: 0 0 0
#Transform 90
Transform: MatrixOffsetTransformBase_double_3_3
Parameters: 0.9999949613041478 -0.0007819024171940469 0.0030700282689947378 0.0007760148663196372 0.9999980099505394 0.002098366315609025 -0.0030722463922044693 -0.0020956373722999383 0.9999931564964577 0.24876624322160978 0.3538077260240442 -0.3528449599789809
FixedParameters: 0 0 0
#Transform 91
Transform: MatrixOffsetTransformBase_double_3_3
Parameters: 0.9999966104415617 -0.0004304818909494694 0.0026840384073075142 0.0004240222452064386 0.9999965470796823 0.0025061195449094234 -0.0026851305309563375 -0.0025048813002127397 0.9999935082563873 0.25213229203832555 0.35808279816514244 -0.39902924545452123
FixedParameters: 0 0 0
#Transform 92
Transform: MatrixOffsetTransformBase_double_3_3
Parameters: 0.9999972242239716 -0.00044889637998751883 0.002361124232803965 0.0004440976356469127 0.9999983425767646 0.0018620342563071138 -0.002361758644232445 -0.0018609672885792107 0.9999959512640615 0.2662024110097576 0.32078557655030693 -0.4284021099826134
FixedParameters: 0 0 0
#Transform 93
Transform: MatrixOffsetTransformBase_double_3_3
Parameters: 0.999997797430707 -0.0006799385776905966 0.0019334436557822405 0.0006751061128192024 0.9999957220100486 0.0027982974496605023 -0.0019361925467414225 -0.0027967035013267763 0.9999944233585217 0.27694692888327666 0.26705195128545256 -0.4113902383042358
FixedParameters: 0 0 0
#Transform 94
Transform: MatrixOffsetTransformBase_double_3_3
Parameters: 0.9999981563378527 -0.00013234691389497398 0.0019559630201597595 0.00012997333756227628 0.9999991033708353 0.0013732432118830403 -0.0019563023731335193 -0.0013737579063504406 0.9999972799558898 0.2789124889965109 0.3206444606532557 -0.47186555582730705
FixedParameters: 0 0 0
#Transform 95
Transform: MatrixOffsetTransformBase_double_3_3
Parameters: 0.9999981710563217 -0.0005264066007434664 0.0018849571689188642 0.0005209455375774284 0.9999960571478395 0.0027709744867093246 -0.0018858240068287604 -0.002770027642100068 0.9999947625180688 0.279960127104502 0.26455432455300354 -0.43826297297674444
FixedParameters: 0 0 0
#Transform 96
Transform: MatrixOffsetTransformBase_double_3_3
Parameters: 0.9999967619747293 -0.0005627426222165063 0.0026306244069639324 0.0005550270615180055 0.9999958855202614 0.0027954480928443198 -0.0026326991840546882 -0.0027935482758907355 0.9999922579454515 0.25401124788666607 0.2680698031069255 -0.3777996064765574
FixedParameters: 0 0 0
#Transform 97
Transform: MatrixOffsetTransformBase_double_3_3
Parameters: 0.999999018343243 -0.000340785923262719 0.0016928994650506313 0.00033687338888248536 0.9999974423234598 0.00233456697892802 -0.0016934535614480208 -0.002334433446127929 0.9999956762152309 0.2717952346426671 0.3193502564053148 -0.4320095155749186
FixedParameters: 0 0 0
#Transform 98
Transform: MatrixOffsetTransformBase_double_3_3
Parameters: 0.9999972180903802 -0.00039937006816317695 0.002371182564447133 0.0003917653916607681 0.9999956338073037 0.002866916031809885 -0.002372408498751981 -0.0028660814023025545 0.9999931505884494 0.26001136088031274 0.2715993917402528 -0.42345169176617503
FixedParameters: 0 0 0
#Transform 99
Transform: MatrixOffsetTransformBase_double_3_3
Parameters: 0.9999975253878269 -0.00028710048652158174 0.002322146815124689 0.00027934383626196916 0.9999944313286713 0.0033906432556995774 -0.002323011524558376 -0.00339035546671433 0.9999911029856987 0.24535268259235465 0.29949919245439105 -0.35642419160841854
FixedParameters: 0 0 0
#Transform 100
Transform: MatrixOffsetTransformBase_double_3_3
Parameters: 0.999997325837098 -0.00003570382761426876 0.0023817535565690967 0.000026553894982011205 0.9999924830114905 0.0038100517651233497 -0.0023819279288674966 -0.003809945362538024 0.9999898104900576 0.22354493069923365 0.3363819632155014 -0.4057692409848457
FixedParameters: 0 0 0
#Transform 101
Transform: MatrixOffsetTransformBase_double_3_3
Parameters: 0.9999980140503844 -0.00046970007388067754 0.0021830365385161177 0.0004618159259914532 0.9999928711579166 0.0038630061484980814 -0.002184571752077774 -0.0038619997198988828 0.9999903049087785 0.2377160963719973 0.2945736378422339 -0.3839241465951062
FixedParameters: 0 0 0
#Transform 102
Transform: MatrixOffsetTransformBase_double_3_3
Parameters: 0.9999976803727061 -0.0006484893790258442 0.0022132530964475727 0.0006404616998536619 0.9999935198261543 0.0036164141787730737 -0.002215857522118964 -0.0036145875380839652 0.999991016739672 0.2387967129357378 0.29147363784915115 -0.3991383667424486
FixedParameters: 0 0 0
#Transform 103
Transform: MatrixOffsetTransformBase_double_3_3
Parameters: 0.9999977175235092 -0.0006294089043209911 0.001971290899857969 0.0006211636261852873 0.9999927125186105 0.003861225657043499 -0.001974069940833562 -0.003859772526783352 0.9999901979487383 0.2570500209907749 0.30710579827064066 -0.4358897598549376
FixedParameters: 0 0 0
#Transform 104
Transform: MatrixOffsetTransformBase_double_3_3
Parameters: 0.999998632325904 -0.000427092940834355 0.0017843110838476465 0.0004198564014093229 0.9999906416872303 0.004264742976677008 -0.0017868670996384732 -0.004264258490539824 0.9999896185159893 0.27273922541019147 0.25220128010910514 -0.42890798243490025
FixedParameters: 0 0 0
#Transform 105
Transform: MatrixOffsetTransformBase_double_3_3
Parameters: 0.9999976956418102 -0.0006293754226500447 0.0022152185749870473 0.0006206032442100777 0.9999915723616447 0.004006368694916415 -0.002218162611912312 -0.004004625688501802 0.999989035071128 0.24992819766727337 0.27486245572036694 -0.40994677844462046
FixedParameters: 0 0 0
#Transform 106
Transform: MatrixOffsetTransformBase_double_3_3
Parameters: 0.999998676289052 -0.000661051049160113 0.001698708820230903 0.0006537207406525022 0.9999908548975575 0.004210108937938941 -0.0017021945661613671 -0.004208887082227447 0.9999893814412948 0.26719426575172633 0.29481605828755164 -0.4410866649087737
FixedParameters: 0 0 0
#Transform 107
Transform: MatrixOffsetTransformBase_double_3_3
Parameters: 0.9999971011497403 -0.0006729148266977713 0.002108824746593868 0.0006645799917763244 0.9999926207985134 0.0038663994256874544 -0.0021109397464543025 -0.0038656051876649945 0.9999905882732623 0.256749460269063 0.27039716232924604 -0.41082533838127944
FixedParameters: 0 0 0
#Transform 108
Transform: MatrixOffsetTransformBase_double_3_3
Parameters: 0.9999971842695019 -0.0006213228779297096 0.002104537429505949 0.0006141073186009308 0.9999935969495898 0.0036102892260032435 -0.0021069409374630376 -0.003608715546119202 0.9999915302059755 0.2637440376456368 0.2895665963762468 -0.40745171623903786
FixedParameters: 0 0 0
#Transform 109
Transform: MatrixOffsetTransformBase_double_3_3
Parameters: 0.9999961304108465 -0.0004915673960621987 0.002574248803479098 0.00048441051078262546 0.9999961165296832 0.002942238889565331 -0.0025760638318830845 -0.0029407673712234274 0.9999927089513683 0.25169531992010263 0.29356165511009635 -0.42703432278014475
FixedParameters: 0 0 0
#Transform 110
Transform: MatrixOffsetTransformBase_double_3_3
Parameters: 0.9999975719820221 -0.000580594317817716 0.002256569736772961 0.0005709572786321337 0.9999908007578034 0.004345288070501098 -0.0022585029391620918 -0.004343716215332677 0.9999880216158621 0.2499886692419011 0.29757703704841276 -0.4427360807018985
FixedParameters: 0 0 0
#Transform 111
Transform: MatrixOffsetTransformBase_double_3_3
Parameters: 0.999997060437882 -0.0005932122253000006 0.0025664244191159922 0.0005816716835747464 0.9999904318952504 0.004386488475228285 -0.002569500749379837 -0.004385513089896585 0.9999871542919005 0.21802210016133472 0.2799663212449275 -0.39845145228883894
FixedParameters: 0 0 0
#Transform 112
Transform: MatrixOffsetTransformBase_double_3_3
Parameters: 0.9999961839170753 -0.0006941492370830227 0.0027079416222252762 0.0006857120290406598 0.9999939780870163 0.003400844139672237 -0.0027105634124180863 -0.0033991613845838595 0.9999910856995778 0.21609872714398648 0.3045009829490084 -0.3845592083259035
FixedParameters: 0 0 0
#Transform 113
Transform: MatrixOffsetTransformBase_double_3_3
Parameters: 0.9999968802153547 -0.001001649761720837 0.002473375488644775 0.000991961727261714 0.9999928182099631 0.0037704539692431645 -0.0024768277062554756 -0.0037685471894995425 0.999989643589165 0.23495055280729105 0.30993804739189557 -0.4239809491718276
FixedParameters: 0 0 0
#Transform 114
Transform: MatrixOffsetTransformBase_double_3_3
Parameters: 0.9999974962808899 -0.0009988414183410717 0.0021224004043797 0.000990870788788938 0.9999919424809703 0.00375409638461235 -0.002126813047892012 -0.0037528966381678687 0.9999903761643198 0.2541159644104738 0.29039533783031857 -0.3981568006295504
FixedParameters: 0 0 0
#Transform 115
