#Insight Transform File V1.0
#Transform 0
Transform: MatrixOffsetTransformBase_double_3_3
Parameters: 0.9999989783044982 0.0007227046382543591 0.0015806812339876422 -0.0007242629815983379 0.9999998111061116 0.0008108500413627111 -0.0015805000131285116 -0.0008121511646290895 0.9999988501318152 0.22366544065931748 0.18652331898715602 -0.5370093596928882
FixedParameters: 0 0 0
#Transform 1
Transform: MatrixOffsetTransformBase_double_3_3
Parameters: 0.9999974391281883 0.0011281506114699115 0.0018135887276016845 -0.0011326021222205327 0.9999962514279364 0.0023349424479518176 -0.001810279620909319 -0.0023370529549785806 0.9999952738918532 0.22770484275324065 0.19402345455094405 -0.4741886417861636
FixedParameters: 0 0 0
#Transform 2
Transform: MatrixOffsetTransformBase_double_3_3
Parameters: 0.9999992825059889 0.0006061057235645115 0.0011617498610791825 -0.000608711227288449 0.9999967701300303 0.002419288572832752 -0.0011607896146325015 -0.0024197133637487364 0.9999968043888093 0.22831316655435785 0.190858421058536 -0.46970747008005986
FixedParameters: 0 0 0
#Transform 3
Transform: MatrixOffsetTransformBase_double_3_3
Parameters: 0.9999983695955093 0.001471702858786663 0.0012101624645015313 -0.001471470479890868 0.9999988112528707 -0.00009678100784743775 -0.0012104450084057684 0.00009521867734582634 0.9999995399107291 0.21352119305001338 0.22963543950979215 -0.553313598006568
FixedParameters: 0 0 0
#Transform 4
Transform: MatrixOffsetTransformBase_double_3_3
Parameters: 0.999998295366429 0.0011981268587585607 0.0011266746847483021 -0.001201223219887309 0.999995153840939 0.0027186481635507785 -0.0011231298181390039 -0.002719347401642958 0.9999953555785948 0.22258633265286676 0.1691306558006005 -0.5075629522100584
FixedParameters: 0 0 0
#Transform 5
Transform: MatrixOffsetTransformBase_double_3_3
Parameters: 0.999998292512201 0.000926259881875652 0.0016876149437163527 -0.0009282251320868553 0.9999987362653644 0.0011784283319055044 -0.0016874144922771935 -0.0011795719621193095 0.9999977761610452 0.22770220699918298 0.17836894168839024 -0.5541898696287149
FixedParameters: 0 0 0
#Transform 6
Transform: MatrixOffsetTransformBase_double_3_3
Parameters: 0.9999982505743924 0.00121884053182032 0.0015049303060400139 -0.0012202177171475052 0.9999982332072571 0.001124158528502988 -0.001503172374063237 -0.0011258411586306935 0.9999984861145246 0.22881823580672744 0.1766988731582444 -0.6186197220730776
FixedParameters: 0 0 0
#Transform 7
Transform: MatrixOffsetTransformBase_double_3_3
Parameters: 0.9999976109173138 0.0014720574755739966 0.0017951927898541891 -0.0014749698001906575 0.9999970732475361 0.0019313563736885753 -0.0017924696497397619 -0.0019336431454202814 0.9999960685413491 0.2022324386369121 0.16615987275709188 -0.5683180423004401
FixedParameters: 0 0 0
#Transform 8
Transform: MatrixOffsetTransformBase_double_3_3
Parameters: 0.9999984653809679 0.00151078372264009 0.0011191782437703526 -0.0015106653119236716 0.9999985461384907 0.0003963099294544258 -0.0011189717202117406 -0.000397691353916714 0.9999996040238209 0.20828318769868304 0.18781273831437773 -0.6027175429767553
FixedParameters: 0 0 0
#Transform 9
Transform: MatrixOffsetTransformBase_double_3_3
Parameters: 0.9999987569464341 0.0006207374359256711 0.0013627212314618513 -0.0006212637066758593 0.9999992910196058 0.0005621467447387042 -0.0013630155991710702 -0.0005628534898686087 0.9999988331139212 0.19810763812976973 0.16225884747829866 -0.693257966271176
FixedParameters: 0 0 0
#Transform 10
Transform: MatrixOffsetTransformBase_double_3_3
Parameters: 0.9999991157540874 0.0005305973048829451 0.0012664091726346726 -0.0005317541109835821 0.9999991628900506 0.001246321401933299 -0.0012650704549337294 -0.0012476800265621571 0.9999988428419977 0.2209031033743969 0.10726988849947361 -0.664222871656861
FixedParameters: 0 0 0
#Transform 11
Transform: MatrixOffsetTransformBase_double_3_3
Parameters: 0.9999985498145709 0.0007161578309923701 0.001391632531079367 -0.0007174483041074392 0.9999997977617928 0.0008250026145437041 -0.0013914420822075594 -0.0008259976301249455 0.9999983891512065 0.2110774430367286 0.12867676475734413 -0.663822996320512
FixedParameters: 0 0 0
#Transform 12
Transform: MatrixOffsetTransformBase_double_3_3
Parameters: 0.9999986641560326 0.0008341925508984054 0.001280442983572977 -0.0008349716938825494 0.999999809984949 0.0006969318726117021 -0.0012802717343204757 -0.0006980690982096851 0.9999988811573584 0.20839564880014905 0.1441642660734601 -0.6781266458433919
FixedParameters: 0 0 0
#Transform 13
Transform: MatrixOffsetTransformBase_double_3_3
Parameters: 0.9999967320359229 0.0008106086848601885 0.002368781148294697 -0.0008163720318226219 0.9999971391758056 0.002486061618587631 -0.0023666928972267314 -0.00248794201142645 0.9999942224748907 0.19398078040349276 0.10881929598339468 -0.6142370101582841
FixedParameters: 0 0 0
#Transform 14
Transform: MatrixOffsetTransformBase_double_3_3
Parameters: 0.9999979772164835 0.00102439031655606 0.0017241594420296723 -0.0010265928937005324 0.99999906769136 0.0009302248961961775 -0.0017232429688065671 -0.0009317743394708635 0.9999981760017497 0.19664976034498238 0.12302233383574901 -0.6484986131010189
FixedParameters: 0 0 0
#Transform 15
Transform: MatrixOffsetTransformBase_double_3_3
Parameters: 0.999998803060723 0.0011164751439349404 0.0013964813569218506 -0.001117085139390386 0.9999994035989261 0.0005784408776514987 -0.0013961811184016759 -0.0005795598630850855 0.9999987289787666 0.19053550285569543 0.16026308580562443 -0.6489964177059164
FixedParameters: 0 0 0
#Transform 16
Transform: MatrixOffsetTransformBase_double_3_3
Parameters: 0.9999988112202804 0.0008519390434712085 0.001569272386754492 -0.0008552061908672239 0.9999962773145025 0.002641656206770153 -0.0015677271211420056 -0.0026423480224399406 0.9999955735312622 0.20286043713565505 0.1219027481553212 -0.6121439894969853
FixedParameters: 0 0 0
#Transform 17
Transform: MatrixOffsetTransformBase_double_3_3
Parameters: 0.9999989928764783 0.0008206188655167357 0.0011547241333834414 -0.0008223048044119284 0.9999989574967789 0.0011660511611484067 -0.001153800655760897 -0.0011669476256655773 0.9999983139344406 0.20584320786554144 0.13102345724431075 -0.631651805680363
FixedParameters: 0 0 0
#Transform 18
Transform: MatrixOffsetTransformBase_double_3_3
Parameters: 0.9999981501517062 0.0011147861224834413 0.0016145018408913472 -0.0011157292714454345 0.999999377421347 0.0006031995415213542 -0.0016141476021065086 -0.0006048005161643855 0.9999980430978255 0.17483530097521793 0.16007363626466997 -0.6438368892325528
FixedParameters: 0 0 0
#Transform 19
Transform: MatrixOffsetTransformBase_double_3_3
Parameters: 0.9999982949468567 0.0011539877321904077 0.0015408320503109908 -0.0011565718997063805 0.9999984282821306 0.001490220467608161 -0.0015383730143351466 -0.0014917780116876552 0.9999974204985297 0.2032173862701967 0.12942885979741447 -0.6488600196709129
FixedParameters: 0 0 0
#Transform 20
Transform: MatrixOffsetTransformBase_double_3_3
Parameters: 0.9999981848085029 0.001122723351901355 0.0015986909311040231 -0.0011240195317094288 0.9999992148117319 0.0007172040549965637 -0.0015970696635014816 -0.0007197941847324404 0.9999979375130149 0.1841817833960846 0.1413838956983966 -0.6563621925289169
FixedParameters: 0 0 0
#Transform 21
Transform: MatrixOffsetTransformBase_double_3_3
Parameters: 0.9999979971591456 0.0008993958392948661 0.0017869124249117185 -0.0009006992520516318 0.999999765018694 0.0006453851668315894 -0.0017867416556252866 -0.0006476156890704394 0.9999983962148525 0.189871199971563 0.15851040676518835 -0.637260962778079
FixedParameters: 0 0 0
#Transform 22
Transform: MatrixOffsetTransformBase_double_3_3
Parameters: 0.9999970497963516 0.0008831307681576191 0.002273421492556089 -0.0008861727808127782 0.9999984293464411 0.0013309686089740154 -0.002273043782845911 -0.0013330327351459793 0.9999970719936486 0.18251460059585156 0.12924421852744672 -0.6218522304587779
FixedParameters: 0 0 0
#Transform 23
Transform: MatrixOffsetTransformBase_double_3_3
Parameters: 0.9999978356408752 0.0006187801927109646 0.002186946882819792 -0.000620722291294209 0.9999997963209495 0.000900631374374062 -0.0021858155060364834 -0.0009023694249853829 0.9999974139123756 0.2083297454535682 0.13444390213190616 -0.6662744303503629
FixedParameters: 0 0 0
#Transform 24
Transform: MatrixOffsetTransformBase_double_3_3
Parameters: 0.9999981487238241 0.000652381536860601 0.0018512165575228416 -0.0006538107592441164 0.9999997081295708 0.0009257846078833329 -0.0018499924057527874 -0.0009272159160814922 0.999997723787407 0.20252156002236177 0.13958821837498192 -0.6635436647580093
FixedParameters: 0 0 0
#Transform 25
Transform: MatrixOffsetTransformBase_double_3_3
Parameters: 0.9999983447701635 0.0008328273304285563 0.0017209304835092206 -0.000835191846728068 0.9999986833237147 0.0012695574220732784 -0.0017197972750581949 -0.001271441086376575 0.9999974331037672 0.20522792654483624 0.10247454991468885 -0.6471343416889468
FixedParameters: 0 0 0
#Transform 26
Transform: MatrixOffsetTransformBase_double_3_3
Parameters: 0.9999965564004267 0.0008011330672172513 0.0024086990893157564 -0.0008042814341719844 0.9999987085568625 0.0012770459866021829 -0.002407626396393504 -0.0012789541758761597 0.9999965812688237 0.19189052198687762 0.12252423631268528 -0.6683328703755294
FixedParameters: 0 0 0
#Transform 27
Transform: MatrixOffsetTransformBase_double_3_3
Parameters: 0.9999958142323564 0.0005673173771846033 0.0028046850103664554 -0.0005695592802936043 0.9999994243369303 0.0011123798410063272 -0.0028033917370942196 -0.0011136237359754752 0.9999959123479167 0.19194370486904688 0.11966282001058914 -0.6497408471648995
FixedParameters: 0 0 0
#Transform 28
Transform: MatrixOffsetTransformBase_double_3_3
Parameters: 0.9999973604443111 0.00033241933175119545 0.002127820258246323 -0.000335887450831626 0.99999922637474 0.0012862742969613978 -0.0021279464939496146 -0.0012867243989277645 0.9999968239014908 0.21356138845537487 0.0978844408855224 -0.6513181065153901
FixedParameters: 0 0 0
#Transform 29
Transform: MatrixOffsetTransformBase_double_3_3
Parameters: 0.9999979246815409 0.0007010443334512564 0.0018929862747878218 -0.0007045671526658229 0.9999983576770943 0.0014606549289423922 -0.0018919186873387018 -0.0014613431049005617 0.9999972979590287 0.20590459299828012 0.10567953727144186 -0.6949438418318152
FixedParameters: 0 0 0
#Transform 30
Transform: MatrixOffsetTransformBase_double_3_3
Parameters: 0.9999980419025053 0.0005719104588821583 0.002151889564899977 -0.0005750763736201865 0.9999986064292429 0.0014337512728662336 -0.002151223241435758 -0.001435247105545075 0.9999963198877864 0.19522739326667704 0.11707359136758555 -0.6802140123706479
FixedParameters: 0 0 0
#Transform 31
Transform: MatrixOffsetTransformBase_double_3_3
Parameters: 0.9999967259506568 0.00064737737357633 0.002419888580429245 -0.0006518775784117294 0.9999977029330155 0.001964407653761658 -0.002418300606698394 -0.0019655927635742728 0.999995300547359 0.20150282853045098 0.09126302570007283 -0.6699102469984552
FixedParameters: 0 0 0
#Transform 32
Transform: MatrixOffsetTransformBase_double_3_3
Parameters: 0.9999962058088052 0.0006250509321122274 0.002530522882110515 -0.0006296559898722551 0.9999986957996443 0.0017013925819990361 -0.002529359416153104 -0.0017026090048287397 0.9999957163845845 0.18121399869032473 0.11337041281264248 -0.6723589699738284
FixedParameters: 0 0 0
#Transform 33
Transform: MatrixOffsetTransformBase_double_3_3
Parameters: 0.9999970668579301 0.0006665438506299168 0.0023429154685579248 -0.0006707839569272963 0.9999984466378787 0.0017594195023626419 -0.0023415331468400473 -0.0017615798551706792 0.9999954214869907 0.18280979672822184 0.1126538942769173 -0.6552350962601494
FixedParameters: 0 0 0
#Transform 34
Transform: MatrixOffsetTransformBase_double_3_3
Parameters: 0.9999962653047292 0.0006298449210795019 0.0027092138473449622 -0.0006373746465545948 0.9999963808415608 0.0026832623611378146 -0.0027067637231112467 -0.002684736073577227 0.9999924767016724 0.18526214280572617 0.07218129727664291 -0.6608603591410827
FixedParameters: 0 0 0
#Transform 35
Transform: MatrixOffsetTransformBase_double_3_3
Parameters: 0.9999965927044953 0.0005377862259228258 0.0026679964617640933 -0.0005439955660537159 0.9999972801339706 0.0021015281713021444 -0.0026666870763456443 -0.002103469609745631 0.9999944715367737 0.19762751851195048 0.08859160394177934 -0.6717154257344689
FixedParameters: 0 0 0
#Transform 36
Transform: MatrixOffsetTransformBase_double_3_3
Parameters: 0.9999970643152045 0.0005297717560762507 0.002157303633844571 -0.0005321354368430876 0.9999996780535619 0.0010128409746984835 -0.00215721393383558 -0.0010131599035831758 0.9999973339199572 0.18752178019447285 0.12277159766469481 -0.6833397465333633
FixedParameters: 0 0 0
#Transform 37
Transform: MatrixOffsetTransformBase_double_3_3
Parameters: 0.9999973055869661 0.0005025601253326932 0.002332946933728899 -0.0005089017306554564 0.9999967280743645 0.002646806664577863 -0.002331227166417626 -0.0026481935123734727 0.9999935589552865 0.18929785281497402 0.07817475966642462 -0.6192721128988907
FixedParameters: 0 0 0
#Transform 38
Transform: MatrixOffsetTransformBase_double_3_3
Parameters: 0.9999972019590991 0.0004222961072009131 0.0021495528403713943 -0.0004257181179546921 0.9999992219510074 0.0012610739225858252 -0.002148469106107927 -0.0012619243408918358 0.999996797240562 0.20094161070935002 0.10219143170660061 -0.7377517536410636
FixedParameters: 0 0 0
#Transform 39
Transform: MatrixOffsetTransformBase_double_3_3
Parameters: 0.9999960729467935 0.0000311119168548106 0.0028153651816114184 -0.000035580458624855705 0.9999987370630534 0.0015038775251082909 -0.002815236950542244 -0.0015041211341566014 0.999994811842269 0.18704079677455354 0.07956191962085768 -0.7050712189262214
FixedParameters: 0 0 0
#Transform 40
Transform: MatrixOffsetTransformBase_double_3_3
Parameters: 0.9999966880400948 0.0001441465441255559 0.0025083518319368686 -0.00014883967735674245 0.9999979754410734 0.0017326039253601974 -0.0025078161589602043 -0.001733394611967809 0.9999957060100202 0.1923403854726189 0.07346813386298834 -0.6867129095492146
FixedParameters: 0 0 0
#Transform 41
Transform: MatrixOffsetTransformBase_double_3_3
Parameters: 0.9999972078373158 0.0003526340657882542 0.002380947936476647 -0.00035514507003826866 0.9999995280704784 0.0011571434852789327 -0.002380107736892557 -0.0011578563982076462 0.9999960001500066 0.19435102084898404 0.10272024260882517 -0.7019334612691779
FixedParameters: 0 0 0
#Transform 42
Transform: MatrixOffsetTransformBase_double_3_3
Parameters: 0.9999968110776529 0.000805582615532522 0.0023537362245796044 -0.0008085998908492404 0.9999986963834283 0.001279080028487812 -0.0023526490978431065 -0.0012809205995617913 0.9999968378872082 0.17150782187052016 0.07515597262752749 -0.693079615838748
FixedParameters: 0 0 0
#Transform 43
Transform: MatrixOffsetTransformBase_double_3_3
Parameters: 0.9999967293941356 0.00024596415437673345 0.002492273081620662 -0.00025025370472112215 0.9999984640823639 0.0018633619256006031 -0.0024913132203042126 -0.0018646402906277023 0.9999953162989897 0.16131352960569245 0.08931145862956669 -0.7266998405981937
FixedParameters: 0 0 0
#Transform 44
Transform: MatrixOffsetTransformBase_double_3_3
Parameters: 0.9999966422742292 -0.00011131968218997314 0.0027101748612301025 0.00010752758110866253 0.9999994181619488 0.0012532747739799985 -0.0027104281341117672 -0.0012527235161094328 0.9999950840895978 0.18037200764794648 0.043381825323621115 -0.6753833906969007
FixedParameters: 0 0 0
#Transform 45
Transform: MatrixOffsetTransformBase_double_3_3
Parameters: 0.9999971915898206 -0.00010606085047415865 0.002190159423068767 0.00010252601839201628 0.9999990308134477 0.0017202158182992701 -0.002190490268833157 -0.0017197868678505536 0.9999962439604017 0.1972580142978302 0.06116341273734349 -0.6968614635343258
FixedParameters: 0 0 0
#Transform 46
Transform: MatrixOffsetTransformBase_double_3_3
Parameters: 0.9999964481617897 -0.00011168113892710398 0.0025571434222906556 0.00010802960189424212 0.9999987500586777 0.0014962594367821961 -0.002557444185782396 -0.001495739455956397 0.9999952220630522 0.19493228939306562 0.10095129274611736 -0.7434934641403146
FixedParameters: 0 0 0
#Transform 47
Transform: MatrixOffsetTransformBase_double_3_3
Parameters: 0.9999966892310344 -0.0005723482667753777 0.0024461011005815106 0.0005678393100860683 0.9999986631595517 0.0017383802616501376 -0.0024470542810004687 -0.0017366185227001276 0.9999949882474273 0.18535466924058142 0.05708892058225956 -0.7063359237422802
FixedParameters: 0 0 0
#Transform 48
Transform: MatrixOffsetTransformBase_double_3_3
Parameters: 0.9999940103215788 -0.00040389226596789554 0.0032905804825961687 0.0003970745056722622 0.9999986265984401 0.001795282125484016 -0.003290982941089792 -0.0017937160211033204 0.9999929432429726 0.18141769849951572 0.060862084517623316 -0.6877256922232036
FixedParameters: 0 0 0
#Transform 49
Transform: MatrixOffsetTransformBase_double_3_3
Parameters: 0.9999953560728766 -0.00011978420426593867 0.0029379966801018 0.00011224096597632998 0.9999968660424033 0.0024743114380975147 -0.0029375218672957775 -0.002473685651529436 0.9999922486405715 0.16538702006735662 0.07786338956455552 -0.7610880838777163
FixedParameters: 0 0 0
#Transform 50
Transform: MatrixOffsetTransformBase_double_3_3
Parameters: 0.9999963261474447 -0.000611629986384484 0.0027017586013103217 0.0006071296374784873 0.9999985504819601 0.0017576263033806704 -0.002702864477939752 -0.0017553746137148182 0.9999946050630506 0.17776677888251413 0.04644279558759479 -0.7507906866474983
FixedParameters: 0 0 0
#Transform 51
Transform: MatrixOffsetTransformBase_double_3_3
Parameters: 0.9999947106201604 -0.0004607831439972458 0.003174091782602896 0.0004545693012130947 0.9999986859723327 0.0017664184245808233 -0.0031756733937419062 -0.0017655818958513285 0.9999937871147947 0.16774548429184222 0.07688736967070042 -0.6896816112421789
FixedParameters: 0 0 0
#Transform 52
Transform: MatrixOffsetTransformBase_double_3_3
Parameters: 0.999995961130053 -0.0007776184067492182 0.0027263734983434787 0.0007734971361736436 0.9999986203679677 0.0016720950317115893 -0.0027279305386103845 -0.0016699065836901696 0.9999947562623842 0.17007484442386556 0.06577925134013185 -0.7519959525442204
FixedParameters: 0 0 0
#Transform 53
Transform: MatrixOffsetTransformBase_double_3_3
Parameters: 0.9999938432694259 -0.0009628804476017747 0.0034969095779968902 0.0009570053829666182 0.9999986863237578 0.0015553220449486252 -0.003498857250132867 -0.0015516759997472483 0.9999923302055259 0.15132368020793763 0.0616252035556073 -0.7101312941330704
FixedParameters: 0 0 0
#Transform 54
Transform: MatrixOffsetTransformBase_double_3_3
Parameters: 0.9999933368197007 -0.0005353755460340028 0.0036574060984215524 0.0005287244672720961 0.9999982529380147 0.001865904140290012 -0.0036583418082801853 -0.0018640953592126254 0.9999911274030042 0.15595252335786824 0.051148597543658525 -0.7061223900019868
FixedParameters: 0 0 0
#Transform 55
Transform: MatrixOffsetTransformBase_double_3_3
Parameters: 0.9999949028810102 -0.0003881869178460168 0.0033087069754246527 0.0003820328035372409 0.9999984898431944 0.0018362395169548842 -0.003309078855329481 -0.0018347606476638266 0.9999926748925516 0.16175541233249646 0.06388435550175586 -0.7069428087674368
FixedParameters: 0 0 0
#Transform 56
Transform: MatrixOffsetTransformBase_double_3_3
Parameters: 0.9999941602817749 -0.000662714049870803 0.003376302155477282 0.0006574686966738001 0.9999982951262903 0.0018131953706782833 -0.0033776454925672507 -0.0018108067462974378 0.9999922984389797 0.16095525604197292 0.0682031380685828 -0.7451236214632431
FixedParameters: 0 0 0
#Transform 57
Transform: MatrixOffsetTransformBase_double_3_3
Parameters: 0.9999919646168068 -0.0009704263109685721 0.003884842068732704 0.0009598842570005221 0.9999961218178591 0.002642701534007491 -0.0038878702838198312 -0.0026392969615692038 0.9999888929607438 0.15665110597899456 0.06387211311047736 -0.6767490513006038
FixedParameters: 0 0 0
#Transform 58
Transform: MatrixOffsetTransformBase_double_3_3
Parameters: 0.9999969679122207 -0.0009547540578135725 0.0024737151540324335 0.000949847172103989 0.9999978744185668 0.001799335582267728 -0.002476111736915443 -0.0017966635381576517 0.9999956278705562 0.18781313979158654 0.045812106751569104 -0.7924763326981363
FixedParameters: 0 0 0
#Transform 59
Transform: MatrixOffsetTransformBase_double_3_3
Parameters: 0.9999908382943408 -0.0012948026192343277 0.004060445284494158 0.0012859704764063915 0.9999970872896445 0.0020721910547417555 -0.004062730446352705 -0.00206680620421441 0.9999891853019937 0.16337650282466143 0.04415612812353231 -0.8434998240128522
FixedParameters: 0 0 0
#Transform 60
Transform: MatrixOffsetTransformBase_double_3_3
Parameters: 0.9999959016370027 -0.001410832792104909 0.002666007486455805 0.0014044867095687613 0.9999967103929365 0.0023117413844372624 -0.0026694690811373185 -0.0023082583602635747 0.9999935190061793 0.2096018294533053 -0.031622810983265026 -0.7783523686511558
FixedParameters: 0 0 0
#Transform 61
Transform: MatrixOffsetTransformBase_double_3_3
Parameters: 0.9999956706825267 -0.0016350166600822798 0.002580182640258048 0.0016311049790109565 0.9999970318397114 0.0015301949841196342 -0.002582147069099347 -0.0015268059680441735 0.9999959662038961 0.22777093099547585 0.03220021532487749 -0.7405741791675453
FixedParameters: 0 0 0
#Transform 62
Transform: MatrixOffsetTransformBase_double_3_3
Parameters: 0.9999945108838746 -0.0016369061517583464 0.002794128894135454 0.0016332031526623523 0.9999969397326645 0.0015565497728383402 -0.00279717580611436 -0.001551449143397927 0.9999947413056807 0.2202363761106625 0.04887493399458265 -0.8133747388848462
FixedParameters: 0 0 0
#Transform 63
Transform: MatrixOffsetTransformBase_double_3_3
Parameters: 0.9999912019520446 -0.0016453307525097524 0.003753992009428707 0.001639180551624794 0.9999977368768315 0.0016181324391592328 -0.0037562547076793523 -0.0016118678555224978 0.999991248599584 0.1952592459070388 0.04408416461576792 -0.7133747510531805
FixedParameters: 0 0 0
#Transform 64
Transform: MatrixOffsetTransformBase_double_3_3
Parameters: 0.9999926172793299 -0.0016464638136428635 0.00355971281399602 0.001638346923293653 0.9999955893922565 0.0024018148329350546 -0.0035635303814928613 -0.002396184748185132 0.9999905174252833 0.2146327437095863 0.049530162987366566 -0.7091839750443896
FixedParameters: 0 0 0
#Transform 65
Transform: MatrixOffsetTransformBase_double_3_3
Parameters: 0.9999892444065088 -0.0019965070831429003 0.004094878072094058 0.001989790673006181 0.9999962965787131 0.0016751166220638951 -0.004098492412264077 -0.0016678827778895964 0.9999903599718168 0.22578436852145956 0.04732616596918149 -0.8392485778278598
FixedParameters: 0 0 0
#Transform 66
Transform: MatrixOffsetTransformBase_double_3_3
Parameters: 0.9999946362422744 -0.0017136867074429034 0.002725168953720849 0.0017044875000292651 0.999992779829074 0.0035136511800294484 -0.0027311005710434215 -0.003508353420100939 0.9999902020155308 0.2232000387021742 -0.0151127496383765 -0.7742256858796566
FixedParameters: 0 0 0
#Transform 67
Transform: MatrixOffsetTransformBase_double_3_3
Parameters: 0.9999940290810213 -0.001358994517630847 0.0030205575911763966 0.001352265068250195 0.9999960465374563 0.00227006789348782 -0.00302365795907367 -0.0022659295939353357 0.999992694859825 0.21598565431764882 0.012198150201996327 -0.8705048012110197
FixedParameters: 0 0 0
#Transform 68
Transform: MatrixOffsetTransformBase_double_3_3
Parameters: 0.9999940994855349 -0.0018603594629740226 0.0027272094565521125 0.0018558333348696846 0.9999971504206351 0.0015620562268768299 -0.0027309770031777106 -0.0015569417868533967 0.9999950849710924 0.20639893068087645 0.03955296145463194 -0.8248784881065632
FixedParameters: 0 0 0
#Transform 69
Transform: MatrixOffsetTransformBase_double_3_3
Parameters: 0.9999893704642854 -0.0022683725676546974 0.004059796507457997 0.002258466141460301 0.9999949594626144 0.002450161442100072 -0.004065797276533388 -0.0024408386241608166 0.999988449978777 0.19312823343284435 -0.011827095607301885 -0.7780237609072245
FixedParameters: 0 0 0
#Transform 70
Transform: MatrixOffsetTransformBase_double_3_3
Parameters: 0.9999933734774648 -0.0018090414809734672 0.003058745653174478 0.0018037701396297033 0.9999974872968797 0.0015145067444653128 -0.003061178588230808 -0.0015084930310817393 0.9999943168994996 0.23101845747629568 0.039116781959066316 -0.7350845922781843
FixedParameters: 0 0 0
#Transform 71
Transform: MatrixOffsetTransformBase_double_3_3
Parameters: 0.9999931854769337 -0.002276024028262301 0.002763386052552051 0.0022706966211370563 0.9999960532795132 0.001684278571782316 -0.002767003563623275 -0.0016787192312498391 0.9999944772946842 0.25641381932429397 0.03876774377629033 -0.8411744698984691
FixedParameters: 0 0 0
#Transform 72
Transform: MatrixOffsetTransformBase_double_3_3
Parameters: 0.99999384339441 -0.0025660263714004355 0.0025631372390139476 0.002562912905957996 0.9999949816166764 0.0015795726993285816 -0.0025671856753848744 -0.0015724294711613037 0.9999958942032912 0.24635954343865762 0.049249831913897424 -0.7657665496825388
FixedParameters: 0 0 0
#Transform 73
Transform: MatrixOffsetTransformBase_double_3_3
Parameters: 0.9999927988470279 -0.002181287829110775 0.0032317489984174546 0.002175964353386265 0.9999962332946598 0.0014420215646626265 -0.0032349890772249857 -0.0014349741032758058 0.999993426976297 0.22298183090137513 0.04601928274128397 -0.7176470916324647
FixedParameters: 0 0 0
#Transform 74
Transform: MatrixOffsetTransformBase_double_3_3
Parameters: 0.9999898834830716 -0.0023849040423232354 0.0037981520189005803 0.0023802696075526514 0.9999964360507017 0.001401027220718735 -0.0038017648091499363 -0.0013919746298745083 0.9999915469838941 0.23499939113247592 0.0508867290176056 -0.8699669666423233
FixedParameters: 0 0 0
#Transform 75
Transform: MatrixOffsetTransformBase_double_3_3
Parameters: 0.9999905737259 -0.0024740675085229854 0.0035082963072124874 0.0024670687088334644 0.9999955496587946 0.001850652450534735 -0.003512378399094362 -0.0018423483136563645 0.9999922049040902 0.24475402696310766 0.03208198479819657 -0.8243311242614197
FixedParameters: 0 0 0
#Transform 76
Transform: MatrixOffsetTransformBase_double_3_3
Parameters: 0.9999925322641007 -0.002689975284679652 0.0028687874688261756 0.0026852479151534317 0.9999949798768405 0.0016927106001227406 -0.002873831454563923 -0.001685289791344093 0.9999948469185972 0.2505108455346914 0.05284791322822002 -0.7406160844163452
FixedParameters: 0 0 0
#Transform 77
Transform: MatrixOffsetTransformBase_double_3_3
Parameters: 0.9999894860530881 -0.0023570732775077038 0.00399493506487265 0.0023488535287141546 0.9999954279769958 0.0020293711698189387 -0.003999406546991147 -0.0020196295928769604 0.9999898608216281 0.20238467507131475 0.06292275183749041 -0.764007439875428
FixedParameters: 0 0 0
#Transform 78
Transform: MatrixOffsetTransformBase_double_3_3
Parameters: 0.9999921438277535 -0.002293150425581463 0.0030975338883426494 0.0022902285017905558 0.9999965549851871 0.0011180880030932441 -0.003100614209963699 -0.0011109109458122164 0.9999941046133216 0.22114756779431843 0.07166921257909564 -0.816366738274418
FixedParameters: 0 0 0
#Transform 79
Transform: MatrixOffsetTransformBase_double_3_3
Parameters: 0.9999922416994179 -0.002383472867725646 0.0030127960671748957 0.0023807216649146708 0.9999961279733556 0.0011201665800309058 -0.003015087464848515 -0.001112834750064031 0.9999946205701852 0.2213714626880261 0.07824253696817607 -0.7978561593974334
FixedParameters: 0 0 0
#Transform 80
Transform: MatrixOffsetTransformBase_double_3_3
Parameters: 0.9999925927417898 -0.0025296800362999794 0.0028300083969081897 0.002524981647932113 0.99999582410195 0.0013591488161549788 -0.002833839146336051 -0.0013518476146055468 0.9999950938692277 0.2146610291944171 0.04620995143000073 -0.7629056734861521
FixedParameters: 0 0 0
#Transform 81
Transform: MatrixOffsetTransformBase_double_3_3
Parameters: 0.9999896858507089 -0.0023946788535409978 0.0038182399737419965 0.0023847920076113965 0.9999936103400247 0.0026010979243228866 -0.003824580291800784 -0.002591902412830433 0.9999895917941788 0.1913208938316444 0.049599562409952114 -0.7416552163575503
FixedParameters: 0 0 0
#Transform 82
Transform: MatrixOffsetTransformBase_double_3_3
Parameters: 0.9999940995078274 -0.0022087086926520045 0.0028319045200597033 0.002203972063068619 0.9999962362207483 0.0017172398889290464 -0.002836433053444887 -0.0017107609043928093 0.9999949876704205 0.19924474053516406 0.05446499352441947 -0.8415245540596601
FixedParameters: 0 0 0
#Transform 83
Transform: MatrixOffsetTransformBase_double_3_3
Parameters: 0.9999956068743842 -0.0018057863362710908 0.002476545621858053 0.001799909975168839 0.9999959951390561 0.0021904600454299454 -0.002480401902491284 -0.002186536867014515 0.999994032643929 0.1994894149984674 0.07234691864923093 -0.9108687222985452
FixedParameters: 0 0 0
#Transform 84
Transform: MatrixOffsetTransformBase_double_3_3
Parameters: 0.9999913266549578 -0.002296897235195482 0.003376184456745122 0.0022893882784039824 0.9999952092767928 0.002145726895241986 -0.003380959586064529 -0.0021382728213426077 0.9999919410019469 0.150794708397342 0.031438508072838545 -0.8702748165945451
FixedParameters: 0 0 0
#Transform 85
Transform: MatrixOffsetTransformBase_double_3_3
Parameters: 0.9999812844348929 -0.003064584339152376 0.005227666031417388 0.0030506015269132444 0.9999916352013736 0.0026769333015588892 -0.005234887074687951 -0.002660066891763877 0.9999824072928145 0.10672328988538027 -0.05906749977305026 -0.9854908338421211
FixedParameters: 0 0 0
#Transform 86
Transform: MatrixOffsetTransformBase_double_3_3
Parameters: 0.9999824917465016 -0.002445468752731354 0.005433571088930144 0.002433560799502961 0.9999949073332687 0.0022941828250463217 -0.005439641355193892 -0.00228082348810593 0.9999831189801565 0.1115771514697883 -0.056720367225835844 -0.9733345991102738
FixedParameters: 0 0 0
#Transform 87
Transform: MatrixOffsetTransformBase_double_3_3
Parameters: 0.9999782285920488 -0.002499423971992256 0.006043360939060467 0.00248113295634671 0.9999929247515706 0.0030039565426930436 -0.0060511598816721645 -0.0029890453963144995 0.9999773455779726 0.10617709950599874 -0.03854243715672112 -0.9555935179863155
FixedParameters: 0 0 0
#Transform 88
Transform: MatrixOffsetTransformBase_double_3_3
Parameters: 0.9999821271076383 -0.0025856039902261052 0.005402877932849877 0.0025789790421664647 0.9999958474031833 0.0012648798365977624 -0.005405326270258952 -0.0012511218614314349 0.9999841145449391 0.10737148944284058 0.031014605900551828 -0.9858239766726768
FixedParameters: 0 0 0
#Transform 89
Transform: MatrixOffsetTransformBase_double_3_3
Parameters: 0.999977773778757 -0.0028674742699109123 0.006000669244452601 0.0028574765307921393 0.9999944306525989 0.0015880840291857068 -0.006004649197939929 -0.0015709124999318284 0.9999803534330447 0.10007045853222962 0.0038004230978572195 -0.955177306862879
FixedParameters: 0 0 0
#Transform 90
Transform: MatrixOffsetTransformBase_double_3_3
Parameters: 0.9999834433979163 -0.0026949243140775604 0.005029659328591669 0.002683469354686872 0.9999943330491802 0.0021344699041949593 -0.005035032301552311 -0.002120528097039007 0.9999850577566158 0.11157847223152828 -0.035440434301122536 -0.9665660531803582
FixedParameters: 0 0 0
#Transform 91
Transform: MatrixOffsetTransformBase_double_3_3
Parameters: 0.9999807258855081 -0.002505833468929559 0.005743813086924644 0.002491533268054426 0.999994228442471 0.0023792669229900703 -0.005750576332134538 -0.0023647258997526377 0.9999802445658404 0.10177633805379571 -0.021361895968937006 -0.926720220247617
FixedParameters: 0 0 0
#Transform 92
Transform: MatrixOffsetTransformBase_double_3_3
Parameters: 0.9999847934665493 -0.0027545624387459795 0.00485967944194812 0.0027474622569063395 0.9999951274806158 0.0015563208889367193 -0.004864151898329106 -0.001543680639033495 0.9999868609433313 0.09500685542442966 0.03261564922777893 -0.8557630905587814
FixedParameters: 0 0 0
#Transform 93
Transform: MatrixOffsetTransformBase_double_3_3
Parameters: 0.999981673322938 -0.0026105521463122726 0.005523470592322484 0.0025967421717750937 0.999993009102145 0.0025193000371780813 -0.005530453871391403 -0.002504699351145484 0.9999820437969819 0.11947109524695065 -0.017731745188143577 -1.0065342455128032
FixedParameters: 0 0 0
#Transform 94
Transform: MatrixOffsetTransformBase_double_3_3
Parameters: 0.9999811417795808 -0.002697098401982437 0.005530372465213101 0.002684294220064124 0.9999938589230856 0.0022448047396274005 -0.0055363298279205355 -0.002230193376954101 0.9999822699409495 0.11098930502923565 -0.03295803239629436 -0.9759637248332282
FixedParameters: 0 0 0
#Transform 95
Transform: MatrixOffsetTransformBase_double_3_3
Parameters: 0.9999787950049525 -0.002957722008585897 0.005870259727840542 0.0029434327753577413 0.9999922206348846 0.0024972362557351526 -0.005876840415514005 -0.0024797689339749697 0.9999801889399471 0.08851451831905877 -0.04095329937030101 -0.9231323618992917
FixedParameters: 0 0 0
#Transform 96
Transform: MatrixOffsetTransformBase_double_3_3
Parameters: 0.9999778329648394 -0.002903445859225975 0.006061284594057688 0.0028893725750697807 0.9999933915946465 0.0023194689567916267 -0.006067571503102514 -0.0023015322062588375 0.9999787644121866 0.09706934627544683 -0.043244256519471946 -0.9741421603708247
FixedParameters: 0 0 0
#Transform 97
Transform: MatrixOffsetTransformBase_double_3_3
Parameters: 0.9999779934580275 -0.0027801083309743077 0.005939430338496299 0.002767999028304799 0.9999946544376279 0.001949386762916781 -0.005945125439184995 -0.0019336118028550238 0.9999808000907879 0.10038878065277856 -0.02606560833949345 -0.9975136469890487
FixedParameters: 0 0 0
#Transform 98
Transform: MatrixOffsetTransformBase_double_3_3
Parameters: 0.9999782902551473 -0.002711072323254891 0.0059467536744481474 0.002696130691324351 0.9999929076244016 0.0024359807090370156 -0.005952784956677585 -0.0024200165700724576 0.9999795921262619 0.09048111070219989 -0.035447071212033165 -0.9732648271007491
FixedParameters: 0 0 0
#Transform 99
Transform: MatrixOffsetTransformBase_double_3_3
Parameters: 0.9999788410538887 -0.002828710615893454 0.005844310037400558 0.0028160738650670745 0.9999933637836446 0.002196407687932624 -0.0058505731842722454 -0.0021805935803801534 0.9999808980909862 0.08661836317942573 -0.02956538202792558 -0.9333473426684762
FixedParameters: 0 0 0
#Transform 100
Transform: MatrixOffsetTransformBase_double_3_3
Parameters: 0.9999805470256502 -0.0026028703089201726 0.005628398000282865 0.0025888916507199444 0.9999937693631334 0.0025755382438001967 -0.005634628643821807 -0.0025614665331015612 0.9999805831175008 0.09673692666173395 -0.022907460529083323 -1.0011850859570615
FixedParameters: 0 0 0
#Transform 101
Transform: MatrixOffsetTransformBase_double_3_3
Parameters: 0.9999838384154899 -0.0028821977177249467 0.004884185519324538 0.002872177221569571 0.9999936418692111 0.002051005535849807 -0.004889877903337696 -0.002036993796029305 0.9999858405997598 0.10511673021999002 0.019980322070964007 -0.9563928911422934
FixedParameters: 0 0 0
#Transform 102
Transform: MatrixOffsetTransformBase_double_3_3
Parameters: 0.999982602948605 -0.002833376056611154 0.005231562548173929 0.0028208588492614588 0.9999931954145386 0.002439732526963695 -0.005238226031434375 -0.0024252710816630727 0.9999835732906018 0.1005607403144495 -0.035591486225811764 -0.9327820448455739
FixedParameters: 0 0 0
#Transform 103
Transform: MatrixOffsetTransformBase_double_3_3
Parameters: 0.9999796640725337 -0.0027989234644435826 0.005788237984026686 0.002786072495087677 0.9999929595823862 0.0023220774303065028 -0.005794064255208846 -0.0023059274247288243 0.9999809951622071 0.07652790658336528 -0.029350389555816037 -0.9404863799807472
FixedParameters: 0 0 0
#Transform 104
Transform: MatrixOffsetTransformBase_double_3_3
Parameters: 0.9999771762097158 -0.0029446256254966594 0.006012591654708057 0.002930512064542738 0.9999926552177466 0.00242457681871885 -0.006019678691794173 -0.0024064245339760863 0.9999788515603888 0.07889227847201141 -0.014356055399758816 -1.0059743808547026
FixedParameters: 0 0 0
#Transform 105
Transform: MatrixOffsetTransformBase_double_3_3
Parameters: 0.9999806136057517 -0.0025649766004430447 0.00563953531910409 0.0025539251303910017 0.9999950767064358 0.0018703494034960494 -0.005645002217626769 -0.0018556470145774618 0.9999825952954162 0.07960673200085466 -0.00516324321773709 -0.9694372777937872
FixedParameters: 0 0 0
#Transform 106
Transform: MatrixOffsetTransformBase_double_3_3
Parameters: 0.9999828306040957 -0.0026120498524767263 0.005324263370024497 0.0025984681101811277 0.9999936337026906 0.002590806273972677 -0.005330629922450615 -0.00257719947628076 0.9999828426349765 0.0870088749889959 -0.0240768895858281 -1.0566246526384617
FixedParameters: 0 0 0
#Transform 107
Transform: MatrixOffsetTransformBase_double_3_3
Parameters: 0.999983380957811 -0.002934525211385572 0.0050005639994141595 0.002924482445207981 0.9999931193382563 0.0021055969082783375 -0.005006782598520043 -0.0020914042781241633 0.9999854541290972 0.1058777300843019 -0.04732341343712676 -0.9571386211790909
FixedParameters: 0 0 0
#Transform 108
Transform: MatrixOffsetTransformBase_double_3_3
Parameters: 0.9999799687352171 -0.003159004706584568 0.005389997469277901 0.003146452078700119 0.9999920195890036 0.002279933361092162 -0.005397236867997376 -0.0022630617019893965 0.9999826296189084 0.07483277496380936 -0.03921732618380247 -0.9032892984583114
FixedParameters: 0 0 0
#Transform 109
Transform: MatrixOffsetTransformBase_double_3_3
Parameters: 0.9999802897049233 -0.003255328861898309 0.0053961860297200214 0.0032392326662964944 0.9999903228541454 0.0028814674241295904 -0.005404737406872187 -0.0028635313361998517 0.9999814641441312 0.10007068312435763 -0.03300889151223885 -0.9718746600165815
FixedParameters: 0 0 0
#Transform 110
Transform: MatrixOffsetTransformBase_double_3_3
Parameters: 0.9999777041737462 -0.003218925539188473 0.005824980888524502 0.003204615935332405 0.9999919347904839 0.002433637776153629 -0.005833454184330031 -0.0024143588535241447 0.9999800176921686 0.08877114211200876 -0.032666935279678455 -0.9575782222873599
FixedParameters: 0 0 0
#Transform 111
Transform: MatrixOffsetTransformBase_double_3_3
Parameters: 0.9999827453473642 -0.002913031946116425 0.005174351938753887 0.002902390198225775 0.9999940598274548 0.0019009889470425088 -0.005179297952411429 -0.0018850075197646577 0.9999845185593923 0.08362699769763537 0.024532864781591 -0.8923052715150206
FixedParameters: 0 0 0
#Transform 112
Transform: MatrixOffsetTransformBase_double_3_3
Parameters: 0.9999856359770436 -0.0030767194241181853 0.004347161035993502 0.003068173279444429 0.9999931380624917 0.0021323344950722562 -0.004353155550241358 -0.0021196714794509243 0.9999884580757941 0.09209627056880265 -0.003336256530175774 -0.8660914650752716
FixedParameters: 0 0 0
#Transform 113
Transform: MatrixOffsetTransformBase_double_3_3
Parameters: 0.9999846916806561 -0.0028320922766663197 0.004720588028593954 0.00282399039714 0.9999941981293247 0.00170830148653639 -0.004726156182979743 -0.0016946959001359896 0.9999877033034413 0.06700461374001065 0.04004890382802273 -0.8839939897188884
FixedParameters: 0 0 0
#Transform 114
Transform: MatrixOffsetTransformBase_double_3_3
Parameters: 0.9999809993237465 -0.002751879949496629 0.0055164475502872306 0.0027363255287113923 0.9999919436275756 0.002770062645748868 -0.005523504364763232 -0.002754933615513289 0.9999807927201295 0.07854276476957978 0.010662424078006438 -0.9493216349210556
FixedParameters: 0 0 0
#Transform 115
Transform: MatrixOffsetTransformBase_double_3_3
