#Insight Transform File V1.0
#Transform 0
Transform: MatrixOffsetTransformBase_double_3_3
Parameters: 0.9999964706808236 0.0005021221784209383 0.002697666853039717 -0.0004922232941148747 0.9999931335036365 -0.0036903613478629707 -0.0026994053711867686 0.003688636071795458 0.9999891122225275 0.2727506457095359 -0.11975789905865497 -0.34605612613258785
FixedParameters: 0 0 0
#Transform 1
Transform: MatrixOffsetTransformBase_double_3_3
Parameters: 0.9999978263206417 0.0004116442777083418 0.002001317199812788 -0.0004034255992023796 0.9999923527517512 -0.003804827199150513 -0.002002467061093184 0.003804167488495662 0.9999905250138101 0.2983267618767087 -0.11561536252879989 -0.3465576477978942
FixedParameters: 0 0 0
#Transform 2
Transform: MatrixOffsetTransformBase_double_3_3
Parameters: 0.9999975116884928 0.00044970240872672755 0.002299044131498182 -0.00043920255390232535 0.9999889258116563 -0.004677045377509629 -0.0023012779689508015 0.004675958755033821 0.9999868462539723 0.2806853037025263 -0.0191617830233497 -0.27630758045551573
FixedParameters: 0 0 0
#Transform 3
Transform: MatrixOffsetTransformBase_double_3_3
Parameters: 0.9999974049251318 0.0003351175678478434 0.0021170995889709552 -0.0003273250197806223 0.9999929774254189 -0.003730714728365314 -0.002118626390383707 0.003729283831661834 0.999990601576551 0.2901477974817226 -0.05810994983883688 -0.3840682090409331
FixedParameters: 0 0 0
#Transform 4
Transform: MatrixOffsetTransformBase_double_3_3
Parameters: 0.9999956252333747 0.0005944566417936475 0.0028322322647318203 -0.000585014925684824 0.9999950302924755 -0.003257692246343323 -0.0028341366997727976 0.003256308489248496 0.9999903787401743 0.2503535023191432 -0.13487121390609502 -0.3830735960920606
FixedParameters: 0 0 0
#Transform 5
Transform: MatrixOffsetTransformBase_double_3_3
Parameters: 0.9999952297505205 0.0006681451181446442 0.0028855328123743914 -0.0006585901749964823 0.999994190607585 -0.0032189401387698272 -0.0028868651673586232 0.00321705485543791 0.9999903280121447 0.2601339144997894 -0.13459898321217167 -0.41354585642824304
FixedParameters: 0 0 0
#Transform 6
Transform: MatrixOffsetTransformBase_double_3_3
Parameters: 0.9999975644016523 0.00043055274928892047 0.0020613577180760537 -0.0004216677263121426 0.9999929697060697 -0.003852895386417186 -0.002063689811744362 0.003852109627967261 0.9999909110211082 0.29734627343330544 -0.16226583138623596 -0.4585416950580594
FixedParameters: 0 0 0
#Transform 7
Transform: MatrixOffsetTransformBase_double_3_3
Parameters: 0.9999973553716295 0.00029106050990062926 0.0023578676737928874 -0.00028102184364076343 0.9999916098519823 -0.004037694500067449 -0.002359240324617218 0.004037303220994134 0.999989142537525 0.29971278089750797 -0.16017164988494415 -0.4477075783000828
FixedParameters: 0 0 0
#Transform 8
Transform: MatrixOffsetTransformBase_double_3_3
Parameters: 0.9999969772074776 0.00043065971915467235 0.0024161377005006133 -0.0004196137602635014 0.9999908331636368 -0.004357041017276457 -0.0024179117997802715 0.004355957850256158 0.9999871856273505 0.30250508066464477 -0.11251038128047242 -0.39750651036327866
FixedParameters: 0 0 0
#Transform 9
Transform: MatrixOffsetTransformBase_double_3_3
Parameters: 0.9999955790459834 0.0006013421796995236 0.0030095401737970044 -0.0005876400644043028 0.9999899545792098 -0.004436815723302935 -0.0030129053460987583 0.004435179358686228 0.9999852680103375 0.2756105110937881 -0.12726090925011135 -0.45987363977870643
FixedParameters: 0 0 0
#Transform 10
Transform: MatrixOffsetTransformBase_double_3_3
Parameters: 0.9999945952187279 0.00042765599414223255 0.0031972617798809223 -0.00041471116458066844 0.999991344341377 -0.004059379278332464 -0.0031987713558045998 0.0040576154456449295 0.9999863078331901 0.2528904659535698 -0.16334228105533555 -0.438865609731657
FixedParameters: 0 0 0
#Transform 11
Transform: MatrixOffsetTransformBase_double_3_3
Parameters: 0.999993382762777 0.0005309766700336872 0.0036517674888393633 -0.0005170474817493281 0.9999931103099947 -0.0036889537256574014 -0.0036537234314728694 0.00368704156541029 0.9999860695972185 0.2537876968728341 -0.15653872804494995 -0.43427803929574793
FixedParameters: 0 0 0
#Transform 12
Transform: MatrixOffsetTransformBase_double_3_3
Parameters: 0.9999976727667591 0.00017911686034626433 0.0020726064730046787 -0.00017195292372639806 0.9999935702950148 -0.003659379945240843 -0.002072947089006948 0.0036596242336738704 0.9999913184575676 0.3011492940389786 -0.15341928367567448 -0.473703142919625
FixedParameters: 0 0 0
#Transform 13
Transform: MatrixOffsetTransformBase_double_3_3
Parameters: 0.9999949378452507 0.0004302298797572668 0.0031424922433711433 -0.00041889533447682365 0.9999931855815027 -0.0035543668721892538 -0.00314458645025752 0.0035526276839226165 0.9999884974156484 0.27090169019379573 -0.1541162864744905 -0.4228825987934215
FixedParameters: 0 0 0
#Transform 14
Transform: MatrixOffsetTransformBase_double_3_3
Parameters: 0.9999945899948219 0.0002192608015150994 0.0033708545268527216 -0.00020868238852950427 0.9999946978662968 -0.003201763784279596 -0.0033713014101383167 0.0032012372789128165 0.9999893928096153 0.25869263207873416 -0.11846536907540894 -0.38161359071237655
FixedParameters: 0 0 0
#Transform 15
Transform: MatrixOffsetTransformBase_double_3_3
Parameters: 0.9999960600572442 0.0002876200164447544 0.0028030837932139143 -0.0002782494736808795 0.9999941711119583 -0.003277818609212402 -0.002804001293542595 0.0032771762163024496 0.9999904048496756 0.28406579522679465 -0.1475117440654259 -0.45394934288593447
FixedParameters: 0 0 0
#Transform 16
Transform: MatrixOffsetTransformBase_double_3_3
Parameters: 0.9999971313925053 -0.00009205156607162611 0.0022047168149801825 0.00010073018564398569 0.9999926796931492 -0.003782809033097712 -0.002204043365018672 0.003783192114783899 0.9999908293797951 0.29861360526466285 -0.1548861519498672 -0.46078371074970903
FixedParameters: 0 0 0
#Transform 17
Transform: MatrixOffsetTransformBase_double_3_3
Parameters: 0.9999966916686722 0.00004196019027483598 0.0025112071656756864 -0.000035978900673761084 0.9999963119875108 -0.0025841173386272334 -0.002511457466516524 0.002584879624440284 0.9999930203658363 0.2812024987313464 -0.19952358910481394 -0.42019487990940263
FixedParameters: 0 0 0
#Transform 18
Transform: MatrixOffsetTransformBase_double_3_3
Parameters: 0.9999941027523429 0.0004169973506674859 0.0034238597793301165 -0.0004082070870509448 0.999997070783705 -0.0025994488382847444 -0.0034250669408412704 0.0025975530313462353 0.9999905274967685 0.25779847582852256 -0.16411164578789794 -0.387091287627662
FixedParameters: 0 0 0
#Transform 19
Transform: MatrixOffsetTransformBase_double_3_3
Parameters: 0.9999948022349532 0.00035454360267281077 0.0033274634707243997 -0.0003440081394547685 0.9999952442022401 -0.00293620245472306 -0.0033285772800733214 0.002935793684570108 0.9999903177669305 0.2598642132166873 -0.16300800246101232 -0.40998062686360726
FixedParameters: 0 0 0
#Transform 20
Transform: MatrixOffsetTransformBase_double_3_3
Parameters: 0.9999959345527759 -0.0002017163935757337 0.0026502052371294867 0.00020929844369077215 0.9999953301258102 -0.0029384830799680673 -0.002650053294329128 0.002938516572578641 0.9999923347956858 0.28099262876882847 -0.17318660301006616 -0.4686978322613413
FixedParameters: 0 0 0
#Transform 21
Transform: MatrixOffsetTransformBase_double_3_3
Parameters: 0.9999929647579472 -0.00010040298573539213 0.003744618137871352 0.00011189078053720494 0.9999957636087721 -0.00286764930628156 -0.003745079065718252 0.0028683465812724017 0.9999887502214914 0.2417568101338219 -0.19663594742132773 -0.431211662982804
FixedParameters: 0 0 0
#Transform 22
Transform: MatrixOffsetTransformBase_double_3_3
Parameters: 0.9999940912624483 -0.00009591589258955139 0.0034497130978869525 0.00010924884836689378 0.999992420190534 -0.0038166857354147007 -0.0034490207315065443 0.003817309659086606 0.9999865319187781 0.26317906956276715 -0.17217115547215656 -0.431338848293926
FixedParameters: 0 0 0
#Transform 23
Transform: MatrixOffsetTransformBase_double_3_3
Parameters: 0.9999967492377967 -0.00009549750050038984 0.0026906479285112466 0.0001040804969600897 0.9999955037493562 -0.003079751720286971 -0.002691089054302515 0.0030802468715501003 0.999991272613471 0.2594977689603297 -0.14152206138740553 -0.45647430483524687
FixedParameters: 0 0 0
#Transform 24
Transform: MatrixOffsetTransformBase_double_3_3
Parameters: 0.9999934689444181 -0.00009989187507020381 0.0035386096303668016 0.00011051588281946008 0.9999962996589636 -0.0027726683106423433 -0.0035380889958559064 0.0027733290407628564 0.99998979015706 0.25958899495182663 -0.17423244638592905 -0.3857506354369846
FixedParameters: 0 0 0
#Transform 25
Transform: MatrixOffsetTransformBase_double_3_3
Parameters: 0.9999980483992594 -0.00037800102884748775 0.0019516578489368293 0.0003852566579911101 0.9999943319674228 -0.0033952704128022253 -0.0019501080601506137 0.0033957316182669983 0.9999926574953699 0.31340437442372604 -0.16405107281846654 -0.4925718933432748
FixedParameters: 0 0 0
#Transform 26
Transform: MatrixOffsetTransformBase_double_3_3
Parameters: 0.9999958730745965 -0.00009712515061691707 0.0030196357895924657 0.00010603632291838166 0.9999951927311181 -0.0029657271788052315 -0.003019096039231289 0.0029662707913298498 0.9999910859586604 0.2789373437480407 -0.1776458147046469 -0.46532352890708495
FixedParameters: 0 0 0
#Transform 27
Transform: MatrixOffsetTransformBase_double_3_3
Parameters: 0.9999943529017087 -0.00009721934625030987 0.003261659069131723 0.00010832071260784415 0.9999945244495347 -0.00323470648448756 -0.0032610639532004203 0.0032352930584183806 0.9999898978933642 0.2573261554602482 -0.16733558576268592 -0.39471596228994343
FixedParameters: 0 0 0
#Transform 28
Transform: MatrixOffsetTransformBase_double_3_3
Parameters: 0.9999963426528982 -0.00009610253131164505 0.0027656363370217583 0.00010451247630631716 0.999995187013072 -0.0029667483650844774 -0.0027650969581258134 0.0029672472944878786 0.9999915494024639 0.2847729679402562 -0.17180589466266838 -0.40801063628993717
FixedParameters: 0 0 0
#Transform 29
Transform: MatrixOffsetTransformBase_double_3_3
Parameters: 0.9999970316496974 -0.0006894024947599738 0.002547941975929656 0.000696196070144577 0.9999962345663448 -0.00250725381506281 -0.00254650802998682 0.0025097414697954146 0.9999932119092548 0.29330397725081525 -0.17929332822383515 -0.5124713078294576
FixedParameters: 0 0 0
#Transform 30
Transform: MatrixOffsetTransformBase_double_3_3
Parameters: 0.9999959400443545 -0.0006381310995015295 0.002941397561098816 0.0006469596093034351 0.9999954274215539 -0.002858145637689838 -0.0029397792746741493 0.00285985495704859 0.9999921647888701 0.3019818656411388 -0.19705962917863928 -0.44879941568930093
FixedParameters: 0 0 0
#Transform 31
Transform: MatrixOffsetTransformBase_double_3_3
Parameters: 0.9999950528731999 -0.0005389933443096335 0.0029421863307155867 0.0005491025150837447 0.9999938586891151 -0.0035854306963180663 -0.0029403611444221026 0.003586575444761056 0.9999894752299754 0.2921870125675383 -0.1611525713217361 -0.3955941421498608
FixedParameters: 0 0 0
#Transform 32
Transform: MatrixOffsetTransformBase_double_3_3
Parameters: 0.9999976308309082 -0.0007695054786534265 0.002185678004049357 0.0007750371673313449 0.9999964691335433 -0.0026353279258445996 -0.0021836484174742065 0.0026366745093127832 0.9999942646561839 0.30895803701139357 -0.18377296100838691 -0.5117064851798432
FixedParameters: 0 0 0
#Transform 33
Transform: MatrixOffsetTransformBase_double_3_3
Parameters: 0.999994027441408 -0.0005593158942828068 0.003264746028560986 0.0005682850808272675 0.9999952590425648 -0.0029022026948659733 -0.003263541783734767 0.002904799692414953 0.9999909076860118 0.2883364771248864 -0.1796316285443993 -0.4468965178148139
FixedParameters: 0 0 0
#Transform 34
Transform: MatrixOffsetTransformBase_double_3_3
Parameters: 0.9999938453803131 -0.0004266218633914422 0.003460229258938507 0.00043570528570920276 0.9999962272596477 -0.0027565517882104425 -0.003458921601247429 0.002757451506823375 0.9999904159387225 0.30089941689313093 -0.16875856378996446 -0.41246192991158637
FixedParameters: 0 0 0
#Transform 35
Transform: MatrixOffsetTransformBase_double_3_3
Parameters: 0.9999973645197493 -0.0006698733602743894 0.0020461168179633626 0.0006747197170667786 0.9999965501443375 -0.0026476412211962437 -0.002044598165101995 0.0026483636701406616 0.9999947905139667 0.3231580419957538 -0.17074699932969395 -0.5078979990382138
FixedParameters: 0 0 0
#Transform 36
Transform: MatrixOffsetTransformBase_double_3_3
Parameters: 0.9999964405425072 -0.0008046095187290468 0.00262877719389065 0.0008121249513601303 0.9999956699021932 -0.002946898650811159 -0.0026270668211942887 0.002949105624023919 0.9999923891492056 0.3114293216159325 -0.18191182622381064 -0.4925852309223444
FixedParameters: 0 0 0
#Transform 37
Transform: MatrixOffsetTransformBase_double_3_3
Parameters: 0.9999945473929377 -0.000804735449943313 0.0032866665835662333 0.0008141841856577879 0.9999954965271618 -0.0028023732525284586 -0.0032851898713574146 0.0028056233156146066 0.9999903259677453 0.2802069538712857 -0.15556800788743885 -0.4274105784016271
FixedParameters: 0 0 0
#Transform 38
Transform: MatrixOffsetTransformBase_double_3_3
Parameters: 0.999996267695429 -0.0007339628521507375 0.0026820241286571555 0.0007425022012653418 0.9999950782356106 -0.0028940469316073737 -0.0026797978236177966 0.002896949472147298 0.9999924215628329 0.30100309345306187 -0.14962601684611343 -0.4799569341674683
FixedParameters: 0 0 0
#Transform 39
Transform: MatrixOffsetTransformBase_double_3_3
Parameters: 0.999996461257598 -0.0004400658498170665 0.002710385343728158 0.00044878489340296123 0.9999941265228759 -0.003267822334299943 -0.0027085429265372384 0.0032691749052682004 0.999990968462057 0.2890496139174843 -0.1853658961005067 -0.48715386835885965
FixedParameters: 0 0 0
#Transform 40
Transform: MatrixOffsetTransformBase_double_3_3
Parameters: 0.9999969254270673 -0.0002313176231743203 0.002454139174621036 0.00023894615606960906 0.9999948005922057 -0.0031844436299718094 -0.002452697223126704 0.0031855555060248805 0.9999918363055078 0.22631824873631956 -0.351521442517182 -0.9008211504749468
FixedParameters: 0 0 0
#Transform 41
Transform: MatrixOffsetTransformBase_double_3_3
Parameters: 0.9999921162564179 -0.0008377925273856557 0.0038964265576738885 0.0008486345265596293 0.9999961626291981 -0.0026717630588634824 -0.0038939876329269875 0.002675234639301854 0.9999886583466199 0.12994428829328797 -0.6030027707155057 -1.5241504426178665
FixedParameters: 0 0 0
#Transform 42
Transform: MatrixOffsetTransformBase_double_3_3
Parameters: 0.9999856731985325 -0.0019548518485984715 0.00495015759188397 0.001974306738048009 0.9999903432146363 -0.003977352478805575 -0.004942648971660557 0.003987649159422294 0.9999796090146902 0.1401077940713833 -0.6890924286262532 -1.3179047759454008
FixedParameters: 0 0 0
#Transform 43
Transform: MatrixOffsetTransformBase_double_3_3
Parameters: 0.99997321903022 -0.001885357283027043 0.007016022042394078 0.0019276147637069716 0.9999802618045779 -0.005925788643784431 -0.007004687054456306 0.00593919967832127 0.999957566634268 0.12265232221626832 -0.6511167040935959 -1.1594520713265197
FixedParameters: 0 0 0
#Transform 44
Transform: MatrixOffsetTransformBase_double_3_3
Parameters: 0.9999678888443274 -0.0022097860624968723 0.007696053849706693 0.0022496967890673616 0.9999842062305131 -0.005182039998709681 -0.007684185363075457 0.005198959414424759 0.9999567988098645 0.11419994791491206 -0.5953360103223844 -1.0411314192673657
FixedParameters: 0 0 0
#Transform 45
Transform: MatrixOffsetTransformBase_double_3_3
Parameters: 0.9999723663866924 -0.002348010378423127 0.0070083204732655485 0.002391863297904113 0.9999772330959602 -0.006258557087570393 -0.00699392419075137 0.006274436782152732 0.999955593441183 0.12344656067352844 -0.5516326217440621 -1.0949397852487337
FixedParameters: 0 0 0
#Transform 46
Transform: MatrixOffsetTransformBase_double_3_3
Parameters: 0.9999718932750642 -0.0024807104558100296 0.007067599710779735 0.0025199968792720888 0.9999814230745218 -0.00559850230082088 -0.007053836530879835 0.00561650614337536 0.9999595806643583 0.09757793061451991 -0.4807729748348777 -1.0295201289639238
FixedParameters: 0 0 0
#Transform 47
Transform: MatrixOffsetTransformBase_double_3_3
Parameters: 0.9999718754700213 -0.0027567386016839374 0.0069659448926679595 0.0027975445042458555 0.9999789574028674 -0.005860825391179326 -0.0069496235691403905 0.005880180410160417 0.9999589909317851 0.10139056087241727 -0.4676559463001695 -0.9778267151128901
FixedParameters: 0 0 0
#Transform 48
Transform: MatrixOffsetTransformBase_double_3_3
Parameters: 0.9999694133731556 -0.002635605746591276 0.007391872811303156 0.0026756302395945183 0.9999817963448984 -0.005401554613069863 -0.0073774093129916445 0.005421443839363986 0.9999580470415435 0.08482305972935933 -0.4594291843105509 -0.9728095297031061
FixedParameters: 0 0 0
#Transform 49
Transform: MatrixOffsetTransformBase_double_3_3
Parameters: 0.999970079526098 -0.0024156684274413464 0.007353831203635812 0.0024580418390585455 0.9999810728214226 -0.005658259737058475 -0.007340497168611535 0.0056757351547714815 0.999956775477857 0.10409721609178746 -0.4374559987044222 -0.9559559321696298
FixedParameters: 0 0 0
#Transform 50
Transform: MatrixOffsetTransformBase_double_3_3
Parameters: 0.9999655812022752 -0.0028588125440790076 0.007825614694213192 0.0029094785584826413 0.9999746636468744 -0.006483644681966959 -0.007807507097677889 0.006505359340339174 0.9999485581154881 0.10281671025781236 -0.4666455043458768 -1.0580422989984228
FixedParameters: 0 0 0
#Transform 51
Transform: MatrixOffsetTransformBase_double_3_3
Parameters: 0.9999613901745537 -0.003111941424941916 0.008180874544230197 0.0031662846297731534 0.9999734759886068 -0.00660854340807786 -0.008159678513750794 0.006634451334595941 0.999944223055815 0.08674091085040914 -0.5046542067900504 -1.03595343861371
FixedParameters: 0 0 0
#Transform 52
Transform: MatrixOffsetTransformBase_double_3_3
Parameters: 0.9999542133867002 -0.003508510104646988 0.008915084643945354 0.0035580006602558435 0.9999786131258631 -0.005562764207150436 -0.008895011508334333 0.005594236029742742 0.9999443590228869 0.07265654464838178 -0.5411886657343388 -1.0278530775830035
FixedParameters: 0 0 0
#Transform 53
Transform: MatrixOffsetTransformBase_double_3_3
Parameters: 0.9999594255944848 -0.003081692494051039 0.008489938189082948 0.0031348644007103683 0.999975691380748 -0.006297859640709767 -0.008470080833258793 0.006324147387781935 0.9999440743097665 0.10078363300549142 -0.5169624521486753 -1.0433454984140482
FixedParameters: 0 0 0
#Transform 54
Transform: MatrixOffsetTransformBase_double_3_3
Parameters: 0.9999622015655156 -0.002887492779147337 0.00821371981380775 0.0029381938311503577 0.9999763537415134 -0.006178307585726365 -0.008195010481380022 0.0062026884210534625 0.9999472010816213 0.09612253305414242 -0.5112566827375957 -0.9638480214566414
FixedParameters: 0 0 0
#Transform 55
Transform: MatrixOffsetTransformBase_double_3_3
Parameters: 0.9999652029919308 -0.003019108234396357 0.007789707913771811 0.0030616978542113865 0.9999800546035971 -0.005544525394288016 -0.00777322887915876 0.00556748345901413 0.9999544085136165 0.10309582443485965 -0.5222081767277444 -0.9989371669371323
FixedParameters: 0 0 0
#Transform 56
Transform: MatrixOffsetTransformBase_double_3_3
Parameters: 0.9999659743815826 -0.0035864910824048883 0.007427283830930423 0.003636217187810944 0.999970170805634 -0.006767375300884124 -0.0074026643180206434 0.0067936284646879595 0.9999498505695565 0.11320997323142024 -0.5180977571192926 -1.199613485523244
FixedParameters: 0 0 0
#Transform 57
Transform: MatrixOffsetTransformBase_double_3_3
Parameters: 0.9999649329845011 -0.0028325760115831527 0.00787715337089554 0.002887398211359923 0.9999714823842851 -0.007023692340875299 -0.007856302610202913 0.007046316342740208 0.9999444651305893 0.10525883431208172 -0.5281725618785202 -1.1469065818264
FixedParameters: 0 0 0
#Transform 58
Transform: MatrixOffsetTransformBase_double_3_3
Parameters: 0.9999551683322805 -0.0032423253577828107 0.008849608566679878 0.00330622672320217 0.9999690651601086 -0.007155296222556308 -0.008826093043848779 0.007184701440444714 0.9999352817839047 0.09763054829615214 -0.5220593108229679 -1.0810874343181425
FixedParameters: 0 0 0
#Transform 59
Transform: MatrixOffsetTransformBase_double_3_3
Parameters: 0.9999527553000839 -0.0034814234507358982 0.009062368882596206 0.0035480890065989926 0.9999664641407041 -0.007359431664694983 -0.009035987908646119 0.007391559739814957 0.9999314911793348 0.09194603210379171 -0.5169691807880099 -1.1708875781495536
FixedParameters: 0 0 0
#Transform 60
Transform: MatrixOffsetTransformBase_double_3_3
Parameters: 0.9999622142167172 -0.003201030149521569 0.008033573625790899 0.0032651118685816773 0.9999621508769886 -0.008084259324194754 -0.008007672306215735 0.008110749109183565 0.9999349196572295 0.10718507774906527 -0.4746188429038938 -1.0442204711205036
FixedParameters: 0 0 0
#Transform 61
Transform: MatrixOffsetTransformBase_double_3_3
Parameters: 0.9999592791273915 -0.002598390716207892 0.008600605153642662 0.0026676734790939747 0.999964506538269 -0.007971613695677313 -0.008579041530857777 0.007993377428155958 0.9999313274455921 0.12863231848398016 -0.49797434062736556 -1.185714484540135
FixedParameters: 0 0 0
#Transform 62
Transform: MatrixOffsetTransformBase_double_3_3
Parameters: 0.9999673445429675 -0.0026819884025427038 0.007580192634431481 0.0027438365756825528 0.9999630284300899 -0.008160637790449569 -0.007558291807837634 0.0081803614965229 0.9999377975918894 0.10801719166767043 -0.5396947043989542 -1.2936705571525096
FixedParameters: 0 0 0
#Transform 63
Transform: MatrixOffsetTransformBase_double_3_3
Parameters: 0.999954855541539 -0.0025473325813560608 0.009146133931085813 0.002618360241727962 0.9999663441711031 -0.007807666478172908 -0.009126241441715978 0.007831334678107678 0.9999272175756808 0.10071338283113107 -0.5504346710407901 -1.133398833615388
FixedParameters: 0 0 0
#Transform 64
Transform: MatrixOffsetTransformBase_double_3_3
Parameters: 0.9999598070401939 -0.0026651686749046104 0.008607299157839724 0.0027389876224342526 0.9999590955481173 -0.008577006045765603 -0.008584399845969684 0.008599988655621536 0.9999261811578329 0.11732821824686823 -0.516021604048646 -1.0604494147926289
FixedParameters: 0 0 0
#Transform 65
Transform: MatrixOffsetTransformBase_double_3_3
Parameters: 0.9999591237885203 -0.0030781971319693317 0.008508731549272584 0.0031535672194301766 0.9999563428766701 -0.008825742988428073 -0.008481169731222728 0.008852253348145819 0.9999245188516424 0.1250860808857226 -0.5266134449453688 -1.2223752079691366
FixedParameters: 0 0 0
#Transform 66
Transform: MatrixOffsetTransformBase_double_3_3
Parameters: 0.9999554118829805 -0.003590392479849675 0.008700279725278825 0.003669029504496029 0.9999529401330431 -0.008989687923162263 -0.0086674459917881 0.009021300664363305 0.9999212669112061 0.10423865663605625 -0.5116840251845645 -1.1645705481445319
FixedParameters: 0 0 0
#Transform 67
Transform: MatrixOffsetTransformBase_double_3_3
Parameters: 0.9999561710526169 -0.0026729782334155147 0.008926307581583462 0.002746635434008239 0.9999623207570766 -0.00820409664493921 -0.008904287423463005 0.008227901714270222 0.9999268397879045 0.10221737263108821 -0.48742902702682045 -1.113891896029564
FixedParameters: 0 0 0
#Transform 68
Transform: MatrixOffsetTransformBase_double_3_3
Parameters: 0.9999597017995292 -0.0031490127242295263 0.008389509827076723 0.003219085241344259 0.9999593136646729 -0.008396546721095082 -0.00836244710251768 0.008423457512569217 0.9999299265582599 0.0796141377995383 -0.4658685182300104 -1.0716553582448185
FixedParameters: 0 0 0
#Transform 69
Transform: MatrixOffsetTransformBase_double_3_3
Parameters: 0.9999540907392533 -0.0027972963958939018 0.009224261554046933 0.002872473115584467 0.99996285171049 -0.008129154246886868 -0.009200619521721872 0.008154846717649298 0.9999246494155564 0.07383201965673436 -0.4459277413560443 -1.0366755964525396
FixedParameters: 0 0 0
#Transform 70
Transform: MatrixOffsetTransformBase_double_3_3
Parameters: 0.9999585955353771 -0.003124876011132951 0.008581427442565164 0.0031959154999889397 0.9999597312058173 -0.008381144631679525 -0.008554874528702579 0.008407860015497665 0.999927923608239 0.08663894030097197 -0.44956144994773695 -1.0789084635290962
FixedParameters: 0 0 0
#Transform 71
Transform: MatrixOffsetTransformBase_double_3_3
Parameters: 0.999957699876192 -0.0032080775220789033 0.008602581243208111 0.003275023169194313 0.9999640650562406 -0.007772369941375483 -0.008577569162056785 0.0077996182194102525 0.9999323869276536 0.0846840693209856 -0.44106268933782644 -1.0568809111815582
FixedParameters: 0 0 0
#Transform 72
Transform: MatrixOffsetTransformBase_double_3_3
Parameters: 0.9999549148466977 -0.002964483591468779 0.009071809679737355 0.0030331700715022403 0.9999665943540859 -0.007576084585711207 -0.009048769982588039 0.007602913089497994 0.999930115207214 0.08473545227153068 -0.4487147186013516 -1.0612417534131922
FixedParameters: 0 0 0
#Transform 73
Transform: MatrixOffsetTransformBase_double_3_3
Parameters: 0.9999591589493138 -0.002868810757873812 0.00852112650799032 0.00294312864447771 0.999957913314434 -0.008751503930120594 -0.008495711621971713 0.008776511852881135 0.9999256240500839 0.10153650993008512 -0.4421564069487829 -1.1151422779998157
FixedParameters: 0 0 0
#Transform 74
Transform: MatrixOffsetTransformBase_double_3_3
Parameters: 0.9999554002657914 -0.0026368425390382233 0.009035608068773994 0.0027192832773771927 0.9999551470893352 -0.009090088069576669 -0.009011426427226299 0.009113906971988982 0.999917553311382 0.06785485873383834 -0.44126074156866935 -1.065894241797345
FixedParameters: 0 0 0
#Transform 75
Transform: MatrixOffsetTransformBase_double_3_3
Parameters: 0.9999524025740679 -0.0028408528871369616 0.009355374745936715 0.0029307284198134783 0.999950397415925 -0.009550323417212186 -0.0093277963505977 0.009576685750477326 0.9999110754515754 0.07975221005123956 -0.4813803442559532 -1.3169180481968752
FixedParameters: 0 0 0
#Transform 76
Transform: MatrixOffsetTransformBase_double_3_3
Parameters: 0.9999520963991585 -0.0028106741695082794 0.00932745279762442 0.002896515677536229 0.9999531402947869 -0.009254706022284898 -0.00930116288246513 0.009281310990072195 0.9999141565332743 0.06481262454440184 -0.5214910592899713 -1.2569206544780869
FixedParameters: 0 0 0
#Transform 77
Transform: MatrixOffsetTransformBase_double_3_3
Parameters: 0.9999537098627044 -0.002898508600580831 0.009158788023265838 0.002987316458522138 0.999949279519309 -0.00964235467931697 -0.009130565513354777 0.009669653122814563 0.9999119449465188 0.0749969536521462 -0.5357132797137041 -1.22652481201375
FixedParameters: 0 0 0
#Transform 78
Transform: MatrixOffsetTransformBase_double_3_3
Parameters: 0.9999531089415554 -0.003155719499059173 0.009161396764896928 0.003244134628032487 0.9999481749350692 -0.00961798051559589 -0.009130360935898947 0.00964700178502128 0.9999113554038095 0.05925320718407079 -0.5412244852521155 -1.303328549333095
FixedParameters: 0 0 0
#Transform 79
Transform: MatrixOffsetTransformBase_double_3_3
Parameters: 0.9999498767066443 -0.0035207493227066484 0.00936642213860263 0.0036169253297655283 0.9999411977697947 -0.01019489284392065 -0.009329190784531028 0.010229090519310861 0.9999040985600162 0.04910956739904293 -0.5279057315295717 -1.3128523385948085
FixedParameters: 0 0 0
#Transform 80
Transform: MatrixOffsetTransformBase_double_3_3
Parameters: 0.9999465994728552 -0.003153516432952427 0.009820837748013612 0.0032525463095055295 0.9999442157875588 -0.01007089228960445 -0.009788910027742763 0.010102108827161694 0.9999008981210432 0.04631552170614839 -0.5394707874362012 -1.2480611991901753
FixedParameters: 0 0 0
#Transform 81
Transform: MatrixOffsetTransformBase_double_3_3
Parameters: 0.9999478180896706 -0.003494960925637199 0.00964161800247929 0.003602567715218061 0.9999316050116095 -0.011120138936755588 -0.009602314383505034 0.01115386582970638 0.9998921332707782 0.04034711453398643 -0.5152665500587688 -1.3241725108875855
FixedParameters: 0 0 0
#Transform 82
Transform: MatrixOffsetTransformBase_double_3_3
Parameters: 0.9999474247730785 -0.0032902742483169414 0.009682498271036535 0.003387841485624487 0.9999429257725718 -0.01014002478907686 -0.009648362116407135 0.010171991695016747 0.999902199447908 0.026069749940091924 -0.5314867775976921 -1.308695706502995
FixedParameters: 0 0 0
#Transform 83
Transform: MatrixOffsetTransformBase_double_3_3
Parameters: 0.9999470642372266 -0.0030153210373664707 0.009840517980163721 0.003111021153527796 0.9999468840777962 -0.009779200802750083 -0.009811186957562855 0.009809788876545445 0.9999033061170077 0.028603582270307015 -0.548449328488303 -1.286233648996891
FixedParameters: 0 0 0
#Transform 84
Transform: MatrixOffsetTransformBase_double_3_3
Parameters: 0.9999480660264328 -0.0030888993554642964 0.009715227065789983 0.0031916805582767388 0.9999390682666245 -0.0105808310628242 -0.009682392753844258 0.010611164995390436 0.9998964352312921 0.02536478402041098 -0.5240324453571503 -1.3628810333150199
FixedParameters: 0 0 0
#Transform 85
Transform: MatrixOffsetTransformBase_double_3_3
Parameters: 0.9999445030334356 -0.003185247143956696 0.010067312062889166 0.0032972209187757356 0.9999328129289178 -0.011114748903939712 -0.010030932499711445 0.011147256698338237 0.9998878771361975 0.024088337840879603 -0.5317242828430864 -1.2656096441116063
FixedParameters: 0 0 0
#Transform 86
Transform: MatrixOffsetTransformBase_double_3_3
Parameters: 0.9999381197578856 -0.0031803343742917672 0.010618864869828135 0.0032968315846337217 0.9999337254937469 -0.010983022530902904 -0.010583424371603098 0.011017969344302886 0.9998833575951844 0.01886385357337872 -0.5204333802772112 -1.2691447912239369
FixedParameters: 0 0 0
#Transform 87
Transform: MatrixOffsetTransformBase_double_3_3
Parameters: 0.9999441331396597 -0.0032793551680805346 0.01000574536494513 0.003387252820501477 0.9999354894070007 -0.01082902012049763 -0.00996919861529229 0.010861981429334614 0.999891380535923 0.004820873494637112 -0.5199817823369273 -1.2932033359647406
FixedParameters: 0 0 0
#Transform 88
Transform: MatrixOffsetTransformBase_double_3_3
Parameters: 0.9999423932823138 -0.0030195133559817117 0.010319345097531426 0.003129489542070879 0.999938001358212 -0.010696669228429722 -0.010286244232750033 0.010728343642317853 0.9998898632546109 0.004988012215378035 -0.52085325616261 -1.2696420180785282
FixedParameters: 0 0 0
#Transform 89
Transform: MatrixOffsetTransformBase_double_3_3
Parameters: 0.9999447854604453 -0.0031239685134445204 0.010022722898159555 0.0032249007571349447 0.9999445594648594 -0.010062548008730677 -0.009990436764302293 0.010094456584131242 0.9998990628676627 0.007490737577356299 -0.545494844167834 -1.3416271598804812
FixedParameters: 0 0 0
#Transform 90
Transform: MatrixOffsetTransformBase_double_3_3
Parameters: 0.9999390412923863 -0.00341170869435092 0.010455556386176481 0.0035281759625140643 0.9999313161797527 -0.011202135774449755 -0.010416508916546396 0.011237884447194913 0.9998829325467589 -0.020199304244897576 -0.5241108643050296 -1.32269390431577
FixedParameters: 0 0 0
#Transform 91
Transform: MatrixOffsetTransformBase_double_3_3
Parameters: 0.9999380639144451 -0.003457292282473553 0.01058204593576063 0.003576362382825649 0.9999301146862564 -0.011285204228483885 -0.010542372849268771 0.011321805277325368 0.9998803948148174 -0.049208908763603176 -0.54886664319055 -1.3291315039823601
FixedParameters: 0 0 0
#Transform 92
Transform: MatrixOffsetTransformBase_double_3_3
Parameters: 0.9999386673048677 -0.003245547108368233 0.010620523482978563 0.003356658645870206 0.9999388964213202 -0.010491357685779497 -0.010585917905297912 0.01052664369012241 0.9998888797974234 -0.029115149470541724 -0.5671836113236708 -1.427009563826111
FixedParameters: 0 0 0
#Transform 93
Transform: MatrixOffsetTransformBase_double_3_3
Parameters: 0.9999427927130516 -0.003483318717833698 0.010102962190819928 0.0036056130570855244 0.9999202509161899 -0.012082568539360843 -0.010060027677637865 0.012118415381279914 0.9998756787081959 0.003067622501291112 -0.5683034779163023 -1.4796018209206494
FixedParameters: 0 0 0
#Transform 94
Transform: MatrixOffsetTransformBase_double_3_3
Parameters: 0.9999390340259932 -0.0037598493173931213 0.010335528663552796 0.0038763382385726473 0.999927812844951 -0.011331943543258482 -0.010292659937776 0.011372056358167598 0.9998824692751076 -0.01400855237531573 -0.5597778587105324 -1.3523981569962444
FixedParameters: 0 0 0
#Transform 95
Transform: MatrixOffsetTransformBase_double_3_3
Parameters: 0.9999378086310969 -0.003393727486183959 0.010614527591907015 0.003519365471022503 0.9999247018096481 -0.01179672698055934 -0.01057371571446458 0.011833275357506709 0.9998738999307448 -0.03289712455359961 -0.5050108360064769 -1.310932519197138
FixedParameters: 0 0 0
#Transform 96
Transform: MatrixOffsetTransformBase_double_3_3
Parameters: 0.9999390515982544 -0.0032902766505261377 0.010541475025457036 0.0034028111686660338 0.9999364489220203 -0.01073312510838888 -0.010505308343142216 0.01076886853029851 0.9998864210142744 -0.03195082527976467 -0.5157768772359219 -1.3827091390367627
FixedParameters: 0 0 0
#Transform 97
Transform: MatrixOffsetTransformBase_double_3_3
Parameters: 0.9999431478866639 -0.003969233458865189 0.009853876606785378 0.004096174608710927 0.999908257127023 -0.012931661436936215 -0.009801302418070541 0.012971361886994213 0.9998683842170246 -0.012023486846359788 -0.5217959621198531 -1.4415115666772067
FixedParameters: 0 0 0
#Transform 98
Transform: MatrixOffsetTransformBase_double_3_3
Parameters: 0.9999431490730917 -0.0038003647368967386 0.009920153100422815 0.003919002308513227 0.9999206238907246 -0.011970087601224364 -0.009873429326394938 0.012007906802159393 0.9998790345651208 -0.021764503433558957 -0.555411172615436 -1.4023845675861466
FixedParameters: 0 0 0
#Transform 99
Transform: MatrixOffsetTransformBase_double_3_3
Parameters: 0.9999376055493852 -0.004309637711830301 0.010335505238429946 0.0044205445200615374 0.9999317798630694 -0.01076929680763019 -0.01028806415116897 0.010814702015755406 0.99988887708554 -0.03495664952485811 -0.5342717627436855 -1.333032047379632
FixedParameters: 0 0 0
#Transform 100
Transform: MatrixOffsetTransformBase_double_3_3
Parameters: 0.9999326476934989 -0.003820478747291591 0.010988704851175729 0.003947826145716207 0.9999250564132953 -0.011560777835663272 -0.010943611834038962 0.01160322214200209 0.999873287755497 -0.045692227630610205 -0.5158439457998298 -1.345072882055824
FixedParameters: 0 0 0
#Transform 101
Transform: MatrixOffsetTransformBase_double_3_3
Parameters: 0.999943080583108 -0.00411657405864882 0.009847465586422197 0.0042188143018377765 0.9999360949320202 -0.010458337711467003 -0.009803839117319293 0.010499674361494134 0.9998973543582271 -0.034297683785808886 -0.5316985492991648 -1.433398468280238
FixedParameters: 0 0 0
#Transform 102
Transform: MatrixOffsetTransformBase_double_3_3
Parameters: 0.9999413261555967 -0.004310486874749019 0.009904047080160893 0.00442265793047001 0.9999257601131337 -0.011356139688481506 -0.009854462876628792 0.011399867612006696 0.9998866322579474 -0.05064119485619756 -0.5306296721501553 -1.3308419255149246
FixedParameters: 0 0 0
#Transform 103
Transform: MatrixOffsetTransformBase_double_3_3
Parameters: 0.9999347865113176 -0.004420160260234009 0.010567650285144293 0.004528295998728992 0.9999376154441527 -0.010257145543375921 -0.010521410110241294 0.010303870626747716 0.9998917810206267 -0.050880398601961474 -0.5224247304893481 -1.3134209659670333
FixedParameters: 0 0 0
#Transform 104
Transform: MatrixOffsetTransformBase_double_3_3
Parameters: 0.9999406763296637 -0.004268063797057901 0.010004975916701022 0.004372537546059002 0.9999358937523583 -0.010454156481986368 -0.009960188108972895 0.01049684861054968 0.9998952978092817 -0.048294734951639384 -0.5351891485830862 -1.4135065383586323
FixedParameters: 0 0 0
#Transform 105
Transform: MatrixOffsetTransformBase_double_3_3
Parameters: 0.9999447872307248 -0.004491756238211074 0.009488549218194628 0.004602584617364939 0.9999204470149008 -0.011733213626987801 -0.00943542380056612 0.011775784983775208 0.9998859865309413 -0.041747816795336234 -0.5449553399339493 -1.4742974401889413
FixedParameters: 0 0 0
#Transform 106
Transform: MatrixOffsetTransformBase_double_3_3
Parameters: 0.9999369964534145 -0.003992723185928887 0.010538418915459374 0.004114295136951772 0.9999250824510797 -0.011544697751486543 -0.010491497666763288 0.011587296109165209 0.9998773519173358 -0.032812910922189076 -0.5684502519081605 -1.4084690417092247
FixedParameters: 0 0 0
#Transform 107
Transform: MatrixOffsetTransformBase_double_3_3
Parameters: 0.9999311050668407 -0.004532654611033718 0.010832546143715505 0.004647476107047136 0.9999325786043345 -0.010590719046502804 -0.010783890054906502 0.010640266767123215 0.9998851348126359 -0.07590456196820128 -0.5830858479107945 -1.453248489236337
FixedParameters: 0 0 0
#Transform 108
Transform: MatrixOffsetTransformBase_double_3_3
Parameters: 0.9999411319882869 -0.0051998042505110925 0.009477728933817535 0.005297398342676429 0.9999320334044671 -0.010355616772394403 -0.00942344639167796 0.010405385101789441 0.9999015769007035 -0.022856803137344173 -0.6151064277393203 -1.565549848575742
FixedParameters: 0 0 0
#Transform 109
Transform: MatrixOffsetTransformBase_double_3_3
Parameters: 0.999933775969759 -0.004384791813100275 0.010676930189399131 0.004507148934693818 0.9999242921481043 -0.01147696918521843 -0.010625519144375109 0.011524033840530044 0.9998769432278767 -0.02042548465809091 -0.5871781819514155 -1.3976892961434046
FixedParameters: 0 0 0
#Transform 110
Transform: MatrixOffsetTransformBase_double_3_3
Parameters: 0.9999264861591062 -0.004437118942061695 0.011261384443555364 0.004564980612685539 0.9999258263816654 -0.011299799748514687 -0.011210314054611798 0.01135020385703987 0.999873130864572 -0.05356089629654548 -0.5825675197558837 -1.4238268072612712
FixedParameters: 0 0 0
#Transform 111
Transform: MatrixOffsetTransformBase_double_3_3
Parameters: 0.9999376768270563 -0.004268211886375569 0.01030035323247292 0.004389467400079456 0.9999221549462202 -0.011699824212246364 -0.010249697822904386 0.011744177864423555 0.9998786933053326 -0.057781027923127226 -0.5675136678113262 -1.4510888332192735
FixedParameters: 0 0 0
#Transform 112
Transform: MatrixOffsetTransformBase_double_3_3
Parameters: 0.999941022849937 -0.003575342226658877 0.01025608560354137 0.003678778653579034 0.9999427069924296 -0.010050178530887428 -0.010219758051604936 0.010087811013784696 0.9998965353201738 -0.03866327530678859 -0.5813110190654527 -1.4224566044091205
FixedParameters: 0 0 0
#Transform 113
Transform: MatrixOffsetTransformBase_double_3_3
Parameters: 0.9999461988613247 -0.004411715066364276 0.009398908457157322 0.004502419823185107 0.9999428595393379 -0.009651440247184073 -0.009355316394251804 0.009693548669821667 0.9999092154969527 -0.02681477241914365 -0.5849581743604233 -1.5767626793612308
FixedParameters: 0 0 0
#Transform 114
Transform: MatrixOffsetTransformBase_double_3_3
Parameters: 0.9999370349260912 -0.0034861804623262087 0.010668090369756786 0.003600674299395991 0.9999358754032245 -0.010696606904178632 -0.01062994158129971 0.010734371060657413 0.9998855020537907 -0.02526178558521508 -0.5996226217507399 -1.4317398885902506
FixedParameters: 0 0 0
#Transform 115
Transform: MatrixOffsetTransformBase_double_3_3
