#Insight Transform File V1.0
#Transform 0
Transform: MatrixOffsetTransformBase_double_3_3
Parameters: 0.9999991478452246 -0.00012959428310060464 -0.0016837766643112567 0.00012743658283233858 0.9999994672364487 -0.0012315159482544566 0.0016840921435069545 0.0012312887626871705 0.9999976479051613 0.04872317162292461 0.036305875787348896 -0.13450117258848593
FixedParameters: 0 0 0
#Transform 1
Transform: MatrixOffsetTransformBase_double_3_3
Parameters: 0.9999992406534588 -0.0000805302909570165 -0.0013279421385517798 0.0000786373143600022 0.999998742355812 -0.0015008001828651545 0.001327976325920091 0.001499799688160049 0.9999979755646364 0.060506476190184344 0.025234207246441542 -0.08368727405742504
FixedParameters: 0 0 0
#Transform 2
Transform: MatrixOffsetTransformBase_double_3_3
Parameters: 0.9999996387193945 -0.0001756342345350432 -0.000592816598508697 0.0001746188001853336 0.9999980963277247 -0.001695060658852242 0.0005930027054345394 0.0016949563046650658 0.9999987544178002 0.04277796215717444 0.05987803392756064 -0.14099917474530343
FixedParameters: 0 0 0
#Transform 3
Transform: MatrixOffsetTransformBase_double_3_3
Parameters: 0.9999997590389103 -0.0001314018908546204 -0.0004838678034553012 0.00013116807059125393 0.9999993718097988 -0.0012692669722246068 0.00048399702660896493 0.001269242197024541 0.9999991442839034 0.03523043040168261 0.06943775456905144 -0.08011947191003799
FixedParameters: 0 0 0
#Transform 4
Transform: MatrixOffsetTransformBase_double_3_3
Parameters: 0.9999999629850451 0.00006212014888760116 -0.0001820874727949534 -0.00006244381951686925 0.9999992057194087 -0.0008890335994217007 0.00018197672965741818 0.0008890562738197213 0.999999176462915 0.03170751042956965 0.08087309722479574 -0.04789141953776266
FixedParameters: 0 0 0
#Transform 5
Transform: MatrixOffsetTransformBase_double_3_3
Parameters: 0.999999984990391 -0.0001495733800322181 -0.00005580716426641097 0.0001494107243906304 0.999998865469526 -0.0014533428718931634 0.000056038158078447475 0.001453326140904845 0.9999988742244057 0.04370500144901257 0.05756798936656082 -0.0757200588316067
FixedParameters: 0 0 0
#Transform 6
Transform: MatrixOffsetTransformBase_double_3_3
Parameters: 0.9999998037876757 0.0004545941332946186 -0.00000482473362418967 -0.00045460332928864625 0.9999996417160327 -0.0010731356153693803 0.0000036455087671360964 0.0010731394543983443 0.999999837892779 0.03294409402349174 0.07401057940924716 -0.1696604208287198
FixedParameters: 0 0 0
#Transform 7
Transform: MatrixOffsetTransformBase_double_3_3
Parameters: 1.000000006879732 -0.000040709204802909474 -0.00004401858802721703 0.000040574621956703216 0.9999986609166424 -0.001528867208412262 0.00004393932963102365 0.0015288636225251101 0.9999986501685866 0.04622717687713873 0.039257262189707376 -0.0745355473048619
FixedParameters: 0 0 0
#Transform 8
Transform: MatrixOffsetTransformBase_double_3_3
Parameters: 0.9999999652206026 0.00009321840721760588 -0.00019129604750509066 -0.00009381564569372396 0.9999985489843233 -0.0015627577307349293 0.00019080022416383124 0.0015627934521274547 0.9999985107648259 0.029302586550642218 0.04822444436523199 -0.11362340231035262
FixedParameters: 0 0 0
#Transform 9
Transform: MatrixOffsetTransformBase_double_3_3
Parameters: 0.9999998069191365 -0.0000897610640649322 0.0004420409149643728 0.00009070281407167182 0.9999998569183983 -0.001065295944563634 -0.00044205219060529377 0.001065375707048855 0.9999996591886038 0.0008324812712885432 0.0748050473873576 -0.09481589668720858
FixedParameters: 0 0 0
#Transform 10
Transform: MatrixOffsetTransformBase_double_3_3
Parameters: 0.9999996222829176 0.0002852185534384783 0.00044162790748895897 -0.0002845550822082654 0.9999993547462861 -0.000751186910798387 -0.0004410767742383803 0.000750935544729505 0.9999993428794318 -0.02774235303169803 0.04988136863376269 -0.05865354841569115
FixedParameters: 0 0 0
#Transform 11
Transform: MatrixOffsetTransformBase_double_3_3
Parameters: 0.9999996851788844 0.0001698226555103405 0.0004415968764243938 -0.00016886508099005633 0.9999995316028479 -0.001199675167901921 -0.00044122774276543486 0.0012005205145782976 0.9999994557052478 -0.03816062071376791 0.08249422455273248 -0.1590926126518326
FixedParameters: 0 0 0
#Transform 12
Transform: MatrixOffsetTransformBase_double_3_3
Parameters: 0.9999998482669553 -0.00048637389141140694 -0.00016628641434654479 0.0004858923442832982 0.9999994674342264 -0.0011383352244047772 0.00016621103742925358 0.0011391682240293466 0.9999995628613273 -0.015744727620315757 0.07700369859981038 -0.08889289425464142
FixedParameters: 0 0 0
#Transform 13
Transform: MatrixOffsetTransformBase_double_3_3
Parameters: 0.9999998716088193 0.00006991855506126989 0.00014792704485994124 -0.00006980682659829131 0.9999998529013634 -0.000377128119507839 -0.00014700066926820465 0.00037710762019464706 0.9999999378017552 0.02858303303584364 0.0481013384536908 -0.04646315045084748
FixedParameters: 0 0 0
#Transform 14
Transform: MatrixOffsetTransformBase_double_3_3
Parameters: 0.9999998948903461 -0.00019942564987681215 0.0002752256312042456 0.00020004311841283993 0.9999997002307377 -0.0011223870182316554 -0.0002749807809656474 0.0011224969026010754 0.9999996539766957 -0.014581943651961637 0.07573466914452354 -0.09950878801080876
FixedParameters: 0 0 0
#Transform 15
Transform: MatrixOffsetTransformBase_double_3_3
Parameters: 0.9999999368310623 0.00012307431944589008 0.0002188596334217474 -0.0001237958891000012 0.999999595473222 -0.0006239673810827717 -0.00021901313854506832 0.0006238110301515182 0.9999995628817253 0.029482081178855424 0.07170206709892568 -0.040601529740214914
FixedParameters: 0 0 0
#Transform 16
Transform: MatrixOffsetTransformBase_double_3_3
Parameters: 0.9999994807591411 0.00037224866846320584 0.0006166864275987533 -0.0003728427638074252 0.9999997556724743 -0.00032506460552130976 -0.0006169279063048261 0.00032450272527977927 0.9999995141166368 -0.0014222154638190432 0.07210772455555059 -0.06766858842692614
FixedParameters: 0 0 0
#Transform 17
Transform: MatrixOffsetTransformBase_double_3_3
Parameters: 0.9999996957654722 0.00004198626996028509 0.0005499747005433542 -0.000041894203005585624 0.9999999912352245 -0.00008372366610915217 -0.0005499817211497421 0.00008367753359921309 0.9999996905174973 -0.0305034165600091 0.07097152881664215 -0.03978146265227167
FixedParameters: 0 0 0
#Transform 18
Transform: MatrixOffsetTransformBase_double_3_3
Parameters: 0.999999938386149 -0.00002434750607893523 0.0002470249135241992 0.00002459606103578736 0.9999997462683495 -0.0005031169109009817 -0.00024700028877493174 0.0005031290004976118 0.9999996858516993 -0.009318554119744249 0.13931170569570384 -0.11134026111547257
FixedParameters: 0 0 0
#Transform 19
Transform: MatrixOffsetTransformBase_double_3_3
Parameters: 0.9999999286687967 -0.00024287745880824363 0.00011109390454215606 0.00024284844708534795 0.9999999239779078 0.0001305630752440259 -0.00011115730925490008 -0.00013050909836725836 0.9999999706113105 0.018313662293095945 0.07303812833407619 -0.025530981211630888
FixedParameters: 0 0 0
#Transform 20
Transform: MatrixOffsetTransformBase_double_3_3
Parameters: 0.999999958574416 -0.00036407336517680294 -0.00010364801457210526 0.00036398587536967106 0.9999996902640016 -0.0004210108884208664 0.00010297543959235378 0.0004209355664440297 0.9999997103433506 -0.01500610043503059 0.10389653699456858 -0.07755456100997549
FixedParameters: 0 0 0
#Transform 21
Transform: MatrixOffsetTransformBase_double_3_3
Parameters: 0.9999999245763592 -0.0002718732673374895 -0.00003883967307902192 0.0002718676271530807 0.999999920820061 -0.00007258048752712391 0.000038879132303326625 0.00007255935835103427 0.9999999932235927 0.0438804684485774 0.1365594491027906 -0.028836855455367072
FixedParameters: 0 0 0
#Transform 22
Transform: MatrixOffsetTransformBase_double_3_3
Parameters: 0.9999998191004057 -0.000325151752968916 0.000274182766125286 0.0003251764041005534 0.999999892247221 -0.00004486729377787651 -0.00027415352955402483 0.000045045593411164025 0.9999999228104396 0.028974742133343057 0.11677431864187326 -0.020751812167631556
FixedParameters: 0 0 0
#Transform 23
Transform: MatrixOffsetTransformBase_double_3_3
Parameters: 0.999999726162858 -0.00047182476642056045 0.00022631547909665595 0.00047189332299092635 0.999999754393447 -0.000151404049284041 -0.0002261724954613631 0.00015161756035712008 0.9999999258578702 0.02915447920497627 0.1238065731107838 -0.07723736054938968
FixedParameters: 0 0 0
#Transform 24
Transform: MatrixOffsetTransformBase_double_3_3
Parameters: 0.9999998852044731 -0.00032207865671537533 0.00010517111651052458 0.00032208162634139384 0.9999998960650219 -0.000014085219409795614 -0.00010516202150102905 0.000014152963882416397 0.9999999887405309 0.04865776729863569 0.09302902396619572 -0.030389019897668845
FixedParameters: 0 0 0
#Transform 25
Transform: MatrixOffsetTransformBase_double_3_3
Parameters: 0.9999997064610284 -0.0005094460437183579 -0.00018440015820944677 0.0005092020541710105 0.9999993045011402 -0.000660463210059073 0.00018507284237298527 0.0006602750288312712 0.9999995297848957 0.006194539034680702 0.10959480909114916 -0.06686516612494131
FixedParameters: 0 0 0
#Transform 26
Transform: MatrixOffsetTransformBase_double_3_3
Parameters: 0.9999998516855286 -0.00038511414038538624 0.000001244692832691463 0.0003851144237110713 0.999999837710466 -0.0001182217824830843 -0.0000011536346628676641 0.00011822270649526964 0.9999999860220576 0.03651333110406085 0.1473709354734467 -0.015460840809296883
FixedParameters: 0 0 0
#Transform 27
Transform: MatrixOffsetTransformBase_double_3_3
Parameters: 0.9999998060918355 -0.00028644948372051566 -0.0000999577074705521 0.00028651683467341616 0.9999998070052095 0.00033302125525136217 0.00010074594947247217 -0.000333078647838319 0.999999980772748 0.020526533160378335 0.13169807574594472 -0.023550460087491842
FixedParameters: 0 0 0
#Transform 28
Transform: MatrixOffsetTransformBase_double_3_3
Parameters: 0.9999997855546331 -0.000422291192363655 0.00019004123396432204 0.00042213163623798164 0.9999996458381673 0.0004194837116487916 -0.00019039538781830123 -0.00041932308636251077 0.9999997879175037 -0.03248392609083339 0.10554028276654037 -0.03421665155731546
FixedParameters: 0 0 0
#Transform 29
Transform: MatrixOffsetTransformBase_double_3_3
Parameters: 0.9999994454105559 -0.0007429114166328178 0.000051689634990900735 0.0007429536693395379 0.9999992790058647 -0.0004111124729188704 -0.00005107872012333203 0.000411188823625844 0.9999998283146266 -0.029460420042894953 0.13552066162490917 -0.08557001274853349
FixedParameters: 0 0 0
#Transform 30
Transform: MatrixOffsetTransformBase_double_3_3
Parameters: 0.9999996326617483 -0.00046857104284006107 0.0003843591113924655 0.0004688645698074921 0.999999717870765 -0.0002491516289103631 -0.00038412589798574037 0.0002485170793265768 0.9999997909533469 -0.020892748353432467 0.0912898784894196 -0.028621206502251084
FixedParameters: 0 0 0
#Transform 31
Transform: MatrixOffsetTransformBase_double_3_3
Parameters: 0.9999998600031524 -0.0003003750017756624 0.00022309621774842248 0.0003002871819873527 0.9999998710833322 0.0001968356092667948 -0.00022321440911772517 -0.00019670156792364038 0.9999999114835786 -0.017244007584722 0.09383855040896094 -0.07608858705464172
FixedParameters: 0 0 0
#Transform 32
Transform: MatrixOffsetTransformBase_double_3_3
Parameters: 0.9999998835235546 -0.00033343439836924614 -0.00007278637593827186 0.0003334164036444828 0.9999998735648743 -0.00012356622912040226 0.00007286875996753706 0.00012351766431788961 0.9999999794336054 -0.025947893976734804 0.14690306171580403 -0.0664295795322829
FixedParameters: 0 0 0
#Transform 33
Transform: MatrixOffsetTransformBase_double_3_3
Parameters: 0.9999999217477991 -0.0002644531633906956 0.00009119657570659523 0.0002644943797681207 0.9999998789209317 -0.0002261012590730546 -0.00009107696719264091 0.000226149465880921 0.9999999405613019 0.012241431229213617 0.11758999036995021 -0.017000310790450612
FixedParameters: 0 0 0
#Transform 34
Transform: MatrixOffsetTransformBase_double_3_3
Parameters: 0.9999999492740022 -0.00022402709827418844 0.00002319222099429752 0.00022404285677217703 0.999999833617375 -0.0003408627286938733 -0.000023039488287621146 0.0003408730863777678 0.9999998832746784 -0.042612915048579225 0.13764524732305006 -0.05071337370718254
FixedParameters: 0 0 0
#Transform 35
Transform: MatrixOffsetTransformBase_double_3_3
Parameters: 0.9999999003596788 -0.000291574490885837 -0.00012093179642332086 0.00029164296721152647 0.9999998346985557 0.0002832768843422954 0.00012076656376658335 -0.00028334736533529444 0.99999990512983 0.02409697175318115 0.1421992031425674 -0.01857638607100398
FixedParameters: 0 0 0
#Transform 36
Transform: MatrixOffsetTransformBase_double_3_3
Parameters: 0.9999995082175861 -0.000648888022623694 0.000265945083995342 0.0006485676024079201 0.9999992173062832 0.0006017085364735471 -0.00026672555048774804 -0.0006013629771036368 0.9999995672195878 -0.03210622297497423 0.10383355904326663 -0.03591586143291181
FixedParameters: 0 0 0
#Transform 37
Transform: MatrixOffsetTransformBase_double_3_3
Parameters: 0.999999996687707 0.000055576387338995186 0.000014952389641040287 -0.00005556622324388065 0.9999998816751569 -0.0003394660931028534 -0.000014990118694740984 0.00033946442902476514 0.9999998845391641 -0.04351256661696823 0.12471619356509223 -0.0607185502135934
FixedParameters: 0 0 0
#Transform 38
Transform: MatrixOffsetTransformBase_double_3_3
Parameters: 0.9999999058137491 -0.00029085231798208335 -0.00009793399321088303 0.0002909091248752956 0.9999998311285657 0.0002902469349369733 0.00009776512210719901 -0.0002903038596749185 0.9999999061657479 0.004145896422144801 0.140763981389199 -0.030685339511748566
FixedParameters: 0 0 0
#Transform 39
Transform: MatrixOffsetTransformBase_double_3_3
Parameters: 0.9999998399507039 -0.0002541438795275725 0.000308966803987204 0.00025374362207144434 0.9999995163964848 0.0006474700364475937 -0.000309295606107568 -0.0006473130320698966 0.9999994853214818 -0.03174533524578749 0.11939513624594156 -0.04667339920806057
FixedParameters: 0 0 0
#Transform 40
Transform: MatrixOffsetTransformBase_double_3_3
Parameters: 0.9999990393000336 -0.000350645970400288 0.0009152854287992895 0.00035119254987992616 0.9999997876825847 -0.0002982971113207667 -0.000915075846369573 0.0002989394213250364 0.9999990732695855 -0.04789361833672956 0.16686974170191604 -0.05964074940128228
FixedParameters: 0 0 0
#Transform 41
Transform: MatrixOffsetTransformBase_double_3_3
Parameters: 0.9999999154875214 -0.0002860125272735529 0.00005205152027178139 0.0002859773768668473 0.9999998046184398 0.0003370437030733944 -0.00005224429734819458 -0.00033701387461302084 0.9999998836921167 0.030645903152958454 0.1384262515504986 -0.020263452632832468
FixedParameters: 0 0 0
#Transform 42
Transform: MatrixOffsetTransformBase_double_3_3
Parameters: 0.9999996288553468 -0.0005728619155071765 0.00020730161767824884 0.0005728658263979453 0.9999996717378742 -0.000009314675633828628 -0.0002072908094350734 0.000009552181349233827 0.9999999569390545 -0.018352148484325426 0.12532571887739152 -0.020230035724779327
FixedParameters: 0 0 0
#Transform 43
Transform: MatrixOffsetTransformBase_double_3_3
Parameters: 0.9999996842468574 -0.0005266133249625172 0.00019603993587090363 0.0005264401386743062 0.9999995281210647 0.00044129297315234536 -0.00019650453228346743 -0.0004410862872362137 0.9999997668285987 -0.03768635448882662 0.17257065536826133 -0.04541055940048011
FixedParameters: 0 0 0
#Transform 44
Transform: MatrixOffsetTransformBase_double_3_3
Parameters: 0.9999999314623904 -0.00025411186602363947 0.00006296690270359007 0.0002540301251547092 0.9999995163318037 0.00064740763845684 -0.00006329586968926992 -0.0006473755583212799 0.9999995768982811 -0.027140470870349986 0.14306022749451586 -0.03301138391151426
FixedParameters: 0 0 0
#Transform 45
Transform: MatrixOffsetTransformBase_double_3_3
Parameters: 0.9999995866559519 -0.0004978572792645452 0.0002529121001045992 0.0004975178500183787 0.9999993001102742 0.0006725815308410614 -0.00025260237772833927 -0.0006723298366066961 0.9999995856818943 0.013785419952768052 0.1518356276819901 -0.03271239391858671
FixedParameters: 0 0 0
#Transform 46
Transform: MatrixOffsetTransformBase_double_3_3
Parameters: 0.9999998371866966 -0.00030066635973860446 0.0002690971976232748 0.0003005620436389103 0.9999998720787093 0.00019386523598740392 -0.00026921370616404816 -0.0001937034116914442 0.9999998900026735 -0.02993165769294137 0.14705855696152526 -0.04160164395246113
FixedParameters: 0 0 0
#Transform 47
Transform: MatrixOffsetTransformBase_double_3_3
Parameters: 0.9999999083922738 -0.0002979755029192254 0.00005308835578650417 0.00029795204695777175 0.9999998625343757 0.00022065851580214382 -0.000053219842828203245 -0.00022062683944138307 0.9999999484913895 0.025714365737712797 0.16486616813429578 -0.021696438426985765
FixedParameters: 0 0 0
#Transform 48
Transform: MatrixOffsetTransformBase_double_3_3
Parameters: 0.9999993408351705 -0.0008079348149577395 0.0000800363293569778 0.0008078588798719123 0.9999991243947947 0.0004721953663322407 -0.00008079919530250279 -0.0004720654267446838 0.9999997706255902 0.01378036621242984 0.12822947369977555 -0.0239501081563418
FixedParameters: 0 0 0
#Transform 49
Transform: MatrixOffsetTransformBase_double_3_3
Parameters: 0.9999994569281809 -0.0006968843366507344 -0.0002396319916821571 0.0006968791713794657 0.9999995142394176 -0.000010943826482203822 0.00023964701194081894 0.000010609826243930011 0.9999999424569913 0.0027960100385087117 0.152801251382229 -0.04419149959765889
FixedParameters: 0 0 0
#Transform 50
Transform: MatrixOffsetTransformBase_double_3_3
Parameters: 0.9999998876694036 -0.00028997488256391455 0.0001680634671485659 0.0002898745869379195 0.9999998270004422 0.0002982821619612232 -0.0001682363975909762 -0.00029818465991985385 0.9999998827822345 0.04908275187520417 0.13697572938644953 -0.014966056460437471
FixedParameters: 0 0 0
#Transform 51
Transform: MatrixOffsetTransformBase_double_3_3
Parameters: 0.9999994744853338 -0.0006567233543796315 -0.00030696661198739705 0.000657009548803278 0.9999993507820323 0.00046642898062877617 0.00030635358367472887 -0.00046683184959018793 0.9999996882157388 0.0008858006739984603 0.15827755024034218 -0.05817489164574852
FixedParameters: 0 0 0
#Transform 52
Transform: MatrixOffsetTransformBase_double_3_3
Parameters: 0.9999996439081831 -0.0005427309628625745 0.0002480626022628579 0.0005425315280530292 0.9999995442425215 0.0004017671058553588 -0.0002484984789303396 -0.000401497655494963 0.9999997770478305 0.011349485880373322 0.14820576080823855 -0.02619688016652333
FixedParameters: 0 0 0
#Transform 53
Transform: MatrixOffsetTransformBase_double_3_3
Parameters: 0.9999999225444935 -0.00024114695173900008 0.0001389380978809862 0.00024093166398226755 0.9999993432491138 0.0007737586051393675 -0.00013931109438020117 -0.0007736915356756994 0.9999993819933065 -0.02601300381942906 0.10878333002516172 -0.0423513372437867
FixedParameters: 0 0 0
#Transform 54
Transform: MatrixOffsetTransformBase_double_3_3
Parameters: 0.9999996442273731 -0.0005748972312574338 0.00015876852233651095 0.0005747063826634976 0.9999998224318583 0.0009197328622028513 -0.00015982637063548244 -0.0009205455196410227 0.9999991284828111 0.006820850474625217 0.18152252446257933 -0.054198475318955275
FixedParameters: 0 0 0
#Transform 55
Transform: MatrixOffsetTransformBase_double_3_3
Parameters: 0.9999993924362102 -0.0007262528705602867 0.0002829246934497043 0.0007260031880113677 0.9999990865109447 0.0006207655761016979 -0.0002838266810527429 -0.0006213487932521745 0.9999995345001503 0.0007678482567712308 0.15636134602232232 -0.027168963112643496
FixedParameters: 0 0 0
#Transform 56
Transform: MatrixOffsetTransformBase_double_3_3
Parameters: 0.9999990642990965 -0.00088337597639672 0.00023196896157461067 0.0008831258748149734 0.9999999280461168 0.00054040960401993 -0.00023194416660997363 -0.0005400007799695527 0.9999997561398513 -0.016415119346547158 0.15271355827911748 -0.02659435769614049
FixedParameters: 0 0 0
#Transform 57
Transform: MatrixOffsetTransformBase_double_3_3
Parameters: 0.9999995001698542 -0.0006975541427474161 0.00011510098026179527 0.0006974682416717476 0.9999993748584971 0.000372396509217833 -0.00011562036974874235 -0.00037223557757046905 0.9999998480724639 0.0038676920364082434 0.17848951274689284 -0.027193417408284404
FixedParameters: 0 0 0
#Transform 58
Transform: MatrixOffsetTransformBase_double_3_3
Parameters: 0.999999287344919 -0.0008391475042264791 0.00009212022988346058 0.0008390783991794118 0.9999991561557552 0.0003738863051380159 -0.00009274756588112387 -0.0003737311790729872 0.999999851722779 0.0404759887249071 0.12276727960049527 -0.013523688146733548
FixedParameters: 0 0 0
#Transform 59
Transform: MatrixOffsetTransformBase_double_3_3
Parameters: 0.9999994823052972 -0.0006890694781703575 0.00020706981444140737 0.0006888970923662419 0.9999993525150984 0.00041581879927721444 -0.00020764260227812414 -0.00041553306833543783 0.9999997842165571 -0.01587574618048393 0.12055354808381935 -0.02014867091517658
FixedParameters: 0 0 0
#Transform 60
Transform: MatrixOffsetTransformBase_double_3_3
Parameters: 0.9999999141799822 -0.000288466736510703 0.000051058849445465015 0.0002884347015589451 0.999999818730269 0.0003131694708128906 -0.00005123950885907447 -0.0003131399623980078 0.999999899317816 0.04077995251462596 0.1602458176869419 -0.018431362463701362
FixedParameters: 0 0 0
#Transform 61
Transform: MatrixOffsetTransformBase_double_3_3
Parameters: 0.9999995207517942 -0.0006874040988497533 0.0000819979732325643 0.0006873184411458082 0.9999992570809789 0.0005201075121684597 -0.0000827128994232984 -0.0005199942953664686 0.9999997227643507 0.007319987492010682 0.11885918015838115 -0.022500215104955146
FixedParameters: 0 0 0
#Transform 62
Transform: MatrixOffsetTransformBase_double_3_3
Parameters: 0.9999997157853511 -0.00046259518962443584 -0.0002649905238888278 0.00046285832556536977 0.9999995389434784 0.0004968082869824602 0.00026453063717916947 -0.0004970533101228805 0.9999996829617344 0.01102945480764106 0.17720773213862628 -0.04593877211489428
FixedParameters: 0 0 0
#Transform 63
Transform: MatrixOffsetTransformBase_double_3_3
Parameters: 0.9999992857874589 -0.0008306515875432771 0.00015298515708042637 0.0008314822222727747 1.00000002333328 0.0005350121430083678 -0.00015387463695093473 -0.0005346558535445256 0.9999996903591266 0.02158846061925601 0.13470313912168308 -0.02165787352969062
FixedParameters: 0 0 0
#Transform 64
Transform: MatrixOffsetTransformBase_double_3_3
Parameters: 0.9999997541632273 -0.000476513813159663 0.00013700891667964288 0.0004763770164886265 0.9999995246338107 0.000498428426096221 -0.0001374838024144065 -0.0004982976446198694 0.9999997327974504 0.024664178191116548 0.16785643502288394 -0.04439010879842442
FixedParameters: 0 0 0
#Transform 65
Transform: MatrixOffsetTransformBase_double_3_3
Parameters: 0.9999997832397445 -0.00041143020529566004 0.00021791196714081307 0.0004111112140177521 0.9999992966123179 0.0007310094040541592 -0.0002185131791853645 -0.0007308299144432783 0.9999994181390653 0.04382231778907908 0.15974119709089507 -0.029123207514459182
FixedParameters: 0 0 0
#Transform 66
Transform: MatrixOffsetTransformBase_double_3_3
Parameters: 0.9999999101060314 -0.0002715922465272322 0.00012701081265588388 0.0002714708815104985 0.9999996984657843 0.0004773234537788767 -0.00012727001069892663 -0.00047725440809464324 0.9999997560303858 -0.02862927574118146 0.1577537177607553 -0.04831047038574354
FixedParameters: 0 0 0
#Transform 67
Transform: MatrixOffsetTransformBase_double_3_3
Parameters: 0.9999998208734886 -0.0004200289965524077 0.000051982461377372835 0.00041997062846551637 0.9999995112288721 0.0005589235671927526 -0.0000524519387445771 -0.00055887970417483 0.9999996849021224 0.03075423715370107 0.17071556403895727 -0.04080800831036413
FixedParameters: 0 0 0
#Transform 68
Transform: MatrixOffsetTransformBase_double_3_3
Parameters: 0.9999993735236582 -0.0007907002870335251 0.0000356324031214883 0.0007906287778761755 0.9999994104446802 0.0009820685492245428 -0.00003718533284914616 -0.0009820120080000646 0.9999990342709545 0.03733340466892798 0.11482046800844614 -0.0374748685365347
FixedParameters: 0 0 0
#Transform 69
Transform: MatrixOffsetTransformBase_double_3_3
Parameters: 0.9999995412565523 -0.0006768750101625283 -0.0000241638177424508 0.0006769109223024536 0.9999999653860441 0.0007592130319927664 0.000023135983409861005 -0.0007592460823668323 0.9999994230114427 0.013165866108607815 0.13293220552806417 -0.055044614158646255
FixedParameters: 0 0 0
#Transform 70
Transform: MatrixOffsetTransformBase_double_3_3
Parameters: 0.999999210408164 -0.0008152316152776498 0.0001528845522525829 0.0008150346129559465 0.9999999185180559 0.0006459105280986209 -0.00015295828747455276 -0.0006456621533466721 0.9999996613405059 0.029826020519593044 0.14896832826167383 -0.03420670754074706
FixedParameters: 0 0 0
#Transform 71
Transform: MatrixOffsetTransformBase_double_3_3
Parameters: 0.9999998759375325 -0.00035165837224225034 0.00001997153840235799 0.0003516342307193679 0.9999995186055326 0.000598120052022328 -0.00002039218700895795 -0.0005981058577565873 0.999999641853399 0.04199962107088595 0.10699493651436853 -0.02307922951457897
FixedParameters: 0 0 0
#Transform 72
Transform: MatrixOffsetTransformBase_double_3_3
Parameters: 0.9999999058503144 -0.0010409973305674205 -0.0000029547835316556803 0.0010410002498136921 0.9999995897157598 0.0005714911919460822 0.000001968463953561095 -0.0005714973393160193 0.9999996838540819 -0.008596250991985244 0.1762034400219079 -0.06157815956999002
FixedParameters: 0 0 0
#Transform 73
Transform: MatrixOffsetTransformBase_double_3_3
Parameters: 1.000000154036257 -0.0009126967419663874 0.00004993944830176955 0.0009126266899852748 0.999999684001296 0.0006950615571654998 -0.00005100454709494606 -0.0006949704518042638 0.999999524871093 0.03523108178029588 0.1364177280513701 -0.026527916091424686
FixedParameters: 0 0 0
#Transform 74
Transform: MatrixOffsetTransformBase_double_3_3
Parameters: 0.9999993949030973 -0.0007705377586695349 -0.0001069901278054064 0.000770542904242843 0.9999991527999661 0.0005043811045032105 0.00010621352798313721 -0.0005035506330845379 0.9999997341401499 0.032877633838694464 0.15266031853823847 -0.028974137410600065
FixedParameters: 0 0 0
#Transform 75
Transform: MatrixOffsetTransformBase_double_3_3
Parameters: 0.999999066806764 -0.0013493803936096118 -0.000010971886750657522 0.0013493931903935542 0.9999988610539373 0.0005639885832596971 0.000010632367015012134 -0.0005640186524936068 0.9999997940143751 0.044370292035097236 0.18691028218765382 -0.03839145688633039
FixedParameters: 0 0 0
#Transform 76
Transform: MatrixOffsetTransformBase_double_3_3
Parameters: 0.9999994424131327 -0.0011902260186131039 0.0001700549382611105 0.0011900403080207804 0.9999992836782983 0.0005478374441723233 -0.00017017585732848062 -0.0005474334408645432 0.9999997833872379 0.039502950257315206 0.12059360020843712 -0.023177004716558258
FixedParameters: 0 0 0
#Transform 77
Transform: MatrixOffsetTransformBase_double_3_3
Parameters: 0.9999996271743058 -0.0011176065142989489 0.00010806555470632695 0.0011174903658463515 0.9999994593048103 0.000540287792111831 -0.00010809028189695535 -0.0005400471443630632 0.9999998087694795 0.04203403942103989 0.17227795321066708 -0.04525840230935785
FixedParameters: 0 0 0
#Transform 78
Transform: MatrixOffsetTransformBase_double_3_3
Parameters: 0.9999992530478033 -0.0007576728710949522 0.0002656083203443488 0.0007582277961722109 0.9999993838177224 0.0010201622788907907 -0.0002661766565639767 -0.0010206525912344806 0.9999989902964688 0.03546436798670527 0.13487914514460897 -0.0463259966274876
FixedParameters: 0 0 0
#Transform 79
Transform: MatrixOffsetTransformBase_double_3_3
Parameters: 0.999999297349997 -0.001257885884648469 0.00009082286330085176 0.0012577533231302226 0.9999988842366332 0.000730629094605828 -0.00009147797719871731 -0.0007304007096003236 0.9999995702703676 0.03245953785838651 0.17302802788394445 -0.0437244357977562
FixedParameters: 0 0 0
#Transform 80
Transform: MatrixOffsetTransformBase_double_3_3
Parameters: 0.9999984962491809 -0.001534607785593093 0.0001912197513657954 0.0015345447414199277 0.9999984563965981 0.00043357214903408094 -0.00019136853224319128 -0.0004339807075707914 0.9999998879901952 0.0360313787810469 0.10963756820258652 -0.014739397422800948
FixedParameters: 0 0 0
#Transform 81
Transform: MatrixOffsetTransformBase_double_3_3
Parameters: 1.0000000427513551 -0.000888081835152554 0.00023773826946490995 0.0008877492122227864 0.999999373593151 0.0009148628629812729 -0.00023818087394859855 -0.0009154359571856799 0.9999992186221459 0.05031473077188764 0.14517912085807438 -0.07613479876729912
FixedParameters: 0 0 0
#Transform 82
Transform: MatrixOffsetTransformBase_double_3_3
Parameters: 0.9999989816278407 -0.001374653216311308 0.00012892094640672147 0.001374488182253688 0.9999986996839264 0.0006411683031395519 -0.00012950052393365108 -0.0006408140008149953 0.9999996846657213 0.049897204043986676 0.1553574416218595 -0.021591151246539653
FixedParameters: 0 0 0
#Transform 83
Transform: MatrixOffsetTransformBase_double_3_3
Parameters: 0.9999988965444655 -0.0013436431418581151 0.0004315315348059068 0.0013429388513616688 0.9999983229888845 0.0009339255882851073 -0.00043285783736952965 -0.000933760129810252 0.9999990538890506 0.03572708228081467 0.1665076778529908 -0.03456338674509141
FixedParameters: 0 0 0
#Transform 84
Transform: MatrixOffsetTransformBase_double_3_3
Parameters: 0.9999994875612858 -0.0010823515358199618 0.0004787261803777809 0.0010816355453406408 0.9999990982636734 0.0008547198796270185 -0.0004793931933871204 -0.0008546788700532842 0.9999991527354107 0.03914057187030551 0.14672221084998682 -0.032469433361967504
FixedParameters: 0 0 0
#Transform 85
Transform: MatrixOffsetTransformBase_double_3_3
Parameters: 0.9999984115590499 -0.001518380705590673 0.00041378246084521064 0.0015177846622965606 0.9999981768731119 0.0007207309185262461 -0.00041478621529957016 -0.0007194739969662225 0.9999994220505982 0.05067745033123572 0.18148198876617982 -0.04389901024107701
FixedParameters: 0 0 0
#Transform 86
Transform: MatrixOffsetTransformBase_double_3_3
Parameters: 0.9999990148319307 -0.0016197845029979076 0.00048751290796886226 0.0016199669745708342 0.9999984972722475 0.0009375027516651385 -0.0004891635098522723 -0.0009368150477556517 0.999999006416325 0.0803851099514361 0.1136777079070157 -0.029489546116522547
FixedParameters: 0 0 0
#Transform 87
Transform: MatrixOffsetTransformBase_double_3_3
Parameters: 0.9999989093569712 -0.0017073469174711856 0.0002266138295135417 0.0017080550875555095 0.9999983493455576 0.0008566488952037982 -0.00022815427118734466 -0.0008567666789468248 0.9999993375062124 0.0673652736068533 0.13678336957976 -0.03919840559633769
FixedParameters: 0 0 0
#Transform 88
Transform: MatrixOffsetTransformBase_double_3_3
Parameters: 0.9999980174466423 -0.001985845404420819 0.0001345012970873083 0.001985746482433723 0.999997921859047 0.00036735060471733503 -0.00013555214432130203 -0.000366816377395671 0.99999986794898 0.10531279269928007 0.1591289362494166 0.005351272061716372
FixedParameters: 0 0 0
#Transform 89
Transform: MatrixOffsetTransformBase_double_3_3
Parameters: 0.9999986590061952 -0.001820583720189804 0.00007461192878120693 0.0018205400467759091 0.9999985998289033 0.0002929223514149242 -0.00007527094214540564 -0.00029265152500621775 0.99999992959133 0.09342788829053461 0.13999907753797913 0.006471968833238861
FixedParameters: 0 0 0
#Transform 90
Transform: MatrixOffsetTransformBase_double_3_3
Parameters: 0.999998427712088 -0.001820283874998242 0.00036968600191865375 0.0018196953083608016 0.9999980550030108 0.0007960539950292656 -0.00037119504536617387 -0.0007947075363342618 0.9999993528388245 0.07406446726588456 0.1691854007674891 -0.03649427347599499
FixedParameters: 0 0 0
#Transform 91
Transform: MatrixOffsetTransformBase_double_3_3
Parameters: 0.9999981205155654 -0.002171730662079644 -0.0001727826706510449 0.0021719763898361425 0.9999972574115766 0.0010131131319337742 0.00016997224643923448 -0.0010128657549437153 0.9999990771289102 0.13264470848596943 0.14121048883571063 -0.019925196166497017
FixedParameters: 0 0 0
#Transform 92
Transform: MatrixOffsetTransformBase_double_3_3
Parameters: 0.9999963066999902 -0.00250899164069784 0.0004019982146889478 0.00250925954329764 0.999996643711259 0.0010301755314816564 -0.0004045969141592415 -0.0010290480211622263 0.9999990126381161 0.10879532380178603 0.1332531269047763 -0.027812110755817798
FixedParameters: 0 0 0
#Transform 93
Transform: MatrixOffsetTransformBase_double_3_3
Parameters: 0.9999974201226552 -0.0022556212224838232 0.0005182490780548388 0.002254294887186637 0.9999970255944773 0.0013750991032991347 -0.0005220824847605443 -0.0013737508150124115 0.9999990653559038 0.09306660529193778 0.18979904919011403 -0.059420138328150074
FixedParameters: 0 0 0
#Transform 94
Transform: MatrixOffsetTransformBase_double_3_3
Parameters: 0.9999962940184299 -0.002563748783798324 -3.5160942808698525e-7 0.002563748335470857 0.9999968353373471 0.0007693125770623638 -0.0000020033860514828694 -0.00076931233902213 0.9999995413197388 0.12571957254981214 0.1497561291507452 -0.01577369891256808
FixedParameters: 0 0 0
#Transform 95
Transform: MatrixOffsetTransformBase_double_3_3
Parameters: 0.9999974903002751 -0.0019367566589775878 0.0007376606782164702 0.0019360070400428278 0.9999976869693604 0.0012511782750797926 -0.0007403412921202085 -0.0012492105890719364 0.9999991053459283 0.1087789703874904 0.17167491119246847 -0.05464119524651778
FixedParameters: 0 0 0
#Transform 96
Transform: MatrixOffsetTransformBase_double_3_3
Parameters: 0.9999966444075143 -0.0026526090932074095 0.0002726494457758605 0.0026522781469622597 0.9999963319335405 0.0007952623532345685 -0.00027409482405577057 -0.0007948107767912234 0.9999995390924449 0.12365506936862403 0.16388897539633263 -0.018734441915569278
FixedParameters: 0 0 0
#Transform 97
Transform: MatrixOffsetTransformBase_double_3_3
Parameters: 0.9999959510359672 -0.002780423438890313 0.0002706722971765052 0.0027801069866195387 0.9999956705115187 0.0007742577861725657 -0.0002722039633623746 -0.0007737470767516078 0.9999995731491704 0.13393182502233003 0.1448396002305259 -0.016310937572214357
FixedParameters: 0 0 0
#Transform 98
Transform: MatrixOffsetTransformBase_double_3_3
Parameters: 0.9999960542542148 -0.0026244971253626174 0.0008490679589010508 0.0026233880623755083 0.9999952708406434 0.0013588895392524036 -0.0008526453410975521 -0.0013563142837911002 0.999998770621462 0.11586425069293682 0.16319999607765112 -0.06934220744938102
FixedParameters: 0 0 0
#Transform 99
Transform: MatrixOffsetTransformBase_double_3_3
Parameters: 0.9999963727458752 -0.0027312254809633042 0.00015588270813370053 0.002731005128626084 0.9999960438187876 0.0007055323309334829 -0.00015794097660715156 -0.0007046792246618289 0.9999996218320799 0.14539148570381144 0.15161122988801878 -0.010158904953485148
FixedParameters: 0 0 0
#Transform 100
Transform: MatrixOffsetTransformBase_double_3_3
Parameters: 0.9999973546514648 -0.002349724296251468 0.0008875692413768677 0.002348716319379086 0.9999969353835427 0.0012440418741883684 -0.0008898617561882427 -0.0012417562480233758 0.9999990030530123 0.1488310401743007 0.1608791907205358 -0.04763160488718654
FixedParameters: 0 0 0
#Transform 101
Transform: MatrixOffsetTransformBase_double_3_3
Parameters: 0.9999961326561072 -0.0027383256435481664 -0.00014652778938134547 0.0027385769671290725 0.9999950324306098 0.0012120978880234307 0.0001436411468773574 -0.0012119015243693442 0.9999988566487154 0.15035994321488033 0.18074775657721887 -0.043332643484163214
FixedParameters: 0 0 0
#Transform 102
Transform: MatrixOffsetTransformBase_double_3_3
Parameters: 0.9999971963880404 -0.002379183796925172 0.00010042408867065589 0.002379004958694152 0.9999965601662772 0.0008832637719346293 -0.00010303602991418304 -0.0008827826820771607 0.9999993430818274 0.17217746180790527 0.12895502423809546 -0.015174613489321587
FixedParameters: 0 0 0
#Transform 103
Transform: MatrixOffsetTransformBase_double_3_3
Parameters: 0.99999639993046 -0.0026425080755000624 0.0005309032255313983 0.002641206800447318 0.9999950181105932 0.0014151286890504745 -0.0005348305171065243 -0.0014143054237895135 0.9999990523442228 0.1545883095880356 0.1686285545529813 -0.06159998410890921
FixedParameters: 0 0 0
#Transform 104
Transform: MatrixOffsetTransformBase_double_3_3
Parameters: 0.9999972653947339 -0.0023156134324610307 0.0002163224195739083 0.002315144358725871 0.9999969058873155 0.0013162919250069324 -0.00021907361634961042 -0.0013162813341243288 0.9999995467381839 0.1627802385262953 0.18095750998374172 -0.04277356253186326
FixedParameters: 0 0 0
#Transform 105
Transform: MatrixOffsetTransformBase_double_3_3
Parameters: 0.99999622384447 -0.0029358057751992235 0.00005664555685991335 0.0029357130998912914 0.9999957291262374 0.0008077411031174345 -0.00005939052848204229 -0.0008074054566733685 0.9999994985524 0.16512238925851364 0.14552887060722242 -0.010963885212632363
FixedParameters: 0 0 0
#Transform 106
Transform: MatrixOffsetTransformBase_double_3_3
Parameters: 0.9999954429219172 -0.0027313009963320996 0.000811786499551756 0.002730186296392259 0.9999955146184355 0.001425151063085485 -0.000815036747764411 -0.0014225994966281337 0.9999987503693633 0.15214154277772707 0.17040823629278634 -0.057727534923898816
FixedParameters: 0 0 0
#Transform 107
Transform: MatrixOffsetTransformBase_double_3_3
Parameters: 0.9999964690751775 -0.0026819169521570705 -0.000037588979470828954 0.00268203007395837 0.9999952957730286 0.0015845867580750747 0.00003263659911605099 -0.0015847788880963324 0.9999988242342484 0.1942880692784854 0.17128684967211427 -0.04486591667881612
FixedParameters: 0 0 0
#Transform 108
Transform: MatrixOffsetTransformBase_double_3_3
Parameters: 0.9999971598115789 -0.0023649893351119417 0.00011118449640674932 0.002364770237830477 0.9999964428293427 0.0009823541240106376 -0.00011326082745381771 -0.000981826193377723 0.9999992578313013 0.1766648543711966 0.1402459990049465 -0.02055294041646505
FixedParameters: 0 0 0
#Transform 109
Transform: MatrixOffsetTransformBase_double_3_3
Parameters: 0.999997062760065 -0.002235846438599165 0.0007822591906459092 0.0022348957156389597 0.9999961171948613 0.001373734681630141 -0.0007850535619330357 -0.0013721200814824116 0.999998828150989 0.1342154133272686 0.1863693878948851 -0.06759127018703737
FixedParameters: 0 0 0
#Transform 110
Transform: MatrixOffsetTransformBase_double_3_3
Parameters: 0.9999963596912727 -0.002530696240943962 0.0000320797910989129 0.0025306314117783343 0.9999966094695648 0.000993186462292198 -0.00003453749760382041 -0.0009930217670977583 0.9999992475615501 0.16474874752853452 0.1531197714341772 -0.02064098706397033
FixedParameters: 0 0 0
#Transform 111
Transform: MatrixOffsetTransformBase_double_3_3
Parameters: 0.9999967045373437 -0.0026547902327912383 0.000047744300044297305 0.0026546795367457057 0.9999956629033674 0.0011356730168107494 -0.00005100119251566504 -0.0011354147531396643 0.9999989534929048 0.16645005147410075 0.14518407906787445 -0.02346581165174655
FixedParameters: 0 0 0
#Transform 112
Transform: MatrixOffsetTransformBase_double_3_3
Parameters: 0.9999968611585905 -0.0025291944409743484 0.0006360340537886061 0.0025286058035859232 0.9999956349616934 0.0014037746293657223 -0.0006395835253996812 -0.0014024386707480148 0.9999989621558105 0.16614938451091632 0.16606433199378046 -0.06115512786776378
FixedParameters: 0 0 0
#Transform 113
Transform: MatrixOffsetTransformBase_double_3_3
