#Insight Transform File V1.0
#Transform 0
Transform: MatrixOffsetTransformBase_double_3_3
Parameters: 0.9999996994915461 0.000014529352674489008 0.0005479943814436367 -0.00001468198534779954 0.9999999803918093 0.0001392574158322592 -0.0005479903130719971 -0.00013927342341215243 0.9999996803088491 0.06451813969448494 0.057291308993796974 -0.08966157649129514
FixedParameters: 0 0 0
#Transform 1
Transform: MatrixOffsetTransformBase_double_3_3
Parameters: 0.9999992372247438 -0.0005471849681629639 -0.0006008871146902933 0.0005474342730024831 0.9999996157079443 0.00029215948297062764 0.0006015466163368094 -0.0002918227281790939 0.9999996545309856 0.11058092338429049 0.04992136296831973 -0.06279715711295353
FixedParameters: 0 0 0
#Transform 2
Transform: MatrixOffsetTransformBase_double_3_3
Parameters: 0.9999991099409701 -0.00046692360274412393 -0.0008197802867892234 0.0004670022660543965 0.9999997796433803 0.000047596785873568975 0.0008197354770207582 -0.00004836237914324418 0.9999993256952416 0.08820095723400811 0.06658197420908607 -0.07975947404430883
FixedParameters: 0 0 0
#Transform 3
Transform: MatrixOffsetTransformBase_double_3_3
Parameters: 0.9999998423658478 -0.00039703150529578845 3.331959078922697e-7 0.00039703163712502765 0.9999997386351146 -0.0003220725074549681 -7.744986364743855e-8 0.00032207267084394405 0.9999998962691735 0.07634280454389852 0.10248346765830263 -0.19135142890417
FixedParameters: 0 0 0
#Transform 4
Transform: MatrixOffsetTransformBase_double_3_3
Parameters: 0.9999998416636152 -0.000047692920654818485 0.0003950470395889527 0.000048062295139475686 0.9999997791196849 -0.00046751501364303136 -0.0003950022705852124 0.0004675528392759351 0.9999996253669837 0.0933416367574722 0.04667439915569105 -0.07404635612439847
FixedParameters: 0 0 0
#Transform 5
Transform: MatrixOffsetTransformBase_double_3_3
Parameters: 0.9999996811863082 0.000026947783691523458 0.0005639929118248649 -0.000027241761467095276 0.9999999313403083 0.0002606099959811753 -0.0005639787884062497 -0.0002606405581012834 0.9999996139936821 0.08535529628287009 0.08507995723741146 -0.17530790852386247
FixedParameters: 0 0 0
#Transform 6
Transform: MatrixOffsetTransformBase_double_3_3
Parameters: 0.9999998315146649 -0.000019351620716698444 0.0004100137264676229 0.00001950823831167692 0.9999999631442914 -0.00019098465404922987 -0.00041000630433889185 0.0001910005869622064 0.9999997954131273 0.0903721753451947 0.10516861590349436 -0.13681419846695064
FixedParameters: 0 0 0
#Transform 7
Transform: MatrixOffsetTransformBase_double_3_3
Parameters: 0.9999999480535156 -0.00017241174702344684 0.0001490665260013846 0.0001723725864709295 0.9999999530325844 0.00013135868188001224 -0.00014911180749069275 -0.00013130727805603273 0.9999999605239095 0.0852049901464369 0.057905917481178903 -0.07616366739863167
FixedParameters: 0 0 0
#Transform 8
Transform: MatrixOffsetTransformBase_double_3_3
Parameters: 0.9999999519751684 -0.00004238909580121041 0.00021500749181500856 0.00004224282756487148 0.9999998825244408 0.00034013392156533116 -0.00021503627714257456 -0.00034011572372709615 0.9999998380804439 0.10264815627255075 0.07916771301853487 -0.19140199959984727
FixedParameters: 0 0 0
#Transform 9
Transform: MatrixOffsetTransformBase_double_3_3
Parameters: 0.9999993021818313 0.00002411370085404516 -0.0008350061839471207 -0.000023718320267169737 0.9999999433768738 0.000236771115886117 0.0008350175078733479 -0.0002367311755245272 0.9999992467044315 0.12503217426814217 0.09752116850408754 -0.1259345844836588
FixedParameters: 0 0 0
#Transform 10
Transform: MatrixOffsetTransformBase_double_3_3
Parameters: 0.9999997762231599 -0.000006679916727332488 0.00047300387915828745 0.000006743907616853344 0.9999999953793443 -0.00006764004993693636 -0.0004730029709188732 0.00006764639944524959 0.9999997716915998 0.0880516699468501 0.05288076444315948 -0.06250924591323326
FixedParameters: 0 0 0
#Transform 11
Transform: MatrixOffsetTransformBase_double_3_3
Parameters: 0.9999998862610723 0.00006951273419739023 0.00033001097603505003 -0.00006995912982042362 0.9999995375764922 0.0006764089041174086 -0.000329916632617 -0.0006764549247356237 0.9999994335630882 0.09655713418820255 0.09350296244916478 -0.2562759654908291
FixedParameters: 0 0 0
#Transform 12
Transform: MatrixOffsetTransformBase_double_3_3
Parameters: 0.9999990952521823 0.00001829928872693971 -0.0009510053250151307 -0.000017954937553420395 0.9999999668940945 0.00018106220579848726 0.0009510118882473662 -0.0001810277276637904 0.9999990628054808 0.1243281383572139 0.08391654538942817 -0.14073030125626929
FixedParameters: 0 0 0
#Transform 13
Transform: MatrixOffsetTransformBase_double_3_3
Parameters: 0.9999998646435517 -0.00022397695633442113 -0.00029187401973436444 0.00022395048736509757 0.9999999477844024 -0.000045406767536633865 0.00029189432926711445 0.00004527602481390572 0.9999999127480826 0.14659897130431432 0.058450176952717925 -0.08509133618935039
FixedParameters: 0 0 0
#Transform 14
Transform: MatrixOffsetTransformBase_double_3_3
Parameters: 0.9999990747494599 -0.00024008556456503775 0.000936814705990302 0.00023956200149420455 0.999999194454969 0.0008643992472424894 -0.000937433516545752 -0.0008648411846138624 0.9999993642242404 0.11532159934229469 0.08311542178940101 -0.1482650501670264
FixedParameters: 0 0 0
#Transform 15
Transform: MatrixOffsetTransformBase_double_3_3
Parameters: 0.9999993899901524 -0.000007413258210249113 -0.000780995321555511 0.000007307600010112751 0.9999999953702229 -0.00006764892212887073 0.0007809963169779222 0.00006763742518637835 0.9999993854703797 0.1324766140447906 0.12321713986698057 -0.10909178872273628
FixedParameters: 0 0 0
#Transform 16
Transform: MatrixOffsetTransformBase_double_3_3
Parameters: 0.9999992656331104 -0.00007178511312667675 0.000859986845080915 0.0000720086103920492 0.9999994930670278 -0.0007083046423480788 -0.0008600880092555357 0.0007083270318994682 0.9999997482103925 0.11190514720891542 0.08902213238376078 -0.08098064564147478
FixedParameters: 0 0 0
#Transform 17
Transform: MatrixOffsetTransformBase_double_3_3
Parameters: 0.9999995983965755 0.0005032254421411611 0.0002163668767113519 -0.0005029134508568339 0.9999992281867071 -0.0007203407846477692 -0.00021611246224595426 0.0007201233220053551 0.9999995362709118 0.04876778032974016 0.08720567699165827 -0.08179430456178238
FixedParameters: 0 0 0
#Transform 18
Transform: MatrixOffsetTransformBase_double_3_3
Parameters: 0.9999998696627173 0.000003817084660998793 -0.00036100181925249886 -0.0000037890741907533406 0.9999999984804542 0.00003879675731490394 0.00036100211417737504 -0.000038794011471538 0.9999998681728635 0.06352673860600078 0.14211220591903384 -0.17385281731459656
FixedParameters: 0 0 0
#Transform 19
Transform: MatrixOffsetTransformBase_double_3_3
Parameters: 0.9999998341425336 0.000014271171211685718 -0.00040700533352087953 -0.000014156997166989474 0.9999999801250276 0.00014026599575883117 0.00040700932068302165 -0.00014025442526781936 0.9999998146725072 0.1331028163086927 0.07504940328348653 -0.11775066579585314
FixedParameters: 0 0 0
#Transform 20
Transform: MatrixOffsetTransformBase_double_3_3
Parameters: 0.999999969452833 0.000024811718277035394 -0.00017300682550043522 -0.00002472807494198286 0.9999999409554411 0.00024172934201719255 0.00017301880043420204 -0.000241720770970369 0.999999911635742 0.1287104207228964 0.0685905920535248 -0.05083039782464027
FixedParameters: 0 0 0
#Transform 21
Transform: MatrixOffsetTransformBase_double_3_3
Parameters: 0.9999999582774586 -0.000010206496625271157 0.0002040063312691437 0.000010247489379279327 0.9999999898011698 -0.00010046800521140367 -0.00020400427616515393 0.00010047217792185048 0.9999999482873765 0.08399984133804139 0.11693409477172167 -0.19149840333963652
FixedParameters: 0 0 0
#Transform 22
Transform: MatrixOffsetTransformBase_double_3_3
Parameters: 0.9999999943662579 -0.000024294325924668942 0.00007101832889708226 0.000024327950306991457 0.9999999433577926 -0.00023674956802223902 -0.00007100681747783388 0.00023675302078898016 0.999999938905957 0.09520973845076242 0.07039352898028994 -0.1592461392317972
FixedParameters: 0 0 0
#Transform 23
Transform: MatrixOffsetTransformBase_double_3_3
Parameters: 0.9999992456670969 0.0006690107203121539 0.00045325108567290107 -0.0006684786950932298 0.9999992088369284 -0.0005867697064634766 -0.00045305641099113725 0.0005861637221169461 0.9999995524728404 0.012444583784983365 0.06462660266713272 -0.04446822601397571
FixedParameters: 0 0 0
#Transform 24
Transform: MatrixOffsetTransformBase_double_3_3
Parameters: 0.9999995110545685 0.0002042421692071794 0.0006687533456965072 -0.00020331851525258433 0.9999994817746131 -0.0006905698434075192 -0.0006690347392402235 0.000690297227862275 0.9999990758806833 0.054540517943010514 0.1220933508397053 -0.2146767077464915
FixedParameters: 0 0 0
#Transform 25
Transform: MatrixOffsetTransformBase_double_3_3
Parameters: 0.9999993824175998 0.00014717038148457325 0.0007106545978147749 -0.00014664070512867574 0.9999998278538009 -0.0010727750530980604 -0.0007101936922124519 0.0010724641146470449 0.9999994361368231 0.0694995235955389 0.10149961108636774 -0.09713807801992402
FixedParameters: 0 0 0
#Transform 26
Transform: MatrixOffsetTransformBase_double_3_3
Parameters: 0.9999999394621013 0.00013732889229709294 0.00020381943083386256 -0.000137998069218284 0.9999993437763843 -0.0007983393934049177 -0.000204038698937703 0.0007981809441650368 0.9999993212460109 0.04454865138004038 0.09505682701559692 -0.07963184670703072
FixedParameters: 0 0 0
#Transform 27
Transform: MatrixOffsetTransformBase_double_3_3
Parameters: 0.9999998058864472 0.00024766939605651175 0.0002033727691039544 -0.00024812988026222697 0.9999984927364602 -0.0015636594457841752 -0.0002033721216162937 0.001564451158324619 0.9999986032063647 0.08397298143880505 0.13964706097618773 -0.2550463789794435
FixedParameters: 0 0 0
#Transform 28
Transform: MatrixOffsetTransformBase_double_3_3
Parameters: 0.999999950607796 -0.00008790372515982335 0.0002041209265836591 0.00008825365288149124 0.9999992569751845 -0.0008574587842092485 -0.00020396987551660195 0.0008574947282446663 0.9999992230982502 0.10379091941871366 0.09970025840516428 -0.14623591563471905
FixedParameters: 0 0 0
#Transform 29
Transform: MatrixOffsetTransformBase_double_3_3
Parameters: 1.0000000081541267 -0.000010197314007994822 -0.000047086216073591314 0.000010101591896095393 0.9999999649934961 -0.0010173030209598836 0.00004690333560650184 0.0010173020559920126 0.9999999524223383 0.0782338264149729 0.09816558466876302 -0.18947179776715473
FixedParameters: 0 0 0
#Transform 30
Transform: MatrixOffsetTransformBase_double_3_3
Parameters: 0.9999995770124084 0.000018584884305695012 -0.0006662450293023064 -0.000018758078489284122 0.9999983641225731 -0.0016233483207001285 0.0006657763136781875 0.0016235788077039557 0.9999988997583601 0.13333320358989909 0.11065412654545526 -0.19200372205168037
FixedParameters: 0 0 0
#Transform 31
Transform: MatrixOffsetTransformBase_double_3_3
Parameters: 0.9999999579556974 -0.0001869243311434583 0.00016723406980224953 0.00018753281719952747 0.99999864746658 -0.0018213633204648915 -0.00016695909610704718 0.0018214258692165629 0.9999986336681792 0.07349709506085844 0.06302737882002418 -0.10846947903803539
FixedParameters: 0 0 0
#Transform 32
Transform: MatrixOffsetTransformBase_double_3_3
Parameters: 0.9999999681424869 -0.00008361444542484759 0.00021399536530813945 0.00008341322789164277 0.9999985550095962 -0.0018542075136225846 -0.00021409221344581564 0.0018541409409690373 0.9999984953435515 0.07596703815300998 0.1255566659950773 -0.22468351750391946
FixedParameters: 0 0 0
#Transform 33
Transform: MatrixOffsetTransformBase_double_3_3
Parameters: 0.99999983185356 -0.00018139761487915088 0.0003952129501149093 0.00018180341890257118 0.999998824492169 -0.0017726824994885246 -0.00039497564862919776 0.0017727236744097203 0.9999986805453147 0.10338074099163919 0.10718481785329459 -0.08330978334261374
FixedParameters: 0 0 0
#Transform 34
Transform: MatrixOffsetTransformBase_double_3_3
Parameters: 0.9999997518026887 0.00020458164471861417 0.00033957045024456123 -0.00020387780696503243 0.9999998843461592 -0.0010363824710759586 -0.000339218203308872 0.001036243936317986 0.9999999021664924 0.07593367092771075 0.11571856704703976 -0.07241493243826369
FixedParameters: 0 0 0
#Transform 35
Transform: MatrixOffsetTransformBase_double_3_3
Parameters: 0.9999999075256876 -0.0001428785534370328 0.0002871718661996425 0.00014367917918598993 0.9999990344376875 -0.00139460307000027 -0.0002869757501332143 0.0013946853223296015 0.9999989620889729 -0.016345855694211764 0.10031936516629969 -0.1130019335061263
FixedParameters: 0 0 0
#Transform 36
Transform: MatrixOffsetTransformBase_double_3_3
Parameters: 0.9999993455598615 0.0005914372035532681 0.00046164221632202795 -0.0005909619660651285 0.9999981229734427 -0.001590120748975678 -0.00046274594056683327 0.0015894720420634332 0.9999983502720521 0.04599453741802506 0.15891151369980605 -0.22010489887543372
FixedParameters: 0 0 0
#Transform 37
Transform: MatrixOffsetTransformBase_double_3_3
Parameters: 0.9999998352273712 -0.00016263571806271105 -0.0010717670096060256 0.0001612814392502651 0.9999985412995337 -0.001559741908646606 0.001072067654560721 0.0015596003231820531 0.9999984078465716 0.10958701315028918 0.09186936797776468 -0.1020074648129139
FixedParameters: 0 0 0
#Transform 38
Transform: MatrixOffsetTransformBase_double_3_3
Parameters: 0.9999996727875368 -0.0004388227293418769 0.0003947854499960074 0.00043919507637872883 0.999998799881076 -0.0017340456199827904 -0.0003936693650265777 0.001734289435445375 0.9999988163688828 0.07964708217291161 0.0803903674444797 -0.10381887820356894
FixedParameters: 0 0 0
#Transform 39
Transform: MatrixOffsetTransformBase_double_3_3
Parameters: 0.9999999740643272 -0.0002157019016944318 -0.000018639764838138118 0.00021562247286583953 0.999997556328882 -0.002096943306019241 0.000019137166481969503 0.002096935137068627 0.9999975815509629 0.08933909273974905 0.11398532709657161 -0.22794427539804474
FixedParameters: 0 0 0
#Transform 40
Transform: MatrixOffsetTransformBase_double_3_3
Parameters: 0.9999999311763161 -0.00017526467716712251 0.00022028879277663505 0.00017601683378682068 0.9999980485169919 -0.0017089459737451179 -0.00021989198734162496 0.0017090232765731893 0.9999980204608366 0.09854193757455221 0.07887468795073005 -0.14277346299526528
FixedParameters: 0 0 0
#Transform 41
Transform: MatrixOffsetTransformBase_double_3_3
Parameters: 0.9999999226208599 -0.00008029803108177826 0.00002391808326059064 0.00008041095202938138 0.9999972606669778 -0.0023943392788335965 -0.000023164811571607657 0.00239434313453236 0.9999973369378033 0.08319572814718867 0.11689223054213471 -0.26271841052432876
FixedParameters: 0 0 0
#Transform 42
Transform: MatrixOffsetTransformBase_double_3_3
Parameters: 0.9999999515296114 -0.00013474599359009868 0.0002481128918660619 0.00013602505355475152 0.9999963321466568 -0.0025786304672121346 -0.0002480252545025152 0.0025786976043070614 0.9999962575398741 0.07082713381970507 0.13294243114424376 -0.23813707461734168
FixedParameters: 0 0 0
#Transform 43
Transform: MatrixOffsetTransformBase_double_3_3
Parameters: 0.9999996646310445 -0.0006760960988719398 -0.00003169704702191134 0.0006759863426952618 0.9999986674351236 -0.0016957614795519655 0.00003260369791005524 0.0016957178829958214 0.9999990007369256 0.09266519407420049 0.09148882899110333 -0.19027197994019218
FixedParameters: 0 0 0
#Transform 44
Transform: MatrixOffsetTransformBase_double_3_3
Parameters: 0.9999994337008432 -0.00017409386346664275 0.0007461858257342552 0.0001756490923587354 0.9999980485567009 -0.0017089571727588277 -0.0007459946473483275 0.001709116823459179 0.9999985016583209 0.08534756858982462 0.09461366861617648 -0.12483550001475407
FixedParameters: 0 0 0
#Transform 45
Transform: MatrixOffsetTransformBase_double_3_3
Parameters: 1.0000002592646786 0.0000877805355088811 0.0007896437526295624 -0.00008385307750554733 0.9999908544600979 -0.004374913645054559 -0.0007902666959911098 0.004374471267083341 0.9999903474474702 0.04234685154142426 0.14886499518554785 -0.2474007189347418
FixedParameters: 0 0 0
#Transform 46
Transform: MatrixOffsetTransformBase_double_3_3
Parameters: 0.9999990342691715 0.00012211435025511318 0.0009383736575563212 -0.00012035533579365099 0.999997776572001 -0.002051335993672971 -0.0009385015529127932 0.0020518997069620057 0.9999979801532769 0.04027344536487476 0.12068028194805436 -0.2579114278205594
FixedParameters: 0 0 0
#Transform 47
Transform: MatrixOffsetTransformBase_double_3_3
Parameters: 0.9999999638566964 -0.0002330691384361963 -0.00005267828043954703 0.00023288519236720404 0.9999989275622831 -0.001737297587555425 0.0000530807153203694 0.0017372729263089863 0.9999989581130656 0.08609743731047104 0.07217615179753523 -0.19622625494676527
FixedParameters: 0 0 0
#Transform 48
Transform: MatrixOffsetTransformBase_double_3_3
Parameters: 0.9999998815517454 -0.00023146709551164093 0.00031033858112257395 0.00023187323314821615 0.9999978425694017 -0.0022591172753018253 -0.000309901907438917 0.002259158631936581 0.9999977687742406 0.060914166000543446 0.051968299474950186 -0.10953423013154406
FixedParameters: 0 0 0
#Transform 49
Transform: MatrixOffsetTransformBase_double_3_3
Parameters: 0.9999991438805241 -0.0000798636723803018 0.0009174488944063558 0.0000833400507775781 0.9999914857368435 -0.004063049763442837 -0.0009176364590617325 0.0040627913432518 0.9999916585035028 0.022242392538927902 0.13661168926408607 -0.2643650195688707
FixedParameters: 0 0 0
#Transform 50
Transform: MatrixOffsetTransformBase_double_3_3
Parameters: 0.9999994585718077 0.00003553107761509672 0.00068557797716913 -0.000033031267967862055 0.9999965021624871 -0.002548916200121887 -0.0006853837394662776 0.0025487669725018152 0.999996103924949 0.010917800138514622 0.13122567751732106 -0.2770939485873498
FixedParameters: 0 0 0
#Transform 51
Transform: MatrixOffsetTransformBase_double_3_3
Parameters: 0.9999998557216743 0.00005929161442163304 0.00026550525687008 -0.000057953350648728904 0.9999966451190928 -0.0025202202968067776 -0.0002654322606292364 0.0025201892441345654 0.9999966484493096 0.06335078802692351 0.10545450063925443 -0.18749323319102018
FixedParameters: 0 0 0
#Transform 52
Transform: MatrixOffsetTransformBase_double_3_3
Parameters: 0.9999995845072821 -0.0006310424424667703 0.00019527176173288197 0.0006317495573705782 0.9999982891338511 -0.0018198230209831982 -0.00019338060628545928 0.001820068393930497 0.9999986291013856 0.06947103412120725 0.10460155773284896 -0.17559192158429937
FixedParameters: 0 0 0
#Transform 53
Transform: MatrixOffsetTransformBase_double_3_3
Parameters: 0.9999999242055234 -0.0002631361543291991 0.0001945063893729615 0.00026413155038567353 0.9999963539625388 -0.002564421333780479 -0.00019376481370229903 0.0025645236628422437 0.9999963543793137 0.07663511367756826 0.12804564016407483 -0.25896356631650974
FixedParameters: 0 0 0
#Transform 54
Transform: MatrixOffsetTransformBase_double_3_3
Parameters: 0.9999997881910064 -0.0006403462219208554 0.0009614281876319103 0.0006423177303736274 0.9999975544893064 -0.002008360283827453 -0.000960237265276706 0.0020083942608036696 0.9999979211388706 0.11181670684284484 0.11218260876280794 -0.21260177080802123
FixedParameters: 0 0 0
#Transform 55
Transform: MatrixOffsetTransformBase_double_3_3
Parameters: 0.9999998704062275 -0.0004187497294425983 0.00019511305593616912 0.0004193391511097653 0.9999911735703847 -0.0040804959527066895 -0.000193320923552745 0.004080556335525537 0.9999912278292218 0.08712742544871332 0.16130227976330502 -0.24547039453779007
FixedParameters: 0 0 0
#Transform 56
Transform: MatrixOffsetTransformBase_double_3_3
Parameters: 0.9999995818298958 -0.0004131009252552524 0.0005379183212278343 0.0004149902698373998 0.9999966208848248 -0.002684529406742551 -0.0005365087462329554 0.0026848719246606745 0.9999964619621581 0.12691712759225027 0.12015564779319732 -0.20175703819539592
FixedParameters: 0 0 0
#Transform 57
Transform: MatrixOffsetTransformBase_double_3_3
Parameters: 0.9999999634615931 -0.00022891817434567938 0.00012432388588164145 0.00022947123725708803 0.9999979779375222 -0.0022292160715668193 -0.0001239126146071884 0.0022292729334635526 0.999997983665101 0.0814046378063722 0.07913614937847058 -0.13695599491173027
FixedParameters: 0 0 0
#Transform 58
Transform: MatrixOffsetTransformBase_double_3_3
Parameters: 0.9999998296805723 -0.0004058863603627706 0.00038589835535687844 0.0004069491414869672 0.9999967143826142 -0.0026682985992393755 -0.0003855220567762496 0.002668509667803458 0.999996587262738 0.09617708896105626 0.11909888250876577 -0.2712822722890422
FixedParameters: 0 0 0
#Transform 59
Transform: MatrixOffsetTransformBase_double_3_3
Parameters: 0.9999993535635912 -0.0004822499254769012 -0.0006668718182892275 0.0004809528696512212 0.9999967132278558 -0.0024608949058088827 0.0006686303341205818 0.002460456295805073 0.999996467668495 0.13616794496604712 0.09424953865242003 -0.17174133968106275
FixedParameters: 0 0 0
#Transform 60
Transform: MatrixOffsetTransformBase_double_3_3
Parameters: 0.9999996560408184 -0.000565827807926587 0.00021129215899834408 0.0005667214263422807 0.9999971628219287 -0.0021250870284715787 -0.00020929231296216988 0.0021253251742478843 0.9999974183353145 0.08654040421656362 0.07600534778582357 -0.17467286793475978
FixedParameters: 0 0 0
#Transform 61
Transform: MatrixOffsetTransformBase_double_3_3
Parameters: 0.9999995576685115 -0.0005052417768823689 0.000568444363037407 0.0005078642285038527 0.9999873090173168 -0.004942949513155497 -0.0005660808159714675 0.00494321820096143 0.9999881080887039 0.09045531144856511 0.13873464354760756 -0.3385606802195582
FixedParameters: 0 0 0
#Transform 62
Transform: MatrixOffsetTransformBase_double_3_3
Parameters: 0.9999992716056869 -0.0008186448649295252 0.0005695304671646251 0.0008203932578986508 0.9999945081591205 -0.0032890279760471775 -0.0005673173071815141 0.003289754767868517 0.999994590551893 0.12074840758181438 0.09579682349058771 -0.25291457519308835
FixedParameters: 0 0 0
#Transform 63
Transform: MatrixOffsetTransformBase_double_3_3
Parameters: 0.9999992630272434 -0.0006637347838297049 -0.0006632715406845735 0.0006621510833784605 0.9999963281285016 -0.0026896632366643354 0.0006650430669933316 0.002688987093312834 0.9999961826781568 0.14240951999425988 0.09779483397566935 -0.2030461367960612
FixedParameters: 0 0 0
#Transform 64
Transform: MatrixOffsetTransformBase_double_3_3
Parameters: 0.9999989746768109 -0.001052755291136626 0.0005711851703395915 0.0010557584705070922 0.9999896237403296 -0.004388646437481542 -0.0005669020307852435 0.004389641253798025 0.999990001648914 0.1031767941220636 0.16591429653180967 -0.25780745325143073
FixedParameters: 0 0 0
#Transform 65
Transform: MatrixOffsetTransformBase_double_3_3
Parameters: 0.9999992138875645 -0.0009248482753820716 -0.00023192146858820595 0.0009239436081218053 0.9999973833574426 -0.001939835734952985 0.0002341213003437953 0.001939404799246829 0.9999980608716444 0.13946075658111567 0.09665451853597062 -0.21993552246918568
FixedParameters: 0 0 0
#Transform 66
Transform: MatrixOffsetTransformBase_double_3_3
Parameters: 0.9999997925272258 -0.00047390474503627896 0.00012117155673485591 0.0004735345085096251 0.9999960250817727 -0.0025981543954245387 -0.00011932002643567918 0.002598165986351929 0.999996203742456 0.08062699143852115 0.09396442365172675 -0.18572270450172823
FixedParameters: 0 0 0
#Transform 67
Transform: MatrixOffsetTransformBase_double_3_3
Parameters: 0.9999996102820312 -0.0004935897031381846 0.0005214238282506278 0.0004956264455249341 0.9999884580529406 -0.0048265948002625325 -0.0005190899742571614 0.004826802413150717 0.9999883067516236 0.13283315113105232 0.12798088060090151 -0.3264092278639623
FixedParameters: 0 0 0
#Transform 68
Transform: MatrixOffsetTransformBase_double_3_3
Parameters: 0.999999423850938 -0.0007436234809971802 -0.0005112509597037379 0.0007405259849247526 0.9999878961481212 -0.004955391381635165 0.0005149791389418845 0.004954834193795678 0.9999879455067652 0.1711893134425253 0.1156350237240531 -0.2702980045136485
FixedParameters: 0 0 0
#Transform 69
Transform: MatrixOffsetTransformBase_double_3_3
Parameters: 0.9999992297849887 -0.001072154338796676 0.0009364164610945191 0.0010750986983945182 0.9999941248517944 -0.0031176221299135734 -0.0009326956555637811 0.0031183279756205047 0.9999951496189186 0.1405718324147074 0.07401060540141202 -0.21091228042897114
FixedParameters: 0 0 0
#Transform 70
Transform: MatrixOffsetTransformBase_double_3_3
Parameters: 0.9999992587815099 -0.0014774858092469851 -0.00041436685491512415 0.0014756040856361708 0.9999883897684329 -0.004629771102845995 0.0004211058657760669 0.004628740418349527 0.999988781766895 0.14196163079792257 0.13445802115575134 -0.3150751497748132
FixedParameters: 0 0 0
#Transform 71
Transform: MatrixOffsetTransformBase_double_3_3
Parameters: 0.999999348180813 -0.0008852121923051594 -0.0010554600674988618 0.0008821848869858099 0.9999954031178611 -0.0027961029630215544 0.0010576276531882312 0.002795538066606289 0.9999958210166334 0.1786640844333931 0.1215544704334377 -0.1836871176034407
FixedParameters: 0 0 0
#Transform 72
Transform: MatrixOffsetTransformBase_double_3_3
Parameters: 0.9999985602459792 -0.0013894310346505782 -0.000009647187563105453 0.001389332581319085 0.999991927477026 -0.003891299753222443 0.000014915666157702678 0.0038912640845016307 0.9999923669300979 0.15367518145758652 0.1253363240411005 -0.1897547202740668
FixedParameters: 0 0 0
#Transform 73
Transform: MatrixOffsetTransformBase_double_3_3
Parameters: 0.9999993405417392 -0.0007248867585532853 0.0005370904268386933 0.0007261647965868076 0.9999951725064555 -0.0030494637892334716 -0.0005346607609680587 0.0030500366112879334 0.9999952578499909 0.09313732172732614 0.10125352901324902 -0.22892853572204785
FixedParameters: 0 0 0
#Transform 74
Transform: MatrixOffsetTransformBase_double_3_3
Parameters: 0.9999985893309589 -0.0010079352881321828 0.0008694463593962587 0.001012272054422511 0.9999851013360832 -0.0053731926397760366 -0.000863598571872487 0.005374431327262182 0.9999850108006881 0.12389343677725151 0.1569361354250418 -0.3367752823869523
FixedParameters: 0 0 0
#Transform 75
Transform: MatrixOffsetTransformBase_double_3_3
Parameters: 0.9999986507308662 -0.0013602422259046407 0.00010074637296338118 0.0013611036258765288 0.9999895766220191 -0.004423874070029686 -0.00009465863346634629 0.004424138392293253 0.9999899068001583 0.167440563261664 0.13010877958035394 -0.23345607626926324
FixedParameters: 0 0 0
#Transform 76
Transform: MatrixOffsetTransformBase_double_3_3
Parameters: 0.9999994441140907 -0.0008300110942146557 -0.0000997584013241043 0.000830466805572938 0.9999962242975863 -0.0026620707177529078 0.00010238496144525377 0.0026620050446983456 0.9999967596471321 0.16678273535025312 0.08009303979014248 -0.15617362537764734
FixedParameters: 0 0 0
#Transform 77
Transform: MatrixOffsetTransformBase_double_3_3
Parameters: 0.999999343126528 -0.000971247083761293 -0.00025078199086199515 0.0009705594821030786 0.9999852277795226 -0.005275506093173538 0.0002562172168115162 0.005275218085414656 0.99998575591729 0.14967373767152026 0.1391045248082321 -0.3073537970283695
FixedParameters: 0 0 0
#Transform 78
Transform: MatrixOffsetTransformBase_double_3_3
Parameters: 0.9999986021856463 -0.0010452358272447855 0.0007962741951522551 0.001049725299776703 0.9999887135433833 -0.0047098375262702745 -0.0007908047424370068 0.004711192728850072 0.9999888522545901 0.14384045093810016 0.13138481427151305 -0.24876811052072867
FixedParameters: 0 0 0
#Transform 79
Transform: MatrixOffsetTransformBase_double_3_3
Parameters: 0.9999991664559242 -0.001006344252668714 0.0002772319405902751 0.0010070989877820494 0.9999948888538089 -0.0031774424743831018 -0.00027380914239537313 0.0031778936206217 0.9999945706806771 0.1590241242348185 0.09041664046465314 -0.18546716327702484
FixedParameters: 0 0 0
#Transform 80
Transform: MatrixOffsetTransformBase_double_3_3
Parameters: 0.999998958799411 -0.0013822230936907799 0.0008082459034558231 0.0013860248988387318 0.999987302754186 -0.0047724856368445215 -0.0008011863498446209 0.004773308805442383 0.9999880502632067 0.13229620564199251 0.15946570088577516 -0.29548033391699846
FixedParameters: 0 0 0
#Transform 81
Transform: MatrixOffsetTransformBase_double_3_3
Parameters: 0.9999986821886977 -0.0016998470075380745 0.00017852433595465234 0.0017003889790677851 0.9999886062948751 -0.004415987863375398 -0.00017023460764639675 0.0044164768387080005 0.999989863396484 0.17926225314910482 0.13430183848241484 -0.23516391935569914
FixedParameters: 0 0 0
#Transform 82
Transform: MatrixOffsetTransformBase_double_3_3
Parameters: 0.9999991516031498 -0.0010503743389256447 -0.00003275442008014717 0.0010501634715061811 0.9999946705401169 -0.0030375298464450674 0.000036159020356862914 0.0030374572042431783 0.9999955165625775 0.11269262409238934 0.10035167793651567 -0.15959507441004916
FixedParameters: 0 0 0
#Transform 83
Transform: MatrixOffsetTransformBase_double_3_3
Parameters: 0.9999987620209666 -0.0011998646280885566 -0.00043249165758035835 0.0011983606112524903 0.9999913815797037 -0.0038962141740480683 0.0004372694639598329 0.0038963701829005395 0.9999922400751893 0.14459419964511255 0.16917295232070728 -0.28699120952130386
FixedParameters: 0 0 0
#Transform 84
Transform: MatrixOffsetTransformBase_double_3_3
Parameters: 0.9999983831099183 -0.001656088994877606 -0.0005772521388096724 0.0016543192837276091 0.9999937777383541 -0.003238547018866905 0.0005830352893356622 0.0032368295939357752 0.9999947212813208 0.1849381927698346 0.1632159144504186 -0.15779858406753533
FixedParameters: 0 0 0
#Transform 85
Transform: MatrixOffsetTransformBase_double_3_3
Parameters: 0.9999989658533195 -0.0015669875446090175 -0.00022297294875861517 0.0015653141674304677 0.9999919076205621 -0.0036935212900783775 0.0002294036568976643 0.00369281127460019 0.999992839444743 0.13782274624780655 0.1358249959453559 -0.13173092556267818
FixedParameters: 0 0 0
#Transform 86
Transform: MatrixOffsetTransformBase_double_3_3
Parameters: 0.9999986398362828 -0.0017056484085572511 -0.0001050017196094627 0.0017059367806181993 0.9999934127784784 -0.003267778516573593 0.00011023609312220406 0.0032675120542911902 0.9999947496736855 0.06247836882866409 0.12849654974931468 -0.18264217040506026
FixedParameters: 0 0 0
#Transform 87
Transform: MatrixOffsetTransformBase_double_3_3
Parameters: 0.9999989544343246 -0.0015490856868120512 -0.0005082444101933981 0.0015474906142073732 0.999988612167612 -0.004471731879683743 0.0005151573776115415 0.004470453623984975 0.9999901337392024 0.14824678421646809 0.15639656420538017 -0.21039049216476258
FixedParameters: 0 0 0
#Transform 88
Transform: MatrixOffsetTransformBase_double_3_3
Parameters: 0.9999986657753669 -0.001672932485966132 -0.0002936646036605234 0.00167221843691202 0.9999948790247495 -0.0028854917159184617 0.0002976055607290945 0.0028846034686599515 0.9999960383439253 0.16553616659376758 0.08571170601580036 -0.16955172527194406
FixedParameters: 0 0 0
#Transform 89
Transform: MatrixOffsetTransformBase_double_3_3
Parameters: 0.9999989549820204 -0.0009892694925885794 -0.0004463792052077642 0.0009880847264457818 0.9999961096990831 -0.0024320276351599518 0.00044959725099021075 0.0024312439656047208 0.9999967532235448 0.14337025611915521 0.11486212806286744 -0.2269453243574162
FixedParameters: 0 0 0
#Transform 90
Transform: MatrixOffsetTransformBase_double_3_3
Parameters: 0.9999989846480668 -0.0016012584658233562 0.0004059832655078227 0.0016039364823543128 0.9999887457183897 -0.004436713126923993 -0.0003996716114529064 0.004436906481737179 0.9999904376630439 0.1503702042796533 0.14454727823083147 -0.2375405217047728
FixedParameters: 0 0 0
#Transform 91
Transform: MatrixOffsetTransformBase_double_3_3
Parameters: 0.999999181075732 -0.0014948407824768959 0.00015374061090515923 0.0014947027000947704 0.9999947571271979 -0.0028297451659986916 -0.00014980677036528778 0.00283009511142677 0.9999955300878527 0.16570585580331 0.08834376425029689 -0.16089724224613633
FixedParameters: 0 0 0
#Transform 92
Transform: MatrixOffsetTransformBase_double_3_3
Parameters: 0.9999984368815489 -0.00178986075263211 0.00018278618407314984 0.0017901504746373879 0.9999919818651998 -0.003579380831672348 -0.00017706602607794886 0.003579920939372556 0.9999934803435659 0.15053094619354113 0.11717738634727937 -0.28051738691449657
FixedParameters: 0 0 0
#Transform 93
Transform: MatrixOffsetTransformBase_double_3_3
Parameters: 0.9999980344760558 -0.0019446698050087862 -0.0003358418391688489 0.001943337155685609 0.99998687255848 -0.004727508052941538 0.000344149934699986 0.004727383502881042 0.9999886056481327 0.1870862684309742 0.12849621555004376 -0.24205381416236094
FixedParameters: 0 0 0
#Transform 94
Transform: MatrixOffsetTransformBase_double_3_3
Parameters: 0.9999988444452438 -0.001429348620932982 -0.0006710616905646616 0.001426966656092063 0.9999960453511411 -0.0024326065762742275 0.0006744605577018586 0.0024317816615897847 0.9999972945540445 0.20774717334568038 0.08163237302194659 -0.20859689000070603
FixedParameters: 0 0 0
#Transform 95
Transform: MatrixOffsetTransformBase_double_3_3
Parameters: 0.9999978913702331 -0.0022130156032060793 -0.00048231817630699225 0.002210389490269187 0.9999867393766664 -0.004730556565049995 0.0004923912034000971 0.004728602261655631 0.9999883727625571 0.1952214474889189 0.15500125599935188 -0.22785156883450952
FixedParameters: 0 0 0
#Transform 96
Transform: MatrixOffsetTransformBase_double_3_3
Parameters: 0.999997696707244 -0.0019762142411787155 -0.00045239185794124226 0.001974200564396059 0.9999888845229908 -0.004268151159629607 0.00046056549420513127 0.004267545358897292 0.9999907698283882 0.21692947223139925 0.13190291547398658 -0.1515585009759377
FixedParameters: 0 0 0
#Transform 97
Transform: MatrixOffsetTransformBase_double_3_3
Parameters: 0.9999977677251227 -0.002141940437996479 -0.0007441460462517258 0.002138113121790491 0.9999873853871681 -0.004477045505000778 0.0007536382757448168 0.004475139869968864 0.9999894946288692 0.19664707726127517 0.17601994958693012 -0.24473420987888517
FixedParameters: 0 0 0
#Transform 98
Transform: MatrixOffsetTransformBase_double_3_3
Parameters: 0.9999975318169927 -0.001899994122273827 -0.0007434084252436052 0.0018970788014202248 0.9999903598902722 -0.0038784286524738004 0.0007506281150114341 0.0038768930967254455 0.9999927106496135 0.2108060734347248 0.126696742923599 -0.18130279260158488
FixedParameters: 0 0 0
#Transform 99
Transform: MatrixOffsetTransformBase_double_3_3
Parameters: 0.9999983239716771 -0.0016739331072302083 -0.0005676881521221588 0.0016726408086072948 0.9999949291564745 -0.002876793165461331 0.000572581298767666 0.002875088267911092 0.9999959548646973 0.16976515888586619 0.0885728150459073 -0.18315853697409068
FixedParameters: 0 0 0
#Transform 100
Transform: MatrixOffsetTransformBase_double_3_3
Parameters: 0.9999986364273517 -0.001693437600758974 0.0005036511136579935 0.0016958276456835784 0.9999840660854427 -0.0053901998670828535 -0.0004941020916199718 0.005391581983278692 0.9999849322170183 0.1282791304985551 0.1434291267218697 -0.32999949808737483
FixedParameters: 0 0 0
#Transform 101
Transform: MatrixOffsetTransformBase_double_3_3
Parameters: 0.9999977742307181 -0.0019032424742528409 -0.0005653393062250711 0.0018999511701222882 0.9999877836444891 -0.004539289197790565 0.0005746906861356788 0.004538318885863719 0.9999893583343126 0.205078282406717 0.1285211521004186 -0.2279586385020309
FixedParameters: 0 0 0
#Transform 102
Transform: MatrixOffsetTransformBase_double_3_3
Parameters: 0.999997371651188 -0.002016703261852787 -0.0006060517208762994 0.0020142805535136774 0.9999880930256931 -0.004341696257950118 0.0006148640622716389 0.004340535287990424 0.9999899747073384 0.1811916135751943 0.11019003237485947 -0.15093982508317083
FixedParameters: 0 0 0
#Transform 103
Transform: MatrixOffsetTransformBase_double_3_3
Parameters: 0.9999968994042675 -0.002484372194417 -0.00022599517536305014 0.0024831903404466896 0.9999858956181026 -0.004684014541087609 0.00023743435821703407 0.004682962547701583 0.999988888725029 0.17867560033056407 0.14678128524293754 -0.25050368948183177
FixedParameters: 0 0 0
#Transform 104
Transform: MatrixOffsetTransformBase_double_3_3
Parameters: 0.9999982941390692 -0.002045382109461691 -0.0005630923929475923 0.0020435921073337633 0.999989155517354 -0.0042039351075064645 0.0005717948782030663 0.004201919883471348 0.9999912170749443 0.1844712647484812 0.16158610282010955 -0.14722038198823384
FixedParameters: 0 0 0
#Transform 105
Transform: MatrixOffsetTransformBase_double_3_3
Parameters: 0.9999987216304355 -0.0016785986159605852 -0.00010144302434982044 0.0016789675749005048 0.9999941515054757 -0.0030051533176996712 0.00010582265676489788 0.003004906063286007 0.999995408290864 0.13528207653855873 0.11360592046014517 -0.11980476594982292
FixedParameters: 0 0 0
#Transform 106
Transform: MatrixOffsetTransformBase_double_3_3
Parameters: 0.9999985235957729 -0.001667590824600839 -0.0006327980974460135 0.0016649754209017082 0.9999895813222808 -0.004318134039288475 0.00063947959301551 0.004317313950911445 0.9999902470320481 0.16398494938398755 0.1518303982608984 -0.2680444459080462
FixedParameters: 0 0 0
#Transform 107
Transform: MatrixOffsetTransformBase_double_3_3
Parameters: 0.9999965220069446 -0.002447237090945533 -0.0006917388679261588 0.0024445369936026973 0.9999895624437865 -0.003932003066641181 0.0007007329452826533 0.003930890543601852 0.9999920685701151 0.2198062591349128 0.163120274760999 -0.19015495059629473
FixedParameters: 0 0 0
#Transform 108
Transform: MatrixOffsetTransformBase_double_3_3
Parameters: 0.9999976393122776 -0.0022396803471492676 -0.0003149387121448022 0.0022385107938824424 0.9999925384675376 -0.003232579362734838 0.00032174606343073064 0.0032322479681963262 0.9999946953376574 0.19336003575551786 0.09041301140075575 -0.1741598152073749
FixedParameters: 0 0 0
#Transform 109
Transform: MatrixOffsetTransformBase_double_3_3
Parameters: 0.9999975891220704 -0.0020817399281445256 0.00007597580854193375 0.0020824130751162934 0.9999868924735746 -0.004771887132214984 -0.00006617558279796432 0.004772180077864656 0.999988293249201 0.18994169090444757 0.13562905994689345 -0.2993932595615405
FixedParameters: 0 0 0
#Transform 110
Transform: MatrixOffsetTransformBase_double_3_3
Parameters: 0.9999973983684277 -0.0023605723270705395 -0.0002236527631757912 0.002359414412519235 0.9999865078030182 -0.004682638111058192 0.0002349051457782858 0.004681655087759588 0.9999890041916029 0.1984411255292997 0.12693406951387942 -0.21760763233794478
FixedParameters: 0 0 0
#Transform 111
Transform: MatrixOffsetTransformBase_double_3_3
Parameters: 0.9999985139901585 -0.0019876420532203005 -0.00025383188658982536 0.001987268259091557 0.9999939602740948 -0.002663120766558052 0.0002591128417100408 0.0026622020307962013 0.9999963146224707 0.16511447201718 0.07640108975050452 -0.2048417904673272
FixedParameters: 0 0 0
#Transform 112
Transform: MatrixOffsetTransformBase_double_3_3
Parameters: 0.9999974258031898 -0.0023080864950358014 -0.00037956800030593263 0.0023066431680704427 0.9999880042653594 -0.004321431610177395 0.00039004726241938237 0.004320852178761414 0.9999902810683948 0.1658646443383276 0.17083403064494007 -0.25365910841651385
FixedParameters: 0 0 0
#Transform 113
Transform: MatrixOffsetTransformBase_double_3_3
Parameters: 0.9999975099764561 -0.0022657382916720717 0.00009125125097149411 0.002266306042821993 0.9999921305016294 -0.0032761698061290457 -0.00008309108403961596 0.003276562131338064 0.9999946053289783 0.17178598988807892 0.09625219950348196 -0.1574130714717512
FixedParameters: 0 0 0
#Transform 114
Transform: MatrixOffsetTransformBase_double_3_3
