#Insight Transform File V1.0
#Transform 0
Transform: MatrixOffsetTransformBase_double_3_3
Parameters: 0.9999984995696048 0.0017845570430444532 -0.0000041634660290640335 -0.0017845644108607074 0.9999963732020545 -0.0018552932646923202 6.824079601952526e-7 0.0018553001680669244 0.9999978736216537 0.007798263210915479 -0.005677727480829731 -0.28441067510831886
FixedParameters: 0 0 0
#Transform 1
Transform: MatrixOffsetTransformBase_double_3_3
Parameters: 0.9999985270604957 0.0014722204028236943 -0.00010884816275164022 -0.0014716545963133034 0.9999968089516775 -0.00200590467038246 0.00010567556589459459 0.0020063220060554414 0.9999982587758496 0.015084583062360934 0.01925687792297026 -0.10644118654366252
FixedParameters: 0 0 0
#Transform 2
Transform: MatrixOffsetTransformBase_double_3_3
Parameters: 0.9999980636049682 0.0016794500307928016 -0.00005950452210513879 -0.0016795008429918144 0.9999989917935191 -0.0004329908244793986 0.00005923239409394432 0.00043318828614427737 0.9999999211404373 -0.03336851942124497 0.011857098141604183 -0.16342959499411336
FixedParameters: 0 0 0
#Transform 3
Transform: MatrixOffsetTransformBase_double_3_3
Parameters: 0.9999995340721972 0.000841866089224281 0.00004946271234371191 -0.000842131040906692 0.9999959301148603 0.002713058400854865 -0.0000476661116600996 -0.0027131404375163553 0.9999963913259649 -0.0554350784141775 -0.02774493874790096 -0.10456300312755218
FixedParameters: 0 0 0
#Transform 4
Transform: MatrixOffsetTransformBase_double_3_3
Parameters: 0.9999999287251106 -0.0006808285152555513 0.00024964793833606724 0.0006799578559252804 0.9999829031573478 0.005884774981927781 -0.0002540603250980461 -0.005885222878896535 0.9999828483888732 -0.01723212935038987 -0.08412898318049145 0.10293925261349557
FixedParameters: 0 0 0
#Transform 5
Transform: MatrixOffsetTransformBase_double_3_3
Parameters: 0.9999992388167588 0.0009607097382051984 0.0005078681277780883 -0.0009634094208306606 0.999988629168936 0.004630516289823403 -0.0005041347439575655 -0.004631285733611127 0.999988878062298 0.007684234892678887 -0.012826263875851396 0.039383757006433484
FixedParameters: 0 0 0
#Transform 6
Transform: MatrixOffsetTransformBase_double_3_3
Parameters: 0.9999994491909661 0.0008835157507570706 0.00007040076827562192 -0.000883854265382537 0.9999963417626196 0.00242425784765912 -0.0000686848189087319 -0.0024243809992072116 0.9999968828994268 0.045640649578572834 -0.06518149461636824 -0.007312791543668595
FixedParameters: 0 0 0
#Transform 7
Transform: MatrixOffsetTransformBase_double_3_3
Parameters: 0.9999996272307425 0.00019002194297207788 0.000614990841832988 -0.0001922289568447063 0.9999961871869901 0.0026030715899254555 -0.0006148104248765857 -0.0026032033432212315 0.9999968036423376 0.030061155575609178 -0.09192950433178737 0.017521155464933713
FixedParameters: 0 0 0
#Transform 8
Transform: MatrixOffsetTransformBase_double_3_3
Parameters: 0.9999991042131886 0.000934765362538399 0.0005065155094451101 -0.0009362410150868547 0.9999961608511783 0.0024417121613128827 -0.0005045154923064565 -0.0024425559278916298 0.9999965454389282 0.00948371505754153 -0.06341110425127283 -0.04053955303561452
FixedParameters: 0 0 0
#Transform 9
Transform: MatrixOffsetTransformBase_double_3_3
Parameters: 0.9999991638691337 0.0009079395696555596 0.0005065357561654799 -0.0009097100314990608 0.9999962452514719 0.0026324530080814963 -0.0005045237530729579 -0.0026322750850815238 0.9999965691259831 0.010017873296902735 -0.03723029221698937 -0.04906740292555867
FixedParameters: 0 0 0
#Transform 10
Transform: MatrixOffsetTransformBase_double_3_3
Parameters: 0.9999997438216041 0.000532177681539035 0.00006574882816788585 -0.0005325013135764296 0.9999964783603434 0.0024976124320739506 -0.00006370021952444016 -0.00249768137574051 0.9999967261604741 0.05523581117449794 -0.07894386829561029 0.0069475505398770565
FixedParameters: 0 0 0
#Transform 11
Transform: MatrixOffsetTransformBase_double_3_3
Parameters: 0.9999998458554504 0.00024102895383380592 0.0003421723653156544 -0.0002414533480419932 0.9999976352872537 0.00207519437034713 -0.0003415786790728209 -0.0020752570389777963 0.9999975555682493 0.04575279275830724 -0.06473874695210213 0.02238766444386897
FixedParameters: 0 0 0
#Transform 12
Transform: MatrixOffsetTransformBase_double_3_3
Parameters: 0.9999996663172781 0.0011363384647998668 0.0005064095134416358 -0.001137192945742751 0.9999973650364281 0.0018278018919580738 -0.0005044149343805121 -0.0018288488839307865 0.9999981877299886 0.0251365122018683 -0.015153330496559647 -0.04641368025143322
FixedParameters: 0 0 0
#Transform 13
Transform: MatrixOffsetTransformBase_double_3_3
Parameters: 0.9999999636479209 0.00019068321135251226 0.0001451005051767984 -0.00019030032494514302 0.9999975091583239 0.0021106159627151144 -0.00014470397813734492 -0.0021105688875535126 0.9999975034115349 0.041389145200838584 -0.006317922484711858 -0.039752520873506114
FixedParameters: 0 0 0
#Transform 14
Transform: MatrixOffsetTransformBase_double_3_3
Parameters: 0.9999996742843356 -0.00035663523158878694 0.00034335150022105076 0.00035544187694076747 0.9999988576166438 0.0017366765458726979 -0.00034401605324882456 -0.0017364317316902233 0.9999989470948636 0.06461423068326155 -0.03834521792903445 0.01057275962939741
FixedParameters: 0 0 0
#Transform 15
Transform: MatrixOffsetTransformBase_double_3_3
Parameters: 0.9999999896102048 0.00001077476603003193 0.00014391062459810644 -0.000011253101262091128 0.9999982423087656 0.0016605904643329544 -0.0001440775757416829 -0.0016605936466428924 0.9999982112299366 0.04049303209345112 0.006962026469423677 -0.04775935077411475
FixedParameters: 0 0 0
#Transform 16
Transform: MatrixOffsetTransformBase_double_3_3
Parameters: 0.9999996834447915 -0.00026840983125385465 0.0005045868444725904 0.00026770999323017533 0.9999981150307691 0.0016774345556141632 -0.0005056900969485773 -0.0016770614487626834 0.9999979211501755 0.07670945665738316 -0.008473256366897886 -0.02031583150657923
FixedParameters: 0 0 0
#Transform 17
Transform: MatrixOffsetTransformBase_double_3_3
Parameters: 0.9999996861544557 -0.0003881997098818027 0.0002871891205840499 0.00038701729884190193 0.9999976248711124 0.002055563396321644 -0.000288210536749961 -0.00205534028138735 0.9999977731737243 0.10125891220727112 -0.028999072186394415 -0.013431566127593442
FixedParameters: 0 0 0
#Transform 18
Transform: MatrixOffsetTransformBase_double_3_3
Parameters: 0.9999999839754911 0.00006057571634398631 0.00015096433946573673 -0.00006106109863268202 0.999998413149496 0.0016072084173957253 -0.00015097237282785114 -0.0016072267912354897 0.9999983835910764 0.07449779159986747 -0.0024045284799143474 -0.043605723633277194
FixedParameters: 0 0 0
#Transform 19
Transform: MatrixOffsetTransformBase_double_3_3
Parameters: 0.9999995809344452 -0.0005390385527966816 0.00019327076470554427 0.0005383948975719384 0.9999979480685672 0.0016619440765971352 -0.00019428575110067015 -0.0016617351976519154 0.9999982920337631 0.07511561712995274 -0.04207364469134234 -0.00999257438478196
FixedParameters: 0 0 0
#Transform 20
Transform: MatrixOffsetTransformBase_double_3_3
Parameters: 1.000000011272607 -0.000007574117870353932 0.0000977840449163242 0.000007147362785107447 0.9999972642028889 0.0021761748285568957 -0.00009822314302393442 -0.002176173406859929 0.9999972337209718 0.06298100972298926 -0.07324966385633047 -0.046309209959431996
FixedParameters: 0 0 0
#Transform 21
Transform: MatrixOffsetTransformBase_double_3_3
Parameters: 0.999999932775072 0.00019680937440574539 0.00022210880536648048 -0.00019774282444308934 0.9999975390470665 0.002102818036393648 -0.00022168617597422002 -0.0021029056081273293 0.9999975077947203 0.06718551559892205 -0.019375656394871044 -0.027570557200405688
FixedParameters: 0 0 0
#Transform 22
Transform: MatrixOffsetTransformBase_double_3_3
Parameters: 0.9999999048132758 -0.00020187655298519927 0.0002546504750776529 0.000200986250990234 0.9999989151853184 0.0017448250625224965 -0.00025555691096101896 -0.001744723334865418 0.9999978802167211 0.04527947582025149 -0.05844826066105213 -0.011901580529396938
FixedParameters: 0 0 0
#Transform 23
Transform: MatrixOffsetTransformBase_double_3_3
Parameters: 0.9999999013890934 0.00004750771827271527 0.00012486676946475705 -0.00004805852983100838 0.9999970971022223 0.0022137250097532053 -0.0001240832019516469 -0.002213736821543973 0.9999971647251442 0.051465283668648 0.02119757417268886 -0.08151639528023225
FixedParameters: 0 0 0
#Transform 24
Transform: MatrixOffsetTransformBase_double_3_3
Parameters: 1.00000000626783 0.000004562333630156516 0.000120804427926266 -0.000005101268817996648 0.9999970440443744 0.0022261892944035093 -0.00012118997635078566 -0.002226190484725099 0.999997008495948 0.074012159792332 -0.01022926767888066 -0.06734649321178665
FixedParameters: 0 0 0
#Transform 25
Transform: MatrixOffsetTransformBase_double_3_3
Parameters: 0.9999999531338496 -0.000052503769643351094 0.0002547258501298111 0.00005254543453597448 0.9999985071608648 0.0018682539931211325 -0.00025532967810452945 -0.0018681249219100469 0.9999984238432365 0.0514193649054846 -0.03134889177620437 -0.0342951985534512
FixedParameters: 0 0 0
#Transform 26
Transform: MatrixOffsetTransformBase_double_3_3
Parameters: 0.9999999366343029 0.0002579918368222066 0.00008517272085561967 -0.00025826026985464596 0.9999984341512221 0.0015808691821619786 -0.00008456011175611566 -0.001580913005459341 0.9999984831123264 0.06047839381399456 0.002749538304840371 -0.039173593628461845
FixedParameters: 0 0 0
#Transform 27
Transform: MatrixOffsetTransformBase_double_3_3
Parameters: 0.999999505714509 0.0006009947213835531 0.000505592732538987 -0.0006019454750939815 0.9999983134158279 0.0018238078626266771 -0.0005047856844975357 -0.0018233186474823167 0.9999982961342039 0.0047172692024446405 -0.024610286930212055 -0.008719325228454977
FixedParameters: 0 0 0
#Transform 28
Transform: MatrixOffsetTransformBase_double_3_3
Parameters: 0.9999993995041393 0.0006914692938775205 0.000506063984827887 -0.0006919874111710476 0.9999963648601811 0.0024810311377051145 -0.0005042219237430673 -0.0024815255161888664 0.9999964548055961 0.005233564107953725 0.023971871879595597 -0.09179557175573905
FixedParameters: 0 0 0
#Transform 29
Transform: MatrixOffsetTransformBase_double_3_3
Parameters: 0.9999997088676426 0.0006082566873523474 0.00020871960286612812 -0.000609097356747904 0.9999975599035636 0.0020171987111053252 -0.00020764992929243886 -0.0020174522732764 0.9999977643539344 0.04720682060201398 0.005508616223124818 -0.030353643560943055
FixedParameters: 0 0 0
#Transform 30
Transform: MatrixOffsetTransformBase_double_3_3
Parameters: 0.999999378034587 0.0006993222014444781 0.0005055749749864197 -0.0006999596863090502 0.999998902567883 0.0016146242605424655 -0.0005047018806821346 -0.0016152289175659228 0.999999014097785 0.005142898477146218 -0.025235943851399156 -0.0336508003053666
FixedParameters: 0 0 0
#Transform 31
Transform: MatrixOffsetTransformBase_double_3_3
Parameters: 0.9999996416372514 0.0006280012977519957 0.0002754676012706181 -0.0006287763115199236 0.999998625163253 0.001406938334485576 -0.00027488177256726476 -0.0014072842846368976 0.9999988320836118 -0.0027374837153786302 0.008749244837318315 -0.044749097083212064
FixedParameters: 0 0 0
#Transform 32
Transform: MatrixOffsetTransformBase_double_3_3
Parameters: 0.9999994403883661 0.00040050856198729225 0.0006482835388852276 -0.0004017580838187901 0.9999988390215109 0.001731877476014039 -0.0006473015175920277 -0.0017322948989590132 0.9999985592561811 -0.021736375204795877 -0.03749368346966264 -0.01885503247363829
FixedParameters: 0 0 0
#Transform 33
Transform: MatrixOffsetTransformBase_double_3_3
Parameters: 0.9999992418892012 0.0008522678747509491 0.0005058297558227648 -0.0008529980433988217 0.9999983669097956 0.0017043659793656795 -0.0005052884216418252 -0.0017051260235749284 0.9999986137349286 -0.02726708602720862 -0.00013896845841543382 -0.06254795425526538
FixedParameters: 0 0 0
#Transform 34
Transform: MatrixOffsetTransformBase_double_3_3
Parameters: 0.9999990969993721 0.0009333144404968045 0.000505987558061638 -0.0009342130358798284 0.9999979947249499 0.0017703658123310966 -0.0005050471505119031 -0.001770213058424775 0.999998385495469 -0.017423348425182894 -0.016918869368950595 -0.04969902809078519
FixedParameters: 0 0 0
#Transform 35
Transform: MatrixOffsetTransformBase_double_3_3
Parameters: 0.999999988379631 0.0006784930759544003 0.0008147923706390142 -0.0006794646264987022 0.9999982335244165 0.0018176708882551283 -0.0008135070640104825 -0.0018185719822643802 0.9999979192538136 -0.01774357583951769 -0.0430906697639557 -0.011717360620892237
FixedParameters: 0 0 0
#Transform 36
Transform: MatrixOffsetTransformBase_double_3_3
Parameters: 0.999998946623175 0.0010106499423839378 0.0005060936669511878 -0.0010115576318967916 0.9999978118788424 0.0017794623779569725 -0.0005048609554562655 -0.0017793877370257368 0.9999983531064078 -0.0257131291776318 -0.0038081235429245908 -0.06155549491360546
FixedParameters: 0 0 0
#Transform 37
Transform: MatrixOffsetTransformBase_double_3_3
Parameters: 0.9999997194670832 0.00037021691261782585 0.00039224837570765725 -0.0003713632609051013 0.9999987228394924 0.0014626167921533845 -0.00039136714917963056 -0.0014629073605001153 0.9999986963452613 -0.02747560983340236 0.00023028448714512706 -0.0553521105502881
FixedParameters: 0 0 0
#Transform 38
Transform: MatrixOffsetTransformBase_double_3_3
Parameters: 0.9999992981875817 0.0007474592187265217 0.0005054639561596214 -0.0007477381213634909 0.999998853150806 0.001259830977458846 -0.0005047628837383106 -0.0012604840369883972 0.99999904457817 -0.031194025963557692 -0.011415754503104836 -0.026283827547175065
FixedParameters: 0 0 0
#Transform 39
Transform: MatrixOffsetTransformBase_double_3_3
Parameters: 0.9999990991044466 0.0008703943562705556 0.0005056867681764304 -0.0008709276234730915 0.9999982519936967 0.001410966488016649 -0.0005044130673932806 -0.0014107490057103957 0.9999986416036187 -0.047349271683827965 0.033430216838212345 -0.06091328650670391
FixedParameters: 0 0 0
#Transform 40
Transform: MatrixOffsetTransformBase_double_3_3
Parameters: 0.999999130183427 0.000612342885028457 0.0007855384191862574 -0.0006140361996477877 0.9999986955353145 0.0017108598929804872 -0.0007848263703915948 -0.0017117206508603195 0.9999983322213304 -0.012532071785543053 0.0036926064621667365 -0.038530483890085065
FixedParameters: 0 0 0
#Transform 41
Transform: MatrixOffsetTransformBase_double_3_3
Parameters: 0.9999994762886806 0.0006167386672912165 0.0005055604971242883 -0.0006173349971476778 0.9999981413333905 0.0015738997038291568 -0.0005048009775375922 -0.0015744209491691456 0.9999981545233371 -0.0020559769925938554 -0.0018229778136884534 -0.044169660566907964
FixedParameters: 0 0 0
#Transform 42
Transform: MatrixOffsetTransformBase_double_3_3
Parameters: 0.999999290902699 0.0007516801256491367 0.0005056751658485542 -0.0007532335593147383 0.9999980710907185 0.0015367318139705216 -0.0005045445395304576 -0.0015374920786355114 0.999998269914722 0.0022981508579817955 0.02290913423917118 -0.05124923635533207
FixedParameters: 0 0 0
#Transform 43
Transform: MatrixOffsetTransformBase_double_3_3
Parameters: 0.9999994818126504 0.0006123009207288894 0.0005054871796838362 -0.0006127839674214966 0.999998487302933 0.0014617741198936977 -0.0005048791769421829 -0.0014622908271671948 0.9999984949641406 0.005330064778277688 -0.028513660306018096 -0.02002876899069861
FixedParameters: 0 0 0
#Transform 44
Transform: MatrixOffsetTransformBase_double_3_3
Parameters: 0.9999992499487395 0.0008475206220464169 0.000505834755960291 -0.0008482634894759192 0.9999983320223123 0.0017169191595125164 -0.0005052883023157623 -0.001717674414238045 0.9999985707829501 -0.004630160740447309 0.027357713902702585 -0.08427603493308311
FixedParameters: 0 0 0
#Transform 45
Transform: MatrixOffsetTransformBase_double_3_3
Parameters: 0.9999993206751338 0.0007316864065227578 0.0005055621782944775 -0.0007331119637675442 0.9999984740771826 0.0014101303375770894 -0.0005046786755432964 -0.0014108703548123666 0.9999986431076662 0.01052356919443298 -0.003519958353393804 -0.03619015717190166
FixedParameters: 0 0 0
#Transform 46
Transform: MatrixOffsetTransformBase_double_3_3
Parameters: 0.9999998140440773 0.0005714223924842444 0.0009386806785010304 -0.0005732989005586828 0.9999974235003407 0.002060876962296501 -0.0009367291356800894 -0.0020617447586562575 0.9999978506628163 -0.012817756046587192 -0.002587940988689752 -0.05270099123951866
FixedParameters: 0 0 0
#Transform 47
Transform: MatrixOffsetTransformBase_double_3_3
Parameters: 0.9999996001169037 0.0005065372647846131 0.0005054111292994434 -0.000507068028687983 0.9999984658282842 0.0015088917092060488 -0.0005050646124488134 -0.0015093016357035525 0.9999983550747872 -0.0006138927217591572 0.03445836568006655 -0.05692884629212358
FixedParameters: 0 0 0
#Transform 48
Transform: MatrixOffsetTransformBase_double_3_3
Parameters: 0.999999535409716 0.0005758142589919324 0.0005055086776195039 -0.0005766752501564222 0.9999986594006592 0.0017349354595381334 -0.0005048960697965205 -0.0017344207719198297 0.9999986123973844 -0.0010717248314620065 0.01607209831716716 -0.05376930402043456
FixedParameters: 0 0 0
#Transform 49
Transform: MatrixOffsetTransformBase_double_3_3
Parameters: 0.9999997686725435 0.0008070317598250647 0.0008256547671211395 -0.0008083094772739023 0.9999986194945938 0.0013146970439236526 -0.0008245104201608927 -0.0013149328857748003 0.9999984881643532 -0.071115025848286 0.06827937780393256 -0.06841209514301738
FixedParameters: 0 0 0
#Transform 50
Transform: MatrixOffsetTransformBase_double_3_3
Parameters: 0.9999997943377718 0.00026980230410911357 0.0005051082412314833 -0.00027045771787636273 0.9999982638062439 0.001631869539066003 -0.0005056132057881663 -0.001632039355731946 0.9999989585837815 -0.040469404950641774 0.014096130732795586 -0.03725484868358819
FixedParameters: 0 0 0
#Transform 51
Transform: MatrixOffsetTransformBase_double_3_3
Parameters: 0.9999992548434001 0.0007757912665767413 0.0005056768470465683 -0.0007763200407962759 0.9999981251003185 0.0015072020960730978 -0.0005045200819446538 -0.0015078838807066172 0.9999983599016864 -0.09302078659916901 0.0008870143563939337 -0.0574110626308908
FixedParameters: 0 0 0
#Transform 52
Transform: MatrixOffsetTransformBase_double_3_3
Parameters: 0.9999991348317523 0.0009129318910042074 0.0005057712711153822 -0.00091361921353811 0.999998728868956 0.001561376869055995 -0.0005052851544848636 -0.0015612034196677434 0.9999990817857156 -0.10729075286990053 0.05021460110756948 -0.05566301456717326
FixedParameters: 0 0 0
#Transform 53
Transform: MatrixOffsetTransformBase_double_3_3
Parameters: 0.999999866713471 0.0008356374828290615 0.0007471533326705027 -0.0008369234911094228 0.9999977807676864 0.0021261186270008932 -0.0007449843307148762 -0.0021261672432164344 0.9999977995769224 -0.0578609241505319 -0.0002889497049665124 -0.06270557515703956
FixedParameters: 0 0 0
#Transform 54
Transform: MatrixOffsetTransformBase_double_3_3
Parameters: 0.9999992699155714 0.0004574602771689334 0.0008084285479294795 -0.00045896159126738024 0.9999973988575378 0.0020958921590708193 -0.0008080986714010252 -0.002095432616511579 0.9999978211202755 -0.05742499581371874 0.005340023536874128 -0.05369605697016766
FixedParameters: 0 0 0
#Transform 55
Transform: MatrixOffsetTransformBase_double_3_3
Parameters: 0.9999992972026442 0.001008145789506597 0.0009542804763735258 -0.0010099087718126783 0.9999971123000657 0.00196628656456316 -0.0009526768890759929 -0.001968005333813521 0.9999979966404295 -0.0977833387325262 0.001662489603475592 -0.052970179762610314
FixedParameters: 0 0 0
#Transform 56
Transform: MatrixOffsetTransformBase_double_3_3
Parameters: 0.9999993087135569 0.0009737679300247745 0.0009252237439455052 -0.0009753308825710262 0.999997566509414 0.001866342060940019 -0.0009227690400976651 -0.001866943783942802 0.9999975490153005 -0.09540290780209659 0.06496881361755413 -0.07322672254422002
FixedParameters: 0 0 0
#Transform 57
Transform: MatrixOffsetTransformBase_double_3_3
Parameters: 0.9999991035468341 0.0002687581042926179 0.001362201878937666 -0.00027229464034288616 0.9999971959330014 0.0023937427979302413 -0.001361518753185742 -0.002394171729929554 0.9999963827342497 -0.04297157654022499 0.028703869268412063 -0.046702691074003155
FixedParameters: 0 0 0
#Transform 58
Transform: MatrixOffsetTransformBase_double_3_3
Parameters: 0.9999987303025915 0.0007957903358752848 0.0009329787120399557 -0.0007978270549528755 0.999996942814415 0.0021029247004091377 -0.0009321969253563017 -0.002103210743218734 0.9999974718282628 -0.06785308002896784 0.04090814327662429 -0.07322409980790212
FixedParameters: 0 0 0
#Transform 59
Transform: MatrixOffsetTransformBase_double_3_3
Parameters: 0.999999191330148 0.0003291966445154111 0.0008492431742393308 -0.0003313819564264559 0.9999983825185175 0.0018728535532110493 -0.000848413428684483 -0.0018733119920307478 0.99999775006052 -0.07015216985959682 0.06282327150847777 -0.05618183969075119
FixedParameters: 0 0 0
#Transform 60
Transform: MatrixOffsetTransformBase_double_3_3
Parameters: 0.9999995842742541 0.0007714726056227816 0.00096597236789632 -0.0007732427366835062 0.9999978150375054 0.001894330210722959 -0.0009642295119767913 -0.001894621778588317 0.9999973666815705 -0.08265019106381999 0.02834894500210794 -0.034595385496729136
FixedParameters: 0 0 0
#Transform 61
Transform: MatrixOffsetTransformBase_double_3_3
Parameters: 0.9999994034142169 0.0006807825867704721 0.0005056927441193376 -0.0006817269314817218 0.9999982336282279 0.0018175728467333414 -0.0005046031510022586 -0.0018171641883720862 0.9999983187302652 -0.10299270859256637 0.059977680329296845 -0.08164248817853093
FixedParameters: 0 0 0
#Transform 62
Transform: MatrixOffsetTransformBase_double_3_3
Parameters: 0.9999997345698974 0.0003639401284709387 0.0005053083509256734 -0.00036485989242550425 0.999998281224674 0.0018935506541377664 -0.0005053148775995553 -0.0018938167502836863 0.9999980358691453 -0.040255566905401 0.031986711793308586 -0.055422873154086005
FixedParameters: 0 0 0
#Transform 63
Transform: MatrixOffsetTransformBase_double_3_3
Parameters: 0.99999976934767 0.0007445753278576803 0.0008939383379030219 -0.0007463219599068334 0.999997307936084 0.0020338922704577177 -0.0008922930165575216 -0.00203402355132617 0.9999979420362368 -0.10695169155737005 0.006863722934085104 -0.052657629309280196
FixedParameters: 0 0 0
#Transform 64
Transform: MatrixOffsetTransformBase_double_3_3
Parameters: 0.9999992313275142 0.0008584402863733871 0.0005058382616958401 -0.0008591718351045112 0.9999983516525823 0.0017057385375072274 -0.0005052735174102818 -0.0017065048179863806 0.9999986090458576 -0.09337250651405782 0.059584468097170884 -0.07618268666324468
FixedParameters: 0 0 0
#Transform 65
Transform: MatrixOffsetTransformBase_double_3_3
Parameters: 0.9999994870653032 0.0004623423644809507 0.0011965860203741047 -0.0004651399830191765 0.9999969465890955 0.0024158988851040327 -0.0011959361451660266 -0.002416700594991173 0.9999965971214995 -0.07816213234700342 0.023806255930495013 -0.04975677255099242
FixedParameters: 0 0 0
#Transform 66
Transform: MatrixOffsetTransformBase_double_3_3
Parameters: 0.9999992142314016 0.0005941979925887347 0.000751795929939375 -0.0005968383957802338 0.9999971189441335 0.0023510521775489965 -0.0007505859785548463 -0.00235084995830753 0.9999967749989997 -0.11230172209945977 0.042329594562801276 -0.06112957574227096
FixedParameters: 0 0 0
#Transform 67
Transform: MatrixOffsetTransformBase_double_3_3
Parameters: 0.9999992935414024 0.0008213047063442018 0.0005059639948987171 -0.0008222454999873869 0.9999976651871874 0.0019126295574021816 -0.0005051856016437956 -0.0019133584265921435 0.9999978603278972 -0.11528853332119127 0.07679238434243985 -0.0743695328807803
FixedParameters: 0 0 0
#Transform 68
Transform: MatrixOffsetTransformBase_double_3_3
Parameters: 0.999999195518808 0.0005867670560631189 0.0007635000878667558 -0.0005874714436010832 0.9999987747993844 0.0016975352697042375 -0.0007628940590371364 -0.001697232215330889 0.9999984131005203 -0.08743875390288736 0.020489261364076583 -0.024762213236044772
FixedParameters: 0 0 0
#Transform 69
Transform: MatrixOffsetTransformBase_double_3_3
Parameters: 0.9999989590523072 0.0006684350495238642 0.0008467559254088236 -0.0006697238518444726 0.9999978014028474 0.0019362933872440415 -0.0008455513896515054 -0.0019372212006175805 0.999997410184857 -0.10012788461853006 0.038331235367351724 -0.044171821307330106
FixedParameters: 0 0 0
#Transform 70
Transform: MatrixOffsetTransformBase_double_3_3
Parameters: 0.9999999149634633 0.0006913119320472323 0.0008539661545013122 -0.0006941589645929404 0.999997719436405 0.0021911312782060604 -0.0008523169348367554 -0.002191216354641921 0.9999973476347632 -0.08486780292567175 0.0579548428533343 -0.05079250207782593
FixedParameters: 0 0 0
#Transform 71
Transform: MatrixOffsetTransformBase_double_3_3
Parameters: 0.9999990577247833 0.0006230311649730058 0.0008227032120300959 -0.0006243593849290077 0.999997789614091 0.001955081419926185 -0.0008216516716629263 -0.0019549077683783775 0.9999973786958856 -0.08100241580505951 0.02045743568908165 -0.04352399705540222
FixedParameters: 0 0 0
#Transform 72
Transform: MatrixOffsetTransformBase_double_3_3
Parameters: 0.9999993129191801 0.0004618588951359515 0.0007034720167431174 -0.00046364599085455373 0.9999978691516545 0.0019788051789819358 -0.0007020479403438001 -0.0019793533083015836 0.9999975683815554 -0.08369403444089585 0.07858412704605655 -0.07208105302561307
FixedParameters: 0 0 0
#Transform 73
Transform: MatrixOffsetTransformBase_double_3_3
Parameters: 0.9999997357162844 0.0004722994870962551 0.0010785922540646614 -0.00047500330956013967 0.9999980406953405 0.002175610746267419 -0.0010779180614251815 -0.0021764277044778865 0.9999969794955178 -0.06454278206722108 0.03672025221473518 -0.02094275585533012
FixedParameters: 0 0 0
#Transform 74
Transform: MatrixOffsetTransformBase_double_3_3
Parameters: 0.9999996031066138 0.000613885719911461 0.0010739313528566469 -0.0006162903152327577 0.9999963201941581 0.002509796094610868 -0.0010724344351615844 -0.0025108084984659246 0.9999964133240231 -0.1020010401121425 0.03947448298933409 -0.0821270670998615
FixedParameters: 0 0 0
#Transform 75
Transform: MatrixOffsetTransformBase_double_3_3
Parameters: 0.9999995997144444 0.0004956411870560849 0.0005365833816556725 -0.00049610560647008 0.9999975224631182 0.0022871376636869256 -0.0005359056447821198 -0.0022874650166596513 0.9999973474210389 -0.1153645060548314 0.05565902549183477 -0.07067880324203202
FixedParameters: 0 0 0
#Transform 76
Transform: MatrixOffsetTransformBase_double_3_3
Parameters: 0.9999998017002213 0.0005939849874877477 0.0009838695426762495 -0.0005965252587531311 0.9999973408519832 0.002302757125046075 -0.000982514665091111 -0.002303723150392648 0.9999966056035072 -0.098437340322306 0.015121704672111491 -0.0474724227301806
FixedParameters: 0 0 0
#Transform 77
Transform: MatrixOffsetTransformBase_double_3_3
Parameters: 0.9999998063065707 0.0009731186360997115 0.0005993550821914301 -0.0009745199690982547 0.9999980400475554 0.0020023848036178353 -0.0005966372323578523 -0.002003448335149219 0.9999975184360129 -0.111564869772252 0.0504304211277713 -0.07567645620730445
FixedParameters: 0 0 0
#Transform 78
Transform: MatrixOffsetTransformBase_double_3_3
Parameters: 0.9999999611584995 0.00039102355678499403 0.00009432383450655446 -0.00039037628806574043 0.9999984666485374 0.0018386977302595588 -0.00009427373171733144 -0.0018386692402556186 0.9999984876001916 -0.04946816867196446 0.017775751766535564 -0.053324109156207555
FixedParameters: 0 0 0
#Transform 79
Transform: MatrixOffsetTransformBase_double_3_3
Parameters: 0.9999990463633895 0.0005719623782290972 0.0008655235945703443 -0.0005730360029104599 0.9999985402838111 0.0017693708337883614 -0.0008648843738581491 -0.0017701570154153657 0.9999979965515542 -0.06051501008391824 0.024833492436357574 -0.04398211730371315
FixedParameters: 0 0 0
#Transform 80
Transform: MatrixOffsetTransformBase_double_3_3
Parameters: 0.9999991986491298 0.000824271597209076 0.0006052939353162062 -0.000826468128853425 0.9999967989915598 0.0025535436303502773 -0.0006038514973970288 -0.002553444822908586 0.9999968681897813 -0.10776204156020697 0.08189749877890051 -0.0821901784178749
FixedParameters: 0 0 0
#Transform 81
Transform: MatrixOffsetTransformBase_double_3_3
Parameters: 0.9999993938348607 0.000631915277119191 0.0011620171210894592 -0.0006353153014536099 0.9999960435236044 0.0027480817239961446 -0.0011603286559797171 -0.0027492454097651693 0.9999959527208785 -0.09107244225327804 0.04373333439743021 -0.031761556708588046
FixedParameters: 0 0 0
#Transform 82
Transform: MatrixOffsetTransformBase_double_3_3
Parameters: 0.9999995377178392 0.0007061568998017182 0.0010523680558872234 -0.0007095044407813029 0.9999954303206533 0.0030108520632817094 -0.0010498995930603994 -0.0030120333603371454 0.9999946825146356 -0.12234881052387436 0.05868624646616638 -0.10132757102076084
FixedParameters: 0 0 0
#Transform 83
Transform: MatrixOffsetTransformBase_double_3_3
Parameters: 0.9999984985760194 0.0010194207593284405 0.0007714642678756239 -0.0010218799846906728 0.9999969299979579 0.0022416556025356684 -0.0007684770363988597 -0.00224312518655325 0.9999972456028744 -0.14744895160150406 0.07664187170631465 -0.08297039129823247
FixedParameters: 0 0 0
#Transform 84
Transform: MatrixOffsetTransformBase_double_3_3
Parameters: 0.9999989001957892 0.0007308408461327069 0.0008421261690161191 -0.0007333255181386728 0.9999967135819536 0.0025982680603931028 -0.0008401160076014214 -0.002598300396222506 0.9999963971729922 -0.10736663647516309 0.03833535018267753 -0.04534235085029081
FixedParameters: 0 0 0
#Transform 85
Transform: MatrixOffsetTransformBase_double_3_3
Parameters: 0.9999994863304096 0.0011121404458740306 0.0007965551273110549 -0.0011144127002125927 0.9999942594101653 0.0032404209303706116 -0.0007932959668148776 -0.0032408895892501594 0.999994507918655 -0.12670160478377568 0.033116277280313966 -0.10558562945094252
FixedParameters: 0 0 0
#Transform 86
Transform: MatrixOffsetTransformBase_double_3_3
Parameters: 0.9999991234055912 0.0008085574387640053 0.0005972037266491759 -0.0008093938322308338 0.9999967301546938 0.0023693240334792154 -0.0005949603406301823 -0.00237008400116467 0.9999968959094464 -0.1485833023838552 0.07383728285719826 -0.08401024880693342
FixedParameters: 0 0 0
#Transform 87
Transform: MatrixOffsetTransformBase_double_3_3
Parameters: 0.9999997039163834 0.00033088086514352743 0.0011084018217307895 -0.00033443434783017546 0.9999951839872011 0.002950291203535237 -0.0011072544633709408 -0.002950720363644872 0.9999950251804357 -0.0753480886555451 0.042345575918631084 -0.06614644502950284
FixedParameters: 0 0 0
#Transform 88
Transform: MatrixOffsetTransformBase_double_3_3
Parameters: 0.9999993812050124 0.0005556502065872392 0.0006657766412302285 -0.0005569130148368979 0.9999967177619783 0.0024436801358519275 -0.0006646482776545282 -0.0024442157619461863 0.9999964513290248 -0.08615082229808024 0.04603469480464639 -0.07846276810667518
FixedParameters: 0 0 0
#Transform 89
Transform: MatrixOffsetTransformBase_double_3_3
Parameters: 0.9999998968650077 0.00047665169112928534 0.00009460657614512868 -0.0004771064071938644 0.9999969748241232 0.0024078074094444845 -0.00009389972476277209 -0.002407897441995998 0.9999970601919522 -0.05755776902361731 0.0744418015005266 -0.04117797207361207
FixedParameters: 0 0 0
#Transform 90
Transform: MatrixOffsetTransformBase_double_3_3
Parameters: 0.9999991973932605 0.000689168731322673 0.0012173724671530467 -0.0006931366508111355 0.9999941238186603 0.003224637236045531 -0.0012149135517988963 -0.0032249134873211485 0.999993966956668 -0.1080682501488468 0.05428168474502115 -0.030675480208756767
FixedParameters: 0 0 0
#Transform 91
Transform: MatrixOffsetTransformBase_double_3_3
Parameters: 0.9999988663019539 0.0013298636683461607 0.0008374939588509933 -0.0013323195042147845 0.9999954844077458 0.002596482465677189 -0.0008341290361203318 -0.002597508546922157 0.9999962197001422 -0.15482999286825816 0.08128378094221489 -0.08894433604393726
FixedParameters: 0 0 0
#Transform 92
Transform: MatrixOffsetTransformBase_double_3_3
Parameters: 0.9999993703535347 0.0008686317738804104 0.00036162781317265746 -0.0008697669522341942 0.999995532668449 0.002951323700502175 -0.000359473074135086 -0.002951848445415051 0.9999959022155296 -0.14098559756351392 0.04000911775648319 -0.051719081441575554
FixedParameters: 0 0 0
#Transform 93
Transform: MatrixOffsetTransformBase_double_3_3
Parameters: 0.9999992676813177 0.000811962676353375 0.0004654445184792688 -0.0008135523652369548 0.9999955916925056 0.002783154318767124 -0.0004627136197424553 -0.002783806535872952 0.9999958931653691 -0.11740350010691714 0.06755173131809045 -0.04386191371156656
FixedParameters: 0 0 0
#Transform 94
Transform: MatrixOffsetTransformBase_double_3_3
Parameters: 0.999999607673294 0.0006177070374674652 0.0010791449230406064 -0.0006215601339015513 0.9999945653773227 0.0031697862870902656 -0.0010772143253034439 -0.003170814663031177 0.9999946324368597 -0.08999836773796233 0.0674398893005872 -0.03455966500550289
FixedParameters: 0 0 0
#Transform 95
Transform: MatrixOffsetTransformBase_double_3_3
Parameters: 0.9999987294218385 0.0009603330149268205 0.0007901723731662258 -0.0009638584107913491 0.9999928527051133 0.003495302071281443 -0.0007868293300869883 -0.0034966139539604553 0.9999938795971887 -0.11146942573506635 0.034061256534698714 -0.03909351080457668
FixedParameters: 0 0 0
#Transform 96
Transform: MatrixOffsetTransformBase_double_3_3
Parameters: 0.9999992541520065 0.0009662040385398559 0.00024080341053248078 -0.0009665436586497949 0.9999953224571183 0.002782569019507938 -0.0002381978165057197 -0.0027829298668415815 0.9999959534783163 -0.12137403061780105 0.10577414649945638 -0.06434062477913471
FixedParameters: 0 0 0
#Transform 97
Transform: MatrixOffsetTransformBase_double_3_3
Parameters: 0.9999988496833557 0.0011015250201626043 0.000533103181390146 -0.001102582716750219 0.9999951336684707 0.0027663113173158676 -0.0005307582495000795 -0.0027662847554386647 0.9999957168439406 -0.14676306594212463 0.0686255489239187 -0.0095289821577893
FixedParameters: 0 0 0
#Transform 98
Transform: MatrixOffsetTransformBase_double_3_3
Parameters: 0.9999991660435307 0.0013469286927788365 0.0005973767725744039 -0.001348002939909705 0.9999960161004441 0.00248351225974687 -0.0005942320908095544 -0.002483918905623432 0.9999971388510133 -0.15893612526511447 0.09685310097943045 -0.07774979727346931
FixedParameters: 0 0 0
#Transform 99
Transform: MatrixOffsetTransformBase_double_3_3
Parameters: 0.9999995544081249 0.0011728438243278861 0.0006536737369468582 -0.0011751323939346585 0.9999943744665134 0.003201064751476926 -0.0006501131400794002 -0.003201396398582229 0.9999949688863865 -0.11843816447718325 0.09768041588458232 -0.046670473075565155
FixedParameters: 0 0 0
#Transform 100
Transform: MatrixOffsetTransformBase_double_3_3
Parameters: 0.9999992435489712 0.0008142573967625201 0.0005076340985413069 -0.0008165621060030014 0.9999947159561383 0.003258346361211294 -0.0005045204827457267 -0.0032590695544412627 0.9999949600707019 -0.11798366300622831 0.06995612365201964 -0.02873554621382368
FixedParameters: 0 0 0
#Transform 101
Transform: MatrixOffsetTransformBase_double_3_3
Parameters: 0.9999994560873969 0.0011569669969901514 0.0006716109203374898 -0.0011592386844939378 0.9999940161855077 0.0031051730184263543 -0.0006671915001499468 -0.003105524392717598 0.9999946626596375 -0.12137334873621342 0.10063136919417559 -0.09151487947752912
FixedParameters: 0 0 0
#Transform 102
Transform: MatrixOffsetTransformBase_double_3_3
Parameters: 0.9999988877508091 0.001382401558102611 0.0007483398843976252 -0.0013843067990406712 0.9999933496147076 0.003275831410581152 -0.0007432305478333318 -0.0032775882525691155 0.9999943491527769 -0.14621086128042293 0.08271670924271746 -0.021170902691139304
FixedParameters: 0 0 0
#Transform 103
Transform: MatrixOffsetTransformBase_double_3_3
Parameters: 0.9999978729857845 0.0016747700238230023 0.0008851635798427515 -0.0016767846654452882 0.9999934357469563 0.003279539475943156 -0.0008791069220179665 -0.0032800988057713953 0.999994003953658 -0.16271991104497374 0.06808888796898316 -0.048538726839353785
FixedParameters: 0 0 0
#Transform 104
Transform: MatrixOffsetTransformBase_double_3_3
Parameters: 0.9999977177099871 0.0019691908496121745 0.00045942898520355546 -0.001971039687963562 0.999989406663022 0.004207764472677116 -0.00045153248491298925 -0.004209356448443648 0.9999912738145522 -0.20178155527354136 0.11604861224718377 -0.11122625908298289
FixedParameters: 0 0 0
#Transform 105
Transform: MatrixOffsetTransformBase_double_3_3
Parameters: 0.9999974640216839 0.0020331616879934095 0.00045899923896933204 -0.0020342583190141477 0.9999887465754456 0.004372136604700794 -0.0004499014415387248 -0.004372686297468442 0.9999898681585131 -0.20991866085415722 0.07204473275074008 -0.018729169823060943
FixedParameters: 0 0 0
#Transform 106
Transform: MatrixOffsetTransformBase_double_3_3
Parameters: 0.9999969955646192 0.002624887547001571 0.0004530151176912328 -0.0026267500955609343 0.999987617780966 0.004181260387043685 -0.00044226986511086697 -0.004182415098186773 0.9999912202081725 -0.22589285993123553 0.08562972216320475 -0.12144268679163872
FixedParameters: 0 0 0
#Transform 107
Transform: MatrixOffsetTransformBase_double_3_3
Parameters: 0.9999973061360934 0.0022861112285359887 0.0003460535408184723 -0.0022874884666765813 0.9999917820489928 0.0033147295789618197 -0.0003375811437162646 -0.00331519861242497 0.9999942411009278 -0.21465438763036104 0.11214044757902286 -0.11039717166129037
FixedParameters: 0 0 0
#Transform 108
Transform: MatrixOffsetTransformBase_double_3_3
Parameters: 0.9999980607578162 0.001807867999498842 0.0003308070314204936 -0.0018087940868200974 0.9999940684107448 0.0027679961623093803 -0.00032532324942260993 -0.0027680871012191353 0.999995791265252 -0.21154528246519533 0.09331942758187495 -0.029060899346831093
FixedParameters: 0 0 0
#Transform 109
Transform: MatrixOffsetTransformBase_double_3_3
Parameters: 0.9999976583780641 0.002148014927860405 0.000693268204569511 -0.0021504453265319004 0.9999926216450088 0.003123172678131058 -0.0006875080997536392 -0.003124942754370398 0.9999950087521561 -0.22847667492028734 0.08961281809810373 -0.10091372355152828
FixedParameters: 0 0 0
#Transform 110
Transform: MatrixOffsetTransformBase_double_3_3
Parameters: 0.9999972098959639 0.002080459039715668 0.000517694626593776 -0.002082723945525477 0.9999895373613571 0.004137826720031189 -0.000509150261745861 -0.004139761472539549 0.9999918000460399 -0.2414737624697949 0.12908421334473985 -0.1348854064250702
FixedParameters: 0 0 0
#Transform 111
Transform: MatrixOffsetTransformBase_double_3_3
Parameters: 0.9999973913549356 0.001815819908175711 0.0010236232766749759 -0.0018208323850777291 0.9999866816293441 0.004796601574082466 -0.0010144966259835048 -0.004797807314717165 0.9999882107081642 -0.19444641649022287 0.0854806287536718 -0.06954674453776022
FixedParameters: 0 0 0
#Transform 112
Transform: MatrixOffsetTransformBase_double_3_3
Parameters: 0.9999968093469604 0.0023192801061234906 0.0008306594307350146 -0.0023213844351135313 0.999990554747103 0.003612914995034724 -0.0008229431125482828 -0.0036153499008702034 0.9999933767440595 -0.20823717989300405 0.0896925550389085 -0.12266256823218669
FixedParameters: 0 0 0
#Transform 113
Transform: MatrixOffsetTransformBase_double_3_3
Parameters: 0.9999967614177379 0.0023999226564788358 0.0007949152188800879 -0.0024042826288899533 0.9999836843256374 0.005151638290035392 -0.0007826006733133162 -0.005153031191871186 0.9999866761399137 -0.19890612933819796 0.10720659671478927 -0.1319172617977955
