#Insight Transform File V1.0
#Transform 0
Transform: MatrixOffsetTransformBase_double_3_3
Parameters: 0.999998797806955 0.0011711187183848207 -0.0007395224409308815 -0.0011724023192657264 0.9999963942942778 -0.0022869439546032867 0.0007366908896989932 0.0022878838694026945 0.9999975077005414 -0.03524779906445019 0.019172244651812775 -0.2631985643027406
FixedParameters: 0 0 0
#Transform 1
Transform: MatrixOffsetTransformBase_double_3_3
Parameters: 0.9999988308559966 0.0008054357834963877 -0.0014990438463846484 -0.0008088457890024272 0.9999953222759379 -0.0028320470496180456 0.0014967945371863467 0.002833983191680724 0.9999950043876744 0.04401328078368749 0.02043960424573754 -0.2027646073972562
FixedParameters: 0 0 0
#Transform 2
Transform: MatrixOffsetTransformBase_double_3_3
Parameters: 0.9999992424947309 0.00044538380542853283 -0.0005531712589431498 -0.00044686129343824446 0.9999949594827692 -0.003136779323465822 0.0005522906904203706 0.0031374773602927414 0.9999951057521926 0.04630395910366758 0.015431518517971199 -0.16273883674463718
FixedParameters: 0 0 0
#Transform 3
Transform: MatrixOffsetTransformBase_double_3_3
Parameters: 1.0000001483069385 0.000657282892393403 -0.00047591622163654923 -0.0006582844225230262 0.9999976898031472 -0.0022085382514100975 0.00047476495446770184 0.0022082703073265887 0.9999970905223061 0.062504100208983 0.055428704349466784 -0.24324735012194765
FixedParameters: 0 0 0
#Transform 4
Transform: MatrixOffsetTransformBase_double_3_3
Parameters: 0.9999997646021578 0.0003628956173320738 -0.00015213509680055137 -0.0003625133024440083 0.9999977892656114 -0.002019603698380321 0.00015124147238247676 0.002019816118921775 0.9999979785390908 0.05373993577623537 0.07202630961498357 -0.11253891796495452
FixedParameters: 0 0 0
#Transform 5
Transform: MatrixOffsetTransformBase_double_3_3
Parameters: 0.9999996111868874 0.0004296083118132843 -0.00020681864064295286 -0.0004297336776813917 0.9999964321140682 -0.0027170852899842373 0.00020562711212730733 0.0027173649742083415 0.9999967357658145 0.053573925902952624 0.07706171997335787 -0.09897185371609396
FixedParameters: 0 0 0
#Transform 6
Transform: MatrixOffsetTransformBase_double_3_3
Parameters: 0.9999998418431325 0.000930538875768499 -0.00009316481736101889 -0.0009299244264937641 0.999996214819073 -0.0026308312649235242 0.00009080049269503954 0.002630109201462232 0.9999963569781133 0.019827755732450214 0.08636697368513069 -0.20305660661617253
FixedParameters: 0 0 0
#Transform 7
Transform: MatrixOffsetTransformBase_double_3_3
Parameters: 0.9999996337682098 0.0003213742405129402 -0.00030127132061830153 -0.00032173360017525963 0.9999970440694989 -0.002419453505095287 0.0003010625535448258 0.002418754913900513 0.9999972298215486 0.06062154962538102 0.07537159609273658 -0.19574453957767446
FixedParameters: 0 0 0
#Transform 8
Transform: MatrixOffsetTransformBase_double_3_3
Parameters: 0.9999996325777456 0.0006669532041367575 -0.0008602682435085995 -0.0006692281836481878 0.9999960954131649 -0.002541043811826083 0.000858422694128988 0.0025414020944603197 0.9999959867001924 0.07252556071370009 0.07023698983135773 -0.1252506162149416
FixedParameters: 0 0 0
#Transform 9
Transform: MatrixOffsetTransformBase_double_3_3
Parameters: 0.9999997913504136 0.00042264297594282936 -0.00093196328559976 -0.00042543300324305694 0.9999952060001679 -0.003100149006895166 0.000930476122077778 0.0031012458260776562 0.9999946799878959 0.07745690598623867 0.0550777494332948 -0.139011438093533
FixedParameters: 0 0 0
#Transform 10
Transform: MatrixOffsetTransformBase_double_3_3
Parameters: 0.9999994390530129 0.0006187326348844189 -0.0010085695337982425 -0.0006215552246991581 0.9999960102853708 -0.002933107095590863 0.001006073697521065 0.0029336687861948743 0.9999955425465705 0.09080209229527725 0.03645029773427666 -0.25433948095269443
FixedParameters: 0 0 0
#Transform 11
Transform: MatrixOffsetTransformBase_double_3_3
Parameters: 0.9999986371686695 0.0006110896152790879 -0.0013136765347068202 -0.0006151290023522354 0.9999948124207999 -0.0031322085379331486 0.001311956652888871 0.0031322383159400396 0.9999937299000065 0.08176830368888943 0.06400291505950406 -0.1996627911212414
FixedParameters: 0 0 0
#Transform 12
Transform: MatrixOffsetTransformBase_double_3_3
Parameters: 0.9999993941695227 0.0005637854713962569 -0.0001876487594080628 -0.000563992894017908 0.9999943098301616 -0.0032204365496562117 0.00018593567203395445 0.0032207497723575397 0.9999948457720612 0.08094712194625231 0.041733229539460126 -0.18036186342297356
FixedParameters: 0 0 0
#Transform 13
Transform: MatrixOffsetTransformBase_double_3_3
Parameters: 0.9999996400537544 0.00034260677200187195 0.000302175293587309 -0.0003416217079541403 0.9999942022115693 -0.003268282148624552 -0.00030347044827795655 0.003267972801340594 0.9999943788594153 0.077248375163947 0.040257336855361814 -0.13961320001112654
FixedParameters: 0 0 0
#Transform 14
Transform: MatrixOffsetTransformBase_double_3_3
Parameters: 0.999999875728901 0.0009104329464581662 0.00010185902755131815 -0.000910875145883666 0.9999960139911249 -0.0026753364964821422 -0.00010420072488059873 0.0026750458041308726 0.999996117138322 0.08771380376450111 0.06126656598142688 -0.2378993566365466
FixedParameters: 0 0 0
#Transform 15
Transform: MatrixOffsetTransformBase_double_3_3
Parameters: 0.9999994702124284 0.0004204365776180582 -0.0004378244137707016 -0.00042089380904043223 0.9999959901724372 -0.0027984561660145788 0.0004366127278749715 0.002799028781722151 0.999996137428298 0.0886536295354432 0.0612983707101904 -0.263938480314593
FixedParameters: 0 0 0
#Transform 16
Transform: MatrixOffsetTransformBase_double_3_3
Parameters: 0.9999997151044123 0.0006229136153845042 -0.0007956513360672518 -0.0006256314462238406 0.9999954514515992 -0.0030261844608870945 0.0007939948777419964 0.003026386957023874 0.9999954736738736 0.0903491114654571 0.025613229934350557 -0.1217256667933242
FixedParameters: 0 0 0
#Transform 17
Transform: MatrixOffsetTransformBase_double_3_3
Parameters: 0.9999991627144826 0.0006932953779580139 -0.00004214046647266212 -0.0006935600516405531 0.9999941647410016 -0.0032177943865495827 0.000040576421361196435 0.003217852110393971 0.9999949986056137 0.08884667708085203 0.06233321682594806 -0.29804064048246914
FixedParameters: 0 0 0
#Transform 18
Transform: MatrixOffsetTransformBase_double_3_3
Parameters: 0.9999994902585585 0.0005121994642096901 -0.0002930890123950536 -0.0005127956443006338 0.9999963241208609 -0.002722530593862749 0.0002914417208269432 0.002722932633089331 0.9999966629183765 0.07735946931286719 0.06403578331982374 -0.16303218737348857
FixedParameters: 0 0 0
#Transform 19
Transform: MatrixOffsetTransformBase_double_3_3
Parameters: 0.9999997125965672 0.0003531703160170609 0.00003231653067033158 -0.0003529703253931344 0.9999956455271449 -0.0030380691499228697 -0.00003331781553868318 0.003038045108105264 0.999994930777155 0.07137924132366891 0.04312035958301408 -0.1755528996926472
FixedParameters: 0 0 0
#Transform 20
Transform: MatrixOffsetTransformBase_double_3_3
Parameters: 0.9999999066766385 0.0007949788807628793 0.000433098196773965 -0.0007937193828255909 0.9999960092217575 -0.0027128742049793288 -0.00043508112059456594 0.0027130772997865796 0.9999967247541095 0.0744956509873731 0.048796351302158314 -0.19479478288359076
FixedParameters: 0 0 0
#Transform 21
Transform: MatrixOffsetTransformBase_double_3_3
Parameters: 0.9999998712375898 0.0008258915953806616 0.0004158337708227017 -0.0008244563841369019 0.9999948411897829 -0.002912064521189722 -0.0004183119235926791 0.002911274183867 0.9999956221568398 0.028272153703568392 0.06720467149317244 -0.274979370090108
FixedParameters: 0 0 0
#Transform 22
Transform: MatrixOffsetTransformBase_double_3_3
Parameters: 0.9999995148644877 0.0004085442186659227 -0.0002338921246187453 -0.00040896829623973896 0.9999956049227338 -0.0030376204315436628 0.0002335312791380273 0.0030379130328497036 0.9999949807108952 0.06176218086839924 0.015788345382262037 -0.1431182633015169
FixedParameters: 0 0 0
#Transform 23
Transform: MatrixOffsetTransformBase_double_3_3
Parameters: 1.00000040717469 0.0006329444444334811 0.00009881104136183483 -0.0006324278787779124 0.9999969056029476 -0.0025873583765783762 -0.00010053386040155543 0.002587231406697156 0.9999964785595411 0.02322636519394905 0.03211188929246589 -0.1599522086849845
FixedParameters: 0 0 0
#Transform 24
Transform: MatrixOffsetTransformBase_double_3_3
Parameters: 0.9999994172415392 0.0004433787430769629 -0.0002893362346649553 -0.0004449377116897848 0.9999895580153213 -0.004609453962061477 0.00028712224299221045 0.004608816828620976 0.9999889755440048 0.029834890414278448 0.0808381944765415 -0.24822991573461195
FixedParameters: 0 0 0
#Transform 25
Transform: MatrixOffsetTransformBase_double_3_3
Parameters: 1.0000003324036968 0.0006606523863811915 0.0002434443989789148 -0.0006593545392704806 0.999995385224938 -0.0028596751238263232 -0.00024587204488464576 0.0028603471013501575 0.9999959320768107 0.05169409900757671 0.04707145858320416 -0.1470557941198365
FixedParameters: 0 0 0
#Transform 26
Transform: MatrixOffsetTransformBase_double_3_3
Parameters: 0.9999997096493171 0.000936451822183589 0.0001935413792322066 -0.0009363530437723922 0.9999952465793055 -0.002806743645393249 -0.0001954912370480677 0.0028062774390500422 0.9999964613626653 0.024084629053035655 0.030722268127831853 -0.09656868360929138
FixedParameters: 0 0 0
#Transform 27
Transform: MatrixOffsetTransformBase_double_3_3
Parameters: 0.9999994806912443 0.0009403845267982614 0.0006090841074307962 -0.0009384810319175776 0.9999949744823734 -0.0031854607451838987 -0.0006129437947620386 0.003184107360262113 0.9999947473246388 0.007789913653496683 0.05698687279556225 -0.23716042089746736
FixedParameters: 0 0 0
#Transform 28
Transform: MatrixOffsetTransformBase_double_3_3
Parameters: 0.9999990178705386 0.0015045802925759287 0.0004806171363606754 -0.0015028824880080323 0.999994372757542 -0.0028927643939961065 -0.0004848273499797051 0.00289220453979351 0.9999958879212149 -0.009302795230624383 0.07688506800552375 -0.28177219164112444
FixedParameters: 0 0 0
#Transform 29
Transform: MatrixOffsetTransformBase_double_3_3
Parameters: 0.9999995086326856 0.0005503366151648059 0.00016269523387037188 -0.0005503830337346722 0.9999953190179454 -0.0028946205037964946 -0.00016473672449393573 0.002894338162472051 0.9999957568852177 0.010014774053118458 0.027801997165582293 -0.15034566273064343
FixedParameters: 0 0 0
#Transform 30
Transform: MatrixOffsetTransformBase_double_3_3
Parameters: 0.9999997368195243 0.00031016025878136854 0.00007347291931897315 -0.00030971255808629866 0.9999957376311225 -0.003027610886766751 -0.00007420562646322237 0.003027564247509364 0.9999949899075222 0.045306883055118874 0.033203637497678073 -0.11619087841384612
FixedParameters: 0 0 0
#Transform 31
Transform: MatrixOffsetTransformBase_double_3_3
Parameters: 0.9999993189258088 0.0005778095064306211 0.00028951749059960563 -0.0005770486517920546 0.9999955284748886 -0.0030231357489355296 -0.0002908849394477747 0.003022697541882784 0.9999950412215441 0.032548289830131694 0.061620024256299644 -0.2312947925024531
FixedParameters: 0 0 0
#Transform 32
Transform: MatrixOffsetTransformBase_double_3_3
Parameters: 0.9999996499043778 0.00039991634759080526 -0.00013360385511961004 -0.00040062857611661165 0.999996678816965 -0.0026759424766376544 0.00013280914328882287 0.00267604825742418 0.9999959934249673 0.035480909574047814 0.06823256540553757 -0.1269192310207501
FixedParameters: 0 0 0
#Transform 33
Transform: MatrixOffsetTransformBase_double_3_3
Parameters: 0.9999992654011512 0.0004936781899846152 0.00047689742181154793 -0.0004930400592639446 0.9999955834157969 -0.0028587862075825196 -0.00047759423429485914 0.002859105720291302 0.9999958616703232 0.019810277130332565 0.07101755981629765 -0.1373696381100018
FixedParameters: 0 0 0
#Transform 34
Transform: MatrixOffsetTransformBase_double_3_3
Parameters: 0.9999992348540815 0.0006880479710403397 0.00016726190318303025 -0.0006880912036463383 0.9999955390260339 -0.0028263768780416366 -0.00016902757211083308 0.00282604345651156 0.999996247732589 0.016364598787006912 0.06709051970082669 -0.12549889500010636
FixedParameters: 0 0 0
#Transform 35
Transform: MatrixOffsetTransformBase_double_3_3
Parameters: 0.999999327548936 0.001060081141678647 0.000320595660718237 -0.0010585174272638525 0.9999912110749222 -0.003958508047316005 -0.00032530668692921927 0.003957720962368944 0.9999916750357107 -0.001718182777722177 0.10433155612714984 -0.2618214068644704
FixedParameters: 0 0 0
#Transform 36
Transform: MatrixOffsetTransformBase_double_3_3
Parameters: 0.9999995572978936 0.0009718162816396515 0.0003650336903467388 -0.0009705337537857476 0.9999944180556546 -0.003105029933677976 -0.0003679613039071078 0.003104216139059602 0.9999955922216966 0.02220368933616612 0.046983090626667945 -0.20763016264270107
FixedParameters: 0 0 0
#Transform 37
Transform: MatrixOffsetTransformBase_double_3_3
Parameters: 0.9999996714678046 0.0004113407367790668 0.00029845257612029497 -0.00040985608200468733 0.9999966809962282 -0.0024801229559902687 -0.00030012067268189724 0.002479877253242219 0.9999968303826876 0.011620855339415925 0.038843555851229894 -0.08488134753683596
FixedParameters: 0 0 0
#Transform 38
Transform: MatrixOffsetTransformBase_double_3_3
Parameters: 1.000000202463641 0.0006888579424308439 0.00022123747333654964 -0.0006885158671311699 0.9999954883089665 -0.0030064191502755465 -0.0002230510329668256 0.00300601011998276 0.9999951872554981 0.04149222464651814 0.06330820152710714 -0.2656183955081275
FixedParameters: 0 0 0
#Transform 39
Transform: MatrixOffsetTransformBase_double_3_3
Parameters: 1.000000243658948 0.0007312631743220977 0.00022127245497095827 -0.000731126731400508 0.999995799445198 -0.0027685346948124892 -0.00022397344376050288 0.0027691017612129455 0.9999964557419072 0.03719586274759479 0.05926732844318394 -0.26210426975139
FixedParameters: 0 0 0
#Transform 40
Transform: MatrixOffsetTransformBase_double_3_3
Parameters: 0.9999998013995133 0.00025168439782237054 -0.0002550372507212212 -0.00025188371377378937 0.9999974372695142 -0.002344961086223476 0.0002542243058816507 0.0023451916842051794 0.9999975060906078 0.03958279856243507 0.060784319171276024 -0.14661056516082738
FixedParameters: 0 0 0
#Transform 41
Transform: MatrixOffsetTransformBase_double_3_3
Parameters: 0.9999997179956006 0.0001987986827656401 -0.0002649363150305367 -0.0001991529971258759 0.99999647973251 -0.0025456211693012914 0.0002652702710792404 0.0025458291466679403 0.9999966210717466 0.04945930930750819 0.043632091161668995 -0.1372700788593164
FixedParameters: 0 0 0
#Transform 42
Transform: MatrixOffsetTransformBase_double_3_3
Parameters: 0.9999994569806986 0.0005524789828924084 -0.00027632170462138506 -0.0005530846093019968 0.9999952390439054 -0.0029076165930064313 0.00027425041468161215 0.0029080234078653505 0.9999956303922566 0.029462221774565478 0.04603375273902088 -0.15143436211991457
FixedParameters: 0 0 0
#Transform 43
Transform: MatrixOffsetTransformBase_double_3_3
Parameters: 0.9999997650202899 0.0009748052310735526 -0.000018114311898353996 -0.000974886786791074 0.9999961130689212 -0.0024364959900215538 0.00001589399888765608 0.00243652943549088 0.9999973474701069 0.018182618401084483 0.051625879447584566 -0.2417883889704342
FixedParameters: 0 0 0
#Transform 44
Transform: MatrixOffsetTransformBase_double_3_3
Parameters: 0.9999997052531981 0.00031840717869699 -0.00017746419248056144 -0.0003193753200108207 0.9999964236614526 -0.0027339217388241905 0.00017686452262510866 0.0027340348977285046 0.9999966556335466 0.051009244510865415 0.01652933415788027 -0.11296797604444464
FixedParameters: 0 0 0
#Transform 45
Transform: MatrixOffsetTransformBase_double_3_3
Parameters: 0.9999999969086807 0.0007482644959456104 0.0005104588349824773 -0.0007467182711573534 0.9999967724395361 -0.0025824287379810924 -0.0005127679789157513 0.0025825554875547937 0.9999962511106972 0.0335848944518915 0.052755637000501565 -0.20252625351744769
FixedParameters: 0 0 0
#Transform 46
Transform: MatrixOffsetTransformBase_double_3_3
Parameters: 0.9999992572528639 0.0007120111579090412 0.0003930288099153745 -0.0007114668982475955 0.9999976829365061 -0.0019523643735898757 -0.00039523496889358467 0.0019517011149787632 0.9999981151095405 0.01931763075860715 0.06398726681484845 -0.24775491217111778
FixedParameters: 0 0 0
#Transform 47
Transform: MatrixOffsetTransformBase_double_3_3
Parameters: 0.9999998161012261 0.00029356650623867163 -0.00016519287225895407 -0.00029437905109784795 0.9999968223914153 -0.0024679828150903564 0.00016411027799410893 0.0024680796936313257 0.9999969520696218 0.031839049370930184 0.03777348443085771 -0.1058360937236813
FixedParameters: 0 0 0
#Transform 48
Transform: MatrixOffsetTransformBase_double_3_3
Parameters: 0.9999998654945127 0.00025072254566283424 0.00003590348920275155 -0.00025053343104018016 0.9999961913951693 -0.0025972718837174048 -0.00003683690917109794 0.0025972537247855093 0.9999963232549356 0.044725660700095204 0.060956941352429794 -0.13590988208009946
FixedParameters: 0 0 0
#Transform 49
Transform: MatrixOffsetTransformBase_double_3_3
Parameters: 1.000000155831561 0.0006807677730142945 0.0003105991341334491 -0.0006801018120942748 0.9999964262732658 -0.0026668469352461592 -0.00031169735073245664 0.002666320459309369 0.9999960769215611 0.04167543181134192 0.047373624648955115 -0.2220561675218704
FixedParameters: 0 0 0
#Transform 50
Transform: MatrixOffsetTransformBase_double_3_3
Parameters: 0.9999993636779071 0.0006811476613607093 -0.000014465558048529226 -0.0006812170253048235 0.9999966534801356 -0.0026234425866660206 0.000012238998644095722 0.002623459919820503 0.9999962894462631 0.028698983204634487 0.04268711755331367 -0.20192164386487832
FixedParameters: 0 0 0
#Transform 51
Transform: MatrixOffsetTransformBase_double_3_3
Parameters: 0.9999993993093451 0.0005997810110445213 0.00026187448063215435 -0.0005994698325830115 0.9999964683249292 -0.0024845715301166707 -0.00026350580120637623 0.0024841543732491756 0.9999969311089834 0.001184053177809119 0.02582619114031104 -0.09427794378194676
FixedParameters: 0 0 0
#Transform 52
Transform: MatrixOffsetTransformBase_double_3_3
Parameters: 0.9999992281159374 0.0010852172669583784 0.00046681459658888536 -0.0010843739951343278 0.9999946917763792 -0.0030224157391742137 -0.0004700639857656147 0.0030211941637645115 0.9999950250007102 -0.008202785408940372 0.06688618641537403 -0.28383245114117983
FixedParameters: 0 0 0
#Transform 53
Transform: MatrixOffsetTransformBase_double_3_3
Parameters: 0.9999999685490966 0.0008907857674414097 0.00021275071738488527 -0.0008899858421882252 0.9999977069684156 -0.0018710832400109661 -0.00021432774679693012 0.0018707031730674038 0.9999986472212506 -0.005780637385825571 0.06857859116236398 -0.21944296329780855
FixedParameters: 0 0 0
#Transform 54
Transform: MatrixOffsetTransformBase_double_3_3
Parameters: 0.9999997994204857 0.0003227246179418531 -0.00016124840925339778 -0.00032348615289952355 0.9999972763227744 -0.002370448801058637 0.00016008504032358206 0.0023705526980023956 0.999997425274523 0.018934587532612568 0.03333612323650925 -0.08651902655759613
FixedParameters: 0 0 0
#Transform 55
Transform: MatrixOffsetTransformBase_double_3_3
Parameters: 0.9999993203716028 0.0004843334511458504 0.0005125586849726305 -0.0004833802861914214 0.9999977725075461 -0.001998259260369971 -0.0005129409773175775 0.0019986557038238076 0.9999979253876833 0.010053131635530121 0.05549988827951324 -0.1893322786025209
FixedParameters: 0 0 0
#Transform 56
Transform: MatrixOffsetTransformBase_double_3_3
Parameters: 0.9999995608972354 0.0005285790697703771 -0.0002621644929612782 -0.0005283549998688825 0.9999985516219262 -0.00147261446558864 0.00026138285829926944 0.0014729935385482038 0.9999988535680138 0.005285452941663493 0.06659205279616742 -0.1564114753695094
FixedParameters: 0 0 0
#Transform 57
Transform: MatrixOffsetTransformBase_double_3_3
Parameters: 0.999999891628176 0.0001443256873305648 -0.000313392554208175 -0.00014426626782448431 0.9999987483458307 -0.0014935180422359267 0.0003127574634433222 0.001493710683712189 0.9999986605801127 -0.0005839012962951529 0.04742750184300348 -0.12527824232492435
FixedParameters: 0 0 0
#Transform 58
Transform: MatrixOffsetTransformBase_double_3_3
Parameters: 0.9999996385058185 0.00012236611798268162 -0.0006064824443706845 -0.00012349132751253344 0.9999989266943683 -0.001748658707590168 0.0006056449159897032 0.0017489099932044927 0.9999985534558099 0.032801257968017694 0.04718128807684252 -0.072733241276012
FixedParameters: 0 0 0
#Transform 59
Transform: MatrixOffsetTransformBase_double_3_3
Parameters: 0.9999998150969899 0.00032180086918236 0.000022952909299503443 -0.0003217038912090139 0.9999976041806903 -0.002071791417712839 -0.000023714106429081894 0.0020717764852495675 0.9999977879946838 0.010515540633576848 0.04316933419956115 -0.17574597981497675
FixedParameters: 0 0 0
#Transform 60
Transform: MatrixOffsetTransformBase_double_3_3
Parameters: 0.9999995805825869 -0.000582921781895283 -0.00044984537754662324 0.0005822979356877813 0.9999984319473763 -0.0017970611138509156 0.00045055245953698475 0.001796638708044846 0.9999984459006935 0.007359154875018703 0.06774846867502049 -0.14452363809820667
FixedParameters: 0 0 0
#Transform 61
Transform: MatrixOffsetTransformBase_double_3_3
Parameters: 0.9999994772861182 -0.00015537038122249945 -0.0007208638100638376 0.0001539411334743286 0.9999991502470492 -0.0016810980685008962 0.0007209761988034857 0.0016809773595992704 0.9999986334025748 0.03703796885960742 0.042047136955673636 -0.12359005598769102
FixedParameters: 0 0 0
#Transform 62
Transform: MatrixOffsetTransformBase_double_3_3
Parameters: 0.999999802698253 -0.0000662255454170792 -0.00045100717160995174 0.00006638944662942904 0.9999991472809362 -0.0009210513877813718 0.0004509252746471848 0.0009210949081476 0.9999999377356266 0.02520186526771795 0.013777908767082181 -0.05004376311684666
FixedParameters: 0 0 0
#Transform 63
Transform: MatrixOffsetTransformBase_double_3_3
Parameters: 0.999999644698388 -0.00013793292020589424 -0.0005888330790364271 0.00013723439755210324 0.9999989147221808 -0.0014375276107846237 0.0005890245866719684 0.0014374678475771833 0.9999985762431589 0.03798665731906681 0.06100163633634281 -0.22104827159341767
FixedParameters: 0 0 0
#Transform 64
Transform: MatrixOffsetTransformBase_double_3_3
Parameters: 0.9999992752751081 -0.0004319133024030655 -0.001244201290552041 0.00042998354601098956 0.9999983361612842 -0.0015746712985806063 0.0012453535640352398 0.0015738040544334218 0.9999979617293796 0.07632762728033526 0.010484434784146401 -0.08315764793108826
FixedParameters: 0 0 0
#Transform 65
Transform: MatrixOffsetTransformBase_double_3_3
Parameters: 0.9999992886991185 0.00018026866263850445 -0.0008304323247050882 -0.00018145123059285577 0.9999992475014556 -0.0013112253321471222 0.000829753909767944 0.0013116278845659362 0.9999985805858604 0.07456520986914938 0.03040367466125815 -0.18206009127310097
FixedParameters: 0 0 0
#Transform 66
Transform: MatrixOffsetTransformBase_double_3_3
Parameters: 0.9999994326359849 -0.0003376303928986008 -0.001205418346461637 0.0003357071168495129 0.9999994226789772 -0.0012103242841632342 0.0012062325504726273 0.0012096146574440767 0.9999980819037493 0.06562166677623793 0.03966903431138746 -0.13195229949891996
FixedParameters: 0 0 0
#Transform 67
Transform: MatrixOffsetTransformBase_double_3_3
Parameters: 0.9999987756791411 -0.0009369750993274446 -0.0015645856692746013 0.0009357819904875405 0.9999991556521988 -0.0009848177488216445 0.0015654483291191873 0.0009830871368419177 0.9999984801738742 0.10492388161164001 0.026447502221373043 -0.14160378476198332
FixedParameters: 0 0 0
#Transform 68
Transform: MatrixOffsetTransformBase_double_3_3
Parameters: 0.9999997976642178 -0.000525558574220285 -0.0009620818416063714 0.0005241795747497314 0.999999204709742 -0.0012332776522670482 0.0009633754702539077 0.0012323693403909707 0.9999985532458291 0.09687421779999283 0.008338954035110646 -0.056890847154676294
FixedParameters: 0 0 0
#Transform 69
Transform: MatrixOffsetTransformBase_double_3_3
Parameters: 0.9999996027573747 0.0002804632151010599 -0.00047664759529474077 -0.0002807922041052544 0.9999989919187721 -0.0013888367866736761 0.0004766430225297963 0.0013892067022583136 0.9999989346740032 0.09857403273601051 0.07221838751672749 -0.25313172194115907
FixedParameters: 0 0 0
#Transform 70
Transform: MatrixOffsetTransformBase_double_3_3
Parameters: 0.9999983842736034 -0.0003422945875048685 -0.0016194083482466426 0.0003394919992153032 0.9999986920581642 -0.001786984046463554 0.0016192387460837732 0.0017861878254229655 0.9999970630403713 0.08576396702383704 0.05949243373751756 -0.20324883554785345
FixedParameters: 0 0 0
#Transform 71
Transform: MatrixOffsetTransformBase_double_3_3
Parameters: 0.9999990668084205 -0.00038063958483202455 -0.000899358808823178 0.0003795567317755673 0.9999979413730963 -0.001707357993183166 0.0009002484666537219 0.0017068795811398347 0.9999982550578937 0.12506913567132472 0.0064671526239408195 -0.09149819396378689
FixedParameters: 0 0 0
#Transform 72
Transform: MatrixOffsetTransformBase_double_3_3
Parameters: 0.9999988789408488 -0.0005696852999153509 -0.0009588901299395908 0.0005681691828833395 0.9999985310891338 -0.001773600590256559 0.0009595211864120573 0.0017737083829342478 0.9999978107545903 0.1199927057587189 0.044606105442994703 -0.13160021455772153
FixedParameters: 0 0 0
#Transform 73
Transform: MatrixOffsetTransformBase_double_3_3
Parameters: 0.9999988810534419 -0.0003739178485784031 -0.0014103692984264032 0.0003718200533291107 0.9999987628359154 -0.001448952091817946 0.001411244963435504 0.001448105624900514 0.9999979008119664 0.0986748133016988 0.087148366255974 -0.2169282589784416
FixedParameters: 0 0 0
#Transform 74
Transform: MatrixOffsetTransformBase_double_3_3
Parameters: 0.9999984759817352 -0.0011002423484498816 -0.0015868716378020092 0.0010975782017250105 0.9999988306881202 -0.0014016613747075506 0.001587991756607815 0.0014003663817835953 0.9999973125506542 0.1521782027280949 0.017958547232552746 -0.13665788600008
FixedParameters: 0 0 0
#Transform 75
Transform: MatrixOffsetTransformBase_double_3_3
Parameters: 0.9999991148151781 -0.001087121442483473 -0.0009633515325697672 0.0010849752625948326 0.9999974512794831 -0.002090862398847451 0.0009655259462475196 0.0020899666673372358 0.9999974749371903 0.12703326597416265 0.039852805551788606 -0.11589011778882252
FixedParameters: 0 0 0
#Transform 76
Transform: MatrixOffsetTransformBase_double_3_3
Parameters: 0.9999992764620311 -0.000725073654240512 -0.0010986942375734998 0.0007238203544830854 0.9999984367886162 -0.0014281340361098707 0.0011005586641154447 0.0014277411733360393 0.9999987407290964 0.1285550801471942 0.05912809119132589 -0.17778109658920016
FixedParameters: 0 0 0
#Transform 77
Transform: MatrixOffsetTransformBase_double_3_3
Parameters: 0.999999341386467 -0.0009493711197367423 -0.00092633246380458 0.000949080802082075 0.9999985876707799 -0.0012301688660491465 0.0009276863084621279 0.0012286134812856892 0.9999985273789461 0.13580923909022147 0.051433025044502756 -0.10831042809719804
FixedParameters: 0 0 0
#Transform 78
Transform: MatrixOffsetTransformBase_double_3_3
Parameters: 0.9999981534319965 -0.0012994426758215977 -0.0011713640603264325 0.001297635963481828 0.9999978338408227 -0.00157590467236758 0.0011732917754217892 0.0015740591751351504 0.9999979304575933 0.13986466741225456 0.04757181609394934 -0.06089597964749771
FixedParameters: 0 0 0
#Transform 79
Transform: MatrixOffsetTransformBase_double_3_3
Parameters: 0.9999993540466094 -0.001344611308909758 -0.0002290590315831842 0.0013438130683969458 0.9999971981938419 -0.001730885597064153 0.00023154989350501753 0.0017302662192834367 0.9999987380666873 0.16488635122308892 0.047842723354861505 -0.18949138834437917
FixedParameters: 0 0 0
#Transform 80
Transform: MatrixOffsetTransformBase_double_3_3
Parameters: 0.9999991787281773 -0.0005436096037845619 -0.0007320069600508933 0.0005424085119067719 0.9999984601436932 -0.0014986945509513274 0.0007334301506239788 0.0014980010951004337 0.9999982075552623 0.15958856880776295 0.06769979132636195 -0.2447471179882399
FixedParameters: 0 0 0
#Transform 81
Transform: MatrixOffsetTransformBase_double_3_3
Parameters: 0.999998931975007 -0.0009685484419651285 -0.0011637300826610047 0.0009668300171578833 0.9999979887526836 -0.002019631488054257 0.001165270211470823 0.0020176844104580214 0.9999973443357093 0.17055852488077505 0.033477445316449916 -0.0927237152935163
FixedParameters: 0 0 0
#Transform 82
Transform: MatrixOffsetTransformBase_double_3_3
Parameters: 0.9999990071248257 -0.0013051160220046213 -0.000778007047707252 0.0013041484689168621 0.9999979434776964 -0.0018321031667658735 0.0007796446917257005 0.0018312689996105671 0.9999977219727417 0.15065374382881203 0.03720624634597414 -0.10657444957556095
FixedParameters: 0 0 0
#Transform 83
Transform: MatrixOffsetTransformBase_double_3_3
Parameters: 0.9999988701603517 -0.0009194459802063657 -0.0007139300456397712 0.0009176754174439784 0.9999974151065026 -0.00193481948468187 0.0007151177261539299 0.0019336088853430557 0.9999975237490751 0.1562472524454961 0.08754803083297702 -0.14194528856761224
FixedParameters: 0 0 0
#Transform 84
Transform: MatrixOffsetTransformBase_double_3_3
Parameters: 0.9999992074463402 -0.00090175764703109 -0.0003017914641208208 0.0009021932703558642 0.9999993316193659 -0.0009248152586573618 0.000302276272686669 0.0009243725907387465 0.99999994161878 0.17454527263565467 0.06083942404177378 -0.14700660033153667
FixedParameters: 0 0 0
#Transform 85
Transform: MatrixOffsetTransformBase_double_3_3
Parameters: 0.9999985798905914 -0.00135488888674334 -0.0008931729696540353 0.0013538585715262574 0.9999975076020322 -0.0016311585448211554 0.0008954270725866492 0.0016299352450687252 0.9999983269243834 0.1653455638146113 0.045364571509708185 -0.07401419893422201
FixedParameters: 0 0 0
#Transform 86
Transform: MatrixOffsetTransformBase_double_3_3
Parameters: 0.9999994325401212 -0.0006227734416836561 -0.0005595634595607357 0.0006211254441233828 0.9999974753725712 -0.002266596783625823 0.0005607930067693667 0.0022669968951397564 0.9999974140973276 0.16944169981162815 0.05235779406633867 -0.17430308133126005
FixedParameters: 0 0 0
#Transform 87
Transform: MatrixOffsetTransformBase_double_3_3
Parameters: 0.9999998592600771 -0.000577729048374356 -0.0009587423616524149 0.0005762214784745023 0.9999983453761866 -0.0018230387185313056 0.0009596619110122523 0.0018221363339054964 0.9999976457659565 0.18377922947186676 0.0573097070898001 -0.20030909631323368
FixedParameters: 0 0 0
#Transform 88
Transform: MatrixOffsetTransformBase_double_3_3
Parameters: 0.9999982911856916 -0.0016214554732573157 -0.0006292786380527327 0.001620047799836565 0.9999970529878095 -0.0018227622626454745 0.0006320444027140826 0.0018218136625189837 0.9999979651985018 0.180713792641086 0.03267270086864471 -0.06527543947581194
FixedParameters: 0 0 0
#Transform 89
Transform: MatrixOffsetTransformBase_double_3_3
Parameters: 0.9999991558468136 -0.0011856845217410035 -0.0008139167493646654 0.0011839174140610453 0.9999965788602829 -0.002240454286779432 0.0008168587025650792 0.0022397212643950615 0.9999970920569782 0.18962542650395164 0.04469062904401255 -0.15536514803866908
FixedParameters: 0 0 0
#Transform 90
Transform: MatrixOffsetTransformBase_double_3_3
Parameters: 0.9999984327544048 -0.0012522529619407798 -0.001105704224169765 0.0012501208428636224 0.9999963120559695 -0.0022641679934967502 0.0011090015073860482 0.002262698402904222 0.9999964254894157 0.16498449857219555 0.07698372175687496 -0.2010142444704286
FixedParameters: 0 0 0
#Transform 91
Transform: MatrixOffsetTransformBase_double_3_3
Parameters: 0.9999984938355913 -0.0012684681162005943 -0.0010635626473185916 0.0012661911695433046 0.9999965351959365 -0.0024213065810376683 0.0010671278556343144 0.0024199077045396655 0.9999967700894518 0.17705989356397822 0.038202189557878796 -0.1127281570210954
FixedParameters: 0 0 0
#Transform 92
Transform: MatrixOffsetTransformBase_double_3_3
Parameters: 0.9999995023552543 -0.00121700786016064 -0.0004800932353379722 0.0012160321929767842 0.9999977599581887 -0.0019392855698946263 0.00048264937862428636 0.0019392101735046276 0.999997793031932 0.16162266150301718 0.018741226567982494 -0.06555176967113141
FixedParameters: 0 0 0
#Transform 93
Transform: MatrixOffsetTransformBase_double_3_3
Parameters: 0.9999993511606551 -0.0007662996047521077 -0.00042922432489192475 0.000765424511258939 0.9999971953099861 -0.002053729170210127 0.0004309838221094042 0.0020541672960801166 0.9999974730352547 0.17495965510416056 0.06677168713146386 -0.2162264919533925
FixedParameters: 0 0 0
#Transform 94
Transform: MatrixOffsetTransformBase_double_3_3
Parameters: 0.9999992752459433 -0.000992093018255272 -0.00098250805543669 0.0009897891053190385 0.9999972564598753 -0.0021829981156640025 0.0009844665510464895 0.002181253328515268 0.9999970465039487 0.18633185334897462 0.050916731179185604 -0.16792506860454637
FixedParameters: 0 0 0
#Transform 95
Transform: MatrixOffsetTransformBase_double_3_3
Parameters: 0.9999995770788273 -0.00121771594028063 -0.0003920792014237423 0.0012171764507782924 0.9999977204474093 -0.0019491264645639965 0.0003946618944792174 0.0019482696957323403 0.999997833782353 0.19233701606053444 0.016745852725136956 -0.0857027073990082
FixedParameters: 0 0 0
#Transform 96
Transform: MatrixOffsetTransformBase_double_3_3
Parameters: 0.9999994996741849 -0.0007888713553936739 -0.000027268679306524657 0.0007887626285141907 0.9999976821801669 -0.0019224118936331516 0.000028915381598534906 0.001922367448111469 0.9999981809276887 0.2067788609229524 0.08880982643003676 -0.23179770362401086
FixedParameters: 0 0 0
#Transform 97
Transform: MatrixOffsetTransformBase_double_3_3
Parameters: 0.99999970565574 -0.0011237451234157978 -0.0005060502547350604 0.001122432880312676 0.999996576488458 -0.002272571600375651 0.0005087879865695172 0.0022715339150932655 0.9999973557778342 0.18572639878907182 0.07138799469950641 -0.16083886665938962
FixedParameters: 0 0 0
#Transform 98
Transform: MatrixOffsetTransformBase_double_3_3
Parameters: 0.9999980695782714 -0.0016347613429068635 -0.0007640993069779611 0.0016335182794960739 0.9999964252103893 -0.0019763880929681748 0.0007672130138761252 0.001976079485082711 0.9999981809040162 0.19113234288852254 0.018256354373392014 -0.08225054206485538
FixedParameters: 0 0 0
#Transform 99
Transform: MatrixOffsetTransformBase_double_3_3
Parameters: 0.9999991103670562 -0.00098547997514551 -0.00020357649942799594 0.0009846025283567917 0.9999974566807192 -0.0021386604542764738 0.00020640331687829527 0.002138255445015586 0.9999972622726043 0.20096702895864382 0.0693851495768456 -0.23372843241283192
FixedParameters: 0 0 0
#Transform 100
Transform: MatrixOffsetTransformBase_double_3_3
Parameters: 0.9999983630420819 -0.0018668447030954858 -0.000754428951794589 0.0018656555930373036 0.9999966553113572 -0.001965747585679878 0.0007576442098419928 0.0019651183232868774 0.9999981468184367 0.21106511088531477 0.03479641512616638 -0.16743258905428604
FixedParameters: 0 0 0
#Transform 101
Transform: MatrixOffsetTransformBase_double_3_3
Parameters: 0.9999976739763602 -0.002099357187657076 -0.0005710986154316144 0.002098187112353422 0.9999963619809528 -0.0017989119048106546 0.0005747301560020401 0.0017976016331345001 0.9999980304077095 0.2250668547009127 -0.003914377714622219 -0.08981079407853088
FixedParameters: 0 0 0
#Transform 102
Transform: MatrixOffsetTransformBase_double_3_3
Parameters: 0.999999157088107 -0.0009375019578972675 -0.0002951423625200261 0.0009365119997333864 0.9999983300234995 -0.0016712029656836427 0.000296887573785487 0.0016706481019145036 0.9999989976855295 0.2142067262143712 0.05474047591658859 -0.17055343046251892
FixedParameters: 0 0 0
#Transform 103
Transform: MatrixOffsetTransformBase_double_3_3
Parameters: 0.9999985466087475 -0.001559538360525209 -0.0005808854726731955 0.001558653807958288 0.9999972409855471 -0.0015263978563917642 0.0005825027639479452 0.0015256807500065054 0.9999990165059377 0.20596800122969228 0.07004843557241713 -0.18982267227555383
FixedParameters: 0 0 0
#Transform 104
Transform: MatrixOffsetTransformBase_double_3_3
Parameters: 0.9999978349019416 -0.0018049485729050875 -0.00048321619470551025 0.0018036740102244952 0.9999957737188738 -0.0022299665505300563 0.0004879174116334678 0.0022293100027599745 0.9999974661318904 0.20647322643409893 0.02548974893626621 -0.09697464247894061
FixedParameters: 0 0 0
#Transform 105
Transform: MatrixOffsetTransformBase_double_3_3
Parameters: 0.9999992015986655 -0.00126805808519146 -0.0006434501579214713 0.0012668094693962697 0.9999964960465141 -0.0024288334023900085 0.0006472402134525684 0.002428395626191745 0.9999964602665808 0.2344068332340612 0.048397688522427984 -0.1515986656516759
FixedParameters: 0 0 0
#Transform 106
Transform: MatrixOffsetTransformBase_double_3_3
Parameters: 0.999999196539971 -0.001378876876845567 -0.0003419038643041744 0.0013776485744209231 0.999997905596518 -0.0017878715473852527 0.00034466920894851705 0.0017869240122958862 0.9999984733649278 0.236270898109737 0.09536188033436588 -0.16995434308074664
FixedParameters: 0 0 0
#Transform 107
Transform: MatrixOffsetTransformBase_double_3_3
Parameters: 0.9999989484841775 -0.001223053302073848 -0.0008831220478746071 0.0012214231329870332 0.9999975548401414 -0.0019884221586032105 0.0008856153533191857 0.0019874594634027524 0.9999980408983787 0.17746544321170177 0.05013661963194238 -0.06560007757499875
FixedParameters: 0 0 0
#Transform 108
Transform: MatrixOffsetTransformBase_double_3_3
Parameters: 0.9999986800547891 -0.001570699339304851 -0.00041239690287595 0.0015690875319632502 0.9999972145051621 -0.0018226335223706037 0.00041497842828376597 0.0018223280220927484 0.9999981911462373 0.22664373442414387 0.08855453419535309 -0.1883379482066374
FixedParameters: 0 0 0
#Transform 109
Transform: MatrixOffsetTransformBase_double_3_3
Parameters: 0.9999979090867854 -0.0017430275204815505 -0.000605926661044795 0.0017426516109766961 0.9999964997971641 -0.0018614593029219052 0.0006092718101927824 0.0018605394005579388 0.9999978511163472 0.2171002059802163 0.11707509553443174 -0.13525302635289904
FixedParameters: 0 0 0
#Transform 110
Transform: MatrixOffsetTransformBase_double_3_3
Parameters: 0.9999981131836482 -0.00177751155532713 -0.00020471674367848747 0.0017777063296296578 0.9999961063797026 -0.0019326112335488407 0.00020844523860980013 0.0019319777346702913 0.9999979077394386 0.2599024478592611 0.04312293314663407 -0.1211877000578312
FixedParameters: 0 0 0
#Transform 111
Transform: MatrixOffsetTransformBase_double_3_3
Parameters: 0.9999978377478774 -0.001848974861805256 -0.0004141191030753444 0.0018481280355579623 0.9999956965400769 -0.002211227879059345 0.0004179677529854292 0.0022097905453478126 0.9999975125017131 0.24342223626494786 0.029715814100825355 -0.09858463297197773
FixedParameters: 0 0 0
#Transform 112
Transform: MatrixOffsetTransformBase_double_3_3
Parameters: 0.9999983375034043 -0.0016224589174971766 -0.000588463999974545 0.0016213371523670732 0.999997457652627 -0.0017069708738531772 0.0005908585488009904 0.0017061538255759303 0.999998423613332 0.2453176792745353 0.10669835731459898 -0.2265682761295409
FixedParameters: 0 0 0
#Transform 113
Transform: MatrixOffsetTransformBase_double_3_3
Parameters: 0.999998157790817 -0.001966660183789884 -0.0006182171519397983 0.001965201668314802 0.9999965470959578 -0.0018950247612089842 0.0006217487638034286 0.001893681635807842 0.9999976194120713 0.26777659858315417 0.04570641174079526 -0.12881471514712928
FixedParameters: 0 0 0
#Transform 114
Transform: MatrixOffsetTransformBase_double_3_3
