#Insight Transform File V1.0
#Transform 0
Transform: MatrixOffsetTransformBase_double_3_3
Parameters: 0.9999979715575062 -0.00013535927257337844 -0.0017380839368171253 0.0001367038179507887 0.9999998318400053 0.00038661821828320014 0.001737775156763266 -0.00038708898787657075 0.9999988194777196 0.07902188220107575 -0.02321227051486119 -0.13910986113133106
FixedParameters: 0 0 0
#Transform 1
Transform: MatrixOffsetTransformBase_double_3_3
Parameters: 0.9999981910551676 -0.000050394587542927877 -0.0019510123922681644 0.00005238940743574781 0.9999994102838259 0.0007660229099678494 0.0019509341551569581 -0.0007663236723929871 0.9999976067300096 0.05419086433057885 0.001849233012379159 -0.2337651228544928
FixedParameters: 0 0 0
#Transform 2
Transform: MatrixOffsetTransformBase_double_3_3
Parameters: 0.9999986214658944 -0.0002849641562013508 -0.001815784651209476 0.00028496782705422926 0.9999998594707754 -0.0002446958673332357 0.00181592366721256 0.00024476007831439583 0.9999986422156703 0.06160822890578288 0.022002170620069705 -0.12728674004893037
FixedParameters: 0 0 0
#Transform 3
Transform: MatrixOffsetTransformBase_double_3_3
Parameters: 0.9999996810380644 -0.0004926484800914516 -0.0004224189924541266 0.0004921066426977424 0.9999993466651861 -0.0006412219034283818 0.00042207116624644325 0.0006408059905271157 0.9999993090452567 0.0108013140031602 -0.008875737367262104 -0.0656738810284736
FixedParameters: 0 0 0
#Transform 4
Transform: MatrixOffsetTransformBase_double_3_3
Parameters: 0.9999999638257903 0.00015589242989755725 -0.00010895707202515648 -0.00015571959938920685 0.9999993481259946 0.0007922278564942431 0.00010920393457268529 -0.0007921938656652104 0.9999993605030962 -0.015036683568723674 0.0118983574987368 -0.3242342998322556
FixedParameters: 0 0 0
#Transform 5
Transform: MatrixOffsetTransformBase_double_3_3
Parameters: 0.9999990880513693 -0.0005619583199094491 -0.0008356030754485683 0.0005625664341304973 0.9999996555572894 -0.00016983671293595022 0.0008348146201470064 0.0001699944487369734 0.9999991712232225 0.016032074742028612 0.0212140179743443 -0.17821241785013342
FixedParameters: 0 0 0
#Transform 6
Transform: MatrixOffsetTransformBase_double_3_3
Parameters: 0.9999999276335887 -0.00023678537359426616 -0.0010028100938935386 0.00023707620491869819 0.9999999228545021 0.000144708173271465 0.0010029449395161927 -0.00014518338730514337 0.9999989836940486 0.0008535720479585507 -0.024281300502110525 -0.10433751622100829
FixedParameters: 0 0 0
#Transform 7
Transform: MatrixOffsetTransformBase_double_3_3
Parameters: 0.9999987576551642 -0.00010219313557348534 -0.0014940213277123138 0.0001023944540977797 0.9999994517997952 0.000732978435272699 0.0014938723454322872 -0.0007334876479185201 0.9999982305970158 -0.03964474593803402 0.019694950998612626 -0.2799793971335873
FixedParameters: 0 0 0
#Transform 8
Transform: MatrixOffsetTransformBase_double_3_3
Parameters: 0.9999994268755914 -0.0008151875980909294 -0.0009532450520327446 0.0008143026868360934 0.9999991683150975 -0.00041063206258916364 0.0009539137716319951 0.00041007400179951433 0.9999999217832231 -0.008080638151795938 0.009714377126400109 -0.1473548286218005
FixedParameters: 0 0 0
#Transform 9
Transform: MatrixOffsetTransformBase_double_3_3
Parameters: 0.9999995330477554 -0.0006099292943046326 -0.00030723604935266324 0.0006103688584816135 0.9999990866516163 -0.0007355966861296919 0.00030813367623788723 0.0007363182735167884 0.9999993631294368 -0.05575172837053799 -0.014600023549206753 -0.07797500627897591
FixedParameters: 0 0 0
#Transform 10
Transform: MatrixOffsetTransformBase_double_3_3
Parameters: 0.9999995577235176 -0.000007477683143256695 -0.0006649959902300245 0.0000074893557739389235 0.9999999998669705 0.000008771475471375028 0.0006649958585797228 -0.000008781428485459377 0.9999995577039031 -0.062442330368455146 0.034608545841905425 -0.2741575464244619
FixedParameters: 0 0 0
#Transform 11
Transform: MatrixOffsetTransformBase_double_3_3
Parameters: 0.9999998192084343 0.000012723516505507696 -0.0004250049354089097 -0.000012616976633808882 0.9999999841296172 0.00012534429631068465 0.00042500811137201333 -0.0001253335264192806 0.9999998036600252 -0.049509998648616715 -0.017289548025047452 -0.09689440953698636
FixedParameters: 0 0 0
#Transform 12
Transform: MatrixOffsetTransformBase_double_3_3
Parameters: 0.999999809946535 -0.00009734527911898702 -0.00042494337891577083 0.00009729054163763555 0.9999999863812755 -0.0000644459108865211 0.00042495591416591427 0.00006436320053633391 0.9999998152702643 -0.08932672072886305 -0.031113030975916445 -0.04319784884384603
FixedParameters: 0 0 0
#Transform 13
Transform: MatrixOffsetTransformBase_double_3_3
Parameters: 0.9999990067127295 0.00009864624235736137 -0.000997058206147941 -0.00009773690768743279 0.9999990784487401 0.0009549590108940168 0.0009970427185712893 -0.0009548644850795683 0.9999990836202507 -0.0860134708608058 0.0263412613605567 -0.29396254373172326
FixedParameters: 0 0 0
#Transform 14
Transform: MatrixOffsetTransformBase_double_3_3
Parameters: 0.999999959633925 -0.00009879187275285315 -0.0001749458594024894 0.00009878100270305551 0.9999999892761309 -0.000031083482764368304 0.00017495199716545395 0.000031048917697999614 0.999999968427947 -0.06344318878717559 0.01834234676435642 -0.1647772281795028
FixedParameters: 0 0 0
#Transform 15
Transform: MatrixOffsetTransformBase_double_3_3
Parameters: 0.9999995195949078 -0.00022448146979458738 -0.0006557707763478471 0.0002237177027214404 0.9999996960216538 -0.000503903713320129 0.0006559968350625806 0.0005046044992484774 0.9999993150301814 -0.08774251144456002 -0.023719288146665463 -0.06420844800305758
FixedParameters: 0 0 0
#Transform 16
Transform: MatrixOffsetTransformBase_double_3_3
Parameters: 0.9999992595023829 -0.00005202238583974837 -0.0008589469311193337 0.00005116791943981939 0.9999997499546268 -0.000497420507120287 0.00085899825519338 0.0004973318693341704 0.9999990147829415 -0.09193266361455699 0.014451209863295844 -0.22127772925949785
FixedParameters: 0 0 0
#Transform 17
Transform: MatrixOffsetTransformBase_double_3_3
Parameters: 0.9999993404534389 0.00013773964121888458 0.0008066847436263569 -0.00013705856943391304 0.9999999026644456 -0.0010386246096902732 -0.0008071731270679477 0.0010383005535779294 0.9999992600474019 -0.07759811953697238 -0.0039801778739416704 -0.09363144792540368
FixedParameters: 0 0 0
#Transform 18
Transform: MatrixOffsetTransformBase_double_3_3
Parameters: 0.9999993701979045 0.0005620522099681629 -0.0005602663822648624 -0.0005620043634874159 0.9999996823009057 0.00004301264670446411 0.0005603143767254487 -0.00004238284880814171 0.9999996842519876 -0.07937703351531411 -0.018715970567470208 -0.19871770600225602
FixedParameters: 0 0 0
#Transform 19
Transform: MatrixOffsetTransformBase_double_3_3
Parameters: 0.9999999811974092 0.00008432702314575267 -0.00010812691354439297 -0.00008454026352341509 0.9999990190564271 -0.0009868108061811926 0.00010796027172717271 0.0009868290509209563 0.9999990145121344 -0.12102980234182326 0.02176248379399226 -0.2282690160752594
FixedParameters: 0 0 0
#Transform 20
Transform: MatrixOffsetTransformBase_double_3_3
Parameters: 0.9999999045414044 0.0001396512988146651 0.0002936386064949781 -0.00013985529223814073 0.9999991704753458 -0.0013454324495747725 -0.0002942176542301972 0.0013452479816090726 0.9999990932524161 -0.11999838194775236 -0.01512051265963521 -0.09804292100039902
FixedParameters: 0 0 0
#Transform 21
Transform: MatrixOffsetTransformBase_double_3_3
Parameters: 0.9999999225843672 0.00005391016796064916 0.00027296448410199514 -0.00005383251134937725 0.9999999768648112 -0.00014225769023942786 -0.0002729798096241798 0.00014222827939755538 0.9999999052528398 -0.11209106569428684 0.0023199585394308997 -0.1795683254275957
FixedParameters: 0 0 0
#Transform 22
Transform: MatrixOffsetTransformBase_double_3_3
Parameters: 0.9999999823414921 0.0000222624808045348 -0.00013100668176549424 -0.00002220565924369196 0.9999999524790164 0.00021685914123981012 0.00013101632490118698 -0.00021685331537728476 0.9999999358094993 -0.11636896425345356 0.0334843942515306 -0.20772951033184484
FixedParameters: 0 0 0
#Transform 23
Transform: MatrixOffsetTransformBase_double_3_3
Parameters: 0.9999999146108984 -0.00025321150214034416 -0.00014585223553365 0.000253192115044966 0.999999931472794 -0.00006649026263053575 0.00014588588768149613 0.00006641639425709076 0.9999999743063231 -0.06059917936613601 -0.02203033753676209 -0.08633131242528691
FixedParameters: 0 0 0
#Transform 24
Transform: MatrixOffsetTransformBase_double_3_3
Parameters: 0.9999999262404812 -0.0002325614897017006 0.00014026694342465784 0.0002327381806365278 0.9999995483439259 -0.0006304671419436627 -0.00013997357189979298 0.0006305323399915896 0.9999995828360368 -0.12001230245495265 0.025585256244823995 -0.1828153884865884
FixedParameters: 0 0 0
#Transform 25
Transform: MatrixOffsetTransformBase_double_3_3
Parameters: 0.999999614304121 -0.00003547251829722113 0.0006200307150623224 0.00003590672064538983 0.9999998761190487 -0.0003501309005574453 -0.0006200057211192267 0.000350175156968857 0.9999994929693466 -0.10689247508281596 0.023876916729548725 -0.16017971367956818
FixedParameters: 0 0 0
#Transform 26
Transform: MatrixOffsetTransformBase_double_3_3
Parameters: 0.9999998705266846 -0.00007579233053886463 0.0010600975133493867 0.00007638783870541363 0.9999994315146786 -0.0007500652138887747 -0.0010599828487319468 0.0007501252633469193 0.9999993137235181 -0.09326515686453263 -0.0027746005556821274 -0.0939552583458294
FixedParameters: 0 0 0
#Transform 27
Transform: MatrixOffsetTransformBase_double_3_3
Parameters: 0.9999998917277145 -0.00000576652700269055 0.000329006467138071 0.000005158355825794716 0.9999996547539647 -0.0005875554483025736 -0.00032899953407979077 0.0005874567406481009 0.9999995466461546 -0.10683636486564296 0.01879314350244954 -0.21359482635796212
FixedParameters: 0 0 0
#Transform 28
Transform: MatrixOffsetTransformBase_double_3_3
Parameters: 0.9999997569210117 -0.00004423854482437884 0.0004910421574454982 0.00004466544671227942 0.9999998090537195 -0.00043468522786833377 -0.0004910035100194748 0.00043472888172815447 0.9999995699256418 -0.10052635979255342 0.028496307601287185 -0.1822017077114566
FixedParameters: 0 0 0
#Transform 29
Transform: MatrixOffsetTransformBase_double_3_3
Parameters: 0.9999988807801743 -0.0004332011156722603 0.0009706766526736132 0.0004347879741833723 0.9999991784254431 -0.0012778810236226093 -0.000969770644244819 0.0012776261030463221 0.9999984161094596 -0.0743212000932516 -0.00392446153882986 -0.10595894575340026
FixedParameters: 0 0 0
#Transform 30
Transform: MatrixOffsetTransformBase_double_3_3
Parameters: 0.9999995978914572 -0.0003346346535089321 0.0005484671950793801 0.00033493448959245436 0.999999493298554 -0.0011807858597653387 -0.000547879504059462 0.0011810505872899813 0.9999992945247262 -0.09065636594941395 0.022205879738336876 -0.2376661139203975
FixedParameters: 0 0 0
#Transform 31
Transform: MatrixOffsetTransformBase_double_3_3
Parameters: 0.9999992135253348 -0.00035298933389066366 0.0008265428210503384 0.00035363045828391295 0.9999983400731687 -0.0015919756588557187 -0.0008258237952418618 0.0015923558658687712 0.99999876160099 -0.09662407762344571 -0.023703662685846894 -0.11303352484146956
FixedParameters: 0 0 0
#Transform 32
Transform: MatrixOffsetTransformBase_double_3_3
Parameters: 0.999999960408708 -0.00004033007637756035 0.00021996812890322237 0.000040861175148983 0.9999995410940817 -0.001207160564053093 -0.00022007364772068383 0.001207178416753271 0.9999994838668762 -0.1161089568100806 -0.001980563691944326 -0.26947210132593113
FixedParameters: 0 0 0
#Transform 33
Transform: MatrixOffsetTransformBase_double_3_3
Parameters: 0.9999995553231664 -0.000494193677796011 0.00045963447589640605 0.0004941930077435675 0.9999998123380024 -0.0009713357239053713 -0.0004588778070619831 0.0009706925803580108 0.9999998363175056 -0.10152156626968178 0.025987412550108502 -0.1825369601264839
FixedParameters: 0 0 0
#Transform 34
Transform: MatrixOffsetTransformBase_double_3_3
Parameters: 0.9999997002310854 -0.0005435257023141737 -0.0003420296902159059 0.000542541548676266 0.999998640133082 -0.001437189489099278 0.0003424077750085741 0.0014368177004431913 0.9999987056743058 -0.0669450620728469 -0.022786371690074247 -0.10137073722492573
FixedParameters: 0 0 0
#Transform 35
Transform: MatrixOffsetTransformBase_double_3_3
Parameters: 0.999999647676038 -0.00018507528401767696 0.000573241101958874 0.00018560599732413526 0.9999991940547087 -0.0013309372240790504 -0.000572950743414638 0.0013310473473381274 0.9999988896062421 -0.10121312917823388 0.007706319838334252 -0.24624266653326288
FixedParameters: 0 0 0
#Transform 36
Transform: MatrixOffsetTransformBase_double_3_3
Parameters: 0.9999993680556756 0.000027057103123425992 -0.0008011493958375998 -0.000028994469603540828 0.999999536919155 -0.0012092313648408215 0.0008008780843862945 0.0012092762520955075 0.9999988856153946 -0.09348124384077039 0.016838162584775773 -0.19151202382859367
FixedParameters: 0 0 0
#Transform 37
Transform: MatrixOffsetTransformBase_double_3_3
Parameters: 0.9999991799788973 -0.00047410659933034806 0.0008468723785341609 0.0004761362368019323 0.9999987949420857 -0.0017260515230542706 -0.0008466180168874432 0.0017257589550422898 0.9999981821407348 -0.06767134002056707 -0.029993175284189988 -0.10260972339860075
FixedParameters: 0 0 0
#Transform 38
Transform: MatrixOffsetTransformBase_double_3_3
Parameters: 0.9999998359611739 -0.00008460119054613677 0.00039608314436447023 0.0000849693076849171 0.9999997768248544 -0.000464709929094591 -0.0003960043373706368 0.0004647770864418321 0.9999996271622601 -0.10109931967217278 0.021702567306874698 -0.32753874700998153
FixedParameters: 0 0 0
#Transform 39
Transform: MatrixOffsetTransformBase_double_3_3
Parameters: 0.9999996723516273 -0.0001235090265918902 0.000568106317602346 0.00012482837528697373 0.999999635823233 -0.001161290298767148 -0.0005680214383320809 0.0011614313594315502 0.9999993180776773 -0.09345073577421203 0.014190791148749327 -0.22209653544035746
FixedParameters: 0 0 0
#Transform 40
Transform: MatrixOffsetTransformBase_double_3_3
Parameters: 0.9999989633067573 -0.0008945381596354799 -0.0005993543047807665 0.0008935815953415116 0.9999988291630006 -0.0015401376800000506 0.0006007216867647686 0.0015401616685635107 0.9999991446303749 -0.06020519774124011 -0.051456234802500944 -0.14006319286913538
FixedParameters: 0 0 0
#Transform 41
Transform: MatrixOffsetTransformBase_double_3_3
Parameters: 0.999999561957967 0.00023029136450094246 0.0005326958537132526 -0.00022948327029051263 0.999999371876843 -0.0007585909674463021 -0.0005320655102191707 0.0007583462972878492 0.9999992430601808 -0.09665412612189073 0.0012412287204455197 -0.3893159541087243
FixedParameters: 0 0 0
#Transform 42
Transform: MatrixOffsetTransformBase_double_3_3
Parameters: 0.999999904515549 -0.00010177500370484751 0.00030907848711134167 0.00010254696448388133 0.9999994293465824 -0.0012490547049900103 -0.000309026801594961 0.001249117840272697 0.9999993338037116 -0.10981808260875425 -0.001429743375894077 -0.22912546615118856
FixedParameters: 0 0 0
#Transform 43
Transform: MatrixOffsetTransformBase_double_3_3
Parameters: 0.9999999475930512 0.00003657299080798693 0.00022598584432657887 -0.00003663172281187023 0.9999999817734587 0.00012994097178617382 -0.0002259763313297719 -0.0001299575146784059 0.9999999320454994 -0.12293769754352013 -0.014366066122548204 -0.2075310096747529
FixedParameters: 0 0 0
#Transform 44
Transform: MatrixOffsetTransformBase_double_3_3
Parameters: 0.9999993540558754 -0.0004681768414229547 0.000661477474988903 0.0004681326421186818 0.9999992640423924 -0.0007185846609535885 -0.0006610074301827418 0.0007191025108292644 1.000000035608914 -0.07569592210700193 -0.037961211279281315 -0.16239817013043023
FixedParameters: 0 0 0
#Transform 45
Transform: MatrixOffsetTransformBase_double_3_3
Parameters: 0.9999999516079312 -0.00010712076363072635 0.00019213904298841233 0.00010742041092088667 0.9999993799237268 -0.0007800876576109837 -0.00019197167744984533 0.0007801288613623474 0.9999993545452045 -0.11747112479841348 -0.008214315551470008 -0.3035571355585063
FixedParameters: 0 0 0
#Transform 46
Transform: MatrixOffsetTransformBase_double_3_3
Parameters: 0.9999997146484277 -0.00011305671495032038 0.0005220825822485065 0.00011327964960647797 0.9999999416041951 -0.00021345614296241762 -0.0005220342557416685 0.00021357430387874244 0.9999996818655953 -0.11378519217969085 0.005364518494843651 -0.3112797324393881
FixedParameters: 0 0 0
#Transform 47
Transform: MatrixOffsetTransformBase_double_3_3
Parameters: 0.9999990074730408 -0.00042488428516573314 0.0009013453338615196 0.00042442497890105544 0.999999731366103 -0.00029673647813084343 -0.0009010925164646549 0.00029739959092395804 0.9999990996062755 -0.07694186582421025 -0.043115008431058754 -0.18447468869763384
FixedParameters: 0 0 0
#Transform 48
Transform: MatrixOffsetTransformBase_double_3_3
Parameters: 0.9999998082771318 -0.0001905662701433485 0.0003942178910935762 0.0001910594771080346 0.9999995720380594 -0.0006256660779679253 -0.00039397909179558765 0.0006258164762510451 0.9999994531334886 -0.09662253959480438 -0.004368682797064594 -0.30305133071188095
FixedParameters: 0 0 0
#Transform 49
Transform: MatrixOffsetTransformBase_double_3_3
Parameters: 0.9999997145405962 -0.0005387163530021641 0.00007893022630167668 0.0005379404011667948 0.9999987550179936 -0.0013982686420209356 -0.00007762779483815041 0.0013982506087194453 0.9999990283281803 -0.100295845077369 -0.01063857883191588 -0.19043033969542478
FixedParameters: 0 0 0
#Transform 50
Transform: MatrixOffsetTransformBase_double_3_3
Parameters: 0.9999999448513184 -0.0001981408836103894 0.00016223991960334638 0.000198531777991017 0.99999950615605 -0.0012059972404987456 -0.00016196505096498226 0.0012060615313038638 0.9999995087502273 -0.12737903568023512 -0.014163336578192798 -0.20696372463650903
FixedParameters: 0 0 0
#Transform 51
Transform: MatrixOffsetTransformBase_double_3_3
Parameters: 0.9999999362864971 -0.00007120841959611449 -0.00026298645062651504 0.00007062528339403278 0.9999997660306592 -0.0011085946668211461 0.0002629401534381265 0.0011085573587836677 0.999999691444634 -0.14289811651867979 0.004857755394539254 -0.27962724557444574
FixedParameters: 0 0 0
#Transform 52
Transform: MatrixOffsetTransformBase_double_3_3
Parameters: 0.9999993360428505 -0.00030197218272425604 -0.0007636036528046314 0.0003012326860782204 0.9999996205414973 -0.0011353211880067472 0.0007640843311158135 0.0011349627243124113 0.9999991174767744 -0.1014761883320574 -0.03168656801567238 -0.1605376719032563
FixedParameters: 0 0 0
#Transform 53
Transform: MatrixOffsetTransformBase_double_3_3
Parameters: 0.9999996375714094 -0.0002584572456809436 0.0005533893049450289 0.00025898875034291755 0.9999990293209958 -0.0013796497855295977 -0.00055287837818635 0.001379833689917442 0.9999987799409379 -0.11956902065246311 -0.04421818672290101 -0.09377420461395047
FixedParameters: 0 0 0
#Transform 54
Transform: MatrixOffsetTransformBase_double_3_3
Parameters: 0.9999996609180696 0.00015001387242262508 0.000571645834800294 -0.00014966992924817546 0.9999996075641725 -0.0011705771706747234 -0.0005721996128021656 0.0011703034613607228 0.9999992925605804 -0.15782937347364623 -0.00913014394436118 -0.2878669521059436
FixedParameters: 0 0 0
#Transform 55
Transform: MatrixOffsetTransformBase_double_3_3
Parameters: 0.999999684584676 0.0003975881760302551 0.00023539201170622026 -0.000398118488806192 0.9999998697374138 -0.0009860065644520671 -0.0002351968851804359 0.0009857161073615133 0.9999990745322661 -0.14648663875976808 0.003127918723450307 -0.23210096525426138
FixedParameters: 0 0 0
#Transform 56
Transform: MatrixOffsetTransformBase_double_3_3
Parameters: 0.9999996285249394 0.00032156722682053564 0.00043299480515167355 -0.00031987952736845394 0.999998106312365 -0.0019471419028752337 -0.00043367169750875567 0.001946864024821436 0.9999981022308133 -0.1796850133867025 -0.027206559744428205 -0.12944955772888989
FixedParameters: 0 0 0
#Transform 57
Transform: MatrixOffsetTransformBase_double_3_3
Parameters: 0.9999997051725932 0.0009294580909095285 0.0005741428533425907 -0.000927867956836844 0.999998973690665 -0.0014712295080455849 -0.0005758962169092885 0.0014711553309776004 0.9999986061937997 -0.20736932960977583 0.048479458614934856 -0.22143923377024066
FixedParameters: 0 0 0
#Transform 58
Transform: MatrixOffsetTransformBase_double_3_3
Parameters: 0.9999997880415546 0.0003956504877377442 0.00023541346212305192 -0.0003951951648839062 0.9999999114393378 -0.0009655992973345394 -0.00023617702799359763 0.0009654117845231816 0.9999990121994604 -0.20398798400819373 0.001451230032344597 -0.09740610301345498
FixedParameters: 0 0 0
#Transform 59
Transform: MatrixOffsetTransformBase_double_3_3
Parameters: 0.9999996940964332 0.00044019033152701306 0.00010233045356630721 -0.0004399893396817987 0.9999998456087007 -0.0009802047280162741 -0.00010221410143293475 0.000980113780255314 0.9999991305936158 -0.19661404607462885 -0.004029645822427597 -0.20089429797192793
FixedParameters: 0 0 0
#Transform 60
Transform: MatrixOffsetTransformBase_double_3_3
Parameters: 0.99999972140599 0.00042031251505121196 0.000013398638276554409 -0.00042028840213391097 0.9999990336327218 -0.0008886642582203994 -0.000013166577843393146 0.0008886531974451669 0.999999311873872 -0.18894066614983274 0.005038394092736098 -0.16454719241082216
FixedParameters: 0 0 0
#Transform 61
Transform: MatrixOffsetTransformBase_double_3_3
Parameters: 0.9999999474425829 0.00024673975523982293 0.000043455585127208374 -0.000247622566173637 0.9999993081577686 -0.0012770470307139333 -0.00004428989490623536 0.001276923028767331 0.9999993569714901 -0.19658695569286522 -0.015728432545145665 -0.1933568625165094
FixedParameters: 0 0 0
#Transform 62
Transform: MatrixOffsetTransformBase_double_3_3
Parameters: 0.9999995547202516 0.0009216314053417306 0.000634757663834945 -0.0009204586593882529 0.9999979657054809 -0.0017851962628504196 -0.0006362907280797053 0.00178491821878639 0.9999986022798535 -0.20218833297116134 0.0037590123145605503 -0.2128287542873437
FixedParameters: 0 0 0
#Transform 63
Transform: MatrixOffsetTransformBase_double_3_3
Parameters: 0.9999994989002329 0.0005236319373135099 0.0003678612585698432 -0.0005236646811829037 0.9999986392966832 -0.0014443765426856202 -0.00036859811042086466 0.0014448834413272882 0.999998868287275 -0.17280086178996612 -0.048720895661816144 -0.13422205186826375
FixedParameters: 0 0 0
#Transform 64
Transform: MatrixOffsetTransformBase_double_3_3
Parameters: 0.9999996930314764 0.00046244432857861235 0.00004298837982882886 -0.0004623203939586218 0.9999987476131488 -0.0014278112872690206 -0.000043533213628127454 0.0014277713747778164 0.9999990508386241 -0.1833302420235583 0.007772600572295119 -0.22103424015273276
FixedParameters: 0 0 0
#Transform 65
Transform: MatrixOffsetTransformBase_double_3_3
Parameters: 0.9999995050870085 0.0005713258835725461 0.00029541126437222787 -0.0005712004839460846 0.9999981002014373 -0.0018905644224476215 -0.0002969985130684971 0.0018901237809250114 0.9999984197457279 -0.173809964854982 -0.027278005662822125 -0.13470308791609398
FixedParameters: 0 0 0
#Transform 66
Transform: MatrixOffsetTransformBase_double_3_3
Parameters: 1.0000000534720757 0.000965759496954038 -0.000057966459776126467 -0.0009658271144992773 0.9999997204459733 -0.0005888400979222876 0.00005703248806754324 0.0005889501385075888 0.9999996603622662 -0.19958140479619146 -0.014833957005890852 -0.1934220018497257
FixedParameters: 0 0 0
#Transform 67
Transform: MatrixOffsetTransformBase_double_3_3
Parameters: 0.9999994933557982 0.00058519220535827 0.00024918221830735887 -0.0005857566341858179 0.9999999134212346 -0.0008626045472586606 -0.0002492124698137005 0.000862209517964482 0.9999992959731446 -0.1861540612958379 0.005641163115953418 -0.1913162703774134
FixedParameters: 0 0 0
#Transform 68
Transform: MatrixOffsetTransformBase_double_3_3
Parameters: 0.9999997514097851 0.000496699236996571 0.000043359742527657175 -0.0004966317108565055 0.9999991575601825 -0.0007718782687979235 -0.00004412645215273736 0.0007718348166928543 0.999999402323458 -0.15477543231557434 -0.017041588704643118 -0.08686046298363692
FixedParameters: 0 0 0
#Transform 69
Transform: MatrixOffsetTransformBase_double_3_3
Parameters: 0.9999996257179802 0.0005667389591458382 0.00023041066864361304 -0.0005664977803249474 0.9999994057321047 -0.0005228267529096582 -0.00023100300727681156 0.0005225653065601916 0.9999996735627529 -0.15689753316416954 -0.012821887749666416 -0.16159644204614665
FixedParameters: 0 0 0
#Transform 70
Transform: MatrixOffsetTransformBase_double_3_3
Parameters: 0.9999997899131079 0.000398553200250375 0.00022549070622919498 -0.00039920439243357165 0.9999992620483512 -0.000760926431538261 -0.0002260971142270668 0.0007606440004771446 0.9999993702752994 -0.1898982893055745 0.026728182966266445 -0.24815141106236638
FixedParameters: 0 0 0
#Transform 71
Transform: MatrixOffsetTransformBase_double_3_3
Parameters: 0.9999998828451037 0.0003321260581499541 0.00008274812335613835 -0.0003320860959626522 0.9999998315105518 -0.00024126385440783303 -0.00008290835546503894 0.000241208838469948 0.9999999349444055 -0.1503241361029808 -0.02720554629564731 -0.1773280296823998
FixedParameters: 0 0 0
#Transform 72
Transform: MatrixOffsetTransformBase_double_3_3
Parameters: 0.9999998877275925 0.0003476367257136447 0.00004333703081578488 -0.00034754066287310734 0.9999996750832156 -0.001097329800855108 -0.00004430338989876159 0.0010972993265552038 0.9999997835153871 -0.16033030784939228 -0.049444616708143485 -0.08041308520175505
FixedParameters: 0 0 0
#Transform 73
Transform: MatrixOffsetTransformBase_double_3_3
Parameters: 0.9999997408904812 0.0011165986149725183 0.000043139032277483835 -0.001116568545084628 0.9999996341910798 -0.00034508553681161265 -0.00004370602624816089 0.0003449875422509794 0.999999889530137 -0.2036553203548408 0.013348714016416352 -0.2987796387119488
FixedParameters: 0 0 0
#Transform 74
Transform: MatrixOffsetTransformBase_double_3_3
Parameters: 0.9999997887568475 0.0010207665230741437 -0.00023847773718330134 -0.0010211488579718888 0.9999989181451769 -0.0010195607668896346 0.00023757894547853098 0.0010190511283930835 0.9999990171030863 -0.1957991834724453 -0.02127894458993751 -0.22480105241355375
FixedParameters: 0 0 0
#Transform 75
Transform: MatrixOffsetTransformBase_double_3_3
Parameters: 0.9999996913099851 0.00032211397633764133 -0.0003367074680220572 -0.00032300842981306227 0.9999991297411026 -0.0013288807287857186 0.000336625645016575 0.0013290980138119604 0.9999992117420788 -0.16970330994948313 -0.028046095795914994 -0.08718178036095026
FixedParameters: 0 0 0
#Transform 76
Transform: MatrixOffsetTransformBase_double_3_3
Parameters: 0.9999997552048037 0.0004732466233655202 0.00014433692270750254 -0.0004729906876469504 0.9999999946468681 -0.0008841004407426182 -0.00014517342620092022 0.0008839624328370165 0.9999991975344191 -0.1976122327654224 -0.010979614174146946 -0.20503225952843707
FixedParameters: 0 0 0
#Transform 77
Transform: MatrixOffsetTransformBase_double_3_3
Parameters: 0.9999996133056843 0.0006128947831955095 0.00010514104028010174 -0.0006127078676368267 0.9999998424436941 -0.0008843900122877623 -0.00010622487115942436 0.0008842594516597195 0.9999992068008807 -0.20410998850083217 0.01509828528499213 -0.20628963758321106
FixedParameters: 0 0 0
#Transform 78
Transform: MatrixOffsetTransformBase_double_3_3
Parameters: 0.999999402418913 0.0006693721047855582 0.00021902534319204192 -0.0006689669141537779 0.999999699747478 -0.0009234370776788278 -0.00021928195006654105 0.0009231428455793392 0.9999992012724058 -0.18972065278688888 -0.04914256211588963 -0.07513463846547097
FixedParameters: 0 0 0
#Transform 79
Transform: MatrixOffsetTransformBase_double_3_3
Parameters: 0.99999966599026 0.001075390064474983 -0.0002570637574639406 -0.001074681015681542 0.9999995341986296 -0.000556587128786338 0.0002570484374998516 0.000557241200287863 0.9999997359475582 -0.21104234006884326 0.00875193813884323 -0.24331161668776247
FixedParameters: 0 0 0
#Transform 80
Transform: MatrixOffsetTransformBase_double_3_3
Parameters: 0.9999996411921989 0.0005412718634710219 -0.0002565778067224189 -0.0005415539195723221 0.9999994040548613 -0.0005501492006052606 0.00025598194022460885 0.0005504267065490494 0.9999996315038153 -0.19146043975315763 0.01933319032823988 -0.17809826073174406
FixedParameters: 0 0 0
#Transform 81
Transform: MatrixOffsetTransformBase_double_3_3
Parameters: 0.9999995829165094 0.0006433588606174775 0.00005632719931264463 -0.0006432989542180063 0.9999993067266711 -0.00052862019513509 -0.000057007306167686234 0.00052854728292291 0.9999997173877898 -0.2104167283925733 0.013610683091698661 -0.10696372131724274
FixedParameters: 0 0 0
#Transform 82
Transform: MatrixOffsetTransformBase_double_3_3
Parameters: 0.9999991794180788 0.0008184412192414771 0.00038824686760416394 -0.000818128178404719 0.9999991681577972 -0.00040312256167795047 -0.00038890608576387653 0.00040248662772695426 0.9999996867560558 -0.2217296580382424 -0.04115959887376164 -0.08126672305300531
FixedParameters: 0 0 0
#Transform 83
Transform: MatrixOffsetTransformBase_double_3_3
Parameters: 0.9999992605117071 0.0008551607031661392 0.00009048764602208326 -0.000855145868113801 0.9999992620032585 -0.00008198622650537938 -0.00009062773523102474 0.00008183134405262052 0.9999999850901472 -0.22970518499280956 0.0334804687662853 -0.2988275856542941
FixedParameters: 0 0 0
#Transform 84
Transform: MatrixOffsetTransformBase_double_3_3
Parameters: 0.9999995769316604 0.0004956973417922887 0.00027533025013311285 -0.0004953513459085715 0.9999990932756572 -0.0008130848720750978 -0.00027515729377816656 0.0008138069488491619 0.9999993637968281 -0.18957524876684317 -0.01740741032520532 -0.16020693934947872
FixedParameters: 0 0 0
#Transform 85
Transform: MatrixOffsetTransformBase_double_3_3
Parameters: 0.9999994348229369 0.0006713717821395861 0.00011306279758778459 -0.0006711759305335644 0.999999804284542 -0.0008632721061835423 -0.00011324261069635411 0.0008631192631911037 0.999999343855063 -0.1708785862775386 -0.03127944995807752 -0.09315368785242129
FixedParameters: 0 0 0
#Transform 86
Transform: MatrixOffsetTransformBase_double_3_3
Parameters: 0.9999998865007715 0.0009890498686732658 -0.00015123182154132275 -0.000989297069995048 0.9999993483035832 -0.0008203583499790348 0.0001507911723535177 0.0008206561837088568 0.9999994161945168 -0.22675257667877702 -0.003036110758088739 -0.2629659614106288
FixedParameters: 0 0 0
#Transform 87
Transform: MatrixOffsetTransformBase_double_3_3
Parameters: 0.9999991344552177 0.0008356594483659648 -0.00025696880423868584 -0.0008349878070756624 0.9999999056729372 -0.0006295081585212124 0.00025689522886752914 0.00063003877348467 0.9999996390843849 -0.2213261974996925 0.011895653279822227 -0.22413147427874947
FixedParameters: 0 0 0
#Transform 88
Transform: MatrixOffsetTransformBase_double_3_3
Parameters: 0.9999997510560261 0.00047643967018532287 -0.00014974395071506996 -0.00047575660165745934 0.9999996830460606 -0.001044070162103402 0.00014874916037833918 0.001044313540631152 0.9999988873361068 -0.21045191529753993 -0.04105557107656921 -0.09824325405936918
FixedParameters: 0 0 0
#Transform 89
Transform: MatrixOffsetTransformBase_double_3_3
Parameters: 0.9999993392924141 0.0006484163263376346 -0.0003864065119651289 -0.0006485617943927609 0.9999983946830118 -0.0014778153057545197 0.0003852644479656747 0.0014784181216234355 0.9999987575465908 -0.2194740725626616 0.001553920778675888 -0.24999010860588555
FixedParameters: 0 0 0
#Transform 90
Transform: MatrixOffsetTransformBase_double_3_3
Parameters: 0.9999995900619784 0.0005503031851533062 -0.00007258291414694029 -0.0005503788190677786 0.9999994235444427 -0.0005230089476710516 0.00007298627158054682 0.0005230891649206604 0.9999998228874183 -0.1915069496512558 0.0016006081681325668 -0.18742123958264756
FixedParameters: 0 0 0
#Transform 91
Transform: MatrixOffsetTransformBase_double_3_3
Parameters: 0.9999995930447895 0.0004362556590153806 -0.00046544124490950634 -0.0004367155545695972 0.9999995651763393 -0.0004940678116251136 0.0004650097601722747 0.0004944739397902404 0.9999995392617196 -0.17008361264458927 -0.01875827899695537 -0.17512199137189555
FixedParameters: 0 0 0
#Transform 92
Transform: MatrixOffsetTransformBase_double_3_3
Parameters: 0.9999996710028398 0.00043533522755810346 -0.00037347007387597553 -0.00043575512733521607 0.9999994938624639 -0.0005623653225397382 0.0003729800607806949 0.0005626904349209382 0.9999995442655286 -0.2194844713929598 0.015412712248220828 -0.2403101926887672
FixedParameters: 0 0 0
#Transform 93
Transform: MatrixOffsetTransformBase_double_3_3
Parameters: 0.999999816983507 0.00020955607453376844 -0.00037327270701156823 -0.00020904333784231774 0.9999993425813888 -0.0007834075122841032 0.00037294435924527247 0.0007826712444168886 0.999999248101201 -0.2085106337309668 -0.00802315574699719 -0.21399072493954918
FixedParameters: 0 0 0
#Transform 94
Transform: MatrixOffsetTransformBase_double_3_3
Parameters: 0.9999996139827099 0.00021678809245072095 -0.0005914762635647192 -0.00021711697101139412 0.9999994979036964 -0.0012063720738782963 0.0005907488522913368 0.0012057360980579027 0.9999991860160435 -0.19571556619673913 -0.037127170644964735 -0.12436670231318203
FixedParameters: 0 0 0
#Transform 95
Transform: MatrixOffsetTransformBase_double_3_3
Parameters: 0.999999349219154 0.000477236328766958 -0.0006504038903903941 -0.0004776649817433859 0.9999996633994368 -0.0003292971594946162 0.0006500891471109549 0.0003299180806411214 0.9999994685385623 -0.2236491898525088 0.016823215697954197 -0.31510649109843314
FixedParameters: 0 0 0
#Transform 96
Transform: MatrixOffsetTransformBase_double_3_3
Parameters: 0.999999842029875 0.0006245984230925077 -0.0008702111442339955 -0.0006244670333386357 0.9999996091673763 0.00001669651080108 0.0008704354187138996 -0.000016604162575627798 0.9999992532413413 -0.25913919788784767 0.02278258700678748 -0.275014540300333
FixedParameters: 0 0 0
#Transform 97
Transform: MatrixOffsetTransformBase_double_3_3
Parameters: 0.9999991982656752 0.00038945778120384446 -0.0008062851014093569 -0.0003897029976317758 0.9999998012603912 -0.0002157114004500768 0.0008061171170893333 0.00021534480798383475 0.9999993041023808 -0.2198916264799493 -0.030693860874890788 -0.18621844567790902
FixedParameters: 0 0 0
#Transform 98
Transform: MatrixOffsetTransformBase_double_3_3
Parameters: 0.9999997811059392 0.00031251335120683005 -0.00034822571574748273 -0.00031255349241629483 0.9999998599620297 -0.00020495297238148425 0.0003480977962329185 0.0002041758436061427 0.9999998374518206 -0.22582590468292096 -0.03084272668266408 -0.2066885237426419
FixedParameters: 0 0 0
#Transform 99
Transform: MatrixOffsetTransformBase_double_3_3
Parameters: 0.9999999774962522 0.0000017384493975437576 -0.00015000188690271476 -0.0000018971416915899165 0.9999997201883822 -0.0005289687578992047 0.00014999996372133673 0.0005289693031230657 0.9999996976915475 -0.21982508300321513 0.0069195479700141505 -0.2339685718078499
FixedParameters: 0 0 0
#Transform 100
Transform: MatrixOffsetTransformBase_double_3_3
Parameters: 0.9999994477112814 0.0001589862681217869 -0.0007333382665046378 -0.00015940704310278737 1.0000000427307039 -0.0009652229140007098 0.0007328268472476529 0.0009655586136099487 0.9999995200932491 -0.20031787189837758 -0.03520864697425452 -0.1259717455908742
FixedParameters: 0 0 0
#Transform 101
Transform: MatrixOffsetTransformBase_double_3_3
Parameters: 0.9999992600053609 0.0006982851676294423 -0.00038761749316791605 -0.0006985579630022062 0.9999993880783973 -0.0003520480723066395 0.00038810442656612987 0.00035258995797997106 0.9999998272007918 -0.20127094344553598 -0.019413757668303333 -0.2824058021522262
FixedParameters: 0 0 0
#Transform 102
Transform: MatrixOffsetTransformBase_double_3_3
Parameters: 0.9999997468036202 0.0004205394522535643 -0.0002763016329122292 -0.0004206499902248399 0.999999783063204 -0.00019997584068288178 0.0002761333174446934 0.00020020819148556542 0.9999998836673472 -0.19931825568787076 0.014626884749318947 -0.21862861332940042
FixedParameters: 0 0 0
#Transform 103
Transform: MatrixOffsetTransformBase_double_3_3
Parameters: 0.9999997263114074 0.00045720711934304576 -0.00025426344332045436 -0.000457237169146518 0.9999997874552538 -0.00005898197051789277 0.0002542094011647178 0.00005921445512942328 0.9999999318714922 -0.16804953511638132 -0.027038221125366135 -0.16918029873259854
FixedParameters: 0 0 0
#Transform 104
Transform: MatrixOffsetTransformBase_double_3_3
Parameters: 0.9999998532561131 0.0003623894320085088 -0.0001241677641200395 -0.0003623759686202666 0.9999998657405357 0.000054250368249664314 0.00012420705023984124 -0.0000541603618720958 0.9999999816393955 -0.19092706000672877 0.012867250987866896 -0.28618152183341294
FixedParameters: 0 0 0
#Transform 105
Transform: MatrixOffsetTransformBase_double_3_3
Parameters: 0.9999998936379144 0.000008943413983429465 -0.00032600881061428666 -0.000009241608923613665 0.999999790751172 -0.00045734383416067643 0.0003260004936062738 0.000457349762454439 0.9999996845551127 -0.14838589232253696 -0.03125774949447191 -0.18091533245177516
FixedParameters: 0 0 0
#Transform 106
Transform: MatrixOffsetTransformBase_double_3_3
Parameters: 0.9999995855802822 0.0003153471708436839 -0.0005612553628136646 -0.00031557296502403325 0.9999998145106179 -0.0002926558422865338 0.0005610708693272598 0.0002920151383891558 0.9999996001510205 -0.15132931870982702 -0.043976485118605524 -0.19798540506027962
FixedParameters: 0 0 0
#Transform 107
Transform: MatrixOffsetTransformBase_double_3_3
Parameters: 0.9999994812932882 0.00016903770097752153 -0.0007002145927429426 -0.00016909627189842243 0.9999994055445978 -0.0007521098622062628 0.0006999597066127544 0.0007524488870670763 0.999998943900932 -0.18773802340697898 -0.006443221853800196 -0.20209165694211606
FixedParameters: 0 0 0
#Transform 108
Transform: MatrixOffsetTransformBase_double_3_3
Parameters: 0.9999997688139549 0.0002522281725513016 -0.0004093488819218172 -0.0002529362975438502 0.9999991872827351 -0.0008652975471619527 0.00040891171153047134 0.0008655042249961825 0.9999990836932309 -0.15151705836463236 -0.034096764603091856 -0.15036901065347763
FixedParameters: 0 0 0
#Transform 109
Transform: MatrixOffsetTransformBase_double_3_3
Parameters: 0.9999999628419444 0.0000761757966695853 -0.00017707375469286357 -0.00007633519362827228 0.999999791530029 -0.00045015871789137355 0.00017700509838695921 0.0004501857181763051 0.999999766002141 -0.1361258452318168 -0.008907197858604832 -0.18753222138408887
FixedParameters: 0 0 0
#Transform 110
Transform: MatrixOffsetTransformBase_double_3_3
Parameters: 0.9999994666686134 0.00005694828028606219 -0.0007280708925122142 -0.000058007908084603974 0.9999994670960195 -0.0007276941585687394 0.0007279872343451538 0.0007277778498830947 0.9999989403736266 -0.1950650763550783 0.014660020324541279 -0.2525077281223389
FixedParameters: 0 0 0
#Transform 111
Transform: MatrixOffsetTransformBase_double_3_3
Parameters: 0.9999999239574466 0.00011620235326388739 -0.0002500785792075577 -0.00011628174141536638 0.9999999612900854 -0.0001587087628049476 0.00025004167507163 0.00015876689765516024 0.9999999122724876 -0.14308014282448767 -0.04505409536088223 -0.18510246577663736
FixedParameters: 0 0 0
#Transform 112
Transform: MatrixOffsetTransformBase_double_3_3
Parameters: 0.999999862347518 0.00017885684307926948 -0.0003250574541674295 -0.00017872958943878587 0.9999999297271462 0.0001957768628034919 0.0003251274403997667 -0.00019566061428068053 0.9999998560093973 -0.14504319697914525 -0.039259540025170736 -0.08905599315455959
FixedParameters: 0 0 0
#Transform 113
Transform: MatrixOffsetTransformBase_double_3_3
