#Insight Transform File V1.0
#Transform 0
Transform: MatrixOffsetTransformBase_double_3_3
Parameters: 0.9999995992219144 0.000009142341346973123 -0.0006330036907003095 -0.000009026479479350895 0.9999999915420548 0.00009152303779034164 0.0006330053531832802 -0.00009151153682904027 0.9999995909303655 0.04671537195392261 0.03776664334982627 -0.1644834369486574
FixedParameters: 0 0 0
#Transform 1
Transform: MatrixOffsetTransformBase_double_3_3
Parameters: 0.9999993418762362 0.0008098250386201236 0.000048029039657032646 -0.000809877667815479 0.9999990382708895 0.0005530156780421674 -0.00004713325537876456 -0.0005530927461658711 0.999999691866732 0.004587159557317477 0.007535722623060792 -0.15882671198870923
FixedParameters: 0 0 0
#Transform 2
Transform: MatrixOffsetTransformBase_double_3_3
Parameters: 0.999999894241738 0.00007675607649543087 0.00031601754777421664 -0.0000772281577597727 0.9999994359742382 0.000747034969725713 -0.00031590251220636745 -0.0007470836225384865 0.9999993420709055 -0.0017284718543351119 0.08777644767229731 -0.2949952069835007
FixedParameters: 0 0 0
#Transform 3
Transform: MatrixOffsetTransformBase_double_3_3
Parameters: 0.999999912307888 0.0002635607673146311 0.0001350109973262681 -0.0002637115359346662 0.9999996180493596 0.0005589335495709166 -0.00013471626822528227 -0.0005590046596138621 0.9999996693650723 -0.009149569960470672 0.04305297592922841 -0.15574340708707268
FixedParameters: 0 0 0
#Transform 4
Transform: MatrixOffsetTransformBase_double_3_3
Parameters: 0.9999999317846273 0.00004656396301311996 0.00025699696010167417 -0.00004679658362258246 0.9999997929626652 0.00045260066955822456 -0.0002569547038119152 -0.0004526246609188251 0.9999997291048561 -0.01986143601607182 0.055233591913832925 -0.16509962885901075
FixedParameters: 0 0 0
#Transform 5
Transform: MatrixOffsetTransformBase_double_3_3
Parameters: 0.999999960168493 0.00024197036386935968 0.000288107129961343 -0.00024150505192283543 0.9999991005502373 0.0009170773440655508 -0.00028864331895860074 -0.0009171145700329806 0.9999989739559779 -0.018776441197530858 0.08779427674579665 -0.2636650995780343
FixedParameters: 0 0 0
#Transform 6
Transform: MatrixOffsetTransformBase_double_3_3
Parameters: 0.9999998581075151 -0.00023559814560506948 -0.00029391438726114605 0.00023568860062886442 0.9999999207873904 0.00015382940234926943 0.0002938418567272755 -0.0001539679029524823 0.9999998899511491 -0.023058950045268034 0.04073651206199713 -0.17054080115961767
FixedParameters: 0 0 0
#Transform 7
Transform: MatrixOffsetTransformBase_double_3_3
Parameters: 0.9999999283593418 0.00004972759882303934 0.0002629982838689704 -0.00004998186811509808 0.9999997637905282 0.00048343688579393 -0.0002629500791978545 -0.00048346310676387666 0.9999996971203154 -0.00517728017467789 0.04810301779151871 -0.2667971424455118
FixedParameters: 0 0 0
#Transform 8
Transform: MatrixOffsetTransformBase_double_3_3
Parameters: 0.9999999231465821 -0.00023933254033370362 -0.00013990424783207056 0.00023936529740355505 0.9999999290013658 0.00011705930983275643 0.00013984819570342366 -0.0001171262680043668 0.9999999667240678 0.03469000231908126 0.04676893307285468 -0.14654299365689383
FixedParameters: 0 0 0
#Transform 9
Transform: MatrixOffsetTransformBase_double_3_3
Parameters: 0.9999999198581516 0.000041770348450133434 0.0002799953152456819 -0.00004199761166554325 0.9999998335239316 0.0004058475529275517 -0.0002799613171108467 -0.00040587100610085 0.9999997568900365 -0.006256878168429125 0.04936966067401727 -0.23740845453001214
FixedParameters: 0 0 0
#Transform 10
Transform: MatrixOffsetTransformBase_double_3_3
Parameters: 0.9999997460976664 0.0002509659439712285 0.00043694259007937 -0.0002512183246532166 0.9999998535176252 0.00028874158478638427 -0.00043679753327276194 -0.0002889609743353626 0.9999997257089356 -0.0021552736129990535 0.049791677227077 -0.30334271230246657
FixedParameters: 0 0 0
#Transform 11
Transform: MatrixOffsetTransformBase_double_3_3
Parameters: 0.9999993996905656 0.0006015102767579694 0.0005920835270052521 -0.0006015745001508567 0.9999999870972043 0.0008074209326351641 -0.0005922954233595901 -0.0008070364476170496 0.9999998848958273 0.011902701286288675 0.009934155627817631 -0.23948256246082167
FixedParameters: 0 0 0
#Transform 12
Transform: MatrixOffsetTransformBase_double_3_3
Parameters: 0.9999996435481514 0.0005355611471972448 0.00026386788130045025 -0.0005357038934797473 0.999999639852989 0.00027049624018570374 -0.0002635779565750701 -0.00027077875795844357 0.9999998572052285 0.032222228541300524 0.05522630563218911 -0.3362591011925957
FixedParameters: 0 0 0
#Transform 13
Transform: MatrixOffsetTransformBase_double_3_3
Parameters: 0.9999997661920239 0.0005011799521797867 0.0002900135032554707 -0.0005014843250095311 0.999999474640492 0.0005233288858605066 -0.0002904677021009078 -0.0005236200053978785 0.9999995399694631 0.021863570779927954 0.036959939291151045 -0.22711716674722027
FixedParameters: 0 0 0
#Transform 14
Transform: MatrixOffsetTransformBase_double_3_3
Parameters: 0.9999984208277619 0.0003186810664018481 0.0018648363838846549 -0.00031868292907867276 0.9999998984419092 -9.384485642088044e-8 -0.0018648360647592205 -0.0000010926681778124052 0.9999985223816049 -0.007688533198077607 0.0504580337343441 -0.40671988318196384
FixedParameters: 0 0 0
#Transform 15
Transform: MatrixOffsetTransformBase_double_3_3
Parameters: 0.9999991189252447 -0.00011088777155344856 0.0013669924766057245 0.00011028456595284183 0.9999996462396953 0.0005846546988613389 -0.0013671222551988327 -0.000584249006764051 0.9999987895143283 -0.016935982440230646 0.05114395982009512 -0.34789853764870315
FixedParameters: 0 0 0
#Transform 16
Transform: MatrixOffsetTransformBase_double_3_3
Parameters: 0.9999996195744522 0.00011268572831169175 0.0006149639633281356 -0.00011304303410567351 0.9999997789548178 0.0010992361252453423 -0.0006149198746118606 -0.0010992726441195451 0.9999994029673457 0.0012268741870542499 0.031073747972172328 -0.2827062830272382
FixedParameters: 0 0 0
#Transform 17
Transform: MatrixOffsetTransformBase_double_3_3
Parameters: 0.9999999926280437 0.00010297695285014255 0.00008494820360176181 -0.0001031472422662099 0.9999999859409253 0.001001708885602327 -0.00008494525589357316 -0.0010017264058884796 0.9999999788810108 -0.01608436016292103 0.016227618107905073 -0.3038921349030943
FixedParameters: 0 0 0
#Transform 18
Transform: MatrixOffsetTransformBase_double_3_3
Parameters: 0.9999993939106228 0.0003367800237260764 0.0007019038176613868 -0.00033710677714963446 0.9999998322786234 0.0002325518564284851 -0.0007017469442686247 -0.00023302480790749196 0.9999994532496254 -0.006328734020812021 0.05270172885575164 -0.45966554232209944
FixedParameters: 0 0 0
#Transform 19
Transform: MatrixOffsetTransformBase_double_3_3
Parameters: 0.9999996359686671 0.0000722159337589381 0.000599013099797055 -0.00007305842175928156 0.9999995001065314 0.0007032465263585092 -0.000598910929440491 -0.0007033335401762498 0.9999991466262755 0.013799029572126642 -0.0015876387474662579 -0.3019680712471171
FixedParameters: 0 0 0
#Transform 20
Transform: MatrixOffsetTransformBase_double_3_3
Parameters: 0.9999996198131891 0.0006200321225312706 0.000992715251183135 -0.000619821722238039 0.9999996044708026 -0.00010653827908022257 -0.0009926430494679311 0.00010530751169915116 0.9999990138326847 0.0353252650184146 0.006131774569055892 -0.38998361735995957
FixedParameters: 0 0 0
#Transform 21
Transform: MatrixOffsetTransformBase_double_3_3
Parameters: 0.9999996805705761 0.000014535776622388566 0.0005649943642697802 -0.00001469314431618364 0.9999999803915529 0.00013925715959609822 -0.0005649902934419804 -0.00013927367370290562 0.9999996613881003 0.0100859565628042 0.04298111781643854 -0.4095281718608419
FixedParameters: 0 0 0
#Transform 22
Transform: MatrixOffsetTransformBase_double_3_3
Parameters: 0.9999994348640301 0.0000929040463721859 0.0007529344750306505 -0.00009327415604753782 0.9999991700594625 0.0009062530631099757 -0.0007529697914637201 -0.0009062899209547611 0.9999996012151608 0.014595071805203474 0.009860947768146389 -0.36257608451134615
FixedParameters: 0 0 0
#Transform 23
Transform: MatrixOffsetTransformBase_double_3_3
Parameters: 0.9999994825298183 -0.0005578170627567136 0.00032382411866774263 0.0005572908811670751 0.9999990276392658 0.0008135032440014272 -0.000323751993663135 -0.0008131420791920444 0.9999993354317968 0.04704754717988635 0.04095187257385646 -0.2961127471647842
FixedParameters: 0 0 0
#Transform 24
Transform: MatrixOffsetTransformBase_double_3_3
Parameters: 0.99999974350983 0.00041104497135536496 0.0002958588332830636 -0.0004111478293125938 0.9999998007682642 0.00017375026861810223 -0.000295715876920552 -0.00017399346331900534 0.9999998822780695 0.037418134076290244 0.04928172345199755 -0.44010468534352754
FixedParameters: 0 0 0
#Transform 25
Transform: MatrixOffsetTransformBase_double_3_3
Parameters: 0.9999994631838313 -0.0006564305319201583 -0.00006392774485292074 0.0006564812384310533 0.9999994160234636 0.00039116390268107267 0.00006439319410223021 -0.0003912480337300646 0.9999999446067275 0.031248938935846127 0.05580090662543569 -0.27574840649928944
FixedParameters: 0 0 0
#Transform 26
Transform: MatrixOffsetTransformBase_double_3_3
Parameters: 0.9999993656535556 -0.0006244128300765218 -0.0004951152623373367 0.0006240103177630907 0.9999991179964574 0.000702152052576909 0.0004942394173808318 -0.0007018771680803971 0.9999992620085564 0.06897697751506371 0.049546761596246824 -0.28062458605698737
FixedParameters: 0 0 0
#Transform 27
Transform: MatrixOffsetTransformBase_double_3_3
Parameters: 0.9999995264882113 -0.0006880290168925521 0.000011298143851368181 0.0006880271129803616 0.9999995195901851 0.00008383481031448204 -0.000011413494546030911 -0.00008381918331516942 0.9999999928440653 0.02907054825939781 0.027927545568971368 -0.21381506248347648
FixedParameters: 0 0 0
#Transform 28
Transform: MatrixOffsetTransformBase_double_3_3
Parameters: 0.9999993027793566 0.00022179050620505978 0.0008050030941941788 -0.00022265030121761353 0.9999996653434983 0.0005339318554020847 -0.0008047657130110242 -0.0005342895793459302 0.9999990668850756 0.03311033602520297 0.04466805317949252 -0.47275481872010516
FixedParameters: 0 0 0
#Transform 29
Transform: MatrixOffsetTransformBase_double_3_3
Parameters: 0.999999592986964 -0.0006365730498216522 -0.00004304326435493333 0.000636520646397158 0.9999992534657689 0.0005851551505292943 0.00004229895798348038 -0.0005842147215304596 0.9999996558082992 0.0382748667198598 0.03134005624794156 -0.30085095788412275
FixedParameters: 0 0 0
#Transform 30
Transform: MatrixOffsetTransformBase_double_3_3
Parameters: 0.9999992239286306 -0.0006132269982087957 -0.0011391887898982572 0.000614073573627699 0.9999999705862371 0.0008072069057346292 0.0011391767662023433 -0.0008087072224643253 0.999999151286928 0.08119348983514385 0.024291607025688222 -0.28145502564049707
FixedParameters: 0 0 0
#Transform 31
Transform: MatrixOffsetTransformBase_double_3_3
Parameters: 0.9999999393856935 -0.00019212740972308605 0.0001539529932955419 0.0001918926719736125 0.9999993830259912 0.0007616763233676488 -0.00015424548105431868 -0.0007616171457570736 0.9999993961471361 0.09660385189688725 0.006631387786654841 -0.4709116868716592
FixedParameters: 0 0 0
#Transform 32
Transform: MatrixOffsetTransformBase_double_3_3
Parameters: 0.9999995122016305 -0.0006975662245529569 -0.00003463317544330491 0.0006975656227052074 0.9999995133261156 -0.000008709186119165789 0.000034645292195337185 0.000008660860534261973 0.9999999987247294 0.09400293632182866 0.004053678414976503 -0.320750154186797
FixedParameters: 0 0 0
#Transform 33
Transform: MatrixOffsetTransformBase_double_3_3
Parameters: 0.9999994393753963 -0.0004990447919071451 -0.0005581919404233082 0.0005000518642125436 0.9999999353818717 0.0009025325018967212 0.0005572899437557982 -0.0009030907733674502 0.9999988738563236 0.08651478953520098 -0.004121269444340214 -0.4579861292667431
FixedParameters: 0 0 0
#Transform 34
Transform: MatrixOffsetTransformBase_double_3_3
Parameters: 0.9999994279788206 -0.0006687857882176206 -0.0010605400889233257 0.0006684218630202705 0.9999995235372467 -0.00017226522347333386 0.0010607694956069058 0.00017084794191058963 0.9999998455808805 0.1295813952388869 -0.008415798974681366 -0.3663171115287156
FixedParameters: 0 0 0
#Transform 35
Transform: MatrixOffsetTransformBase_double_3_3
Parameters: 0.9999997620861575 -0.0007126423965627993 -0.0007921574311778035 0.000713787872352816 0.9999999690097885 0.0007221488875077872 0.0007921055991655795 -0.0007232787020228429 0.9999999519790868 0.13321231704014735 -0.017136740645398163 -0.3511578511136264
FixedParameters: 0 0 0
#Transform 36
Transform: MatrixOffsetTransformBase_double_3_3
Parameters: 0.9999981972816947 -0.0010917927141676546 -0.0016124571417601152 0.0010920572415286827 0.9999997952817276 0.00011245410028941827 0.001612412382368894 -0.00011498065537550266 0.9999983970719807 0.11402679919207515 0.030268097579991604 -0.5453262476741116
FixedParameters: 0 0 0
#Transform 37
Transform: MatrixOffsetTransformBase_double_3_3
Parameters: 0.9999990550261555 -0.001264113974991268 -0.0003777793658588935 0.0012649581352267157 0.9999981527963652 0.0011167293968293466 0.0003769120050192837 -0.001117683520483402 0.9999998129903327 0.1069350241084095 0.005112942186002556 -0.45307593903577015
FixedParameters: 0 0 0
#Transform 38
Transform: MatrixOffsetTransformBase_double_3_3
Parameters: 0.9999990616810569 -0.0010760394970059514 -0.0008234047687561141 0.0010773914169569746 0.999999061083229 0.0008828520170389516 0.0008224818910628623 -0.0008836293101828054 0.9999996439011631 0.14345170005324803 -0.01978251898269434 -0.3680219431782916
FixedParameters: 0 0 0
#Transform 39
Transform: MatrixOffsetTransformBase_double_3_3
Parameters: 0.9999987761050453 -0.000917093757076573 -0.0015733843785752655 0.0009167866659487197 0.9999991591968552 -0.00003289600121085903 0.0015726684527199442 0.000032001703839648165 0.9999984322069009 0.12124971378831617 0.021756762003903418 -0.603360257741997
FixedParameters: 0 0 0
#Transform 40
Transform: MatrixOffsetTransformBase_double_3_3
Parameters: 0.9999977940123479 -0.0014688637956153784 -0.0014275727720571285 0.0014695035861397355 0.9999987550413976 0.0002946742087510609 0.0014269073065602406 -0.0002968784518018112 0.9999988849376824 0.15659312405242076 -0.03450461618196243 -0.44641404829006603
FixedParameters: 0 0 0
#Transform 41
Transform: MatrixOffsetTransformBase_double_3_3
Parameters: 0.9999980244349134 -0.0013243422065444019 -0.001058520340422378 0.0013250520726632478 0.999998432191341 0.00090173890972411 0.001057109751202906 -0.0009026541717821829 0.9999991678572242 0.1477181203448481 -0.014907477770535138 -0.4644505025955965
FixedParameters: 0 0 0
#Transform 42
Transform: MatrixOffsetTransformBase_double_3_3
Parameters: 0.9999977543524652 -0.0017270173631133013 -0.0014972845224055231 0.0017274740319947479 0.999997968902683 0.00021918847427320994 0.0014969290056309342 -0.00022237069523560482 0.9999987298285608 0.16336481265857117 -0.0024564550226529036 -0.4593940530443632
FixedParameters: 0 0 0
#Transform 43
Transform: MatrixOffsetTransformBase_double_3_3
Parameters: 0.9999983253922683 -0.00140299533349953 -0.0007702007826432405 0.0014040111224180552 0.9999985038339255 0.0007252646735634101 0.0007693459705516159 -0.000726431599626537 0.9999989923091929 0.1546495974862836 -0.02304035905621049 -0.42386044247028565
FixedParameters: 0 0 0
#Transform 44
Transform: MatrixOffsetTransformBase_double_3_3
Parameters: 0.9999982421617181 -0.0010976354582785586 -0.0015945106580626395 0.0010979541986155309 0.9999997689520016 0.00016332738587365866 0.0015943540344582202 -0.00016483858953122228 0.9999984402982057 0.11361479269982055 0.034501805398107876 -0.5551956088822863
FixedParameters: 0 0 0
#Transform 45
Transform: MatrixOffsetTransformBase_double_3_3
Parameters: 0.9999973118320972 -0.0017989911082886857 -0.0012428232633782815 0.0017984975537292064 0.9999987604428578 -0.00007568784343061719 0.0012423174945010995 0.0000742008390824394 0.9999993575599441 0.17927656863737695 -0.027945521797960282 -0.43966814271441024
FixedParameters: 0 0 0
#Transform 46
Transform: MatrixOffsetTransformBase_double_3_3
Parameters: 0.9999980638232967 -0.001494403087599158 -0.0012607594231505842 0.0014952506568999603 0.9999985925922835 0.00041615554468284633 0.001260695305439541 -0.0004179350629792478 0.9999993478418355 0.18867041907331839 -0.017222723580843535 -0.47582309823069124
FixedParameters: 0 0 0
#Transform 47
Transform: MatrixOffsetTransformBase_double_3_3
Parameters: 0.9999974890418116 -0.0017803514117219904 -0.0015562137411473942 0.0017798983162530613 0.999998698504263 -0.00036762279356437953 0.0015569458347190757 0.00036516641966325943 0.9999983603829993 0.16757078717409968 0.023178807863018847 -0.6189745443116834
FixedParameters: 0 0 0
#Transform 48
Transform: MatrixOffsetTransformBase_double_3_3
Parameters: 0.999997299195157 -0.0018890685376566833 -0.0010095438980325666 0.0018895185654186507 0.9999983266663215 0.00032301222853441255 0.0010095026225505482 -0.00032483821490471667 0.9999999871380376 0.21046597544122392 -0.025841184364352898 -0.49179233123452093
FixedParameters: 0 0 0
#Transform 49
Transform: MatrixOffsetTransformBase_double_3_3
Parameters: 0.9999962967029908 -0.002123219824524472 -0.0014036387841989961 0.0021244570856181677 0.9999976727710504 0.0009029050074156077 0.001402162860562578 -0.0009059839673921412 0.9999984368169675 0.18837970590151087 -0.01587253569908853 -0.35829665526921417
FixedParameters: 0 0 0
#Transform 50
Transform: MatrixOffsetTransformBase_double_3_3
Parameters: 0.9999968222794904 -0.0022497701838388867 -0.0014438336737961216 0.002249851374608128 0.9999979218560389 0.00013253122507957046 0.0014438401761424219 -0.00013604572869437687 0.9999989271540128 0.2228362951281042 0.002497065915676444 -0.36961313074614566
FixedParameters: 0 0 0
#Transform 51
Transform: MatrixOffsetTransformBase_double_3_3
Parameters: 0.999995809661374 -0.0023378162929154744 -0.0020020870526381296 0.002336152752700749 0.9999964222342852 -0.001060115886896077 0.002004498669509594 0.001055038161799112 0.9999975817592107 0.20401491819708895 0.009322445860419748 -0.6245854461741658
FixedParameters: 0 0 0
#Transform 52
Transform: MatrixOffsetTransformBase_double_3_3
Parameters: 0.9999961191661625 -0.0022955835743352295 -0.001606136983658496 0.0022960553772897823 0.9999976560653984 0.000272522227996005 0.0016054886624508602 -0.0002759185759810005 0.999998375504564 0.20978752713746474 0.00039179689126456196 -0.5721769607316958
FixedParameters: 0 0 0
#Transform 53
Transform: MatrixOffsetTransformBase_double_3_3
Parameters: 0.9999955564539442 -0.002497027838592844 -0.0014047596836557208 0.002498251120564158 0.9999968889133766 0.0009337779728365856 0.0014026568094082092 -0.0009369160502720478 0.9999983876477794 0.21487998740400371 -0.03551545206758533 -0.41760406173258957
FixedParameters: 0 0 0
#Transform 54
Transform: MatrixOffsetTransformBase_double_3_3
Parameters: 0.9999955861232163 -0.00220622472805059 -0.0018504767454521343 0.002207858116007028 0.9999974569281692 0.0008188502136193701 0.0018482396556865344 -0.0008231376499026431 0.9999980265265462 0.2269112089776968 -0.012062191440691095 -0.48529982398456184
FixedParameters: 0 0 0
#Transform 55
Transform: MatrixOffsetTransformBase_double_3_3
Parameters: 0.9999950759150412 -0.002556394281932547 -0.0020604450750330017 0.0025583749673815394 0.9999967457966896 0.0008436252949532001 0.0020579095998495833 -0.0008492879946260778 0.9999971843957978 0.2412044978875798 0.01470219433325326 -0.5132948606353551
FixedParameters: 0 0 0
#Transform 56
Transform: MatrixOffsetTransformBase_double_3_3
Parameters: 0.9999965750324397 -0.0025487965047201206 -0.0008334153195770078 0.002549567826814941 0.9999961008823314 0.0011827758362811123 0.0008299484265733292 -0.0011851317153408541 0.9999991405072919 0.23348555758325062 -0.029310542369515247 -0.4192875249813568
FixedParameters: 0 0 0
#Transform 57
Transform: MatrixOffsetTransformBase_double_3_3
Parameters: 0.9999960366087184 -0.0024152341184416402 -0.001731326821459031 0.0024165098243426556 0.9999965662936439 0.0007718759603852593 0.001729176856582318 -0.0007763602954908418 0.9999985381224452 0.2259492154098126 0.011561538957323592 -0.530835576016429
FixedParameters: 0 0 0
#Transform 58
Transform: MatrixOffsetTransformBase_double_3_3
Parameters: 0.9999970325433991 -0.0024115906183663923 -0.001009851378341503 0.002411558149151652 0.9999968515535828 0.0005761956600136741 0.0010086553855123415 -0.0005791781709033629 0.9999997798720337 0.21830739864572024 -0.03067001394023805 -0.3380337171610819
FixedParameters: 0 0 0
#Transform 59
Transform: MatrixOffsetTransformBase_double_3_3
Parameters: 0.999994496810453 -0.002600092659101831 -0.0018994280130839175 0.0026011415704831524 0.999997070752031 0.0004081495636497409 0.001898882292617185 -0.00041305570322081877 0.9999983551979108 0.2168153691926591 0.014256079947102762 -0.5078186563082312
FixedParameters: 0 0 0
#Transform 60
Transform: MatrixOffsetTransformBase_double_3_3
Parameters: 0.9999963595489808 -0.0022890095671670306 -0.0010847064018345148 0.002289775106113921 0.999996938980132 0.0009043670064795012 0.001082924265523852 -0.000907444205910156 0.9999992281630188 0.21947204441566726 0.0026563116882556415 -0.4417095692114401
FixedParameters: 0 0 0
#Transform 61
Transform: MatrixOffsetTransformBase_double_3_3
Parameters: 0.9999962085104662 -0.002563624687965836 -0.0009925546102698135 0.002564769833334831 0.999995903001751 0.0012331440110169571 0.0009887943003087374 -0.0012353454915339122 0.9999987286367272 0.22570601206025742 -0.024571093794563126 -0.42636823064071905
FixedParameters: 0 0 0
#Transform 62
Transform: MatrixOffsetTransformBase_double_3_3
Parameters: 0.9999957547123484 -0.0026470897619831533 -0.001481958235512365 0.0026475023914290154 0.9999969170306313 0.0002752651129524784 0.0014813049077791185 -0.00027913380691480417 0.9999987677311378 0.23389667906931777 -0.0006620244576964751 -0.5442232263072952
FixedParameters: 0 0 0
#Transform 63
Transform: MatrixOffsetTransformBase_double_3_3
Parameters: 0.9999959150802644 -0.002423845233862501 -0.0013720309759169547 0.002426349581462569 0.9999960888409103 0.001424113284315835 0.0013684620041957696 -0.0014268842805572756 0.9999984145932282 0.22420737467921015 -0.019602983596328727 -0.4252399887229501
FixedParameters: 0 0 0
#Transform 64
Transform: MatrixOffsetTransformBase_double_3_3
Parameters: 0.9999955797156578 -0.002416946403576484 -0.0015307397481591073 0.002418423350581933 0.999996270945397 0.0009394297237838423 0.0015287581837881148 -0.0009429517602222286 0.9999980069439187 0.21285901594340828 -0.0026460048725169827 -0.4097873373927712
FixedParameters: 0 0 0
#Transform 65
Transform: MatrixOffsetTransformBase_double_3_3
Parameters: 0.9999939516990641 -0.0026664928604172382 -0.0021928001608368386 0.002667955403071335 0.999996028402905 0.0009246501917605991 0.0021894428455692255 -0.000930575633249743 0.9999974686880998 0.2159402850364529 0.011303875961786503 -0.540330696025805
FixedParameters: 0 0 0
#Transform 66
Transform: MatrixOffsetTransformBase_double_3_3
Parameters: 0.9999957541215299 -0.002578504075794304 -0.0015029213009167403 0.00258120921857431 0.9999954748363484 0.0013660866386377265 0.0014994112016805394 -0.001369957254303626 0.9999982096944284 0.22370232702026271 -0.02754648615754718 -0.41985350069941774
FixedParameters: 0 0 0
#Transform 67
Transform: MatrixOffsetTransformBase_double_3_3
Parameters: 0.9999946898983088 -0.0026385256168774142 -0.0017643046786204875 0.0026409666348128536 0.9999957813332709 0.001117111596123357 0.0017609646722450967 -0.0011215478017043354 0.9999978726164703 0.2119228672318627 -0.017587201631243943 -0.5584113686357455
FixedParameters: 0 0 0
#Transform 68
Transform: MatrixOffsetTransformBase_double_3_3
Parameters: 0.9999951244312631 -0.0023622689791933326 -0.00204019089356762 0.0023637120297351224 0.9999968961608265 0.0007205397144288269 0.0020383648003721166 -0.0007253067601915161 0.9999974493602621 0.16465935873539195 0.01249919040999714 -0.5589198142479574
FixedParameters: 0 0 0
#Transform 69
Transform: MatrixOffsetTransformBase_double_3_3
Parameters: 0.9999956740027691 -0.00224261984513175 -0.001966152646424177 0.002246204725633202 0.9999965683671798 0.0015461016797425533 0.0019635279886898727 -0.0015501529505729408 0.9999971682186093 0.1860688585367143 -0.021833910204676954 -0.5004445631587515
FixedParameters: 0 0 0
#Transform 70
Transform: MatrixOffsetTransformBase_double_3_3
Parameters: 0.9999962121534419 -0.0023092633397627862 -0.0017657739295366404 0.0023117152943738727 0.9999966953020493 0.001401443504372192 0.0017628391447213204 -0.0014048288980101661 0.9999972526497228 0.2242452323548747 -0.032055563838866874 -0.4340653235736056
FixedParameters: 0 0 0
#Transform 71
Transform: MatrixOffsetTransformBase_double_3_3
Parameters: 0.9999940859255761 -0.002492845813027099 -0.002315456819689962 0.00249585126429393 0.9999963136671739 0.0012085196887961114 0.002312962583503414 -0.0012143013880050952 0.9999965106094534 0.205745735629975 -0.009730320386111657 -0.5130595150617694
FixedParameters: 0 0 0
#Transform 72
Transform: MatrixOffsetTransformBase_double_3_3
Parameters: 0.999993435431649 -0.0026120020526841144 -0.002550991694472121 0.0026144224471990364 0.9999961646162682 0.0010016917741641543 0.0025483093777576987 -0.0010082584598912273 0.9999967207201748 0.19531020532814125 -0.0026828539292580444 -0.45955045696462093
FixedParameters: 0 0 0
#Transform 73
Transform: MatrixOffsetTransformBase_double_3_3
Parameters: 0.9999955168257223 -0.002372686932727759 -0.0018508954947713818 0.002375866618096039 0.9999951080212564 0.0018027074350847644 0.001846650590419316 -0.0018068201896831314 0.9999967504265955 0.20900629848095775 -0.023533184030910093 -0.3848527495853489
FixedParameters: 0 0 0
#Transform 74
Transform: MatrixOffsetTransformBase_double_3_3
Parameters: 0.999995235226321 -0.0024686807659206993 -0.002081518784387476 0.0024712469468943744 0.9999963594571464 0.0012398333903203905 0.0020789320808508177 -0.0012443463423280974 0.9999974635787975 0.19818564643038883 0.03475194847914054 -0.5547507582426334
FixedParameters: 0 0 0
#Transform 75
Transform: MatrixOffsetTransformBase_double_3_3
Parameters: 0.9999925500193773 -0.002805354969694427 -0.0026705447998313925 0.002808854864289726 0.9999947085285087 0.0015504691465124333 0.002666552113206211 -0.0015579027544234416 0.9999949083370043 0.20665817417138044 0.0038884330919870536 -0.5121630520379483
FixedParameters: 0 0 0
#Transform 76
Transform: MatrixOffsetTransformBase_double_3_3
Parameters: 0.9999958196022714 -0.0024807986727639177 -0.0016122903118201554 0.002483549677856531 0.999995200765105 0.0019056959883990156 0.001607144109342054 -0.001910016725492906 0.9999971949729083 0.23028030749958361 -0.020173348867217555 -0.42402518355605423
FixedParameters: 0 0 0
#Transform 77
Transform: MatrixOffsetTransformBase_double_3_3
Parameters: 0.9999955025509564 -0.0021332941997408315 -0.0021968338251037584 0.002135175731816434 0.9999974515783191 0.0009956551835088318 0.002193961490789084 -0.0010002569028959543 0.999997304532879 0.2247607470496007 0.026750865275246838 -0.5229698241832352
FixedParameters: 0 0 0
#Transform 78
Transform: MatrixOffsetTransformBase_double_3_3
Parameters: 0.9999956217453196 -0.0023478280086051207 -0.0018789740671092958 0.0023499741435643534 0.9999963091041768 0.0014723619998098297 0.0018755946399182516 -0.0014775107491094245 0.9999966351447558 0.22884086139880822 -0.01069475259345154 -0.41157916655768645
FixedParameters: 0 0 0
#Transform 79
Transform: MatrixOffsetTransformBase_double_3_3
Parameters: 0.9999948277753086 -0.0025448734252326256 -0.001808013129429492 0.0025477509188767495 0.9999954064385855 0.0017618886067755286 0.0018033540712836943 -0.0017664190688091216 0.999997052830508 0.21764454299919578 -0.015733422408573006 -0.4691157300673865
FixedParameters: 0 0 0
#Transform 80
Transform: MatrixOffsetTransformBase_double_3_3
Parameters: 0.9999942552442332 -0.0025006082312134053 -0.0022476765529531595 0.0025046155193912943 0.9999958743128093 0.001689994350197982 0.0022437324845886314 -0.0016955746454108628 0.9999955267934809 0.19758223999423308 0.012623368524998568 -0.49194327274210536
FixedParameters: 0 0 0
#Transform 81
Transform: MatrixOffsetTransformBase_double_3_3
Parameters: 0.9999959105829194 -0.002549293447938185 -0.0014676704032070553 0.0025507905209330548 0.9999957184519133 0.001665644238966815 0.0014636943753648518 -0.0016694498993637381 0.999997507613034 0.18062496140420592 -0.04091104891841724 -0.33723975723260935
FixedParameters: 0 0 0
#Transform 82
Transform: MatrixOffsetTransformBase_double_3_3
Parameters: 0.9999947098280194 -0.0023223615134185774 -0.0021381685023321023 0.002325279268767899 0.9999962783051897 0.001522483596587856 0.0021344287328431966 -0.0015267514574822515 0.9999964350506396 0.1962940949685219 0.009866319446160787 -0.5763403145456891
FixedParameters: 0 0 0
#Transform 83
Transform: MatrixOffsetTransformBase_double_3_3
Parameters: 0.999993751214465 -0.002966391508546655 -0.0017319279820760675 0.002969522626760013 0.9999945446519741 0.0016248247343788008 0.001726998487371123 -0.0016303252328768235 0.9999968063918205 0.21087327348531915 -0.012714675294247968 -0.4381176849269508
FixedParameters: 0 0 0
#Transform 84
Transform: MatrixOffsetTransformBase_double_3_3
Parameters: 0.9999945025781686 -0.0024291819157233542 -0.002273720302150728 0.0024323265690447513 0.9999951958267351 0.0016997418666679534 0.002269769343079611 -0.0017052262544026947 0.9999963658204408 0.23726575540186445 -0.014702636796215529 -0.5034118583641316
FixedParameters: 0 0 0
#Transform 85
Transform: MatrixOffsetTransformBase_double_3_3
Parameters: 0.9999926129633564 -0.0031606887330669483 -0.002221537709697935 0.0031645000688661387 0.9999938475250547 0.0014639808213533232 0.002217190008111658 -0.0014712627373815266 0.9999963763747282 0.22414399633888138 0.009034622433460981 -0.5164523545049917
FixedParameters: 0 0 0
#Transform 86
Transform: MatrixOffsetTransformBase_double_3_3
Parameters: 0.9999947961598565 -0.0027628839712318977 -0.0017407312941267183 0.00276619910451733 0.9999945239548844 0.001956029487949183 0.0017354102783855296 -0.0019609751402341787 0.999996681168222 0.2307696192583819 -0.026595811104115796 -0.43786664865608316
FixedParameters: 0 0 0
#Transform 87
Transform: MatrixOffsetTransformBase_double_3_3
Parameters: 0.9999944150231014 -0.002459785715047137 -0.0022600757165098517 0.0024634689338828525 0.9999955858225851 0.0018295460762131357 0.0022553803970416647 -0.0018351027624276448 0.9999959703443837 0.23431585011555 0.012948012584956814 -0.48046607600475966
FixedParameters: 0 0 0
#Transform 88
Transform: MatrixOffsetTransformBase_double_3_3
Parameters: 0.999996161917392 -0.0023511123648098414 -0.0016705587307273284 0.002355872865339558 0.9999943370072094 0.002473572682353336 0.0016640088087559457 -0.0024767552575858222 0.9999956105758532 0.19324300304612052 -0.027823496384186797 -0.4241307925636306
FixedParameters: 0 0 0
#Transform 89
Transform: MatrixOffsetTransformBase_double_3_3
Parameters: 0.9999933589167616 -0.0026952155262361 -0.002455151826909238 0.0026978319595084115 0.9999955573484811 0.0010806787355549605 0.0024530589151289806 -0.0010871558972432617 0.999996146129835 0.17849202918398532 -0.012926351706269656 -0.5874784557668846
FixedParameters: 0 0 0
#Transform 90
Transform: MatrixOffsetTransformBase_double_3_3
Parameters: 0.9999917074692521 -0.0028149349368235053 -0.002986477737517937 0.0028192550830619645 0.9999947359508384 0.001522415672758626 0.0029826068884983292 -0.001531681954885379 0.9999942055954198 0.17726387131257582 -0.02654471293008953 -0.5556028249955887
FixedParameters: 0 0 0
#Transform 91
Transform: MatrixOffsetTransformBase_double_3_3
Parameters: 0.99999254041219 -0.002677951793229354 -0.0027835359685412647 0.002682904274851882 0.9999940895777587 0.0019274668918848072 0.002778691971568062 -0.0019349290406866 0.9999940722001018 0.19125618461652039 -0.045350914308031065 -0.5063756524268541
FixedParameters: 0 0 0
#Transform 92
Transform: MatrixOffsetTransformBase_double_3_3
Parameters: 0.9999928815424661 -0.0027506293278165097 -0.0026648412261309207 0.002755787873054392 0.9999945934764144 0.0016788369116989292 0.002660309863717736 -0.0016858476784532938 0.999994525336659 0.17680376962094613 -0.010659403128727263 -0.5232316567475124
FixedParameters: 0 0 0
#Transform 93
Transform: MatrixOffsetTransformBase_double_3_3
Parameters: 0.9999937472358505 -0.0022718318655655075 -0.002545370128003821 0.002278405369636184 0.9999940153455609 0.0024082042274812254 0.0025402778881392363 -0.0024133213023223472 0.999994329473043 0.19393885082470774 -0.047068676413090316 -0.46144849340514327
FixedParameters: 0 0 0
#Transform 94
Transform: MatrixOffsetTransformBase_double_3_3
Parameters: 0.9999935293840949 -0.002300412373679115 -0.002617626306784193 0.002303614162109503 0.9999960157691559 0.0012959873262916848 0.002614990956373492 -0.0013023699449675463 0.9999957903330645 0.18910473413272655 -0.0038736544604773826 -0.5659794940487188
FixedParameters: 0 0 0
#Transform 95
Transform: MatrixOffsetTransformBase_double_3_3
Parameters: 0.9999944548756647 -0.002551551490975164 -0.0021436968387368027 0.002555243014709741 0.9999956688564153 0.001674269221888177 0.0021396593186648327 -0.0016805411270897324 0.9999960355454289 0.16757666693169426 -0.04229983958681771 -0.4683299493961499
FixedParameters: 0 0 0
#Transform 96
Transform: MatrixOffsetTransformBase_double_3_3
Parameters: 0.99999351073185 -0.0024601947806894885 -0.002664512180225495 0.002463115515848905 0.9999963993388368 0.0012394848860508307 0.0026619436126707474 -0.0012459401115606046 0.9999956961075606 0.1762977074661336 -0.02121467446805525 -0.5673095697441681
FixedParameters: 0 0 0
#Transform 97
Transform: MatrixOffsetTransformBase_double_3_3
Parameters: 0.9999928548891592 -0.002419774993406805 -0.002821886249220723 0.002423788504992389 0.9999962689363189 0.0013637767792489114 0.0028186099051996233 -0.0013707791455003142 0.999995499501896 0.17339476575612878 -0.011906466607101152 -0.5522744266861395
FixedParameters: 0 0 0
#Transform 98
Transform: MatrixOffsetTransformBase_double_3_3
Parameters: 0.9999951388245775 -0.0022309787716916565 -0.0020666858398479815 0.002237171794495859 0.9999943159787629 0.0025851879978369408 0.00206100111163722 -0.002589845444409935 0.999994653493697 0.16560201176864098 -0.044768603787815664 -0.47848717645609895
FixedParameters: 0 0 0
#Transform 99
Transform: MatrixOffsetTransformBase_double_3_3
Parameters: 0.9999929376976588 -0.0021870358803329462 -0.0029918197702414606 0.0021918766717782196 0.9999961710311038 0.001424599384760519 0.002988913632593876 -0.00143103522367589 0.9999943417824475 0.16783885404151988 -0.0064715763178924135 -0.5639187083120589
FixedParameters: 0 0 0
#Transform 100
Transform: MatrixOffsetTransformBase_double_3_3
Parameters: 0.9999959408299347 -0.0019313916959922985 -0.0022160104187898544 0.0019363299787266235 0.9999958277411751 0.00210327134422852 0.002211987938470994 -0.002108264269111192 0.9999950795976755 0.18051415571559914 -0.03840560508035651 -0.48598009006187226
FixedParameters: 0 0 0
#Transform 101
Transform: MatrixOffsetTransformBase_double_3_3
Parameters: 0.9999928515851056 -0.0022569771789831793 -0.0031492637888803493 0.002258283626076527 0.9999978036642911 0.00031735061447171926 0.003149404515525117 -0.000324605246320168 0.9999951081980881 0.15191405822734794 -0.03375685928449457 -0.6399313604899675
FixedParameters: 0 0 0
#Transform 102
Transform: MatrixOffsetTransformBase_double_3_3
Parameters: 0.9999921175047337 -0.002570069377481683 -0.0030073734332996954 0.0025732533813991546 0.9999960401810026 0.0011581202719366304 0.0030039674381516224 -0.0011659270745560694 0.9999948465756572 0.1556618378734953 -0.042400886118016956 -0.5447393877966533
FixedParameters: 0 0 0
#Transform 103
Transform: MatrixOffsetTransformBase_double_3_3
Parameters: 0.999994223206059 -0.0026386533761319974 -0.002296475270382542 0.0026428103005446887 0.9999943101959035 0.0019258682424243402 0.0022917975001712915 -0.0019314310919338164 0.9999955540537824 0.1395809481961976 -0.060886350789388644 -0.5402244840607295
FixedParameters: 0 0 0
#Transform 104
Transform: MatrixOffsetTransformBase_double_3_3
Parameters: 0.999994292387375 -0.0022653017928380057 -0.00270965749480441 0.002269146221446013 0.9999959747036417 0.0013706973099167014 0.0027059976993949603 -0.0013773129687406705 0.9999950117454561 0.1474577969564166 -0.010870957862024966 -0.6137040776932707
FixedParameters: 0 0 0
#Transform 105
Transform: MatrixOffsetTransformBase_double_3_3
Parameters: 0.9999948465329902 -0.001954328147689416 -0.0026125290958848024 0.001959720633597603 0.9999959144778297 0.0022906727194062174 0.0026084524985364177 -0.0022955340689384705 0.999994433040384 0.14855866456642275 -0.03487966765224826 -0.523712356262692
FixedParameters: 0 0 0
#Transform 106
Transform: MatrixOffsetTransformBase_double_3_3
Parameters: 0.9999943514982529 -0.002011920916627441 -0.002527492185875793 0.0020149895509650084 0.9999972605666828 0.0012964114507318081 0.0025244240286586145 -0.0013019151775460886 0.9999961432688801 0.14746017229199992 -0.01320371741202564 -0.5087677410370048
FixedParameters: 0 0 0
#Transform 107
Transform: MatrixOffsetTransformBase_double_3_3
Parameters: 0.9999940322926361 -0.001958256039003437 -0.002830093963252525 0.0019604044934901105 0.9999977234479503 0.0006611660064774138 0.002828879802807646 -0.000666385426151087 0.9999956730442552 0.13734633650665273 -0.017984695186058275 -0.6371644107393166
FixedParameters: 0 0 0
#Transform 108
Transform: MatrixOffsetTransformBase_double_3_3
Parameters: 0.9999931408099332 -0.0022366370753252388 -0.0029382753424056357 0.0022398010567081486 0.9999966285196231 0.0011652054192191974 0.0029354119412903362 -0.001171693399347998 0.9999952306624141 0.09588733776179481 -0.016395671628615105 -0.6077743353334029
FixedParameters: 0 0 0
#Transform 109
Transform: MatrixOffsetTransformBase_double_3_3
Parameters: 0.9999936456688256 -0.002202901441169953 -0.0028433829021659585 0.00220901993821423 0.9999958192607344 0.002074886003654877 0.0028383379641878925 -0.002080966476293792 0.9999940258774322 0.1338133351257511 -0.06643688887700705 -0.5023568132339022
FixedParameters: 0 0 0
#Transform 110
Transform: MatrixOffsetTransformBase_double_3_3
Parameters: 0.999992835754094 -0.002231935454250076 -0.0030099185981732057 0.0022336363068886696 0.9999976970126548 0.000563445407217611 0.0030087748164997347 -0.0005700207384397676 0.9999957417669333 0.10880694952378178 -0.0431335969707618 -0.6504245401885242
FixedParameters: 0 0 0
#Transform 111
Transform: MatrixOffsetTransformBase_double_3_3
Parameters: 0.9999949154048765 -0.0019746481942276104 -0.0026381388340540185 0.001978297214260564 0.9999976916461825 0.0011829464172831824 0.0026358200346343064 -0.0011876050945149107 0.9999958629217518 0.12521048428608594 -0.024529814376236914 -0.5662965187887181
FixedParameters: 0 0 0
#Transform 112
Transform: MatrixOffsetTransformBase_double_3_3
Parameters: 0.9999938707032421 -0.001960123926820461 -0.003010745571843443 0.001964562109589293 0.9999969006690882 0.0014973396744714417 0.0030072242701219554 -0.00150358742974613 0.9999939161620874 0.09651280574159671 -0.06202241688649224 -0.5716841507125423
FixedParameters: 0 0 0
#Transform 113
Transform: MatrixOffsetTransformBase_double_3_3
Parameters: 0.99999177558789 -0.0025381179210557017 -0.003106251254625006 0.0025408545215962267 0.9999960185234881 0.0007285152534888833 0.003104121625844891 -0.0007364285525739835 0.9999949503591105 0.09211348084585325 -0.01895879765102393 -0.6576134005051841
FixedParameters: 0 0 0
#Transform 114
Transform: MatrixOffsetTransformBase_double_3_3
