#Insight Transform File V1.0
#Transform 0
Transform: MatrixOffsetTransformBase_double_3_3
Parameters: 0.9999993103165662 0.000298001182569651 -0.0007751628426639484 -0.00029804876233834683 0.9999999102391445 -0.000030459529726591518 0.0007751445492087117 0.00003092156004142117 0.999999398195243 0.041169953124807535 -0.050093727076287564 -0.191962661224224
FixedParameters: 0 0 0
#Transform 1
Transform: MatrixOffsetTransformBase_double_3_3
Parameters: 0.9999994803066091 0.0002014167330841856 -0.0006922026225008454 -0.0002019909431524747 0.9999997199391171 -0.0004890929183227243 0.0006920054099097822 0.0004883773656528698 0.9999992826449036 0.039155175762587646 -0.006437099142004854 -0.16926462118235008
FixedParameters: 0 0 0
#Transform 2
Transform: MatrixOffsetTransformBase_double_3_3
Parameters: 0.9999988936991911 0.00030914271587147114 -0.0017321135490379058 -0.00030876670926719156 0.9999998726893881 -0.00017804922568460198 0.001732206183501131 0.00017922289155507964 0.9999979781235251 0.05758656091538228 -0.06929778125133623 -0.12517798954672799
FixedParameters: 0 0 0
#Transform 3
Transform: MatrixOffsetTransformBase_double_3_3
Parameters: 0.9999996188096903 0.0003917069560305392 -0.0004772371734491909 -0.0003917914844595728 0.9999998386884451 -0.00008837964875252726 0.000477167781420304 0.00008875353586066602 0.9999997644341666 -0.02111652607524661 -0.04935122435992412 -0.1667482767041264
FixedParameters: 0 0 0
#Transform 4
Transform: MatrixOffsetTransformBase_double_3_3
Parameters: 0.9999989127985459 0.0006710400971675788 -0.0007981064096918705 -0.0006703666256825969 0.9999994216786157 0.0003577579102886746 0.0007985862044972147 -0.00035768175522439744 0.9999992351942808 0.0021827570658672357 -0.003204160218572838 -0.17446095721447819
FixedParameters: 0 0 0
#Transform 5
Transform: MatrixOffsetTransformBase_double_3_3
Parameters: 0.9999994477637908 0.00021261496162117675 -0.0007122091674629655 -0.00021228563750327068 0.9999997366203974 -0.00046702064743186936 0.0007120101293467129 0.0004674255249161076 0.9999992745500529 -0.019574908134984526 -0.07061249115253077 -0.09929889344813603
FixedParameters: 0 0 0
#Transform 6
Transform: MatrixOffsetTransformBase_double_3_3
Parameters: 0.9999994817999626 0.0005651793742837515 -0.00044583841428330606 -0.0005644631601869647 1.0000000371245958 0.0008026554110386618 0.0004467448437481397 -0.0008021522951894977 0.9999991569722524 -0.04266362567591386 0.0011792548077806941 -0.24063049896027167
FixedParameters: 0 0 0
#Transform 7
Transform: MatrixOffsetTransformBase_double_3_3
Parameters: 0.9999992047427573 0.0007811818952421338 -0.0005360795985994704 -0.0007806495640150894 1.0000002283015408 0.00040161087585291314 0.0005357278496158913 -0.00040176977787932536 0.9999994502023858 -0.025866852847144628 -0.03132817306227764 -0.15195066005595947
FixedParameters: 0 0 0
#Transform 8
Transform: MatrixOffsetTransformBase_double_3_3
Parameters: 0.9999991077744719 0.0006542985279704678 -0.000601468206085698 -0.0006545182208770968 0.9999995382826853 -0.00018254521489303267 0.0006022078399786912 0.00018333301570466423 0.9999997060899696 -0.06656058894623129 -0.044075948232048745 -0.08284339471822477
FixedParameters: 0 0 0
#Transform 9
Transform: MatrixOffsetTransformBase_double_3_3
Parameters: 0.9999992533661783 0.0007556866316706026 -0.0010842728882442532 -0.0007552438725480415 0.99999940411497 0.0001573028963554959 0.0010845100217950626 -0.0001566581752253009 0.9999997999678939 -0.09027789899162997 -0.013080821891620076 -0.18765019609882927
FixedParameters: 0 0 0
#Transform 10
Transform: MatrixOffsetTransformBase_double_3_3
Parameters: 0.9999986757417466 0.0008335791797587076 -0.0012765133313439453 -0.0008337279978722512 0.9999992948305673 -0.00009780071151285904 0.001276349268048968 0.00009893519698375887 0.9999993615614782 -0.07725678114361756 -0.03959738337191254 -0.1279708104799937
FixedParameters: 0 0 0
#Transform 11
Transform: MatrixOffsetTransformBase_double_3_3
Parameters: 0.9999992994530608 0.001152503113218066 -0.000601508909759782 -0.0011524157411085334 0.9999996711667186 -0.000012300843274981555 0.0006016835841772261 0.000012691696194975371 0.99999964890684 -0.11742924242690833 -0.036803469754232765 -0.17240243577325032
FixedParameters: 0 0 0
#Transform 12
Transform: MatrixOffsetTransformBase_double_3_3
Parameters: 0.9999987721914909 0.0008764432198272496 -0.0011648338392546559 -0.0008773224210292488 0.9999990529164829 -0.00042095505640553984 0.0011650736770162512 0.0004220044994428777 0.999999567517555 -0.14724665498032152 0.018132188497787638 -0.11007790307940013
FixedParameters: 0 0 0
#Transform 13
Transform: MatrixOffsetTransformBase_double_3_3
Parameters: 0.9999999826008796 0.0008926805175907333 -0.00045831537035583014 -0.0008925318744324893 0.9999992001972887 0.000050336692768305504 0.00045860886685526736 -0.00005051298345912225 0.9999997982506876 -0.12373198393902385 -0.041470475775241766 -0.07727220379288724
FixedParameters: 0 0 0
#Transform 14
Transform: MatrixOffsetTransformBase_double_3_3
Parameters: 0.9999981542938656 0.0012395983568896252 -0.001144213647917669 -0.0012387074447746738 0.9999993453181084 0.0003453996375265137 0.0011450673192337502 -0.0003435576187277798 0.9999995716467037 -0.13774650751314255 -0.005772860887958586 -0.18263597963485267
FixedParameters: 0 0 0
#Transform 15
Transform: MatrixOffsetTransformBase_double_3_3
Parameters: 0.9999989449573661 0.0010838667682869793 -0.001367389027392113 -0.0010834831575404014 0.999999820342119 0.00006589587232538267 0.0013677342151253435 -0.00006492138457912474 0.9999991369929662 -0.15705324010201593 -0.037166638480869096 -0.11919225492439978
FixedParameters: 0 0 0
#Transform 16
Transform: MatrixOffsetTransformBase_double_3_3
Parameters: 0.9999979911300669 0.001126442386906626 -0.0013572323675463127 -0.0011265190165374273 0.9999996400127469 0.00030174595811456335 0.0013569313737327587 -0.0002997856619779935 0.9999989666699934 -0.16344147546931254 -0.022341938233310543 -0.16712774566441624
FixedParameters: 0 0 0
#Transform 17
Transform: MatrixOffsetTransformBase_double_3_3
Parameters: 0.9999989066472191 0.0011021464355862657 -0.0013667452966154153 -0.0011027291424781404 0.9999997212814029 -0.00024965959699226037 0.0013663960794525337 0.00025167797352427905 0.999999080630311 -0.15127278135321376 0.019145174420046374 -0.11455795622667608
FixedParameters: 0 0 0
#Transform 18
Transform: MatrixOffsetTransformBase_double_3_3
Parameters: 0.99999847149997 0.0013144416389242028 -0.0008889476070963048 -0.0013148395838496938 0.9999991919535461 -0.0002808436187498556 0.0008884109037735621 0.0002821844313640314 0.9999991419792588 -0.15901666414440285 -0.013907064553166038 -0.08031075550525202
FixedParameters: 0 0 0
#Transform 19
Transform: MatrixOffsetTransformBase_double_3_3
Parameters: 0.9999990968424226 0.0012786832948001566 -0.0005062453297352137 -0.0012794292617957577 0.9999993037349361 0.00024600714005041963 0.0005070771627921078 -0.0002448143694773157 0.9999996935871726 -0.16159631815052933 -0.02422667002035439 -0.09174266005729237
FixedParameters: 0 0 0
#Transform 20
Transform: MatrixOffsetTransformBase_double_3_3
Parameters: 0.9999989197256215 0.0012481538709732515 -0.0012296037409664923 -0.001248064737535656 0.9999994389859937 -0.00004645568548914596 0.001229689853747662 0.000047535655797723226 0.9999994972564348 -0.17170157188016333 0.03097728741464323 -0.17070182369496933
FixedParameters: 0 0 0
#Transform 21
Transform: MatrixOffsetTransformBase_double_3_3
Parameters: 0.9999990815913026 0.001243362715050834 -0.000601661094955297 -0.0012433761069707433 0.9999994442562784 -0.00009598566714776166 0.0006016252587079801 0.00009648601926986344 0.999999639745105 -0.1653356246066977 -0.02999119160010366 -0.06706296793872468
FixedParameters: 0 0 0
#Transform 22
Transform: MatrixOffsetTransformBase_double_3_3
Parameters: 0.9999992892866129 0.0009001529502271599 -0.0009962929801588805 -0.0008999181432853638 0.9999991849693983 0.00006712116182510102 0.000995637493514584 -0.00006632320051658616 0.9999989128170933 -0.20462121210788098 -0.037121750312195445 -0.09823388973674696
FixedParameters: 0 0 0
#Transform 23
Transform: MatrixOffsetTransformBase_double_3_3
Parameters: 0.9999986851607698 0.001214842873169296 -0.0008519860757621317 -0.0012153701824268977 0.9999993862537208 -0.00036925566896493073 0.0008522699443962028 0.0003703308507651017 0.9999992498766742 -0.18630722652252985 0.010498460212389205 -0.09181691363335176
FixedParameters: 0 0 0
#Transform 24
Transform: MatrixOffsetTransformBase_double_3_3
Parameters: 0.9999984781833129 0.0015257580017890755 -0.0004281624550540458 -0.0015260246314922658 0.9999985744584079 -0.0003111074282289265 0.0004274145610928537 0.00031241192266844454 0.9999997302688555 -0.20027478740891524 -0.029630151130461968 -0.07469168498374756
FixedParameters: 0 0 0
#Transform 25
Transform: MatrixOffsetTransformBase_double_3_3
Parameters: 0.9999984090155358 0.0017640048806860308 -0.0007548250384432631 -0.0017639593308190285 0.999998581026789 0.0005536913545905234 0.0007560023035087515 -0.0005531192214658667 1.000000032876871 -0.19613958917703656 0.011268871129942681 -0.1977250337888279
FixedParameters: 0 0 0
#Transform 26
Transform: MatrixOffsetTransformBase_double_3_3
Parameters: 0.9999974862669954 0.0018670596408341047 -0.0010087254247829608 -0.0018667048960865913 0.9999985081895754 0.00007523903574930299 0.0010092064578968302 -0.0000734623221086691 0.9999999879550517 -0.20206444693938863 0.021716794147792484 -0.10606011187306308
FixedParameters: 0 0 0
#Transform 27
Transform: MatrixOffsetTransformBase_double_3_3
Parameters: 0.9999980228598832 0.0015816586842734084 -0.0006022549734625987 -0.0015819582484178695 0.9999983857359317 -0.00033365238543879263 0.0006023805305152702 0.0003345622179578534 0.9999996383314946 -0.2163652043724369 -0.010518022659127269 -0.06164668932142092
FixedParameters: 0 0 0
#Transform 28
Transform: MatrixOffsetTransformBase_double_3_3
Parameters: 0.9999982215807933 0.0015512703446975103 -0.0006012872632058658 -0.0015508475518765075 0.9999985228420664 0.0002666232028228925 0.0006023164874069675 -0.00026575211779945233 0.9999995779591139 -0.20952733721374273 -0.006416007714989291 -0.15647063489501534
FixedParameters: 0 0 0
#Transform 29
Transform: MatrixOffsetTransformBase_double_3_3
Parameters: 0.9999989862442635 0.0014464219826710127 -0.0009489190194471864 -0.0014468107324728623 0.9999988397561653 -0.0002580253425917615 0.0009485769683103551 0.0002597745260952917 0.9999990542943562 -0.21874431942052297 0.018493327563660955 -0.09469266016149902
FixedParameters: 0 0 0
#Transform 30
Transform: MatrixOffsetTransformBase_double_3_3
Parameters: 0.9999988215295174 0.0017276374118387942 -0.00041571166281216543 -0.001727545148757989 0.9999990147622779 -0.000012102657585719113 0.00041607609379465393 0.00001254284486142869 0.9999998483273088 -0.21572198795655595 -0.03013016836050042 -0.07037694093558855
FixedParameters: 0 0 0
#Transform 31
Transform: MatrixOffsetTransformBase_double_3_3
Parameters: 0.9999980008410927 0.0017154556806483667 -0.001071046936885825 -0.0017153362281710103 0.9999988759771092 0.0004254751722545418 0.0010717288088553795 -0.00042389239979858826 0.9999995815549487 -0.21007162927951128 -0.01226454422416623 -0.19509244205880805
FixedParameters: 0 0 0
#Transform 32
Transform: MatrixOffsetTransformBase_double_3_3
Parameters: 0.9999980928828928 0.0017774626843234799 -0.0008513959997583503 -0.001778049036169216 0.9999988067837741 0.00018049370314915 0.0008524418389149052 -0.00017856379575207574 0.9999992635027549 -0.19523133969772744 0.02912954590780714 -0.1546989639054459
FixedParameters: 0 0 0
#Transform 33
Transform: MatrixOffsetTransformBase_double_3_3
Parameters: 0.9999981783153917 0.0016168753963313796 -0.00044385141639823045 -0.0016168371770207417 0.9999983800287031 -0.00007209080658816347 0.0004438210619275573 0.00007253026893778948 0.9999998087613392 -0.21504087169070374 -0.014534899590898931 -0.08863176411153972
FixedParameters: 0 0 0
#Transform 34
Transform: MatrixOffsetTransformBase_double_3_3
Parameters: 0.9999988359120848 0.0014902383314909892 -0.00018633083399063888 -0.001490156887417555 0.9999987310442412 0.00021996996914885425 0.00018621006770233595 -0.0002194159392168493 0.9999998257393569 -0.2112040889386151 -0.01490728847278433 -0.08714632500560526
FixedParameters: 0 0 0
#Transform 35
Transform: MatrixOffsetTransformBase_double_3_3
Parameters: 0.9999988830592393 0.001705725860660106 -0.0004318625768572337 -0.001705716277021092 0.9999980784241833 -0.00010734720484488773 0.0004319025611125016 0.00010782478050850111 0.9999998233492986 -0.20514719672800652 0.031984092543723364 -0.1921919278904909
FixedParameters: 0 0 0
#Transform 36
Transform: MatrixOffsetTransformBase_double_3_3
Parameters: 0.99999825740781 0.0012356259374427007 -0.0011033136557169199 -0.0012356291786201868 0.9999991748659302 -0.0005449077751296043 0.0011019653925920525 0.0005457454749651916 0.9999994877816276 -0.20060238897279703 0.007563704535442639 -0.11331825246962524
FixedParameters: 0 0 0
#Transform 37
Transform: MatrixOffsetTransformBase_double_3_3
Parameters: 0.999998726946538 0.001378674803640727 -0.0006015482536988331 -0.0013785174300331884 0.9999990968706758 0.0000460061726618499 0.0006018776646514595 -0.000045342911042095904 0.9999996468361788 -0.18478594760497913 -0.03321756303293455 -0.05876915769010793
FixedParameters: 0 0 0
#Transform 38
Transform: MatrixOffsetTransformBase_double_3_3
Parameters: 0.9999980494318969 0.0014883743427033073 -0.0008514528128158727 -0.0014879235193443643 0.9999987635090022 0.00014474415558470477 0.0008520862289398135 -0.0001441995634302146 0.99999926511182 -0.2100628316768649 -0.0050297464078568055 -0.15467364272167572
FixedParameters: 0 0 0
#Transform 39
Transform: MatrixOffsetTransformBase_double_3_3
Parameters: 0.9999983714952657 0.001635048103649593 -0.00021583539012465236 -0.00163507546997389 0.9999983226492942 -0.00006225766876233351 0.00021485511095077625 0.00006296074501670689 0.999999858407592 -0.2091567307442972 0.023988185131173623 -0.0990686694547378
FixedParameters: 0 0 0
#Transform 40
Transform: MatrixOffsetTransformBase_double_3_3
Parameters: 0.999998707062034 0.0014457516504668359 -0.00043838655452935194 -0.0014455944547607715 0.9999988779789284 0.00017965425525345857 0.0004391076957094425 -0.00017838670875882864 0.9999997859187584 -0.20875226143071757 -0.02051790664685882 -0.06764111317221477
FixedParameters: 0 0 0
#Transform 41
Transform: MatrixOffsetTransformBase_double_3_3
Parameters: 0.9999979977443911 0.001673006684542065 -0.0010914618145199118 -0.001673402087379795 0.9999981666426127 0.00018149923562638635 0.0010922705111835601 -0.00017993720061927198 0.9999997867176107 -0.21210592806600914 0.0011639521944886155 -0.16850688301114758
FixedParameters: 0 0 0
#Transform 42
Transform: MatrixOffsetTransformBase_double_3_3
Parameters: 0.9999986064984034 0.0014553011642594233 -0.0006149091136664342 -0.001454494739529254 0.9999985548466056 0.0005730307850540399 0.0006155962384986335 -0.0005722353836421028 1.0000001923054378 -0.20748514812748908 0.02114159096625201 -0.10448722237786967
FixedParameters: 0 0 0
#Transform 43
Transform: MatrixOffsetTransformBase_double_3_3
Parameters: 0.9999984516149524 0.0015694367790414178 -0.0002736598942230939 -0.0015693167909552272 0.9999985355085841 0.000032035216471470985 0.0002739641364910145 -0.00003217156570420722 0.9999999349771812 -0.2189016777662829 -0.0002019323992072941 -0.06498989209450201
FixedParameters: 0 0 0
#Transform 44
Transform: MatrixOffsetTransformBase_double_3_3
Parameters: 0.9999987153690174 0.0016078101322052783 -0.0008236941616934224 -0.0016077755697368515 0.9999984127846012 -0.00004041385764264396 0.0008239685570430588 0.000042067193122620776 0.9999993410474812 -0.25156441285447784 -0.026259650910617438 -0.08475848119866214
FixedParameters: 0 0 0
#Transform 45
Transform: MatrixOffsetTransformBase_double_3_3
Parameters: 0.9999977345281424 0.0020751134692051122 -0.0010193851087347688 -0.0020754372699953896 0.9999976397764566 0.00022991197019618626 0.001019763331858839 -0.00022777309980845058 0.9999998283484701 -0.27075773143087645 0.03740014357886423 -0.16521348621640186
FixedParameters: 0 0 0
#Transform 46
Transform: MatrixOffsetTransformBase_double_3_3
Parameters: 0.999998451231195 0.0018235756679371462 -0.0005519731841997638 -0.0018236212149396569 0.999998656073349 -0.00013328074291468002 0.0005509131707938653 0.00013429505893390034 0.9999995976928172 -0.24620340525700612 -0.015537604892273293 -0.07439665249367522
FixedParameters: 0 0 0
#Transform 47
Transform: MatrixOffsetTransformBase_double_3_3
Parameters: 0.999998588161497 0.0017736050271187583 -0.0005880043632526116 -0.0017740340164292363 0.999998697703464 0.0003945656211616173 0.0005888308407672044 -0.00039357733584881685 0.9999994182069059 -0.25837557499930597 -0.03557105761642276 -0.08460350911516912
FixedParameters: 0 0 0
#Transform 48
Transform: MatrixOffsetTransformBase_double_3_3
Parameters: 0.9999987420049271 0.0016404718405054726 -0.0007387691734637991 -0.001640481279041762 0.9999983025801455 -0.00007504649772466666 0.0007389276138668188 0.00007647485940940875 0.9999994698098275 -0.23733210108122194 -0.0072425953949277755 -0.12258512983186165
FixedParameters: 0 0 0
#Transform 49
Transform: MatrixOffsetTransformBase_double_3_3
Parameters: 0.9999982302190814 0.0015977657811836565 -0.0005555628709343757 -0.0015976617643608344 0.9999984384681349 0.00009490169318209093 0.0005550877507118357 -0.00009312831868324271 0.9999995914759385 -0.23175481419438881 -0.01369323684922108 -0.093236534159999
FixedParameters: 0 0 0
#Transform 50
Transform: MatrixOffsetTransformBase_double_3_3
Parameters: 0.9999986786184036 0.0016949195304643444 -0.0006539149814115547 -0.0016950036094122805 0.9999991062328428 -0.00014207114966199386 0.0006538383113029872 0.00014329094048448615 0.9999995735341904 -0.2307498832879844 -0.047835875111672976 -0.06650547908020599
FixedParameters: 0 0 0
#Transform 51
Transform: MatrixOffsetTransformBase_double_3_3
Parameters: 0.9999984368316195 0.0016852086575795382 -0.0009030952067732162 -0.0016842913866273132 0.9999980048215824 0.00039519668118528635 0.0009036494028022424 -0.0003941423684767616 0.9999999378848666 -0.23317799049543453 0.0031965025564915095 -0.18684588443998962
FixedParameters: 0 0 0
#Transform 52
Transform: MatrixOffsetTransformBase_double_3_3
Parameters: 0.9999975043872743 0.00193924650179038 -0.000903590567773227 -0.0019389608829083905 0.9999982290318603 0.00010286501030182162 0.0009034125774350921 -0.00010035794414748245 0.9999990930404062 -0.24140180603394867 -0.0012274976914596891 -0.08538221363566834
FixedParameters: 0 0 0
#Transform 53
Transform: MatrixOffsetTransformBase_double_3_3
Parameters: 0.9999985842524753 0.0018483652171501176 -0.00043735965181274095 -0.0018486627282985767 0.9999979476472277 0.0007978106780253794 0.00043855228708440663 -0.000796295078321226 0.9999999798902152 -0.2346361760653366 -0.046089075928136936 -0.09756528943697163
FixedParameters: 0 0 0
#Transform 54
Transform: MatrixOffsetTransformBase_double_3_3
Parameters: 0.9999973188578669 0.0020148472912372216 -0.0009025404580220442 -0.00201440218270466 0.9999974717348166 0.0006852163388862909 0.0009035440569374054 -0.0006836707948276331 0.9999995240689283 -0.24051294549860813 0.011166645095684657 -0.19229055202131917
FixedParameters: 0 0 0
#Transform 55
Transform: MatrixOffsetTransformBase_double_3_3
Parameters: 0.9999980954747696 0.0017511751763575978 -0.0009037624942080519 -0.0017511357153425949 0.9999989317216006 -0.000033793159425234576 0.0009040473496687296 0.000035962117774752196 0.9999992031854834 -0.24479954905051216 0.017481121032929536 -0.093228581761295
FixedParameters: 0 0 0
#Transform 56
Transform: MatrixOffsetTransformBase_double_3_3
Parameters: 0.9999985353131546 0.001802764452502385 -0.00044001723311379304 -0.0018029052821063511 0.9999987240897134 -0.00015950569842162316 0.0004398463126064206 0.00016108990048491987 0.9999998016967326 -0.2237466867056952 -0.02920244951668849 -0.05952902464630938
FixedParameters: 0 0 0
#Transform 57
Transform: MatrixOffsetTransformBase_double_3_3
Parameters: 0.9999982331839246 0.0017441102159826668 -0.0009030586707273469 -0.001744142399607212 0.9999987807694583 0.00042025675054996 0.0009037476566478159 -0.0004191983903635378 0.9999999174754607 -0.23142959807788088 0.007771525405885882 -0.13054410684165418
FixedParameters: 0 0 0
#Transform 58
Transform: MatrixOffsetTransformBase_double_3_3
Parameters: 0.9999981793308902 0.0018021507966170156 -0.0008145097617479058 -0.0018017550044370813 0.9999982227258376 0.0007278530255315299 0.0008163562244899586 -0.000727007219195048 0.9999997156975904 -0.22646296144736766 -0.03214503696190718 -0.10309770800793672
FixedParameters: 0 0 0
#Transform 59
Transform: MatrixOffsetTransformBase_double_3_3
Parameters: 0.9999970607408304 0.002061794413659166 -0.0012904956204983081 -0.002062021318074437 0.999997715095662 0.00017954850588071305 0.0012916388520798905 -0.00017731195150195154 0.9999993238358494 -0.24605507398983661 -0.019855844493292807 -0.15265748175276883
FixedParameters: 0 0 0
#Transform 60
Transform: MatrixOffsetTransformBase_double_3_3
Parameters: 0.9999980746464621 0.0020188566766545066 -0.0009044509203684908 -0.002019289021928072 0.9999977980897404 -0.0003516220292215253 0.0009036381521783099 0.0003532811520639988 0.9999990909078879 -0.245808658882126 0.011489835536480086 -0.1224921836228674
FixedParameters: 0 0 0
#Transform 61
Transform: MatrixOffsetTransformBase_double_3_3
Parameters: 0.9999976914699314 0.0020267014718107607 -0.0004243925449830682 -0.0020268281849818875 0.9999978186512098 -0.00026992124278148915 0.00042370395362315016 0.000270643334936766 0.9999997685770635 -0.2449435426565998 -0.024242959568397282 -0.05895120423255662
FixedParameters: 0 0 0
#Transform 62
Transform: MatrixOffsetTransformBase_double_3_3
Parameters: 0.9999977483369933 0.001950257308255482 -0.0008017621871125868 -0.0019492319705987908 0.9999978661798676 0.0005770833204897696 0.0008022537034018118 -0.0005749518830541394 0.999999832436927 -0.244187691995279 -0.01862319197938689 -0.10378218257505978
FixedParameters: 0 0 0
#Transform 63
Transform: MatrixOffsetTransformBase_double_3_3
Parameters: 0.9999968699106828 0.002322440083957889 -0.0009032535677257619 -0.002322659371842005 0.9999975048113096 0.0003170611034777071 0.0009041498638700379 -0.00031495727632220366 1.0000000037101748 -0.24928840386650108 0.036044976086017755 -0.1621158123133597
FixedParameters: 0 0 0
#Transform 64
Transform: MatrixOffsetTransformBase_double_3_3
Parameters: 0.9999971131610126 0.002012094722945835 -0.0009041115170801278 -0.0020121369069432014 0.9999979316920122 -0.00013578480359424747 0.000903968728373325 0.00013743132208347494 0.9999991860100774 -0.23186028922256696 -0.025664998898562885 -0.07923769676084191
FixedParameters: 0 0 0
#Transform 65
Transform: MatrixOffsetTransformBase_double_3_3
Parameters: 0.9999973254850881 0.002044748040458084 -0.0008285008168852775 -0.002044375969581525 0.9999973266104365 0.000702122661638212 0.0008296150369897226 -0.0007008255801289928 0.9999996286144522 -0.2469501225587578 -0.048668748472280754 -0.09956430703060448
FixedParameters: 0 0 0
#Transform 66
Transform: MatrixOffsetTransformBase_double_3_3
Parameters: 0.9999976272712148 0.0021771334971441786 -0.0009028249109693937 -0.0021770306595288143 0.999998014372801 0.000495749156351034 0.0009034288134083523 -0.0004939108591399657 0.9999997579893551 -0.24899567478492202 0.010457362192283881 -0.19459783002936604
FixedParameters: 0 0 0
#Transform 67
Transform: MatrixOffsetTransformBase_double_3_3
Parameters: 0.9999971534320745 0.0020461709133308206 -0.0007993161920944181 -0.0020463265717799643 0.9999977609517751 -0.00022492153307426853 0.0007988000378695709 0.00022620012688464588 0.9999993325891556 -0.25164483140481764 -0.021926302433655565 -0.07635289298140435
FixedParameters: 0 0 0
#Transform 68
Transform: MatrixOffsetTransformBase_double_3_3
Parameters: 0.9999969658215269 0.002328497839236578 -0.001297624189336044 -0.002327895635692683 0.9999975649890268 0.00011537785753265432 0.0012977856827689066 -0.0001123216284932818 0.9999992341751671 -0.2701142805395733 -0.03680015402515835 -0.12659700922242223
FixedParameters: 0 0 0
#Transform 69
Transform: MatrixOffsetTransformBase_double_3_3
Parameters: 0.999995736052292 0.0025197116866482534 -0.0014095743361813157 -0.002518840085939036 0.9999966242610646 0.0001656199425628123 0.001410032268392647 -0.0001624977161803526 0.9999989172271453 -0.2769527890162351 0.007172059547329468 -0.16337323226689193
FixedParameters: 0 0 0
#Transform 70
Transform: MatrixOffsetTransformBase_double_3_3
Parameters: 0.999997063949297 0.0022552762166569962 -0.0009047197355088049 -0.0022556566714211166 0.9999977667084832 -0.0003797354573694549 0.0009036147421419977 0.0003808267671060112 0.9999990708095005 -0.26436718414849736 -0.02948180953565327 -0.08292830997656608
FixedParameters: 0 0 0
#Transform 71
Transform: MatrixOffsetTransformBase_double_3_3
Parameters: 0.9999967285924143 0.0024574894666169263 -0.0005506504961741154 -0.0024571482032077563 0.999996945110449 0.00012459127100856234 0.0005508924796963355 -0.00012387710965621824 0.999999611878763 -0.25741206940665506 -0.05342151635926484 -0.08873113404254696
FixedParameters: 0 0 0
#Transform 72
Transform: MatrixOffsetTransformBase_double_3_3
Parameters: 0.9999968495398985 0.0023126636932322823 -0.0012913306261125163 -0.0023139498849169896 0.9999972657989286 -0.0006159707988559462 0.0012900633569790931 0.0006189561713948149 0.9999990875444145 -0.253923052466277 0.0013143501197561136 -0.12218244954281943
FixedParameters: 0 0 0
#Transform 73
Transform: MatrixOffsetTransformBase_double_3_3
Parameters: 0.99999729347834 0.0019999658408024696 -0.0008281255547522848 -0.0020000051636532516 0.999997977290078 -0.00014675948722436133 0.0008279428337729933 0.00014808005010368225 0.9999993145875865 -0.23593856013410175 -0.048380598955276355 -0.09229224760976251
FixedParameters: 0 0 0
#Transform 74
Transform: MatrixOffsetTransformBase_double_3_3
Parameters: 0.9999967697410529 0.0022021800567666476 -0.001209389237901523 -0.0022013879508932625 0.9999970920757671 0.00024463158302875953 0.0012098870331396505 -0.00024129547344291886 0.9999993979377346 -0.24752589753705934 -0.024880180912731475 -0.17412160676995825
FixedParameters: 0 0 0
#Transform 75
Transform: MatrixOffsetTransformBase_double_3_3
Parameters: 0.9999959987354274 0.0026915226863543236 -0.0009041884104838832 -0.0026914624487620236 0.9999967484558763 -0.00007837489601927991 0.0009035937346660028 0.00008124683200184008 0.9999991177373566 -0.27305955103251733 0.013399727915526682 -0.1060508841809451
FixedParameters: 0 0 0
#Transform 76
Transform: MatrixOffsetTransformBase_double_3_3
Parameters: 0.9999964173680012 0.0024689674683000358 -0.0006747304173989749 -0.0024692798632941497 0.9999968081920302 -0.00030658022956865004 0.0006738212247951458 0.000308912153436916 0.9999994825557573 -0.25301217581484536 -0.04203614493188468 -0.06280686230735455
FixedParameters: 0 0 0
#Transform 77
Transform: MatrixOffsetTransformBase_double_3_3
Parameters: 0.9999959137894198 0.0025535826487073678 -0.0013182644350002298 -0.0025534142696532155 0.9999963956075504 0.00028752943311147715 0.00131837883976961 -0.00028488031897545905 0.9999990100920172 -0.2764052409772262 0.0018906530938380683 -0.17023329588960223
FixedParameters: 0 0 0
#Transform 78
Transform: MatrixOffsetTransformBase_double_3_3
Parameters: 0.9999955645960551 0.002460942507043472 -0.0012078812658197075 -0.002460474554628757 0.9999967146153329 0.00047963899260400876 0.0012096630855941704 -0.00047677882039911254 0.9999992309461458 -0.2667115491112497 0.004479710277621507 -0.11505683008059009
FixedParameters: 0 0 0
#Transform 79
Transform: MatrixOffsetTransformBase_double_3_3
Parameters: 0.9999966461652748 0.0025910404025962816 -0.0007735429563371782 -0.0025911993929003656 0.9999962296644381 -0.00023434485197463292 0.0007731373171015743 0.00023635992532851298 0.9999993894464513 -0.23754142498032138 -0.021247503142845403 -0.06931191557212912
FixedParameters: 0 0 0
#Transform 80
Transform: MatrixOffsetTransformBase_double_3_3
Parameters: 0.9999954892209136 0.0026230016437234593 -0.0013426682575775062 -0.002622296185504969 0.9999968508962976 0.0005208274844625115 0.0013440425912394638 -0.0005168710110975727 0.999998755650897 -0.2701829046693973 -0.006753066463062396 -0.16516358990266156
FixedParameters: 0 0 0
#Transform 81
Transform: MatrixOffsetTransformBase_double_3_3
Parameters: 0.9999966459872234 0.002363859553171142 -0.0013170780383930658 -0.002363730804886916 0.9999974063314367 -0.00006612597813222408 0.0013173681938924986 0.00006936698103269921 0.9999992932735698 -0.25981982134793213 -0.012116220159555269 -0.10391485128747036
FixedParameters: 0 0 0
#Transform 82
Transform: MatrixOffsetTransformBase_double_3_3
Parameters: 0.9999944275038426 0.002842577308113296 -0.00159807347316554 -0.002842089532145233 0.9999959184901187 -0.0000053461863549372724 0.0015978661962436774 0.000009453206231451491 0.9999983891028107 -0.2725240606021373 -0.0345207257050788 -0.12880282593059178
FixedParameters: 0 0 0
#Transform 83
Transform: MatrixOffsetTransformBase_double_3_3
Parameters: 0.999994388809247 0.0028255294768997252 -0.0016390084276503708 -0.0028259721624536685 0.9999960123302966 0.000014490832996627871 0.001638913802276612 -0.000010307448764083492 0.9999982563702506 -0.30049192331637187 0.011943530161502736 -0.14629847569524657
FixedParameters: 0 0 0
#Transform 84
Transform: MatrixOffsetTransformBase_double_3_3
Parameters: 0.9999969038139166 0.002517547235208551 -0.000903577096370109 -0.0025180136969175965 0.9999966441647017 0.00012325206600476753 0.0009040294695294715 -0.00012179063258204554 0.9999991098235863 -0.24661146501776443 -0.04951897250801096 -0.09547277773897633
FixedParameters: 0 0 0
#Transform 85
Transform: MatrixOffsetTransformBase_double_3_3
Parameters: 0.9999957755298814 0.0026615451472866447 -0.001101009857390478 -0.002661195981793047 0.9999969151791638 0.000020716091874210005 0.001100743842396723 -0.00001784383654469628 0.9999997188736379 -0.2596557667670538 -0.05582722531556783 -0.10340854407679956
FixedParameters: 0 0 0
#Transform 86
Transform: MatrixOffsetTransformBase_double_3_3
Parameters: 0.9999945898622072 0.002819251750230849 -0.0015884715530826987 -0.0028193295185204967 0.9999960260153198 -0.0001508206790558314 0.0015874419581902999 0.00015579235179200197 0.9999983970393933 -0.2909995325001091 -0.0020678478322935234 -0.13505725580814953
FixedParameters: 0 0 0
#Transform 87
Transform: MatrixOffsetTransformBase_double_3_3
Parameters: 0.9999953589038129 0.0026492543173878796 -0.0013397444901381839 -0.0026485256090931844 0.9999967406499444 0.0004920244970877063 0.001340995899014874 -0.0004890080931069459 0.9999987927768481 -0.2727297378697813 -0.04070473999065882 -0.11845715270750645
FixedParameters: 0 0 0
#Transform 88
Transform: MatrixOffsetTransformBase_double_3_3
Parameters: 0.9999954922095666 0.0026952911126358497 -0.0015180356038291681 -0.002694948506786041 0.9999967337777307 -0.000019811171687527263 0.001517752338618783 0.00002401082184811038 0.9999986376700453 -0.28694122696063573 -0.007669768105486696 -0.1405697508352688
FixedParameters: 0 0 0
#Transform 89
Transform: MatrixOffsetTransformBase_double_3_3
Parameters: 0.9999954301863018 0.002475354554532519 -0.001585678193026907 -0.002474579769639034 0.9999968591638375 0.00011726100080706374 0.0015858803657591292 -0.00011339263262346091 0.9999984036888759 -0.24968810737105684 -0.020108489316768896 -0.11494433902210233
FixedParameters: 0 0 0
#Transform 90
Transform: MatrixOffsetTransformBase_double_3_3
Parameters: 0.9999972340174019 0.002240151617036252 -0.0009036742975856993 -0.002240806152017283 0.9999979735218242 0.00007611898199737048 0.000903642935046009 -0.00007416470651891926 0.9999991084691588 -0.2506464542971685 -0.03942328767438141 -0.0886010617824553
FixedParameters: 0 0 0
#Transform 91
Transform: MatrixOffsetTransformBase_double_3_3
Parameters: 0.9999957147234998 0.002695412401665148 -0.0014770878748427002 -0.0026950355536127465 0.9999966274299891 0.0003278454426719798 0.0014777009420455511 -0.00032396619635965604 0.9999985515319273 -0.28652200977205666 0.009958793855503245 -0.134813764721315
FixedParameters: 0 0 0
#Transform 92
Transform: MatrixOffsetTransformBase_double_3_3
Parameters: 0.9999969860315121 0.0022740670203018126 -0.0010621042186644558 -0.00227303868462099 0.9999971763354034 0.000808967057520884 0.0010632489286022118 -0.0008072238745325816 0.999998934932355 -0.24409909286650588 -0.019119908922021978 -0.10810554625156499
FixedParameters: 0 0 0
#Transform 93
Transform: MatrixOffsetTransformBase_double_3_3
Parameters: 0.9999952013014258 0.002686927194186705 -0.0013233154133202585 -0.0026858939882599543 0.9999963590616414 0.0006520275127926919 0.0013254606449901868 -0.0006480016352421083 0.9999986529352534 -0.25316218402713275 -0.0304487619385867 -0.1358929508532043
FixedParameters: 0 0 0
#Transform 94
Transform: MatrixOffsetTransformBase_double_3_3
Parameters: 0.9999951483749941 0.0028173578228069497 -0.0014407494247343222 -0.00281663476086135 0.9999958561733432 0.00045614013236330115 0.0014421642379376098 -0.00045210354064426073 0.9999985564147771 -0.2604127667357261 0.01087273183951254 -0.1191215353948678
FixedParameters: 0 0 0
#Transform 95
Transform: MatrixOffsetTransformBase_double_3_3
Parameters: 0.9999961566870219 0.0026622327018656507 -0.000903555335174791 -0.002661754452846957 0.9999968898219066 0.00015282848692457535 0.000904196438544766 -0.00015000996022577085 0.9999991012068131 -0.2471067512222902 -0.0521156314218274 -0.07744523233361633
FixedParameters: 0 0 0
#Transform 96
Transform: MatrixOffsetTransformBase_double_3_3
Parameters: 0.9999947776027832 0.0029396888541631766 -0.0013573020344273268 -0.0029396260292335824 0.9999959897547112 0.0006072710988262045 0.0013587389509705367 -0.0006034748773907676 0.999998528032126 -0.2752449246144124 -0.0027255420895500038 -0.14966578148542453
FixedParameters: 0 0 0
#Transform 97
Transform: MatrixOffsetTransformBase_double_3_3
Parameters: 0.9999951430079036 0.002880351222073412 -0.0007881398136286993 -0.002880184248663838 0.9999957024369086 -0.00002255072657373887 0.0007878375233496965 0.00002509626939604763 0.9999993196326494 -0.24636130313085403 -0.005940226653251557 -0.0810307577376932
FixedParameters: 0 0 0
#Transform 98
Transform: MatrixOffsetTransformBase_double_3_3
Parameters: 0.9999964073520667 0.0025740335984121656 -0.000961698294011798 -0.0025744072525815767 0.9999962817575959 -0.00029949909037009563 0.000960962740587934 0.0003024558875177992 0.9999990281470296 -0.24974193520488086 -0.030362727283971935 -0.08600889606492501
FixedParameters: 0 0 0
#Transform 99
Transform: MatrixOffsetTransformBase_double_3_3
Parameters: 0.9999936949953613 0.003094708669706867 -0.0016660187352304373 -0.003095125580271423 0.9999954184368185 0.000022516879024227958 0.0016661807483857316 -0.000017284220901813666 0.9999981768967147 -0.29988805457757906 0.009254366022176441 -0.14349574779579655
FixedParameters: 0 0 0
#Transform 100
Transform: MatrixOffsetTransformBase_double_3_3
Parameters: 0.9999956308525492 0.002848863785188711 -0.0011005539836308198 -0.0028489326070343444 0.9999958530097363 -0.00016926167575770216 0.0011003941741646733 0.00017254464410069992 0.9999998031550154 -0.27815635384214943 -0.02144471592652053 -0.07471152315508789
FixedParameters: 0 0 0
#Transform 101
Transform: MatrixOffsetTransformBase_double_3_3
Parameters: 0.999995033008199 0.002928870760293305 -0.0012028149347710348 -0.00292932701720069 0.9999954094867973 0.00009826806999679763 0.0012032144248387 -0.00009431028086286824 0.999999485176066 -0.3032773593578497 -0.013513164816316703 -0.11466989131133687
FixedParameters: 0 0 0
#Transform 102
Transform: MatrixOffsetTransformBase_double_3_3
Parameters: 0.9999957769684421 0.002788697463930184 -0.0012265256269462788 -0.002788945970862129 0.9999961887945158 0.00018094966467305153 0.0012273598418480053 -0.0001771959302553518 0.9999994042372304 -0.2792862146138049 -0.0029467251626158486 -0.10302641192529904
FixedParameters: 0 0 0
#Transform 103
Transform: MatrixOffsetTransformBase_double_3_3
Parameters: 0.9999957371365001 0.0029714667116730493 -0.0006951579564898197 -0.002971327788368968 0.9999951675138102 -0.000046195891537758184 0.0006949155507374599 0.000048332664551935776 0.9999994662828764 -0.28346752783099305 -0.04500026131489676 -0.07441191269110448
FixedParameters: 0 0 0
#Transform 104
Transform: MatrixOffsetTransformBase_double_3_3
Parameters: 0.9999926430440844 0.003566598055355573 -0.0013339595777233926 -0.0035652522479657557 0.9999931588842914 0.0003537356641395413 0.001335725477131941 -0.0003482000549732947 0.9999989563315553 -0.3219320575580298 0.013532744016799825 -0.13949717449000332
FixedParameters: 0 0 0
#Transform 105
Transform: MatrixOffsetTransformBase_double_3_3
Parameters: 0.9999951208322929 0.0028816998281686866 -0.0007974132262864031 -0.0028815810306697834 0.999995680667382 -0.0001171554145065959 0.0007965682926158318 0.00011876024581921555 0.9999992925335919 -0.2954241441571668 -0.005887233807129633 -0.06375088287997244
FixedParameters: 0 0 0
#Transform 106
Transform: MatrixOffsetTransformBase_double_3_3
Parameters: 0.999995742653514 0.002797367093184386 -0.0007018945754045797 -0.00279709511277857 0.9999961721427657 0.00004901946841023223 0.0007019983525552304 -0.00004708615448180994 0.9999994460892483 -0.29960691478984813 0.009231929673006789 -0.07025403545036113
FixedParameters: 0 0 0
#Transform 107
Transform: MatrixOffsetTransformBase_double_3_3
Parameters: 0.9999952293807014 0.002880338993638792 -0.0007313370672050873 -0.002880269244250339 0.9999956942978109 -0.00009107388178116382 0.0007306409839150235 0.00009329112737395097 0.9999993982841531 -0.301868181808544 -0.01750382673066042 -0.07032280558391335
FixedParameters: 0 0 0
#Transform 108
Transform: MatrixOffsetTransformBase_double_3_3
Parameters: 0.9999922947774007 0.0035210532006334024 -0.001801253062163083 -0.0035215044208357356 0.9999935099102178 -0.0002925268007911495 0.0018003901551309626 0.0002992366476953864 0.9999987353670625 -0.3331583099357118 0.029674613562306718 -0.15162598258676496
FixedParameters: 0 0 0
#Transform 109
Transform: MatrixOffsetTransformBase_double_3_3
Parameters: 0.999995909325702 0.0029356687703418843 -0.0006481649331921135 -0.0029359731584048345 0.9999952251119215 -0.00039253391584872106 0.0006468723444633534 0.0003943423293159166 0.999999479283844 -0.28969232208595486 -0.015755861484251454 -0.06428567522571882
FixedParameters: 0 0 0
#Transform 110
Transform: MatrixOffsetTransformBase_double_3_3
Parameters: 0.9999941085574527 0.003132901088329915 -0.0010171582627671732 -0.0031332070980117973 0.9999950914008991 -0.00029996303259513296 0.00101608202270341 0.00030334494833327745 0.9999999188934335 -0.3161183292972112 -0.04134622554597911 -0.08734182694659864
FixedParameters: 0 0 0
#Transform 111
Transform: MatrixOffsetTransformBase_double_3_3
Parameters: 0.9999942874581443 0.0030874494252009334 -0.0010176761230460823 -0.0030881138329858296 0.9999952355967949 -0.00047630173901774424 0.0010165175482015065 0.000479594652731617 0.9999998822499673 -0.3106200977817508 0.018038641720622195 -0.10225093157362153
FixedParameters: 0 0 0
#Transform 112
Transform: MatrixOffsetTransformBase_double_3_3
Parameters: 0.9999947038543221 0.003036699541172518 -0.001016277341476815 -0.003036468251087945 0.9999957761935807 -0.00003580679257685288 0.0010168641735709139 0.000038992256262515774 1.000000008591411 -0.26676785406061754 -0.04559609586860347 -0.08181198323541139
FixedParameters: 0 0 0
#Transform 113
Transform: MatrixOffsetTransformBase_double_3_3
