#Insight Transform File V1.0
#Transform 0
Transform: MatrixOffsetTransformBase_double_3_3
Parameters: 0.9999997563479438 0.00033103435880400996 0.0002071955047800167 -0.00033038083824069996 0.9999984097396335 -0.0015751526986882522 -0.0002074617521421046 0.0015750156619826206 0.9999985674210867 0.09605380312251555 -0.0033805357417691084 -0.19492426565544463
FixedParameters: 0 0 0
#Transform 1
Transform: MatrixOffsetTransformBase_double_3_3
Parameters: 0.9999998321016813 0.00020670512696983418 0.0001844320739848443 -0.00020608186029939007 0.9999981047959778 -0.0016890026911389885 -0.0001843537190205219 0.0016889266699893993 0.9999982046925754 0.08963822288858125 -0.0009513144530473028 -0.1970046359787574
FixedParameters: 0 0 0
#Transform 2
Transform: MatrixOffsetTransformBase_double_3_3
Parameters: 0.9999998212395834 2.877523236898897e-7 -0.0004351032037407526 -7.283733093067497e-7 0.9999982784422844 -0.001649677818297229 0.00043489748220815194 0.001649780550981844 0.9999980786461253 0.05823611951305452 -0.0408432701077146 -0.109370834002263
FixedParameters: 0 0 0
#Transform 3
Transform: MatrixOffsetTransformBase_double_3_3
Parameters: 0.9999992496554797 0.0008118140651481835 -0.0000015196127909761215 -0.0008118159030404738 0.9999988612466115 -0.00121643194432097 3.2011278300325685e-7 0.0012164335311300135 0.9999996115896798 0.0376162558192874 -0.012812306934591788 -0.2574803757853914
FixedParameters: 0 0 0
#Transform 4
Transform: MatrixOffsetTransformBase_double_3_3
Parameters: 1.0000000495757109 0.0008234637690839307 0.00041348899887885815 -0.0008223816870818718 0.9999986171172213 -0.0013063573372860359 -0.00041465943331024657 0.0013056759385986546 0.9999992246263208 0.008334044022575426 -0.0009766631682168736 -0.17708664778686511
FixedParameters: 0 0 0
#Transform 5
Transform: MatrixOffsetTransformBase_double_3_3
Parameters: 1.0000000388378834 0.0007372197212975982 0.0005618922791462422 -0.0007371206621107408 0.9999995107964466 -0.0009729528070621683 -0.0005623464724073962 0.0009720218540174843 0.9999998401086234 0.01035184254324406 -0.05120757525683928 -0.16382324078327315
FixedParameters: 0 0 0
#Transform 6
Transform: MatrixOffsetTransformBase_double_3_3
Parameters: 0.9999993874814027 0.0005228038158378949 0.0005824045066154804 -0.000522079276760495 0.9999993405717779 -0.0006219815303629758 -0.0005830540868919931 0.0006213726450744149 0.9999992739428147 0.01098858349118359 0.013083612821290558 -0.32220499038547246
FixedParameters: 0 0 0
#Transform 7
Transform: MatrixOffsetTransformBase_double_3_3
Parameters: 0.9999995493502658 0.0005415476648681461 0.0003967065391716207 -0.0005415282191605343 0.9999997061358831 -0.000024722829441088646 -0.0003967330830287885 0.000024293151007901814 0.9999998420122579 -0.00442380774146045 -0.03328710831598869 -0.20765451594031958
FixedParameters: 0 0 0
#Transform 8
Transform: MatrixOffsetTransformBase_double_3_3
Parameters: 0.9999993674810186 0.0005412755687353587 0.0004980303045635792 -0.0005413075711881027 0.9999995658686814 -0.0010682788883822104 -0.0004984108906669338 0.0010686320682623146 0.999999701017438 0.008016576390204477 -0.04662206015996162 -0.2013539927799286
FixedParameters: 0 0 0
#Transform 9
Transform: MatrixOffsetTransformBase_double_3_3
Parameters: 0.9999999923740769 0.0007618084608203287 0.0005709571273832814 -0.0007609510637553419 0.9999997156077433 -0.0008397044546670212 -0.0005712567676708913 0.0008398296544854745 1.0000000698793443 -0.018173314350462988 -0.04740129191975484 -0.1958743726565899
FixedParameters: 0 0 0
#Transform 10
Transform: MatrixOffsetTransformBase_double_3_3
Parameters: 1.0000000470522452 0.000574668864459757 0.0007891168053833775 -0.0005730546666975089 0.9999996261419473 -0.0010224807587314575 -0.0007902898113122531 0.0010215743959244756 0.9999993318268026 -0.06318573506058556 -0.01797042096465873 -0.25012167564824495
FixedParameters: 0 0 0
#Transform 11
Transform: MatrixOffsetTransformBase_double_3_3
Parameters: 0.999999919375374 0.00018099711667735985 0.00021878047232840037 -0.00018069233773176555 0.9999994826823523 -0.0006961807726875533 -0.00021903225930137993 0.0006961015961738316 0.9999994674669127 -0.02307573786312389 -0.0748622857433503 -0.17778351694887817
FixedParameters: 0 0 0
#Transform 12
Transform: MatrixOffsetTransformBase_double_3_3
Parameters: 0.9999992381009362 0.0008124534507296979 0.00000784807260351128 -0.0008124385990435305 0.9999995517912857 -0.0008877792768497504 -0.000008311538827160403 0.000887765217884549 0.9999993135604707 -0.05901101774239237 -0.03360942288014712 -0.2582295740771485
FixedParameters: 0 0 0
#Transform 13
Transform: MatrixOffsetTransformBase_double_3_3
Parameters: 0.9999995665971018 0.0010544547833377003 -0.00045701790984967183 -0.001054840196026896 0.9999996018139125 -0.0005342355900407868 0.00045707362898088355 0.0005342039616132198 0.9999996184647568 -0.061158716468781904 -0.02951156506955499 -0.28683772984480527
FixedParameters: 0 0 0
#Transform 14
Transform: MatrixOffsetTransformBase_double_3_3
Parameters: 0.9999997784686483 0.0004413289036317392 0.00016344786427632818 -0.0004411906299355916 0.9999992663341366 -0.0007340609902052971 -0.00016409601003013197 0.0007349112098902214 0.9999994331941199 -0.036851173418384064 -0.08346390398372705 -0.17920462752927335
FixedParameters: 0 0 0
#Transform 15
Transform: MatrixOffsetTransformBase_double_3_3
Parameters: 0.9999986825931675 0.0010314926986120594 0.0011190149682604733 -0.001031709661066222 0.9999997442491844 -0.00043898931043467773 -0.0011199196356126984 0.0004385668259711208 0.9999995532898814 -0.07127504454467726 -0.055955845754496636 -0.2909906249651044
FixedParameters: 0 0 0
#Transform 16
Transform: MatrixOffsetTransformBase_double_3_3
Parameters: 0.999999871794356 0.0009674085552966318 -0.0004275920156173729 -0.000966481958800874 0.999999024759503 -0.00019952256320017816 0.00042740918691543117 0.0001994568613805617 0.9999997883749919 -0.09014609125733841 -0.04744264469083248 -0.3073615903118849
FixedParameters: 0 0 0
#Transform 17
Transform: MatrixOffsetTransformBase_double_3_3
Parameters: 0.9999997730468403 0.00038390703945011983 -0.0003007944970079418 -0.00038368452008248036 0.9999991988889639 -0.0012858601232483384 0.0002996033080392563 0.0012861928437193546 0.9999992454979468 -0.038506284569876925 -0.06855360752592787 -0.18724855342996705
FixedParameters: 0 0 0
#Transform 18
Transform: MatrixOffsetTransformBase_double_3_3
Parameters: 0.9999996248350295 0.00011374629990075879 0.000510844655099929 -0.00011297243091279915 0.9999994132765944 -0.0007576016974811929 -0.0005100373361694166 0.0007574860761668093 0.9999992673413887 -0.016447146922899947 -0.07486893910305525 -0.26525821666623983
FixedParameters: 0 0 0
#Transform 19
Transform: MatrixOffsetTransformBase_double_3_3
Parameters: 0.999999759824113 0.00046796943156866193 0.00014553554438258287 -0.0004678308588875839 0.9999995551086166 -0.00047542137022288334 -0.0001459803801656112 0.00047528496921553815 0.9999997527937047 -0.02686787179213468 -0.0372406813126247 -0.29906131591806684
FixedParameters: 0 0 0
#Transform 20
Transform: MatrixOffsetTransformBase_double_3_3
Parameters: 0.9999997717109672 0.0004259801490978183 0.0002164026865170421 -0.0004255963669160824 0.9999990351404732 -0.0008852831976750425 -0.00021715649496756306 0.0008850985924336096 0.9999991694426071 0.007911094797137252 -0.08620189123826094 -0.19642362213693332
FixedParameters: 0 0 0
#Transform 21
Transform: MatrixOffsetTransformBase_double_3_3
Parameters: 0.9999999525754989 0.0001324628759703025 0.00017285331478374133 -0.00013225859936938765 0.9999996336364764 -0.0005906530787541665 -0.00017300966726595257 0.0005906072997862494 0.999999621250338 -0.02936334314270539 -0.06762564612233746 -0.22393984106454923
FixedParameters: 0 0 0
#Transform 22
Transform: MatrixOffsetTransformBase_double_3_3
Parameters: 0.9999992359439349 0.0006929695272654241 -0.00043920243010710236 -0.0006929007605910877 0.9999994059188949 -0.0010550948689259465 0.0004385147363367148 0.0010558054658732375 0.9999997846756885 -0.07176730943626808 -0.018498430380702757 -0.30512690754379435
FixedParameters: 0 0 0
#Transform 23
Transform: MatrixOffsetTransformBase_double_3_3
Parameters: 0.9999999889588757 0.00009236509116021645 -0.000050097516573671674 -0.0000924189710183653 0.9999997017198785 -0.0005382738829755026 0.00004999805123180601 0.0005382831307947321 0.9999997077514264 -0.02540416770186482 -0.07220507892962758 -0.24934803535852268
FixedParameters: 0 0 0
#Transform 24
Transform: MatrixOffsetTransformBase_double_3_3
Parameters: 0.9999999546780087 -0.0000455946168738227 -0.00020794927228109938 0.00004534608683734775 0.9999996409333862 -0.0005975033258751816 0.0002080036087251519 0.0005974844122604129 0.9999995997469283 -0.015572722990555121 -0.07403944748631375 -0.24535486669789464
FixedParameters: 0 0 0
#Transform 25
Transform: MatrixOffsetTransformBase_double_3_3
Parameters: 0.999999905784865 0.00029238194294353383 -0.00009342283937346929 -0.00029255498116422294 0.9999990517970804 -0.0009287699475983721 0.00009287955103733092 0.0009288244347098607 0.9999991286578856 -0.0032083657341672733 -0.0560472322042358 -0.2863642208521071
FixedParameters: 0 0 0
#Transform 26
Transform: MatrixOffsetTransformBase_double_3_3
Parameters: 0.999999901029573 -0.00005094228548300151 0.00007198882897979653 0.00005015743417786703 0.999998852605832 -0.0014645559200008574 -0.0000710647140074322 0.0014644609432460929 0.9999989414502415 -0.014325438713285621 -0.073798125901547 -0.1816170160723516
FixedParameters: 0 0 0
#Transform 27
Transform: MatrixOffsetTransformBase_double_3_3
Parameters: 0.9999999878506474 0.00007744806090379371 0.00007793722683470394 -0.0000783970508604683 0.9999999077288196 -0.00029356465937585596 -0.00007798245400415793 0.00029345020771519173 0.9999999078284862 -0.02725713529520135 -0.04445020518734566 -0.327517445188505
FixedParameters: 0 0 0
#Transform 28
Transform: MatrixOffsetTransformBase_double_3_3
Parameters: 0.9999998797397407 0.00015373107631055677 0.0003108493689713693 -0.0001534430862523379 0.9999997619257068 -0.0004631732523240978 -0.00031099162907097244 0.0004630777452834013 0.9999996888427761 -0.018959000299688 -0.028989103869250243 -0.3145031767285076
FixedParameters: 0 0 0
#Transform 29
Transform: MatrixOffsetTransformBase_double_3_3
Parameters: 0.9999998593671559 -0.000002514806662523057 0.0003750025298532994 0.000002858388992282993 0.9999997901291522 -0.00045810767206970975 -0.0003750000681794624 0.00045810968692754203 0.9999996495099375 -0.017168889276618415 -0.07699976894426186 -0.18922829519775064
FixedParameters: 0 0 0
#Transform 30
Transform: MatrixOffsetTransformBase_double_3_3
Parameters: 0.9999997543192194 0.0004946511831876853 0.00003163796586178047 -0.0004946375505781046 0.9999997092187809 -0.00021474363971131716 -0.00003185039384509536 0.00021471223497145363 0.9999999528841698 -0.04577713792771476 -0.05528169610654743 -0.2981221150746052
FixedParameters: 0 0 0
#Transform 31
Transform: MatrixOffsetTransformBase_double_3_3
Parameters: 0.9999998455500954 0.00025126800158320256 -0.0000034977526200824505 -0.0002512749851488069 0.9999999024876516 -0.0010170418809134127 0.000003762183717864742 0.0010170437990555063 1.0000000569114056 -0.03286804528686105 -0.051988836645364245 -0.2690665186902379
FixedParameters: 0 0 0
#Transform 32
Transform: MatrixOffsetTransformBase_double_3_3
Parameters: 0.9999999980278897 0.00004016523138722133 0.000018944251010830082 -0.0000401321828816046 0.9999992403147991 -0.000870674475769908 -0.00001901416390348576 0.0008706729515532047 0.9999992415664665 -0.04233314280072875 -0.07227618236063904 -0.1878969524737215
FixedParameters: 0 0 0
#Transform 33
Transform: MatrixOffsetTransformBase_double_3_3
Parameters: 0.9999993655161261 0.0007296426271956167 -0.000017980960162228277 -0.0007296711869391679 0.9999998067755635 -0.0008128989616217266 0.000017773735370360533 0.0008129241202661745 0.9999994406207974 -0.04927044752341203 -0.031086898010457276 -0.4359712189556575
FixedParameters: 0 0 0
#Transform 34
Transform: MatrixOffsetTransformBase_double_3_3
Parameters: 0.9999999293785694 0.00003785671403030218 0.0002629658337622437 -0.000038647957918760845 0.9999998487696602 -0.00038699070443689763 -0.00026299492107106914 0.0003868682832254013 0.9999997811795663 -0.005324342922293113 -0.055249722969151094 -0.2997100546419915
FixedParameters: 0 0 0
#Transform 35
Transform: MatrixOffsetTransformBase_double_3_3
Parameters: 0.999999813381099 0.00021479848383681757 0.000374807783332029 -0.00021451512606586757 0.9999998110968519 -0.00037800314523717273 -0.00037497003056972955 0.0003778421999634263 0.9999997166322657 -0.02099789765001958 -0.06105402703495599 -0.2074277616685123
FixedParameters: 0 0 0
#Transform 36
Transform: MatrixOffsetTransformBase_double_3_3
Parameters: 0.9999996432001953 0.0008396665589467798 0.0008067472498679423 -0.0008391865094087579 0.9999993423587562 -0.0009766871152234078 -0.0008083860085626865 0.0009762237794400458 0.99999939390845 -0.06240629022431676 -0.03135667745026183 -0.3199560167727782
FixedParameters: 0 0 0
#Transform 37
Transform: MatrixOffsetTransformBase_double_3_3
Parameters: 0.9999995588983542 0.0001768957086682219 0.0005645999786501738 -0.0001766326739234873 0.999999727932372 -0.0011140493992484362 -0.0005642177201977683 0.001113747656677452 0.9999995320252048 -0.030799415254662676 -0.06903312459051847 -0.2190395746004299
FixedParameters: 0 0 0
#Transform 38
Transform: MatrixOffsetTransformBase_double_3_3
Parameters: 0.999999691279988 0.00048814632203106074 -0.0002653917939939854 -0.0004882977589642926 0.9999996801530331 -0.00028532817372910625 0.0002651130603048002 0.0002855871774128015 0.9999998481552833 -0.03268656731049191 -0.05251728423158397 -0.3026960372918239
FixedParameters: 0 0 0
#Transform 39
Transform: MatrixOffsetTransformBase_double_3_3
Parameters: 0.9999993550887893 0.000372630502476728 0.0007183368236877985 -0.00037220030828860384 0.9999998786533262 -0.0009915811151927102 -0.0007192781623030081 0.0009909434112566518 0.9999994903015957 -0.06134159249953086 -0.019016454162169794 -0.37695292779615386
FixedParameters: 0 0 0
#Transform 40
Transform: MatrixOffsetTransformBase_double_3_3
Parameters: 0.9999999302939657 -0.000260259309634859 -0.00011162219369105497 0.0002599624561353024 0.9999991731238038 -0.0013263842552004434 0.00011210866247007845 0.0013263260494562935 0.999999217802044 -0.031714783237148936 -0.06447163471011663 -0.22852174646310175
FixedParameters: 0 0 0
#Transform 41
Transform: MatrixOffsetTransformBase_double_3_3
Parameters: 0.9999997008085785 0.000592603378511008 0.0009733267053916167 -0.0005924904687031186 0.9999992633025372 -0.0006214573766929526 -0.0009740624691479682 0.0006211969419249142 0.9999996654091263 -0.05286503970062029 -0.06392240658882997 -0.36804315279461264
FixedParameters: 0 0 0
#Transform 42
Transform: MatrixOffsetTransformBase_double_3_3
Parameters: 1.000000010020817 0.000531865050709105 0.0008347155170639886 -0.000531616737207998 0.999999673685039 -0.00020990184203809075 -0.0008347352171092504 0.00021000888985744725 0.9999992691028621 -0.06407066378424986 -0.05287599684622535 -0.33645985968111347
FixedParameters: 0 0 0
#Transform 43
Transform: MatrixOffsetTransformBase_double_3_3
Parameters: 0.9999999355166802 0.00026850164421941624 -0.00005354209077018668 -0.0002686210332553521 0.9999996681686838 -0.001122352226911149 0.00005273571147061673 0.001122380757717545 0.9999997270046368 -0.04155757346207167 -0.10889225350217657 -0.22732799631384637
FixedParameters: 0 0 0
#Transform 44
Transform: MatrixOffsetTransformBase_double_3_3
Parameters: 0.9999991253251682 0.0007768275954289557 0.0004120359941688079 -0.0007763436733215011 0.9999998924013981 -0.0007104762944837074 -0.000412160638869688 0.0007108300580201891 0.9999994263977402 -0.0808893930130381 -0.06986474190973979 -0.38629129308210963
FixedParameters: 0 0 0
#Transform 45
Transform: MatrixOffsetTransformBase_double_3_3
Parameters: 0.9999996372776851 0.0005186174318606651 0.0000499798868178053 -0.0005184931082008393 0.9999992095315211 -0.0012335448992717832 -0.00005048364437025554 0.0012334928969248793 0.9999995672074482 -0.07754174327004648 -0.0582027036142847 -0.34012728639599743
FixedParameters: 0 0 0
#Transform 46
Transform: MatrixOffsetTransformBase_double_3_3
Parameters: 0.9999999646011772 0.0001078270000264025 0.00015383471209481914 -0.00010850881912735037 0.9999989551988615 -0.0010164570497739106 -0.00015405407916607716 0.001016321444044263 0.9999989433057817 -0.030005025868405255 -0.1010195100671325 -0.2410538030418934
FixedParameters: 0 0 0
#Transform 47
Transform: MatrixOffsetTransformBase_double_3_3
Parameters: 0.9999989240903074 0.0007148463956350233 0.0012097691748653022 -0.0007130586527320572 0.9999990705186553 -0.0011921444073363385 -0.0012104912128602513 0.0011913090096240524 0.9999982166708797 -0.05611533734338536 -0.06808444551735704 -0.35652239555838605
FixedParameters: 0 0 0
#Transform 48
Transform: MatrixOffsetTransformBase_double_3_3
Parameters: 1.0000000618943012 0.0006778868973145712 0.0006137342538796442 -0.0006773414522288771 0.9999987542589716 -0.0013367722359804459 -0.0006145662908516869 0.0013368324774297332 0.9999989370808678 -0.0763557552600389 -0.059724501493093385 -0.42783249480490326
FixedParameters: 0 0 0
#Transform 49
Transform: MatrixOffsetTransformBase_double_3_3
Parameters: 0.9999997240480496 0.0003106470877492004 0.00042361622967077017 -0.0003100380349647307 0.9999993874514539 -0.0007186268829468012 -0.00042406218921367533 0.0007183638115595399 0.999999304123751 -0.016443860888131212 -0.10027794171793403 -0.29417265709868445
FixedParameters: 0 0 0
#Transform 50
Transform: MatrixOffsetTransformBase_double_3_3
Parameters: 0.9999995188467874 0.000456874831571565 0.0010822266730872304 -0.0004554688038154238 0.9999994556252867 -0.001156223475830211 -0.0010823018664426198 0.0011561286345446046 0.9999985932620521 -0.04644796495135495 -0.11115912839429143 -0.3583817744646183
FixedParameters: 0 0 0
#Transform 51
Transform: MatrixOffsetTransformBase_double_3_3
Parameters: 0.9999995178849768 0.0006091461790423424 -0.00009590257977899752 -0.000609327205017504 0.9999997314505207 -0.0009472434692745776 0.00009572738637998734 0.0009473592874159885 0.9999991952051056 -0.0450297165406397 -0.07803344094948272 -0.37663789055066843
FixedParameters: 0 0 0
#Transform 52
Transform: MatrixOffsetTransformBase_double_3_3
Parameters: 0.9999996121813556 0.0002661103176758331 0.00047544392678336433 -0.0002651153664404162 0.9999995989385254 -0.0011533300279363019 -0.00047528121050784133 0.0011540723506131706 0.9999995337889382 -0.022508136066676343 -0.11323854904698294 -0.31195929860764693
FixedParameters: 0 0 0
#Transform 53
Transform: MatrixOffsetTransformBase_double_3_3
Parameters: 0.9999991533726057 0.0006846016429125028 0.000526021531161755 -0.0006836575846426356 0.9999997279591862 -0.0008970247469591173 -0.0005262693326306689 0.0008963039128844424 0.9999990209282873 -0.05721154344590218 -0.08623951931298279 -0.5070326066960575
FixedParameters: 0 0 0
#Transform 54
Transform: MatrixOffsetTransformBase_double_3_3
Parameters: 0.9999996108108326 0.0002965602438857398 0.0011405912053094325 -0.00029557957361296 0.9999991627313174 -0.0008661585703158589 -0.0011411033481621286 0.0008653817606117808 0.9999989489598314 -0.017386355553554722 -0.09355732354627833 -0.35356190366184137
FixedParameters: 0 0 0
#Transform 55
Transform: MatrixOffsetTransformBase_double_3_3
Parameters: 0.9999998738914275 -0.000008706392103156687 0.00035501145221776553 0.000009262449658819487 0.9999993865627851 -0.0007831673228627799 -0.0003549973793835204 0.0007831737017225445 0.9999992606148806 -0.013968117178606576 -0.10281054264301304 -0.3060906966935306
FixedParameters: 0 0 0
#Transform 56
Transform: MatrixOffsetTransformBase_double_3_3
Parameters: 0.9999990135204255 0.00018240302027330304 0.000928671725503788 -0.00018225445496814643 0.9999995174842083 -0.0006703448225723604 -0.0009281401670205025 0.0006708998520587626 0.9999997791651491 -0.0407646499285903 -0.07897337583864328 -0.34298840873304925
FixedParameters: 0 0 0
#Transform 57
Transform: MatrixOffsetTransformBase_double_3_3
Parameters: 0.9999992467202934 0.0006804266756936683 0.00044564602404059683 -0.0006803553588466751 0.9999988241799217 -0.0013088067072711724 -0.00044665111468032703 0.0013090921405436234 0.9999991784396524 -0.060732092998250664 -0.07114104565295065 -0.5185383462709154
FixedParameters: 0 0 0
#Transform 58
Transform: MatrixOffsetTransformBase_double_3_3
Parameters: 0.9999998954364753 -0.0001348090869118391 0.00031111548427002755 0.0001354876615175048 0.9999997917124542 -0.0010908397661244555 -0.00031102415279411766 0.0010909238364066299 0.9999997027469381 -0.004815108736508478 -0.1356807342885702 -0.39339227986195624
FixedParameters: 0 0 0
#Transform 59
Transform: MatrixOffsetTransformBase_double_3_3
Parameters: 0.9999999892513776 -0.00010987061736336882 0.00009608672711006183 0.00010910573204044773 0.9999995549706493 -0.001197115995858172 -0.00009602761185520392 0.0011970347171750806 0.9999995473711595 -0.024588119850079693 -0.1304531455042337 -0.3617196055702294
FixedParameters: 0 0 0
#Transform 60
Transform: MatrixOffsetTransformBase_double_3_3
Parameters: 0.9999994624044383 0.00047153846684323104 -0.0004615512297444363 -0.0004721193856703594 0.999999380985592 -0.0006293785419723301 0.000461936173686589 0.0006298143747650893 0.9999994921664286 -0.035453521078380845 -0.07753002550074939 -0.4668281403336465
FixedParameters: 0 0 0
#Transform 61
Transform: MatrixOffsetTransformBase_double_3_3
Parameters: 0.9999997921532299 0.00003483701027005384 0.0004658376173114348 -0.000033678683030597615 0.9999994537726498 -0.0012430178020766916 -0.00046612631283594885 0.0012429858636943602 0.9999992273404884 0.0028039827608807855 -0.11849226396118695 -0.3106116663740863
FixedParameters: 0 0 0
#Transform 62
Transform: MatrixOffsetTransformBase_double_3_3
Parameters: 0.999999014064527 0.00019637473846578513 0.0009255252751200482 -0.00019490205476807007 0.9999991848929395 -0.0013331906507849235 -0.0009252707785301073 0.0013327263558437093 0.9999984582087544 -0.021245440023193396 -0.08695280616709056 -0.4862478024208201
FixedParameters: 0 0 0
#Transform 63
Transform: MatrixOffsetTransformBase_double_3_3
Parameters: 0.9999995053712655 0.0005901089411243655 -0.0003827011087877419 -0.0005905192558106351 0.9999992015414438 -0.0006706990796899806 0.0003819095296925673 0.0006701556873286404 0.9999994048843214 -0.037351713266190245 -0.08379557207194921 -0.5476331387664146
FixedParameters: 0 0 0
#Transform 64
Transform: MatrixOffsetTransformBase_double_3_3
Parameters: 0.9999997851459677 0.00027807709813389744 0.00018959940125082286 -0.0002777410273346639 0.9999991376480519 -0.000886121461233299 -0.00018911282630131032 0.000886016318481137 0.9999992807906545 0.0019202049558373346 -0.140297227204897 -0.5018383411379261
FixedParameters: 0 0 0
#Transform 65
Transform: MatrixOffsetTransformBase_double_3_3
Parameters: 0.9999999016571077 0.000019669219378868943 0.0003129797690994418 -0.00001934641177399778 0.999999733688808 -0.000515690647700611 -0.0003129998887267671 0.0005156784360660641 0.9999996361063496 0.02446863259866916 -0.15168297242787787 -0.3246028983659812
FixedParameters: 0 0 0
#Transform 66
Transform: MatrixOffsetTransformBase_double_3_3
Parameters: 0.9999998987325259 0.00030506883095403553 0.00009055698805479628 -0.00030489893851263876 0.999999032570273 -0.0009351285690508193 -0.00009112736996247373 0.0009350731576664644 0.9999991173331045 -0.00408165959780149 -0.10863440799084856 -0.5045935830977442
FixedParameters: 0 0 0
#Transform 67
Transform: MatrixOffsetTransformBase_double_3_3
Parameters: 0.9999999238235313 6.996954492783123e-7 -0.00027600097592532513 -8.786293641630129e-8 0.9999995188411134 -0.0006936429155570707 0.000275999915064995 0.000693745434604509 0.9999994425594048 -0.0022383469080153873 -0.0732162589966947 -0.5138340596855926
FixedParameters: 0 0 0
#Transform 68
Transform: MatrixOffsetTransformBase_double_3_3
Parameters: 0.9999998449945635 0.00037061313157115577 -0.00016778289638955113 -0.0003710545813559211 0.9999991204223221 -0.001319808825747827 0.00016660045927972822 0.0013199328151931814 0.9999992195217926 0.027777264603216167 -0.12805581971223035 -0.3588853828575225
FixedParameters: 0 0 0
#Transform 69
Transform: MatrixOffsetTransformBase_double_3_3
Parameters: 0.9999995127823426 0.0004916497152720625 0.0003930067207324611 -0.0004907477174883843 0.9999991299722165 -0.0012761227042156643 -0.00039348508825108597 0.0012767312269816493 0.9999993068761112 0.02649804687213475 -0.11710691571921927 -0.47552336295443354
FixedParameters: 0 0 0
#Transform 70
Transform: MatrixOffsetTransformBase_double_3_3
Parameters: 0.9999999520106658 0.00021212100757493564 0.00005471807856730071 -0.00021203187174937863 0.9999992957564549 -0.0008119640049349787 -0.000055062470721886636 0.0008119407226470272 0.9999993377198799 0.011190861256721973 -0.0838068868608417 -0.4977049140130845
FixedParameters: 0 0 0
#Transform 71
Transform: MatrixOffsetTransformBase_double_3_3
Parameters: 0.9999995101186003 0.0005165500822197483 0.0010591589100074766 -0.0005152278756922179 0.9999995381557835 -0.001094055141540288 -0.001059307532501469 0.001092860049891316 0.9999987841912366 0.038214199285420136 -0.1294145451422679 -0.34013036616633485
FixedParameters: 0 0 0
#Transform 72
Transform: MatrixOffsetTransformBase_double_3_3
Parameters: 0.9999999013362114 -0.00006239704361365225 -0.00005799838980918848 0.00006323907550230033 0.9999992814547702 -0.0013093997421248966 0.000058937928265404005 0.0013094947929251492 0.9999993731761317 0.010840570854341536 -0.12632305265003652 -0.42281533595173926
FixedParameters: 0 0 0
#Transform 73
Transform: MatrixOffsetTransformBase_double_3_3
Parameters: 0.9999999661108576 0.0000060378277757248405 -0.00018400709667558413 -0.0000052796893605241 0.999999586621053 -0.0006429096150844231 0.00018399930545449916 0.0006430139992346877 0.9999995526901371 0.00979500738429806 -0.08491977016352337 -0.4962903071238003
FixedParameters: 0 0 0
#Transform 74
Transform: MatrixOffsetTransformBase_double_3_3
Parameters: 0.9999998830392599 -0.0000785256256438073 -0.00013895690204103472 0.00007911226527831071 0.9999988487034839 -0.001464588023277061 0.00013996280761278956 0.0014646684354689056 0.9999989266608018 0.07113196561708435 -0.1359103237899575 -0.3706029234365644
FixedParameters: 0 0 0
#Transform 75
Transform: MatrixOffsetTransformBase_double_3_3
Parameters: 0.9999997276857674 -0.0000835199661436208 0.0005250697401875531 0.0000851226634355051 0.9999986631329478 -0.0015263089723962394 -0.0005250158618361478 0.0015263975059942175 0.9999983841061029 0.023882488149752135 -0.11050032858426562 -0.4705327410073181
FixedParameters: 0 0 0
#Transform 76
Transform: MatrixOffsetTransformBase_double_3_3
Parameters: 0.999999756626289 -0.00009793852957113096 0.000494112938184868 0.00009958520625465276 0.9999982126436089 -0.00166656389512967 -0.0004939872722602295 0.0016666614707958709 0.9999979678450404 0.010696053910621117 -0.08199894449141709 -0.42969110029771684
FixedParameters: 0 0 0
#Transform 77
Transform: MatrixOffsetTransformBase_double_3_3
Parameters: 0.9999995791041302 0.00007980091601537641 0.0006517534575658512 -0.00007909030856708469 0.9999992828873606 -0.0013080583809272441 -0.0006521642961853924 0.0013078524770879364 0.9999988537877148 0.013461710402253857 -0.12276224337625763 -0.3214746250558136
FixedParameters: 0 0 0
#Transform 78
Transform: MatrixOffsetTransformBase_double_3_3
Parameters: 0.9999998002292964 0.00012102645685592831 0.00030667536882575397 -0.00012036695311972069 0.9999994425138233 -0.001241889532023458 -0.00030619967189939035 0.0012428104075898872 0.9999994534477573 0.015493688488348312 -0.10691667190278054 -0.448716743322052
FixedParameters: 0 0 0
#Transform 79
Transform: MatrixOffsetTransformBase_double_3_3
Parameters: 0.9999996027855169 0.0004749963673897947 -0.00028305963843876236 -0.0004757282689998531 0.9999985952676773 -0.0014762513873468471 0.0002824319589900398 0.0014755255418946577 0.9999988336204636 0.005402933019325928 -0.10747419644484069 -0.464611615339237
FixedParameters: 0 0 0
#Transform 80
Transform: MatrixOffsetTransformBase_double_3_3
Parameters: 0.9999996281696802 0.0003376592427208018 0.0004327511159157582 -0.00033670272670998833 0.9999978179699616 -0.0022514820664002637 -0.00043390030724939355 0.0022510876172986407 0.9999978143633317 0.003521219362724537 -0.1520172807328919 -0.31350557522466715
FixedParameters: 0 0 0
#Transform 81
Transform: MatrixOffsetTransformBase_double_3_3
Parameters: 0.9999999345758702 -0.00011536549510307196 0.00027006822444462786 0.00011635464423084282 0.9999986312877684 -0.0018317131980553954 -0.00027005083315703726 0.001831775754377242 0.9999985508472199 0.014753352185863378 -0.11506808772476518 -0.6119440630261437
FixedParameters: 0 0 0
#Transform 82
Transform: MatrixOffsetTransformBase_double_3_3
Parameters: 0.9999998551456051 0.00019522819578929876 -0.00016066933450903376 -0.00019581008782461757 0.9999986765383319 -0.0018124899734208973 0.00016053257709597313 0.0018125528575826592 0.9999987698072944 0.05565556139534067 -0.12287911161581633 -0.41247236748638727
FixedParameters: 0 0 0
#Transform 83
Transform: MatrixOffsetTransformBase_double_3_3
Parameters: 0.9999999972917964 -0.00006962476311972337 -0.00009096993773674567 0.00007036851601783893 0.9999990932921322 -0.0013790348930091461 0.00009095895477075067 0.0013791244494360778 0.9999990793455797 0.06592971737906339 -0.12097095734638685 -0.43990462675630226
FixedParameters: 0 0 0
#Transform 84
Transform: MatrixOffsetTransformBase_double_3_3
Parameters: 0.9999998739383275 0.00018927676348323957 0.00014113894394052195 -0.00018860725055499023 0.9999973628371035 -0.002366766703132849 -0.00014166482100126665 0.002366713341493794 0.9999974489095792 0.024846353243930253 -0.09379749382678426 -0.6244736166389231
FixedParameters: 0 0 0
#Transform 85
Transform: MatrixOffsetTransformBase_double_3_3
Parameters: 0.9999995630023728 0.0005379971974517478 -0.00023804034745443514 -0.0005374736716412923 0.9999992538768355 -0.0012071748382274008 0.00023751737865894407 0.001206538204481169 0.9999995787203962 0.03575225553368 -0.12272472473178198 -0.4797937289476266
FixedParameters: 0 0 0
#Transform 86
Transform: MatrixOffsetTransformBase_double_3_3
Parameters: 0.9999993233629532 -0.00030384885916517673 0.0007715101736745222 0.0003041629960157503 0.999998676347307 -0.0014935629035760796 -0.0007708044893627308 0.0014938271622581306 0.9999981638280951 0.013441868370648535 -0.16268365159598375 -0.44135144179773533
FixedParameters: 0 0 0
#Transform 87
Transform: MatrixOffsetTransformBase_double_3_3
Parameters: 0.9999991150864709 0.0003264471208966539 0.0008350508082991537 -0.00032563009953166886 0.9999988632157238 -0.0017408228574864611 -0.0008356129497942705 0.0017410683886764835 0.999998351752569 -0.017002347354605263 -0.12073956719640933 -0.5900778245365501
FixedParameters: 0 0 0
#Transform 88
Transform: MatrixOffsetTransformBase_double_3_3
Parameters: 0.9999998904559678 -0.00021409715404948528 0.0002722446200316142 0.00021469504846191882 0.9999997466332623 -0.0010987599584031333 -0.000271976985600178 0.0010988766266505092 0.9999997080885822 0.009492919970995217 -0.1599695228874367 -0.42938654232598594
FixedParameters: 0 0 0
#Transform 89
Transform: MatrixOffsetTransformBase_double_3_3
Parameters: 0.9999998564493551 0.00019307614992203353 0.00034153948315623905 -0.00019225936271079973 0.9999991563984124 -0.0013438134788033862 -0.0003422609460454473 0.0013446764739170195 0.9999990651284959 0.007103939088864308 -0.14687380745048983 -0.48491601410256635
FixedParameters: 0 0 0
#Transform 90
Transform: MatrixOffsetTransformBase_double_3_3
Parameters: 0.9999991986469844 0.0007380958670640653 -0.0002527264429203757 -0.0007378331351428091 0.999998716944697 -0.0016549509268300767 0.0002520382747420863 0.0016544301382855247 0.9999983918280425 -0.019259059497130693 -0.10437995442005388 -0.46532346105021816
FixedParameters: 0 0 0
#Transform 91
Transform: MatrixOffsetTransformBase_double_3_3
Parameters: 0.9999999295088086 0.00026339243411908355 -0.000033401289155798874 -0.00026345912047568196 0.9999999181077641 -0.0010062217168127603 0.00003287115529242157 0.0010062381398793841 0.9999989864035268 -0.006582705513039855 -0.11491956005858128 -0.4506710608725797
FixedParameters: 0 0 0
#Transform 92
Transform: MatrixOffsetTransformBase_double_3_3
Parameters: 0.9999995741224302 0.00019863505127429862 0.0005434585673460141 -0.00019783847850475273 0.9999982450845724 -0.0016480547052576692 -0.0005433358623623263 0.001647737054627772 0.9999980805061748 -0.006004590704932866 -0.14142447503481037 -0.3751947642239628
FixedParameters: 0 0 0
#Transform 93
Transform: MatrixOffsetTransformBase_double_3_3
Parameters: 0.9999997650346066 0.0002316881420498325 0.00044920100150237785 -0.0002309328526834025 0.9999977077107707 -0.0020585992428169123 -0.0004505600068521326 0.002059283546493561 0.9999975369681449 -0.012593147222318635 -0.09616155153101147 -0.6017761354727753
FixedParameters: 0 0 0
#Transform 94
Transform: MatrixOffsetTransformBase_double_3_3
Parameters: 0.9999998605444705 0.00020958472172566926 0.0003254683811982628 -0.00020858340657835457 0.999998595655492 -0.0015365009004398313 -0.00032631439979195764 0.001536364611223673 0.9999985227002985 0.014452352154563641 -0.1240283174311827 -0.5026330913364347
FixedParameters: 0 0 0
#Transform 95
Transform: MatrixOffsetTransformBase_double_3_3
Parameters: 0.9999995384457154 0.00029855910172830574 0.0005303137795908824 -0.0002980601320969622 0.9999989288420619 -0.0014080854863554185 -0.000530377693243142 0.0014076668636232386 0.9999988279686107 0.027202876535014298 -0.1628653063081913 -0.3800936702314175
FixedParameters: 0 0 0
#Transform 96
Transform: MatrixOffsetTransformBase_double_3_3
Parameters: 0.9999999864173336 0.0001639302886730888 0.0009464786191404201 -0.00016213920534027077 0.9999979848751489 -0.0019973626346544743 -0.000946353247217438 0.0019968495274147275 0.9999972072615577 -0.019751368917155787 -0.125338125064701 -0.6278061359195419
FixedParameters: 0 0 0
#Transform 97
Transform: MatrixOffsetTransformBase_double_3_3
Parameters: 0.9999998249518028 0.0009025395468141993 0.00039588962690442764 -0.0009022086767602706 0.999997948939084 -0.0017991447407658722 -0.0003971780874748865 0.0017993207224036413 0.9999978085868095 -0.01574757888712952 -0.14558773756401422 -0.5939496851347599
FixedParameters: 0 0 0
#Transform 98
Transform: MatrixOffsetTransformBase_double_3_3
Parameters: 0.9999997667379712 0.00028348897785774414 0.00022661217581995685 -0.0002831198592832106 0.9999992567479996 -0.0008143062611742395 -0.00022609446446268666 0.000814178112207353 0.9999993875384361 0.01323767267577125 -0.1577650586107353 -0.5004802425663257
FixedParameters: 0 0 0
#Transform 99
Transform: MatrixOffsetTransformBase_double_3_3
Parameters: 0.9999994241927069 0.00004812008721388225 0.0012178034286617623 -0.000046959370502790444 0.9999993242672723 -0.001293746680667205 -0.0012171498537577458 0.0012934274483092046 0.9999989357875867 -0.008878138391040125 -0.15311589420366545 -0.463165215866681
FixedParameters: 0 0 0
#Transform 100
Transform: MatrixOffsetTransformBase_double_3_3
Parameters: 0.9999996643703567 0.00037314960510965826 0.00109813145615828 -0.000371743567564938 0.9999984736847451 -0.0015456617259885712 -0.0010994849321962485 0.0015446396489165485 0.9999983947661268 -0.01759584824642957 -0.1122843943454086 -0.5963321377412711
FixedParameters: 0 0 0
#Transform 101
Transform: MatrixOffsetTransformBase_double_3_3
Parameters: 0.9999984667592785 0.00023887047581287315 0.0015445335155689355 -0.00023795368679661825 0.9999989950517311 -0.0009738905465642592 -0.0015442212827899426 0.0009739464617114695 0.9999987572685585 0.0008965578420827569 -0.1566625371053476 -0.3471735203965238
FixedParameters: 0 0 0
#Transform 102
Transform: MatrixOffsetTransformBase_double_3_3
Parameters: 1.0000000275950316 0.0005683223494110245 0.0007401426554748958 -0.0005678729051169544 0.9999997262064595 -0.0009756672752909976 -0.0007402710839955196 0.0009747240581731386 0.9999996029053717 0.008217151191217908 -0.14005965226543537 -0.4560207819593245
FixedParameters: 0 0 0
#Transform 103
Transform: MatrixOffsetTransformBase_double_3_3
Parameters: 0.9999997920579144 0.0005219331579669451 0.0009129995053050316 -0.0005214983164635763 0.9999988153081701 -0.001383161922179911 -0.0009134625050292999 0.0013829992815311267 0.9999983544513541 0.031640694465849606 -0.10142766968708372 -0.46038925868226954
FixedParameters: 0 0 0
#Transform 104
Transform: MatrixOffsetTransformBase_double_3_3
Parameters: 0.9999981526344283 0.0006180158220647632 0.00154098726773709 -0.000616207362612732 0.9999997313366075 -0.0009429999535836115 -0.0015413744123077278 0.0009419913694188478 0.9999988272970511 -0.006057533205989785 -0.1385037731252936 -0.3326250147486576
FixedParameters: 0 0 0
#Transform 105
Transform: MatrixOffsetTransformBase_double_3_3
Parameters: 1.0000000868120216 0.0008691722054634814 0.00023522464675687638 -0.0008694517572363599 0.9999989524618855 -0.0015141197478290382 -0.0002368771028683908 0.0015136061120835068 0.9999987543162525 0.006625771537585479 -0.08403107332392779 -0.4744687682499915
FixedParameters: 0 0 0
#Transform 106
Transform: MatrixOffsetTransformBase_double_3_3
Parameters: 0.9999983090601032 0.00043488661041230127 0.0015815750345496565 -0.0004344299583495544 0.9999996005309524 -0.00045952798796120736 -0.001581973353502561 0.00045805165482641494 0.9999982875496135 -0.019489374278037985 -0.0835699633974798 -0.34159715190459394
FixedParameters: 0 0 0
#Transform 107
Transform: MatrixOffsetTransformBase_double_3_3
Parameters: 0.9999995609359089 0.00016075853172381788 0.000642822894749831 -0.00016000704017802664 0.9999996327077306 -0.0005845424612031643 -0.0006430103626365175 0.000584336235223193 0.9999992450875792 -0.007572305688441361 -0.07378888696345598 -0.29633719748458986
FixedParameters: 0 0 0
#Transform 108
Transform: MatrixOffsetTransformBase_double_3_3
Parameters: 0.9999990467789643 0.0003379641180993707 0.0013222557482320263 -0.0003354613536035477 0.9999990347173785 -0.0013610155587002954 -0.001322396185653843 0.0013610186498549852 0.9999984899195048 -0.026485450300711477 -0.11368173106649238 -0.2829554693862377
FixedParameters: 0 0 0
#Transform 109
Transform: MatrixOffsetTransformBase_double_3_3
Parameters: 0.9999985375884008 0.000719600275917875 0.0013944579072722174 -0.000719043605672811 0.9999994272743075 -0.00023675884000473878 -0.0013947977389345556 0.0002357482514998764 0.9999989986794888 -0.006028020628903619 -0.08364193437245149 -0.5058141830073595
FixedParameters: 0 0 0
#Transform 110
Transform: MatrixOffsetTransformBase_double_3_3
Parameters: 0.9999989374251912 0.000845545639950122 0.0004963347570245275 -0.0008452903470456365 0.9999992193167798 -0.0002572286182614074 -0.0004957899113967462 0.0002563899616795279 0.999999789735698 -0.005290296244083947 -0.1255242040028577 -0.4499781344935485
FixedParameters: 0 0 0
#Transform 111
Transform: MatrixOffsetTransformBase_double_3_3
Parameters: 0.999999673965908 0.00020652357119701502 0.0011328653195919053 -0.0002062068480240969 0.9999999378738019 -0.00014001827206607589 -0.0011329230126942008 0.00013955172609336384 0.9999996970100232 -0.05300771684299832 -0.14980966149174435 -0.27325847360019395
FixedParameters: 0 0 0
#Transform 112
Transform: MatrixOffsetTransformBase_double_3_3
Parameters: 0.9999989550316651 0.0007586141229247763 0.000685124879427193 -0.0007578438238942079 1.0000000206353536 -0.0006363935487799354 -0.0006860898553983502 0.0006363475707680902 0.9999991244595619 -0.06512814319067672 -0.0899385642794357 -0.4824579532183293
FixedParameters: 0 0 0
#Transform 113
Transform: MatrixOffsetTransformBase_double_3_3
